    unsorted:	 1.672520333e-06 1.877301389e-06 3.362775966e-05 0.0008999889959 0.003000784523 2379.207019 69.51454347 19.91349176 93.67557246 163.3505547 689.0762831 382.3756011 517.7822925 852.6990638 912.5203633 971.0800316 1105.718538 1155.401564 1298.321765 1573.020188 1798.133597 2022.103582 2207.713042 2409.345057 2657.941665 2866.111695 2985.802023 3288.903157 3613.162984 4009.307546 4620.850436 4661.733408 5082.302796 5105.046079 5658.613375 6261.779081 6629.764339 358189.0762 356693.1327 366649.1863 331728.6541 386600.9151 313203.2213 304712.3352 404569.6515 423399.6060 441407.9227 196526.3601 486536.9630 517922.9747 557103.4288 664343.0054 744326.1126 797202.5710 933761.5400 1132728.963 1325604.213 1675696.119 1794169.763 2222066.649 2312204.871 2597022.891 32782703.04 755.0903230
      sorted:	 1.672520333e-06 1.877301389e-06 3.362775966e-05 0.0008999889959 0.003000784523 19.91349176 69.51454347 93.67557246 163.3505547 382.3756011 517.7822925 689.0762831 755.0903230 852.6990638 912.5203633 971.0800316 1105.718538 1155.401564 1298.321765 1573.020188 1798.133597 2022.103582 2207.713042 2379.207019 2409.345057 2657.941665 2866.111695 2985.802023 3288.903157 3613.162984 4009.307546 4620.850436 4661.733408 5082.302796 5105.046079 5658.613375 6261.779081 6629.764339 196526.3601 304712.3352 313203.2213 331728.6541 356693.1327 358189.0762 366649.1863 386600.9151 404569.6515 423399.6060 441407.9227 486536.9630 517922.9747 557103.4288 664343.0054 744326.1126 797202.5710 933761.5400 1132728.963 1325604.213 1675696.119 1794169.763 2222066.649 2312204.871 2597022.891 32782703.04
