    unsorted:	 1.530128497e-06 0.0003117844642 0.0009000152329 0.1476085979 26.56782609 47.90805634 83.96278497 323.6284931 791.0013390 712.1646164 992.1153810 1242.231227 1316.164967 1489.450189 2002.035269 2921.451525 2465.427593 2582.995879 3205.788275 3719.698701 4036.311041 4455.563854 5583.822547 6292.687745 7223.412698 8750.495793 11112.17852 12315.33958 13905.61635 16228.30355 17912.92598 19617.75294 20410.29360 22570.17313 25722.71710 26529.97693 28459.54377 34669.10180 34872.25760 39166.20973 196248.9750 287910.9383 386094.3417 397467.6902 361727.3075 432160.8384 451137.5678 502335.7208 530916.1659 566757.5843 593467.4160 691698.9543 771721.1632 875377.1022 1013484.999 1175851.759 1277910.136 1424383.669 1695277.205 1804885.635 2058269.849 2195699.803 2327817.710 2387096.622 2665865.780 31655577.35
      sorted:	 1.530128497e-06 0.0003117844642 0.0009000152329 0.1476085979 26.56782609 47.90805634 83.96278497 323.6284931 712.1646164 791.0013390 992.1153810 1242.231227 1316.164967 1489.450189 2002.035269 2465.427593 2582.995879 2921.451525 3205.788275 3719.698701 4036.311041 4455.563854 5583.822547 6292.687745 7223.412698 8750.495793 11112.17852 12315.33958 13905.61635 16228.30355 17912.92598 19617.75294 20410.29360 22570.17313 25722.71710 26529.97693 28459.54377 34669.10180 34872.25760 39166.20973 196248.9750 287910.9383 361727.3075 386094.3417 397467.6902 432160.8384 451137.5678 502335.7208 530916.1659 566757.5843 593467.4160 691698.9543 771721.1632 875377.1022 1013484.999 1175851.759 1277910.136 1424383.669 1695277.205 1804885.635 2058269.849 2195699.803 2327817.710 2387096.622 2665865.780 31655577.35
