years
 1997 1998 1999 2000 2001 2002 2003 2004 2005 2006 2007 2008 2009 2010 2011 2012 2013 2014 2015 2016 2017 2018 2019 2020
reclasobs
 0 0 0 370054 412103 1.49427e+06 250295 1.28982e+06 931140 785840 897777 1.04006e+06 184774 17550 25797 100020 73551 82996 120727 218422 84188 347160 605670 569463
reclaspred
 380790 105006 326799 242916 359943 429517 941778 633143 708414 641609 505407 340215 208059 97131.5 69003.7 71068.7 89903.7 121492 127036 186125 272742 251850 438164 506180
pelacesobs
 0 0 0 0 0 0 0 0 0 2.06254e+06 1.5e+06 0 1.87456e+06 323000 250000 174000 83755 137374 0 501740 490994 745055 786931 1.00524e+06
pelacespred
 1.09735e+06 269516 518188 582281 737224 738781 1.83165e+06 1.54131e+06 1.525e+06 1.39616e+06 992546 689526 420136 164400 114644 126033 166276 226981 245295 348135 565548 509811 701295 959824
mphobs
 0 0 0 0 0 112323 0 153150 637223 0 255016 313432 73983 77613 109348 50772 0 0 0 0 0 0 0 0
mphpred
 140205 85871.4 106302 133071 142416 223901 337911 396592 343016 347626 325120 229562 141994 74813.8 36457.3 31724.1 38787.7 53918.7 65951.7 75410.8 115590 137958 175118 245327
desembarqueobs
 350755 77701 442110 56441 14545 235359 269955 359681 431902 328805 639364 411747 362871 311530 167758 66681 60226 58785 57116 71774 51957 67425 138520 160799
desembarquepred
 350760 77700.8 442105 56442 14545.1 235391 269979 359680 431927 328823 639563 411984 363194 311962 167797 66691.8 60243.7 58786.1 57112.5 71772.9 51957.2 67419.7 138518 160799
Reclutas
 52093.6 67285.8 41085.9 67266.9 115059 82762.2 129899 125984 150891 147417 68662.7 40735.8 42286.2 23446.8 18500.9 23025.8 19208.7 20703.8 23698.8 44614.9 55967.9 72936.8 115251 107896
log_desv_Rt
 -0.0695517 0.186356 -0.306927 0.186075 0.722849 0.393378 0.844165 0.813559 0.993963 0.970675 0.206614 -0.315485 -0.278132 -0.867859 -1.10478 -0.885976 -1.06723 -0.992278 -0.85717 -0.224526 0.00218575 0.267 0.724515 0.658579
SSB
 702709 430390 532790 666956 713792 1.1222e+06 1.69362e+06 1.98773e+06 1.71921e+06 1.74231e+06 1.62951e+06 1.15057e+06 711680 374969 182725 159002 194405 270242 330551 377961 579342 691450 877695 1.22958e+06
BT
 2.25239e+06 614108 1.17088e+06 1.10244e+06 1.33116e+06 1.50834e+06 3.46343e+06 3.1685e+06 3.12619e+06 2.81774e+06 2.35752e+06 1.61534e+06 1.11036e+06 595816 348713 280928 347188 453467 488612 681952 1.05496e+06 976023 1.35077e+06 1.85131e+06
Ftot
 0.42509 0.354321 0.516916 0.0982541 0.0189944 0.186018 0.116417 0.229636 0.254487 0.202427 0.418217 0.387097 0.611181 1.0746 1.00279 0.396819 0.283541 0.192123 0.16623 0.16923 0.0795369 0.101303 0.119377 0.119159
BD_Bspro_t
 0.947779 0.756531 0.717764 0.598323 0.727938 0.846349 0.81756 0.823708 0.777143 0.744447 0.710609 0.563693 0.451192 0.338487 0.220161 0.235179 0.350055 0.514646 0.61925 0.699619 0.7962 0.858054 0.864473 0.865718
BD_Bspro
 0.611611 0.374595 0.46372 0.580493 0.621257 0.976719 1.47406 1.73004 1.49633 1.51644 1.41826 1.00141 0.619419 0.326358 0.159037 0.138389 0.169203 0.235208 0.287699 0.328963 0.504237 0.601811 0.763912 1.07018
BD_Bo
 0.545665 0.334205 0.41372 0.517902 0.554271 0.871405 1.31512 1.5435 1.33499 1.35293 1.26534 0.893437 0.552631 0.291169 0.141889 0.123467 0.150959 0.209847 0.256678 0.293492 0.449868 0.536922 0.681544 0.954792
BD_Brms
 1.90984 1.16972 1.44803 1.81267 1.93996 3.04994 4.60295 5.4023 4.6725 4.7353 4.42872 3.12705 1.93422 1.0191 0.496614 0.432139 0.528358 0.73447 0.89838 1.02723 1.57455 1.87924 2.38542 3.34179
S_f
 0.19208 1 1 1 1
 0.19208 1 1 1 1
 0.19208 1 1 1 1
 0.19208 1 1 1 1
 0.19208 1 1 1 1
 0.19208 1 1 1 1
 0.19208 1 1 1 1
 0.19208 1 1 1 1
 0.19208 1 1 1 1
 0.19208 1 1 1 1
 0.19208 1 1 1 1
 0.19208 1 1 1 1
 0.19208 1 1 1 1
 0.19208 1 1 1 1
 0.19208 1 1 1 1
 0.19208 1 1 1 1
 0.19208 1 1 1 1
 0.19208 1 1 1 1
 0.19208 1 1 1 1
 0.19208 1 1 1 1
 0.19208 1 1 1 1
 0.19208 1 1 1 1
 0.19208 1 1 1 1
 0.19208 1 1 1 1
Scru_reclas
 1 1 1 1 1
 1 1 1 1 1
 1 1 1 1 1
 1 1 1 1 1
 1 1 1 1 1
 1 1 1 1 1
 1 1 1 1 1
 1 1 1 1 1
 1 1 1 1 1
 1 1 1 1 1
 1 1 1 1 1
 1 1 1 1 1
 1 1 1 1 1
 1 1 1 1 1
 1 1 1 1 1
 1 1 1 1 1
 1 1 1 1 1
 1 1 1 1 1
 1 1 1 1 1
 1 1 1 1 1
 1 1 1 1 1
 1 1 1 1 1
 1 1 1 1 1
 1 1 1 1 1
Scru_pelaces
 1 1 1 1 1
 1 1 1 1 1
 1 1 1 1 1
 1 1 1 1 1
 1 1 1 1 1
 1 1 1 1 1
 1 1 1 1 1
 1 1 1 1 1
 1 1 1 1 1
 1 1 1 1 1
 1 1 1 1 1
 1 1 1 1 1
 1 1 1 1 1
 1 1 1 1 1
 1 1 1 1 1
 1 1 1 1 1
 1 1 1 1 1
 1 1 1 1 1
 1 1 1 1 1
 1 1 1 1 1
 1 1 1 1 1
 1 1 1 1 1
 1 1 1 1 1
 1 1 1 1 1
pf_obs 
 0.256992 0.487395 0.22802 0.0275931 0
 0.321318 0.546541 0.124235 0.00734118 0.000564706
 0.182869 0.594174 0.210203 0.0122559 0.00049798
 0.330522 0.361315 0.267642 0.0388342 0.00168674
 0.649043 0.306663 0.0425973 0.00169635 0
 0.582887 0.30429 0.105238 0.00758474 0
 0.465427 0.430635 0.0974691 0.00646863 0
 0.296916 0.608066 0.0921331 0.00288517 0
 0.311714 0.524322 0.152257 0.0117073 0
 0.15457 0.633149 0.183074 0.0267441 0.00246327
 0.131901 0.49318 0.331252 0.0422183 0.00144891
 0.196976 0.569456 0.194076 0.0375587 0.00193317
 0.518974 0.381816 0.0799577 0.0180837 0.00116848
 0.0928022 0.601141 0.25162 0.0475244 0.00691264
 0.122501 0.610282 0.24278 0.0234846 0.000952079
 0.383417 0.481906 0.127806 0.00687128 0
 0.0376549 0.599619 0.316969 0.0457579 0
 0.0361596 0.667082 0.258105 0.0386534 0
 0.158088 0.579412 0.248529 0.0139706 0
 0.0477256 0.309471 0.559284 0.082774 0.000745712
 0.0406174 0.521527 0.379366 0.0568643 0.0016247
 0.151134 0.462217 0.34131 0.0453401 0
 0.294876 0.26143 0.354403 0.0886775 0.000613685
 0.281977 0.475581 0.204845 0.0348837 0.00271318
pf_pred 
 0.341315 0.4636 0.174342 0.0207329 1.08243e-05
 0.319523 0.52187 0.111631 0.0419803 0.00499494
 0.182633 0.606808 0.161482 0.034542 0.0145355
 0.301946 0.416998 0.208654 0.0555263 0.0168756
 0.322706 0.475406 0.120602 0.060346 0.0209397
 0.175546 0.589025 0.165253 0.0419217 0.0282552
 0.263912 0.402577 0.238274 0.0668485 0.0283882
 0.21603 0.519845 0.144454 0.085498 0.034173
 0.245302 0.463793 0.192897 0.0536018 0.0444058
 0.218246 0.512428 0.165512 0.0688383 0.0349756
 0.117206 0.54258 0.223006 0.0720297 0.0451792
 0.114752 0.404202 0.295659 0.121519 0.0638687
 0.191624 0.361308 0.20413 0.149314 0.0936242
 0.174218 0.514054 0.139329 0.078717 0.0936823
 0.251598 0.48694 0.162761 0.0441147 0.0545857
 0.331175 0.495432 0.112817 0.0377094 0.0228674
 0.225102 0.585973 0.139946 0.0318678 0.0171114
 0.229575 0.487586 0.213882 0.0510808 0.0178775
 0.234434 0.481404 0.17984 0.0788877 0.0254345
 0.335321 0.420324 0.153656 0.0574018 0.0332978
 0.276011 0.535341 0.119296 0.0436103 0.0257423
 0.263077 0.49592 0.178206 0.0397115 0.0230863
 0.300393 0.462144 0.159803 0.0574241 0.0202356
 0.213478 0.552457 0.154618 0.0534645 0.0259823
pobs_RECLAS
 0 0 0 0 0
 0 0 0 0 0
 0 0 0 0 0
 0 0 0 0 0
 0.835266 0.146461 0.0176864 0.000547809 3.91292e-05
 0.385257 0.428462 0.181853 0.0044286 0
 0.867414 0.0963971 0.0333333 0.00285562 0
 0.441836 0.489002 0.0689373 0.000224442 0
 0.779404 0.147425 0.0564933 0.0165055 0.000172143
 0.814271 0.122319 0.05973 0.00367925 0
 0.40263 0.566651 0.0304383 0.000280538 0
 0.475488 0.404961 0.113038 0.00651328 0
 0.955842 0.0263864 0.0167828 0.000988607 0
 0.975058 0.0227948 0.00214734 0 0
 0.738997 0.206755 0.0527124 0.00153531 0
 0.850938 0.134255 0.0134407 0.00136685 0
 0.542534 0.407297 0.0501686 0 0
 0.764087 0.199537 0.0359546 0.000420521 0
 0.470689 0.182191 0.310203 0.0369168 0
 0.84361 0.089868 0.0606195 0.00523954 0.000663233
 0.607945 0.314616 0.071237 0.00620181 0
 0.523733 0.453247 0.0230204 0 0
 0.530135 0.295979 0.169645 0.0042399 0
 0.562478 0.366248 0.0663022 0.0049721 0
ppred_RECLAS
 0.734831 0.186633 0.0701855 0.00834651 4.35757e-06
 0.714087 0.219272 0.0469038 0.0176387 0.0020987
 0.546295 0.336828 0.0896353 0.0191736 0.00806836
 0.69355 0.183065 0.0916007 0.0243764 0.00740848
 0.712874 0.20154 0.051127 0.0255826 0.008877
 0.528237 0.337047 0.0945597 0.0239881 0.016168
 0.652508 0.190048 0.112484 0.0315578 0.0134015
 0.592348 0.270312 0.0751136 0.0444576 0.0177694
 0.631914 0.226204 0.094081 0.026143 0.0216579
 0.595075 0.265422 0.0857301 0.0356562 0.0181163
 0.415083 0.3595 0.147758 0.0477251 0.0299346
 0.408698 0.269987 0.197486 0.0811685 0.0426611
 0.562989 0.195324 0.110353 0.0807194 0.0506136
 0.546802 0.282118 0.076465 0.0432007 0.0514139
 0.655833 0.223929 0.074849 0.020287 0.0251023
 0.725442 0.203378 0.0463121 0.01548 0.00938724
 0.605884 0.298027 0.0711772 0.016208 0.00870289
 0.610532 0.246486 0.108122 0.0258225 0.00903749
 0.616626 0.241073 0.0900589 0.0395048 0.0127369
 0.726047 0.17324 0.0633305 0.0236587 0.013724
 0.66585 0.247081 0.0550598 0.0201279 0.0118811
 0.651342 0.234633 0.0843138 0.0187885 0.0109227
 0.692228 0.203307 0.0703007 0.0252621 0.00890209
 0.587075 0.290041 0.0811746 0.028069 0.0136408
pobs_PELACES
 0 0 0 0 0
 0 0 0 0 0
 0 0 0 0 0
 0 0 0 0 0
 0 0 0 0 0
 0 0 0 0 0
 0 0 0 0 0
 0 0 0 0 0
 0 0 0 0 0
 0 0 0 0 0
 0.450072 0.473896 0.0757376 0.000293798 0
 0 0 0 0 0
 0.463077 0.371075 0.160297 0.00555027 0
 0.529543 0.364841 0.0842815 0.0213345 0
 0.631943 0.363953 0.00410389 0 0
 0.735681 0.248677 0.0153453 0.000297389 0
 0.695825 0.281241 0.0229344 0 0
 0.275771 0.60734 0.115278 0.00161068 0
 0 0 0 0 0
 0.896147 0.0623911 0.0374545 0.00400742 0
 0.803859 0.145111 0.0509908 3.86294e-05 0
 0.739449 0.233085 0.0266225 0.000797448 4.60066e-05
 0.878498 0.100942 0.0204185 0.000141795 0
 0.694673 0.275183 0.0284847 0.00165964 0
ppred_PELACES
 0.75632 0.171508 0.0644977 0.00767013 4.00444e-06
 0.732978 0.204784 0.0438047 0.0164733 0.00196004
 0.580184 0.311669 0.0829401 0.0177414 0.00746571
 0.699089 0.179756 0.0899449 0.0239358 0.00727457
 0.713909 0.200813 0.0509426 0.0254903 0.00884499
 0.540576 0.328232 0.0920864 0.0233607 0.0157451
 0.659512 0.186218 0.110217 0.0309217 0.0131313
 0.607044 0.260567 0.0724057 0.0428549 0.0171288
 0.64755 0.216595 0.0900845 0.0250325 0.0207379
 0.60801 0.256943 0.0829915 0.0345171 0.0175376
 0.442384 0.34272 0.140861 0.0454975 0.0285373
 0.433854 0.258501 0.189084 0.0777153 0.0408462
 0.602586 0.177626 0.100354 0.0734056 0.0460276
 0.616392 0.238798 0.0647237 0.0365672 0.0435192
 0.713437 0.186449 0.0623213 0.0168915 0.0209008
 0.746005 0.188146 0.0428436 0.0143206 0.00868419
 0.623784 0.284492 0.0679445 0.0154719 0.00830763
 0.622641 0.238822 0.10476 0.0250197 0.00875651
 0.627047 0.23452 0.0876108 0.0384309 0.0123906
 0.734929 0.167623 0.0612772 0.0228916 0.013279
 0.670551 0.243605 0.0542851 0.0198447 0.0117139
 0.657451 0.230522 0.0828366 0.0184594 0.0107314
 0.698967 0.198855 0.0687614 0.024709 0.00870717
 0.594754 0.284647 0.0796649 0.027547 0.0133871
pobs_pel_tallas
 0 0 0 0 0 0 0 0 0 0 0 0 0 0 0 0 0 0 0 0 0 0 0 0 0 0 0 0 0 0 0 0 0 0 0 0
 0 0 0 0 0 0 0 0 0 0 0 0 0 0 0 0 0 0 0 0 0 0 0 0 0 0 0 0 0 0 0 0 0 0 0 0
 0 0 0 0 0 0 0 0 0 0 0 0 0 0 0 0 0 0 0 0 0 0 0 0 0 0 0 0 0 0 0 0 0 0 0 0
 0 0 0 0 0 0 0 0 0 0 0 0 0 0 0 0 0 0 0 0 0 0 0 0 0 0 0 0 0 0 0 0 0 0 0 0
 0 0 0 0 0 0 0 0 0 0 0 0 0 0 0 0 0 0 0 0 0 0 0 0 0 0 0 0 0 0 0 0 0 0 0 0
 0 0 0 0 0 0 0 0 0 0 0 0 0 0 0 0 0 0 0 0 0 0 0 0 0 0 0 0 0 0 0 0 0 0 0 0
 0 0 0 0 0 0 0 0 0 0 0 0 0 0 0 0 0 0 0 0 0 0 0 0 0 0 0 0 0 0 0 0 0 0 0 0
 0 0 0 0 0 0 0 0 0 0 0 0 0 0 0 0 0 0 0 0 0 0 0 0 0 0 0 0 0 0 0 0 0 0 0 0
 0 0 0 0 0 0 0 0 0 0 0 0 0 0 0 0 0 0 0 0 0 0 0 0 0 0 0 0 0 0 0 0 0 0 0 0
 0 0 0 0 0 0 0 0 0 0 0 0 0 0 0 0 0 0 0 0 0 0 0 0 0 0 0 0 0 0 0 0 0 0 0 0
 0 0 0 0 0 0 0 0 1.78061e-05 0.00172719 0.00360574 0.0105946 0.0120993 0.0124554 0.0147524 0.0171206 0.0266825 0.0428682 0.0675386 0.121331 0.153587 0.119568 0.100827 0.0573624 0.0630603 0.0341343 0.0324427 0.0444173 0.0211091 0.0280891 0.0125444 0.00206551 0 0 0 0
 0 0 0 0 0 0 0 0 0 0 0 0 0 0 0 0 0 0 0 0 0 0 0 0 0 0 0 0 0 0 0 0 0 0 0 0
 0 0 0 0 0 0 0.0133647 0.0140871 0.0187388 0.0205184 0.03894 0.0496705 0.03968 0.0493445 0.0407372 0.0367815 0.0215668 0.0243155 0.0234873 0.0199281 0.019796 0.0243948 0.0301388 0.0376714 0.0412746 0.0863199 0.0771752 0.113111 0.0741005 0.0525337 0.0229764 0.00759418 0.00175318 0 0 0
 0 0 0 0 0 0 0 0 0 0 0.00219441 0.00772107 0.0458388 0.0604681 0.0671733 0.0775358 0.0609151 0.0617685 0.073594 0.0568108 0.0755445 0.0548602 0.0670107 0.0636378 0.0643287 0.046367 0.0373049 0.0286899 0.0247887 0.0153202 0.00654259 0.00121912 0.000365735 0 0 0
 0 0 0 0 0 0 0 0 0 0 0 0 0.000112435 0.00938835 0.0111873 0.0202946 0.0414886 0.0713402 0.111592 0.104902 0.108894 0.110636 0.117776 0.105296 0.107544 0.0401394 0.0192827 0.0124803 0.00416011 0.0028671 0.000618394 0 0 0 0 0
 0 0 0 0 0 0 0 0 0 0 0.00291406 0.0102884 0.027416 0.0768956 0.0749926 0.110853 0.0956884 0.0897413 0.0766577 0.0534642 0.0500743 0.0551293 0.0594112 0.0620874 0.0668451 0.0424026 0.0208742 0.0120726 0.0048766 0.00582813 0.00118941 0.000297354 0 0 0 0
 0 0.00264628 0.0354308 0.0461629 0.0458689 0.0383711 0.0214643 0.0164657 0.0346957 0.0420465 0.0363128 0.0245516 0.0311673 0.0291091 0.0169068 0.0133784 0.00837989 0.0085269 0.0148486 0.0160247 0.0276389 0.0546898 0.0760071 0.122758 0.109233 0.0665981 0.0333725 0.0166128 0.00676272 0.00308733 0.000882094 0 0 0 0 0
 0 0 0 0 0 0 0 0.000805153 0.000690131 0.00759144 0.0133425 0.0154129 0.00931677 0.000345066 0.00356568 0.00563607 0.00851162 0.0253048 0.0502646 0.0516448 0.0657925 0.0565908 0.0611916 0.0827007 0.0866115 0.110766 0.145733 0.0935128 0.0569358 0.0249597 0.0138026 0.00621118 0.00161031 0.00115022 0 0
 0 0 0 0 0 0 0 0 0 0 0 0 0 0 0 0 0 0 0 0 0 0 0 0 0 0 0 0 0 0 0 0 0 0 0 0
 0.00147267 0.00158595 0.00478618 0.00569244 0.00954404 0.0108468 0.00647125 0.017049 0.0510054 0.094081 0.124002 0.0959785 0.0687766 0.0820023 0.061753 0.0591476 0.0492212 0.0479892 0.0443925 0.0268479 0.0217502 0.0140895 0.0121071 0.0120363 0.00920419 0.00665534 0.0049561 0.00860946 0.00930331 0.0156896 0.0114698 0.00855282 0.00243557 0.00046729 0 2.83206e-05
 0 0 0 0 0.000772559 0.00158375 0.000888443 0.00281984 0.00712685 0.0440552 0.0773331 0.111326 0.0921469 0.0852325 0.0710754 0.0886704 0.0786465 0.0553345 0.0373146 0.0185414 0.00753245 0.00457741 0.012979 0.0271748 0.0457355 0.0583668 0.034881 0.0177882 0.00938659 0.00492506 0.0015258 0.00185414 0.000309023 5.79419e-05 3.86279e-05 0
 0 0.00173294 0.00326652 0 0.00397197 0.00683976 0.00946217 0.0152591 0.00757587 0.0136028 0.0228656 0.0392903 0.0559909 0.0764795 0.0681675 0.0726916 0.0566044 0.0477403 0.0527397 0.0444891 0.0609904 0.0582453 0.0661739 0.0445044 0.0529084 0.0360697 0.0280645 0.0235558 0.0158879 0.00826598 0.00280645 0.00217768 0.000904811 0.00058276 9.20147e-05 0
 0 0 0 0 0 0 0 0 0 0 0 0 0 0 0 0 0 0 0 0 0 0 0 0 0 0 0 0 0 0 0 0 0 0 0 0
 0 0 0 0 0 0 0 0 0 0 0 0 0 0 0 0 0 0 0 0 0 0 0 0 0 0 0 0 0 0 0 0 0 0 0 0
ppred_pel_tallas
 1.01236e-16 3.29988e-05 0.000193677 0.000920656 0.00354458 0.0110534 0.0279201 0.0571283 0.0946964 0.127175 0.138391 0.12207 0.0873794 0.0509912 0.0247398 0.0108866 0.0058308 0.00533194 0.00678944 0.00905493 0.0116465 0.0142593 0.0166065 0.0184186 0.0194908 0.019726 0.0191523 0.0179069 0.016195 0.0142384 0.0122304 0.0103102 0.00855717 0.00700285 0.00564841 0.00448168
 1.01347e-16 3.19823e-05 0.000187706 0.000892263 0.00343525 0.0107125 0.0270589 0.0553665 0.0917772 0.123257 0.134137 0.118338 0.0847537 0.0495501 0.0242104 0.0109417 0.00626858 0.00608996 0.00788239 0.0105131 0.0134767 0.0164238 0.0190157 0.0209376 0.0219576 0.0219786 0.0210572 0.0193819 0.0172197 0.0148511 0.0125129 0.010366 0.00848998 0.00689936 0.00556891 0.00445824
 1.02238e-16 2.53242e-05 0.000148608 0.000706361 0.00271944 0.00848024 0.0214206 0.0438309 0.07266 0.0975969 0.106248 0.0938223 0.0673871 0.039784 0.0201614 0.0103367 0.00762931 0.00884485 0.011996 0.0161325 0.0207255 0.0253015 0.0293553 0.0324065 0.0340968 0.0342695 0.0329997 0.0305618 0.0273511 0.0237857 0.0202217 0.0169047 0.0139618 0.0114244 0.00926614 0.00743733
 1.02498e-16 3.05037e-05 0.000179028 0.000851008 0.00327641 0.0102172 0.0258078 0.0528064 0.0875332 0.117557 0.127931 0.112858 0.0808186 0.0472288 0.0230393 0.0103542 0.00586009 0.00565194 0.00733604 0.00985323 0.0127499 0.015725 0.0184846 0.0207461 0.0222869 0.0229881 0.0228538 0.0219958 0.0205941 0.0188475 0.0169314 0.0149746 0.0130565 0.0112194 0.00948545 0.0078708
 1.02078e-16 3.11506e-05 0.000182824 0.000869054 0.00334589 0.0104338 0.0263551 0.0539263 0.0893899 0.120052 0.130649 0.115263 0.0825554 0.0482735 0.0236032 0.0106966 0.00617151 0.00603753 0.00784107 0.0104832 0.0134757 0.0164813 0.0191715 0.0212383 0.0224517 0.0227097 0.0220562 0.0206607 0.0187673 0.0166329 0.0144736 0.0124353 0.0105905 0.00895449 0.00751019 0.00623094
 1.02953e-16 2.35978e-05 0.00013847 0.000658164 0.00253386 0.00790153 0.0199589 0.0408401 0.0677034 0.0909428 0.099014 0.0874568 0.062865 0.0372145 0.0190449 0.0100684 0.00780649 0.00929784 0.0126958 0.0171045 0.0220018 0.0268999 0.0312708 0.0346097 0.0365383 0.0368871 0.0357279 0.0333396 0.0301263 0.0265154 0.02287 0.0194395 0.0163524 0.0136411 0.0112815 0.00922958
 1.03302e-16 2.87782e-05 0.000168897 0.000802845 0.00309097 0.00963888 0.0243471 0.0498177 0.0825797 0.110906 0.120698 0.10649 0.0762832 0.0446301 0.0218689 0.00999521 0.00589507 0.00589547 0.00774586 0.0104484 0.0135681 0.0168053 0.0198594 0.0224368 0.0243007 0.0253163 0.0254706 0.0248583 0.0236437 0.0220117 0.0201281 0.0181171 0.0160607 0.0140104 0.012004 0.0100775
 1.03386e-16 2.64932e-05 0.000155476 0.000739024 0.00284522 0.0088725 0.0224114 0.0458576 0.0760179 0.102101 0.111137 0.0981022 0.0703813 0.0413912 0.0206799 0.0101209 0.00688274 0.00760611 0.0102145 0.0137461 0.0177133 0.0217166 0.0253389 0.0281826 0.0299472 0.0304943 0.029871 0.0282836 0.0260331 0.0234363 0.0207588 0.018179 0.0157853 0.0135979 0.0116012 0.00977211
 1.03179e-16 2.82578e-05 0.000165839 0.000788301 0.00303496 0.00946421 0.0239059 0.0489153 0.0810847 0.108901 0.118524 0.104589 0.0749602 0.0439338 0.0216719 0.0101467 0.00631234 0.00656861 0.00870137 0.0117116 0.0151366 0.0186329 0.0218514 0.0244564 0.0261875 0.0269129 0.0266505 0.0255485 0.0238352 0.0217569 0.0195258 0.0172909 0.0151362 0.0130964 0.0111808 0.00939335
 1.03268e-16 2.65353e-05 0.000155723 0.000740199 0.00284974 0.00888661 0.022447 0.0459305 0.0761386 0.102263 0.111312 0.0982552 0.0704871 0.0414455 0.0206925 0.0101034 0.00684141 0.00754178 0.0101258 0.0136329 0.0175794 0.0215703 0.0251933 0.0280537 0.0298512 0.0304433 0.0298703 0.0283292 0.0261121 0.0235292 0.0208435 0.018235 0.0157976 0.0135594 0.0115133 0.00964327
 1.05008e-16 1.93168e-05 0.000113336 0.000538668 0.00207377 0.00646674 0.0163347 0.033425 0.0554134 0.0744418 0.0810686 0.0716537 0.0516096 0.0307615 0.0161315 0.00916184 0.00786803 0.00986441 0.0136596 0.0185108 0.0239441 0.0294771 0.0345688 0.0386898 0.0414286 0.0425767 0.0421627 0.0404208 0.0377121 0.034426 0.0308976 0.0273622 0.0239522 0.0207224 0.0176878 0.0148549
 1.07348e-16 1.89415e-05 0.00011114 0.000528246 0.00203367 0.0063417 0.0160188 0.032778 0.0543387 0.0729919 0.0794734 0.0702054 0.0504831 0.0299238 0.0153904 0.00827182 0.00660038 0.00802971 0.0111168 0.0151891 0.0198765 0.0248316 0.0296589 0.0339539 0.0373755 0.039707 0.0408835 0.0409751 0.0401398 0.0385649 0.0364203 0.033837 0.0309115 0.0277248 0.0243635 0.0209312
 1.06156e-16 2.62955e-05 0.000154322 0.000733558 0.0028242 0.00880698 0.0222458 0.0455182 0.075453 0.101336 0.110286 0.0973099 0.0697225 0.0408226 0.0200619 0.00927123 0.00561493 0.00574786 0.00762521 0.0103463 0.0135232 0.0168888 0.0201721 0.0231041 0.0254625 0.0271117 0.0280189 0.0282398 0.027883 0.0270684 0.0258942 0.0244247 0.0226965 0.0207364 0.0185809 0.0162877
 1.04287e-16 2.68999e-05 0.000157865 0.000750389 0.00288899 0.00900899 0.0227561 0.0465628 0.0771861 0.103668 0.112836 0.0995876 0.0714152 0.0419353 0.0208332 0.01 0.00655005 0.00706515 0.00943774 0.0127036 0.0163942 0.0201421 0.023569 0.0263151 0.0281077 0.0288196 0.0284902 0.0272996 0.0255106 0.0233961 0.0211802 0.0190069 0.0169401 0.0149868 0.0131276 0.0113441
 1.02503e-16 3.11295e-05 0.000182701 0.000868473 0.00334366 0.0104269 0.0263375 0.0538901 0.0893296 0.11997 0.130557 0.115174 0.0824763 0.048196 0.0235074 0.0105562 0.00595851 0.00572475 0.00740607 0.00991392 0.0127769 0.0156804 0.0183201 0.020409 0.0217289 0.0221763 0.0217798 0.0206819 0.0190937 0.0172393 0.0153086 0.0134313 0.0116745 0.010058 0.00857575 0.00721579
 1.01568e-16 3.25496e-05 0.000191039 0.00090811 0.00349627 0.0109028 0.0275396 0.0563498 0.0934065 0.125444 0.136511 0.120422 0.086221 0.0503578 0.0245115 0.0109198 0.00603698 0.00568349 0.00729149 0.00971745 0.0124666 0.015212 0.0176427 0.0194696 0.0204794 0.0205809 0.0198229 0.0183736 0.0164728 0.0143719 0.0122825 0.0103476 0.00863724 0.00716379 0.00590532 0.00482802
 1.01978e-16 2.72242e-05 0.000159765 0.00075941 0.0029237 0.00911723 0.0230296 0.0471227 0.0781154 0.10492 0.114208 0.100821 0.0723482 0.0425809 0.0213346 0.0105389 0.00728717 0.00812656 0.0109158 0.0146504 0.018804 0.0229335 0.0265761 0.0292941 0.0307637 0.0308465 0.0296172 0.0273329 0.0243609 0.0210875 0.0178404 0.0148433 0.0122089 0.00996069 0.00806751 0.00647717
 1.02834e-16 2.71726e-05 0.000159466 0.000757997 0.00291828 0.00910033 0.0229868 0.0470349 0.0779686 0.104719 0.11398 0.100597 0.072139 0.0423602 0.0210447 0.0101032 0.00662202 0.00715006 0.00956065 0.0128822 0.0166428 0.0204706 0.0239791 0.026795 0.0286282 0.0293313 0.0289239 0.0275721 0.025533 0.0230873 0.0204798 0.0178874 0.0154142 0.0131082 0.0109852 0.00905031
 1.0322e-16 2.73645e-05 0.000160593 0.000763357 0.00293892 0.00916469 0.0231494 0.0473675 0.0785197 0.105459 0.114783 0.101302 0.0726357 0.0426341 0.0211474 0.0100967 0.00654361 0.00700976 0.00935201 0.0125934 0.0162638 0.019998 0.0234191 0.0261649 0.0279564 0.0286553 0.0282872 0.0270189 0.025104 0.0228145 0.0203831 0.0179719 0.0156698 0.0135107 0.0114995 0.00963498
 1.02332e-16 3.20659e-05 0.000188201 0.00089462 0.00344434 0.0107408 0.0271305 0.0555126 0.0920184 0.123578 0.134478 0.11862 0.084913 0.0495584 0.024057 0.0106083 0.0057157 0.0052619 0.00672377 0.00898986 0.0115967 0.0142527 0.0166833 0.018629 0.0198914 0.020373 0.0200937 0.0191748 0.0177995 0.0161633 0.0144333 0.012725 0.0111006 0.00958245 0.00817158 0.00686449
 1.0208e-16 2.92618e-05 0.000171731 0.000816307 0.00314278 0.00980044 0.0247552 0.0506532 0.0839661 0.112772 0.12274 0.108317 0.0776488 0.0455422 0.0225246 0.0106417 0.00674079 0.00708998 0.00938512 0.0125707 0.0161373 0.0196927 0.0228402 0.0252068 0.0265168 0.0266527 0.0256779 0.0238104 0.0213604 0.0186528 0.0159608 0.0134683 0.0112647 0.00936492 0.00773975 0.00634505
 1.02387e-16 2.86901e-05 0.000168376 0.000800357 0.00308138 0.00960895 0.0242715 0.0496634 0.0823252 0.110568 0.12034 0.106196 0.0761227 0.0446359 0.0220563 0.0103892 0.00654387 0.00686453 0.00909859 0.0122218 0.0157488 0.019311 0.0225332 0.0250576 0.0266111 0.0270636 0.0264503 0.0249497 0.0228289 0.020374 0.0178315 0.0153747 0.0130992 0.0110392 0.00919362 0.00754851
 1.02297e-16 3.04991e-05 0.000178999 0.000850869 0.00327587 0.0102155 0.0258035 0.0527978 0.0875194 0.11754 0.127917 0.112855 0.0808364 0.04728 0.0231397 0.0105254 0.00612954 0.00604924 0.00788649 0.010569 0.0136206 0.0167112 0.0195158 0.0217267 0.0231094 0.0235514 0.0230821 0.0218533 0.0200916 0.0180388 0.0159024 0.0138264 0.0118891 0.0101172 0.00850929 0.00705497
 1.02796e-16 2.59584e-05 0.000152333 0.000724079 0.00278767 0.00869302 0.021958 0.0449303 0.0744815 0.10004 0.1089 0.0961447 0.0690128 0.0406587 0.0204477 0.0102281 0.00723788 0.00819337 0.0110589 0.0148776 0.0191424 0.0234184 0.0272466 0.0301899 0.0319198 0.0322883 0.0313552 0.0293583 0.0266433 0.0235751 0.0204633 0.0175196 0.0148522 0.0124883 0.0104084 0.00857736
pSPR Fmed_Fpbrs
0.699406   0.335712 0.335712
Fs Fmed_Fpbrs
0.224773   1.005 1.005
SSBpbr Bo_Bmed_Bpbrs
1.2878e+06  836308  367941 367941
Ro
55845.7
SPR SPRFo_SPRFmed_SPRFpbrs
1.14895e+06 803581 385716
log_Ro
10.7503
likeval ReclasPelacesDesembMPH_pf_preclas_ppelaces_ptallas_desvR_qrecl_qpela
 64.1691 26.4597 0.0167647 0.000188738 287.913 171.401 80.8877 0 15.3712 8.00815e-05 0 0 0 0 0
q_reclas_q_pelaces
0.28137 1
M
0.7
N
 52093.6 15709.5 5907.73 702.552 0.366791
 67285.8 23840.6 5099.66 1917.79 228.184
 41085.9 31214.7 8306.75 1776.87 747.718
 67266.9 18474.2 9244 2459.98 747.636
 115059 32779.2 8315.51 4160.86 1443.79
 82762.2 56928.3 15971.4 4051.67 2730.82
 129899 39655.9 23471.2 6584.93 2796.38
 125984 63079.6 17528.4 10374.6 4146.65
 150891 59862.1 24897.3 6918.42 5731.49
 147417 71355.5 23047.5 9585.72 4870.34
 68662.7 70413.6 28940.6 9347.69 5863.14
 40735.8 31465 23015.5 9459.6 4971.84
 42286.2 18779.3 10609.8 7760.7 4866.2
 23446.8 18672.8 5061.05 2859.36 3402.97
 18500.9 9471.86 3166 858.111 1061.79
 23025.8 7577.64 1725.53 576.766 349.758
 19208.7 10595.1 2530.41 576.211 309.396
 20703.8 9033.12 3962.42 946.335 331.203
 23698.8 9908.69 3701.64 1623.74 523.516
 44614.9 11398.6 4166.94 1556.66 902.994
 55967.9 21446.5 4779.16 1747.09 1031.27
 72936.8 27371.5 9835.76 2191.81 1274.21
 115251 35521.4 12282.8 4413.74 1555.35
 107896 55934.3 15654.5 5413.1 2630.61
pred_Ctot
 2951.3 4008.68 1507.51 179.275 0.0935962
 3196.27 5220.4 1116.68 419.939 49.9656
 2808.86 9332.63 2483.56 531.251 223.554
 905.407 1250.4 625.665 166.5 50.6025
 301.408 444.03 112.642 56.3632 19.5577
 2093.43 7024.26 1970.68 499.926 336.95
 2068.46 3155.28 1867.52 523.939 222.498
 3919.47 9431.66 2620.85 1551.21 620.008
 5191.5 9815.56 4082.41 1134.41 939.79
 4052.17 9514.26 3073.06 1278.12 649.392
 3829.31 17727 7285.98 2353.34 1476.08
 2108.27 7426.17 5431.98 2232.6 1173.42
 3391.4 6394.49 3612.72 2642.57 1656.98
 3182.38 9390.02 2545.06 1437.89 1711.26
 2357.09 4561.89 1524.83 413.288 511.385
 1220.63 1826.04 415.814 138.987 84.2836
 734.542 1912.12 456.668 103.99 55.8371
 540.601 1148.16 503.647 120.285 42.0978
 536.577 1101.85 411.622 180.56 58.2149
 1028.12 1288.74 471.12 175.998 102.094
 610.784 1184.66 263.989 96.5053 56.965
 1011.93 1907.56 685.47 152.751 88.8016
 1881.39 2894.45 1000.86 359.653 126.738
 1758.16 4549.91 1273.39 440.321 213.984
F
 0.0816512 0.42509 0.42509 0.42509 0.42509
 0.0680579 0.354321 0.354321 0.354321 0.354321
 0.099289 0.516916 0.516916 0.516916 0.516916
 0.0188726 0.0982541 0.0982541 0.0982541 0.0982541
 0.00364845 0.0189944 0.0189944 0.0189944 0.0189944
 0.0357303 0.186018 0.186018 0.186018 0.186018
 0.0223614 0.116417 0.116417 0.116417 0.116417
 0.0441084 0.229636 0.229636 0.229636 0.229636
 0.0488817 0.254487 0.254487 0.254487 0.254487
 0.0388822 0.202427 0.202427 0.202427 0.202427
 0.080331 0.418217 0.418217 0.418217 0.418217
 0.0743534 0.387096 0.387097 0.387097 0.387097
 0.117395 0.611181 0.611181 0.611181 0.611181
 0.206408 1.0746 1.0746 1.0746 1.0746
 0.192615 1.00279 1.00279 1.00279 1.00279
 0.0762208 0.396819 0.396819 0.396819 0.396819
 0.0544625 0.283541 0.283541 0.283541 0.283541
 0.036903 0.192123 0.192123 0.192123 0.192123
 0.0319294 0.16623 0.16623 0.16623 0.16623
 0.0325056 0.16923 0.16923 0.16923 0.16923
 0.0152774 0.0795369 0.0795369 0.0795369 0.0795369
 0.0194583 0.101303 0.101303 0.101303 0.101303
 0.0229299 0.119377 0.119377 0.119377 0.119377
 0.022888 0.119159 0.119159 0.119159 0.119159
nmprior
 10 10 8 0
nm_flota  nm_reclas  nm_pelaces    nm_pelaL
inf 14.5905 19.3742 35.0484
cv_recla  cv_pelaces  cv_mph
0.741634 0.605281 0.445726
 ------------------------------------------------
Talla a la edad & desviación 
 7.2 14.2025 17.0495 18.207 18.6776
 1.08 2.13037 2.55742 2.73105 2.80164
