    unsorted:	 7.539016473e-06 0.0008999999294 0.007481133370 0.3740299066 10.83686685 30.98547409 40.67907827 63.77163927 111.8299283 85.06487402 150.6787681 225.2983003 269.0172780 400.2777904 536.8481310 499.7638444 658.7438196 730.0322101 766.3625217 841.1389811 899.6733058 976.5775514 1072.957652 1291.566055 1427.828959 1687.082444 1777.847716 2196.526279 2269.478935 2656.071753 2884.774256 3038.213104 3245.973715 3413.821957 4003.832499 4462.084977 4597.227544 4899.644782 435998.9907 439307.1682 425634.6786 462178.1312 395460.4945 375885.0989 341957.0944 204629.4180 275770.3116 520192.2486 549718.1589 609869.9107 696384.9673 736652.4215 831225.8861 992284.2390 1129712.005 1279253.906 1393863.370 1529569.714 1805693.922 1988471.748 2333670.343 2385958.640 2651231.470 30870306.02
      sorted:	 7.539016473e-06 0.0008999999294 0.007481133370 0.3740299066 10.83686685 30.98547409 40.67907827 63.77163927 85.06487402 111.8299283 150.6787681 225.2983003 269.0172780 400.2777904 499.7638444 536.8481310 658.7438196 730.0322101 766.3625217 841.1389811 899.6733058 976.5775514 1072.957652 1291.566055 1427.828959 1687.082444 1777.847716 2196.526279 2269.478935 2656.071753 2884.774256 3038.213104 3245.973715 3413.821957 4003.832499 4462.084977 4597.227544 4899.644782 204629.4180 275770.3116 341957.0944 375885.0989 395460.4945 425634.6786 435998.9907 439307.1682 462178.1312 520192.2486 549718.1589 609869.9107 696384.9673 736652.4215 831225.8861 992284.2390 1129712.005 1279253.906 1393863.370 1529569.714 1805693.922 1988471.748 2333670.343 2385958.640 2651231.470 30870306.02
