years
 1997 1998 1999 2000 2001 2002 2003 2004 2005 2006 2007 2008 2009 2010 2011 2012 2013 2014 2015 2016 2017 2018 2019 2020 2021
reclasobs
 0 0 0 370054 412103 1.49427e+06 250295 1.28982e+06 931140 785840 897777 1.04006e+06 184774 17550 25797 100020 73551 82996 120727 218422 84188 347160 605670 569463 516374
reclaspred
 481511 124364 314291 215771 353062 434101 948397 652292 738085 761356 647274 449723 277489 115567 68835.6 65694.7 78823.3 105746 113997 154574 233545 220537 381580 482502 521338
pelacesobs
 0 0 0 0 0 0 0 0 0 2.06254e+06 1.5e+06 0 1.87456e+06 323000 250000 174000 83755 137374 0 501740 490994 745055 786931 1.00524e+06 0
pelacespred
 1.91289e+06 439081 654971 733301 1.05584e+06 1.04677e+06 2.63317e+06 2.15743e+06 2.18813e+06 2.29483e+06 1.70213e+06 1.23955e+06 738095 237090 142172 150671 190155 269994 296272 390684 685879 636090 846003 1.25575e+06 1.42482e+06
mphobs
 0 0 0 0 0 112323 0 153150 637223 0 255016 313432 73983 77613 109348 50772 0 0 0 0 0 0 0 0 0
mphpred
 176873 97036 107669 104346 122653 209472 297905 367924 316397 338988 355493 251247 158292 82241.7 35146.9 28043.7 31375.8 41395.9 51958 58811.3 88426.3 109062 136485 194088 274863
desembarqueobs
 350755 77701 442110 56441 14545 235359 269955 359681 431902 328805 639364 411747 362871 311530 167758 66681 60226 58785 57116 73181 50977 67692 138656 160484 209506
desembarquepred
 350761 77699.2 442088 56444.1 14545.3 235437 270019 359673 431944 328811 639311 411776 362929 311619 167583 66676.7 60252.8 58778.3 57100.5 73177.5 50979.7 67682.6 138659 160493 209505
Reclutas
 36146.5 43916 22568.6 34298.6 61264.4 42903.9 77729.2 75698.9 99036.2 116827 67072.6 46110.9 45751.8 24798.3 14413 13281 10120.6 11658 12449.4 19955.2 26192.4 33945.1 54567.2 64963.5 23359.2
log_desv_Rt
 0.0412853 0.235984 -0.429734 -0.011191 0.568905 0.212668 0.806937 0.78047 1.04919 1.2144 0.659481 0.284754 0.276937 -0.335517 -0.878162 -0.959963 -1.23172 -1.0903 -1.02462 -0.552805 -0.280825 -0.0215486 0.453139 0.627531 -0.395302
SSB
 444724 243984 270720 262364 308395 526688 749042 925096 795536 852339 893839 631725 398005 206785 88372.1 70512.1 78890.2 104084 130641 147873 222336 274222 343172 488007 691105
BT
 1.5345e+06 372916 650022 481402 629731 741953 1.79203e+06 1.64297e+06 1.71327e+06 1.65788e+06 1.53745e+06 1.07422e+06 789088 431369 227786 144742 162359 206441 213893 288874 443564 408610 569836 844247 915880
Ftot
 0.984149 0.901664 1.55869 0.332672 0.0572685 0.536082 0.339328 0.670812 0.759114 0.560393 1.03708 0.907124 1.44493 2.85423 3.28963 1.40144 1.03177 0.70502 0.566491 0.598071 0.276729 0.336922 0.401615 0.394216 0.361796
BD_Bspro_t
 0.909297 0.636446 0.556903 0.375441 0.540896 0.720223 0.666216 0.683629 0.616354 0.587904 0.568725 0.411455 0.308514 0.208889 0.113238 0.111897 0.16668 0.272815 0.375083 0.463389 0.592144 0.701297 0.711771 0.719786 0.712817
BD_Bspro
 0.622138 0.341316 0.378718 0.367029 0.431423 0.7368 1.04786 1.29414 1.1129 1.19236 1.25042 0.883739 0.556781 0.289278 0.123626 0.0986414 0.110362 0.145607 0.182758 0.206864 0.311032 0.383618 0.480074 0.682688 0.966808
BD_Bo
 0.50159 0.275182 0.305336 0.295912 0.347829 0.594035 0.844821 1.04339 0.89726 0.961327 1.00813 0.712503 0.448897 0.233227 0.0996721 0.0795284 0.0889778 0.117393 0.147346 0.166781 0.250766 0.309287 0.387053 0.550408 0.779476
BD_Brms
 0.911982 0.50033 0.555157 0.538022 0.632416 1.08006 1.53604 1.89707 1.63138 1.74787 1.83297 1.29546 0.816177 0.424049 0.181222 0.144597 0.161778 0.213443 0.267902 0.303238 0.455937 0.562339 0.703733 1.00074 1.41723
S_f
 0.103195 0.686159 0.976493 0.998735 0.999933
 0.103195 0.686159 0.976493 0.998735 0.999933
 0.103195 0.686159 0.976493 0.998735 0.999933
 0.103195 0.686159 0.976493 0.998735 0.999933
 0.103195 0.686159 0.976493 0.998735 0.999933
 0.103195 0.686159 0.976493 0.998735 0.999933
 0.103195 0.686159 0.976493 0.998735 0.999933
 0.103195 0.686159 0.976493 0.998735 0.999933
 0.103195 0.686159 0.976493 0.998735 0.999933
 0.103195 0.686159 0.976493 0.998735 0.999933
 0.103195 0.686159 0.976493 0.998735 0.999933
 0.103195 0.686159 0.976493 0.998735 0.999933
 0.103195 0.686159 0.976493 0.998735 0.999933
 0.103195 0.686159 0.976493 0.998735 0.999933
 0.103195 0.686159 0.976493 0.998735 0.999933
 0.103195 0.686159 0.976493 0.998735 0.999933
 0.103195 0.686159 0.976493 0.998735 0.999933
 0.103195 0.686159 0.976493 0.998735 0.999933
 0.103195 0.686159 0.976493 0.998735 0.999933
 0.103195 0.686159 0.976493 0.998735 0.999933
 0.103195 0.686159 0.976493 0.998735 0.999933
 0.103195 0.686159 0.976493 0.998735 0.999933
 0.103195 0.686159 0.976493 0.998735 0.999933
 0.103195 0.686159 0.976493 0.998735 0.999933
 0.103195 0.686159 0.976493 0.998735 0.999933
Scru_reclas
 0.751897 1 1 1 1
 0.751897 1 1 1 1
 0.751897 1 1 1 1
 0.751897 1 1 1 1
 0.751897 1 1 1 1
 0.751897 1 1 1 1
 0.751897 1 1 1 1
 0.751897 1 1 1 1
 0.751897 1 1 1 1
 0.751897 1 1 1 1
 0.751897 1 1 1 1
 0.751897 1 1 1 1
 0.751897 1 1 1 1
 0.751897 1 1 1 1
 0.751897 1 1 1 1
 0.751897 1 1 1 1
 0.751897 1 1 1 1
 0.751897 1 1 1 1
 0.751897 1 1 1 1
 0.751897 1 1 1 1
 0.751897 1 1 1 1
 0.751897 1 1 1 1
 0.751897 1 1 1 1
 0.751897 1 1 1 1
 0.751897 1 1 1 1
Scru_pelaces
 0.704719 1 1 1 1
 0.704719 1 1 1 1
 0.704719 1 1 1 1
 0.704719 1 1 1 1
 0.704719 1 1 1 1
 0.704719 1 1 1 1
 0.704719 1 1 1 1
 0.704719 1 1 1 1
 0.704719 1 1 1 1
 0.704719 1 1 1 1
 0.704719 1 1 1 1
 0.704719 1 1 1 1
 0.704719 1 1 1 1
 0.704719 1 1 1 1
 0.704719 1 1 1 1
 0.704719 1 1 1 1
 0.704719 1 1 1 1
 0.704719 1 1 1 1
 0.704719 1 1 1 1
 0.704719 1 1 1 1
 0.704719 1 1 1 1
 0.704719 1 1 1 1
 0.704719 1 1 1 1
 0.704719 1 1 1 1
 0.704719 1 1 1 1
pf_obs 
 0.256992 0.487395 0.22802 0.0275931 0
 0.321318 0.546541 0.124235 0.00734118 0.000564706
 0.182869 0.594174 0.210203 0.0122559 0.00049798
 0.330522 0.361315 0.267642 0.0388342 0.00168674
 0.649043 0.306663 0.0425973 0.00169635 0
 0.582887 0.30429 0.105238 0.00758474 0
 0.465427 0.430635 0.0974691 0.00646863 0
 0.296916 0.608066 0.0921331 0.00288517 0
 0.311714 0.524322 0.152257 0.0117073 0
 0.15457 0.633149 0.183074 0.0267441 0.00246327
 0.131901 0.49318 0.331252 0.0422183 0.00144891
 0.196976 0.569456 0.194076 0.0375587 0.00193317
 0.518974 0.381816 0.0799577 0.0180837 0.00116848
 0.0928022 0.601141 0.25162 0.0475244 0.00691264
 0.122501 0.610282 0.24278 0.0234846 0.000952079
 0.383417 0.481906 0.127806 0.00687128 0
 0.0376549 0.599619 0.316969 0.0457579 0
 0.0361596 0.667082 0.258105 0.0386534 0
 0.158088 0.579412 0.248529 0.0139706 0
 0.0477256 0.309471 0.559284 0.082774 0.000745712
 0.0406174 0.521527 0.379366 0.0568643 0.0016247
 0.151134 0.462217 0.34131 0.0453401 0
 0.294876 0.26143 0.354403 0.0886775 0.000613685
 0.281977 0.475581 0.204845 0.0348837 0.00271318
 0.0354234 0.537034 0.353287 0.0723622 0.0018943
pf_pred 
 0.302945 0.476245 0.197215 0.0235827 1.30052e-05
 0.283884 0.560787 0.121745 0.0301079 0.00347632
 0.157167 0.643337 0.17106 0.0224538 0.00598279
 0.273093 0.464619 0.225322 0.031898 0.00506768
 0.28188 0.496132 0.160627 0.0529038 0.00845755
 0.143323 0.588201 0.204146 0.0468351 0.0174941
 0.248221 0.393035 0.276786 0.0627511 0.0192071
 0.19874 0.551889 0.154672 0.0735016 0.0211976
 0.246965 0.483358 0.210094 0.0373915 0.022191
 0.239646 0.53995 0.163688 0.0445011 0.0122149
 0.13993 0.592963 0.211639 0.0415063 0.0139618
 0.1432 0.496585 0.284939 0.0600963 0.0151796
 0.215921 0.468277 0.220035 0.0763015 0.0194653
 0.209585 0.607273 0.134819 0.0341146 0.0142081
 0.278861 0.608386 0.101128 0.00871463 0.00291028
 0.325851 0.60047 0.0692216 0.00402953 0.000428011
 0.217162 0.636409 0.137229 0.00866519 0.000534706
 0.239945 0.520331 0.211025 0.0269561 0.0017426
 0.217283 0.543041 0.185788 0.0476115 0.00627544
 0.280554 0.470336 0.193975 0.0430184 0.012116
 0.247309 0.545404 0.15469 0.0412248 0.0113728
 0.224296 0.510245 0.210963 0.0409282 0.0135679
 0.263227 0.47226 0.195921 0.054802 0.0137896
 0.223696 0.539269 0.172759 0.0479407 0.0163355
 0.0737572 0.593833 0.257213 0.0552053 0.0199916
pobs_RECLAS
 0 0 0 0 0
 0 0 0 0 0
 0 0 0 0 0
 0 0 0 0 0
 0.835266 0.146461 0.0176864 0.000547809 3.91292e-05
 0.385257 0.428462 0.181853 0.0044286 0
 0.867414 0.0963971 0.0333333 0.00285562 0
 0.441836 0.489002 0.0689373 0.000224442 0
 0.779404 0.147425 0.0564933 0.0165055 0.000172143
 0.814271 0.122319 0.05973 0.00367925 0
 0.40263 0.566651 0.0304383 0.000280538 0
 0.475488 0.404961 0.113038 0.00651328 0
 0.955842 0.0263864 0.0167828 0.000988607 0
 0.975058 0.0227948 0.00214734 0 0
 0.738997 0.206755 0.0527124 0.00153531 0
 0.850938 0.134255 0.0134407 0.00136685 0
 0.542534 0.407297 0.0501686 0 0
 0.764087 0.199537 0.0359546 0.000420521 0
 0.470689 0.182191 0.310203 0.0369168 0
 0.84361 0.089868 0.0606195 0.00523954 0.000663233
 0.607945 0.314616 0.071237 0.00620181 0
 0.523733 0.453247 0.0230204 0 0
 0.530135 0.295979 0.169645 0.0042399 0
 0.562478 0.366248 0.0663022 0.0049721 0
 0.250443 0.683176 0.0655157 0.000865301 0
ppred_RECLAS
 0.718088 0.214577 0.0603011 0.00702963 3.87137e-06
 0.690371 0.260684 0.0385701 0.00930232 0.00107263
 0.528056 0.392564 0.0683426 0.00871874 0.00231955
 0.681401 0.228823 0.0773751 0.0107031 0.00169832
 0.684453 0.240485 0.0546537 0.0175983 0.00281
 0.486872 0.390421 0.0938401 0.0210242 0.00784315
 0.662167 0.206888 0.101568 0.0224996 0.00687827
 0.586647 0.315923 0.0609903 0.0282911 0.00814854
 0.657332 0.248174 0.0740192 0.0128548 0.00761907
 0.639762 0.281282 0.0589993 0.0156628 0.00429377
 0.488807 0.392261 0.0947402 0.0181092 0.00608318
 0.502917 0.333244 0.130282 0.0267967 0.00675948
 0.635584 0.252835 0.0784033 0.0264417 0.00673552
 0.650826 0.297313 0.0385638 0.0093928 0.00390393
 0.736456 0.238947 0.0221564 0.00183076 0.000610011
 0.731658 0.248217 0.0189391 0.00107249 0.000113751
 0.609194 0.338216 0.0493651 0.00303816 0.00018722
 0.644203 0.270366 0.0754206 0.00940294 0.000607075
 0.611402 0.298078 0.0705434 0.0176526 0.00232376
 0.691904 0.225879 0.0643607 0.0139362 0.00392009
 0.644516 0.281265 0.055712 0.0145095 0.00399785
 0.620737 0.278669 0.080326 0.0152271 0.00504163
 0.671278 0.236943 0.0683931 0.0186895 0.00469694
 0.61779 0.293114 0.0653496 0.0177169 0.00602944
 0.312244 0.495534 0.149525 0.0313559 0.0113409
pobs_PELACES
 0 0 0 0 0
 0 0 0 0 0
 0 0 0 0 0
 0 0 0 0 0
 0 0 0 0 0
 0 0 0 0 0
 0 0 0 0 0
 0 0 0 0 0
 0 0 0 0 0
 0 0 0 0 0
 0.450072 0.473896 0.0757376 0.000293798 0
 0 0 0 0 0
 0.463077 0.371075 0.160297 0.00555027 0
 0.529543 0.364841 0.0842815 0.0213345 0
 0.631943 0.363953 0.00410389 0 0
 0.735681 0.248677 0.0153453 0.000297389 0
 0.695825 0.281241 0.0229344 0 0
 0.275771 0.60734 0.115278 0.00161068 0
 0 0 0 0 0
 0.896147 0.0623911 0.0374545 0.00400742 0
 0.803859 0.145111 0.0509908 3.86294e-05 0
 0.739449 0.233085 0.0266225 0.000797448 4.60066e-05
 0.878498 0.100942 0.0204185 0.000141795 0
 0.694673 0.275183 0.0284847 0.00165964 0
 0 0 0 0 0
ppred_PELACES
 0.746763 0.197018 0.0503846 0.00583133 3.21019e-06
 0.715834 0.242467 0.0329057 0.00788384 0.000908744
 0.59176 0.347769 0.0521454 0.00657673 0.00174861
 0.683172 0.229601 0.0752028 0.0103772 0.00164639
 0.673016 0.249533 0.0563996 0.0181529 0.00289848
 0.499516 0.385497 0.0880178 0.0196423 0.00732608
 0.665107 0.207707 0.098708 0.0218117 0.00666707
 0.605771 0.305921 0.055383 0.0255639 0.00736108
 0.679728 0.236606 0.0656186 0.0113326 0.00671482
 0.652281 0.274714 0.0546094 0.0144379 0.0039571
 0.5281 0.370381 0.0809946 0.0153644 0.00515904
 0.537337 0.319056 0.114352 0.023364 0.00589148
 0.692257 0.222511 0.0600794 0.0200481 0.00510397
 0.758373 0.213455 0.0210624 0.00502372 0.00208566
 0.834989 0.153509 0.010386 0.000837713 0.000278764
 0.771599 0.213289 0.0142293 0.000797536 8.45415e-05
 0.643462 0.312536 0.0413232 0.00252404 0.000155475
 0.663835 0.259555 0.0676753 0.00839376 0.000541768
 0.624801 0.291446 0.0653299 0.0162802 0.00214261
 0.705683 0.219086 0.0589486 0.0127084 0.00357387
 0.643144 0.28393 0.0547685 0.0142348 0.00392174
 0.622761 0.279573 0.0780267 0.0147547 0.00488457
 0.67639 0.235791 0.0654913 0.0178439 0.00448371
 0.622476 0.292095 0.0627086 0.0169518 0.00576816
 0.315373 0.498103 0.14518 0.0303639 0.0109806
pobs_pel_tallas
 0 0 0 0 0 0 0 0 0 0 0 0 0 0 0 0 0 0 0 0 0 0 0 0 0 0 0 0 0 0 0 0 0 0 0 0
 0 0 0 0 0 0 0 0 0 0 0 0 0 0 0 0 0 0 0 0 0 0 0 0 0 0 0 0 0 0 0 0 0 0 0 0
 0 0 0 0 0 0 0 0 0 0 0 0 0 0 0 0 0 0 0 0 0 0 0 0 0 0 0 0 0 0 0 0 0 0 0 0
 0 0 0 0 0 0 0 0 0 0 0 0 0 0 0 0 0 0 0 0 0 0 0 0 0 0 0 0 0 0 0 0 0 0 0 0
 0 0 0 0 0 0 0 0 0 0 0 0 0 0 0 0 0 0 0 0 0 0 0 0 0 0 0 0 0 0 0 0 0 0 0 0
 0 0 0 0 0 0 0 0 0 0 0 0 0 0 0 0 0 0 0 0 0 0 0 0 0 0 0 0 0 0 0 0 0 0 0 0
 0 0 0 0 0 0 0 0 0 0 0 0 0 0 0 0 0 0 0 0 0 0 0 0 0 0 0 0 0 0 0 0 0 0 0 0
 0 0 0 0 0 0 0 0 0 0 0 0 0 0 0 0 0 0 0 0 0 0 0 0 0 0 0 0 0 0 0 0 0 0 0 0
 0 0 0 0 0 0 0 0 0 0 0 0 0 0 0 0 0 0 0 0 0 0 0 0 0 0 0 0 0 0 0 0 0 0 0 0
 0 0 0 0 0 0 0 0 0 0 0 0 0 0 0 0 0 0 0 0 0 0 0 0 0 0 0 0 0 0 0 0 0 0 0 0
 0 0 0 0 0 0 0 0 1.78061e-05 0.00172719 0.00360574 0.0105946 0.0120993 0.0124554 0.0147524 0.0171206 0.0266825 0.0428682 0.0675386 0.121331 0.153587 0.119568 0.100827 0.0573624 0.0630603 0.0341343 0.0324427 0.0444173 0.0211091 0.0280891 0.0125444 0.00206551 0 0 0 0
 0 0 0 0 0 0 0 0 0 0 0 0 0 0 0 0 0 0 0 0 0 0 0 0 0 0 0 0 0 0 0 0 0 0 0 0
 0 0 0 0 0 0 0.0133647 0.0140871 0.0187388 0.0205184 0.03894 0.0496705 0.03968 0.0493445 0.0407372 0.0367815 0.0215668 0.0243155 0.0234873 0.0199281 0.019796 0.0243948 0.0301388 0.0376714 0.0412746 0.0863199 0.0771752 0.113111 0.0741005 0.0525337 0.0229764 0.00759418 0.00175318 0 0 0
 0 0 0 0 0 0 0 0 0 0 0.00219441 0.00772107 0.0458388 0.0604681 0.0671733 0.0775358 0.0609151 0.0617685 0.073594 0.0568108 0.0755445 0.0548602 0.0670107 0.0636378 0.0643287 0.046367 0.0373049 0.0286899 0.0247887 0.0153202 0.00654259 0.00121912 0.000365735 0 0 0
 0 0 0 0 0 0 0 0 0 0 0 0 0.000112435 0.00938835 0.0111873 0.0202946 0.0414886 0.0713402 0.111592 0.104902 0.108894 0.110636 0.117776 0.105296 0.107544 0.0401394 0.0192827 0.0124803 0.00416011 0.0028671 0.000618394 0 0 0 0 0
 0 0 0 0 0 0 0 0 0 0 0.00291406 0.0102884 0.027416 0.0768956 0.0749926 0.110853 0.0956884 0.0897413 0.0766577 0.0534642 0.0500743 0.0551293 0.0594112 0.0620874 0.0668451 0.0424026 0.0208742 0.0120726 0.0048766 0.00582813 0.00118941 0.000297354 0 0 0 0
 0 0.00264628 0.0354308 0.0461629 0.0458689 0.0383711 0.0214643 0.0164657 0.0346957 0.0420465 0.0363128 0.0245516 0.0311673 0.0291091 0.0169068 0.0133784 0.00837989 0.0085269 0.0148486 0.0160247 0.0276389 0.0546898 0.0760071 0.122758 0.109233 0.0665981 0.0333725 0.0166128 0.00676272 0.00308733 0.000882094 0 0 0 0 0
 0 0 0 0 0 0 0 0.000805153 0.000690131 0.00759144 0.0133425 0.0154129 0.00931677 0.000345066 0.00356568 0.00563607 0.00851162 0.0253048 0.0502646 0.0516448 0.0657925 0.0565908 0.0611916 0.0827007 0.0866115 0.110766 0.145733 0.0935128 0.0569358 0.0249597 0.0138026 0.00621118 0.00161031 0.00115022 0 0
 0 0 0 0 0 0 0 0 0 0 0 0 0 0 0 0 0 0 0 0 0 0 0 0 0 0 0 0 0 0 0 0 0 0 0 0
 0.00147267 0.00158595 0.00478618 0.00569244 0.00954404 0.0108468 0.00647125 0.017049 0.0510054 0.094081 0.124002 0.0959785 0.0687766 0.0820023 0.061753 0.0591476 0.0492212 0.0479892 0.0443925 0.0268479 0.0217502 0.0140895 0.0121071 0.0120363 0.00920419 0.00665534 0.0049561 0.00860946 0.00930331 0.0156896 0.0114698 0.00855282 0.00243557 0.00046729 0 2.83206e-05
 0 0 0 0 0.000772559 0.00158375 0.000888443 0.00281984 0.00712685 0.0440552 0.0773331 0.111326 0.0921469 0.0852325 0.0710754 0.0886704 0.0786465 0.0553345 0.0373146 0.0185414 0.00753245 0.00457741 0.012979 0.0271748 0.0457355 0.0583668 0.034881 0.0177882 0.00938659 0.00492506 0.0015258 0.00185414 0.000309023 5.79419e-05 3.86279e-05 0
 0 0.00173294 0.00326652 0 0.00397197 0.00683976 0.00946217 0.0152591 0.00757587 0.0136028 0.0228656 0.0392903 0.0559909 0.0764795 0.0681675 0.0726916 0.0566044 0.0477403 0.0527397 0.0444891 0.0609904 0.0582453 0.0661739 0.0445044 0.0529084 0.0360697 0.0280645 0.0235558 0.0158879 0.00826598 0.00280645 0.00217768 0.000904811 0.00058276 9.20147e-05 0
 0 0 0 0 0 0 0 0 0 0 0 0 0 0 0 0 0 0 0 0 0 0 0 0 0 0 0 0 0 0 0 0 0 0 0 0
 0 0 0 0 0 0 0 0 0 0 0 0 0 0 0 0 0 0 0 0 0 0 0 0 0 0 0 0 0 0 0 0 0 0 0 0
 0 0 0 0 0 0 0 0 0 0 0 0 0 0 0 0 0 0 0 0 0 0 0 0 0 0 0 0 0 0 0 0 0 0 0 0
ppred_pel_tallas
 1.00981e-16 3.25831e-05 0.000191234 0.000909037 0.00349983 0.0109139 0.0275677 0.0564073 0.0935022 0.125573 0.136654 0.120552 0.0863251 0.0504398 0.024591 0.0110222 0.00618741 0.00590483 0.00760302 0.0101321 0.0129866 0.0158249 0.0183183 0.020161 0.021127 0.0211196 0.020191 0.0185216 0.0163697 0.0140089 0.0116731 0.0095248 0.00764896 0.00606678 0.00475926 0.00368978
 1.0086e-16 3.12363e-05 0.000183323 0.000871417 0.00335497 0.0104622 0.0264266 0.054073 0.0896343 0.120383 0.131019 0.11561 0.0828496 0.0485371 0.0239018 0.0111159 0.0068009 0.00696049 0.00912591 0.0121677 0.0155476 0.0188623 0.0217107 0.0237216 0.024628 0.0243285 0.0229101 0.0206198 0.0177996 0.0148049 0.011934 0.00938681 0.00725731 0.00555251 0.0042247 0.00320326
 1.01162e-16 2.58304e-05 0.000151576 0.000720466 0.00277374 0.00864955 0.0218483 0.0447062 0.0741119 0.0995493 0.10838 0.0957183 0.0687791 0.040666 0.0207183 0.0107983 0.00817821 0.00960017 0.0130268 0.0174645 0.0223344 0.0271032 0.0312034 0.0341027 0.0354165 0.0349973 0.0329673 0.0296791 0.0256221 0.0213061 0.0171603 0.0134742 0.0103858 0.00790883 0.00597813 0.00449464
 1.01576e-16 2.98116e-05 0.00017496 0.000831661 0.00320191 0.00998482 0.0252209 0.051606 0.0855449 0.114891 0.125042 0.110339 0.079077 0.0463373 0.0228391 0.0106595 0.00658 0.00679477 0.00895816 0.0120044 0.0154322 0.0188667 0.0219301 0.0242645 0.0256004 0.0258144 0.0249525 0.0232076 0.0208628 0.0182216 0.0155458 0.0130206 0.0107478 0.00876163 0.0070542 0.00559961
 1.01642e-16 2.93695e-05 0.000172363 0.00081931 0.00315435 0.0098365 0.0248463 0.0508396 0.0842752 0.113188 0.123194 0.10872 0.0779432 0.0457264 0.022637 0.0107301 0.00684298 0.00723068 0.00957949 0.0128264 0.0164534 0.0200582 0.0232322 0.0255915 0.0268528 0.0268962 0.0257889 0.0237586 0.0211295 0.0182421 0.0153849 0.0127549 0.0104505 0.00849133 0.00684883 0.00547563
 1.02393e-16 2.18097e-05 0.000127968 0.000608221 0.00234155 0.00730179 0.018444 0.0377411 0.0625684 0.0840526 0.0915317 0.0808939 0.0582479 0.0346829 0.0181204 0.0101778 0.00859907 0.0106702 0.014683 0.0197717 0.0253748 0.0309259 0.0358035 0.0394155 0.0413242 0.0413453 0.0395843 0.036396 0.0322846 0.0277804 0.0233331 0.0192502 0.0156859 0.0126712 0.0101606 0.00807847
 1.0253e-16 2.9023e-05 0.000170332 0.000809664 0.00311722 0.00972073 0.0245538 0.0502409 0.0832817 0.111851 0.12173 0.10741 0.0769637 0.0450709 0.0221637 0.0102611 0.00622798 0.00636162 0.00838688 0.0112826 0.014585 0.0179588 0.0210655 0.0235788 0.0252434 0.0259264 0.0256392 0.0245197 0.0227857 0.0206765 0.0184028 0.0161189 0.0139185 0.0118484 0.00992888 0.00817102
 1.02109e-16 2.64396e-05 0.000155157 0.000737497 0.00283932 0.0088541 0.0223649 0.045763 0.0758622 0.101896 0.110923 0.0979375 0.0703147 0.0414554 0.0209026 0.0105425 0.00756402 0.00862161 0.0116345 0.0156132 0.0200182 0.0243786 0.0281986 0.0310116 0.0324756 0.0324512 0.0310295 0.0284986 0.0252628 0.021744 0.0182956 0.0151542 0.0124324 0.0101435 0.00824093 0.00665679
 1.01712e-16 2.96617e-05 0.000174079 0.000827472 0.00318578 0.00993451 0.0250939 0.0513461 0.0851143 0.114314 0.124415 0.10979 0.0786924 0.04613 0.0227703 0.0106828 0.00666784 0.0069399 0.00916381 0.0122743 0.0157641 0.0192488 0.0223402 0.0246725 0.0259727 0.0261206 0.0251715 0.0233323 0.0209017 0.0181962 0.0154858 0.0129577 0.0107093 0.00876626 0.00711 0.00570452
 1.01546e-16 2.84664e-05 0.000167059 0.000794087 0.00305722 0.00953361 0.0240813 0.0492745 0.0816817 0.109708 0.119413 0.105402 0.0756048 0.0444353 0.0221476 0.0107479 0.00718424 0.00783595 0.0104597 0.0140101 0.0179535 0.021854 0.0252623 0.0277568 0.0290287 0.0289512 0.0276065 0.0252545 0.0222622 0.0190136 0.0158331 0.0129407 0.0104445 0.00836141 0.00665278 0.00525724
 1.0204e-16 2.30555e-05 0.000135283 0.000643001 0.00247547 0.00771941 0.0194989 0.0398994 0.0661452 0.088854 0.0967511 0.0854848 0.0615056 0.0365264 0.0189069 0.0103394 0.0084207 0.0102681 0.0140722 0.01893 0.0242788 0.0295677 0.0341972 0.0375983 0.0393519 0.0392835 0.0374994 0.0343462 0.0303151 0.0259224 0.0216059 0.0176647 0.0142487 0.0113864 0.00903085 0.00710403
 1.02806e-16 2.34562e-05 0.00013764 0.000654218 0.00251867 0.00785416 0.0198392 0.0405952 0.0672972 0.0903968 0.0984184 0.086928 0.062479 0.0369743 0.0189011 0.00995994 0.0076868 0.00913947 0.0124863 0.0168439 0.0217034 0.0265913 0.0309931 0.0344129 0.0364724 0.0369926 0.0360253 0.0338231 0.0307625 0.0272482 0.0236306 0.0201576 0.016968 0.0141131 0.0115914 0.00938069
 1.01853e-16 3.02074e-05 0.000177285 0.000842714 0.00324447 0.0101175 0.0255562 0.0522918 0.0866815 0.116417 0.1267 0.111795 0.0801067 0.0469126 0.02307 0.0106785 0.0064713 0.00658751 0.00864883 0.0115783 0.0148768 0.0181788 0.0211197 0.0233564 0.0246324 0.0248342 0.0240118 0.0223563 0.020144 0.017667 0.0151734 0.0128341 0.0107368 0.00890377 0.00731821 0.00594897
 1.00639e-16 3.30899e-05 0.000194209 0.000923174 0.00355426 0.0110836 0.0279964 0.0572846 0.0949567 0.127527 0.138783 0.122436 0.0876857 0.0512582 0.0250328 0.0112906 0.00643171 0.00620756 0.00799985 0.0106277 0.0135585 0.0164223 0.0188632 0.0205554 0.0212669 0.0209135 0.0195784 0.0174868 0.014947 0.0122781 0.00974629 0.00752814 0.00570377 0.00427402 0.00318979 0.00238115
 1.0024e-16 3.64283e-05 0.000213813 0.00101639 0.00391319 0.0122029 0.0308236 0.0630688 0.104542 0.140393 0.152765 0.134724 0.0963835 0.056136 0.0270292 0.0115377 0.00566159 0.00469714 0.00575894 0.00757905 0.00964409 0.0116561 0.0133525 0.0144986 0.0149291 0.014587 0.0135372 0.0119479 0.0100479 0.00807281 0.00621929 0.00461727 0.0033247 0.00234003 0.00162356 0.00111918
 1.00303e-16 3.36667e-05 0.000197595 0.000939271 0.00361624 0.0112769 0.0284846 0.0582835 0.0966123 0.12975 0.141201 0.124566 0.089205 0.0521334 0.0254357 0.0114301 0.00645081 0.00617188 0.00792688 0.0105131 0.0133895 0.0161824 0.0185346 0.0201207 0.0207114 0.0202276 0.01876 0.0165428 0.0138942 0.0111427 0.00856189 0.00633279 0.00453627 0.00317016 0.00217911 0.00148476
 1.00783e-16 2.80833e-05 0.000164806 0.000783372 0.00301595 0.0094049 0.0237562 0.0486097 0.0805808 0.108232 0.117817 0.104015 0.0746575 0.0439743 0.0220949 0.0110139 0.00773505 0.008694 0.011672 0.015613 0.0199452 0.0241757 0.0277912 0.0303132 0.0313982 0.0309176 0.0289874 0.0259317 0.0221986 0.0182536 0.0144887 0.0111674 0.00841436 0.00623934 0.00457862 0.00333636
 1.0136e-16 2.89696e-05 0.000170014 0.000808141 0.00311134 0.00970237 0.0245075 0.0501466 0.0831267 0.111647 0.12152 0.10725 0.0769072 0.0451537 0.0224187 0.0107359 0.00699191 0.00749748 0.00997117 0.0133592 0.017138 0.0208916 0.0241934 0.0266413 0.0279372 0.0279528 0.0267555 0.0245812 0.0217682 0.0186749 0.0156082 0.0127812 0.0103054 0.00820948 0.00646949 0.00503877
 1.01682e-16 2.72689e-05 0.000160026 0.000760651 0.00292848 0.00913213 0.0230672 0.0471997 0.0782433 0.105092 0.114397 0.100991 0.0724775 0.0426714 0.0214064 0.0106177 0.00739561 0.00828259 0.0111325 0.0149344 0.0191537 0.0233357 0.027005 0.0297134 0.03113 0.031116 0.0297526 0.0273095 0.02417 0.0207373 0.0173534 0.0142524 0.0115521 0.00927634 0.00739035 0.00583579
 1.01512e-16 3.07927e-05 0.000180721 0.000859052 0.00330737 0.0103137 0.0260517 0.0533057 0.0883618 0.118673 0.129153 0.113955 0.0816437 0.0477912 0.023462 0.0107922 0.00644713 0.00648751 0.00848704 0.0113491 0.0145695 0.0177842 0.0206319 0.0227739 0.0239577 0.0240729 0.023172 0.021448 0.019179 0.0166594 0.0141405 0.011796 0.00971645 0.00792505 0.00640387 0.00511847
 1.01543e-16 2.80684e-05 0.000164721 0.000782972 0.00301442 0.00940014 0.0237442 0.0485848 0.0805387 0.108174 0.117747 0.103938 0.0745711 0.0438602 0.0219213 0.010738 0.0073068 0.00806153 0.0107903 0.0144568 0.0185225 0.0225397 0.0260446 0.0286015 0.029892 0.0297862 0.0283705 0.0259158 0.0228032 0.0194314 0.0161372 0.0131485 0.0105769 0.00843899 0.00669328 0.00527451
 1.01934e-16 2.71794e-05 0.000159502 0.000758163 0.0029189 0.00910227 0.0229918 0.0470453 0.077987 0.104747 0.114019 0.100652 0.072223 0.042499 0.0212785 0.010487 0.00722185 0.00803616 0.010794 0.0144962 0.018623 0.022739 0.0263886 0.0291394 0.0306687 0.030834 0.0297005 0.0275126 0.0246238 0.0214087 0.0181879 0.0151835 0.0125125 0.0102063 0.00824411 0.00658381
 1.0183e-16 2.95161e-05 0.000173225 0.00082341 0.00317014 0.00988574 0.0249707 0.051094 0.0846964 0.113752 0.123805 0.109251 0.0783074 0.045906 0.022663 0.0106383 0.00664829 0.00692685 0.00915105 0.0122616 0.0157545 0.0192476 0.0223549 0.0247122 0.0260471 0.0262387 0.0253403 0.0235548 0.0211766 0.0185173 0.0158427 0.0133365 0.0110945 0.00914223 0.00746288 0.00602326
 1.01838e-16 2.71675e-05 0.000159431 0.000757822 0.00291758 0.00909816 0.0229814 0.0470242 0.0779523 0.104701 0.113972 0.100617 0.072211 0.0425186 0.0213374 0.010596 0.00739635 0.0082942 0.0111514 0.0149604 0.019187 0.0233765 0.0270535 0.0297695 0.0311945 0.0311906 0.0298404 0.0274147 0.0242975 0.0208914 0.0175372 0.0144662 0.0117931 0.00953829 0.00766455 0.00611188
 1.0378e-16 1.37849e-05 8.08442e-05 0.000384167 0.00147885 0.00461145 0.0116486 0.0238381 0.0395275 0.053124 0.0579143 0.0513337 0.0372902 0.022861 0.0131492 0.00929685 0.010001 0.0136387 0.0191512 0.0259038 0.0333259 0.0407268 0.0473116 0.0523122 0.0551513 0.0555707 0.0536795 0.0499045 0.0448657 0.0392216 0.0335354 0.0281987 0.0234183 0.019253 0.0156713 0.0126061
pSPR Fmed_Fpbrs
0.507845   0.6 0.325
Fs Fmed_Fpbrs
0.661175   0.446621 1.52617
SSBpbr Bo_Bmed_Bpbrs
886628  405938  487645 243823
Ro
34684.6
SPR SPRFo_SPRFmed_SPRFpbrs
714832 363024 232320
log_Ro
10.274
likeval ReclasPelacesDesembMPH_pf_preclas_ppelaces_ptallas_desvR_qrecl_qpela
 63.7734 15.0775 0.00853263 0.000201422 309.216 189.356 69.629 0 16.3068 8.05012e-06 8.18254e-05 3.34293e-14 0 0 0
q_reclas_q_pelaces
0.668945 3.62167
M
0.7
N
 36146.5 10819.6 3507.52 413.391 0.227797
 43916 16216.4 2734.86 666.24 76.8641
 22568.6 19870.4 4337.66 563.048 149.935
 34298.6 9542.07 3386.25 470.145 74.6155
 61264.4 16457.4 3771.4 1215.15 194.036
 42903.9 30243.7 7857.57 1770.96 660.875
 77729.2 20158.8 10396.3 2311.73 706.854
 75698.9 37270.9 7931.23 3706.54 1068.01
 99036.2 35076.8 11680.6 2045.75 1213.07
 116827 45474.4 10346.7 2763.95 757.959
 67072.6 54755 15373.3 2972.63 999.175
 46110.9 29926.8 13346.7 2773 699.871
 45751.8 20851.8 7975.09 2733.18 696.83
 24798.3 19572.4 3841.97 965.952 402.166
 14413 9172.72 1371.17 117.52 39.2351
 13281 5097.03 476.649 27.4159 2.91023
 10120.6 5707.09 967.587 60.237 3.71428
 11658 4518.16 1396.2 175.439 11.3315
 12449.4 5382.97 1383.13 348.299 45.8649
 19955.2 5831.15 1812.19 395.017 111.154
 26192.4 9316.36 1920.99 501.84 138.297
 33945.1 12640.6 3826.28 728.054 241.105
 54567.2 16280.6 4981.5 1367.37 343.722
 64963.5 25997.2 6137.42 1671.22 568.888
 23359.2 30973.9 9850.22 2073.95 750.278
pred_Ctot
 2525.19 3969.73 1643.88 196.574 0.108404
 2821.24 5573.1 1209.9 299.213 34.5477
 2434 9963.18 2649.15 347.736 92.6537
 834.08 1419.04 688.18 97.4229 15.4777
 259.703 457.1 147.99 48.7417 7.79217
 1665.89 6836.84 2372.85 544.379 203.339
 1927.48 3051.98 2149.28 487.273 149.146
 3655.7 10151.7 2845.11 1352.02 389.917
 5390.82 10550.8 4585.99 816.19 484.39
 4736.74 10672.4 3235.38 879.589 241.435
 4926.02 20874.3 7450.39 1461.16 491.502
 2979.46 10332.1 5928.51 1250.38 315.831
 4597.29 9970.35 4684.89 1624.58 414.447
 4627.67 13408.7 2976.82 753.253 313.717
 3042.44 6637.63 1103.33 95.0786 31.7519
 1296.85 2389.8 275.494 16.0371 1.70343
 739.662 2167.63 467.405 29.5139 1.82123
 590.795 1281.17 519.589 66.3716 4.29065
 510.111 1274.89 436.171 111.777 14.7327
 862.009 1445.12 595.992 132.175 37.2268
 531.187 1171.46 332.254 88.5456 24.4273
 835.872 1901.5 786.184 152.525 50.5628
 1596.99 2865.18 1188.64 332.481 83.6609
 1866.84 4500.46 1441.75 400.088 136.328
 616.971 4967.36 2151.56 461.787 167.228
F
 0.101559 0.675283 0.961014 0.982904 0.984083
 0.0930474 0.618685 0.880469 0.900523 0.901604
 0.160849 1.06951 1.52205 1.55672 1.55859
 0.0343301 0.228266 0.324852 0.332251 0.332649
 0.00590984 0.0392953 0.0559223 0.0571961 0.0572647
 0.0553211 0.367838 0.523481 0.535404 0.536047
 0.0350171 0.232833 0.331352 0.338899 0.339306
 0.0692246 0.460284 0.655043 0.669963 0.670767
 0.0783369 0.520873 0.74127 0.758154 0.759064
 0.0578298 0.384519 0.54722 0.559684 0.560356
 0.107022 0.711601 1.0127 1.03577 1.03701
 0.0936109 0.622431 0.8858 0.905976 0.907064
 0.14911 0.991451 1.41096 1.4431 1.44483
 0.294543 1.95845 2.78713 2.85062 2.85404
 0.339474 2.25721 3.2123 3.28547 3.28941
 0.144622 0.961609 1.36849 1.39966 1.40134
 0.106474 0.707958 1.00752 1.03046 1.0317
 0.0727546 0.483756 0.688446 0.704127 0.704972
 0.0584591 0.388703 0.553174 0.565774 0.566453
 0.061718 0.410372 0.584012 0.597314 0.598031
 0.0285571 0.18988 0.270223 0.276378 0.27671
 0.0347687 0.231182 0.329002 0.336496 0.3369
 0.0414448 0.275572 0.392175 0.401107 0.401589
 0.0406812 0.270495 0.384949 0.393717 0.394189
 0.0373356 0.24825 0.353291 0.361338 0.361772
nmprior
 10.6 11 7 0
nm_flota  nm_reclas  nm_pelaces    nm_pelaL
inf 18.7752 14.8858 25.5462
cv_recla  cv_pelaces  cv_mph
0.722345 0.456909 0.46046
 ------------------------------------------------
Talla a la edad & desviación 
 7.2 14.2025 17.0495 18.207 18.6776
 1.08 2.13037 2.55742 2.73105 2.80164
