years
 1997 1998 1999 2000 2001 2002 2003 2004 2005 2006 2007 2008 2009 2010 2011 2012 2013 2014 2015 2016 2017 2018 2019 2020 2021
reclasobs
 0 0 0 370054 412103 1.49427e+06 250295 1.28982e+06 931140 785840 897777 1.04006e+06 184774 17550 25797 100020 73551 82996 120727 218422 84188 347160 605670 569463 516374
reclaspred
 482228 124512 314500 215798 352991 434101 948800 652674 738886 762597 648370 450480 277924 115713 68925.7 65817.7 78973 105921 114186 154903 234082 221037 381832 481139 509617
pelacesobs
 0 0 0 0 0 0 0 0 0 2.06254e+06 1.5e+06 0 1.87456e+06 323000 250000 174000 83755 137374 0 501740 490994 745055 786931 1.00524e+06 1.33801e+06
pelacespred
 1.91193e+06 437330 653299 729954 1.05123e+06 1.03986e+06 2.62444e+06 2.14796e+06 2.18223e+06 2.28882e+06 1.69647e+06 1.23486e+06 736176 236619 142130 150474 189869 269356 295235 389864 684592 633934 842209 1.24622e+06 1.38637e+06
mphobs
 0 0 0 0 0 112323 0 153150 637223 0 255016 313432 73983 77613 109348 50772 0 0 0 0 0 0 0 0 0
mphpred
 176978 97079.5 107676 104258 122502 209172 297471 367584 316243 339048 355717 251265 158258 82264.3 35164.5 28073.1 31417.9 41435.8 51977.4 58846.4 88531.3 109193 136528 193688 253733
desembarqueobs
 350755 77701 442110 56441 14545 235359 269955 359681 431902 328805 639364 411747 362871 311530 167758 66681 60226 58785 57116 73181 50977 67692 138656 160484 209506
desembarquepred
 350761 77699.2 442088 56444.1 14545.3 235437 270019 359673 431943 328811 639310 411776 362929 311619 167583 66676.6 60252.8 58778.2 57100.5 73177.5 50979.7 67682.6 138659 160494 209506
Reclutas
 36137 43902.3 22534.6 34233.1 61141.7 42850.1 77678.9 75669.2 99057.8 116884 66990.7 46089.9 45792.8 24804.4 14418.9 13288.1 10118.7 11648.3 12451.1 19971.3 26202.2 33914.7 54369.2 64480 23037.4
log_desv_Rt
 0.0423335 0.236983 -0.42993 -0.0117897 0.56821 0.212724 0.8076 0.781388 1.05072 1.21619 0.65957 0.285611 0.279142 -0.333961 -0.876443 -0.958115 -1.2306 -1.08982 -1.02317 -0.550687 -0.279141 -0.0211352 0.450815 0.621372 -0.407865
SSB
 444660 243914 270538 261950 307788 525549 747403 923564 794568 851866 893747 631308 397627 206691 88351.6 70534.3 78938.2 104108 130594 147853 222437 274350 343030 486646 637510
BT
 1.53417e+06 372822 649401 480605 628486 740551 1.7896e+06 1.64106e+06 1.71235e+06 1.65765e+06 1.53686e+06 1.07364e+06 788914 431301 227797 144794 162400 206403 213850 288940 443746 408674 569085 840738 915539
Ftot
 0.984403 0.902081 1.5601 0.333265 0.0573888 0.537417 0.340192 0.672136 0.760302 0.560837 1.03735 0.907808 1.44684 2.8567 3.29101 1.40111 1.03119 0.704882 0.566756 0.598207 0.276627 0.336795 0.401862 0.395533 0.387077
BD_Bspro_t
 0.909278 0.636378 0.556724 0.37508 0.540421 0.719786 0.665741 0.683267 0.616053 0.587746 0.568664 0.411261 0.308291 0.208808 0.11321 0.111917 0.166739 0.27283 0.374974 0.463348 0.592251 0.701386 0.711675 0.719215 0.719592
BD_Bspro
 0.625069 0.342876 0.380302 0.368228 0.432664 0.738775 1.05064 1.29827 1.11694 1.19749 1.25636 0.887443 0.558952 0.29055 0.124198 0.0991516 0.110965 0.146347 0.183579 0.20784 0.312684 0.385659 0.482205 0.684089 0.896162
BD_Bo
 0.504708 0.276853 0.307072 0.297324 0.349352 0.596519 0.848333 1.04828 0.901867 0.966902 1.01444 0.71656 0.451322 0.234603 0.100283 0.0800593 0.089598 0.118167 0.14823 0.167819 0.252475 0.311398 0.389354 0.552363 0.7236
BD_Brms
 0.917651 0.503369 0.558313 0.540589 0.635186 1.08458 1.54242 1.90597 1.63976 1.758 1.84444 1.30284 0.820586 0.42655 0.182332 0.145562 0.162906 0.21485 0.269509 0.305125 0.459045 0.566178 0.707916 1.0043 1.31564
S_f
 0.10316 0.686078 0.976484 0.998734 0.999933
 0.10316 0.686078 0.976484 0.998734 0.999933
 0.10316 0.686078 0.976484 0.998734 0.999933
 0.10316 0.686078 0.976484 0.998734 0.999933
 0.10316 0.686078 0.976484 0.998734 0.999933
 0.10316 0.686078 0.976484 0.998734 0.999933
 0.10316 0.686078 0.976484 0.998734 0.999933
 0.10316 0.686078 0.976484 0.998734 0.999933
 0.10316 0.686078 0.976484 0.998734 0.999933
 0.10316 0.686078 0.976484 0.998734 0.999933
 0.10316 0.686078 0.976484 0.998734 0.999933
 0.10316 0.686078 0.976484 0.998734 0.999933
 0.10316 0.686078 0.976484 0.998734 0.999933
 0.10316 0.686078 0.976484 0.998734 0.999933
 0.10316 0.686078 0.976484 0.998734 0.999933
 0.10316 0.686078 0.976484 0.998734 0.999933
 0.10316 0.686078 0.976484 0.998734 0.999933
 0.10316 0.686078 0.976484 0.998734 0.999933
 0.10316 0.686078 0.976484 0.998734 0.999933
 0.10316 0.686078 0.976484 0.998734 0.999933
 0.10316 0.686078 0.976484 0.998734 0.999933
 0.10316 0.686078 0.976484 0.998734 0.999933
 0.10316 0.686078 0.976484 0.998734 0.999933
 0.10316 0.686078 0.976484 0.998734 0.999933
 0.10316 0.686078 0.976484 0.998734 0.999933
Scru_reclas
 0.748826 0.996748 0.999968 1 1
 0.748826 0.996748 0.999968 1 1
 0.748826 0.996748 0.999968 1 1
 0.748826 0.996748 0.999968 1 1
 0.748826 0.996748 0.999968 1 1
 0.748826 0.996748 0.999968 1 1
 0.748826 0.996748 0.999968 1 1
 0.748826 0.996748 0.999968 1 1
 0.748826 0.996748 0.999968 1 1
 0.748826 0.996748 0.999968 1 1
 0.748826 0.996748 0.999968 1 1
 0.748826 0.996748 0.999968 1 1
 0.748826 0.996748 0.999968 1 1
 0.748826 0.996748 0.999968 1 1
 0.748826 0.996748 0.999968 1 1
 0.748826 0.996748 0.999968 1 1
 0.748826 0.996748 0.999968 1 1
 0.748826 0.996748 0.999968 1 1
 0.748826 0.996748 0.999968 1 1
 0.748826 0.996748 0.999968 1 1
 0.748826 0.996748 0.999968 1 1
 0.748826 0.996748 0.999968 1 1
 0.748826 0.996748 0.999968 1 1
 0.748826 0.996748 0.999968 1 1
 0.748826 0.996748 0.999968 1 1
Scru_pelaces
 0.709046 1 1 1 1
 0.709046 1 1 1 1
 0.709046 1 1 1 1
 0.709046 1 1 1 1
 0.709046 1 1 1 1
 0.709046 1 1 1 1
 0.709046 1 1 1 1
 0.709046 1 1 1 1
 0.709046 1 1 1 1
 0.709046 1 1 1 1
 0.709046 1 1 1 1
 0.709046 1 1 1 1
 0.709046 1 1 1 1
 0.709046 1 1 1 1
 0.709046 1 1 1 1
 0.709046 1 1 1 1
 0.709046 1 1 1 1
 0.709046 1 1 1 1
 0.709046 1 1 1 1
 0.709046 1 1 1 1
 0.709046 1 1 1 1
 0.709046 1 1 1 1
 0.709046 1 1 1 1
 0.709046 1 1 1 1
 0.709046 1 1 1 1
pf_obs 
 0.256992 0.487395 0.22802 0.0275931 0
 0.321318 0.546541 0.124235 0.00734118 0.000564706
 0.182869 0.594174 0.210203 0.0122559 0.00049798
 0.330522 0.361315 0.267642 0.0388342 0.00168674
 0.649043 0.306663 0.0425973 0.00169635 0
 0.582887 0.30429 0.105238 0.00758474 0
 0.465427 0.430635 0.0974691 0.00646863 0
 0.296916 0.608066 0.0921331 0.00288517 0
 0.311714 0.524322 0.152257 0.0117073 0
 0.15457 0.633149 0.183074 0.0267441 0.00246327
 0.131901 0.49318 0.331252 0.0422183 0.00144891
 0.196976 0.569456 0.194076 0.0375587 0.00193317
 0.518974 0.381816 0.0799577 0.0180837 0.00116848
 0.0928022 0.601141 0.25162 0.0475244 0.00691264
 0.122501 0.610282 0.24278 0.0234846 0.000952079
 0.383417 0.481906 0.127806 0.00687128 0
 0.0376549 0.599619 0.316969 0.0457579 0
 0.0361596 0.667082 0.258105 0.0386534 0
 0.158088 0.579412 0.248529 0.0139706 0
 0.0477256 0.309471 0.559284 0.082774 0.000745712
 0.0406174 0.521527 0.379366 0.0568643 0.0016247
 0.151134 0.462217 0.34131 0.0453401 0
 0.294876 0.26143 0.354403 0.0886775 0.000613685
 0.281977 0.475581 0.204845 0.0348837 0.00271318
 0.0354234 0.537034 0.353287 0.0723622 0.0018943
pf_pred 
 0.302862 0.476295 0.197243 0.0235867 1.29911e-05
 0.283839 0.560809 0.121767 0.0301084 0.00347641
 0.157022 0.643478 0.171066 0.0224526 0.00598137
 0.272988 0.464624 0.22543 0.0318919 0.00506585
 0.281825 0.496152 0.160645 0.0529228 0.00845463
 0.143431 0.588142 0.204111 0.0468242 0.0174924
 0.248499 0.393194 0.276478 0.0626534 0.0191761
 0.198903 0.552117 0.154541 0.0733076 0.0211315
 0.247216 0.483478 0.209915 0.037298 0.0220927
 0.239786 0.540139 0.163527 0.0443919 0.0121558
 0.139744 0.593269 0.211634 0.0414413 0.013912
 0.143215 0.496297 0.285225 0.0601117 0.0151522
 0.216242 0.468251 0.21976 0.0763046 0.019443
 0.209639 0.607638 0.134563 0.0339893 0.0141702
 0.278956 0.608421 0.101051 0.00867879 0.00289379
 0.325842 0.600543 0.0691694 0.00402069 0.000425448
 0.216957 0.636557 0.137292 0.00866077 0.000533464
 0.239688 0.520291 0.211284 0.0269944 0.00174319
 0.217352 0.542798 0.185874 0.0476902 0.00628658
 0.280705 0.470362 0.193795 0.0430101 0.0121281
 0.247224 0.545593 0.154648 0.041167 0.011368
 0.224001 0.510363 0.211144 0.0409341 0.0135573
 0.262553 0.472432 0.196276 0.0549305 0.0138088
 0.222892 0.53934 0.173229 0.0481325 0.0164062
 0.0737135 0.593685 0.257223 0.0553191 0.0200592
pobs_RECLAS
 0 0 0 0 0
 0 0 0 0 0
 0 0 0 0 0
 0 0 0 0 0
 0.835266 0.146461 0.0176864 0.000547809 3.91292e-05
 0.385257 0.428462 0.181853 0.0044286 0
 0.867414 0.0963971 0.0333333 0.00285562 0
 0.441836 0.489002 0.0689373 0.000224442 0
 0.779404 0.147425 0.0564933 0.0165055 0.000172143
 0.814271 0.122319 0.05973 0.00367925 0
 0.40263 0.566651 0.0304383 0.000280538 0
 0.475488 0.404961 0.113038 0.00651328 0
 0.955842 0.0263864 0.0167828 0.000988607 0
 0.975058 0.0227948 0.00214734 0 0
 0.738997 0.206755 0.0527124 0.00153531 0
 0.850938 0.134255 0.0134407 0.00136685 0
 0.542534 0.407297 0.0501686 0 0
 0.764087 0.199537 0.0359546 0.000420521 0
 0.470689 0.182191 0.310203 0.0369168 0
 0.84361 0.089868 0.0606195 0.00523954 0.000663233
 0.607945 0.314616 0.071237 0.00620181 0
 0.523733 0.453247 0.0230204 0 0
 0.530135 0.295979 0.169645 0.0042399 0
 0.562478 0.366248 0.0663022 0.0049721 0
 0.250443 0.683176 0.0655157 0.000865301 0
ppred_RECLAS
 0.717737 0.214683 0.0605201 0.00705549 3.88076e-06
 0.690094 0.260785 0.0387099 0.00933469 0.00107637
 0.527528 0.392817 0.0685798 0.0087483 0.00232699
 0.680975 0.228904 0.0776789 0.0107382 0.0017036
 0.684104 0.240566 0.0548466 0.0176652 0.00281869
 0.486769 0.39022 0.0940728 0.0210755 0.00786334
 0.662069 0.206829 0.101699 0.0225191 0.00688383
 0.586553 0.315914 0.0610981 0.0282908 0.00814452
 0.657292 0.248105 0.0741431 0.0128553 0.00760466
 0.639615 0.281319 0.059111 0.0156697 0.00428538
 0.488069 0.392631 0.0950724 0.018145 0.00608301
 0.502578 0.332985 0.130789 0.0268813 0.00676682
 0.635686 0.252603 0.0784707 0.0264989 0.00674209
 0.650673 0.297446 0.0385935 0.0093833 0.00390389
 0.736388 0.23897 0.0222051 0.00182863 0.000608349
 0.731468 0.248352 0.0189921 0.00107397 0.000113474
 0.60865 0.338536 0.0495786 0.00304841 0.000187511
 0.643586 0.270546 0.075805 0.00945293 0.000609643
 0.611202 0.297933 0.0707925 0.0177365 0.00233508
 0.691742 0.225856 0.0644911 0.013975 0.00393568
 0.644106 0.281455 0.0558892 0.0145395 0.00401005
 0.620003 0.278944 0.0807069 0.0152887 0.00505735
 0.67021 0.237404 0.0688389 0.0188218 0.00472567
 0.616446 0.293731 0.0658587 0.0178781 0.00608626
 0.312108 0.495198 0.149815 0.0314788 0.0114004
pobs_PELACES
 0 0 0 0 0
 0 0 0 0 0
 0 0 0 0 0
 0 0 0 0 0
 0 0 0 0 0
 0 0 0 0 0
 0 0 0 0 0
 0 0 0 0 0
 0 0 0 0 0
 0 0 0 0 0
 0.450072 0.473896 0.0757376 0.000293798 0
 0 0 0 0 0
 0.463077 0.371075 0.160297 0.00555027 0
 0.529543 0.364841 0.0842815 0.0213345 0
 0.631943 0.363953 0.00410389 0 0
 0.735681 0.248677 0.0153453 0.000297389 0
 0.695825 0.281241 0.0229344 0 0
 0.275771 0.60734 0.115278 0.00161068 0
 0 0 0 0 0
 0.896147 0.0623911 0.0374545 0.00400742 0
 0.803859 0.145111 0.0509908 3.86294e-05 0
 0.739449 0.233085 0.0266225 0.000797448 4.60066e-05
 0.878498 0.100942 0.0204185 0.000141795 0
 0.694673 0.275183 0.0284847 0.00165964 0
 0 0 0 0 0
ppred_PELACES
 0.747903 0.196137 0.0501522 0.0058045 3.19143e-06
 0.717103 0.241388 0.0327574 0.00784689 0.00090449
 0.593123 0.346639 0.0519458 0.00655073 0.00174138
 0.684477 0.228645 0.0749099 0.0103298 0.00163859
 0.674365 0.248504 0.0561643 0.0180814 0.00288504
 0.501415 0.384069 0.0876588 0.0195605 0.00729657
 0.666876 0.206754 0.0980843 0.0216638 0.0066215
 0.60758 0.304674 0.0550704 0.0253734 0.0073027
 0.681443 0.235457 0.0652081 0.0112428 0.00664878
 0.653889 0.27356 0.0542973 0.0143341 0.00391923
 0.529292 0.369536 0.0807517 0.0152944 0.00512526
 0.539036 0.317775 0.114046 0.0232838 0.0058591
 0.69412 0.221248 0.059639 0.0199261 0.00506689
 0.759676 0.212393 0.0208905 0.00497356 0.0020669
 0.835965 0.152619 0.010312 0.000828912 0.000275404
 0.77268 0.212296 0.0141491 0.000791895 8.36243e-05
 0.644602 0.311532 0.0411977 0.00251391 0.000154571
 0.664954 0.258619 0.0675117 0.00837502 0.000539975
 0.626425 0.290119 0.0650812 0.0162373 0.00213723
 0.707151 0.218045 0.0586023 0.0126428 0.00355968
 0.644478 0.282925 0.0545351 0.014158 0.0039044
 0.623858 0.278736 0.0778339 0.0147076 0.00486447
 0.677066 0.23521 0.0654149 0.0178323 0.00447653
 0.623021 0.291498 0.0627244 0.0169773 0.00577871
 0.318134 0.496442 0.144256 0.0302238 0.0109442
pobs_pel_tallas
 0 0 0 0 0 0 0 0 0 0 0 0 0 0 0 0 0 0 0 0 0 0 0 0 0 0 0 0 0 0 0 0 0 0 0 0
 0 0 0 0 0 0 0 0 0 0 0 0 0 0 0 0 0 0 0 0 0 0 0 0 0 0 0 0 0 0 0 0 0 0 0 0
 0 0 0 0 0 0 0 0 0 0 0 0 0 0 0 0 0 0 0 0 0 0 0 0 0 0 0 0 0 0 0 0 0 0 0 0
 0 0 0 0 0 0 0 0 0 0 0 0 0 0 0 0 0 0 0 0 0 0 0 0 0 0 0 0 0 0 0 0 0 0 0 0
 0 0 0 0 0 0 0 0 0 0 0 0 0 0 0 0 0 0 0 0 0 0 0 0 0 0 0 0 0 0 0 0 0 0 0 0
 0 0 0 0 0 0 0 0 0 0 0 0 0 0 0 0 0 0 0 0 0 0 0 0 0 0 0 0 0 0 0 0 0 0 0 0
 0 0 0 0 0 0 0 0 0 0 0 0 0 0 0 0 0 0 0 0 0 0 0 0 0 0 0 0 0 0 0 0 0 0 0 0
 0 0 0 0 0 0 0 0 0 0 0 0 0 0 0 0 0 0 0 0 0 0 0 0 0 0 0 0 0 0 0 0 0 0 0 0
 0 0 0 0 0 0 0 0 0 0 0 0 0 0 0 0 0 0 0 0 0 0 0 0 0 0 0 0 0 0 0 0 0 0 0 0
 0 0 0 0 0 0 0 0 0 0 0 0 0 0 0 0 0 0 0 0 0 0 0 0 0 0 0 0 0 0 0 0 0 0 0 0
 0 0 0 0 0 0 0 0 1.78061e-05 0.00172719 0.00360574 0.0105946 0.0120993 0.0124554 0.0147524 0.0171206 0.0266825 0.0428682 0.0675386 0.121331 0.153587 0.119568 0.100827 0.0573624 0.0630603 0.0341343 0.0324427 0.0444173 0.0211091 0.0280891 0.0125444 0.00206551 0 0 0 0
 0 0 0 0 0 0 0 0 0 0 0 0 0 0 0 0 0 0 0 0 0 0 0 0 0 0 0 0 0 0 0 0 0 0 0 0
 0 0 0 0 0 0 0.0133647 0.0140871 0.0187388 0.0205184 0.03894 0.0496705 0.03968 0.0493445 0.0407372 0.0367815 0.0215668 0.0243155 0.0234873 0.0199281 0.019796 0.0243948 0.0301388 0.0376714 0.0412746 0.0863199 0.0771752 0.113111 0.0741005 0.0525337 0.0229764 0.00759418 0.00175318 0 0 0
 0 0 0 0 0 0 0 0 0 0 0.00219441 0.00772107 0.0458388 0.0604681 0.0671733 0.0775358 0.0609151 0.0617685 0.073594 0.0568108 0.0755445 0.0548602 0.0670107 0.0636378 0.0643287 0.046367 0.0373049 0.0286899 0.0247887 0.0153202 0.00654259 0.00121912 0.000365735 0 0 0
 0 0 0 0 0 0 0 0 0 0 0 0 0.000112435 0.00938835 0.0111873 0.0202946 0.0414886 0.0713402 0.111592 0.104902 0.108894 0.110636 0.117776 0.105296 0.107544 0.0401394 0.0192827 0.0124803 0.00416011 0.0028671 0.000618394 0 0 0 0 0
 0 0 0 0 0 0 0 0 0 0 0.00291406 0.0102884 0.027416 0.0768956 0.0749926 0.110853 0.0956884 0.0897413 0.0766577 0.0534642 0.0500743 0.0551293 0.0594112 0.0620874 0.0668451 0.0424026 0.0208742 0.0120726 0.0048766 0.00582813 0.00118941 0.000297354 0 0 0 0
 0 0.00264628 0.0354308 0.0461629 0.0458689 0.0383711 0.0214643 0.0164657 0.0346957 0.0420465 0.0363128 0.0245516 0.0311673 0.0291091 0.0169068 0.0133784 0.00837989 0.0085269 0.0148486 0.0160247 0.0276389 0.0546898 0.0760071 0.122758 0.109233 0.0665981 0.0333725 0.0166128 0.00676272 0.00308733 0.000882094 0 0 0 0 0
 0 0 0 0 0 0 0 0.000805153 0.000690131 0.00759144 0.0133425 0.0154129 0.00931677 0.000345066 0.00356568 0.00563607 0.00851162 0.0253048 0.0502646 0.0516448 0.0657925 0.0565908 0.0611916 0.0827007 0.0866115 0.110766 0.145733 0.0935128 0.0569358 0.0249597 0.0138026 0.00621118 0.00161031 0.00115022 0 0
 0 0 0 0 0 0 0 0 0 0 0 0 0 0 0 0 0 0 0 0 0 0 0 0 0 0 0 0 0 0 0 0 0 0 0 0
 0.00147267 0.00158595 0.00478618 0.00569244 0.00954404 0.0108468 0.00647125 0.017049 0.0510054 0.094081 0.124002 0.0959785 0.0687766 0.0820023 0.061753 0.0591476 0.0492212 0.0479892 0.0443925 0.0268479 0.0217502 0.0140895 0.0121071 0.0120363 0.00920419 0.00665534 0.0049561 0.00860946 0.00930331 0.0156896 0.0114698 0.00855282 0.00243557 0.00046729 0 2.83206e-05
 0 0 0 0 0.000772559 0.00158375 0.000888443 0.00281984 0.00712685 0.0440552 0.0773331 0.111326 0.0921469 0.0852325 0.0710754 0.0886704 0.0786465 0.0553345 0.0373146 0.0185414 0.00753245 0.00457741 0.012979 0.0271748 0.0457355 0.0583668 0.034881 0.0177882 0.00938659 0.00492506 0.0015258 0.00185414 0.000309023 5.79419e-05 3.86279e-05 0
 0 0.00173294 0.00326652 0 0.00397197 0.00683976 0.00946217 0.0152591 0.00757587 0.0136028 0.0228656 0.0392903 0.0559909 0.0764795 0.0681675 0.0726916 0.0566044 0.0477403 0.0527397 0.0444891 0.0609904 0.0582453 0.0661739 0.0445044 0.0529084 0.0360697 0.0280645 0.0235558 0.0158879 0.00826598 0.00280645 0.00217768 0.000904811 0.00058276 9.20147e-05 0
 0 0 0 0 0 0 0 0 0 0 0 0 0 0 0 0 0 0 0 0 0 0 0 0 0 0 0 0 0 0 0 0 0 0 0 0
 0 0 0 0 0 0 0 0 0 0 0 0 0 0 0 0 0 0 0 0 0 0 0 0 0 0 0 0 0 0 0 0 0 0 0 0
 0 0 0 0 0 0 0 0 0 0 0 0 0 0 0 0 0 0 0 0 0 0 0 0 0 0 0 0 0 0 0 0 0 0 0 0
ppred_pel_tallas
 1.00976e-16 3.26328e-05 0.000191526 0.000910424 0.00350518 0.0109306 0.0276098 0.0564934 0.0936448 0.125764 0.136862 0.120735 0.0864545 0.0505124 0.0246207 0.0110259 0.00617603 0.00588246 0.00756979 0.0100869 0.0129285 0.015754 0.0182362 0.0200706 0.0210322 0.0210247 0.0201002 0.0184382 0.0162959 0.0139455 0.0116202 0.00948153 0.00761412 0.00603907 0.00473748 0.00367285
 1.00856e-16 3.12915e-05 0.000183648 0.000872961 0.00336092 0.0104807 0.0264735 0.0541688 0.089793 0.120596 0.13125 0.115813 0.0829935 0.0486176 0.0239343 0.0111192 0.00678684 0.00693353 0.00908608 0.0121136 0.0154784 0.0187783 0.0216139 0.0236158 0.0245182 0.02422 0.0228079 0.0205278 0.0177201 0.0147387 0.0118805 0.00934467 0.00722465 0.00552746 0.00420559 0.00318873
 1.01157e-16 2.58898e-05 0.000151925 0.000722125 0.00278012 0.00866947 0.0218986 0.0448092 0.0742825 0.0997783 0.108629 0.0959369 0.0689338 0.0407526 0.0207535 0.0108021 0.0081635 0.00957179 0.0129848 0.0174074 0.0222612 0.0270143 0.0311009 0.0339905 0.0352997 0.0348814 0.0328577 0.0295799 0.0255358 0.0212336 0.0171013 0.0134272 0.010349 0.00788037 0.00595627 0.00447796
 1.0157e-16 2.98685e-05 0.000175294 0.000833249 0.00320802 0.0100039 0.0252691 0.0517045 0.0857081 0.11511 0.12528 0.110548 0.0792252 0.0464206 0.0228734 0.0106643 0.00656774 0.00677029 0.00892172 0.0119547 0.0153682 0.0187885 0.0218392 0.024164 0.0254945 0.0257078 0.0248497 0.0231121 0.0207773 0.0181471 0.0154824 0.0129676 0.0107042 0.00872608 0.00702558 0.00557687
 1.01635e-16 2.94283e-05 0.000172708 0.000820951 0.00316066 0.00985619 0.0248961 0.0509414 0.0844439 0.113414 0.12344 0.108936 0.0780963 0.0458123 0.0226722 0.0107347 0.00682978 0.00720462 0.00954076 0.0127736 0.0163856 0.0199755 0.0231364 0.025486 0.0267421 0.0267853 0.0256826 0.0236607 0.0210423 0.0181668 0.0153215 0.0127023 0.0104074 0.0084563 0.00682058 0.00545306
 1.02383e-16 2.18924e-05 0.000128454 0.000610531 0.00235045 0.00732953 0.0185141 0.0378845 0.062806 0.0843715 0.0918782 0.0811986 0.0584636 0.034804 0.0181702 0.0101844 0.00858075 0.0106339 0.014629 0.0196981 0.0252801 0.0308105 0.0356696 0.0392678 0.0411691 0.0411896 0.0394348 0.0362578 0.0321613 0.0276736 0.0232427 0.0191749 0.015624 0.0126207 0.0101199 0.00804587
 1.02514e-16 2.91001e-05 0.000170785 0.000811817 0.00312551 0.00974658 0.0246191 0.0503745 0.0835031 0.112148 0.122053 0.107694 0.0771653 0.0451849 0.0222122 0.0102707 0.00621643 0.00633594 0.00834791 0.0112288 0.0145149 0.0178719 0.0209627 0.0234625 0.0251172 0.0257947 0.0255064 0.0243899 0.022662 0.0205612 0.0182975 0.0160242 0.0138348 0.0117757 0.00986694 0.00811937
 1.02095e-16 2.65184e-05 0.000155619 0.000739698 0.0028478 0.00888053 0.0224317 0.0458995 0.0760886 0.1022 0.111253 0.0982278 0.0705204 0.0415712 0.0209507 0.0105499 0.00754837 0.00858969 0.0115868 0.015548 0.0199342 0.0242758 0.028079 0.0308789 0.0323351 0.0323088 0.0308908 0.0283682 0.0251439 0.021638 0.0182027 0.0150738 0.0123635 0.0100847 0.00819124 0.00661526
 1.017e-16 2.97364e-05 0.000174518 0.00082956 0.00319381 0.00995958 0.0251572 0.0514756 0.0853289 0.114602 0.124728 0.110065 0.0788875 0.0462398 0.022816 0.0106901 0.00665338 0.00691019 0.00911935 0.0122135 0.0156856 0.0191524 0.0222278 0.0245475 0.0258399 0.0259854 0.0250394 0.0232075 0.0207874 0.018094 0.0153962 0.0128803 0.0106432 0.00871032 0.00706325 0.005666
 1.01536e-16 2.85365e-05 0.00016747 0.000796044 0.00306476 0.00955711 0.0241406 0.0493959 0.0818829 0.109978 0.119707 0.10566 0.0757876 0.044538 0.0221901 0.010754 0.00716958 0.00780647 0.0104158 0.0139502 0.0178763 0.0217596 0.0251526 0.0276354 0.0289005 0.028822 0.0274813 0.0251378 0.0221569 0.018921 0.0157534 0.012873 0.0103876 0.00831402 0.00661364 0.00522527
 1.02032e-16 2.31074e-05 0.000135588 0.000644451 0.00248105 0.00773683 0.0195429 0.0399893 0.0662943 0.0890542 0.0969686 0.085676 0.0616411 0.0366025 0.0189384 0.0103441 0.00840998 0.0102465 0.0140399 0.018886 0.024222 0.0294982 0.0341164 0.0375089 0.0392574 0.039188 0.0374068 0.0342597 0.0302368 0.0258534 0.0215462 0.0176138 0.0142058 0.0113506 0.00900124 0.00707979
 1.02797e-16 2.35302e-05 0.000138075 0.000656285 0.00252663 0.00787897 0.0199019 0.0407235 0.0675098 0.0906821 0.0987284 0.0872005 0.0626719 0.0370826 0.0189456 0.00996585 0.00767039 0.00910697 0.012438 0.0167781 0.0216188 0.026488 0.0308734 0.0342809 0.0363338 0.0368535 0.0358917 0.0336997 0.0306524 0.0271529 0.0235497 0.0200902 0.0169126 0.0140678 0.0115546 0.00935114
 1.01841e-16 3.02886e-05 0.000177761 0.000844981 0.00325319 0.0101448 0.0256249 0.0524325 0.0869145 0.11673 0.12704 0.112094 0.0803185 0.0470318 0.0231196 0.0106863 0.00645536 0.0065549 0.00860005 0.0115116 0.0147907 0.0180733 0.0209966 0.0232195 0.0244872 0.0246866 0.0238677 0.0222206 0.0200201 0.0175565 0.015077 0.0127511 0.0106663 0.00884451 0.00726898 0.00590866
 1.00634e-16 3.31467e-05 0.000194542 0.000924759 0.00356037 0.0111027 0.0280445 0.057383 0.0951197 0.127746 0.139021 0.122645 0.0878336 0.051341 0.0250665 0.0112944 0.00641796 0.0061809 0.00796038 0.0105741 0.0134897 0.0163387 0.0187667 0.0204497 0.0211566 0.020804 0.0194745 0.0173923 0.0148645 0.0122082 0.00968876 0.00748168 0.00566671 0.00424468 0.00316664 0.00236296
 1.00238e-16 3.64708e-05 0.000214063 0.00101758 0.00391776 0.0122172 0.0308596 0.0631425 0.104664 0.140557 0.152943 0.13488 0.0964941 0.0561977 0.0270539 0.0115396 0.0056499 0.00467511 0.0057265 0.00753511 0.00958794 0.0115881 0.0132746 0.0144139 0.0148417 0.0145014 0.0134575 0.0118772 0.00998803 0.0080243 0.00618149 0.00458876 0.00330376 0.00232492 0.00161276 0.00111149
 1.00302e-16 3.37137e-05 0.000197871 0.000940586 0.0036213 0.0112927 0.0285245 0.0583651 0.0967475 0.129932 0.141398 0.124739 0.0893274 0.0522017 0.025463 0.0114322 0.00643773 0.0061473 0.00789071 0.0104642 0.0133269 0.0161067 0.0184478 0.0200264 0.0206141 0.0201325 0.0186715 0.0164645 0.0138282 0.0110894 0.00852055 0.00630187 0.00451379 0.00315417 0.00216788 0.00147693
 1.0078e-16 2.8133e-05 0.000165098 0.000784759 0.00302129 0.00942156 0.0237983 0.0486958 0.0807235 0.108424 0.118025 0.104198 0.0747868 0.0440465 0.022124 0.0110165 0.00772189 0.00866901 0.0116351 0.015563 0.0198813 0.0240982 0.0277021 0.0302161 0.0312976 0.0308186 0.0288946 0.0258489 0.0221277 0.0181954 0.0144426 0.0111319 0.00838766 0.00621957 0.00456413 0.0033258
 1.01356e-16 2.90184e-05 0.000170301 0.000809503 0.00311658 0.00971873 0.0245489 0.0502311 0.0832668 0.111835 0.121724 0.10743 0.0770342 0.0452247 0.0224476 0.0107389 0.00697972 0.00747401 0.00993648 0.013312 0.0170776 0.0208182 0.0241088 0.0265487 0.0278408 0.0278574 0.0266653 0.0244996 0.0216974 0.0186157 0.0155602 0.0127431 0.0102758 0.00818674 0.00645217 0.00502569
 1.01677e-16 2.73396e-05 0.000160442 0.000762627 0.00293609 0.00915585 0.0231271 0.0473223 0.0784464 0.105365 0.114693 0.101251 0.0726617 0.0427746 0.0214484 0.0106223 0.00737838 0.00824924 0.0110831 0.0148673 0.0190676 0.023231 0.0268842 0.0295809 0.0309919 0.0309788 0.0296225 0.0271913 0.0240668 0.0206502 0.017282 0.0141951 0.011507 0.00924105 0.00736299 0.00581475
 1.01504e-16 3.08567e-05 0.000181097 0.000860838 0.00331425 0.0103352 0.0261058 0.0534165 0.0885454 0.118919 0.129421 0.11419 0.0818105 0.047885 0.0235008 0.0107979 0.00643385 0.00646075 0.00844711 0.0112945 0.0144992 0.0176982 0.0205318 0.022663 0.0238405 0.0239544 0.0230572 0.0213407 0.019082 0.0165741 0.0140672 0.011734 0.00966478 0.00788246 0.00636919 0.00509061
 1.01536e-16 2.81265e-05 0.000165062 0.000784594 0.00302067 0.00941962 0.0237934 0.0486855 0.0807056 0.108398 0.11799 0.104152 0.0747226 0.0439453 0.0219563 0.0107426 0.00729391 0.008036 0.0107524 0.0144051 0.018456 0.0224586 0.0259506 0.0284979 0.0297831 0.029677 0.0282657 0.025819 0.0227168 0.0193566 0.0160738 0.0130957 0.0105333 0.00840338 0.00666439 0.00525127
 1.01929e-16 2.72272e-05 0.000159783 0.000759497 0.00292404 0.00911828 0.0230322 0.0471281 0.0781242 0.104931 0.114219 0.100828 0.0723475 0.0425689 0.0213072 0.0104907 0.00721111 0.00801496 0.0107625 0.0144533 0.0185679 0.0226718 0.0263107 0.0290536 0.0305787 0.0307438 0.029614 0.0274329 0.0245529 0.0213475 0.0181363 0.0151408 0.0124775 0.0101778 0.00822112 0.00656541
 1.01828e-16 2.95456e-05 0.000173398 0.000824232 0.0031733 0.00989561 0.0249956 0.051145 0.0847809 0.113866 0.123928 0.10936 0.078384 0.0459489 0.0226803 0.01064 0.00664071 0.00691237 0.00912968 0.0122326 0.0157173 0.0192025 0.0223031 0.0246556 0.0259884 0.0261808 0.0252857 0.0235058 0.0211344 0.0184822 0.0158145 0.0133144 0.0110775 0.00912929 0.00745306 0.00601584
 1.01839e-16 2.71912e-05 0.000159571 0.000758485 0.00292014 0.00910611 0.0230015 0.0470653 0.0780204 0.104793 0.114071 0.100704 0.0722725 0.0425528 0.0213507 0.0105961 0.00738834 0.00827971 0.0111303 0.0149319 0.0191507 0.023333 0.027004 0.0297164 0.0311406 0.031139 0.0297938 0.0273752 0.0242662 0.0208684 0.0175217 0.0144569 0.0117886 0.00953717 0.0076655 0.00611392
 1.0376e-16 1.39052e-05 8.15508e-05 0.000387527 0.00149178 0.00465179 0.0117505 0.0240466 0.039873 0.0535878 0.0584183 0.051777 0.0376045 0.0230383 0.0132238 0.00931028 0.00998032 0.0135947 0.0190849 0.0258128 0.0332077 0.0405809 0.0471401 0.0521197 0.0549446 0.0553576 0.0534679 0.0497012 0.044676 0.0390487 0.0333811 0.0280633 0.0233015 0.0191538 0.0155885 0.0125384
pSPR Fmed_Fpbrs
0.507899   0.6 0.325
Fs Fmed_Fpbrs
0.663531   0.448111 1.53429
SSBpbr Bo_Bmed_Bpbrs
881025  403421  484564 242282
Ro
34639.1
SPR SPRFo_SPRFmed_SPRFpbrs
711379 361309 231198
log_Ro
10.2727
likeval ReclasPelacesDesembMPH_pf_preclas_ppelaces_ptallas_desvR_qrecl_qpela
 63.8026 15.0662 0.008532 0.000201171 309.198 189.348 69.6578 0 16.2992 7.85685e-06 8.11871e-05 9.27473e-15 0 0 0
q_reclas_q_pelaces
0.672201 3.6035
M
0.7
N
 36137 10819 3507.22 413.364 0.227499
 43902.3 16212.2 2734.43 666.023 76.8398
 22534.6 19864 4335.63 562.736 149.824
 34233.1 9526.84 3382.31 469.286 74.4664
 61141.7 16425.2 3763.95 1213.04 193.562
 42850.1 30182.8 7841.58 1767.26 659.583
 77678.9 20131.1 10366.3 2304.03 704.461
 75669.2 37243.9 7915.87 3692.75 1063.52
 99057.8 35059.1 11662.2 2039.16 1206.83
 116884 45479.9 10333.7 2756.41 754.08
 66990.7 54779.8 15371.1 2967.62 995.494
 46089.9 29890.5 13351.3 2771.9 698.147
 45792.8 20841.5 7962.25 2732.33 695.788
 24804.4 19587.1 3835.49 962.609 401.177
 14418.9 9173.55 1370.19 117.041 39.0143
 13288.1 5098.96 476.366 27.36 2.89325
 10118.7 5710.63 968.28 60.2211 3.70656
 11648.3 4517.7 1397.73 175.665 11.3338
 12451.1 5378.7 1383.2 348.73 45.9273
 19971.3 5831.9 1810.51 394.937 111.264
 26202.2 9323.94 1921.15 501.309 138.286
 33914.7 12645.6 3829.74 728.188 240.925
 54369.2 16266.4 4984.03 1368.78 343.749
 64480 25902.6 6131.23 1671.68 569.227
 23037.4 30739.6 9805.82 2069.2 749.556
pred_Ctot
 2524.34 3969.9 1644.01 196.594 0.10828
 2820.7 5573.14 1210.08 299.207 34.5474
 2431.62 9964.78 2649.1 347.697 92.6264
 833.674 1418.91 688.435 97.3941 15.4705
 259.639 457.094 147.999 48.7566 7.78906
 1667.3 6836.79 2372.67 544.302 203.338
 1930.42 3054.45 2147.77 486.711 148.966
 3660.06 10159.6 2843.75 1348.95 388.844
 5398.39 10557.6 4583.85 814.465 482.433
 4741.12 10679.8 3233.29 877.729 240.347
 4919.67 20886 7450.58 1458.94 489.772
 2979.29 10324.5 5933.53 1250.5 315.21
 4605.66 9973.1 4680.59 1625.19 414.11
 4630.95 13422.8 2972.52 750.829 313.021
 3043.9 6638.95 1102.65 94.701 31.5764
 1296.85 2390.16 275.294 16.0024 1.69329
 738.886 2167.91 467.572 29.4958 1.81681
 589.999 1280.71 520.082 66.4476 4.29093
 510.245 1274.25 436.349 111.956 14.7581
 862.615 1445.44 595.54 132.171 37.2701
 531.016 1171.89 332.171 88.4233 24.4174
 834.535 1901.4 786.633 152.503 50.5087
 1591.63 2863.94 1189.85 332.995 83.7105
 1858.42 4496.88 1444.34 401.316 136.791
 650.029 5235.3 2268.27 487.821 176.888
F
 0.101551 0.675377 0.961254 0.983157 0.984337
 0.093059 0.618898 0.880867 0.900939 0.90202
 0.16094 1.07035 1.52341 1.55812 1.55999
 0.0343797 0.228646 0.325428 0.332843 0.333242
 0.00592026 0.0393732 0.0560393 0.0573162 0.057385
 0.0554402 0.36871 0.524779 0.536737 0.537381
 0.0350944 0.233398 0.332192 0.339761 0.340169
 0.0693378 0.461138 0.65633 0.671285 0.672091
 0.0784331 0.521627 0.742423 0.75934 0.760251
 0.0578562 0.384778 0.547649 0.560127 0.5608
 0.107014 0.711707 1.01296 1.03604 1.03729
 0.0936499 0.622827 0.88646 0.906659 0.907747
 0.149257 0.992648 1.41282 1.44501 1.44675
 0.294699 1.95992 2.78952 2.85308 2.85651
 0.339503 2.25789 3.21362 3.28685 3.29079
 0.144539 0.961272 1.36816 1.39934 1.40102
 0.106378 0.70748 1.00694 1.02989 1.03113
 0.0727159 0.483604 0.688306 0.703989 0.704835
 0.0584668 0.388839 0.553428 0.566038 0.566718
 0.0617114 0.410417 0.58414 0.59745 0.598168
 0.028537 0.189788 0.270122 0.276277 0.276608
 0.0347439 0.231068 0.328875 0.336369 0.336772
 0.0414563 0.275709 0.392412 0.401353 0.401835
 0.0408033 0.271366 0.386232 0.395032 0.395506
 0.0399311 0.265565 0.377975 0.386587 0.387052
nmprior
 10.6 11 7 0
nm_flota  nm_reclas  nm_pelaces    nm_pelaL
inf 18.8388 14.8445 25.4611
cv_recla  cv_pelaces  cv_mph
0.722511 0.440123 0.460173
 ------------------------------------------------
Talla a la edad & desviación 
 7.2 14.2025 17.0495 18.207 18.6776
 1.08 2.13037 2.55742 2.73105 2.80164
