years
 1997 1998 1999 2000 2001 2002 2003 2004 2005 2006 2007 2008 2009 2010 2011 2012 2013 2014 2015 2016 2017 2018 2019 2020 2021
reclasobs
 0 0 0 370054 412103 1.49427e+06 250295 1.28982e+06 931140 785840 897777 1.04006e+06 184774 17550 25797 100020 73551 82996 120727 218422 84188 347160 605670 569463 516374
reclaspred
 481641 124398 314347 215765 352916 434043 948574 652336 738178 761550 647551 450019 277617 115580 68833 65693.4 78821.2 105771 114032 154606 233628 220753 382356 484694 516006
pelacesobs
 0 0 0 0 0 0 0 0 0 2.06254e+06 1.5e+06 0 1.87456e+06 323000 250000 174000 83755 137374 0 501740 490994 745055 786931 1.00524e+06 0
pelacespred
 1.91239e+06 438975 654535 732708 1.05474e+06 1.04538e+06 2.63094e+06 2.15563e+06 2.18663e+06 2.29375e+06 1.70116e+06 1.23871e+06 737629 236967 142135 150622 190063 269864 296118 390447 685658 636062 846888 1.26038e+06 1.41212e+06
mphobs
 0 0 0 0 0 112323 0 153150 637223 0 255016 313432 73983 77613 109348 50772 0 0 0 0 0 0 0 0 0
mphpred
 176916 97063.4 107702 104333 122604 209332 297720 367831 316338 338985 355529 251220 158258 82240 35159.7 28056.1 31381 41399.6 51962 58808.2 88433.1 109096 136594 194600 256557
desembarqueobs
 350755 77701 442110 56441 14545 235359 269955 359681 431902 328805 639364 411747 362871 311530 167758 66681 60226 58785 57116 73181 50977 67692 138656 160484 209506
desembarquepred
 350761 77699.2 442088 56444.1 14545.3 235437 270019 359673 431944 328811 639311 411776 362929 311619 167583 66676.7 60252.9 58778.3 57100.5 73177.5 50979.7 67682.6 138659 160493 209504
Reclutas
 36144.4 43914.4 22550.5 34262.7 61182.8 42876.1 77710.9 75663.2 99011.6 116809 67043.8 46106.1 45771.3 24809.1 14411.6 13274.9 10117.4 11654.4 12442.1 19947.9 26189.7 33955.3 54713.4 65347.1 23427.7
log_desv_Rt
 0.0410354 0.235754 -0.43073 -0.0124293 0.567379 0.211827 0.806507 0.779804 1.04875 1.21406 0.658858 0.284457 0.277169 -0.335279 -0.878455 -0.96061 -1.23223 -1.09081 -1.02541 -0.553363 -0.281121 -0.0214438 0.455622 0.633226 -0.39257
SSB
 444545 243895 270626 262162 308072 525998 748094 924265 794876 851781 893352 631252 397663 206648 88347.3 70497.8 78852.3 104027 130567 147770 222210 274129 343225 488980 644663
BT
 1.53425e+06 372821 649700 480995 628994 741120 1.79076e+06 1.64181e+06 1.71237e+06 1.65717e+06 1.53676e+06 1.07368e+06 788843 431293 227761 144706 162299 206354 213778 288721 443404 408533 570337 846917 926287
Ftot
 0.985212 0.902523 1.56009 0.333091 0.0573555 0.537053 0.339938 0.671797 0.7602 0.561086 1.03821 0.908251 1.44711 2.85832 3.29303 1.4027 1.03293 0.70582 0.567098 0.598798 0.277024 0.337171 0.401681 0.393465 0.382549
BD_Bspro_t
 0.909244 0.636361 0.55681 0.375268 0.540645 0.719959 0.665948 0.683437 0.616152 0.587739 0.568578 0.411267 0.308324 0.208772 0.113205 0.111868 0.166598 0.27269 0.374942 0.463213 0.592013 0.701232 0.711813 0.720202 0.721804
BD_Bspro
 0.623967 0.342333 0.379853 0.367973 0.432412 0.738295 1.05003 1.29731 1.11569 1.19557 1.25392 0.886031 0.558162 0.290053 0.124005 0.0989513 0.110678 0.146013 0.183265 0.207411 0.311895 0.38477 0.481753 0.686336 0.904854
BD_Bo
 0.504202 0.276625 0.306944 0.297343 0.349415 0.596586 0.848487 1.0483 0.901547 0.966088 1.01324 0.715965 0.451028 0.23438 0.100203 0.0799585 0.0894341 0.117987 0.148089 0.1676 0.25203 0.310916 0.389285 0.554599 0.731175
BD_Brms
 0.91673 0.502955 0.55808 0.540624 0.635299 1.0847 1.5427 1.906 1.63918 1.75652 1.84225 1.30175 0.820051 0.426145 0.182188 0.145379 0.162607 0.214521 0.269253 0.304728 0.458236 0.565302 0.70779 1.00836 1.32941
S_f
 0.103045 0.685809 0.976455 0.998733 0.999933
 0.103045 0.685809 0.976455 0.998733 0.999933
 0.103045 0.685809 0.976455 0.998733 0.999933
 0.103045 0.685809 0.976455 0.998733 0.999933
 0.103045 0.685809 0.976455 0.998733 0.999933
 0.103045 0.685809 0.976455 0.998733 0.999933
 0.103045 0.685809 0.976455 0.998733 0.999933
 0.103045 0.685809 0.976455 0.998733 0.999933
 0.103045 0.685809 0.976455 0.998733 0.999933
 0.103045 0.685809 0.976455 0.998733 0.999933
 0.103045 0.685809 0.976455 0.998733 0.999933
 0.103045 0.685809 0.976455 0.998733 0.999933
 0.103045 0.685809 0.976455 0.998733 0.999933
 0.103045 0.685809 0.976455 0.998733 0.999933
 0.103045 0.685809 0.976455 0.998733 0.999933
 0.103045 0.685809 0.976455 0.998733 0.999933
 0.103045 0.685809 0.976455 0.998733 0.999933
 0.103045 0.685809 0.976455 0.998733 0.999933
 0.103045 0.685809 0.976455 0.998733 0.999933
 0.103045 0.685809 0.976455 0.998733 0.999933
 0.103045 0.685809 0.976455 0.998733 0.999933
 0.103045 0.685809 0.976455 0.998733 0.999933
 0.103045 0.685809 0.976455 0.998733 0.999933
 0.103045 0.685809 0.976455 0.998733 0.999933
 0.103045 0.685809 0.976455 0.998733 0.999933
Scru_reclas
 0.748856 0.996791 0.999969 1 1
 0.748856 0.996791 0.999969 1 1
 0.748856 0.996791 0.999969 1 1
 0.748856 0.996791 0.999969 1 1
 0.748856 0.996791 0.999969 1 1
 0.748856 0.996791 0.999969 1 1
 0.748856 0.996791 0.999969 1 1
 0.748856 0.996791 0.999969 1 1
 0.748856 0.996791 0.999969 1 1
 0.748856 0.996791 0.999969 1 1
 0.748856 0.996791 0.999969 1 1
 0.748856 0.996791 0.999969 1 1
 0.748856 0.996791 0.999969 1 1
 0.748856 0.996791 0.999969 1 1
 0.748856 0.996791 0.999969 1 1
 0.748856 0.996791 0.999969 1 1
 0.748856 0.996791 0.999969 1 1
 0.748856 0.996791 0.999969 1 1
 0.748856 0.996791 0.999969 1 1
 0.748856 0.996791 0.999969 1 1
 0.748856 0.996791 0.999969 1 1
 0.748856 0.996791 0.999969 1 1
 0.748856 0.996791 0.999969 1 1
 0.748856 0.996791 0.999969 1 1
 0.748856 0.996791 0.999969 1 1
Scru_pelaces
 0.70438 1 1 1 1
 0.70438 1 1 1 1
 0.70438 1 1 1 1
 0.70438 1 1 1 1
 0.70438 1 1 1 1
 0.70438 1 1 1 1
 0.70438 1 1 1 1
 0.70438 1 1 1 1
 0.70438 1 1 1 1
 0.70438 1 1 1 1
 0.70438 1 1 1 1
 0.70438 1 1 1 1
 0.70438 1 1 1 1
 0.70438 1 1 1 1
 0.70438 1 1 1 1
 0.70438 1 1 1 1
 0.70438 1 1 1 1
 0.70438 1 1 1 1
 0.70438 1 1 1 1
 0.70438 1 1 1 1
 0.70438 1 1 1 1
 0.70438 1 1 1 1
 0.70438 1 1 1 1
 0.70438 1 1 1 1
 0.70438 1 1 1 1
pf_obs 
 0.256992 0.487395 0.22802 0.0275931 0
 0.321318 0.546541 0.124235 0.00734118 0.000564706
 0.182869 0.594174 0.210203 0.0122559 0.00049798
 0.330522 0.361315 0.267642 0.0388342 0.00168674
 0.649043 0.306663 0.0425973 0.00169635 0
 0.582887 0.30429 0.105238 0.00758474 0
 0.465427 0.430635 0.0974691 0.00646863 0
 0.296916 0.608066 0.0921331 0.00288517 0
 0.311714 0.524322 0.152257 0.0117073 0
 0.15457 0.633149 0.183074 0.0267441 0.00246327
 0.131901 0.49318 0.331252 0.0422183 0.00144891
 0.196976 0.569456 0.194076 0.0375587 0.00193317
 0.518974 0.381816 0.0799577 0.0180837 0.00116848
 0.0928022 0.601141 0.25162 0.0475244 0.00691264
 0.122501 0.610282 0.24278 0.0234846 0.000952079
 0.383417 0.481906 0.127806 0.00687128 0
 0.0376549 0.599619 0.316969 0.0457579 0
 0.0361596 0.667082 0.258105 0.0386534 0
 0.158088 0.579412 0.248529 0.0139706 0
 0.0477256 0.309471 0.559284 0.082774 0.000745712
 0.0406174 0.521527 0.379366 0.0568643 0.0016247
 0.151134 0.462217 0.34131 0.0453401 0
 0.294876 0.26143 0.354403 0.0886775 0.000613685
 0.281977 0.475581 0.204845 0.0348837 0.00271318
 0.0354234 0.537034 0.353287 0.0723622 0.0018943
pf_pred 
 0.302843 0.4763 0.197256 0.0235878 1.30177e-05
 0.283742 0.560976 0.121728 0.0300809 0.00347298
 0.156969 0.643537 0.171094 0.0224297 0.00597136
 0.272818 0.464712 0.225522 0.0318888 0.0050584
 0.281595 0.496239 0.160759 0.0529534 0.00845338
 0.143292 0.588116 0.20423 0.0468605 0.0175014
 0.248221 0.393189 0.276677 0.0627159 0.019197
 0.19863 0.552134 0.154674 0.0733989 0.0211635
 0.246889 0.483465 0.210152 0.037357 0.0221369
 0.239548 0.540125 0.163679 0.0444655 0.0121828
 0.139819 0.593118 0.211664 0.0414671 0.0139319
 0.143151 0.496651 0.285003 0.0600486 0.0151457
 0.215971 0.468425 0.219967 0.0762195 0.0194175
 0.2096 0.60755 0.134682 0.034017 0.0141512
 0.278711 0.608722 0.101004 0.00867295 0.00288948
 0.325591 0.600756 0.0692147 0.00401371 0.000424475
 0.217036 0.636492 0.137285 0.00865511 0.000531771
 0.239808 0.520475 0.211037 0.0269415 0.00173834
 0.217098 0.543202 0.185851 0.0475821 0.00626671
 0.280417 0.470396 0.194073 0.0430133 0.0121012
 0.2472 0.545518 0.154706 0.0412163 0.0113599
 0.224212 0.510322 0.211002 0.0409091 0.0135541
 0.263513 0.472116 0.19585 0.0547542 0.0137661
 0.224149 0.539285 0.172452 0.0478281 0.0162854
 0.0739512 0.59481 0.256456 0.0549131 0.0198699
pobs_RECLAS
 0 0 0 0 0
 0 0 0 0 0
 0 0 0 0 0
 0 0 0 0 0
 0.835266 0.146461 0.0176864 0.000547809 3.91292e-05
 0.385257 0.428462 0.181853 0.0044286 0
 0.867414 0.0963971 0.0333333 0.00285562 0
 0.441836 0.489002 0.0689373 0.000224442 0
 0.779404 0.147425 0.0564933 0.0165055 0.000172143
 0.814271 0.122319 0.05973 0.00367925 0
 0.40263 0.566651 0.0304383 0.000280538 0
 0.475488 0.404961 0.113038 0.00651328 0
 0.955842 0.0263864 0.0167828 0.000988607 0
 0.975058 0.0227948 0.00214734 0 0
 0.738997 0.206755 0.0527124 0.00153531 0
 0.850938 0.134255 0.0134407 0.00136685 0
 0.542534 0.407297 0.0501686 0 0
 0.764087 0.199537 0.0359546 0.000420521 0
 0.470689 0.182191 0.310203 0.0369168 0
 0.84361 0.089868 0.0606195 0.00523954 0.000663233
 0.607945 0.314616 0.071237 0.00620181 0
 0.523733 0.453247 0.0230204 0 0
 0.530135 0.295979 0.169645 0.0042399 0
 0.562478 0.366248 0.0663022 0.0049721 0
 0.250443 0.683176 0.0655157 0.000865301 0
ppred_RECLAS
 0.717897 0.214584 0.0604667 0.00704889 3.88488e-06
 0.690155 0.260784 0.0386684 0.00931882 0.00107446
 0.527614 0.392784 0.0685475 0.00873354 0.00232154
 0.680971 0.228926 0.0776718 0.0107314 0.00170019
 0.684043 0.240609 0.0548634 0.0176678 0.00281706
 0.486697 0.390251 0.0941013 0.0210853 0.00786497
 0.661946 0.206873 0.101754 0.0225368 0.00688989
 0.586347 0.316028 0.0611459 0.028323 0.00815601
 0.657105 0.248181 0.0742207 0.0128742 0.00761897
 0.639522 0.281346 0.0591479 0.0156904 0.00429346
 0.488454 0.392331 0.094992 0.0181377 0.00608545
 0.502637 0.333163 0.130605 0.0268353 0.00675944
 0.635512 0.252765 0.0785289 0.0264631 0.00673163
 0.650843 0.297296 0.0385866 0.00938039 0.00389426
 0.736319 0.239073 0.0221758 0.0018257 0.000606875
 0.731414 0.248409 0.0189916 0.00107133 0.000113132
 0.608974 0.338279 0.0495176 0.00304269 0.000186687
 0.643912 0.270435 0.0756235 0.0094225 0.000607179
 0.611023 0.298197 0.0707632 0.0176906 0.00232694
 0.691638 0.225902 0.0645634 0.0139712 0.0039256
 0.644276 0.28131 0.0558654 0.0145448 0.00400388
 0.62048 0.278667 0.0805452 0.0152586 0.00504925
 0.671455 0.236652 0.0684899 0.0187063 0.00469721
 0.618237 0.292722 0.0653223 0.0176992 0.00601906
 0.312876 0.495509 0.14914 0.0311994 0.0112752
pobs_PELACES
 0 0 0 0 0
 0 0 0 0 0
 0 0 0 0 0
 0 0 0 0 0
 0 0 0 0 0
 0 0 0 0 0
 0 0 0 0 0
 0 0 0 0 0
 0 0 0 0 0
 0 0 0 0 0
 0.450072 0.473896 0.0757376 0.000293798 0
 0 0 0 0 0
 0.463077 0.371075 0.160297 0.00555027 0
 0.529543 0.364841 0.0842815 0.0213345 0
 0.631943 0.363953 0.00410389 0 0
 0.735681 0.248677 0.0153453 0.000297389 0
 0.695825 0.281241 0.0229344 0 0
 0.275771 0.60734 0.115278 0.00161068 0
 0 0 0 0 0
 0.896147 0.0623911 0.0374545 0.00400742 0
 0.803859 0.145111 0.0509908 3.86294e-05 0
 0.739449 0.233085 0.0266225 0.000797448 4.60066e-05
 0.878498 0.100942 0.0204185 0.000141795 0
 0.694673 0.275183 0.0284847 0.00165964 0
 0 0 0 0 0
ppred_PELACES
 0.746829 0.196996 0.050345 0.00582642 3.20988e-06
 0.715828 0.242522 0.0328738 0.00786973 0.000907054
 0.591594 0.347976 0.0521217 0.00656483 0.00174398
 0.683033 0.229707 0.0752464 0.0103706 0.0016428
 0.672849 0.249656 0.0564341 0.0181654 0.00289633
 0.499669 0.38539 0.0879828 0.0196361 0.00732283
 0.665269 0.207718 0.0985775 0.0217782 0.00665706
 0.60578 0.30603 0.0553401 0.0255067 0.00734305
 0.67982 0.236604 0.0655738 0.0113106 0.00669161
 0.652311 0.274767 0.0545643 0.0144145 0.00394344
 0.528067 0.370505 0.0809467 0.0153379 0.00514397
 0.53746 0.319065 0.114279 0.0233238 0.00587283
 0.692555 0.222419 0.0599546 0.0199894 0.00508195
 0.758644 0.21331 0.0209804 0.00499412 0.00207096
 0.835038 0.153505 0.0103495 0.000831654 0.000276087
 0.771513 0.213394 0.0142155 0.000793657 8.37636e-05
 0.643471 0.312551 0.0413045 0.00251875 0.000154477
 0.663831 0.259616 0.0676304 0.00838271 0.000540024
 0.624708 0.291572 0.0653199 0.0162613 0.00213846
 0.705703 0.219098 0.0589358 0.012697 0.00356673
 0.64315 0.283972 0.0547408 0.0142226 0.00391474
 0.622796 0.279596 0.0779933 0.0147381 0.00487637
 0.676838 0.235514 0.065376 0.0178026 0.00446958
 0.623134 0.291747 0.0624943 0.0168835 0.00574077
 0.317248 0.497869 0.143992 0.0300371 0.0108535
pobs_pel_tallas
 0 0 0 0 0 0 0 0 0 0 0 0 0 0 0 0 0 0 0 0 0 0 0 0 0 0 0 0 0 0 0 0 0 0 0 0
 0 0 0 0 0 0 0 0 0 0 0 0 0 0 0 0 0 0 0 0 0 0 0 0 0 0 0 0 0 0 0 0 0 0 0 0
 0 0 0 0 0 0 0 0 0 0 0 0 0 0 0 0 0 0 0 0 0 0 0 0 0 0 0 0 0 0 0 0 0 0 0 0
 0 0 0 0 0 0 0 0 0 0 0 0 0 0 0 0 0 0 0 0 0 0 0 0 0 0 0 0 0 0 0 0 0 0 0 0
 0 0 0 0 0 0 0 0 0 0 0 0 0 0 0 0 0 0 0 0 0 0 0 0 0 0 0 0 0 0 0 0 0 0 0 0
 0 0 0 0 0 0 0 0 0 0 0 0 0 0 0 0 0 0 0 0 0 0 0 0 0 0 0 0 0 0 0 0 0 0 0 0
 0 0 0 0 0 0 0 0 0 0 0 0 0 0 0 0 0 0 0 0 0 0 0 0 0 0 0 0 0 0 0 0 0 0 0 0
 0 0 0 0 0 0 0 0 0 0 0 0 0 0 0 0 0 0 0 0 0 0 0 0 0 0 0 0 0 0 0 0 0 0 0 0
 0 0 0 0 0 0 0 0 0 0 0 0 0 0 0 0 0 0 0 0 0 0 0 0 0 0 0 0 0 0 0 0 0 0 0 0
 0 0 0 0 0 0 0 0 0 0 0 0 0 0 0 0 0 0 0 0 0 0 0 0 0 0 0 0 0 0 0 0 0 0 0 0
 0 0 0 0 0 0 0 0 1.78061e-05 0.00172719 0.00360574 0.0105946 0.0120993 0.0124554 0.0147524 0.0171206 0.0266825 0.0428682 0.0675386 0.121331 0.153587 0.119568 0.100827 0.0573624 0.0630603 0.0341343 0.0324427 0.0444173 0.0211091 0.0280891 0.0125444 0.00206551 0 0 0 0
 0 0 0 0 0 0 0 0 0 0 0 0 0 0 0 0 0 0 0 0 0 0 0 0 0 0 0 0 0 0 0 0 0 0 0 0
 0 0 0 0 0 0 0.0133647 0.0140871 0.0187388 0.0205184 0.03894 0.0496705 0.03968 0.0493445 0.0407372 0.0367815 0.0215668 0.0243155 0.0234873 0.0199281 0.019796 0.0243948 0.0301388 0.0376714 0.0412746 0.0863199 0.0771752 0.113111 0.0741005 0.0525337 0.0229764 0.00759418 0.00175318 0 0 0
 0 0 0 0 0 0 0 0 0 0 0.00219441 0.00772107 0.0458388 0.0604681 0.0671733 0.0775358 0.0609151 0.0617685 0.073594 0.0568108 0.0755445 0.0548602 0.0670107 0.0636378 0.0643287 0.046367 0.0373049 0.0286899 0.0247887 0.0153202 0.00654259 0.00121912 0.000365735 0 0 0
 0 0 0 0 0 0 0 0 0 0 0 0 0.000112435 0.00938835 0.0111873 0.0202946 0.0414886 0.0713402 0.111592 0.104902 0.108894 0.110636 0.117776 0.105296 0.107544 0.0401394 0.0192827 0.0124803 0.00416011 0.0028671 0.000618394 0 0 0 0 0
 0 0 0 0 0 0 0 0 0 0 0.00291406 0.0102884 0.027416 0.0768956 0.0749926 0.110853 0.0956884 0.0897413 0.0766577 0.0534642 0.0500743 0.0551293 0.0594112 0.0620874 0.0668451 0.0424026 0.0208742 0.0120726 0.0048766 0.00582813 0.00118941 0.000297354 0 0 0 0
 0 0.00264628 0.0354308 0.0461629 0.0458689 0.0383711 0.0214643 0.0164657 0.0346957 0.0420465 0.0363128 0.0245516 0.0311673 0.0291091 0.0169068 0.0133784 0.00837989 0.0085269 0.0148486 0.0160247 0.0276389 0.0546898 0.0760071 0.122758 0.109233 0.0665981 0.0333725 0.0166128 0.00676272 0.00308733 0.000882094 0 0 0 0 0
 0 0 0 0 0 0 0 0.000805153 0.000690131 0.00759144 0.0133425 0.0154129 0.00931677 0.000345066 0.00356568 0.00563607 0.00851162 0.0253048 0.0502646 0.0516448 0.0657925 0.0565908 0.0611916 0.0827007 0.0866115 0.110766 0.145733 0.0935128 0.0569358 0.0249597 0.0138026 0.00621118 0.00161031 0.00115022 0 0
 0 0 0 0 0 0 0 0 0 0 0 0 0 0 0 0 0 0 0 0 0 0 0 0 0 0 0 0 0 0 0 0 0 0 0 0
 0.00147267 0.00158595 0.00478618 0.00569244 0.00954404 0.0108468 0.00647125 0.017049 0.0510054 0.094081 0.124002 0.0959785 0.0687766 0.0820023 0.061753 0.0591476 0.0492212 0.0479892 0.0443925 0.0268479 0.0217502 0.0140895 0.0121071 0.0120363 0.00920419 0.00665534 0.0049561 0.00860946 0.00930331 0.0156896 0.0114698 0.00855282 0.00243557 0.00046729 0 2.83206e-05
 0 0 0 0 0.000772559 0.00158375 0.000888443 0.00281984 0.00712685 0.0440552 0.0773331 0.111326 0.0921469 0.0852325 0.0710754 0.0886704 0.0786465 0.0553345 0.0373146 0.0185414 0.00753245 0.00457741 0.012979 0.0271748 0.0457355 0.0583668 0.034881 0.0177882 0.00938659 0.00492506 0.0015258 0.00185414 0.000309023 5.79419e-05 3.86279e-05 0
 0 0.00173294 0.00326652 0 0.00397197 0.00683976 0.00946217 0.0152591 0.00757587 0.0136028 0.0228656 0.0392903 0.0559909 0.0764795 0.0681675 0.0726916 0.0566044 0.0477403 0.0527397 0.0444891 0.0609904 0.0582453 0.0661739 0.0445044 0.0529084 0.0360697 0.0280645 0.0235558 0.0158879 0.00826598 0.00280645 0.00217768 0.000904811 0.00058276 9.20147e-05 0
 0 0 0 0 0 0 0 0 0 0 0 0 0 0 0 0 0 0 0 0 0 0 0 0 0 0 0 0 0 0 0 0 0 0 0 0
 0 0 0 0 0 0 0 0 0 0 0 0 0 0 0 0 0 0 0 0 0 0 0 0 0 0 0 0 0 0 0 0 0 0 0 0
 0 0 0 0 0 0 0 0 0 0 0 0 0 0 0 0 0 0 0 0 0 0 0 0 0 0 0 0 0 0 0 0 0 0 0 0
ppred_pel_tallas
 1.0098e-16 3.2586e-05 0.000191251 0.000909118 0.00350015 0.0109149 0.0275701 0.0564124 0.0935105 0.125584 0.136666 0.120563 0.0863327 0.0504441 0.0245929 0.0110227 0.00618717 0.00590415 0.00760195 0.0101306 0.0129846 0.0158223 0.0183152 0.0201574 0.0211228 0.021115 0.0201861 0.0185166 0.0163647 0.014004 0.0116684 0.00952042 0.00764498 0.00606327 0.00475626 0.00368728
 1.00859e-16 3.1236e-05 0.000183322 0.00087141 0.00335494 0.0104621 0.0264264 0.0540726 0.0896335 0.120382 0.131017 0.115609 0.0828489 0.0485369 0.0239019 0.0111164 0.00680169 0.00696168 0.00912758 0.0121699 0.0155504 0.0188655 0.021714 0.0237249 0.0246309 0.0243308 0.0229115 0.0206202 0.0177989 0.0148032 0.0119315 0.00938382 0.00725405 0.00554922 0.00422159 0.00320046
 1.01161e-16 2.58231e-05 0.000151534 0.000720264 0.00277296 0.00864713 0.0218422 0.0446937 0.0740911 0.0995214 0.108349 0.0956917 0.0687604 0.0406557 0.0207144 0.0107985 0.00818101 0.00960511 0.013034 0.0174741 0.0223466 0.0271178 0.0312199 0.0341203 0.0354341 0.0350138 0.0329819 0.0296911 0.025631 0.021312 0.0171637 0.0134754 0.0103854 0.00790751 0.0059763 0.00449265
 1.01577e-16 2.98056e-05 0.000174925 0.000831492 0.00320125 0.00998278 0.0252158 0.0515955 0.0855275 0.114868 0.125017 0.110316 0.0790612 0.0463284 0.0228354 0.0106591 0.00658138 0.00679749 0.00896222 0.0120099 0.0154393 0.0188754 0.0219402 0.0242756 0.0256121 0.0258262 0.0249638 0.023218 0.020872 0.0182295 0.0155523 0.0130258 0.0107519 0.00876476 0.00705652 0.00560127
 1.01643e-16 2.93622e-05 0.00017232 0.000819106 0.00315356 0.00983404 0.0248401 0.0508269 0.0842542 0.11316 0.123163 0.108693 0.0779242 0.0457157 0.0226325 0.0107295 0.00684455 0.00723383 0.00958417 0.0128328 0.0164616 0.0200683 0.0232438 0.0256044 0.0268664 0.0269099 0.0258021 0.0237709 0.0211405 0.0182517 0.0153931 0.0127617 0.0104562 0.00849596 0.00685257 0.00547862
 1.02392e-16 2.18163e-05 0.000128007 0.000608406 0.00234226 0.00730401 0.0184497 0.0377526 0.0625874 0.0840782 0.0915595 0.0809184 0.0582652 0.0346926 0.0181244 0.0101784 0.0085977 0.0106675 0.0146789 0.0197661 0.0253675 0.0309171 0.0357932 0.039404 0.0413121 0.041333 0.0395725 0.0363849 0.0322745 0.0277715 0.0233255 0.0192437 0.0156805 0.0126667 0.0101569 0.0080755
 1.02527e-16 2.90301e-05 0.000170374 0.000809862 0.00311798 0.00972311 0.0245599 0.0502532 0.0833021 0.111878 0.12176 0.107436 0.0769824 0.0450817 0.0221687 0.0102629 0.00622836 0.0063614 0.00838627 0.0112815 0.0145833 0.0179562 0.0210618 0.0235737 0.0252366 0.0259178 0.0256288 0.0245075 0.022772 0.0206618 0.0183876 0.0161038 0.0139039 0.0118349 0.00991684 0.00816062
 1.02105e-16 2.644e-05 0.000155159 0.000737508 0.00283937 0.00885423 0.0223653 0.0457637 0.0758634 0.101898 0.110925 0.0979391 0.070316 0.0414564 0.0209035 0.0105436 0.00756568 0.00862402 0.0116379 0.0156175 0.0200236 0.0243848 0.0282052 0.031018 0.0324812 0.0324553 0.0310316 0.0284982 0.02526 0.0217389 0.0182885 0.0151458 0.0124233 0.0101341 0.00823186 0.00664842
 1.0171e-16 2.96657e-05 0.000174103 0.000827584 0.00318621 0.00993585 0.0250973 0.051353 0.0851257 0.114329 0.124432 0.109804 0.078703 0.0461361 0.0227731 0.0106838 0.00666797 0.00693964 0.0091633 0.0122735 0.0157629 0.0192471 0.0223379 0.0246695 0.0259689 0.0261159 0.0251659 0.0233259 0.0208945 0.0181883 0.0154777 0.0129494 0.0107012 0.00875852 0.00710287 0.00569815
 1.01544e-16 2.84677e-05 0.000167066 0.000794123 0.00305736 0.00953404 0.0240824 0.0492767 0.0816854 0.109713 0.119419 0.105407 0.0756083 0.0444374 0.0221488 0.0107487 0.00718507 0.00783704 0.0104612 0.014012 0.0179558 0.0218565 0.0252648 0.027759 0.0290302 0.0289518 0.0276058 0.0252524 0.0222588 0.0190089 0.0158275 0.0129345 0.010438 0.00835503 0.00664678 0.00525183
 1.02038e-16 2.3054e-05 0.000135274 0.00064296 0.00247531 0.00771892 0.0194977 0.0398968 0.066141 0.0888484 0.096745 0.0854794 0.061502 0.0365245 0.0189066 0.0103402 0.00842248 0.0102709 0.0140761 0.0189353 0.0242853 0.0295753 0.0342055 0.0376067 0.0393597 0.0392901 0.0375042 0.0343487 0.0303153 0.0259204 0.021602 0.0176594 0.0142426 0.0113801 0.00902466 0.0070983
 1.02803e-16 2.34616e-05 0.000137672 0.000654368 0.00251925 0.00785595 0.0198437 0.0406045 0.0673126 0.0904175 0.0984409 0.0869478 0.0624931 0.0369824 0.0189049 0.00996133 0.00768713 0.00913937 0.0124859 0.0168433 0.0217024 0.0265897 0.0309907 0.0344094 0.0364678 0.0369866 0.0360179 0.0338142 0.0307524 0.0272373 0.023619 0.0201458 0.0169565 0.0141022 0.0115814 0.00937182
 1.01848e-16 3.02204e-05 0.000177361 0.000843077 0.00324586 0.0101219 0.0255672 0.0523143 0.0867187 0.116467 0.126754 0.111843 0.0801408 0.046932 0.0230786 0.0106808 0.00647038 0.00658472 0.00864441 0.0115721 0.0148685 0.0181682 0.0211067 0.023341 0.024615 0.024815 0.0239912 0.0223347 0.020122 0.0176449 0.0151518 0.0128133 0.0107174 0.00888604 0.00730241 0.00593527
 1.00636e-16 3.31018e-05 0.000194278 0.000923505 0.00355553 0.0110876 0.0280064 0.0573051 0.0949907 0.127573 0.138833 0.12248 0.0877166 0.0512757 0.0250403 0.0112921 0.00642997 0.00620367 0.00799394 0.0106196 0.0135479 0.0164092 0.0188477 0.0205378 0.0212478 0.0208936 0.0195583 0.0174671 0.0149282 0.0122604 0.00973003 0.00751338 0.00569056 0.00426239 0.00317971 0.0023726
 1.00239e-16 3.64304e-05 0.000213826 0.00101645 0.00391341 0.0122036 0.0308254 0.0630725 0.104548 0.140401 0.152774 0.134732 0.0963891 0.0561392 0.0270306 0.0115382 0.00566161 0.00469692 0.00575855 0.00757846 0.00964325 0.0116549 0.013351 0.0144967 0.0149267 0.0145842 0.0135339 0.0119443 0.0100439 0.00806869 0.00621514 0.00461321 0.00332087 0.00233653 0.00162047 0.00111654
 1.00303e-16 3.36629e-05 0.000197573 0.000939167 0.00361584 0.0112756 0.0284814 0.058277 0.0966016 0.129736 0.141186 0.124553 0.0891953 0.052128 0.0254337 0.0114302 0.00645222 0.00617438 0.00793052 0.010518 0.0133957 0.0161898 0.018543 0.0201296 0.0207203 0.0202361 0.0187675 0.0165489 0.0138989 0.0111459 0.00856377 0.00633363 0.00453633 0.00316974 0.00217843 0.001484
 1.00782e-16 2.80837e-05 0.000164809 0.000783383 0.00301599 0.00940504 0.0237566 0.0486104 0.0805819 0.108234 0.117819 0.104016 0.0746586 0.043975 0.0220953 0.0110142 0.00773529 0.00869432 0.0116724 0.0156135 0.0199459 0.0241764 0.0277918 0.0303138 0.0313986 0.0309177 0.028987 0.025931 0.0221974 0.0182521 0.014487 0.0111656 0.00841248 0.00623754 0.00457697 0.00333491
 1.01358e-16 2.89695e-05 0.000170013 0.000808137 0.00311132 0.00970232 0.0245074 0.0501463 0.0831263 0.111646 0.121519 0.10725 0.0769069 0.0451536 0.022419 0.0107365 0.00699279 0.00749881 0.00997303 0.0133616 0.017141 0.020895 0.024197 0.0266448 0.0279403 0.0279551 0.0267568 0.0245813 0.021767 0.0186727 0.0156051 0.0127775 0.0103015 0.00820563 0.00646589 0.00503559
 1.01681e-16 2.72648e-05 0.000160003 0.000760538 0.00292804 0.00913077 0.0230638 0.0471927 0.0782316 0.105076 0.11438 0.100976 0.072467 0.0426657 0.0214043 0.0106179 0.00739735 0.00828561 0.0111368 0.0149403 0.0191611 0.0233445 0.027015 0.029724 0.0311405 0.0311259 0.0297611 0.0273163 0.0241749 0.0207402 0.0173546 0.0142523 0.011551 0.0092746 0.00738831 0.00583371
 1.01512e-16 3.07936e-05 0.000180726 0.000859076 0.00330747 0.010314 0.0260524 0.0533072 0.0883643 0.118676 0.129157 0.113958 0.081646 0.0477926 0.0234627 0.0107925 0.00644733 0.00648772 0.0084873 0.0113494 0.0145699 0.0177845 0.0206322 0.022774 0.0239575 0.0240724 0.0231711 0.0214466 0.0191772 0.0166572 0.014138 0.0117934 0.00971375 0.0079224 0.00640138 0.00511621
 1.01542e-16 2.80686e-05 0.000164722 0.000782979 0.00301445 0.00940022 0.0237444 0.0485852 0.0805395 0.108175 0.117748 0.103939 0.0745719 0.0438608 0.0219217 0.0107385 0.00730742 0.00806242 0.0107916 0.0144584 0.0185244 0.0225419 0.0260469 0.0286038 0.0298938 0.0297875 0.028371 0.0259154 0.0228018 0.0194293 0.0161344 0.0131453 0.0105734 0.00843551 0.00668999 0.00527153
 1.01933e-16 2.7181e-05 0.000159511 0.000758206 0.00291907 0.00910278 0.022993 0.0470479 0.0779914 0.104753 0.114025 0.100658 0.0722271 0.0425014 0.0212797 0.0104876 0.00722225 0.00803658 0.0107945 0.0144968 0.0186238 0.0227397 0.0263891 0.0291396 0.0306684 0.030833 0.0296988 0.0275101 0.0246205 0.0214047 0.0181834 0.0151788 0.0125077 0.0102017 0.00823983 0.00658
 1.01826e-16 2.95356e-05 0.000173339 0.000823955 0.00317223 0.00989228 0.0249872 0.0511278 0.0847524 0.113828 0.123887 0.109323 0.0783583 0.0459348 0.0226751 0.0106404 0.00664486 0.00691961 0.00914016 0.0122467 0.0157351 0.0192237 0.022327 0.0246809 0.0260137 0.0262044 0.0253063 0.0235223 0.0211463 0.0184897 0.015818 0.0133147 0.0110755 0.00912588 0.00744899 0.00601167
 1.01831e-16 2.71962e-05 0.0001596 0.000758623 0.00292067 0.00910777 0.0230057 0.0470738 0.0780346 0.104812 0.114092 0.100722 0.072286 0.0425611 0.0213555 0.0105997 0.00739217 0.00828483 0.0111372 0.0149408 0.0191614 0.0233448 0.0270159 0.0297269 0.0311482 0.0311423 0.0297915 0.0273667 0.0242516 0.0208484 0.0174976 0.0144303 0.0117611 0.0095102 0.00764035 0.00609147
 1.03746e-16 1.38666e-05 8.13242e-05 0.000386449 0.00148763 0.00463885 0.0117179 0.0239797 0.0397622 0.0534392 0.058257 0.0516355 0.0375052 0.0229843 0.0132049 0.00931438 0.0100001 0.0136283 0.0191333 0.0258775 0.0332893 0.0406778 0.0472484 0.0522333 0.0550563 0.0554595 0.0535535 0.0497657 0.0447174 0.0390677 0.0333805 0.0280473 0.023275 0.0191214 0.0155542 0.0125051
pSPR Fmed_Fpbrs
0.508057   0.6 0.325
Fs Fmed_Fpbrs
0.663321   0.448249 1.53505
SSBpbr Bo_Bmed_Bpbrs
881681  403860  484924 242462
Ro
34691.3
SPR SPRFo_SPRFmed_SPRFpbrs
712449 361965 231546
log_Ro
10.2742
likeval ReclasPelacesDesembMPH_pf_preclas_ppelaces_ptallas_desvR_qrecl_qpela
 63.754 15.0892 0.00854062 0.000201293 309.215 189.358 69.6277 0 16.3179 7.89925e-06 8.18686e-05 9.56173e-15 0 0 0
q_reclas_q_pelaces
0.671482 3.6229
M
0.7
N
 36144.4 10815.4 3505.59 413.16 0.227841
 43914.4 16216.1 2732.75 665.208 76.7399
 22550.5 19870.6 4336.4 562.162 149.573
 34262.7 9535.28 3384.87 469.391 74.3806
 61182.8 16440.3 3768.06 1214.18 193.602
 42876.1 30203.5 7849.11 1769.25 660.156
 77710.9 20145.4 10377.5 2307.1 705.464
 75663.2 37261.7 7923.57 3697.68 1065.23
 99011.6 35060.2 11672.6 2041.86 1208.93
 116809 45463.2 10336.8 2759.2 755.271
 67043.8 54747.2 15365.2 2967.85 996.376
 46106.1 29915.1 13339.3 2768.6 697.752
 45771.3 20850 7968.35 2728.76 694.742
 24809.1 19580.6 3837.84 963.131 400.53
 14411.6 9176.76 1369.27 116.938 38.9479
 13274.9 5097.26 476.296 27.2904 2.88429
 10117.4 5704.96 967.266 60.1213 3.69108
 11654.4 4516.88 1395.07 175.189 11.2938
 12442.1 5381.41 1382.32 347.755 45.7578
 19947.9 5827.84 1811.27 394.561 110.903
 26189.7 9313.09 1919.35 501.24 138.003
 33955.3 12639.4 3824.53 727.226 240.697
 54713.4 16285.9 4980.78 1366.43 343.199
 65347.1 26068.3 6140 1670.9 568.365
 23427.7 31161 9883.6 2076.37 750.558
pred_Ctot
 2524.14 3969.86 1644.08 196.599 0.1085
 2819.77 5574.87 1209.71 298.938 34.5137
 2430.79 9965.69 2649.52 347.342 92.4713
 833.047 1418.99 688.628 97.3721 15.4458
 259.373 457.077 148.073 48.7745 7.78627
 1665.38 6835.25 2373.62 544.626 203.407
 1927.66 3053.47 2148.65 487.046 149.082
 3654 10157.1 2845.38 1350.25 389.325
 5389.33 10553.5 4587.4 815.464 483.224
 4734.98 10676.3 3235.33 878.92 240.81
 4922.15 20880 7451.41 1459.8 490.457
 2978.53 10333.7 5930.01 1249.42 315.134
 4599.47 9975.88 4684.56 1623.22 413.528
 4629.56 13419.3 2974.81 751.355 312.566
 3041.03 6641.8 1102.07 94.631 31.5272
 1295.58 2390.51 275.417 15.9712 1.68906
 739.19 2167.79 467.571 29.4779 1.81112
 590.424 1281.45 519.587 66.3317 4.27991
 509.617 1275.12 436.267 111.695 14.7105
 861.492 1445.14 596.229 132.145 37.1773
 530.929 1171.65 332.272 88.5231 24.3985
 835.528 1901.72 786.299 152.448 50.5093
 1599.23 2865.22 1188.6 332.297 83.5449
 1871.67 4503.1 1440 399.371 135.985
 652.722 5250.01 2263.58 484.684 175.379
F
 0.101521 0.675667 0.962015 0.983963 0.985146
 0.0930004 0.618959 0.881274 0.901379 0.902463
 0.16076 1.06993 1.52336 1.55812 1.55999
 0.0343233 0.228437 0.325249 0.332669 0.333069
 0.00591019 0.0393349 0.0560051 0.0572828 0.0573517
 0.0553406 0.368316 0.524408 0.536372 0.537017
 0.0350288 0.233132 0.331934 0.339507 0.339915
 0.0692253 0.460725 0.65598 0.670946 0.671752
 0.0783347 0.521352 0.742301 0.759236 0.760149
 0.057817 0.384798 0.547876 0.560375 0.561049
 0.106982 0.712011 1.01376 1.03689 1.03814
 0.0935906 0.622886 0.886866 0.907099 0.90819
 0.149118 0.992444 1.41304 1.44528 1.44702
 0.294535 1.96026 2.79102 2.8547 2.85813
 0.33933 2.25839 3.2155 3.28886 3.29281
 0.144541 0.961985 1.36968 1.40092 1.40261
 0.106438 0.708392 1.00861 1.03162 1.03286
 0.0727311 0.484057 0.689201 0.704925 0.705772
 0.0584365 0.388921 0.553746 0.566379 0.56706
 0.0617031 0.410661 0.5847 0.59804 0.598759
 0.0285459 0.189986 0.270502 0.276673 0.277006
 0.0347437 0.231235 0.329232 0.336743 0.337148
 0.0413911 0.275476 0.392223 0.401172 0.401654
 0.0405445 0.269842 0.384201 0.392966 0.393439
 0.0394197 0.262355 0.373542 0.382064 0.382523
nmprior
 10.6 11 7 0
nm_flota  nm_reclas  nm_pelaces    nm_pelaL
inf 18.7651 14.9123 25.6009
cv_recla  cv_pelaces  cv_mph
0.722235 0.457085 0.460312
 ------------------------------------------------
Talla a la edad & desviación 
 7.2 14.2025 17.0495 18.207 18.6776
 1.08 2.13037 2.55742 2.73105 2.80164
