years
 1997 1998 1999 2000 2001 2002 2003 2004 2005 2006 2007 2008 2009 2010 2011 2012 2013 2014 2015 2016 2017 2018 2019 2020 2021
reclasobs
 0 0 0 370054 412103 1.49427e+06 250295 1.28982e+06 931140 785840 897777 1.04006e+06 184774 17550 25797 100020 73551 82996 120727 218422 84188 347160 605670 569463 516374
reclaspred
 487195 125661 321207 220282 357725 438879 951281 652500 735068 761757 650450 451487 276838 114628 68451.4 65398.5 78444.7 105072 113372 154080 233943 220892 375095 476286 528680
pelacesobs
 0 0 0 0 0 0 0 0 0 2.06254e+06 1.5e+06 0 1.87456e+06 323000 250000 174000 83755 137374 0 501740 490994 745055 786931 1.00524e+06 0
pelacespred
 1.93791e+06 449619 673348 754864 1.07737e+06 1.06688e+06 2.65471e+06 2.17124e+06 2.1892e+06 2.30696e+06 1.71864e+06 1.25007e+06 739323 235567 141892 150591 190037 269407 295787 391105 690358 641111 836496 1.24452e+06 1.44266e+06
mphobs
 0 0 0 0 0 112323 0 153150 637223 0 255016 313432 73983 77613 109348 50772 0 0 0 0 0 0 0 0 0
mphpred
 178964 98319 109323 106964 124899 212051 299441 368585 315841 337593 356404 252207 158404 81567.6 34851.7 27916.2 31217.6 41152.2 51560.6 58468.1 88280.3 109301 135843 188998 273662
desembarqueobs
 350755 77701 442110 56441 14545 235359 269955 359681 431902 328805 639364 411747 362871 311530 167758 66681 60226 58785 57116 73181 50977 67692 138656 160484 209506
desembarquepred
 350760 77699.3 442089 56443.9 14545.3 235433 270016 359669 431941 328811 639306 411772 362929 311619 167584 66677.5 60253.1 58778.3 57100.8 73178.1 50979.8 67682.6 138659 160496 209506
Reclutas
 36332.9 44145.7 23008.5 34616.7 61665.5 42415 77731.5 75406.6 98358.9 117760 67256.4 45861.2 45404.3 24923.8 14508.8 13254.2 10090.7 11582.4 12423.7 19961.6 26328.4 33711.1 51854.1 66846.2 25368.6
log_desv_Rt
 0.043321 0.238094 -0.413537 -0.00506554 0.572324 0.1981 0.803859 0.773493 1.03922 1.21925 0.659111 0.276218 0.266205 -0.333579 -0.874646 -0.965091 -1.23779 -1.09991 -1.0298 -0.555589 -0.278754 -0.0315742 0.399032 0.652993 -0.315888
SSB
 449357 246867 274497 268574 313607 532434 751859 925473 793039 847655 894886 633262 397733 204806 87508.4 70094.2 78383.6 103328 129463 146806 221661 274443 341085 474551 687132
BT
 1.54452e+06 376366 659499 489950 637408 747052 1.7952e+06 1.64121e+06 1.70527e+06 1.65753e+06 1.53931e+06 1.07424e+06 786709 429800 227236 144138 161575 205060 212440 287669 443748 408219 559291 837076 920172
Ftot
 0.962467 0.881574 1.5191 0.32207 0.0558431 0.526465 0.335852 0.665755 0.755788 0.558983 1.02929 0.899158 1.43605 2.8644 3.29446 1.39758 1.02951 0.705294 0.567994 0.598161 0.275439 0.334631 0.401968 0.403501 0.361839
BD_Bspro_t
 0.910562 0.639192 0.560598 0.380741 0.544888 0.722362 0.667017 0.683855 0.615693 0.586631 0.569033 0.411837 0.308127 0.207084 0.112207 0.111223 0.165638 0.27098 0.37248 0.461163 0.590961 0.701008 0.710058 0.713968 0.711871
BD_Bspro
 0.626669 0.344278 0.38281 0.37455 0.437353 0.742528 1.04853 1.29066 1.10596 1.18213 1.248 0.883141 0.554674 0.285621 0.122038 0.0977526 0.109313 0.144101 0.180547 0.204735 0.309126 0.382735 0.475674 0.661804 0.958267
BD_Bo
 0.506626 0.27833 0.30948 0.302803 0.353575 0.600291 0.847681 1.04342 0.894109 0.955685 1.00894 0.713969 0.448422 0.230908 0.098661 0.0790274 0.0883733 0.116497 0.145962 0.165516 0.249911 0.30942 0.384555 0.535031 0.774705
BD_Brms
 0.921139 0.506054 0.562692 0.55055 0.642863 1.09144 1.54124 1.89713 1.62565 1.73761 1.83443 1.29813 0.815314 0.419833 0.179384 0.143686 0.160679 0.211813 0.265386 0.300939 0.454384 0.562581 0.699191 0.972784 1.40855
S_f
 0.105797 0.692116 0.977123 0.998769 0.999935
 0.105797 0.692116 0.977123 0.998769 0.999935
 0.105797 0.692116 0.977123 0.998769 0.999935
 0.105797 0.692116 0.977123 0.998769 0.999935
 0.105797 0.692116 0.977123 0.998769 0.999935
 0.105797 0.692116 0.977123 0.998769 0.999935
 0.105797 0.692116 0.977123 0.998769 0.999935
 0.105797 0.692116 0.977123 0.998769 0.999935
 0.105797 0.692116 0.977123 0.998769 0.999935
 0.105797 0.692116 0.977123 0.998769 0.999935
 0.105797 0.692116 0.977123 0.998769 0.999935
 0.105797 0.692116 0.977123 0.998769 0.999935
 0.105797 0.692116 0.977123 0.998769 0.999935
 0.105797 0.692116 0.977123 0.998769 0.999935
 0.105797 0.692116 0.977123 0.998769 0.999935
 0.105797 0.692116 0.977123 0.998769 0.999935
 0.105797 0.692116 0.977123 0.998769 0.999935
 0.105797 0.692116 0.977123 0.998769 0.999935
 0.105797 0.692116 0.977123 0.998769 0.999935
 0.105797 0.692116 0.977123 0.998769 0.999935
 0.105797 0.692116 0.977123 0.998769 0.999935
 0.105797 0.692116 0.977123 0.998769 0.999935
 0.105797 0.692116 0.977123 0.998769 0.999935
 0.105797 0.692116 0.977123 0.998769 0.999935
 0.105797 0.692116 0.977123 0.998769 0.999935
Scru_reclas
 0.744623 1 1 1 1
 0.744623 1 1 1 1
 0.744623 1 1 1 1
 0.744623 1 1 1 1
 0.744623 1 1 1 1
 0.744623 1 1 1 1
 0.744623 1 1 1 1
 0.744623 1 1 1 1
 0.744623 1 1 1 1
 0.744623 1 1 1 1
 0.744623 1 1 1 1
 0.744623 1 1 1 1
 0.744623 1 1 1 1
 0.744623 1 1 1 1
 0.744623 1 1 1 1
 0.744623 1 1 1 1
 0.744623 1 1 1 1
 0.744623 1 1 1 1
 0.744623 1 1 1 1
 0.744623 1 1 1 1
 0.744623 1 1 1 1
 0.744623 1 1 1 1
 0.744623 1 1 1 1
 0.744623 1 1 1 1
 0.744623 1 1 1 1
Scru_pelaces
 0.700037 1 1 1 1
 0.700037 1 1 1 1
 0.700037 1 1 1 1
 0.700037 1 1 1 1
 0.700037 1 1 1 1
 0.700037 1 1 1 1
 0.700037 1 1 1 1
 0.700037 1 1 1 1
 0.700037 1 1 1 1
 0.700037 1 1 1 1
 0.700037 1 1 1 1
 0.700037 1 1 1 1
 0.700037 1 1 1 1
 0.700037 1 1 1 1
 0.700037 1 1 1 1
 0.700037 1 1 1 1
 0.700037 1 1 1 1
 0.700037 1 1 1 1
 0.700037 1 1 1 1
 0.700037 1 1 1 1
 0.700037 1 1 1 1
 0.700037 1 1 1 1
 0.700037 1 1 1 1
 0.700037 1 1 1 1
 0.700037 1 1 1 1
pf_obs 
 0.256992 0.487395 0.22802 0.0275931 0
 0.321318 0.546541 0.124235 0.00734118 0.000564706
 0.182869 0.594174 0.210203 0.0122559 0.00049798
 0.330522 0.361315 0.267642 0.0388342 0.00168674
 0.649043 0.306663 0.0425973 0.00169635 0
 0.582887 0.30429 0.105238 0.00758474 0
 0.465427 0.430635 0.0974691 0.00646863 0
 0.296916 0.608066 0.0921331 0.00288517 0
 0.311714 0.524322 0.152257 0.0117073 0
 0.15457 0.633149 0.183074 0.0267441 0.00246327
 0.131901 0.49318 0.331252 0.0422183 0.00144891
 0.196976 0.569456 0.194076 0.0375587 0.00193317
 0.518974 0.381816 0.0799577 0.0180837 0.00116848
 0.0928022 0.601141 0.25162 0.0475244 0.00691264
 0.122501 0.610282 0.24278 0.0234846 0.000952079
 0.383417 0.481906 0.127806 0.00687128 0
 0.0376549 0.599619 0.316969 0.0457579 0
 0.0361596 0.667082 0.258105 0.0386534 0
 0.158088 0.579412 0.248529 0.0139706 0
 0.0477256 0.309471 0.559284 0.082774 0.000745712
 0.0406174 0.521527 0.379366 0.0568643 0.0016247
 0.151134 0.462217 0.34131 0.0453401 0
 0.294876 0.26143 0.354403 0.0886775 0.000613685
 0.281977 0.475581 0.204845 0.0348837 0.00271318
 0 0 0 0 0
pf_pred 
 0.304805 0.475211 0.196479 0.0234923 1.28407e-05
 0.286009 0.557607 0.122207 0.030635 0.00354139
 0.160057 0.639571 0.171136 0.0230123 0.00622384
 0.273712 0.463863 0.224424 0.0326585 0.00534207
 0.283823 0.493094 0.160864 0.0534012 0.00881861
 0.142822 0.588096 0.203663 0.0474593 0.01796
 0.251797 0.38779 0.277216 0.0633983 0.019799
 0.201069 0.551397 0.15193 0.0739674 0.0216372
 0.249768 0.481731 0.20898 0.0369572 0.0225632
 0.245884 0.535973 0.161602 0.0443145 0.0122271
 0.142158 0.595308 0.207717 0.0409101 0.0139074
 0.144451 0.496303 0.284675 0.0594372 0.0151341
 0.218064 0.465761 0.219605 0.0770575 0.0195129
 0.215396 0.602397 0.13337 0.0343591 0.0144776
 0.285755 0.605567 0.0972806 0.00849433 0.00290293
 0.330387 0.598342 0.0670125 0.00384212 0.000416771
 0.220761 0.634612 0.135679 0.00843344 0.000514225
 0.243516 0.519632 0.20845 0.0267024 0.00169977
 0.221784 0.54133 0.183664 0.0470088 0.00621299
 0.285927 0.469345 0.190535 0.0422848 0.0119076
 0.252334 0.543972 0.152245 0.0403123 0.0111373
 0.225987 0.511709 0.208716 0.0403005 0.0132874
 0.257896 0.475147 0.198025 0.055133 0.0137988
 0.239397 0.522352 0.173083 0.0486677 0.0165004
 0.0810517 0.60679 0.2391 0.0534562 0.0196019
pobs_RECLAS
 0 0 0 0 0
 0 0 0 0 0
 0 0 0 0 0
 0 0 0 0 0
 0.835266 0.146461 0.0176864 0.000547809 3.91292e-05
 0.385257 0.428462 0.181853 0.0044286 0
 0.867414 0.0963971 0.0333333 0.00285562 0
 0.441836 0.489002 0.0689373 0.000224442 0
 0.779404 0.147425 0.0564933 0.0165055 0.000172143
 0.814271 0.122319 0.05973 0.00367925 0
 0.40263 0.566651 0.0304383 0.000280538 0
 0.475488 0.404961 0.113038 0.00651328 0
 0.955842 0.0263864 0.0167828 0.000988607 0
 0.975058 0.0227948 0.00214734 0 0
 0.738997 0.206755 0.0527124 0.00153531 0
 0.850938 0.134255 0.0134407 0.00136685 0
 0.542534 0.407297 0.0501686 0 0
 0.764087 0.199537 0.0359546 0.000420521 0
 0.470689 0.182191 0.310203 0.0369168 0
 0.84361 0.089868 0.0606195 0.00523954 0.000663233
 0.607945 0.314616 0.071237 0.00620181 0
 0.523733 0.453247 0.0230204 0 0
 0.530135 0.295979 0.169645 0.0042399 0
 0.562478 0.366248 0.0663022 0.0049721 0
 0.250443 0.683176 0.0655157 0.000865301 0
ppred_RECLAS
 0.713883 0.217351 0.061579 0.00718349 3.92128e-06
 0.686666 0.262877 0.0396392 0.0096981 0.00111964
 0.526019 0.392776 0.0696358 0.00910972 0.00246017
 0.675846 0.232116 0.0789667 0.0112358 0.00183568
 0.680637 0.242275 0.0559294 0.0181629 0.00299589
 0.478807 0.3955 0.0956718 0.0217864 0.0082345
 0.660235 0.205935 0.103476 0.0231374 0.00721703
 0.583256 0.318355 0.0609418 0.0289808 0.00846694
 0.654324 0.249823 0.0750038 0.0129519 0.00789739
 0.64115 0.279859 0.05887 0.0157741 0.00434695
 0.485965 0.395544 0.0942413 0.0181035 0.00614611
 0.498136 0.335677 0.132359 0.0269695 0.00685812
 0.63196 0.254067 0.0798188 0.0272609 0.0068932
 0.653458 0.294502 0.0384746 0.00954975 0.00401588
 0.738244 0.237786 0.0215484 0.0018061 0.000615878
 0.730368 0.249788 0.0186878 0.00104311 0.000112988
 0.607704 0.33954 0.0495686 0.00300511 0.000182991
 0.642136 0.272087 0.0757038 0.00947118 0.000602139
 0.610931 0.298453 0.0706227 0.0176618 0.00233142
 0.691318 0.226744 0.0641242 0.0139035 0.00391045
 0.644091 0.281984 0.055567 0.0143876 0.00397021
 0.616105 0.282555 0.0810101 0.0152937 0.00503641
 0.658894 0.245081 0.0716496 0.0195007 0.00487477
 0.632702 0.27869 0.0647743 0.0178046 0.0060292
 0.326945 0.495112 0.137024 0.0299505 0.0109693
pobs_PELACES
 0 0 0 0 0
 0 0 0 0 0
 0 0 0 0 0
 0 0 0 0 0
 0 0 0 0 0
 0 0 0 0 0
 0 0 0 0 0
 0 0 0 0 0
 0 0 0 0 0
 0 0 0 0 0
 0.450072 0.473896 0.0757376 0.000293798 0
 0 0 0 0 0
 0.463077 0.371075 0.160297 0.00555027 0
 0.529543 0.364841 0.0842815 0.0213345 0
 0.631943 0.363953 0.00410389 0 0
 0.735681 0.248677 0.0153453 0.000297389 0
 0.695825 0.281241 0.0229344 0 0
 0.275771 0.60734 0.115278 0.00161068 0
 0 0 0 0 0
 0.896147 0.0623911 0.0374545 0.00400742 0
 0.803859 0.145111 0.0509908 3.86294e-05 0
 0.739449 0.233085 0.0266225 0.000797448 4.60066e-05
 0.878498 0.100942 0.0204185 0.000141795 0
 0.694673 0.275183 0.0284847 0.00165964 0
 0 0 0 0 0
ppred_PELACES
 0.742686 0.199654 0.0516699 0.00598624 3.26652e-06
 0.712285 0.244567 0.0339438 0.00825254 0.00095243
 0.588958 0.348653 0.0535836 0.00693412 0.00187154
 0.677852 0.232672 0.076794 0.0109015 0.00178085
 0.66975 0.250858 0.0576075 0.0187004 0.00308448
 0.491807 0.390264 0.0898444 0.0203826 0.00770235
 0.663765 0.206366 0.100468 0.0224111 0.00698958
 0.603021 0.307791 0.0553435 0.0261937 0.0076507
 0.677459 0.237699 0.0664673 0.011416 0.00695885
 0.654375 0.272678 0.0544218 0.0145241 0.00400161
 0.525746 0.372985 0.0806667 0.0153824 0.00522021
 0.533053 0.321073 0.116335 0.0235525 0.00598715
 0.689445 0.223307 0.0612918 0.0207196 0.00523628
 0.761968 0.209859 0.0209417 0.00509266 0.00213922
 0.837182 0.151632 0.0100798 0.000825197 0.000281035
 0.771059 0.21404 0.0140409 0.000775944 8.40042e-05
 0.642829 0.31304 0.0414825 0.00249646 0.000151957
 0.662623 0.260553 0.0678419 0.00844494 0.000536749
 0.625222 0.291075 0.0652939 0.016263 0.00214631
 0.705815 0.219332 0.0586347 0.0126591 0.00355962
 0.643397 0.284071 0.0545467 0.0140957 0.00388924
 0.618783 0.282933 0.0786052 0.0148042 0.0048746
 0.664876 0.243374 0.0685106 0.0185929 0.00464713
 0.638616 0.276739 0.0619257 0.0169726 0.00574657
 0.330764 0.496773 0.132883 0.0289705 0.0106089
pobs_pel_tallas
 0 0 0 0 0 0 0 0 0 0 0 0 0 0 0 0 0 0 0 0 0 0 0 0 0 0 0 0 0 0 0 0 0 0 0 0
 0 0 0 0 0 0 0 0 0 0 0 0 0 0 0 0 0 0 0 0 0 0 0 0 0 0 0 0 0 0 0 0 0 0 0 0
 0 0 0 0 0 0 0 0 0 0 0 0 0 0 0 0 0 0 0 0 0 0 0 0 0 0 0 0 0 0 0 0 0 0 0 0
 0 0 0 0 0 0 0 0 0 0 0 0 0 0 0 0 0 0 0 0 0 0 0 0 0 0 0 0 0 0 0 0 0 0 0 0
 0 0 0 0 0 0 0 0 0 0 0 0 0 0 0 0 0 0 0 0 0 0 0 0 0 0 0 0 0 0 0 0 0 0 0 0
 0 0 0 0 0 0 0 0 0 0 0 0 0 0 0 0 0 0 0 0 0 0 0 0 0 0 0 0 0 0 0 0 0 0 0 0
 0 0 0 0 0 0 0 0 0 0 0 0 0 0 0 0 0 0 0 0 0 0 0 0 0 0 0 0 0 0 0 0 0 0 0 0
 0 0 0 0 0 0 0 0 0 0 0 0 0 0 0 0 0 0 0 0 0 0 0 0 0 0 0 0 0 0 0 0 0 0 0 0
 0 0 0 0 0 0 0 0 0 0 0 0 0 0 0 0 0 0 0 0 0 0 0 0 0 0 0 0 0 0 0 0 0 0 0 0
 0 0 0 0 0 0 0 0 0 0 0 0 0 0 0 0 0 0 0 0 0 0 0 0 0 0 0 0 0 0 0 0 0 0 0 0
 0 0 0 0 0 0 0 0 1.78061e-05 0.00172719 0.00360574 0.0105946 0.0120993 0.0124554 0.0147524 0.0171206 0.0266825 0.0428682 0.0675386 0.121331 0.153587 0.119568 0.100827 0.0573624 0.0630603 0.0341343 0.0324427 0.0444173 0.0211091 0.0280891 0.0125444 0.00206551 0 0 0 0
 0 0 0 0 0 0 0 0 0 0 0 0 0 0 0 0 0 0 0 0 0 0 0 0 0 0 0 0 0 0 0 0 0 0 0 0
 0 0 0 0 0 0 0.0133647 0.0140871 0.0187388 0.0205184 0.03894 0.0496705 0.03968 0.0493445 0.0407372 0.0367815 0.0215668 0.0243155 0.0234873 0.0199281 0.019796 0.0243948 0.0301388 0.0376714 0.0412746 0.0863199 0.0771752 0.113111 0.0741005 0.0525337 0.0229764 0.00759418 0.00175318 0 0 0
 0 0 0 0 0 0 0 0 0 0 0.00219441 0.00772107 0.0458388 0.0604681 0.0671733 0.0775358 0.0609151 0.0617685 0.073594 0.0568108 0.0755445 0.0548602 0.0670107 0.0636378 0.0643287 0.046367 0.0373049 0.0286899 0.0247887 0.0153202 0.00654259 0.00121912 0.000365735 0 0 0
 0 0 0 0 0 0 0 0 0 0 0 0 0.000112435 0.00938835 0.0111873 0.0202946 0.0414886 0.0713402 0.111592 0.104902 0.108894 0.110636 0.117776 0.105296 0.107544 0.0401394 0.0192827 0.0124803 0.00416011 0.0028671 0.000618394 0 0 0 0 0
 0 0 0 0 0 0 0 0 0 0 0.00291406 0.0102884 0.027416 0.0768956 0.0749926 0.110853 0.0956884 0.0897413 0.0766577 0.0534642 0.0500743 0.0551293 0.0594112 0.0620874 0.0668451 0.0424026 0.0208742 0.0120726 0.0048766 0.00582813 0.00118941 0.000297354 0 0 0 0
 0 0.00264628 0.0354308 0.0461629 0.0458689 0.0383711 0.0214643 0.0164657 0.0346957 0.0420465 0.0363128 0.0245516 0.0311673 0.0291091 0.0169068 0.0133784 0.00837989 0.0085269 0.0148486 0.0160247 0.0276389 0.0546898 0.0760071 0.122758 0.109233 0.0665981 0.0333725 0.0166128 0.00676272 0.00308733 0.000882094 0 0 0 0 0
 0 0 0 0 0 0 0 0.000805153 0.000690131 0.00759144 0.0133425 0.0154129 0.00931677 0.000345066 0.00356568 0.00563607 0.00851162 0.0253048 0.0502646 0.0516448 0.0657925 0.0565908 0.0611916 0.0827007 0.0866115 0.110766 0.145733 0.0935128 0.0569358 0.0249597 0.0138026 0.00621118 0.00161031 0.00115022 0 0
 0 0 0 0 0 0 0 0 0 0 0 0 0 0 0 0 0 0 0 0 0 0 0 0 0 0 0 0 0 0 0 0 0 0 0 0
 0.00147267 0.00158595 0.00478618 0.00569244 0.00954404 0.0108468 0.00647125 0.017049 0.0510054 0.094081 0.124002 0.0959785 0.0687766 0.0820023 0.061753 0.0591476 0.0492212 0.0479892 0.0443925 0.0268479 0.0217502 0.0140895 0.0121071 0.0120363 0.00920419 0.00665534 0.0049561 0.00860946 0.00930331 0.0156896 0.0114698 0.00855282 0.00243557 0.00046729 0 2.83206e-05
 0 0 0 0 0.000772559 0.00158375 0.000888443 0.00281984 0.00712685 0.0440552 0.0773331 0.111326 0.0921469 0.0852325 0.0710754 0.0886704 0.0786465 0.0553345 0.0373146 0.0185414 0.00753245 0.00457741 0.012979 0.0271748 0.0457355 0.0583668 0.034881 0.0177882 0.00938659 0.00492506 0.0015258 0.00185414 0.000309023 5.79419e-05 3.86279e-05 0
 0 0.00173294 0.00326652 0 0.00397197 0.00683976 0.00946217 0.0152591 0.00757587 0.0136028 0.0228656 0.0392903 0.0559909 0.0764795 0.0681675 0.0726916 0.0566044 0.0477403 0.0527397 0.0444891 0.0609904 0.0582453 0.0661739 0.0445044 0.0529084 0.0360697 0.0280645 0.0235558 0.0158879 0.00826598 0.00280645 0.00217768 0.000904811 0.00058276 9.20147e-05 0
 0 0 0 0 0 0 0 0 0 0 0 0 0 0 0 0 0 0 0 0 0 0 0 0 0 0 0 0 0 0 0 0 0 0 0 0
 0 0 0 0 0 0 0 0 0 0 0 0 0 0 0 0 0 0 0 0 0 0 0 0 0 0 0 0 0 0 0 0 0 0 0 0
 0 0 0 0 0 0 0 0 0 0 0 0 0 0 0 0 0 0 0 0 0 0 0 0 0 0 0 0 0 0 0 0 0 0 0 0
ppred_pel_tallas
 1.01005e-16 3.24054e-05 0.000190191 0.000904077 0.00348074 0.0108543 0.0274172 0.0560996 0.0929921 0.124888 0.13591 0.119898 0.0858614 0.0501786 0.0244818 0.0110041 0.00622071 0.00597392 0.00770667 0.0102741 0.0131704 0.016051 0.018583 0.0204565 0.0214422 0.0214419 0.0205078 0.0188222 0.0166463 0.0142568 0.0118905 0.00971203 0.00780754 0.00619894 0.00486753 0.00377675
 1.0089e-16 3.10816e-05 0.000182415 0.000867099 0.00333834 0.0104103 0.0262957 0.053805 0.0891902 0.119787 0.130371 0.11504 0.0824455 0.048309 0.0238055 0.0110982 0.00682675 0.00701595 0.00920957 0.0122826 0.0156968 0.0190464 0.0219272 0.0239647 0.0248894 0.0245986 0.023179 0.0208791 0.0180429 0.0150281 0.0121351 0.00956517 0.00741328 0.00568691 0.00433862 0.003298
 1.012e-16 2.57082e-05 0.000150859 0.000717056 0.00276061 0.00860861 0.0217449 0.0444947 0.0737612 0.0990785 0.107868 0.0952677 0.0684588 0.0404835 0.020638 0.0107772 0.00818736 0.00962734 0.0130697 0.017525 0.0224152 0.0272063 0.0313297 0.0342515 0.0355857 0.0351834 0.0331662 0.0298861 0.0258321 0.0215142 0.0173619 0.0136649 0.0105618 0.00806716 0.00611675 0.00461263
 1.01624e-16 2.95798e-05 0.000173599 0.000825188 0.00317698 0.00990708 0.0250246 0.0512043 0.0848792 0.113998 0.124071 0.109485 0.0784711 0.0459951 0.0226943 0.0106322 0.00661759 0.0068762 0.00908117 0.0121735 0.0156519 0.0191381 0.0222498 0.0246242 0.025988 0.0262158 0.0253535 0.0235957 0.0212287 0.018559 0.0158515 0.0132933 0.0109876 0.00896934 0.00723115 0.00574748
 1.01687e-16 2.92271e-05 0.000171527 0.000815335 0.00313904 0.00978877 0.0247258 0.050593 0.0838664 0.112639 0.122597 0.108195 0.0775702 0.0455145 0.0225449 0.010708 0.00685764 0.00726821 0.00963762 0.0129074 0.0165602 0.0201924 0.0233937 0.0257782 0.0270605 0.0271196 0.0260221 0.0239957 0.0213651 0.0184716 0.0156044 0.0129609 0.0106402 0.00866237 0.00699959 0.0056053
 1.02463e-16 2.14737e-05 0.000125995 0.000598841 0.00230543 0.00718916 0.0181595 0.0371591 0.0616038 0.0827577 0.0901242 0.0796564 0.0573705 0.034188 0.0179123 0.010141 0.00865783 0.0107945 0.0148699 0.0200279 0.0257065 0.0313342 0.0362821 0.0399507 0.0418969 0.0419334 0.0401664 0.0369536 0.0328045 0.0282549 0.0237591 0.0196277 0.0160169 0.0129581 0.0104061 0.00828529
 1.02591e-16 2.89645e-05 0.000169989 0.000808031 0.00311093 0.00970112 0.0245043 0.0501395 0.0831137 0.111625 0.121484 0.107193 0.0768072 0.0449778 0.0221152 0.0102343 0.00620628 0.00633607 0.00835373 0.0112412 0.0145372 0.017909 0.0210204 0.023547 0.0252342 0.0259485 0.0256988 0.0246195 0.0229241 0.0208478 0.0185983 0.0163279 0.0141299 0.0120522 0.010117 0.00833789
 1.02144e-16 2.63197e-05 0.000154453 0.000734151 0.00282644 0.00881392 0.0222635 0.0455553 0.0755181 0.101434 0.110421 0.0974962 0.070002 0.0412793 0.0208291 0.0105305 0.00758674 0.00866842 0.0117045 0.0157085 0.0201409 0.0245284 0.0283727 0.0312043 0.0326793 0.0326575 0.0312309 0.028689 0.0254387 0.0219039 0.01844 0.0152844 0.0125499 0.0102495 0.00833621 0.0067415
 1.01739e-16 2.95628e-05 0.000173499 0.000824711 0.00317514 0.00990136 0.0250101 0.0511747 0.0848303 0.113932 0.124001 0.109425 0.0784336 0.0459834 0.0227073 0.0106691 0.00668068 0.0069699 0.00920969 0.0123378 0.0158472 0.0193524 0.0224636 0.0248132 0.0261269 0.0262834 0.025338 0.0234977 0.0210621 0.0183486 0.0156282 0.0130884 0.0108273 0.00887089 0.00720099 0.00578196
 1.01548e-16 2.85576e-05 0.000167594 0.000796634 0.00306703 0.00956419 0.0241585 0.0494325 0.0819436 0.110059 0.119795 0.105737 0.0758418 0.0445672 0.0221999 0.0107508 0.00715713 0.00778569 0.0103859 0.0139103 0.0178262 0.0217002 0.0250863 0.0275662 0.028833 0.028761 0.0274311 0.0251014 0.0221355 0.0189144 0.0157596 0.0128894 0.0104109 0.00834119 0.00664197 0.00525266
 1.0204e-16 2.29529e-05 0.00013468 0.000640137 0.00246444 0.00768502 0.019412 0.0397216 0.0658507 0.0884588 0.0963218 0.0851078 0.0612396 0.0363789 0.0188498 0.0103388 0.00845535 0.0103307 0.0141636 0.0190531 0.024435 0.029755 0.0344097 0.037826 0.0395822 0.0395033 0.037697 0.0345131 0.0304472 0.0260198 0.0216722 0.0177057 0.0142711 0.0113964 0.0090335 0.00710308
 1.02846e-16 2.32695e-05 0.000136544 0.000649005 0.0024986 0.00779156 0.0196811 0.0402718 0.0667611 0.0896771 0.097636 0.0862398 0.0619904 0.0366974 0.0187821 0.00993398 0.00771087 0.00919595 0.0125728 0.0169639 0.0218608 0.026788 0.0312281 0.0346817 0.0367678 0.0373055 0.0363458 0.0341416 0.031071 0.0275401 0.0239007 0.0204026 0.0171857 0.0143022 0.0117518 0.00951333
 1.019e-16 3.00848e-05 0.000176565 0.000839292 0.00323129 0.0100764 0.0254524 0.0520795 0.0863295 0.115944 0.126186 0.111343 0.0797851 0.046729 0.0229887 0.0106562 0.0064788 0.00661224 0.00868831 0.0116342 0.0149517 0.0182748 0.021238 0.0234967 0.0247934 0.0250132 0.0242054 0.0225605 0.0203543 0.0178787 0.0153819 0.0130346 0.0109252 0.00907631 0.00747203 0.00608233
 1.00641e-16 3.32465e-05 0.000195128 0.000927548 0.0035711 0.0111361 0.0281291 0.057556 0.0954064 0.128131 0.139439 0.123012 0.0880925 0.0514846 0.025122 0.0112947 0.00638386 0.00611934 0.00787052 0.0104529 0.0133358 0.0161537 0.0185566 0.0202241 0.0209279 0.0205852 0.0192776 0.0172258 0.014733 0.0121123 0.00962512 0.00744496 0.00565052 0.00424273 0.0031735 0.00237442
 1.00235e-16 3.65239e-05 0.000214375 0.00101906 0.00392346 0.012235 0.0309045 0.0632344 0.104817 0.140762 0.153165 0.135076 0.0966322 0.0562751 0.0270854 0.0115432 0.00563704 0.00465018 0.00568957 0.00748489 0.00952349 0.0115097 0.013184 0.0143144 0.0147379 0.0143981 0.0133594 0.011788 0.00991008 0.00795854 0.00612767 0.00454579 0.00327013 0.00229901 0.00159306 0.00109671
 1.003e-16 3.36431e-05 0.000197456 0.000938614 0.00361371 0.011269 0.0284647 0.0582427 0.0965447 0.12966 0.141103 0.12448 0.0891442 0.0521 0.0254235 0.0114314 0.00646101 0.00618957 0.00795247 0.0105474 0.0134328 0.0162339 0.0185923 0.0201817 0.0207718 0.0202836 0.0188081 0.0165807 0.0139211 0.0111587 0.00856858 0.00633223 0.00453077 0.00316188 0.00216982 0.00147571
 1.00784e-16 2.80558e-05 0.000164644 0.000782602 0.00301299 0.00939566 0.0237329 0.0485619 0.0805016 0.108126 0.117702 0.103913 0.0745857 0.0439341 0.0220785 0.011012 0.00774165 0.00870684 0.011691 0.0156389 0.0199785 0.0242163 0.0278381 0.0303648 0.0314522 0.0309715 0.0290387 0.0259785 0.0222396 0.0182882 0.014517 0.0111899 0.00843182 0.00625258 0.00458843 0.00334345
 1.01364e-16 2.89168e-05 0.000169704 0.000806667 0.00310566 0.00968468 0.0244628 0.0500551 0.0829752 0.111443 0.121299 0.107056 0.0767697 0.0450767 0.0223875 0.0107325 0.00700487 0.00752253 0.0100083 0.0134095 0.0172026 0.0209701 0.0242839 0.0267405 0.0280405 0.0280553 0.0268526 0.0246692 0.0218449 0.0187395 0.015661 0.0128234 0.0103387 0.00823545 0.00648961 0.00505427
 1.01681e-16 2.72872e-05 0.000160134 0.000761162 0.00293045 0.00913827 0.0230827 0.0472315 0.0782958 0.105163 0.114473 0.101058 0.0725251 0.042698 0.0214171 0.0106186 0.00739076 0.00827339 0.0111189 0.014916 0.0191301 0.0233071 0.0269723 0.0296777 0.031093 0.0310796 0.0297185 0.0272791 0.024144 0.0207159 0.0173364 0.0142393 0.0115422 0.00926891 0.00738482 0.00583169
 1.01506e-16 3.07985e-05 0.000180755 0.000859213 0.00330799 0.0103156 0.0260566 0.0533156 0.0883783 0.118695 0.129177 0.113976 0.0816593 0.0478007 0.0234674 0.0107959 0.00645084 0.00649235 0.00849352 0.0113573 0.0145793 0.0177948 0.0206423 0.0227826 0.0239632 0.0240738 0.0231672 0.0214371 0.0191621 0.0166376 0.0141151 0.0117687 0.00968895 0.00789881 0.00638003 0.00509774
 1.01533e-16 2.80794e-05 0.000164786 0.000783279 0.00301561 0.00940383 0.0237535 0.0486039 0.0805704 0.108216 0.117793 0.103979 0.0746004 0.0438774 0.0219298 0.010742 0.00730928 0.00806398 0.0107933 0.0144603 0.0185262 0.0225431 0.0260468 0.0286015 0.0298885 0.0297784 0.0283576 0.0258975 0.0227798 0.0194038 0.0161065 0.0131162 0.0105444 0.00840777 0.00666445 0.00524886
 1.01945e-16 2.70061e-05 0.000158485 0.000753323 0.00290027 0.00904415 0.022845 0.046745 0.0774893 0.104079 0.113293 0.100014 0.0717718 0.0422466 0.0211763 0.0104766 0.00726572 0.00812037 0.0109185 0.0146652 0.0188396 0.023002 0.0266916 0.0294708 0.0310133 0.0311749 0.0300221 0.0278026 0.0248746 0.0216178 0.0183565 0.0153161 0.0126147 0.0102839 0.00830243 0.00662727
 1.01908e-16 2.90143e-05 0.000170278 0.0008094 0.00311619 0.00971751 0.0245458 0.0502246 0.0832557 0.111819 0.121703 0.107403 0.0769978 0.0451685 0.0223552 0.0105882 0.00674368 0.00712387 0.00944626 0.0126657 0.0162768 0.0198889 0.0231045 0.0255473 0.0269361 0.0271453 0.0262291 0.0243963 0.0219496 0.0192099 0.016451 0.0138624 0.0115432 0.00952022 0.00777695 0.00628005
 1.01821e-16 2.78706e-05 0.000163561 0.000777457 0.00299319 0.00933393 0.0235769 0.0482425 0.0799713 0.107411 0.116916 0.103203 0.0740385 0.0435373 0.0217424 0.0106222 0.00719357 0.00791602 0.0105957 0.0142086 0.0182276 0.0222176 0.0257275 0.028332 0.0297174 0.0297515 0.0285101 0.0262468 0.0233224 0.0201159 0.016948 0.0140369 0.0114918 0.00933318 0.00752805 0.00602234
 1.0354e-16 1.44559e-05 8.4784e-05 0.000402898 0.00155097 0.00483635 0.0122167 0.0250004 0.0414539 0.0557106 0.0607274 0.0538114 0.0390556 0.0238745 0.0136094 0.00944464 0.00999988 0.0135617 0.0190153 0.025701 0.0330394 0.0403378 0.0468024 0.0516688 0.0543659 0.0546433 0.0526202 0.0487335 0.0436132 0.0379253 0.0322378 0.0269426 0.0222431 0.0181902 0.0147427 0.011822
pSPR Fmed_Fpbrs
0.507676   0.6 0.325
Fs Fmed_Fpbrs
0.656497   0.443576 1.50949
SSBpbr Bo_Bmed_Bpbrs
886960  405940  487828 243914
Ro
34792.5
SPR SPRFo_SPRFmed_SPRFpbrs
717057 364032 233043
log_Ro
10.2772
likeval ReclasPelacesDesembMPH_pf_preclas_ppelaces_ptallas_desvR_qrecl_qpela
 63.3826 15.0723 0.00842509 0.000203716 281.439 189.28 69.7048 0 16.211 7.81972e-06 8.30563e-05 1.01536e-14 0 0 0
q_reclas_q_pelaces
0.672833 3.65677
M
0.7
N
 36332.9 10922.2 3549.33 418.382 0.228512
 44145.7 16295.6 2786.14 688.19 79.4922
 23008.5 19969.9 4396.22 584.645 158.029
 34616.7 9729.36 3465.42 494.799 80.8543
 61665.5 16614.3 3866.07 1256.25 207.22
 42415 30441.8 7937.61 1817.88 687.307
 77731.5 19921.6 10500.7 2356.53 735.194
 75406.6 37252.9 7840.91 3755.7 1097.68
 98358.9 34899 11669.2 2031.61 1239.32
 117760 45090.1 10271.4 2768.9 763.291
 67256.4 55119.8 15207.4 2954.03 1003.49
 45861.2 29952.6 13425 2762.23 702.78
 45404.3 20707.4 7982.85 2769.13 700.788
 24923.8 19369.1 3806 974.43 410.454
 14508.8 9141.06 1324.69 115.061 39.311
 13254.2 5084.58 464.232 26.3072 2.85189
 10090.7 5677.16 959.76 58.8376 3.58497
 11582.4 4493.78 1382.52 174.291 11.0852
 12423.7 5338.11 1369.64 344.642 45.509
 19961.6 5809.62 1789.17 390.452 109.855
 26328.4 9304.79 1906.97 495.235 136.68
 33711.1 12698.8 3818.64 723.525 238.313
 51854.1 16158.1 5002.33 1367.41 341.904
 66846.2 24677.9 6075.21 1677.21 568.09
 25368.6 31807.6 9268.65 2033.88 745.065
pred_Ctot
 2544.59 3967.18 1640.25 196.12 0.107198
 2842.45 5541.68 1214.53 304.46 35.1954
 2479.54 9907.96 2651.17 356.496 96.4171
 835.632 1416.16 685.156 99.7051 16.3091
 261.324 454.006 148.112 49.1681 8.11956
 1657.87 6826.58 2364.11 550.904 208.478
 1955.45 3011.57 2152.86 492.35 153.758
 3703.29 10155.6 2798.24 1362.33 398.514
 5461.02 10532.7 4569.22 808.045 493.331
 4879.82 10636.9 3207.14 879.465 242.658
 5021.95 21030.2 7337.94 1445.22 491.302
 3009.37 10339.6 5930.7 1238.27 315.291
 4643.02 9917 4675.83 1640.71 415.47
 4768.36 13335.7 2952.51 760.632 320.502
 3132.69 6638.75 1066.47 93.1221 31.8244
 1321.36 2393.03 268.013 15.3663 1.66685
 753.614 2166.39 463.171 28.7894 1.75542
 601.508 1283.54 514.89 65.9576 4.1986
 522.903 1276.3 433.029 110.833 14.6485
 883.559 1450.35 588.783 130.666 36.7962
 544.717 1174.28 328.654 87.0228 24.0423
 845.016 1913.4 780.439 150.693 49.6848
 1556.47 2867.65 1195.14 332.744 83.2796
 2013.99 4394.42 1456.1 409.429 138.813
 686.734 5141.21 2025.84 452.924 166.083
F
 0.101826 0.666138 0.940448 0.961282 0.962404
 0.093268 0.610151 0.861406 0.880489 0.881517
 0.160717 1.05139 1.48435 1.51723 1.519
 0.0340741 0.22291 0.314702 0.321674 0.322049
 0.00590803 0.0386499 0.0545655 0.0557743 0.0558394
 0.0556985 0.364375 0.514421 0.525817 0.526431
 0.0355321 0.232448 0.328168 0.335438 0.33583
 0.070435 0.46078 0.650525 0.664936 0.665712
 0.0799602 0.523093 0.738498 0.754858 0.755739
 0.0591388 0.386881 0.546195 0.558295 0.558947
 0.108896 0.712389 1.00574 1.02803 1.02923
 0.0951283 0.622321 0.878588 0.898051 0.8991
 0.15193 0.993913 1.4032 1.43428 1.43596
 0.303046 1.9825 2.79887 2.86088 2.86422
 0.348544 2.28015 3.21909 3.29041 3.29425
 0.147859 0.967284 1.3656 1.39585 1.39748
 0.108919 0.712541 1.00596 1.02824 1.02945
 0.074618 0.488145 0.689158 0.704426 0.705248
 0.0600921 0.393118 0.555 0.567295 0.567957
 0.0632837 0.413997 0.584477 0.597425 0.598123
 0.0291407 0.190636 0.269138 0.2751 0.275421
 0.035403 0.231604 0.326976 0.334219 0.33461
 0.042527 0.278208 0.392772 0.401473 0.401942
 0.0426892 0.279269 0.39427 0.403004 0.403474
 0.0382815 0.250434 0.353561 0.361393 0.361815
nmprior
 10 11 7 0
nm_flota  nm_reclas  nm_pelaces    nm_pelaL
inf 18.8214 15.239 26.2754
cv_recla  cv_pelaces  cv_mph
0.720128 0.456829 0.463074
 ------------------------------------------------
Talla a la edad & desviación 
 7.2 14.2025 17.0495 18.207 18.6776
 1.08 2.13037 2.55742 2.73105 2.80164
