years
 1997 1998 1999 2000 2001 2002 2003 2004 2005 2006 2007 2008 2009 2010 2011 2012 2013 2014 2015 2016 2017 2018 2019 2020 2021
reclasobs
 0 0 0 370054 412103 1.49427e+06 250295 1.28982e+06 931140 785840 897777 1.04006e+06 184774 17550 25797 100020 73551 82996 120727 218422 84188 347160 605670 569463 516374
reclaspred
 483010 124723 315009 215714 352550 434312 949168 653218 739565 764380 649801 451189 278125 115618 68823.3 65960.5 79134.5 105878 114253 155149 234446 220886 378482 474199 515237
pelacesobs
 0 0 0 0 0 0 0 0 0 2.06254e+06 1.5e+06 0 1.87456e+06 323000 250000 174000 83755 137374 0 501740 490994 745055 786931 1.00524e+06 1.33801e+06
pelacespred
 1.94478e+06 435153 659615 728679 1.05143e+06 1.02757e+06 2.63973e+06 2.14436e+06 2.19343e+06 2.29609e+06 1.69331e+06 1.23053e+06 738548 237843 144111 151510 190960 269641 293686 390678 686044 628346 830238 1.22279e+06 1.38744e+06
mphobs
 0 0 0 0 0 112323 0 153150 637223 0 255016 313432 73983 77613 109348 50772 0 0 0 0 0 0 0 0 0
mphpred
 177359 97290 107895 104281 122373 208892 296968 367568 316350 339508 356484 251126 158030 82222.5 35148.9 28124.9 31533.1 41486.6 51898.9 58863.7 88667 109247 135772 190922 250784
desembarqueobs
 350755 77701 442110 56441 14545 235359 269955 359681 431902 328805 639364 411747 362871 311530 167758 66681 60226 58785 57116 73181 50977 67692 138656 160484 209506
desembarquepred
 350761 77699.2 442088 56444.1 14545.3 235438 270020 359673 431944 328811 639308 411776 362929 311617 167582 66676 60252.3 58777.9 57100.3 73177.3 50979.6 67682.4 138659 160496 209510
Reclutas
 36114.9 43864.5 22466.5 34034.4 60834.5 42651.6 77589.9 75497.3 98949.1 116897 66609.6 46066.3 45931.2 24832 14427.6 13308.9 10080.1 11573.9 12453.3 19946.6 26104 33504.1 53206.6 63521.6 25906.3
log_desv_Rt
 0.0405534 0.234953 -0.434126 -0.0187804 0.562004 0.206913 0.805285 0.777945 1.04845 1.21514 0.652696 0.283929 0.280993 -0.334021 -0.877012 -0.957716 -1.23559 -1.0974 -1.02417 -0.553092 -0.284065 -0.0344852 0.428031 0.605228 -0.291666
SSB
 443655 243366 269893 260853 306111 522532 742849 919451 791332 849261 891726 628179 395303 205675 87923.2 70353 78878.4 103777 129823 147244 221796 273275 339626 477581 627323
BT
 1.53251e+06 372182 647885 478373 625196 736709 1.78348e+06 1.63535e+06 1.708e+06 1.65485e+06 1.53247e+06 1.07013e+06 787270 430509 227457 144683 162100 205539 213008 288126 442334 406421 561806 826696 924755
Ftot
 0.989876 0.906762 1.56848 0.335518 0.0578282 0.541848 0.343143 0.677012 0.765622 0.564108 1.04241 0.914401 1.46089 2.88368 3.32162 1.40988 1.03485 0.708989 0.571572 0.602169 0.278086 0.338895 0.407108 0.404576 0.394637
BD_Bspro_t
 0.908988 0.635849 0.556084 0.374137 0.539104 0.718616 0.664427 0.682311 0.61506 0.58698 0.568033 0.410016 0.307017 0.207967 0.112703 0.11161 0.166525 0.272046 0.373462 0.46227 0.591543 0.700521 0.709581 0.715473 0.716641
BD_Bspro
 0.622927 0.341705 0.378951 0.366259 0.429804 0.733676 1.04302 1.29098 1.11109 1.19243 1.25205 0.882013 0.555037 0.288785 0.123451 0.0987812 0.110751 0.145711 0.182281 0.206743 0.311419 0.383699 0.476861 0.670562 0.880811
BD_Bo
 0.504906 0.276965 0.307155 0.296867 0.348373 0.594673 0.845408 1.04639 0.900584 0.966511 1.01484 0.714906 0.449879 0.234071 0.100062 0.080066 0.0897684 0.118104 0.147746 0.167573 0.252417 0.311003 0.386515 0.543517 0.713932
BD_Brms
 0.918012 0.503573 0.558464 0.539758 0.633405 1.08122 1.53711 1.90253 1.63743 1.75729 1.84516 1.29983 0.817962 0.425584 0.181931 0.145575 0.163215 0.214735 0.268629 0.304678 0.458941 0.565461 0.702754 0.988212 1.29806
S_f
 0.102448 0.684412 0.976306 0.998724 0.999933
 0.102448 0.684412 0.976306 0.998724 0.999933
 0.102448 0.684412 0.976306 0.998724 0.999933
 0.102448 0.684412 0.976306 0.998724 0.999933
 0.102448 0.684412 0.976306 0.998724 0.999933
 0.102448 0.684412 0.976306 0.998724 0.999933
 0.102448 0.684412 0.976306 0.998724 0.999933
 0.102448 0.684412 0.976306 0.998724 0.999933
 0.102448 0.684412 0.976306 0.998724 0.999933
 0.102448 0.684412 0.976306 0.998724 0.999933
 0.102448 0.684412 0.976306 0.998724 0.999933
 0.102448 0.684412 0.976306 0.998724 0.999933
 0.102448 0.684412 0.976306 0.998724 0.999933
 0.102448 0.684412 0.976306 0.998724 0.999933
 0.102448 0.684412 0.976306 0.998724 0.999933
 0.102448 0.684412 0.976306 0.998724 0.999933
 0.102448 0.684412 0.976306 0.998724 0.999933
 0.102448 0.684412 0.976306 0.998724 0.999933
 0.102448 0.684412 0.976306 0.998724 0.999933
 0.102448 0.684412 0.976306 0.998724 0.999933
 0.102448 0.684412 0.976306 0.998724 0.999933
 0.102448 0.684412 0.976306 0.998724 0.999933
 0.102448 0.684412 0.976306 0.998724 0.999933
 0.102448 0.684412 0.976306 0.998724 0.999933
 0.102448 0.684412 0.976306 0.998724 0.999933
Scru_reclas
 0.738713 0.991645 0.999799 0.999995 1
 0.738713 0.991645 0.999799 0.999995 1
 0.738713 0.991645 0.999799 0.999995 1
 0.738713 0.991645 0.999799 0.999995 1
 0.738713 0.991645 0.999799 0.999995 1
 0.738713 0.991645 0.999799 0.999995 1
 0.738713 0.991645 0.999799 0.999995 1
 0.738713 0.991645 0.999799 0.999995 1
 0.738713 0.991645 0.999799 0.999995 1
 0.738713 0.991645 0.999799 0.999995 1
 0.738713 0.991645 0.999799 0.999995 1
 0.738713 0.991645 0.999799 0.999995 1
 0.738713 0.991645 0.999799 0.999995 1
 0.738713 0.991645 0.999799 0.999995 1
 0.738713 0.991645 0.999799 0.999995 1
 0.738713 0.991645 0.999799 0.999995 1
 0.738713 0.991645 0.999799 0.999995 1
 0.738713 0.991645 0.999799 0.999995 1
 0.738713 0.991645 0.999799 0.999995 1
 0.738713 0.991645 0.999799 0.999995 1
 0.738713 0.991645 0.999799 0.999995 1
 0.738713 0.991645 0.999799 0.999995 1
 0.738713 0.991645 0.999799 0.999995 1
 0.738713 0.991645 0.999799 0.999995 1
 0.738713 0.991645 0.999799 0.999995 1
Scru_pelaces
 0.736453 1 1 1 1
 0.736453 1 1 1 1
 0.736453 1 1 1 1
 0.736453 1 1 1 1
 0.736453 1 1 1 1
 0.736453 1 1 1 1
 0.736453 1 1 1 1
 0.736453 1 1 1 1
 0.736453 1 1 1 1
 0.736453 1 1 1 1
 0.736453 1 1 1 1
 0.736453 1 1 1 1
 0.736453 1 1 1 1
 0.736453 1 1 1 1
 0.736453 1 1 1 1
 0.736453 1 1 1 1
 0.736453 1 1 1 1
 0.736453 1 1 1 1
 0.736453 1 1 1 1
 0.736453 1 1 1 1
 0.736453 1 1 1 1
 0.736453 1 1 1 1
 0.736453 1 1 1 1
 0.736453 1 1 1 1
 0.736453 1 1 1 1
pf_obs 
 0.256992 0.487395 0.22802 0.0275931 0
 0.321318 0.546541 0.124235 0.00734118 0.000564706
 0.182869 0.594174 0.210203 0.0122559 0.00049798
 0.330522 0.361315 0.267642 0.0388342 0.00168674
 0.649043 0.306663 0.0425973 0.00169635 0
 0.582887 0.30429 0.105238 0.00758474 0
 0.465427 0.430635 0.0974691 0.00646863 0
 0.296916 0.608066 0.0921331 0.00288517 0
 0.311714 0.524322 0.152257 0.0117073 0
 0.15457 0.633149 0.183074 0.0267441 0.00246327
 0.131901 0.49318 0.331252 0.0422183 0.00144891
 0.196976 0.569456 0.194076 0.0375587 0.00193317
 0.518974 0.381816 0.0799577 0.0180837 0.00116848
 0.0928022 0.601141 0.25162 0.0475244 0.00691264
 0.122501 0.610282 0.24278 0.0234846 0.000952079
 0.383417 0.481906 0.127806 0.00687128 0
 0.0376549 0.599619 0.316969 0.0457579 0
 0.0361596 0.667082 0.258105 0.0386534 0
 0.158088 0.579412 0.248529 0.0139706 0
 0.0477256 0.309471 0.559284 0.082774 0.000745712
 0.0406174 0.521527 0.379366 0.0568643 0.0016247
 0.151134 0.462217 0.34131 0.0453401 0
 0.294876 0.26143 0.354403 0.0886775 0.000613685
 0.281977 0.475581 0.204845 0.0348837 0.00271318
 0.0354234 0.537034 0.353287 0.0723622 0.0018943
pf_pred 
 0.302393 0.47655 0.197433 0.02361 1.30575e-05
 0.283142 0.561759 0.121667 0.0299722 0.00345952
 0.156337 0.644264 0.171157 0.0223202 0.00592181
 0.271597 0.465562 0.226047 0.0317844 0.00500955
 0.280879 0.496288 0.161368 0.0530519 0.00841272
 0.143005 0.588303 0.204261 0.0469496 0.0174824
 0.248559 0.393425 0.276427 0.0624574 0.0191309
 0.19842 0.553358 0.154329 0.0729334 0.0209603
 0.246902 0.484002 0.21017 0.0370717 0.0218551
 0.239474 0.540905 0.163429 0.0442014 0.0119905
 0.138695 0.594507 0.211781 0.0412516 0.0137657
 0.143231 0.495542 0.286224 0.0599894 0.0150137
 0.217032 0.46925 0.218567 0.0759416 0.019209
 0.209824 0.60951 0.13356 0.0332597 0.0138467
 0.279358 0.609442 0.100041 0.00840088 0.00275747
 0.32592 0.6015 0.0683092 0.00387164 0.000398513
 0.215517 0.638385 0.137108 0.00848258 0.000507887
 0.238192 0.520551 0.212608 0.0269463 0.00170323
 0.217701 0.542079 0.186115 0.047857 0.00624818
 0.280194 0.471911 0.193018 0.0427987 0.012078
 0.246027 0.546651 0.155178 0.0408696 0.0112743
 0.221645 0.511395 0.212365 0.0411247 0.0134699
 0.25945 0.472882 0.198235 0.0555308 0.0139025
 0.223168 0.53762 0.174022 0.0486201 0.0165697
 0.0833693 0.589497 0.252707 0.0545462 0.0198807
pobs_RECLAS
 0 0 0 0 0
 0 0 0 0 0
 0 0 0 0 0
 0 0 0 0 0
 0.835266 0.146461 0.0176864 0.000547809 3.91292e-05
 0.385257 0.428462 0.181853 0.0044286 0
 0.867414 0.0963971 0.0333333 0.00285562 0
 0.441836 0.489002 0.0689373 0.000224442 0
 0.779404 0.147425 0.0564933 0.0165055 0.000172143
 0.814271 0.122319 0.05973 0.00367925 0
 0.40263 0.566651 0.0304383 0.000280538 0
 0.475488 0.404961 0.113038 0.00651328 0
 0.955842 0.0263864 0.0167828 0.000988607 0
 0.975058 0.0227948 0.00214734 0 0
 0.738997 0.206755 0.0527124 0.00153531 0
 0.850938 0.134255 0.0134407 0.00136685 0
 0.542534 0.407297 0.0501686 0 0
 0.764087 0.199537 0.0359546 0.000420521 0
 0.470689 0.182191 0.310203 0.0369168 0
 0.84361 0.089868 0.0606195 0.00523954 0.000663233
 0.607945 0.314616 0.071237 0.00620181 0
 0.523733 0.453247 0.0230204 0 0
 0.530135 0.295979 0.169645 0.0042399 0
 0.562478 0.366248 0.0663022 0.0049721 0
 0.250443 0.683176 0.0655157 0.000865301 0
ppred_RECLAS
 0.716428 0.21554 0.0609254 0.00710252 3.92268e-06
 0.68843 0.262226 0.038917 0.00934938 0.0010777
 0.525256 0.3947 0.0689849 0.00874252 0.00231593
 0.678433 0.230576 0.0785069 0.0107863 0.00169793
 0.682147 0.241705 0.0554884 0.0178352 0.0028248
 0.484821 0.391402 0.0946353 0.021242 0.00789976
 0.661025 0.207372 0.102151 0.0225522 0.00689924
 0.58467 0.317567 0.0613437 0.0282973 0.00812185
 0.655887 0.249086 0.0746219 0.0128437 0.00756189
 0.638148 0.282522 0.0593936 0.015686 0.00424973
 0.484758 0.395217 0.095782 0.0181832 0.00605936
 0.501594 0.333001 0.131748 0.0269275 0.00673013
 0.635789 0.253025 0.0781235 0.0263959 0.00666671
 0.650394 0.298355 0.0382706 0.00917016 0.00380982
 0.736501 0.239224 0.0219322 0.0017652 0.000578079
 0.730724 0.249299 0.0188324 0.00103827 0.000106712
 0.605559 0.341354 0.0498983 0.00300882 0.000179903
 0.640765 0.272221 0.0769009 0.00951254 0.00060049
 0.61071 0.29794 0.0711544 0.0178657 0.00232956
 0.690122 0.227346 0.0646038 0.0139862 0.0039419
 0.641579 0.28337 0.0565023 0.0145427 0.0040068
 0.615759 0.28164 0.082007 0.0155173 0.00507622
 0.665814 0.239792 0.0703336 0.019248 0.00481286
 0.616006 0.293267 0.0664247 0.0181307 0.00617119
 0.340344 0.475814 0.142774 0.0301079 0.0109599
pobs_PELACES
 0 0 0 0 0
 0 0 0 0 0
 0 0 0 0 0
 0 0 0 0 0
 0 0 0 0 0
 0 0 0 0 0
 0 0 0 0 0
 0 0 0 0 0
 0 0 0 0 0
 0 0 0 0 0
 0.450072 0.473896 0.0757376 0.000293798 0
 0 0 0 0 0
 0.463077 0.371075 0.160297 0.00555027 0
 0.529543 0.364841 0.0842815 0.0213345 0
 0.631943 0.363953 0.00410389 0 0
 0.735681 0.248677 0.0153453 0.000297389 0
 0.695825 0.281241 0.0229344 0 0
 0.275771 0.60734 0.115278 0.00161068 0
 0 0 0 0 0
 0.896147 0.0623911 0.0374545 0.00400742 0
 0.803859 0.145111 0.0509908 3.86294e-05 0
 0.739449 0.233085 0.0266225 0.000797448 4.60066e-05
 0.878498 0.100942 0.0204185 0.000141795 0
 0.694673 0.275183 0.0284847 0.00165964 0
 0.469039 0.446079 0.0841089 0.000773354 0
ppred_PELACES
 0.75575 0.190172 0.0484675 0.00560788 3.09597e-06
 0.725164 0.234746 0.0316645 0.00755469 0.000870506
 0.602588 0.3389 0.050511 0.00632622 0.00167479
 0.692314 0.223152 0.0729628 0.00999779 0.00157359
 0.682791 0.242017 0.0548009 0.0176032 0.00278798
 0.511568 0.376466 0.0856905 0.0191536 0.0071215
 0.676636 0.201022 0.095022 0.0209209 0.0063993
 0.617222 0.297765 0.0534478 0.024527 0.00703777
 0.690594 0.229013 0.0632109 0.0108161 0.00636614
 0.663253 0.266523 0.0526341 0.0138402 0.00374879
 0.538017 0.363194 0.0789628 0.0148721 0.00495391
 0.550306 0.310032 0.111402 0.0226112 0.00564925
 0.704808 0.214313 0.057016 0.0190535 0.00480942
 0.768684 0.205004 0.0197562 0.00463304 0.00192261
 0.842982 0.146347 0.00966385 0.000758759 0.000248153
 0.78034 0.205415 0.0134363 0.000732945 7.52884e-05
 0.652463 0.304977 0.0400221 0.00239442 0.000143107
 0.672945 0.252373 0.0660445 0.00812528 0.000512771
 0.63722 0.281764 0.0631671 0.0157902 0.00205845
 0.71552 0.212389 0.056488 0.0121725 0.00342987
 0.652832 0.276494 0.0532364 0.0136712 0.00376627
 0.630905 0.273499 0.0764502 0.0144268 0.00471882
 0.683398 0.230236 0.0644044 0.0175689 0.00439228
 0.634139 0.282549 0.061049 0.0166103 0.00565276
 0.357881 0.469156 0.13442 0.028258 0.0102848
pobs_pel_tallas
 0 0 0 0 0 0 0 0 0 0 0 0 0 0 0 0 0 0 0 0 0 0 0 0 0 0 0 0 0 0 0 0 0 0 0 0
 0 0 0 0 0 0 0 0 0 0 0 0 0 0 0 0 0 0 0 0 0 0 0 0 0 0 0 0 0 0 0 0 0 0 0 0
 0 0 0 0 0 0 0 0 0 0 0 0 0 0 0 0 0 0 0 0 0 0 0 0 0 0 0 0 0 0 0 0 0 0 0 0
 0 0 0 0 0 0 0 0 0 0 0 0 0 0 0 0 0 0 0 0 0 0 0 0 0 0 0 0 0 0 0 0 0 0 0 0
 0 0 0 0 0 0 0 0 0 0 0 0 0 0 0 0 0 0 0 0 0 0 0 0 0 0 0 0 0 0 0 0 0 0 0 0
 0 0 0 0 0 0 0 0 0 0 0 0 0 0 0 0 0 0 0 0 0 0 0 0 0 0 0 0 0 0 0 0 0 0 0 0
 0 0 0 0 0 0 0 0 0 0 0 0 0 0 0 0 0 0 0 0 0 0 0 0 0 0 0 0 0 0 0 0 0 0 0 0
 0 0 0 0 0 0 0 0 0 0 0 0 0 0 0 0 0 0 0 0 0 0 0 0 0 0 0 0 0 0 0 0 0 0 0 0
 0 0 0 0 0 0 0 0 0 0 0 0 0 0 0 0 0 0 0 0 0 0 0 0 0 0 0 0 0 0 0 0 0 0 0 0
 0 0 0 0 0 0 0 0 0 0 0 0 0 0 0 0 0 0 0 0 0 0 0 0 0 0 0 0 0 0 0 0 0 0 0 0
 0 0 0 0 0 0 0 0 1.78061e-05 0.00172719 0.00360574 0.0105946 0.0120993 0.0124554 0.0147524 0.0171206 0.0266825 0.0428682 0.0675386 0.121331 0.153587 0.119568 0.100827 0.0573624 0.0630603 0.0341343 0.0324427 0.0444173 0.0211091 0.0280891 0.0125444 0.00206551 0 0 0 0
 0 0 0 0 0 0 0 0 0 0 0 0 0 0 0 0 0 0 0 0 0 0 0 0 0 0 0 0 0 0 0 0 0 0 0 0
 0 0 0 0 0 0 0.0133647 0.0140871 0.0187388 0.0205184 0.03894 0.0496705 0.03968 0.0493445 0.0407372 0.0367815 0.0215668 0.0243155 0.0234873 0.0199281 0.019796 0.0243948 0.0301388 0.0376714 0.0412746 0.0863199 0.0771752 0.113111 0.0741005 0.0525337 0.0229764 0.00759418 0.00175318 0 0 0
 0 0 0 0 0 0 0 0 0 0 0.00219441 0.00772107 0.0458388 0.0604681 0.0671733 0.0775358 0.0609151 0.0617685 0.073594 0.0568108 0.0755445 0.0548602 0.0670107 0.0636378 0.0643287 0.046367 0.0373049 0.0286899 0.0247887 0.0153202 0.00654259 0.00121912 0.000365735 0 0 0
 0 0 0 0 0 0 0 0 0 0 0 0 0.000112435 0.00938835 0.0111873 0.0202946 0.0414886 0.0713402 0.111592 0.104902 0.108894 0.110636 0.117776 0.105296 0.107544 0.0401394 0.0192827 0.0124803 0.00416011 0.0028671 0.000618394 0 0 0 0 0
 0 0 0 0 0 0 0 0 0 0 0.00291406 0.0102884 0.027416 0.0768956 0.0749926 0.110853 0.0956884 0.0897413 0.0766577 0.0534642 0.0500743 0.0551293 0.0594112 0.0620874 0.0668451 0.0424026 0.0208742 0.0120726 0.0048766 0.00582813 0.00118941 0.000297354 0 0 0 0
 0 0.00264628 0.0354308 0.0461629 0.0458689 0.0383711 0.0214643 0.0164657 0.0346957 0.0420465 0.0363128 0.0245516 0.0311673 0.0291091 0.0169068 0.0133784 0.00837989 0.0085269 0.0148486 0.0160247 0.0276389 0.0546898 0.0760071 0.122758 0.109233 0.0665981 0.0333725 0.0166128 0.00676272 0.00308733 0.000882094 0 0 0 0 0
 0 0 0 0 0 0 0 0.000805153 0.000690131 0.00759144 0.0133425 0.0154129 0.00931677 0.000345066 0.00356568 0.00563607 0.00851162 0.0253048 0.0502646 0.0516448 0.0657925 0.0565908 0.0611916 0.0827007 0.0866115 0.110766 0.145733 0.0935128 0.0569358 0.0249597 0.0138026 0.00621118 0.00161031 0.00115022 0 0
 0 0 0 0 0 0 0 0 0 0 0 0 0 0 0 0 0 0 0 0 0 0 0 0 0 0 0 0 0 0 0 0 0 0 0 0
 0.00147267 0.00158595 0.00478618 0.00569244 0.00954404 0.0108468 0.00647125 0.017049 0.0510054 0.094081 0.124002 0.0959785 0.0687766 0.0820023 0.061753 0.0591476 0.0492212 0.0479892 0.0443925 0.0268479 0.0217502 0.0140895 0.0121071 0.0120363 0.00920419 0.00665534 0.0049561 0.00860946 0.00930331 0.0156896 0.0114698 0.00855282 0.00243557 0.00046729 0 2.83206e-05
 0 0 0 0 0.000772559 0.00158375 0.000888443 0.00281984 0.00712685 0.0440552 0.0773331 0.111326 0.0921469 0.0852325 0.0710754 0.0886704 0.0786465 0.0553345 0.0373146 0.0185414 0.00753245 0.00457741 0.012979 0.0271748 0.0457355 0.0583668 0.034881 0.0177882 0.00938659 0.00492506 0.0015258 0.00185414 0.000309023 5.79419e-05 3.86279e-05 0
 0 0.00173294 0.00326652 0 0.00397197 0.00683976 0.00946217 0.0152591 0.00757587 0.0136028 0.0228656 0.0392903 0.0559909 0.0764795 0.0681675 0.0726916 0.0566044 0.0477403 0.0527397 0.0444891 0.0609904 0.0582453 0.0661739 0.0445044 0.0529084 0.0360697 0.0280645 0.0235558 0.0158879 0.00826598 0.00280645 0.00217768 0.000904811 0.00058276 9.20147e-05 0
 0 0 0 0 0 0 0 0 0 0 0 0 0 0 0 0 0 0 0 0 0 0 0 0 0 0 0 0 0 0 0 0 0 0 0 0
 0 0 0 0 0 0 0 0 0 0 0 0 0 0 0 0 0 0 0 0 0 0 0 0 0 0 0 0 0 0 0 0 0 0 0 0
 0 0 0 0 0 0 0 0 0 0 0 0 0 0 0 0 0 0 0 0 0 0 0 0 0 0 0 0 0 0 0 0 0 0 0 0
ppred_pel_tallas
 1.00943e-16 3.29747e-05 0.000193534 0.000919971 0.00354194 0.0110452 0.0278993 0.0570858 0.0946266 0.127082 0.138294 0.121994 0.0873456 0.0510124 0.024826 0.0110525 0.00609909 0.00573053 0.00734397 0.00977918 0.0125327 0.0152711 0.0176764 0.0194534 0.020384 0.0203749 0.0194767 0.0178636 0.0157852 0.0135056 0.0112508 0.00917756 0.00736787 0.0058421 0.00458176 0.00355134
 1.00827e-16 3.16428e-05 0.000185711 0.000882769 0.00339868 0.0105985 0.0267709 0.0547774 0.0908016 0.12195 0.132721 0.117106 0.083908 0.0491297 0.0241424 0.0111419 0.00670062 0.0067669 0.0088395 0.0117786 0.0150489 0.0182563 0.0210119 0.0229564 0.0238312 0.0235385 0.0221624 0.0199424 0.0172098 0.0143089 0.0115288 0.00906285 0.00700218 0.00535342 0.00407021 0.00308396
 1.01124e-16 2.63022e-05 0.000154347 0.00073364 0.00282446 0.00880774 0.0222479 0.0455237 0.0754666 0.101368 0.110356 0.0974546 0.0700077 0.041354 0.0209981 0.0108292 0.00806302 0.00937725 0.0126968 0.017016 0.0217592 0.0264039 0.0303965 0.0332183 0.0344946 0.0340818 0.0320994 0.0288912 0.0249345 0.0207263 0.0166853 0.0130935 0.0100855 0.0076744 0.00579642 0.00435472
 1.01526e-16 3.021e-05 0.0001773 0.000842784 0.00324473 0.0101184 0.0255583 0.0522962 0.0866887 0.116427 0.126711 0.111806 0.080116 0.0469215 0.023081 0.0106952 0.00649779 0.00662876 0.0087104 0.011666 0.0149958 0.0183325 0.0213082 0.0235751 0.0248712 0.0250768 0.0242366 0.0225383 0.0202574 0.0176888 0.0150873 0.0126328 0.0104244 0.0084952 0.00683748 0.00542588
 1.01592e-16 2.97954e-05 0.000174864 0.000831203 0.00320014 0.0099793 0.025207 0.0515776 0.0854981 0.114829 0.124977 0.110288 0.0790531 0.0463491 0.0228923 0.0107627 0.00674646 0.00704051 0.00929706 0.0124419 0.0159593 0.019456 0.022535 0.024824 0.0260481 0.026091 0.0250178 0.0230493 0.0204997 0.0176993 0.014928 0.0123767 0.010141 0.00824001 0.00664606 0.00531332
 1.0233e-16 2.23349e-05 0.000131052 0.000622884 0.00239801 0.00747786 0.0188888 0.038651 0.0640763 0.0860765 0.0937312 0.0828272 0.0596168 0.0354514 0.0184365 0.0102201 0.0084833 0.0104405 0.0143413 0.0193061 0.0247758 0.0301949 0.0349558 0.0384803 0.0403411 0.0403583 0.0386354 0.0355187 0.0315012 0.027101 0.0227573 0.0187704 0.0152911 0.0123492 0.00990027 0.00787009
 1.02433e-16 2.95255e-05 0.000173283 0.000823693 0.00317124 0.00988918 0.0249793 0.0511114 0.0847244 0.113787 0.123835 0.109261 0.0782766 0.0458123 0.022477 0.0103197 0.00614574 0.00618397 0.00811859 0.0109137 0.0141057 0.0173666 0.020368 0.0227941 0.0243979 0.0250513 0.0247657 0.0236751 0.0219911 0.0199456 0.0177431 0.015533 0.013406 0.011407 0.00955538 0.00786113
 1.02028e-16 2.69386e-05 0.000158087 0.000751429 0.00289297 0.0090214 0.0227875 0.0466275 0.077295 0.103819 0.113013 0.0997748 0.0716161 0.0421871 0.0212056 0.0105871 0.00746097 0.00841369 0.0113245 0.0151902 0.0194733 0.0237125 0.0274245 0.030155 0.0315713 0.0315381 0.0301447 0.027672 0.0245144 0.0210831 0.0177227 0.014664 0.0120165 0.00979293 0.00794767 0.0064139
 1.01642e-16 3.01352e-05 0.00017686 0.000840693 0.00323668 0.0100933 0.0254949 0.0521665 0.0864738 0.116138 0.126399 0.111533 0.0799276 0.0468247 0.0230584 0.0107262 0.00657163 0.00674486 0.00887261 0.0118766 0.0152513 0.0186209 0.0216093 0.023862 0.0251151 0.0252524 0.0243278 0.0225419 0.0201842 0.0175616 0.0149358 0.0124881 0.0103129 0.00843483 0.00683573 0.00548037
 1.01485e-16 2.89445e-05 0.000169866 0.000807437 0.00310862 0.00969391 0.0244862 0.0501029 0.0830545 0.11155 0.121416 0.107162 0.0768511 0.045135 0.0224357 0.0107868 0.0070795 0.00762782 0.0101501 0.0135883 0.0174108 0.0211916 0.0244942 0.0269094 0.0281377 0.0280565 0.0267457 0.024458 0.0215499 0.0183944 0.0153066 0.0125001 0.0100797 0.00806186 0.00640861 0.00506005
 1.01982e-16 2.34876e-05 0.00013782 0.000655067 0.00252193 0.00786429 0.0198648 0.040648 0.0673859 0.0905194 0.098561 0.0870757 0.0626324 0.0371595 0.0191684 0.0103765 0.00832908 0.0100845 0.0137986 0.0185568 0.0237981 0.0289801 0.0335146 0.0368435 0.0385559 0.0384812 0.036724 0.0336247 0.0296656 0.0253536 0.0211183 0.0172533 0.0139057 0.011103 0.00879889 0.00691629
 1.02724e-16 2.40214e-05 0.000140959 0.000669997 0.00257943 0.00804363 0.0203178 0.0415744 0.0689199 0.0925748 0.100786 0.0890089 0.0639531 0.0378034 0.0192452 0.010012 0.00757243 0.00890737 0.0121397 0.0163704 0.0210926 0.0258433 0.030122 0.0334465 0.0354494 0.0359562 0.0350174 0.0328781 0.0299041 0.0264887 0.022972 0.0195955 0.016494 0.0137175 0.0112649 0.00911486
 1.01759e-16 3.07543e-05 0.000180496 0.000857984 0.00330326 0.0103009 0.0260193 0.0532394 0.0882518 0.118525 0.128991 0.113809 0.0815343 0.0477167 0.0234061 0.010734 0.00636867 0.00637482 0.00833 0.0111419 0.0143127 0.017486 0.0203099 0.0224539 0.0236713 0.0238533 0.0230489 0.021443 0.0193028 0.0169105 0.0145057 0.0122532 0.0102374 0.0084794 0.00696212 0.00565472
 1.00597e-16 3.35392e-05 0.000196847 0.000935719 0.00360256 0.0112343 0.0283769 0.0580631 0.0962467 0.129259 0.140665 0.124089 0.0888556 0.0519134 0.0252993 0.0113201 0.00632227 0.00599569 0.00768627 0.0102016 0.0130122 0.0157584 0.0180975 0.0197165 0.0203928 0.0200458 0.018756 0.0167401 0.0142949 0.0117273 0.0092935 0.00716316 0.00541323 0.0040443 0.00300876 0.00223895
 1.00223e-16 3.67766e-05 0.000215859 0.00102611 0.00395063 0.0123197 0.0311186 0.0636723 0.105542 0.141735 0.154223 0.136005 0.0972894 0.0566419 0.0272322 0.0115548 0.00556763 0.0045194 0.00549701 0.00722405 0.0091902 0.0111064 0.0127215 0.0138115 0.0142191 0.0138899 0.0128861 0.0113683 0.0095547 0.00767035 0.00590278 0.0043759 0.00314494 0.00220824 0.00152777 0.0010498
 1.00287e-16 3.40475e-05 0.000199831 0.000949905 0.00365718 0.0114046 0.0288071 0.0589434 0.0977058 0.131218 0.142796 0.125967 0.0901955 0.0526865 0.0256575 0.0114484 0.00634739 0.00597652 0.00763907 0.0101231 0.0128909 0.0155787 0.0178417 0.0193665 0.0199323 0.0194632 0.0180466 0.0159085 0.0133555 0.0107042 0.00821828 0.00607208 0.0043434 0.00303002 0.00207838 0.00141276
 1.00757e-16 2.84756e-05 0.00016711 0.000794323 0.00305812 0.00953641 0.0240884 0.0492893 0.081707 0.109744 0.11946 0.105458 0.0756785 0.0445457 0.0223264 0.0110378 0.00763648 0.00850452 0.0113918 0.0152325 0.0194576 0.0235835 0.0271087 0.0295664 0.0306215 0.0301486 0.0282612 0.025276 0.0216303 0.017779 0.0141044 0.010864 0.00817921 0.00605943 0.00444221 0.00323371
 1.01323e-16 2.93666e-05 0.000172345 0.000819225 0.00315402 0.00983547 0.0248437 0.0508343 0.0842665 0.113177 0.123182 0.108711 0.0779413 0.0457334 0.0226556 0.0107645 0.00689901 0.00731585 0.00970176 0.0129926 0.0166672 0.0203181 0.0235302 0.0259122 0.0271743 0.0271916 0.0260293 0.0239167 0.0211826 0.0181753 0.0151931 0.0124433 0.0100345 0.00799463 0.00630061 0.0049073
 1.01628e-16 2.781e-05 0.000163204 0.000775761 0.00298666 0.00931356 0.0235255 0.0481373 0.0797971 0.107178 0.116663 0.102983 0.0738873 0.0434621 0.0217301 0.0106577 0.00727074 0.00803763 0.0107689 0.0144396 0.018518 0.0225611 0.0261089 0.0287276 0.0300975 0.0300845 0.0287668 0.0264054 0.0233706 0.0200523 0.0167811 0.0137832 0.0111726 0.00897224 0.0071486 0.0056453
 1.0145e-16 3.12214e-05 0.000183239 0.000871021 0.00335346 0.0104574 0.0264147 0.0540484 0.0895926 0.120325 0.130949 0.115533 0.0827621 0.0484206 0.0237238 0.010833 0.00636239 0.00631441 0.00822816 0.0109951 0.0141126 0.0172239 0.0199784 0.0220476 0.023187 0.0232901 0.0224082 0.0207291 0.0185232 0.0160765 0.013633 0.0113613 0.00934893 0.00761802 0.00615064 0.00491272
 1.01492e-16 2.84905e-05 0.0001672 0.000794759 0.00305981 0.00954167 0.0241016 0.0493162 0.0817508 0.109801 0.119515 0.105492 0.0756712 0.0444775 0.0221745 0.0107705 0.0072114 0.00787345 0.010511 0.0140765 0.0180338 0.0219441 0.0253551 0.0278425 0.0290961 0.0289898 0.0276076 0.0252137 0.0221794 0.0188933 0.0156835 0.0127721 0.0102679 0.00818716 0.0064892 0.00511032
 1.01891e-16 2.75343e-05 0.000161586 0.000768071 0.00295705 0.00922124 0.0232923 0.0476601 0.0790059 0.106115 0.115505 0.101958 0.073148 0.0430184 0.0214923 0.0105159 0.00714407 0.0078816 0.0105641 0.0141828 0.0182199 0.0222468 0.0258177 0.0285095 0.0300062 0.0301685 0.0290601 0.0269201 0.024094 0.0209486 0.0177971 0.0148572 0.0122433 0.00998612 0.00806554 0.00644044
 1.01799e-16 2.98215e-05 0.000175018 0.000831936 0.00320296 0.00998811 0.0252293 0.051623 0.0855731 0.114929 0.125084 0.110375 0.0791028 0.0463519 0.0228452 0.0106601 0.00657659 0.00678682 0.00894341 0.0119792 0.0153919 0.0188062 0.0218448 0.0241518 0.0254613 0.0256547 0.0247836 0.0230459 0.0207284 0.0181349 0.0155246 0.0130768 0.0108852 0.00897484 0.0073298 0.00591815
 1.01794e-16 2.76756e-05 0.000162415 0.000772011 0.00297222 0.00926854 0.0234117 0.0479046 0.0794114 0.10666 0.1161 0.102487 0.0735342 0.0432597 0.0216388 0.0106294 0.00727252 0.00805446 0.0107965 0.0144781 0.0185685 0.0226247 0.0261861 0.0288189 0.0302036 0.0302067 0.0289075 0.0265675 0.0235578 0.0202672 0.0170249 0.0140545 0.0114671 0.00928241 0.00746486 0.00595687
 1.03513e-16 1.56372e-05 9.17218e-05 0.000435887 0.00167799 0.00523248 0.0132173 0.0270474 0.044846 0.0602631 0.0656733 0.0581549 0.0421231 0.0255806 0.0142803 0.00947288 0.00963456 0.0128902 0.0180319 0.0243736 0.0313502 0.0383043 0.044486 0.0491718 0.0518191 0.0521859 0.0503771 0.0467969 0.0420317 0.0367034 0.0313439 0.0263223 0.021833 0.0179297 0.0145808 0.0117209
pSPR Fmed_Fpbrs
0.506489   0.6 0.325
Fs Fmed_Fpbrs
0.668988   0.448968 1.53902
SSBpbr Bo_Bmed_Bpbrs
878687  401111  483278 241639
Ro
34679.6
SPR SPRFo_SPRFmed_SPRFpbrs
712211 360727 231468
log_Ro
10.2739
likeval ReclasPelacesDesembMPH_pf_preclas_ppelaces_ptallas_desvR_qrecl_qpela
 63.8222 14.9455 0.00863337 0.000200973 309.269 189.422 76.7835 0 16.1384 7.37244e-06 7.97751e-05 7.95753e-15 0 0 0
q_reclas_q_pelaces
0.680615 3.56338
M
0.7
N
 36114.9 10795.7 3497.11 412.152 0.227765
 43864.5 16204.6 2722.83 660.681 76.1977
 22466.5 19850.1 4326.23 557.882 147.925
 34034.4 9500.45 3369.37 464.581 73.1467
 60834.5 16329.9 3749.82 1205.82 190.988
 42651.6 30031.1 7794.52 1759.89 654.701
 77589.9 20036.5 10292.2 2280.54 697.812
 75497.3 37199 7867.21 3656.01 1049.77
 98949.1 34978.7 11622.3 2017.24 1188.22
 116897 45429.8 10285.5 2733.13 740.721
 66609.6 54789.6 15334.2 2944.67 981.895
 46066.3 29727 13330.6 2752.13 688.231
 45931.2 20830.2 7894.99 2711.03 685.314
 24832 19638.3 3805.91 941.723 391.927
 14427.6 9177.04 1355.07 113.177 37.1382
 13308.9 5098 469.236 26.277 2.703
 10080.1 5720.16 964.551 58.8287 3.51966
 11573.9 4502.11 1398.97 174.397 11.0137
 12453.3 5344.75 1376.17 347.687 45.3513
 19946.6 5832.4 1794.86 391.127 110.276
 26104 9312.62 1918.03 495.109 136.435
 33504.1 12598.8 3823.03 726.004 237.547
 53206.6 16069.9 4961.23 1363.67 341.061
 63521.6 25342.3 6039.49 1655.65 563.673
 25906.3 30263.2 9540.82 2020.47 735.663
pred_Ctot
 2519.45 3970.48 1644.96 196.712 0.108791
 2813.53 5582.09 1208.98 297.828 34.3766
 2420.72 9975.75 2650.19 345.605 91.693
 828.676 1420.49 689.696 96.9781 15.2848
 258.513 456.769 148.518 48.8274 7.74282
 1661.65 6835.81 2373.41 545.532 203.138
 1931.44 3057.14 2148 485.329 148.658
 3652.8 10187 2841.1 1342.66 385.868
 5392.67 10571.3 4590.39 809.696 477.346
 4736.5 10698.4 3232.42 874.248 237.158
 4882.03 20926.6 7454.65 1452.05 484.549
 2978.63 10305.3 5952.32 1247.54 312.225
 4631.39 10013.7 4664.15 1620.57 409.914
 4646.13 13496.4 2957.41 736.469 306.607
 3051.81 6657.77 1092.89 91.7744 30.1237
 1298.04 2395.6 272.055 15.4196 1.58716
 733.689 2173.27 466.761 28.8775 1.72901
 585.591 1279.77 522.693 66.2471 4.18737
 511.096 1272.63 436.941 112.353 14.6688
 861.271 1450.58 593.308 131.556 37.1257
 528.154 1173.51 333.126 87.7359 24.2028
 823.85 1900.84 789.356 152.86 50.0673
 1566.85 2855.8 1197.17 335.358 83.9593
 1859.19 4478.86 1449.76 405.05 138.04
 739.944 5232.08 2242.9 484.125 176.451
F
 0.101411 0.677482 0.966422 0.988613 0.989809
 0.0928958 0.620599 0.885278 0.905605 0.906701
 0.160687 1.07348 1.53132 1.56648 1.56837
 0.034373 0.229632 0.327568 0.33509 0.335495
 0.00592437 0.0395783 0.056458 0.0577544 0.0578243
 0.0555111 0.370847 0.52901 0.541157 0.541812
 0.0351542 0.234851 0.335013 0.342705 0.34312
 0.0693584 0.463355 0.660971 0.676149 0.676967
 0.0784363 0.524001 0.747482 0.764645 0.765571
 0.0577916 0.386082 0.550742 0.563388 0.56407
 0.106793 0.713438 1.01771 1.04108 1.04234
 0.0936783 0.625827 0.892735 0.913234 0.914339
 0.149665 0.999848 1.42627 1.45902 1.46079
 0.295427 1.97363 2.81536 2.88001 2.88349
 0.340292 2.27335 3.24292 3.31738 3.32139
 0.144439 0.96494 1.37648 1.40808 1.40979
 0.106018 0.708261 1.01033 1.03353 1.03478
 0.0726343 0.48524 0.69219 0.708085 0.708941
 0.0585563 0.391191 0.558029 0.570843 0.571534
 0.0616909 0.412131 0.587901 0.601401 0.602129
 0.0284893 0.190325 0.271497 0.277731 0.278067
 0.0347191 0.231944 0.330866 0.338463 0.338873
 0.0417073 0.278629 0.397462 0.406588 0.40708
 0.041448 0.276897 0.394991 0.40406 0.404549
 0.0404297 0.270094 0.385286 0.394133 0.39461
nmprior
 10.6 11 7 0
nm_flota  nm_reclas  nm_pelaces    nm_pelaL
inf 18.8988 16.024 36.83
cv_recla  cv_pelaces  cv_mph
0.722622 0.438357 0.459946
 ------------------------------------------------
Talla a la edad & desviación 
 7.2 14.2025 17.0495 18.207 18.6776
 1.08 2.13037 2.55742 2.73105 2.80164
