years
 1997 1998 1999 2000 2001 2002 2003 2004 2005 2006 2007 2008 2009 2010 2011 2012 2013 2014 2015 2016 2017 2018 2019 2020
reclasobs
 0 0 0 370054 412103 1.49427e+06 250295 1.28982e+06 931140 785840 897777 1.04006e+06 184774 17550 25797 100020 73551 82996 120727 218422 84188 347160 605670 569463
reclaspred
 1.12664e+06 234099 601338 322946 411230 527387 1.08597e+06 841509 1.09254e+06 1.21432e+06 1.13995e+06 782420 452917 206756 136317 133604 158793 220443 236393 315023 504393 506342 841016 949221
pelacesobs
 0 0 0 0 0 0 0 0 0 2.06254e+06 1.5e+06 0 1.87456e+06 323000 250000 174000 83755 137374 0 501740 490994 745055 786931 1.00524e+06
pelacespred
 657700 232335 207226 225770 245579 243150 555814 540366 625604 722387 591430 420488 240550 88312.8 57729.2 64564.8 80418.8 112713 127610 163746 287379 300951 379528 509384
mphobs
 0 0 0 0 0 112323 0 153150 637223 0 255016 313432 73983 77613 109348 50772 0 0 0 0 0 0 0 0
mphpred
 795223 430057 378876 349153 307636 470007 653543 869866 862699 1.0569e+06 1.14617e+06 824463 505211 267290 126381 111198 124634 169919 207336 232236 366347 472923 581580 778246
desembarqueobs
 350755 77701 442110 56441 14545 235359 269955 359681 431902 328805 639364 411747 362871 311530 167758 66681 60226 58785 57116 71774 51957 67425 138520 160799
desembarquepred
 350760 77701.2 442127 56443.2 14545.1 235417 269977 359612 431836 328744 639337 411859 362939 311701 167711 66688.9 60244.4 58785.6 57110.7 71765.5 51955.4 67416.3 138510 160792
Reclutas
 42260.8 44565.1 23184.8 26543.8 52988.1 40284.3 79406.4 87716.7 130592 138999 72975.1 41023.2 46118.9 28282.5 20030.6 16951.3 14485.9 15375.3 16319 31002.6 44388.2 49682.7 76262.7 77521.6
log_desv_Rt
 0.0228025 0.0758915 -0.577563 -0.442263 0.249009 -0.0250968 0.65352 0.753054 1.15102 1.21341 0.56906 -0.00692016 0.110164 -0.378814 -0.723798 -0.890714 -1.04789 -0.988295 -0.928728 -0.286989 0.0719141 0.184598 0.613125 0.629498
SSB
 795223 430057 378876 349153 307636 470007 653543 869866 862699 1.0569e+06 1.14617e+06 824463 505211 267290 126381 111198 124634 169919 207336 232236 366347 472923 581580 778246
BT
 2.08344e+06 575735 768795 537246 590232 667287 1.69647e+06 1.63857e+06 1.99786e+06 1.99209e+06 1.83054e+06 1.24693e+06 890811 487195 287304 201630 238097 303393 315768 441251 732684 669517 899135 1.21677e+06
Ftot
 0.299566 0.319041 0.683822 0.169605 0.0345999 0.424865 0.240427 0.408596 0.379029 0.261385 0.529259 0.497722 0.742517 1.30887 1.10594 0.474371 0.363737 0.257404 0.233438 0.220528 0.100409 0.129512 0.159901 0.164435
BD_Bspro_t
 0.957493 0.755981 0.639534 0.437341 0.536029 0.69675 0.630394 0.664616 0.628041 0.624061 0.614288 0.460283 0.350103 0.250149 0.150547 0.158397 0.228995 0.362254 0.468405 0.558381 0.687229 0.78601 0.793468 0.788504
BD_Bspro
 0.935714 0.506035 0.445812 0.410837 0.361986 0.553043 0.769004 1.02354 1.01511 1.24362 1.34867 0.970121 0.594467 0.314512 0.148709 0.130843 0.146652 0.199938 0.243966 0.273265 0.431069 0.556475 0.684327 0.915738
BD_Bo
 0.834444 0.451268 0.397563 0.366373 0.322809 0.493188 0.685777 0.912769 0.905248 1.10902 1.20271 0.865127 0.530129 0.280473 0.132615 0.116682 0.130781 0.178299 0.217562 0.24369 0.384416 0.496249 0.610264 0.81663
BD_Brms
 4.06274 2.19713 1.93566 1.7838 1.57169 2.40124 3.33891 4.44409 4.40748 5.39962 5.85574 4.21213 2.58109 1.36557 0.645675 0.568102 0.636745 0.868105 1.05927 1.18648 1.87165 2.41614 2.97126 3.97601
S_f
 0.5 1 1 1 1
 0.5 1 1 1 1
 0.5 1 1 1 1
 0.5 1 1 1 1
 0.5 1 1 1 1
 0.5 1 1 1 1
 0.5 1 1 1 1
 0.5 1 1 1 1
 0.5 1 1 1 1
 0.5 1 1 1 1
 0.5 1 1 1 1
 0.5 1 1 1 1
 0.5 1 1 1 1
 0.5 1 1 1 1
 0.5 1 1 1 1
 0.5 1 1 1 1
 0.5 1 1 1 1
 0.5 1 1 1 1
 0.5 1 1 1 1
 0.5 1 1 1 1
 0.5 1 1 1 1
 0.5 1 1 1 1
 0.5 1 1 1 1
 0.5 1 1 1 1
Scru_reclas
 0.5 1 1 1 1
 0.5 1 1 1 1
 0.5 1 1 1 1
 0.5 1 1 1 1
 0.5 1 1 1 1
 0.5 1 1 1 1
 0.5 1 1 1 1
 0.5 1 1 1 1
 0.5 1 1 1 1
 0.5 1 1 1 1
 0.5 1 1 1 1
 0.5 1 1 1 1
 0.5 1 1 1 1
 0.5 1 1 1 1
 0.5 1 1 1 1
 0.5 1 1 1 1
 0.5 1 1 1 1
 0.5 1 1 1 1
 0.5 1 1 1 1
 0.5 1 1 1 1
 0.5 1 1 1 1
 0.5 1 1 1 1
 0.5 1 1 1 1
 0.5 1 1 1 1
Scru_pelaces
 0.5 1 1 1 1
 0.5 1 1 1 1
 0.5 1 1 1 1
 0.5 1 1 1 1
 0.5 1 1 1 1
 0.5 1 1 1 1
 0.5 1 1 1 1
 0.5 1 1 1 1
 0.5 1 1 1 1
 0.5 1 1 1 1
 0.5 1 1 1 1
 0.5 1 1 1 1
 0.5 1 1 1 1
 0.5 1 1 1 1
 0.5 1 1 1 1
 0.5 1 1 1 1
 0.5 1 1 1 1
 0.5 1 1 1 1
 0.5 1 1 1 1
 0.5 1 1 1 1
 0.5 1 1 1 1
 0.5 1 1 1 1
 0.5 1 1 1 1
 0.5 1 1 1 1
pf_obs 
 0.256992 0.487395 0.22802 0.0275931 0
 0.321318 0.546541 0.124235 0.00734118 0.000564706
 0.182869 0.594174 0.210203 0.0122559 0.00049798
 0.330522 0.361315 0.267642 0.0388342 0.00168674
 0.649043 0.306663 0.0425973 0.00169635 0
 0.582887 0.30429 0.105238 0.00758474 0
 0.465427 0.430635 0.0974691 0.00646863 0
 0.296916 0.608066 0.0921331 0.00288517 0
 0.311714 0.524322 0.152257 0.0117073 0
 0.15457 0.633149 0.183074 0.0267441 0.00246327
 0.131901 0.49318 0.331252 0.0422183 0.00144891
 0.196976 0.569456 0.194076 0.0375587 0.00193317
 0.518974 0.381816 0.0799577 0.0180837 0.00116848
 0.0928022 0.601141 0.25162 0.0475244 0.00691264
 0.122501 0.610282 0.24278 0.0234846 0.000952079
 0.383417 0.481906 0.127806 0.00687128 0
 0.0376549 0.599619 0.316969 0.0457579 0
 0.0361596 0.667082 0.258105 0.0386534 0
 0.158088 0.579412 0.248529 0.0139706 0
 0.0477256 0.309471 0.559284 0.082774 0.000745712
 0.0406174 0.521527 0.379366 0.0568643 0.0016247
 0.151134 0.462217 0.34131 0.0453401 0
 0.294876 0.26143 0.354403 0.0886775 0.000613685
 0.281977 0.475581 0.204845 0.0348837 0.00271318
pf_pred 
 0.451228 0.386346 0.145149 0.0172715 5.43836e-06
 0.458568 0.347557 0.136493 0.0512796 0.00610377
 0.314188 0.445787 0.154077 0.060509 0.0254388
 0.471139 0.27991 0.161821 0.0559299 0.0311991
 0.589549 0.26742 0.0757021 0.0437647 0.0235642
 0.387539 0.455446 0.102299 0.0289593 0.0257562
 0.603436 0.233536 0.121233 0.0272305 0.0145644
 0.51109 0.374146 0.0675848 0.0350844 0.0120953
 0.582892 0.292781 0.095143 0.0171864 0.0119975
 0.509115 0.371741 0.0836314 0.0271771 0.00833622
 0.316937 0.471966 0.159861 0.0359644 0.0152719
 0.298336 0.365083 0.232562 0.0787718 0.0252468
 0.454987 0.270351 0.142909 0.0910347 0.0407174
 0.434743 0.382196 0.0908064 0.0480009 0.0442533
 0.541835 0.32053 0.0930615 0.0221106 0.0224631
 0.556982 0.340876 0.0714573 0.0207467 0.00993705
 0.466576 0.396286 0.10552 0.0221199 0.00949826
 0.472073 0.348599 0.133225 0.035474 0.0106295
 0.456802 0.357514 0.12261 0.0468584 0.0162157
 0.591547 0.262474 0.0960783 0.0329504 0.0169506
 0.554069 0.336763 0.0701515 0.0256789 0.013337
 0.466976 0.383145 0.113187 0.0235782 0.0131134
 0.524064 0.307018 0.121421 0.0358696 0.0116277
 0.444797 0.387188 0.108384 0.042864 0.0167675
pobs_RECLAS
 0 0 0 0 0
 0 0 0 0 0
 0 0 0 0 0
 0 0 0 0 0
 0.835266 0.146461 0.0176864 0.000547809 3.91292e-05
 0.385257 0.428462 0.181853 0.0044286 0
 0.867414 0.0963971 0.0333333 0.00285562 0
 0.441836 0.489002 0.0689373 0.000224442 0
 0.779404 0.147425 0.0564933 0.0165055 0.000172143
 0.814271 0.122319 0.05973 0.00367925 0
 0.40263 0.566651 0.0304383 0.000280538 0
 0.475488 0.404961 0.113038 0.00651328 0
 0.955842 0.0263864 0.0167828 0.000988607 0
 0.975058 0.0227948 0.00214734 0 0
 0.738997 0.206755 0.0527124 0.00153531 0
 0.850938 0.134255 0.0134407 0.00136685 0
 0.542534 0.407297 0.0501686 0 0
 0.764087 0.199537 0.0359546 0.000420521 0
 0.470689 0.182191 0.310203 0.0369168 0
 0.84361 0.089868 0.0606195 0.00523954 0.000663233
 0.607945 0.314616 0.071237 0.00620181 0
 0.523733 0.453247 0.0230204 0 0
 0.530135 0.295979 0.169645 0.0042399 0
 0.562478 0.366248 0.0663022 0.0049721 0
ppred_RECLAS
 0.454048 0.384361 0.144403 0.0171827 5.41042e-06
 0.461624 0.345594 0.135722 0.0509901 0.00606931
 0.3215 0.441035 0.152434 0.0598639 0.0251676
 0.47258 0.279148 0.16138 0.0557776 0.0311142
 0.5898 0.267256 0.0756558 0.043738 0.0235497
 0.391754 0.452312 0.101595 0.0287599 0.0255789
 0.605518 0.23231 0.120596 0.0270876 0.0144879
 0.515299 0.370924 0.0670029 0.0347823 0.0119912
 0.586606 0.290174 0.0942957 0.0170333 0.0118907
 0.511521 0.369918 0.0832214 0.0270439 0.00829536
 0.322092 0.468403 0.158655 0.0356929 0.0151567
 0.302928 0.362694 0.23104 0.0782564 0.0250816
 0.464395 0.265684 0.140443 0.0894633 0.0400145
 0.456362 0.367579 0.0873334 0.046165 0.0425608
 0.558613 0.308792 0.0896537 0.0213009 0.0216405
 0.562031 0.336992 0.0706429 0.0205102 0.0098238
 0.470191 0.393601 0.104805 0.02197 0.00943391
 0.474429 0.347043 0.13263 0.0353157 0.0105821
 0.458888 0.35614 0.122139 0.0466784 0.0161534
 0.593443 0.261255 0.0956323 0.0327974 0.0168719
 0.554863 0.336164 0.0700267 0.0256332 0.0133133
 0.468035 0.382384 0.112962 0.0235313 0.0130873
 0.525412 0.306149 0.121077 0.0357681 0.0115948
 0.446175 0.386227 0.108115 0.0427576 0.0167259
pobs_PELACES
 0 0 0 0 0
 0 0 0 0 0
 0 0 0 0 0
 0 0 0 0 0
 0 0 0 0 0
 0 0 0 0 0
 0 0 0 0 0
 0 0 0 0 0
 0 0 0 0 0
 0 0 0 0 0
 0.450072 0.473896 0.0757376 0.000293798 0
 0 0 0 0 0
 0.463077 0.371075 0.160297 0.00555027 0
 0.529543 0.364841 0.0842815 0.0213345 0
 0.631943 0.363953 0.00410389 0 0
 0.735681 0.248677 0.0153453 0.000297389 0
 0.695825 0.281241 0.0229344 0 0
 0.275771 0.60734 0.115278 0.00161068 0
 0 0 0 0 0
 0.896147 0.0623911 0.0374545 0.00400742 0
 0.803859 0.145111 0.0509908 3.86294e-05 0
 0.739449 0.233085 0.0266225 0.000797448 4.60066e-05
 0.878498 0.100942 0.0204185 0.000141795 0
 0.694673 0.275183 0.0284847 0.00165964 0
ppred_PELACES
 0.466326 0.375717 0.141155 0.0167963 5.28874e-06
 0.474731 0.337181 0.132418 0.0497488 0.00592155
 0.346591 0.424725 0.146797 0.0576501 0.0242369
 0.47956 0.275454 0.159245 0.0550394 0.0307024
 0.591181 0.266357 0.0754011 0.0435908 0.0234705
 0.408579 0.4398 0.098785 0.0279644 0.0248713
 0.614953 0.226754 0.117712 0.0264397 0.0141414
 0.532114 0.358057 0.0646784 0.0335757 0.0115752
 0.601686 0.279589 0.0908561 0.016412 0.0114569
 0.52229 0.361763 0.0813867 0.0264476 0.00811247
 0.341449 0.455029 0.154125 0.0346738 0.0147239
 0.320544 0.353528 0.225201 0.0762787 0.0244477
 0.494964 0.250521 0.132427 0.0843573 0.0377308
 0.51024 0.331149 0.0786781 0.0415898 0.0383428
 0.603008 0.277734 0.0806363 0.0191585 0.0194639
 0.581195 0.322246 0.0675519 0.0196128 0.00939395
 0.485164 0.382477 0.101843 0.0213491 0.00916729
 0.485029 0.340043 0.129955 0.0346034 0.0103686
 0.468466 0.349836 0.119977 0.0458522 0.0158675
 0.602191 0.255634 0.0935745 0.0320916 0.0165088
 0.558951 0.333077 0.0693836 0.0253978 0.013191
 0.473359 0.378557 0.111832 0.0232958 0.0129563
 0.531986 0.301908 0.1194 0.0352726 0.0114342
 0.452888 0.381545 0.106804 0.0422393 0.0165232
pobs_pel_tallas
 0 0 0 0 0 0 0 0 0 0 0 0 0 0 0 0 0 0 0 0 0 0 0 0 0 0 0 0 0 0 0 0 0 0 0 0
 0 0 0 0 0 0 0 0 0 0 0 0 0 0 0 0 0 0 0 0 0 0 0 0 0 0 0 0 0 0 0 0 0 0 0 0
 0 0 0 0 0 0 0 0 0 0 0 0 0 0 0 0 0 0 0 0 0 0 0 0 0 0 0 0 0 0 0 0 0 0 0 0
 0 0 0 0 0 0 0 0 0 0 0 0 0 0 0 0 0 0 0 0 0 0 0 0 0 0 0 0 0 0 0 0 0 0 0 0
 0 0 0 0 0 0 0 0 0 0 0 0 0 0 0 0 0 0 0 0 0 0 0 0 0 0 0 0 0 0 0 0 0 0 0 0
 0 0 0 0 0 0 0 0 0 0 0 0 0 0 0 0 0 0 0 0 0 0 0 0 0 0 0 0 0 0 0 0 0 0 0 0
 0 0 0 0 0 0 0 0 0 0 0 0 0 0 0 0 0 0 0 0 0 0 0 0 0 0 0 0 0 0 0 0 0 0 0 0
 0 0 0 0 0 0 0 0 0 0 0 0 0 0 0 0 0 0 0 0 0 0 0 0 0 0 0 0 0 0 0 0 0 0 0 0
 0 0 0 0 0 0 0 0 0 0 0 0 0 0 0 0 0 0 0 0 0 0 0 0 0 0 0 0 0 0 0 0 0 0 0 0
 0 0 0 0 0 0 0 0 0 0 0 0 0 0 0 0 0 0 0 0 0 0 0 0 0 0 0 0 0 0 0 0 0 0 0 0
 0 0 0 0 0 0 0 0 1.78061e-05 0.00172719 0.00360574 0.0105946 0.0120993 0.0124554 0.0147524 0.0171206 0.0266825 0.0428682 0.0675386 0.121331 0.153587 0.119568 0.100827 0.0573624 0.0630603 0.0341343 0.0324427 0.0444173 0.0211091 0.0280891 0.0125444 0.00206551 0 0 0 0
 0 0 0 0 0 0 0 0 0 0 0 0 0 0 0 0 0 0 0 0 0 0 0 0 0 0 0 0 0 0 0 0 0 0 0 0
 0 0 0 0 0 0 0.0133647 0.0140871 0.0187388 0.0205184 0.03894 0.0496705 0.03968 0.0493445 0.0407372 0.0367815 0.0215668 0.0243155 0.0234873 0.0199281 0.019796 0.0243948 0.0301388 0.0376714 0.0412746 0.0863199 0.0771752 0.113111 0.0741005 0.0525337 0.0229764 0.00759418 0.00175318 0 0 0
 0 0 0 0 0 0 0 0 0 0 0.00219441 0.00772107 0.0458388 0.0604681 0.0671733 0.0775358 0.0609151 0.0617685 0.073594 0.0568108 0.0755445 0.0548602 0.0670107 0.0636378 0.0643287 0.046367 0.0373049 0.0286899 0.0247887 0.0153202 0.00654259 0.00121912 0.000365735 0 0 0
 0 0 0 0 0 0 0 0 0 0 0 0 0.000112435 0.00938835 0.0111873 0.0202946 0.0414886 0.0713402 0.111592 0.104902 0.108894 0.110636 0.117776 0.105296 0.107544 0.0401394 0.0192827 0.0124803 0.00416011 0.0028671 0.000618394 0 0 0 0 0
 0 0 0 0 0 0 0 0 0 0 0.00291406 0.0102884 0.027416 0.0768956 0.0749926 0.110853 0.0956884 0.0897413 0.0766577 0.0534642 0.0500743 0.0551293 0.0594112 0.0620874 0.0668451 0.0424026 0.0208742 0.0120726 0.0048766 0.00582813 0.00118941 0.000297354 0 0 0 0
 0 0.00264628 0.0354308 0.0461629 0.0458689 0.0383711 0.0214643 0.0164657 0.0346957 0.0420465 0.0363128 0.0245516 0.0311673 0.0291091 0.0169068 0.0133784 0.00837989 0.0085269 0.0148486 0.0160247 0.0276389 0.0546898 0.0760071 0.122758 0.109233 0.0665981 0.0333725 0.0166128 0.00676272 0.00308733 0.000882094 0 0 0 0 0
 0 0 0 0 0 0 0 0.000805153 0.000690131 0.00759144 0.0133425 0.0154129 0.00931677 0.000345066 0.00356568 0.00563607 0.00851162 0.0253048 0.0502646 0.0516448 0.0657925 0.0565908 0.0611916 0.0827007 0.0866115 0.110766 0.145733 0.0935128 0.0569358 0.0249597 0.0138026 0.00621118 0.00161031 0.00115022 0 0
 0 0 0 0 0 0 0 0 0 0 0 0 0 0 0 0 0 0 0 0 0 0 0 0 0 0 0 0 0 0 0 0 0 0 0 0
 0.00147267 0.00158595 0.00478618 0.00569244 0.00954404 0.0108468 0.00647125 0.017049 0.0510054 0.094081 0.124002 0.0959785 0.0687766 0.0820023 0.061753 0.0591476 0.0492212 0.0479892 0.0443925 0.0268479 0.0217502 0.0140895 0.0121071 0.0120363 0.00920419 0.00665534 0.0049561 0.00860946 0.00930331 0.0156896 0.0114698 0.00855282 0.00243557 0.00046729 0 2.83206e-05
 0 0 0 0 0.000772559 0.00158375 0.000888443 0.00281984 0.00712685 0.0440552 0.0773331 0.111326 0.0921469 0.0852325 0.0710754 0.0886704 0.0786465 0.0553345 0.0373146 0.0185414 0.00753245 0.00457741 0.012979 0.0271748 0.0457355 0.0583668 0.034881 0.0177882 0.00938659 0.00492506 0.0015258 0.00185414 0.000309023 5.79419e-05 3.86279e-05 0
 0 0.00173294 0.00326652 0 0.00397197 0.00683976 0.00946217 0.0152591 0.00757587 0.0136028 0.0228656 0.0392903 0.0559909 0.0764795 0.0681675 0.0726916 0.0566044 0.0477403 0.0527397 0.0444891 0.0609904 0.0582453 0.0661739 0.0445044 0.0529084 0.0360697 0.0280645 0.0235558 0.0158879 0.00826598 0.00280645 0.00217768 0.000904811 0.00058276 9.20147e-05 0
 0 0 0 0 0 0 0 0 0 0 0 0 0 0 0 0 0 0 0 0 0 0 0 0 0 0 0 0 0 0 0 0 0 0 0 0
 0 0 0 0 0 0 0 0 0 0 0 0 0 0 0 0 0 0 0 0 0 0 0 0 0 0 0 0 0 0 0 0 0 0 0 0
ppred_pel_tallas
 1.02704e-16 2.03622e-05 0.00011947 0.000567823 0.00218601 0.00681675 0.0172189 0.0352343 0.0584131 0.0784725 0.0854604 0.0755411 0.0544215 0.0324611 0.0170648 0.00975498 0.00844001 0.0106009 0.0146548 0.0197993 0.0255066 0.0312338 0.036375 0.0403433 0.0426906 0.0432044 0.0419462 0.0392166 0.0354654 0.0311785 0.0267797 0.0225733 0.0187339 0.0153301 0.0123644 0.00980997
 1.03976e-16 2.0727e-05 0.000121616 0.000578033 0.00222533 0.00693938 0.0175286 0.0358677 0.0594619 0.0798775 0.0869801 0.0768595 0.0553173 0.0328872 0.0170915 0.00946137 0.00785018 0.00968337 0.0133536 0.0180688 0.0233406 0.0286855 0.0335665 0.0374607 0.0399636 0.0408745 0.0402294 0.0382709 0.0353691 0.0319237 0.0282806 0.0246853 0.0212777 0.0181161 0.0152135 0.0125685
 1.05336e-16 1.51431e-05 8.88251e-05 0.000422124 0.00162502 0.0050673 0.0128 0.0261933 0.0434291 0.0583568 0.0635901 0.0562962 0.0407467 0.0246852 0.0136747 0.00891804 0.00893298 0.0119036 0.0166708 0.0225961 0.0291732 0.0358189 0.0418638 0.0466548 0.0496919 0.0507339 0.0498405 0.0473306 0.0436813 0.0394015 0.0349255 0.0305536 0.0264472 0.0226607 0.019191 0.0160193
 1.05677e-16 2.09351e-05 0.000122843 0.00058388 0.00224787 0.00700968 0.0177061 0.0362304 0.0600614 0.0806774 0.0878368 0.0775826 0.0557641 0.0330055 0.016884 0.0089225 0.00693102 0.00829857 0.0114123 0.0155128 0.0201801 0.0250265 0.0296213 0.0335347 0.0364188 0.0380743 0.0384787 0.0377656 0.0361676 0.0339453 0.0313287 0.0284871 0.0255295 0.0225238 0.0195232 0.0165844
 1.03752e-16 2.58018e-05 0.000151416 0.000719721 0.0027709 0.00864072 0.0218259 0.0446598 0.0740327 0.0994362 0.108239 0.095552 0.0685686 0.040359 0.0202273 0.0100042 0.006939 0.00776547 0.0104635 0.0140933 0.0181712 0.0222932 0.0260346 0.0289899 0.0308521 0.0314782 0.0309141 0.0293671 0.0271403 0.0245522 0.0218694 0.0192696 0.01684 0.0145999 0.0125337 0.01062
 1.03669e-16 1.78466e-05 0.000104696 0.000497573 0.00191551 0.00597318 0.0150882 0.0308752 0.0511897 0.0687783 0.0749289 0.0662936 0.0478935 0.0288358 0.0156492 0.00971494 0.00924584 0.0120651 0.0167838 0.0226502 0.029099 0.035506 0.0411691 0.045417 0.0477524 0.0479638 0.0461672 0.0427584 0.0383003 0.0333825 0.028501 0.0239901 0.0200127 0.0165957 0.0136851 0.0111989
 1.03315e-16 2.68369e-05 0.000157496 0.000748635 0.00288223 0.00898793 0.0227029 0.0464539 0.0770053 0.103425 0.112569 0.0993482 0.071235 0.0418126 0.0207419 0.0099082 0.00643229 0.00690676 0.00923553 0.0124678 0.0161509 0.019934 0.0234519 0.0263485 0.0283418 0.02928 0.0291649 0.0281338 0.0264099 0.0242404 0.021844 0.0193815 0.016953 0.0146131 0.012392 0.0103132
 1.0273e-16 2.32299e-05 0.000136308 0.000647879 0.00249426 0.007778 0.0196469 0.040202 0.0666465 0.089526 0.0974791 0.0861192 0.0619428 0.0367474 0.0189503 0.0102497 0.00821749 0.00994437 0.0136073 0.0183039 0.0234825 0.028612 0.0331168 0.036452 0.0382178 0.03825 0.0366537 0.0337625 0.0300457 0.0259916 0.022009 0.0183701 0.0152032 0.0125218 0.0102721 0.00837646
 1.02481e-16 2.62605e-05 0.000154107 0.000732513 0.00282014 0.00879429 0.0222138 0.0454536 0.0753488 0.101205 0.110166 0.0972574 0.0698018 0.0411039 0.0206355 0.010263 0.00718897 0.00808953 0.0109057 0.0146731 0.018886 0.0231149 0.0269066 0.0298283 0.0315525 0.0319284 0.0310088 0.0290232 0.0263087 0.023225 0.020081 0.0170923 0.0143751 0.0119664 0.00985561 0.00801421
 1.02562e-16 2.28018e-05 0.000133794 0.000635926 0.00244823 0.00763447 0.0192843 0.0394603 0.0654172 0.0878758 0.0956851 0.0845409 0.0608223 0.0361122 0.0186773 0.0101904 0.0082741 0.010078 0.0138153 0.0185978 0.0238767 0.0291167 0.0337351 0.0371774 0.0390335 0.0391294 0.037562 0.0346599 0.030891 0.0267464 0.0226413 0.0188579 0.0155365 0.0127037 0.0103173 0.00830912
 1.04216e-16 1.49202e-05 8.75132e-05 0.000415881 0.00160097 0.00499229 0.0126106 0.025806 0.042788 0.0574985 0.0626632 0.0554958 0.0402111 0.0244477 0.0136994 0.0091662 0.00940197 0.0126261 0.0176936 0.0239554 0.0308736 0.0378177 0.0440635 0.0489073 0.0518139 0.0525325 0.0511423 0.0480081 0.0436698 0.0387051 0.0336109 0.0287357 0.0242698 0.0202777 0.0167495 0.0136475
 1.07076e-16 1.40046e-05 8.21473e-05 0.000390391 0.00150286 0.00468637 0.0118377 0.0242239 0.040163 0.0539657 0.0587988 0.0520397 0.0376339 0.0227367 0.0124855 0.00798657 0.00786762 0.010458 0.0147106 0.0200788 0.0261573 0.0324806 0.0385002 0.0436603 0.0475053 0.0497664 0.0504 0.0495617 0.0475371 0.0446527 0.0412031 0.0374126 0.0334346 0.0293752 0.0253226 0.021368
 1.06624e-16 2.16057e-05 0.000126782 0.000602614 0.00232001 0.00723465 0.0182743 0.0373928 0.0619874 0.0832613 0.0906416 0.08004 0.0574867 0.0339373 0.0171987 0.00882675 0.00654518 0.00764767 0.010468 0.0142362 0.0185507 0.0230606 0.0273808 0.0311278 0.03399 0.0357868 0.0364925 0.0362162 0.035149 0.0335019 0.031454 0.0291296 0.0266027 0.0239188 0.0211211 0.0182684
 1.04446e-16 2.2275e-05 0.000130705 0.000621244 0.00239171 0.00745824 0.0188392 0.0385492 0.0639061 0.0858442 0.0934683 0.0825712 0.0593812 0.0352085 0.0181224 0.00974974 0.007762 0.00937328 0.0128446 0.0173265 0.0223131 0.0273223 0.0318299 0.0353345 0.0374612 0.0380432 0.0371521 0.0350624 0.0321675 0.0288773 0.0255316 0.0223535 0.019446 0.0168212 0.0144439 0.01227
 1.02803e-16 2.6318e-05 0.000154445 0.000734121 0.00282634 0.0088136 0.0222626 0.0455534 0.0755141 0.101426 0.110406 0.0974681 0.0699491 0.0411828 0.0206604 0.0102508 0.00714868 0.00802144 0.0108047 0.0145324 0.0187001 0.0228811 0.0266273 0.0295117 0.0312134 0.0315872 0.0306906 0.0287547 0.026116 0.0231303 0.0200992 0.0172294 0.0146268 0.0123183 0.010285 0.00849295
 1.02177e-16 2.53687e-05 0.000148868 0.000707596 0.00272419 0.00849506 0.021458 0.0439075 0.0727873 0.0977687 0.106437 0.0939938 0.0675205 0.039883 0.0202485 0.0104406 0.00777621 0.00905567 0.0122851 0.016505 0.0211733 0.0258002 0.0298637 0.0328705 0.0344571 0.0344722 0.0330071 0.0303602 0.026954 0.0232311 0.0195647 0.0162072 0.0132823 0.0108102 0.00874817 0.00702966
 1.02733e-16 2.11838e-05 0.000124293 0.000590752 0.00227429 0.00709204 0.0179142 0.0366571 0.0607715 0.0816397 0.0889065 0.0785797 0.0565943 0.0337239 0.0176669 0.00999954 0.00853661 0.010648 0.0146787 0.019789 0.0254304 0.0310454 0.0360184 0.0397604 0.0418318 0.0420404 0.0404783 0.0374825 0.0335384 0.0291593 0.0247827 0.0207101 0.0170976 0.0139841 0.011337 0.00909523
 1.0363e-16 2.11762e-05 0.000124252 0.000590568 0.0022736 0.00708989 0.0179087 0.0366456 0.0607513 0.081609 0.0888642 0.078521 0.0565058 0.033579 0.0174234 0.0096005 0.00791311 0.00972714 0.0133973 0.0181126 0.0233746 0.0286918 0.0335207 0.0373333 0.0397238 0.0404942 0.0396889 0.0375625 0.0345 0.0309164 0.0271707 0.0235174 0.0201006 0.0169768 0.0141528 0.0116175
 1.04135e-16 2.04544e-05 0.000120014 0.000570414 0.002196 0.0068479 0.0172975 0.035395 0.0586788 0.0788269 0.0858399 0.075861 0.0546183 0.032511 0.0169678 0.00950637 0.00801442 0.00995473 0.0137393 0.0185774 0.0239698 0.0294153 0.0343578 0.0382585 0.0407052 0.0415005 0.0406957 0.0385573 0.0354823 0.0318952 0.0281584 0.0245238 0.0211271 0.0180143 0.0151823 0.0126133
 1.03286e-16 2.62815e-05 0.000154233 0.000733117 0.00282248 0.00880157 0.0222322 0.045491 0.0754101 0.101285 0.110248 0.0973172 0.0698171 0.0410576 0.0205103 0.0100341 0.00682124 0.00754128 0.0101375 0.0136603 0.0176313 0.021659 0.0253329 0.0282583 0.0301321 0.0308064 0.0303134 0.0288412 0.0266732 0.0241127 0.0214196 0.0187747 0.0162767 0.0139614 0.0118304 0.00987645
 1.02583e-16 2.43991e-05 0.000143175 0.000680529 0.00261997 0.00817005 0.0206371 0.042228 0.0700038 0.094032 0.102375 0.0904202 0.0649832 0.0384443 0.0196293 0.0103028 0.00789564 0.00933917 0.012718 0.017102 0.0219512 0.0267653 0.0310075 0.034169 0.0358746 0.035967 0.0345381 0.0318925 0.0284614 0.0246959 0.020975 0.0175536 0.014555 0.0119978 0.00983803 0.00800957
 1.03117e-16 2.06689e-05 0.000121271 0.000576384 0.00221897 0.00691953 0.0174785 0.0357655 0.0592936 0.0796549 0.0867468 0.076675 0.0552314 0.03293 0.0172847 0.00983743 0.00846072 0.010593 0.0146231 0.0197336 0.0253884 0.0310394 0.0360791 0.0399237 0.0421341 0.0425127 0.0411403 0.0383377 0.034572 0.0303389 0.0260623 0.0220357 0.018414 0.0152409 0.0124932 0.0101224
 1.0354e-16 2.32222e-05 0.000136268 0.000647697 0.00249357 0.00777588 0.0196415 0.0401905 0.0666259 0.089494 0.0974326 0.0860505 0.0618335 0.0365628 0.0186369 0.00973502 0.0074141 0.0087606 0.0119654 0.0161649 0.0208737 0.0256473 0.0300024 0.0334702 0.0356889 0.0364795 0.0358758 0.0340968 0.0314763 0.0283746 0.0251034 0.021884 0.0188421 0.0160291 0.013455 0.011116
 1.03864e-16 1.97763e-05 0.00011603 0.000551471 0.00212305 0.0066204 0.0167229 0.0342196 0.0567313 0.0762146 0.0830051 0.0733794 0.0528831 0.0315812 0.0166709 0.00963715 0.00845455 0.0106805 0.0147768 0.0199572 0.0256955 0.0314459 0.0366003 0.0405741 0.0429269 0.0434596 0.0422504 0.0396158 0.036016 0.0319371 0.0277908 0.0238585 0.0202839 0.0171034 0.0142919 0.0118047
pSPR Fmed_Fpbrs
0.578503   0.255389 0.255389
Fs Fmed_Fpbrs
0.302731   1.005 1.005
SSBpbr Bo_Bmed_Bpbrs
952997  503662  195735 195735
Ro
41308.1
SPR SPRFo_SPRFmed_SPRFpbrs
849856 491645 217044
log_Ro
10.4488
likeval ReclasPelacesDesembMPH_pf_preclas_ppelaces_ptallas_desvR_qrecl_qpela
 107.686 79.9577 0.0040545 0.000710349 311.45 178.757 84.0722 0 13.913 0 0 0 0 0 0
q_reclas_q_pelaces
1 1
M
0.7
N
 42260.8 19278.4 7242.82 861.834 0.27137
 44565.1 18066.8 7095.21 2665.64 317.289
 23184.8 18867.3 6521.06 2560.95 1076.66
 26543.8 8179.12 4728.5 1634.3 911.655
 52988.1 12109.5 3428.01 1981.79 1067.05
 40284.3 25861.8 5808.91 1644.41 1462.52
 79406.4 16176 8397.24 1886.13 1008.81
 87716.7 34965.6 6316.1 3278.79 1130.36
 130592 35510 11539.4 2084.45 1455.12
 138999 53654.4 12070.8 3922.54 1203.19
 72975.1 60568.7 20515.4 4615.41 1959.89
 41023.2 27812.6 17716.9 6000.95 1923.34
 46118.9 15883.4 8396.1 5348.4 2392.19
 28282.5 15799.3 3753.77 1984.27 1829.35
 20030.6 7299.54 2119.32 503.533 511.561
 16951.3 5721.84 1199.46 348.247 166.8
 14485.9 6640.31 1768.13 370.649 159.156
 15375.3 5997.27 2291.99 610.293 182.869
 16319 6713.11 2302.28 879.869 304.485
 31002.6 7211.03 2639.59 905.256 465.688
 44388.2 13788.1 2872.22 1051.37 546.059
 49682.7 20963.2 6192.86 1290.04 717.479
 76262.7 23124.7 9145.45 2701.71 875.805
 77521.6 34961 9786.46 3870.39 1514.02
pred_Ctot
 4264.44 3651.26 1371.76 163.228 0.0513965
 4769.32 3614.75 1419.59 533.332 63.482
 4924.21 6986.74 2414.81 948.346 398.698
 1559.71 926.642 535.709 185.156 103.285
 654.236 296.762 84.0083 48.5667 26.1497
 5612.89 6596.42 1481.65 419.429 373.038
 6513.41 2520.76 1308.57 293.922 157.206
 11794.5 8634.2 1559.66 809.646 279.125
 16391.8 8233.47 2675.57 483.308 337.389
 12339.5 9009.94 2026.99 658.696 202.047
 12389.6 18449.9 6249.23 1405.9 597.004
 6593.49 8068.66 5139.82 1740.93 557.975
 10507.7 6243.6 3300.41 2102.39 940.344
 10138.5 8913.11 2117.68 1119.42 1032.02
 6314.85 3735.63 1084.59 257.689 261.798
 2609.53 1597.05 334.786 97.2008 46.5563
 1750.61 1486.87 395.912 82.9943 35.6377
 1345.29 993.421 379.659 101.092 30.2915
 1301.64 1018.72 349.373 133.521 46.206
 2342.61 1039.43 380.484 130.488 67.1266
 1567.62 952.8 198.479 72.653 37.7343
 2248.81 1845.11 545.076 113.545 63.1502
 4233.73 2480.29 980.914 289.778 93.9363
 4421.25 3848.63 1077.33 426.066 166.668
F
 0.149783 0.299566 0.299566 0.299566 0.299566
 0.159521 0.319041 0.319041 0.319041 0.319041
 0.341911 0.683822 0.683822 0.683822 0.683822
 0.0848025 0.169605 0.169605 0.169605 0.169605
 0.0173 0.0345999 0.0345999 0.0345999 0.0345999
 0.212432 0.424865 0.424865 0.424865 0.424865
 0.120214 0.240427 0.240427 0.240427 0.240427
 0.204298 0.408596 0.408596 0.408596 0.408596
 0.189514 0.379029 0.379029 0.379029 0.379029
 0.130693 0.261385 0.261385 0.261385 0.261385
 0.264629 0.529259 0.529259 0.529259 0.529259
 0.248861 0.497722 0.497722 0.497722 0.497722
 0.371259 0.742517 0.742517 0.742517 0.742517
 0.654434 1.30887 1.30887 1.30887 1.30887
 0.55297 1.10594 1.10594 1.10594 1.10594
 0.237185 0.474371 0.474371 0.474371 0.474371
 0.181868 0.363737 0.363737 0.363737 0.363737
 0.128702 0.257404 0.257404 0.257404 0.257404
 0.116719 0.233438 0.233438 0.233438 0.233438
 0.110264 0.220528 0.220528 0.220528 0.220528
 0.0502044 0.100409 0.100409 0.100409 0.100409
 0.0647561 0.129512 0.129512 0.129512 0.129512
 0.0799507 0.159901 0.159901 0.159901 0.159901
 0.0822173 0.164435 0.164435 0.164435 0.164435
nmprior
 10 10 8 0
nm_flota  nm_reclas  nm_pelaces    nm_pelaL
inf 14.3119 13.1376 21.9896
cv_recla  cv_pelaces  cv_mph
0.960743 1.05219 0.864717
 ------------------------------------------------
Talla a la edad & desviación 
 7.2 14.2025 17.0495 18.207 18.6776
 1.08 2.13037 2.55742 2.73105 2.80164
