years
 1997 1998 1999 2000 2001 2002 2003 2004 2005 2006 2007 2008 2009 2010 2011 2012 2013 2014 2015 2016 2017 2018 2019 2020
reclasobs
 0 0 0 370054 412103 1.49427e+06 250295 1.28982e+06 931140 785840 897777 1.04006e+06 184774 17550 25797 100020 73551 82996 120727 218422 84188 347160 605670 569463
reclaspred
 3.45289e+06 594085 1.68233e+06 1.05666e+06 1.00161e+06 1.07355e+06 1.77549e+06 924534 775673 571565 378395 269219 223927 206156 376420 619978 855029 1.29094e+06 1.35827e+06 1.46524e+06 1.51393e+06 1.1061e+06 1.38277e+06 1.11276e+06
pelacesobs
 0 0 0 0 0 0 0 0 0 2.06254e+06 1.5e+06 0 1.87456e+06 323000 250000 174000 83755 137374 0 501740 490994 745055 786931 1.00524e+06
pelacespred
 1.89313e+06 731099 680144 780489 633998 557364 856739 642627 427869 319673 157740 122277 101745 85852.8 186790 330604 481521 706400 810719 848564 928741 737770 692457 660854
mphobs
 0 0 0 0 0 112323 0 153150 637223 0 255016 313432 73983 77613 109348 50772 0 0 0 0 0 0 0 0
mphpred
 2.55387e+06 1.23322e+06 949691 1.16642e+06 911914 959185 1.21216e+06 1.12863e+06 754900 574240 426400 249887 205097 175966 229595 467132 651875 995726 1.21977e+06 1.26464e+06 1.34503e+06 1.16325e+06 1.10592e+06 1.05505e+06
desembarqueobs
 350755 77701 442110 56441 14545 235359 269955 359681 431902 328805 639364 411747 362871 311530 167758 66681 60226 58785 57116 71774 51957 67425 138520 160799
desembarquepred
 350795 77713.6 442309 56446.6 14545.1 235318 269800 358673 429706 326720 632178 410312 362494 312824 168153 66733.2 60261.8 58804.8 57131.3 71796.1 51964.9 67434.1 138536 160802
Reclutas
 63071.6 63071.6 63071.6 63071.6 63071.6 63071.6 63071.6 63071.6 63071.6 63071.6 63071.6 63071.6 63071.6 63071.6 63071.6 63071.6 63071.6 63071.6 63071.6 63071.6 63071.6 63071.6 63071.6 63071.6
log_desv_Rt
 0 0 0 0 0 0 0 0 0 0 0 0 0 0 0 0 0 0 0 0 0 0 0 0
SSB
 2.55387e+06 1.23322e+06 949691 1.16642e+06 911914 959185 1.21216e+06 1.12863e+06 754900 574240 426400 249887 205097 175966 229595 467132 651875 995726 1.21977e+06 1.26464e+06 1.34503e+06 1.16325e+06 1.10592e+06 1.05505e+06
BT
 4.62308e+06 1.50636e+06 1.91586e+06 1.63914e+06 1.31308e+06 1.27407e+06 2.13316e+06 1.77118e+06 1.3871e+06 1.04371e+06 972349 724329 633042 508486 651650 783430 1.13196e+06 1.55496e+06 1.66401e+06 1.77637e+06 1.96231e+06 1.47806e+06 1.44828e+06 1.46985e+06
Ftot
 0.0989809 0.12724 0.253672 0.0521947 0.0142187 0.211982 0.147633 0.371265 0.524046 0.540363 1.44141 1.34758 1.4261 1.34772 0.427872 0.104877 0.0688134 0.0445285 0.0411217 0.0478862 0.0335719 0.0595372 0.0976114 0.140441
BD_Bspro_t
 0.984982 0.900088 0.831107 0.733913 0.788192 0.835617 0.766579 0.729337 0.607637 0.491473 0.389507 0.21983 0.186261 0.175207 0.220537 0.391401 0.555533 0.73205 0.81757 0.862325 0.887024 0.904504 0.885389 0.847079
BD_Bspro
 1.96814 0.950375 0.731877 0.898901 0.702764 0.739194 0.934147 0.869773 0.581762 0.442536 0.328604 0.192575 0.158057 0.135608 0.176937 0.359994 0.502366 0.767354 0.940011 0.97459 1.03655 0.896455 0.852271 0.813073
BD_Bo
 1.87552 0.905651 0.697435 0.8566 0.669692 0.704408 0.890186 0.828842 0.554385 0.421711 0.313141 0.183513 0.150619 0.129226 0.16861 0.343053 0.478725 0.731243 0.895775 0.928727 0.987766 0.854268 0.812164 0.77481
BD_Brms
 9.13153 4.40944 3.39568 4.17062 3.2606 3.42962 4.33414 4.03547 2.69919 2.05323 1.52462 0.893487 0.733336 0.629178 0.820931 1.67026 2.33082 3.56028 4.36135 4.52179 4.80924 4.15927 3.95427 3.7724
S_f
 0.5 1 1 1 1
 0.5 1 1 1 1
 0.5 1 1 1 1
 0.5 1 1 1 1
 0.5 1 1 1 1
 0.5 1 1 1 1
 0.5 1 1 1 1
 0.5 1 1 1 1
 0.5 1 1 1 1
 0.5 1 1 1 1
 0.5 1 1 1 1
 0.5 1 1 1 1
 0.5 1 1 1 1
 0.5 1 1 1 1
 0.5 1 1 1 1
 0.5 1 1 1 1
 0.5 1 1 1 1
 0.5 1 1 1 1
 0.5 1 1 1 1
 0.5 1 1 1 1
 0.5 1 1 1 1
 0.5 1 1 1 1
 0.5 1 1 1 1
 0.5 1 1 1 1
Scru_reclas
 0.5 1 1 1 1
 0.5 1 1 1 1
 0.5 1 1 1 1
 0.5 1 1 1 1
 0.5 1 1 1 1
 0.5 1 1 1 1
 0.5 1 1 1 1
 0.5 1 1 1 1
 0.5 1 1 1 1
 0.5 1 1 1 1
 0.5 1 1 1 1
 0.5 1 1 1 1
 0.5 1 1 1 1
 0.5 1 1 1 1
 0.5 1 1 1 1
 0.5 1 1 1 1
 0.5 1 1 1 1
 0.5 1 1 1 1
 0.5 1 1 1 1
 0.5 1 1 1 1
 0.5 1 1 1 1
 0.5 1 1 1 1
 0.5 1 1 1 1
 0.5 1 1 1 1
Scru_pelaces
 0.5 1 1 1 1
 0.5 1 1 1 1
 0.5 1 1 1 1
 0.5 1 1 1 1
 0.5 1 1 1 1
 0.5 1 1 1 1
 0.5 1 1 1 1
 0.5 1 1 1 1
 0.5 1 1 1 1
 0.5 1 1 1 1
 0.5 1 1 1 1
 0.5 1 1 1 1
 0.5 1 1 1 1
 0.5 1 1 1 1
 0.5 1 1 1 1
 0.5 1 1 1 1
 0.5 1 1 1 1
 0.5 1 1 1 1
 0.5 1 1 1 1
 0.5 1 1 1 1
 0.5 1 1 1 1
 0.5 1 1 1 1
 0.5 1 1 1 1
 0.5 1 1 1 1
pf_obs 
 0.256992 0.487395 0.22802 0.0275931 0
 0.321318 0.546541 0.124235 0.00734118 0.000564706
 0.182869 0.594174 0.210203 0.0122559 0.00049798
 0.330522 0.361315 0.267642 0.0388342 0.00168674
 0.649043 0.306663 0.0425973 0.00169635 0
 0.582887 0.30429 0.105238 0.00758474 0
 0.465427 0.430635 0.0974691 0.00646863 0
 0.296916 0.608066 0.0921331 0.00288517 0
 0.311714 0.524322 0.152257 0.0117073 0
 0.15457 0.633149 0.183074 0.0267441 0.00246327
 0.131901 0.49318 0.331252 0.0422183 0.00144891
 0.196976 0.569456 0.194076 0.0375587 0.00193317
 0.518974 0.381816 0.0799577 0.0180837 0.00116848
 0.0928022 0.601141 0.25162 0.0475244 0.00691264
 0.122501 0.610282 0.24278 0.0234846 0.000952079
 0.383417 0.481906 0.127806 0.00687128 0
 0.0376549 0.599619 0.316969 0.0457579 0
 0.0361596 0.667082 0.258105 0.0386534 0
 0.158088 0.579412 0.248529 0.0139706 0
 0.0477256 0.309471 0.559284 0.082774 0.000745712
 0.0406174 0.521527 0.379366 0.0568643 0.0016247
 0.151134 0.462217 0.34131 0.0453401 0
 0.294876 0.26143 0.354403 0.0886775 0.000613685
 0.281977 0.475581 0.204845 0.0348837 0.00271318
pf_pred 
 0.301976 0.351395 0.174498 0.086653 0.0854775
 0.338654 0.311375 0.17618 0.0874886 0.0863017
 0.368403 0.325243 0.144238 0.0816117 0.0805045
 0.391496 0.338604 0.138986 0.0616371 0.0692771
 0.369923 0.356811 0.15206 0.0624157 0.0587908
 0.364756 0.343699 0.165101 0.0703601 0.0560839
 0.388449 0.336078 0.149044 0.0715958 0.0548322
 0.400392 0.341674 0.141748 0.0628625 0.0533236
 0.446676 0.330873 0.126759 0.0525875 0.0431043
 0.488456 0.334177 0.106061 0.0406324 0.0306739
 0.541592 0.316921 0.0924297 0.0293353 0.0197225
 0.67624 0.255602 0.0471216 0.013743 0.00729421
 0.688339 0.269611 0.0331977 0.00612018 0.00273232
 0.69662 0.265324 0.0329211 0.00405363 0.00108094
 0.654104 0.302922 0.0375835 0.00466331 0.000727319
 0.508472 0.398525 0.0814486 0.0101053 0.00144942
 0.423019 0.392705 0.149408 0.0305354 0.00433192
 0.386717 0.367473 0.167303 0.063652 0.0148544
 0.368142 0.35436 0.166275 0.0757014 0.0355227
 0.359771 0.34638 0.164797 0.0773269 0.0517253
 0.356182 0.342838 0.162838 0.077473 0.060669
 0.353727 0.340983 0.162569 0.0772155 0.0655051
 0.358222 0.338067 0.160243 0.0763982 0.0670705
 0.368044 0.337679 0.155015 0.0734766 0.0657852
pobs_RECLAS
 0 0 0 0 0
 0 0 0 0 0
 0 0 0 0 0
 0 0 0 0 0
 0.835266 0.146461 0.0176864 0.000547809 3.91292e-05
 0.385257 0.428462 0.181853 0.0044286 0
 0.867414 0.0963971 0.0333333 0.00285562 0
 0.441836 0.489002 0.0689373 0.000224442 0
 0.779404 0.147425 0.0564933 0.0165055 0.000172143
 0.814271 0.122319 0.05973 0.00367925 0
 0.40263 0.566651 0.0304383 0.000280538 0
 0.475488 0.404961 0.113038 0.00651328 0
 0.955842 0.0263864 0.0167828 0.000988607 0
 0.975058 0.0227948 0.00214734 0 0
 0.738997 0.206755 0.0527124 0.00153531 0
 0.850938 0.134255 0.0134407 0.00136685 0
 0.542534 0.407297 0.0501686 0 0
 0.764087 0.199537 0.0359546 0.000420521 0
 0.470689 0.182191 0.310203 0.0369168 0
 0.84361 0.089868 0.0606195 0.00523954 0.000663233
 0.607945 0.314616 0.071237 0.00620181 0
 0.523733 0.453247 0.0230204 0 0
 0.530135 0.295979 0.169645 0.0042399 0
 0.562478 0.366248 0.0663022 0.0049721 0
ppred_RECLAS
 0.302643 0.35106 0.174331 0.0865703 0.0853958
 0.339589 0.310935 0.175931 0.0873649 0.0861797
 0.370566 0.324129 0.143744 0.0813321 0.0802288
 0.391875 0.338392 0.138899 0.0615987 0.0692339
 0.37002 0.356756 0.152036 0.0624061 0.0587817
 0.366494 0.342758 0.164649 0.0701675 0.0559304
 0.389622 0.335434 0.148759 0.0714586 0.054727
 0.403974 0.339633 0.140901 0.0624869 0.053005
 0.452466 0.327411 0.125432 0.0520373 0.0426532
 0.494551 0.330195 0.104797 0.0401483 0.0303084
 0.56667 0.299583 0.087373 0.0277304 0.0186436
 0.695947 0.240043 0.0442533 0.0129064 0.00685021
 0.709351 0.251434 0.0309596 0.00570758 0.00254812
 0.715612 0.248715 0.0308602 0.00379988 0.00101328
 0.658141 0.299387 0.0371449 0.00460889 0.000718832
 0.509314 0.397842 0.0813091 0.010088 0.00144693
 0.423541 0.39235 0.149274 0.0305078 0.00432801
 0.387037 0.367282 0.167216 0.0636188 0.0148467
 0.368431 0.354198 0.166199 0.0756668 0.0355064
 0.360106 0.346199 0.16471 0.0772864 0.0516982
 0.356413 0.342715 0.162779 0.0774452 0.0606473
 0.354146 0.340762 0.162464 0.0771655 0.0654627
 0.358938 0.337689 0.160064 0.076313 0.0669956
 0.369129 0.337099 0.154749 0.0733505 0.0656723
pobs_PELACES
 0 0 0 0 0
 0 0 0 0 0
 0 0 0 0 0
 0 0 0 0 0
 0 0 0 0 0
 0 0 0 0 0
 0 0 0 0 0
 0 0 0 0 0
 0 0 0 0 0
 0 0 0 0 0
 0.450072 0.473896 0.0757376 0.000293798 0
 0 0 0 0 0
 0.463077 0.371075 0.160297 0.00555027 0
 0.529543 0.364841 0.0842815 0.0213345 0
 0.631943 0.363953 0.00410389 0 0
 0.735681 0.248677 0.0153453 0.000297389 0
 0.695825 0.281241 0.0229344 0 0
 0.275771 0.60734 0.115278 0.00161068 0
 0 0 0 0 0
 0.896147 0.0623911 0.0374545 0.00400742 0
 0.803859 0.145111 0.0509908 3.86294e-05 0
 0.739449 0.233085 0.0266225 0.000797448 4.60066e-05
 0.878498 0.100942 0.0204185 0.000141795 0
 0.694673 0.275183 0.0284847 0.00165964 0
ppred_PELACES
 0.306101 0.349319 0.173467 0.086141 0.0849724
 0.344313 0.308711 0.174673 0.0867399 0.0855632
 0.380381 0.319075 0.141502 0.0800639 0.0789778
 0.39393 0.337249 0.13843 0.0613906 0.069
 0.370567 0.356446 0.151904 0.0623519 0.0587307
 0.374652 0.338344 0.162529 0.0692639 0.0552101
 0.39543 0.332242 0.147343 0.0707786 0.0542062
 0.418807 0.331181 0.137395 0.0609319 0.051686
 0.473963 0.314557 0.120508 0.0499942 0.0409786
 0.516834 0.315638 0.100177 0.0383783 0.0289722
 0.623895 0.260021 0.0758348 0.0240684 0.0161815
 0.740856 0.204588 0.037717 0.0110001 0.00583842
 0.755384 0.211611 0.0260561 0.0048036 0.00214454
 0.758628 0.211095 0.0261923 0.00322511 0.00086001
 0.673843 0.285635 0.0354388 0.0043972 0.000685815
 0.513637 0.394337 0.0805926 0.00999913 0.00143418
 0.426315 0.390462 0.148555 0.030361 0.00430718
 0.388782 0.366236 0.16674 0.0634378 0.0148044
 0.370011 0.353311 0.165783 0.0754774 0.0354176
 0.361929 0.345213 0.164241 0.0770662 0.0515509
 0.357684 0.342038 0.162458 0.0772922 0.0605275
 0.356396 0.339575 0.161898 0.0768966 0.0652346
 0.362653 0.335733 0.159136 0.0758708 0.0666075
 0.374542 0.334207 0.153421 0.0727212 0.0651089
pobs_pel_tallas
 0 0 0 0 0 0 0 0 0 0 0 0 0 0 0 0 0 0 0 0 0 0 0 0 0 0 0 0 0 0 0 0 0 0 0 0
 0 0 0 0 0 0 0 0 0 0 0 0 0 0 0 0 0 0 0 0 0 0 0 0 0 0 0 0 0 0 0 0 0 0 0 0
 0 0 0 0 0 0 0 0 0 0 0 0 0 0 0 0 0 0 0 0 0 0 0 0 0 0 0 0 0 0 0 0 0 0 0 0
 0 0 0 0 0 0 0 0 0 0 0 0 0 0 0 0 0 0 0 0 0 0 0 0 0 0 0 0 0 0 0 0 0 0 0 0
 0 0 0 0 0 0 0 0 0 0 0 0 0 0 0 0 0 0 0 0 0 0 0 0 0 0 0 0 0 0 0 0 0 0 0 0
 0 0 0 0 0 0 0 0 0 0 0 0 0 0 0 0 0 0 0 0 0 0 0 0 0 0 0 0 0 0 0 0 0 0 0 0
 0 0 0 0 0 0 0 0 0 0 0 0 0 0 0 0 0 0 0 0 0 0 0 0 0 0 0 0 0 0 0 0 0 0 0 0
 0 0 0 0 0 0 0 0 0 0 0 0 0 0 0 0 0 0 0 0 0 0 0 0 0 0 0 0 0 0 0 0 0 0 0 0
 0 0 0 0 0 0 0 0 0 0 0 0 0 0 0 0 0 0 0 0 0 0 0 0 0 0 0 0 0 0 0 0 0 0 0 0
 0 0 0 0 0 0 0 0 0 0 0 0 0 0 0 0 0 0 0 0 0 0 0 0 0 0 0 0 0 0 0 0 0 0 0 0
 0 0 0 0 0 0 0 0 1.78061e-05 0.00172719 0.00360574 0.0105946 0.0120993 0.0124554 0.0147524 0.0171206 0.0266825 0.0428682 0.0675386 0.121331 0.153587 0.119568 0.100827 0.0573624 0.0630603 0.0341343 0.0324427 0.0444173 0.0211091 0.0280891 0.0125444 0.00206551 0 0 0 0
 0 0 0 0 0 0 0 0 0 0 0 0 0 0 0 0 0 0 0 0 0 0 0 0 0 0 0 0 0 0 0 0 0 0 0 0
 0 0 0 0 0 0 0.0133647 0.0140871 0.0187388 0.0205184 0.03894 0.0496705 0.03968 0.0493445 0.0407372 0.0367815 0.0215668 0.0243155 0.0234873 0.0199281 0.019796 0.0243948 0.0301388 0.0376714 0.0412746 0.0863199 0.0771752 0.113111 0.0741005 0.0525337 0.0229764 0.00759418 0.00175318 0 0 0
 0 0 0 0 0 0 0 0 0 0 0.00219441 0.00772107 0.0458388 0.0604681 0.0671733 0.0775358 0.0609151 0.0617685 0.073594 0.0568108 0.0755445 0.0548602 0.0670107 0.0636378 0.0643287 0.046367 0.0373049 0.0286899 0.0247887 0.0153202 0.00654259 0.00121912 0.000365735 0 0 0
 0 0 0 0 0 0 0 0 0 0 0 0 0.000112435 0.00938835 0.0111873 0.0202946 0.0414886 0.0713402 0.111592 0.104902 0.108894 0.110636 0.117776 0.105296 0.107544 0.0401394 0.0192827 0.0124803 0.00416011 0.0028671 0.000618394 0 0 0 0 0
 0 0 0 0 0 0 0 0 0 0 0.00291406 0.0102884 0.027416 0.0768956 0.0749926 0.110853 0.0956884 0.0897413 0.0766577 0.0534642 0.0500743 0.0551293 0.0594112 0.0620874 0.0668451 0.0424026 0.0208742 0.0120726 0.0048766 0.00582813 0.00118941 0.000297354 0 0 0 0
 0 0.00264628 0.0354308 0.0461629 0.0458689 0.0383711 0.0214643 0.0164657 0.0346957 0.0420465 0.0363128 0.0245516 0.0311673 0.0291091 0.0169068 0.0133784 0.00837989 0.0085269 0.0148486 0.0160247 0.0276389 0.0546898 0.0760071 0.122758 0.109233 0.0665981 0.0333725 0.0166128 0.00676272 0.00308733 0.000882094 0 0 0 0 0
 0 0 0 0 0 0 0 0.000805153 0.000690131 0.00759144 0.0133425 0.0154129 0.00931677 0.000345066 0.00356568 0.00563607 0.00851162 0.0253048 0.0502646 0.0516448 0.0657925 0.0565908 0.0611916 0.0827007 0.0866115 0.110766 0.145733 0.0935128 0.0569358 0.0249597 0.0138026 0.00621118 0.00161031 0.00115022 0 0
 0 0 0 0 0 0 0 0 0 0 0 0 0 0 0 0 0 0 0 0 0 0 0 0 0 0 0 0 0 0 0 0 0 0 0 0
 0.00147267 0.00158595 0.00478618 0.00569244 0.00954404 0.0108468 0.00647125 0.017049 0.0510054 0.094081 0.124002 0.0959785 0.0687766 0.0820023 0.061753 0.0591476 0.0492212 0.0479892 0.0443925 0.0268479 0.0217502 0.0140895 0.0121071 0.0120363 0.00920419 0.00665534 0.0049561 0.00860946 0.00930331 0.0156896 0.0114698 0.00855282 0.00243557 0.00046729 0 2.83206e-05
 0 0 0 0 0.000772559 0.00158375 0.000888443 0.00281984 0.00712685 0.0440552 0.0773331 0.111326 0.0921469 0.0852325 0.0710754 0.0886704 0.0786465 0.0553345 0.0373146 0.0185414 0.00753245 0.00457741 0.012979 0.0271748 0.0457355 0.0583668 0.034881 0.0177882 0.00938659 0.00492506 0.0015258 0.00185414 0.000309023 5.79419e-05 3.86279e-05 0
 0 0.00173294 0.00326652 0 0.00397197 0.00683976 0.00946217 0.0152591 0.00757587 0.0136028 0.0228656 0.0392903 0.0559909 0.0764795 0.0681675 0.0726916 0.0566044 0.0477403 0.0527397 0.0444891 0.0609904 0.0582453 0.0661739 0.0445044 0.0529084 0.0360697 0.0280645 0.0235558 0.0158879 0.00826598 0.00280645 0.00217768 0.000904811 0.00058276 9.20147e-05 0
 0 0 0 0 0 0 0 0 0 0 0 0 0 0 0 0 0 0 0 0 0 0 0 0 0 0 0 0 0 0 0 0 0 0 0 0
 0 0 0 0 0 0 0 0 0 0 0 0 0 0 0 0 0 0 0 0 0 0 0 0 0 0 0 0 0 0 0 0 0 0 0 0
ppred_pel_tallas
 1.09507e-16 1.33744e-05 7.84483e-05 0.000372808 0.00143516 0.00447527 0.0113045 0.0231328 0.0383543 0.0515364 0.0561545 0.0497053 0.0359588 0.0217505 0.0119905 0.00773943 0.0076915 0.0102546 0.0144295 0.019692 0.02565 0.0318524 0.0377704 0.0428739 0.0467356 0.0491144 0.0499878 0.0495219 0.0479967 0.0457152 0.0429308 0.0398132 0.036455 0.0329035 0.0292005 0.0254092
 1.09559e-16 1.5039e-05 8.82247e-05 0.000419294 0.00161416 0.00503348 0.0127144 0.0260174 0.0431343 0.0579513 0.0631234 0.0558246 0.0402783 0.0241488 0.0129254 0.00776175 0.00714911 0.00926716 0.0129858 0.0177444 0.0231731 0.0288734 0.0343815 0.039228 0.0430281 0.0455528 0.0467591 0.0467643 0.0457835 0.0440534 0.0417726 0.0390754 0.0360394 0.0327147 0.0291568 0.0254478
 1.08554e-16 1.6612e-05 9.74592e-05 0.000463194 0.00178319 0.00556057 0.0140458 0.0287415 0.0476498 0.0640152 0.0697215 0.0616427 0.044439 0.0265683 0.0140822 0.00823849 0.00735144 0.00939075 0.0130921 0.0178279 0.0231921 0.02876 0.0340468 0.0385708 0.0419484 0.0439691 0.0446252 0.0440822 0.0426084 0.0404902 0.0379637 0.0351826 0.0322243 0.0291206 0.0258955 0.0225923
 1.07409e-16 1.72036e-05 0.00010093 0.000479693 0.0018467 0.00575864 0.0145461 0.0297654 0.0493474 0.0662961 0.0722066 0.0638419 0.0460289 0.0275275 0.0146055 0.00856594 0.0076618 0.00978699 0.0136251 0.0185149 0.0240201 0.0296831 0.0349836 0.0394096 0.0425589 0.044221 0.0444085 0.0433257 0.0412912 0.0386449 0.0356707 0.0325577 0.0294034 0.026243 0.0230897 0.0199656
 1.0716e-16 1.61857e-05 9.49526e-05 0.00045127 0.00173726 0.00541734 0.0136841 0.0280017 0.0464246 0.0623732 0.0679439 0.0600965 0.0433798 0.0260459 0.0140073 0.00850863 0.0079261 0.0102934 0.0143763 0.0195404 0.0253427 0.0313015 0.0368646 0.0414874 0.0447417 0.0464031 0.0464845 0.0452042 0.0429047 0.0399536 0.0366623 0.033243 0.0298106 0.0264118 0.0230665 0.019799
 1.07378e-16 1.63632e-05 9.59959e-05 0.000456233 0.00175638 0.00547696 0.0138346 0.0283096 0.0469345 0.0630565 0.0686833 0.0607389 0.0438182 0.0262587 0.0140306 0.00838373 0.00766878 0.00989365 0.0138133 0.0187988 0.0244258 0.0302395 0.0357177 0.0403417 0.0436977 0.0455597 0.045922 0.0449697 0.0430051 0.0403571 0.037306 0.0340467 0.03069 0.0272911 0.0238861 0.0205192
 1.07165e-16 1.72689e-05 0.000101314 0.000481517 0.00185373 0.00578055 0.0146015 0.0298786 0.0495349 0.0665475 0.0724791 0.0640798 0.0461938 0.0276129 0.014627 0.00854196 0.00760245 0.00969376 0.0134958 0.018349 0.0238222 0.0294646 0.0347631 0.0392103 0.0424047 0.0441312 0.0443928 0.0433808 0.0414006 0.0387812 0.0358007 0.0326491 0.02943 0.0261894 0.0229528 0.0197542
 1.06567e-16 1.82882e-05 0.000107298 0.000509967 0.00196327 0.00612214 0.0154643 0.031644 0.0524609 0.0704764 0.0767524 0.0678443 0.0488778 0.0291574 0.0153353 0.00878238 0.00762661 0.00961674 0.0133478 0.0181223 0.0234948 0.0290094 0.0341514 0.0384152 0.0414039 0.0429109 0.0429509 0.0417294 0.0395674 0.0368088 0.0337442 0.0305714 0.0273961 0.0242604 0.0211803 0.0181759
 1.05446e-16 2.06925e-05 0.000121415 0.000577086 0.0022217 0.00692805 0.0174999 0.0358089 0.0593638 0.0797437 0.0868293 0.0767141 0.0551862 0.0327562 0.0169263 0.00921622 0.00747432 0.0091255 0.0125675 0.0170227 0.0220289 0.0271398 0.0318618 0.0357137 0.038322 0.0394982 0.0392692 0.0378468 0.0355553 0.0327403 0.0296948 0.0266182 0.0236163 0.0207267 0.0179559 0.0153086
 1.04198e-16 2.2562e-05 0.000132391 0.000629263 0.00242259 0.00755453 0.0190824 0.0390467 0.0647304 0.0869497 0.0946678 0.0836208 0.060114 0.035599 0.018243 0.00968663 0.00756502 0.00905313 0.0123925 0.0167342 0.0215863 0.0264883 0.0309388 0.0344546 0.0366681 0.0374058 0.0367181 0.0348481 0.0321546 0.0290175 0.0257577 0.0225936 0.0196368 0.0169185 0.0144268 0.0121398
 1.02745e-16 2.7228e-05 0.00015979 0.000759532 0.00292418 0.00911874 0.0230333 0.0471302 0.0781272 0.104934 0.114217 0.100817 0.0723177 0.0425077 0.021196 0.0103038 0.00691603 0.00757579 0.010146 0.0136379 0.0175535 0.0214885 0.0250227 0.0277565 0.0293891 0.0297834 0.0289909 0.0272253 0.0247981 0.0220385 0.0192257 0.0165508 0.0141115 0.0119333 0.0100002 0.00828327
 1.01253e-16 3.23258e-05 0.000189723 0.000901852 0.00347217 0.0108276 0.0273497 0.0559615 0.0927633 0.124582 0.135577 0.119607 0.0856582 0.0500704 0.0244485 0.0110216 0.00627462 0.00606025 0.0078261 0.0104263 0.0133503 0.016247 0.0187774 0.0206278 0.0215694 0.0215096 0.0205108 0.0187682 0.0165556 0.0141586 0.0118176 0.00969403 0.00786553 0.00634175 0.00509103 0.00406574
 1.00705e-16 3.29596e-05 0.000193443 0.000919536 0.00354025 0.0110399 0.0278861 0.0570589 0.0945825 0.127025 0.138236 0.121953 0.0873394 0.051055 0.0249321 0.0112431 0.00640253 0.00617926 0.00796643 0.0105894 0.0135199 0.0163915 0.0188513 0.0205757 0.0213327 0.0210357 0.019763 0.0177335 0.0152484 0.0126205 0.0101117 0.007897 0.0060575 0.00459737 0.00347222 0.00261729
 1.00592e-16 3.3101e-05 0.000194274 0.000923484 0.00355545 0.0110873 0.0280058 0.0573039 0.0949885 0.12757 0.138829 0.122475 0.0877114 0.0512684 0.0250289 0.011274 0.00640224 0.00616345 0.00793921 0.01055 0.013466 0.0163205 0.018761 0.020464 0.021198 0.020877 0.0195798 0.0175258 0.0150174 0.0123687 0.00984304 0.00761705 0.00577318 0.00431644 0.00320254 0.00236608
 1.0078e-16 2.9407e-05 0.00017258 0.000820333 0.00315827 0.00984873 0.0248773 0.0509032 0.0843816 0.113334 0.12336 0.108885 0.0781007 0.0458976 0.0228673 0.0110797 0.00737892 0.00801939 0.0106768 0.0142627 0.0182163 0.0220784 0.0253786 0.0276802 0.0286701 0.0282316 0.0264717 0.0236875 0.0202883 0.0166995 0.0132778 0.0102625 0.00776556 0.00579382 0.00428746 0.0031579
 1.01684e-16 2.24258e-05 0.000131584 0.000625411 0.00240773 0.00750818 0.0189654 0.0388079 0.0643367 0.0864278 0.0941172 0.0831766 0.0598862 0.0356476 0.018604 0.010416 0.00875988 0.0108408 0.0148976 0.0200355 0.0256734 0.0312268 0.0360563 0.0395556 0.0412803 0.0410498 0.0389848 0.0354647 0.0310245 0.0262257 0.0215451 0.0173086 0.0136792 0.0106862 0.00827397 0.0063507
 1.03481e-16 1.86181e-05 0.000109229 0.000519136 0.00199855 0.00623214 0.0157422 0.0322131 0.0534059 0.0717504 0.0781516 0.0691091 0.0498497 0.0298586 0.0159249 0.00946379 0.00858717 0.0110112 0.0152953 0.0206932 0.0266864 0.0327208 0.0381713 0.0424298 0.0450302 0.0457478 0.0446393 0.0420061 0.0383024 0.0340182 0.0295795 0.0252907 0.0213255 0.0177531 0.0145795 0.0117856
 1.05358e-16 1.69805e-05 9.96174e-05 0.000473444 0.00182263 0.00568356 0.0143565 0.0293777 0.0487056 0.0654371 0.0712791 0.0630412 0.0454938 0.027292 0.0146348 0.00882327 0.00814801 0.0105404 0.0147006 0.0199599 0.0258528 0.0318749 0.0374498 0.0420084 0.0451035 0.0465007 0.0462156 0.0444824 0.0416715 0.0381875 0.0343828 0.0305107 0.0267214 0.0230883 0.0196454 0.0164181
 1.06717e-16 1.61614e-05 9.481e-05 0.000450592 0.00173465 0.0054092 0.0136635 0.0279596 0.0463548 0.0622794 0.0678413 0.0600051 0.0433124 0.0260027 0.0139794 0.00848533 0.00789951 0.0102598 0.0143359 0.0194976 0.0253064 0.0312848 0.036884 0.0415593 0.0448788 0.0466094 0.0467522 0.0455116 0.0432178 0.0402305 0.0368597 0.0333237 0.0297497 0.0262013 0.0227158 0.0193331
 1.07501e-16 1.58086e-05 9.27397e-05 0.000440751 0.00169676 0.00529106 0.0133651 0.0273489 0.0453424 0.0609193 0.06636 0.0586955 0.0423683 0.0254385 0.0136811 0.00831293 0.00774994 0.0100752 0.0140888 0.0191781 0.0249195 0.0308509 0.0364404 0.0411585 0.0445836 0.0464851 0.0468569 0.0458878 0.043886 0.0411862 0.0380741 0.0347478 0.0313203 0.027848 0.0243679 0.0209258
 1.07902e-16 1.56234e-05 9.16526e-05 0.000435584 0.00167687 0.00522902 0.0132084 0.0270283 0.0448108 0.0602052 0.0655824 0.0580086 0.0418743 0.0251456 0.0135304 0.00823222 0.00768676 0.010001 0.0139904 0.0190513 0.0247661 0.0306796 0.0362666 0.0410045 0.0444762 0.0464526 0.0469255 0.0460776 0.0442082 0.0416415 0.0386521 0.0354287 0.0320767 0.0286478 0.0251778 0.0217141
 1.081e-16 1.55671e-05 9.13223e-05 0.000434014 0.00167083 0.00521018 0.0131608 0.0269309 0.0446493 0.0599881 0.0653457 0.0577987 0.0417215 0.0250515 0.0134756 0.00819263 0.00764381 0.00994306 0.0139108 0.0189469 0.0246375 0.0305316 0.0361091 0.0408518 0.0443457 0.0463628 0.0468931 0.0461153 0.0443227 0.0418329 0.0389141 0.0357494 0.0324405 0.0290369 0.0255742 0.022101
 1.08088e-16 1.58398e-05 9.29235e-05 0.000441627 0.00170014 0.00530159 0.0133917 0.0274033 0.0454322 0.061039 0.066488 0.058803 0.0424335 0.0254529 0.013644 0.00822158 0.00759453 0.00983955 0.0137549 0.0187326 0.024359 0.0301875 0.035704 0.0403965 0.0438565 0.0458587 0.0463938 0.0456384 0.0438821 0.0414381 0.0385705 0.0354588 0.0322018 0.0288472 0.0254291 0.0219952
 1.07828e-16 1.63581e-05 9.59668e-05 0.000456096 0.00175585 0.00547531 0.0138305 0.0283011 0.0469202 0.0630369 0.0686609 0.0607166 0.0437967 0.026235 0.0139982 0.00833373 0.00759083 0.00977655 0.0136461 0.0185728 0.0241369 0.0298909 0.0353216 0.0399198 0.0432805 0.0451832 0.0456238 0.0447847 0.0429613 0.0404719 0.0375845 0.0344808 0.0312595 0.0279658 0.0246289 0.0212902
pSPR Fmed_Fpbrs
0.72317   0.255389 0.255389
Fs Fmed_Fpbrs
0.16683   1.005 1.005
SSBpbr Bo_Bmed_Bpbrs
1.36169e+06  916648  279676 279676
Ro
63071.6
SPR SPRFo_SPRFmed_SPRFpbrs
1.29761e+06 938392 331396
log_Ro
10.872
likeval ReclasPelacesDesembMPH_pf_preclas_ppelaces_ptallas_desvR_qrecl_qpela
 328.486 143.922 1.19988 0.000805926 320.951 192.447 98.0036 0 0 0 0 0 0 0 0
q_reclas_q_pelaces
1 1
M
0.7
N
 63071.6 37497.4 18620.6 9246.73 9121.29
 63071.6 29808.1 16865.8 8375.32 8261.7
 63071.6 29389.9 13033.7 7374.66 7274.61
 63071.6 27589.5 11324.6 5022.2 5644.71
 63071.6 30513.6 13003.8 5337.64 5027.64
 63071.6 31098.5 14938.7 6366.32 5074.58
 63071.6 28170.6 12493.1 6001.28 4596.12
 63071.6 29091.7 12069.1 5352.4 4540.22
 63071.6 26014.1 9966.1 4134.56 3388.97
 63071.6 24100.9 7649.13 2930.41 2212.2
 63071.6 23905 6971.88 2212.74 1487.65
 63071.6 15234.5 2808.57 819.117 434.754
 63071.6 15966.3 1965.96 362.436 161.807
 63071.6 15351.6 1904.81 234.543 62.5434
 63071.6 15965.2 1980.8 245.775 38.3326
 63071.6 25288.1 5168.26 641.227 91.9716
 63071.6 29720.4 11307.4 2310.95 327.845
 63071.6 30261.1 13777.3 5241.69 1223.25
 63071.6 30630.8 14372.8 6543.62 3070.58
 63071.6 30683 14598 6849.76 4581.92
 63071.6 30579.4 14524.3 6910.2 5411.37
 63071.6 30799.1 14684 6974.44 5916.7
 63071.6 30401.8 14410.4 6870.37 6031.54
 63071.6 29828.5 13693.1 6490.48 5811.07
pred_Ctot
 2196.46 2555.92 1269.23 630.281 621.731
 2806.15 2580.11 1459.86 724.946 715.111
 5442.93 4805.27 2131.03 1205.76 1189.41
 1170.2 1012.1 415.436 184.236 207.072
 321.46 310.066 132.139 54.2387 51.0887
 4589.61 4324.66 2077.42 885.319 705.686
 3241.44 2804.42 1243.71 597.435 457.55
 7767.41 6628.3 2749.84 1219.5 1034.45
 10614.3 7862.52 3012.16 1249.63 1024.28
 10907.3 7462.22 2368.36 907.328 684.953
 24267.1 14200.3 4141.5 1314.43 883.71
 23103.3 8732.49 1609.88 469.521 249.203
 24080.3 9431.83 1161.36 214.103 95.5853
 23105.1 8800.11 1091.91 134.449 35.8521
 8844.44 4095.94 508.183 63.0547 9.83441
 2324.28 1821.7 372.311 46.1927 6.62545
 1537.16 1427 542.917 110.959 15.7412
 1000.01 950.246 432.627 164.597 38.4119
 924.191 889.592 417.42 190.042 89.1769
 1074.62 1034.62 492.24 230.972 154.501
 755.77 727.457 345.52 164.387 128.732
 1332.66 1284.65 612.477 290.908 246.789
 2166.72 2044.81 969.232 462.097 405.678
 3088.37 2833.57 1300.78 616.566 552.025
F
 0.0494905 0.0989809 0.0989809 0.0989809 0.0989809
 0.06362 0.12724 0.12724 0.12724 0.12724
 0.126836 0.253672 0.253672 0.253672 0.253672
 0.0260974 0.0521947 0.0521947 0.0521947 0.0521947
 0.00710934 0.0142187 0.0142187 0.0142187 0.0142187
 0.105991 0.211982 0.211982 0.211982 0.211982
 0.0738166 0.147633 0.147633 0.147633 0.147633
 0.185632 0.371265 0.371265 0.371265 0.371265
 0.262023 0.524046 0.524046 0.524046 0.524046
 0.270181 0.540363 0.540363 0.540363 0.540363
 0.720707 1.44141 1.44141 1.44141 1.44141
 0.673792 1.34758 1.34758 1.34758 1.34758
 0.713048 1.4261 1.4261 1.4261 1.4261
 0.673861 1.34772 1.34772 1.34772 1.34772
 0.213936 0.427872 0.427872 0.427872 0.427872
 0.0524383 0.104877 0.104877 0.104877 0.104877
 0.0344067 0.0688134 0.0688134 0.0688134 0.0688134
 0.0222643 0.0445285 0.0445285 0.0445285 0.0445285
 0.0205608 0.0411217 0.0411217 0.0411217 0.0411217
 0.0239431 0.0478862 0.0478862 0.0478862 0.0478862
 0.016786 0.0335719 0.0335719 0.0335719 0.0335719
 0.0297686 0.0595372 0.0595372 0.0595372 0.0595372
 0.0488057 0.0976114 0.0976114 0.0976114 0.0976114
 0.0702207 0.140441 0.140441 0.140441 0.140441
YTP_r0W_actual
 24707 53837.9 35771.4 22196.4 24289.1
YTP_p0W_proyectada
 151190 201063 80883.9 46830 29323.5
nmprior
 10 10 8 0
nm_flota  nm_reclas  nm_pelaces    nm_pelaL
inf 7.31065 5.29503 7.38997
cv_recla  cv_pelaces  cv_mph
1.67797 1.41165 0.921056
 ------------------------------------------------
Talla a la edad & desviaci?n 
 7.2 14.2025 17.0495 18.207 18.6776
 1.08 2.13037 2.55742 2.73105 2.80164
