    unsorted:	 1.251176435e-06 0.0008999974086 0.007125221405 0.09785287643 6.827591917 22.56365614 51.49164672 34.79219447 64.31994127 82.14726917 122.4766909 241.1622079 280.9676509 406.2387595 527.3061754 599.1849286 707.7672570 794.4117366 837.6967667 925.6136625 1052.691715 1169.039827 1494.921724 1590.379538 1853.217714 2194.461207 2398.502090 2723.022535 3049.295410 3568.543333 3443.936506 4042.744886 4503.835900 4681.544573 61490.70617 245413.7097 276667.9340 339888.7192 373484.0478 389245.3780 427701.6670 451213.3302 505242.8037 566739.9884 623206.8139 701085.2208 809666.7599 985130.6639 1142905.373 1339504.667 1493393.655 1844993.719 1978428.980 2341254.628 2581576.653 25777388.68
      sorted:	 1.251176435e-06 0.0008999974086 0.007125221405 0.09785287643 6.827591917 22.56365614 34.79219447 51.49164672 64.31994127 82.14726917 122.4766909 241.1622079 280.9676509 406.2387595 527.3061754 599.1849286 707.7672570 794.4117366 837.6967667 925.6136625 1052.691715 1169.039827 1494.921724 1590.379538 1853.217714 2194.461207 2398.502090 2723.022535 3049.295410 3443.936506 3568.543333 4042.744886 4503.835900 4681.544573 61490.70617 245413.7097 276667.9340 339888.7192 373484.0478 389245.3780 427701.6670 451213.3302 505242.8037 566739.9884 623206.8139 701085.2208 809666.7599 985130.6639 1142905.373 1339504.667 1493393.655 1844993.719 1978428.980 2341254.628 2581576.653 25777388.68
