years
 1997 1998 1999 2000 2001 2002 2003 2004 2005 2006 2007 2008 2009 2010 2011 2012 2013 2014 2015 2016 2017
reclasobs
 0 0 0 370054 412103 1.49427e+06 250295 1.28982e+06 931140 785840 897777 1.04006e+06 184774 17550 25797 100020 73551 82996 120727 218422 84188
reclaspred
 377184 102624 316643 235748 351606 419708 920814 620382 696530 632440 498614 335540 205116 95816 68040.7 70034.4 88652.4 119865 123443 164120 192998
pelacesobs
 0 0 0 0 0 0 0 0 0 2.06254e+06 1.5e+06 0 1.87456e+06 323000 250000 174000 83755 137374 0 501740 490994
pelacespred
 1.09506e+06 271161 510294 576029 733979 736151 1.82759e+06 1.54014e+06 1.52973e+06 1.40399e+06 999480 694156 423034 165815 115452 126814 167351 228523 243753 314697 405958
mphobs
 0 0 0 0 0 112323 0 153150 637223 0 255016 313432 73983 77613 109348 50772 0 0 0 0 0
mphpred
 716588 434018 529167 657805 707359 1.11894e+06 1.68819e+06 1.98359e+06 1.72001e+06 1.74906e+06 1.6401e+06 1.1591e+06 716691 377540 184040 159852 195500 271928 332077 366615 490442
desembarqueobs
 350755 77701 442110 56441 14545 235359 269955 359681 431902 328805 639364 411747 362871 311530 167758 66681 60226 58785 57116 71774 51957
desembarquepred
 350760 77700.1 442096 56441.7 14545.1 235389 269978 359676 431922 328819 639544 411973 363182 311948 167793 66691 60242.8 58785.5 57111.8 71772.6 51958.6
Reclutas
 51377 66540.2 40390.4 67081.3 115360 82295.9 129863 126326 151970 148602 68797.7 40562.7 42280.9 23469.6 18556 23152.3 19328.1 20836.4 22733.3 36179.3 29912.8
log_desv_Rt
 0.0374765 0.296093 -0.203123 0.304192 0.84634 0.508608 0.964765 0.937154 1.12197 1.09956 0.329457 -0.198865 -0.157377 -0.74601 -0.98092 -0.759619 -0.940155 -0.865014 -0.777883 -0.313226 -0.503427
SSB
 716588 434018 529167 657805 707359 1.11894e+06 1.68819e+06 1.98359e+06 1.72001e+06 1.74906e+06 1.6401e+06 1.1591e+06 716691 377540 184040 159852 195500 271928 332077 366615 490442
BT
 2.24816e+06 616898 1.15782e+06 1.09118e+06 1.32533e+06 1.50336e+06 3.4568e+06 3.16577e+06 3.13468e+06 2.83144e+06 2.36976e+06 1.62362e+06 1.1156e+06 598397 350258 282316 349101 456220 485866 622552 770104
Ftot
 0.410588 0.349915 0.518529 0.0989846 0.0189875 0.185942 0.116179 0.228723 0.25263 0.200464 0.414029 0.383191 0.604307 1.06231 0.988041 0.392076 0.280044 0.189867 0.165127 0.176231 0.0965008
BD_Bspro_t
 0.948941 0.758106 0.71643 0.595125 0.726341 0.846036 0.816929 0.823209 0.777051 0.74492 0.711615 0.565086 0.452596 0.339867 0.221312 0.236014 0.351111 0.515796 0.619824 0.692433 0.76755
BD_Bspro
 0.700943 0.424541 0.517613 0.643443 0.691915 1.0945 1.65133 1.94028 1.68246 1.71087 1.6043 1.1338 0.701043 0.369297 0.180021 0.156362 0.191231 0.265991 0.324827 0.358611 0.479734
BD_Bo
 0.549219 0.332647 0.405572 0.504166 0.542145 0.857592 1.29389 1.5203 1.31828 1.34054 1.25703 0.888379 0.549297 0.28936 0.141055 0.122516 0.149838 0.208416 0.254516 0.280987 0.375893
BD_Brms
 1.91471 1.15968 1.41392 1.75764 1.89005 2.98977 4.51081 5.30011 4.59582 4.67344 4.38232 3.0971 1.91498 1.00878 0.491749 0.42712 0.52237 0.726585 0.887302 0.979587 1.31045
S_f
 0.201423 1 1 1 1
 0.201423 1 1 1 1
 0.201423 1 1 1 1
 0.201423 1 1 1 1
 0.201423 1 1 1 1
 0.201423 1 1 1 1
 0.201423 1 1 1 1
 0.201423 1 1 1 1
 0.201423 1 1 1 1
 0.201423 1 1 1 1
 0.201423 1 1 1 1
 0.201423 1 1 1 1
 0.201423 1 1 1 1
 0.201423 1 1 1 1
 0.201423 1 1 1 1
 0.201423 1 1 1 1
 0.201423 1 1 1 1
 0.201423 1 1 1 1
 0.201423 1 1 1 1
 0.201423 1 1 1 1
 0.201423 1 1 1 1
Scru_reclas
 1 1 1 1 1
 1 1 1 1 1
 1 1 1 1 1
 1 1 1 1 1
 1 1 1 1 1
 1 1 1 1 1
 1 1 1 1 1
 1 1 1 1 1
 1 1 1 1 1
 1 1 1 1 1
 1 1 1 1 1
 1 1 1 1 1
 1 1 1 1 1
 1 1 1 1 1
 1 1 1 1 1
 1 1 1 1 1
 1 1 1 1 1
 1 1 1 1 1
 1 1 1 1 1
 1 1 1 1 1
 1 1 1 1 1
Scru_pelaces
 1 1 1 1 1
 1 1 1 1 1
 1 1 1 1 1
 1 1 1 1 1
 1 1 1 1 1
 1 1 1 1 1
 1 1 1 1 1
 1 1 1 1 1
 1 1 1 1 1
 1 1 1 1 1
 1 1 1 1 1
 1 1 1 1 1
 1 1 1 1 1
 1 1 1 1 1
 1 1 1 1 1
 1 1 1 1 1
 1 1 1 1 1
 1 1 1 1 1
 1 1 1 1 1
 1 1 1 1 1
 1 1 1 1 1
pf_obs 
 0.256992 0.487395 0.22802 0.0275931 0
 0.321318 0.546541 0.124235 0.00734118 0.000564706
 0.182869 0.594174 0.210203 0.0122559 0.00049798
 0.330522 0.361315 0.267642 0.0388342 0.00168674
 0.649043 0.306663 0.0425973 0.00169635 0
 0.582887 0.30429 0.105238 0.00758474 0
 0.465427 0.430635 0.0974691 0.00646863 0
 0.296916 0.608066 0.0921331 0.00288517 0
 0.311714 0.524322 0.152257 0.0117073 0
 0.15457 0.633149 0.183074 0.0267441 0.00246327
 0.131901 0.49318 0.331252 0.0422183 0.00144891
 0.196976 0.569456 0.194076 0.0375587 0.00193317
 0.518974 0.381816 0.0799577 0.0180837 0.00116848
 0.0928022 0.601141 0.25162 0.0475244 0.00691264
 0.122501 0.610282 0.24278 0.0234846 0.000952079
 0.383417 0.481906 0.127806 0.00687128 0
 0.0376549 0.599619 0.316969 0.0457579 0
 0.0361596 0.667082 0.258105 0.0386534 0
 0.158088 0.579412 0.248529 0.0139706 0
 0.0477256 0.309471 0.559284 0.082774 0.000745712
 0.0406174 0.521527 0.379366 0.0568643 0.0016247
pf_pred 
 0.340956 0.463521 0.1747 0.0208132 9.32464e-06
 0.327068 0.508967 0.11532 0.0434639 0.00518046
 0.188374 0.599904 0.160135 0.0362829 0.0153048
 0.315213 0.407185 0.205186 0.0547712 0.0176446
 0.335546 0.468404 0.116574 0.0587432 0.0207321
 0.181652 0.586421 0.163496 0.0406901 0.0277408
 0.273919 0.395866 0.236629 0.065973 0.0276128
 0.224826 0.514479 0.142133 0.0849604 0.0336015
 0.255248 0.458046 0.190286 0.0525696 0.0438514
 0.226901 0.507333 0.163455 0.0679038 0.034408
 0.121421 0.540106 0.222117 0.0715626 0.0447935
 0.118375 0.400015 0.29607 0.121758 0.0637828
 0.198038 0.355232 0.202693 0.150022 0.0940157
 0.180088 0.507847 0.138231 0.0788733 0.0949619
 0.259612 0.478444 0.162246 0.0441616 0.0555364
 0.341992 0.485082 0.111746 0.0378943 0.0232856
 0.233553 0.579101 0.138111 0.031816 0.017419
 0.238001 0.481756 0.211741 0.0504986 0.0180021
 0.234232 0.481084 0.179985 0.0791067 0.025592
 0.305686 0.430942 0.16546 0.0619025 0.0360092
 0.201698 0.561219 0.147151 0.0564987 0.0334333
pobs_RECLAS
 0 0 0 0 0
 0 0 0 0 0
 0 0 0 0 0
 0 0 0 0 0
 0.835266 0.146461 0.0176864 0.000547809 3.91292e-05
 0.385257 0.428462 0.181853 0.0044286 0
 0.867414 0.0963971 0.0333333 0.00285562 0
 0.441836 0.489002 0.0689373 0.000224442 0
 0.779404 0.147425 0.0564933 0.0165055 0.000172143
 0.814271 0.122319 0.05973 0.00367925 0
 0.40263 0.566651 0.0304383 0.000280538 0
 0.475488 0.404961 0.113038 0.00651328 0
 0.955842 0.0263864 0.0167828 0.000988607 0
 0.975058 0.0227948 0.00214734 0 0
 0.738997 0.206755 0.0527124 0.00153531 0
 0.850938 0.134255 0.0134407 0.00136685 0
 0.542534 0.407297 0.0501686 0 0
 0.764087 0.199537 0.0359546 0.000420521 0
 0.470689 0.182191 0.310203 0.0369168 0
 0.84361 0.089868 0.0606195 0.00523954 0.000663233
 0.607945 0.314616 0.071237 0.00620181 0
ppred_RECLAS
 0.724878 0.1935 0.0729296 0.00868858 3.89263e-06
 0.711314 0.218345 0.049472 0.0186459 0.0022224
 0.543896 0.337124 0.0899899 0.0203896 0.00860076
 0.69666 0.180371 0.0908913 0.024262 0.00781604
 0.715049 0.200875 0.0499928 0.025192 0.00889096
 0.526746 0.33913 0.0945504 0.0235312 0.0160426
 0.653263 0.189044 0.113001 0.0315051 0.0131864
 0.593194 0.269995 0.0745907 0.0445867 0.0176338
 0.633132 0.225635 0.0937354 0.025896 0.0216014
 0.595627 0.265363 0.0854956 0.0355174 0.0179973
 0.413152 0.360764 0.148363 0.0478003 0.0299198
 0.405599 0.269694 0.199613 0.0820904 0.043003
 0.561111 0.194407 0.110927 0.0821024 0.0514519
 0.544443 0.282168 0.0768033 0.0438234 0.0527625
 0.654062 0.223548 0.0758075 0.020634 0.0259488
 0.725512 0.202352 0.0466149 0.0158076 0.0097136
 0.605866 0.297794 0.0710216 0.0163609 0.00895744
 0.610367 0.246337 0.10827 0.0258215 0.00920505
 0.605031 0.248135 0.0928328 0.0408018 0.0131999
 0.688118 0.193577 0.074324 0.0278063 0.0161752
 0.557606 0.31101 0.0815465 0.0313098 0.0185277
pobs_PELACES
 0 0 0 0 0
 0 0 0 0 0
 0 0 0 0 0
 0 0 0 0 0
 0 0 0 0 0
 0 0 0 0 0
 0 0 0 0 0
 0 0 0 0 0
 0 0 0 0 0
 0 0 0 0 0
 0.450072 0.473896 0.0757376 0.000293798 0
 0 0 0 0 0
 0.463077 0.371075 0.160297 0.00555027 0
 0.529543 0.364841 0.0842815 0.0213345 0
 0.631943 0.363953 0.00410389 0 0
 0.735681 0.248677 0.0153453 0.000297389 0
 0.695825 0.281241 0.0229344 0 0
 0.275771 0.60734 0.115278 0.00161068 0
 0 0 0 0 0
 0.896147 0.0623911 0.0374545 0.00400742 0
 0.803859 0.145111 0.0509908 3.86294e-05 0
ppred_PELACES
 0.745924 0.178697 0.0673507 0.00802392 3.59485e-06
 0.729875 0.204307 0.0462913 0.0174471 0.00207952
 0.577541 0.312256 0.0833518 0.0188856 0.00796632
 0.702144 0.17711 0.0892481 0.0238234 0.00767474
 0.716067 0.200157 0.0498141 0.025102 0.00885919
 0.538943 0.330389 0.0921136 0.0229248 0.0156292
 0.660165 0.185281 0.110752 0.030878 0.0129239
 0.607653 0.260398 0.0719394 0.0430018 0.017007
 0.648455 0.216211 0.0898205 0.0248144 0.0206992
 0.608284 0.257057 0.0828196 0.0344056 0.0174339
 0.439833 0.344362 0.141618 0.0456271 0.0285596
 0.430158 0.258551 0.191366 0.0786986 0.0412263
 0.599871 0.177239 0.101131 0.0748517 0.046908
 0.612585 0.239961 0.065315 0.0372682 0.0448702
 0.710399 0.187143 0.0634621 0.0172737 0.021723
 0.745602 0.187542 0.043203 0.0146506 0.00900264
 0.623344 0.284588 0.067872 0.0156354 0.00856021
 0.622198 0.238857 0.104982 0.0250374 0.00892553
 0.615381 0.241632 0.0904002 0.0397326 0.012854
 0.697997 0.187445 0.0719697 0.0269255 0.0156628
 0.56387 0.306606 0.0803919 0.0308665 0.0182654
pobs_pel_tallas
 0 0 0 0 0 0 0 0 0 0 0 0 0 0 0 0 0 0 0 0 0 0 0 0 0 0 0 0 0 0 0 0 0 0 0 0
 0 0 0 0 0 0 0 0 0 0 0 0 0 0 0 0 0 0 0 0 0 0 0 0 0 0 0 0 0 0 0 0 0 0 0 0
 0 0 0 0 0 0 0 0 0 0 0 0 0 0 0 0 0 0 0 0 0 0 0 0 0 0 0 0 0 0 0 0 0 0 0 0
 0 0 0 0 0 0 0 0 0 0 0 0 0 0 0 0 0 0 0 0 0 0 0 0 0 0 0 0 0 0 0 0 0 0 0 0
 0 0 0 0 0 0 0 0 0 0 0 0 0 0 0 0 0 0 0 0 0 0 0 0 0 0 0 0 0 0 0 0 0 0 0 0
 0 0 0 0 0 0 0 0 0 0 0 0 0 0 0 0 0 0 0 0 0 0 0 0 0 0 0 0 0 0 0 0 0 0 0 0
 0 0 0 0 0 0 0 0 0 0 0 0 0 0 0 0 0 0 0 0 0 0 0 0 0 0 0 0 0 0 0 0 0 0 0 0
 0 0 0 0 0 0 0 0 0 0 0 0 0 0 0 0 0 0 0 0 0 0 0 0 0 0 0 0 0 0 0 0 0 0 0 0
 0 0 0 0 0 0 0 0 0 0 0 0 0 0 0 0 0 0 0 0 0 0 0 0 0 0 0 0 0 0 0 0 0 0 0 0
 0 0 0 0 0 0 0 0 0 0 0 0 0 0 0 0 0 0 0 0 0 0 0 0 0 0 0 0 0 0 0 0 0 0 0 0
 0 0 0 0 0 0 0 0 1.78061e-05 0.00172719 0.00360574 0.0105946 0.0120993 0.0124554 0.0147524 0.0171206 0.0266825 0.0428682 0.0675386 0.121331 0.153587 0.119568 0.100827 0.0573624 0.0630603 0.0341343 0.0324427 0.0444173 0.0211091 0.0280891 0.0125444 0.00206551 0 0 0 0
 0 0 0 0 0 0 0 0 0 0 0 0 0 0 0 0 0 0 0 0 0 0 0 0 0 0 0 0 0 0 0 0 0 0 0 0
 0 0 0 0 0 0 0.0133647 0.0140871 0.0187388 0.0205184 0.03894 0.0496705 0.03968 0.0493445 0.0407372 0.0367815 0.0215668 0.0243155 0.0234873 0.0199281 0.019796 0.0243948 0.0301388 0.0376714 0.0412746 0.0863199 0.0771752 0.113111 0.0741005 0.0525337 0.0229764 0.00759418 0.00175318 0 0 0
 0 0 0 0 0 0 0 0 0 0 0.00219441 0.00772107 0.0458388 0.0604681 0.0671733 0.0775358 0.0609151 0.0617685 0.073594 0.0568108 0.0755445 0.0548602 0.0670107 0.0636378 0.0643287 0.046367 0.0373049 0.0286899 0.0247887 0.0153202 0.00654259 0.00121912 0.000365735 0 0 0
 0 0 0 0 0 0 0 0 0 0 0 0 0.000112435 0.00938835 0.0111873 0.0202946 0.0414886 0.0713402 0.111592 0.104902 0.108894 0.110636 0.117776 0.105296 0.107544 0.0401394 0.0192827 0.0124803 0.00416011 0.0028671 0.000618394 0 0 0 0 0
 0 0 0 0 0 0 0 0 0 0 0.00291406 0.0102884 0.027416 0.0768956 0.0749926 0.110853 0.0956884 0.0897413 0.0766577 0.0534642 0.0500743 0.0551293 0.0594112 0.0620874 0.0668451 0.0424026 0.0208742 0.0120726 0.0048766 0.00582813 0.00118941 0.000297354 0 0 0 0
 0 0.00264628 0.0354308 0.0461629 0.0458689 0.0383711 0.0214643 0.0164657 0.0346957 0.0420465 0.0363128 0.0245516 0.0311673 0.0291091 0.0169068 0.0133784 0.00837989 0.0085269 0.0148486 0.0160247 0.0276389 0.0546898 0.0760071 0.122758 0.109233 0.0665981 0.0333725 0.0166128 0.00676272 0.00308733 0.000882094 0 0 0 0 0
 0 0 0 0 0 0 0 0.000805153 0.000690131 0.00759144 0.0133425 0.0154129 0.00931677 0.000345066 0.00356568 0.00563607 0.00851162 0.0253048 0.0502646 0.0516448 0.0657925 0.0565908 0.0611916 0.0827007 0.0866115 0.110766 0.145733 0.0935128 0.0569358 0.0249597 0.0138026 0.00621118 0.00161031 0.00115022 0 0
 0 0 0 0 0 0 0 0 0 0 0 0 0 0 0 0 0 0 0 0 0 0 0 0 0 0 0 0 0 0 0 0 0 0 0 0
 0.00147267 0.00158595 0.00478618 0.00569244 0.00954404 0.0108468 0.00647125 0.017049 0.0510054 0.094081 0.124002 0.0959785 0.0687766 0.0820023 0.061753 0.0591476 0.0492212 0.0479892 0.0443925 0.0268479 0.0217502 0.0140895 0.0121071 0.0120363 0.00920419 0.00665534 0.0049561 0.00860946 0.00930331 0.0156896 0.0114698 0.00855282 0.00243557 0.00046729 0 2.83206e-05
 0 0 0 0 0.000772559 0.00158375 0.000888443 0.00281984 0.00712685 0.0440552 0.0773331 0.111326 0.0921469 0.0852325 0.0710754 0.0886704 0.0786465 0.0553345 0.0373146 0.0185414 0.00753245 0.00457741 0.012979 0.0271748 0.0457355 0.0583668 0.034881 0.0177882 0.00938659 0.00492506 0.0015258 0.00185414 0.000309023 5.79419e-05 3.86279e-05 0
ppred_pel_tallas
 1.01291e-16 3.25458e-05 0.000191017 0.000908008 0.00349588 0.0109016 0.0275365 0.0563434 0.0933958 0.125429 0.136493 0.120402 0.0861978 0.0503266 0.0244639 0.0108448 0.00592243 0.00551801 0.00706748 0.00943497 0.0121371 0.0148607 0.0173076 0.0191972 0.0203161 0.0205631 0.0199672 0.0186712 0.0168889 0.0148511 0.0127593 0.0107582 0.00893086 0.00731008 0.00589724 0.0046798
 1.01421e-16 3.1847e-05 0.000186912 0.000888487 0.00342071 0.0106672 0.0269444 0.0551322 0.0913888 0.122736 0.133569 0.117838 0.0843965 0.0493433 0.0241132 0.0109046 0.00625727 0.00608834 0.0078858 0.0105224 0.0134952 0.0164567 0.0190692 0.0210182 0.0220716 0.0221307 0.0212494 0.0196129 0.0174846 0.0151414 0.0128179 0.0106736 0.00878843 0.00717814 0.00582001 0.00467653
 1.02307e-16 2.52089e-05 0.000147931 0.000703143 0.00270705 0.00844161 0.021323 0.0436312 0.0723291 0.0971526 0.105765 0.0933969 0.0670843 0.0396107 0.0200837 0.0103136 0.00763289 0.00886281 0.0120254 0.0161745 0.0207823 0.025375 0.029447 0.0325171 0.0342263 0.0344173 0.0331644 0.0307415 0.0275435 0.0239876 0.0204294 0.0171138 0.0141674 0.0116217 0.00945023 0.00760439
 1.02502e-16 3.06368e-05 0.000179809 0.000854725 0.00329072 0.0102618 0.0259205 0.053037 0.0879154 0.11807 0.128489 0.113348 0.0811649 0.0474224 0.0231173 0.0103612 0.00582498 0.0055851 0.00723731 0.00971911 0.0125779 0.015516 0.0182438 0.0204827 0.022013 0.0227174 0.0225992 0.0217674 0.0203986 0.0186876 0.0168064 0.0148812 0.0129901 0.011175 0.00945807 0.00785617
 1.02049e-16 3.12447e-05 0.000183377 0.000871681 0.003356 0.0104654 0.0264347 0.0540892 0.08966 0.120414 0.131043 0.11561 0.0828022 0.0484142 0.0236652 0.0107131 0.00616479 0.00601709 0.00780866 0.0104375 0.0134145 0.016403 0.0190753 0.0211246 0.0223222 0.0225666 0.0219028 0.0205006 0.0186045 0.0164712 0.0143168 0.012287 0.0104538 0.00883179 0.00740311 0.00614019
 1.02934e-16 2.35266e-05 0.000138053 0.000656178 0.00252622 0.00787767 0.0198986 0.0407169 0.0674991 0.0906687 0.0987163 0.0871957 0.0626811 0.0371134 0.0190075 0.0100717 0.00783632 0.00934993 0.0127714 0.0172061 0.0221305 0.0270538 0.0314445 0.0347946 0.0367233 0.0370607 0.0358796 0.0334617 0.0302149 0.0265704 0.0228947 0.0194392 0.0163335 0.01361 0.011244 0.00919022
 1.03298e-16 2.88066e-05 0.000169064 0.000803639 0.00309403 0.00964842 0.0243712 0.049867 0.0826613 0.111016 0.120817 0.106594 0.0763567 0.0446704 0.0218837 0.0099936 0.00588273 0.00587412 0.00771508 0.0104073 0.0135166 0.0167443 0.0197916 0.022366 0.0242314 0.0252531 0.0254173 0.0248172 0.0236154 0.0219951 0.0201208 0.0181161 0.0160631 0.0140136 0.0120063 0.010078
 1.03379e-16 2.65198e-05 0.000155632 0.000739766 0.00284808 0.0088814 0.0224339 0.0459036 0.0760941 0.102204 0.111248 0.0982002 0.070451 0.041431 0.0206975 0.0101257 0.00688096 0.00760049 0.0102056 0.0137333 0.0176962 0.0216946 0.0253117 0.0281501 0.02991 0.030453 0.0298266 0.0282373 0.0259861 0.0233898 0.0207141 0.0181372 0.0157474 0.0135644 0.0115726 0.00974826
 1.03166e-16 2.82972e-05 0.000166071 0.000789402 0.0030392 0.00947743 0.0239393 0.0489836 0.0811979 0.109053 0.118689 0.104734 0.0750635 0.0439925 0.0216973 0.0101527 0.00630809 0.00655796 0.00868493 0.0116888 0.0151066 0.0185953 0.0218062 0.0244044 0.02613 0.0268513 0.0265865 0.0254836 0.0237708 0.0216942 0.0194657 0.0172343 0.0150838 0.0130488 0.0111386 0.00935667
 1.03257e-16 2.65472e-05 0.000155793 0.000740532 0.00285103 0.00889061 0.0224571 0.0459512 0.0761729 0.102309 0.111362 0.0982994 0.0705188 0.041464 0.0207015 0.0101074 0.0068436 0.00754369 0.010128 0.0136354 0.0175819 0.0215723 0.0251941 0.0280522 0.0298465 0.0304344 0.0298565 0.0283103 0.0260884 0.0235012 0.0208123 0.0182019 0.015764 0.0135267 0.0114827 0.0096155
 1.05025e-16 1.92056e-05 0.000112683 0.000535564 0.00206182 0.00642946 0.0162406 0.0332324 0.0550941 0.0740132 0.0806028 0.0712442 0.0513194 0.030598 0.0160631 0.00915042 0.0078887 0.00990738 0.0137241 0.0185991 0.0240584 0.0296177 0.0347334 0.0388736 0.0416247 0.0427772 0.0423599 0.0406082 0.0378849 0.0345813 0.0310343 0.0274805 0.024053 0.0208071 0.0177579 0.0149118
 1.07432e-16 1.87803e-05 0.000110194 0.000523748 0.00201635 0.0062877 0.0158824 0.0324989 0.0538761 0.0723708 0.0787978 0.0696102 0.0500587 0.0296793 0.0152781 0.00823317 0.0065956 0.00804058 0.0111386 0.0152231 0.0199266 0.0249024 0.0297555 0.034081 0.0375371 0.0399055 0.0411188 0.0412445 0.0404379 0.0388836 0.0367498 0.0341662 0.0312296 0.0280222 0.0246326 0.0211668
 1.06258e-16 2.6177e-05 0.000153627 0.000730253 0.00281148 0.00876729 0.0221455 0.0453131 0.075113 0.100879 0.109789 0.0968721 0.0694098 0.0406414 0.0199764 0.00923791 0.0056036 0.00574406 0.00762441 0.0103487 0.0135311 0.0169061 0.0202038 0.0231559 0.0255404 0.0272209 0.0281632 0.0284205 0.0280987 0.0273147 0.026164 0.0247089 0.0229849 0.0210188 0.0188482 0.0165324
 1.04383e-16 2.6734e-05 0.000156891 0.000745757 0.00287115 0.00895337 0.0226156 0.0462754 0.0767097 0.103029 0.11214 0.0989755 0.0709798 0.0416868 0.0207232 0.00996975 0.00655994 0.00709802 0.00948994 0.012777 0.0164917 0.0202659 0.0237202 0.0264929 0.0283103 0.0290441 0.028733 0.0275574 0.0257796 0.0236728 0.0214605 0.0192861 0.0172133 0.0152485 0.0133726 0.0115676
 1.02571e-16 3.0997e-05 0.000181924 0.000864775 0.00332942 0.0103825 0.0262253 0.0536607 0.0889494 0.119459 0.130001 0.114686 0.0821284 0.0479971 0.0234185 0.0105302 0.00596365 0.005747 0.00744237 0.00996574 0.0128469 0.0157711 0.0184331 0.020545 0.0218876 0.022356 0.0219783 0.0208959 0.0193193 0.0174721 0.0155438 0.0136635 0.0118984 0.0102686 0.0087687 0.00738788
 1.01599e-16 3.25321e-05 0.000190936 0.000907619 0.00349438 0.0108969 0.0275247 0.0563193 0.093356 0.125376 0.136438 0.120356 0.0861736 0.0503291 0.0244957 0.0109096 0.00602707 0.00567074 0.00727435 0.00969545 0.0124402 0.0151829 0.0176134 0.0194438 0.0204613 0.0205744 0.0198314 0.018399 0.0165154 0.0144301 0.0123535 0.0104274 0.00872165 0.00724848 0.00598657 0.00490288
 1.01994e-16 2.7205e-05 0.000159652 0.000758874 0.00292164 0.0091108 0.0230133 0.0470895 0.0780603 0.104846 0.114127 0.10075 0.0722978 0.042552 0.0213216 0.0105349 0.00728753 0.00812917 0.0109202 0.0146565 0.0188123 0.0229442 0.0265892 0.02931 0.0307823 0.030868 0.0296416 0.0273602 0.024391 0.0211203 0.0178754 0.0148801 0.0122467 0.00999851 0.00810431 0.00651194
 1.02846e-16 2.71533e-05 0.000159353 0.000757458 0.0029162 0.00909386 0.0229705 0.0470014 0.0779132 0.104645 0.113899 0.100526 0.0720882 0.042331 0.0210313 0.0100988 0.00662179 0.00715185 0.00956392 0.0128871 0.0166497 0.0204801 0.0239916 0.026811 0.028648 0.029355 0.0289515 0.0276033 0.0255673 0.0231239 0.0205177 0.0179256 0.0154516 0.0131437 0.011018 0.0090796
 1.03328e-16 2.68561e-05 0.000157608 0.000749162 0.00288426 0.00899424 0.0227189 0.0464866 0.07706 0.103499 0.112653 0.0994292 0.0713078 0.0418849 0.020832 0.01004 0.00663102 0.0071956 0.00963172 0.012977 0.0167609 0.0206101 0.0241372 0.026969 0.028818 0.0295416 0.029166 0.0278628 0.0258932 0.0235369 0.0210336 0.0185501 0.0161779 0.0139521 0.0118778 0.00995381
 1.0274e-16 3.04563e-05 0.000178749 0.000849682 0.0032713 0.0102012 0.0257676 0.0527241 0.087397 0.117375 0.127734 0.112688 0.0807046 0.0471778 0.0230432 0.0104036 0.00595274 0.00579153 0.00752753 0.0100973 0.0130388 0.0160399 0.0187964 0.0210183 0.0224824 0.0230773 0.022822 0.0218479 0.0203553 0.0185589 0.0166425 0.0147335 0.0129018 0.0111738 0.00955384 0.00804184
 1.03156e-16 2.46126e-05 0.00014443 0.000686502 0.00264298 0.00824181 0.0208184 0.0425986 0.0706173 0.0948536 0.103263 0.0911891 0.0655022 0.038684 0.0196281 0.0101036 0.00750874 0.00874271 0.0118776 0.0159927 0.0205756 0.0251662 0.0292726 0.0324255 0.0342736 0.0346604 0.0336531 0.0315105 0.0286063 0.0253336 0.0220242 0.0189022 0.0160798 0.013581 0.0113799 0.0094354
pSPR Fmed_Fpbrs
0.677697   0.336842 0.336842
Fs Fmed_Fpbrs
0.248851   1.005 1.005
SSBpbr Bo_Bmed_Bpbrs
1.30474e+06  818982  374255 374255
Ro
49487.2
SPR SPRFo_SPRFmed_SPRFpbrs
1.02232e+06 692824 344361
log_Ro
10.6295
likeval ReclasPelacesDesembMPH_pf_preclas_ppelaces_ptallas_desvR_qrecl_qpela
 59.6149 25.9023 0.015435 0.00136251 246.726 141.625 65.555 0 14.3502 8.26136e-05 0 0 0 0 0
q_reclas_q_pelaces
0.275828 1
M
0.7
N
 51377 16157.8 6089.85 725.524 0.325047
 66540.2 23488 5321.83 2005.79 239.069
 40390.4 30794.2 8220.03 1862.47 785.627
 67081.3 18068.1 9104.75 2430.37 782.948
 115360 32654 8126.76 4095.19 1445.3
 82295.9 57067.2 15910.5 3959.73 2699.58
 129863 39364.7 23530.3 6560.31 2745.8
 126326 62996.4 17403.8 10403.1 4114.4
 151970 59907.3 24887.2 6875.52 5735.27
 148602 71722.2 23107.7 9599.63 4864.3
 68797.7 70873.5 29146.5 9390.55 5877.87
 40562.7 31430.4 23263.1 9566.89 5011.61
 42280.9 18646.6 10639.6 7874.87 4935.02
 23469.6 18589.8 5059.96 2887.18 3476.1
 18556 9409.6 3190.9 868.529 1092.24
 23152.3 7551.75 1739.66 589.938 362.51
 19328.1 10624.1 2533.76 583.689 319.564
 20836.4 9071.63 3987.16 950.905 338.986
 22733.3 9958.79 3725.81 1637.57 529.772
 36179.3 10919.7 4192.63 1568.56 912.445
 29912.8 17339.6 4546.42 1745.6 1032.96
pred_Ctot
 2946.81 4006.11 1509.89 179.884 0.0805908
 3269.92 5088.49 1152.93 434.538 51.7926
 2898.18 9229.66 2463.71 558.22 235.469
 953.421 1231.61 620.625 165.666 53.3696
 316.756 442.174 110.046 55.4537 19.5711
 2180.35 7038.76 1962.43 488.399 332.97
 2163.04 3126.01 1868.57 520.965 218.048
 4101.4 9385.41 2592.88 1549.89 612.977
 5438.21 9758.96 4054.16 1120.03 934.282
 4239.1 9478.29 3053.76 1268.62 642.831
 3977.87 17694.4 7276.78 2344.46 1467.48
 2176.52 7354.98 5443.76 2238.73 1172.76
 3509.35 6294.93 3591.84 2658.48 1666.02
 3291.64 9282.4 2526.57 1441.64 1735.71
 2436 4489.35 1522.39 414.378 521.111
 1270.13 1801.56 415.016 140.736 86.4808
 764.851 1896.47 452.294 104.193 57.0445
 563.494 1140.61 501.32 119.561 42.622
 535.86 1100.59 411.756 180.975 58.5475
 909.255 1281.82 492.157 184.127 107.108
 414.571 1153.54 302.456 116.128 68.7192
F
 0.0827019 0.410588 0.410588 0.410588 0.410588
 0.0704809 0.349915 0.349915 0.349915 0.349915
 0.104444 0.518529 0.518529 0.518529 0.518529
 0.0199378 0.0989846 0.0989846 0.0989846 0.0989846
 0.00382453 0.0189875 0.0189875 0.0189875 0.0189875
 0.037453 0.185942 0.185942 0.185942 0.185942
 0.0234011 0.116179 0.116179 0.116179 0.116179
 0.0460701 0.228723 0.228723 0.228723 0.228723
 0.0508856 0.25263 0.25263 0.25263 0.25263
 0.040378 0.200464 0.200464 0.200464 0.200464
 0.0833949 0.414029 0.414029 0.414029 0.414029
 0.0771835 0.383191 0.383191 0.383191 0.383191
 0.121721 0.604307 0.604307 0.604307 0.604307
 0.213974 1.06231 1.06231 1.06231 1.06231
 0.199014 0.988041 0.988041 0.988041 0.988041
 0.0789732 0.392076 0.392076 0.392076 0.392076
 0.0564073 0.280044 0.280044 0.280044 0.280044
 0.0382435 0.189867 0.189867 0.189867 0.189867
 0.0332605 0.165127 0.165127 0.165127 0.165127
 0.035497 0.176231 0.176231 0.176231 0.176231
 0.0194375 0.0965008 0.0965008 0.0965008 0.0965008
nmprior
 10 10 8 0
nm_flota  nm_reclas  nm_pelaces    nm_pelaL
inf 14.5978 15.0883 15.0883
cv_recla  cv_pelaces  cv_mph
0.772107 0.682819 1.23041
 ------------------------------------------------
Talla a la edad & desviación 
 7.2 14.2025 17.0495 18.207 18.6776
 1.08 2.13037 2.55742 2.73105 2.80164
