years
 1997 1998 1999 2000 2001 2002 2003 2004 2005 2006 2007 2008 2009 2010 2011 2012 2013 2014 2015 2016
reclasobs
 0 0 0 370054 412103 1.49427e+06 250295 1.28982e+06 931140 785840 897777 1.04006e+06 184774 17550 25797 100020 73551 82996 120727 218422
reclaspred
 515439 132215 350969 245589 380411 440823 964093 655904 744695 737291 590505 405735 258356 109297 66800.2 64620.9 80394 105989 107468 176888
pelacesobs
 0 0 0 0 0 0 0 0 0 2.06254e+06 1.5e+06 0 1.87456e+06 323000 250000 174000 83755 137374 0 501740
pelacespred
 1.88629e+06 465425 713921 800086 1.058e+06 1.055e+06 2.5242e+06 2.09956e+06 2.10241e+06 2.11433e+06 1.53454e+06 1.09972e+06 666159 218646 128568 140271 186743 259451 274213 423772
mphobs
 0 0 0 0 0 112323 0 153150 637223 0 255016 313432 73983 77613 109348 50772 0 0 0 0
mphpred
 188528 106250 118493 125434 138112 224313 323527 379572 327246 342280 348558 242403 153062 80202 33158.4 26076 31841.3 43184.6 52627.2 59949.3
desembarqueobs
 350755 77701 442110 56441 14545 235359 269955 359681 431902 328805 639364 411747 362871 311530 167758 66681 60226 58785 57116 71774
desembarquepred
 350769 77701.1 442089 56443 14545.4 235408 269991 359663 431931 328810 639323 411810 362991 311646 167611 66675.2 60245.4 58775.6 57101.2 71771
Reclutas
 40961.8 50509.8 27029.3 42672.9 73918.5 53518 84383.1 87527.4 109537 125290 65676.7 46471 45967.5 23669.1 15001.1 15589.9 11656 12713.7 13244.1 30464.8
log_desv_Rt
 0.0690645 0.278591 -0.346655 0.109988 0.659387 0.336441 0.79179 0.828376 1.05268 1.18705 0.541168 0.195252 0.184357 -0.479405 -0.935455 -0.896955 -1.18776 -1.1009 -1.06002 -0.227004
SSB
 568369 320321 357228 378153 416376 676251 975357 1.14432e+06 986572 1.03189e+06 1.05082e+06 730788 461447 241790 99964.9 78613 95994.2 130192 158659 180733
BT
 1.80005e+06 466156 798038 653354 808777 934655 2.12187e+06 1.96345e+06 1.99976e+06 1.90185e+06 1.69706e+06 1.18309e+06 854459 457097 240376 162062 190120 242278 248413 382448
Ftot
 0.542896 0.495653 0.825272 0.176462 0.0326125 0.317892 0.206258 0.410643 0.46039 0.346156 0.669353 0.627433 0.980163 1.79113 2.01746 0.852318 0.589221 0.415431 0.353132 0.357049
BD_Bspro_t
 0.933449 0.697632 0.627549 0.460851 0.611679 0.768032 0.720832 0.727262 0.665081 0.631258 0.607387 0.445092 0.340164 0.236513 0.126047 0.122955 0.195624 0.31875 0.419948 0.51299
BD_Bspro
 0.725641 0.408956 0.456076 0.482791 0.53159 0.863375 1.24525 1.46096 1.25956 1.31743 1.34159 0.933002 0.589133 0.308696 0.127626 0.100366 0.122557 0.166217 0.202561 0.230744
BD_Bo
 0.542874 0.305952 0.341204 0.36119 0.397698 0.645917 0.931606 1.09299 0.942317 0.985606 1.00368 0.698007 0.440748 0.230944 0.0954807 0.0750867 0.0916882 0.124352 0.151542 0.172626
BD_Brms
 1.84495 1.03977 1.15958 1.2275 1.35157 2.19514 3.16604 3.71451 3.20245 3.34956 3.411 2.37216 1.49787 0.78486 0.32449 0.255181 0.311601 0.422607 0.515012 0.586667
S_f
 0.178588 0.999999 1 1 1
 0.178588 0.999999 1 1 1
 0.178588 0.999999 1 1 1
 0.178588 0.999999 1 1 1
 0.178588 0.999999 1 1 1
 0.178588 0.999999 1 1 1
 0.178588 0.999999 1 1 1
 0.178588 0.999999 1 1 1
 0.178588 0.999999 1 1 1
 0.178588 0.999999 1 1 1
 0.178588 0.999999 1 1 1
 0.178588 0.999999 1 1 1
 0.178588 0.999999 1 1 1
 0.178588 0.999999 1 1 1
 0.178588 0.999999 1 1 1
 0.178588 0.999999 1 1 1
 0.178588 0.999999 1 1 1
 0.178588 0.999999 1 1 1
 0.178588 0.999999 1 1 1
 0.178588 0.999999 1 1 1
Scru_reclas
 0.999943 1 1 1 1
 0.999943 1 1 1 1
 0.999943 1 1 1 1
 0.999943 1 1 1 1
 0.999943 1 1 1 1
 0.999943 1 1 1 1
 0.999943 1 1 1 1
 0.999943 1 1 1 1
 0.999943 1 1 1 1
 0.999943 1 1 1 1
 0.999943 1 1 1 1
 0.999943 1 1 1 1
 0.999943 1 1 1 1
 0.999943 1 1 1 1
 0.999943 1 1 1 1
 0.999943 1 1 1 1
 0.999943 1 1 1 1
 0.999943 1 1 1 1
 0.999943 1 1 1 1
 0.999943 1 1 1 1
Scru_pelaces
 0.805821 1 1 1 1
 0.805821 1 1 1 1
 0.805821 1 1 1 1
 0.805821 1 1 1 1
 0.805821 1 1 1 1
 0.805821 1 1 1 1
 0.805821 1 1 1 1
 0.805821 1 1 1 1
 0.805821 1 1 1 1
 0.805821 1 1 1 1
 0.805821 1 1 1 1
 0.805821 1 1 1 1
 0.805821 1 1 1 1
 0.805821 1 1 1 1
 0.805821 1 1 1 1
 0.805821 1 1 1 1
 0.805821 1 1 1 1
 0.805821 1 1 1 1
 0.805821 1 1 1 1
 0.805821 1 1 1 1
pf_obs 
 0.256992 0.487395 0.22802 0.0275931 0
 0.321318 0.546541 0.124235 0.00734118 0.000564706
 0.182869 0.594174 0.210203 0.0122559 0.00049798
 0.330522 0.361315 0.267642 0.0388342 0.00168674
 0.649043 0.306663 0.0425973 0.00169635 0
 0.582887 0.30429 0.105238 0.00758474 0
 0.465427 0.430635 0.0974691 0.00646863 0
 0.296916 0.608066 0.0921331 0.00288517 0
 0.311714 0.524322 0.152257 0.0117073 0
 0.15457 0.633149 0.183074 0.0267441 0.00246327
 0.131901 0.49318 0.331252 0.0422183 0.00144891
 0.196976 0.569456 0.194076 0.0375587 0.00193317
 0.518974 0.381816 0.0799577 0.0180837 0.00116848
 0.0928022 0.601141 0.25162 0.0475244 0.00691264
 0.122501 0.610282 0.24278 0.0234846 0.000952079
 0.383417 0.481906 0.127806 0.00687128 0
 0.0376549 0.599619 0.316969 0.0457579 0
 0.0361596 0.667082 0.258105 0.0386534 0
 0.158088 0.579412 0.248529 0.0139706 0
 0.0477256 0.309471 0.559284 0.082774 0.000745712
pf_pred 
 0.321515 0.476944 0.180063 0.0214688 9.16443e-06
 0.30986 0.534773 0.109216 0.0412328 0.00491824
 0.17381 0.62879 0.152961 0.0312388 0.0132005
 0.309026 0.441071 0.190194 0.046267 0.0134419
 0.322306 0.495445 0.116336 0.0501652 0.0157487
 0.176094 0.601425 0.16265 0.038192 0.0216389
 0.273026 0.42279 0.222045 0.0600499 0.0220894
 0.237634 0.53241 0.133737 0.0702368 0.0259822
 0.278405 0.490362 0.161486 0.0405637 0.0291842
 0.268717 0.533096 0.134678 0.0443522 0.0191563
 0.151035 0.600916 0.180825 0.0456826 0.0215419
 0.170482 0.480598 0.246974 0.0743182 0.0276289
 0.25009 0.456709 0.169872 0.0872951 0.0360342
 0.220298 0.58649 0.11767 0.0437669 0.0317754
 0.311006 0.552457 0.102703 0.0206056 0.0132285
 0.384825 0.541853 0.0587921 0.0109295 0.0036006
 0.243631 0.636742 0.105369 0.0114327 0.00282553
 0.26204 0.520571 0.183007 0.0302842 0.00409798
 0.244177 0.534916 0.155833 0.0547829 0.0102923
 0.404743 0.405508 0.134291 0.0391217 0.0163371
pobs_RECLAS
 0 0 0 0 0
 0 0 0 0 0
 0 0 0 0 0
 0 0 0 0 0
 0.835266 0.146461 0.0176864 0.000547809 3.91292e-05
 0.385257 0.428462 0.181853 0.0044286 0
 0.867414 0.0963971 0.0333333 0.00285562 0
 0.441836 0.489002 0.0689373 0.000224442 0
 0.779404 0.147425 0.0564933 0.0165055 0.000172143
 0.814271 0.122319 0.05973 0.00367925 0
 0.40263 0.566651 0.0304383 0.000280538 0
 0.475488 0.404961 0.113038 0.00651328 0
 0.955842 0.0263864 0.0167828 0.000988607 0
 0.975058 0.0227948 0.00214734 0 0
 0.738997 0.206755 0.0527124 0.00153531 0
 0.850938 0.134255 0.0134407 0.00136685 0
 0.542534 0.407297 0.0501686 0 0
 0.764087 0.199537 0.0359546 0.000420521 0
 0.470689 0.182191 0.310203 0.0369168 0
 0.84361 0.089868 0.0606195 0.00523954 0.000663233
ppred_RECLAS
 0.733612 0.187258 0.0706966 0.0084291 3.59815e-06
 0.722108 0.215332 0.0439768 0.0166028 0.00198038
 0.557034 0.337129 0.0820107 0.0167489 0.00707753
 0.716577 0.180918 0.0780136 0.0189777 0.00551356
 0.727309 0.199358 0.0468113 0.0201855 0.00633697
 0.549494 0.328855 0.0889358 0.0208831 0.011832
 0.680215 0.185979 0.097674 0.026415 0.00971679
 0.641759 0.250184 0.0628438 0.0330048 0.0122092
 0.690049 0.210628 0.0693638 0.0174235 0.0125356
 0.677565 0.235051 0.059382 0.0195556 0.00844635
 0.511304 0.34591 0.10409 0.0262966 0.0124003
 0.546228 0.262902 0.135102 0.0406543 0.0151139
 0.669904 0.201034 0.0747742 0.0384256 0.0158615
 0.659731 0.255949 0.0513521 0.0191003 0.013867
 0.763415 0.189702 0.0352658 0.00707551 0.00454237
 0.789494 0.185416 0.020118 0.00373996 0.00123208
 0.652758 0.292322 0.0483738 0.00524865 0.00129717
 0.671215 0.231931 0.0815353 0.0134925 0.00182578
 0.648932 0.24846 0.0723818 0.0254458 0.00478059
 0.795567 0.139266 0.0461203 0.0134358 0.00561076
pobs_PELACES
 0 0 0 0 0
 0 0 0 0 0
 0 0 0 0 0
 0 0 0 0 0
 0 0 0 0 0
 0 0 0 0 0
 0 0 0 0 0
 0 0 0 0 0
 0 0 0 0 0
 0 0 0 0 0
 0.450072 0.473896 0.0757376 0.000293798 0
 0 0 0 0 0
 0.463077 0.371075 0.160297 0.00555027 0
 0.529543 0.364841 0.0842815 0.0213345 0
 0.631943 0.363953 0.00410389 0 0
 0.735681 0.248677 0.0153453 0.000297389 0
 0.695825 0.281241 0.0229344 0 0
 0.275771 0.60734 0.115278 0.00161068 0
 0 0 0 0 0
 0.896147 0.0623911 0.0374545 0.00400742 0
ppred_PELACES
 0.719978 0.196843 0.0743151 0.00886052 3.78231e-06
 0.705465 0.228229 0.0466106 0.0175972 0.00209899
 0.558974 0.335653 0.0816515 0.0166755 0.00704653
 0.681255 0.203465 0.0877364 0.0213429 0.00620071
 0.684388 0.230735 0.0541792 0.0233626 0.00733437
 0.517233 0.352404 0.0953045 0.0223785 0.0126793
 0.644473 0.206766 0.108591 0.0293674 0.0108028
 0.617389 0.267203 0.0671188 0.03525 0.0130398
 0.670248 0.224083 0.073795 0.0185366 0.0133365
 0.650354 0.254888 0.0643933 0.0212059 0.00915914
 0.502706 0.351995 0.105921 0.0267592 0.0126185
 0.534863 0.269486 0.138486 0.0416725 0.0154924
 0.680833 0.194379 0.0722985 0.0371534 0.0153364
 0.717435 0.212545 0.0426436 0.0158612 0.0115154
 0.81795 0.145974 0.0271367 0.00544453 0.00349531
 0.792008 0.183201 0.0198777 0.00369529 0.00121737
 0.639931 0.30312 0.0501607 0.00544253 0.00134509
 0.648046 0.248275 0.0872812 0.0144434 0.00195444
 0.621103 0.268155 0.0781194 0.0274629 0.00515955
 0.775522 0.152921 0.0506423 0.0147532 0.00616089
pobs_pel_tallas
 0 0 0 0 0 0 0 0 0 0 0 0 0 0 0 0 0 0 0 0 0 0 0 0 0 0 0 0 0 0 0 0 0 0 0 0
 0 0 0 0 0 0 0 0 0 0 0 0 0 0 0 0 0 0 0 0 0 0 0 0 0 0 0 0 0 0 0 0 0 0 0 0
 0 0 0 0 0 0 0 0 0 0 0 0 0 0 0 0 0 0 0 0 0 0 0 0 0 0 0 0 0 0 0 0 0 0 0 0
 0 0 0 0 0 0 0 0 0 0 0 0 0 0 0 0 0 0 0 0 0 0 0 0 0 0 0 0 0 0 0 0 0 0 0 0
 0 0 0 0 0 0 0 0 0 0 0 0 0 0 0 0 0 0 0 0 0 0 0 0 0 0 0 0 0 0 0 0 0 0 0 0
 0 0 0 0 0 0 0 0 0 0 0 0 0 0 0 0 0 0 0 0 0 0 0 0 0 0 0 0 0 0 0 0 0 0 0 0
 0 0 0 0 0 0 0 0 0 0 0 0 0 0 0 0 0 0 0 0 0 0 0 0 0 0 0 0 0 0 0 0 0 0 0 0
 0 0 0 0 0 0 0 0 0 0 0 0 0 0 0 0 0 0 0 0 0 0 0 0 0 0 0 0 0 0 0 0 0 0 0 0
 0 0 0 0 0 0 0 0 0 0 0 0 0 0 0 0 0 0 0 0 0 0 0 0 0 0 0 0 0 0 0 0 0 0 0 0
 0 0 0 0 0 0 0 0 0 0 0 0 0 0 0 0 0 0 0 0 0 0 0 0 0 0 0 0 0 0 0 0 0 0 0 0
 0 0 0 0 0 0 0 0 1.78061e-05 0.00172719 0.00360574 0.0105946 0.0120993 0.0124554 0.0147524 0.0171206 0.0266825 0.0428682 0.0675386 0.121331 0.153587 0.119568 0.100827 0.0573624 0.0630603 0.0341343 0.0324427 0.0444173 0.0211091 0.0280891 0.0125444 0.00206551 0 0 0 0
 0 0 0 0 0 0 0 0 0 0 0 0 0 0 0 0 0 0 0 0 0 0 0 0 0 0 0 0 0 0 0 0 0 0 0 0
 0 0 0 0 0 0 0.0133647 0.0140871 0.0187388 0.0205184 0.03894 0.0496705 0.03968 0.0493445 0.0407372 0.0367815 0.0215668 0.0243155 0.0234873 0.0199281 0.019796 0.0243948 0.0301388 0.0376714 0.0412746 0.0863199 0.0771752 0.113111 0.0741005 0.0525337 0.0229764 0.00759418 0.00175318 0 0 0
 0 0 0 0 0 0 0 0 0 0 0.00219441 0.00772107 0.0458388 0.0604681 0.0671733 0.0775358 0.0609151 0.0617685 0.073594 0.0568108 0.0755445 0.0548602 0.0670107 0.0636378 0.0643287 0.046367 0.0373049 0.0286899 0.0247887 0.0153202 0.00654259 0.00121912 0.000365735 0 0 0
 0 0 0 0 0 0 0 0 0 0 0 0 0.000112435 0.00938835 0.0111873 0.0202946 0.0414886 0.0713402 0.111592 0.104902 0.108894 0.110636 0.117776 0.105296 0.107544 0.0401394 0.0192827 0.0124803 0.00416011 0.0028671 0.000618394 0 0 0 0 0
 0 0 0 0 0 0 0 0 0 0 0.00291406 0.0102884 0.027416 0.0768956 0.0749926 0.110853 0.0956884 0.0897413 0.0766577 0.0534642 0.0500743 0.0551293 0.0594112 0.0620874 0.0668451 0.0424026 0.0208742 0.0120726 0.0048766 0.00582813 0.00118941 0.000297354 0 0 0 0
 0 0.00264628 0.0354308 0.0461629 0.0458689 0.0383711 0.0214643 0.0164657 0.0346957 0.0420465 0.0363128 0.0245516 0.0311673 0.0291091 0.0169068 0.0133784 0.00837989 0.0085269 0.0148486 0.0160247 0.0276389 0.0546898 0.0760071 0.122758 0.109233 0.0665981 0.0333725 0.0166128 0.00676272 0.00308733 0.000882094 0 0 0 0 0
 0 0 0 0 0 0 0 0.000805153 0.000690131 0.00759144 0.0133425 0.0154129 0.00931677 0.000345066 0.00356568 0.00563607 0.00851162 0.0253048 0.0502646 0.0516448 0.0657925 0.0565908 0.0611916 0.0827007 0.0866115 0.110766 0.145733 0.0935128 0.0569358 0.0249597 0.0138026 0.00621118 0.00161031 0.00115022 0 0
 0 0 0 0 0 0 0 0 0 0 0 0 0 0 0 0 0 0 0 0 0 0 0 0 0 0 0 0 0 0 0 0 0 0 0 0
 0.00147267 0.00158595 0.00478618 0.00569244 0.00954404 0.0108468 0.00647125 0.017049 0.0510054 0.094081 0.124002 0.0959785 0.0687766 0.0820023 0.061753 0.0591476 0.0492212 0.0479892 0.0443925 0.0268479 0.0217502 0.0140895 0.0121071 0.0120363 0.00920419 0.00665534 0.0049561 0.00860946 0.00930331 0.0156896 0.0114698 0.00855282 0.00243557 0.00046729 0 2.83206e-05
ppred_pel_tallas
 1.01424e-16 3.14152e-05 0.000184378 0.000876439 0.00337432 0.0105225 0.026579 0.0543845 0.0901494 0.121071 0.131757 0.116238 0.0832487 0.0486682 0.0237765 0.0107424 0.00615406 0.00598675 0.00776748 0.0103914 0.0133712 0.0163726 0.0190692 0.021152 0.022386 0.0226595 0.0220046 0.0205784 0.0186161 0.016372 0.014068 0.0118634 0.00984984 0.00806339 0.00650575 0.0051632
 1.01439e-16 3.07835e-05 0.000180667 0.000858791 0.00330636 0.0103106 0.0260437 0.0532895 0.0883351 0.118638 0.129117 0.113927 0.0816336 0.0478047 0.0235045 0.0108712 0.00657371 0.00667464 0.00874608 0.0116852 0.0149775 0.0182448 0.0211115 0.0232271 0.0243344 0.0243265 0.0232686 0.021373 0.01894 0.0162844 0.0136715 0.0112814 0.00920245 0.00744949 0.00599246 0.00478397
 1.02171e-16 2.44003e-05 0.000143181 0.000680558 0.00262008 0.0081704 0.020638 0.0422298 0.0700069 0.0940364 0.102381 0.0904269 0.064992 0.0384575 0.0196507 0.0103381 0.007952 0.00942495 0.012842 0.0172721 0.0221725 0.0270381 0.0313252 0.0345174 0.0362318 0.0363047 0.0348242 0.0320946 0.0285504 0.02465 0.0207826 0.0172153 0.0140843 0.0114191 0.00918446 0.00731878
 1.02335e-16 2.9727e-05 0.000174466 0.000829315 0.00319288 0.00995667 0.0251498 0.0514603 0.0853027 0.114564 0.124681 0.110007 0.078811 0.0461251 0.0226305 0.0103895 0.0061851 0.00621927 0.00815856 0.0109576 0.0141469 0.0173934 0.0203645 0.022742 0.0242789 0.0248507 0.0244758 0.0232972 0.0215364 0.0194341 0.0172006 0.0149877 0.0128843 0.0109308 0.00913959 0.00751332
 1.0199e-16 2.98646e-05 0.000175271 0.000833141 0.0032076 0.0100026 0.0252658 0.0516978 0.0856971 0.115096 0.125265 0.110535 0.0792163 0.0464169 0.0228742 0.0106682 0.00657341 0.00677563 0.00892306 0.011946 0.0153407 0.0187315 0.0217415 0.024017 0.0252953 0.0254628 0.0245766 0.0228397 0.0205425 0.0179898 0.0154387 0.0130631 0.0109493 0.00911375 0.00753252 0.00616768
 1.0283e-16 2.25809e-05 0.000132498 0.000629767 0.00242452 0.00756053 0.0190976 0.0390781 0.0647834 0.087024 0.0947567 0.0837184 0.0602257 0.0357483 0.0184719 0.0100518 0.00813352 0.00989538 0.0135712 0.0182878 0.0235105 0.02872 0.0333492 0.0368559 0.0388349 0.0391073 0.0377549 0.0350837 0.031535 0.0275754 0.0236019 0.0198874 0.0165722 0.0136911 0.0112152 0.00909188
 1.03123e-16 2.81233e-05 0.00016505 0.000784552 0.00302053 0.00941921 0.0237922 0.0486826 0.0806989 0.108382 0.117958 0.104085 0.0745914 0.0437014 0.0215277 0.0100309 0.00617839 0.00638773 0.00845903 0.0114058 0.0147791 0.0182511 0.0214878 0.0241644 0.026023 0.0269234 0.026865 0.0259695 0.024437 0.0224893 0.0203227 0.018082 0.0158581 0.0137016 0.0116422 0.00970471
 1.02861e-16 2.69446e-05 0.000158125 0.000751618 0.00289371 0.0090237 0.0227933 0.0466391 0.0773134 0.103841 0.113031 0.0997746 0.0715818 0.0420985 0.0210352 0.0102971 0.00700315 0.00773494 0.0103772 0.0139465 0.0179411 0.0219476 0.0255357 0.0282969 0.0299258 0.0302866 0.0294375 0.0276033 0.0251077 0.022291 0.0194389 0.0167437 0.0143003 0.0121279 0.0102034 0.00849154
 1.02381e-16 2.92478e-05 0.000171651 0.000815929 0.00314134 0.00979593 0.0247438 0.0506297 0.0839266 0.112718 0.122677 0.108252 0.0775811 0.0454609 0.0224077 0.01046 0.00646102 0.00667897 0.00881544 0.0118289 0.015233 0.0186658 0.0217626 0.0241769 0.0256462 0.0260477 0.0254201 0.0239414 0.0218748 0.0195004 0.0170579 0.0147132 0.0125549 0.0106109 0.00887399 0.00732571
 1.02154e-16 2.83816e-05 0.000166562 0.000791732 0.00304816 0.00950536 0.0240099 0.0491283 0.0814388 0.10938 0.119053 0.105074 0.0753487 0.0442429 0.0219748 0.0105378 0.00688346 0.00739981 0.00985446 0.0132182 0.0169818 0.0207411 0.0240815 0.0266113 0.0280388 0.0282367 0.0272657 0.0253484 0.0228042 0.0199698 0.0171301 0.0144794 0.0121154 0.0100599 0.00828895 0.0067629
 1.03128e-16 2.19474e-05 0.000128779 0.000612086 0.00235645 0.00734825 0.0185614 0.0379809 0.0629649 0.0845823 0.0921007 0.0813783 0.0585563 0.0347859 0.0180273 0.00989533 0.00810775 0.00992804 0.0136432 0.0184047 0.023688 0.0289783 0.0337108 0.0373427 0.0394651 0.0398919 0.0386949 0.0361674 0.0327379 0.0288618 0.0249275 0.0212045 0.0178347 0.0148591 0.0122586 0.00999237
 1.0421e-16 2.33464e-05 0.000137 0.000651184 0.00250701 0.00781779 0.0197473 0.0404068 0.0669835 0.0899715 0.0979451 0.0864857 0.0621082 0.0366491 0.0185413 0.00946075 0.00694057 0.00804653 0.0109659 0.0148522 0.0192559 0.0237823 0.0280029 0.0314961 0.0339271 0.0351145 0.035058 0.0339168 0.0319508 0.0294475 0.02666 0.023774 0.0209044 0.0181143 0.0154404 0.0129141
 1.03083e-16 2.97081e-05 0.000174356 0.000828797 0.00319089 0.00995047 0.0251341 0.0514281 0.0852491 0.114491 0.124599 0.10993 0.0787442 0.0460629 0.0225568 0.010283 0.00602246 0.00597695 0.00781486 0.0104964 0.0135625 0.0166959 0.019583 0.0219248 0.0234902 0.0241637 0.0239635 0.023023 0.0215459 0.0197497 0.0178192 0.0158813 0.0140043 0.0122132 0.0105125 0.00890402
 1.01758e-16 3.13048e-05 0.000183729 0.000873351 0.00336243 0.0104854 0.0264854 0.0541929 0.0898322 0.120646 0.131298 0.115841 0.0829807 0.0485447 0.0237773 0.0108444 0.00635016 0.00628459 0.0081788 0.0109201 0.0140042 0.0170744 0.0197816 0.0218009 0.0228937 0.0229605 0.0220606 0.0203887 0.0182198 0.0158408 0.0134921 0.0113342 0.0094435 0.00782957 0.00646259 0.00529939
 1.00784e-16 3.56851e-05 0.00020945 0.000995649 0.00383333 0.0119539 0.0301946 0.0617818 0.102409 0.137528 0.149647 0.131973 0.0944133 0.0549843 0.0264675 0.0112873 0.00552644 0.00458017 0.00562698 0.00743234 0.00950301 0.0115575 0.013348 0.0146493 0.015298 0.0152282 0.0144857 0.0132108 0.011601 0.0098624 0.00816877 0.00663746 0.00532533 0.00424002 0.00335875 0.00264647
 1.00526e-16 3.45554e-05 0.000202815 0.000964095 0.00371183 0.011575 0.0292375 0.0598239 0.0991646 0.133175 0.14492 0.127827 0.0914975 0.0533872 0.0258874 0.0113628 0.00603693 0.00546083 0.00689995 0.00913787 0.0116551 0.0141192 0.016222 0.017683 0.0183023 0.0180067 0.0168666 0.0150741 0.0128932 0.0105973 0.00841522 0.00649925 0.00491935 0.00367774 0.00273371 0.00202845
 1.01061e-16 2.7929e-05 0.000163901 0.000779071 0.00299939 0.00935327 0.0236258 0.0483428 0.0801381 0.107637 0.117168 0.103438 0.0742358 0.0437105 0.0219343 0.0108885 0.00759181 0.00849947 0.0114076 0.0152726 0.0195358 0.02372 0.0273283 0.0298955 0.0310846 0.0307642 0.0290373 0.0262072 0.0226967 0.0189472 0.0153316 0.012102 0.00938079 0.00718293 0.00545552 0.00411627
 1.01908e-16 2.82807e-05 0.000165971 0.00078892 0.00303734 0.0094716 0.0239246 0.0489538 0.0811494 0.108991 0.118628 0.104698 0.0750743 0.0440731 0.0218747 0.0104648 0.00680552 0.00729899 0.009724 0.0130607 0.0168094 0.0205758 0.023954 0.0265568 0.0280904 0.0284171 0.0275808 0.0257827 0.0233216 0.0205185 0.0176517 0.0149189 0.0124307 0.0102273 0.00830592 0.00664536
 1.02382e-16 2.71067e-05 0.000159076 0.000756139 0.00291111 0.00907798 0.0229304 0.0469197 0.0777784 0.104466 0.113711 0.100375 0.0720119 0.0423508 0.0211602 0.0103564 0.00704153 0.0077763 0.0104328 0.0140219 0.0180383 0.0220652 0.0256679 0.0284329 0.0300489 0.030375 0.0294659 0.0275454 0.0249397 0.021995 0.0190063 0.0161776 0.013616 0.0113519 0.00937047 0.00764073
 1.01564e-16 3.38353e-05 0.00019859 0.000944017 0.00363453 0.011334 0.0286287 0.0585778 0.0970985 0.130398 0.141893 0.125145 0.0895516 0.0521991 0.025214 0.0109045 0.00556739 0.0048468 0.00607489 0.00808303 0.010398 0.0127396 0.0148525 0.016499 0.0174996 0.0177701 0.0173365 0.0163201 0.0149005 0.0132692 0.0115902 0.00997772 0.00849322 0.00715675 0.00596447 0.00490434
pSPR Fmed_Fpbrs
0.531576   0.344249 0.344249
Fs Fmed_Fpbrs
0.464065   1.005 1.005
SSBpbr Bo_Bmed_Bpbrs
1.04696e+06  504192  308068 308068
Ro
38228.3
SPR SPRFo_SPRFmed_SPRFpbrs
783265 416364 269638
log_Ro
10.3713
likeval ReclasPelacesDesembMPH_pf_preclas_ppelaces_ptallas_desvR_qrecl_qpela
 54.0871 15.4902 0.00660347 0.00021537 232.171 124.959 57.8848 0 14.813 2.5846e-05 4.60862e-05 0 0 0 0
q_reclas_q_pelaces
0.486553 2.62695
M
0.7
N
 40961.8 13066.6 4933.12 588.171 0.251074
 50509.8 18461.5 3770.34 1423.44 169.788
 27029.3 22957.6 5584.72 1140.55 481.961
 42672.9 11583 4994.7 1215.02 352.997
 73918.5 20533.3 4821.45 2079.06 652.692
 53518 36493.7 9869.38 2317.44 1313.02
 84383.1 25109.5 13187.2 3566.36 1311.89
 87527.4 40387.9 10145.1 5328.07 1970.97
 109537 40391.4 13301.7 3341.25 2403.92
 125290 50100.9 12657.2 4168.26 1800.33
 65676.7 58487.2 17599.7 4446.29 2096.68
 46471 28939.4 14871.6 4475.11 1663.69
 45967.5 20630.6 7673.51 3943.32 1627.75
 23669.1 19161.2 3844.39 1429.91 1038.13
 15001.1 8536.03 1586.86 318.378 204.394
 15589.9 5195.68 563.741 104.8 34.5251
 11656 6648.61 1100.22 119.376 29.5031
 12713.7 5210.06 1831.6 303.094 41.014
 13244.1 5861.98 1707.72 600.349 112.79
 30464.8 6174.89 2044.91 595.727 248.774
pred_Ctot
 2737.32 4060.61 1533.03 182.781 0.0780243
 3092.96 5338 1090.17 411.577 49.093
 2686.55 9719.11 2364.29 482.854 204.039
 953.786 1361.33 587.02 142.8 41.4872
 308.816 474.709 111.467 48.0657 15.0896
 2131.16 7278.71 1968.46 462.217 261.884
 2199.36 3405.79 1788.68 483.733 177.941
 4469.95 10014.7 2515.61 1321.17 488.73
 6247.38 11003.7 3623.72 910.244 654.891
 5420.81 10754.1 2716.86 894.712 386.439
 5358.52 21319.7 6415.44 1620.76 764.28
 3565.62 10051.7 5165.45 1554.36 577.859
 5362.36 9792.64 3642.35 1871.76 772.635
 4746.36 12636 2535.21 942.965 684.605
 3331.93 5918.68 1100.29 220.756 141.722
 1597 2248.66 243.984 45.3569 14.9423
 842.358 2201.55 364.315 39.5289 9.76934
 656.602 1304.41 458.565 75.8839 10.2684
 584.256 1279.92 372.87 131.082 24.6269
 1358.42 1360.99 450.715 131.303 54.8317
F
 0.0969549 0.542896 0.542896 0.542896 0.542896
 0.0885178 0.495652 0.495653 0.495653 0.495653
 0.147384 0.825272 0.825272 0.825272 0.825272
 0.0315141 0.176462 0.176462 0.176462 0.176462
 0.00582421 0.0326125 0.0326125 0.0326125 0.0326125
 0.0567718 0.317892 0.317892 0.317892 0.317892
 0.0368352 0.206257 0.206258 0.206258 0.206258
 0.073336 0.410643 0.410643 0.410643 0.410643
 0.0822203 0.46039 0.46039 0.46039 0.46039
 0.0618194 0.346155 0.346156 0.346156 0.346156
 0.119539 0.669352 0.669353 0.669353 0.669353
 0.112052 0.627432 0.627433 0.627433 0.627433
 0.175046 0.980162 0.980163 0.980163 0.980163
 0.319875 1.79113 1.79113 1.79113 1.79113
 0.360294 2.01746 2.01746 2.01746 2.01746
 0.152214 0.852317 0.852318 0.852318 0.852318
 0.105228 0.58922 0.589221 0.589221 0.589221
 0.0741911 0.415431 0.415431 0.415431 0.415431
 0.0630653 0.353132 0.353132 0.353132 0.353132
 0.0637648 0.357049 0.357049 0.357049 0.357049
nmprior
 10 10 8 0
nm_flota  nm_reclas  nm_pelaces    nm_pelaL
inf 18.218 12.8718 12.8718
cv_recla  cv_pelaces  cv_mph
0.756761 0.5566 0.503365
 ------------------------------------------------
Talla a la edad & desviación 
 7.2 14.2025 17.0495 18.207 18.6776
 1.08 2.13037 2.55742 2.73105 2.80164
