years
 1997 1998 1999 2000 2001 2002 2003 2004 2005 2006 2007 2008 2009 2010 2011 2012 2013 2014 2015 2016 2017
reclasobs
 0 0 0 370054 412103 1.49427e+06 250295 1.28982e+06 931140 785840 897777 1.04006e+06 184774 17550 25797 100020 73551 82996 120727 218422 84188
reclaspred
 377183 102624 316644 235749 351607 419710 920820 620385 696532 632440 498614 335539 205116 95816 68040.7 70034.3 88652.1 119865 123442 164119 192998
pelacesobs
 0 0 0 0 0 0 0 0 0 2.06254e+06 1.5e+06 0 1.87456e+06 323000 250000 174000 83755 137374 0 501740 490994
pelacespred
 1.09507e+06 271163 510299 576036 733989 736163 1.82762e+06 1.54016e+06 1.52975e+06 1.404e+06 999489 694162 423038 165817 115453 126815 167353 228525 243755 314699 405960
mphobs
 0 0 0 0 0 112323 0 153150 637223 0 255016 313432 73983 77613 109348 50772 0 0 0 0 0
mphpred
 142407 86252.2 105161 130726 140574 222367 335497 394203 341820 347592 325938 230349 142428 75028.6 36574.3 31767.4 38851.6 54040.2 65993.5 72857.3 97465.3
desembarqueobs
 350755 77701 442110 56441 14545 235359 269955 359681 431902 328805 639364 411747 362871 311530 167758 66681 60226 58785 57116 71774 51957
desembarquepred
 350760 77700.1 442096 56441.7 14545.1 235389 269978 359676 431922 328819 639544 411973 363182 311948 167793 66691 60242.8 58785.5 57111.8 71772.6 51958.6
Reclutas
 51377.3 66540.7 40390.7 67082.2 115361 82297 129865 126327 151971 148603 68797.9 40562.7 42280.9 23469.6 18556 23152.4 19328.2 20836.5 22733.4 36179.5 29912.9
log_desv_Rt
 0.0374763 0.296094 -0.203119 0.304199 0.846349 0.508615 0.964773 0.937158 1.12197 1.09956 0.329453 -0.198871 -0.157384 -0.746014 -0.980924 -0.759622 -0.940156 -0.865015 -0.777884 -0.313227 -0.503429
SSB
 716593 434021 529172 657813 707368 1.11895e+06 1.68822e+06 1.98363e+06 1.72003e+06 1.74908e+06 1.64012e+06 1.15911e+06 716697 377544 184042 159854 195501 271930 332079 366618 490445
BT
 2.24817e+06 616903 1.15783e+06 1.0912e+06 1.32535e+06 1.50338e+06 3.45685e+06 3.16581e+06 3.13471e+06 2.83147e+06 2.36977e+06 1.62363e+06 1.11561e+06 598401 350261 282318 349104 456222 485869 622556 770108
Ftot
 0.410585 0.349912 0.518524 0.0989833 0.0189873 0.185939 0.116177 0.228719 0.252627 0.200461 0.414025 0.383187 0.604301 1.0623 0.988027 0.392072 0.280042 0.189865 0.165126 0.17623 0.0965002
BD_Bspro_t
 0.948941 0.758108 0.716432 0.595128 0.726343 0.846038 0.816932 0.823211 0.777053 0.744922 0.711617 0.565089 0.452599 0.33987 0.221314 0.236016 0.351113 0.515798 0.619826 0.692434 0.767551
BD_Bspro
 0.700943 0.424542 0.517615 0.643447 0.69192 1.09451 1.65135 1.9403 1.68247 1.71088 1.6043 1.1338 0.701045 0.369298 0.180023 0.156362 0.191231 0.265991 0.324827 0.358611 0.479734
BD_Bo
 0.549218 0.332646 0.405573 0.504168 0.542148 0.857598 1.2939 1.52031 1.31829 1.34055 1.25704 0.88838 0.549298 0.289361 0.141055 0.122517 0.149838 0.208415 0.254515 0.280987 0.375892
BD_Brms
 1.9147 1.15968 1.41392 1.75765 1.89006 2.98979 4.51085 5.30016 4.59586 4.67346 4.38232 3.0971 1.91498 1.00878 0.491752 0.427122 0.52237 0.726585 0.887301 0.979586 1.31045
S_f
 0.201424 1 1 1 1
 0.201424 1 1 1 1
 0.201424 1 1 1 1
 0.201424 1 1 1 1
 0.201424 1 1 1 1
 0.201424 1 1 1 1
 0.201424 1 1 1 1
 0.201424 1 1 1 1
 0.201424 1 1 1 1
 0.201424 1 1 1 1
 0.201424 1 1 1 1
 0.201424 1 1 1 1
 0.201424 1 1 1 1
 0.201424 1 1 1 1
 0.201424 1 1 1 1
 0.201424 1 1 1 1
 0.201424 1 1 1 1
 0.201424 1 1 1 1
 0.201424 1 1 1 1
 0.201424 1 1 1 1
 0.201424 1 1 1 1
Scru_reclas
 1 1 1 1 1
 1 1 1 1 1
 1 1 1 1 1
 1 1 1 1 1
 1 1 1 1 1
 1 1 1 1 1
 1 1 1 1 1
 1 1 1 1 1
 1 1 1 1 1
 1 1 1 1 1
 1 1 1 1 1
 1 1 1 1 1
 1 1 1 1 1
 1 1 1 1 1
 1 1 1 1 1
 1 1 1 1 1
 1 1 1 1 1
 1 1 1 1 1
 1 1 1 1 1
 1 1 1 1 1
 1 1 1 1 1
Scru_pelaces
 1 1 1 1 1
 1 1 1 1 1
 1 1 1 1 1
 1 1 1 1 1
 1 1 1 1 1
 1 1 1 1 1
 1 1 1 1 1
 1 1 1 1 1
 1 1 1 1 1
 1 1 1 1 1
 1 1 1 1 1
 1 1 1 1 1
 1 1 1 1 1
 1 1 1 1 1
 1 1 1 1 1
 1 1 1 1 1
 1 1 1 1 1
 1 1 1 1 1
 1 1 1 1 1
 1 1 1 1 1
 1 1 1 1 1
pf_obs 
 0.256992 0.487395 0.22802 0.0275931 0
 0.321318 0.546541 0.124235 0.00734118 0.000564706
 0.182869 0.594174 0.210203 0.0122559 0.00049798
 0.330522 0.361315 0.267642 0.0388342 0.00168674
 0.649043 0.306663 0.0425973 0.00169635 0
 0.582887 0.30429 0.105238 0.00758474 0
 0.465427 0.430635 0.0974691 0.00646863 0
 0.296916 0.608066 0.0921331 0.00288517 0
 0.311714 0.524322 0.152257 0.0117073 0
 0.15457 0.633149 0.183074 0.0267441 0.00246327
 0.131901 0.49318 0.331252 0.0422183 0.00144891
 0.196976 0.569456 0.194076 0.0375587 0.00193317
 0.518974 0.381816 0.0799577 0.0180837 0.00116848
 0.0928022 0.601141 0.25162 0.0475244 0.00691264
 0.122501 0.610282 0.24278 0.0234846 0.000952079
 0.383417 0.481906 0.127806 0.00687128 0
 0.0376549 0.599619 0.316969 0.0457579 0
 0.0361596 0.667082 0.258105 0.0386534 0
 0.158088 0.579412 0.248529 0.0139706 0
 0.0477256 0.309471 0.559284 0.082774 0.000745712
 0.0406174 0.521527 0.379366 0.0568643 0.0016247
pf_pred 
 0.340957 0.463521 0.1747 0.0208131 9.32463e-06
 0.327069 0.508966 0.11532 0.043464 0.00518047
 0.188374 0.599903 0.160135 0.036283 0.0153049
 0.315213 0.407184 0.205186 0.0547713 0.0176447
 0.335547 0.468404 0.116574 0.0587432 0.0207321
 0.181652 0.586421 0.163496 0.04069 0.0277408
 0.273919 0.395865 0.23663 0.065973 0.0276128
 0.224825 0.514479 0.142134 0.0849609 0.0336016
 0.255246 0.458045 0.190287 0.05257 0.0438519
 0.2269 0.507331 0.163455 0.0679047 0.0344086
 0.121421 0.540104 0.222117 0.0715633 0.0447943
 0.118374 0.400014 0.29607 0.121758 0.063784
 0.198037 0.35523 0.202693 0.150023 0.0940171
 0.180087 0.507844 0.138231 0.0788739 0.0949634
 0.259611 0.478443 0.162246 0.0441621 0.0555377
 0.341991 0.485081 0.111747 0.0378949 0.0232863
 0.233553 0.5791 0.138111 0.0318164 0.0174194
 0.238002 0.481756 0.211741 0.0504988 0.0180025
 0.234233 0.481084 0.179985 0.0791068 0.0255922
 0.305687 0.430941 0.16546 0.0619025 0.0360094
 0.201698 0.561219 0.147151 0.0564988 0.0334335
pobs_RECLAS
 0 0 0 0 0
 0 0 0 0 0
 0 0 0 0 0
 0 0 0 0 0
 0.835266 0.146461 0.0176864 0.000547809 3.91292e-05
 0.385257 0.428462 0.181853 0.0044286 0
 0.867414 0.0963971 0.0333333 0.00285562 0
 0.441836 0.489002 0.0689373 0.000224442 0
 0.779404 0.147425 0.0564933 0.0165055 0.000172143
 0.814271 0.122319 0.05973 0.00367925 0
 0.40263 0.566651 0.0304383 0.000280538 0
 0.475488 0.404961 0.113038 0.00651328 0
 0.955842 0.0263864 0.0167828 0.000988607 0
 0.975058 0.0227948 0.00214734 0 0
 0.738997 0.206755 0.0527124 0.00153531 0
 0.850938 0.134255 0.0134407 0.00136685 0
 0.542534 0.407297 0.0501686 0 0
 0.764087 0.199537 0.0359546 0.000420521 0
 0.470689 0.182191 0.310203 0.0369168 0
 0.84361 0.089868 0.0606195 0.00523954 0.000663233
 0.607945 0.314616 0.071237 0.00620181 0
ppred_RECLAS
 0.724878 0.1935 0.0729297 0.00868859 3.89263e-06
 0.711314 0.218346 0.0494722 0.018646 0.00222241
 0.543896 0.337124 0.08999 0.0203897 0.00860079
 0.69666 0.180371 0.0908914 0.0242621 0.00781609
 0.715049 0.200875 0.0499926 0.025192 0.00889098
 0.526746 0.33913 0.0945504 0.0235312 0.0160426
 0.653263 0.189044 0.113002 0.0315052 0.0131864
 0.593192 0.269996 0.0745911 0.0445871 0.0176339
 0.63313 0.225636 0.0937364 0.0258963 0.0216017
 0.595625 0.265363 0.0854964 0.035518 0.0179976
 0.413151 0.360764 0.148364 0.0478009 0.0299205
 0.405597 0.269694 0.199614 0.082091 0.0430039
 0.561109 0.194407 0.110928 0.0821032 0.0514528
 0.544441 0.282168 0.0768038 0.0438239 0.0527635
 0.654059 0.223548 0.0758083 0.0206344 0.0259495
 0.72551 0.202352 0.0466155 0.0158079 0.00971392
 0.605865 0.297794 0.0710219 0.0163612 0.0089577
 0.610366 0.246337 0.10827 0.0258217 0.00920526
 0.605031 0.248135 0.0928329 0.0408019 0.0132
 0.688117 0.193577 0.0743241 0.0278064 0.0161753
 0.557606 0.31101 0.0815467 0.0313099 0.0185278
pobs_PELACES
 0 0 0 0 0
 0 0 0 0 0
 0 0 0 0 0
 0 0 0 0 0
 0 0 0 0 0
 0 0 0 0 0
 0 0 0 0 0
 0 0 0 0 0
 0 0 0 0 0
 0 0 0 0 0
 0.450072 0.473896 0.0757376 0.000293798 0
 0 0 0 0 0
 0.463077 0.371075 0.160297 0.00555027 0
 0.529543 0.364841 0.0842815 0.0213345 0
 0.631943 0.363953 0.00410389 0 0
 0.735681 0.248677 0.0153453 0.000297389 0
 0.695825 0.281241 0.0229344 0 0
 0.275771 0.60734 0.115278 0.00161068 0
 0 0 0 0 0
 0.896147 0.0623911 0.0374545 0.00400742 0
 0.803859 0.145111 0.0509908 3.86294e-05 0
ppred_PELACES
 0.745924 0.178698 0.0673508 0.00802394 3.59486e-06
 0.729875 0.204307 0.0462914 0.0174471 0.00207952
 0.57754 0.312256 0.083352 0.0188857 0.00796636
 0.702144 0.17711 0.0892482 0.0238234 0.00767478
 0.716068 0.200157 0.049814 0.025102 0.00885921
 0.538942 0.33039 0.0921137 0.0229247 0.0156292
 0.660164 0.185281 0.110752 0.0308781 0.0129239
 0.607651 0.260399 0.0719398 0.0430023 0.0170072
 0.648452 0.216212 0.0898216 0.0248148 0.0206995
 0.608282 0.257057 0.0828204 0.0344063 0.0174343
 0.439831 0.344362 0.141619 0.0456277 0.0285602
 0.430156 0.258551 0.191366 0.0786993 0.0412271
 0.599868 0.177239 0.101132 0.0748526 0.046909
 0.612583 0.239962 0.0653156 0.0372688 0.0448712
 0.710396 0.187144 0.063463 0.0172741 0.0217237
 0.7456 0.187542 0.0432036 0.0146509 0.00900295
 0.623343 0.284588 0.0678724 0.0156356 0.00856046
 0.622198 0.238857 0.104982 0.0250376 0.00892573
 0.615381 0.241632 0.0904003 0.0397327 0.0128541
 0.697996 0.187446 0.0719699 0.0269256 0.0156629
 0.563869 0.306606 0.080392 0.0308666 0.0182655
pobs_pel_tallas
 0 0 0 0 0 0 0 0 0 0 0 0 0 0 0 0 0 0 0 0 0 0 0 0 0 0 0 0 0 0 0 0 0 0 0 0
 0 0 0 0 0 0 0 0 0 0 0 0 0 0 0 0 0 0 0 0 0 0 0 0 0 0 0 0 0 0 0 0 0 0 0 0
 0 0 0 0 0 0 0 0 0 0 0 0 0 0 0 0 0 0 0 0 0 0 0 0 0 0 0 0 0 0 0 0 0 0 0 0
 0 0 0 0 0 0 0 0 0 0 0 0 0 0 0 0 0 0 0 0 0 0 0 0 0 0 0 0 0 0 0 0 0 0 0 0
 0 0 0 0 0 0 0 0 0 0 0 0 0 0 0 0 0 0 0 0 0 0 0 0 0 0 0 0 0 0 0 0 0 0 0 0
 0 0 0 0 0 0 0 0 0 0 0 0 0 0 0 0 0 0 0 0 0 0 0 0 0 0 0 0 0 0 0 0 0 0 0 0
 0 0 0 0 0 0 0 0 0 0 0 0 0 0 0 0 0 0 0 0 0 0 0 0 0 0 0 0 0 0 0 0 0 0 0 0
 0 0 0 0 0 0 0 0 0 0 0 0 0 0 0 0 0 0 0 0 0 0 0 0 0 0 0 0 0 0 0 0 0 0 0 0
 0 0 0 0 0 0 0 0 0 0 0 0 0 0 0 0 0 0 0 0 0 0 0 0 0 0 0 0 0 0 0 0 0 0 0 0
 0 0 0 0 0 0 0 0 0 0 0 0 0 0 0 0 0 0 0 0 0 0 0 0 0 0 0 0 0 0 0 0 0 0 0 0
 0 0 0 0 0 0 0 0 1.78061e-05 0.00172719 0.00360574 0.0105946 0.0120993 0.0124554 0.0147524 0.0171206 0.0266825 0.0428682 0.0675386 0.121331 0.153587 0.119568 0.100827 0.0573624 0.0630603 0.0341343 0.0324427 0.0444173 0.0211091 0.0280891 0.0125444 0.00206551 0 0 0 0
 0 0 0 0 0 0 0 0 0 0 0 0 0 0 0 0 0 0 0 0 0 0 0 0 0 0 0 0 0 0 0 0 0 0 0 0
 0 0 0 0 0 0 0.0133647 0.0140871 0.0187388 0.0205184 0.03894 0.0496705 0.03968 0.0493445 0.0407372 0.0367815 0.0215668 0.0243155 0.0234873 0.0199281 0.019796 0.0243948 0.0301388 0.0376714 0.0412746 0.0863199 0.0771752 0.113111 0.0741005 0.0525337 0.0229764 0.00759418 0.00175318 0 0 0
 0 0 0 0 0 0 0 0 0 0 0.00219441 0.00772107 0.0458388 0.0604681 0.0671733 0.0775358 0.0609151 0.0617685 0.073594 0.0568108 0.0755445 0.0548602 0.0670107 0.0636378 0.0643287 0.046367 0.0373049 0.0286899 0.0247887 0.0153202 0.00654259 0.00121912 0.000365735 0 0 0
 0 0 0 0 0 0 0 0 0 0 0 0 0.000112435 0.00938835 0.0111873 0.0202946 0.0414886 0.0713402 0.111592 0.104902 0.108894 0.110636 0.117776 0.105296 0.107544 0.0401394 0.0192827 0.0124803 0.00416011 0.0028671 0.000618394 0 0 0 0 0
 0 0 0 0 0 0 0 0 0 0 0.00291406 0.0102884 0.027416 0.0768956 0.0749926 0.110853 0.0956884 0.0897413 0.0766577 0.0534642 0.0500743 0.0551293 0.0594112 0.0620874 0.0668451 0.0424026 0.0208742 0.0120726 0.0048766 0.00582813 0.00118941 0.000297354 0 0 0 0
 0 0.00264628 0.0354308 0.0461629 0.0458689 0.0383711 0.0214643 0.0164657 0.0346957 0.0420465 0.0363128 0.0245516 0.0311673 0.0291091 0.0169068 0.0133784 0.00837989 0.0085269 0.0148486 0.0160247 0.0276389 0.0546898 0.0760071 0.122758 0.109233 0.0665981 0.0333725 0.0166128 0.00676272 0.00308733 0.000882094 0 0 0 0 0
 0 0 0 0 0 0 0 0.000805153 0.000690131 0.00759144 0.0133425 0.0154129 0.00931677 0.000345066 0.00356568 0.00563607 0.00851162 0.0253048 0.0502646 0.0516448 0.0657925 0.0565908 0.0611916 0.0827007 0.0866115 0.110766 0.145733 0.0935128 0.0569358 0.0249597 0.0138026 0.00621118 0.00161031 0.00115022 0 0
 0 0 0 0 0 0 0 0 0 0 0 0 0 0 0 0 0 0 0 0 0 0 0 0 0 0 0 0 0 0 0 0 0 0 0 0
 0.00147267 0.00158595 0.00478618 0.00569244 0.00954404 0.0108468 0.00647125 0.017049 0.0510054 0.094081 0.124002 0.0959785 0.0687766 0.0820023 0.061753 0.0591476 0.0492212 0.0479892 0.0443925 0.0268479 0.0217502 0.0140895 0.0121071 0.0120363 0.00920419 0.00665534 0.0049561 0.00860946 0.00930331 0.0156896 0.0114698 0.00855282 0.00243557 0.00046729 0 2.83206e-05
 0 0 0 0 0.000772559 0.00158375 0.000888443 0.00281984 0.00712685 0.0440552 0.0773331 0.111326 0.0921469 0.0852325 0.0710754 0.0886704 0.0786465 0.0553345 0.0373146 0.0185414 0.00753245 0.00457741 0.012979 0.0271748 0.0457355 0.0583668 0.034881 0.0177882 0.00938659 0.00492506 0.0015258 0.00185414 0.000309023 5.79419e-05 3.86279e-05 0
ppred_pel_tallas
 1.01291e-16 3.25458e-05 0.000191017 0.000908008 0.00349588 0.0109016 0.0275365 0.0563434 0.0933957 0.125429 0.136493 0.120402 0.0861977 0.0503265 0.0244639 0.0108448 0.00592243 0.00551801 0.0070675 0.00943499 0.0121371 0.0148607 0.0173077 0.0191973 0.0203162 0.0205631 0.0199673 0.0186713 0.0168889 0.0148511 0.0127593 0.0107582 0.00893088 0.00731009 0.00589725 0.00467981
 1.01421e-16 3.1847e-05 0.000186912 0.000888487 0.00342071 0.0106671 0.0269444 0.0551321 0.0913887 0.122736 0.133569 0.117838 0.0843965 0.0493433 0.0241132 0.0109046 0.00625727 0.00608835 0.00788581 0.0105224 0.0134953 0.0164567 0.0190692 0.0210183 0.0220717 0.0221307 0.0212495 0.0196129 0.0174846 0.0151415 0.012818 0.0106737 0.00878845 0.00717816 0.00582003 0.00467655
 1.02307e-16 2.52089e-05 0.000147931 0.000703143 0.00270705 0.0084416 0.021323 0.0436312 0.072329 0.0971526 0.105765 0.0933968 0.0670843 0.0396107 0.0200837 0.0103136 0.00763289 0.00886281 0.0120254 0.0161745 0.0207823 0.025375 0.029447 0.0325171 0.0342264 0.0344173 0.0331644 0.0307415 0.0275435 0.0239876 0.0204295 0.0171139 0.0141675 0.0116217 0.00945025 0.00760441
 1.02502e-16 3.06368e-05 0.000179809 0.000854725 0.00329072 0.0102618 0.0259205 0.053037 0.0879154 0.11807 0.128489 0.113348 0.0811649 0.0474224 0.0231173 0.0103612 0.00582497 0.0055851 0.00723731 0.00971911 0.0125779 0.015516 0.0182438 0.0204826 0.022013 0.0227174 0.0225992 0.0217674 0.0203986 0.0186876 0.0168064 0.0148812 0.0129901 0.011175 0.00945809 0.00785619
 1.02049e-16 3.12447e-05 0.000183377 0.000871681 0.003356 0.0104654 0.0264347 0.0540893 0.0896601 0.120414 0.131043 0.11561 0.0828022 0.0484142 0.0236652 0.0107131 0.00616479 0.00601708 0.00780865 0.0104374 0.0134145 0.016403 0.0190753 0.0211246 0.0223221 0.0225666 0.0219028 0.0205006 0.0186045 0.0164712 0.0143168 0.012287 0.0104538 0.00883178 0.0074031 0.00614018
 1.02934e-16 2.35266e-05 0.000138052 0.000656177 0.00252621 0.00787766 0.0198986 0.0407168 0.067499 0.0906686 0.0987162 0.0871955 0.062681 0.0371133 0.0190075 0.0100717 0.00783633 0.00934995 0.0127714 0.0172061 0.0221305 0.0270539 0.0314446 0.0347947 0.0367234 0.0370607 0.0358797 0.0334618 0.030215 0.0265704 0.0228947 0.0194392 0.0163335 0.01361 0.011244 0.00919022
 1.03298e-16 2.88066e-05 0.000169064 0.000803639 0.00309403 0.00964841 0.0243711 0.0498669 0.0826613 0.111016 0.120817 0.106594 0.0763566 0.0446704 0.0218837 0.0099936 0.00588273 0.00587412 0.00771508 0.0104073 0.0135166 0.0167443 0.0197916 0.022366 0.0242314 0.0252531 0.0254173 0.0248173 0.0236154 0.0219951 0.0201208 0.0181162 0.0160631 0.0140137 0.0120063 0.010078
 1.03379e-16 2.65197e-05 0.000155631 0.000739763 0.00284807 0.00888137 0.0224338 0.0459035 0.0760939 0.102203 0.111248 0.0981999 0.0704508 0.0414309 0.0206974 0.0101257 0.00688097 0.00760052 0.0102056 0.0137334 0.0176963 0.0216947 0.0253118 0.0281503 0.0299102 0.0304532 0.0298268 0.0282374 0.0259862 0.0233899 0.0207142 0.0181374 0.0157475 0.0135645 0.0115726 0.00974833
 1.03166e-16 2.82971e-05 0.00016607 0.000789398 0.00303919 0.00947739 0.0239392 0.0489834 0.0811976 0.109053 0.118689 0.104734 0.0750632 0.0439923 0.0216972 0.0101526 0.0063081 0.00655799 0.00868497 0.0116888 0.0151066 0.0185953 0.0218064 0.0244046 0.0261301 0.0268514 0.0265866 0.0254838 0.023771 0.0216944 0.0194659 0.0172345 0.015084 0.013049 0.0111387 0.00935679
 1.03257e-16 2.65471e-05 0.000155792 0.00074053 0.00285102 0.00889058 0.022457 0.045951 0.0761726 0.102309 0.111362 0.0982991 0.0705185 0.0414639 0.0207014 0.0101074 0.0068436 0.0075437 0.0101281 0.0136355 0.017582 0.0215724 0.0251941 0.0280523 0.0298466 0.0304345 0.0298566 0.0283104 0.0260885 0.0235014 0.0208125 0.0182021 0.0157642 0.0135269 0.0114828 0.00961563
 1.05025e-16 1.92055e-05 0.000112682 0.000535562 0.00206181 0.00642943 0.0162405 0.0332323 0.0550939 0.0740129 0.0806024 0.0712439 0.0513192 0.0305979 0.016063 0.0091504 0.00788869 0.00990738 0.0137241 0.0185991 0.0240584 0.0296177 0.0347334 0.0388736 0.0416248 0.0427773 0.04236 0.0406083 0.037885 0.0345815 0.0310345 0.0274807 0.0240532 0.0208073 0.017758 0.0149119
 1.07432e-16 1.87802e-05 0.000110193 0.000523745 0.00201634 0.00628767 0.0158823 0.0324988 0.0538758 0.0723704 0.0787974 0.0696099 0.0500584 0.0296792 0.015278 0.00823314 0.00659559 0.00804058 0.0111386 0.0152231 0.0199266 0.0249024 0.0297555 0.0340811 0.0375372 0.0399056 0.0411189 0.0412447 0.0404381 0.0388838 0.03675 0.0341664 0.0312299 0.0280224 0.0246328 0.0211669
 1.06258e-16 2.61769e-05 0.000153627 0.000730249 0.00281146 0.00876725 0.0221454 0.0453129 0.0751127 0.100879 0.109789 0.0968716 0.0694094 0.0406412 0.0199763 0.00923788 0.0056036 0.00574407 0.00762442 0.0103487 0.0135312 0.0169062 0.0202039 0.023156 0.0255405 0.0272211 0.0281634 0.0284207 0.0280989 0.0273149 0.0261642 0.0247091 0.0229851 0.021019 0.0188484 0.0165326
 1.04383e-16 2.67339e-05 0.00015689 0.000745754 0.00287114 0.00895333 0.0226155 0.0462752 0.0767094 0.103028 0.11214 0.098975 0.0709795 0.0416866 0.0207231 0.00996973 0.00655994 0.00709803 0.00948997 0.012777 0.0164917 0.020266 0.0237203 0.026493 0.0283104 0.0290442 0.0287332 0.0275575 0.0257798 0.023673 0.0214607 0.0192863 0.0172136 0.0152488 0.0133728 0.0115678
 1.02571e-16 3.09969e-05 0.000181923 0.000864772 0.0033294 0.0103824 0.0262252 0.0536605 0.088949 0.119458 0.130001 0.114685 0.0821281 0.0479969 0.0234184 0.0105302 0.00596366 0.00574703 0.00744242 0.00996581 0.012847 0.0157712 0.0184333 0.0205452 0.0218877 0.0223562 0.0219785 0.0208961 0.0193195 0.0174724 0.015544 0.0136637 0.0118986 0.0102687 0.00876886 0.00738802
 1.01599e-16 3.2532e-05 0.000190935 0.000907617 0.00349437 0.0108969 0.0275246 0.0563192 0.0933558 0.125376 0.136437 0.120356 0.0861734 0.050329 0.0244956 0.0109096 0.00602707 0.00567075 0.00727437 0.00969548 0.0124402 0.0151829 0.0176135 0.0194439 0.0204613 0.0205745 0.0198315 0.0183991 0.0165155 0.0144302 0.0123536 0.0104276 0.00872177 0.00724859 0.00598667 0.00490297
 1.01994e-16 2.7205e-05 0.000159652 0.000758874 0.00292164 0.00911079 0.0230133 0.0470894 0.0780602 0.104846 0.114127 0.10075 0.0722977 0.042552 0.0213216 0.0105349 0.00728753 0.00812916 0.0109202 0.0146565 0.0188123 0.0229442 0.0265893 0.02931 0.0307824 0.030868 0.0296416 0.0273602 0.0243911 0.0211203 0.0178755 0.0148801 0.0122468 0.00999858 0.00810438 0.006512
 1.02846e-16 2.71533e-05 0.000159352 0.000757458 0.0029162 0.00909385 0.0229704 0.0470014 0.0779131 0.104645 0.113899 0.100526 0.0720881 0.042331 0.0210313 0.0100988 0.00662179 0.00715186 0.00956393 0.0128871 0.0166497 0.0204801 0.0239916 0.026811 0.028648 0.029355 0.0289516 0.0276033 0.0255673 0.0231239 0.0205178 0.0179256 0.0154516 0.0131437 0.011018 0.00907963
 1.03328e-16 2.68561e-05 0.000157607 0.000749162 0.00288426 0.00899424 0.0227188 0.0464866 0.0770599 0.103499 0.112653 0.0994291 0.0713078 0.0418848 0.020832 0.01004 0.00663102 0.0071956 0.00963172 0.012977 0.0167609 0.0206102 0.0241372 0.026969 0.028818 0.0295416 0.029166 0.0278628 0.0258932 0.0235369 0.0210336 0.0185501 0.016178 0.0139521 0.0118778 0.00995384
 1.0274e-16 3.04562e-05 0.000178749 0.000849681 0.0032713 0.0102012 0.0257675 0.0527241 0.0873969 0.117374 0.127734 0.112688 0.0807045 0.0471778 0.0230431 0.0104036 0.00595274 0.00579154 0.00752754 0.0100973 0.0130388 0.0160399 0.0187964 0.0210183 0.0224824 0.0230774 0.0228221 0.0218479 0.0203553 0.0185589 0.0166425 0.0147336 0.0129018 0.0111738 0.00955386 0.00804186
 1.03156e-16 2.46125e-05 0.00014443 0.000686502 0.00264298 0.00824181 0.0208183 0.0425985 0.0706173 0.0948536 0.103263 0.091189 0.0655022 0.038684 0.0196281 0.0101036 0.00750874 0.00874271 0.0118776 0.0159927 0.0205756 0.0251662 0.0292726 0.0324255 0.0342736 0.0346604 0.0336531 0.0315105 0.0286063 0.0253337 0.0220242 0.0189023 0.0160798 0.013581 0.01138 0.00943542
pSPR Fmed_Fpbrs
0.677699   0.336842 0.336842
Fs Fmed_Fpbrs
0.248848   1.005 1.005
SSBpbr Bo_Bmed_Bpbrs
1.30475e+06  818992  374258 374258
Ro
49487.5
SPR SPRFo_SPRFmed_SPRFpbrs
1.02233e+06 692830 344363
log_Ro
10.6295
likeval ReclasPelacesDesembMPH_pf_preclas_ppelaces_ptallas_desvR_qrecl_qpela
 59.6148 25.9019 0.0154354 0.000187638 246.726 141.625 65.5551 0 14.3503 8.26148e-05 0 0 0 0 0
q_reclas_q_pelaces
0.275825 1
M
0.7
N
 51377.3 16157.9 6089.89 725.528 0.325049
 66540.7 23488.1 5321.88 2005.8 239.072
 40390.7 30794.4 8220.1 1862.49 785.636
 67082.2 18068.3 9104.87 2430.41 782.961
 115361 32654.4 8126.86 4095.24 1445.33
 82297 57068 15910.7 3959.77 2699.62
 129865 39365.2 23530.7 6560.42 2745.84
 126327 62997.3 17404.1 10403.4 4114.47
 151971 59907.9 24887.7 6875.65 5735.4
 148603 71722.5 23108.1 9599.84 4864.42
 68797.9 70873.7 29146.8 9390.71 5878.02
 40562.7 31430.5 23263.3 9567 5011.73
 42280.9 18646.6 10639.7 7874.96 4935.12
 23469.6 18589.8 5059.99 2887.21 3476.17
 18556 9409.62 3190.93 868.544 1092.27
 23152.4 7551.78 1739.69 589.952 362.523
 19328.2 10624.1 2533.78 583.701 319.575
 20836.5 9071.67 3987.18 950.915 338.995
 22733.4 9958.84 3725.83 1637.58 529.78
 36179.5 10919.8 4192.66 1568.57 912.454
 29912.9 17339.6 4546.44 1745.61 1032.97
pred_Ctot
 2946.82 4006.11 1509.89 179.884 0.0805908
 3269.93 5088.48 1152.94 434.539 51.7927
 2898.19 9229.65 2463.71 558.222 235.469
 953.424 1231.61 620.625 165.667 53.3699
 316.758 442.174 110.046 55.4537 19.5712
 2180.35 7038.76 1962.43 488.398 332.97
 2163.04 3126 1868.58 520.965 218.048
 4101.38 9385.4 2592.88 1549.9 612.978
 5438.17 9758.92 4054.17 1120.04 934.29
 4239.08 9478.24 3053.77 1268.63 642.84
 3977.85 17694.3 7276.78 2344.48 1467.5
 2176.51 7354.93 5443.75 2238.74 1172.78
 3509.33 6294.88 3591.83 2658.49 1666.04
 3291.62 9282.34 2526.57 1441.65 1735.73
 2435.99 4489.32 1522.39 414.382 521.121
 1270.12 1801.55 415.018 140.738 86.4831
 764.851 1896.47 452.294 104.194 57.046
 563.495 1140.61 501.32 119.561 42.6229
 535.861 1100.59 411.756 180.975 58.5481
 909.256 1281.82 492.157 184.127 107.109
 414.572 1153.53 302.456 116.128 68.7195
F
 0.0827016 0.410585 0.410585 0.410585 0.410585
 0.0704805 0.349912 0.349912 0.349912 0.349912
 0.104443 0.518524 0.518524 0.518524 0.518524
 0.0199376 0.0989833 0.0989833 0.0989833 0.0989833
 0.00382449 0.0189873 0.0189873 0.0189873 0.0189873
 0.0374526 0.185939 0.185939 0.185939 0.185939
 0.0234008 0.116177 0.116177 0.116177 0.116177
 0.0460694 0.228719 0.228719 0.228719 0.228719
 0.050885 0.252627 0.252627 0.252627 0.252627
 0.0403776 0.200461 0.200461 0.200461 0.200461
 0.0833944 0.414025 0.414025 0.414025 0.414025
 0.077183 0.383187 0.383187 0.383187 0.383187
 0.12172 0.604301 0.604301 0.604301 0.604301
 0.213973 1.0623 1.0623 1.0623 1.0623
 0.199012 0.988027 0.988027 0.988027 0.988027
 0.0789726 0.392072 0.392072 0.392072 0.392072
 0.056407 0.280042 0.280042 0.280042 0.280042
 0.0382434 0.189865 0.189865 0.189865 0.189865
 0.0332604 0.165126 0.165126 0.165126 0.165126
 0.0354969 0.17623 0.17623 0.17623 0.17623
 0.0194374 0.0965002 0.0965002 0.0965002 0.0965002
nmprior
 10 10 8 0
nm_flota  nm_reclas  nm_pelaces    nm_pelaL
inf 14.5977 15.0884 15.0884
cv_recla  cv_pelaces  cv_mph
0.772106 0.682813 0.456604
 ------------------------------------------------
Talla a la edad & desviación 
 7.2 14.2025 17.0495 18.207 18.6776
 1.08 2.13037 2.55742 2.73105 2.80164
