years
 1997 1998 1999 2000 2001 2002 2003 2004 2005 2006 2007 2008 2009 2010 2011 2012 2013 2014 2015 2016
reclasobs
 0 0 0 370054 412103 1.49427e+06 250295 1.28982e+06 931140 785840 897777 1.04006e+06 184774 17550 25797 100020 73551 82996 120727 218422
reclaspred
 397441 107400 328035 241538 358947 427454 938980 635914 718877 659049 521417 351271 215200 100159 70938 73155.4 93312.6 127253 128412 206705
pelacesobs
 0 0 0 0 0 0 0 0 0 2.06254e+06 1.5e+06 0 1.87456e+06 323000 250000 174000 83755 137374 0 501740
pelacespred
 1.07937e+06 265361 492994 551852 700990 699023 1.74317e+06 1.4697e+06 1.47374e+06 1.36423e+06 973932 677605 413574 160945 111978 123490 164389 226742 237555 368843
mphobs
 0 0 0 0 0 112323 0 153150 637223 0 255016 313432 73983 77613 109348 50772 0 0 0 0
mphpred
 706778 426709 515381 633326 676519 1.06666e+06 1.60542e+06 1.89002e+06 1.64731e+06 1.68831e+06 1.5984e+06 1.13119e+06 700041 369050 178786 155333 191146 268078 329229 367912
desembarqueobs
 350755 77701 442110 56441 14545 235359 269955 359681 431902 328805 639364 411747 362871 311530 167758 66681 60226 58785 57116 71774
desembarquepred
 350760 77700.4 442100 56441.9 14545.1 235391 269979 359675 431921 328817 639538 411970 363173 311938 167788 66690.6 60242.6 58784.8 57110.8 71771.1
Reclutas
 50782.2 65053.8 39191.1 63992.3 110050 79231.9 124943 123140 149451 147974 68804.5 40753.4 42507.4 23458.2 18444.8 22912.7 19250.5 20999.1 21008.5 53386.9
log_desv_Rt
 -0.000612479 0.247057 -0.259708 0.230605 0.772778 0.444221 0.899701 0.885164 1.07881 1.06888 0.303112 -0.220619 -0.178479 -0.772939 -1.01337 -0.796467 -0.970623 -0.883678 -0.883229 0.0494067
SSB
 706778 426709 515381 633326 676519 1.06666e+06 1.60542e+06 1.89002e+06 1.64731e+06 1.68831e+06 1.5984e+06 1.13119e+06 700041 369050 178786 155333 191146 268078 329229 367912
BT
 2.22095e+06 606417 1.12715e+06 1.04796e+06 1.26635e+06 1.43697e+06 3.30596e+06 3.03911e+06 3.03436e+06 2.75986e+06 2.32313e+06 1.59356e+06 1.09828e+06 589099 343767 276285 343712 453003 474760 719230
Ftot
 0.416128 0.35594 0.533551 0.102823 0.0198285 0.195364 0.122053 0.239799 0.263509 0.207201 0.424637 0.392586 0.618802 1.08851 1.0176 0.402879 0.285572 0.192165 0.166704 0.171347
BD_Bspro_t
 0.948256 0.754923 0.71081 0.585981 0.717381 0.839645 0.809293 0.816004 0.769368 0.737883 0.705767 0.558384 0.44595 0.333765 0.215599 0.22992 0.344629 0.510715 0.616443 0.693034
BD_Bspro
 0.678863 0.409855 0.495026 0.608312 0.649799 1.02453 1.54201 1.81537 1.58225 1.62163 1.53527 1.08652 0.672392 0.354474 0.171724 0.149198 0.183596 0.25749 0.316225 0.353381
BD_Bo
 0.534782 0.322869 0.389963 0.479205 0.511888 0.807084 1.21474 1.43008 1.24643 1.27746 1.20943 0.855916 0.529685 0.279241 0.135278 0.117533 0.14463 0.202841 0.249111 0.27838
BD_Brms
 1.86574 1.12642 1.36049 1.67184 1.78586 2.81574 4.23795 4.98923 4.34853 4.45678 4.21943 2.9861 1.84795 0.974211 0.471955 0.410045 0.504583 0.707667 0.869091 0.971206
S_f
 0.203599 1 1 1 1
 0.203599 1 1 1 1
 0.203599 1 1 1 1
 0.203599 1 1 1 1
 0.203599 1 1 1 1
 0.203599 1 1 1 1
 0.203599 1 1 1 1
 0.203599 1 1 1 1
 0.203599 1 1 1 1
 0.203599 1 1 1 1
 0.203599 1 1 1 1
 0.203599 1 1 1 1
 0.203599 1 1 1 1
 0.203599 1 1 1 1
 0.203599 1 1 1 1
 0.203599 1 1 1 1
 0.203599 1 1 1 1
 0.203599 1 1 1 1
 0.203599 1 1 1 1
 0.203599 1 1 1 1
Scru_reclas
 1 1 1 1 1
 1 1 1 1 1
 1 1 1 1 1
 1 1 1 1 1
 1 1 1 1 1
 1 1 1 1 1
 1 1 1 1 1
 1 1 1 1 1
 1 1 1 1 1
 1 1 1 1 1
 1 1 1 1 1
 1 1 1 1 1
 1 1 1 1 1
 1 1 1 1 1
 1 1 1 1 1
 1 1 1 1 1
 1 1 1 1 1
 1 1 1 1 1
 1 1 1 1 1
 1 1 1 1 1
Scru_pelaces
 1 1 1 1 1
 1 1 1 1 1
 1 1 1 1 1
 1 1 1 1 1
 1 1 1 1 1
 1 1 1 1 1
 1 1 1 1 1
 1 1 1 1 1
 1 1 1 1 1
 1 1 1 1 1
 1 1 1 1 1
 1 1 1 1 1
 1 1 1 1 1
 1 1 1 1 1
 1 1 1 1 1
 1 1 1 1 1
 1 1 1 1 1
 1 1 1 1 1
 1 1 1 1 1
 1 1 1 1 1
pf_obs 
 0.256992 0.487395 0.22802 0.0275931 0
 0.321318 0.546541 0.124235 0.00734118 0.000564706
 0.182869 0.594174 0.210203 0.0122559 0.00049798
 0.330522 0.361315 0.267642 0.0388342 0.00168674
 0.649043 0.306663 0.0425973 0.00169635 0
 0.582887 0.30429 0.105238 0.00758474 0
 0.465427 0.430635 0.0974691 0.00646863 0
 0.296916 0.608066 0.0921331 0.00288517 0
 0.311714 0.524322 0.152257 0.0117073 0
 0.15457 0.633149 0.183074 0.0267441 0.00246327
 0.131901 0.49318 0.331252 0.0422183 0.00144891
 0.196976 0.569456 0.194076 0.0375587 0.00193317
 0.518974 0.381816 0.0799577 0.0180837 0.00116848
 0.0928022 0.601141 0.25162 0.0475244 0.00691264
 0.122501 0.610282 0.24278 0.0234846 0.000952079
 0.383417 0.481906 0.127806 0.00687128 0
 0.0376549 0.599619 0.316969 0.0457579 0
 0.0361596 0.667082 0.258105 0.0386534 0
 0.158088 0.579412 0.248529 0.0139706 0
 0.0477256 0.309471 0.559284 0.082774 0.000745712
pf_pred 
 0.344079 0.461472 0.173756 0.0206835 9.65734e-06
 0.328109 0.50883 0.114722 0.0431956 0.0051443
 0.189668 0.598383 0.160512 0.0361892 0.0152489
 0.315409 0.407783 0.204406 0.0548305 0.0175712
 0.337692 0.465757 0.117077 0.0586864 0.020787
 0.185083 0.583833 0.162506 0.0408491 0.0277289
 0.278248 0.396414 0.233083 0.064877 0.0273783
 0.230673 0.5129 0.14084 0.0828105 0.0327768
 0.262177 0.458545 0.18619 0.0511269 0.04196
 0.233693 0.50806 0.160497 0.065169 0.0325816
 0.124822 0.544299 0.219372 0.0692997 0.042207
 0.122056 0.403858 0.294848 0.118834 0.0604035
 0.203418 0.35837 0.20158 0.147169 0.0894637
 0.184011 0.511005 0.137208 0.077178 0.0905986
 0.265416 0.479375 0.159822 0.0429131 0.0524739
 0.347928 0.484883 0.109104 0.036375 0.0217098
 0.238353 0.578297 0.136339 0.0306779 0.0163322
 0.243762 0.481293 0.208758 0.0492167 0.0169701
 0.222479 0.492376 0.181475 0.0787136 0.0249562
 0.407897 0.356682 0.149084 0.0549477 0.0313896
pobs_RECLAS
 0 0 0 0 0
 0 0 0 0 0
 0 0 0 0 0
 0 0 0 0 0
 0.835266 0.146461 0.0176864 0.000547809 3.91292e-05
 0.385257 0.428462 0.181853 0.0044286 0
 0.867414 0.0963971 0.0333333 0.00285562 0
 0.441836 0.489002 0.0689373 0.000224442 0
 0.779404 0.147425 0.0564933 0.0165055 0.000172143
 0.814271 0.122319 0.05973 0.00367925 0
 0.40263 0.566651 0.0304383 0.000280538 0
 0.475488 0.404961 0.113038 0.00651328 0
 0.955842 0.0263864 0.0167828 0.000988607 0
 0.975058 0.0227948 0.00214734 0 0
 0.738997 0.206755 0.0527124 0.00153531 0
 0.850938 0.134255 0.0134407 0.00136685 0
 0.542534 0.407297 0.0501686 0 0
 0.764087 0.199537 0.0359546 0.000420521 0
 0.470689 0.182191 0.310203 0.0369168 0
 0.84361 0.089868 0.0606195 0.00523954 0.000663233
ppred_RECLAS
 0.725574 0.193072 0.0726963 0.00865359 4.04046e-06
 0.710157 0.219501 0.0494891 0.0186339 0.00221917
 0.543626 0.337005 0.090399 0.0203815 0.00858809
 0.694618 0.181903 0.0911814 0.0244587 0.00783814
 0.714826 0.200544 0.0504107 0.025269 0.0089504
 0.529915 0.336784 0.0937417 0.0235638 0.0159954
 0.655801 0.189048 0.111156 0.0309395 0.0130565
 0.598776 0.267491 0.0734516 0.0431879 0.017094
 0.639167 0.224252 0.0910566 0.0250037 0.0205205
 0.602344 0.263645 0.0832858 0.0338179 0.0169074
 0.418383 0.361725 0.145788 0.0460545 0.0280495
 0.411573 0.270679 0.197617 0.0796465 0.0404844
 0.567022 0.19479 0.109568 0.0799929 0.0486275
 0.54908 0.282384 0.0758217 0.042649 0.0500653
 0.659164 0.222423 0.0741549 0.019911 0.0243471
 0.728746 0.201706 0.0453861 0.0151316 0.00903101
 0.609733 0.296319 0.06986 0.0157193 0.00836863
 0.615319 0.244823 0.106191 0.0250354 0.00863229
 0.586397 0.26192 0.0965357 0.0418719 0.0132755
 0.773463 0.136465 0.0570389 0.0210228 0.0120095
pobs_PELACES
 0 0 0 0 0
 0 0 0 0 0
 0 0 0 0 0
 0 0 0 0 0
 0 0 0 0 0
 0 0 0 0 0
 0 0 0 0 0
 0 0 0 0 0
 0 0 0 0 0
 0 0 0 0 0
 0.450072 0.473896 0.0757376 0.000293798 0
 0 0 0 0 0
 0.463077 0.371075 0.160297 0.00555027 0
 0.529543 0.364841 0.0842815 0.0213345 0
 0.631943 0.363953 0.00410389 0 0
 0.735681 0.248677 0.0153453 0.000297389 0
 0.695825 0.281241 0.0229344 0 0
 0.275771 0.60734 0.115278 0.00161068 0
 0 0 0 0 0
 0.896147 0.0623911 0.0374545 0.00400742 0
ppred_PELACES
 0.746806 0.178135 0.0670721 0.0079841 3.72786e-06
 0.729027 0.205211 0.0462672 0.0174207 0.00207469
 0.578148 0.311513 0.083561 0.0188398 0.00793847
 0.70032 0.178507 0.0894789 0.024002 0.00769179
 0.715887 0.199798 0.0502232 0.025175 0.0089171
 0.542682 0.327637 0.0911957 0.0229238 0.015561
 0.663005 0.185091 0.108829 0.0302919 0.0127833
 0.613818 0.257463 0.0706979 0.0415688 0.0164531
 0.654981 0.214424 0.087066 0.0239079 0.0196212
 0.615312 0.255047 0.0805698 0.032715 0.016356
 0.445761 0.344698 0.138925 0.0438867 0.0267292
 0.436768 0.259089 0.189155 0.0762362 0.038751
 0.606432 0.17706 0.0995945 0.0727118 0.0442013
 0.618463 0.238934 0.0641551 0.0360866 0.0423618
 0.716469 0.185027 0.0616874 0.0165634 0.0202536
 0.749162 0.186524 0.04197 0.0139927 0.00835127
 0.627438 0.282876 0.0666907 0.0150062 0.00798897
 0.627202 0.23726 0.10291 0.0242621 0.00836564
 0.596981 0.255218 0.0940654 0.0408003 0.0129358
 0.781256 0.131771 0.0550767 0.0202996 0.0115964
pobs_pel_tallas
 0 0 0 0 0 0 0 0 0 0 0 0 0 0 0 0 0 0 0 0 0 0 0 0 0 0 0 0 0 0 0 0 0 0 0 0
 0 0 0 0 0 0 0 0 0 0 0 0 0 0 0 0 0 0 0 0 0 0 0 0 0 0 0 0 0 0 0 0 0 0 0 0
 0 0 0 0 0 0 0 0 0 0 0 0 0 0 0 0 0 0 0 0 0 0 0 0 0 0 0 0 0 0 0 0 0 0 0 0
 0 0 0 0 0 0 0 0 0 0 0 0 0 0 0 0 0 0 0 0 0 0 0 0 0 0 0 0 0 0 0 0 0 0 0 0
 0 0 0 0 0 0 0 0 0 0 0 0 0 0 0 0 0 0 0 0 0 0 0 0 0 0 0 0 0 0 0 0 0 0 0 0
 0 0 0 0 0 0 0 0 0 0 0 0 0 0 0 0 0 0 0 0 0 0 0 0 0 0 0 0 0 0 0 0 0 0 0 0
 0 0 0 0 0 0 0 0 0 0 0 0 0 0 0 0 0 0 0 0 0 0 0 0 0 0 0 0 0 0 0 0 0 0 0 0
 0 0 0 0 0 0 0 0 0 0 0 0 0 0 0 0 0 0 0 0 0 0 0 0 0 0 0 0 0 0 0 0 0 0 0 0
 0 0 0 0 0 0 0 0 0 0 0 0 0 0 0 0 0 0 0 0 0 0 0 0 0 0 0 0 0 0 0 0 0 0 0 0
 0 0 0 0 0 0 0 0 0 0 0 0 0 0 0 0 0 0 0 0 0 0 0 0 0 0 0 0 0 0 0 0 0 0 0 0
 0 0 0 0 0 0 0 0 1.78061e-05 0.00172719 0.00360574 0.0105946 0.0120993 0.0124554 0.0147524 0.0171206 0.0266825 0.0428682 0.0675386 0.121331 0.153587 0.119568 0.100827 0.0573624 0.0630603 0.0341343 0.0324427 0.0444173 0.0211091 0.0280891 0.0125444 0.00206551 0 0 0 0
 0 0 0 0 0 0 0 0 0 0 0 0 0 0 0 0 0 0 0 0 0 0 0 0 0 0 0 0 0 0 0 0 0 0 0 0
 0 0 0 0 0 0 0.0133647 0.0140871 0.0187388 0.0205184 0.03894 0.0496705 0.03968 0.0493445 0.0407372 0.0367815 0.0215668 0.0243155 0.0234873 0.0199281 0.019796 0.0243948 0.0301388 0.0376714 0.0412746 0.0863199 0.0771752 0.113111 0.0741005 0.0525337 0.0229764 0.00759418 0.00175318 0 0 0
 0 0 0 0 0 0 0 0 0 0 0.00219441 0.00772107 0.0458388 0.0604681 0.0671733 0.0775358 0.0609151 0.0617685 0.073594 0.0568108 0.0755445 0.0548602 0.0670107 0.0636378 0.0643287 0.046367 0.0373049 0.0286899 0.0247887 0.0153202 0.00654259 0.00121912 0.000365735 0 0 0
 0 0 0 0 0 0 0 0 0 0 0 0 0.000112435 0.00938835 0.0111873 0.0202946 0.0414886 0.0713402 0.111592 0.104902 0.108894 0.110636 0.117776 0.105296 0.107544 0.0401394 0.0192827 0.0124803 0.00416011 0.0028671 0.000618394 0 0 0 0 0
 0 0 0 0 0 0 0 0 0 0 0.00291406 0.0102884 0.027416 0.0768956 0.0749926 0.110853 0.0956884 0.0897413 0.0766577 0.0534642 0.0500743 0.0551293 0.0594112 0.0620874 0.0668451 0.0424026 0.0208742 0.0120726 0.0048766 0.00582813 0.00118941 0.000297354 0 0 0 0
 0 0.00264628 0.0354308 0.0461629 0.0458689 0.0383711 0.0214643 0.0164657 0.0346957 0.0420465 0.0363128 0.0245516 0.0311673 0.0291091 0.0169068 0.0133784 0.00837989 0.0085269 0.0148486 0.0160247 0.0276389 0.0546898 0.0760071 0.122758 0.109233 0.0665981 0.0333725 0.0166128 0.00676272 0.00308733 0.000882094 0 0 0 0 0
 0 0 0 0 0 0 0 0.000805153 0.000690131 0.00759144 0.0133425 0.0154129 0.00931677 0.000345066 0.00356568 0.00563607 0.00851162 0.0253048 0.0502646 0.0516448 0.0657925 0.0565908 0.0611916 0.0827007 0.0866115 0.110766 0.145733 0.0935128 0.0569358 0.0249597 0.0138026 0.00621118 0.00161031 0.00115022 0 0
 0 0 0 0 0 0 0 0 0 0 0 0 0 0 0 0 0 0 0 0 0 0 0 0 0 0 0 0 0 0 0 0 0 0 0 0
 0.00147267 0.00158595 0.00478618 0.00569244 0.00954404 0.0108468 0.00647125 0.017049 0.0510054 0.094081 0.124002 0.0959785 0.0687766 0.0820023 0.061753 0.0591476 0.0492212 0.0479892 0.0443925 0.0268479 0.0217502 0.0140895 0.0121071 0.0120363 0.00920419 0.00665534 0.0049561 0.00860946 0.00930331 0.0156896 0.0114698 0.00855282 0.00243557 0.00046729 0 2.83206e-05
ppred_pel_tallas
 1.01285e-16 3.25842e-05 0.000191243 0.00090908 0.00350001 0.0109144 0.027569 0.05641 0.093506 0.125577 0.136654 0.120543 0.086298 0.0503831 0.0244875 0.0108488 0.00591534 0.00550323 0.0070453 0.00940457 0.0120977 0.0148122 0.0172509 0.0191338 0.0202484 0.0204938 0.0198989 0.0186063 0.016829 0.0147972 0.0127119 0.0107172 0.00889603 0.00728093 0.00587327 0.00466047
 1.0142e-16 3.181e-05 0.000186695 0.000887455 0.00341674 0.0106548 0.0269131 0.0550681 0.0912827 0.122593 0.133415 0.117702 0.0843006 0.0492901 0.0240925 0.0109041 0.00626934 0.00611031 0.00791791 0.0105657 0.0135503 0.016523 0.0191446 0.0210993 0.0221541 0.0222098 0.0213212 0.0196741 0.0175336 0.0151782 0.0128435 0.0106899 0.00879747 0.00718215 0.00582081 0.00467553
 1.02306e-16 2.52354e-05 0.000148086 0.000703882 0.0027099 0.00845048 0.0213454 0.0436771 0.0724051 0.0972546 0.105876 0.0934941 0.0671528 0.0396485 0.0200981 0.0103131 0.007623 0.00884526 0.0119999 0.0161403 0.0207391 0.0253234 0.0293889 0.0324554 0.0341646 0.0343592 0.0331133 0.0306996 0.0275117 0.0239657 0.0204161 0.0171071 0.0141652 0.0116221 0.00945182 0.00760616
 1.02513e-16 3.05573e-05 0.000179343 0.000852506 0.00328218 0.0102352 0.0258532 0.0528993 0.0876872 0.117764 0.128156 0.113056 0.0809578 0.0473062 0.0230696 0.0103551 0.00584282 0.00562033 0.00728964 0.00979034 0.0126694 0.0156275 0.0183728 0.0206247 0.0221619 0.0228664 0.0227419 0.0218989 0.0205156 0.0187889 0.0168921 0.0149528 0.0130495 0.0112239 0.0094983 0.00788901
 1.0206e-16 3.12368e-05 0.00018333 0.00087146 0.00335515 0.0104627 0.026428 0.0540756 0.0896374 0.120384 0.13101 0.115581 0.0827808 0.0484011 0.0236577 0.0107078 0.00615931 0.00600987 0.00779895 0.0104251 0.0133997 0.0163868 0.0190593 0.0211108 0.0223128 0.0225638 0.0219082 0.020515 0.0186276 0.0165018 0.014353 0.0123264 0.010494 0.00887054 0.00743877 0.00617162
 1.02917e-16 2.36896e-05 0.000139009 0.000660727 0.00254373 0.0079323 0.0200366 0.0409992 0.0679669 0.0912967 0.0993988 0.0877955 0.0631059 0.0373519 0.0191058 0.0100852 0.00780094 0.00927943 0.0126664 0.0170629 0.0219461 0.0268284 0.0311828 0.0345053 0.0364184 0.0367538 0.0355837 0.0331874 0.0299693 0.026357 0.0227138 0.0192888 0.0162104 0.0135106 0.0111647 0.00912787
 1.03244e-16 2.89305e-05 0.000169791 0.000807095 0.00310733 0.00968991 0.024476 0.0500814 0.0830167 0.111493 0.121336 0.107051 0.0766825 0.0448577 0.0219691 0.0100217 0.00588381 0.0058619 0.00769287 0.0103739 0.0134689 0.016679 0.0197052 0.0222556 0.0240951 0.0250902 0.0252289 0.0246063 0.0233867 0.0217551 0.019877 0.0178764 0.015835 0.0138037 0.0118192 0.00991669
 1.03285e-16 2.67885e-05 0.000157209 0.000747266 0.00287696 0.00897147 0.0226613 0.0463691 0.0768655 0.103239 0.112374 0.0991906 0.0711542 0.0418297 0.0208691 0.0101639 0.00684786 0.00752178 0.0100851 0.0135669 0.0174787 0.0214239 0.0249898 0.0277834 0.0295083 0.0300282 0.0293908 0.0278013 0.0255587 0.0229776 0.0203218 0.0177685 0.0154053 0.0132519 0.0112922 0.00950202
 1.03045e-16 2.85817e-05 0.000167741 0.000797343 0.00306978 0.00957279 0.0241802 0.0494764 0.0820147 0.11015 0.119882 0.105784 0.0758102 0.0444187 0.0218863 0.0102052 0.0062919 0.00650241 0.00859597 0.0115627 0.0149375 0.0183783 0.0215386 0.0240862 0.0257641 0.0264433 0.0261437 0.0250148 0.0232856 0.0212028 0.0189787 0.0167622 0.0146366 0.0126354 0.0107662 0.00903012
 1.03116e-16 2.68536e-05 0.000157592 0.000749084 0.00288396 0.00899329 0.0227165 0.0464819 0.0770524 0.10349 0.112646 0.0994297 0.0713227 0.0419229 0.0209048 0.0101637 0.00682568 0.00748328 0.0100316 0.0134992 0.0173998 0.0213393 0.0249076 0.0277129 0.0294576 0.0300017 0.0293876 0.0278137 0.0255733 0.0229775 0.0202902 0.017692 0.0152767 0.0130719 0.0110686 0.00924846
 1.04842e-16 1.94641e-05 0.0001142 0.000542778 0.00208959 0.00651608 0.0164594 0.0336801 0.0558361 0.0750096 0.0816867 0.0721993 0.0520011 0.0309917 0.0162463 0.00921741 0.00790431 0.00990196 0.0137063 0.0185678 0.024008 0.0295404 0.0346198 0.0387139 0.0414095 0.0424993 0.0420152 0.0401972 0.0374133 0.0340601 0.0304787 0.0269088 0.0234844 0.0202601 0.0172486 0.0144525
 1.072e-16 1.90686e-05 0.000111886 0.000531793 0.00204733 0.00638429 0.0161264 0.0329981 0.0547035 0.0734819 0.0800065 0.0706755 0.0508192 0.0301191 0.0154837 0.0083101 0.00661661 0.00804003 0.0111268 0.0151991 0.0198846 0.0248337 0.0296493 0.0339254 0.0373203 0.0396174 0.040753 0.0407995 0.0399181 0.0382999 0.0361182 0.0335071 0.0305653 0.027375 0.0240224 0.0206099
 1.06036e-16 2.64632e-05 0.000155307 0.000738239 0.00284223 0.00886318 0.0223877 0.0458086 0.0759344 0.101982 0.110989 0.097929 0.0701636 0.0410757 0.0201766 0.00930779 0.00561429 0.00572853 0.0075919 0.0102978 0.0134565 0.0168005 0.0200591 0.022964 0.0252935 0.0269131 0.0277909 0.0279836 0.0276015 0.0267658 0.0255764 0.0240989 0.0223709 0.0204196 0.0182811 0.0160121
 1.04208e-16 2.69902e-05 0.000158396 0.00075291 0.00289869 0.00903925 0.0228325 0.0467192 0.0774453 0.104016 0.113215 0.0999214 0.0716535 0.042073 0.0208975 0.010024 0.00655637 0.00706463 0.00943363 0.0126957 0.0163807 0.0201204 0.023536 0.0262671 0.0280413 0.0287316 0.0283785 0.0271635 0.025351 0.0232159 0.020984 0.0188006 0.0167305 0.0147807 0.0129314 0.0111632
 1.02452e-16 3.12616e-05 0.000183477 0.000872161 0.00335786 0.0104712 0.0264493 0.054119 0.089709 0.120479 0.13111 0.115661 0.0828222 0.0483922 0.023592 0.0105753 0.00594265 0.00568666 0.00734775 0.00983328 0.0126716 0.0155492 0.0181641 0.0202311 0.0215339 0.0219699 0.0215677 0.0204692 0.0188845 0.0170366 0.0151147 0.0132478 0.011503 0.00989994 0.00843259 0.0070887
 1.01528e-16 3.26873e-05 0.000191847 0.000911952 0.00351106 0.0109489 0.0276561 0.0565882 0.0938016 0.125974 0.137088 0.120929 0.0865809 0.0505615 0.0245986 0.0109381 0.00601791 0.00564 0.0072253 0.00962614 0.0123475 0.0150643 0.0174676 0.0192711 0.0202633 0.0203543 0.019593 0.0181467 0.016254 0.0141647 0.0120893 0.0101699 0.00847594 0.00701948 0.0057784 0.00471856
 1.01928e-16 2.73835e-05 0.0001607 0.000763856 0.00294082 0.00917062 0.0231644 0.0473986 0.0785726 0.105534 0.114875 0.101408 0.0727652 0.0428176 0.0214369 0.0105624 0.00726885 0.00808175 0.0108469 0.0145547 0.0186784 0.0227763 0.0263879 0.0290782 0.0305253 0.0305924 0.0293546 0.0270686 0.0241009 0.0208366 0.0176024 0.0146213 0.0120054 0.00977759 0.00790616 0.00633821
 1.02763e-16 2.73714e-05 0.000160633 0.000763547 0.00293965 0.00916696 0.0231551 0.0473792 0.0785394 0.105485 0.114813 0.10133 0.0726602 0.042657 0.0211749 0.0101369 0.00660585 0.00710403 0.00948838 0.0127808 0.0165081 0.0202997 0.0237712 0.0265517 0.0283535 0.029031 0.0286049 0.0272416 0.0251984 0.0227554 0.0201573 0.0175802 0.015128 0.0128475 0.0107536 0.00884969
 1.03425e-16 2.60543e-05 0.000152899 0.000726775 0.00279806 0.00872543 0.0220399 0.0450975 0.0747578 0.100409 0.109295 0.0964775 0.0692176 0.040711 0.0203482 0.00997354 0.00680484 0.00754199 0.0101473 0.01368 0.0176657 0.0217153 0.0254199 0.0283857 0.0303095 0.0310418 0.0306119 0.0292034 0.0270945 0.0245831 0.0219243 0.0192956 0.0167942 0.0144565 0.0122867 0.0102815
 1.02065e-16 3.40845e-05 0.000200055 0.000950985 0.00366137 0.0114177 0.02884 0.0590102 0.0978145 0.131358 0.142932 0.12605 0.0901731 0.0525092 0.0252666 0.0107619 0.00525663 0.00435846 0.00538268 0.007165 0.00925305 0.0113983 0.0133816 0.0149981 0.0160889 0.0165728 0.0164589 0.0158345 0.0148352 0.0136074 0.0122769 0.0109319 0.00962175 0.00836769 0.00717666 0.00605339
pSPR Fmed_Fpbrs
0.660828   0.336633 0.336633
Fs Fmed_Fpbrs
0.267913   1.005 1.005
SSBpbr Bo_Bmed_Bpbrs
1.32162e+06  807280  378820 378820
Ro
50813.3
SPR SPRFo_SPRFmed_SPRFpbrs
1.04112e+06 688001 350476
log_Ro
10.6559
likeval ReclasPelacesDesembMPH_pf_preclas_ppelaces_ptallas_desvR_qrecl_qpela
 55.6168 26.0543 0.0146889 0.00131366 234.656 131.301 58.8506 0 13.628 7.42731e-05 0 0 0 0 0
q_reclas_q_pelaces
0.294866 1
M
0.7
N
 50782.2 15948.2 6004.89 714.808 0.333752
 65053.8 23169.2 5223.76 1966.88 234.242
 39191.1 30046.5 8059.75 1817.17 765.692
 63992.3 17458.4 8751.24 2347.45 752.274
 110050 31119.3 7822.45 3921.1 1388.87
 79231.9 54429.1 15150 3808.25 2585.08
 124943 37811.1 22232.1 6188.15 2611.41
 123140 60522.1 16619.1 9771.63 3867.66
 149451 58235.7 23646.4 6493.17 5328.96
 147974 70338.3 22219.9 9022.32 4510.75
 68804.5 70446.1 28392.2 8969.14 5462.66
 40753.4 31337.5 22878.8 9220.95 4687.02
 42507.4 18682.9 10509 7672.36 4664.01
 23458.2 18609.9 4996.85 2810.68 3299.43
 18444.8 9333.39 3111.72 835.515 1021.66
 22912.7 7445.44 1675.31 558.543 333.356
 19250.5 10482.1 2471.25 556.059 296.034
 20999.1 9019.54 3912.17 922.333 318.023
 21008.5 10027.7 3695.91 1603.08 508.258
 53386.9 10084.4 4215.01 1553.52 887.47
pred_Ctot
 2981.26 3998.41 1505.5 179.211 0.0836756
 3284.21 5093.14 1148.31 432.366 51.4919
 2919.55 9210.9 2470.75 557.061 234.727
 954.569 1234.14 618.626 165.942 53.1783
 318.94 439.893 110.576 55.4275 19.6327
 2227.09 7025.22 1955.43 491.534 333.66
 2208.52 3146.45 1850.04 514.946 217.308
 4231.72 9409.2 2583.72 1519.17 601.294
 5631.78 9849.92 3999.52 1098.25 901.334
 4406.66 9580.3 3026.43 1228.87 614.379
 4118.78 17960.3 7238.63 2286.69 1392.71
 2261.86 7484.05 5463.94 2202.16 1119.36
 3645.08 6421.71 3612.15 2637.15 1603.12
 3396.56 9432.38 2532.65 1424.59 1672.31
 2512.04 4537.07 1512.64 406.153 496.641
 1303.83 1817.06 408.86 136.313 81.3557
 784.612 1903.64 448.801 100.985 53.7625
 580.755 1146.66 497.36 117.257 40.4307
 505.182 1118.03 412.073 178.734 56.6678
 1318.98 1153.37 482.078 177.679 101.502
F
 0.0847232 0.416128 0.416128 0.416128 0.416128
 0.072469 0.35594 0.35594 0.35594 0.35594
 0.10863 0.533551 0.533551 0.533551 0.533551
 0.0209346 0.102823 0.102823 0.102823 0.102823
 0.00403706 0.0198285 0.0198285 0.0198285 0.0198285
 0.0397758 0.195364 0.195364 0.195364 0.195364
 0.0248498 0.122053 0.122053 0.122053 0.122053
 0.0488228 0.239799 0.239799 0.239799 0.239799
 0.0536502 0.263509 0.263509 0.263509 0.263509
 0.0421859 0.207201 0.207201 0.207201 0.207201
 0.0864557 0.424637 0.424637 0.424637 0.424637
 0.07993 0.392586 0.392586 0.392586 0.392586
 0.125987 0.618802 0.618802 0.618802 0.618802
 0.22162 1.08851 1.08851 1.08851 1.08851
 0.207182 1.0176 1.0176 1.0176 1.0176
 0.0820258 0.402879 0.402879 0.402879 0.402879
 0.0581421 0.285572 0.285572 0.285572 0.285572
 0.0391246 0.192165 0.192165 0.192165 0.192165
 0.0339407 0.166704 0.166704 0.166704 0.166704
 0.0348861 0.171347 0.171347 0.171347 0.171347
nmprior
 10 10 8 0
nm_flota  nm_reclas  nm_pelaces    nm_pelaL
inf 13.965 18.3949 18.3949
cv_recla  cv_pelaces  cv_mph
0.767388 0.721863 1.24317
 ------------------------------------------------
Talla a la edad & desviación 
 7.2 14.2025 17.0495 18.207 18.6776
 1.08 2.13037 2.55742 2.73105 2.80164
