years
 1997 1998 1999 2000 2001 2002 2003 2004 2005 2006 2007 2008 2009 2010 2011 2012 2013 2014 2015 2016 2017
reclasobs
 0 0 0 370054 412103 1.49427e+06 250295 1.28982e+06 931140 785840 897777 1.04006e+06 184774 17550 25797 100020 73551 82996 120727 218422 84188
reclaspred
 469458 121068 307759 224028 364947 427490 936833 636890 720454 720685 597836 419246 265059 111727 66691.5 61439.5 75000.6 100956 104720 135326 161293
pelacesobs
 0 0 0 0 0 0 0 0 0 2.06254e+06 1.5e+06 0 1.87456e+06 323000 250000 174000 83755 137374 0 501740 490994
pelacespred
 1.91144e+06 493983 706175 850556 1.19831e+06 1.27087e+06 2.84388e+06 2.41464e+06 2.34952e+06 2.43102e+06 1.8338e+06 1.35865e+06 794958 255095 140659 152947 198130 286366 319357 386311 541808
mphobs
 0 0 0 0 0 112323 0 153150 637223 0 255016 313432 73983 77613 109348 50772 0 0 0 0 0
mphpred
 175576 96670.1 107922 109537 131261 221404 317452 374804 321581 337257 346794 249300 160062 82879.5 34448.6 26491.7 30132.5 40693.5 51198.7 56249 74523.4
desembarqueobs
 350755 77701 442110 56441 14545 235359 269955 359681 431902 328805 639364 411747 362871 311530 167758 66681 60226 58785 57116 71774 51957
desembarquepred
 350760 77699.1 442084 56443 14545.2 235417 270004 359667 431936 328813 639313 411772 362945 311609 167584 66678.4 60252.8 58778.9 57101.3 71772.4 51962.7
Reclutas
 37023.2 45393.2 24398.4 39735.8 67642.6 48532.4 77944.2 80628.6 101482 117343 69761.9 47530.8 44391.2 23853.6 14245.8 13653.5 10664.5 12133.2 12477.4 17852.1 15640.1
log_desv_Rt
 0.0928947 0.296713 -0.324131 0.163605 0.695589 0.363582 0.837344 0.871204 1.10123 1.24646 0.726439 0.342729 0.274391 -0.346712 -0.862187 -0.904651 -1.15173 -1.0227 -0.994727 -0.636528 -0.768814
SSB
 475290 261690 292148 296520 355330 599349 859354 1.01461e+06 870532 912966 938783 674863 433294 224358 93253.8 71713.9 81569.9 110159 138597 152268 201738
BT
 1.59109e+06 394162 695320 547177 711603 836871 1.91752e+06 1.77525e+06 1.81341e+06 1.7275e+06 1.601e+06 1.12913e+06 817844 442867 230934 147274 168420 216240 222764 281794 345775
Ftot
 0.850477 0.783543 1.33956 0.27641 0.0472036 0.444972 0.279395 0.574544 0.651012 0.491345 0.93242 0.80794 1.24393 2.41905 2.86 1.2743 0.930178 0.626213 0.506205 0.541964 0.298473
BD_Bspro_t
 0.917077 0.652736 0.576999 0.403457 0.574878 0.745627 0.695138 0.7031 0.638133 0.604964 0.581942 0.428135 0.327629 0.22344 0.118959 0.114137 0.172566 0.285575 0.38968 0.47075 0.568873
BD_Bspro
 0.681921 0.375459 0.419159 0.425431 0.509809 0.859915 1.23296 1.45571 1.24899 1.30988 1.34692 0.968259 0.621668 0.321897 0.133796 0.102891 0.117032 0.15805 0.198851 0.218467 0.289443
BD_Bo
 0.500889 0.275784 0.307883 0.31249 0.374468 0.631629 0.905639 1.06925 0.917418 0.962138 0.989345 0.711211 0.456631 0.236442 0.0982763 0.0755764 0.0859632 0.116092 0.146061 0.160469 0.212603
BD_Brms
 1.42122 0.782511 0.873589 0.886661 1.06252 1.79219 2.56966 3.03391 2.60309 2.72997 2.80717 2.01799 1.29565 0.670881 0.27885 0.214441 0.243912 0.3294 0.414435 0.455316 0.603241
S_f
 0.122242 0.725731 0.980497 0.998954 0.999945
 0.122242 0.725731 0.980497 0.998954 0.999945
 0.122242 0.725731 0.980497 0.998954 0.999945
 0.122242 0.725731 0.980497 0.998954 0.999945
 0.122242 0.725731 0.980497 0.998954 0.999945
 0.122242 0.725731 0.980497 0.998954 0.999945
 0.122242 0.725731 0.980497 0.998954 0.999945
 0.122242 0.725731 0.980497 0.998954 0.999945
 0.122242 0.725731 0.980497 0.998954 0.999945
 0.122242 0.725731 0.980497 0.998954 0.999945
 0.122242 0.725731 0.980497 0.998954 0.999945
 0.122242 0.725731 0.980497 0.998954 0.999945
 0.122242 0.725731 0.980497 0.998954 0.999945
 0.122242 0.725731 0.980497 0.998954 0.999945
 0.122242 0.725731 0.980497 0.998954 0.999945
 0.122242 0.725731 0.980497 0.998954 0.999945
 0.122242 0.725731 0.980497 0.998954 0.999945
 0.122242 0.725731 0.980497 0.998954 0.999945
 0.122242 0.725731 0.980497 0.998954 0.999945
 0.122242 0.725731 0.980497 0.998954 0.999945
 0.122242 0.725731 0.980497 0.998954 0.999945
Scru_reclas
 0.955042 0.999423 0.999993 1 1
 0.955042 0.999423 0.999993 1 1
 0.955042 0.999423 0.999993 1 1
 0.955042 0.999423 0.999993 1 1
 0.955042 0.999423 0.999993 1 1
 0.955042 0.999423 0.999993 1 1
 0.955042 0.999423 0.999993 1 1
 0.955042 0.999423 0.999993 1 1
 0.955042 0.999423 0.999993 1 1
 0.955042 0.999423 0.999993 1 1
 0.955042 0.999423 0.999993 1 1
 0.955042 0.999423 0.999993 1 1
 0.955042 0.999423 0.999993 1 1
 0.955042 0.999423 0.999993 1 1
 0.955042 0.999423 0.999993 1 1
 0.955042 0.999423 0.999993 1 1
 0.955042 0.999423 0.999993 1 1
 0.955042 0.999423 0.999993 1 1
 0.955042 0.999423 0.999993 1 1
 0.955042 0.999423 0.999993 1 1
 0.955042 0.999423 0.999993 1 1
Scru_pelaces
 0.61372 1 1 1 1
 0.61372 1 1 1 1
 0.61372 1 1 1 1
 0.61372 1 1 1 1
 0.61372 1 1 1 1
 0.61372 1 1 1 1
 0.61372 1 1 1 1
 0.61372 1 1 1 1
 0.61372 1 1 1 1
 0.61372 1 1 1 1
 0.61372 1 1 1 1
 0.61372 1 1 1 1
 0.61372 1 1 1 1
 0.61372 1 1 1 1
 0.61372 1 1 1 1
 0.61372 1 1 1 1
 0.61372 1 1 1 1
 0.61372 1 1 1 1
 0.61372 1 1 1 1
 0.61372 1 1 1 1
 0.61372 1 1 1 1
pf_obs 
 0.256992 0.487395 0.22802 0.0275931 0
 0.321318 0.546541 0.124235 0.00734118 0.000564706
 0.182869 0.594174 0.210203 0.0122559 0.00049798
 0.330522 0.361315 0.267642 0.0388342 0.00168674
 0.649043 0.306663 0.0425973 0.00169635 0
 0.582887 0.30429 0.105238 0.00758474 0
 0.465427 0.430635 0.0974691 0.00646863 0
 0.296916 0.608066 0.0921331 0.00288517 0
 0.311714 0.524322 0.152257 0.0117073 0
 0.15457 0.633149 0.183074 0.0267441 0.00246327
 0.131901 0.49318 0.331252 0.0422183 0.00144891
 0.196976 0.569456 0.194076 0.0375587 0.00193317
 0.518974 0.381816 0.0799577 0.0180837 0.00116848
 0.0928022 0.601141 0.25162 0.0475244 0.00691264
 0.122501 0.610282 0.24278 0.0234846 0.000952079
 0.383417 0.481906 0.127806 0.00687128 0
 0.0376549 0.599619 0.316969 0.0457579 0
 0.0361596 0.667082 0.258105 0.0386534 0
 0.158088 0.579412 0.248529 0.0139706 0
 0.0477256 0.309471 0.559284 0.082774 0.000745712
 0.0406174 0.521527 0.379366 0.0568643 0.0016247
pf_pred 
 0.314333 0.469951 0.192669 0.0230364 1.13808e-05
 0.301217 0.53632 0.124931 0.03362 0.00391171
 0.17255 0.62374 0.169861 0.0261916 0.00765724
 0.305937 0.437423 0.214571 0.035277 0.0067916
 0.298837 0.494108 0.145483 0.0516538 0.00991849
 0.157954 0.575405 0.203368 0.0447013 0.0185722
 0.244347 0.394918 0.272369 0.067763 0.0206033
 0.216475 0.514981 0.162267 0.0806565 0.0256204
 0.256928 0.475664 0.197321 0.0427614 0.0273255
 0.25073 0.520415 0.165872 0.046787 0.0161966
 0.154662 0.573253 0.20865 0.0462756 0.0171592
 0.154922 0.488632 0.273121 0.0643303 0.0189948
 0.216275 0.457931 0.220423 0.0812568 0.0241135
 0.209029 0.579111 0.148355 0.0434313 0.0200739
 0.287046 0.575191 0.117385 0.0144882 0.00589013
 0.353569 0.563936 0.0746809 0.00671452 0.00109951
 0.241041 0.618264 0.129228 0.0104125 0.00105345
 0.258867 0.510674 0.200899 0.0272146 0.00234597
 0.228541 0.533033 0.182408 0.0489869 0.00703017
 0.276546 0.466342 0.196337 0.0467527 0.0140225
 0.194128 0.565627 0.174096 0.0507984 0.0153501
pobs_RECLAS
 0 0 0 0 0
 0 0 0 0 0
 0 0 0 0 0
 0 0 0 0 0
 0.835266 0.146461 0.0176864 0.000547809 3.91292e-05
 0.385257 0.428462 0.181853 0.0044286 0
 0.867414 0.0963971 0.0333333 0.00285562 0
 0.441836 0.489002 0.0689373 0.000224442 0
 0.779404 0.147425 0.0564933 0.0165055 0.000172143
 0.814271 0.122319 0.05973 0.00367925 0
 0.40263 0.566651 0.0304383 0.000280538 0
 0.475488 0.404961 0.113038 0.00651328 0
 0.955842 0.0263864 0.0167828 0.000988607 0
 0.975058 0.0227948 0.00214734 0 0
 0.738997 0.206755 0.0527124 0.00153531 0
 0.850938 0.134255 0.0134407 0.00136685 0
 0.542534 0.407297 0.0501686 0 0
 0.764087 0.199537 0.0359546 0.000420521 0
 0.470689 0.182191 0.310203 0.0369168 0
 0.84361 0.089868 0.0606195 0.00523954 0.000663233
 0.607945 0.314616 0.071237 0.00620181 0
ppred_RECLAS
 0.748804 0.188747 0.0558984 0.00654732 3.23106e-06
 0.731302 0.220531 0.0372137 0.00981269 0.00114048
 0.581097 0.340767 0.0653979 0.00985911 0.00287889
 0.737153 0.183704 0.0663765 0.0107068 0.00205922
 0.72428 0.210732 0.0459175 0.016001 0.00306944
 0.542717 0.341716 0.0885536 0.0190904 0.00792335
 0.680144 0.191572 0.0973143 0.023754 0.00721508
 0.640029 0.261271 0.0601097 0.0292944 0.00929557
 0.692041 0.218846 0.0661063 0.0140429 0.00896422
 0.679142 0.243031 0.0567144 0.0156881 0.00542522
 0.545709 0.339037 0.0888171 0.0192915 0.00714542
 0.551416 0.29408 0.118956 0.0274517 0.00809682
 0.658041 0.227902 0.077725 0.0280255 0.00830695
 0.66886 0.267764 0.0447641 0.0127346 0.00587694
 0.761025 0.20786 0.0266368 0.00318512 0.00129271
 0.776949 0.202176 0.018938 0.00166522 0.000272358
 0.666521 0.28661 0.0431218 0.00340277 0.000343882
 0.690517 0.233031 0.0668149 0.0088729 0.00076406
 0.652444 0.26214 0.0656488 0.017289 0.00247858
 0.711136 0.206165 0.0634463 0.0148142 0.00443857
 0.600556 0.304677 0.0690378 0.0197631 0.00596592
pobs_PELACES
 0 0 0 0 0
 0 0 0 0 0
 0 0 0 0 0
 0 0 0 0 0
 0 0 0 0 0
 0 0 0 0 0
 0 0 0 0 0
 0 0 0 0 0
 0 0 0 0 0
 0 0 0 0 0
 0.450072 0.473896 0.0757376 0.000293798 0
 0 0 0 0 0
 0.463077 0.371075 0.160297 0.00555027 0
 0.529543 0.364841 0.0842815 0.0213345 0
 0.631943 0.363953 0.00410389 0 0
 0.735681 0.248677 0.0153453 0.000297389 0
 0.695825 0.281241 0.0229344 0 0
 0.275771 0.60734 0.115278 0.00161068 0
 0 0 0 0 0
 0.896147 0.0623911 0.0374545 0.00400742 0
 0.803859 0.145111 0.0509908 3.86294e-05 0
ppred_PELACES
 0.697704 0.231168 0.0637011 0.00742263 3.66201e-06
 0.673985 0.270743 0.0427498 0.0112187 0.00130356
 0.542808 0.379576 0.06505 0.0097269 0.00283904
 0.657161 0.24134 0.0851499 0.0137119 0.00263693
 0.630297 0.282871 0.0613572 0.0213751 0.00410027
 0.456791 0.409851 0.102252 0.0219837 0.00912288
 0.593156 0.246058 0.122021 0.0297339 0.00903059
 0.564796 0.320179 0.070149 0.0340674 0.0108081
 0.625396 0.270494 0.0773117 0.0163582 0.0104399
 0.602305 0.304315 0.0681033 0.018782 0.0064941
 0.486506 0.39087 0.0946213 0.0204356 0.0075669
 0.486989 0.344293 0.130047 0.0298638 0.00880594
 0.621078 0.26143 0.0802606 0.0287212 0.00850969
 0.68539 0.263896 0.035978 0.0100854 0.00465065
 0.788121 0.189629 0.019096 0.00224398 0.000909887
 0.744335 0.233987 0.0196798 0.00171706 0.00028072
 0.609619 0.339146 0.0471609 0.00370044 0.000373851
 0.621861 0.288453 0.078419 0.0103742 0.000893156
 0.574055 0.324687 0.0778804 0.020447 0.00293083
 0.640896 0.259703 0.0763191 0.0177611 0.00532055
 0.507644 0.377861 0.0834515 0.0238457 0.00719764
pobs_pel_tallas
 0 0 0 0 0 0 0 0 0 0 0 0 0 0 0 0 0 0 0 0 0 0 0 0 0 0 0 0 0 0 0 0 0 0 0 0
 0 0 0 0 0 0 0 0 0 0 0 0 0 0 0 0 0 0 0 0 0 0 0 0 0 0 0 0 0 0 0 0 0 0 0 0
 0 0 0 0 0 0 0 0 0 0 0 0 0 0 0 0 0 0 0 0 0 0 0 0 0 0 0 0 0 0 0 0 0 0 0 0
 0 0 0 0 0 0 0 0 0 0 0 0 0 0 0 0 0 0 0 0 0 0 0 0 0 0 0 0 0 0 0 0 0 0 0 0
 0 0 0 0 0 0 0 0 0 0 0 0 0 0 0 0 0 0 0 0 0 0 0 0 0 0 0 0 0 0 0 0 0 0 0 0
 0 0 0 0 0 0 0 0 0 0 0 0 0 0 0 0 0 0 0 0 0 0 0 0 0 0 0 0 0 0 0 0 0 0 0 0
 0 0 0 0 0 0 0 0 0 0 0 0 0 0 0 0 0 0 0 0 0 0 0 0 0 0 0 0 0 0 0 0 0 0 0 0
 0 0 0 0 0 0 0 0 0 0 0 0 0 0 0 0 0 0 0 0 0 0 0 0 0 0 0 0 0 0 0 0 0 0 0 0
 0 0 0 0 0 0 0 0 0 0 0 0 0 0 0 0 0 0 0 0 0 0 0 0 0 0 0 0 0 0 0 0 0 0 0 0
 0 0 0 0 0 0 0 0 0 0 0 0 0 0 0 0 0 0 0 0 0 0 0 0 0 0 0 0 0 0 0 0 0 0 0 0
 0 0 0 0 0 0 0 0 1.78061e-05 0.00172719 0.00360574 0.0105946 0.0120993 0.0124554 0.0147524 0.0171206 0.0266825 0.0428682 0.0675386 0.121331 0.153587 0.119568 0.100827 0.0573624 0.0630603 0.0341343 0.0324427 0.0444173 0.0211091 0.0280891 0.0125444 0.00206551 0 0 0 0
 0 0 0 0 0 0 0 0 0 0 0 0 0 0 0 0 0 0 0 0 0 0 0 0 0 0 0 0 0 0 0 0 0 0 0 0
 0 0 0 0 0 0 0.0133647 0.0140871 0.0187388 0.0205184 0.03894 0.0496705 0.03968 0.0493445 0.0407372 0.0367815 0.0215668 0.0243155 0.0234873 0.0199281 0.019796 0.0243948 0.0301388 0.0376714 0.0412746 0.0863199 0.0771752 0.113111 0.0741005 0.0525337 0.0229764 0.00759418 0.00175318 0 0 0
 0 0 0 0 0 0 0 0 0 0 0.00219441 0.00772107 0.0458388 0.0604681 0.0671733 0.0775358 0.0609151 0.0617685 0.073594 0.0568108 0.0755445 0.0548602 0.0670107 0.0636378 0.0643287 0.046367 0.0373049 0.0286899 0.0247887 0.0153202 0.00654259 0.00121912 0.000365735 0 0 0
 0 0 0 0 0 0 0 0 0 0 0 0 0.000112435 0.00938835 0.0111873 0.0202946 0.0414886 0.0713402 0.111592 0.104902 0.108894 0.110636 0.117776 0.105296 0.107544 0.0401394 0.0192827 0.0124803 0.00416011 0.0028671 0.000618394 0 0 0 0 0
 0 0 0 0 0 0 0 0 0 0 0.00291406 0.0102884 0.027416 0.0768956 0.0749926 0.110853 0.0956884 0.0897413 0.0766577 0.0534642 0.0500743 0.0551293 0.0594112 0.0620874 0.0668451 0.0424026 0.0208742 0.0120726 0.0048766 0.00582813 0.00118941 0.000297354 0 0 0 0
 0 0.00264628 0.0354308 0.0461629 0.0458689 0.0383711 0.0214643 0.0164657 0.0346957 0.0420465 0.0363128 0.0245516 0.0311673 0.0291091 0.0169068 0.0133784 0.00837989 0.0085269 0.0148486 0.0160247 0.0276389 0.0546898 0.0760071 0.122758 0.109233 0.0665981 0.0333725 0.0166128 0.00676272 0.00308733 0.000882094 0 0 0 0 0
 0 0 0 0 0 0 0 0.000805153 0.000690131 0.00759144 0.0133425 0.0154129 0.00931677 0.000345066 0.00356568 0.00563607 0.00851162 0.0253048 0.0502646 0.0516448 0.0657925 0.0565908 0.0611916 0.0827007 0.0866115 0.110766 0.145733 0.0935128 0.0569358 0.0249597 0.0138026 0.00621118 0.00161031 0.00115022 0 0
 0 0 0 0 0 0 0 0 0 0 0 0 0 0 0 0 0 0 0 0 0 0 0 0 0 0 0 0 0 0 0 0 0 0 0 0
 0.00147267 0.00158595 0.00478618 0.00569244 0.00954404 0.0108468 0.00647125 0.017049 0.0510054 0.094081 0.124002 0.0959785 0.0687766 0.0820023 0.061753 0.0591476 0.0492212 0.0479892 0.0443925 0.0268479 0.0217502 0.0140895 0.0121071 0.0120363 0.00920419 0.00665534 0.0049561 0.00860946 0.00930331 0.0156896 0.0114698 0.00855282 0.00243557 0.00046729 0 2.83206e-05
 0 0 0 0 0.000772559 0.00158375 0.000888443 0.00281984 0.00712685 0.0440552 0.0773331 0.111326 0.0921469 0.0852325 0.0710754 0.0886704 0.0786465 0.0553345 0.0373146 0.0185414 0.00753245 0.00457741 0.012979 0.0271748 0.0457355 0.0583668 0.034881 0.0177882 0.00938659 0.00492506 0.0015258 0.00185414 0.000309023 5.79419e-05 3.86279e-05 0
ppred_pel_tallas
 1.01235e-16 3.04453e-05 0.000178681 0.000849348 0.00327 0.0101972 0.0257573 0.0527035 0.0873641 0.117334 0.1277 0.112681 0.0807489 0.0473038 0.0232904 0.0108271 0.0066231 0.00678776 0.00892191 0.0119345 0.0153127 0.0186752 0.0216402 0.0238485 0.0250333 0.0250783 0.0240409 0.0221284 0.0196394 0.0168912 0.0141563 0.0116245 0.00939684 0.00750109 0.0059189 0.00461166
 1.01142e-16 2.94126e-05 0.000172614 0.0008205 0.00315892 0.00985075 0.0248823 0.0509135 0.0843982 0.113355 0.12338 0.108894 0.0780912 0.0458588 0.0227866 0.0109399 0.00715739 0.00769087 0.0102186 0.0136617 0.0174768 0.0212281 0.0244707 0.02679 0.0278857 0.0276404 0.0261453 0.0236697 0.0205881 0.0172911 0.0141073 0.011258 0.00884869 0.00689075 0.00533632 0.00411313
 1.01514e-16 2.36971e-05 0.000139049 0.000660905 0.0025444 0.00793437 0.0200419 0.0410104 0.0679869 0.0913277 0.0994437 0.0878616 0.0632109 0.0375291 0.0194069 0.0105809 0.00857708 0.0104278 0.0142679 0.0191638 0.024532 0.0298034 0.0343613 0.0376243 0.0391695 0.0388304 0.036733 0.0332528 0.0289147 0.0242666 0.0197712 0.0157416 0.0123295 0.00955448 0.00735243 0.00562397
 1.01882e-16 2.86779e-05 0.000168303 0.000800011 0.00308004 0.00960478 0.024261 0.049642 0.0822899 0.110522 0.120292 0.10616 0.0761093 0.0446539 0.022113 0.0104953 0.00671566 0.00712173 0.0094605 0.0127015 0.0163472 0.0200116 0.0232996 0.0258348 0.0273316 0.027656 0.0268503 0.0251096 0.0227241 0.0200053 0.0172232 0.0145696 0.0121518 0.0100089 0.00813819 0.00651945
 1.0189e-16 2.75081e-05 0.000161432 0.000767335 0.00295422 0.00921239 0.0232699 0.0476145 0.0789305 0.106014 0.115398 0.101868 0.0730932 0.0430062 0.0215229 0.0105907 0.00726978 0.00806883 0.010823 0.0145179 0.0186249 0.0227017 0.0262879 0.0289494 0.0303661 0.0304034 0.0291391 0.0268328 0.023853 0.0205865 0.01736 0.0143956 0.0118034 0.00960343 0.00776121 0.0062213
 1.02767e-16 1.99477e-05 0.000117034 0.000556234 0.00214138 0.00667756 0.0168673 0.0345152 0.0572222 0.076876 0.0837308 0.0740337 0.0533821 0.0319341 0.0169568 0.00995651 0.00889781 0.0113197 0.0156649 0.0211225 0.0271309 0.0330979 0.0383644 0.0423003 0.0444372 0.0445735 0.0428138 0.0395263 0.035238 0.0305049 0.0257999 0.0214474 0.0176134 0.0143353 0.0115724 0.00925263
 1.03256e-16 2.58873e-05 0.000151919 0.000722117 0.00278013 0.00866951 0.0218986 0.0448084 0.0742785 0.0997649 0.108593 0.0958547 0.0687649 0.040433 0.0201882 0.00986184 0.00668929 0.0073932 0.00995331 0.0134423 0.0173996 0.0214501 0.0251977 0.0282562 0.0303214 0.0312319 0.0309956 0.0297683 0.0278005 0.025368 0.0227146 0.0200192 0.0173922 0.0148913 0.0125456 0.0103746
 1.02776e-16 2.46535e-05 0.000144669 0.000687636 0.00264734 0.00825541 0.0208527 0.042669 0.0707344 0.095012 0.103438 0.0913502 0.0656321 0.0387891 0.0197333 0.0102413 0.0077106 0.00903676 0.0122855 0.0165257 0.0212284 0.0259122 0.030062 0.0331888 0.0349303 0.0351317 0.0338752 0.031446 0.0282497 0.0247111 0.021187 0.0179175 0.0150193 0.0125118 0.0103577 0.00850075
 1.02236e-16 2.7294e-05 0.000160176 0.000761365 0.00293123 0.00914073 0.0230889 0.047244 0.078316 0.105188 0.114497 0.101068 0.0725094 0.0426429 0.0213051 0.0104253 0.0070848 0.00781973 0.0104861 0.014086 0.0181086 0.022132 0.0257167 0.0284452 0.030005 0.0302563 0.0292587 0.0272435 0.0245461 0.021522 0.0184742 0.0156119 0.0130444 0.0108007 0.00886184 0.00719098
 1.02015e-16 2.62884e-05 0.000154269 0.000733279 0.00282308 0.00880346 0.022237 0.0455012 0.0754284 0.101313 0.110289 0.0973785 0.069915 0.0412231 0.0207918 0.0104977 0.00754701 0.00861489 0.0116343 0.0156231 0.020046 0.0244352 0.0282964 0.0311624 0.0326883 0.0327286 0.0313666 0.028881 0.0256685 0.0221455 0.0186643 0.015465 0.0126671 0.0102933 0.00830726 0.00664963
 1.02527e-16 2.12426e-05 0.000124638 0.00059239 0.00228059 0.0071117 0.0179639 0.0367588 0.0609403 0.0818669 0.0891555 0.0788033 0.0567629 0.0338396 0.0177549 0.010092 0.00866123 0.0108256 0.0149233 0.0201067 0.0258167 0.0314823 0.0364737 0.0401899 0.0421853 0.0422694 0.0405448 0.0373661 0.0332393 0.028698 0.0241956 0.0200429 0.0163981 0.0132957 0.0106943 0.00852222
 1.03396e-16 2.12619e-05 0.000124755 0.000592956 0.00228279 0.00711855 0.0179812 0.0367938 0.060997 0.0819394 0.0892245 0.0788407 0.0567388 0.0337233 0.017509 0.00966422 0.00798377 0.0098228 0.0135282 0.0182833 0.0235831 0.0289289 0.0337691 0.0375684 0.0399165 0.040615 0.0397122 0.0374712 0.0342876 0.0305882 0.0267425 0.0230131 0.0195484 0.0164062 0.0135912 0.0110882
 1.0261e-16 2.71053e-05 0.000159069 0.000756105 0.00291099 0.00907758 0.0229294 0.0469176 0.0777747 0.104461 0.113703 0.100364 0.0719971 0.0423269 0.0211202 0.010291 0.00693905 0.00762444 0.0102205 0.0137426 0.0176931 0.021666 0.0252384 0.0280071 0.0296675 0.030079 0.0292903 0.0275133 0.0250589 0.0222578 0.0193915 0.016655 0.0141508 0.0119097 0.00992055 0.00815845
 1.01161e-16 2.99096e-05 0.000175533 0.000834376 0.00321235 0.0100174 0.0253032 0.0517745 0.0858252 0.11527 0.125462 0.110725 0.0793889 0.0465905 0.0230936 0.0109929 0.00706766 0.00750205 0.0099337 0.0132691 0.0169653 0.020594 0.0237216 0.0259451 0.0269742 0.0266981 0.0252095 0.0227751 0.0197635 0.0165574 0.0134776 0.0107376 0.00843681 0.0065814 0.00511942 0.00397559
 1.00453e-16 3.43861e-05 0.000201821 0.000959367 0.00369362 0.0115182 0.0290941 0.0595305 0.0986785 0.132523 0.144212 0.127207 0.0910621 0.0531508 0.0258056 0.0113827 0.00612693 0.0056129 0.00711893 0.00943079 0.012024 0.0145574 0.0167118 0.0181972 0.0188072 0.0184672 0.0172519 0.0153626 0.0130752 0.0106752 0.00840152 0.0064132 0.00478308 0.00351283 0.00255883 0.00185808
 1.00428e-16 3.24787e-05 0.000190618 0.0009061 0.00348851 0.0108786 0.0274785 0.0562252 0.0932012 0.125172 0.136225 0.120193 0.0861089 0.0503959 0.0247223 0.0113372 0.00671715 0.0066982 0.00870919 0.0115789 0.0147601 0.0178546 0.0204727 0.0222572 0.0229551 0.0224769 0.0209186 0.0185328 0.0156647 0.0126706 0.00984841 0.00739592 0.00540265 0.00386865 0.00273676 0.00192507
 1.00925e-16 2.66087e-05 0.000156146 0.000742196 0.00285741 0.00891048 0.0225074 0.0460547 0.0763466 0.102549 0.111641 0.0985872 0.0708159 0.0418204 0.0212143 0.0109069 0.00807876 0.00936663 0.0126698 0.0169708 0.0216891 0.0262997 0.0302476 0.0330137 0.0342243 0.0337383 0.0316793 0.0283964 0.0243727 0.0201113 0.0160354 0.0124301 0.00943095 0.00704982 0.00521964 0.003839
 1.01606e-16 2.71406e-05 0.000159273 0.000757072 0.0029147 0.00908915 0.0229586 0.0469776 0.077875 0.104597 0.113858 0.100515 0.0721356 0.0424693 0.0213038 0.0105653 0.00735884 0.00824412 0.0110871 0.0148844 0.0191067 0.0233046 0.0270065 0.0297656 0.0312494 0.0313132 0.0300289 0.027655 0.0245638 0.0211505 0.0177536 0.0146089 0.011841 0.00948328 0.00751214 0.00587912
 1.02051e-16 2.50575e-05 0.00014704 0.000698908 0.00269074 0.00839073 0.0211945 0.0433684 0.0718938 0.0965692 0.105133 0.0928465 0.0667055 0.0394202 0.0200482 0.0103944 0.00781235 0.00914528 0.0124254 0.0167041 0.0214414 0.026145 0.0302886 0.0333723 0.0350259 0.0350911 0.0336534 0.0310071 0.0275729 0.0237941 0.0200475 0.0165917 0.0135585 0.0109768 0.00881285 0.00700732
 1.02027e-16 2.79694e-05 0.000164142 0.000780224 0.00300385 0.00936718 0.0236609 0.0484142 0.0802554 0.107791 0.117326 0.103556 0.0742717 0.0436347 0.0217178 0.0104901 0.0069524 0.00754931 0.0100827 0.0135363 0.0174017 0.0212694 0.0247161 0.0273401 0.0288399 0.02908 0.0281165 0.0261701 0.0235626 0.0206354 0.017681 0.0149024 0.0124071 0.010226 0.00834369 0.00672653
 1.02464e-16 2.21638e-05 0.000130047 0.000618108 0.00237962 0.00742052 0.0187439 0.0383547 0.0635851 0.0854171 0.0930142 0.0821961 0.0591679 0.0351953 0.0183232 0.010189 0.00849348 0.010474 0.0143939 0.0193789 0.0248709 0.0303137 0.0350981 0.0386448 0.040526 0.0405616 0.0388558 0.035756 0.0317556 0.0273727 0.0230456 0.0190725 0.015602 0.0126618 0.010206 0.0081599
pSPR Fmed_Fpbrs
0.504584   0.402435 0.402435
Fs Fmed_Fpbrs
0.646407   1.005 1.005
SSBpbr Bo_Bmed_Bpbrs
948893  431352  334423 334423
Ro
33738.8
SPR SPRFo_SPRFmed_SPRFpbrs
696986 351688 280492
log_Ro
10.2464
likeval ReclasPelacesDesembMPH_pf_preclas_ppelaces_ptallas_desvR_qrecl_qpela
 58.5771 14.2521 0.00797546 0.000211666 241.629 133.756 63.0574 0 16.4328 1.89118e-05 8.87732e-05 0 0 0 0
q_reclas_q_pelaces
0.539972 3.8208
M
0.7
N
 37023.2 11526.8 3802.18 448.85 0.221598
 45393.2 16569.8 3087.81 820.11 95.3539
 24398.4 20482.7 4659.64 711.2 207.81
 39735.8 10285.8 3847.5 622.2 119.682
 67642.6 19076.6 4179.41 1457.04 279.507
 48532.4 33397.1 9154.16 1981.56 822.616
 77944.2 22824.5 12007.6 2938.54 892.682
 80628.6 37406.3 9254.14 4533.94 1439.1
 101482 37323.4 12242 2616.22 1670.59
 117343 46539.5 11555.5 3210.93 1110.67
 69761.9 54874.2 16179.1 3544.51 1313.47
 47530.8 30910.9 13851 3220.32 950.208
 44391.2 21383.4 8540 3114.83 923.823
 23853.6 18934.4 4305.35 1252.44 578.685
 14245.8 8813 1624.83 199.485 81.0777
 13653.5 4987.08 549.162 48.8587 7.99623
 10664.5 5802.13 982.211 78.1745 7.9039
 12133.2 4726.64 1466.92 195.932 16.8773
 12477.4 5581.17 1489.96 394.225 56.531
 17852.1 5824.33 1919.43 450.417 134.988
 15640.1 8296.8 1951.74 560.254 169.15
pred_Ctot
 2644.91 3954.33 1621.18 193.836 0.0957619
 2998.27 5338.46 1243.55 334.649 38.9366
 2675.46 9671.36 2633.76 406.113 118.729
 951.295 1360.14 667.197 109.692 21.1181
 279.985 462.938 136.306 48.3953 9.29281
 1853.61 6752.47 2386.56 524.578 217.947
 1885.88 3047.98 2102.14 522.996 159.017
 3948.76 9393.86 2959.93 1471.27 467.347
 5608.62 10383.5 4307.42 933.462 596.502
 4936.54 10246.3 3265.79 921.173 318.889
 5440.26 20164.2 7339.28 1627.75 603.577
 3233.02 10197.2 5699.71 1342.5 396.398
 4543.05 9619.23 4630.17 1706.87 506.524
 4466.82 12375.2 3170.24 928.099 428.967
 3083.95 6179.71 1261.15 155.657 63.2821
 1429.16 2279.48 301.867 27.1407 4.44432
 829.751 2128.29 444.85 35.8435 3.62635
 645.877 1274.14 501.245 67.9008 5.85324
 540.362 1260.3 431.285 115.824 16.6221
 826.158 1393.15 586.538 139.67 41.891
 403.839 1176.66 362.167 105.674 31.9324
F
 0.103964 0.617217 0.83389 0.849588 0.85043
 0.0957817 0.568641 0.768262 0.782724 0.7835
 0.16375 0.972157 1.31343 1.33816 1.33948
 0.0337888 0.200599 0.271019 0.276121 0.276394
 0.00577025 0.0342571 0.046283 0.0471542 0.047201
 0.0543942 0.32293 0.436294 0.444507 0.444948
 0.0341538 0.202766 0.273946 0.279103 0.27938
 0.0702332 0.416964 0.563339 0.573943 0.574512
 0.0795808 0.472459 0.638315 0.650331 0.650976
 0.0600628 0.356584 0.481762 0.490831 0.491318
 0.113981 0.676686 0.914235 0.931445 0.932369
 0.098764 0.586347 0.792183 0.807095 0.807896
 0.15206 0.902755 1.21967 1.24263 1.24386
 0.295709 1.75558 2.37187 2.41652 2.41892
 0.349611 2.07559 2.80422 2.85701 2.85984
 0.155773 0.9248 1.24945 1.27297 1.27423
 0.113707 0.675059 0.912037 0.929205 0.930127
 0.0765494 0.454462 0.614 0.625558 0.626179
 0.0618793 0.367368 0.496332 0.505675 0.506177
 0.0662506 0.39332 0.531394 0.541397 0.541934
 0.0364858 0.216611 0.292652 0.298161 0.298456
nmprior
 10 10 8 0
nm_flota  nm_reclas  nm_pelaces    nm_pelaL
inf 21.1036 17.6636 17.6636
cv_recla  cv_pelaces  cv_mph
0.765357 0.506495 0.484958
 ------------------------------------------------
Talla a la edad & desviación 
 7.2 14.2025 17.0495 18.207 18.6776
 1.08 2.13037 2.55742 2.73105 2.80164
