years
 1997 1998 1999 2000 2001 2002 2003 2004 2005 2006 2007 2008 2009 2010 2011 2012 2013 2014 2015 2016 2017 2018
reclasobs
 0 0 0 370054 412103 1.49427e+06 250295 1.28982e+06 931140 785840 897777 1.04006e+06 184774 17550 25797 100020 73551 82996 120727 218422 84188 347160
reclaspred
 3.46256e+06 595893 1.68808e+06 1.06041e+06 1.00488e+06 1.07714e+06 1.78175e+06 928131 779356 574746 381719 272354 226867 209065 380155 624392 859123 1.296e+06 1.36287e+06 1.46989e+06 1.51855e+06 1.10942e+06
pelacesobs
 0 0 0 0 0 0 0 0 0 2.06254e+06 1.5e+06 0 1.87456e+06 323000 250000 174000 83755 137374 0 501740 490994 745055
pelacespred
 1.89856e+06 733449 682570 783346 636121 559386 859861 645458 430181 321741 159526 124016 103395 87392.4 188819 333139 484093 709272 813624 851371 931640 740063
mphobs
 0 0 0 0 0 112323 0 153150 637223 0 255016 313432 73983 77613 109348 50772 0 0 0 0 0 0
mphpred
 2.56081e+06 1.23688e+06 952750 1.17067e+06 915013 962269 1.2164e+06 1.1328e+06 758233 577337 429412 252699 207841 178615 232603 470958 655607 999883 1.22412e+06 1.26877e+06 1.34921e+06 1.16675e+06
desembarqueobs
 350755 77701 442110 56441 14545 235359 269955 359681 431902 328805 639364 411747 362871 311530 167758 66681 60226 58785 57116 71774 51957 67425
desembarquepred
 350795 77713.7 442311 56446.7 14545.1 235322 269806 358699 429761 326772 632389 410393 362556 312839 168152 66732.8 60261.4 58804.3 57130.5 71793.8 51963.1 67428
Reclutas
 63240.2 63240.2 63240.2 63240.2 63240.2 63240.2 63240.2 63240.2 63240.2 63240.2 63240.2 63240.2 63240.2 63240.2 63240.2 63240.2 63240.2 63240.2 63240.2 63240.2 63240.2 63240.2
log_desv_Rt
 0 0 0 0 0 0 0 0 0 0 0 0 0 0 0 0 0 0 0 0 0 0
SSB
 2.56081e+06 1.23688e+06 952750 1.17067e+06 915013 962269 1.2164e+06 1.1328e+06 758233 577337 429412 252699 207841 178615 232603 470958 655607 999883 1.22412e+06 1.26877e+06 1.34921e+06 1.16675e+06
BT
 4.63544e+06 1.51071e+06 1.92145e+06 1.64476e+06 1.31733e+06 1.27796e+06 2.1399e+06 1.777e+06 1.39208e+06 1.0481e+06 976636 728546 637137 512260 656095 788394 1.1372e+06 1.56077e+06 1.66966e+06 1.78194e+06 1.96819e+06 1.48241e+06
Ftot
 0.0987061 0.126857 0.252823 0.0520108 0.0141724 0.21129 0.147122 0.369891 0.521733 0.537574 1.43105 1.33396 1.40981 1.33087 0.423752 0.104139 0.0684862 0.0443548 0.0409828 0.0477339 0.0334689 0.0593543
BD_Bspro_t
 0.985024 0.900355 0.831562 0.734619 0.788763 0.836069 0.767213 0.730082 0.608693 0.492807 0.391213 0.22171 0.188251 0.17737 0.22283 0.393554 0.557225 0.733147 0.818301 0.862837 0.887408 0.904805
BD_Bspro
 1.9613 0.947317 0.729705 0.896605 0.700803 0.736996 0.931635 0.867604 0.580726 0.442179 0.328884 0.19354 0.159184 0.1368 0.178149 0.360703 0.502125 0.765804 0.937547 0.971744 1.03335 0.893604
BD_Bo
 1.89163 0.913662 0.703781 0.864751 0.675905 0.710813 0.898537 0.836781 0.560094 0.42647 0.3172 0.186664 0.153529 0.13194 0.17182 0.347889 0.484286 0.738597 0.904239 0.937221 0.996639 0.861857
BD_Brms
 9.09741 4.39408 3.3847 4.15885 3.25064 3.41852 4.32134 4.02434 2.69367 2.05102 1.52551 0.897726 0.738368 0.634539 0.826334 1.6731 2.32908 3.55214 4.34876 4.50738 4.79314 4.14493
S_f
 0.5 1 1 1 1
 0.5 1 1 1 1
 0.5 1 1 1 1
 0.5 1 1 1 1
 0.5 1 1 1 1
 0.5 1 1 1 1
 0.5 1 1 1 1
 0.5 1 1 1 1
 0.5 1 1 1 1
 0.5 1 1 1 1
 0.5 1 1 1 1
 0.5 1 1 1 1
 0.5 1 1 1 1
 0.5 1 1 1 1
 0.5 1 1 1 1
 0.5 1 1 1 1
 0.5 1 1 1 1
 0.5 1 1 1 1
 0.5 1 1 1 1
 0.5 1 1 1 1
 0.5 1 1 1 1
 0.5 1 1 1 1
Scru_reclas
 0.5 1 1 1 1
 0.5 1 1 1 1
 0.5 1 1 1 1
 0.5 1 1 1 1
 0.5 1 1 1 1
 0.5 1 1 1 1
 0.5 1 1 1 1
 0.5 1 1 1 1
 0.5 1 1 1 1
 0.5 1 1 1 1
 0.5 1 1 1 1
 0.5 1 1 1 1
 0.5 1 1 1 1
 0.5 1 1 1 1
 0.5 1 1 1 1
 0.5 1 1 1 1
 0.5 1 1 1 1
 0.5 1 1 1 1
 0.5 1 1 1 1
 0.5 1 1 1 1
 0.5 1 1 1 1
 0.5 1 1 1 1
Scru_pelaces
 0.5 1 1 1 1
 0.5 1 1 1 1
 0.5 1 1 1 1
 0.5 1 1 1 1
 0.5 1 1 1 1
 0.5 1 1 1 1
 0.5 1 1 1 1
 0.5 1 1 1 1
 0.5 1 1 1 1
 0.5 1 1 1 1
 0.5 1 1 1 1
 0.5 1 1 1 1
 0.5 1 1 1 1
 0.5 1 1 1 1
 0.5 1 1 1 1
 0.5 1 1 1 1
 0.5 1 1 1 1
 0.5 1 1 1 1
 0.5 1 1 1 1
 0.5 1 1 1 1
 0.5 1 1 1 1
 0.5 1 1 1 1
pf_obs 
 0.256992 0.487395 0.22802 0.0275931 0
 0.321318 0.546541 0.124235 0.00734118 0.000564706
 0.182869 0.594174 0.210203 0.0122559 0.00049798
 0.330522 0.361315 0.267642 0.0388342 0.00168674
 0.649043 0.306663 0.0425973 0.00169635 0
 0.582887 0.30429 0.105238 0.00758474 0
 0.465427 0.430635 0.0974691 0.00646863 0
 0.296916 0.608066 0.0921331 0.00288517 0
 0.311714 0.524322 0.152257 0.0117073 0
 0.15457 0.633149 0.183074 0.0267441 0.00246327
 0.131901 0.49318 0.331252 0.0422183 0.00144891
 0.196976 0.569456 0.194076 0.0375587 0.00193317
 0.518974 0.381816 0.0799577 0.0180837 0.00116848
 0.0928022 0.601141 0.25162 0.0475244 0.00691264
 0.122501 0.610282 0.24278 0.0234846 0.000952079
 0.383417 0.481906 0.127806 0.00687128 0
 0.0376549 0.599619 0.316969 0.0457579 0
 0.0361596 0.667082 0.258105 0.0386534 0
 0.158088 0.579412 0.248529 0.0139706 0
 0.0477256 0.309471 0.559284 0.082774 0.000745712
 0.0406174 0.521527 0.379366 0.0568643 0.0016247
 0.151134 0.462217 0.34131 0.0453401 0
pf_pred 
 0.301964 0.351402 0.174501 0.0866546 0.085479
 0.338589 0.311383 0.176209 0.0875029 0.0863158
 0.368272 0.325247 0.144287 0.0816507 0.080543
 0.391299 0.338591 0.139067 0.0616931 0.0693496
 0.36981 0.356739 0.152108 0.0624739 0.0588692
 0.364665 0.34367 0.165107 0.0703986 0.0561602
 0.388278 0.336082 0.149101 0.0716314 0.0549075
 0.400175 0.34167 0.141831 0.0629227 0.0534011
 0.446267 0.330943 0.126905 0.0526798 0.0432057
 0.48783 0.33431 0.106299 0.040762 0.0307985
 0.540623 0.31726 0.0927648 0.029496 0.0198567
 0.674314 0.256708 0.0476379 0.013929 0.00741052
 0.68598 0.27115 0.0337901 0.0062705 0.00280889
 0.693923 0.267115 0.0336427 0.00419246 0.00112651
 0.651481 0.304505 0.0384112 0.00483782 0.00076487
 0.507307 0.398495 0.0823012 0.0103817 0.00151429
 0.422532 0.392425 0.149665 0.0309103 0.00446785
 0.386471 0.367313 0.167319 0.063813 0.0150842
 0.368003 0.354268 0.166273 0.075741 0.0357148
 0.35968 0.346329 0.164798 0.0773467 0.0518468
 0.356113 0.342805 0.162846 0.0774889 0.0607476
 0.35367 0.34096 0.162579 0.0772313 0.0655601
pobs_RECLAS
 0 0 0 0 0
 0 0 0 0 0
 0 0 0 0 0
 0 0 0 0 0
 0.835266 0.146461 0.0176864 0.000547809 3.91292e-05
 0.385257 0.428462 0.181853 0.0044286 0
 0.867414 0.0963971 0.0333333 0.00285562 0
 0.441836 0.489002 0.0689373 0.000224442 0
 0.779404 0.147425 0.0564933 0.0165055 0.000172143
 0.814271 0.122319 0.05973 0.00367925 0
 0.40263 0.566651 0.0304383 0.000280538 0
 0.475488 0.404961 0.113038 0.00651328 0
 0.955842 0.0263864 0.0167828 0.000988607 0
 0.975058 0.0227948 0.00214734 0 0
 0.738997 0.206755 0.0527124 0.00153531 0
 0.850938 0.134255 0.0134407 0.00136685 0
 0.542534 0.407297 0.0501686 0 0
 0.764087 0.199537 0.0359546 0.000420521 0
 0.470689 0.182191 0.310203 0.0369168 0
 0.84361 0.089868 0.0606195 0.00523954 0.000663233
 0.607945 0.314616 0.071237 0.00620181 0
 0.523733 0.453247 0.0230204 0 0
ppred_RECLAS
 0.302629 0.351067 0.174335 0.0865721 0.0853976
 0.339521 0.310945 0.175961 0.0873796 0.0861942
 0.370427 0.324138 0.143795 0.0813723 0.0802683
 0.391678 0.338381 0.13898 0.0616548 0.0693065
 0.369907 0.356684 0.152084 0.0624642 0.0588601
 0.366396 0.342734 0.164657 0.0702068 0.0560071
 0.389445 0.335441 0.148817 0.0714946 0.0548027
 0.40374 0.339639 0.140988 0.0625488 0.0530838
 0.452022 0.327503 0.125586 0.0521323 0.0427567
 0.493882 0.33036 0.105043 0.0402804 0.0304346
 0.565435 0.300123 0.0877542 0.0279028 0.0187842
 0.693785 0.241361 0.0447899 0.0130963 0.00696749
 0.706719 0.253242 0.0315584 0.00585637 0.00262338
 0.712656 0.250767 0.0315837 0.00393588 0.00105757
 0.655481 0.30101 0.0379704 0.0047823 0.000756092
 0.508143 0.39782 0.0821616 0.0103641 0.00151172
 0.42305 0.392073 0.149531 0.0308825 0.00446384
 0.386789 0.367122 0.167232 0.0637799 0.0150764
 0.368291 0.354106 0.166198 0.0757065 0.0356985
 0.360014 0.346148 0.164712 0.0773064 0.0518198
 0.356342 0.342683 0.162788 0.0774613 0.0607259
 0.354088 0.340739 0.162474 0.0771814 0.0655178
pobs_PELACES
 0 0 0 0 0
 0 0 0 0 0
 0 0 0 0 0
 0 0 0 0 0
 0 0 0 0 0
 0 0 0 0 0
 0 0 0 0 0
 0 0 0 0 0
 0 0 0 0 0
 0 0 0 0 0
 0.450072 0.473896 0.0757376 0.000293798 0
 0 0 0 0 0
 0.463077 0.371075 0.160297 0.00555027 0
 0.529543 0.364841 0.0842815 0.0213345 0
 0.631943 0.363953 0.00410389 0 0
 0.735681 0.248677 0.0153453 0.000297389 0
 0.695825 0.281241 0.0229344 0 0
 0.275771 0.60734 0.115278 0.00161068 0
 0 0 0 0 0
 0.896147 0.0623911 0.0374545 0.00400742 0
 0.803859 0.145111 0.0509908 3.86294e-05 0
 0.739449 0.233085 0.0266225 0.000797448 4.60066e-05
ppred_PELACES
 0.306077 0.349331 0.173473 0.086144 0.0849754
 0.34423 0.308727 0.174706 0.0867566 0.0855796
 0.380207 0.319103 0.141561 0.0801082 0.0790214
 0.393724 0.337242 0.138513 0.0614474 0.0690733
 0.370452 0.356376 0.151953 0.0624102 0.0588092
 0.374527 0.338336 0.162544 0.0693059 0.0552884
 0.395233 0.332261 0.147406 0.070817 0.0542832
 0.418515 0.331223 0.137495 0.0609989 0.0517684
 0.47342 0.314714 0.120682 0.0500966 0.041087
 0.516051 0.31589 0.100442 0.038516 0.0291015
 0.622312 0.260842 0.0762687 0.0242508 0.0163257
 0.73846 0.206148 0.0382553 0.0111856 0.00595097
 0.752524 0.213691 0.0266296 0.00494171 0.00221365
 0.755453 0.213418 0.0268796 0.00334966 0.000900053
 0.671095 0.287368 0.0362496 0.00456557 0.000721826
 0.512437 0.394347 0.0814443 0.0102736 0.00149852
 0.425811 0.390197 0.148815 0.0307348 0.00444248
 0.388526 0.366082 0.166758 0.0635992 0.0150337
 0.369866 0.353224 0.165783 0.0755178 0.0356095
 0.361831 0.345165 0.164244 0.0770869 0.0516727
 0.35761 0.342008 0.162467 0.0773087 0.0606063
 0.356331 0.339556 0.16191 0.0769134 0.0652902
pobs_pel_tallas
 0 0 0 0 0 0 0 0 0 0 0 0 0 0 0 0 0 0 0 0 0 0 0 0 0 0 0 0 0 0 0 0 0 0 0 0
 0 0 0 0 0 0 0 0 0 0 0 0 0 0 0 0 0 0 0 0 0 0 0 0 0 0 0 0 0 0 0 0 0 0 0 0
 0 0 0 0 0 0 0 0 0 0 0 0 0 0 0 0 0 0 0 0 0 0 0 0 0 0 0 0 0 0 0 0 0 0 0 0
 0 0 0 0 0 0 0 0 0 0 0 0 0 0 0 0 0 0 0 0 0 0 0 0 0 0 0 0 0 0 0 0 0 0 0 0
 0 0 0 0 0 0 0 0 0 0 0 0 0 0 0 0 0 0 0 0 0 0 0 0 0 0 0 0 0 0 0 0 0 0 0 0
 0 0 0 0 0 0 0 0 0 0 0 0 0 0 0 0 0 0 0 0 0 0 0 0 0 0 0 0 0 0 0 0 0 0 0 0
 0 0 0 0 0 0 0 0 0 0 0 0 0 0 0 0 0 0 0 0 0 0 0 0 0 0 0 0 0 0 0 0 0 0 0 0
 0 0 0 0 0 0 0 0 0 0 0 0 0 0 0 0 0 0 0 0 0 0 0 0 0 0 0 0 0 0 0 0 0 0 0 0
 0 0 0 0 0 0 0 0 0 0 0 0 0 0 0 0 0 0 0 0 0 0 0 0 0 0 0 0 0 0 0 0 0 0 0 0
 0 0 0 0 0 0 0 0 0 0 0 0 0 0 0 0 0 0 0 0 0 0 0 0 0 0 0 0 0 0 0 0 0 0 0 0
 0 0 0 0 0 0 0 0 1.78061e-05 0.00172719 0.00360574 0.0105946 0.0120993 0.0124554 0.0147524 0.0171206 0.0266825 0.0428682 0.0675386 0.121331 0.153587 0.119568 0.100827 0.0573624 0.0630603 0.0341343 0.0324427 0.0444173 0.0211091 0.0280891 0.0125444 0.00206551 0 0 0 0
 0 0 0 0 0 0 0 0 0 0 0 0 0 0 0 0 0 0 0 0 0 0 0 0 0 0 0 0 0 0 0 0 0 0 0 0
 0 0 0 0 0 0 0.0133647 0.0140871 0.0187388 0.0205184 0.03894 0.0496705 0.03968 0.0493445 0.0407372 0.0367815 0.0215668 0.0243155 0.0234873 0.0199281 0.019796 0.0243948 0.0301388 0.0376714 0.0412746 0.0863199 0.0771752 0.113111 0.0741005 0.0525337 0.0229764 0.00759418 0.00175318 0 0 0
 0 0 0 0 0 0 0 0 0 0 0.00219441 0.00772107 0.0458388 0.0604681 0.0671733 0.0775358 0.0609151 0.0617685 0.073594 0.0568108 0.0755445 0.0548602 0.0670107 0.0636378 0.0643287 0.046367 0.0373049 0.0286899 0.0247887 0.0153202 0.00654259 0.00121912 0.000365735 0 0 0
 0 0 0 0 0 0 0 0 0 0 0 0 0.000112435 0.00938835 0.0111873 0.0202946 0.0414886 0.0713402 0.111592 0.104902 0.108894 0.110636 0.117776 0.105296 0.107544 0.0401394 0.0192827 0.0124803 0.00416011 0.0028671 0.000618394 0 0 0 0 0
 0 0 0 0 0 0 0 0 0 0 0.00291406 0.0102884 0.027416 0.0768956 0.0749926 0.110853 0.0956884 0.0897413 0.0766577 0.0534642 0.0500743 0.0551293 0.0594112 0.0620874 0.0668451 0.0424026 0.0208742 0.0120726 0.0048766 0.00582813 0.00118941 0.000297354 0 0 0 0
 0 0.00264628 0.0354308 0.0461629 0.0458689 0.0383711 0.0214643 0.0164657 0.0346957 0.0420465 0.0363128 0.0245516 0.0311673 0.0291091 0.0169068 0.0133784 0.00837989 0.0085269 0.0148486 0.0160247 0.0276389 0.0546898 0.0760071 0.122758 0.109233 0.0665981 0.0333725 0.0166128 0.00676272 0.00308733 0.000882094 0 0 0 0 0
 0 0 0 0 0 0 0 0.000805153 0.000690131 0.00759144 0.0133425 0.0154129 0.00931677 0.000345066 0.00356568 0.00563607 0.00851162 0.0253048 0.0502646 0.0516448 0.0657925 0.0565908 0.0611916 0.0827007 0.0866115 0.110766 0.145733 0.0935128 0.0569358 0.0249597 0.0138026 0.00621118 0.00161031 0.00115022 0 0
 0 0 0 0 0 0 0 0 0 0 0 0 0 0 0 0 0 0 0 0 0 0 0 0 0 0 0 0 0 0 0 0 0 0 0 0
 0.00147267 0.00158595 0.00478618 0.00569244 0.00954404 0.0108468 0.00647125 0.017049 0.0510054 0.094081 0.124002 0.0959785 0.0687766 0.0820023 0.061753 0.0591476 0.0492212 0.0479892 0.0443925 0.0268479 0.0217502 0.0140895 0.0121071 0.0120363 0.00920419 0.00665534 0.0049561 0.00860946 0.00930331 0.0156896 0.0114698 0.00855282 0.00243557 0.00046729 0 2.83206e-05
 0 0 0 0 0.000772559 0.00158375 0.000888443 0.00281984 0.00712685 0.0440552 0.0773331 0.111326 0.0921469 0.0852325 0.0710754 0.0886704 0.0786465 0.0553345 0.0373146 0.0185414 0.00753245 0.00457741 0.012979 0.0271748 0.0457355 0.0583668 0.034881 0.0177882 0.00938659 0.00492506 0.0015258 0.00185414 0.000309023 5.79419e-05 3.86279e-05 0
 0 0.00173294 0.00326652 0 0.00397197 0.00683976 0.00946217 0.0152591 0.00757587 0.0136028 0.0228656 0.0392903 0.0559909 0.0764795 0.0681675 0.0726916 0.0566044 0.0477403 0.0527397 0.0444891 0.0609904 0.0582453 0.0661739 0.0445044 0.0529084 0.0360697 0.0280645 0.0235558 0.0158879 0.00826598 0.00280645 0.00217768 0.000904811 0.00058276 9.20147e-05 0
ppred_pel_tallas
 1.09507e-16 1.33733e-05 7.84421e-05 0.000372779 0.00143505 0.00447492 0.0113036 0.023131 0.0383513 0.0515323 0.0561501 0.0497015 0.035956 0.0217489 0.0119898 0.00773929 0.00769164 0.0102549 0.01443 0.0196927 0.0256509 0.0318535 0.0377718 0.0428754 0.0467373 0.0491161 0.0499895 0.0495236 0.0479984 0.0457168 0.0429323 0.0398146 0.0364562 0.0329047 0.0292015 0.02541
 1.09561e-16 1.50353e-05 8.82034e-05 0.000419193 0.00161377 0.00503226 0.0127113 0.0260111 0.0431238 0.0579373 0.0631082 0.0558112 0.0402688 0.0241433 0.012923 0.00776101 0.00714922 0.00926773 0.0129867 0.0177458 0.0231749 0.0288758 0.0343845 0.0392317 0.0430323 0.0455577 0.0467645 0.0467702 0.0457897 0.0440599 0.0417792 0.0390819 0.0360457 0.0327206 0.0291621 0.0254525
 1.08559e-16 1.66045e-05 9.74146e-05 0.000462982 0.00178237 0.00555802 0.0140394 0.0287284 0.047628 0.063986 0.0696897 0.0616147 0.0444191 0.0265569 0.014077 0.00823688 0.00735154 0.00939173 0.0130938 0.0178303 0.0231954 0.0287644 0.0340524 0.0385777 0.0419567 0.0439788 0.0446362 0.0440943 0.0426214 0.040504 0.0379779 0.0351969 0.0322383 0.0291339 0.0259077 0.0226033
 1.07415e-16 1.71947e-05 0.000100878 0.000479443 0.00184574 0.00575564 0.0145386 0.0297499 0.0493216 0.0662616 0.072169 0.0638088 0.0460053 0.0275138 0.0145992 0.00856366 0.00766131 0.00978726 0.0136258 0.0185161 0.024022 0.0296859 0.0349877 0.0394153 0.0425664 0.0442306 0.0444204 0.0433398 0.0413074 0.0386627 0.0356897 0.0325774 0.029423 0.0262619 0.0231073 0.0199816
 1.07166e-16 1.61807e-05 9.49233e-05 0.00045113 0.00173672 0.00541566 0.0136798 0.027993 0.0464102 0.062354 0.0679229 0.060078 0.0433665 0.0260381 0.0140034 0.0085067 0.00792479 0.010292 0.0143746 0.0195382 0.0253403 0.0312989 0.0368624 0.0414861 0.0447418 0.0464052 0.0464891 0.0452115 0.0429146 0.0399661 0.0366768 0.0332589 0.0298271 0.0264284 0.0230824 0.0198137
 1.07383e-16 1.63577e-05 9.59637e-05 0.00045608 0.00175579 0.00547512 0.01383 0.0283001 0.0469188 0.0630353 0.0686602 0.0607186 0.0438037 0.0262503 0.0140266 0.00838225 0.00766836 0.00989363 0.0138135 0.0187991 0.0244264 0.0302406 0.0357195 0.0403443 0.0437014 0.0455647 0.0459284 0.0449776 0.0430146 0.040368 0.037318 0.0340595 0.0307032 0.0273043 0.0238988 0.020531
 1.07171e-16 1.72603e-05 0.000101263 0.000481277 0.0018528 0.00577766 0.0145942 0.0298637 0.0495101 0.0665143 0.072443 0.064048 0.0461711 0.0275999 0.0146211 0.00854001 0.00760237 0.00969458 0.0134973 0.0183512 0.0238253 0.0294687 0.0347685 0.0392172 0.0424132 0.0441414 0.0444047 0.0433943 0.0414155 0.0387972 0.0358176 0.0326663 0.029447 0.0262058 0.0229682 0.0197681
 1.06575e-16 1.82754e-05 0.000107223 0.000509611 0.0019619 0.00611787 0.0154535 0.0316219 0.0524244 0.0704273 0.0766991 0.0677973 0.0488443 0.0291382 0.0153266 0.00877964 0.00762671 0.0096183 0.0133505 0.0181262 0.0235002 0.0290165 0.0341606 0.0384265 0.0414176 0.0429269 0.0429692 0.0417497 0.0395894 0.0368321 0.0337682 0.0305956 0.0274198 0.024283 0.0212012 0.0181948
 1.05457e-16 2.06689e-05 0.000121277 0.000576425 0.00221915 0.00692012 0.0174799 0.0357679 0.0592959 0.0796526 0.0867302 0.0766268 0.0551241 0.0327208 0.0169106 0.0092119 0.00747574 0.00913021 0.012575 0.0170333 0.022043 0.0271579 0.031884 0.03574 0.038352 0.0395316 0.0393053 0.0378851 0.0355949 0.0327806 0.0297349 0.0266574 0.0236538 0.0207618 0.0179879 0.0153371
 1.04212e-16 2.25278e-05 0.00013219 0.000628309 0.00241892 0.00754309 0.0190535 0.0389875 0.0646323 0.0868181 0.0945247 0.0834948 0.0600244 0.0355479 0.0182205 0.00968064 0.00756746 0.00906052 0.0124042 0.0167506 0.0216081 0.0265161 0.0309727 0.0344944 0.0367133 0.0374554 0.0367713 0.0349038 0.0322116 0.0290748 0.0258143 0.0226483 0.0196887 0.0169666 0.0144702 0.0121782
 1.02764e-16 2.71591e-05 0.000159385 0.000757607 0.00291677 0.00909562 0.0229749 0.0470107 0.0779292 0.104668 0.113929 0.100562 0.0721373 0.0424056 0.0211524 0.0102947 0.00692572 0.00759779 0.0101795 0.013684 0.0176137 0.0215631 0.025111 0.0278566 0.0294979 0.0298974 0.0291064 0.0273392 0.0249077 0.022142 0.0193221 0.0166392 0.0141916 0.0120048 0.010063 0.00833726
 1.01273e-16 3.22214e-05 0.00018911 0.000898936 0.00346094 0.0107926 0.0272613 0.0557806 0.0924635 0.124179 0.13514 0.119222 0.0853856 0.0499168 0.0243843 0.0110109 0.00629406 0.00610062 0.00788662 0.0105091 0.0134574 0.0163784 0.018931 0.0207989 0.0217517 0.0216956 0.0206935 0.0189417 0.0167156 0.0143029 0.0119455 0.00980596 0.00796245 0.00642485 0.00516147 0.00412462
 1.00721e-16 3.28349e-05 0.000192712 0.000916057 0.00352686 0.0109982 0.0277805 0.056843 0.0942247 0.126544 0.137714 0.121494 0.0870145 0.0508724 0.0248567 0.0112324 0.00642904 0.00623233 0.00804549 0.0106973 0.0136588 0.0165612 0.0190484 0.0207936 0.0215624 0.0212671 0.0199866 0.0179414 0.0154354 0.0127842 0.010252 0.00801531 0.00615617 0.00467894 0.00353905 0.00267146
 1.00609e-16 3.29626e-05 0.000193461 0.000919621 0.00354058 0.011041 0.0278886 0.0570642 0.0945912 0.127037 0.13825 0.121966 0.0873507 0.0510658 0.0249453 0.0112624 0.00643197 0.00622283 0.00802765 0.0106707 0.0136213 0.0165103 0.0189814 0.0207077 0.0214548 0.0211356 0.0198294 0.0177575 0.0152254 0.0125501 0.00999775 0.00774668 0.00588038 0.00440415 0.00327356 0.00242288
 1.00799e-16 2.92872e-05 0.000171877 0.00081699 0.0031454 0.00980858 0.0247758 0.0506957 0.0840377 0.112872 0.122858 0.108443 0.077788 0.0457213 0.0227934 0.0110671 0.00740061 0.00806483 0.0107451 0.0143563 0.0183375 0.0222275 0.0255534 0.0278757 0.028879 0.0284458 0.0266831 0.023889 0.0204749 0.0168681 0.0134272 0.0103927 0.00787731 0.00588841 0.00436627 0.00322238
 1.01708e-16 2.23735e-05 0.000131276 0.00062395 0.00240211 0.00749063 0.0189211 0.0387172 0.0641864 0.0862259 0.0938977 0.0829832 0.0597483 0.0355682 0.0185675 0.0104035 0.00875838 0.0108444 0.0149048 0.0200468 0.0256901 0.0312505 0.0360886 0.0395981 0.0413343 0.041116 0.039063 0.0355539 0.0311227 0.0263301 0.0216522 0.0174147 0.0137808 0.0107801 0.00835799 0.00642336
 1.03504e-16 1.85961e-05 0.0001091 0.000518522 0.00199618 0.00622477 0.0157236 0.032175 0.0533428 0.0716656 0.0780593 0.0690276 0.0497913 0.0298244 0.0159079 0.0094558 0.00858222 0.0110063 0.0152893 0.0206859 0.0266785 0.0327133 0.0381658 0.0424283 0.045035 0.045761 0.0446624 0.04204 0.0383469 0.0340719 0.0296404 0.0253562 0.0213927 0.0178191 0.0146419 0.0118424
 1.05375e-16 1.69694e-05 9.9552e-05 0.000473133 0.00182143 0.00567983 0.0143471 0.0293584 0.0486737 0.0653941 0.0712324 0.063 0.0454642 0.0272745 0.014626 0.00881892 0.00814502 0.0105371 0.0146965 0.0199547 0.0258468 0.0318686 0.037444 0.0420043 0.0451024 0.0465039 0.0462243 0.0444972 0.0416926 0.0382146 0.0344151 0.0305469 0.02676 0.0231276 0.0196838 0.0164543
 1.06728e-16 1.61551e-05 9.47728e-05 0.000450415 0.00173397 0.00540708 0.0136581 0.0279486 0.0463366 0.062255 0.0678147 0.0599817 0.0432955 0.0259928 0.0139744 0.00848284 0.00789778 0.0102579 0.0143335 0.0194945 0.0253028 0.031281 0.0368804 0.0415567 0.0448778 0.0466108 0.0467567 0.0455196 0.0432295 0.0402458 0.0368781 0.0333445 0.0297721 0.0262244 0.0227386 0.0193548
 1.07508e-16 1.58044e-05 9.27146e-05 0.000440632 0.00169631 0.00528963 0.0133615 0.0273416 0.0453301 0.0609028 0.0663421 0.0586796 0.0423569 0.0254319 0.0136778 0.00831136 0.00774895 0.0100742 0.0140875 0.0191766 0.0249177 0.0308491 0.0364388 0.0411575 0.0445837 0.0464866 0.0468603 0.0458934 0.0438937 0.0411961 0.0380858 0.034761 0.0313344 0.0278624 0.0243821 0.0209394
 1.07906e-16 1.56202e-05 9.16335e-05 0.000435493 0.00167652 0.00522793 0.0132056 0.0270227 0.0448015 0.0601927 0.0655689 0.0579966 0.0418657 0.0251406 0.013528 0.00823109 0.00768612 0.0100004 0.0139897 0.0190504 0.0247651 0.0306786 0.0362659 0.0410043 0.0444768 0.0464542 0.0469284 0.046082 0.0442141 0.0416488 0.0386607 0.0354382 0.0320867 0.028658 0.0251878 0.0217235
 1.08103e-16 1.55643e-05 9.13056e-05 0.000433935 0.00167052 0.00520922 0.0131584 0.0269259 0.0446411 0.0599771 0.0653338 0.0577881 0.041714 0.0250472 0.0134735 0.00819173 0.00764337 0.00994272 0.0139104 0.0189465 0.0246371 0.0305313 0.0361091 0.0408522 0.0443468 0.0463647 0.046896 0.0461194 0.0443279 0.0418391 0.0389211 0.0357571 0.0324485 0.029045 0.025582 0.0221083
pSPR Fmed_Fpbrs
0.718832   0.25793 0.25793
Fs Fmed_Fpbrs
0.171385   1.005 1.005
SSBpbr Bo_Bmed_Bpbrs
1.35376e+06  905437  281487 281487
Ro
63240.2
SPR SPRFo_SPRFmed_SPRFpbrs
1.30566e+06 938553 336770
log_Ro
10.8747
likeval ReclasPelacesDesembMPH_pf_preclas_ppelaces_ptallas_desvR_qrecl_qpela
 323.441 141.9 1.13697 0.000812932 293.225 169.743 81.2999 0 0 0 0 0 0 0 0
q_reclas_q_pelaces
1 1
M
0.7
N
 63240.2 37597.6 18670.4 9271.45 9145.67
 63240.2 29891.9 16915.6 8400.02 8286.06
 63240.2 29474.1 13075.4 7399.24 7298.86
 63240.2 27675 11366.7 5042.53 5668.33
 63240.2 30598 13046.5 5358.47 5049.29
 63240.2 31182.4 14980.7 6387.51 5095.61
 63240.2 28255.7 12535.5 6022.32 4616.28
 63240.2 29176.9 12111.7 5373.29 4560.2
 63240.2 26101.5 10009 4154.87 3407.64
 63240.2 24193.2 7692.62 2949.85 2228.82
 63240.2 24002.4 7018.14 2231.53 1502.26
 63240.2 15354.6 2849.39 833.143 443.249
 63240.2 16118.3 2008.63 372.745 166.972
 63240.2 15518.6 1954.53 243.569 65.4469
 63240.2 16143.3 2036.37 256.477 40.5495
 63240.2 25408 5247.5 661.937 96.5506
 63240.2 29810.8 11369.4 2348.12 339.403
 63240.2 30347 13823.7 5272.15 1246.24
 63240.2 30715.3 14416 6566.82 3096.5
 63240.2 30767.2 14640.3 6871.34 4605.98
 63240.2 30663.5 14566.4 6931.29 5433.8
 63240.2 30883 14725.8 6995.35 5938.21
pred_Ctot
 2196.35 2555.94 1269.24 630.286 621.735
 2805.41 2580 1460 725.014 715.179
 5440.2 4804.62 2131.44 1206.16 1189.8
 1169.24 1011.74 415.544 184.345 207.223
 321.274 309.918 132.144 54.2743 51.1427
 4587.55 4323.44 2077.07 885.628 706.505
 3239.22 2803.78 1243.88 597.587 458.067
 7761.63 6626.87 2750.9 1220.42 1035.74
 10600.9 7861.41 3014.58 1251.39 1026.33
 10886.4 7460.47 2372.17 909.646 687.301
 24205.4 14204.7 4153.37 1320.63 889.047
 22991.8 8752.88 1624.29 474.933 252.674
 23944.1 9464.48 1179.44 218.871 98.044
 22952.3 8835.15 1112.77 138.671 37.2608
 8790.38 4108.66 518.28 65.2763 10.3203
 2314.47 1818.04 375.48 47.3642 6.90858
 1534.05 1424.74 543.376 112.223 16.221
 998.808 949.296 432.425 164.92 38.9842
 923.56 889.089 417.288 190.084 89.6316
 1074.1 1034.23 492.129 230.978 154.828
 755.482 727.251 345.472 164.39 128.874
 1332.17 1284.29 612.386 290.907 246.945
F
 0.049353 0.0987061 0.0987061 0.0987061 0.0987061
 0.0634284 0.126857 0.126857 0.126857 0.126857
 0.126411 0.252823 0.252823 0.252823 0.252823
 0.0260054 0.0520108 0.0520108 0.0520108 0.0520108
 0.00708621 0.0141724 0.0141724 0.0141724 0.0141724
 0.105645 0.21129 0.21129 0.21129 0.21129
 0.0735612 0.147122 0.147122 0.147122 0.147122
 0.184945 0.369891 0.369891 0.369891 0.369891
 0.260867 0.521733 0.521733 0.521733 0.521733
 0.268787 0.537574 0.537574 0.537574 0.537574
 0.715525 1.43105 1.43105 1.43105 1.43105
 0.666982 1.33396 1.33396 1.33396 1.33396
 0.704903 1.40981 1.40981 1.40981 1.40981
 0.665435 1.33087 1.33087 1.33087 1.33087
 0.211876 0.423752 0.423752 0.423752 0.423752
 0.0520693 0.104139 0.104139 0.104139 0.104139
 0.0342431 0.0684862 0.0684862 0.0684862 0.0684862
 0.0221774 0.0443548 0.0443548 0.0443548 0.0443548
 0.0204914 0.0409828 0.0409828 0.0409828 0.0409828
 0.0238669 0.0477339 0.0477339 0.0477339 0.0477339
 0.0167345 0.0334689 0.0334689 0.0334689 0.0334689
 0.0296771 0.0593543 0.0593543 0.0593543 0.0593543
nmprior
 10 10 8 0
nm_flota  nm_reclas  nm_pelaces    nm_pelaL
inf 6.72086 5.87715 5.87715
cv_recla  cv_pelaces  cv_mph
1.75048 1.52381 0.92505
 ------------------------------------------------
Talla a la edad & desviación 
 7.2 14.2025 17.0495 18.207 18.6776
 1.08 2.13037 2.55742 2.73105 2.80164
