years
 1997 1998 1999 2000 2001 2002 2003 2004 2005 2006 2007 2008 2009 2010 2011 2012 2013 2014 2015 2016 2017 2018
reclasobs
 0 0 0 370054 412103 1.49427e+06 250295 1.28982e+06 931140 785840 897777 1.04006e+06 184774 17550 25797 100020 73551 82996 120727 218422 84188 347160
reclaspred
 369598 101855 316307 236777 353621 422470 926800 623267 697991 632374 498063 335172 204825 95637.4 67924 69983.4 88556.9 119794 125512 182496 251954 230519
pelacesobs
 0 0 0 0 0 0 0 0 0 2.06254e+06 1.5e+06 0 1.87456e+06 323000 250000 174000 83755 137374 0 501740 490994 745055
pelacespred
 1.08442e+06 266009 511914 578313 738377 741548 1.84024e+06 1.54905e+06 1.53403e+06 1.40491e+06 998991 693767 422570 165506 115309 126746 167232 228489 247386 348561 531748 476189
mphobs
 0 0 0 0 0 112323 0 153150 637223 0 255016 313432 73983 77613 109348 50772 0 0 0 0 0 0
mphpred
 138543 84423.8 104506 130671 141207 223500 337499 396288 342901 347815 325409 229806 142071 74814.8 36474.8 31721.9 38784.9 53935 66052.5 75564.6 113461 128088
desembarqueobs
 350755 77701 442110 56441 14545 235359 269955 359681 431902 328805 639364 411747 362871 311530 167758 66681 60226 58785 57116 71774 51957 67425
desembarquepred
 350760 77700.4 442099 56441.8 14545.1 235390 269979 359678 431925 328821 639556 411979 363190 311958 167796 66691.5 60243.4 58785.9 57112.2 71772.5 51957.1 67420.7
Reclutas
 51383.4 66822.2 40721 67709.7 116020 82825.3 130496 126458 151698 148101 68627.8 40585.6 42213.4 23408.2 18499 23103.2 19291.2 20838.1 23941.6 44170.5 48659 69696.3
log_desv_Rt
 -0.0124832 0.250236 -0.245054 0.26343 0.801961 0.464934 0.919544 0.888115 1.07009 1.04609 0.276898 -0.248385 -0.209061 -0.798712 -1.03408 -0.811826 -0.99215 -0.915018 -0.77618 -0.163742 -0.0669612 0.292348
SSB
 698240 425484 526698 658566 711664 1.12641e+06 1.70095e+06 1.99724e+06 1.72818e+06 1.75294e+06 1.64002e+06 1.15819e+06 716018 377056 183828 159874 195471 271825 332896 380835 571826 645545
BT
 2.22813e+06 607972 1.15948e+06 1.09532e+06 1.33321e+06 1.5132e+06 3.47873e+06 3.18247e+06 3.14232e+06 2.83343e+06 2.36907e+06 1.62295e+06 1.11485e+06 597996 349975 282227 348908 456167 492356 682727 994539 916323
Ftot
 0.428475 0.359333 0.524232 0.0995355 0.0190545 0.185296 0.116075 0.228791 0.253448 0.201391 0.415598 0.384616 0.607859 1.06912 0.998111 0.395204 0.282366 0.191182 0.165136 0.168309 0.0811521 0.109426
BD_Bspro_t
 0.947306 0.754446 0.715497 0.595466 0.727487 0.846865 0.818175 0.824364 0.778046 0.745648 0.712007 0.565396 0.452803 0.33994 0.221411 0.236487 0.35176 0.516621 0.621339 0.701466 0.794179 0.849729
BD_Bspro
 0.650013 0.396096 0.490319 0.613079 0.662509 1.04861 1.58346 1.85929 1.60881 1.63186 1.52674 1.07819 0.666562 0.351013 0.171131 0.148831 0.181969 0.25305 0.309903 0.354531 0.53233 0.600957
BD_Bo
 0.545858 0.332628 0.411753 0.514843 0.556352 0.880585 1.32974 1.56137 1.35102 1.37038 1.2821 0.90543 0.559756 0.294769 0.14371 0.124983 0.152812 0.212503 0.260246 0.297723 0.447033 0.504663
BD_Brms
 1.88652 1.14958 1.42305 1.77933 1.92279 3.04336 4.59567 5.39619 4.66923 4.73614 4.43104 3.12923 1.93455 1.01874 0.496671 0.431951 0.528128 0.734425 0.899426 1.02895 1.54497 1.74415
S_f
 0.190006 1 1 1 1
 0.190006 1 1 1 1
 0.190006 1 1 1 1
 0.190006 1 1 1 1
 0.190006 1 1 1 1
 0.190006 1 1 1 1
 0.190006 1 1 1 1
 0.190006 1 1 1 1
 0.190006 1 1 1 1
 0.190006 1 1 1 1
 0.190006 1 1 1 1
 0.190006 1 1 1 1
 0.190006 1 1 1 1
 0.190006 1 1 1 1
 0.190006 1 1 1 1
 0.190006 1 1 1 1
 0.190006 1 1 1 1
 0.190006 1 1 1 1
 0.190006 1 1 1 1
 0.190006 1 1 1 1
 0.190006 1 1 1 1
 0.190006 1 1 1 1
Scru_reclas
 1 1 1 1 1
 1 1 1 1 1
 1 1 1 1 1
 1 1 1 1 1
 1 1 1 1 1
 1 1 1 1 1
 1 1 1 1 1
 1 1 1 1 1
 1 1 1 1 1
 1 1 1 1 1
 1 1 1 1 1
 1 1 1 1 1
 1 1 1 1 1
 1 1 1 1 1
 1 1 1 1 1
 1 1 1 1 1
 1 1 1 1 1
 1 1 1 1 1
 1 1 1 1 1
 1 1 1 1 1
 1 1 1 1 1
 1 1 1 1 1
Scru_pelaces
 1 1 1 1 1
 1 1 1 1 1
 1 1 1 1 1
 1 1 1 1 1
 1 1 1 1 1
 1 1 1 1 1
 1 1 1 1 1
 1 1 1 1 1
 1 1 1 1 1
 1 1 1 1 1
 1 1 1 1 1
 1 1 1 1 1
 1 1 1 1 1
 1 1 1 1 1
 1 1 1 1 1
 1 1 1 1 1
 1 1 1 1 1
 1 1 1 1 1
 1 1 1 1 1
 1 1 1 1 1
 1 1 1 1 1
 1 1 1 1 1
pf_obs 
 0.256992 0.487395 0.22802 0.0275931 0
 0.321318 0.546541 0.124235 0.00734118 0.000564706
 0.182869 0.594174 0.210203 0.0122559 0.00049798
 0.330522 0.361315 0.267642 0.0388342 0.00168674
 0.649043 0.306663 0.0425973 0.00169635 0
 0.582887 0.30429 0.105238 0.00758474 0
 0.465427 0.430635 0.0974691 0.00646863 0
 0.296916 0.608066 0.0921331 0.00288517 0
 0.311714 0.524322 0.152257 0.0117073 0
 0.15457 0.633149 0.183074 0.0267441 0.00246327
 0.131901 0.49318 0.331252 0.0422183 0.00144891
 0.196976 0.569456 0.194076 0.0375587 0.00193317
 0.518974 0.381816 0.0799577 0.0180837 0.00116848
 0.0928022 0.601141 0.25162 0.0475244 0.00691264
 0.122501 0.610282 0.24278 0.0234846 0.000952079
 0.383417 0.481906 0.127806 0.00687128 0
 0.0376549 0.599619 0.316969 0.0457579 0
 0.0361596 0.667082 0.258105 0.0386534 0
 0.158088 0.579412 0.248529 0.0139706 0
 0.0477256 0.309471 0.559284 0.082774 0.000745712
 0.0406174 0.521527 0.379366 0.0568643 0.0016247
 0.151134 0.462217 0.34131 0.0453401 0
pf_pred 
 0.336899 0.466508 0.175669 0.0209137 1.01868e-05
 0.318682 0.521697 0.112298 0.0422869 0.00503678
 0.18154 0.60915 0.160272 0.0344993 0.0145385
 0.303759 0.417207 0.207675 0.0546409 0.0167182
 0.322038 0.478721 0.119391 0.0594296 0.0204206
 0.173202 0.592021 0.16578 0.041345 0.0276521
 0.261957 0.402631 0.240168 0.067253 0.0279904
 0.214036 0.521298 0.144385 0.0861253 0.0341547
 0.243371 0.464785 0.193568 0.0536131 0.0446623
 0.21614 0.513845 0.165866 0.0690781 0.0350712
 0.115379 0.543329 0.223727 0.072218 0.0453465
 0.11273 0.403432 0.297171 0.122366 0.0643013
 0.189134 0.360429 0.204809 0.150863 0.0947648
 0.171983 0.51423 0.139478 0.0792562 0.0950525
 0.248737 0.487709 0.163677 0.0443951 0.0554817
 0.32852 0.496666 0.113487 0.0380866 0.0232407
 0.223093 0.587281 0.140259 0.0320486 0.0173188
 0.227815 0.488534 0.214418 0.0512088 0.0180242
 0.233058 0.482388 0.180027 0.0790142 0.0255127
 0.328507 0.425079 0.154988 0.0578418 0.0335839
 0.247818 0.55326 0.125925 0.0459136 0.0270838
 0.271062 0.468529 0.191541 0.0435958 0.0252721
pobs_RECLAS
 0 0 0 0 0
 0 0 0 0 0
 0 0 0 0 0
 0 0 0 0 0
 0.835266 0.146461 0.0176864 0.000547809 3.91292e-05
 0.385257 0.428462 0.181853 0.0044286 0
 0.867414 0.0963971 0.0333333 0.00285562 0
 0.441836 0.489002 0.0689373 0.000224442 0
 0.779404 0.147425 0.0564933 0.0165055 0.000172143
 0.814271 0.122319 0.05973 0.00367925 0
 0.40263 0.566651 0.0304383 0.000280538 0
 0.475488 0.404961 0.113038 0.00651328 0
 0.955842 0.0263864 0.0167828 0.000988607 0
 0.975058 0.0227948 0.00214734 0 0
 0.738997 0.206755 0.0527124 0.00153531 0
 0.850938 0.134255 0.0134407 0.00136685 0
 0.542534 0.407297 0.0501686 0 0
 0.764087 0.199537 0.0359546 0.000420521 0
 0.470689 0.182191 0.310203 0.0369168 0
 0.84361 0.089868 0.0606195 0.00523954 0.000663233
 0.607945 0.314616 0.071237 0.00620181 0
 0.523733 0.453247 0.0230204 0 0
ppred_RECLAS
 0.733167 0.187723 0.0706894 0.00841569 4.0992e-06
 0.715596 0.217773 0.0468766 0.0176519 0.00210251
 0.547342 0.336897 0.0886403 0.0190802 0.00804065
 0.697683 0.181157 0.090175 0.0237258 0.00725927
 0.714469 0.201619 0.0502829 0.0250295 0.00860038
 0.526879 0.338774 0.094865 0.0236589 0.0158234
 0.652681 0.189476 0.113022 0.0316489 0.0131721
 0.592111 0.270537 0.0749312 0.0446962 0.0177252
 0.631997 0.226058 0.094146 0.0260759 0.0217225
 0.594696 0.265689 0.0857631 0.0357176 0.018134
 0.413368 0.360306 0.148364 0.047891 0.0300713
 0.406443 0.269884 0.198798 0.0818595 0.0430156
 0.561629 0.194855 0.110724 0.0815599 0.0512318
 0.545492 0.282267 0.076561 0.0435047 0.0521754
 0.654745 0.224134 0.0752203 0.0204025 0.0254975
 0.725198 0.20326 0.0464443 0.0155869 0.00951121
 0.605708 0.298054 0.0711833 0.0162652 0.00878956
 0.610733 0.246275 0.10809 0.0258149 0.00908619
 0.617365 0.240668 0.0898174 0.0394209 0.0127285
 0.722069 0.17594 0.0641497 0.0239407 0.0139004
 0.635174 0.268344 0.0610765 0.0222692 0.0131363
 0.663081 0.216556 0.0885315 0.0201502 0.0116809
pobs_PELACES
 0 0 0 0 0
 0 0 0 0 0
 0 0 0 0 0
 0 0 0 0 0
 0 0 0 0 0
 0 0 0 0 0
 0 0 0 0 0
 0 0 0 0 0
 0 0 0 0 0
 0 0 0 0 0
 0.450072 0.473896 0.0757376 0.000293798 0
 0 0 0 0 0
 0.463077 0.371075 0.160297 0.00555027 0
 0.529543 0.364841 0.0842815 0.0213345 0
 0.631943 0.363953 0.00410389 0 0
 0.735681 0.248677 0.0153453 0.000297389 0
 0.695825 0.281241 0.0229344 0 0
 0.275771 0.60734 0.115278 0.00161068 0
 0 0 0 0 0
 0.896147 0.0623911 0.0374545 0.00400742 0
 0.803859 0.145111 0.0509908 3.86294e-05 0
 0.739449 0.233085 0.0266225 0.000797448 4.60066e-05
ppred_PELACES
 0.754967 0.172387 0.0649141 0.00772813 3.7643e-06
 0.734732 0.20312 0.0437224 0.0164642 0.00196104
 0.581775 0.31127 0.0818976 0.0176288 0.00742901
 0.703265 0.177812 0.08851 0.0232877 0.00712523
 0.715506 0.200886 0.0501001 0.0249385 0.00856912
 0.539206 0.329947 0.0923932 0.0230425 0.0154111
 0.659681 0.185657 0.110744 0.031011 0.0129066
 0.606793 0.260798 0.072234 0.0430873 0.0170871
 0.647608 0.216469 0.0901524 0.0249697 0.020801
 0.607602 0.257229 0.0830321 0.0345802 0.0175565
 0.44054 0.343617 0.141492 0.0456728 0.0286784
 0.431463 0.258507 0.190418 0.0784088 0.0412024
 0.601149 0.177289 0.100742 0.0742071 0.0466131
 0.614968 0.239119 0.0648578 0.0368545 0.0441999
 0.712336 0.186747 0.0626731 0.0169992 0.0212443
 0.745742 0.188064 0.0429721 0.0144216 0.00880015
 0.623583 0.284542 0.0679564 0.0155278 0.0083911
 0.622811 0.238634 0.104737 0.0250139 0.00880427
 0.627737 0.234144 0.0873828 0.0383524 0.0123835
 0.731007 0.170282 0.0620867 0.0231708 0.0134534
 0.640185 0.264658 0.0602375 0.0219633 0.0129559
 0.669584 0.212377 0.0868227 0.0197613 0.0114554
pobs_pel_tallas
 0 0 0 0 0 0 0 0 0 0 0 0 0 0 0 0 0 0 0 0 0 0 0 0 0 0 0 0 0 0 0 0 0 0 0 0
 0 0 0 0 0 0 0 0 0 0 0 0 0 0 0 0 0 0 0 0 0 0 0 0 0 0 0 0 0 0 0 0 0 0 0 0
 0 0 0 0 0 0 0 0 0 0 0 0 0 0 0 0 0 0 0 0 0 0 0 0 0 0 0 0 0 0 0 0 0 0 0 0
 0 0 0 0 0 0 0 0 0 0 0 0 0 0 0 0 0 0 0 0 0 0 0 0 0 0 0 0 0 0 0 0 0 0 0 0
 0 0 0 0 0 0 0 0 0 0 0 0 0 0 0 0 0 0 0 0 0 0 0 0 0 0 0 0 0 0 0 0 0 0 0 0
 0 0 0 0 0 0 0 0 0 0 0 0 0 0 0 0 0 0 0 0 0 0 0 0 0 0 0 0 0 0 0 0 0 0 0 0
 0 0 0 0 0 0 0 0 0 0 0 0 0 0 0 0 0 0 0 0 0 0 0 0 0 0 0 0 0 0 0 0 0 0 0 0
 0 0 0 0 0 0 0 0 0 0 0 0 0 0 0 0 0 0 0 0 0 0 0 0 0 0 0 0 0 0 0 0 0 0 0 0
 0 0 0 0 0 0 0 0 0 0 0 0 0 0 0 0 0 0 0 0 0 0 0 0 0 0 0 0 0 0 0 0 0 0 0 0
 0 0 0 0 0 0 0 0 0 0 0 0 0 0 0 0 0 0 0 0 0 0 0 0 0 0 0 0 0 0 0 0 0 0 0 0
 0 0 0 0 0 0 0 0 1.78061e-05 0.00172719 0.00360574 0.0105946 0.0120993 0.0124554 0.0147524 0.0171206 0.0266825 0.0428682 0.0675386 0.121331 0.153587 0.119568 0.100827 0.0573624 0.0630603 0.0341343 0.0324427 0.0444173 0.0211091 0.0280891 0.0125444 0.00206551 0 0 0 0
 0 0 0 0 0 0 0 0 0 0 0 0 0 0 0 0 0 0 0 0 0 0 0 0 0 0 0 0 0 0 0 0 0 0 0 0
 0 0 0 0 0 0 0.0133647 0.0140871 0.0187388 0.0205184 0.03894 0.0496705 0.03968 0.0493445 0.0407372 0.0367815 0.0215668 0.0243155 0.0234873 0.0199281 0.019796 0.0243948 0.0301388 0.0376714 0.0412746 0.0863199 0.0771752 0.113111 0.0741005 0.0525337 0.0229764 0.00759418 0.00175318 0 0 0
 0 0 0 0 0 0 0 0 0 0 0.00219441 0.00772107 0.0458388 0.0604681 0.0671733 0.0775358 0.0609151 0.0617685 0.073594 0.0568108 0.0755445 0.0548602 0.0670107 0.0636378 0.0643287 0.046367 0.0373049 0.0286899 0.0247887 0.0153202 0.00654259 0.00121912 0.000365735 0 0 0
 0 0 0 0 0 0 0 0 0 0 0 0 0.000112435 0.00938835 0.0111873 0.0202946 0.0414886 0.0713402 0.111592 0.104902 0.108894 0.110636 0.117776 0.105296 0.107544 0.0401394 0.0192827 0.0124803 0.00416011 0.0028671 0.000618394 0 0 0 0 0
 0 0 0 0 0 0 0 0 0 0 0.00291406 0.0102884 0.027416 0.0768956 0.0749926 0.110853 0.0956884 0.0897413 0.0766577 0.0534642 0.0500743 0.0551293 0.0594112 0.0620874 0.0668451 0.0424026 0.0208742 0.0120726 0.0048766 0.00582813 0.00118941 0.000297354 0 0 0 0
 0 0.00264628 0.0354308 0.0461629 0.0458689 0.0383711 0.0214643 0.0164657 0.0346957 0.0420465 0.0363128 0.0245516 0.0311673 0.0291091 0.0169068 0.0133784 0.00837989 0.0085269 0.0148486 0.0160247 0.0276389 0.0546898 0.0760071 0.122758 0.109233 0.0665981 0.0333725 0.0166128 0.00676272 0.00308733 0.000882094 0 0 0 0 0
 0 0 0 0 0 0 0 0.000805153 0.000690131 0.00759144 0.0133425 0.0154129 0.00931677 0.000345066 0.00356568 0.00563607 0.00851162 0.0253048 0.0502646 0.0516448 0.0657925 0.0565908 0.0611916 0.0827007 0.0866115 0.110766 0.145733 0.0935128 0.0569358 0.0249597 0.0138026 0.00621118 0.00161031 0.00115022 0 0
 0 0 0 0 0 0 0 0 0 0 0 0 0 0 0 0 0 0 0 0 0 0 0 0 0 0 0 0 0 0 0 0 0 0 0 0
 0.00147267 0.00158595 0.00478618 0.00569244 0.00954404 0.0108468 0.00647125 0.017049 0.0510054 0.094081 0.124002 0.0959785 0.0687766 0.0820023 0.061753 0.0591476 0.0492212 0.0479892 0.0443925 0.0268479 0.0217502 0.0140895 0.0121071 0.0120363 0.00920419 0.00665534 0.0049561 0.00860946 0.00930331 0.0156896 0.0114698 0.00855282 0.00243557 0.00046729 0 2.83206e-05
 0 0 0 0 0.000772559 0.00158375 0.000888443 0.00281984 0.00712685 0.0440552 0.0773331 0.111326 0.0921469 0.0852325 0.0710754 0.0886704 0.0786465 0.0553345 0.0373146 0.0185414 0.00753245 0.00457741 0.012979 0.0271748 0.0457355 0.0583668 0.034881 0.0177882 0.00938659 0.00492506 0.0015258 0.00185414 0.000309023 5.79419e-05 3.86279e-05 0
 0 0.00173294 0.00326652 0 0.00397197 0.00683976 0.00946217 0.0152591 0.00757587 0.0136028 0.0228656 0.0392903 0.0559909 0.0764795 0.0681675 0.0726916 0.0566044 0.0477403 0.0527397 0.0444891 0.0609904 0.0582453 0.0661739 0.0445044 0.0529084 0.0360697 0.0280645 0.0235558 0.0158879 0.00826598 0.00280645 0.00217768 0.000904811 0.00058276 9.20147e-05 0
ppred_pel_tallas
 1.01244e-16 3.29399e-05 0.000193331 0.000919011 0.00353824 0.0110337 0.0278702 0.0570262 0.0945272 0.126947 0.138144 0.121853 0.0872256 0.0509046 0.0247036 0.0108806 0.00584189 0.00535492 0.00682391 0.00910215 0.0117076 0.0143345 0.0166945 0.0185167 0.0195954 0.0198329 0.0192574 0.0180065 0.0162866 0.0143205 0.0123024 0.0103721 0.00860966 0.00704662 0.00568431 0.00451056
 1.01345e-16 3.20587e-05 0.000188155 0.000894398 0.00344347 0.0107381 0.0271237 0.055499 0.0919967 0.123552 0.134457 0.118619 0.0849524 0.0496609 0.0242545 0.0109446 0.00624662 0.00604896 0.00782214 0.0104316 0.0133726 0.0162981 0.0188719 0.0207816 0.0217973 0.0218224 0.0209128 0.0192549 0.0171136 0.0147666 0.0124485 0.0103189 0.00845676 0.00687656 0.00555358 0.00444804
 1.02217e-16 2.53935e-05 0.000149015 0.000708296 0.00272689 0.00850348 0.0214793 0.043951 0.0728591 0.0978642 0.106539 0.0940781 0.0675691 0.0398879 0.0202075 0.0103496 0.00762542 0.00883133 0.0119742 0.0161014 0.0206836 0.0252472 0.0292879 0.0323257 0.0340034 0.034165 0.0328862 0.0304419 0.027228 0.0236627 0.020102 0.0167915 0.0138577 0.0113315 0.00918574 0.0073699
 1.02448e-16 3.06857e-05 0.000180096 0.00085609 0.00329598 0.0102782 0.0259619 0.0531217 0.0880558 0.118258 0.128694 0.113529 0.081295 0.047499 0.0231556 0.0103801 0.00583759 0.00559839 0.00725396 0.00973949 0.0126008 0.0155389 0.0182625 0.0204922 0.0220077 0.0226921 0.0225498 0.021692 0.0202976 0.0185639 0.0166649 0.0147284 0.0128331 0.0110204 0.00931175 0.00772271
 1.02035e-16 3.12203e-05 0.000183233 0.000870998 0.00335337 0.0104572 0.026414 0.0540469 0.0895899 0.12032 0.130941 0.11552 0.082739 0.0483795 0.0236524 0.0107143 0.00617525 0.00603535 0.00783523 0.0104733 0.0134602 0.016458 0.0191379 0.0211918 0.0223901 0.0226311 0.02196 0.0205472 0.0186386 0.0164922 0.0143252 0.0122843 0.010442 0.0088133 0.00738033 0.00611532
 1.02931e-16 2.35381e-05 0.00013812 0.000656498 0.00252745 0.00788152 0.0199083 0.0407367 0.067532 0.0907129 0.0987643 0.0872377 0.0627106 0.0371294 0.0190131 0.0100705 0.00783046 0.00934002 0.0127572 0.0171872 0.0221069 0.0270261 0.031414 0.0347631 0.036693 0.0370338 0.0358579 0.0334462 0.0302057 0.0265668 0.0228953 0.0194425 0.0163379 0.0136142 0.0112471 0.00919175
 1.03302e-16 2.87856e-05 0.00016894 0.00080305 0.00309176 0.00964134 0.0243533 0.0498304 0.0826008 0.110934 0.120729 0.106516 0.0763017 0.0446396 0.021871 0.00999197 0.00588747 0.00588347 0.00772895 0.0104262 0.0135408 0.0167737 0.0198255 0.0224032 0.0242703 0.0252919 0.0254544 0.0248514 0.0236458 0.0220216 0.0201435 0.0181355 0.0160796 0.0140277 0.0120183 0.0100883
 1.0339e-16 2.64823e-05 0.000155412 0.000738719 0.00284405 0.00886884 0.0224021 0.0458387 0.0759865 0.102059 0.111091 0.0980621 0.0703529 0.0413754 0.0206735 0.0101203 0.00688557 0.00761148 0.0102224 0.0137567 0.0177268 0.0217328 0.0253572 0.0282022 0.0299673 0.0305137 0.029889 0.0282996 0.0260469 0.0234481 0.020769 0.0181881 0.0157937 0.0136059 0.0116089 0.00977947
 1.03181e-16 2.82603e-05 0.000165854 0.000788371 0.00303523 0.00946506 0.0239081 0.0489197 0.081092 0.108911 0.118534 0.104598 0.0749667 0.0439373 0.0216729 0.0101461 0.00631057 0.00656572 0.00869724 0.0117061 0.0151297 0.0186248 0.0218425 0.0244472 0.0261787 0.0269052 0.0266444 0.0255444 0.0238332 0.0217569 0.0195275 0.0172939 0.01514 0.0131005 0.011185 0.00939728
 1.03272e-16 2.65175e-05 0.000155618 0.000739703 0.00284783 0.00888065 0.0224319 0.0458997 0.0760875 0.102195 0.111238 0.0981898 0.0704407 0.0414194 0.0206816 0.0101017 0.00684497 0.00754901 0.0101366 0.0136476 0.0175983 0.0215934 0.0252202 0.0280835 0.0298827 0.0304751 0.0299012 0.0283582 0.0261386 0.0235529 0.0208643 0.0182532 0.0158134 0.0135731 0.0115252 0.00965337
 1.0503e-16 1.92364e-05 0.000112864 0.000536424 0.00206513 0.00643979 0.0162667 0.0332858 0.0551826 0.074132 0.0807317 0.0713574 0.0513993 0.0306423 0.0160804 0.00915077 0.00787855 0.00988891 0.013697 0.0185625 0.0240118 0.0295615 0.0346692 0.0388042 0.0415538 0.0427088 0.0422976 0.0405548 0.037842 0.0345495 0.031013 0.0274683 0.0240481 0.0208076 0.0177621 0.0149183
 1.07407e-16 1.88372e-05 0.000110528 0.000525336 0.00202247 0.00630677 0.0159306 0.0325975 0.0540394 0.0725901 0.0790364 0.0698204 0.0502085 0.0297655 0.0153175 0.00824644 0.00659668 0.00803581 0.0111296 0.0152092 0.0199065 0.0248744 0.0297178 0.0340322 0.037476 0.0398315 0.0410323 0.0411469 0.0403313 0.0387713 0.0366354 0.0340536 0.0311226 0.0279238 0.0245452 0.0210917
 1.06216e-16 2.62328e-05 0.000153955 0.000731809 0.00281747 0.00878598 0.0221927 0.0454096 0.0752731 0.101094 0.110023 0.0970781 0.0695568 0.0407263 0.0200158 0.00925226 0.00560683 0.0057427 0.00762036 0.0103417 0.0135201 0.0168894 0.0201796 0.0231221 0.025495 0.0271624 0.0280905 0.0283337 0.0279987 0.0272035 0.0260447 0.0245853 0.0228611 0.0208988 0.0187356 0.0164302
 1.04331e-16 2.68378e-05 0.000157501 0.000748657 0.00288232 0.00898819 0.0227036 0.0464553 0.0770079 0.103429 0.112576 0.0993586 0.0712522 0.041842 0.0207913 0.00998751 0.00655183 0.00707458 0.00945321 0.0127257 0.0164239 0.0201803 0.0236166 0.0263723 0.0281747 0.0288961 0.0285756 0.0273933 0.0256116 0.0235032 0.0212919 0.0191209 0.0170542 0.0150981 0.0132335 0.011442
 1.02528e-16 3.10815e-05 0.00018242 0.000867133 0.0033385 0.0104108 0.0262968 0.053807 0.0891919 0.119785 0.130355 0.114997 0.0823504 0.0481241 0.0234754 0.0105472 0.00596101 0.00573375 0.00742051 0.00993436 0.0128043 0.0157155 0.0183634 0.0204604 0.0217881 0.0222424 0.0218519 0.0207587 0.0191739 0.0173215 0.0153912 0.0135127 0.0117532 0.0101321 0.008644 0.007277
 1.01579e-16 3.25382e-05 0.000190972 0.00090779 0.00349504 0.0108989 0.0275299 0.0563299 0.0933736 0.1254 0.136463 0.120379 0.0861906 0.0503401 0.024503 0.0109162 0.00603524 0.00568218 0.00729011 0.00971598 0.0124653 0.0152114 0.0176433 0.0194723 0.020485 0.0205901 0.0198362 0.0183913 0.0164948 0.0143976 0.012311 0.0103778 0.00866805 0.00719395 0.0059338 0.004854
 1.01984e-16 2.72154e-05 0.000159713 0.000759165 0.00292276 0.00911429 0.0230221 0.0471075 0.0780902 0.104886 0.114171 0.100788 0.0723251 0.0425677 0.0213287 0.0105372 0.00728749 0.00812799 0.0109182 0.0146537 0.0188084 0.0229392 0.0265831 0.0293024 0.0307734 0.0308575 0.0296293 0.0273462 0.0243751 0.0211025 0.0178559 0.0148591 0.0122247 0.0099761 0.00808215 0.00649071
 1.02836e-16 2.718e-05 0.000159509 0.000758204 0.00291908 0.00910282 0.0229931 0.0470477 0.0779899 0.104748 0.114011 0.100624 0.0721582 0.0423709 0.0210488 0.0101032 0.00661944 0.00714541 0.00955385 0.012873 0.0166311 0.0204565 0.023963 0.0267777 0.0286106 0.0293144 0.0289087 0.0275591 0.0255228 0.0230799 0.0204752 0.017885 0.0154138 0.0131091 0.010987 0.00905263
 1.03214e-16 2.73946e-05 0.00016077 0.000764196 0.00294215 0.00917477 0.0231748 0.0474195 0.0786061 0.105575 0.114909 0.101413 0.0727143 0.0426785 0.0211663 0.0101004 0.00653905 0.00699966 0.0093367 0.0125723 0.0162363 0.019964 0.0233788 0.0261194 0.0279071 0.0286039 0.0282354 0.0269684 0.025056 0.0227698 0.0203423 0.0179352 0.0156374 0.0134824 0.0114755 0.00961489
 1.02362e-16 3.1895e-05 0.000187197 0.000889848 0.00342596 0.0106835 0.0269858 0.0552165 0.0915277 0.12292 0.133762 0.11799 0.0844671 0.0493074 0.0239525 0.0105918 0.00574907 0.00533027 0.00682602 0.0091296 0.011777 0.0144737 0.0169409 0.0189152 0.020195 0.0206814 0.0203947 0.0194586 0.0180591 0.0163952 0.0146368 0.0129012 0.0112518 0.00971101 0.00827986 0.00695455
 1.02302e-16 2.79385e-05 0.000163961 0.000779361 0.00300052 0.00935681 0.0236347 0.0483606 0.0801667 0.107672 0.117198 0.103444 0.0741968 0.0436002 0.021718 0.0105183 0.00700607 0.00762953 0.010191 0.0136713 0.0175564 0.02143 0.0248628 0.0274498 0.028891 0.0290578 0.028018 0.026007 0.0233603 0.0204294 0.0175102 0.0148019 0.0124019 0.0103269 0.0085464 0.00701372
 1.02517e-16 2.92184e-05 0.000171479 0.000815115 0.00313821 0.00978617 0.0247192 0.0505792 0.0838425 0.112604 0.122551 0.108135 0.0774852 0.0453806 0.0223236 0.0103471 0.00629456 0.00643708 0.00848162 0.011396 0.0147079 0.0180738 0.0211479 0.0235993 0.0251725 0.0257406 0.0253263 0.0240826 0.0222434 0.0200617 0.0177571 0.0154857 0.013337 0.0113481 0.00952729 0.00787268
pSPR Fmed_Fpbrs
0.688194   0.339346 0.339346
Fs Fmed_Fpbrs
0.238932   1.005 1.005
SSBpbr Bo_Bmed_Bpbrs
1.27916e+06  816352  370120 370120
Ro
52028.9
SPR SPRFo_SPRFmed_SPRFpbrs
1.07419e+06 739254 364524
log_Ro
10.6796
likeval ReclasPelacesDesembMPH_pf_preclas_ppelaces_ptallas_desvR_qrecl_qpela
 63.0195 26.4158 0.0162944 0.000188536 260.806 150.989 70.5915 0 13.909 8.26795e-05 0 0 0 0 0
q_reclas_q_pelaces
0.275686 1
M
0.7
N
 51383.4 15649.6 5893.01 701.573 0.34173
 66822.2 23521.2 5063.04 1906.55 227.088
 40721 30993 8154.5 1755.29 739.703
 67709.7 18304.3 9111.41 2397.29 733.487
 116020 32993.7 8228.49 4095.92 1407.4
 82825.3 57405.5 16074.9 4009.02 2681.29
 130496 39706.9 23685 6632.4 2760.37
 126458 63388.8 17557 10472.7 4153.14
 151698 60126 25040.6 6935.55 5777.65
 148101 71789.1 23173.1 9650.87 4899.79
 68627.8 70783.7 29146.7 9408.4 5907.64
 40585.6 31491.9 23197.2 9551.94 5019.36
 42213.4 18733.9 10645.3 7841.38 4925.56
 23408.2 18676 5065.62 2878.46 3452.16
 18499 9487.25 3183.96 863.604 1079.27
 23103.2 7599.41 1736.44 582.756 355.602
 19291.2 10642.8 2541.79 580.79 313.854
 20838.1 9079.31 3984.92 951.706 334.976
 23941.6 9978.73 3724.07 1634.5 527.76
 44170.5 11521.8 4200.99 1567.81 910.297
 48659 21244.1 4835.25 1762.99 1039.96
 69696.3 23793.6 9727.19 2213.96 1283.41
pred_Ctot
 2902.87 4019.63 1513.64 180.201 0.0877742
 3184.09 5212.5 1122.01 422.507 50.3246
 2792.45 9369.96 2465.31 530.669 223.631
 913.268 1254.36 624.386 164.281 50.2643
 301.599 448.336 111.813 55.6577 19.1245
 2064.83 7057.81 1976.36 492.896 329.656
 2049.77 3150.52 1879.27 526.242 219.019
 3878.54 9446.41 2616.4 1560.67 618.915
 5143.48 9822.91 4090.93 1133.07 943.907
 4007.47 9527.27 3075.35 1280.79 650.26
 3764.57 17727.6 7299.71 2356.31 1479.55
 2065.65 7392.44 5445.32 2242.23 1178.25
 3333.54 6352.67 3609.81 2659.01 1670.26
 3131.18 9362.21 2539.37 1442.96 1730.55
 2323.48 4555.75 1528.93 414.7 518.261
 1207.17 1825.04 417.016 139.952 85.3997
 726.968 1913.7 457.043 104.433 56.4347
 535.731 1148.84 504.227 120.423 42.3859
 532.825 1102.85 411.584 180.645 58.328
 1001.64 1296.09 472.57 176.363 102.4
 535.922 1196.46 272.321 99.2912 58.5706
 1032.62 1784.87 729.682 166.079 96.2746
F
 0.0814127 0.428475 0.428475 0.428475 0.428475
 0.0682755 0.359333 0.359333 0.359333 0.359333
 0.0996072 0.524232 0.524232 0.524232 0.524232
 0.0189123 0.0995355 0.0995355 0.0995355 0.0995355
 0.00362047 0.0190545 0.0190545 0.0190545 0.0190545
 0.0352073 0.185296 0.185296 0.185296 0.185296
 0.0220549 0.116075 0.116075 0.116075 0.116075
 0.0434716 0.228791 0.228791 0.228791 0.228791
 0.0481567 0.253448 0.253448 0.253448 0.253448
 0.0382655 0.201391 0.201391 0.201391 0.201391
 0.078966 0.415598 0.415598 0.415598 0.415598
 0.0730793 0.384616 0.384616 0.384616 0.384616
 0.115497 0.607859 0.607859 0.607859 0.607859
 0.203139 1.06912 1.06912 1.06912 1.06912
 0.189647 0.998111 0.998111 0.998111 0.998111
 0.075091 0.395204 0.395204 0.395204 0.395204
 0.0536512 0.282366 0.282366 0.282366 0.282366
 0.0363257 0.191182 0.191182 0.191182 0.191182
 0.0313769 0.165136 0.165136 0.165136 0.165136
 0.0319797 0.168309 0.168309 0.168309 0.168309
 0.0154194 0.0811521 0.0811521 0.0811521 0.0811521
 0.0207915 0.109426 0.109426 0.109426 0.109426
nmprior
 10 10 8 0
nm_flota  nm_reclas  nm_pelaces    nm_pelaL
inf 14.1176 18.5813 18.5813
cv_recla  cv_pelaces  cv_mph
0.772675 0.657464 0.445488
 ------------------------------------------------
Talla a la edad & desviación 
 7.2 14.2025 17.0495 18.207 18.6776
 1.08 2.13037 2.55742 2.73105 2.80164
