years
 1997 1998 1999 2000 2001 2002 2003 2004 2005 2006 2007 2008 2009 2010 2011 2012 2013 2014 2015 2016
reclasobs
 0 0 0 370054 412103 1.49427e+06 250295 1.28982e+06 931140 785840 897777 1.04006e+06 184774 17550 25797 100020 73551 82996 120727 218422
reclaspred
 3.50859e+06 604499 1.71547e+06 1.07825e+06 1.02045e+06 1.0942e+06 1.81151e+06 945247 796890 589905 397590 287393 240994 223047 398017 645403 878605 1.32003e+06 1.38469e+06 1.49196e+06
pelacesobs
 0 0 0 0 0 0 0 0 0 2.06254e+06 1.5e+06 0 1.87456e+06 323000 250000 174000 83755 137374 0 501740
pelacespred
 1.9244e+06 744627 694114 796937 646223 569007 874715 658935 441197 331609 168097 132400 111373 94851.7 198554 345223 496329 722924 827433 864716
mphobs
 0 0 0 0 0 112323 0 153150 637223 0 255016 313432 73983 77613 109348 50772 0 0 0 0
mphpred
 2.59379e+06 1.2543e+06 967305 1.19085e+06 929759 976941 1.2366e+06 1.15266e+06 774097 592097 443766 266181 221028 191351 247018 489189 673369 1.01964e+06 1.24482e+06 1.28842e+06
desembarqueobs
 350755 77701 442110 56441 14545 235359 269955 359681 431902 328805 639364 411747 362871 311530 167758 66681 60226 58785 57116 71774
desembarquepred
 350796 77714 442318 56447 14545.1 235341 269830 358815 430002 327000 633303 410736 362811 312888 168142 66730 60257.9 58800.2 57124.2 71779.8
Reclutas
 64042.2 64042.2 64042.2 64042.2 64042.2 64042.2 64042.2 64042.2 64042.2 64042.2 64042.2 64042.2 64042.2 64042.2 64042.2 64042.2 64042.2 64042.2 64042.2 64042.2
log_desv_Rt
 0 0 0 0 0 0 0 0 0 0 0 0 0 0 0 0 0 0 0 0
SSB
 2.59379e+06 1.2543e+06 967305 1.19085e+06 929759 976941 1.2366e+06 1.15266e+06 774097 592097 443766 266181 221028 191351 247018 489189 673369 1.01964e+06 1.24482e+06 1.28842e+06
BT
 4.69422e+06 1.53145e+06 1.94802e+06 1.67145e+06 1.33752e+06 1.29644e+06 2.17198e+06 1.80468e+06 1.41577e+06 1.06903e+06 997057 748712 656736 530341 677346 812043 1.16212e+06 1.58838e+06 1.69651e+06 1.80838e+06
Ftot
 0.0974191 0.125066 0.248859 0.0511531 0.0139564 0.208058 0.144739 0.363481 0.510977 0.52465 1.38344 1.27221 1.3364 1.25535 0.40509 0.100762 0.0669689 0.0435462 0.0403339 0.0470204
BD_Bspro_t
 0.985218 0.901604 0.833693 0.737925 0.791438 0.838187 0.770183 0.733576 0.613646 0.499076 0.399227 0.230615 0.197687 0.187638 0.233676 0.40367 0.565154 0.738269 0.821714 0.865227
BD_Bspro
 1.97672 0.955901 0.737181 0.907541 0.708567 0.744524 0.942408 0.878436 0.589937 0.451235 0.338193 0.202856 0.168445 0.145828 0.188252 0.372809 0.513173 0.777063 0.948671 0.981902
BD_Bo
 1.88549 0.911781 0.703156 0.865653 0.675863 0.710161 0.898911 0.837892 0.562708 0.430409 0.322583 0.193493 0.16067 0.139098 0.179563 0.355602 0.489488 0.741198 0.904886 0.936583
BD_Brms
 9.00835 4.35625 3.35949 4.13586 3.2291 3.39296 4.29476 4.00322 2.68847 2.05638 1.54122 0.924457 0.76764 0.664571 0.857903 1.69897 2.33864 3.54125 4.3233 4.47474
S_f
 0.5 1 1 1 1
 0.5 1 1 1 1
 0.5 1 1 1 1
 0.5 1 1 1 1
 0.5 1 1 1 1
 0.5 1 1 1 1
 0.5 1 1 1 1
 0.5 1 1 1 1
 0.5 1 1 1 1
 0.5 1 1 1 1
 0.5 1 1 1 1
 0.5 1 1 1 1
 0.5 1 1 1 1
 0.5 1 1 1 1
 0.5 1 1 1 1
 0.5 1 1 1 1
 0.5 1 1 1 1
 0.5 1 1 1 1
 0.5 1 1 1 1
 0.5 1 1 1 1
Scru_reclas
 0.5 1 1 1 1
 0.5 1 1 1 1
 0.5 1 1 1 1
 0.5 1 1 1 1
 0.5 1 1 1 1
 0.5 1 1 1 1
 0.5 1 1 1 1
 0.5 1 1 1 1
 0.5 1 1 1 1
 0.5 1 1 1 1
 0.5 1 1 1 1
 0.5 1 1 1 1
 0.5 1 1 1 1
 0.5 1 1 1 1
 0.5 1 1 1 1
 0.5 1 1 1 1
 0.5 1 1 1 1
 0.5 1 1 1 1
 0.5 1 1 1 1
 0.5 1 1 1 1
Scru_pelaces
 0.5 1 1 1 1
 0.5 1 1 1 1
 0.5 1 1 1 1
 0.5 1 1 1 1
 0.5 1 1 1 1
 0.5 1 1 1 1
 0.5 1 1 1 1
 0.5 1 1 1 1
 0.5 1 1 1 1
 0.5 1 1 1 1
 0.5 1 1 1 1
 0.5 1 1 1 1
 0.5 1 1 1 1
 0.5 1 1 1 1
 0.5 1 1 1 1
 0.5 1 1 1 1
 0.5 1 1 1 1
 0.5 1 1 1 1
 0.5 1 1 1 1
 0.5 1 1 1 1
pf_obs 
 0.256992 0.487395 0.22802 0.0275931 0
 0.321318 0.546541 0.124235 0.00734118 0.000564706
 0.182869 0.594174 0.210203 0.0122559 0.00049798
 0.330522 0.361315 0.267642 0.0388342 0.00168674
 0.649043 0.306663 0.0425973 0.00169635 0
 0.582887 0.30429 0.105238 0.00758474 0
 0.465427 0.430635 0.0974691 0.00646863 0
 0.296916 0.608066 0.0921331 0.00288517 0
 0.311714 0.524322 0.152257 0.0117073 0
 0.15457 0.633149 0.183074 0.0267441 0.00246327
 0.131901 0.49318 0.331252 0.0422183 0.00144891
 0.196976 0.569456 0.194076 0.0375587 0.00193317
 0.518974 0.381816 0.0799577 0.0180837 0.00116848
 0.0928022 0.601141 0.25162 0.0475244 0.00691264
 0.122501 0.610282 0.24278 0.0234846 0.000952079
 0.383417 0.481906 0.127806 0.00687128 0
 0.0376549 0.599619 0.316969 0.0457579 0
 0.0361596 0.667082 0.258105 0.0386534 0
 0.158088 0.579412 0.248529 0.0139706 0
 0.0477256 0.309471 0.559284 0.082774 0.000745712
pf_pred 
 0.301905 0.351431 0.174515 0.0866618 0.0854862
 0.338283 0.311421 0.176344 0.0875699 0.0863819
 0.367662 0.325264 0.144517 0.0818335 0.0807233
 0.390382 0.338531 0.139443 0.0619552 0.069689
 0.369285 0.356402 0.152331 0.0627458 0.0592367
 0.364237 0.343536 0.165131 0.0705789 0.0565177
 0.387475 0.3361 0.149366 0.0717974 0.0552605
 0.399163 0.341647 0.142221 0.0632044 0.0537645
 0.444357 0.331262 0.127587 0.0531119 0.0436817
 0.484911 0.334922 0.107412 0.0413701 0.0313853
 0.536114 0.318814 0.0943294 0.0302521 0.0204913
 0.66536 0.261782 0.0500723 0.0148152 0.00796966
 0.675065 0.278137 0.0366088 0.00700233 0.00318634
 0.681477 0.275199 0.0370841 0.00488106 0.00135846
 0.639469 0.311531 0.0423353 0.00570484 0.000959857
 0.501947 0.39827 0.0862206 0.0117169 0.00184455
 0.420276 0.391118 0.15082 0.0326506 0.00513553
 0.385326 0.366568 0.167388 0.0645469 0.0161715
 0.367359 0.35384 0.166266 0.0759232 0.0366118
 0.359257 0.346087 0.164803 0.0774392 0.0524138
pobs_RECLAS
 0 0 0 0 0
 0 0 0 0 0
 0 0 0 0 0
 0 0 0 0 0
 0.835266 0.146461 0.0176864 0.000547809 3.91292e-05
 0.385257 0.428462 0.181853 0.0044286 0
 0.867414 0.0963971 0.0333333 0.00285562 0
 0.441836 0.489002 0.0689373 0.000224442 0
 0.779404 0.147425 0.0564933 0.0165055 0.000172143
 0.814271 0.122319 0.05973 0.00367925 0
 0.40263 0.566651 0.0304383 0.000280538 0
 0.475488 0.404961 0.113038 0.00651328 0
 0.955842 0.0263864 0.0167828 0.000988607 0
 0.975058 0.0227948 0.00214734 0 0
 0.738997 0.206755 0.0527124 0.00153531 0
 0.850938 0.134255 0.0134407 0.00136685 0
 0.542534 0.407297 0.0501686 0 0
 0.764087 0.199537 0.0359546 0.000420521 0
 0.470689 0.182191 0.310203 0.0369168 0
 0.84361 0.089868 0.0606195 0.00523954 0.000663233
ppred_RECLAS
 0.302561 0.351101 0.174352 0.0865805 0.0854059
 0.3392 0.31099 0.1761 0.0874486 0.0862622
 0.369774 0.324178 0.144034 0.0815601 0.0804537
 0.390753 0.338325 0.139358 0.0619175 0.0696466
 0.36938 0.356348 0.152308 0.0627363 0.0592277
 0.365937 0.342617 0.164689 0.0703902 0.0563667
 0.388621 0.335472 0.149087 0.0716631 0.0551572
 0.402646 0.339667 0.141396 0.062838 0.0534528
 0.449949 0.327929 0.126303 0.0525774 0.0432421
 0.490767 0.331115 0.106191 0.0408998 0.0310285
 0.559715 0.302593 0.0895302 0.0287129 0.0194487
 0.683756 0.247392 0.0473198 0.0140008 0.00753156
 0.694565 0.261446 0.0344118 0.00658211 0.00299512
 0.699032 0.260032 0.0350403 0.00461205 0.00128359
 0.643302 0.308219 0.0418853 0.0056442 0.000949653
 0.502753 0.397626 0.0860811 0.0116979 0.00184157
 0.420782 0.390777 0.150688 0.0326221 0.00513106
 0.385638 0.366381 0.167303 0.0645141 0.0161633
 0.367641 0.353682 0.166192 0.0758893 0.0365955
 0.359586 0.34591 0.164718 0.0773995 0.0523869
pobs_PELACES
 0 0 0 0 0
 0 0 0 0 0
 0 0 0 0 0
 0 0 0 0 0
 0 0 0 0 0
 0 0 0 0 0
 0 0 0 0 0
 0 0 0 0 0
 0 0 0 0 0
 0 0 0 0 0
 0.450072 0.473896 0.0757376 0.000293798 0
 0 0 0 0 0
 0.463077 0.371075 0.160297 0.00555027 0
 0.529543 0.364841 0.0842815 0.0213345 0
 0.631943 0.363953 0.00410389 0 0
 0.735681 0.248677 0.0153453 0.000297389 0
 0.695825 0.281241 0.0229344 0 0
 0.275771 0.60734 0.115278 0.00161068 0
 0 0 0 0 0
 0.896147 0.0623911 0.0374545 0.00400742 0
ppred_PELACES
 0.305963 0.349388 0.173501 0.0861581 0.0849892
 0.34384 0.308806 0.174863 0.0868344 0.0856564
 0.379393 0.31923 0.141836 0.0803153 0.0792257
 0.392765 0.337208 0.138898 0.0617131 0.0694167
 0.369917 0.356045 0.152178 0.0626829 0.0591773
 0.373938 0.338294 0.162611 0.0695019 0.0556553
 0.39431 0.33235 0.1477 0.0709962 0.0546439
 0.417152 0.331419 0.137963 0.0613121 0.0521548
 0.470891 0.315443 0.121494 0.0505756 0.0415957
 0.512405 0.317045 0.101678 0.0391619 0.02971
 0.614975 0.264615 0.0782933 0.0251092 0.0170077
 0.727307 0.213323 0.0408033 0.0120727 0.00649437
 0.739246 0.2232 0.0293778 0.00561923 0.00255697
 0.740741 0.223996 0.0301843 0.00397289 0.0011057
 0.658488 0.295097 0.040102 0.0054039 0.000909222
 0.506909 0.394303 0.0853616 0.0116002 0.00182617
 0.423477 0.388959 0.149987 0.0324703 0.00510718
 0.387342 0.365365 0.16684 0.0643352 0.0161184
 0.36919 0.352816 0.165785 0.0757035 0.0365058
 0.361374 0.344944 0.164258 0.0771833 0.0522406
pobs_pel_tallas
 0 0 0 0 0 0 0 0 0 0 0 0 0 0 0 0 0 0 0 0 0 0 0 0 0 0 0 0 0 0 0 0 0 0 0 0
 0 0 0 0 0 0 0 0 0 0 0 0 0 0 0 0 0 0 0 0 0 0 0 0 0 0 0 0 0 0 0 0 0 0 0 0
 0 0 0 0 0 0 0 0 0 0 0 0 0 0 0 0 0 0 0 0 0 0 0 0 0 0 0 0 0 0 0 0 0 0 0 0
 0 0 0 0 0 0 0 0 0 0 0 0 0 0 0 0 0 0 0 0 0 0 0 0 0 0 0 0 0 0 0 0 0 0 0 0
 0 0 0 0 0 0 0 0 0 0 0 0 0 0 0 0 0 0 0 0 0 0 0 0 0 0 0 0 0 0 0 0 0 0 0 0
 0 0 0 0 0 0 0 0 0 0 0 0 0 0 0 0 0 0 0 0 0 0 0 0 0 0 0 0 0 0 0 0 0 0 0 0
 0 0 0 0 0 0 0 0 0 0 0 0 0 0 0 0 0 0 0 0 0 0 0 0 0 0 0 0 0 0 0 0 0 0 0 0
 0 0 0 0 0 0 0 0 0 0 0 0 0 0 0 0 0 0 0 0 0 0 0 0 0 0 0 0 0 0 0 0 0 0 0 0
 0 0 0 0 0 0 0 0 0 0 0 0 0 0 0 0 0 0 0 0 0 0 0 0 0 0 0 0 0 0 0 0 0 0 0 0
 0 0 0 0 0 0 0 0 0 0 0 0 0 0 0 0 0 0 0 0 0 0 0 0 0 0 0 0 0 0 0 0 0 0 0 0
 0 0 0 0 0 0 0 0 1.78061e-05 0.00172719 0.00360574 0.0105946 0.0120993 0.0124554 0.0147524 0.0171206 0.0266825 0.0428682 0.0675386 0.121331 0.153587 0.119568 0.100827 0.0573624 0.0630603 0.0341343 0.0324427 0.0444173 0.0211091 0.0280891 0.0125444 0.00206551 0 0 0 0
 0 0 0 0 0 0 0 0 0 0 0 0 0 0 0 0 0 0 0 0 0 0 0 0 0 0 0 0 0 0 0 0 0 0 0 0
 0 0 0 0 0 0 0.0133647 0.0140871 0.0187388 0.0205184 0.03894 0.0496705 0.03968 0.0493445 0.0407372 0.0367815 0.0215668 0.0243155 0.0234873 0.0199281 0.019796 0.0243948 0.0301388 0.0376714 0.0412746 0.0863199 0.0771752 0.113111 0.0741005 0.0525337 0.0229764 0.00759418 0.00175318 0 0 0
 0 0 0 0 0 0 0 0 0 0 0.00219441 0.00772107 0.0458388 0.0604681 0.0671733 0.0775358 0.0609151 0.0617685 0.073594 0.0568108 0.0755445 0.0548602 0.0670107 0.0636378 0.0643287 0.046367 0.0373049 0.0286899 0.0247887 0.0153202 0.00654259 0.00121912 0.000365735 0 0 0
 0 0 0 0 0 0 0 0 0 0 0 0 0.000112435 0.00938835 0.0111873 0.0202946 0.0414886 0.0713402 0.111592 0.104902 0.108894 0.110636 0.117776 0.105296 0.107544 0.0401394 0.0192827 0.0124803 0.00416011 0.0028671 0.000618394 0 0 0 0 0
 0 0 0 0 0 0 0 0 0 0 0.00291406 0.0102884 0.027416 0.0768956 0.0749926 0.110853 0.0956884 0.0897413 0.0766577 0.0534642 0.0500743 0.0551293 0.0594112 0.0620874 0.0668451 0.0424026 0.0208742 0.0120726 0.0048766 0.00582813 0.00118941 0.000297354 0 0 0 0
 0 0.00264628 0.0354308 0.0461629 0.0458689 0.0383711 0.0214643 0.0164657 0.0346957 0.0420465 0.0363128 0.0245516 0.0311673 0.0291091 0.0169068 0.0133784 0.00837989 0.0085269 0.0148486 0.0160247 0.0276389 0.0546898 0.0760071 0.122758 0.109233 0.0665981 0.0333725 0.0166128 0.00676272 0.00308733 0.000882094 0 0 0 0 0
 0 0 0 0 0 0 0 0.000805153 0.000690131 0.00759144 0.0133425 0.0154129 0.00931677 0.000345066 0.00356568 0.00563607 0.00851162 0.0253048 0.0502646 0.0516448 0.0657925 0.0565908 0.0611916 0.0827007 0.0866115 0.110766 0.145733 0.0935128 0.0569358 0.0249597 0.0138026 0.00621118 0.00161031 0.00115022 0 0
 0 0 0 0 0 0 0 0 0 0 0 0 0 0 0 0 0 0 0 0 0 0 0 0 0 0 0 0 0 0 0 0 0 0 0 0
 0.00147267 0.00158595 0.00478618 0.00569244 0.00954404 0.0108468 0.00647125 0.017049 0.0510054 0.094081 0.124002 0.0959785 0.0687766 0.0820023 0.061753 0.0591476 0.0492212 0.0479892 0.0443925 0.0268479 0.0217502 0.0140895 0.0121071 0.0120363 0.00920419 0.00665534 0.0049561 0.00860946 0.00930331 0.0156896 0.0114698 0.00855282 0.00243557 0.00046729 0 2.83206e-05
ppred_pel_tallas
 1.09509e-16 1.33684e-05 7.84131e-05 0.00037264 0.00143452 0.00447326 0.0112994 0.0231224 0.0383371 0.0515132 0.0561294 0.0496832 0.0359431 0.0217416 0.0119866 0.00773862 0.00769231 0.0102564 0.0144323 0.0196959 0.0256551 0.0318587 0.0377779 0.0428824 0.0467449 0.0491241 0.0499977 0.0495317 0.0480062 0.0457242 0.0429393 0.0398211 0.0364622 0.0329101 0.0292063 0.0254142
 1.09569e-16 1.50184e-05 8.81036e-05 0.000418718 0.00161195 0.00502656 0.0126969 0.0259816 0.0430751 0.0578717 0.063037 0.0557484 0.0402241 0.0241177 0.0129115 0.00775759 0.00714974 0.00927037 0.0129911 0.0177521 0.0231835 0.0288869 0.0343985 0.0392487 0.0430523 0.0455805 0.04679 0.0467979 0.0458191 0.0440903 0.04181 0.0391123 0.0360749 0.032748 0.0291872 0.0254748
 1.08579e-16 1.6569e-05 9.72064e-05 0.000461992 0.00177856 0.00554614 0.0140094 0.028667 0.0475262 0.0638493 0.069541 0.0614838 0.0443258 0.0265034 0.0140529 0.00822933 0.00735198 0.0093963 0.0131015 0.0178416 0.0232109 0.0287849 0.0340785 0.03861 0.0419953 0.0440238 0.0446873 0.0441508 0.0426826 0.0405685 0.0380444 0.0352636 0.0323035 0.0291959 0.0259651 0.0226549
 1.07446e-16 1.71528e-05 0.000100632 0.000478275 0.00184124 0.00574162 0.0145031 0.0296774 0.0492015 0.0661003 0.0719936 0.0636542 0.045895 0.0274501 0.0145696 0.00855296 0.00765902 0.00978847 0.0136291 0.0185217 0.0240309 0.0296991 0.0350068 0.0394416 0.0426015 0.0442755 0.0444758 0.0434056 0.0413827 0.038746 0.0357786 0.0326691 0.0295145 0.0263503 0.0231901 0.0200567
 1.07196e-16 1.61574e-05 9.47861e-05 0.000450478 0.00173421 0.00540783 0.0136601 0.0279526 0.0463432 0.0622639 0.0678248 0.0599914 0.0433043 0.0260015 0.013985 0.00849765 0.00791866 0.0102855 0.0143663 0.019528 0.0253286 0.031287 0.0368521 0.0414798 0.0447423 0.046415 0.0465104 0.0452454 0.0429613 0.0400243 0.0367444 0.0333331 0.0299046 0.0265058 0.0231568 0.0198826
 1.07408e-16 1.6332e-05 9.5813e-05 0.000455364 0.00175303 0.00546652 0.0138083 0.0282557 0.0468451 0.0629364 0.0685526 0.0606237 0.0437359 0.0262112 0.0140083 0.00837535 0.00766639 0.0098935 0.0138142 0.0188008 0.0244294 0.0302456 0.0357275 0.0403563 0.0437185 0.0455879 0.0459585 0.0450149 0.0430591 0.0404189 0.0373743 0.0341195 0.0307649 0.0273658 0.023958 0.0205863
 1.07198e-16 1.722e-05 0.000101027 0.000480154 0.00184848 0.00576418 0.0145601 0.029794 0.0493946 0.0663593 0.0722744 0.0638995 0.0460653 0.027539 0.0145933 0.00853087 0.00760195 0.00969839 0.0135042 0.0183614 0.0238396 0.0294882 0.034794 0.0392494 0.0424529 0.0441889 0.0444601 0.0434572 0.0414851 0.0388722 0.0358962 0.0327465 0.0295266 0.0262824 0.0230399 0.0198334
 1.06611e-16 1.8216e-05 0.000106874 0.000507953 0.00195551 0.00609796 0.0154032 0.031519 0.0522538 0.0701982 0.07645 0.0675779 0.048688 0.0290486 0.015286 0.00876682 0.00762717 0.00962554 0.0133629 0.0181443 0.0235252 0.0290497 0.0342032 0.0384793 0.0414812 0.0430014 0.0430541 0.0418442 0.039692 0.0369408 0.0338806 0.0307087 0.0275307 0.0243887 0.0212991 0.0182829
 1.05509e-16 2.05586e-05 0.000120629 0.000573348 0.00220731 0.00688317 0.0173866 0.035577 0.0589794 0.0792277 0.0862682 0.0762201 0.0548348 0.0325557 0.0168375 0.0091917 0.00748225 0.00915203 0.0126098 0.0170824 0.0221087 0.0272418 0.0319872 0.0358621 0.0384918 0.039687 0.0394737 0.0380633 0.0357796 0.0329685 0.0299224 0.0268407 0.0238293 0.0209259 0.0181377 0.0154702
 1.04281e-16 2.23689e-05 0.000131257 0.000623872 0.00240184 0.00748981 0.0189189 0.0387122 0.064176 0.0862055 0.0938585 0.0829085 0.0596075 0.0353102 0.0181157 0.00965262 0.00757857 0.00909457 0.012458 0.0168263 0.0217089 0.0266443 0.0311293 0.0346786 0.0369225 0.037686 0.0370186 0.0351629 0.0324774 0.0293422 0.0260783 0.022904 0.0199312 0.0171915 0.0146739 0.0123579
 1.02856e-16 2.68393e-05 0.000157507 0.000748679 0.00288239 0.00898841 0.0227042 0.0464567 0.077011 0.103435 0.112589 0.0993839 0.0713009 0.041932 0.0209499 0.0102523 0.00697007 0.00769892 0.0103334 0.0138963 0.0178905 0.0219068 0.0255183 0.0283184 0.0300005 0.0304244 0.0296412 0.0278668 0.0254165 0.0226235 0.0197709 0.0170519 0.014566 0.0123395 0.010357 0.00859052
 1.01368e-16 3.17353e-05 0.000186256 0.000885366 0.00340869 0.0106297 0.0268497 0.0549385 0.091068 0.122306 0.133104 0.117432 0.0841167 0.0492018 0.0240849 0.0109604 0.00638327 0.00628663 0.00816568 0.0108912 0.0139514 0.0169853 0.0196407 0.0215905 0.0225955 0.0225581 0.0215421 0.019749 0.0174623 0.0149782 0.0125458 0.0103328 0.00841996 0.00681815 0.00549563 0.00440444
 1.00803e-16 3.22564e-05 0.000189314 0.000899902 0.00346465 0.0108042 0.0272906 0.0558405 0.0925634 0.124315 0.135291 0.119364 0.0855057 0.0500243 0.0245059 0.0111815 0.00654995 0.0064756 0.0084082 0.0111922 0.0142965 0.0173409 0.0199549 0.0217969 0.0226215 0.0223361 0.0210217 0.0189068 0.016307 0.0135502 0.0109114 0.0085743 0.00662475 0.00506817 0.00385936 0.00293207
 1.0069e-16 3.23216e-05 0.000189697 0.000901722 0.00347166 0.010826 0.0273458 0.0559535 0.0927506 0.124566 0.135564 0.119606 0.0856791 0.0501264 0.024557 0.0112067 0.00656696 0.00649392 0.0084318 0.0112222 0.014332 0.0173794 0.0199919 0.021826 0.0226353 0.0223269 0.0209822 0.0188316 0.0161934 0.0133985 0.0107251 0.0083597 0.00639041 0.00482388 0.0036152 0.00269742
 1.00894e-16 2.87378e-05 0.00016865 0.000801651 0.00308634 0.0096244 0.0243106 0.0497439 0.0824603 0.110755 0.120557 0.10642 0.0763532 0.0449121 0.0224531 0.0110069 0.00749683 0.0082684 0.0110515 0.0147767 0.0188826 0.0228993 0.0263421 0.0287593 0.0298262 0.02942 0.027648 0.0248135 0.0213357 0.0176506 0.0141248 0.0110044 0.00840588 0.00633833 0.00474299 0.00353193
 1.01825e-16 2.21324e-05 0.000129862 0.000617223 0.00237621 0.00740986 0.018717 0.0382998 0.0634946 0.0852969 0.0928872 0.0820929 0.0591134 0.0352023 0.018399 0.0103449 0.00875006 0.010859 0.0149352 0.0200951 0.0257621 0.0313538 0.0362312 0.0397878 0.0415774 0.0414161 0.0394202 0.0359637 0.031576 0.0268138 0.0221503 0.0179097 0.014256 0.0112208 0.00875295 0.00676569
 1.03611e-16 1.84943e-05 0.000108503 0.000515681 0.00198525 0.00619066 0.0156375 0.0319987 0.0530505 0.0712731 0.0776321 0.0686505 0.0495209 0.0296657 0.0158293 0.00941863 0.00855911 0.0109832 0.015261 0.0206519 0.026641 0.0326774 0.038139 0.0424202 0.045056 0.0458209 0.0447686 0.0421962 0.0385522 0.0343208 0.0299233 0.0256607 0.0217054 0.0181268 0.0149329 0.0121077
 1.05452e-16 1.69177e-05 9.92486e-05 0.000471691 0.00181588 0.00566251 0.0143034 0.0292689 0.0485253 0.0651948 0.0710154 0.0628084 0.0453267 0.0271935 0.0145853 0.0087987 0.00813109 0.0105221 0.0146772 0.0199306 0.0258187 0.0318391 0.0374169 0.0419851 0.0450971 0.0465186 0.0462642 0.0445657 0.0417907 0.0383408 0.0345653 0.0307153 0.0269393 0.0233102 0.0198626 0.0166228
 1.06776e-16 1.61256e-05 9.45998e-05 0.000449593 0.0017308 0.0053972 0.0136332 0.0278976 0.046252 0.0621413 0.067691 0.0598724 0.0432171 0.0259466 0.0139512 0.00847124 0.00788972 0.0102491 0.0143222 0.0194803 0.0252861 0.0312633 0.0368638 0.0415442 0.0448729 0.0466172 0.0467774 0.0455567 0.0432839 0.0403168 0.0369637 0.0334415 0.0298765 0.0263318 0.0228449 0.019456
 1.07538e-16 1.57844e-05 9.25977e-05 0.000440076 0.00169417 0.00528295 0.0133446 0.0273071 0.0452729 0.060826 0.0662585 0.0586059 0.042304 0.0254008 0.0136624 0.00830407 0.00774437 0.0100696 0.0140817 0.0191694 0.0249094 0.0308406 0.0364313 0.0411529 0.044584 0.0464938 0.0468762 0.0459192 0.0439299 0.0412421 0.0381405 0.0348224 0.0314001 0.0279298 0.0244485 0.0210025
pSPR Fmed_Fpbrs
0.695259   0.259304 0.259304
Fs Fmed_Fpbrs
0.191134   1.005 1.005
SSBpbr Bo_Bmed_Bpbrs
1.37566e+06  887658  287932 287932
Ro
64042.2
SPR SPRFo_SPRFmed_SPRFpbrs
1.31217e+06 912297 340251
log_Ro
10.8873
likeval ReclasPelacesDesembMPH_pf_preclas_ppelaces_ptallas_desvR_qrecl_qpela
 274.716 135.253 0.88959 0.000846622 263.633 148.445 63.9226 0 0 0 0 0 0 0 0
q_reclas_q_pelaces
1 1
M
0.7
N
 64042.2 38074.4 18907.2 9389.03 9261.66
 64042.2 30290.4 17152.1 8517.5 8401.95
 64042.2 29874.6 13273.5 7516.17 7414.21
 64042.2 28081.5 11566.9 5139.26 5780.79
 64042.2 30999.3 13249.5 5457.54 5152.32
 64042.2 31581.2 15180.5 6488.32 5195.68
 64042.2 28660.3 12736.9 6122.38 4712.23
 64042.2 29582.2 12314.5 5472.67 4655.3
 64042.2 26517.4 10213.3 4251.59 3496.7
 64042.2 24632.2 7899.69 3042.6 2308.26
 64042.2 24464.3 7238.42 2321.41 1572.41
 64042.2 15923.9 3045.84 901.192 484.785
 64042.2 16834.6 2215.79 423.824 192.857
 64042.2 16302.9 2196.87 289.155 80.4755
 64042.2 16977.1 2307.09 310.889 52.308
 64042.2 25971.4 5622.49 764.065 120.284
 64042.2 30239.9 11660.8 2524.42 397.061
 64042.2 30755.1 14044 5415.51 1356.79
 64042.2 31117.4 14621.8 6676.85 3219.72
 64042.2 31167.5 14841.6 6973.92 4720.21
pred_Ctot
 2195.82 2556.03 1269.29 630.309 621.758
 2801.97 2579.48 1460.64 725.334 715.494
 5427.46 4801.58 2133.37 1208.03 1191.64
 1164.76 1010.05 416.047 184.852 207.927
 320.404 309.227 132.167 54.4405 51.3958
 4577.87 4317.69 2075.42 887.061 710.336
 3228.84 2800.73 1244.67 598.288 460.486
 7734.45 6619.98 2755.76 1224.69 1041.78
 10537.9 7855.82 3025.71 1259.54 1035.9
 10788.7 7451.62 2389.78 920.436 698.286
 23916 14222.3 4208.03 1349.54 914.114
 22475 8842.68 1691.38 500.44 269.205
 23314.9 9606.08 1264.36 241.841 110.047
 22250.7 8985.42 1210.82 159.37 44.3545
 8543.66 4162.22 565.623 76.2198 12.8242
 2269.5 1800.74 389.838 52.9767 8.33994
 1519.59 1414.17 545.319 118.055 18.5686
 993.211 944.861 431.459 166.375 41.6834
 920.594 886.718 416.659 190.262 91.7486
 1071.63 1032.35 491.592 230.994 156.346
F
 0.0487095 0.0974191 0.0974191 0.0974191 0.0974191
 0.0625328 0.125066 0.125066 0.125066 0.125066
 0.124429 0.248859 0.248859 0.248859 0.248859
 0.0255766 0.0511531 0.0511531 0.0511531 0.0511531
 0.00697821 0.0139564 0.0139564 0.0139564 0.0139564
 0.104029 0.208058 0.208058 0.208058 0.208058
 0.0723696 0.144739 0.144739 0.144739 0.144739
 0.181741 0.363481 0.363481 0.363481 0.363481
 0.255488 0.510977 0.510977 0.510977 0.510977
 0.262325 0.52465 0.52465 0.52465 0.52465
 0.69172 1.38344 1.38344 1.38344 1.38344
 0.636107 1.27221 1.27221 1.27221 1.27221
 0.6682 1.3364 1.3364 1.3364 1.3364
 0.627677 1.25535 1.25535 1.25535 1.25535
 0.202545 0.40509 0.40509 0.40509 0.40509
 0.0503809 0.100762 0.100762 0.100762 0.100762
 0.0334845 0.0669689 0.0669689 0.0669689 0.0669689
 0.0217731 0.0435462 0.0435462 0.0435462 0.0435462
 0.0201669 0.0403339 0.0403339 0.0403339 0.0403339
 0.0235102 0.0470204 0.0470204 0.0470204 0.0470204
nmprior
 10 10 8 0
nm_flota  nm_reclas  nm_pelaces    nm_pelaL
inf 6.34594 7.31901 7.31901
cv_recla  cv_pelaces  cv_mph
1.70551 1.64471 0.998011
 ------------------------------------------------
Talla a la edad & desviación 
 7.2 14.2025 17.0495 18.207 18.6776
 1.08 2.13037 2.55742 2.73105 2.80164
