years
 1997 1998 1999 2000 2001 2002 2003 2004 2005 2006 2007 2008 2009 2010 2011 2012 2013 2014 2015 2016 2017 2018 2019
reclasobs
 0 0 0 370054 412103 1.49427e+06 250295 1.28982e+06 931140 785840 897777 1.04006e+06 184774 17550 25797 100020 73551 82996 120727 218422 84188 347160 605670
reclaspred
 375074 103500 321690 240011 357201 426493 935528 629197 704565 638605 503093 338634 207035 96622.8 68607 70666.3 89386.4 120805 126469 186513 275256 251510 424739
pelacesobs
 0 0 0 0 0 0 0 0 0 2.06254e+06 1.5e+06 0 1.87456e+06 323000 250000 174000 83755 137374 0 501740 490994 745055 786931
pelacespred
 1.08713e+06 266316 513203 578064 735411 737643 1.83047e+06 1.54045e+06 1.52565e+06 1.3977e+06 993876 690418 420617 164549 114671 126054 166286 227021 245590 350802 574082 514109 686597
mphobs
 0 0 0 0 0 112323 0 153150 637223 0 255016 313432 73983 77613 109348 50772 0 0 0 0 0 0 0
mphpred
 138991 84923.3 105245 131624 141653 223518 337414 396150 342783 347696 325431 229811 142114 74854.6 36465.3 31720.1 38779 53901.7 65949.1 75599.8 116763 139987 174554
desembarqueobs
 350755 77701 442110 56441 14545 235359 269955 359681 431902 328805 639364 411747 362871 311530 167758 66681 60226 58785 57116 71774 51957 67425 138520
desembarquepred
 350760 77700.7 442102 56441.9 14545.1 235390 269979 359679 431927 328822 639559 411982 363192 311960 167797 66691.7 60243.7 58786 57112.4 71772.7 51957.1 67419.2 138517
Reclutas
 51630.2 66919.4 40807.6 67315.1 115208 82584.7 129874 125985 151094 147689 68620.6 40669.1 42254.7 23414.1 18477.4 23019.9 19202.6 20707.9 23782.1 45245.9 57141.6 71408.5 107605
log_desv_Rt
 -0.0465549 0.212828 -0.281793 0.218724 0.756075 0.423163 0.875905 0.845503 1.02724 1.00445 0.237932 -0.285193 -0.246945 -0.837322 -1.07411 -0.854303 -1.03561 -0.960145 -0.821729 -0.178548 0.0548716 0.277757 0.687806
SSB
 696928 425820 527714 659984 710274 1.12076e+06 1.69185e+06 1.98636e+06 1.71877e+06 1.74341e+06 1.63177e+06 1.15231e+06 712582 375334 182843 159050 194445 270273 330680 379071 585471 701919 875244
BT
 2.23338e+06 608493 1.16172e+06 1.09489e+06 1.32791e+06 1.50628e+06 3.4612e+06 3.16708e+06 3.12733e+06 2.82052e+06 2.35985e+06 1.61691e+06 1.11127e+06 596168 348774 280977 347210 453541 489147 686703 1.07018e+06 983783 1.32493e+06
Ftot
 0.429948 0.358982 0.523184 0.0993965 0.0191121 0.186345 0.116723 0.230134 0.25496 0.202554 0.417864 0.386696 0.611044 1.07472 1.0042 0.39742 0.28398 0.192375 0.166318 0.168867 0.0787234 0.100012 0.120611
BD_Bspro_t
 0.947228 0.754573 0.715844 0.595916 0.727033 0.846191 0.817405 0.823603 0.777115 0.74461 0.710944 0.564114 0.45155 0.33878 0.220365 0.235391 0.350334 0.514961 0.619602 0.700451 0.798029 0.859883 0.864106
BD_Bspro
 0.62517 0.381977 0.473379 0.59203 0.637142 1.00536 1.51765 1.78184 1.5418 1.5639 1.46375 1.03367 0.639213 0.336689 0.164017 0.142674 0.174424 0.242444 0.296632 0.34004 0.525189 0.629648 0.785127
BD_Bo
 0.548219 0.33496 0.415112 0.519159 0.558717 0.881615 1.33085 1.56252 1.35203 1.3714 1.28358 0.906435 0.560533 0.295246 0.143829 0.125112 0.152955 0.212602 0.26012 0.298185 0.460545 0.552146 0.688487
BD_Brms
 1.9042 1.16346 1.44186 1.80326 1.94067 3.06223 4.62261 5.4273 4.69617 4.76347 4.45844 3.14844 1.94697 1.02552 0.499579 0.434569 0.531277 0.73846 0.90351 1.03573 1.59967 1.91784 2.39141
S_f
 0.189593 1 1 1 1
 0.189593 1 1 1 1
 0.189593 1 1 1 1
 0.189593 1 1 1 1
 0.189593 1 1 1 1
 0.189593 1 1 1 1
 0.189593 1 1 1 1
 0.189593 1 1 1 1
 0.189593 1 1 1 1
 0.189593 1 1 1 1
 0.189593 1 1 1 1
 0.189593 1 1 1 1
 0.189593 1 1 1 1
 0.189593 1 1 1 1
 0.189593 1 1 1 1
 0.189593 1 1 1 1
 0.189593 1 1 1 1
 0.189593 1 1 1 1
 0.189593 1 1 1 1
 0.189593 1 1 1 1
 0.189593 1 1 1 1
 0.189593 1 1 1 1
 0.189593 1 1 1 1
Scru_reclas
 1 1 1 1 1
 1 1 1 1 1
 1 1 1 1 1
 1 1 1 1 1
 1 1 1 1 1
 1 1 1 1 1
 1 1 1 1 1
 1 1 1 1 1
 1 1 1 1 1
 1 1 1 1 1
 1 1 1 1 1
 1 1 1 1 1
 1 1 1 1 1
 1 1 1 1 1
 1 1 1 1 1
 1 1 1 1 1
 1 1 1 1 1
 1 1 1 1 1
 1 1 1 1 1
 1 1 1 1 1
 1 1 1 1 1
 1 1 1 1 1
 1 1 1 1 1
Scru_pelaces
 1 1 1 1 1
 1 1 1 1 1
 1 1 1 1 1
 1 1 1 1 1
 1 1 1 1 1
 1 1 1 1 1
 1 1 1 1 1
 1 1 1 1 1
 1 1 1 1 1
 1 1 1 1 1
 1 1 1 1 1
 1 1 1 1 1
 1 1 1 1 1
 1 1 1 1 1
 1 1 1 1 1
 1 1 1 1 1
 1 1 1 1 1
 1 1 1 1 1
 1 1 1 1 1
 1 1 1 1 1
 1 1 1 1 1
 1 1 1 1 1
 1 1 1 1 1
pf_obs 
 0.256992 0.487395 0.22802 0.0275931 0
 0.321318 0.546541 0.124235 0.00734118 0.000564706
 0.182869 0.594174 0.210203 0.0122559 0.00049798
 0.330522 0.361315 0.267642 0.0388342 0.00168674
 0.649043 0.306663 0.0425973 0.00169635 0
 0.582887 0.30429 0.105238 0.00758474 0
 0.465427 0.430635 0.0974691 0.00646863 0
 0.296916 0.608066 0.0921331 0.00288517 0
 0.311714 0.524322 0.152257 0.0117073 0
 0.15457 0.633149 0.183074 0.0267441 0.00246327
 0.131901 0.49318 0.331252 0.0422183 0.00144891
 0.196976 0.569456 0.194076 0.0375587 0.00193317
 0.518974 0.381816 0.0799577 0.0180837 0.00116848
 0.0928022 0.601141 0.25162 0.0475244 0.00691264
 0.122501 0.610282 0.24278 0.0234846 0.000952079
 0.383417 0.481906 0.127806 0.00687128 0
 0.0376549 0.599619 0.316969 0.0457579 0
 0.0361596 0.667082 0.258105 0.0386534 0
 0.158088 0.579412 0.248529 0.0139706 0
 0.0477256 0.309471 0.559284 0.082774 0.000745712
 0.0406174 0.521527 0.379366 0.0568643 0.0016247
 0.151134 0.462217 0.34131 0.0453401 0
 0.294876 0.26143 0.354403 0.0886775 0.000613685
pf_pred 
 0.33849 0.465503 0.175157 0.0208396 1.06067e-05
 0.318008 0.523445 0.111569 0.0419805 0.00499724
 0.18121 0.609237 0.160837 0.0342812 0.0144346
 0.301487 0.418495 0.208353 0.0550044 0.0166603
 0.320742 0.478417 0.120328 0.0599068 0.0206055
 0.173384 0.591262 0.165766 0.0416922 0.0278965
 0.261597 0.403557 0.239509 0.0671485 0.028189
 0.213976 0.52145 0.144597 0.0858175 0.03416
 0.243237 0.465316 0.193347 0.0536146 0.0444861
 0.216209 0.514192 0.16577 0.0688805 0.0349487
 0.115653 0.543826 0.223393 0.0720196 0.045109
 0.113159 0.404566 0.296573 0.121826 0.0638755
 0.189483 0.361786 0.204706 0.150062 0.0939628
 0.172203 0.515297 0.139489 0.0789257 0.0940856
 0.248991 0.488731 0.163266 0.0441955 0.0548166
 0.32824 0.497775 0.113224 0.0378237 0.0229381
 0.22278 0.587813 0.14035 0.031924 0.0171321
 0.227329 0.489057 0.214498 0.051215 0.017901
 0.232699 0.482615 0.180189 0.0790303 0.0254653
 0.334986 0.421094 0.15342 0.0572811 0.0332185
 0.275212 0.537546 0.118564 0.0431972 0.0254811
 0.252971 0.50416 0.180127 0.0397295 0.0230135
 0.285021 0.465811 0.16816 0.0600805 0.0209277
pobs_RECLAS
 0 0 0 0 0
 0 0 0 0 0
 0 0 0 0 0
 0 0 0 0 0
 0.835266 0.146461 0.0176864 0.000547809 3.91292e-05
 0.385257 0.428462 0.181853 0.0044286 0
 0.867414 0.0963971 0.0333333 0.00285562 0
 0.441836 0.489002 0.0689373 0.000224442 0
 0.779404 0.147425 0.0564933 0.0165055 0.000172143
 0.814271 0.122319 0.05973 0.00367925 0
 0.40263 0.566651 0.0304383 0.000280538 0
 0.475488 0.404961 0.113038 0.00651328 0
 0.955842 0.0263864 0.0167828 0.000988607 0
 0.975058 0.0227948 0.00214734 0 0
 0.738997 0.206755 0.0527124 0.00153531 0
 0.850938 0.134255 0.0134407 0.00136685 0
 0.542534 0.407297 0.0501686 0 0
 0.764087 0.199537 0.0359546 0.000420521 0
 0.470689 0.182191 0.310203 0.0369168 0
 0.84361 0.089868 0.0606195 0.00523954 0.000663233
 0.607945 0.314616 0.071237 0.00620181 0
 0.523733 0.453247 0.0230204 0 0
 0.530135 0.295979 0.169645 0.0042399 0
ppred_RECLAS
 0.735005 0.186476 0.0701662 0.00834814 4.24893e-06
 0.715403 0.218435 0.0465579 0.0175185 0.00208536
 0.547312 0.336832 0.0889224 0.0189532 0.00798054
 0.695868 0.182213 0.0907168 0.0239489 0.0072539
 0.7137 0.201648 0.050717 0.0252501 0.00868499
 0.527756 0.337787 0.0947016 0.0238187 0.0159372
 0.65276 0.189776 0.112631 0.0315771 0.0132561
 0.592571 0.270289 0.0749505 0.0444827 0.0177065
 0.632359 0.226054 0.0939294 0.0260464 0.0216117
 0.595338 0.265471 0.0855853 0.0355622 0.0180436
 0.414591 0.359995 0.147879 0.0476746 0.0298607
 0.408043 0.270044 0.197959 0.0813177 0.0426362
 0.562802 0.19515 0.11042 0.0809446 0.0506842
 0.546596 0.28224 0.0764015 0.0432294 0.0515329
 0.655718 0.224047 0.0748454 0.0202604 0.0251294
 0.725414 0.203468 0.0462809 0.0154606 0.00937606
 0.605824 0.298116 0.0711801 0.0161906 0.00868873
 0.610612 0.24646 0.108097 0.0258098 0.00902122
 0.617423 0.240633 0.0898427 0.0394047 0.012697
 0.728334 0.172022 0.062674 0.0234 0.0135701
 0.667848 0.246343 0.0543346 0.0197961 0.0116773
 0.642246 0.241443 0.0862631 0.0190266 0.0110212
 0.67905 0.2091 0.0754863 0.0269698 0.00939431
pobs_PELACES
 0 0 0 0 0
 0 0 0 0 0
 0 0 0 0 0
 0 0 0 0 0
 0 0 0 0 0
 0 0 0 0 0
 0 0 0 0 0
 0 0 0 0 0
 0 0 0 0 0
 0 0 0 0 0
 0.450072 0.473896 0.0757376 0.000293798 0
 0 0 0 0 0
 0.463077 0.371075 0.160297 0.00555027 0
 0.529543 0.364841 0.0842815 0.0213345 0
 0.631943 0.363953 0.00410389 0 0
 0.735681 0.248677 0.0153453 0.000297389 0
 0.695825 0.281241 0.0229344 0 0
 0.275771 0.60734 0.115278 0.00161068 0
 0 0 0 0 0
 0.896147 0.0623911 0.0374545 0.00400742 0
 0.803859 0.145111 0.0509908 3.86294e-05 0
 0.739449 0.233085 0.0266225 0.000797448 4.60066e-05
 0.878498 0.100942 0.0204185 0.000141795 0
ppred_PELACES
 0.756788 0.171148 0.0643984 0.00766191 3.89967e-06
 0.734539 0.203747 0.0434274 0.0163406 0.00194514
 0.581695 0.311249 0.0821686 0.0175137 0.0073744
 0.701464 0.17886 0.0890475 0.0235082 0.00712042
 0.714743 0.200913 0.0505322 0.0251581 0.00865334
 0.540157 0.328917 0.0922148 0.0231932 0.0155187
 0.659802 0.185927 0.110347 0.0309368 0.0129873
 0.607341 0.260491 0.0722334 0.0428701 0.0170646
 0.648062 0.216398 0.0899172 0.0249338 0.0206885
 0.608317 0.256956 0.0828401 0.0344215 0.0174649
 0.441946 0.343173 0.140969 0.0454469 0.0284654
 0.43324 0.258549 0.189533 0.0778564 0.0408214
 0.602515 0.177423 0.10039 0.0735919 0.0460803
 0.616411 0.238781 0.0646372 0.036573 0.0435978
 0.713578 0.186393 0.0622668 0.0168554 0.0209061
 0.74607 0.188162 0.0427993 0.0142976 0.00867073
 0.623807 0.284516 0.0679328 0.015452 0.00829234
 0.622773 0.238763 0.104721 0.0250038 0.00873949
 0.627873 0.23406 0.0873887 0.0383283 0.0123502
 0.737177 0.166422 0.0606339 0.0226383 0.0131284
 0.672502 0.242892 0.0535734 0.0195188 0.0115137
 0.648367 0.237312 0.084787 0.018701 0.0108326
 0.686039 0.204546 0.0738425 0.0263825 0.00918974
pobs_pel_tallas
 0 0 0 0 0 0 0 0 0 0 0 0 0 0 0 0 0 0 0 0 0 0 0 0 0 0 0 0 0 0 0 0 0 0 0 0
 0 0 0 0 0 0 0 0 0 0 0 0 0 0 0 0 0 0 0 0 0 0 0 0 0 0 0 0 0 0 0 0 0 0 0 0
 0 0 0 0 0 0 0 0 0 0 0 0 0 0 0 0 0 0 0 0 0 0 0 0 0 0 0 0 0 0 0 0 0 0 0 0
 0 0 0 0 0 0 0 0 0 0 0 0 0 0 0 0 0 0 0 0 0 0 0 0 0 0 0 0 0 0 0 0 0 0 0 0
 0 0 0 0 0 0 0 0 0 0 0 0 0 0 0 0 0 0 0 0 0 0 0 0 0 0 0 0 0 0 0 0 0 0 0 0
 0 0 0 0 0 0 0 0 0 0 0 0 0 0 0 0 0 0 0 0 0 0 0 0 0 0 0 0 0 0 0 0 0 0 0 0
 0 0 0 0 0 0 0 0 0 0 0 0 0 0 0 0 0 0 0 0 0 0 0 0 0 0 0 0 0 0 0 0 0 0 0 0
 0 0 0 0 0 0 0 0 0 0 0 0 0 0 0 0 0 0 0 0 0 0 0 0 0 0 0 0 0 0 0 0 0 0 0 0
 0 0 0 0 0 0 0 0 0 0 0 0 0 0 0 0 0 0 0 0 0 0 0 0 0 0 0 0 0 0 0 0 0 0 0 0
 0 0 0 0 0 0 0 0 0 0 0 0 0 0 0 0 0 0 0 0 0 0 0 0 0 0 0 0 0 0 0 0 0 0 0 0
 0 0 0 0 0 0 0 0 1.78061e-05 0.00172719 0.00360574 0.0105946 0.0120993 0.0124554 0.0147524 0.0171206 0.0266825 0.0428682 0.0675386 0.121331 0.153587 0.119568 0.100827 0.0573624 0.0630603 0.0341343 0.0324427 0.0444173 0.0211091 0.0280891 0.0125444 0.00206551 0 0 0 0
 0 0 0 0 0 0 0 0 0 0 0 0 0 0 0 0 0 0 0 0 0 0 0 0 0 0 0 0 0 0 0 0 0 0 0 0
 0 0 0 0 0 0 0.0133647 0.0140871 0.0187388 0.0205184 0.03894 0.0496705 0.03968 0.0493445 0.0407372 0.0367815 0.0215668 0.0243155 0.0234873 0.0199281 0.019796 0.0243948 0.0301388 0.0376714 0.0412746 0.0863199 0.0771752 0.113111 0.0741005 0.0525337 0.0229764 0.00759418 0.00175318 0 0 0
 0 0 0 0 0 0 0 0 0 0 0.00219441 0.00772107 0.0458388 0.0604681 0.0671733 0.0775358 0.0609151 0.0617685 0.073594 0.0568108 0.0755445 0.0548602 0.0670107 0.0636378 0.0643287 0.046367 0.0373049 0.0286899 0.0247887 0.0153202 0.00654259 0.00121912 0.000365735 0 0 0
 0 0 0 0 0 0 0 0 0 0 0 0 0.000112435 0.00938835 0.0111873 0.0202946 0.0414886 0.0713402 0.111592 0.104902 0.108894 0.110636 0.117776 0.105296 0.107544 0.0401394 0.0192827 0.0124803 0.00416011 0.0028671 0.000618394 0 0 0 0 0
 0 0 0 0 0 0 0 0 0 0 0.00291406 0.0102884 0.027416 0.0768956 0.0749926 0.110853 0.0956884 0.0897413 0.0766577 0.0534642 0.0500743 0.0551293 0.0594112 0.0620874 0.0668451 0.0424026 0.0208742 0.0120726 0.0048766 0.00582813 0.00118941 0.000297354 0 0 0 0
 0 0.00264628 0.0354308 0.0461629 0.0458689 0.0383711 0.0214643 0.0164657 0.0346957 0.0420465 0.0363128 0.0245516 0.0311673 0.0291091 0.0169068 0.0133784 0.00837989 0.0085269 0.0148486 0.0160247 0.0276389 0.0546898 0.0760071 0.122758 0.109233 0.0665981 0.0333725 0.0166128 0.00676272 0.00308733 0.000882094 0 0 0 0 0
 0 0 0 0 0 0 0 0.000805153 0.000690131 0.00759144 0.0133425 0.0154129 0.00931677 0.000345066 0.00356568 0.00563607 0.00851162 0.0253048 0.0502646 0.0516448 0.0657925 0.0565908 0.0611916 0.0827007 0.0866115 0.110766 0.145733 0.0935128 0.0569358 0.0249597 0.0138026 0.00621118 0.00161031 0.00115022 0 0
 0 0 0 0 0 0 0 0 0 0 0 0 0 0 0 0 0 0 0 0 0 0 0 0 0 0 0 0 0 0 0 0 0 0 0 0
 0.00147267 0.00158595 0.00478618 0.00569244 0.00954404 0.0108468 0.00647125 0.017049 0.0510054 0.094081 0.124002 0.0959785 0.0687766 0.0820023 0.061753 0.0591476 0.0492212 0.0479892 0.0443925 0.0268479 0.0217502 0.0140895 0.0121071 0.0120363 0.00920419 0.00665534 0.0049561 0.00860946 0.00930331 0.0156896 0.0114698 0.00855282 0.00243557 0.00046729 0 2.83206e-05
 0 0 0 0 0.000772559 0.00158375 0.000888443 0.00281984 0.00712685 0.0440552 0.0773331 0.111326 0.0921469 0.0852325 0.0710754 0.0886704 0.0786465 0.0553345 0.0373146 0.0185414 0.00753245 0.00457741 0.012979 0.0271748 0.0457355 0.0583668 0.034881 0.0177882 0.00938659 0.00492506 0.0015258 0.00185414 0.000309023 5.79419e-05 3.86279e-05 0
 0 0.00173294 0.00326652 0 0.00397197 0.00683976 0.00946217 0.0152591 0.00757587 0.0136028 0.0228656 0.0392903 0.0559909 0.0764795 0.0681675 0.0726916 0.0566044 0.0477403 0.0527397 0.0444891 0.0609904 0.0582453 0.0661739 0.0445044 0.0529084 0.0360697 0.0280645 0.0235558 0.0158879 0.00826598 0.00280645 0.00217768 0.000904811 0.00058276 9.20147e-05 0
 0 0 0 0 0 0 0 0 0 0 0 0 0 0 0 0 0 0 0 0 0 0 0 0 0 0 0 0 0 0 0 0 0 0 0 0
ppred_pel_tallas
 1.01234e-16 3.30192e-05 0.000193797 0.000921226 0.00354677 0.0110603 0.0279374 0.0571636 0.094755 0.127253 0.138476 0.122145 0.0874326 0.0510211 0.024752 0.0108882 0.00582614 0.00532277 0.00677582 0.00903637 0.0116226 0.0142302 0.0165728 0.0183814 0.0194518 0.019687 0.019115 0.0178726 0.0161646 0.0142123 0.0122087 0.0102923 0.00854283 0.00699146 0.00563948 0.00447476
 1.01336e-16 3.20503e-05 0.000188106 0.000894164 0.00344257 0.0107353 0.0271166 0.0554844 0.0919726 0.12352 0.134422 0.118589 0.0849313 0.0496501 0.0242521 0.0109485 0.00625555 0.0060631 0.00784217 0.0104581 0.0134056 0.0163365 0.0189138 0.0208241 0.0218369 0.0218557 0.0209369 0.0192681 0.0171153 0.0147576 0.0124308 0.0102949 0.00842926 0.00684807 0.00552616 0.00442314
 1.02215e-16 2.539e-05 0.000148994 0.000708198 0.00272652 0.00850231 0.0214764 0.0439449 0.072849 0.0978506 0.106524 0.0940651 0.0675599 0.0398826 0.020205 0.0103487 0.00762526 0.00883152 0.0119747 0.0161023 0.020685 0.0252494 0.029291 0.0323301 0.0340091 0.034172 0.0328943 0.0304508 0.0272371 0.0236714 0.0201097 0.0167977 0.013862 0.0113339 0.00918621 0.00736874
 1.02463e-16 3.06072e-05 0.000179636 0.000853898 0.00328754 0.0102519 0.0258955 0.0529857 0.0878304 0.117956 0.128365 0.11324 0.0810899 0.0473832 0.0231067 0.0103709 0.00585046 0.00562617 0.00729591 0.00979715 0.0126757 0.0156314 0.0183714 0.0206147 0.0221397 0.0228286 0.022686 0.0218237 0.0204215 0.0186779 0.016768 0.01482 0.0129133 0.0110896 0.00937042 0.00777146
 1.02052e-16 3.1187e-05 0.000183038 0.000870069 0.0033498 0.010446 0.0263859 0.0539893 0.0894943 0.120192 0.130801 0.115397 0.0826514 0.0483291 0.0236293 0.0107065 0.00617447 0.0060379 0.00784014 0.0104809 0.0134711 0.0164733 0.0191585 0.0212186 0.0224239 0.0226722 0.0220084 0.0206025 0.0186995 0.0165572 0.0143924 0.0123515 0.0105071 0.00887428 0.00743567 0.00616397
 1.02939e-16 2.35795e-05 0.000138363 0.000657654 0.0025319 0.0078954 0.0199434 0.0408085 0.0676509 0.0908724 0.0989376 0.0873898 0.062818 0.037189 0.0190361 0.0100707 0.00781638 0.00931455 0.0127199 0.0171369 0.0220428 0.0269489 0.0313259 0.0346681 0.0365962 0.0369406 0.0357735 0.0333744 0.0301488 0.0265253 0.0228684 0.0194282 0.0163335 0.0136172 0.0112549 0.00920238
 1.03297e-16 2.87908e-05 0.000168971 0.000803197 0.00309233 0.00964311 0.0243578 0.0498396 0.0826159 0.110955 0.120751 0.106536 0.076316 0.0446484 0.0218762 0.00999566 0.00589142 0.00588869 0.00773595 0.0104351 0.0135513 0.0167851 0.0198366 0.0224124 0.024276 0.0252927 0.0254492 0.0248398 0.0236283 0.0219993 0.020118 0.0181086 0.0160532 0.0140033 0.0119969 0.0100705
 1.03381e-16 2.65062e-05 0.000155552 0.000739386 0.00284661 0.00887684 0.0224223 0.0458801 0.0760551 0.102151 0.111191 0.0981501 0.0704154 0.0414107 0.0206885 0.0101233 0.00688203 0.00760361 0.0102105 0.0137403 0.0177056 0.0217067 0.0253266 0.0281679 0.0299303 0.0304753 0.0298504 0.0282618 0.0260106 0.0234136 0.0207364 0.0181576 0.0157653 0.0135796 0.011585 0.00975813
 1.03171e-16 2.82801e-05 0.00016597 0.000788924 0.00303736 0.0094717 0.0239248 0.048954 0.0811488 0.108987 0.118618 0.104671 0.0750188 0.0439671 0.0216864 0.0101502 0.00631023 0.00656302 0.00869267 0.0116995 0.0151206 0.0186127 0.021827 0.0244282 0.026156 0.0268788 0.0266147 0.0255118 0.0237983 0.0217206 0.0194906 0.0172575 0.015105 0.0130679 0.0111554 0.00937115
 1.03259e-16 2.65487e-05 0.000155801 0.000740573 0.00285118 0.00889109 0.0224583 0.0459537 0.076177 0.102315 0.111368 0.0983047 0.0705224 0.0414659 0.0207019 0.0101068 0.00684213 0.00754136 0.0101247 0.013631 0.0175764 0.0215659 0.0251869 0.0280449 0.0298395 0.0304284 0.029852 0.0283076 0.0260876 0.0235023 0.0208151 0.0182059 0.0157688 0.013532 0.011488 0.00962055
 1.05005e-16 1.92977e-05 0.000113224 0.000538135 0.00207172 0.00646034 0.0163186 0.033392 0.0553586 0.0743683 0.0809887 0.0715836 0.0515601 0.030734 0.0161208 0.00916156 0.00787422 0.00987571 0.0136761 0.0185332 0.0239727 0.0295117 0.0346083 0.0387326 0.0414724 0.0426191 0.0422014 0.0404542 0.037739 0.0344461 0.0309112 0.0273701 0.0239554 0.0207221 0.0176851 0.0148506
 1.07358e-16 1.89147e-05 0.000110983 0.000527498 0.00203079 0.00633273 0.0159961 0.0327317 0.0542618 0.0728887 0.0793612 0.0701066 0.0504127 0.0298833 0.015372 0.00826586 0.00660031 0.00803261 0.011122 0.0151968 0.0198875 0.0248466 0.0296786 0.0339789 0.0374061 0.0397434 0.0409253 0.0410214 0.0401896 0.0386167 0.0364725 0.0338878 0.0309593 0.0277683 0.0244017 0.0209636
 1.06165e-16 2.62924e-05 0.000154304 0.000733471 0.00282387 0.00880593 0.0222431 0.0455128 0.075444 0.101324 0.110273 0.0972982 0.069714 0.0408172 0.0200585 0.00926846 0.00561166 0.00574334 0.00761901 0.0103382 0.0135134 0.0168776 0.0201603 0.0230929 0.0254532 0.0271057 0.0280173 0.0282433 0.0278919 0.0270823 0.0259125 0.0244462 0.0227199 0.0207603 0.0186043 0.0163096
 1.0429e-16 2.69008e-05 0.00015787 0.000750413 0.00288908 0.00900927 0.0227568 0.0465643 0.0771885 0.103671 0.112839 0.0995907 0.0714174 0.0419365 0.0208336 0.01 0.00654969 0.00706451 0.00943679 0.0127023 0.0163925 0.0201398 0.0235664 0.026312 0.0281044 0.0288163 0.0284869 0.0272968 0.0255083 0.0233946 0.0211797 0.0190074 0.0169417 0.0149892 0.0131308 0.0113478
 1.02501e-16 3.11356e-05 0.000182738 0.000868645 0.00334432 0.0104289 0.0263427 0.0539008 0.0893473 0.119993 0.130582 0.115197 0.0824925 0.0482052 0.0235114 0.0105572 0.0059579 0.00572315 0.00740359 0.00991046 0.0127724 0.0156746 0.0183131 0.0204009 0.0217199 0.0221666 0.0217697 0.0206716 0.0190834 0.0172292 0.015299 0.0134223 0.0116663 0.0100506 0.00856932 0.00721032
 1.01566e-16 3.25525e-05 0.000191056 0.00090819 0.00349658 0.0109037 0.027542 0.0563547 0.0934147 0.125455 0.136523 0.120432 0.0862285 0.0503621 0.0245136 0.0109207 0.00603731 0.00568367 0.00729162 0.00971753 0.0124665 0.0152118 0.0176421 0.0194684 0.0204775 0.0205782 0.0198192 0.0183689 0.0164673 0.0143656 0.0122757 0.0103406 0.00863031 0.00715716 0.00589921 0.00482258
 1.01976e-16 2.72252e-05 0.000159771 0.000759438 0.00292381 0.00911757 0.0230304 0.0471244 0.0781183 0.104924 0.114212 0.100824 0.0723509 0.0425825 0.0213355 0.0105394 0.00728758 0.00812705 0.0109165 0.0146512 0.018805 0.0229346 0.0265771 0.0292949 0.0307642 0.0308465 0.0296165 0.0273315 0.0243587 0.0210846 0.0178369 0.0148394 0.0122048 0.00995658 0.00806355 0.0064735
 1.02832e-16 2.71783e-05 0.0001595 0.000758157 0.00291889 0.00910225 0.0229917 0.0470448 0.0779851 0.104741 0.114004 0.100618 0.072154 0.0423688 0.0210483 0.0101041 0.00662136 0.00714844 0.00955816 0.0128787 0.0166383 0.0204649 0.0239723 0.0267873 0.0286197 0.0293222 0.0289146 0.0275626 0.0255237 0.0230783 0.0204713 0.0178794 0.0154068 0.0131015 0.0109793 0.00904511
 1.03211e-16 2.74005e-05 0.000160804 0.000764362 0.00294278 0.00917675 0.0231798 0.0474298 0.078623 0.105597 0.114934 0.101435 0.0727298 0.0426873 0.02117 0.0101011 0.00653806 0.00699755 0.00933353 0.0125679 0.0162308 0.0199571 0.0233709 0.0261105 0.0278976 0.0285942 0.0282259 0.0269592 0.0250473 0.0227617 0.0203347 0.0179281 0.0156307 0.0134763 0.0114698 0.00960968
 1.02307e-16 3.21639e-05 0.000188776 0.000897356 0.00345487 0.0107737 0.0272135 0.0556824 0.0922997 0.123956 0.134888 0.118981 0.0851692 0.0497033 0.0241187 0.0106208 0.00570137 0.00522981 0.00667505 0.00892272 0.0115092 0.0141444 0.0165551 0.0184841 0.0197342 0.0202088 0.0199279 0.0190123 0.0176439 0.0160173 0.0142984 0.0126022 0.0109903 0.00948485 0.00808667 0.00679204
 1.02049e-16 2.93468e-05 0.00017223 0.000818681 0.00315192 0.00982895 0.0248272 0.0508005 0.0842102 0.1131 0.123097 0.108631 0.0778716 0.045669 0.02258 0.0106557 0.00673329 0.00706943 0.00935303 0.0125259 0.0160779 0.0196177 0.0227493 0.025101 0.026398 0.0265235 0.0255415 0.0236699 0.0212188 0.018513 0.0158252 0.0133392 0.0111443 0.00925503 0.00764174 0.00625981
 1.0243e-16 2.82943e-05 0.000166051 0.000789306 0.00303883 0.00947625 0.0239364 0.0489777 0.0811888 0.109043 0.118682 0.104739 0.0750911 0.0440567 0.0218181 0.0103573 0.00663112 0.00703769 0.00935619 0.0125729 0.0162006 0.0198627 0.0231733 0.025764 0.0273541 0.0278099 0.0271682 0.0256135 0.0234215 0.0208875 0.0182658 0.0157352 0.0133943 0.011278 0.00938483 0.00769979
 1.02451e-16 2.99356e-05 0.00017569 0.000835137 0.0032153 0.0100266 0.0253264 0.0518216 0.0859016 0.115368 0.125555 0.110778 0.0793612 0.0464428 0.022778 0.0104425 0.00619491 0.00620872 0.00813197 0.01091 0.0140687 0.0172726 0.0201886 0.0224996 0.0239634 0.0244622 0.0240234 0.0227996 0.0210203 0.0189315 0.016744 0.0146053 0.0125961 0.0107461 0.00905615 0.00751909
pSPR Fmed_Fpbrs
0.694103   0.3379 0.3379
Fs Fmed_Fpbrs
0.231591   1.005 1.005
SSBpbr Bo_Bmed_Bpbrs
1.27126e+06  818820  365995 365995
Ro
54090.6
SPR SPRFo_SPRFmed_SPRFpbrs
1.11478e+06 773773 376684
log_Ro
10.7184
likeval ReclasPelacesDesembMPH_pf_preclas_ppelaces_ptallas_desvR_qrecl_qpela
 64.3783 26.3986 0.0165513 0.00018858 275.751 161.838 74.7073 0 14.5972 8.08226e-05 0 0 0 0 0
q_reclas_q_pelaces
0.279727 1
M
0.7
N
 51630.2 15591.9 5866.81 698.014 0.355266
 66919.4 23631.7 5036.95 1895.27 225.608
 40807.6 31044.7 8195.69 1746.86 735.54
 67315.1 18350.8 9136.19 2411.92 730.549
 115208 32803.7 8250.54 4107.63 1412.86
 82584.7 57003.5 15981.4 4019.54 2689.5
 129874 39586.7 23494.5 6586.9 2765.19
 125985 63082 17492.5 10381.7 4132.48
 151094 59891.3 24885.9 6900.8 5725.86
 147689 71490.6 23047.8 9576.79 4859.09
 68620.6 70577.3 28991.8 9346.66 5854.22
 40669.1 31480.5 23077.2 9479.66 4970.35
 42254.7 18768 10619.3 7784.62 4874.41
 23414.1 18687.7 5058.7 2862.31 3412.1
 18477.4 9483.75 3168.15 857.608 1063.71
 23019.9 7584.9 1725.26 576.343 349.522
 19202.6 10601.6 2531.32 575.773 308.99
 20707.9 9035.91 3963.11 946.258 330.742
 23782.1 9914.94 3701.84 1623.61 523.164
 45245.9 11443.2 4169.2 1556.61 902.713
 57141.6 21760.5 4799.6 1748.67 1031.51
 71408.5 27955.3 9987.89 2202.97 1276.08
 107605 34794.4 12561 4487.8 1563.22
pred_Ctot
 2920.35 4016.17 1511.18 179.795 0.0915099
 3178.98 5232.63 1115.3 419.659 49.955
 2787.23 9370.78 2473.85 527.285 222.021
 904.736 1255.87 625.248 165.063 49.9961
 299.739 447.089 112.449 55.9839 19.2562
 2065.88 7044.91 1975.11 496.764 332.388
 2046.86 3157.62 1874.03 525.401 220.564
 3877.98 9450.48 2620.6 1555.31 619.098
 5141.97 9836.65 4087.31 1133.4 940.425
 4010.44 9537.7 3074.86 1277.66 648.261
 3776.05 17755.8 7293.73 2351.43 1472.8
 2076.35 7423.37 5441.8 2235.38 1172.05
 3346.48 6389.55 3615.33 2650.27 1659.49
 3140.7 9398.19 2544.06 1439.48 1715.97
 2329.12 4571.69 1527.22 413.414 512.766
 1206.8 1830.11 416.276 139.062 84.3335
 726.125 1915.9 457.454 104.052 55.8399
 534.509 1149.9 504.34 120.419 42.0898
 531.866 1103.08 411.847 180.634 58.2043
 1027.18 1291.21 470.438 175.643 101.859
 609.319 1190.13 262.5 95.6387 56.4153
 965.643 1924.49 687.582 151.656 87.8473
 1751.82 2863 1033.56 369.271 128.627
F
 0.0815152 0.429948 0.429948 0.429948 0.429948
 0.0680605 0.358982 0.358982 0.358982 0.358982
 0.0991922 0.523184 0.523184 0.523184 0.523184
 0.0188449 0.0993965 0.0993965 0.0993965 0.0993965
 0.00362351 0.0191121 0.0191121 0.0191121 0.0191121
 0.0353297 0.186345 0.186345 0.186345 0.186345
 0.0221298 0.116723 0.116723 0.116723 0.116723
 0.0436318 0.230134 0.230134 0.230134 0.230134
 0.0483386 0.25496 0.25496 0.25496 0.25496
 0.0384028 0.202554 0.202554 0.202554 0.202554
 0.079224 0.417864 0.417864 0.417864 0.417864
 0.0733148 0.386696 0.386696 0.386696 0.386696
 0.11585 0.611044 0.611044 0.611044 0.611044
 0.203759 1.07472 1.07472 1.07472 1.07472
 0.19039 1.0042 1.0042 1.0042 1.0042
 0.075348 0.39742 0.39742 0.39742 0.39742
 0.0538407 0.28398 0.28398 0.28398 0.28398
 0.0364729 0.192375 0.192375 0.192375 0.192375
 0.0315328 0.166318 0.166318 0.166318 0.166318
 0.0320161 0.168867 0.168867 0.168867 0.168867
 0.0149254 0.0787234 0.0787234 0.0787234 0.0787234
 0.0189615 0.100012 0.100012 0.100012 0.100012
 0.0228671 0.120611 0.120611 0.120611 0.120611
nmprior
 10 10 8 0
nm_flota  nm_reclas  nm_pelaces    nm_pelaL
inf 13.5595 17.749 23.6642
cv_recla  cv_pelaces  cv_mph
0.761186 0.629269 0.445539
 ------------------------------------------------
Talla a la edad & desviación 
 7.2 14.2025 17.0495 18.207 18.6776
 1.08 2.13037 2.55742 2.73105 2.80164
