years
 1997 1998 1999 2000 2001 2002 2003 2004 2005 2006 2007 2008 2009 2010 2011 2012 2013 2014 2015 2016
reclasobs
 0 0 0 370054 412103 1.49427e+06 250295 1.28982e+06 931140 785840 897777 1.04006e+06 184774 17550 25797 100020 73551 82996 120727 218422
reclaspred
 492977 126545 323916 228146 367195 436953 952787 647051 725418 728361 619448 436783 273334 114922 67978.9 61383.9 75137 104829 108944 186565
pelacesobs
 0 0 0 0 0 0 0 0 0 2.06254e+06 1.5e+06 0 1.87456e+06 323000 250000 174000 83755 137374 0 501740
pelacespred
 1.81749e+06 544552 693416 876705 1.20385e+06 1.33965e+06 2.77633e+06 2.44593e+06 2.29008e+06 2.42105e+06 1.86734e+06 1.40583e+06 794116 248159 131586 148228 190345 288489 339509 492966
mphobs
 0 0 0 0 0 112323 0 153150 637223 0 255016 313432 73983 77613 109348 50772 0 0 0 0
mphpred
 182032 100404 111548 111920 130840 219236 312290 372818 318828 333241 343952 250855 160909 82725.3 34989.2 26671.6 29433.2 40417.6 52569.3 60409.2
desembarqueobs
 350755 77701 442110 56441 14545 235359 269955 359681 431902 328805 639364 411747 362871 311530 167758 66681 60226 58785 57116 71774
desembarquepred
 350761 77699.6 442091 56443.4 14545.2 235423 270008 359667 431939 328815 639315 411762 362934 311604 167579 66682 60257.4 58780 57100.7 71770.7
Reclutas
 37145.3 45195.1 24100.7 37500.9 64711.2 46322.7 76935.5 78234.2 98292.9 114471 72113.3 47479.4 44315.7 24705.3 14194.3 12954.1 10569.6 12534 11702.7 30645.7
log_desv_Rt
 0.045395 0.241547 -0.387202 0.054923 0.600493 0.26619 0.773526 0.790265 1.01851 1.17088 0.708798 0.290854 0.221898 -0.362423 -0.916597 -1.00803 -1.21146 -1.041 -1.10962 -0.146948
SSB
 474154 261531 290558 291528 340810 571064 813451 971113 830479 868022 895922 653423 419134 215482 91139.6 69474 76667.2 105279 136932 157353
BT
 1.59311e+06 393647 689809 530192 681850 799732 1.85419e+06 1.71022e+06 1.74508e+06 1.66158e+06 1.56762e+06 1.10505e+06 801907 437413 228252 142114 162398 213471 217312 357800
Ftot
 0.851656 0.782486 1.34475 0.281336 0.0490628 0.468759 0.2962 0.602201 0.685149 0.518326 0.983102 0.842194 1.29246 2.53957 2.93919 1.32395 0.994538 0.65784 0.513095 0.510018
BD_Bspro_t
 0.916964 0.652571 0.575452 0.399305 0.564633 0.736213 0.683613 0.693867 0.626728 0.592286 0.569751 0.419644 0.319365 0.215208 0.115827 0.1101 0.162704 0.274849 0.385197 0.478634
BD_Bspro
 0.651939 0.359593 0.399503 0.400838 0.468598 0.785187 1.11846 1.33523 1.14187 1.19349 1.23185 0.898426 0.57629 0.296277 0.125313 0.0955235 0.105414 0.144754 0.188275 0.216353
BD_Bo
 0.486316 0.26824 0.298011 0.299006 0.349552 0.585712 0.834316 0.996022 0.851781 0.890287 0.918903 0.670184 0.429885 0.221009 0.0934774 0.071256 0.0786338 0.10798 0.140444 0.161389
BD_Brms
 1.3807 0.761558 0.846081 0.848908 0.992412 1.66289 2.3687 2.8278 2.41829 2.52761 2.60885 1.90272 1.22049 0.627466 0.265391 0.202303 0.223249 0.306565 0.398735 0.4582
S_f
 0.123177 0.727457 0.980663 0.998963 0.999945
 0.123177 0.727457 0.980663 0.998963 0.999945
 0.123177 0.727457 0.980663 0.998963 0.999945
 0.123177 0.727457 0.980663 0.998963 0.999945
 0.123177 0.727457 0.980663 0.998963 0.999945
 0.123177 0.727457 0.980663 0.998963 0.999945
 0.123177 0.727457 0.980663 0.998963 0.999945
 0.123177 0.727457 0.980663 0.998963 0.999945
 0.123177 0.727457 0.980663 0.998963 0.999945
 0.123177 0.727457 0.980663 0.998963 0.999945
 0.123177 0.727457 0.980663 0.998963 0.999945
 0.123177 0.727457 0.980663 0.998963 0.999945
 0.123177 0.727457 0.980663 0.998963 0.999945
 0.123177 0.727457 0.980663 0.998963 0.999945
 0.123177 0.727457 0.980663 0.998963 0.999945
 0.123177 0.727457 0.980663 0.998963 0.999945
 0.123177 0.727457 0.980663 0.998963 0.999945
 0.123177 0.727457 0.980663 0.998963 0.999945
 0.123177 0.727457 0.980663 0.998963 0.999945
 0.123177 0.727457 0.980663 0.998963 0.999945
Scru_reclas
 0.862735 0.985129 0.99857 0.999864 0.999987
 0.862735 0.985129 0.99857 0.999864 0.999987
 0.862735 0.985129 0.99857 0.999864 0.999987
 0.862735 0.985129 0.99857 0.999864 0.999987
 0.862735 0.985129 0.99857 0.999864 0.999987
 0.862735 0.985129 0.99857 0.999864 0.999987
 0.862735 0.985129 0.99857 0.999864 0.999987
 0.862735 0.985129 0.99857 0.999864 0.999987
 0.862735 0.985129 0.99857 0.999864 0.999987
 0.862735 0.985129 0.99857 0.999864 0.999987
 0.862735 0.985129 0.99857 0.999864 0.999987
 0.862735 0.985129 0.99857 0.999864 0.999987
 0.862735 0.985129 0.99857 0.999864 0.999987
 0.862735 0.985129 0.99857 0.999864 0.999987
 0.862735 0.985129 0.99857 0.999864 0.999987
 0.862735 0.985129 0.99857 0.999864 0.999987
 0.862735 0.985129 0.99857 0.999864 0.999987
 0.862735 0.985129 0.99857 0.999864 0.999987
 0.862735 0.985129 0.99857 0.999864 0.999987
 0.862735 0.985129 0.99857 0.999864 0.999987
Scru_pelaces
 0.462072 1 1 1 1
 0.462072 1 1 1 1
 0.462072 1 1 1 1
 0.462072 1 1 1 1
 0.462072 1 1 1 1
 0.462072 1 1 1 1
 0.462072 1 1 1 1
 0.462072 1 1 1 1
 0.462072 1 1 1 1
 0.462072 1 1 1 1
 0.462072 1 1 1 1
 0.462072 1 1 1 1
 0.462072 1 1 1 1
 0.462072 1 1 1 1
 0.462072 1 1 1 1
 0.462072 1 1 1 1
 0.462072 1 1 1 1
 0.462072 1 1 1 1
 0.462072 1 1 1 1
 0.462072 1 1 1 1
pf_obs 
 0.256992 0.487395 0.22802 0.0275931 0
 0.321318 0.546541 0.124235 0.00734118 0.000564706
 0.182869 0.594174 0.210203 0.0122559 0.00049798
 0.330522 0.361315 0.267642 0.0388342 0.00168674
 0.649043 0.306663 0.0425973 0.00169635 0
 0.582887 0.30429 0.105238 0.00758474 0
 0.465427 0.430635 0.0974691 0.00646863 0
 0.296916 0.608066 0.0921331 0.00288517 0
 0.311714 0.524322 0.152257 0.0117073 0
 0.15457 0.633149 0.183074 0.0267441 0.00246327
 0.131901 0.49318 0.331252 0.0422183 0.00144891
 0.196976 0.569456 0.194076 0.0375587 0.00193317
 0.518974 0.381816 0.0799577 0.0180837 0.00116848
 0.0928022 0.601141 0.25162 0.0475244 0.00691264
 0.122501 0.610282 0.24278 0.0234846 0.000952079
 0.383417 0.481906 0.127806 0.00687128 0
 0.0376549 0.599619 0.316969 0.0457579 0
 0.0361596 0.667082 0.258105 0.0386534 0
 0.158088 0.579412 0.248529 0.0139706 0
 0.0477256 0.309471 0.559284 0.082774 0.000745712
pf_pred 
 0.317332 0.468085 0.19168 0.0228919 1.19561e-05
 0.301406 0.537467 0.123862 0.0333835 0.00388072
 0.172328 0.623333 0.170592 0.026102 0.00764394
 0.297989 0.442172 0.217025 0.0359435 0.0068708
 0.300623 0.487117 0.149001 0.0530149 0.0102444
 0.159613 0.576084 0.199612 0.0456587 0.019032
 0.254777 0.393046 0.266658 0.0649503 0.0205685
 0.219426 0.523385 0.156609 0.0765455 0.0240344
 0.261534 0.476608 0.196289 0.0403124 0.0252571
 0.257267 0.521317 0.161612 0.0451177 0.0146859
 0.167127 0.57252 0.201344 0.0433463 0.0156619
 0.159001 0.508389 0.25772 0.0583026 0.0165879
 0.222162 0.46089 0.222034 0.0740012 0.0209127
 0.22331 0.576533 0.141787 0.0413045 0.0170652
 0.291385 0.585768 0.105779 0.0122755 0.00479261
 0.350261 0.570115 0.073013 0.00573801 0.000872634
 0.254485 0.607921 0.126905 0.00982869 0.000860122
 0.276995 0.512927 0.183452 0.0246131 0.00201295
 0.218709 0.555363 0.176782 0.043053 0.00609347
 0.405447 0.373967 0.172048 0.0381722 0.0103658
pobs_RECLAS
 0 0 0 0 0
 0 0 0 0 0
 0 0 0 0 0
 0 0 0 0 0
 0.835266 0.146461 0.0176864 0.000547809 3.91292e-05
 0.385257 0.428462 0.181853 0.0044286 0
 0.867414 0.0963971 0.0333333 0.00285562 0
 0.441836 0.489002 0.0689373 0.000224442 0
 0.779404 0.147425 0.0564933 0.0165055 0.000172143
 0.814271 0.122319 0.05973 0.00367925 0
 0.40263 0.566651 0.0304383 0.000280538 0
 0.475488 0.404961 0.113038 0.00651328 0
 0.955842 0.0263864 0.0167828 0.000988607 0
 0.975058 0.0227948 0.00214734 0 0
 0.738997 0.206755 0.0527124 0.00153531 0
 0.850938 0.134255 0.0134407 0.00136685 0
 0.542534 0.407297 0.0501686 0 0
 0.764087 0.199537 0.0359546 0.000420521 0
 0.470689 0.182191 0.310203 0.0369168 0
 0.84361 0.089868 0.0606195 0.00523954 0.000663233
ppred_RECLAS
 0.732996 0.199917 0.0600479 0.00703556 3.67102e-06
 0.712245 0.235948 0.0399998 0.0105791 0.00122861
 0.557551 0.358627 0.0702238 0.0105205 0.00307762
 0.710278 0.201452 0.0739393 0.012032 0.00229796
 0.706911 0.221079 0.0508098 0.0177691 0.00343067
 0.522031 0.356745 0.0919602 0.0206593 0.00860368
 0.670606 0.197606 0.100216 0.0239831 0.00758828
 0.621056 0.278359 0.0616924 0.029605 0.00928708
 0.676466 0.230468 0.0700915 0.0141298 0.00884449
 0.665452 0.254617 0.05863 0.0160738 0.00522729
 0.545095 0.342006 0.0877014 0.0185144 0.00668304
 0.533512 0.315619 0.117405 0.0260577 0.00740664
 0.644184 0.238737 0.0825342 0.0269397 0.0076051
 0.669462 0.269604 0.0435191 0.0123286 0.00508633
 0.74834 0.222257 0.0254263 0.00286155 0.00111543
 0.758187 0.219856 0.0201695 0.00155215 0.000235799
 0.662625 0.289667 0.0440679 0.00334665 0.00029258
 0.68893 0.238908 0.0631628 0.00831888 0.000679718
 0.615765 0.29533 0.0698396 0.0167032 0.00236192
 0.799808 0.139361 0.0476359 0.0103793 0.00281597
pobs_PELACES
 0 0 0 0 0
 0 0 0 0 0
 0 0 0 0 0
 0 0 0 0 0
 0 0 0 0 0
 0 0 0 0 0
 0 0 0 0 0
 0 0 0 0 0
 0 0 0 0 0
 0 0 0 0 0
 0.450072 0.473896 0.0757376 0.000293798 0
 0 0 0 0 0
 0.463077 0.371075 0.160297 0.00555027 0
 0.529543 0.364841 0.0842815 0.0213345 0
 0.631943 0.363953 0.00410389 0 0
 0.735681 0.248677 0.0153453 0.000297389 0
 0.695825 0.281241 0.0229344 0 0
 0.275771 0.60734 0.115278 0.00161068 0
 0 0 0 0 0
 0.896147 0.0623911 0.0374545 0.00400742 0
ppred_PELACES
 0.636711 0.277721 0.0766417 0.00892216 4.65356e-06
 0.607537 0.326338 0.0511245 0.0134401 0.00156029
 0.470772 0.438917 0.0757773 0.0112461 0.00328804
 0.580484 0.295014 0.10434 0.0169283 0.00323241
 0.563473 0.330736 0.0746818 0.026076 0.00503378
 0.390704 0.46088 0.112702 0.0252149 0.010498
 0.536452 0.282414 0.137844 0.0328864 0.010403
 0.49795 0.37513 0.0779955 0.0372444 0.0116798
 0.563424 0.31735 0.0899174 0.0180282 0.0112809
 0.541218 0.353939 0.0769955 0.0210157 0.00683241
 0.440492 0.430559 0.100333 0.0210285 0.00758717
 0.423027 0.400981 0.137151 0.0302467 0.00859392
 0.562457 0.305311 0.0934693 0.0302326 0.00853007
 0.648284 0.298197 0.0384073 0.0107011 0.00441068
 0.743415 0.232872 0.0205589 0.00227011 0.000883938
 0.685277 0.28923 0.0234353 0.00178679 0.000271296
 0.561477 0.381511 0.0526931 0.00397256 0.000347145
 0.575069 0.331496 0.0818373 0.0107218 0.000875759
 0.48689 0.399541 0.0892998 0.0212638 0.00300594
 0.703589 0.209884 0.0678233 0.0147133 0.00399068
pobs_pel_tallas
 0 0 0 0 0 0 0 0 0 0 0 0 0 0 0 0 0 0 0 0 0 0 0 0 0 0 0 0 0 0 0 0 0 0 0 0
 0 0 0 0 0 0 0 0 0 0 0 0 0 0 0 0 0 0 0 0 0 0 0 0 0 0 0 0 0 0 0 0 0 0 0 0
 0 0 0 0 0 0 0 0 0 0 0 0 0 0 0 0 0 0 0 0 0 0 0 0 0 0 0 0 0 0 0 0 0 0 0 0
 0 0 0 0 0 0 0 0 0 0 0 0 0 0 0 0 0 0 0 0 0 0 0 0 0 0 0 0 0 0 0 0 0 0 0 0
 0 0 0 0 0 0 0 0 0 0 0 0 0 0 0 0 0 0 0 0 0 0 0 0 0 0 0 0 0 0 0 0 0 0 0 0
 0 0 0 0 0 0 0 0 0 0 0 0 0 0 0 0 0 0 0 0 0 0 0 0 0 0 0 0 0 0 0 0 0 0 0 0
 0 0 0 0 0 0 0 0 0 0 0 0 0 0 0 0 0 0 0 0 0 0 0 0 0 0 0 0 0 0 0 0 0 0 0 0
 0 0 0 0 0 0 0 0 0 0 0 0 0 0 0 0 0 0 0 0 0 0 0 0 0 0 0 0 0 0 0 0 0 0 0 0
 0 0 0 0 0 0 0 0 0 0 0 0 0 0 0 0 0 0 0 0 0 0 0 0 0 0 0 0 0 0 0 0 0 0 0 0
 0 0 0 0 0 0 0 0 0 0 0 0 0 0 0 0 0 0 0 0 0 0 0 0 0 0 0 0 0 0 0 0 0 0 0 0
 0 0 0 0 0 0 0 0 1.78061e-05 0.00172719 0.00360574 0.0105946 0.0120993 0.0124554 0.0147524 0.0171206 0.0266825 0.0428682 0.0675386 0.121331 0.153587 0.119568 0.100827 0.0573624 0.0630603 0.0341343 0.0324427 0.0444173 0.0211091 0.0280891 0.0125444 0.00206551 0 0 0 0
 0 0 0 0 0 0 0 0 0 0 0 0 0 0 0 0 0 0 0 0 0 0 0 0 0 0 0 0 0 0 0 0 0 0 0 0
 0 0 0 0 0 0 0.0133647 0.0140871 0.0187388 0.0205184 0.03894 0.0496705 0.03968 0.0493445 0.0407372 0.0367815 0.0215668 0.0243155 0.0234873 0.0199281 0.019796 0.0243948 0.0301388 0.0376714 0.0412746 0.0863199 0.0771752 0.113111 0.0741005 0.0525337 0.0229764 0.00759418 0.00175318 0 0 0
 0 0 0 0 0 0 0 0 0 0 0.00219441 0.00772107 0.0458388 0.0604681 0.0671733 0.0775358 0.0609151 0.0617685 0.073594 0.0568108 0.0755445 0.0548602 0.0670107 0.0636378 0.0643287 0.046367 0.0373049 0.0286899 0.0247887 0.0153202 0.00654259 0.00121912 0.000365735 0 0 0
 0 0 0 0 0 0 0 0 0 0 0 0 0.000112435 0.00938835 0.0111873 0.0202946 0.0414886 0.0713402 0.111592 0.104902 0.108894 0.110636 0.117776 0.105296 0.107544 0.0401394 0.0192827 0.0124803 0.00416011 0.0028671 0.000618394 0 0 0 0 0
 0 0 0 0 0 0 0 0 0 0 0.00291406 0.0102884 0.027416 0.0768956 0.0749926 0.110853 0.0956884 0.0897413 0.0766577 0.0534642 0.0500743 0.0551293 0.0594112 0.0620874 0.0668451 0.0424026 0.0208742 0.0120726 0.0048766 0.00582813 0.00118941 0.000297354 0 0 0 0
 0 0.00264628 0.0354308 0.0461629 0.0458689 0.0383711 0.0214643 0.0164657 0.0346957 0.0420465 0.0363128 0.0245516 0.0311673 0.0291091 0.0169068 0.0133784 0.00837989 0.0085269 0.0148486 0.0160247 0.0276389 0.0546898 0.0760071 0.122758 0.109233 0.0665981 0.0333725 0.0166128 0.00676272 0.00308733 0.000882094 0 0 0 0 0
 0 0 0 0 0 0 0 0.000805153 0.000690131 0.00759144 0.0133425 0.0154129 0.00931677 0.000345066 0.00356568 0.00563607 0.00851162 0.0253048 0.0502646 0.0516448 0.0657925 0.0565908 0.0611916 0.0827007 0.0866115 0.110766 0.145733 0.0935128 0.0569358 0.0249597 0.0138026 0.00621118 0.00161031 0.00115022 0 0
 0 0 0 0 0 0 0 0 0 0 0 0 0 0 0 0 0 0 0 0 0 0 0 0 0 0 0 0 0 0 0 0 0 0 0 0
 0.00147267 0.00158595 0.00478618 0.00569244 0.00954404 0.0108468 0.00647125 0.017049 0.0510054 0.094081 0.124002 0.0959785 0.0687766 0.0820023 0.061753 0.0591476 0.0492212 0.0479892 0.0443925 0.0268479 0.0217502 0.0140895 0.0121071 0.0120363 0.00920419 0.00665534 0.0049561 0.00860946 0.00930331 0.0156896 0.0114698 0.00855282 0.00243557 0.00046729 0 2.83206e-05
ppred_pel_tallas
 1.01486e-16 2.77877e-05 0.000163073 0.000775139 0.00298427 0.0093061 0.0235066 0.0480987 0.079733 0.107091 0.116569 0.102898 0.0738231 0.0434178 0.0216961 0.0106223 0.0072238 0.00797257 0.0106826 0.014333 0.0183973 0.0224385 0.0260015 0.0286556 0.0300802 0.0301355 0.0288904 0.0265937 0.0236042 0.0203032 0.0170175 0.0139755 0.0112986 0.00902017 0.00711822 0.00554651
 1.01367e-16 2.65174e-05 0.000155612 0.000739657 0.00284763 0.00888001 0.0224304 0.0458971 0.0760851 0.102197 0.111255 0.0982405 0.0705541 0.0416403 0.0210762 0.0107606 0.00788037 0.00908253 0.0122764 0.0164562 0.0210577 0.025577 0.0294819 0.0322731 0.0335889 0.0332881 0.031481 0.0284925 0.0247745 0.0207981 0.0169598 0.0135261 0.0106244 0.00826787 0.00639866 0.0049292
 1.01759e-16 2.05585e-05 0.000120617 0.000573263 0.00220694 0.00688199 0.0173837 0.0355721 0.0589746 0.0792315 0.0862991 0.0763111 0.0550385 0.0329531 0.0175479 0.0103785 0.00934841 0.0119183 0.0164736 0.0221609 0.0283752 0.0344747 0.0397497 0.0435279 0.0453204 0.0449342 0.0425145 0.0384951 0.0334825 0.0281099 0.0229119 0.0182507 0.0143019 0.0110884 0.00853655 0.00653203
 1.0231e-16 2.53367e-05 0.000148682 0.000706719 0.00272082 0.00848456 0.0214315 0.043853 0.0726963 0.0976443 0.106297 0.0938567 0.0673943 0.039753 0.0200813 0.0101921 0.00739914 0.00850518 0.0115262 0.0155234 0.0199875 0.02447 0.0284923 0.0315949 0.0334285 0.0338295 0.0328489 0.0307253 0.0278127 0.0244918 0.0210923 0.0178485 0.0148918 0.0122699 0.00997983 0.00799711
 1.023e-16 2.45962e-05 0.000144332 0.000686031 0.00264116 0.00823612 0.020804 0.0425694 0.0705696 0.0947916 0.103201 0.0911469 0.0654996 0.0387379 0.0197573 0.0103347 0.00787807 0.00929272 0.0126478 0.0170079 0.0218328 0.0266242 0.0308476 0.0339957 0.035693 0.0357801 0.0343453 0.0316887 0.0282379 0.0244417 0.0206803 0.017212 0.0141661 0.0115675 0.00937868 0.00753796
 1.03107e-16 1.70681e-05 0.000100123 0.000475829 0.00183178 0.00571208 0.0144287 0.029526 0.048954 0.0657782 0.0716704 0.063434 0.0458786 0.0277248 0.0152313 0.0097376 0.00955313 0.0126094 0.0175798 0.0237291 0.0304797 0.0371784 0.0430867 0.0474967 0.0498825 0.0500188 0.0480248 0.0443161 0.0394868 0.0341633 0.0288774 0.0239938 0.0196977 0.0160299 0.0129425 0.0103528
 1.03665e-16 2.34162e-05 0.000137408 0.000653124 0.00251447 0.00784106 0.0198061 0.0405272 0.0671835 0.0902411 0.0982413 0.0867534 0.062314 0.0367978 0.0186666 0.00960578 0.00714479 0.00834234 0.0113778 0.0153938 0.0199249 0.0245552 0.0288325 0.0323143 0.034652 0.0356623 0.0353561 0.0339154 0.0316299 0.0288191 0.0257644 0.022672 0.0196686 0.016819 0.0141545 0.011695
 1.03055e-16 2.17409e-05 0.000127565 0.000606309 0.00233419 0.00727885 0.0183861 0.0376225 0.0623714 0.0837871 0.0912404 0.0806315 0.058048 0.0345419 0.0180066 0.0100508 0.00842193 0.0104129 0.014322 0.0192922 0.0247749 0.0302215 0.0350309 0.0386309 0.0405987 0.0407558 0.0392033 0.0362809 0.0324699 0.0282738 0.0241153 0.0202783 0.0168999 0.0140009 0.0115338 0.00942733
 1.02527e-16 2.45936e-05 0.000144318 0.000685965 0.00264091 0.00823535 0.020802 0.0425653 0.0705624 0.0947809 0.103187 0.0911276 0.0654715 0.0386929 0.0196823 0.0102123 0.00768739 0.00901192 0.0122585 0.0165009 0.0212147 0.0259222 0.0301105 0.0332903 0.035095 0.0353615 0.0341609 0.0317665 0.0285738 0.025002 0.0214087 0.0180409 0.0150276 0.0124028 0.0101437 0.00820543
 1.0225e-16 2.36268e-05 0.000138638 0.000658957 0.00253691 0.00791102 0.0199829 0.0408894 0.0677857 0.0910555 0.0991421 0.0875828 0.0629834 0.0373402 0.0192111 0.0103191 0.00819007 0.00986239 0.0134818 0.0181342 0.0232672 0.0283524 0.0328177 0.0361205 0.0378602 0.0378693 0.0362467 0.0333196 0.0295521 0.0254313 0.0213692 0.0176459 0.0144007 0.0116591 0.00937664 0.00748189
 1.02642e-16 1.92378e-05 0.000112864 0.000536408 0.00206504 0.00643948 0.016266 0.033285 0.0551837 0.0741406 0.0807598 0.0714267 0.0515457 0.0309223 0.0165775 0.00997952 0.00918025 0.0118166 0.0163864 0.0220921 0.0283587 0.0345661 0.0400219 0.0440645 0.0462047 0.0462353 0.0442731 0.0407133 0.0361183 0.0310803 0.0261019 0.0215272 0.0175304 0.0141474 0.0113292 0.0089924
 1.03519e-16 1.84752e-05 0.000108389 0.000515139 0.00198316 0.00618414 0.015621 0.0319651 0.0529952 0.0711997 0.0775548 0.0685883 0.0494893 0.0296731 0.015881 0.00952223 0.00872777 0.0112336 0.0156085 0.021104 0.0271915 0.0333016 0.0387929 0.0430441 0.0455825 0.0461868 0.0449268 0.0421246 0.0382579 0.0338383 0.0293069 0.0249742 0.0210113 0.0174777 0.0143663 0.0116438
 1.02864e-16 2.4551e-05 0.000144069 0.000684783 0.00263636 0.00822117 0.0207662 0.0424919 0.0704405 0.0946162 0.103005 0.0909612 0.0653393 0.0385894 0.0195832 0.0100862 0.00750398 0.00874485 0.0118873 0.0160147 0.0206172 0.0252367 0.0293814 0.0325804 0.0344781 0.034911 0.0339379 0.0318089 0.0288907 0.0255731 0.022189 0.0189691 0.0160356 0.0134251 0.0111241 0.00910128
 1.01217e-16 2.8293e-05 0.000166039 0.000789233 0.00303852 0.0094753 0.023934 0.0489734 0.0811832 0.10904 0.118692 0.104778 0.0751856 0.0442452 0.0221569 0.0109232 0.00751917 0.00834981 0.0111811 0.0149582 0.0191227 0.0232031 0.0267116 0.0291934 0.0303211 0.029971 0.0282504 0.0254631 0.0220287 0.0183824 0.0148887 0.0117901 0.00919918 0.00712167 0.00549704 0.00423771
 1.00488e-16 3.24385e-05 0.000190382 0.00090498 0.0034842 0.0108651 0.0274446 0.0561557 0.093086 0.125017 0.136057 0.120044 0.0860012 0.0503313 0.0246877 0.0113166 0.00669874 0.00667535 0.00867887 0.0115403 0.0147144 0.0178049 0.0204242 0.0222169 0.0229307 0.022476 0.020947 0.0185939 0.0157583 0.0127936 0.00999486 0.00755796 0.00557174 0.00403659 0.00289644 0.00207105
 1.00502e-16 2.99057e-05 0.000175507 0.000834251 0.00321186 0.0100158 0.0252993 0.0517668 0.0858131 0.115256 0.125452 0.110729 0.0794201 0.0466653 0.0232351 0.0112326 0.00744558 0.00806201 0.0107148 0.0142938 0.0182266 0.0220451 0.0252721 0.027467 0.0283171 0.0277128 0.0257733 0.0228121 0.0192566 0.0155485 0.0120567 0.00902581 0.00656649 0.00467831 0.00328979 0.00229872
 1.01026e-16 2.45112e-05 0.000143828 0.000683626 0.00263188 0.00820718 0.020731 0.0424203 0.0703239 0.0944658 0.102858 0.0908703 0.0653589 0.038771 0.0199873 0.0107972 0.00863425 0.0104219 0.0142263 0.0190817 0.0243901 0.0295737 0.0340105 0.0371171 0.0384731 0.0379202 0.0355976 0.0318985 0.0273672 0.0225696 0.0179824 0.0139264 0.0105542 0.00787891 0.00582476 0.00427723
 1.0168e-16 2.5102e-05 0.000147301 0.000700145 0.0026955 0.00840558 0.0212321 0.0434452 0.0720213 0.096741 0.105322 0.0930162 0.0668348 0.0395112 0.0201214 0.0104757 0.0079253 0.00930888 0.0126542 0.0170067 0.0218179 0.0265842 0.0307661 0.0338514 0.0354613 0.0354347 0.0338613 0.0310463 0.0274258 0.0234605 0.0195439 0.0159484 0.0128147 0.0101764 0.007999 0.0062189
 1.02269e-16 2.12597e-05 0.000124737 0.00059286 0.0022824 0.00711734 0.0179782 0.036788 0.060989 0.081933 0.0892292 0.0788726 0.056822 0.0338931 0.0178162 0.0101785 0.00879114 0.011016 0.0151882 0.0204537 0.0262431 0.0319715 0.0369944 0.0406979 0.0426289 0.0425974 0.0407153 0.0373531 0.0330373 0.0283215 0.0236756 0.019421 0.0157197 0.0126041 0.0100263 0.00790547
 1.01724e-16 3.07011e-05 0.000180184 0.000856499 0.00329755 0.0102831 0.0259743 0.0531472 0.0880989 0.118319 0.128766 0.11361 0.0813875 0.0476235 0.0233469 0.0106849 0.00631063 0.00629618 0.00822495 0.0110101 0.0141596 0.0173243 0.0201585 0.0223362 0.0236113 0.0238705 0.0231541 0.0216351 0.0195681 0.0172247 0.0148388 0.0125742 0.01052 0.00870499 0.00712207 0.00574967
pSPR Fmed_Fpbrs
0.48762   0.402225 0.402225
Fs Fmed_Fpbrs
0.693652   1.005 1.005
SSBpbr Bo_Bmed_Bpbrs
974991  426676  343416 343416
Ro
35496.8
SPR SPRFo_SPRFmed_SPRFpbrs
727298 354645 292537
log_Ro
10.2972
likeval ReclasPelacesDesembMPH_pf_preclas_ppelaces_ptallas_desvR_qrecl_qpela
 55.1816 14.1289 0.00852889 0.000208903 231.059 124.337 54.8893 0 14.8667 1.2836e-05 0.000109645 0 0 0 0
q_reclas_q_pelaces
0.601885 4.43591
M
0.7
N
 37145.3 11475.9 3787.72 446.684 0.23314
 45195.1 16608.8 3067.03 815.932 94.7839
 24100.7 20381 4667.89 707.056 206.95
 37500.9 10141.1 3805.15 619.998 118.414
 64711.2 17988.1 4103.9 1433.99 276.833
 46322.7 31941 8619.43 1942.2 808.928
 76935.5 21712.6 11278.4 2702.9 855.22
 78234.2 36836.2 8692.13 4188.81 1314.25
 98292.9 36072.4 11803.6 2391.36 1497.19
 114471 44860.5 10882 2993.69 973.69
 72113.3 53328.7 15279.3 3250.5 1173.74
 47479.4 31726.2 12952.8 2893.32 822.637
 44315.7 21254.2 8537.62 2816.24 795.434
 24705.3 18767.7 4122.04 1193.65 493.009
 14194.3 8972.83 1469.19 169.634 66.2107
 12954.1 4907.68 525.222 40.8583 6.21037
 10569.6 5464.81 930.24 71.1988 6.2268
 12534 4643.54 1316.33 174.188 14.2354
 11702.7 5739.73 1428.93 342.915 48.4962
 30645.7 5455.48 1962.38 429.022 116.412
pred_Ctot
 2676.56 3948.1 1616.74 193.084 0.100845
 3003.19 5355.28 1234.15 332.631 38.6672
 2671.19 9662.04 2644.28 404.597 118.486
 920.434 1365.79 670.352 111.023 21.2227
 280.499 454.509 139.027 49.466 9.55863
 1875.31 6768.48 2345.27 536.45 223.609
 1986.5 3064.59 2079.14 506.418 160.373
 4039.71 9635.72 2883.22 1409.23 442.483
 5748.92 10476.6 4314.74 886.131 555.191
 5110.57 10355.9 3210.39 896.255 291.732
 5956.33 20404.3 7175.8 1544.84 558.183
 3384.9 10822.9 5486.47 1241.18 353.132
 4733.8 9820.61 4731.08 1576.81 445.606
 4859.11 12545.1 3085.23 898.767 371.331
 3165.75 6364.08 1149.23 133.368 52.0693
 1415.11 2303.35 294.983 23.1824 3.52557
 882.633 2108.46 440.148 34.089 2.98317
 704.894 1305.29 466.848 62.6351 5.12255
 517.343 1313.68 418.167 101.839 14.4137
 1346.86 1242.28 571.526 126.804 34.4342
F
 0.104905 0.619543 0.835187 0.850773 0.851609
 0.0963846 0.569225 0.767355 0.781674 0.782443
 0.165643 0.978248 1.31875 1.34336 1.34468
 0.0346542 0.20466 0.275896 0.281044 0.281321
 0.00604343 0.0356911 0.0481141 0.0490119 0.0490601
 0.0577405 0.341002 0.459694 0.468273 0.468733
 0.0364851 0.215473 0.290472 0.295892 0.296183
 0.0741776 0.438075 0.590556 0.601577 0.602168
 0.0843949 0.498417 0.6719 0.684438 0.685111
 0.0638461 0.37706 0.508303 0.517789 0.518298
 0.121096 0.715165 0.964091 0.982082 0.983048
 0.103739 0.612661 0.825909 0.841321 0.842148
 0.159202 0.940209 1.26747 1.29112 1.29239
 0.312817 1.84743 2.49046 2.53693 2.53943
 0.362042 2.13814 2.88236 2.93614 2.93903
 0.16308 0.963114 1.29834 1.32257 1.32387
 0.122505 0.723484 0.975307 0.993507 0.994484
 0.081031 0.47855 0.645119 0.657158 0.657804
 0.0632017 0.373254 0.503173 0.512563 0.513067
 0.0628227 0.371016 0.500156 0.509489 0.50999
nmprior
 10 10 8 0
nm_flota  nm_reclas  nm_pelaces    nm_pelaL
inf 17.9172 23.4197 23.4197
cv_recla  cv_pelaces  cv_mph
0.764379 0.53158 0.49575
 ------------------------------------------------
Talla a la edad & desviación 
 7.2 14.2025 17.0495 18.207 18.6776
 1.08 2.13037 2.55742 2.73105 2.80164
