years
 1997 1998 1999 2000 2001 2002 2003 2004 2005 2006 2007 2008 2009 2010 2011 2012 2013 2014 2015 2016 2017
reclasobs
 0 0 0 370054 412103 1.49427e+06 250295 1.28982e+06 931140 785840 897777 1.04006e+06 184774 17550 25797 100020 73551 82996 120727 218422 84188
reclaspred
 1.13634e+06 233582 593917 316506 404197 518170 1.06607e+06 828717 1.08227e+06 1.21087e+06 1.14037e+06 782630 452771 206598 136108 133338 158554 220264 233548 282605 363975
pelacesobs
 0 0 0 0 0 0 0 0 0 2.06254e+06 1.5e+06 0 1.87456e+06 323000 250000 174000 83755 137374 0 501740 490994
pelacespred
 658621 232613 203906 221092 241181 238243 545774 530711 619287 719774 591406 420487 240486 88233.8 57619.8 64417.2 80280.2 112610 126162 146932 205758
mphobs
 0 0 0 0 0 112323 0 153150 637223 0 255016 313432 73983 77613 109348 50772 0 0 0 0 0
mphpred
 802915 431117 375810 342646 301373 462698 641100 855096 851702 1.05071e+06 1.146e+06 824885 505008 267206 126217 110987 124392 169735 206638 221098 293308
desembarqueobs
 350755 77701 442110 56441 14545 235359 269955 359681 431902 328805 639364 411747 362871 311530 167758 66681 60226 58785 57116 71774 51957
desembarquepred
 350758 77700.4 442115 56442.8 14545.1 235414 269974 359605 431829 328740 639317 411847 362924 311685 167705 66687.8 60243.4 58784.7 57109.7 71764.7 51957.6
Reclutas
 41602.3 44105.7 22710.4 26047.2 52540.7 39628.7 78595.5 87220.9 130734 139787 72956.8 40838.9 46158.9 28259.8 20018.1 16930.8 14489.6 15379.9 15481.9 24054.6 23686
log_desv_Rt
 0.124591 0.183025 -0.480742 -0.343654 0.358024 0.0759908 0.760751 0.864881 1.2696 1.33656 0.686304 0.106073 0.228527 -0.262123 -0.606925 -0.774429 -0.930135 -0.870505 -0.863892 -0.423237 -0.43868
SSB
 802915 431117 375810 342646 301373 462698 641100 855096 851702 1.05071e+06 1.146e+06 824885 505008 267206 126217 110987 124392 169735 206638 221098 293308
BT
 2.07419e+06 576322 759478 527433 581156 657472 1.67292e+06 1.6185e+06 1.98638e+06 1.98931e+06 1.83018e+06 1.2463e+06 890796 487028 287048 201313 237845 303217 311213 390741 504130
Ftot
 0.297042 0.31972 0.691754 0.173018 0.035201 0.432152 0.244853 0.414731 0.382553 0.262122 0.529059 0.497573 0.742718 1.30966 1.10743 0.475278 0.364267 0.257607 0.236216 0.24534 0.138798
BD_Bspro_t
 0.957738 0.756471 0.63781 0.433172 0.531649 0.693907 0.626192 0.660874 0.625051 0.622562 0.61399 0.460105 0.349772 0.249963 0.150352 0.158139 0.228638 0.361987 0.467457 0.545642 0.638242
BD_Bspro
 1.0582 0.568189 0.495298 0.451589 0.397193 0.609812 0.844936 1.12697 1.1225 1.38477 1.51037 1.08715 0.665574 0.352163 0.166347 0.146275 0.163941 0.223702 0.272338 0.291396 0.386564
BD_Bo
 0.828452 0.444829 0.387763 0.353544 0.310958 0.477415 0.66149 0.882293 0.87879 1.08412 1.18245 0.85112 0.52107 0.275704 0.130231 0.114517 0.128348 0.175134 0.21321 0.22813 0.302637
BD_Brms
 3.96575 2.12937 1.8562 1.69239 1.48854 2.28536 3.16652 4.22348 4.20672 5.18964 5.66033 4.07426 2.49433 1.31978 0.623408 0.548186 0.614394 0.838356 1.02062 1.09205 1.4487
S_f
 0.5 1 1 1 1
 0.5 1 1 1 1
 0.5 1 1 1 1
 0.5 1 1 1 1
 0.5 1 1 1 1
 0.5 1 1 1 1
 0.5 1 1 1 1
 0.5 1 1 1 1
 0.5 1 1 1 1
 0.5 1 1 1 1
 0.5 1 1 1 1
 0.5 1 1 1 1
 0.5 1 1 1 1
 0.5 1 1 1 1
 0.5 1 1 1 1
 0.5 1 1 1 1
 0.5 1 1 1 1
 0.5 1 1 1 1
 0.5 1 1 1 1
 0.5 1 1 1 1
 0.5 1 1 1 1
Scru_reclas
 0.5 1 1 1 1
 0.5 1 1 1 1
 0.5 1 1 1 1
 0.5 1 1 1 1
 0.5 1 1 1 1
 0.5 1 1 1 1
 0.5 1 1 1 1
 0.5 1 1 1 1
 0.5 1 1 1 1
 0.5 1 1 1 1
 0.5 1 1 1 1
 0.5 1 1 1 1
 0.5 1 1 1 1
 0.5 1 1 1 1
 0.5 1 1 1 1
 0.5 1 1 1 1
 0.5 1 1 1 1
 0.5 1 1 1 1
 0.5 1 1 1 1
 0.5 1 1 1 1
 0.5 1 1 1 1
Scru_pelaces
 0.5 1 1 1 1
 0.5 1 1 1 1
 0.5 1 1 1 1
 0.5 1 1 1 1
 0.5 1 1 1 1
 0.5 1 1 1 1
 0.5 1 1 1 1
 0.5 1 1 1 1
 0.5 1 1 1 1
 0.5 1 1 1 1
 0.5 1 1 1 1
 0.5 1 1 1 1
 0.5 1 1 1 1
 0.5 1 1 1 1
 0.5 1 1 1 1
 0.5 1 1 1 1
 0.5 1 1 1 1
 0.5 1 1 1 1
 0.5 1 1 1 1
 0.5 1 1 1 1
 0.5 1 1 1 1
pf_obs 
 0.256992 0.487395 0.22802 0.0275931 0
 0.321318 0.546541 0.124235 0.00734118 0.000564706
 0.182869 0.594174 0.210203 0.0122559 0.00049798
 0.330522 0.361315 0.267642 0.0388342 0.00168674
 0.649043 0.306663 0.0425973 0.00169635 0
 0.582887 0.30429 0.105238 0.00758474 0
 0.465427 0.430635 0.0974691 0.00646863 0
 0.296916 0.608066 0.0921331 0.00288517 0
 0.311714 0.524322 0.152257 0.0117073 0
 0.15457 0.633149 0.183074 0.0267441 0.00246327
 0.131901 0.49318 0.331252 0.0422183 0.00144891
 0.196976 0.569456 0.194076 0.0375587 0.00193317
 0.518974 0.381816 0.0799577 0.0180837 0.00116848
 0.0928022 0.601141 0.25162 0.0475244 0.00691264
 0.122501 0.610282 0.24278 0.0234846 0.000952079
 0.383417 0.481906 0.127806 0.00687128 0
 0.0376549 0.599619 0.316969 0.0457579 0
 0.0361596 0.667082 0.258105 0.0386534 0
 0.158088 0.579412 0.248529 0.0139706 0
 0.0477256 0.309471 0.559284 0.082774 0.000745712
 0.0406174 0.521527 0.379366 0.0568643 0.0016247
pf_pred 
 0.443644 0.391238 0.147513 0.0175999 4.83236e-06
 0.456793 0.344754 0.139555 0.0526178 0.00627963
 0.311828 0.446233 0.15355 0.0621563 0.0262323
 0.47176 0.27847 0.161959 0.0557305 0.0320803
 0.592801 0.265622 0.0746343 0.0434074 0.0235347
 0.386892 0.457515 0.101496 0.0285183 0.0255791
 0.605944 0.232011 0.120922 0.0268256 0.014298
 0.51378 0.373113 0.0665944 0.0347082 0.0118037
 0.586357 0.29144 0.0937762 0.0167375 0.0116901
 0.511658 0.371186 0.0825449 0.0265604 0.00805157
 0.316424 0.473834 0.159423 0.0354528 0.0148657
 0.297176 0.36526 0.233989 0.0787264 0.0248483
 0.45561 0.269281 0.142975 0.0915911 0.0405427
 0.43459 0.382618 0.0904174 0.0480073 0.044367
 0.542011 0.320373 0.0931257 0.0220068 0.0224831
 0.557134 0.340856 0.0713585 0.0207424 0.00990945
 0.467138 0.39596 0.105368 0.0220589 0.00947536
 0.472363 0.348693 0.13297 0.0353844 0.0105898
 0.443966 0.366115 0.125509 0.0478616 0.0165481
 0.539234 0.29065 0.112011 0.0383989 0.0197058
 0.452383 0.391643 0.0983879 0.0379168 0.019669
pobs_RECLAS
 0 0 0 0 0
 0 0 0 0 0
 0 0 0 0 0
 0 0 0 0 0
 0.835266 0.146461 0.0176864 0.000547809 3.91292e-05
 0.385257 0.428462 0.181853 0.0044286 0
 0.867414 0.0963971 0.0333333 0.00285562 0
 0.441836 0.489002 0.0689373 0.000224442 0
 0.779404 0.147425 0.0564933 0.0165055 0.000172143
 0.814271 0.122319 0.05973 0.00367925 0
 0.40263 0.566651 0.0304383 0.000280538 0
 0.475488 0.404961 0.113038 0.00651328 0
 0.955842 0.0263864 0.0167828 0.000988607 0
 0.975058 0.0227948 0.00214734 0 0
 0.738997 0.206755 0.0527124 0.00153531 0
 0.850938 0.134255 0.0134407 0.00136685 0
 0.542534 0.407297 0.0501686 0 0
 0.764087 0.199537 0.0359546 0.000420521 0
 0.470689 0.182191 0.310203 0.0369168 0
 0.84361 0.089868 0.0606195 0.00523954 0.000663233
 0.607945 0.314616 0.071237 0.00620181 0
ppred_RECLAS
 0.446426 0.389282 0.146775 0.017512 4.80821e-06
 0.459857 0.34281 0.138768 0.0523211 0.00624422
 0.31923 0.441434 0.151899 0.0614878 0.0259502
 0.473234 0.277693 0.161507 0.055575 0.0319908
 0.593056 0.265456 0.0745876 0.0433803 0.0235199
 0.391199 0.4543 0.100783 0.028318 0.0253994
 0.608067 0.230761 0.12027 0.026681 0.014221
 0.518071 0.369821 0.0660068 0.034402 0.0116996
 0.590106 0.288798 0.0929262 0.0165857 0.0115841
 0.514072 0.369351 0.0821368 0.0264291 0.00801176
 0.321573 0.470265 0.158223 0.0351858 0.0147538
 0.301756 0.362881 0.232464 0.0782134 0.0246864
 0.465023 0.264625 0.140503 0.0900073 0.0398416
 0.456228 0.367976 0.0869573 0.0461701 0.0426691
 0.558821 0.308614 0.0897076 0.021199 0.0216578
 0.562195 0.33696 0.0705429 0.0205053 0.00979621
 0.470759 0.393269 0.104652 0.021909 0.00941097
 0.474722 0.347134 0.132376 0.0352263 0.0105424
 0.446071 0.364729 0.125034 0.0476804 0.0164854
 0.54145 0.289252 0.111472 0.0382142 0.019611
 0.453523 0.390828 0.0981831 0.0378378 0.019628
pobs_PELACES
 0 0 0 0 0
 0 0 0 0 0
 0 0 0 0 0
 0 0 0 0 0
 0 0 0 0 0
 0 0 0 0 0
 0 0 0 0 0
 0 0 0 0 0
 0 0 0 0 0
 0 0 0 0 0
 0.450072 0.473896 0.0757376 0.000293798 0
 0 0 0 0 0
 0.463077 0.371075 0.160297 0.00555027 0
 0.529543 0.364841 0.0842815 0.0213345 0
 0.631943 0.363953 0.00410389 0 0
 0.735681 0.248677 0.0153453 0.000297389 0
 0.695825 0.281241 0.0229344 0 0
 0.275771 0.60734 0.115278 0.00161068 0
 0 0 0 0 0
 0.896147 0.0623911 0.0374545 0.00400742 0
 0.803859 0.145111 0.0509908 3.86294e-05 0
ppred_PELACES
 0.458567 0.380744 0.143556 0.0171279 4.70275e-06
 0.472985 0.334478 0.135395 0.0510495 0.00609245
 0.34453 0.425028 0.146254 0.0592027 0.0249858
 0.480356 0.273939 0.159323 0.0548236 0.0315583
 0.594457 0.264542 0.0743308 0.0432309 0.0234389
 0.408307 0.441534 0.0979511 0.0275222 0.0246856
 0.617652 0.225118 0.117329 0.0260285 0.0138732
 0.535128 0.356732 0.0636705 0.0331844 0.0112855
 0.605283 0.278105 0.0894856 0.0159717 0.0111552
 0.524867 0.361145 0.080312 0.0258419 0.00783377
 0.340906 0.456864 0.153714 0.0341831 0.0143333
 0.31933 0.353747 0.226613 0.0762448 0.0240651
 0.495603 0.249499 0.132472 0.0848624 0.0375642
 0.510137 0.331495 0.0783363 0.0415928 0.0384389
 0.603269 0.277522 0.0806697 0.0190633 0.0194758
 0.581394 0.322184 0.0674495 0.0196061 0.00936663
 0.485756 0.382125 0.101687 0.0212882 0.0091443
 0.485331 0.340123 0.129702 0.0345148 0.0103295
 0.455721 0.358375 0.122856 0.0468498 0.0161982
 0.551483 0.282924 0.109033 0.0373781 0.0191819
 0.459205 0.386764 0.0971623 0.0374444 0.019424
pobs_pel_tallas
 0 0 0 0 0 0 0 0 0 0 0 0 0 0 0 0 0 0 0 0 0 0 0 0 0 0 0 0 0 0 0 0 0 0 0 0
 0 0 0 0 0 0 0 0 0 0 0 0 0 0 0 0 0 0 0 0 0 0 0 0 0 0 0 0 0 0 0 0 0 0 0 0
 0 0 0 0 0 0 0 0 0 0 0 0 0 0 0 0 0 0 0 0 0 0 0 0 0 0 0 0 0 0 0 0 0 0 0 0
 0 0 0 0 0 0 0 0 0 0 0 0 0 0 0 0 0 0 0 0 0 0 0 0 0 0 0 0 0 0 0 0 0 0 0 0
 0 0 0 0 0 0 0 0 0 0 0 0 0 0 0 0 0 0 0 0 0 0 0 0 0 0 0 0 0 0 0 0 0 0 0 0
 0 0 0 0 0 0 0 0 0 0 0 0 0 0 0 0 0 0 0 0 0 0 0 0 0 0 0 0 0 0 0 0 0 0 0 0
 0 0 0 0 0 0 0 0 0 0 0 0 0 0 0 0 0 0 0 0 0 0 0 0 0 0 0 0 0 0 0 0 0 0 0 0
 0 0 0 0 0 0 0 0 0 0 0 0 0 0 0 0 0 0 0 0 0 0 0 0 0 0 0 0 0 0 0 0 0 0 0 0
 0 0 0 0 0 0 0 0 0 0 0 0 0 0 0 0 0 0 0 0 0 0 0 0 0 0 0 0 0 0 0 0 0 0 0 0
 0 0 0 0 0 0 0 0 0 0 0 0 0 0 0 0 0 0 0 0 0 0 0 0 0 0 0 0 0 0 0 0 0 0 0 0
 0 0 0 0 0 0 0 0 1.78061e-05 0.00172719 0.00360574 0.0105946 0.0120993 0.0124554 0.0147524 0.0171206 0.0266825 0.0428682 0.0675386 0.121331 0.153587 0.119568 0.100827 0.0573624 0.0630603 0.0341343 0.0324427 0.0444173 0.0211091 0.0280891 0.0125444 0.00206551 0 0 0 0
 0 0 0 0 0 0 0 0 0 0 0 0 0 0 0 0 0 0 0 0 0 0 0 0 0 0 0 0 0 0 0 0 0 0 0 0
 0 0 0 0 0 0 0.0133647 0.0140871 0.0187388 0.0205184 0.03894 0.0496705 0.03968 0.0493445 0.0407372 0.0367815 0.0215668 0.0243155 0.0234873 0.0199281 0.019796 0.0243948 0.0301388 0.0376714 0.0412746 0.0863199 0.0771752 0.113111 0.0741005 0.0525337 0.0229764 0.00759418 0.00175318 0 0 0
 0 0 0 0 0 0 0 0 0 0 0.00219441 0.00772107 0.0458388 0.0604681 0.0671733 0.0775358 0.0609151 0.0617685 0.073594 0.0568108 0.0755445 0.0548602 0.0670107 0.0636378 0.0643287 0.046367 0.0373049 0.0286899 0.0247887 0.0153202 0.00654259 0.00121912 0.000365735 0 0 0
 0 0 0 0 0 0 0 0 0 0 0 0 0.000112435 0.00938835 0.0111873 0.0202946 0.0414886 0.0713402 0.111592 0.104902 0.108894 0.110636 0.117776 0.105296 0.107544 0.0401394 0.0192827 0.0124803 0.00416011 0.0028671 0.000618394 0 0 0 0 0
 0 0 0 0 0 0 0 0 0 0 0.00291406 0.0102884 0.027416 0.0768956 0.0749926 0.110853 0.0956884 0.0897413 0.0766577 0.0534642 0.0500743 0.0551293 0.0594112 0.0620874 0.0668451 0.0424026 0.0208742 0.0120726 0.0048766 0.00582813 0.00118941 0.000297354 0 0 0 0
 0 0.00264628 0.0354308 0.0461629 0.0458689 0.0383711 0.0214643 0.0164657 0.0346957 0.0420465 0.0363128 0.0245516 0.0311673 0.0291091 0.0169068 0.0133784 0.00837989 0.0085269 0.0148486 0.0160247 0.0276389 0.0546898 0.0760071 0.122758 0.109233 0.0665981 0.0333725 0.0166128 0.00676272 0.00308733 0.000882094 0 0 0 0 0
 0 0 0 0 0 0 0 0.000805153 0.000690131 0.00759144 0.0133425 0.0154129 0.00931677 0.000345066 0.00356568 0.00563607 0.00851162 0.0253048 0.0502646 0.0516448 0.0657925 0.0565908 0.0611916 0.0827007 0.0866115 0.110766 0.145733 0.0935128 0.0569358 0.0249597 0.0138026 0.00621118 0.00161031 0.00115022 0 0
 0 0 0 0 0 0 0 0 0 0 0 0 0 0 0 0 0 0 0 0 0 0 0 0 0 0 0 0 0 0 0 0 0 0 0 0
 0.00147267 0.00158595 0.00478618 0.00569244 0.00954404 0.0108468 0.00647125 0.017049 0.0510054 0.094081 0.124002 0.0959785 0.0687766 0.0820023 0.061753 0.0591476 0.0492212 0.0479892 0.0443925 0.0268479 0.0217502 0.0140895 0.0121071 0.0120363 0.00920419 0.00665534 0.0049561 0.00860946 0.00930331 0.0156896 0.0114698 0.00855282 0.00243557 0.00046729 0 2.83206e-05
 0 0 0 0 0.000772559 0.00158375 0.000888443 0.00281984 0.00712685 0.0440552 0.0773331 0.111326 0.0921469 0.0852325 0.0710754 0.0886704 0.0786465 0.0553345 0.0373146 0.0185414 0.00753245 0.00457741 0.012979 0.0271748 0.0457355 0.0583668 0.034881 0.0177882 0.00938659 0.00492506 0.0015258 0.00185414 0.000309023 5.79419e-05 3.86279e-05 0
ppred_pel_tallas
 1.02751e-16 2.00241e-05 0.000117485 0.000558383 0.00214966 0.0067034 0.0169326 0.0346485 0.0574424 0.0771695 0.0840442 0.0742959 0.053539 0.031964 0.016857 0.00972066 0.00850349 0.0107326 0.0148523 0.0200697 0.0258566 0.0316642 0.0368789 0.0409057 0.0432905 0.0438176 0.0425488 0.0397883 0.0359913 0.0316499 0.0271932 0.0229295 0.0190358 0.0155819 0.012571 0.00997621
 1.0407e-16 2.06508e-05 0.000121168 0.000575906 0.00221715 0.00691386 0.0174641 0.0357358 0.0592432 0.0795836 0.0866598 0.0765759 0.0551121 0.0327631 0.017023 0.00941764 0.00780801 0.00962954 0.0132818 0.0179776 0.0232328 0.0285685 0.0334527 0.037366 0.039906 0.0408703 0.0402912 0.0384044 0.0355723 0.032187 0.0285886 0.0250192 0.021618 0.0184451 0.015517 0.012837
 1.05417e-16 1.50532e-05 8.82973e-05 0.000419615 0.00161536 0.00503717 0.0127239 0.0260376 0.043171 0.0580103 0.0632132 0.0559643 0.0405102 0.0245493 0.0136129 0.0088978 0.00893224 0.0119122 0.016686 0.0226181 0.0292034 0.0358589 0.0419149 0.0467186 0.0497697 0.050827 0.0499499 0.047457 0.0438248 0.0395612 0.0350993 0.0307383 0.026638 0.0228522 0.0193773 0.016195
 1.0571e-16 2.09698e-05 0.000123046 0.000584848 0.0022516 0.0070213 0.0177354 0.0362904 0.0601608 0.0808108 0.0879816 0.0777094 0.0558528 0.0330531 0.0168994 0.00891629 0.0069092 0.00826235 0.0113602 0.0154431 0.0200923 0.0249223 0.0295048 0.0334125 0.0362991 0.0379656 0.0383888 0.0377003 0.0361297 0.0339347 0.0313429 0.0285219 0.0255794 0.0225833 0.0195872 0.0166485
 1.03723e-16 2.59446e-05 0.000152254 0.000723707 0.00278625 0.00868859 0.0219468 0.0449072 0.0744426 0.0999865 0.108837 0.0960781 0.0689418 0.04057 0.0203168 0.0100217 0.00691691 0.00771688 0.0103899 0.0139919 0.0180393 0.0221298 0.0258417 0.0287721 0.0306164 0.0312329 0.0306678 0.0291272 0.0269127 0.024341 0.021677 0.0190973 0.016688 0.014468 0.0124214 0.0105264
 1.03634e-16 1.78348e-05 0.000104626 0.000497242 0.00191423 0.00596921 0.0150781 0.0308547 0.0511557 0.0687329 0.0748798 0.0662512 0.0478652 0.0288234 0.0156507 0.00972843 0.00927112 0.0121038 0.0168383 0.0227219 0.0291878 0.0356088 0.0412802 0.045528 0.0478533 0.0480447 0.04622 0.042778 0.0382855 0.0333357 0.0284279 0.0238984 0.0199108 0.0164912 0.0135845 0.011107
 1.03282e-16 2.69545e-05 0.000158187 0.000751919 0.00289488 0.00902736 0.0228025 0.0466576 0.077343 0.103878 0.113062 0.0997816 0.0715422 0.041986 0.020815 0.0099216 0.00641256 0.00686455 0.00917201 0.0123808 0.0160383 0.0197954 0.0232896 0.026167 0.0281475 0.0290802 0.0289666 0.0279427 0.0262301 0.0240743 0.0216922 0.0192438 0.0168291 0.0145024 0.0122942 0.010228
 1.02688e-16 2.33613e-05 0.00013708 0.000651547 0.00250838 0.00782204 0.0197581 0.0404296 0.0670236 0.0900323 0.0980295 0.0866035 0.0622868 0.0369426 0.0190347 0.0102692 0.00820254 0.00990766 0.0135508 0.0182254 0.0233795 0.0284831 0.0329625 0.0362749 0.0380221 0.0380414 0.0364378 0.0335451 0.0298314 0.0257845 0.0218122 0.0181861 0.015034 0.0123692 0.0101372 0.00826
 1.02431e-16 2.64172e-05 0.000155028 0.00073689 0.002837 0.00884685 0.0223466 0.0457252 0.0757989 0.101809 0.110823 0.0978354 0.0702124 0.0413372 0.0207368 0.0102871 0.00717241 0.00804759 0.0108408 0.0145828 0.0187671 0.0229655 0.0267269 0.0296209 0.0313221 0.0316811 0.0307513 0.0287619 0.0260497 0.0229734 0.019841 0.0168675 0.0141686 0.0117805 0.00969187 0.00787347
 1.02512e-16 2.29141e-05 0.000134454 0.000639062 0.0024603 0.00767213 0.0193795 0.0396549 0.0657397 0.0883088 0.0961559 0.0849555 0.0611173 0.0362808 0.0187525 0.010212 0.00826904 0.0100581 0.0137829 0.0185517 0.0238144 0.0290362 0.0336349 0.0370572 0.0388938 0.0389719 0.0373891 0.0344748 0.0306975 0.0265486 0.0224437 0.0186652 0.0153532 0.0125338 0.010164 0.00817466
 1.04176e-16 1.48966e-05 8.73746e-05 0.000415222 0.00159843 0.00498437 0.0125906 0.025765 0.0427202 0.0574076 0.0625648 0.05541 0.040152 0.0244178 0.0136934 0.00917804 0.00942877 0.0126684 0.0177537 0.0240351 0.0309731 0.0379343 0.0441914 0.049038 0.051937 0.0526375 0.0512201 0.0480524 0.0436783 0.0386793 0.0335556 0.0286578 0.0241772 0.0201783 0.0166502 0.0135535
 1.07077e-16 1.39517e-05 8.18365e-05 0.000388913 0.00149717 0.00466863 0.0117929 0.0241322 0.040011 0.0537616 0.058577 0.0518444 0.0374949 0.0226572 0.0124501 0.00797641 0.00787012 0.0104678 0.0147266 0.020102 0.0261893 0.0325229 0.0385538 0.0437257 0.0475822 0.0498537 0.0504955 0.0496625 0.0476396 0.0447531 0.0412975 0.0374976 0.0335078 0.0294349 0.0253685 0.0214008
 1.06633e-16 2.16335e-05 0.000126946 0.000603391 0.002323 0.00724398 0.0182979 0.0374411 0.0620673 0.0833685 0.090758 0.080142 0.0575583 0.0339762 0.0172123 0.00882379 0.00653088 0.0076234 0.010433 0.0141894 0.0184917 0.0229904 0.0273023 0.0310452 0.0339088 0.0357125 0.0364301 0.036169 0.0351187 0.033488 0.0314546 0.0291417 0.0266227 0.0239432 0.021147 0.0182934
 1.04446e-16 2.22705e-05 0.000130678 0.000621119 0.00239123 0.00745674 0.0188354 0.0385414 0.0638933 0.0858269 0.0934496 0.082555 0.0593699 0.0352027 0.0181212 0.00975174 0.00776668 0.00938067 0.012855 0.0173401 0.0223299 0.0273417 0.0318507 0.0353551 0.0374798 0.0380581 0.037162 0.0350666 0.0321661 0.0288711 0.0255221 0.0223422 0.0194343 0.0168104 0.014435 0.0122632
 1.02801e-16 2.63294e-05 0.000154512 0.000734439 0.00282756 0.00881742 0.0222723 0.0455731 0.0755468 0.10147 0.110454 0.09751 0.0699788 0.0411994 0.0206672 0.0102516 0.00714602 0.00801625 0.010797 0.014522 0.0186867 0.0228649 0.0266087 0.0294914 0.0311923 0.0315663 0.0306707 0.0287366 0.0261 0.0231164 0.0200873 0.0172193 0.0146181 0.0123107 0.0102784 0.00848718
 1.02174e-16 2.53773e-05 0.000148919 0.000707837 0.00272512 0.00849796 0.0214654 0.0439225 0.0728122 0.0978021 0.106474 0.0940258 0.0675432 0.0398959 0.0202542 0.0104421 0.00777557 0.00905376 0.012282 0.0165007 0.0211676 0.0257929 0.0298548 0.03286 0.0344452 0.0344591 0.032993 0.0303456 0.0269392 0.0232164 0.0195504 0.0161936 0.0132697 0.0107988 0.00873812 0.00702104
 1.02727e-16 2.12096e-05 0.000124444 0.000591472 0.00227706 0.00710069 0.0179361 0.0367018 0.0608456 0.0817391 0.0890146 0.0786747 0.0566616 0.033762 0.0176829 0.0100025 0.0085323 0.0106388 0.0146647 0.0197698 0.0254055 0.0310147 0.0359824 0.03972 0.0417884 0.0419956 0.0404337 0.0374395 0.0334981 0.0291223 0.0247492 0.0206802 0.0170714 0.0139613 0.0113175 0.00907882
 1.03621e-16 2.11894e-05 0.00012433 0.000590935 0.00227501 0.0070943 0.0179199 0.0366684 0.0607891 0.0816598 0.0889194 0.0785697 0.0565406 0.0335992 0.0174331 0.00960443 0.00791471 0.00972805 0.013398 0.0181131 0.0233745 0.0286906 0.0335176 0.0373276 0.0397146 0.0404809 0.0396711 0.0375402 0.0344737 0.0308869 0.0271391 0.0234852 0.0200689 0.0169469 0.0141256 0.0115936
 1.04228e-16 1.98989e-05 0.000116752 0.000554906 0.00213629 0.00666169 0.0168272 0.0344327 0.057084 0.0766863 0.0835133 0.0738156 0.0531689 0.031695 0.0166276 0.00945193 0.00812166 0.0101752 0.0140692 0.0190286 0.0245524 0.0301299 0.0351918 0.0391859 0.0416904 0.0425029 0.0416762 0.0394831 0.0363309 0.0326543 0.0288249 0.0251008 0.021621 0.0184329 0.015533 0.012903
 1.03821e-16 2.40715e-05 0.000141256 0.000671416 0.0025849 0.0080607 0.0203609 0.0416623 0.0690649 0.0927672 0.100989 0.0891736 0.0640391 0.0377895 0.0191191 0.00975446 0.00714896 0.00827195 0.0112463 0.0151881 0.019621 0.0241251 0.0282491 0.0315558 0.0337079 0.0345378 0.0340762 0.0325247 0.0301904 0.0274032 0.0244461 0.0215173 0.0187263 0.0161157 0.0136922 0.0114536
 1.037e-16 2.0052e-05 0.000117648 0.00055916 0.00215266 0.00671273 0.0169561 0.0346968 0.0575224 0.0772772 0.084162 0.0744012 0.0536174 0.0320153 0.0168917 0.00975074 0.00853693 0.010771 0.0148905 0.0200949 0.0258475 0.0315927 0.0367134 0.0406185 0.0428662 0.0432621 0.0418957 0.0390998 0.0353526 0.0311568 0.0269366 0.0229788 0.0194261 0.0163081 0.0135885 0.0112101
pSPR Fmed_Fpbrs
0.546772   0.258902 0.258902
Fs Fmed_Fpbrs
0.34345   1.005 1.005
SSBpbr Bo_Bmed_Bpbrs
969175  481459  202462 202462
Ro
36728.9
SPR SPRFo_SPRFmed_SPRFpbrs
758756 414867 196443
log_Ro
10.3313
likeval ReclasPelacesDesembMPH_pf_preclas_ppelaces_ptallas_desvR_qrecl_qpela
 98.3856 74.0133 0.00364178 0.000704521 265.2 150.563 65.9912 0 13.2907 0 0 0 0 0 0
q_reclas_q_pelaces
1 1
M
0.7
N
 41602.3 19536.8 7366.17 878.868 0.241308
 44105.7 17807.8 7208.49 2717.89 324.365
 22710.4 18666.5 6423.18 2600.07 1097.33
 26047.2 7980.04 4641.21 1597.05 919.317
 52540.7 11862.7 3333.18 1938.58 1051.06
 39628.7 25635.7 5687.1 1597.96 1433.26
 78595.5 15854.9 8263.4 1833.17 977.079
 87220.9 34532 6163.38 3212.29 1092.45
 130734 35201.2 11326.6 2021.61 1411.97
 139787 53618.1 11923.7 3836.67 1163.06
 72956.8 60889.4 20486.5 4555.82 1910.3
 40838.9 27808.4 17814.3 5993.68 1891.78
 46158.9 15813.3 8396.09 5378.59 2380.83
 28259.8 15811.4 3736.43 1983.87 1833.43
 20018.1 7290.79 2119.28 500.812 511.651
 16930.8 5714.01 1196.23 347.72 166.119
 14489.6 6629.27 1764.1 369.317 158.639
 15379.9 5997.21 2286.97 608.582 182.135
 15481.9 6714.41 2301.79 877.762 303.485
 24054.6 6831.63 2632.78 902.552 463.177
 23686 10566.2 2654.41 1022.96 530.651
pred_Ctot
 4164.87 3672.89 1384.83 165.226 0.0453656
 4729.5 3569.48 1444.91 544.789 65.0174
 4871.39 6971.08 2398.77 971.009 409.803
 1560.17 920.934 535.617 184.307 106.093
 659.894 295.685 83.0814 48.3202 26.1983
 5607.56 6631.16 1471.07 413.341 370.74
 6559.28 2511.5 1308.96 290.384 154.774
 11888.4 8633.47 1540.93 803.114 273.127
 16549.8 8225.8 2646.81 472.41 329.949
 12442.4 9026.42 2007.31 645.89 195.796
 12382.3 18542 6238.55 1387.34 581.725
 6562.12 8065.52 5166.83 1738.4 548.689
 10519.2 6217.22 3301.04 2114.67 936.056
 10134.9 8922.91 2108.59 1119.56 1034.67
 6317.56 3734.2 1085.45 256.506 262.057
 2610.86 1597.33 334.402 97.2037 46.438
 1753.41 1486.24 395.501 82.7986 35.5659
 1346.69 994.11 379.093 100.88 30.191
 1248.82 1029.83 353.041 134.628 46.5475
 2011.29 1084.1 417.789 143.224 73.5005
 1146.65 992.695 249.383 96.1074 49.8549
F
 0.148521 0.297042 0.297042 0.297042 0.297042
 0.15986 0.31972 0.31972 0.31972 0.31972
 0.345877 0.691754 0.691754 0.691754 0.691754
 0.086509 0.173018 0.173018 0.173018 0.173018
 0.0176005 0.035201 0.035201 0.035201 0.035201
 0.216076 0.432152 0.432152 0.432152 0.432152
 0.122426 0.244853 0.244853 0.244853 0.244853
 0.207365 0.414731 0.414731 0.414731 0.414731
 0.191276 0.382553 0.382553 0.382553 0.382553
 0.131061 0.262122 0.262122 0.262122 0.262122
 0.264529 0.529059 0.529059 0.529059 0.529059
 0.248786 0.497573 0.497573 0.497573 0.497573
 0.371359 0.742718 0.742718 0.742718 0.742718
 0.654828 1.30966 1.30966 1.30966 1.30966
 0.553717 1.10743 1.10743 1.10743 1.10743
 0.237639 0.475278 0.475278 0.475278 0.475278
 0.182134 0.364267 0.364267 0.364267 0.364267
 0.128804 0.257607 0.257607 0.257607 0.257607
 0.118108 0.236216 0.236216 0.236216 0.236216
 0.12267 0.24534 0.24534 0.24534 0.24534
 0.069399 0.138798 0.138798 0.138798 0.138798
nmprior
 10 10 8 0
nm_flota  nm_reclas  nm_pelaces    nm_pelaL
inf 9.66653 15.9628 15.9628
cv_recla  cv_pelaces  cv_mph
0.991895 1.15423 0.88476
 ------------------------------------------------
Talla a la edad & desviación 
 7.2 14.2025 17.0495 18.207 18.6776
 1.08 2.13037 2.55742 2.73105 2.80164
