years
 1997 1998 1999 2000 2001 2002 2003 2004 2005 2006 2007 2008 2009 2010 2011 2012 2013 2014 2015 2016
reclasobs
 0 0 0 370054 412103 1.49427e+06 250295 1.28982e+06 931140 785840 897777 1.04006e+06 184774 17550 25797 100020 73551 82996 120727 218422
reclaspred
 397440 107400 328035 241539 358949 427456 938986 635917 718878 659049 521416 351270 215200 100159 70938 73155.2 93312.3 127252 128412 206704
pelacesobs
 0 0 0 0 0 0 0 0 0 2.06254e+06 1.5e+06 0 1.87456e+06 323000 250000 174000 83755 137374 0 501740
pelacespred
 1.07938e+06 265363 492999 551859 701000 699035 1.74319e+06 1.46972e+06 1.47375e+06 1.36425e+06 973941 677611 413577 160947 111979 123491 164390 226743 237557 368845
mphobs
 0 0 0 0 0 112323 0 153150 637223 0 255016 313432 73983 77613 109348 50772 0 0 0 0
mphpred
 145110 87608.8 105815 130030 138899 219000 329616 388049 338216 346634 328173 232249 143728 75770.8 36707.1 31892 39244.7 55039.8 67594.8 75536.9
desembarqueobs
 350755 77701 442110 56441 14545 235359 269955 359681 431902 328805 639364 411747 362871 311530 167758 66681 60226 58785 57116 71774
desembarquepred
 350760 77700.4 442100 56441.9 14545.1 235391 269979 359675 431921 328817 639538 411970 363173 311938 167788 66690.6 60242.6 58784.8 57110.8 71771.1
Reclutas
 50782.5 65054.3 39191.5 63993.1 110052 79232.9 124945 123141 149451 147974 68804.6 40753.4 42507.3 23458.2 18444.9 22912.8 19250.6 20999.2 21008.7 53387.1
log_desv_Rt
 -0.000612647 0.247058 -0.259704 0.230611 0.772787 0.444228 0.899709 0.885168 1.07881 1.06887 0.303107 -0.220625 -0.178487 -0.772944 -1.01338 -0.79647 -0.970624 -0.883679 -0.883229 0.0494049
SSB
 706782 426712 515386 633334 676528 1.06667e+06 1.60545e+06 1.89005e+06 1.64733e+06 1.68833e+06 1.59842e+06 1.1312e+06 700047 369054 178788 155335 191148 268080 329231 367914
BT
 2.22096e+06 606422 1.12716e+06 1.04797e+06 1.26637e+06 1.43699e+06 3.30601e+06 3.03916e+06 3.0344e+06 2.75988e+06 2.32314e+06 1.59358e+06 1.09828e+06 589102 343770 276288 343714 453006 474764 719234
Ftot
 0.416125 0.355937 0.533545 0.102821 0.0198282 0.19536 0.122051 0.239795 0.263505 0.207198 0.424633 0.392582 0.618795 1.0885 1.01759 0.402875 0.285569 0.192164 0.166703 0.171346
BD_Bspro_t
 0.948256 0.754924 0.710812 0.585984 0.717384 0.839647 0.809296 0.816006 0.769371 0.737886 0.705769 0.558387 0.445953 0.333768 0.215601 0.229922 0.344631 0.510717 0.616445 0.693035
BD_Bspro
 0.678863 0.409856 0.495027 0.608316 0.649804 1.02454 1.54203 1.81539 1.58226 1.62164 1.53528 1.08652 0.672394 0.354475 0.171725 0.149199 0.183597 0.25749 0.316226 0.353381
BD_Bo
 0.534782 0.322869 0.389963 0.479207 0.51189 0.80709 1.21475 1.43009 1.24644 1.27747 1.20943 0.855917 0.529686 0.279242 0.135278 0.117533 0.14463 0.202841 0.24911 0.27838
BD_Brms
 1.86573 1.12642 1.3605 1.67185 1.78587 2.81576 4.23799 4.98928 4.34856 4.4568 4.21944 2.98611 1.84796 0.974213 0.471957 0.410047 0.504584 0.707667 0.869091 0.971205
S_f
 0.2036 1 1 1 1
 0.2036 1 1 1 1
 0.2036 1 1 1 1
 0.2036 1 1 1 1
 0.2036 1 1 1 1
 0.2036 1 1 1 1
 0.2036 1 1 1 1
 0.2036 1 1 1 1
 0.2036 1 1 1 1
 0.2036 1 1 1 1
 0.2036 1 1 1 1
 0.2036 1 1 1 1
 0.2036 1 1 1 1
 0.2036 1 1 1 1
 0.2036 1 1 1 1
 0.2036 1 1 1 1
 0.2036 1 1 1 1
 0.2036 1 1 1 1
 0.2036 1 1 1 1
 0.2036 1 1 1 1
Scru_reclas
 1 1 1 1 1
 1 1 1 1 1
 1 1 1 1 1
 1 1 1 1 1
 1 1 1 1 1
 1 1 1 1 1
 1 1 1 1 1
 1 1 1 1 1
 1 1 1 1 1
 1 1 1 1 1
 1 1 1 1 1
 1 1 1 1 1
 1 1 1 1 1
 1 1 1 1 1
 1 1 1 1 1
 1 1 1 1 1
 1 1 1 1 1
 1 1 1 1 1
 1 1 1 1 1
 1 1 1 1 1
Scru_pelaces
 1 1 1 1 1
 1 1 1 1 1
 1 1 1 1 1
 1 1 1 1 1
 1 1 1 1 1
 1 1 1 1 1
 1 1 1 1 1
 1 1 1 1 1
 1 1 1 1 1
 1 1 1 1 1
 1 1 1 1 1
 1 1 1 1 1
 1 1 1 1 1
 1 1 1 1 1
 1 1 1 1 1
 1 1 1 1 1
 1 1 1 1 1
 1 1 1 1 1
 1 1 1 1 1
 1 1 1 1 1
pf_obs 
 0.256992 0.487395 0.22802 0.0275931 0
 0.321318 0.546541 0.124235 0.00734118 0.000564706
 0.182869 0.594174 0.210203 0.0122559 0.00049798
 0.330522 0.361315 0.267642 0.0388342 0.00168674
 0.649043 0.306663 0.0425973 0.00169635 0
 0.582887 0.30429 0.105238 0.00758474 0
 0.465427 0.430635 0.0974691 0.00646863 0
 0.296916 0.608066 0.0921331 0.00288517 0
 0.311714 0.524322 0.152257 0.0117073 0
 0.15457 0.633149 0.183074 0.0267441 0.00246327
 0.131901 0.49318 0.331252 0.0422183 0.00144891
 0.196976 0.569456 0.194076 0.0375587 0.00193317
 0.518974 0.381816 0.0799577 0.0180837 0.00116848
 0.0928022 0.601141 0.25162 0.0475244 0.00691264
 0.122501 0.610282 0.24278 0.0234846 0.000952079
 0.383417 0.481906 0.127806 0.00687128 0
 0.0376549 0.599619 0.316969 0.0457579 0
 0.0361596 0.667082 0.258105 0.0386534 0
 0.158088 0.579412 0.248529 0.0139706 0
 0.0477256 0.309471 0.559284 0.082774 0.000745712
pf_pred 
 0.344079 0.461472 0.173756 0.0206834 9.65733e-06
 0.328109 0.508829 0.114722 0.0431956 0.0051443
 0.189668 0.598382 0.160512 0.0361894 0.015249
 0.31541 0.407782 0.204406 0.0548306 0.0175713
 0.337694 0.465756 0.117077 0.0586864 0.020787
 0.185083 0.583833 0.162506 0.040849 0.0277289
 0.278248 0.396414 0.233083 0.0648771 0.0273783
 0.230672 0.5129 0.14084 0.082811 0.0327769
 0.262176 0.458545 0.186192 0.0511273 0.0419604
 0.233692 0.508058 0.160498 0.06517 0.0325821
 0.124822 0.544298 0.219372 0.0693005 0.0422079
 0.122055 0.403857 0.294848 0.118835 0.0604046
 0.203417 0.358368 0.20158 0.14717 0.0894651
 0.18401 0.511003 0.137208 0.0771787 0.0906001
 0.265415 0.479374 0.159823 0.0429136 0.052475
 0.347927 0.484881 0.109105 0.0363756 0.0217104
 0.238354 0.578296 0.136339 0.0306783 0.0163327
 0.243762 0.481292 0.208758 0.049217 0.0169704
 0.22248 0.492375 0.181475 0.0787137 0.0249564
 0.407897 0.356682 0.149084 0.0549477 0.0313897
pobs_RECLAS
 0 0 0 0 0
 0 0 0 0 0
 0 0 0 0 0
 0 0 0 0 0
 0.835266 0.146461 0.0176864 0.000547809 3.91292e-05
 0.385257 0.428462 0.181853 0.0044286 0
 0.867414 0.0963971 0.0333333 0.00285562 0
 0.441836 0.489002 0.0689373 0.000224442 0
 0.779404 0.147425 0.0564933 0.0165055 0.000172143
 0.814271 0.122319 0.05973 0.00367925 0
 0.40263 0.566651 0.0304383 0.000280538 0
 0.475488 0.404961 0.113038 0.00651328 0
 0.955842 0.0263864 0.0167828 0.000988607 0
 0.975058 0.0227948 0.00214734 0 0
 0.738997 0.206755 0.0527124 0.00153531 0
 0.850938 0.134255 0.0134407 0.00136685 0
 0.542534 0.407297 0.0501686 0 0
 0.764087 0.199537 0.0359546 0.000420521 0
 0.470689 0.182191 0.310203 0.0369168 0
 0.84361 0.089868 0.0606195 0.00523954 0.000663233
ppred_RECLAS
 0.725574 0.193072 0.0726964 0.0086536 4.04046e-06
 0.710156 0.219501 0.0494893 0.0186339 0.00221917
 0.543626 0.337005 0.0903992 0.0203816 0.00858813
 0.694618 0.181903 0.0911815 0.0244588 0.00783818
 0.714826 0.200544 0.0504106 0.025269 0.00895042
 0.529914 0.336785 0.0937417 0.0235638 0.0159954
 0.6558 0.189048 0.111156 0.0309395 0.0130566
 0.598774 0.267492 0.073452 0.0431883 0.0170941
 0.639165 0.224253 0.0910576 0.025004 0.0205209
 0.602342 0.263645 0.0832866 0.0338185 0.0169078
 0.418381 0.361725 0.145788 0.0460551 0.0280502
 0.411571 0.270679 0.197618 0.0796472 0.0404852
 0.56702 0.19479 0.109568 0.0799937 0.0486284
 0.549078 0.282384 0.0758222 0.0426495 0.0500663
 0.659162 0.222423 0.0741557 0.0199114 0.0243477
 0.728744 0.201706 0.0453867 0.0151319 0.00903132
 0.609733 0.296319 0.0698603 0.0157196 0.00836887
 0.615319 0.244823 0.106191 0.0250356 0.00863248
 0.586396 0.26192 0.0965358 0.0418719 0.0132756
 0.773463 0.136466 0.0570391 0.0210229 0.0120096
pobs_PELACES
 0 0 0 0 0
 0 0 0 0 0
 0 0 0 0 0
 0 0 0 0 0
 0 0 0 0 0
 0 0 0 0 0
 0 0 0 0 0
 0 0 0 0 0
 0 0 0 0 0
 0 0 0 0 0
 0.450072 0.473896 0.0757376 0.000293798 0
 0 0 0 0 0
 0.463077 0.371075 0.160297 0.00555027 0
 0.529543 0.364841 0.0842815 0.0213345 0
 0.631943 0.363953 0.00410389 0 0
 0.735681 0.248677 0.0153453 0.000297389 0
 0.695825 0.281241 0.0229344 0 0
 0.275771 0.60734 0.115278 0.00161068 0
 0 0 0 0 0
 0.896147 0.0623911 0.0374545 0.00400742 0
ppred_PELACES
 0.746805 0.178135 0.0670722 0.00798411 3.72787e-06
 0.729026 0.205211 0.0462673 0.0174208 0.0020747
 0.578147 0.311513 0.0835612 0.0188399 0.00793851
 0.70032 0.178507 0.089479 0.0240021 0.00769184
 0.715887 0.199798 0.050223 0.025175 0.00891712
 0.542681 0.327638 0.0911957 0.0229238 0.015561
 0.663004 0.185091 0.10883 0.030292 0.0127833
 0.613815 0.257464 0.0706983 0.0415692 0.0164533
 0.654978 0.214425 0.0870672 0.0239082 0.0196216
 0.61531 0.255048 0.0805706 0.0327156 0.0163564
 0.445759 0.344698 0.138926 0.0438873 0.0267298
 0.436766 0.259089 0.189156 0.076237 0.0387518
 0.60643 0.17706 0.0995952 0.0727127 0.0442023
 0.61846 0.238934 0.0641557 0.0360872 0.0423627
 0.716466 0.185028 0.0616883 0.0165638 0.0202543
 0.749161 0.186524 0.0419706 0.013993 0.00835156
 0.627437 0.282876 0.066691 0.0150064 0.00798921
 0.627201 0.23726 0.10291 0.0242622 0.00836583
 0.596981 0.255218 0.0940654 0.0408004 0.0129359
 0.781256 0.131771 0.0550769 0.0202997 0.0115965
pobs_pel_tallas
 0 0 0 0 0 0 0 0 0 0 0 0 0 0 0 0 0 0 0 0 0 0 0 0 0 0 0 0 0 0 0 0 0 0 0 0
 0 0 0 0 0 0 0 0 0 0 0 0 0 0 0 0 0 0 0 0 0 0 0 0 0 0 0 0 0 0 0 0 0 0 0 0
 0 0 0 0 0 0 0 0 0 0 0 0 0 0 0 0 0 0 0 0 0 0 0 0 0 0 0 0 0 0 0 0 0 0 0 0
 0 0 0 0 0 0 0 0 0 0 0 0 0 0 0 0 0 0 0 0 0 0 0 0 0 0 0 0 0 0 0 0 0 0 0 0
 0 0 0 0 0 0 0 0 0 0 0 0 0 0 0 0 0 0 0 0 0 0 0 0 0 0 0 0 0 0 0 0 0 0 0 0
 0 0 0 0 0 0 0 0 0 0 0 0 0 0 0 0 0 0 0 0 0 0 0 0 0 0 0 0 0 0 0 0 0 0 0 0
 0 0 0 0 0 0 0 0 0 0 0 0 0 0 0 0 0 0 0 0 0 0 0 0 0 0 0 0 0 0 0 0 0 0 0 0
 0 0 0 0 0 0 0 0 0 0 0 0 0 0 0 0 0 0 0 0 0 0 0 0 0 0 0 0 0 0 0 0 0 0 0 0
 0 0 0 0 0 0 0 0 0 0 0 0 0 0 0 0 0 0 0 0 0 0 0 0 0 0 0 0 0 0 0 0 0 0 0 0
 0 0 0 0 0 0 0 0 0 0 0 0 0 0 0 0 0 0 0 0 0 0 0 0 0 0 0 0 0 0 0 0 0 0 0 0
 0 0 0 0 0 0 0 0 1.78061e-05 0.00172719 0.00360574 0.0105946 0.0120993 0.0124554 0.0147524 0.0171206 0.0266825 0.0428682 0.0675386 0.121331 0.153587 0.119568 0.100827 0.0573624 0.0630603 0.0341343 0.0324427 0.0444173 0.0211091 0.0280891 0.0125444 0.00206551 0 0 0 0
 0 0 0 0 0 0 0 0 0 0 0 0 0 0 0 0 0 0 0 0 0 0 0 0 0 0 0 0 0 0 0 0 0 0 0 0
 0 0 0 0 0 0 0.0133647 0.0140871 0.0187388 0.0205184 0.03894 0.0496705 0.03968 0.0493445 0.0407372 0.0367815 0.0215668 0.0243155 0.0234873 0.0199281 0.019796 0.0243948 0.0301388 0.0376714 0.0412746 0.0863199 0.0771752 0.113111 0.0741005 0.0525337 0.0229764 0.00759418 0.00175318 0 0 0
 0 0 0 0 0 0 0 0 0 0 0.00219441 0.00772107 0.0458388 0.0604681 0.0671733 0.0775358 0.0609151 0.0617685 0.073594 0.0568108 0.0755445 0.0548602 0.0670107 0.0636378 0.0643287 0.046367 0.0373049 0.0286899 0.0247887 0.0153202 0.00654259 0.00121912 0.000365735 0 0 0
 0 0 0 0 0 0 0 0 0 0 0 0 0.000112435 0.00938835 0.0111873 0.0202946 0.0414886 0.0713402 0.111592 0.104902 0.108894 0.110636 0.117776 0.105296 0.107544 0.0401394 0.0192827 0.0124803 0.00416011 0.0028671 0.000618394 0 0 0 0 0
 0 0 0 0 0 0 0 0 0 0 0.00291406 0.0102884 0.027416 0.0768956 0.0749926 0.110853 0.0956884 0.0897413 0.0766577 0.0534642 0.0500743 0.0551293 0.0594112 0.0620874 0.0668451 0.0424026 0.0208742 0.0120726 0.0048766 0.00582813 0.00118941 0.000297354 0 0 0 0
 0 0.00264628 0.0354308 0.0461629 0.0458689 0.0383711 0.0214643 0.0164657 0.0346957 0.0420465 0.0363128 0.0245516 0.0311673 0.0291091 0.0169068 0.0133784 0.00837989 0.0085269 0.0148486 0.0160247 0.0276389 0.0546898 0.0760071 0.122758 0.109233 0.0665981 0.0333725 0.0166128 0.00676272 0.00308733 0.000882094 0 0 0 0 0
 0 0 0 0 0 0 0 0.000805153 0.000690131 0.00759144 0.0133425 0.0154129 0.00931677 0.000345066 0.00356568 0.00563607 0.00851162 0.0253048 0.0502646 0.0516448 0.0657925 0.0565908 0.0611916 0.0827007 0.0866115 0.110766 0.145733 0.0935128 0.0569358 0.0249597 0.0138026 0.00621118 0.00161031 0.00115022 0 0
 0 0 0 0 0 0 0 0 0 0 0 0 0 0 0 0 0 0 0 0 0 0 0 0 0 0 0 0 0 0 0 0 0 0 0 0
 0.00147267 0.00158595 0.00478618 0.00569244 0.00954404 0.0108468 0.00647125 0.017049 0.0510054 0.094081 0.124002 0.0959785 0.0687766 0.0820023 0.061753 0.0591476 0.0492212 0.0479892 0.0443925 0.0268479 0.0217502 0.0140895 0.0121071 0.0120363 0.00920419 0.00665534 0.0049561 0.00860946 0.00930331 0.0156896 0.0114698 0.00855282 0.00243557 0.00046729 0 2.83206e-05
ppred_pel_tallas
 1.01285e-16 3.25842e-05 0.000191243 0.00090908 0.0035 0.0109144 0.027569 0.0564099 0.0935059 0.125577 0.136654 0.120543 0.086298 0.050383 0.0244875 0.0108488 0.00591534 0.00550324 0.00704531 0.00940458 0.0120977 0.0148123 0.0172509 0.0191338 0.0202484 0.0204938 0.019899 0.0186063 0.016829 0.0147972 0.0127119 0.0107172 0.00889605 0.00728095 0.00587328 0.00466048
 1.0142e-16 3.181e-05 0.000186695 0.000887455 0.00341673 0.0106548 0.0269131 0.0550681 0.0912826 0.122593 0.133415 0.117702 0.0843006 0.0492901 0.0240925 0.0109041 0.00626935 0.00611031 0.00791792 0.0105657 0.0135503 0.016523 0.0191446 0.0210993 0.0221541 0.0222099 0.0213212 0.0196741 0.0175337 0.0151783 0.0128435 0.0106899 0.0087975 0.00718218 0.00582083 0.00467555
 1.02306e-16 2.52354e-05 0.000148086 0.000703881 0.00270989 0.00845047 0.0213454 0.043677 0.072405 0.0972545 0.105876 0.093494 0.0671528 0.0396485 0.020098 0.0103131 0.007623 0.00884527 0.012 0.0161403 0.0207391 0.0253234 0.0293889 0.0324554 0.0341646 0.0343593 0.0331133 0.0306997 0.0275118 0.0239658 0.0204161 0.0171071 0.0141652 0.0116221 0.00945185 0.00760618
 1.02513e-16 3.05573e-05 0.000179343 0.000852506 0.00328218 0.0102352 0.0258532 0.0528993 0.0876872 0.117764 0.128156 0.113056 0.0809578 0.0473062 0.0230696 0.0103551 0.00584282 0.00562033 0.00728963 0.00979033 0.0126694 0.0156275 0.0183728 0.0206246 0.0221619 0.0228664 0.0227419 0.0218989 0.0205156 0.0187889 0.0168922 0.0149528 0.0130495 0.011224 0.00949832 0.00788903
 1.0206e-16 3.12368e-05 0.000183331 0.000871461 0.00335516 0.0104627 0.0264281 0.0540756 0.0896374 0.120384 0.13101 0.115581 0.0827809 0.0484011 0.0236577 0.0107078 0.0061593 0.00600986 0.00779894 0.010425 0.0133997 0.0163868 0.0190593 0.0211107 0.0223127 0.0225638 0.0219082 0.020515 0.0186275 0.0165018 0.014353 0.0123264 0.0104939 0.00887053 0.00743876 0.00617162
 1.02917e-16 2.36895e-05 0.000139009 0.000660726 0.00254373 0.00793229 0.0200366 0.0409991 0.0679668 0.0912965 0.0993986 0.0877954 0.0631058 0.0373519 0.0191058 0.0100852 0.00780095 0.00927945 0.0126664 0.0170629 0.0219461 0.0268285 0.0311828 0.0345054 0.0364185 0.0367539 0.0355838 0.0331875 0.0299694 0.0263571 0.0227138 0.0192889 0.0162104 0.0135106 0.0111647 0.00912788
 1.03244e-16 2.89304e-05 0.000169791 0.000807094 0.00310733 0.0096899 0.024476 0.0500814 0.0830167 0.111493 0.121336 0.107051 0.0766824 0.0448576 0.0219691 0.0100217 0.00588381 0.0058619 0.00769287 0.0103739 0.0134689 0.016679 0.0197052 0.0222556 0.0240951 0.0250902 0.0252289 0.0246064 0.0233868 0.0217552 0.019877 0.0178765 0.0158351 0.0138037 0.0118193 0.00991673
 1.03285e-16 2.67884e-05 0.000157209 0.000747264 0.00287695 0.00897143 0.0226613 0.0463689 0.0768652 0.103239 0.112373 0.0991902 0.0711539 0.0418296 0.0208691 0.0101639 0.00684787 0.00752181 0.0100852 0.0135669 0.0174788 0.021424 0.0249899 0.0277835 0.0295084 0.0300283 0.0293909 0.0278014 0.0255589 0.0229777 0.0203219 0.0177686 0.0154054 0.013252 0.0112923 0.00950209
 1.03045e-16 2.85816e-05 0.00016774 0.00079734 0.00306977 0.00957275 0.0241801 0.0494762 0.0820143 0.110149 0.119881 0.105783 0.0758099 0.0444185 0.0218862 0.0102052 0.0062919 0.00650244 0.00859602 0.0115628 0.0149376 0.0183784 0.0215387 0.0240864 0.0257643 0.0264435 0.0261439 0.025015 0.0232858 0.021203 0.0189788 0.0167623 0.0146367 0.0126356 0.0107664 0.00903024
 1.03116e-16 2.68535e-05 0.000157591 0.000749082 0.00288395 0.00899326 0.0227164 0.0464817 0.0770521 0.10349 0.112646 0.0994293 0.0713225 0.0419227 0.0209047 0.0101636 0.00682568 0.00748329 0.0100316 0.0134992 0.0173998 0.0213394 0.0249077 0.027713 0.0294577 0.0300019 0.0293877 0.0278138 0.0255735 0.0229777 0.0202904 0.0176922 0.0152769 0.013072 0.0110688 0.00924859
 1.04842e-16 1.9464e-05 0.0001142 0.000542776 0.00208958 0.00651605 0.0164593 0.0336799 0.0558359 0.0750093 0.0816863 0.072199 0.0520008 0.0309916 0.0162463 0.00921739 0.00790431 0.00990197 0.0137064 0.0185678 0.024008 0.0295404 0.0346199 0.0387139 0.0414096 0.0424994 0.0420153 0.0401973 0.0374135 0.0340603 0.0304789 0.0269089 0.0234846 0.0202603 0.0172488 0.0144527
 1.072e-16 1.90685e-05 0.000111886 0.00053179 0.00204731 0.00638426 0.0161263 0.032998 0.0547032 0.0734815 0.0800061 0.0706751 0.0508189 0.030119 0.0154836 0.00831008 0.00661661 0.00804003 0.0111268 0.0151991 0.0198846 0.0248337 0.0296493 0.0339255 0.0373204 0.0396176 0.0407531 0.0407996 0.0399183 0.0383001 0.0361184 0.0335073 0.0305656 0.0273752 0.0240226 0.0206101
 1.06036e-16 2.64631e-05 0.000155306 0.000738235 0.00284221 0.00886314 0.0223876 0.0458084 0.075934 0.101982 0.110989 0.0979285 0.0701633 0.0410755 0.0201765 0.00930776 0.00561429 0.00572854 0.00759192 0.0102979 0.0134565 0.0168005 0.0200592 0.022964 0.0252936 0.0269132 0.027791 0.0279838 0.0276017 0.026766 0.0255766 0.0240991 0.0223711 0.0204198 0.0182813 0.0160123
 1.04209e-16 2.69901e-05 0.000158395 0.000752907 0.00289868 0.00903921 0.0228324 0.046719 0.077445 0.104016 0.113214 0.0999209 0.0716531 0.0420728 0.0208974 0.010024 0.00655638 0.00706465 0.00943365 0.0126957 0.0163808 0.0201205 0.0235361 0.0262672 0.0280414 0.0287318 0.0283786 0.0271636 0.0253512 0.0232161 0.0209842 0.0188008 0.0167307 0.0147809 0.0129316 0.0111633
 1.02452e-16 3.12615e-05 0.000183477 0.000872158 0.00335784 0.0104711 0.0264492 0.0541188 0.0897086 0.120478 0.13111 0.115661 0.0828219 0.048392 0.0235919 0.0105753 0.00594266 0.00568669 0.00734779 0.00983335 0.0126717 0.0155493 0.0181642 0.0202312 0.0215341 0.02197 0.0215679 0.0204694 0.0188847 0.0170368 0.0151149 0.013248 0.0115032 0.00990012 0.00843274 0.00708884
 1.01528e-16 3.26872e-05 0.000191847 0.00091195 0.00351105 0.0109489 0.027656 0.0565881 0.0938014 0.125974 0.137088 0.120929 0.0865807 0.0505614 0.0245986 0.0109381 0.00601791 0.00564001 0.00722532 0.00962617 0.0123475 0.0150643 0.0174677 0.0192712 0.0202634 0.0203544 0.0195931 0.0181468 0.0162541 0.0141649 0.0120895 0.01017 0.00847605 0.00701959 0.0057785 0.00471864
 1.01928e-16 2.73834e-05 0.0001607 0.000763855 0.00294082 0.00917061 0.0231644 0.0473985 0.0785725 0.105533 0.114875 0.101408 0.0727651 0.0428175 0.0214369 0.0105624 0.00726885 0.00808175 0.0108469 0.0145547 0.0186784 0.0227763 0.0263879 0.0290782 0.0305253 0.0305924 0.0293546 0.0270687 0.0241009 0.0208367 0.0176025 0.0146213 0.0120055 0.00977765 0.00790622 0.00633826
 1.02763e-16 2.73714e-05 0.000160633 0.000763546 0.00293964 0.00916696 0.0231551 0.0473792 0.0785393 0.105485 0.114813 0.10133 0.0726602 0.042657 0.0211749 0.0101369 0.00660585 0.00710403 0.00948838 0.0127808 0.0165081 0.0202997 0.0237712 0.0265517 0.0283535 0.029031 0.0286049 0.0272416 0.0251984 0.0227554 0.0201573 0.0175803 0.015128 0.0128475 0.0107536 0.00884973
 1.03425e-16 2.60543e-05 0.000152899 0.000726775 0.00279806 0.00872542 0.0220399 0.0450975 0.0747578 0.100409 0.109295 0.0964774 0.0692176 0.0407109 0.0203482 0.00997354 0.00680484 0.00754199 0.0101473 0.01368 0.0176657 0.0217153 0.0254199 0.0283857 0.0303095 0.0310418 0.0306119 0.0292034 0.0270945 0.0245831 0.0219243 0.0192956 0.0167942 0.0144565 0.0122867 0.0102815
 1.02065e-16 3.40845e-05 0.000200055 0.000950984 0.00366136 0.0114176 0.02884 0.0590101 0.0978144 0.131358 0.142932 0.12605 0.090173 0.0525092 0.0252666 0.0107619 0.00525663 0.00435847 0.00538269 0.00716501 0.00925307 0.0113983 0.0133817 0.0149981 0.016089 0.0165729 0.0164589 0.0158345 0.0148352 0.0136075 0.012277 0.0109319 0.00962178 0.00836771 0.00717668 0.00605342
pSPR Fmed_Fpbrs
0.66083   0.336633 0.336633
Fs Fmed_Fpbrs
0.26791   1.005 1.005
SSBpbr Bo_Bmed_Bpbrs
1.32163e+06  807290  378822 378822
Ro
50813.6
SPR SPRFo_SPRFmed_SPRFpbrs
1.04113e+06 688008 350478
log_Ro
10.6559
likeval ReclasPelacesDesembMPH_pf_preclas_ppelaces_ptallas_desvR_qrecl_qpela
 55.6168 26.0539 0.0146892 0.00018571 234.656 131.301 58.8507 0 13.6281 7.42743e-05 0 0 0 0 0
q_reclas_q_pelaces
0.294863 1
M
0.7
N
 50782.5 15948.3 6004.93 714.812 0.333754
 65054.3 23169.3 5223.81 1966.89 234.244
 39191.5 30046.7 8059.82 1817.19 765.702
 63993.1 17458.6 8751.35 2347.49 752.287
 110052 31119.7 7822.54 3921.16 1388.9
 79232.9 54429.9 15150.2 3808.29 2585.12
 124945 37811.6 22232.5 6188.25 2611.46
 123141 60523 16619.3 9771.83 3867.73
 149451 58236.3 23646.8 6493.3 5329.08
 147974 70338.6 22220.3 9022.52 4510.87
 68804.6 70446.3 28392.4 8969.28 5462.8
 40753.4 31337.5 22878.9 9221.06 4687.13
 42507.3 18682.9 10509 7672.44 4664.1
 23458.2 18609.8 4996.88 2810.71 3299.5
 18444.9 9333.41 3111.76 835.53 1021.69
 22912.8 7445.47 1675.34 558.556 333.369
 19250.6 10482.1 2471.27 556.07 296.044
 20999.2 9019.58 3912.2 922.343 318.032
 21008.7 10027.8 3695.94 1603.09 508.266
 53387.1 10084.5 4215.03 1553.53 887.479
pred_Ctot
 2981.26 3998.41 1505.5 179.211 0.0836756
 3284.21 5093.13 1148.31 432.367 51.492
 2919.56 9210.88 2470.76 557.063 234.727
 954.572 1234.13 618.626 165.942 53.1786
 318.941 439.892 110.575 55.4275 19.6327
 2227.09 7025.23 1955.42 491.533 333.66
 2208.53 3146.44 1850.04 514.946 217.309
 4231.7 9409.19 2583.72 1519.17 601.296
 5631.74 9849.89 3999.54 1098.25 901.342
 4406.64 9580.25 3026.44 1228.88 614.388
 4118.77 17960.2 7238.63 2286.71 1392.74
 2261.85 7484.01 5463.94 2202.17 1119.38
 3645.05 6421.66 3612.14 2637.16 1603.14
 3396.54 9432.31 2532.65 1424.6 1672.34
 2512.02 4537.04 1512.65 406.157 496.651
 1303.83 1817.05 408.862 136.315 81.3579
 784.612 1903.63 448.802 100.987 53.7639
 580.756 1146.66 497.359 117.258 40.4315
 505.184 1118.03 412.073 178.735 56.6683
 1318.98 1153.37 482.078 177.679 101.502
F
 0.0847228 0.416125 0.416125 0.416125 0.416125
 0.0724686 0.355937 0.355937 0.355937 0.355937
 0.10863 0.533545 0.533545 0.533545 0.533545
 0.0209344 0.102821 0.102821 0.102821 0.102821
 0.00403702 0.0198282 0.0198282 0.0198282 0.0198282
 0.0397753 0.19536 0.19536 0.19536 0.19536
 0.0248494 0.122051 0.122051 0.122051 0.122051
 0.0488221 0.239795 0.239795 0.239795 0.239795
 0.0536495 0.263505 0.263505 0.263505 0.263505
 0.0421855 0.207198 0.207198 0.207198 0.207198
 0.0864552 0.424633 0.424633 0.424633 0.424633
 0.0799296 0.392582 0.392582 0.392582 0.392582
 0.125987 0.618795 0.618795 0.618795 0.618795
 0.221619 1.0885 1.0885 1.0885 1.0885
 0.20718 1.01759 1.01759 1.01759 1.01759
 0.0820252 0.402875 0.402875 0.402875 0.402875
 0.0581418 0.285569 0.285569 0.285569 0.285569
 0.0391245 0.192164 0.192164 0.192164 0.192164
 0.0339406 0.166703 0.166703 0.166703 0.166703
 0.0348859 0.171346 0.171346 0.171346 0.171346
nmprior
 10 10 8 0
nm_flota  nm_reclas  nm_pelaces    nm_pelaL
inf 13.9649 18.395 18.395
cv_recla  cv_pelaces  cv_mph
0.767388 0.721858 0.467421
 ------------------------------------------------
Talla a la edad & desviación 
 7.2 14.2025 17.0495 18.207 18.6776
 1.08 2.13037 2.55742 2.73105 2.80164
