years
 1997 1998 1999 2000 2001 2002 2003 2004 2005 2006 2007 2008 2009 2010 2011 2012 2013 2014 2015 2016 2017 2018 2019
reclasobs
 0 0 0 370054 412103 1.49427e+06 250295 1.28982e+06 931140 785840 897777 1.04006e+06 184774 17550 25797 100020 73551 82996 120727 218422 84188 347160 605670
reclaspred
 375075 103500 321690 240010 357199 426491 935522 629194 704563 638605 503094 338634 207035 96622.8 68607 70666.4 89386.6 120805 126469 186514 275257 251511 424740
pelacesobs
 0 0 0 0 0 0 0 0 0 2.06254e+06 1.5e+06 0 1.87456e+06 323000 250000 174000 83755 137374 0 501740 490994 745055 786931
pelacespred
 1.08712e+06 266314 513198 578058 735402 737632 1.83044e+06 1.54043e+06 1.52563e+06 1.39769e+06 993867 690412 420614 164548 114670 126053 166285 227020 245589 350800 574080 514106 686594
mphobs
 0 0 0 0 0 112323 0 153150 637223 0 255016 313432 73983 77613 109348 50772 0 0 0 0 0 0 0
mphpred
 696924 425818 527710 659977 710265 1.12075e+06 1.69183e+06 1.98633e+06 1.71875e+06 1.74339e+06 1.63175e+06 1.1523e+06 712576 375331 182841 159048 194443 270271 330678 379069 585468 701916 875240
desembarqueobs
 350755 77701 442110 56441 14545 235359 269955 359681 431902 328805 639364 411747 362871 311530 167758 66681 60226 58785 57116 71774 51957 67425 138520
desembarquepred
 350760 77700.7 442102 56441.9 14545.1 235390 269979 359679 431927 328822 639559 411982 363192 311960 167797 66691.7 60243.7 58786 57112.4 71772.7 51957.1 67419.2 138517
Reclutas
 51629.9 66919 40807.2 67314.4 115206 82583.7 129872 125984 151094 147689 68620.5 40669.1 42254.8 23414.1 18477.4 23019.8 19202.6 20707.8 23782 45245.8 57141.4 71408.2 107605
log_desv_Rt
 -0.0465547 0.212827 -0.281797 0.218718 0.756066 0.423156 0.875897 0.845499 1.02724 1.00445 0.237936 -0.285187 -0.246939 -0.837318 -1.07411 -0.8543 -1.03561 -0.960144 -0.821728 -0.178546 0.0548731 0.277758 0.687808
SSB
 696924 425818 527710 659977 710265 1.12075e+06 1.69183e+06 1.98633e+06 1.71875e+06 1.74339e+06 1.63175e+06 1.1523e+06 712576 375331 182841 159048 194443 270271 330678 379069 585468 701916 875240
BT
 2.23337e+06 608489 1.16171e+06 1.09488e+06 1.32789e+06 1.50626e+06 3.46115e+06 3.16704e+06 3.1273e+06 2.8205e+06 2.35984e+06 1.6169e+06 1.11126e+06 596164 348772 280975 347208 453539 489144 686700 1.07018e+06 983779 1.32493e+06
Ftot
 0.429951 0.358985 0.523189 0.0993977 0.0191123 0.186348 0.116724 0.230137 0.254963 0.202556 0.417867 0.386699 0.611049 1.07473 1.00421 0.397424 0.283982 0.192376 0.166319 0.168868 0.0787238 0.100012 0.120612
BD_Bspro_t
 0.947227 0.754572 0.715842 0.595913 0.727031 0.846189 0.817403 0.823601 0.777113 0.744608 0.710942 0.564112 0.451548 0.338778 0.220363 0.235388 0.350332 0.514959 0.6196 0.70045 0.798028 0.859882 0.864105
BD_Bspro
 0.62517 0.381976 0.473378 0.592027 0.637138 1.00536 1.51764 1.78182 1.54179 1.56389 1.46375 1.03366 0.63921 0.336687 0.164016 0.142673 0.174424 0.242444 0.296632 0.34004 0.525189 0.629648 0.785127
BD_Bo
 0.54822 0.33496 0.415112 0.519157 0.558715 0.88161 1.33084 1.56251 1.35202 1.3714 1.28358 0.906434 0.560532 0.295246 0.143828 0.125112 0.152955 0.212603 0.260121 0.298186 0.460546 0.552147 0.688489
BD_Brms
 1.9042 1.16346 1.44186 1.80325 1.94066 3.06221 4.62257 5.42725 4.69614 4.76345 4.45843 3.14843 1.94697 1.02552 0.499576 0.434568 0.531277 0.73846 0.903511 1.03573 1.59967 1.91784 2.39142
S_f
 0.189593 1 1 1 1
 0.189593 1 1 1 1
 0.189593 1 1 1 1
 0.189593 1 1 1 1
 0.189593 1 1 1 1
 0.189593 1 1 1 1
 0.189593 1 1 1 1
 0.189593 1 1 1 1
 0.189593 1 1 1 1
 0.189593 1 1 1 1
 0.189593 1 1 1 1
 0.189593 1 1 1 1
 0.189593 1 1 1 1
 0.189593 1 1 1 1
 0.189593 1 1 1 1
 0.189593 1 1 1 1
 0.189593 1 1 1 1
 0.189593 1 1 1 1
 0.189593 1 1 1 1
 0.189593 1 1 1 1
 0.189593 1 1 1 1
 0.189593 1 1 1 1
 0.189593 1 1 1 1
Scru_reclas
 1 1 1 1 1
 1 1 1 1 1
 1 1 1 1 1
 1 1 1 1 1
 1 1 1 1 1
 1 1 1 1 1
 1 1 1 1 1
 1 1 1 1 1
 1 1 1 1 1
 1 1 1 1 1
 1 1 1 1 1
 1 1 1 1 1
 1 1 1 1 1
 1 1 1 1 1
 1 1 1 1 1
 1 1 1 1 1
 1 1 1 1 1
 1 1 1 1 1
 1 1 1 1 1
 1 1 1 1 1
 1 1 1 1 1
 1 1 1 1 1
 1 1 1 1 1
Scru_pelaces
 1 1 1 1 1
 1 1 1 1 1
 1 1 1 1 1
 1 1 1 1 1
 1 1 1 1 1
 1 1 1 1 1
 1 1 1 1 1
 1 1 1 1 1
 1 1 1 1 1
 1 1 1 1 1
 1 1 1 1 1
 1 1 1 1 1
 1 1 1 1 1
 1 1 1 1 1
 1 1 1 1 1
 1 1 1 1 1
 1 1 1 1 1
 1 1 1 1 1
 1 1 1 1 1
 1 1 1 1 1
 1 1 1 1 1
 1 1 1 1 1
 1 1 1 1 1
pf_obs 
 0.256992 0.487395 0.22802 0.0275931 0
 0.321318 0.546541 0.124235 0.00734118 0.000564706
 0.182869 0.594174 0.210203 0.0122559 0.00049798
 0.330522 0.361315 0.267642 0.0388342 0.00168674
 0.649043 0.306663 0.0425973 0.00169635 0
 0.582887 0.30429 0.105238 0.00758474 0
 0.465427 0.430635 0.0974691 0.00646863 0
 0.296916 0.608066 0.0921331 0.00288517 0
 0.311714 0.524322 0.152257 0.0117073 0
 0.15457 0.633149 0.183074 0.0267441 0.00246327
 0.131901 0.49318 0.331252 0.0422183 0.00144891
 0.196976 0.569456 0.194076 0.0375587 0.00193317
 0.518974 0.381816 0.0799577 0.0180837 0.00116848
 0.0928022 0.601141 0.25162 0.0475244 0.00691264
 0.122501 0.610282 0.24278 0.0234846 0.000952079
 0.383417 0.481906 0.127806 0.00687128 0
 0.0376549 0.599619 0.316969 0.0457579 0
 0.0361596 0.667082 0.258105 0.0386534 0
 0.158088 0.579412 0.248529 0.0139706 0
 0.0477256 0.309471 0.559284 0.082774 0.000745712
 0.0406174 0.521527 0.379366 0.0568643 0.0016247
 0.151134 0.462217 0.34131 0.0453401 0
 0.294876 0.26143 0.354403 0.0886775 0.000613685
pf_pred 
 0.338489 0.465504 0.175157 0.0208396 1.06067e-05
 0.318008 0.523446 0.111569 0.0419804 0.00499723
 0.18121 0.609238 0.160836 0.0342811 0.0144346
 0.301487 0.418496 0.208353 0.0550044 0.0166603
 0.320741 0.478418 0.120328 0.0599069 0.0206054
 0.173384 0.591261 0.165766 0.0416923 0.0278965
 0.261596 0.403558 0.239508 0.0671485 0.028189
 0.213976 0.52145 0.144597 0.085817 0.0341599
 0.243238 0.465316 0.193346 0.0536142 0.0444856
 0.21621 0.514193 0.165769 0.0688796 0.0349482
 0.115653 0.543827 0.223392 0.0720189 0.0451082
 0.11316 0.404568 0.296572 0.121826 0.0638745
 0.189484 0.361788 0.204705 0.150061 0.0939615
 0.172203 0.515299 0.139489 0.0789251 0.0940841
 0.248992 0.488732 0.163265 0.044195 0.0548155
 0.328241 0.497776 0.113223 0.0378231 0.0229374
 0.22278 0.587815 0.14035 0.0319236 0.0171316
 0.227329 0.489057 0.214498 0.0512147 0.0179006
 0.232699 0.482616 0.180189 0.0790303 0.025465
 0.334986 0.421094 0.15342 0.057281 0.0332184
 0.275211 0.537547 0.118564 0.0431971 0.0254811
 0.25297 0.50416 0.180127 0.0397295 0.0230134
 0.285021 0.465811 0.168161 0.0600805 0.0209276
pobs_RECLAS
 0 0 0 0 0
 0 0 0 0 0
 0 0 0 0 0
 0 0 0 0 0
 0.835266 0.146461 0.0176864 0.000547809 3.91292e-05
 0.385257 0.428462 0.181853 0.0044286 0
 0.867414 0.0963971 0.0333333 0.00285562 0
 0.441836 0.489002 0.0689373 0.000224442 0
 0.779404 0.147425 0.0564933 0.0165055 0.000172143
 0.814271 0.122319 0.05973 0.00367925 0
 0.40263 0.566651 0.0304383 0.000280538 0
 0.475488 0.404961 0.113038 0.00651328 0
 0.955842 0.0263864 0.0167828 0.000988607 0
 0.975058 0.0227948 0.00214734 0 0
 0.738997 0.206755 0.0527124 0.00153531 0
 0.850938 0.134255 0.0134407 0.00136685 0
 0.542534 0.407297 0.0501686 0 0
 0.764087 0.199537 0.0359546 0.000420521 0
 0.470689 0.182191 0.310203 0.0369168 0
 0.84361 0.089868 0.0606195 0.00523954 0.000663233
 0.607945 0.314616 0.071237 0.00620181 0
 0.523733 0.453247 0.0230204 0 0
 0.530135 0.295979 0.169645 0.0042399 0
ppred_RECLAS
 0.735005 0.186476 0.0701661 0.00834813 4.24893e-06
 0.715403 0.218435 0.0465578 0.0175185 0.00208535
 0.547312 0.336832 0.0889223 0.0189532 0.00798051
 0.695868 0.182213 0.0907167 0.0239489 0.00725387
 0.7137 0.201648 0.0507171 0.0252501 0.00868497
 0.527756 0.337786 0.0947016 0.0238187 0.0159372
 0.652761 0.189776 0.11263 0.031577 0.0132561
 0.592573 0.270288 0.0749502 0.0444824 0.0177064
 0.632361 0.226053 0.0939284 0.0260461 0.0216114
 0.595339 0.265471 0.0855846 0.0355616 0.0180433
 0.414593 0.359995 0.147878 0.047674 0.0298601
 0.408045 0.270044 0.197958 0.081317 0.0426354
 0.562804 0.19515 0.110419 0.0809438 0.0506833
 0.546598 0.28224 0.076401 0.0432289 0.0515319
 0.65572 0.224046 0.0748446 0.0202601 0.0251287
 0.725416 0.203468 0.0462803 0.0154603 0.00937576
 0.605825 0.298116 0.0711798 0.0161904 0.00868849
 0.610612 0.24646 0.108096 0.0258097 0.00902103
 0.617423 0.240633 0.0898427 0.0394046 0.0126969
 0.728335 0.172022 0.0626739 0.0233999 0.0135701
 0.667849 0.246343 0.0543345 0.0197961 0.0116773
 0.642246 0.241444 0.0862631 0.0190265 0.0110212
 0.67905 0.2091 0.0754862 0.0269698 0.00939428
pobs_PELACES
 0 0 0 0 0
 0 0 0 0 0
 0 0 0 0 0
 0 0 0 0 0
 0 0 0 0 0
 0 0 0 0 0
 0 0 0 0 0
 0 0 0 0 0
 0 0 0 0 0
 0 0 0 0 0
 0.450072 0.473896 0.0757376 0.000293798 0
 0 0 0 0 0
 0.463077 0.371075 0.160297 0.00555027 0
 0.529543 0.364841 0.0842815 0.0213345 0
 0.631943 0.363953 0.00410389 0 0
 0.735681 0.248677 0.0153453 0.000297389 0
 0.695825 0.281241 0.0229344 0 0
 0.275771 0.60734 0.115278 0.00161068 0
 0 0 0 0 0
 0.896147 0.0623911 0.0374545 0.00400742 0
 0.803859 0.145111 0.0509908 3.86294e-05 0
 0.739449 0.233085 0.0266225 0.000797448 4.60066e-05
 0.878498 0.100942 0.0204185 0.000141795 0
ppred_PELACES
 0.756788 0.171147 0.0643983 0.0076619 3.89966e-06
 0.73454 0.203747 0.0434273 0.0163406 0.00194514
 0.581695 0.311249 0.0821684 0.0175136 0.00737437
 0.701464 0.17886 0.0890474 0.0235082 0.00712039
 0.714743 0.200913 0.0505323 0.0251581 0.00865333
 0.540157 0.328916 0.0922148 0.0231932 0.0155187
 0.659802 0.185927 0.110346 0.0309367 0.0129873
 0.607343 0.260489 0.072233 0.0428698 0.0170645
 0.648065 0.216397 0.0899162 0.0249335 0.0206882
 0.608319 0.256956 0.0828393 0.0344209 0.0174645
 0.441948 0.343173 0.140968 0.0454463 0.0284648
 0.433242 0.258549 0.189532 0.0778557 0.0408206
 0.602517 0.177423 0.100389 0.0735911 0.0460794
 0.616414 0.23878 0.0646366 0.0365725 0.0435969
 0.713581 0.186392 0.0622659 0.0168551 0.0209055
 0.746072 0.188161 0.0427987 0.0142973 0.00867044
 0.623808 0.284516 0.0679325 0.0154517 0.0082921
 0.622773 0.238763 0.104721 0.0250036 0.0087393
 0.627873 0.23406 0.0873886 0.0383282 0.0123501
 0.737178 0.166422 0.0606338 0.0226382 0.0131283
 0.672502 0.242892 0.0535733 0.0195187 0.0115137
 0.648367 0.237312 0.084787 0.018701 0.0108326
 0.686039 0.204546 0.0738425 0.0263825 0.00918971
pobs_pel_tallas
 0 0 0 0 0 0 0 0 0 0 0 0 0 0 0 0 0 0 0 0 0 0 0 0 0 0 0 0 0 0 0 0 0 0 0 0
 0 0 0 0 0 0 0 0 0 0 0 0 0 0 0 0 0 0 0 0 0 0 0 0 0 0 0 0 0 0 0 0 0 0 0 0
 0 0 0 0 0 0 0 0 0 0 0 0 0 0 0 0 0 0 0 0 0 0 0 0 0 0 0 0 0 0 0 0 0 0 0 0
 0 0 0 0 0 0 0 0 0 0 0 0 0 0 0 0 0 0 0 0 0 0 0 0 0 0 0 0 0 0 0 0 0 0 0 0
 0 0 0 0 0 0 0 0 0 0 0 0 0 0 0 0 0 0 0 0 0 0 0 0 0 0 0 0 0 0 0 0 0 0 0 0
 0 0 0 0 0 0 0 0 0 0 0 0 0 0 0 0 0 0 0 0 0 0 0 0 0 0 0 0 0 0 0 0 0 0 0 0
 0 0 0 0 0 0 0 0 0 0 0 0 0 0 0 0 0 0 0 0 0 0 0 0 0 0 0 0 0 0 0 0 0 0 0 0
 0 0 0 0 0 0 0 0 0 0 0 0 0 0 0 0 0 0 0 0 0 0 0 0 0 0 0 0 0 0 0 0 0 0 0 0
 0 0 0 0 0 0 0 0 0 0 0 0 0 0 0 0 0 0 0 0 0 0 0 0 0 0 0 0 0 0 0 0 0 0 0 0
 0 0 0 0 0 0 0 0 0 0 0 0 0 0 0 0 0 0 0 0 0 0 0 0 0 0 0 0 0 0 0 0 0 0 0 0
 0 0 0 0 0 0 0 0 1.78061e-05 0.00172719 0.00360574 0.0105946 0.0120993 0.0124554 0.0147524 0.0171206 0.0266825 0.0428682 0.0675386 0.121331 0.153587 0.119568 0.100827 0.0573624 0.0630603 0.0341343 0.0324427 0.0444173 0.0211091 0.0280891 0.0125444 0.00206551 0 0 0 0
 0 0 0 0 0 0 0 0 0 0 0 0 0 0 0 0 0 0 0 0 0 0 0 0 0 0 0 0 0 0 0 0 0 0 0 0
 0 0 0 0 0 0 0.0133647 0.0140871 0.0187388 0.0205184 0.03894 0.0496705 0.03968 0.0493445 0.0407372 0.0367815 0.0215668 0.0243155 0.0234873 0.0199281 0.019796 0.0243948 0.0301388 0.0376714 0.0412746 0.0863199 0.0771752 0.113111 0.0741005 0.0525337 0.0229764 0.00759418 0.00175318 0 0 0
 0 0 0 0 0 0 0 0 0 0 0.00219441 0.00772107 0.0458388 0.0604681 0.0671733 0.0775358 0.0609151 0.0617685 0.073594 0.0568108 0.0755445 0.0548602 0.0670107 0.0636378 0.0643287 0.046367 0.0373049 0.0286899 0.0247887 0.0153202 0.00654259 0.00121912 0.000365735 0 0 0
 0 0 0 0 0 0 0 0 0 0 0 0 0.000112435 0.00938835 0.0111873 0.0202946 0.0414886 0.0713402 0.111592 0.104902 0.108894 0.110636 0.117776 0.105296 0.107544 0.0401394 0.0192827 0.0124803 0.00416011 0.0028671 0.000618394 0 0 0 0 0
 0 0 0 0 0 0 0 0 0 0 0.00291406 0.0102884 0.027416 0.0768956 0.0749926 0.110853 0.0956884 0.0897413 0.0766577 0.0534642 0.0500743 0.0551293 0.0594112 0.0620874 0.0668451 0.0424026 0.0208742 0.0120726 0.0048766 0.00582813 0.00118941 0.000297354 0 0 0 0
 0 0.00264628 0.0354308 0.0461629 0.0458689 0.0383711 0.0214643 0.0164657 0.0346957 0.0420465 0.0363128 0.0245516 0.0311673 0.0291091 0.0169068 0.0133784 0.00837989 0.0085269 0.0148486 0.0160247 0.0276389 0.0546898 0.0760071 0.122758 0.109233 0.0665981 0.0333725 0.0166128 0.00676272 0.00308733 0.000882094 0 0 0 0 0
 0 0 0 0 0 0 0 0.000805153 0.000690131 0.00759144 0.0133425 0.0154129 0.00931677 0.000345066 0.00356568 0.00563607 0.00851162 0.0253048 0.0502646 0.0516448 0.0657925 0.0565908 0.0611916 0.0827007 0.0866115 0.110766 0.145733 0.0935128 0.0569358 0.0249597 0.0138026 0.00621118 0.00161031 0.00115022 0 0
 0 0 0 0 0 0 0 0 0 0 0 0 0 0 0 0 0 0 0 0 0 0 0 0 0 0 0 0 0 0 0 0 0 0 0 0
 0.00147267 0.00158595 0.00478618 0.00569244 0.00954404 0.0108468 0.00647125 0.017049 0.0510054 0.094081 0.124002 0.0959785 0.0687766 0.0820023 0.061753 0.0591476 0.0492212 0.0479892 0.0443925 0.0268479 0.0217502 0.0140895 0.0121071 0.0120363 0.00920419 0.00665534 0.0049561 0.00860946 0.00930331 0.0156896 0.0114698 0.00855282 0.00243557 0.00046729 0 2.83206e-05
 0 0 0 0 0.000772559 0.00158375 0.000888443 0.00281984 0.00712685 0.0440552 0.0773331 0.111326 0.0921469 0.0852325 0.0710754 0.0886704 0.0786465 0.0553345 0.0373146 0.0185414 0.00753245 0.00457741 0.012979 0.0271748 0.0457355 0.0583668 0.034881 0.0177882 0.00938659 0.00492506 0.0015258 0.00185414 0.000309023 5.79419e-05 3.86279e-05 0
 0 0.00173294 0.00326652 0 0.00397197 0.00683976 0.00946217 0.0152591 0.00757587 0.0136028 0.0228656 0.0392903 0.0559909 0.0764795 0.0681675 0.0726916 0.0566044 0.0477403 0.0527397 0.0444891 0.0609904 0.0582453 0.0661739 0.0445044 0.0529084 0.0360697 0.0280645 0.0235558 0.0158879 0.00826598 0.00280645 0.00217768 0.000904811 0.00058276 9.20147e-05 0
 0 0 0 0 0 0 0 0 0 0 0 0 0 0 0 0 0 0 0 0 0 0 0 0 0 0 0 0 0 0 0 0 0 0 0 0
ppred_pel_tallas
 1.01234e-16 3.30192e-05 0.000193797 0.000921226 0.00354678 0.0110603 0.0279374 0.0571637 0.094755 0.127253 0.138476 0.122145 0.0874326 0.0510211 0.024752 0.0108882 0.00582613 0.00532276 0.00677581 0.00903635 0.0116226 0.0142302 0.0165728 0.0183814 0.0194518 0.019687 0.019115 0.0178725 0.0161646 0.0142123 0.0122086 0.0102923 0.00854282 0.00699145 0.00563947 0.00447475
 1.01336e-16 3.20504e-05 0.000188106 0.000894164 0.00344257 0.0107353 0.0271166 0.0554844 0.0919726 0.12352 0.134422 0.118589 0.0849314 0.0496502 0.0242521 0.0109485 0.00625555 0.0060631 0.00784216 0.0104581 0.0134056 0.0163365 0.0189138 0.0208241 0.0218369 0.0218557 0.0209368 0.019268 0.0171153 0.0147576 0.0124308 0.0102949 0.00842925 0.00684806 0.00552614 0.00442312
 1.02215e-16 2.539e-05 0.000148994 0.000708199 0.00272652 0.00850231 0.0214764 0.0439449 0.0728491 0.0978507 0.106524 0.0940652 0.0675599 0.0398826 0.020205 0.0103487 0.00762526 0.00883151 0.0119746 0.0161023 0.020685 0.0252494 0.029291 0.0323301 0.0340091 0.0341719 0.0328942 0.0304507 0.0272371 0.0236713 0.0201097 0.0167977 0.013862 0.0113339 0.00918619 0.00736872
 1.02463e-16 3.06072e-05 0.000179636 0.000853898 0.00328754 0.0102519 0.0258955 0.0529857 0.0878304 0.117956 0.128365 0.11324 0.0810899 0.0473832 0.0231067 0.0103709 0.00585046 0.00562618 0.00729591 0.00979715 0.0126757 0.0156314 0.0183715 0.0206147 0.0221397 0.0228286 0.022686 0.0218237 0.0204215 0.0186779 0.0167679 0.01482 0.0129133 0.0110895 0.0093704 0.00777145
 1.02052e-16 3.1187e-05 0.000183038 0.000870069 0.0033498 0.010446 0.0263858 0.0539892 0.0894943 0.120192 0.130801 0.115397 0.0826514 0.0483291 0.0236293 0.0107065 0.00617448 0.00603791 0.00784015 0.0104809 0.0134712 0.0164733 0.0191585 0.0212187 0.0224239 0.0226723 0.0220084 0.0206025 0.0186996 0.0165572 0.0143924 0.0123515 0.0105071 0.00887429 0.00743568 0.00616398
 1.02939e-16 2.35795e-05 0.000138363 0.000657655 0.0025319 0.00789541 0.0199434 0.0408085 0.067651 0.0908725 0.0989377 0.08739 0.0628181 0.037189 0.0190362 0.0100707 0.00781637 0.00931454 0.0127199 0.0171368 0.0220428 0.0269488 0.0313258 0.0346681 0.0365961 0.0369406 0.0357734 0.0333743 0.0301488 0.0265253 0.0228684 0.0194281 0.0163335 0.0136172 0.0112549 0.00920238
 1.03297e-16 2.87909e-05 0.000168971 0.000803198 0.00309233 0.00964312 0.0243578 0.0498396 0.082616 0.110955 0.120751 0.106536 0.0763161 0.0446484 0.0218762 0.00999566 0.00589142 0.00588869 0.00773594 0.0104351 0.0135513 0.0167851 0.0198366 0.0224124 0.024276 0.0252927 0.0254491 0.0248398 0.0236283 0.0219992 0.0201179 0.0181086 0.0160531 0.0140032 0.0119969 0.0100704
 1.03381e-16 2.65063e-05 0.000155552 0.000739388 0.00284662 0.00887687 0.0224224 0.0458802 0.0760553 0.102152 0.111191 0.0981504 0.0704156 0.0414108 0.0206886 0.0101233 0.00688202 0.00760359 0.0102105 0.0137403 0.0177056 0.0217066 0.0253265 0.0281677 0.0299301 0.0304752 0.0298503 0.0282616 0.0260105 0.0234134 0.0207363 0.0181575 0.0157652 0.0135796 0.011585 0.00975806
 1.03171e-16 2.82802e-05 0.000165971 0.000788927 0.00303738 0.00947174 0.0239249 0.0489542 0.0811492 0.108988 0.118618 0.104672 0.0750191 0.0439673 0.0216865 0.0101503 0.00631022 0.006563 0.00869263 0.0116994 0.0151205 0.0186126 0.0218269 0.024428 0.0261558 0.0268786 0.0266145 0.0255116 0.0237981 0.0217204 0.0194904 0.0172573 0.0151049 0.0130677 0.0111553 0.00937104
 1.03259e-16 2.65488e-05 0.000155802 0.000740575 0.00285119 0.00889112 0.0224584 0.0459538 0.0761773 0.102315 0.111369 0.098305 0.0705226 0.041466 0.020702 0.0101068 0.00684213 0.00754135 0.0101247 0.013631 0.0175764 0.0215658 0.0251869 0.0280448 0.0298394 0.0304283 0.0298519 0.0283074 0.0260874 0.0235022 0.0208149 0.0182057 0.0157687 0.0135318 0.0114878 0.00962043
 1.05005e-16 1.92978e-05 0.000113224 0.000538138 0.00207173 0.00646036 0.0163186 0.0333921 0.0553588 0.0743686 0.080989 0.0715838 0.0515603 0.0307341 0.0161208 0.00916158 0.00787423 0.00987571 0.0136761 0.0185332 0.0239727 0.0295116 0.0346083 0.0387325 0.0414724 0.042619 0.0422013 0.0404541 0.0377389 0.034446 0.030911 0.0273699 0.0239552 0.0207219 0.0176849 0.0148505
 1.07358e-16 1.89148e-05 0.000110983 0.000527501 0.0020308 0.00633276 0.0159962 0.0327318 0.0542621 0.0728891 0.0793616 0.0701069 0.0504129 0.0298835 0.0153721 0.00826588 0.00660032 0.00803261 0.011122 0.0151968 0.0198875 0.0248466 0.0296785 0.0339788 0.0374061 0.0397433 0.0409251 0.0410213 0.0401894 0.0386165 0.0364723 0.0338876 0.0309591 0.0277681 0.0244016 0.0209634
 1.06165e-16 2.62925e-05 0.000154305 0.000733474 0.00282388 0.00880597 0.0222432 0.045513 0.0754443 0.101324 0.110273 0.0972986 0.0697143 0.0408174 0.0200586 0.00926849 0.00561166 0.00574333 0.00761899 0.0103382 0.0135133 0.0168775 0.0201603 0.0230928 0.0254531 0.0271056 0.0280172 0.0282431 0.0278917 0.0270821 0.0259123 0.024446 0.0227196 0.0207601 0.0186041 0.0163094
 1.0429e-16 2.69009e-05 0.000157871 0.000750416 0.00288909 0.00900931 0.0227569 0.0465645 0.0771888 0.103672 0.11284 0.0995911 0.0714177 0.0419366 0.0208337 0.01 0.00654969 0.0070645 0.00943676 0.0127023 0.0163924 0.0201398 0.0235663 0.0263119 0.0281042 0.0288161 0.0284868 0.0272966 0.0255081 0.0233944 0.0211795 0.0190072 0.0169415 0.014989 0.0131306 0.0113476
 1.02501e-16 3.11358e-05 0.000182738 0.000868648 0.00334433 0.010429 0.0263428 0.053901 0.0893477 0.119994 0.130583 0.115198 0.0824928 0.0482054 0.0235115 0.0105572 0.00595788 0.00572312 0.00740354 0.00991039 0.0127723 0.0156745 0.018313 0.0204008 0.0217198 0.0221664 0.0217695 0.0206714 0.0190832 0.017229 0.0152988 0.0134221 0.0116661 0.0100505 0.00856917 0.00721019
 1.01566e-16 3.25526e-05 0.000191056 0.000908192 0.00349658 0.0109038 0.0275421 0.0563548 0.0934149 0.125455 0.136524 0.120433 0.0862287 0.0503623 0.0245136 0.0109207 0.00603731 0.00568365 0.0072916 0.0097175 0.0124665 0.0152117 0.017642 0.0194684 0.0204774 0.0205781 0.0198191 0.0183688 0.0164672 0.0143655 0.0122756 0.0103405 0.0086302 0.00715706 0.00589912 0.0048225
 1.01976e-16 2.72252e-05 0.000159771 0.000759439 0.00292381 0.00911758 0.0230304 0.0471245 0.0781183 0.104924 0.114212 0.100825 0.072351 0.0425826 0.0213355 0.0105394 0.00728759 0.00812706 0.0109165 0.0146512 0.018805 0.0229346 0.0265771 0.0292949 0.0307641 0.0308464 0.0296164 0.0273314 0.0243587 0.0210846 0.0178368 0.0148393 0.0122048 0.00995651 0.00806349 0.00647345
 1.02832e-16 2.71784e-05 0.0001595 0.000758158 0.0029189 0.00910226 0.0229917 0.0470448 0.0779851 0.104741 0.114004 0.100618 0.0721541 0.0423688 0.0210483 0.0101041 0.00662136 0.00714844 0.00955816 0.0128787 0.0166383 0.0204649 0.0239723 0.0267873 0.0286197 0.0293222 0.0289145 0.0275626 0.0255237 0.0230783 0.0204712 0.0178793 0.0154068 0.0131015 0.0109792 0.00904507
 1.03211e-16 2.74005e-05 0.000160804 0.000764362 0.00294279 0.00917676 0.0231799 0.0474298 0.0786231 0.105597 0.114934 0.101435 0.0727298 0.0426873 0.02117 0.0101011 0.00653806 0.00699755 0.00933353 0.0125679 0.0162308 0.0199571 0.0233708 0.0261105 0.0278976 0.0285942 0.0282258 0.0269591 0.0250472 0.0227616 0.0203346 0.0179281 0.0156307 0.0134762 0.0114697 0.00960965
 1.02307e-16 3.21639e-05 0.000188776 0.000897356 0.00345487 0.0107737 0.0272135 0.0556824 0.0922998 0.123956 0.134888 0.118981 0.0851693 0.0497033 0.0241187 0.0106208 0.00570137 0.0052298 0.00667504 0.00892271 0.0115092 0.0141444 0.0165551 0.0184841 0.0197341 0.0202087 0.0199279 0.0190122 0.0176438 0.0160173 0.0142984 0.0126021 0.0109903 0.00948483 0.00808665 0.00679202
 1.02049e-16 2.93468e-05 0.00017223 0.000818681 0.00315193 0.00982895 0.0248272 0.0508005 0.0842102 0.1131 0.123097 0.108631 0.0778717 0.045669 0.02258 0.0106557 0.00673329 0.00706943 0.00935303 0.0125259 0.0160779 0.0196177 0.0227493 0.0251009 0.026398 0.0265235 0.0255414 0.0236699 0.0212188 0.0185129 0.0158252 0.0133392 0.0111443 0.00925501 0.00764172 0.00625979
 1.0243e-16 2.82943e-05 0.000166051 0.000789306 0.00303883 0.00947625 0.0239364 0.0489777 0.0811888 0.109043 0.118682 0.104739 0.0750911 0.0440567 0.0218181 0.0103573 0.00663112 0.00703769 0.00935619 0.0125729 0.0162006 0.0198627 0.0231733 0.025764 0.0273541 0.0278099 0.0271682 0.0256135 0.0234215 0.0208874 0.0182658 0.0157352 0.0133943 0.011278 0.00938483 0.00769978
 1.02451e-16 2.99356e-05 0.00017569 0.000835137 0.0032153 0.0100266 0.0253264 0.0518216 0.0859016 0.115368 0.125555 0.110778 0.0793612 0.0464428 0.022778 0.0104425 0.00619491 0.00620872 0.00813196 0.01091 0.0140687 0.0172726 0.0201885 0.0224996 0.0239634 0.0244622 0.0240234 0.0227996 0.0210203 0.0189314 0.016744 0.0146053 0.0125961 0.0107461 0.00905614 0.00751909
pSPR Fmed_Fpbrs
0.694101   0.3379 0.3379
Fs Fmed_Fpbrs
0.231593   1.005 1.005
SSBpbr Bo_Bmed_Bpbrs
1.27125e+06  818812  365992 365992
Ro
54090.3
SPR SPRFo_SPRFmed_SPRFpbrs
1.11478e+06 773766 376683
log_Ro
10.7184
likeval ReclasPelacesDesembMPH_pf_preclas_ppelaces_ptallas_desvR_qrecl_qpela
 64.3784 26.399 0.016551 0.0013583 275.751 161.838 74.7072 0 14.5971 8.08216e-05 0 0 0 0 0
q_reclas_q_pelaces
0.279729 1
M
0.7
N
 51629.9 15591.8 5866.78 698.01 0.355265
 66919 23631.6 5036.91 1895.26 225.606
 40807.2 31044.5 8195.63 1746.84 735.533
 67314.4 18350.7 9136.09 2411.89 730.538
 115206 32803.3 8250.46 4107.58 1412.84
 82583.7 57002.7 15981.3 4019.49 2689.46
 129872 39586.2 23494.1 6586.81 2765.15
 125984 63081.2 17492.2 10381.5 4132.41
 151094 59890.8 24885.5 6900.68 5725.74
 147689 71490.2 23047.5 9576.59 4858.98
 68620.5 70577.1 28991.6 9346.51 5854.08
 40669.1 31480.5 23077.1 9479.56 4970.24
 42254.8 18768 10619.2 7784.54 4874.32
 23414.1 18687.7 5058.67 2862.28 3412.03
 18477.4 9483.73 3168.12 857.594 1063.68
 23019.8 7584.87 1725.24 576.33 349.509
 19202.6 10601.6 2531.3 575.762 308.98
 20707.8 9035.87 3963.09 946.249 330.734
 23782 9914.9 3701.83 1623.6 523.156
 45245.8 11443.2 4169.18 1556.6 902.705
 57141.4 21760.4 4799.57 1748.66 1031.5
 71408.2 27955.2 9987.85 2202.96 1276.07
 107605 34794.2 12560.9 4487.78 1563.21
pred_Ctot
 2920.34 4016.17 1511.18 179.795 0.0915099
 3178.97 5232.64 1115.3 419.658 49.9549
 2787.22 9370.79 2473.85 527.284 222.021
 904.734 1255.87 625.248 165.063 49.9959
 299.738 447.09 112.449 55.9839 19.2561
 2065.88 7044.91 1975.11 496.765 332.388
 2046.85 3157.63 1874.03 525.402 220.564
 3877.99 9450.49 2620.59 1555.3 619.096
 5142.01 9836.69 4087.29 1133.39 940.417
 4010.46 9537.75 3074.85 1277.65 648.252
 3776.07 17755.9 7293.74 2351.41 1472.78
 2076.36 7423.41 5441.8 2235.37 1172.03
 3346.51 6389.59 3615.34 2650.26 1659.47
 3140.72 9398.26 2544.06 1439.47 1715.95
 2329.13 4571.72 1527.22 413.411 512.757
 1206.8 1830.11 416.273 139.06 84.3313
 726.126 1915.91 457.453 104.051 55.8385
 534.508 1149.9 504.341 120.419 42.089
 531.865 1103.08 411.847 180.634 58.2038
 1027.18 1291.22 470.438 175.643 101.859
 609.318 1190.13 262.5 95.6385 56.4151
 965.641 1924.49 687.582 151.656 87.847
 1751.82 2863 1033.56 369.271 128.627
F
 0.0815155 0.429951 0.429951 0.429951 0.429951
 0.0680608 0.358985 0.358985 0.358985 0.358985
 0.0991928 0.523189 0.523189 0.523189 0.523189
 0.0188451 0.0993977 0.0993977 0.0993977 0.0993977
 0.00362355 0.0191123 0.0191123 0.0191123 0.0191123
 0.0353301 0.186348 0.186348 0.186348 0.186348
 0.0221301 0.116724 0.116724 0.116724 0.116724
 0.0436323 0.230137 0.230137 0.230137 0.230137
 0.0483392 0.254963 0.254963 0.254963 0.254963
 0.0384031 0.202556 0.202556 0.202556 0.202556
 0.0792245 0.417867 0.417867 0.417867 0.417867
 0.0733152 0.386699 0.386699 0.386699 0.386699
 0.11585 0.611049 0.611049 0.611049 0.611049
 0.203761 1.07473 1.07473 1.07473 1.07473
 0.190391 1.00421 1.00421 1.00421 1.00421
 0.0753486 0.397424 0.397424 0.397424 0.397424
 0.0538409 0.283982 0.283982 0.283982 0.283982
 0.0364731 0.192376 0.192376 0.192376 0.192376
 0.0315329 0.166319 0.166319 0.166319 0.166319
 0.0320162 0.168868 0.168868 0.168868 0.168868
 0.0149254 0.0787238 0.0787238 0.0787238 0.0787238
 0.0189616 0.100012 0.100012 0.100012 0.100012
 0.0228671 0.120612 0.120612 0.120612 0.120612
nmprior
 10 10 8 0
nm_flota  nm_reclas  nm_pelaces    nm_pelaL
inf 13.5596 17.749 23.6641
cv_recla  cv_pelaces  cv_mph
0.761187 0.629274 1.19574
 ------------------------------------------------
Talla a la edad & desviación 
 7.2 14.2025 17.0495 18.207 18.6776
 1.08 2.13037 2.55742 2.73105 2.80164
