years
 1997 1998 1999 2000 2001 2002 2003 2004 2005 2006 2007 2008 2009 2010 2011 2012 2013 2014 2015 2016 2017 2018
reclasobs
 0 0 0 370054 412103 1.49427e+06 250295 1.28982e+06 931140 785840 897777 1.04006e+06 184774 17550 25797 100020 73551 82996 120727 218422 84188 347160
reclaspred
 468209 121450 310905 220653 359019 431785 939703 640479 722275 730913 617464 434126 270043 112910 66912.7 62057.1 75143.2 101364 107808 147280 211260 209954
pelacesobs
 0 0 0 0 0 0 0 0 0 2.06254e+06 1.5e+06 0 1.87456e+06 323000 250000 174000 83755 137374 0 501740 490994 745055
pelacespred
 1.87304e+06 480910 686602 820357 1.1585e+06 1.21971e+06 2.76365e+06 2.34554e+06 2.28901e+06 2.39488e+06 1.81131e+06 1.34307e+06 779127 247451 139168 151383 193238 279156 314692 404344 675429 662942
mphobs
 0 0 0 0 0 112323 0 153150 637223 0 255016 313432 73983 77613 109348 50772 0 0 0 0 0 0
mphpred
 174545 96138.1 107969 108074 128332 216948 308995 371317 318939 336603 348622 250626 160204 82407.1 34793.2 27087.4 30175.8 40476.8 50989.2 57517.5 85012.1 100666
desembarqueobs
 350755 77701 442110 56441 14545 235359 269955 359681 431902 328805 639364 411747 362871 311530 167758 66681 60226 58785 57116 71774 51957 67425
desembarquepred
 350760 77699.2 442086 56443.4 14545.2 235426 270011 359671 431942 328814 639315 411770 362936 311612 167582 66679.2 60254.8 58779.5 57101.7 71772.5 51960.3 67418.4
Reclutas
 36610.8 44851.7 23783 37359.6 64696.4 45650.9 77584.3 78357.7 99681.3 116238 69501.6 47217.5 44396.9 24340.3 14216.1 13201.4 10396.7 11839.5 12499.3 19944.7 23845.7 40138.8
log_desv_Rt
 0.0655307 0.268548 -0.365843 0.0857772 0.634892 0.28621 0.816552 0.826472 1.06716 1.22083 0.706536 0.319952 0.258356 -0.342678 -0.880437 -0.95449 -1.19332 -1.06337 -1.00914 -0.54185 -0.363211 0.15753
SSB
 456323 251340 282269 282544 335506 567181 807824 970755 833820 880002 911424 655227 418831 215442 90961.8 70816.3 78890.5 105821 133304 150371 222252 263177
BT
 1.55959e+06 382272 677451 519541 675874 793933 1.85599e+06 1.71181e+06 1.76025e+06 1.68538e+06 1.57062e+06 1.10628e+06 803386 437373 229113 144718 163991 209536 217044 291277 426951 412203
Ftot
 0.934445 0.854349 1.45359 0.301981 0.051796 0.486674 0.307528 0.624467 0.708065 0.530849 0.996796 0.859672 1.33598 2.64396 3.10042 1.36142 1.01054 0.681071 0.545646 0.565724 0.277847 0.342021
BD_Bspro_t
 0.912315 0.643424 0.568023 0.392463 0.561263 0.734985 0.682457 0.694111 0.628057 0.596223 0.574443 0.421023 0.320058 0.216117 0.116337 0.112804 0.167723 0.277459 0.380871 0.468424 0.593288 0.69297
BD_Bspro
 0.64459 0.355036 0.398727 0.399115 0.473928 0.801185 1.14111 1.37126 1.17783 1.24307 1.28745 0.925557 0.591631 0.304328 0.12849 0.100033 0.111439 0.14948 0.188302 0.212411 0.313948 0.371758
BD_Bo
 0.50637 0.278906 0.313228 0.313533 0.372303 0.629387 0.896423 1.07722 0.92527 0.976517 1.01139 0.72709 0.464767 0.239071 0.100938 0.0785832 0.0875429 0.117427 0.147925 0.166863 0.246628 0.292042
BD_Brms
 0.920674 0.507101 0.569505 0.57006 0.676915 1.14434 1.62986 1.95859 1.68231 1.77549 1.83888 1.32198 0.845032 0.434674 0.183524 0.142878 0.159169 0.213504 0.268954 0.303388 0.448414 0.530985
S_f
 0.108753 0.698653 0.977803 0.998807 0.999937
 0.108753 0.698653 0.977803 0.998807 0.999937
 0.108753 0.698653 0.977803 0.998807 0.999937
 0.108753 0.698653 0.977803 0.998807 0.999937
 0.108753 0.698653 0.977803 0.998807 0.999937
 0.108753 0.698653 0.977803 0.998807 0.999937
 0.108753 0.698653 0.977803 0.998807 0.999937
 0.108753 0.698653 0.977803 0.998807 0.999937
 0.108753 0.698653 0.977803 0.998807 0.999937
 0.108753 0.698653 0.977803 0.998807 0.999937
 0.108753 0.698653 0.977803 0.998807 0.999937
 0.108753 0.698653 0.977803 0.998807 0.999937
 0.108753 0.698653 0.977803 0.998807 0.999937
 0.108753 0.698653 0.977803 0.998807 0.999937
 0.108753 0.698653 0.977803 0.998807 0.999937
 0.108753 0.698653 0.977803 0.998807 0.999937
 0.108753 0.698653 0.977803 0.998807 0.999937
 0.108753 0.698653 0.977803 0.998807 0.999937
 0.108753 0.698653 0.977803 0.998807 0.999937
 0.108753 0.698653 0.977803 0.998807 0.999937
 0.108753 0.698653 0.977803 0.998807 0.999937
 0.108753 0.698653 0.977803 0.998807 0.999937
Scru_reclas
 0.833152 0.992413 0.999708 0.999989 1
 0.833152 0.992413 0.999708 0.999989 1
 0.833152 0.992413 0.999708 0.999989 1
 0.833152 0.992413 0.999708 0.999989 1
 0.833152 0.992413 0.999708 0.999989 1
 0.833152 0.992413 0.999708 0.999989 1
 0.833152 0.992413 0.999708 0.999989 1
 0.833152 0.992413 0.999708 0.999989 1
 0.833152 0.992413 0.999708 0.999989 1
 0.833152 0.992413 0.999708 0.999989 1
 0.833152 0.992413 0.999708 0.999989 1
 0.833152 0.992413 0.999708 0.999989 1
 0.833152 0.992413 0.999708 0.999989 1
 0.833152 0.992413 0.999708 0.999989 1
 0.833152 0.992413 0.999708 0.999989 1
 0.833152 0.992413 0.999708 0.999989 1
 0.833152 0.992413 0.999708 0.999989 1
 0.833152 0.992413 0.999708 0.999989 1
 0.833152 0.992413 0.999708 0.999989 1
 0.833152 0.992413 0.999708 0.999989 1
 0.833152 0.992413 0.999708 0.999989 1
 0.833152 0.992413 0.999708 0.999989 1
Scru_pelaces
 0.593573 1 1 1 1
 0.593573 1 1 1 1
 0.593573 1 1 1 1
 0.593573 1 1 1 1
 0.593573 1 1 1 1
 0.593573 1 1 1 1
 0.593573 1 1 1 1
 0.593573 1 1 1 1
 0.593573 1 1 1 1
 0.593573 1 1 1 1
 0.593573 1 1 1 1
 0.593573 1 1 1 1
 0.593573 1 1 1 1
 0.593573 1 1 1 1
 0.593573 1 1 1 1
 0.593573 1 1 1 1
 0.593573 1 1 1 1
 0.593573 1 1 1 1
 0.593573 1 1 1 1
 0.593573 1 1 1 1
 0.593573 1 1 1 1
 0.593573 1 1 1 1
pf_obs 
 0.256992 0.487395 0.22802 0.0275931 0
 0.321318 0.546541 0.124235 0.00734118 0.000564706
 0.182869 0.594174 0.210203 0.0122559 0.00049798
 0.330522 0.361315 0.267642 0.0388342 0.00168674
 0.649043 0.306663 0.0425973 0.00169635 0
 0.582887 0.30429 0.105238 0.00758474 0
 0.465427 0.430635 0.0974691 0.00646863 0
 0.296916 0.608066 0.0921331 0.00288517 0
 0.311714 0.524322 0.152257 0.0117073 0
 0.15457 0.633149 0.183074 0.0267441 0.00246327
 0.131901 0.49318 0.331252 0.0422183 0.00144891
 0.196976 0.569456 0.194076 0.0375587 0.00193317
 0.518974 0.381816 0.0799577 0.0180837 0.00116848
 0.0928022 0.601141 0.25162 0.0475244 0.00691264
 0.122501 0.610282 0.24278 0.0234846 0.000952079
 0.383417 0.481906 0.127806 0.00687128 0
 0.0376549 0.599619 0.316969 0.0457579 0
 0.0361596 0.667082 0.258105 0.0386534 0
 0.158088 0.579412 0.248529 0.0139706 0
 0.0477256 0.309471 0.559284 0.082774 0.000745712
 0.0406174 0.521527 0.379366 0.0568643 0.0016247
 0.151134 0.462217 0.34131 0.0453401 0
pf_pred 
 0.306195 0.474487 0.195879 0.0234266 1.23995e-05
 0.289461 0.552542 0.123039 0.0313302 0.00362785
 0.162886 0.635957 0.170879 0.0237442 0.00653348
 0.283415 0.454993 0.222491 0.0334181 0.00568299
 0.283187 0.498086 0.156451 0.0531557 0.00911989
 0.146173 0.581455 0.207171 0.0469165 0.0182848
 0.239353 0.394005 0.279304 0.0668528 0.0204843
 0.203732 0.532782 0.160737 0.0787263 0.0240222
 0.245579 0.482989 0.205678 0.0405612 0.0251932
 0.239705 0.531537 0.168238 0.0461905 0.014329
 0.147011 0.58174 0.211348 0.0443726 0.0155279
 0.146049 0.498726 0.277068 0.061354 0.0168036
 0.207095 0.467083 0.22608 0.0783444 0.021398
 0.206072 0.590501 0.14636 0.0400761 0.0169906
 0.276259 0.598387 0.109611 0.0115235 0.00421948
 0.331024 0.589294 0.073816 0.00517421 0.000692197
 0.228813 0.626138 0.134752 0.00956573 0.000730665
 0.246282 0.522142 0.203019 0.0265935 0.00196402
 0.220715 0.54026 0.185825 0.0468063 0.00639438
 0.284585 0.465475 0.193482 0.0441584 0.0123001
 0.236004 0.551579 0.156922 0.0432266 0.0122685
 0.274933 0.463448 0.206597 0.0408998 0.0141218
pobs_RECLAS
 0 0 0 0 0
 0 0 0 0 0
 0 0 0 0 0
 0 0 0 0 0
 0.835266 0.146461 0.0176864 0.000547809 3.91292e-05
 0.385257 0.428462 0.181853 0.0044286 0
 0.867414 0.0963971 0.0333333 0.00285562 0
 0.441836 0.489002 0.0689373 0.000224442 0
 0.779404 0.147425 0.0564933 0.0165055 0.000172143
 0.814271 0.122319 0.05973 0.00367925 0
 0.40263 0.566651 0.0304383 0.000280538 0
 0.475488 0.404961 0.113038 0.00651328 0
 0.955842 0.0263864 0.0167828 0.000988607 0
 0.975058 0.0227948 0.00214734 0 0
 0.738997 0.206755 0.0527124 0.00153531 0
 0.850938 0.134255 0.0134407 0.00136685 0
 0.542534 0.407297 0.0501686 0 0
 0.764087 0.199537 0.0359546 0.000420521 0
 0.470689 0.182191 0.310203 0.0369168 0
 0.84361 0.089868 0.0606195 0.00523954 0.000663233
 0.607945 0.314616 0.071237 0.00620181 0
 0.523733 0.453247 0.0230204 0 0
ppred_RECLAS
 0.734333 0.201004 0.0578961 0.00676325 3.57522e-06
 0.71095 0.241023 0.0375922 0.00935285 0.00108166
 0.554527 0.367153 0.0667929 0.00904257 0.0024847
 0.706908 0.207899 0.0726919 0.0106861 0.00181518
 0.700421 0.228006 0.0515023 0.0171341 0.00293637
 0.509856 0.368174 0.0932647 0.0206623 0.00804329
 0.666215 0.200851 0.101791 0.0238458 0.00729817
 0.611806 0.288238 0.0615145 0.0294622 0.0089792
 0.670477 0.236385 0.0709675 0.0136818 0.00848769
 0.656355 0.263588 0.0592238 0.015905 0.00492817
 0.52072 0.362379 0.0915671 0.0187727 0.00656103
 0.52436 0.317895 0.123669 0.0267568 0.00731906
 0.637443 0.246274 0.0813173 0.0274724 0.00749326
 0.658989 0.281896 0.0429416 0.0113643 0.00480916
 0.745317 0.226895 0.0244136 0.00247146 0.000903123
 0.7506 0.228404 0.0194862 0.00133146 0.000177878
 0.641828 0.308573 0.0461551 0.00319926 0.000244059
 0.666885 0.253867 0.0696673 0.00892216 0.000658137
 0.63239 0.280114 0.0683573 0.0168413 0.00229804
 0.710409 0.210034 0.0618963 0.0138166 0.00384399
 0.646806 0.277232 0.0564324 0.0152155 0.00431349
 0.698355 0.215253 0.0685344 0.013278 0.0045793
pobs_PELACES
 0 0 0 0 0
 0 0 0 0 0
 0 0 0 0 0
 0 0 0 0 0
 0 0 0 0 0
 0 0 0 0 0
 0 0 0 0 0
 0 0 0 0 0
 0 0 0 0 0
 0 0 0 0 0
 0.450072 0.473896 0.0757376 0.000293798 0
 0 0 0 0 0
 0.463077 0.371075 0.160297 0.00555027 0
 0.529543 0.364841 0.0842815 0.0213345 0
 0.631943 0.363953 0.00410389 0 0
 0.735681 0.248677 0.0153453 0.000297389 0
 0.695825 0.281241 0.0229344 0 0
 0.275771 0.60734 0.115278 0.00161068 0
 0 0 0 0 0
 0.896147 0.0623911 0.0374545 0.00400742 0
 0.803859 0.145111 0.0509908 3.86294e-05 0
 0.739449 0.233085 0.0266225 0.000797448 4.60066e-05
ppred_PELACES
 0.705589 0.22773 0.0597447 0.00693221 3.66322e-06
 0.675604 0.27431 0.0392571 0.00970669 0.00112221
 0.544616 0.38431 0.0607058 0.00813383 0.00223376
 0.646277 0.253475 0.0855672 0.0125491 0.00213135
 0.626127 0.285383 0.0636876 0.0211744 0.00362868
 0.450273 0.418306 0.100579 0.0222015 0.00864079
 0.603143 0.242235 0.118465 0.027685 0.00847212
 0.561325 0.331219 0.0662487 0.0315837 0.00962344
 0.627575 0.272645 0.0761252 0.0146002 0.00905494
 0.60272 0.308731 0.0655741 0.0175409 0.0054339
 0.488489 0.396003 0.0906184 0.0184451 0.00644407
 0.486627 0.352962 0.12593 0.0270767 0.0074041
 0.626804 0.26407 0.0765339 0.0256108 0.00698196
 0.704071 0.254598 0.0301778 0.00783919 0.0033141
 0.795595 0.187333 0.0150385 0.0014896 0.000543696
 0.737059 0.243364 0.0181816 0.00123031 0.000164279
 0.609863 0.34064 0.0460838 0.00317113 0.00024182
 0.621615 0.293126 0.0749978 0.00955691 0.000704772
 0.578262 0.325763 0.0750484 0.0184148 0.00251221
 0.663081 0.248357 0.0689666 0.0153303 0.00426417
 0.579216 0.332643 0.0655188 0.0176264 0.00499641
 0.638881 0.260576 0.079805 0.0154206 0.00531751
pobs_pel_tallas
 0 0 0 0 0 0 0 0 0 0 0 0 0 0 0 0 0 0 0 0 0 0 0 0 0 0 0 0 0 0 0 0 0 0 0 0
 0 0 0 0 0 0 0 0 0 0 0 0 0 0 0 0 0 0 0 0 0 0 0 0 0 0 0 0 0 0 0 0 0 0 0 0
 0 0 0 0 0 0 0 0 0 0 0 0 0 0 0 0 0 0 0 0 0 0 0 0 0 0 0 0 0 0 0 0 0 0 0 0
 0 0 0 0 0 0 0 0 0 0 0 0 0 0 0 0 0 0 0 0 0 0 0 0 0 0 0 0 0 0 0 0 0 0 0 0
 0 0 0 0 0 0 0 0 0 0 0 0 0 0 0 0 0 0 0 0 0 0 0 0 0 0 0 0 0 0 0 0 0 0 0 0
 0 0 0 0 0 0 0 0 0 0 0 0 0 0 0 0 0 0 0 0 0 0 0 0 0 0 0 0 0 0 0 0 0 0 0 0
 0 0 0 0 0 0 0 0 0 0 0 0 0 0 0 0 0 0 0 0 0 0 0 0 0 0 0 0 0 0 0 0 0 0 0 0
 0 0 0 0 0 0 0 0 0 0 0 0 0 0 0 0 0 0 0 0 0 0 0 0 0 0 0 0 0 0 0 0 0 0 0 0
 0 0 0 0 0 0 0 0 0 0 0 0 0 0 0 0 0 0 0 0 0 0 0 0 0 0 0 0 0 0 0 0 0 0 0 0
 0 0 0 0 0 0 0 0 0 0 0 0 0 0 0 0 0 0 0 0 0 0 0 0 0 0 0 0 0 0 0 0 0 0 0 0
 0 0 0 0 0 0 0 0 1.78061e-05 0.00172719 0.00360574 0.0105946 0.0120993 0.0124554 0.0147524 0.0171206 0.0266825 0.0428682 0.0675386 0.121331 0.153587 0.119568 0.100827 0.0573624 0.0630603 0.0341343 0.0324427 0.0444173 0.0211091 0.0280891 0.0125444 0.00206551 0 0 0 0
 0 0 0 0 0 0 0 0 0 0 0 0 0 0 0 0 0 0 0 0 0 0 0 0 0 0 0 0 0 0 0 0 0 0 0 0
 0 0 0 0 0 0 0.0133647 0.0140871 0.0187388 0.0205184 0.03894 0.0496705 0.03968 0.0493445 0.0407372 0.0367815 0.0215668 0.0243155 0.0234873 0.0199281 0.019796 0.0243948 0.0301388 0.0376714 0.0412746 0.0863199 0.0771752 0.113111 0.0741005 0.0525337 0.0229764 0.00759418 0.00175318 0 0 0
 0 0 0 0 0 0 0 0 0 0 0.00219441 0.00772107 0.0458388 0.0604681 0.0671733 0.0775358 0.0609151 0.0617685 0.073594 0.0568108 0.0755445 0.0548602 0.0670107 0.0636378 0.0643287 0.046367 0.0373049 0.0286899 0.0247887 0.0153202 0.00654259 0.00121912 0.000365735 0 0 0
 0 0 0 0 0 0 0 0 0 0 0 0 0.000112435 0.00938835 0.0111873 0.0202946 0.0414886 0.0713402 0.111592 0.104902 0.108894 0.110636 0.117776 0.105296 0.107544 0.0401394 0.0192827 0.0124803 0.00416011 0.0028671 0.000618394 0 0 0 0 0
 0 0 0 0 0 0 0 0 0 0 0.00291406 0.0102884 0.027416 0.0768956 0.0749926 0.110853 0.0956884 0.0897413 0.0766577 0.0534642 0.0500743 0.0551293 0.0594112 0.0620874 0.0668451 0.0424026 0.0208742 0.0120726 0.0048766 0.00582813 0.00118941 0.000297354 0 0 0 0
 0 0.00264628 0.0354308 0.0461629 0.0458689 0.0383711 0.0214643 0.0164657 0.0346957 0.0420465 0.0363128 0.0245516 0.0311673 0.0291091 0.0169068 0.0133784 0.00837989 0.0085269 0.0148486 0.0160247 0.0276389 0.0546898 0.0760071 0.122758 0.109233 0.0665981 0.0333725 0.0166128 0.00676272 0.00308733 0.000882094 0 0 0 0 0
 0 0 0 0 0 0 0 0.000805153 0.000690131 0.00759144 0.0133425 0.0154129 0.00931677 0.000345066 0.00356568 0.00563607 0.00851162 0.0253048 0.0502646 0.0516448 0.0657925 0.0565908 0.0611916 0.0827007 0.0866115 0.110766 0.145733 0.0935128 0.0569358 0.0249597 0.0138026 0.00621118 0.00161031 0.00115022 0 0
 0 0 0 0 0 0 0 0 0 0 0 0 0 0 0 0 0 0 0 0 0 0 0 0 0 0 0 0 0 0 0 0 0 0 0 0
 0.00147267 0.00158595 0.00478618 0.00569244 0.00954404 0.0108468 0.00647125 0.017049 0.0510054 0.094081 0.124002 0.0959785 0.0687766 0.0820023 0.061753 0.0591476 0.0492212 0.0479892 0.0443925 0.0268479 0.0217502 0.0140895 0.0121071 0.0120363 0.00920419 0.00665534 0.0049561 0.00860946 0.00930331 0.0156896 0.0114698 0.00855282 0.00243557 0.00046729 0 2.83206e-05
 0 0 0 0 0.000772559 0.00158375 0.000888443 0.00281984 0.00712685 0.0440552 0.0773331 0.111326 0.0921469 0.0852325 0.0710754 0.0886704 0.0786465 0.0553345 0.0373146 0.0185414 0.00753245 0.00457741 0.012979 0.0271748 0.0457355 0.0583668 0.034881 0.0177882 0.00938659 0.00492506 0.0015258 0.00185414 0.000309023 5.79419e-05 3.86279e-05 0
 0 0.00173294 0.00326652 0 0.00397197 0.00683976 0.00946217 0.0152591 0.00757587 0.0136028 0.0228656 0.0392903 0.0559909 0.0764795 0.0681675 0.0726916 0.0566044 0.0477403 0.0527397 0.0444891 0.0609904 0.0582453 0.0661739 0.0445044 0.0529084 0.0360697 0.0280645 0.0235558 0.0158879 0.00826598 0.00280645 0.00217768 0.000904811 0.00058276 9.20147e-05 0
ppred_pel_tallas
 1.01161e-16 3.0789e-05 0.000180699 0.000858943 0.00330695 0.0103124 0.0260483 0.0532989 0.0883508 0.118659 0.12914 0.113948 0.0816486 0.0478143 0.0235108 0.0108773 0.00658263 0.00668945 0.00877046 0.0117237 0.0150353 0.018327 0.0212221 0.0233672 0.0245007 0.0245097 0.0234536 0.0215391 0.0190636 0.016342 0.0136439 0.0111571 0.0089801 0.00713836 0.00561124 0.00435782
 1.01033e-16 2.94833e-05 0.000173029 0.000822472 0.00316651 0.00987442 0.0249421 0.0510359 0.0846011 0.113628 0.123677 0.109158 0.0782833 0.0459773 0.022856 0.0109904 0.00721203 0.00776375 0.0103171 0.0137881 0.017628 0.0213951 0.0246384 0.0269381 0.0279915 0.0276825 0.0261075 0.0235437 0.0203756 0.0170032 0.0137624 0.0108788 0.008459 0.006512 0.00498571 0.00380244
 1.01371e-16 2.37762e-05 0.000139513 0.000663108 0.00255288 0.00796082 0.0201087 0.0411471 0.0682137 0.0916326 0.0997763 0.0881571 0.0634268 0.037664 0.0194887 0.0106444 0.00864929 0.0105258 0.014401 0.0193352 0.0247382 0.0300329 0.0345944 0.0378347 0.0393274 0.0389076 0.0367075 0.0331134 0.0286626 0.0239153 0.019344 0.0152673 0.0118385 0.0090743 0.00690545 0.00522571
 1.01829e-16 2.82038e-05 0.000165519 0.00078677 0.00302906 0.00944578 0.0238594 0.0488204 0.0809285 0.108695 0.118307 0.104417 0.0748801 0.0439728 0.0218504 0.0104952 0.00687996 0.00741768 0.00989254 0.0132841 0.0170879 0.0209019 0.0243114 0.0269216 0.0284339 0.0287103 0.0277991 0.0259102 0.0233531 0.0204598 0.0175174 0.0147291 0.0122076 0.00999194 0.00807581 0.00643343
 1.01895e-16 2.73264e-05 0.000160365 0.000762261 0.00293468 0.00915146 0.023116 0.0472996 0.0784086 0.105314 0.114636 0.101199 0.0726187 0.0427385 0.0214106 0.0105712 0.00730234 0.00813745 0.0109265 0.0146604 0.0188103 0.0229312 0.0265587 0.0292543 0.0306945 0.0307425 0.0294755 0.0271544 0.02415 0.0208519 0.0175899 0.0145885 0.0119599 0.0097256 0.00785243 0.00628574
 1.02731e-16 1.96638e-05 0.000115366 0.000548306 0.00211085 0.00658235 0.0166269 0.0340233 0.056407 0.0757822 0.0825428 0.0729912 0.0526479 0.0315299 0.0168058 0.00996676 0.00901232 0.0115206 0.0159562 0.0215135 0.0276252 0.0336878 0.0390286 0.0430051 0.0451406 0.0452316 0.0433882 0.0399899 0.0355786 0.0307249 0.0259136 0.0214768 0.0175831 0.0142686 0.0114886 0.00916585
 1.03108e-16 2.63226e-05 0.000154475 0.000734269 0.00282692 0.00881542 0.0222672 0.0455625 0.0755282 0.101443 0.110417 0.0974598 0.0699055 0.0410817 0.0204712 0.00993181 0.00664815 0.00728397 0.00978336 0.013205 0.0170861 0.0210548 0.0247203 0.0277023 0.0297019 0.0305617 0.0302913 0.0290468 0.0270776 0.0246579 0.0220299 0.0193713 0.0167911 0.0143454 0.0120613 0.00995553
 1.02584e-16 2.45026e-05 0.000143782 0.000683417 0.00263109 0.00820473 0.0207247 0.0424072 0.0703008 0.0944306 0.102808 0.0908008 0.0652525 0.038595 0.0196903 0.010309 0.00786938 0.00928854 0.0126427 0.016999 0.021818 0.0266019 0.0308172 0.0339583 0.0356528 0.0357452 0.0343274 0.0317025 0.0282993 0.0245656 0.0208774 0.0174866 0.0145146 0.0119785 0.00983379 0.00801474
 1.02095e-16 2.7389e-05 0.000160734 0.000764017 0.00294145 0.00917257 0.0231693 0.0474086 0.0785889 0.105555 0.114896 0.101421 0.0727635 0.0427944 0.0213844 0.0104699 0.00712187 0.00786428 0.0105447 0.0141604 0.0181965 0.0222271 0.0258085 0.0285198 0.0300464 0.0302491 0.0291905 0.0271069 0.0243402 0.0212526 0.0181528 0.0152543 0.0126682 0.0104235 0.00849951 0.00685611
 1.01889e-16 2.63067e-05 0.000154376 0.000733786 0.00282504 0.00880954 0.0222524 0.0455327 0.0754807 0.101384 0.110367 0.0974493 0.0699703 0.0412649 0.0208297 0.0105441 0.00761351 0.00871132 0.0117681 0.0157978 0.0202602 0.0246801 0.0285556 0.031413 0.0329037 0.0328825 0.0314375 0.0288561 0.0255454 0.0219323 0.018378 0.0151277 0.0123032 0.00992587 0.00795564 0.00632823
 1.02351e-16 2.13293e-05 0.000125146 0.000594805 0.00228989 0.0071407 0.0180372 0.0369087 0.0611889 0.0822012 0.0895201 0.0791272 0.0569996 0.0339874 0.0178447 0.0101617 0.00874057 0.0109334 0.01507 0.0202961 0.0260453 0.0317378 0.036735 0.0404283 0.0423682 0.0423653 0.040529 0.0372248 0.0329725 0.0283188 0.0237281 0.0195178 0.0158482 0.0127516 0.0101815 0.00805922
 1.03179e-16 2.12464e-05 0.000124663 0.000592518 0.0022811 0.00711329 0.0179679 0.0367666 0.0609523 0.0818801 0.0891618 0.0787899 0.0567122 0.0337275 0.0175475 0.00974278 0.00811255 0.0100152 0.0137971 0.0186365 0.0240186 0.0294311 0.0343074 0.0380994 0.0403893 0.0409787 0.039925 0.0375068 0.0341399 0.0302709 0.0262855 0.022457 0.0189374 0.0157826 0.0129906 0.0105371
 1.02379e-16 2.73551e-05 0.000160535 0.000763075 0.00293782 0.00916126 0.0231408 0.04735 0.0784917 0.105423 0.114751 0.101289 0.0726596 0.0427147 0.0213104 0.0103776 0.00698853 0.0076701 0.0102744 0.0138053 0.0177587 0.0217225 0.0252685 0.0279895 0.0295795 0.0298999 0.0290052 0.027116 0.0245539 0.0216597 0.0187237 0.0159465 0.0134326 0.0112112 0.009267 0.00756868
 1.00936e-16 3.07238e-05 0.000180313 0.000857106 0.00329987 0.0102903 0.0259926 0.053185 0.0881628 0.118408 0.128873 0.113726 0.0815188 0.0477969 0.0236106 0.0111033 0.0069586 0.0072502 0.00954952 0.0127383 0.0162719 0.0197315 0.022697 0.0247799 0.0257018 0.0253588 0.0238451 0.0214235 0.0184557 0.0153164 0.0123191 0.0096724 0.0074722 0.00572218 0.00436823 0.00333254
 1.00352e-16 3.47119e-05 0.000203734 0.000968462 0.00372864 0.0116274 0.02937 0.0600949 0.0996139 0.133779 0.145577 0.128409 0.0919167 0.0536379 0.0260201 0.0114397 0.00610319 0.00554141 0.0070057 0.00927094 0.0118104 0.0142842 0.0163768 0.0178016 0.0183565 0.0179702 0.0167199 0.0148083 0.0125121 0.0101169 0.00786098 0.00590241 0.00431241 0.00309041 0.00219003 0.00154517
 1.00388e-16 3.21618e-05 0.000188757 0.000897249 0.00345443 0.0107723 0.0272101 0.055676 0.0922912 0.123951 0.134899 0.119029 0.0852892 0.0499445 0.0245534 0.0113482 0.00684436 0.00692156 0.00903321 0.0120139 0.0153103 0.0185116 0.0212129 0.0230432 0.0237401 0.0232123 0.0215613 0.0190526 0.0160474 0.0129186 0.00997743 0.00743011 0.00536934 0.00379385 0.00264215 0.00182674
 1.00886e-16 2.66194e-05 0.000156209 0.000742495 0.00285856 0.00891406 0.0225164 0.0460732 0.0763774 0.102591 0.111686 0.0986279 0.0708465 0.0418414 0.0212302 0.0109236 0.00810116 0.00939857 0.0127138 0.0170281 0.0217589 0.0263788 0.0303303 0.0330921 0.0342894 0.0337813 0.0316931 0.0283772 0.0243203 0.020029 0.0159296 0.0123089 0.00930287 0.00692284 0.00510025 0.0037318
 1.01522e-16 2.713e-05 0.000159211 0.000756774 0.00291355 0.00908557 0.0229496 0.0469592 0.0778446 0.104557 0.113815 0.10048 0.0721153 0.0424679 0.0213225 0.0106062 0.00742655 0.00834532 0.0112282 0.0150692 0.0193336 0.0235647 0.0272832 0.0300357 0.031486 0.0314903 0.0301256 0.0276594 0.0244751 0.0209783 0.0175158 0.0143284 0.0115415 0.00918638 0.00723485 0.005633
 1.01922e-16 2.52409e-05 0.000148117 0.000704028 0.00271045 0.00845221 0.0213498 0.0436861 0.0724205 0.0972765 0.105903 0.093525 0.0671907 0.0397022 0.0201828 0.0104493 0.00783504 0.00915849 0.0124364 0.0167124 0.0214425 0.0261316 0.0302508 0.0332989 0.0349056 0.0349144 0.0334143 0.0307049 0.0272125 0.0233861 0.0196071 0.0161367 0.0131072 0.0105463 0.00841694 0.00665587
 1.01786e-16 2.89363e-05 0.00016982 0.000807219 0.00310779 0.00969132 0.0244796 0.0500893 0.0830315 0.111518 0.121377 0.107119 0.0768006 0.0450663 0.0223297 0.0106178 0.00681748 0.0072421 0.00961485 0.0128903 0.0165586 0.0202215 0.0234728 0.0259284 0.0273016 0.0274656 0.0264778 0.0245545 0.0220082 0.0191705 0.0163243 0.0136658 0.0112978 0.00924768 0.00749713 0.00600947
 1.01878e-16 2.52828e-05 0.000148363 0.000705192 0.00271493 0.00846618 0.0213851 0.0437584 0.0725404 0.097438 0.10608 0.0936844 0.0673115 0.0397863 0.0202486 0.0105203 0.00793148 0.00929555 0.0126239 0.0169537 0.0217321 0.0264533 0.0305774 0.0335947 0.0351313 0.0350345 0.0334037 0.0305543 0.0269309 0.0229986 0.0191502 0.0156518 0.0126338 0.0101165 0.00805244 0.00636682
 1.01997e-16 2.78816e-05 0.000163626 0.000777772 0.00299441 0.00933773 0.0235865 0.048262 0.0800032 0.107453 0.116958 0.103232 0.0740419 0.0435047 0.0216624 0.0104789 0.00696564 0.00757912 0.0101286 0.0136008 0.0174877 0.0213788 0.024849 0.0274945 0.0290117 0.0292631 0.0283033 0.0263522 0.0237317 0.0207842 0.0178036 0.0149951 0.0124688 0.010258 0.00834945 0.00671125
pSPR Fmed_Fpbrs
0.503156   0.6 0.325
Fs Fmed_Fpbrs
0.672984   0.445658 1.52216
SSBpbr Bo_Bmed_Bpbrs
901164  408367  495640 247820
Ro
34288.6
SPR SPRFo_SPRFmed_SPRFpbrs
707927 356197 230076
log_Ro
10.2626
likeval ReclasPelacesDesembMPH_pf_preclas_ppelaces_ptallas_desvR_qrecl_qpela
 61.6361 14.588 0.00831691 0.000207551 255.123 143.378 68.0542 0 15.5238 1.27809e-05 9.33092e-05 8.86097e-15 0 0 0
q_reclas_q_pelaces
0.602542 3.95223
M
0.7
N
 36610.8 11082.8 3610.42 425.798 0.225204
 44851.7 16423.6 2864.93 719.01 83.1931
 23783 20296.5 4489.88 617.028 169.683
 37359.6 10083.4 3650.6 538.214 91.4369
 64696.4 17952.9 4054.83 1349.34 231.249
 45650.9 31946.8 8598.28 1914.13 745.316
 77584.3 21500.9 11291.6 2653 812.102
 78357.7 37260 8612.73 4151.02 1265.54
 99681.3 36356.5 11960.8 2322.48 1441.34
 116238 45831.6 11008.6 2972.15 921.188
 69501.6 54484.1 15706.8 3253.12 1137.59
 47217.5 30967.7 13483.9 2942.98 805.406
 44396.9 21354.7 8434.52 2888.98 788.575
 24340.3 19065.5 4169.88 1134.29 480.725
 14216.1 9066.6 1492.82 156.08 57.1344
 13201.4 5038.95 516.067 35.7599 4.78099
 10396.7 5653.44 966.604 67.6964 5.1672
 11839.5 4625.54 1385.76 178.696 13.1863
 12499.3 5459.59 1427.27 353.56 48.2584
 19944.7 5849.34 1851.8 415.708 115.692
 23845.7 9313.26 1956.36 528.872 149.954
 40138.8 11488.9 3808.82 740.377 255.387
pred_Ctot
 2559.17 3965.75 1637.16 195.799 0.103635
 2877.35 5492.49 1223.06 311.434 36.0622
 2523.84 9853.86 2647.69 367.905 101.233
 869.685 1396.19 682.734 102.547 17.4388
 261.435 459.827 144.434 49.0727 8.41936
 1697.62 6752.89 2406.03 544.877 212.355
 1838.75 3026.82 2145.67 513.575 157.364
 3714.5 9713.83 2930.6 1435.36 437.979
 5336.7 10495.9 4469.62 881.441 547.476
 4705.01 10433.2 3302.22 906.641 281.254
 5167.26 20447.5 7428.64 1559.64 545.787
 3047.23 10405.6 5780.87 1280.12 350.599
 4354.05 9820.16 4753.2 1647.15 449.881
 4447.2 12743.5 3158.57 864.875 366.67
 2983.42 6462.21 1183.73 124.447 45.5678
 1317.76 2345.9 293.852 20.5979 2.75555
 783.117 2142.97 461.189 32.7388 2.50071
 610.476 1294.27 503.237 65.9192 4.86835
 519.674 1272.04 437.524 110.205 15.0556
 858.92 1404.87 583.959 133.277 37.1237
 511.326 1195.05 339.986 93.6545 26.5809
 1056.25 1780.5 793.716 157.131 54.2537
F
 0.101623 0.652853 0.913703 0.93333 0.934386
 0.0929127 0.596894 0.835385 0.853329 0.854295
 0.158082 1.01556 1.42133 1.45186 1.4535
 0.0328412 0.21098 0.295277 0.30162 0.301962
 0.00563296 0.0361875 0.0506463 0.0517342 0.0517928
 0.0529271 0.340016 0.475871 0.486093 0.486643
 0.0334445 0.214855 0.300701 0.307161 0.307508
 0.0679125 0.436286 0.610605 0.623722 0.624428
 0.077004 0.494692 0.692348 0.70722 0.70802
 0.0577313 0.37088 0.519066 0.530216 0.530816
 0.108404 0.696415 0.97467 0.995607 0.996734
 0.0934916 0.600613 0.840589 0.858646 0.859618
 0.145291 0.933387 1.30632 1.33439 1.3359
 0.287538 1.84721 2.58527 2.6408 2.64379
 0.337179 2.16612 3.03159 3.09672 3.10022
 0.148059 0.951164 1.3312 1.3598 1.36134
 0.109898 0.706014 0.988104 1.00933 1.01047
 0.0740683 0.475832 0.665953 0.680258 0.681028
 0.0593405 0.381218 0.533534 0.544995 0.545612
 0.061524 0.395245 0.553166 0.565049 0.565688
 0.0302167 0.194119 0.27168 0.277516 0.27783
 0.0371957 0.238954 0.334429 0.341613 0.342
nmprior
 10 10 8 0
nm_flota  nm_reclas  nm_pelaces    nm_pelaL
inf 16.9388 24.0508 24.0508
cv_recla  cv_pelaces  cv_mph
0.764147 0.488582 0.467413
 ------------------------------------------------
Talla a la edad & desviación 
 7.2 14.2025 17.0495 18.207 18.6776
 1.08 2.13037 2.55742 2.73105 2.80164
