    unsorted:	 2.013284541e-05 8.536341903e-06 0.0008999977536 0.007469269131 103.1590583 66.56089714 63.36254083 90.69708079 31.02300808 14.00348577 214.9476703 231.0139397 340.6513631 482.9487271 535.8399217 660.8395418 735.9239224 780.1926045 813.0172519 898.2703960 1044.456461 1120.599716 1396.721042 1432.858819 1712.441971 1870.144637 2254.475507 2570.465727 2618.419368 2907.430764 2984.707644 3444.618332 3952.465777 4473.837725 4566.081775 4788.082433 9983.044118 45027.20267 213498.7953 275631.8191 341716.0334 375681.5699 394786.5111 426475.2605 435267.5080 473005.8632 519962.2000 565468.1588 612857.2112 710902.8337 813803.6228 905192.3146 1046407.204 1189238.100 1323949.540 1506881.185 1759962.187 1991751.612 2261023.284 2378468.806 2648120.332 29578699.46
      sorted:	 8.536341903e-06 2.013284541e-05 0.0008999977536 0.007469269131 14.00348577 31.02300808 63.36254083 66.56089714 90.69708079 103.1590583 214.9476703 231.0139397 340.6513631 482.9487271 535.8399217 660.8395418 735.9239224 780.1926045 813.0172519 898.2703960 1044.456461 1120.599716 1396.721042 1432.858819 1712.441971 1870.144637 2254.475507 2570.465727 2618.419368 2907.430764 2984.707644 3444.618332 3952.465777 4473.837725 4566.081775 4788.082433 9983.044118 45027.20267 213498.7953 275631.8191 341716.0334 375681.5699 394786.5111 426475.2605 435267.5080 473005.8632 519962.2000 565468.1588 612857.2112 710902.8337 813803.6228 905192.3146 1046407.204 1189238.100 1323949.540 1506881.185 1759962.187 1991751.612 2261023.284 2378468.806 2648120.332 29578699.46
