years
 1997 1998 1999 2000 2001 2002 2003 2004 2005 2006 2007 2008 2009 2010 2011 2012 2013 2014 2015 2016 2017 2018 2019
reclasobs
 0 0 0 370054 412103 1.49427e+06 250295 1.28982e+06 931140 785840 897777 1.04006e+06 184774 17550 25797 100020 73551 82996 120727 218422 84188 347160 605670
reclaspred
 3.45578e+06 594625 1.68405e+06 1.05778e+06 1.00259e+06 1.07462e+06 1.77736e+06 925609 776773 572516 379387 270154 224804 207024 377535 621296 856252 1.29245e+06 1.35964e+06 1.46663e+06 1.51531e+06 1.1071e+06 1.38405e+06
pelacesobs
 0 0 0 0 0 0 0 0 0 2.06254e+06 1.5e+06 0 1.87456e+06 323000 250000 174000 83755 137374 0 501740 490994 745055 786931
pelacespred
 1.89475e+06 731801 680869 781343 634632 557968 857672 643472 428559 320291 158273 122795 102237 86311.6 187396 331361 482290 707258 811587 849403 929607 738455 693128
mphobs
 0 0 0 0 0 112323 0 153150 637223 0 255016 313432 73983 77613 109348 50772 0 0 0 0 0 0 0
mphpred
 2.55594e+06 1.23431e+06 950605 1.16769e+06 912840 960106 1.21343e+06 1.12987e+06 755896 575165 427300 250726 205916 176756 230493 468275 652990 996968 1.22107e+06 1.26587e+06 1.34628e+06 1.16429e+06 1.10693e+06
desembarqueobs
 350755 77701 442110 56441 14545 235359 269955 359681 431902 328805 639364 411747 362871 311530 167758 66681 60226 58785 57116 71774 51957 67425 138520
desembarquepred
 350795 77713.6 442310 56446.7 14545.1 235319 269802 358681 429723 326736 632242 410337 362513 312828 168153 66733.1 60261.7 58804.7 57131.1 71795.4 51964.2 67431.9 138527
Reclutas
 63121.9 63121.9 63121.9 63121.9 63121.9 63121.9 63121.9 63121.9 63121.9 63121.9 63121.9 63121.9 63121.9 63121.9 63121.9 63121.9 63121.9 63121.9 63121.9 63121.9 63121.9 63121.9 63121.9
log_desv_Rt
 0 0 0 0 0 0 0 0 0 0 0 0 0 0 0 0 0 0 0 0 0 0 0
SSB
 2.55594e+06 1.23431e+06 950605 1.16769e+06 912840 960106 1.21343e+06 1.12987e+06 755896 575165 427300 250726 205916 176756 230493 468275 652990 996968 1.22107e+06 1.26587e+06 1.34628e+06 1.16429e+06 1.10693e+06
BT
 4.62677e+06 1.50766e+06 1.91753e+06 1.64082e+06 1.31435e+06 1.27523e+06 2.13517e+06 1.77292e+06 1.38859e+06 1.04502e+06 973630 725588 634264 509612 652977 784912 1.13352e+06 1.55669e+06 1.6657e+06 1.77804e+06 1.96407e+06 1.47936e+06 1.44956e+06
Ftot
 0.0988987 0.127125 0.253418 0.0521397 0.0142048 0.211775 0.14748 0.370853 0.523353 0.539527 1.4383 1.34349 1.4212 1.34265 0.426634 0.104655 0.0687153 0.0444765 0.0410801 0.0478406 0.033541 0.0594821 0.097516
BD_Bspro_t
 0.984995 0.900168 0.831243 0.734124 0.788363 0.835752 0.766769 0.72956 0.607953 0.491872 0.390018 0.220392 0.186856 0.175853 0.221222 0.392045 0.556039 0.732378 0.817789 0.862478 0.887139 0.904594 0.885492
BD_Bspro
 1.96473 0.948803 0.730721 0.897593 0.701692 0.738025 0.93275 0.868524 0.58105 0.442124 0.328462 0.192731 0.158285 0.135871 0.177178 0.359959 0.501947 0.76636 0.938625 0.973065 1.03487 0.894982 0.850885
BD_Bo
 1.88538 0.910485 0.70121 0.861343 0.673353 0.708219 0.895079 0.833447 0.557584 0.424268 0.315196 0.184947 0.151893 0.130384 0.170022 0.345421 0.481676 0.73541 0.900717 0.933767 0.993079 0.858837 0.816521
BD_Brms
 9.12719 4.40768 3.39458 4.16978 3.25972 3.42851 4.3331 4.03474 2.69928 2.05389 1.52587 0.895335 0.735318 0.631191 0.823081 1.67219 2.3318 3.56014 4.36039 4.52039 4.80752 4.15765 3.9528
S_f
 0.5 1 1 1 1
 0.5 1 1 1 1
 0.5 1 1 1 1
 0.5 1 1 1 1
 0.5 1 1 1 1
 0.5 1 1 1 1
 0.5 1 1 1 1
 0.5 1 1 1 1
 0.5 1 1 1 1
 0.5 1 1 1 1
 0.5 1 1 1 1
 0.5 1 1 1 1
 0.5 1 1 1 1
 0.5 1 1 1 1
 0.5 1 1 1 1
 0.5 1 1 1 1
 0.5 1 1 1 1
 0.5 1 1 1 1
 0.5 1 1 1 1
 0.5 1 1 1 1
 0.5 1 1 1 1
 0.5 1 1 1 1
 0.5 1 1 1 1
Scru_reclas
 0.5 1 1 1 1
 0.5 1 1 1 1
 0.5 1 1 1 1
 0.5 1 1 1 1
 0.5 1 1 1 1
 0.5 1 1 1 1
 0.5 1 1 1 1
 0.5 1 1 1 1
 0.5 1 1 1 1
 0.5 1 1 1 1
 0.5 1 1 1 1
 0.5 1 1 1 1
 0.5 1 1 1 1
 0.5 1 1 1 1
 0.5 1 1 1 1
 0.5 1 1 1 1
 0.5 1 1 1 1
 0.5 1 1 1 1
 0.5 1 1 1 1
 0.5 1 1 1 1
 0.5 1 1 1 1
 0.5 1 1 1 1
 0.5 1 1 1 1
Scru_pelaces
 0.5 1 1 1 1
 0.5 1 1 1 1
 0.5 1 1 1 1
 0.5 1 1 1 1
 0.5 1 1 1 1
 0.5 1 1 1 1
 0.5 1 1 1 1
 0.5 1 1 1 1
 0.5 1 1 1 1
 0.5 1 1 1 1
 0.5 1 1 1 1
 0.5 1 1 1 1
 0.5 1 1 1 1
 0.5 1 1 1 1
 0.5 1 1 1 1
 0.5 1 1 1 1
 0.5 1 1 1 1
 0.5 1 1 1 1
 0.5 1 1 1 1
 0.5 1 1 1 1
 0.5 1 1 1 1
 0.5 1 1 1 1
 0.5 1 1 1 1
pf_obs 
 0.256992 0.487395 0.22802 0.0275931 0
 0.321318 0.546541 0.124235 0.00734118 0.000564706
 0.182869 0.594174 0.210203 0.0122559 0.00049798
 0.330522 0.361315 0.267642 0.0388342 0.00168674
 0.649043 0.306663 0.0425973 0.00169635 0
 0.582887 0.30429 0.105238 0.00758474 0
 0.465427 0.430635 0.0974691 0.00646863 0
 0.296916 0.608066 0.0921331 0.00288517 0
 0.311714 0.524322 0.152257 0.0117073 0
 0.15457 0.633149 0.183074 0.0267441 0.00246327
 0.131901 0.49318 0.331252 0.0422183 0.00144891
 0.196976 0.569456 0.194076 0.0375587 0.00193317
 0.518974 0.381816 0.0799577 0.0180837 0.00116848
 0.0928022 0.601141 0.25162 0.0475244 0.00691264
 0.122501 0.610282 0.24278 0.0234846 0.000952079
 0.383417 0.481906 0.127806 0.00687128 0
 0.0376549 0.599619 0.316969 0.0457579 0
 0.0361596 0.667082 0.258105 0.0386534 0
 0.158088 0.579412 0.248529 0.0139706 0
 0.0477256 0.309471 0.559284 0.082774 0.000745712
 0.0406174 0.521527 0.379366 0.0568643 0.0016247
 0.151134 0.462217 0.34131 0.0453401 0
 0.294876 0.26143 0.354403 0.0886775 0.000613685
pf_pred 
 0.301973 0.351397 0.174499 0.0866535 0.0854779
 0.338634 0.311378 0.176189 0.0874929 0.0863059
 0.368364 0.325244 0.144252 0.0816234 0.0805161
 0.391437 0.3386 0.13901 0.0616539 0.0692988
 0.369889 0.35679 0.152074 0.0624331 0.0588142
 0.364729 0.34369 0.165103 0.0703716 0.0561067
 0.388398 0.336079 0.149061 0.0716065 0.0548547
 0.400327 0.341673 0.141773 0.0628805 0.0533468
 0.446554 0.330894 0.126803 0.0526152 0.0431346
 0.488269 0.334217 0.106132 0.0406712 0.0307112
 0.541301 0.317023 0.09253 0.0293834 0.0197627
 0.675663 0.255934 0.047276 0.0137985 0.00732891
 0.687632 0.270073 0.0333746 0.00616495 0.00275509
 0.695812 0.265863 0.0331365 0.00409488 0.00109444
 0.653317 0.303399 0.0378308 0.00471515 0.000738412
 0.508122 0.398517 0.0817043 0.0101877 0.00146863
 0.422873 0.392621 0.149486 0.0306477 0.00437236
 0.386643 0.367425 0.167308 0.0637004 0.0149231
 0.3681 0.354332 0.166274 0.0757133 0.0355802
 0.359744 0.346365 0.164797 0.0773328 0.0517617
 0.356161 0.342828 0.16284 0.0774778 0.0606926
 0.35371 0.340976 0.162572 0.0772202 0.0655216
 0.358201 0.338063 0.160248 0.0764036 0.067084
pobs_RECLAS
 0 0 0 0 0
 0 0 0 0 0
 0 0 0 0 0
 0 0 0 0 0
 0.835266 0.146461 0.0176864 0.000547809 3.91292e-05
 0.385257 0.428462 0.181853 0.0044286 0
 0.867414 0.0963971 0.0333333 0.00285562 0
 0.441836 0.489002 0.0689373 0.000224442 0
 0.779404 0.147425 0.0564933 0.0165055 0.000172143
 0.814271 0.122319 0.05973 0.00367925 0
 0.40263 0.566651 0.0304383 0.000280538 0
 0.475488 0.404961 0.113038 0.00651328 0
 0.955842 0.0263864 0.0167828 0.000988607 0
 0.975058 0.0227948 0.00214734 0 0
 0.738997 0.206755 0.0527124 0.00153531 0
 0.850938 0.134255 0.0134407 0.00136685 0
 0.542534 0.407297 0.0501686 0 0
 0.764087 0.199537 0.0359546 0.000420521 0
 0.470689 0.182191 0.310203 0.0369168 0
 0.84361 0.089868 0.0606195 0.00523954 0.000663233
 0.607945 0.314616 0.071237 0.00620181 0
 0.523733 0.453247 0.0230204 0 0
 0.530135 0.295979 0.169645 0.0042399 0
ppred_RECLAS
 0.302639 0.351062 0.174332 0.0865708 0.0853964
 0.339569 0.310938 0.17594 0.0873693 0.086184
 0.370525 0.324132 0.143759 0.0813441 0.0802406
 0.391816 0.338389 0.138924 0.0616155 0.0692556
 0.369986 0.356735 0.152051 0.0624235 0.0588052
 0.366465 0.342751 0.164652 0.0701793 0.0559533
 0.389569 0.335436 0.148776 0.0714694 0.0547497
 0.403904 0.339635 0.140927 0.0625054 0.0530286
 0.452333 0.327439 0.125478 0.0520657 0.0426842
 0.494351 0.330245 0.104871 0.0401878 0.0303462
 0.5663 0.299745 0.0874872 0.027782 0.0186856
 0.695299 0.240439 0.0444138 0.0129631 0.00688519
 0.708562 0.251977 0.0311384 0.00575188 0.00257049
 0.714725 0.249332 0.0310761 0.00384027 0.00102639
 0.657342 0.299876 0.0373915 0.0046604 0.000729839
 0.508962 0.397836 0.0815648 0.0101703 0.00146612
 0.423394 0.392267 0.149351 0.0306201 0.00436841
 0.386963 0.367234 0.167221 0.0636672 0.0149153
 0.368389 0.35417 0.166198 0.0756787 0.0355639
 0.360079 0.346184 0.164711 0.0772924 0.0517346
 0.356392 0.342706 0.162782 0.07745 0.0606709
 0.354128 0.340755 0.162467 0.0771702 0.0654792
 0.358917 0.337686 0.160069 0.0763185 0.0670093
pobs_PELACES
 0 0 0 0 0
 0 0 0 0 0
 0 0 0 0 0
 0 0 0 0 0
 0 0 0 0 0
 0 0 0 0 0
 0 0 0 0 0
 0 0 0 0 0
 0 0 0 0 0
 0 0 0 0 0
 0.450072 0.473896 0.0757376 0.000293798 0
 0 0 0 0 0
 0.463077 0.371075 0.160297 0.00555027 0
 0.529543 0.364841 0.0842815 0.0213345 0
 0.631943 0.363953 0.00410389 0 0
 0.735681 0.248677 0.0153453 0.000297389 0
 0.695825 0.281241 0.0229344 0 0
 0.275771 0.60734 0.115278 0.00161068 0
 0 0 0 0 0
 0.896147 0.0623911 0.0374545 0.00400742 0
 0.803859 0.145111 0.0509908 3.86294e-05 0
 0.739449 0.233085 0.0266225 0.000797448 4.60066e-05
 0.878498 0.100942 0.0204185 0.000141795 0
ppred_PELACES
 0.306094 0.349323 0.173468 0.0861419 0.0849733
 0.344289 0.308716 0.174683 0.0867449 0.0855681
 0.380329 0.319083 0.14152 0.0800772 0.0789908
 0.393868 0.337247 0.138455 0.0614076 0.069022
 0.370533 0.356425 0.151919 0.0623693 0.0587542
 0.374615 0.338342 0.162534 0.0692765 0.0552336
 0.395371 0.332248 0.147362 0.0707901 0.0542293
 0.418719 0.331194 0.137425 0.060952 0.0517106
 0.4738 0.314604 0.12056 0.0500249 0.0410111
 0.5166 0.315713 0.100256 0.0384195 0.0290109
 0.623421 0.260267 0.0759647 0.024123 0.0162246
 0.740138 0.205056 0.0378779 0.0110555 0.00587198
 0.754527 0.212236 0.0262273 0.00484469 0.00216507
 0.757677 0.211792 0.0263973 0.00326208 0.000871856
 0.673018 0.286157 0.035681 0.00444719 0.00069645
 0.513277 0.39434 0.0808481 0.010081 0.00145324
 0.426164 0.390382 0.148633 0.030473 0.00434743
 0.388705 0.36619 0.166745 0.0634862 0.0148729
 0.369967 0.353285 0.165783 0.0754896 0.0354751
 0.3619 0.345199 0.164242 0.0770724 0.0515874
 0.357662 0.342029 0.162461 0.0772972 0.0605511
 0.356376 0.339569 0.161901 0.0769017 0.0652513
 0.362627 0.335732 0.159143 0.0758768 0.0666214
pobs_pel_tallas
 0 0 0 0 0 0 0 0 0 0 0 0 0 0 0 0 0 0 0 0 0 0 0 0 0 0 0 0 0 0 0 0 0 0 0 0
 0 0 0 0 0 0 0 0 0 0 0 0 0 0 0 0 0 0 0 0 0 0 0 0 0 0 0 0 0 0 0 0 0 0 0 0
 0 0 0 0 0 0 0 0 0 0 0 0 0 0 0 0 0 0 0 0 0 0 0 0 0 0 0 0 0 0 0 0 0 0 0 0
 0 0 0 0 0 0 0 0 0 0 0 0 0 0 0 0 0 0 0 0 0 0 0 0 0 0 0 0 0 0 0 0 0 0 0 0
 0 0 0 0 0 0 0 0 0 0 0 0 0 0 0 0 0 0 0 0 0 0 0 0 0 0 0 0 0 0 0 0 0 0 0 0
 0 0 0 0 0 0 0 0 0 0 0 0 0 0 0 0 0 0 0 0 0 0 0 0 0 0 0 0 0 0 0 0 0 0 0 0
 0 0 0 0 0 0 0 0 0 0 0 0 0 0 0 0 0 0 0 0 0 0 0 0 0 0 0 0 0 0 0 0 0 0 0 0
 0 0 0 0 0 0 0 0 0 0 0 0 0 0 0 0 0 0 0 0 0 0 0 0 0 0 0 0 0 0 0 0 0 0 0 0
 0 0 0 0 0 0 0 0 0 0 0 0 0 0 0 0 0 0 0 0 0 0 0 0 0 0 0 0 0 0 0 0 0 0 0 0
 0 0 0 0 0 0 0 0 0 0 0 0 0 0 0 0 0 0 0 0 0 0 0 0 0 0 0 0 0 0 0 0 0 0 0 0
 0 0 0 0 0 0 0 0 1.78061e-05 0.00172719 0.00360574 0.0105946 0.0120993 0.0124554 0.0147524 0.0171206 0.0266825 0.0428682 0.0675386 0.121331 0.153587 0.119568 0.100827 0.0573624 0.0630603 0.0341343 0.0324427 0.0444173 0.0211091 0.0280891 0.0125444 0.00206551 0 0 0 0
 0 0 0 0 0 0 0 0 0 0 0 0 0 0 0 0 0 0 0 0 0 0 0 0 0 0 0 0 0 0 0 0 0 0 0 0
 0 0 0 0 0 0 0.0133647 0.0140871 0.0187388 0.0205184 0.03894 0.0496705 0.03968 0.0493445 0.0407372 0.0367815 0.0215668 0.0243155 0.0234873 0.0199281 0.019796 0.0243948 0.0301388 0.0376714 0.0412746 0.0863199 0.0771752 0.113111 0.0741005 0.0525337 0.0229764 0.00759418 0.00175318 0 0 0
 0 0 0 0 0 0 0 0 0 0 0.00219441 0.00772107 0.0458388 0.0604681 0.0671733 0.0775358 0.0609151 0.0617685 0.073594 0.0568108 0.0755445 0.0548602 0.0670107 0.0636378 0.0643287 0.046367 0.0373049 0.0286899 0.0247887 0.0153202 0.00654259 0.00121912 0.000365735 0 0 0
 0 0 0 0 0 0 0 0 0 0 0 0 0.000112435 0.00938835 0.0111873 0.0202946 0.0414886 0.0713402 0.111592 0.104902 0.108894 0.110636 0.117776 0.105296 0.107544 0.0401394 0.0192827 0.0124803 0.00416011 0.0028671 0.000618394 0 0 0 0 0
 0 0 0 0 0 0 0 0 0 0 0.00291406 0.0102884 0.027416 0.0768956 0.0749926 0.110853 0.0956884 0.0897413 0.0766577 0.0534642 0.0500743 0.0551293 0.0594112 0.0620874 0.0668451 0.0424026 0.0208742 0.0120726 0.0048766 0.00582813 0.00118941 0.000297354 0 0 0 0
 0 0.00264628 0.0354308 0.0461629 0.0458689 0.0383711 0.0214643 0.0164657 0.0346957 0.0420465 0.0363128 0.0245516 0.0311673 0.0291091 0.0169068 0.0133784 0.00837989 0.0085269 0.0148486 0.0160247 0.0276389 0.0546898 0.0760071 0.122758 0.109233 0.0665981 0.0333725 0.0166128 0.00676272 0.00308733 0.000882094 0 0 0 0 0
 0 0 0 0 0 0 0 0.000805153 0.000690131 0.00759144 0.0133425 0.0154129 0.00931677 0.000345066 0.00356568 0.00563607 0.00851162 0.0253048 0.0502646 0.0516448 0.0657925 0.0565908 0.0611916 0.0827007 0.0866115 0.110766 0.145733 0.0935128 0.0569358 0.0249597 0.0138026 0.00621118 0.00161031 0.00115022 0 0
 0 0 0 0 0 0 0 0 0 0 0 0 0 0 0 0 0 0 0 0 0 0 0 0 0 0 0 0 0 0 0 0 0 0 0 0
 0.00147267 0.00158595 0.00478618 0.00569244 0.00954404 0.0108468 0.00647125 0.017049 0.0510054 0.094081 0.124002 0.0959785 0.0687766 0.0820023 0.061753 0.0591476 0.0492212 0.0479892 0.0443925 0.0268479 0.0217502 0.0140895 0.0121071 0.0120363 0.00920419 0.00665534 0.0049561 0.00860946 0.00930331 0.0156896 0.0114698 0.00855282 0.00243557 0.00046729 0 2.83206e-05
 0 0 0 0 0.000772559 0.00158375 0.000888443 0.00281984 0.00712685 0.0440552 0.0773331 0.111326 0.0921469 0.0852325 0.0710754 0.0886704 0.0786465 0.0553345 0.0373146 0.0185414 0.00753245 0.00457741 0.012979 0.0271748 0.0457355 0.0583668 0.034881 0.0177882 0.00938659 0.00492506 0.0015258 0.00185414 0.000309023 5.79419e-05 3.86279e-05 0
 0 0.00173294 0.00326652 0 0.00397197 0.00683976 0.00946217 0.0152591 0.00757587 0.0136028 0.0228656 0.0392903 0.0559909 0.0764795 0.0681675 0.0726916 0.0566044 0.0477403 0.0527397 0.0444891 0.0609904 0.0582453 0.0661739 0.0445044 0.0529084 0.0360697 0.0280645 0.0235558 0.0158879 0.00826598 0.00280645 0.00217768 0.000904811 0.00058276 9.20147e-05 0
 0 0 0 0 0 0 0 0 0 0 0 0 0 0 0 0 0 0 0 0 0 0 0 0 0 0 0 0 0 0 0 0 0 0 0 0
ppred_pel_tallas
 1.09507e-16 1.33741e-05 7.84465e-05 0.000372799 0.00143513 0.00447516 0.0113042 0.0231323 0.0383534 0.0515352 0.0561532 0.0497042 0.0359579 0.02175 0.0119903 0.00773939 0.00769155 0.0102547 0.0144297 0.0196922 0.0256502 0.0318527 0.0377708 0.0428744 0.0467361 0.0491149 0.0499883 0.0495224 0.0479972 0.0457157 0.0429312 0.0398136 0.0364553 0.0329039 0.0292008 0.0254094
 1.0956e-16 1.50379e-05 8.82183e-05 0.000419264 0.00161405 0.00503311 0.0127135 0.0260155 0.0431312 0.0579471 0.0631189 0.0558206 0.0402754 0.0241471 0.0129247 0.00776153 0.00714914 0.00926733 0.012986 0.0177448 0.0231736 0.0288741 0.0343824 0.0392291 0.0430293 0.0455543 0.0467607 0.0467661 0.0457853 0.0440553 0.0417746 0.0390773 0.0360413 0.0327165 0.0291584 0.0254492
 1.08556e-16 1.66098e-05 9.74458e-05 0.000463131 0.00178294 0.00555981 0.0140439 0.0287376 0.0476433 0.0640065 0.069712 0.0616343 0.0444331 0.0265649 0.0140806 0.00823801 0.00735147 0.00939105 0.0130926 0.0178286 0.0231931 0.0287613 0.0340485 0.0385729 0.0419509 0.043972 0.0446285 0.0440858 0.0426123 0.0404943 0.037968 0.0351869 0.0322285 0.0291246 0.0258991 0.0225956
 1.07411e-16 1.72009e-05 0.000100915 0.000479618 0.00184641 0.00575774 0.0145439 0.0297608 0.0493397 0.0662858 0.0721954 0.063832 0.0460218 0.0275234 0.0146036 0.00856526 0.00766165 0.00978707 0.0136253 0.0185152 0.0240207 0.0296839 0.0349849 0.0394113 0.0425611 0.0442239 0.0444121 0.0433299 0.0412961 0.0386503 0.0356763 0.0325636 0.0294092 0.0262486 0.023095 0.0199704
 1.07162e-16 1.61842e-05 9.49438e-05 0.000451228 0.0017371 0.00541684 0.0136828 0.0279991 0.0464203 0.0623675 0.0679376 0.060091 0.0433758 0.0260436 0.0140061 0.00850806 0.00792571 0.010293 0.0143758 0.0195397 0.025342 0.0313007 0.036864 0.041487 0.0447418 0.0464037 0.0464859 0.0452064 0.0429077 0.0399574 0.0366666 0.0332478 0.0298155 0.0264168 0.0230712 0.0198034
 1.07379e-16 1.63615e-05 9.59863e-05 0.000456187 0.0017562 0.00547641 0.0138332 0.0283068 0.0469298 0.0630502 0.0686764 0.0607328 0.0438138 0.0262562 0.0140294 0.00838329 0.00766866 0.00989364 0.0138133 0.0187989 0.024426 0.0302398 0.0357183 0.0403424 0.0436988 0.0455612 0.0459239 0.044972 0.043008 0.0403603 0.0373096 0.0340505 0.0306939 0.0272951 0.0238899 0.0205227
 1.07167e-16 1.72663e-05 0.000101299 0.000481445 0.00185345 0.00577969 0.0145993 0.0298741 0.0495275 0.0665376 0.0724683 0.0640703 0.046187 0.027609 0.0146252 0.00854138 0.00760243 0.009694 0.0134963 0.0183496 0.0238231 0.0294658 0.0347647 0.0392123 0.0424072 0.0441342 0.0443964 0.0433848 0.0414051 0.038786 0.0358058 0.0326543 0.0294351 0.0261943 0.0229574 0.0197584
 1.0657e-16 1.82843e-05 0.000107276 0.00050986 0.00196286 0.00612086 0.0154611 0.0316374 0.05245 0.0704617 0.0767364 0.0678302 0.0488678 0.0291517 0.0153327 0.00878156 0.00762664 0.00961721 0.0133486 0.0181235 0.0234964 0.0290115 0.0341542 0.0384186 0.041408 0.0429157 0.0429564 0.0417355 0.0395739 0.0368157 0.0337514 0.0305786 0.0274032 0.0242672 0.0211865 0.0181816
 1.0545e-16 2.06854e-05 0.000121374 0.000576888 0.00222094 0.00692568 0.0174939 0.0357966 0.0593434 0.0797164 0.0867996 0.076688 0.0551676 0.0327456 0.0169216 0.00921492 0.00747475 0.00912691 0.0125697 0.0170259 0.0220331 0.0271452 0.0318685 0.0357216 0.038331 0.0395082 0.03928 0.0378583 0.0355671 0.0327524 0.0297068 0.02663 0.0236275 0.0207372 0.0179655 0.0153172
 1.04202e-16 2.25517e-05 0.000132331 0.000628977 0.00242149 0.0075511 0.0190737 0.039029 0.064701 0.0869103 0.0946249 0.0835831 0.0600871 0.0355837 0.0182363 0.00968484 0.00756575 0.00905535 0.012396 0.0167391 0.0215929 0.0264966 0.030949 0.0344665 0.0366816 0.0374207 0.0367341 0.0348648 0.0321717 0.0290346 0.0257747 0.02261 0.0196524 0.0169329 0.0144398 0.0121513
 1.02751e-16 2.72074e-05 0.000159668 0.000758955 0.00292196 0.00911181 0.0230158 0.0470944 0.0780678 0.104854 0.114131 0.10074 0.0722636 0.0424771 0.0211829 0.0103011 0.00691894 0.00758239 0.0101561 0.0136517 0.0175716 0.0215109 0.0250492 0.0277865 0.0294217 0.0298175 0.0290255 0.0272595 0.0248309 0.0220695 0.0192546 0.0165772 0.0141355 0.0119547 0.010019 0.00829942
 1.01259e-16 3.22945e-05 0.00018954 0.000900978 0.0034688 0.0108171 0.0273233 0.0559073 0.0926735 0.124461 0.135446 0.119492 0.0855765 0.0500244 0.0244293 0.0110184 0.00628046 0.00607235 0.00784425 0.0104512 0.0133824 0.0162864 0.0188234 0.0206791 0.021624 0.0215653 0.0205656 0.0188202 0.0166035 0.0142018 0.0118558 0.00972751 0.00789451 0.00636659 0.00511208 0.00408333
 1.0071e-16 3.29222e-05 0.000193224 0.000918494 0.00353624 0.0110274 0.0278545 0.0569942 0.0944753 0.126881 0.13808 0.121816 0.0872421 0.0510003 0.0249095 0.0112399 0.00641049 0.00619518 0.00799015 0.0106218 0.0135616 0.0164424 0.0189105 0.0206411 0.0214016 0.021105 0.01983 0.0177958 0.0153044 0.0126695 0.0101537 0.00793236 0.00608698 0.00462173 0.00349216 0.00263345
 1.00597e-16 3.30595e-05 0.00019403 0.000922326 0.003551 0.0110734 0.0279707 0.057232 0.0948694 0.12741 0.138655 0.122323 0.0876033 0.0512077 0.0250039 0.0112705 0.00641117 0.00618127 0.00796576 0.0105862 0.0135126 0.0163774 0.0188271 0.0205371 0.0212751 0.0209545 0.0196546 0.0175952 0.0150797 0.012423 0.00988932 0.00765579 0.0058052 0.00434261 0.00322372 0.00238302
 1.00786e-16 2.93711e-05 0.000172369 0.00081933 0.00315441 0.00983669 0.0248468 0.050841 0.0842784 0.113195 0.123209 0.108752 0.0780069 0.0458447 0.0228451 0.011076 0.00738545 0.00803306 0.0106974 0.0142909 0.0182527 0.0221232 0.0254312 0.027739 0.0287328 0.0282959 0.0265352 0.023748 0.0203443 0.01675 0.0133225 0.0103015 0.00779896 0.00582207 0.00431098 0.00317713
 1.01691e-16 2.24101e-05 0.000131492 0.000624973 0.00240605 0.00750292 0.0189521 0.0387807 0.0642917 0.0863672 0.0940513 0.0831186 0.0598449 0.0356238 0.0185931 0.0104123 0.00875944 0.0108419 0.0148997 0.0200389 0.0256784 0.031234 0.036066 0.0395684 0.0412966 0.0410697 0.0390083 0.0354915 0.0310539 0.026257 0.0215772 0.0173403 0.0137096 0.0107143 0.00829911 0.00637243
 1.03488e-16 1.86115e-05 0.000109191 0.000518952 0.00199784 0.00622993 0.0157366 0.0322017 0.053387 0.0717249 0.078124 0.0690846 0.0498322 0.0298484 0.0159198 0.0094614 0.00858569 0.0110097 0.0152935 0.020691 0.026684 0.0327186 0.0381697 0.0424294 0.0450317 0.0457518 0.0446462 0.0420163 0.0383157 0.0340343 0.0295977 0.0253103 0.0213456 0.0177729 0.0145982 0.0118026
 1.05363e-16 1.69772e-05 9.95978e-05 0.000473351 0.00182227 0.00568244 0.0143537 0.0293719 0.048696 0.0654242 0.0712651 0.0630289 0.0454849 0.0272868 0.0146322 0.00882197 0.00814711 0.0105394 0.0146994 0.0199583 0.025851 0.031873 0.0374481 0.0420072 0.0451032 0.0465016 0.0462182 0.0444868 0.0416778 0.0381956 0.0343925 0.0305216 0.026733 0.0231001 0.0196569 0.0164289
 1.0672e-16 1.61595e-05 9.47989e-05 0.000450539 0.00173445 0.00540857 0.0136619 0.0279563 0.0463493 0.0622721 0.0678334 0.0599981 0.0433073 0.0259997 0.0139779 0.00848458 0.00789899 0.0102592 0.0143352 0.0194967 0.0253053 0.0312837 0.0368829 0.0415585 0.0448785 0.0466098 0.0467536 0.045514 0.0432213 0.0402351 0.0368652 0.0333299 0.0297564 0.0262082 0.0227227 0.0193396
 1.07503e-16 1.58074e-05 9.27322e-05 0.000440716 0.00169663 0.00529063 0.013364 0.0273467 0.0453387 0.0609143 0.0663546 0.0586907 0.0423649 0.0254365 0.0136801 0.00831246 0.00774964 0.0100749 0.0140884 0.0191777 0.0249189 0.0308504 0.0364399 0.0411582 0.0445837 0.0464855 0.0468579 0.0458895 0.0438883 0.0411892 0.0380776 0.0347518 0.0313246 0.0278523 0.0243721 0.0209299
 1.07903e-16 1.56224e-05 9.16469e-05 0.000435557 0.00167677 0.00522869 0.0132075 0.0270266 0.044808 0.0602014 0.0655784 0.058005 0.0418717 0.0251441 0.0135297 0.00823188 0.00768657 0.0100008 0.0139902 0.019051 0.0247658 0.0306793 0.0362664 0.0410045 0.0444764 0.0464531 0.0469264 0.046079 0.04421 0.0416437 0.0386547 0.0354316 0.0320797 0.0286509 0.0251808 0.0217169
 1.08101e-16 1.55662e-05 9.13173e-05 0.00043399 0.00167074 0.00520989 0.0131601 0.0269294 0.0446468 0.0599848 0.0653422 0.0577955 0.0417193 0.0250502 0.013475 0.00819236 0.00764368 0.00994295 0.0139107 0.0189468 0.0246373 0.0305315 0.0361091 0.0408519 0.0443461 0.0463634 0.046894 0.0461165 0.0443243 0.0418347 0.0389162 0.0357517 0.0324429 0.0290393 0.0255765 0.0221032
 1.08089e-16 1.58387e-05 9.2917e-05 0.000441596 0.00170002 0.00530122 0.0133907 0.0274014 0.045429 0.0610347 0.0664833 0.0587989 0.0424306 0.0254512 0.0136432 0.0082213 0.00759446 0.00983957 0.013755 0.0187327 0.0243592 0.0301878 0.0357044 0.0403972 0.0438573 0.0458598 0.0463952 0.0456401 0.0438841 0.0414403 0.0385729 0.0354612 0.0322043 0.0288497 0.0254315 0.0219974
pSPR Fmed_Fpbrs
0.722532   0.256568 0.256568
Fs Fmed_Fpbrs
0.167824   1.005 1.005
SSBpbr Bo_Bmed_Bpbrs
1.35566e+06  911727  280036 280036
Ro
63121.9
SPR SPRFo_SPRFmed_SPRFpbrs
1.30091e+06 939951 333772
log_Ro
10.8728
likeval ReclasPelacesDesembMPH_pf_preclas_ppelaces_ptallas_desvR_qrecl_qpela
 326.369 142.656 1.18059 0.000808016 308.078 181.526 89.654 0 0 0 0 0 0 0 0
q_reclas_q_pelaces
1 1
M
0.7
N
 63121.9 37527.3 18635.5 9254.12 9128.57
 63121.9 29833.1 16880.7 8382.7 8268.98
 63121.9 29415 13046.2 7382 7281.85
 63121.9 27615 11337.2 5028.27 5651.77
 63121.9 30538.8 13016.5 5343.86 5034.11
 63121.9 31123.6 14951.2 6372.65 5080.86
 63121.9 28196 12505.8 6007.56 4602.14
 63121.9 29117.2 12081.8 5358.65 4546.19
 63121.9 26040.2 9978.92 4140.63 3394.54
 63121.9 24128.5 7662.12 2936.22 2217.16
 63121.9 23934.1 6985.7 2218.35 1492.01
 63121.9 15270.4 2820.75 823.296 437.283
 63121.9 16011.8 1978.67 365.5 163.34
 63121.9 15401.6 1919.62 237.219 63.4016
 63121.9 16018.5 1997.35 248.945 38.9858
 63121.9 25324 5191.95 647.385 93.3247
 63121.9 29747.4 11325.9 2322.06 331.276
 63121.9 30286.8 13791.1 5250.8 1230.11
 63121.9 30656.1 14385.7 6550.55 3078.32
 63121.9 30708.2 14610.6 6856.21 4589.11
 63121.9 30604.5 14536.9 6916.5 5418.07
 63121.9 30824.1 14696.5 6980.68 5923.13
 63121.9 30426.9 14422.9 6876.6 6037.81
pred_Ctot
 2196.43 2555.92 1269.23 630.283 621.732
 2805.93 2580.08 1459.9 724.966 715.131
 5442.11 4805.08 2131.15 1205.88 1189.52
 1169.91 1011.99 415.468 184.268 207.117
 321.404 310.022 132.14 54.2494 51.1049
 4589 4324.29 2077.32 885.412 705.932
 3240.77 2804.23 1243.76 597.481 457.705
 7765.68 6627.88 2750.15 1219.78 1034.84
 10610.3 7862.19 3012.89 1250.16 1024.9
 10901.1 7461.7 2369.5 908.022 685.656
 24248.7 14201.7 4145.06 1316.29 885.307
 23069.9 8738.64 1614.2 471.139 250.239
 24039.5 9441.7 1166.77 215.525 96.3173
 23059.3 8810.71 1098.15 135.705 36.2699
 8828.21 4099.8 511.204 63.7153 9.9781
 2321.34 1820.61 373.263 46.5423 6.70937
 1536.23 1426.33 543.056 111.338 15.884
 999.649 949.962 432.567 164.694 38.583
 924.003 889.442 417.38 190.055 89.3131
 1074.46 1034.5 492.207 230.974 154.599
 755.683 727.394 345.505 164.388 128.774
 1332.51 1284.54 612.447 290.906 246.835
 2166.38 2044.58 969.167 462.084 405.719
F
 0.0494493 0.0988987 0.0988987 0.0988987 0.0988987
 0.0635626 0.127125 0.127125 0.127125 0.127125
 0.126709 0.253418 0.253418 0.253418 0.253418
 0.0260698 0.0521397 0.0521397 0.0521397 0.0521397
 0.00710241 0.0142048 0.0142048 0.0142048 0.0142048
 0.105887 0.211775 0.211775 0.211775 0.211775
 0.0737401 0.14748 0.14748 0.14748 0.14748
 0.185427 0.370853 0.370853 0.370853 0.370853
 0.261677 0.523353 0.523353 0.523353 0.523353
 0.269763 0.539527 0.539527 0.539527 0.539527
 0.719152 1.4383 1.4383 1.4383 1.4383
 0.671746 1.34349 1.34349 1.34349 1.34349
 0.710598 1.4212 1.4212 1.4212 1.4212
 0.671325 1.34265 1.34265 1.34265 1.34265
 0.213317 0.426634 0.426634 0.426634 0.426634
 0.0523275 0.104655 0.104655 0.104655 0.104655
 0.0343577 0.0687153 0.0687153 0.0687153 0.0687153
 0.0222383 0.0444765 0.0444765 0.0444765 0.0444765
 0.0205401 0.0410801 0.0410801 0.0410801 0.0410801
 0.0239203 0.0478406 0.0478406 0.0478406 0.0478406
 0.0167705 0.033541 0.033541 0.033541 0.033541
 0.0297411 0.0594821 0.0594821 0.0594821 0.0594821
 0.048758 0.097516 0.097516 0.097516 0.097516
nmprior
 10 10 8 0
nm_flota  nm_reclas  nm_pelaces    nm_pelaL
inf 7.08575 5.29834 6.2597
cv_recla  cv_pelaces  cv_mph
1.71386 1.46282 0.922249
 ------------------------------------------------
Talla a la edad & desviación 
 7.2 14.2025 17.0495 18.207 18.6776
 1.08 2.13037 2.55742 2.73105 2.80164
