years
 1997 1998 1999 2000 2001 2002 2003 2004 2005 2006 2007 2008 2009 2010 2011 2012 2013 2014 2015 2016 2017 2018
reclasobs
 0 0 0 370054 412103 1.49427e+06 250295 1.28982e+06 931140 785840 897777 1.04006e+06 184774 17550 25797 100020 73551 82996 120727 218422 84188 347160
reclaspred
 369599 101855 316306 236776 353619 422468 926795 623264 697990 632374 498063 335172 204826 95637.4 67924 69983.5 88557.1 119795 125513 182497 251955 230520
pelacesobs
 0 0 0 0 0 0 0 0 0 2.06254e+06 1.5e+06 0 1.87456e+06 323000 250000 174000 83755 137374 0 501740 490994 745055
pelacespred
 1.08441e+06 266007 511908 578306 738367 741536 1.84021e+06 1.54902e+06 1.53401e+06 1.40489e+06 998982 693761 422566 165504 115308 126745 167231 228488 247385 348559 531746 476187
mphobs
 0 0 0 0 0 112323 0 153150 637223 0 255016 313432 73983 77613 109348 50772 0 0 0 0 0 0
mphpred
 698236 425482 526694 658559 711655 1.12639e+06 1.70092e+06 1.99721e+06 1.72815e+06 1.75292e+06 1.64e+06 1.15818e+06 716011 377053 183826 159872 195469 271824 332894 380833 571823 645542
desembarqueobs
 350755 77701 442110 56441 14545 235359 269955 359681 431902 328805 639364 411747 362871 311530 167758 66681 60226 58785 57116 71774 51957 67425
desembarquepred
 350760 77700.4 442099 56441.8 14545.1 235390 269979 359678 431925 328821 639556 411979 363190 311958 167796 66691.5 60243.4 58785.9 57112.2 71772.5 51957.1 67420.7
Reclutas
 51383.2 66821.8 40720.7 67708.9 116018 82824.2 130494 126457 151697 148101 68627.7 40585.7 42213.5 23408.2 18499 23103.2 19291.1 20838 23941.5 44170.3 48658.9 69696
log_desv_Rt
 -0.012483 0.250235 -0.245057 0.263424 0.801952 0.464927 0.919535 0.888111 1.07009 1.0461 0.276902 -0.248379 -0.209054 -0.798707 -1.03408 -0.811823 -0.992148 -0.915017 -0.776179 -0.16374 -0.0669599 0.292349
SSB
 698236 425482 526694 658559 711655 1.12639e+06 1.70092e+06 1.99721e+06 1.72815e+06 1.75292e+06 1.64e+06 1.15818e+06 716011 377053 183826 159872 195469 271824 332894 380833 571823 645542
BT
 2.22811e+06 607968 1.15947e+06 1.09531e+06 1.33319e+06 1.51318e+06 3.47868e+06 3.18243e+06 3.14229e+06 2.8334e+06 2.36905e+06 1.62294e+06 1.11484e+06 597992 349973 282224 348906 456165 492353 682724 994535 916318
Ftot
 0.428477 0.359336 0.524237 0.0995367 0.0190548 0.185298 0.116077 0.228795 0.253452 0.201393 0.415601 0.384619 0.607865 1.06913 0.998124 0.395208 0.282368 0.191183 0.165137 0.16831 0.0811525 0.109426
BD_Bspro_t
 0.947306 0.754444 0.715495 0.595464 0.727485 0.846863 0.818173 0.824362 0.778044 0.745646 0.712005 0.565393 0.452801 0.339937 0.221408 0.236484 0.351758 0.516619 0.621337 0.701465 0.794178 0.849728
BD_Bspro
 0.650012 0.396096 0.490317 0.613075 0.662505 1.0486 1.58345 1.85927 1.6088 1.63185 1.52673 1.07819 0.66656 0.351012 0.17113 0.148831 0.181969 0.25305 0.309902 0.354531 0.53233 0.600958
BD_Bo
 0.545859 0.332628 0.411753 0.514841 0.55635 0.880579 1.32973 1.56135 1.35102 1.37038 1.2821 0.905429 0.559755 0.294768 0.143709 0.124983 0.152812 0.212503 0.260246 0.297724 0.447034 0.504665
BD_Brms
 1.88653 1.14958 1.42304 1.77932 1.92278 3.04334 4.59563 5.39614 4.6692 4.73612 4.43103 3.12922 1.93455 1.01874 0.496669 0.43195 0.528127 0.734425 0.899427 1.02895 1.54498 1.74415
S_f
 0.190005 1 1 1 1
 0.190005 1 1 1 1
 0.190005 1 1 1 1
 0.190005 1 1 1 1
 0.190005 1 1 1 1
 0.190005 1 1 1 1
 0.190005 1 1 1 1
 0.190005 1 1 1 1
 0.190005 1 1 1 1
 0.190005 1 1 1 1
 0.190005 1 1 1 1
 0.190005 1 1 1 1
 0.190005 1 1 1 1
 0.190005 1 1 1 1
 0.190005 1 1 1 1
 0.190005 1 1 1 1
 0.190005 1 1 1 1
 0.190005 1 1 1 1
 0.190005 1 1 1 1
 0.190005 1 1 1 1
 0.190005 1 1 1 1
 0.190005 1 1 1 1
Scru_reclas
 1 1 1 1 1
 1 1 1 1 1
 1 1 1 1 1
 1 1 1 1 1
 1 1 1 1 1
 1 1 1 1 1
 1 1 1 1 1
 1 1 1 1 1
 1 1 1 1 1
 1 1 1 1 1
 1 1 1 1 1
 1 1 1 1 1
 1 1 1 1 1
 1 1 1 1 1
 1 1 1 1 1
 1 1 1 1 1
 1 1 1 1 1
 1 1 1 1 1
 1 1 1 1 1
 1 1 1 1 1
 1 1 1 1 1
 1 1 1 1 1
Scru_pelaces
 1 1 1 1 1
 1 1 1 1 1
 1 1 1 1 1
 1 1 1 1 1
 1 1 1 1 1
 1 1 1 1 1
 1 1 1 1 1
 1 1 1 1 1
 1 1 1 1 1
 1 1 1 1 1
 1 1 1 1 1
 1 1 1 1 1
 1 1 1 1 1
 1 1 1 1 1
 1 1 1 1 1
 1 1 1 1 1
 1 1 1 1 1
 1 1 1 1 1
 1 1 1 1 1
 1 1 1 1 1
 1 1 1 1 1
 1 1 1 1 1
pf_obs 
 0.256992 0.487395 0.22802 0.0275931 0
 0.321318 0.546541 0.124235 0.00734118 0.000564706
 0.182869 0.594174 0.210203 0.0122559 0.00049798
 0.330522 0.361315 0.267642 0.0388342 0.00168674
 0.649043 0.306663 0.0425973 0.00169635 0
 0.582887 0.30429 0.105238 0.00758474 0
 0.465427 0.430635 0.0974691 0.00646863 0
 0.296916 0.608066 0.0921331 0.00288517 0
 0.311714 0.524322 0.152257 0.0117073 0
 0.15457 0.633149 0.183074 0.0267441 0.00246327
 0.131901 0.49318 0.331252 0.0422183 0.00144891
 0.196976 0.569456 0.194076 0.0375587 0.00193317
 0.518974 0.381816 0.0799577 0.0180837 0.00116848
 0.0928022 0.601141 0.25162 0.0475244 0.00691264
 0.122501 0.610282 0.24278 0.0234846 0.000952079
 0.383417 0.481906 0.127806 0.00687128 0
 0.0376549 0.599619 0.316969 0.0457579 0
 0.0361596 0.667082 0.258105 0.0386534 0
 0.158088 0.579412 0.248529 0.0139706 0
 0.0477256 0.309471 0.559284 0.082774 0.000745712
 0.0406174 0.521527 0.379366 0.0568643 0.0016247
 0.151134 0.462217 0.34131 0.0453401 0
pf_pred 
 0.336899 0.466508 0.175669 0.0209137 1.01869e-05
 0.318681 0.521698 0.112297 0.0422868 0.00503677
 0.18154 0.609151 0.160272 0.0344992 0.0145384
 0.303758 0.417208 0.207675 0.0546408 0.0167182
 0.322037 0.478721 0.119391 0.0594297 0.0204206
 0.173201 0.592021 0.165781 0.0413451 0.0276521
 0.261957 0.402632 0.240168 0.067253 0.0279904
 0.214037 0.521298 0.144385 0.0861249 0.0341546
 0.243373 0.464786 0.193567 0.0536127 0.0446618
 0.21614 0.513846 0.165866 0.0690771 0.0350707
 0.11538 0.54333 0.223727 0.0722173 0.0453456
 0.11273 0.403433 0.29717 0.122366 0.0643002
 0.189135 0.360431 0.204808 0.150863 0.0947635
 0.171984 0.514232 0.139477 0.0792556 0.095051
 0.248738 0.487711 0.163676 0.0443946 0.0554805
 0.328521 0.496668 0.113486 0.0380859 0.02324
 0.223093 0.587282 0.140258 0.0320482 0.0173183
 0.227815 0.488535 0.214418 0.0512086 0.0180238
 0.233058 0.482388 0.180027 0.0790141 0.0255125
 0.328507 0.425079 0.154988 0.0578417 0.0335838
 0.247817 0.553261 0.125925 0.0459135 0.0270837
 0.271061 0.468529 0.191542 0.0435958 0.025272
pobs_RECLAS
 0 0 0 0 0
 0 0 0 0 0
 0 0 0 0 0
 0 0 0 0 0
 0.835266 0.146461 0.0176864 0.000547809 3.91292e-05
 0.385257 0.428462 0.181853 0.0044286 0
 0.867414 0.0963971 0.0333333 0.00285562 0
 0.441836 0.489002 0.0689373 0.000224442 0
 0.779404 0.147425 0.0564933 0.0165055 0.000172143
 0.814271 0.122319 0.05973 0.00367925 0
 0.40263 0.566651 0.0304383 0.000280538 0
 0.475488 0.404961 0.113038 0.00651328 0
 0.955842 0.0263864 0.0167828 0.000988607 0
 0.975058 0.0227948 0.00214734 0 0
 0.738997 0.206755 0.0527124 0.00153531 0
 0.850938 0.134255 0.0134407 0.00136685 0
 0.542534 0.407297 0.0501686 0 0
 0.764087 0.199537 0.0359546 0.000420521 0
 0.470689 0.182191 0.310203 0.0369168 0
 0.84361 0.089868 0.0606195 0.00523954 0.000663233
 0.607945 0.314616 0.071237 0.00620181 0
 0.523733 0.453247 0.0230204 0 0
ppred_RECLAS
 0.733168 0.187723 0.0706893 0.00841568 4.0992e-06
 0.715596 0.217773 0.0468765 0.0176519 0.00210251
 0.547342 0.336897 0.0886402 0.0190801 0.00804062
 0.697683 0.181157 0.090175 0.0237257 0.00725923
 0.714468 0.201619 0.050283 0.0250295 0.00860037
 0.526879 0.338773 0.0948651 0.023659 0.0158234
 0.652682 0.189476 0.113021 0.0316488 0.0131721
 0.592112 0.270536 0.0749309 0.0446958 0.017725
 0.632 0.226058 0.094145 0.0260756 0.0217221
 0.594698 0.265689 0.0857623 0.035717 0.0181336
 0.41337 0.360306 0.148363 0.0478905 0.0300707
 0.406445 0.269884 0.198798 0.0818588 0.0430148
 0.561632 0.194855 0.110723 0.0815591 0.0512309
 0.545494 0.282267 0.0765605 0.0435042 0.0521744
 0.654748 0.224134 0.0752196 0.0204021 0.0254968
 0.725199 0.20326 0.0464437 0.0155865 0.00951089
 0.605709 0.298054 0.071183 0.0162649 0.00878931
 0.610734 0.246275 0.10809 0.0258148 0.009086
 0.617366 0.240668 0.0898173 0.0394208 0.0127284
 0.72207 0.17594 0.0641496 0.0239406 0.0139003
 0.635174 0.268344 0.0610764 0.0222691 0.0131363
 0.663081 0.216556 0.0885315 0.0201502 0.0116808
pobs_PELACES
 0 0 0 0 0
 0 0 0 0 0
 0 0 0 0 0
 0 0 0 0 0
 0 0 0 0 0
 0 0 0 0 0
 0 0 0 0 0
 0 0 0 0 0
 0 0 0 0 0
 0 0 0 0 0
 0.450072 0.473896 0.0757376 0.000293798 0
 0 0 0 0 0
 0.463077 0.371075 0.160297 0.00555027 0
 0.529543 0.364841 0.0842815 0.0213345 0
 0.631943 0.363953 0.00410389 0 0
 0.735681 0.248677 0.0153453 0.000297389 0
 0.695825 0.281241 0.0229344 0 0
 0.275771 0.60734 0.115278 0.00161068 0
 0 0 0 0 0
 0.896147 0.0623911 0.0374545 0.00400742 0
 0.803859 0.145111 0.0509908 3.86294e-05 0
 0.739449 0.233085 0.0266225 0.000797448 4.60066e-05
ppred_PELACES
 0.754968 0.172386 0.064914 0.00772812 3.7643e-06
 0.734733 0.20312 0.0437223 0.0164641 0.00196103
 0.581775 0.311269 0.0818974 0.0176287 0.00742898
 0.703265 0.177812 0.0885099 0.0232876 0.00712519
 0.715506 0.200886 0.0501002 0.0249385 0.0085691
 0.539207 0.329946 0.0923932 0.0230425 0.0154111
 0.659681 0.185657 0.110744 0.031011 0.0129066
 0.606795 0.260797 0.0722336 0.0430869 0.017087
 0.647611 0.216468 0.0901513 0.0249694 0.0208007
 0.607604 0.257228 0.0830313 0.0345796 0.0175562
 0.440542 0.343617 0.141491 0.0456722 0.0286778
 0.431465 0.258507 0.190417 0.0784082 0.0412015
 0.601152 0.177288 0.100741 0.0742062 0.0466122
 0.614971 0.239119 0.0648573 0.036854 0.0441989
 0.712339 0.186746 0.0626722 0.0169989 0.0212437
 0.745744 0.188064 0.0429715 0.0144213 0.00879985
 0.623583 0.284542 0.067956 0.0155276 0.00839086
 0.622812 0.238634 0.104736 0.0250138 0.00880408
 0.627737 0.234144 0.0873827 0.0383523 0.0123834
 0.731008 0.170282 0.0620866 0.0231707 0.0134533
 0.640185 0.264658 0.0602374 0.0219632 0.0129558
 0.669584 0.212377 0.0868227 0.0197612 0.0114554
pobs_pel_tallas
 0 0 0 0 0 0 0 0 0 0 0 0 0 0 0 0 0 0 0 0 0 0 0 0 0 0 0 0 0 0 0 0 0 0 0 0
 0 0 0 0 0 0 0 0 0 0 0 0 0 0 0 0 0 0 0 0 0 0 0 0 0 0 0 0 0 0 0 0 0 0 0 0
 0 0 0 0 0 0 0 0 0 0 0 0 0 0 0 0 0 0 0 0 0 0 0 0 0 0 0 0 0 0 0 0 0 0 0 0
 0 0 0 0 0 0 0 0 0 0 0 0 0 0 0 0 0 0 0 0 0 0 0 0 0 0 0 0 0 0 0 0 0 0 0 0
 0 0 0 0 0 0 0 0 0 0 0 0 0 0 0 0 0 0 0 0 0 0 0 0 0 0 0 0 0 0 0 0 0 0 0 0
 0 0 0 0 0 0 0 0 0 0 0 0 0 0 0 0 0 0 0 0 0 0 0 0 0 0 0 0 0 0 0 0 0 0 0 0
 0 0 0 0 0 0 0 0 0 0 0 0 0 0 0 0 0 0 0 0 0 0 0 0 0 0 0 0 0 0 0 0 0 0 0 0
 0 0 0 0 0 0 0 0 0 0 0 0 0 0 0 0 0 0 0 0 0 0 0 0 0 0 0 0 0 0 0 0 0 0 0 0
 0 0 0 0 0 0 0 0 0 0 0 0 0 0 0 0 0 0 0 0 0 0 0 0 0 0 0 0 0 0 0 0 0 0 0 0
 0 0 0 0 0 0 0 0 0 0 0 0 0 0 0 0 0 0 0 0 0 0 0 0 0 0 0 0 0 0 0 0 0 0 0 0
 0 0 0 0 0 0 0 0 1.78061e-05 0.00172719 0.00360574 0.0105946 0.0120993 0.0124554 0.0147524 0.0171206 0.0266825 0.0428682 0.0675386 0.121331 0.153587 0.119568 0.100827 0.0573624 0.0630603 0.0341343 0.0324427 0.0444173 0.0211091 0.0280891 0.0125444 0.00206551 0 0 0 0
 0 0 0 0 0 0 0 0 0 0 0 0 0 0 0 0 0 0 0 0 0 0 0 0 0 0 0 0 0 0 0 0 0 0 0 0
 0 0 0 0 0 0 0.0133647 0.0140871 0.0187388 0.0205184 0.03894 0.0496705 0.03968 0.0493445 0.0407372 0.0367815 0.0215668 0.0243155 0.0234873 0.0199281 0.019796 0.0243948 0.0301388 0.0376714 0.0412746 0.0863199 0.0771752 0.113111 0.0741005 0.0525337 0.0229764 0.00759418 0.00175318 0 0 0
 0 0 0 0 0 0 0 0 0 0 0.00219441 0.00772107 0.0458388 0.0604681 0.0671733 0.0775358 0.0609151 0.0617685 0.073594 0.0568108 0.0755445 0.0548602 0.0670107 0.0636378 0.0643287 0.046367 0.0373049 0.0286899 0.0247887 0.0153202 0.00654259 0.00121912 0.000365735 0 0 0
 0 0 0 0 0 0 0 0 0 0 0 0 0.000112435 0.00938835 0.0111873 0.0202946 0.0414886 0.0713402 0.111592 0.104902 0.108894 0.110636 0.117776 0.105296 0.107544 0.0401394 0.0192827 0.0124803 0.00416011 0.0028671 0.000618394 0 0 0 0 0
 0 0 0 0 0 0 0 0 0 0 0.00291406 0.0102884 0.027416 0.0768956 0.0749926 0.110853 0.0956884 0.0897413 0.0766577 0.0534642 0.0500743 0.0551293 0.0594112 0.0620874 0.0668451 0.0424026 0.0208742 0.0120726 0.0048766 0.00582813 0.00118941 0.000297354 0 0 0 0
 0 0.00264628 0.0354308 0.0461629 0.0458689 0.0383711 0.0214643 0.0164657 0.0346957 0.0420465 0.0363128 0.0245516 0.0311673 0.0291091 0.0169068 0.0133784 0.00837989 0.0085269 0.0148486 0.0160247 0.0276389 0.0546898 0.0760071 0.122758 0.109233 0.0665981 0.0333725 0.0166128 0.00676272 0.00308733 0.000882094 0 0 0 0 0
 0 0 0 0 0 0 0 0.000805153 0.000690131 0.00759144 0.0133425 0.0154129 0.00931677 0.000345066 0.00356568 0.00563607 0.00851162 0.0253048 0.0502646 0.0516448 0.0657925 0.0565908 0.0611916 0.0827007 0.0866115 0.110766 0.145733 0.0935128 0.0569358 0.0249597 0.0138026 0.00621118 0.00161031 0.00115022 0 0
 0 0 0 0 0 0 0 0 0 0 0 0 0 0 0 0 0 0 0 0 0 0 0 0 0 0 0 0 0 0 0 0 0 0 0 0
 0.00147267 0.00158595 0.00478618 0.00569244 0.00954404 0.0108468 0.00647125 0.017049 0.0510054 0.094081 0.124002 0.0959785 0.0687766 0.0820023 0.061753 0.0591476 0.0492212 0.0479892 0.0443925 0.0268479 0.0217502 0.0140895 0.0121071 0.0120363 0.00920419 0.00665534 0.0049561 0.00860946 0.00930331 0.0156896 0.0114698 0.00855282 0.00243557 0.00046729 0 2.83206e-05
 0 0 0 0 0.000772559 0.00158375 0.000888443 0.00281984 0.00712685 0.0440552 0.0773331 0.111326 0.0921469 0.0852325 0.0710754 0.0886704 0.0786465 0.0553345 0.0373146 0.0185414 0.00753245 0.00457741 0.012979 0.0271748 0.0457355 0.0583668 0.034881 0.0177882 0.00938659 0.00492506 0.0015258 0.00185414 0.000309023 5.79419e-05 3.86279e-05 0
 0 0.00173294 0.00326652 0 0.00397197 0.00683976 0.00946217 0.0152591 0.00757587 0.0136028 0.0228656 0.0392903 0.0559909 0.0764795 0.0681675 0.0726916 0.0566044 0.0477403 0.0527397 0.0444891 0.0609904 0.0582453 0.0661739 0.0445044 0.0529084 0.0360697 0.0280645 0.0235558 0.0158879 0.00826598 0.00280645 0.00217768 0.000904811 0.00058276 9.20147e-05 0
ppred_pel_tallas
 1.01244e-16 3.29399e-05 0.000193331 0.000919011 0.00353825 0.0110337 0.0278702 0.0570262 0.0945272 0.126947 0.138144 0.121853 0.0872256 0.0509046 0.0247036 0.0108806 0.00584189 0.00535492 0.0068239 0.00910213 0.0117076 0.0143344 0.0166944 0.0185167 0.0195954 0.0198329 0.0192573 0.0180065 0.0162866 0.0143204 0.0123024 0.0103721 0.00860964 0.00704661 0.0056843 0.00451055
 1.01345e-16 3.20587e-05 0.000188155 0.000894399 0.00344347 0.0107381 0.0271237 0.055499 0.0919967 0.123552 0.134457 0.118619 0.0849525 0.0496609 0.0242545 0.0109446 0.00624661 0.00604896 0.00782214 0.0104316 0.0133726 0.0162981 0.0188719 0.0207816 0.0217973 0.0218223 0.0209127 0.0192549 0.0171136 0.0147666 0.0124485 0.0103189 0.00845674 0.00687654 0.00555357 0.00444803
 1.02217e-16 2.53936e-05 0.000149015 0.000708297 0.00272689 0.00850349 0.0214793 0.043951 0.0728591 0.0978642 0.106539 0.0940782 0.0675692 0.0398879 0.0202075 0.0103496 0.00762542 0.00883132 0.0119742 0.0161014 0.0206836 0.0252472 0.0292878 0.0323257 0.0340034 0.0341649 0.0328861 0.0304419 0.027228 0.0236626 0.020102 0.0167915 0.0138577 0.0113315 0.00918572 0.00736988
 1.02448e-16 3.06857e-05 0.000180096 0.00085609 0.00329598 0.0102782 0.0259619 0.0531217 0.0880558 0.118258 0.128694 0.113529 0.081295 0.047499 0.0231556 0.0103801 0.00583759 0.0055984 0.00725397 0.0097395 0.0126009 0.0155389 0.0182625 0.0204922 0.0220077 0.0226921 0.0225498 0.021692 0.0202976 0.0185639 0.0166649 0.0147284 0.0128331 0.0110203 0.00931174 0.0077227
 1.02035e-16 3.12203e-05 0.000183233 0.000870998 0.00335337 0.0104572 0.026414 0.0540469 0.0895898 0.12032 0.130941 0.11552 0.082739 0.0483795 0.0236524 0.0107143 0.00617525 0.00603535 0.00783524 0.0104733 0.0134602 0.016458 0.0191379 0.0211918 0.0223901 0.0226312 0.02196 0.0205473 0.0186386 0.0164922 0.0143252 0.0122843 0.010442 0.00881331 0.00738034 0.00611533
 1.02931e-16 2.35381e-05 0.00013812 0.000656499 0.00252745 0.00788153 0.0199083 0.0407368 0.0675321 0.090713 0.0987644 0.0872378 0.0627107 0.0371295 0.0190131 0.0100705 0.00783045 0.00934 0.0127571 0.0171872 0.0221069 0.027026 0.0314139 0.0347631 0.036693 0.0370337 0.0358578 0.0334462 0.0302057 0.0265668 0.0228953 0.0194425 0.0163379 0.0136142 0.0112471 0.00919175
 1.03302e-16 2.87856e-05 0.00016894 0.000803051 0.00309176 0.00964135 0.0243533 0.0498305 0.0826008 0.110935 0.120729 0.106516 0.0763017 0.0446396 0.0218711 0.00999197 0.00588747 0.00588347 0.00772895 0.0104262 0.0135408 0.0167737 0.0198255 0.0224032 0.0242703 0.0252919 0.0254544 0.0248514 0.0236458 0.0220215 0.0201434 0.0181354 0.0160795 0.0140277 0.0120183 0.0100882
 1.0339e-16 2.64824e-05 0.000155412 0.000738722 0.00284406 0.00886887 0.0224022 0.0458388 0.0759868 0.10206 0.111091 0.0980624 0.0703532 0.0413755 0.0206736 0.0101203 0.00688556 0.00761146 0.0102224 0.0137566 0.0177267 0.0217327 0.0253571 0.0282021 0.0299671 0.0305136 0.0298888 0.0282994 0.0260468 0.0234479 0.0207689 0.018188 0.0157936 0.0136058 0.0116088 0.0097794
 1.03181e-16 2.82604e-05 0.000165855 0.000788375 0.00303525 0.0094651 0.0239082 0.0489198 0.0810923 0.108911 0.118535 0.104598 0.074967 0.0439374 0.021673 0.0101461 0.00631056 0.0065657 0.0086972 0.0117061 0.0151297 0.0186247 0.0218424 0.0244471 0.0261786 0.026905 0.0266443 0.0255442 0.023833 0.0217567 0.0195273 0.0172937 0.0151398 0.0131004 0.0111849 0.00939716
 1.03272e-16 2.65176e-05 0.000155619 0.000739705 0.00284784 0.00888068 0.022432 0.0458998 0.0760878 0.102195 0.111238 0.0981901 0.070441 0.0414195 0.0206817 0.0101018 0.00684497 0.007549 0.0101366 0.0136476 0.0175983 0.0215934 0.0252202 0.0280834 0.0298826 0.030475 0.0299011 0.028358 0.0261384 0.0235527 0.0208642 0.018253 0.0158132 0.013573 0.011525 0.00965325
 1.0503e-16 1.92365e-05 0.000112864 0.000536426 0.00206514 0.00643982 0.0162667 0.0332859 0.0551828 0.0741323 0.0807321 0.0713577 0.0513995 0.0306425 0.0160804 0.00915079 0.00787855 0.00988891 0.013697 0.0185625 0.0240118 0.0295614 0.0346692 0.0388042 0.0415538 0.0427087 0.0422975 0.0405547 0.0378419 0.0345494 0.0310128 0.0274681 0.0240479 0.0208075 0.017762 0.0149181
 1.07407e-16 1.88373e-05 0.000110529 0.000525339 0.00202248 0.0063068 0.0159307 0.0325977 0.0540397 0.0725905 0.0790368 0.0698207 0.0502087 0.0297657 0.0153176 0.00824647 0.00659669 0.00803581 0.0111295 0.0152092 0.0199064 0.0248743 0.0297178 0.0340321 0.0374759 0.0398314 0.0410322 0.0411467 0.0403312 0.0387711 0.0366352 0.0340534 0.0311224 0.0279236 0.024545 0.0210916
 1.06216e-16 2.62329e-05 0.000153955 0.000731812 0.00281748 0.00878602 0.0221928 0.0454099 0.0752734 0.101095 0.110024 0.0970785 0.0695571 0.0407264 0.0200159 0.00925229 0.00560683 0.00574269 0.00762035 0.0103417 0.0135201 0.0168894 0.0201795 0.023122 0.0254949 0.0271622 0.0280904 0.0283335 0.0279985 0.0272032 0.0260445 0.024585 0.0228608 0.0208986 0.0187354 0.01643
 1.04331e-16 2.6838e-05 0.000157502 0.00074866 0.00288233 0.00898823 0.0227037 0.0464555 0.0770083 0.103429 0.112576 0.099359 0.0712525 0.0418421 0.0207914 0.00998753 0.00655183 0.00707456 0.00945318 0.0127256 0.0164238 0.0201802 0.0236165 0.0263722 0.0281745 0.0288959 0.0285754 0.0273931 0.0256114 0.023503 0.0212916 0.0191207 0.017054 0.0150979 0.0132333 0.0114419
 1.02528e-16 3.10816e-05 0.00018242 0.000867137 0.00333851 0.0104108 0.0262969 0.0538072 0.0891922 0.119785 0.130356 0.114998 0.0823507 0.0481243 0.0234755 0.0105472 0.005961 0.00573372 0.00742047 0.0099343 0.0128042 0.0157154 0.0183632 0.0204602 0.0217879 0.0222423 0.0218517 0.0207585 0.0191737 0.0173213 0.015391 0.0135126 0.011753 0.010132 0.00864384 0.00727686
 1.01579e-16 3.25382e-05 0.000190972 0.000907792 0.00349504 0.010899 0.0275299 0.05633 0.0933738 0.1254 0.136464 0.12038 0.0861908 0.0503402 0.024503 0.0109162 0.00603524 0.00568217 0.00729009 0.00971595 0.0124652 0.0152113 0.0176433 0.0194722 0.0204849 0.02059 0.0198361 0.0183912 0.0164947 0.0143975 0.0123109 0.0103777 0.00866794 0.00719385 0.0059337 0.00485391
 1.01984e-16 2.72155e-05 0.000159714 0.000759165 0.00292276 0.0091143 0.0230222 0.0471075 0.0780902 0.104886 0.114171 0.100788 0.0723252 0.0425678 0.0213287 0.0105372 0.0072875 0.008128 0.0109182 0.0146537 0.0188084 0.0229392 0.0265831 0.0293024 0.0307733 0.0308574 0.0296293 0.0273461 0.0243751 0.0211024 0.0178559 0.014859 0.0122247 0.00997603 0.00808209 0.00649065
 1.02836e-16 2.718e-05 0.00015951 0.000758205 0.00291908 0.00910282 0.0229931 0.0470478 0.07799 0.104748 0.114011 0.100624 0.0721583 0.0423709 0.0210488 0.0101033 0.00661944 0.00714541 0.00955385 0.012873 0.0166311 0.0204565 0.023963 0.0267777 0.0286106 0.0293144 0.0289086 0.0275591 0.0255228 0.0230799 0.0204751 0.017885 0.0154137 0.0131091 0.010987 0.0090526
 1.03214e-16 2.73946e-05 0.00016077 0.000764197 0.00294215 0.00917477 0.0231748 0.0474196 0.0786061 0.105575 0.114909 0.101413 0.0727143 0.0426786 0.0211663 0.0101004 0.00653905 0.00699966 0.0093367 0.0125723 0.0162363 0.019964 0.0233788 0.0261194 0.027907 0.0286039 0.0282354 0.0269683 0.0250559 0.0227698 0.0203422 0.0179352 0.0156373 0.0134824 0.0114754 0.00961486
 1.02362e-16 3.1895e-05 0.000187197 0.000889849 0.00342597 0.0106836 0.0269858 0.0552166 0.0915277 0.12292 0.133762 0.11799 0.0844671 0.0493074 0.0239525 0.0105918 0.00574907 0.00533027 0.00682601 0.00912959 0.011777 0.0144737 0.0169409 0.0189152 0.020195 0.0206813 0.0203947 0.0194586 0.018059 0.0163952 0.0146367 0.0129012 0.0112518 0.00971099 0.00827984 0.00695454
 1.02302e-16 2.79385e-05 0.000163961 0.000779361 0.00300052 0.00935681 0.0236347 0.0483607 0.0801667 0.107673 0.117198 0.103444 0.0741968 0.0436002 0.021718 0.0105183 0.00700607 0.00762953 0.010191 0.0136713 0.0175564 0.02143 0.0248628 0.0274498 0.028891 0.0290578 0.028018 0.026007 0.0233603 0.0204294 0.0175102 0.0148019 0.0124019 0.0103269 0.00854638 0.00701371
 1.02517e-16 2.92184e-05 0.000171479 0.000815115 0.00313821 0.00978617 0.0247192 0.0505792 0.0838425 0.112604 0.122551 0.108135 0.0774853 0.0453806 0.0223236 0.0103471 0.00629456 0.00643708 0.00848162 0.011396 0.0147079 0.0180738 0.0211479 0.0235993 0.0251725 0.0257406 0.0253263 0.0240826 0.0222434 0.0200617 0.0177571 0.0154857 0.0133369 0.0113481 0.00952728 0.00787267
pSPR Fmed_Fpbrs
0.688192   0.339346 0.339346
Fs Fmed_Fpbrs
0.238935   1.005 1.005
SSBpbr Bo_Bmed_Bpbrs
1.27915e+06  816343  370118 370118
Ro
52028.6
SPR SPRFo_SPRFmed_SPRFpbrs
1.07419e+06 739248 364522
log_Ro
10.6795
likeval ReclasPelacesDesembMPH_pf_preclas_ppelaces_ptallas_desvR_qrecl_qpela
 63.0195 26.4162 0.0162941 0.00136568 260.806 150.989 70.5915 0 13.9089 8.26784e-05 0 0 0 0 0
q_reclas_q_pelaces
0.275689 1
M
0.7
N
 51383.2 15649.5 5892.98 701.57 0.341729
 66821.8 23521.1 5063 1906.53 227.086
 40720.7 30992.7 8154.43 1755.27 739.695
 67708.9 18304.2 9111.3 2397.25 733.475
 116018 32993.3 8228.4 4095.87 1407.38
 82824.2 57404.6 16074.8 4008.98 2681.25
 130494 39706.4 23684.6 6632.3 2760.33
 126457 63388 17556.7 10472.5 4153.07
 151697 60125.4 25040.1 6935.42 5777.52
 148101 71788.7 23172.8 9650.67 4899.67
 68627.7 70783.5 29146.5 9408.26 5907.49
 40585.7 31491.9 23197 9551.83 5019.25
 42213.5 18733.9 10645.2 7841.3 4925.47
 23408.2 18676.1 5065.59 2878.43 3452.09
 18499 9487.23 3183.92 863.589 1079.24
 23103.2 7599.38 1736.41 582.743 355.589
 19291.1 10642.8 2541.77 580.779 313.844
 20838 9079.27 3984.9 951.697 334.968
 23941.5 9978.68 3724.05 1634.49 527.751
 44170.3 11521.8 4200.96 1567.8 910.288
 48658.9 21244 4835.23 1762.98 1039.96
 69696 23793.5 9727.15 2213.94 1283.4
pred_Ctot
 2902.86 4019.63 1513.64 180.201 0.0877744
 3184.08 5212.51 1122.01 422.506 50.3245
 2792.45 9369.97 2465.31 530.668 223.63
 913.266 1254.36 624.386 164.281 50.2641
 301.597 448.337 111.813 55.6577 19.1245
 2064.83 7057.81 1976.36 492.897 329.656
 2049.77 3150.52 1879.27 526.243 219.02
 3878.55 9446.42 2616.4 1560.66 618.913
 5143.52 9822.95 4090.91 1133.07 943.898
 4007.5 9527.32 3075.34 1280.77 650.251
 3764.58 17727.7 7299.71 2356.29 1479.53
 2065.66 7392.48 5445.33 2242.22 1178.23
 3333.57 6352.72 3609.82 2659 1670.24
 3131.19 9362.28 2539.37 1442.95 1730.53
 2323.5 4555.78 1528.92 414.697 518.251
 1207.18 1825.05 417.013 139.95 85.3975
 726.968 1913.71 457.043 104.432 56.4332
 535.731 1148.84 504.227 120.423 42.385
 532.824 1102.85 411.584 180.645 58.3274
 1001.64 1296.09 472.57 176.363 102.399
 535.921 1196.46 272.32 99.291 58.5704
 1032.61 1784.87 729.682 166.079 96.2743
F
 0.081413 0.428477 0.428477 0.428477 0.428477
 0.0682758 0.359336 0.359336 0.359336 0.359336
 0.0996079 0.524237 0.524237 0.524237 0.524237
 0.0189125 0.0995367 0.0995367 0.0995367 0.0995367
 0.0036205 0.0190548 0.0190548 0.0190548 0.0190548
 0.0352077 0.185298 0.185298 0.185298 0.185298
 0.0220552 0.116077 0.116077 0.116077 0.116077
 0.0434722 0.228795 0.228795 0.228795 0.228795
 0.0481572 0.253452 0.253452 0.253452 0.253452
 0.0382658 0.201393 0.201393 0.201393 0.201393
 0.0789665 0.415601 0.415601 0.415601 0.415601
 0.0730797 0.384619 0.384619 0.384619 0.384619
 0.115498 0.607865 0.607865 0.607865 0.607865
 0.20314 1.06913 1.06913 1.06913 1.06913
 0.189649 0.998124 0.998124 0.998124 0.998124
 0.0750916 0.395208 0.395208 0.395208 0.395208
 0.0536514 0.282368 0.282368 0.282368 0.282368
 0.0363258 0.191183 0.191183 0.191183 0.191183
 0.031377 0.165137 0.165137 0.165137 0.165137
 0.0319798 0.16831 0.16831 0.16831 0.16831
 0.0154194 0.0811525 0.0811525 0.0811525 0.0811525
 0.0207916 0.109426 0.109426 0.109426 0.109426
nmprior
 10 10 8 0
nm_flota  nm_reclas  nm_pelaces    nm_pelaL
inf 14.1176 18.5812 18.5812
cv_recla  cv_pelaces  cv_mph
0.772675 0.657469 1.19898
 ------------------------------------------------
Talla a la edad & desviación 
 7.2 14.2025 17.0495 18.207 18.6776
 1.08 2.13037 2.55742 2.73105 2.80164
