years
 1997 1998 1999 2000 2001 2002 2003 2004 2005 2006 2007 2008 2009 2010 2011 2012 2013 2014 2015 2016 2017 2018 2019
reclasobs
 0 0 0 370054 412103 1.49427e+06 250295 1.28982e+06 931140 785840 897777 1.04006e+06 184774 17550 25797 100020 73551 82996 120727 218422 84188 347160 605670
reclaspred
 1.12924e+06 233937 599224 321126 409246 524789 1.08037e+06 837917 1.08966e+06 1.21335e+06 1.14006e+06 782479 452881 206716 136245 133461 158510 219942 235848 315198 506762 503521 813869
pelacesobs
 0 0 0 0 0 0 0 0 0 2.06254e+06 1.5e+06 0 1.87456e+06 323000 250000 174000 83755 137374 0 501740 490994 745055 786931
pelacespred
 657905 232389 206284 224447 244338 241766 552991 537654 623832 721651 591419 420488 240535 88293.1 57691.2 64487.1 80263.3 112438 127286 163799 288691 300332 368657
mphobs
 0 0 0 0 0 112323 0 153150 637223 0 255016 313432 73983 77613 109348 50772 0 0 0 0 0 0 0
mphpred
 797296 430315 377996 347309 305870 467945 650041 865716 859614 1.05516e+06 1.14612e+06 824579 505158 267271 126333 111108 124445 169557 206831 231925 367507 474716 568959
desembarqueobs
 350755 77701 442110 56441 14545 235359 269955 359681 431902 328805 639364 411747 362871 311530 167758 66681 60226 58785 57116 71774 51957 67425 138520
desembarquepred
 350760 77701 442124 56443.1 14545.1 235416 269976 359610 431834 328743 639331 411855 362934 311697 167709 66688.6 60244.2 58785.5 57110.5 71765.2 51955.2 67415.9 138510
Reclutas
 42076.2 44436 23052.3 26404.6 52861.4 40100.4 79179 87578.1 130632 139218 72970.8 40972.7 46130.4 28276.2 20023.3 16929.3 14460.7 15345.3 16306.8 31171.8 44725.9 47152.7 72542.3
log_desv_Rt
 0.0512044 0.105771 -0.550515 -0.414742 0.279395 0.0031064 0.683432 0.784252 1.18411 1.24776 0.601781 0.0246279 0.143194 -0.346258 -0.691384 -0.859236 -1.01685 -0.957467 -0.896696 -0.248766 0.112275 0.165112 0.595891
SSB
 797296 430315 377996 347309 305870 467945 650041 865716 859614 1.05516e+06 1.14612e+06 824579 505158 267271 126333 111108 124445 169557 206831 231925 367507 474716 568959
BT
 2.08075e+06 575855 766165 534473 587670 664521 1.68985e+06 1.63294e+06 1.99464e+06 1.9913e+06 1.83044e+06 1.24676e+06 890813 487153 287209 201444 237731 302783 315146 441826 736380 665031 873883
Ftot
 0.298885 0.319253 0.686064 0.170556 0.0347674 0.426894 0.241656 0.4103 0.380011 0.261592 0.529206 0.49768 0.742567 1.30906 1.10645 0.474857 0.364368 0.25798 0.233969 0.220409 0.099942 0.130226 0.165176
BD_Bspro_t
 0.957558 0.756102 0.639039 0.436164 0.5348 0.695951 0.629219 0.663572 0.627206 0.623641 0.614203 0.460232 0.350012 0.2501 0.15049 0.158287 0.228725 0.361764 0.467806 0.558075 0.687871 0.786422 0.789873
BD_Bspro
 0.967726 0.522299 0.458796 0.421551 0.371253 0.567974 0.788994 1.05077 1.04337 1.28071 1.39111 1.00084 0.613141 0.324403 0.153339 0.134858 0.151047 0.205801 0.251043 0.281502 0.446066 0.576192 0.69058
BD_Bo
 0.847583 0.457456 0.401837 0.369215 0.325162 0.49746 0.691041 0.920319 0.913832 1.12171 1.21841 0.876588 0.53702 0.284128 0.134302 0.118116 0.132294 0.180251 0.219876 0.246554 0.390687 0.504658 0.604845
BD_Brms
 4.10317 2.21456 1.9453 1.78738 1.57412 2.40822 3.34535 4.45529 4.42388 5.43024 5.89834 4.24359 2.59973 1.37547 0.650158 0.5718 0.640441 0.872601 1.06443 1.19357 1.89133 2.44306 2.92807
S_f
 0.5 1 1 1 1
 0.5 1 1 1 1
 0.5 1 1 1 1
 0.5 1 1 1 1
 0.5 1 1 1 1
 0.5 1 1 1 1
 0.5 1 1 1 1
 0.5 1 1 1 1
 0.5 1 1 1 1
 0.5 1 1 1 1
 0.5 1 1 1 1
 0.5 1 1 1 1
 0.5 1 1 1 1
 0.5 1 1 1 1
 0.5 1 1 1 1
 0.5 1 1 1 1
 0.5 1 1 1 1
 0.5 1 1 1 1
 0.5 1 1 1 1
 0.5 1 1 1 1
 0.5 1 1 1 1
 0.5 1 1 1 1
 0.5 1 1 1 1
Scru_reclas
 0.5 1 1 1 1
 0.5 1 1 1 1
 0.5 1 1 1 1
 0.5 1 1 1 1
 0.5 1 1 1 1
 0.5 1 1 1 1
 0.5 1 1 1 1
 0.5 1 1 1 1
 0.5 1 1 1 1
 0.5 1 1 1 1
 0.5 1 1 1 1
 0.5 1 1 1 1
 0.5 1 1 1 1
 0.5 1 1 1 1
 0.5 1 1 1 1
 0.5 1 1 1 1
 0.5 1 1 1 1
 0.5 1 1 1 1
 0.5 1 1 1 1
 0.5 1 1 1 1
 0.5 1 1 1 1
 0.5 1 1 1 1
 0.5 1 1 1 1
Scru_pelaces
 0.5 1 1 1 1
 0.5 1 1 1 1
 0.5 1 1 1 1
 0.5 1 1 1 1
 0.5 1 1 1 1
 0.5 1 1 1 1
 0.5 1 1 1 1
 0.5 1 1 1 1
 0.5 1 1 1 1
 0.5 1 1 1 1
 0.5 1 1 1 1
 0.5 1 1 1 1
 0.5 1 1 1 1
 0.5 1 1 1 1
 0.5 1 1 1 1
 0.5 1 1 1 1
 0.5 1 1 1 1
 0.5 1 1 1 1
 0.5 1 1 1 1
 0.5 1 1 1 1
 0.5 1 1 1 1
 0.5 1 1 1 1
 0.5 1 1 1 1
pf_obs 
 0.256992 0.487395 0.22802 0.0275931 0
 0.321318 0.546541 0.124235 0.00734118 0.000564706
 0.182869 0.594174 0.210203 0.0122559 0.00049798
 0.330522 0.361315 0.267642 0.0388342 0.00168674
 0.649043 0.306663 0.0425973 0.00169635 0
 0.582887 0.30429 0.105238 0.00758474 0
 0.465427 0.430635 0.0974691 0.00646863 0
 0.296916 0.608066 0.0921331 0.00288517 0
 0.311714 0.524322 0.152257 0.0117073 0
 0.15457 0.633149 0.183074 0.0267441 0.00246327
 0.131901 0.49318 0.331252 0.0422183 0.00144891
 0.196976 0.569456 0.194076 0.0375587 0.00193317
 0.518974 0.381816 0.0799577 0.0180837 0.00116848
 0.0928022 0.601141 0.25162 0.0475244 0.00691264
 0.122501 0.610282 0.24278 0.0234846 0.000952079
 0.383417 0.481906 0.127806 0.00687128 0
 0.0376549 0.599619 0.316969 0.0457579 0
 0.0361596 0.667082 0.258105 0.0386534 0
 0.158088 0.579412 0.248529 0.0139706 0
 0.0477256 0.309471 0.559284 0.082774 0.000745712
 0.0406174 0.521527 0.379366 0.0568643 0.0016247
 0.151134 0.462217 0.34131 0.0453401 0
 0.294876 0.26143 0.354403 0.0886775 0.000613685
pf_pred 
 0.449132 0.3877 0.145801 0.0173619 5.26235e-06
 0.458087 0.346783 0.137332 0.0516458 0.00615184
 0.313548 0.445912 0.153928 0.060958 0.0256549
 0.471321 0.279516 0.161853 0.0558714 0.031438
 0.590451 0.266926 0.075406 0.0436636 0.0235537
 0.387364 0.456017 0.102077 0.0288367 0.0257052
 0.604137 0.233113 0.121144 0.0271175 0.0144894
 0.511841 0.373859 0.0673079 0.0349786 0.0120134
 0.58386 0.292408 0.0947605 0.0170603 0.0119109
 0.509823 0.371589 0.0833277 0.0270039 0.00825592
 0.316798 0.472484 0.15974 0.0358211 0.0151576
 0.298017 0.365134 0.232955 0.0787586 0.0251347
 0.45516 0.270056 0.142928 0.091188 0.040668
 0.434696 0.382316 0.0907 0.0480032 0.0442846
 0.541835 0.320518 0.0930908 0.0220847 0.0224713
 0.556848 0.340994 0.0714668 0.0207567 0.00993479
 0.466534 0.396277 0.105563 0.0221244 0.00950134
 0.472129 0.348563 0.133196 0.0354816 0.0106299
 0.457233 0.357278 0.122482 0.0468036 0.0162031
 0.593263 0.261548 0.0955712 0.0327636 0.0168542
 0.554985 0.336653 0.0696814 0.025462 0.0132191
 0.452342 0.39406 0.116197 0.0240508 0.0133509
 0.519694 0.303326 0.127343 0.0375499 0.0120866
pobs_RECLAS
 0 0 0 0 0
 0 0 0 0 0
 0 0 0 0 0
 0 0 0 0 0
 0.835266 0.146461 0.0176864 0.000547809 3.91292e-05
 0.385257 0.428462 0.181853 0.0044286 0
 0.867414 0.0963971 0.0333333 0.00285562 0
 0.441836 0.489002 0.0689373 0.000224442 0
 0.779404 0.147425 0.0564933 0.0165055 0.000172143
 0.814271 0.122319 0.05973 0.00367925 0
 0.40263 0.566651 0.0304383 0.000280538 0
 0.475488 0.404961 0.113038 0.00651328 0
 0.955842 0.0263864 0.0167828 0.000988607 0
 0.975058 0.0227948 0.00214734 0 0
 0.738997 0.206755 0.0527124 0.00153531 0
 0.850938 0.134255 0.0134407 0.00136685 0
 0.542534 0.407297 0.0501686 0 0
 0.764087 0.199537 0.0359546 0.000420521 0
 0.470689 0.182191 0.310203 0.0369168 0
 0.84361 0.089868 0.0606195 0.00523954 0.000663233
 0.607945 0.314616 0.071237 0.00620181 0
 0.523733 0.453247 0.0230204 0 0
 0.530135 0.295979 0.169645 0.0042399 0
ppred_RECLAS
 0.451941 0.385723 0.145057 0.0172734 5.23552e-06
 0.461146 0.344826 0.136557 0.0513543 0.00611711
 0.320885 0.441145 0.152283 0.0603064 0.0253806
 0.472771 0.27875 0.161409 0.0557182 0.0313518
 0.590703 0.266761 0.0753596 0.0436367 0.0235392
 0.391605 0.45286 0.101371 0.0286371 0.0255272
 0.60623 0.23188 0.120503 0.0269742 0.0144128
 0.516073 0.370618 0.0667245 0.0346754 0.0119093
 0.587584 0.289791 0.0939125 0.0169076 0.0118043
 0.512232 0.369763 0.0829182 0.0268712 0.00821535
 0.321951 0.46892 0.158535 0.0355509 0.0150432
 0.302605 0.362747 0.231433 0.0782439 0.0249704
 0.464569 0.265392 0.14046 0.0896132 0.0399656
 0.45632 0.367692 0.0872306 0.046167 0.0425907
 0.558624 0.308773 0.0896796 0.0212754 0.0216479
 0.561904 0.337103 0.0706514 0.0205199 0.00982144
 0.470156 0.393587 0.104847 0.0219742 0.00943683
 0.474492 0.347003 0.132599 0.0353228 0.0105824
 0.459325 0.355901 0.12201 0.0466232 0.0161407
 0.595156 0.260331 0.0951266 0.0326112 0.0167758
 0.555774 0.336056 0.0695578 0.0254169 0.0131957
 0.453403 0.393296 0.115972 0.0240042 0.0133251
 0.521093 0.302442 0.126972 0.0374405 0.0120514
pobs_PELACES
 0 0 0 0 0
 0 0 0 0 0
 0 0 0 0 0
 0 0 0 0 0
 0 0 0 0 0
 0 0 0 0 0
 0 0 0 0 0
 0 0 0 0 0
 0 0 0 0 0
 0 0 0 0 0
 0.450072 0.473896 0.0757376 0.000293798 0
 0 0 0 0 0
 0.463077 0.371075 0.160297 0.00555027 0
 0.529543 0.364841 0.0842815 0.0213345 0
 0.631943 0.363953 0.00410389 0 0
 0.735681 0.248677 0.0153453 0.000297389 0
 0.695825 0.281241 0.0229344 0 0
 0.275771 0.60734 0.115278 0.00161068 0
 0 0 0 0 0
 0.896147 0.0623911 0.0374545 0.00400742 0
 0.803859 0.145111 0.0509908 3.86294e-05 0
 0.739449 0.233085 0.0266225 0.000797448 4.60066e-05
 0.878498 0.100942 0.0204185 0.000141795 0
ppred_PELACES
 0.464182 0.377108 0.141817 0.0168876 5.11858e-06
 0.47426 0.336434 0.133234 0.0501046 0.00596825
 0.346037 0.424807 0.146643 0.0580729 0.0244406
 0.479791 0.275039 0.15926 0.0549763 0.0309343
 0.59209 0.265858 0.0751044 0.0434889 0.0234595
 0.408509 0.440278 0.0985542 0.0278414 0.024818
 0.615707 0.226299 0.117603 0.026325 0.0140659
 0.532956 0.357688 0.0643967 0.0334657 0.0114938
 0.602691 0.279177 0.0904725 0.0162883 0.0113719
 0.523009 0.361594 0.0810862 0.0262775 0.00803384
 0.341302 0.455538 0.15401 0.0345363 0.0146139
 0.32021 0.35359 0.225591 0.0762687 0.0243401
 0.495141 0.250239 0.13244 0.0844966 0.0376837
 0.510206 0.331249 0.0785849 0.0415912 0.0383694
 0.603039 0.277701 0.0806552 0.0191345 0.0194695
 0.581089 0.322341 0.0675575 0.0196213 0.00939135
 0.485155 0.382445 0.101879 0.0213521 0.00916969
 0.485116 0.339988 0.129919 0.0346087 0.0103684
 0.468927 0.349581 0.119843 0.0457953 0.0158541
 0.603887 0.254716 0.0930749 0.0319078 0.0164139
 0.559841 0.332979 0.068921 0.0251841 0.0130749
 0.458733 0.389461 0.114841 0.0237701 0.0131951
 0.527891 0.29815 0.12517 0.0369091 0.0118804
pobs_pel_tallas
 0 0 0 0 0 0 0 0 0 0 0 0 0 0 0 0 0 0 0 0 0 0 0 0 0 0 0 0 0 0 0 0 0 0 0 0
 0 0 0 0 0 0 0 0 0 0 0 0 0 0 0 0 0 0 0 0 0 0 0 0 0 0 0 0 0 0 0 0 0 0 0 0
 0 0 0 0 0 0 0 0 0 0 0 0 0 0 0 0 0 0 0 0 0 0 0 0 0 0 0 0 0 0 0 0 0 0 0 0
 0 0 0 0 0 0 0 0 0 0 0 0 0 0 0 0 0 0 0 0 0 0 0 0 0 0 0 0 0 0 0 0 0 0 0 0
 0 0 0 0 0 0 0 0 0 0 0 0 0 0 0 0 0 0 0 0 0 0 0 0 0 0 0 0 0 0 0 0 0 0 0 0
 0 0 0 0 0 0 0 0 0 0 0 0 0 0 0 0 0 0 0 0 0 0 0 0 0 0 0 0 0 0 0 0 0 0 0 0
 0 0 0 0 0 0 0 0 0 0 0 0 0 0 0 0 0 0 0 0 0 0 0 0 0 0 0 0 0 0 0 0 0 0 0 0
 0 0 0 0 0 0 0 0 0 0 0 0 0 0 0 0 0 0 0 0 0 0 0 0 0 0 0 0 0 0 0 0 0 0 0 0
 0 0 0 0 0 0 0 0 0 0 0 0 0 0 0 0 0 0 0 0 0 0 0 0 0 0 0 0 0 0 0 0 0 0 0 0
 0 0 0 0 0 0 0 0 0 0 0 0 0 0 0 0 0 0 0 0 0 0 0 0 0 0 0 0 0 0 0 0 0 0 0 0
 0 0 0 0 0 0 0 0 1.78061e-05 0.00172719 0.00360574 0.0105946 0.0120993 0.0124554 0.0147524 0.0171206 0.0266825 0.0428682 0.0675386 0.121331 0.153587 0.119568 0.100827 0.0573624 0.0630603 0.0341343 0.0324427 0.0444173 0.0211091 0.0280891 0.0125444 0.00206551 0 0 0 0
 0 0 0 0 0 0 0 0 0 0 0 0 0 0 0 0 0 0 0 0 0 0 0 0 0 0 0 0 0 0 0 0 0 0 0 0
 0 0 0 0 0 0 0.0133647 0.0140871 0.0187388 0.0205184 0.03894 0.0496705 0.03968 0.0493445 0.0407372 0.0367815 0.0215668 0.0243155 0.0234873 0.0199281 0.019796 0.0243948 0.0301388 0.0376714 0.0412746 0.0863199 0.0771752 0.113111 0.0741005 0.0525337 0.0229764 0.00759418 0.00175318 0 0 0
 0 0 0 0 0 0 0 0 0 0 0.00219441 0.00772107 0.0458388 0.0604681 0.0671733 0.0775358 0.0609151 0.0617685 0.073594 0.0568108 0.0755445 0.0548602 0.0670107 0.0636378 0.0643287 0.046367 0.0373049 0.0286899 0.0247887 0.0153202 0.00654259 0.00121912 0.000365735 0 0 0
 0 0 0 0 0 0 0 0 0 0 0 0 0.000112435 0.00938835 0.0111873 0.0202946 0.0414886 0.0713402 0.111592 0.104902 0.108894 0.110636 0.117776 0.105296 0.107544 0.0401394 0.0192827 0.0124803 0.00416011 0.0028671 0.000618394 0 0 0 0 0
 0 0 0 0 0 0 0 0 0 0 0.00291406 0.0102884 0.027416 0.0768956 0.0749926 0.110853 0.0956884 0.0897413 0.0766577 0.0534642 0.0500743 0.0551293 0.0594112 0.0620874 0.0668451 0.0424026 0.0208742 0.0120726 0.0048766 0.00582813 0.00118941 0.000297354 0 0 0 0
 0 0.00264628 0.0354308 0.0461629 0.0458689 0.0383711 0.0214643 0.0164657 0.0346957 0.0420465 0.0363128 0.0245516 0.0311673 0.0291091 0.0169068 0.0133784 0.00837989 0.0085269 0.0148486 0.0160247 0.0276389 0.0546898 0.0760071 0.122758 0.109233 0.0665981 0.0333725 0.0166128 0.00676272 0.00308733 0.000882094 0 0 0 0 0
 0 0 0 0 0 0 0 0.000805153 0.000690131 0.00759144 0.0133425 0.0154129 0.00931677 0.000345066 0.00356568 0.00563607 0.00851162 0.0253048 0.0502646 0.0516448 0.0657925 0.0565908 0.0611916 0.0827007 0.0866115 0.110766 0.145733 0.0935128 0.0569358 0.0249597 0.0138026 0.00621118 0.00161031 0.00115022 0 0
 0 0 0 0 0 0 0 0 0 0 0 0 0 0 0 0 0 0 0 0 0 0 0 0 0 0 0 0 0 0 0 0 0 0 0 0
 0.00147267 0.00158595 0.00478618 0.00569244 0.00954404 0.0108468 0.00647125 0.017049 0.0510054 0.094081 0.124002 0.0959785 0.0687766 0.0820023 0.061753 0.0591476 0.0492212 0.0479892 0.0443925 0.0268479 0.0217502 0.0140895 0.0121071 0.0120363 0.00920419 0.00665534 0.0049561 0.00860946 0.00930331 0.0156896 0.0114698 0.00855282 0.00243557 0.00046729 0 2.83206e-05
 0 0 0 0 0.000772559 0.00158375 0.000888443 0.00281984 0.00712685 0.0440552 0.0773331 0.111326 0.0921469 0.0852325 0.0710754 0.0886704 0.0786465 0.0553345 0.0373146 0.0185414 0.00753245 0.00457741 0.012979 0.0271748 0.0457355 0.0583668 0.034881 0.0177882 0.00938659 0.00492506 0.0015258 0.00185414 0.000309023 5.79419e-05 3.86279e-05 0
 0 0.00173294 0.00326652 0 0.00397197 0.00683976 0.00946217 0.0152591 0.00757587 0.0136028 0.0228656 0.0392903 0.0559909 0.0764795 0.0681675 0.0726916 0.0566044 0.0477403 0.0527397 0.0444891 0.0609904 0.0582453 0.0661739 0.0445044 0.0529084 0.0360697 0.0280645 0.0235558 0.0158879 0.00826598 0.00280645 0.00217768 0.000904811 0.00058276 9.20147e-05 0
 0 0 0 0 0 0 0 0 0 0 0 0 0 0 0 0 0 0 0 0 0 0 0 0 0 0 0 0 0 0 0 0 0 0 0 0
ppred_pel_tallas
 1.02717e-16 2.02688e-05 0.000118921 0.000565215 0.00217597 0.00678543 0.0171398 0.0350725 0.0581449 0.0781125 0.0850692 0.0751971 0.0541777 0.0323238 0.0170074 0.00974552 0.00845757 0.0106373 0.0147094 0.0198741 0.0256034 0.0313528 0.0365143 0.0404988 0.0428564 0.0433739 0.0421127 0.0393745 0.0356107 0.0313087 0.0268938 0.0226716 0.0188172 0.0153996 0.0124213 0.0098558
 1.04002e-16 2.07065e-05 0.000121495 0.000577459 0.00222313 0.0069325 0.0175112 0.0358321 0.0594029 0.0797982 0.0868937 0.076783 0.0552619 0.0328537 0.0170729 0.0094494 0.00783854 0.00966846 0.0133337 0.0180435 0.0233106 0.0286529 0.0335348 0.0374341 0.0399472 0.0408727 0.0402458 0.038307 0.0354243 0.0319955 0.0283647 0.0247765 0.0213708 0.0182061 0.0152966 0.012642
 1.05358e-16 1.51189e-05 8.86831e-05 0.000421449 0.00162242 0.0050592 0.0127795 0.0261514 0.0433597 0.0582636 0.0634887 0.0562069 0.0406831 0.0246487 0.0136581 0.00891259 0.00893278 0.0119059 0.0166749 0.022602 0.0291813 0.0358296 0.0418774 0.0466719 0.0497127 0.0507589 0.0498698 0.0473645 0.0437198 0.0394444 0.0349722 0.0306034 0.0264987 0.0227124 0.0192413 0.0160668
 1.05685e-16 2.09452e-05 0.000122902 0.00058416 0.00224895 0.00701304 0.0177146 0.0362478 0.0600902 0.080716 0.0878788 0.0776194 0.0557898 0.0330194 0.0168886 0.00892093 0.00692506 0.00828862 0.011398 0.0154936 0.0201559 0.0249978 0.0295891 0.0335008 0.0363855 0.0380439 0.0384533 0.0377468 0.0361562 0.0339413 0.0313314 0.0284955 0.025542 0.022539 0.0195397 0.0166011
 1.03744e-16 2.58414e-05 0.000151648 0.000720826 0.00277515 0.00865399 0.0218594 0.0447284 0.0741463 0.0995888 0.108405 0.0956979 0.0686721 0.0404176 0.0202521 0.0100091 0.00693294 0.00775209 0.0104432 0.0140654 0.0181349 0.0222481 0.0259814 0.0289298 0.030787 0.0314104 0.030846 0.0293006 0.0270771 0.0244935 0.0218158 0.0192215 0.0167975 0.0145629 0.0125021 0.0105937
 1.03659e-16 1.78435e-05 0.000104678 0.000497487 0.00191518 0.00597216 0.0150856 0.0308699 0.0511809 0.0687666 0.0749163 0.0662827 0.0478862 0.0288327 0.0156498 0.00971871 0.00925281 0.0120757 0.0167988 0.0226699 0.0291234 0.0355342 0.0411996 0.0454474 0.04778 0.0479859 0.0461814 0.0427635 0.0382959 0.0333692 0.0284804 0.0239644 0.0199842 0.0165664 0.0136569 0.0111732
 1.03305e-16 2.68697e-05 0.000157689 0.000749552 0.00288576 0.00899894 0.0227307 0.0465108 0.0770996 0.103551 0.112707 0.0994692 0.0713208 0.041861 0.0207623 0.00991196 0.00642681 0.00689502 0.00921786 0.0124436 0.0161195 0.0198954 0.0234067 0.0262979 0.0282877 0.0292243 0.0291095 0.0280804 0.0263596 0.024194 0.0218015 0.0193429 0.0169183 0.014582 0.0123645 0.0102893
 1.02718e-16 2.32666e-05 0.000136524 0.000648903 0.0024982 0.0077903 0.0196779 0.0402655 0.0667518 0.0896673 0.0976328 0.0862544 0.0620388 0.0368019 0.0189739 0.0102552 0.00821334 0.00993416 0.0135916 0.018282 0.0234539 0.0285761 0.0330739 0.0364027 0.0381632 0.0381918 0.0365935 0.0337018 0.0299858 0.0259338 0.021954 0.0183186 0.0151558 0.0124791 0.0102343 0.00834382
 1.02467e-16 2.63043e-05 0.000154364 0.000733736 0.00282485 0.00880898 0.0222509 0.0455295 0.0754746 0.101374 0.110349 0.0974189 0.0699166 0.0411691 0.0206638 0.0102698 0.00718437 0.00807785 0.0108876 0.0146479 0.0188529 0.0230732 0.0268565 0.0297704 0.0314882 0.0318593 0.0309369 0.0289502 0.0262362 0.0231546 0.0200138 0.0170293 0.0143173 0.0119143 0.00980969 0.00797473
 1.02548e-16 2.28331e-05 0.000133978 0.0006368 0.0024516 0.00764497 0.0193109 0.0395145 0.0655071 0.0879964 0.0958163 0.0846565 0.0609045 0.0361592 0.0186983 0.0101965 0.00827273 0.0100725 0.0138063 0.0185851 0.0238595 0.0290944 0.0337074 0.0371441 0.0389947 0.0390856 0.0375138 0.0346083 0.030837 0.0266911 0.0225861 0.018804 0.0154852 0.0126561 0.0102743 0.00827141
 1.04205e-16 1.49138e-05 8.74756e-05 0.000415702 0.00160028 0.00499015 0.0126051 0.0257949 0.0427696 0.0574739 0.0626366 0.0554726 0.0401951 0.0244396 0.0136979 0.00916953 0.00940941 0.0126378 0.0177103 0.0239775 0.0309012 0.03785 0.0440989 0.0489434 0.0518479 0.0525615 0.0511637 0.0480201 0.0436719 0.0386977 0.0335953 0.0287138 0.0242438 0.0202498 0.0167217 0.0136211
 1.07076e-16 1.39901e-05 8.20619e-05 0.000389985 0.0015013 0.00468149 0.0118254 0.0241987 0.0401212 0.0539096 0.0587378 0.051986 0.0375957 0.0227148 0.0124758 0.0079838 0.00786834 0.0104608 0.0147151 0.0200852 0.0261662 0.0324924 0.0385151 0.0436784 0.0475265 0.0497905 0.0504263 0.0495894 0.0475653 0.0446803 0.041229 0.0374358 0.0334546 0.0293914 0.025335 0.0213768
 1.06626e-16 2.16134e-05 0.000126828 0.000602829 0.00232084 0.00723723 0.0182808 0.0374062 0.0620094 0.0832909 0.0906737 0.0800682 0.0575065 0.033948 0.0172025 0.00882594 0.00654124 0.00764098 0.0104584 0.0142233 0.0185345 0.0230412 0.0273591 0.031105 0.0339676 0.0357663 0.0364753 0.0362031 0.0351407 0.033498 0.0314541 0.0291328 0.0266081 0.0239254 0.0211281 0.0182752
 1.04446e-16 2.22735e-05 0.000130696 0.000621203 0.00239155 0.00745774 0.0188379 0.0385466 0.0639018 0.0858384 0.093462 0.0825658 0.0593774 0.0352065 0.0181219 0.00975027 0.00776334 0.00937543 0.0128476 0.0173305 0.022318 0.027328 0.031836 0.0353406 0.0374668 0.0380477 0.0371553 0.035064 0.0321675 0.0288759 0.0255293 0.0223507 0.019443 0.0168184 0.0144416 0.0122682
 1.02803e-16 2.63194e-05 0.000154453 0.000734159 0.00282648 0.00881406 0.0222638 0.0455558 0.0755181 0.101432 0.110412 0.0974731 0.0699527 0.0411848 0.0206611 0.0102508 0.00714827 0.00802069 0.0108036 0.014531 0.0186982 0.0228789 0.0266248 0.029509 0.0312106 0.0315846 0.0306882 0.0287526 0.0261143 0.0231289 0.0200981 0.0172285 0.0146261 0.0123176 0.0102844 0.00849236
 1.02178e-16 2.5364e-05 0.00014884 0.000707466 0.00272369 0.0084935 0.0214541 0.0438995 0.072774 0.0977508 0.106418 0.0939768 0.0675085 0.0398762 0.0202458 0.0104404 0.00777745 0.00905802 0.0122885 0.0165096 0.0211793 0.0258074 0.0298721 0.0328796 0.0344665 0.0344814 0.0330157 0.0303678 0.0269606 0.0232365 0.019569 0.0162105 0.0132848 0.0108121 0.00874957 0.00703071
 1.02733e-16 2.11834e-05 0.000124291 0.000590741 0.00227425 0.00709191 0.0179139 0.0366564 0.0607704 0.0816382 0.0889049 0.0785782 0.0565932 0.0337232 0.0176664 0.00999915 0.00853614 0.0106474 0.0146778 0.0197878 0.025429 0.0310438 0.0360168 0.0397589 0.0418307 0.0420398 0.0404783 0.0374833 0.0335399 0.0291615 0.0247852 0.0207129 0.0171005 0.0139869 0.0113395 0.00909744
 1.03629e-16 2.118e-05 0.000124275 0.000590674 0.002274 0.00709116 0.017912 0.0366521 0.0607622 0.0816237 0.0888801 0.078535 0.0565157 0.0335846 0.0174258 0.00960089 0.0079124 0.00972567 0.013395 0.0181096 0.0233706 0.028687 0.033515 0.0373269 0.0397169 0.0404872 0.039682 0.0375559 0.034494 0.030911 0.027166 0.0235135 0.0200973 0.0169741 0.0141507 0.0116159
 1.0413e-16 2.04744e-05 0.000120132 0.000570974 0.00219815 0.00685462 0.0173145 0.0354298 0.0587364 0.0789042 0.0859239 0.0759349 0.0546707 0.0325406 0.0169803 0.00950883 0.00801133 0.00994793 0.013729 0.0185633 0.0239513 0.0293925 0.0343309 0.0382281 0.0406723 0.0414663 0.0406614 0.0385238 0.0354505 0.0318656 0.0281314 0.0244994 0.0211054 0.0179954 0.015166 0.0125996
 1.03268e-16 2.63554e-05 0.000154667 0.00073518 0.00283042 0.00882635 0.0222948 0.045619 0.0756223 0.10157 0.110557 0.0975895 0.0700103 0.0411669 0.0205568 0.0100434 0.00681023 0.00751677 0.0101004 0.013609 0.0175646 0.0215764 0.0252353 0.028148 0.0300125 0.0306816 0.0301877 0.0287183 0.0265558 0.0240029 0.0213186 0.0186831 0.0161948 0.0138893 0.011768 0.00982347
 1.02564e-16 2.44379e-05 0.000143403 0.000681612 0.00262414 0.00818306 0.02067 0.0422952 0.0701152 0.0941816 0.102538 0.0905635 0.0650853 0.038503 0.0196559 0.0103113 0.00789558 0.00933477 0.0127103 0.0170906 0.0219352 0.0267438 0.0309796 0.034134 0.0358319 0.0359166 0.0344804 0.0318282 0.0283919 0.0246228 0.0209003 0.0174795 0.0144837 0.0119312 0.00977769 0.00795654
 1.03191e-16 2.00316e-05 0.000117528 0.000558588 0.00215045 0.00670585 0.0169388 0.0346613 0.0574637 0.0771987 0.0840774 0.0743287 0.0535701 0.0319972 0.0169008 0.00978565 0.00860058 0.0108709 0.0150365 0.0202971 0.0261135 0.0319247 0.0371062 0.0410573 0.0433265 0.0437107 0.0422931 0.0394044 0.0355253 0.0311663 0.0267637 0.02262 0.0188944 0.0156319 0.0128084 0.0103736
 1.03698e-16 2.30435e-05 0.000135219 0.000642711 0.00247438 0.00771602 0.0194903 0.0398811 0.066113 0.088805 0.0966824 0.0853877 0.0613567 0.0362799 0.0184912 0.00965698 0.00735368 0.00869128 0.0118765 0.0160551 0.0207489 0.0255202 0.0298925 0.0334021 0.0356889 0.0365712 0.0360759 0.0344112 0.0318988 0.0288873 0.0256796 0.022492 0.0194498 0.0166081 0.0139829 0.0115784
pSPR Fmed_Fpbrs
0.57145   0.256568 0.256568
Fs Fmed_Fpbrs
0.311819   1.005 1.005
SSBpbr Bo_Bmed_Bpbrs
940669  490512  194312 194312
Ro
39976
SPR SPRFo_SPRFmed_SPRFpbrs
823885 470809 211382
log_Ro
10.416
likeval ReclasPelacesDesembMPH_pf_preclas_ppelaces_ptallas_desvR_qrecl_qpela
 106.112 77.6673 0.003967 0.000708691 298.659 169.075 77.1584 0 13.2489 0 0 0 0 0 0
q_reclas_q_pelaces
1 1
M
0.7
N
 42076.2 19348.7 7276.39 866.472 0.262625
 44436 17994 7125.94 2679.82 319.209
 23052.3 18810.6 6493.4 2571.5 1082.24
 26404.6 8123.26 4703.75 1623.73 913.646
 52861.4 12040.3 3401.36 1969.55 1062.44
 40100.4 25797.8 5774.73 1631.35 1454.19
 79179 16085.8 8359.48 1871.23 999.835
 87578.1 34844.1 6273.17 3260.04 1119.66
 130632 35423.7 11479.7 2066.76 1442.94
 139218 53644.5 12029.6 3898.42 1191.87
 72970.8 60657.6 20507.4 4598.72 1945.93
 40972.7 27811.7 17743.9 5998.92 1914.47
 46130.4 15864.2 8396.18 5356.76 2389.01
 28276.2 15802.8 3749.04 1984.19 1830.48
 20023.3 7297.19 2119.38 502.8 511.602
 16929.3 5718.28 1198.46 348.079 166.601
 14460.7 6630.07 1766.17 370.16 158.966
 15345.3 5984.95 2287.01 609.232 182.52
 16306.8 6698.08 2296.23 877.452 303.769
 31171.8 7203.72 2632.29 902.397 464.209
 44725.9 13864.2 2869.65 1048.59 544.396
 47152.7 21127.6 6229.94 1289.49 715.815
 72542.3 21939.3 9210.61 2715.94 874.214
pred_Ctot
 4236.79 3657.29 1375.38 163.78 0.0496413
 4758.45 3602.26 1426.56 536.479 63.9031
 4909.84 6982.53 2410.36 954.542 401.73
 1559.9 925.097 535.674 184.914 104.048
 655.807 296.471 83.7525 48.4966 26.1608
 5611.52 6606.05 1478.74 417.74 372.376
 6526.21 2518.21 1308.66 292.938 156.522
 11820.7 8634.05 1554.44 807.81 277.443
 16435.9 8231.41 2667.54 480.253 335.296
 12368.1 9014.64 2021.5 655.107 200.286
 12387.7 18475.5 6246.29 1400.71 592.706
 6584.88 8067.86 5147.29 1740.22 555.367
 10510.9 6236.34 3300.6 2105.78 939.135
 10137.4 8915.85 2115.18 1119.47 1032.75
 6314.81 3735.47 1084.93 257.386 261.892
 2608.54 1597.38 334.784 97.2343 46.5392
 1750.36 1486.77 396.057 83.0072 35.6475
 1345.5 993.357 379.589 101.118 30.2938
 1303.48 1018.53 349.169 133.427 46.1918
 2354.18 1037.87 379.245 130.012 66.8807
 1572.37 953.795 197.419 72.1383 37.4521
 2145.73 1869.26 551.192 114.087 63.3316
 4155.26 2425.27 1018.19 300.234 96.6399
F
 0.149443 0.298885 0.298885 0.298885 0.298885
 0.159627 0.319253 0.319253 0.319253 0.319253
 0.343032 0.686064 0.686064 0.686064 0.686064
 0.085278 0.170556 0.170556 0.170556 0.170556
 0.0173837 0.0347674 0.0347674 0.0347674 0.0347674
 0.213447 0.426894 0.426894 0.426894 0.426894
 0.120828 0.241656 0.241656 0.241656 0.241656
 0.20515 0.4103 0.4103 0.4103 0.4103
 0.190005 0.380011 0.380011 0.380011 0.380011
 0.130796 0.261592 0.261592 0.261592 0.261592
 0.264603 0.529206 0.529206 0.529206 0.529206
 0.24884 0.49768 0.49768 0.49768 0.49768
 0.371283 0.742567 0.742567 0.742567 0.742567
 0.654532 1.30906 1.30906 1.30906 1.30906
 0.553226 1.10645 1.10645 1.10645 1.10645
 0.237428 0.474857 0.474857 0.474857 0.474857
 0.182184 0.364368 0.364368 0.364368 0.364368
 0.12899 0.25798 0.25798 0.25798 0.25798
 0.116985 0.233969 0.233969 0.233969 0.233969
 0.110204 0.220409 0.220409 0.220409 0.220409
 0.049971 0.099942 0.099942 0.099942 0.099942
 0.0651132 0.130226 0.130226 0.130226 0.130226
 0.0825881 0.165176 0.165176 0.165176 0.165176
nmprior
 10 10 8 0
nm_flota  nm_reclas  nm_pelaces    nm_pelaL
inf 13.7084 13.5868 17.6372
cv_recla  cv_pelaces  cv_mph
0.977247 1.07936 0.863707
 ------------------------------------------------
Talla a la edad & desviación 
 7.2 14.2025 17.0495 18.207 18.6776
 1.08 2.13037 2.55742 2.73105 2.80164
