years
 1997 1998 1999 2000 2001 2002 2003 2004 2005 2006 2007 2008 2009 2010 2011 2012 2013 2014 2015 2016
reclasobs
 0 0 0 370054 412103 1.49427e+06 250295 1.28982e+06 931140 785840 897777 1.04006e+06 184774 17550 25797 100020 73551 82996 120727 218422
reclaspred
 1.1321e+06 233780 597014 319210 407155 522050 1.07446e+06 834119 1.08661e+06 1.21232e+06 1.14017e+06 782518 452808 206641 136245 133744 159888 223668 234953 340410
pelacesobs
 0 0 0 0 0 0 0 0 0 2.06254e+06 1.5e+06 0 1.87456e+06 323000 250000 174000 83755 137374 0 501740
pelacespred
 658167 232467 205296 223055 243031 240308 550008 534786 621956 720872 591403 420473 240497 88253.6 57693.3 64636.4 81005.9 114464 127205 177832
mphobs
 0 0 0 0 0 112323 0 153150 637223 0 255016 313432 73983 77613 109348 50772 0 0 0 0
mphpred
 799561 430621 377081 345374 304008 465773 646343 861329 856349 1.05332e+06 1.14606e+06 824686 505074 267218 126288 111203 125093 171849 209937 232718
desembarqueobs
 350755 77701 442110 56441 14545 235359 269955 359681 431902 328805 639364 411747 362871 311530 167758 66681 60226 58785 57116 71774
desembarquepred
 350759 77700.7 442120 56443 14545.1 235415 269975 359608 431832 328742 639326 411852 362930 311692 167708 66688.2 60243.5 58784.7 57109.4 71764.6
Reclutas
 41880.7 44299.6 22911.5 26257.1 52728.3 39905.7 78938.2 87431.1 130674 139450 72963.7 40916.1 46139.6 28268.7 20039.2 17013.3 14671.3 15696.9 14666.9 40856.3
log_desv_Rt
 0.0813962 0.137545 -0.521789 -0.385492 0.311723 0.0330895 0.715236 0.817421 1.21928 1.28428 0.636532 0.0580944 0.178243 -0.311676 -0.655742 -0.819432 -0.967535 -0.899965 -0.967836 0.0566324
SSB
 799561 430621 377081 345374 304008 465773 646343 861329 856349 1.05332e+06 1.14606e+06 824686 505074 267218 126288 111203 125093 171849 209937 232718
BT
 2.07799e+06 576019 763395 531556 584972 661604 1.68286e+06 1.62698e+06 1.99123e+06 1.99046e+06 1.83031e+06 1.24654e+06 890767 487071 287244 201874 239743 307734 311245 495879
Ftot
 0.298142 0.31946 0.688423 0.171568 0.0349456 0.429054 0.242967 0.412118 0.381055 0.261812 0.529153 0.49765 0.742671 1.30945 1.10646 0.473894 0.361312 0.253755 0.234803 0.204389
BD_Bspro_t
 0.95763 0.756244 0.638525 0.434925 0.533499 0.695106 0.627972 0.662462 0.62632 0.623196 0.614112 0.460174 0.349903 0.250025 0.150438 0.158401 0.229637 0.364831 0.471216 0.560151
BD_Bspro
 1.0108 0.544387 0.476702 0.436618 0.384324 0.588825 0.817101 1.08888 1.08259 1.3316 1.44883 1.04256 0.638509 0.337814 0.159652 0.140581 0.158141 0.217249 0.265401 0.2942
BD_Bo
 0.791733 0.426405 0.373389 0.341992 0.301032 0.461213 0.640015 0.852896 0.847965 1.04301 1.13484 0.816612 0.500129 0.264602 0.125052 0.110114 0.123868 0.170166 0.207882 0.23044
BD_Brms
 3.78269 2.03725 1.78395 1.63395 1.43825 2.20355 3.05782 4.07491 4.05135 4.98322 5.42195 3.90156 2.38948 1.2642 0.597465 0.526096 0.591809 0.813009 0.993205 1.10098
S_f
 0.5 1 1 1 1
 0.5 1 1 1 1
 0.5 1 1 1 1
 0.5 1 1 1 1
 0.5 1 1 1 1
 0.5 1 1 1 1
 0.5 1 1 1 1
 0.5 1 1 1 1
 0.5 1 1 1 1
 0.5 1 1 1 1
 0.5 1 1 1 1
 0.5 1 1 1 1
 0.5 1 1 1 1
 0.5 1 1 1 1
 0.5 1 1 1 1
 0.5 1 1 1 1
 0.5 1 1 1 1
 0.5 1 1 1 1
 0.5 1 1 1 1
 0.5 1 1 1 1
Scru_reclas
 0.5 1 1 1 1
 0.5 1 1 1 1
 0.5 1 1 1 1
 0.5 1 1 1 1
 0.5 1 1 1 1
 0.5 1 1 1 1
 0.5 1 1 1 1
 0.5 1 1 1 1
 0.5 1 1 1 1
 0.5 1 1 1 1
 0.5 1 1 1 1
 0.5 1 1 1 1
 0.5 1 1 1 1
 0.5 1 1 1 1
 0.5 1 1 1 1
 0.5 1 1 1 1
 0.5 1 1 1 1
 0.5 1 1 1 1
 0.5 1 1 1 1
 0.5 1 1 1 1
Scru_pelaces
 0.5 1 1 1 1
 0.5 1 1 1 1
 0.5 1 1 1 1
 0.5 1 1 1 1
 0.5 1 1 1 1
 0.5 1 1 1 1
 0.5 1 1 1 1
 0.5 1 1 1 1
 0.5 1 1 1 1
 0.5 1 1 1 1
 0.5 1 1 1 1
 0.5 1 1 1 1
 0.5 1 1 1 1
 0.5 1 1 1 1
 0.5 1 1 1 1
 0.5 1 1 1 1
 0.5 1 1 1 1
 0.5 1 1 1 1
 0.5 1 1 1 1
 0.5 1 1 1 1
pf_obs 
 0.256992 0.487395 0.22802 0.0275931 0
 0.321318 0.546541 0.124235 0.00734118 0.000564706
 0.182869 0.594174 0.210203 0.0122559 0.00049798
 0.330522 0.361315 0.267642 0.0388342 0.00168674
 0.649043 0.306663 0.0425973 0.00169635 0
 0.582887 0.30429 0.105238 0.00758474 0
 0.465427 0.430635 0.0974691 0.00646863 0
 0.296916 0.608066 0.0921331 0.00288517 0
 0.311714 0.524322 0.152257 0.0117073 0
 0.15457 0.633149 0.183074 0.0267441 0.00246327
 0.131901 0.49318 0.331252 0.0422183 0.00144891
 0.196976 0.569456 0.194076 0.0375587 0.00193317
 0.518974 0.381816 0.0799577 0.0180837 0.00116848
 0.0928022 0.601141 0.25162 0.0475244 0.00691264
 0.122501 0.610282 0.24278 0.0234846 0.000952079
 0.383417 0.481906 0.127806 0.00687128 0
 0.0376549 0.599619 0.316969 0.0457579 0
 0.0361596 0.667082 0.258105 0.0386534 0
 0.158088 0.579412 0.248529 0.0139706 0
 0.0477256 0.309471 0.559284 0.082774 0.000745712
pf_pred 
 0.446886 0.389149 0.1465 0.0174591 5.08122e-06
 0.457564 0.345954 0.138237 0.0520411 0.00620378
 0.312851 0.446044 0.153771 0.0614443 0.025889
 0.471507 0.279091 0.161892 0.0558116 0.0316978
 0.591414 0.266394 0.0750897 0.0435573 0.0235445
 0.387173 0.456629 0.10184 0.028706 0.0256523
 0.604881 0.23266 0.121051 0.0269974 0.0144103
 0.512639 0.373553 0.0670141 0.0348668 0.0119268
 0.584888 0.292011 0.0943549 0.0169269 0.0118195
 0.510575 0.371427 0.0830058 0.0268209 0.00817134
 0.316643 0.473039 0.159612 0.0356697 0.0150371
 0.297668 0.365187 0.233381 0.0787467 0.0250169
 0.455343 0.269737 0.142948 0.0913544 0.0406172
 0.43467 0.382429 0.0905801 0.0480034 0.0443172
 0.542149 0.320301 0.0930482 0.0220389 0.0224624
 0.557902 0.340282 0.0712279 0.0206919 0.0098961
 0.468883 0.394935 0.104819 0.0219407 0.00942217
 0.474293 0.348138 0.132039 0.0350442 0.0104856
 0.425672 0.379013 0.129343 0.0490562 0.0169156
 0.66898 0.202981 0.0844961 0.0288353 0.0147076
pobs_RECLAS
 0 0 0 0 0
 0 0 0 0 0
 0 0 0 0 0
 0 0 0 0 0
 0.835266 0.146461 0.0176864 0.000547809 3.91292e-05
 0.385257 0.428462 0.181853 0.0044286 0
 0.867414 0.0963971 0.0333333 0.00285562 0
 0.441836 0.489002 0.0689373 0.000224442 0
 0.779404 0.147425 0.0564933 0.0165055 0.000172143
 0.814271 0.122319 0.05973 0.00367925 0
 0.40263 0.566651 0.0304383 0.000280538 0
 0.475488 0.404961 0.113038 0.00651328 0
 0.955842 0.0263864 0.0167828 0.000988607 0
 0.975058 0.0227948 0.00214734 0 0
 0.738997 0.206755 0.0527124 0.00153531 0
 0.850938 0.134255 0.0134407 0.00136685 0
 0.542534 0.407297 0.0501686 0 0
 0.764087 0.199537 0.0359546 0.000420521 0
 0.470689 0.182191 0.310203 0.0369168 0
 0.84361 0.089868 0.0606195 0.00523954 0.000663233
ppred_RECLAS
 0.449684 0.387181 0.145759 0.0173708 5.05551e-06
 0.460625 0.344002 0.137457 0.0517475 0.00616877
 0.320216 0.441263 0.152123 0.0607857 0.0256116
 0.472967 0.27832 0.161445 0.0556574 0.0316102
 0.591668 0.266229 0.0750432 0.0435303 0.0235299
 0.391442 0.453448 0.10113 0.0285061 0.0254736
 0.606986 0.231421 0.120406 0.0268536 0.0143335
 0.516895 0.370291 0.0664289 0.0345624 0.0118227
 0.588622 0.289384 0.0935061 0.0167747 0.0117132
 0.512986 0.369597 0.0825969 0.0266888 0.00813109
 0.321794 0.469473 0.158408 0.0354008 0.0149237
 0.302253 0.362803 0.231858 0.0782327 0.0248536
 0.464755 0.265076 0.140478 0.0897758 0.0399153
 0.456304 0.367795 0.0871139 0.0461664 0.0426214
 0.558937 0.308557 0.0896366 0.0212308 0.0216388
 0.562942 0.336403 0.0704159 0.020456 0.00978329
 0.472469 0.392269 0.104111 0.0217926 0.00935856
 0.47661 0.346603 0.131457 0.0348898 0.0104394
 0.427742 0.377647 0.128877 0.0488794 0.0168546
 0.670568 0.202007 0.0840908 0.028697 0.014637
pobs_PELACES
 0 0 0 0 0
 0 0 0 0 0
 0 0 0 0 0
 0 0 0 0 0
 0 0 0 0 0
 0 0 0 0 0
 0 0 0 0 0
 0 0 0 0 0
 0 0 0 0 0
 0 0 0 0 0
 0.450072 0.473896 0.0757376 0.000293798 0
 0 0 0 0 0
 0.463077 0.371075 0.160297 0.00555027 0
 0.529543 0.364841 0.0842815 0.0213345 0
 0.631943 0.363953 0.00410389 0 0
 0.735681 0.248677 0.0153453 0.000297389 0
 0.695825 0.281241 0.0229344 0 0
 0.275771 0.60734 0.115278 0.00161068 0
 0 0 0 0 0
 0.896147 0.0623911 0.0374545 0.00400742 0
ppred_PELACES
 0.461886 0.378596 0.142528 0.0169857 4.94342e-06
 0.473745 0.335634 0.134113 0.0504887 0.00601872
 0.34543 0.424896 0.146481 0.0585312 0.0246616
 0.480028 0.274591 0.159282 0.0549117 0.0311867
 0.59306 0.265321 0.0747873 0.0433819 0.0234497
 0.408429 0.44079 0.0983072 0.0277103 0.0247625
 0.616507 0.225814 0.117489 0.026203 0.0139862
 0.53385 0.357296 0.0640976 0.0333494 0.0114078
 0.603758 0.278737 0.0900658 0.0161575 0.0112822
 0.523771 0.361413 0.0807678 0.0260978 0.00795103
 0.341138 0.456083 0.15389 0.0343911 0.0144981
 0.319846 0.353655 0.226012 0.0762602 0.024227
 0.495332 0.249933 0.132453 0.0846472 0.0376351
 0.510205 0.331332 0.0784775 0.0415895 0.0383959
 0.603343 0.277492 0.080612 0.0190933 0.0194602
 0.582076 0.321675 0.0673331 0.0195604 0.00935497
 0.487348 0.381205 0.101175 0.0211779 0.0090946
 0.487064 0.339681 0.128832 0.034193 0.0102309
 0.437251 0.371372 0.126735 0.0480672 0.0165746
 0.677974 0.197466 0.0822002 0.0280518 0.0143079
pobs_pel_tallas
 0 0 0 0 0 0 0 0 0 0 0 0 0 0 0 0 0 0 0 0 0 0 0 0 0 0 0 0 0 0 0 0 0 0 0 0
 0 0 0 0 0 0 0 0 0 0 0 0 0 0 0 0 0 0 0 0 0 0 0 0 0 0 0 0 0 0 0 0 0 0 0 0
 0 0 0 0 0 0 0 0 0 0 0 0 0 0 0 0 0 0 0 0 0 0 0 0 0 0 0 0 0 0 0 0 0 0 0 0
 0 0 0 0 0 0 0 0 0 0 0 0 0 0 0 0 0 0 0 0 0 0 0 0 0 0 0 0 0 0 0 0 0 0 0 0
 0 0 0 0 0 0 0 0 0 0 0 0 0 0 0 0 0 0 0 0 0 0 0 0 0 0 0 0 0 0 0 0 0 0 0 0
 0 0 0 0 0 0 0 0 0 0 0 0 0 0 0 0 0 0 0 0 0 0 0 0 0 0 0 0 0 0 0 0 0 0 0 0
 0 0 0 0 0 0 0 0 0 0 0 0 0 0 0 0 0 0 0 0 0 0 0 0 0 0 0 0 0 0 0 0 0 0 0 0
 0 0 0 0 0 0 0 0 0 0 0 0 0 0 0 0 0 0 0 0 0 0 0 0 0 0 0 0 0 0 0 0 0 0 0 0
 0 0 0 0 0 0 0 0 0 0 0 0 0 0 0 0 0 0 0 0 0 0 0 0 0 0 0 0 0 0 0 0 0 0 0 0
 0 0 0 0 0 0 0 0 0 0 0 0 0 0 0 0 0 0 0 0 0 0 0 0 0 0 0 0 0 0 0 0 0 0 0 0
 0 0 0 0 0 0 0 0 1.78061e-05 0.00172719 0.00360574 0.0105946 0.0120993 0.0124554 0.0147524 0.0171206 0.0266825 0.0428682 0.0675386 0.121331 0.153587 0.119568 0.100827 0.0573624 0.0630603 0.0341343 0.0324427 0.0444173 0.0211091 0.0280891 0.0125444 0.00206551 0 0 0 0
 0 0 0 0 0 0 0 0 0 0 0 0 0 0 0 0 0 0 0 0 0 0 0 0 0 0 0 0 0 0 0 0 0 0 0 0
 0 0 0 0 0 0 0.0133647 0.0140871 0.0187388 0.0205184 0.03894 0.0496705 0.03968 0.0493445 0.0407372 0.0367815 0.0215668 0.0243155 0.0234873 0.0199281 0.019796 0.0243948 0.0301388 0.0376714 0.0412746 0.0863199 0.0771752 0.113111 0.0741005 0.0525337 0.0229764 0.00759418 0.00175318 0 0 0
 0 0 0 0 0 0 0 0 0 0 0.00219441 0.00772107 0.0458388 0.0604681 0.0671733 0.0775358 0.0609151 0.0617685 0.073594 0.0568108 0.0755445 0.0548602 0.0670107 0.0636378 0.0643287 0.046367 0.0373049 0.0286899 0.0247887 0.0153202 0.00654259 0.00121912 0.000365735 0 0 0
 0 0 0 0 0 0 0 0 0 0 0 0 0.000112435 0.00938835 0.0111873 0.0202946 0.0414886 0.0713402 0.111592 0.104902 0.108894 0.110636 0.117776 0.105296 0.107544 0.0401394 0.0192827 0.0124803 0.00416011 0.0028671 0.000618394 0 0 0 0 0
 0 0 0 0 0 0 0 0 0 0 0.00291406 0.0102884 0.027416 0.0768956 0.0749926 0.110853 0.0956884 0.0897413 0.0766577 0.0534642 0.0500743 0.0551293 0.0594112 0.0620874 0.0668451 0.0424026 0.0208742 0.0120726 0.0048766 0.00582813 0.00118941 0.000297354 0 0 0 0
 0 0.00264628 0.0354308 0.0461629 0.0458689 0.0383711 0.0214643 0.0164657 0.0346957 0.0420465 0.0363128 0.0245516 0.0311673 0.0291091 0.0169068 0.0133784 0.00837989 0.0085269 0.0148486 0.0160247 0.0276389 0.0546898 0.0760071 0.122758 0.109233 0.0665981 0.0333725 0.0166128 0.00676272 0.00308733 0.000882094 0 0 0 0 0
 0 0 0 0 0 0 0 0.000805153 0.000690131 0.00759144 0.0133425 0.0154129 0.00931677 0.000345066 0.00356568 0.00563607 0.00851162 0.0253048 0.0502646 0.0516448 0.0657925 0.0565908 0.0611916 0.0827007 0.0866115 0.110766 0.145733 0.0935128 0.0569358 0.0249597 0.0138026 0.00621118 0.00161031 0.00115022 0 0
 0 0 0 0 0 0 0 0 0 0 0 0 0 0 0 0 0 0 0 0 0 0 0 0 0 0 0 0 0 0 0 0 0 0 0 0
 0.00147267 0.00158595 0.00478618 0.00569244 0.00954404 0.0108468 0.00647125 0.017049 0.0510054 0.094081 0.124002 0.0959785 0.0687766 0.0820023 0.061753 0.0591476 0.0492212 0.0479892 0.0443925 0.0268479 0.0217502 0.0140895 0.0121071 0.0120363 0.00920419 0.00665534 0.0049561 0.00860946 0.00930331 0.0156896 0.0114698 0.00855282 0.00243557 0.00046729 0 2.83206e-05
ppred_pel_tallas
 1.02731e-16 2.01687e-05 0.000118334 0.000562421 0.00216521 0.00675188 0.017055 0.0348991 0.0578576 0.0777268 0.0846499 0.0748285 0.0539165 0.0321766 0.0169459 0.00973536 0.00847637 0.0106763 0.0147679 0.0199541 0.025707 0.0314802 0.0366635 0.0406652 0.043034 0.0435554 0.0422911 0.0395437 0.0357663 0.0314482 0.0270162 0.022777 0.0189066 0.0154741 0.0124825 0.00990499
 1.0403e-16 2.0684e-05 0.000121363 0.000576833 0.00222071 0.00692498 0.0174922 0.0357932 0.0593385 0.0797116 0.0867993 0.0766995 0.0552015 0.0328171 0.0170527 0.00943649 0.00782606 0.00965252 0.0133124 0.0180165 0.0232787 0.0286183 0.033501 0.037406 0.03993 0.0408713 0.0402639 0.0383463 0.0354843 0.0320732 0.0284556 0.0248751 0.0214713 0.0183033 0.0153862 0.0127213
 1.05382e-16 1.50925e-05 8.85277e-05 0.000420711 0.00161957 0.00505033 0.0127571 0.0261056 0.0432837 0.0581616 0.0633777 0.0561092 0.0406135 0.0246087 0.0136399 0.00890664 0.00893256 0.0119084 0.0166794 0.0226085 0.0291902 0.0358414 0.0418925 0.0466907 0.0497356 0.0507862 0.049902 0.0474017 0.043762 0.0394914 0.0350234 0.0306577 0.0265549 0.0227688 0.0192962 0.0161186
 1.05695e-16 2.09555e-05 0.000122963 0.00058445 0.00225006 0.00701652 0.0177233 0.0362657 0.0601199 0.0807559 0.0879221 0.0776573 0.0558163 0.0330336 0.0168933 0.00891913 0.00691862 0.00827791 0.0113826 0.015473 0.0201299 0.0249669 0.0295546 0.0334646 0.03635 0.0380116 0.0384266 0.0377273 0.0361448 0.0339379 0.0313354 0.0285055 0.0255565 0.0225563 0.0195584 0.0166198
 1.03735e-16 2.58837e-05 0.000151897 0.000722007 0.0027797 0.00866817 0.0218953 0.0448017 0.0742678 0.0997518 0.108582 0.0958538 0.0687826 0.04048 0.0202786 0.0100143 0.00692641 0.00773772 0.0104214 0.0140354 0.0180958 0.0221998 0.0259243 0.0288653 0.0307172 0.0313378 0.030773 0.0292296 0.0270097 0.0244309 0.0217588 0.0191704 0.0167524 0.0145238 0.0124688 0.0105659
 1.03649e-16 1.78401e-05 0.000104658 0.000497391 0.00191481 0.005971 0.0150827 0.0308639 0.051171 0.0687533 0.0749019 0.0662703 0.047878 0.0288291 0.0156503 0.00972271 0.00926029 0.0120872 0.0168149 0.0226911 0.0291497 0.0355646 0.0412324 0.0454802 0.0478098 0.0480098 0.046197 0.0427692 0.0382914 0.0333553 0.0284587 0.0239372 0.0199539 0.0165354 0.0136271 0.0111459
 1.03296e-16 2.69046e-05 0.000157894 0.000750526 0.00288952 0.00901064 0.0227602 0.0465712 0.0771998 0.103686 0.112853 0.0995978 0.0714119 0.0419125 0.020784 0.00991594 0.00642097 0.00688251 0.00919902 0.0124178 0.0160862 0.0198543 0.0233585 0.0262441 0.0282301 0.029165 0.0290507 0.0280237 0.0263063 0.0241446 0.0217564 0.019302 0.0168815 0.0145492 0.0123355 0.010264
 1.02706e-16 2.33056e-05 0.000136752 0.000649991 0.00250239 0.00780336 0.0197109 0.0403331 0.0668636 0.0898175 0.097796 0.086398 0.0621409 0.0368598 0.0189989 0.010261 0.00820891 0.00992328 0.0135749 0.0182588 0.0234233 0.0285379 0.0330281 0.0363501 0.0381052 0.03813 0.0365294 0.0336373 0.0299223 0.0258723 0.0218956 0.018264 0.0151056 0.0124338 0.0101943 0.00830924
 1.02452e-16 2.63508e-05 0.000154638 0.000735035 0.00282985 0.00882457 0.0222903 0.0456101 0.0756081 0.101553 0.110544 0.0975904 0.0700384 0.0412383 0.0206939 0.0102769 0.00717947 0.00806543 0.0108684 0.0146212 0.0188176 0.023029 0.0268033 0.029709 0.0314199 0.031786 0.0308605 0.0288727 0.0261594 0.02308 0.0199426 0.0169626 0.014256 0.0118591 0.00976108 0.00793294
 1.02533e-16 2.28663e-05 0.000134173 0.000637727 0.00245517 0.0076561 0.019339 0.0395721 0.0656024 0.0881245 0.0959555 0.0847791 0.0609918 0.036209 0.0187205 0.0102029 0.00827126 0.0100667 0.0137968 0.0185715 0.0238411 0.0290707 0.0336778 0.0371086 0.0389535 0.0390391 0.0374628 0.0345536 0.0307797 0.0266326 0.0225275 0.0187469 0.0154308 0.0126057 0.0102288 0.00823153
 1.04193e-16 1.49066e-05 8.74338e-05 0.000415503 0.00159951 0.00498776 0.0125991 0.0257825 0.0427491 0.0574465 0.0626068 0.0554467 0.0401772 0.0244306 0.013696 0.00917302 0.00941737 0.0126504 0.0177281 0.0240012 0.0309307 0.0378847 0.044137 0.0489824 0.0518846 0.0525928 0.051187 0.0480335 0.0436747 0.0386903 0.0335791 0.0286908 0.0242165 0.0202205 0.0166923 0.0135934
 1.07076e-16 1.39742e-05 8.19685e-05 0.000389541 0.00149959 0.00467616 0.0118119 0.0241712 0.0400756 0.0538483 0.0586712 0.0519273 0.037554 0.022691 0.0124652 0.00798074 0.00786908 0.0104637 0.0147199 0.0200922 0.0261757 0.032505 0.0385311 0.043698 0.0475496 0.0498167 0.0504549 0.0496197 0.047596 0.0447104 0.0412574 0.0374614 0.0334766 0.0294094 0.0253489 0.0213868
 1.06629e-16 2.16217e-05 0.000126876 0.000603061 0.00232173 0.00724002 0.0182878 0.0374206 0.0620333 0.0833229 0.0907085 0.0800986 0.0575279 0.0339597 0.0172065 0.00882505 0.00653695 0.00763371 0.0104479 0.0142093 0.0185168 0.0230202 0.0273356 0.0310803 0.0339433 0.035744 0.0364566 0.036189 0.0351316 0.0334939 0.0314543 0.0291365 0.0266142 0.0239328 0.021136 0.0182828
 1.04446e-16 2.22735e-05 0.000130696 0.000621202 0.00239155 0.00745773 0.0188379 0.0385465 0.0639017 0.0858383 0.0934619 0.0825658 0.0593775 0.0352067 0.0181224 0.009751 0.00776449 0.00937712 0.01285 0.0173335 0.0223216 0.0273321 0.0318403 0.0353447 0.0374701 0.0380499 0.037156 0.0350631 0.0321651 0.0288723 0.0255249 0.0223459 0.0194383 0.0168141 0.014438 0.0122654
 1.02801e-16 2.63326e-05 0.000154531 0.000734529 0.0028279 0.0088185 0.022275 0.0455787 0.075556 0.101483 0.110468 0.0975218 0.0699872 0.0412042 0.0206692 0.0102521 0.00714565 0.00801534 0.0107956 0.0145201 0.0186841 0.0228617 0.0266048 0.0294868 0.0311872 0.0315608 0.030665 0.0287309 0.0260945 0.0231111 0.0200825 0.017215 0.0146144 0.0123076 0.0102758 0.00848513
 1.0217e-16 2.54071e-05 0.000149093 0.000708668 0.00272832 0.00850793 0.0214906 0.0439741 0.0728976 0.0979167 0.106598 0.0941353 0.0676207 0.0399394 0.0202721 0.0104446 0.00776908 0.00904084 0.0122628 0.0164745 0.0211339 0.0257518 0.0298072 0.0328074 0.0343899 0.0344036 0.0329396 0.0302961 0.0268949 0.0231779 0.0195176 0.0161661 0.0132469 0.01078 0.00872269 0.00700851
 1.02714e-16 2.1279e-05 0.000124852 0.000593409 0.00228452 0.00712396 0.0179948 0.036822 0.0610449 0.0820066 0.0893053 0.0789304 0.056843 0.0338644 0.0177262 0.0100106 0.00852098 0.0106143 0.0146278 0.019719 0.0253395 0.0309331 0.0358862 0.0396118 0.0416718 0.0418749 0.0403132 0.0373229 0.0333883 0.0290213 0.0246579 0.0205991 0.0170003 0.0139001 0.0112656 0.00903572
 1.03593e-16 2.12649e-05 0.000124773 0.000593044 0.00228313 0.00711962 0.0179838 0.0367992 0.0610059 0.0819509 0.089236 0.0788484 0.0567389 0.0337125 0.0174834 0.00961857 0.0079107 0.00971369 0.0133749 0.0180802 0.0233301 0.0286334 0.0334467 0.0372427 0.0396165 0.040371 0.0395514 0.0374133 0.0343424 0.0307542 0.0270083 0.0233593 0.019951 0.0168393 0.0140301 0.0115114
 1.04347e-16 1.90941e-05 0.000112026 0.000532434 0.00204976 0.00639185 0.0161456 0.0330383 0.0547731 0.0735844 0.0801421 0.0708521 0.0510697 0.0305145 0.0161383 0.00937899 0.00828639 0.0105084 0.0145666 0.0197077 0.0254278 0.0312012 0.0364384 0.0405675 0.0431512 0.0439805 0.0431108 0.0408256 0.037548 0.0337293 0.0297554 0.0258943 0.0222902 0.018992 0.0159954 0.0132808
 1.02864e-16 2.95836e-05 0.000173625 0.000825319 0.0031775 0.00990871 0.0250287 0.0512123 0.0848915 0.114011 0.124078 0.109472 0.0784223 0.0458859 0.0224913 0.0102891 0.00607608 0.00607179 0.00795512 0.0106894 0.0138142 0.0170074 0.019949 0.0223325 0.02392 0.0245907 0.02436 0.0233617 0.021803 0.0199075 0.0178683 0.0158212 0.0138434 0.0119678 0.0102045 0.00855859
pSPR Fmed_Fpbrs
0.538168   0.259304 0.259304
Fs Fmed_Fpbrs
0.354734   1.005 1.005
SSBpbr Bo_Bmed_Bpbrs
1.00989e+06  492994  211374 211374
Ro
38606.8
SPR SPRFo_SPRFmed_SPRFpbrs
791021 425702 205115
log_Ro
10.3812
likeval ReclasPelacesDesembMPH_pf_preclas_ppelaces_ptallas_desvR_qrecl_qpela
 87.5258 67.2901 0.00375622 0.000707046 251.916 139.695 57.7137 0 12.7574 0 0 0 0 0 0
q_reclas_q_pelaces
1 1
M
0.7
N
 41880.7 19425 7312.8 871.499 0.253637
 44299.6 17917.1 7159.34 2695.23 321.296
 22911.5 18751 6464.3 2583.02 1088.33
 26257.1 8064.15 4677.77 1612.64 915.886
 52728.3 11967 3373.2 1956.69 1057.67
 39905.7 25730.6 5738.56 1617.55 1445.48
 78938.2 15990.5 8319.7 1855.5 990.399
 87431.1 34715.3 6227.81 3240.28 1108.39
 130674 35332.1 11416.6 2048.09 1430.11
 139450 53633.7 11986 3872.92 1179.94
 72963.7 60752.1 20498.8 4581.03 1931.2
 40916.1 27809.7 17772.4 5996.72 1905.09
 46139.6 15842.5 8395.83 5365.55 2385.58
 28268.7 15805.2 3743.53 1983.9 1831.56
 20039.2 7293.82 2118.87 501.865 511.508
 17013.3 5722.8 1197.9 347.991 166.431
 14671.3 6666.2 1769.26 370.342 159.039
 15696.9 6081.42 2306.52 612.168 183.167
 14666.9 6866.04 2343.12 888.681 306.435
 40856.3 6476.57 2696.04 920.056 469.278
pred_Ctot
 4207.28 3663.7 1379.25 164.372 0.0478379
 4746.69 3588.86 1434.04 539.866 64.3569
 4894.25 6977.92 2405.6 961.236 405.008
 1560.05 923.415 535.645 184.661 104.877
 657.483 296.154 83.4782 48.4232 26.1747
 5609.96 6616.34 1475.61 415.937 371.69
 6539.82 2515.47 1308.78 291.89 155.8
 11848.5 8633.84 1548.88 805.869 275.662
 16482.7 8229.15 2659.01 477.018 333.085
 12398.6 9019.57 2015.68 651.308 198.429
 12385.4 18502.8 6243.18 1395.21 588.172
 6575.42 8066.89 5155.33 1739.5 552.618
 10514.2 6228.44 3300.79 2109.45 937.882
 10136.9 8918.63 2112.42 1119.49 1033.52
 6319.86 3733.77 1084.67 256.909 261.845
 2616.71 1596.02 334.078 97.0506 46.4155
 1762.11 1484.21 393.921 82.4554 35.4095
 1355.03 994.609 377.228 100.119 29.9567
 1176.36 1047.42 357.444 135.569 46.7469
 2871.28 871.2 362.659 123.762 63.1252
F
 0.149071 0.298142 0.298142 0.298142 0.298142
 0.15973 0.31946 0.31946 0.31946 0.31946
 0.344211 0.688423 0.688423 0.688423 0.688423
 0.085784 0.171568 0.171568 0.171568 0.171568
 0.0174728 0.0349456 0.0349456 0.0349456 0.0349456
 0.214527 0.429054 0.429054 0.429054 0.429054
 0.121484 0.242967 0.242967 0.242967 0.242967
 0.206059 0.412118 0.412118 0.412118 0.412118
 0.190528 0.381055 0.381055 0.381055 0.381055
 0.130906 0.261812 0.261812 0.261812 0.261812
 0.264577 0.529153 0.529153 0.529153 0.529153
 0.248825 0.49765 0.49765 0.49765 0.49765
 0.371335 0.742671 0.742671 0.742671 0.742671
 0.654727 1.30945 1.30945 1.30945 1.30945
 0.553231 1.10646 1.10646 1.10646 1.10646
 0.236947 0.473894 0.473894 0.473894 0.473894
 0.180656 0.361312 0.361312 0.361312 0.361312
 0.126878 0.253755 0.253755 0.253755 0.253755
 0.117402 0.234803 0.234803 0.234803 0.234803
 0.102194 0.204389 0.204389 0.204389 0.204389
nmprior
 10 10 8 0
nm_flota  nm_reclas  nm_pelaces    nm_pelaL
inf 9.7853 21.2173 21.2173
cv_recla  cv_pelaces  cv_mph
0.962675 1.16009 0.912041
 ------------------------------------------------
Talla a la edad & desviación 
 7.2 14.2025 17.0495 18.207 18.6776
 1.08 2.13037 2.55742 2.73105 2.80164
