    unsorted:	 6.118055870e-06 0.0009000063594 0.006739605081 0.003137358694 6.070179253 65.57310541 64.37198987 20.63630151 34.95778771 80.34805957 115.9107733 233.7480882 277.0332428 398.3624376 534.1019183 582.9859317 701.9655628 787.0901945 839.9544171 883.6892648 1024.846906 1148.234738 1432.170501 1537.339994 1832.553216 1999.513241 2340.122031 2568.821709 2928.704889 3066.854264 3577.800989 3825.619102 4023.227626 4520.661979 4800.970143 12113.61505 233661.4068 372595.8200 386055.2492 340654.2894 423960.5901 433714.2895 277405.9267 496878.3699 526215.5928 578459.4062 678240.3413 790652.8785 908918.5747 1058370.662 1191710.314 1417832.323 1540736.617 1927650.834 1989452.478 2351077.635 2624179.182 26942636.15
      sorted:	 6.118055870e-06 0.0009000063594 0.003137358694 0.006739605081 6.070179253 20.63630151 34.95778771 64.37198987 65.57310541 80.34805957 115.9107733 233.7480882 277.0332428 398.3624376 534.1019183 582.9859317 701.9655628 787.0901945 839.9544171 883.6892648 1024.846906 1148.234738 1432.170501 1537.339994 1832.553216 1999.513241 2340.122031 2568.821709 2928.704889 3066.854264 3577.800989 3825.619102 4023.227626 4520.661979 4800.970143 12113.61505 233661.4068 277405.9267 340654.2894 372595.8200 386055.2492 423960.5901 433714.2895 496878.3699 526215.5928 578459.4062 678240.3413 790652.8785 908918.5747 1058370.662 1191710.314 1417832.323 1540736.617 1927650.834 1989452.478 2351077.635 2624179.182 26942636.15
