years
 1997 1998 1999 2000 2001 2002 2003 2004 2005 2006 2007 2008 2009 2010 2011 2012 2013 2014 2015 2016 2017 2018 2019
reclasobs
 0 0 0 370054 412103 1.49427e+06 250295 1.28982e+06 931140 785840 897777 1.04006e+06 184774 17550 25797 100020 73551 82996 120727 218422 84188 347160 605670
reclaspred
 473318 122841 316927 221136 358144 436383 944659 647729 732492 747484 633927 443883 273724 113903 67697.2 63957.3 77221.6 103229 110591 152612 232227 221463 393782
pelacesobs
 0 0 0 0 0 0 0 0 0 2.06254e+06 1.5e+06 0 1.87456e+06 323000 250000 174000 83755 137374 0 501740 490994 745055 786931
pelacespred
 1.89056e+06 452353 678697 778231 1.10154e+06 1.11575e+06 2.67389e+06 2.22521e+06 2.2278e+06 2.32429e+06 1.73773e+06 1.27784e+06 751507 239895 140575 150276 191166 271236 299462 397966 702168 667366 910418
mphobs
 0 0 0 0 0 112323 0 153150 637223 0 255016 313432 73983 77613 109348 50772 0 0 0 0 0 0 0
mphpred
 174679 96328.4 108247 107907 126672 214002 303955 368868 318305 338505 352299 251195 159773 82112.6 34767.6 27538.9 30809.4 41012.7 51094.8 58160.5 88610.4 110042 140716
desembarqueobs
 350755 77701 442110 56441 14545 235359 269955 359681 431902 328805 639364 411747 362871 311530 167758 66681 60226 58785 57116 71774 51957 67425 138520
desembarquepred
 350761 77699.4 442089 56443.6 14545.2 235429 270013 359671 431942 328813 639316 411776 362936 311619 167587 66678.5 60253.6 58779.2 57101.7 71772.1 51959.8 67415.6 138518
Reclutas
 36614.2 44744.3 23689 36252.1 63563.5 44510.8 77791.4 77993.8 100132 117124 68217.9 46863 44600.6 24410.1 14403.4 13322.4 10357.5 11646.9 12621.4 20519.6 27231.6 36044.8 59809.7
log_desv_Rt
 0.0424138 0.242943 -0.393008 0.0324753 0.594018 0.237711 0.79601 0.798609 1.04847 1.20521 0.664686 0.289207 0.239727 -0.363026 -0.890559 -0.968573 -1.22031 -1.10298 -1.02263 -0.536642 -0.253643 0.0267415 0.533146
SSB
 452946 249782 280687 279806 328464 554913 788163 956483 825374 877753 913519 651354 414296 212920 90153.3 71408.9 79889.6 106347 132490 150812 229769 285342 364879
BT
 1.55607e+06 380440 674655 510852 662780 777416 1.8365e+06 1.69344e+06 1.75428e+06 1.68774e+06 1.56548e+06 1.10005e+06 799904 435452 229399 145845 164886 208845 216728 294932 459408 426362 609789
Ftot
 0.950479 0.866381 1.47319 0.307185 0.0531691 0.501199 0.317666 0.638698 0.72048 0.535786 0.999678 0.867722 1.36135 2.70444 3.15804 1.35929 1.00354 0.680911 0.551924 0.566573 0.269805 0.318538 0.371824
BD_Bspro_t
 0.911452 0.641976 0.566512 0.390196 0.556085 0.730646 0.677268 0.691079 0.625572 0.59541 0.574687 0.419338 0.317599 0.214178 0.115523 0.113642 0.169363 0.278221 0.379299 0.469315 0.601545 0.709628 0.724447
BD_Bspro
 0.626253 0.345354 0.388084 0.386866 0.454141 0.767235 1.08973 1.32245 1.14118 1.2136 1.26305 0.900576 0.572814 0.294388 0.124648 0.0987316 0.110457 0.147037 0.183184 0.208515 0.317683 0.394521 0.504489
BD_Bo
 0.51245 0.282596 0.317561 0.316565 0.371614 0.627813 0.891705 1.08214 0.933804 0.993065 1.03353 0.736923 0.468722 0.240892 0.101997 0.08079 0.0903848 0.120318 0.149896 0.170624 0.259954 0.322828 0.412814
BD_Brms
 1.41885 0.78244 0.87925 0.876491 1.02891 1.73826 2.46892 2.99618 2.58548 2.74955 2.86159 2.04036 1.29778 0.66697 0.282404 0.223688 0.250253 0.333131 0.415024 0.472416 0.719749 0.893833 1.14298
S_f
 0.106749 0.694248 0.977346 0.998782 0.999936
 0.106749 0.694248 0.977346 0.998782 0.999936
 0.106749 0.694248 0.977346 0.998782 0.999936
 0.106749 0.694248 0.977346 0.998782 0.999936
 0.106749 0.694248 0.977346 0.998782 0.999936
 0.106749 0.694248 0.977346 0.998782 0.999936
 0.106749 0.694248 0.977346 0.998782 0.999936
 0.106749 0.694248 0.977346 0.998782 0.999936
 0.106749 0.694248 0.977346 0.998782 0.999936
 0.106749 0.694248 0.977346 0.998782 0.999936
 0.106749 0.694248 0.977346 0.998782 0.999936
 0.106749 0.694248 0.977346 0.998782 0.999936
 0.106749 0.694248 0.977346 0.998782 0.999936
 0.106749 0.694248 0.977346 0.998782 0.999936
 0.106749 0.694248 0.977346 0.998782 0.999936
 0.106749 0.694248 0.977346 0.998782 0.999936
 0.106749 0.694248 0.977346 0.998782 0.999936
 0.106749 0.694248 0.977346 0.998782 0.999936
 0.106749 0.694248 0.977346 0.998782 0.999936
 0.106749 0.694248 0.977346 0.998782 0.999936
 0.106749 0.694248 0.977346 0.998782 0.999936
 0.106749 0.694248 0.977346 0.998782 0.999936
 0.106749 0.694248 0.977346 0.998782 0.999936
Scru_reclas
 0.784642 1 1 1 1
 0.784642 1 1 1 1
 0.784642 1 1 1 1
 0.784642 1 1 1 1
 0.784642 1 1 1 1
 0.784642 1 1 1 1
 0.784642 1 1 1 1
 0.784642 1 1 1 1
 0.784642 1 1 1 1
 0.784642 1 1 1 1
 0.784642 1 1 1 1
 0.784642 1 1 1 1
 0.784642 1 1 1 1
 0.784642 1 1 1 1
 0.784642 1 1 1 1
 0.784642 1 1 1 1
 0.784642 1 1 1 1
 0.784642 1 1 1 1
 0.784642 1 1 1 1
 0.784642 1 1 1 1
 0.784642 1 1 1 1
 0.784642 1 1 1 1
 0.784642 1 1 1 1
Scru_pelaces
 0.671234 1 1 1 1
 0.671234 1 1 1 1
 0.671234 1 1 1 1
 0.671234 1 1 1 1
 0.671234 1 1 1 1
 0.671234 1 1 1 1
 0.671234 1 1 1 1
 0.671234 1 1 1 1
 0.671234 1 1 1 1
 0.671234 1 1 1 1
 0.671234 1 1 1 1
 0.671234 1 1 1 1
 0.671234 1 1 1 1
 0.671234 1 1 1 1
 0.671234 1 1 1 1
 0.671234 1 1 1 1
 0.671234 1 1 1 1
 0.671234 1 1 1 1
 0.671234 1 1 1 1
 0.671234 1 1 1 1
 0.671234 1 1 1 1
 0.671234 1 1 1 1
 0.671234 1 1 1 1
pf_obs 
 0.256992 0.487395 0.22802 0.0275931 0
 0.321318 0.546541 0.124235 0.00734118 0.000564706
 0.182869 0.594174 0.210203 0.0122559 0.00049798
 0.330522 0.361315 0.267642 0.0388342 0.00168674
 0.649043 0.306663 0.0425973 0.00169635 0
 0.582887 0.30429 0.105238 0.00758474 0
 0.465427 0.430635 0.0974691 0.00646863 0
 0.296916 0.608066 0.0921331 0.00288517 0
 0.311714 0.524322 0.152257 0.0117073 0
 0.15457 0.633149 0.183074 0.0267441 0.00246327
 0.131901 0.49318 0.331252 0.0422183 0.00144891
 0.196976 0.569456 0.194076 0.0375587 0.00193317
 0.518974 0.381816 0.0799577 0.0180837 0.00116848
 0.0928022 0.601141 0.25162 0.0475244 0.00691264
 0.122501 0.610282 0.24278 0.0234846 0.000952079
 0.383417 0.481906 0.127806 0.00687128 0
 0.0376549 0.599619 0.316969 0.0457579 0
 0.0361596 0.667082 0.258105 0.0386534 0
 0.158088 0.579412 0.248529 0.0139706 0
 0.0477256 0.309471 0.559284 0.082774 0.000745712
 0.0406174 0.521527 0.379366 0.0568643 0.0016247
 0.151134 0.462217 0.34131 0.0453401 0
 0.294876 0.26143 0.354403 0.0886775 0.000613685
pf_pred 
 0.305857 0.47459 0.196096 0.023444 1.28361e-05
 0.287452 0.555844 0.122307 0.0308318 0.0035656
 0.161473 0.637597 0.171306 0.0232864 0.00633714
 0.275991 0.460344 0.22482 0.0333213 0.00552382
 0.281575 0.495048 0.160268 0.0540035 0.00910421
 0.144263 0.583584 0.205952 0.0477866 0.0184148
 0.242635 0.392097 0.279181 0.065579 0.0205074
 0.202839 0.539186 0.157806 0.0770105 0.0231573
 0.24592 0.483942 0.206806 0.039184 0.0241478
 0.238948 0.534432 0.167378 0.0456793 0.0135631
 0.142372 0.585925 0.212752 0.0438594 0.0150921
 0.144364 0.493846 0.283059 0.062112 0.0166188
 0.207934 0.467431 0.223959 0.0793284 0.0213468
 0.206412 0.594521 0.143996 0.0384721 0.0165984
 0.27878 0.599801 0.106906 0.0106854 0.00382829
 0.328087 0.594538 0.0720002 0.00477302 0.000602012
 0.223136 0.629531 0.137319 0.00934481 0.000669981
 0.239498 0.522344 0.208694 0.0275251 0.00193911
 0.221648 0.535286 0.188102 0.0483399 0.0066243
 0.287033 0.466825 0.189769 0.0439008 0.0124725
 0.253303 0.541723 0.152418 0.0407801 0.0117759
 0.232044 0.50739 0.206719 0.0402886 0.0135581
 0.273614 0.468578 0.190848 0.0533948 0.0135644
pobs_RECLAS
 0 0 0 0 0
 0 0 0 0 0
 0 0 0 0 0
 0 0 0 0 0
 0.835266 0.146461 0.0176864 0.000547809 3.91292e-05
 0.385257 0.428462 0.181853 0.0044286 0
 0.867414 0.0963971 0.0333333 0.00285562 0
 0.441836 0.489002 0.0689373 0.000224442 0
 0.779404 0.147425 0.0564933 0.0165055 0.000172143
 0.814271 0.122319 0.05973 0.00367925 0
 0.40263 0.566651 0.0304383 0.000280538 0
 0.475488 0.404961 0.113038 0.00651328 0
 0.955842 0.0263864 0.0167828 0.000988607 0
 0.975058 0.0227948 0.00214734 0 0
 0.738997 0.206755 0.0527124 0.00153531 0
 0.850938 0.134255 0.0134407 0.00136685 0
 0.542534 0.407297 0.0501686 0 0
 0.764087 0.199537 0.0359546 0.000420521 0
 0.470689 0.182191 0.310203 0.0369168 0
 0.84361 0.089868 0.0606195 0.00523954 0.000663233
 0.607945 0.314616 0.071237 0.00620181 0
 0.523733 0.453247 0.0230204 0 0
 0.530135 0.295979 0.169645 0.0042399 0
ppred_RECLAS
 0.723951 0.209549 0.0595482 0.00694786 3.79918e-06
 0.697817 0.253153 0.0384694 0.00946751 0.00109349
 0.539099 0.381131 0.0682805 0.00903468 0.00245515
 0.688263 0.222231 0.0765697 0.0110991 0.00183777
 0.68807 0.236622 0.0543651 0.0179243 0.00301827
 0.493129 0.38249 0.0946502 0.0214676 0.00826264
 0.659181 0.20611 0.103505 0.0237779 0.00742683
 0.597692 0.302317 0.0617219 0.0294307 0.00883898
 0.659438 0.245731 0.0730037 0.0135115 0.0083163
 0.643332 0.275379 0.0603999 0.0161115 0.004778
 0.498222 0.38117 0.0949467 0.0190983 0.00656316
 0.508989 0.326629 0.129285 0.0276959 0.00740088
 0.627202 0.25487 0.0820257 0.0282986 0.00760427
 0.648519 0.293014 0.0427116 0.0110129 0.00474235
 0.738219 0.234611 0.0240344 0.00230961 0.000825722
 0.737342 0.241576 0.0196537 0.00126901 0.000159833
 0.621752 0.326005 0.0487729 0.00323846 0.000231878
 0.647232 0.267939 0.0745473 0.00960562 0.000675864
 0.621967 0.287219 0.0706424 0.0177433 0.0024285
 0.701878 0.218101 0.0620203 0.0140223 0.00397897
 0.655789 0.271953 0.0540376 0.0141412 0.00407869
 0.634683 0.268512 0.0771551 0.0147061 0.00494308
 0.685955 0.226718 0.0650236 0.0177893 0.0045138
pobs_PELACES
 0 0 0 0 0
 0 0 0 0 0
 0 0 0 0 0
 0 0 0 0 0
 0 0 0 0 0
 0 0 0 0 0
 0 0 0 0 0
 0 0 0 0 0
 0 0 0 0 0
 0 0 0 0 0
 0.450072 0.473896 0.0757376 0.000293798 0
 0 0 0 0 0
 0.463077 0.371075 0.160297 0.00555027 0
 0.529543 0.364841 0.0842815 0.0213345 0
 0.631943 0.363953 0.00410389 0 0
 0.735681 0.248677 0.0153453 0.000297389 0
 0.695825 0.281241 0.0229344 0 0
 0.275771 0.60734 0.115278 0.00161068 0
 0 0 0 0 0
 0.896147 0.0623911 0.0374545 0.00400742 0
 0.803859 0.145111 0.0509908 3.86294e-05 0
 0.739449 0.233085 0.0266225 0.000797448 4.60066e-05
 0.878498 0.100942 0.0204185 0.000141795 0
ppred_PELACES
 0.733635 0.206455 0.053684 0.00622168 3.40086e-06
 0.703011 0.25203 0.0353211 0.00863959 0.000997534
 0.576631 0.358146 0.0559128 0.00732152 0.00198849
 0.669008 0.237911 0.0796532 0.011521 0.0019074
 0.656229 0.261095 0.0596906 0.0196727 0.00331263
 0.481276 0.395959 0.0935011 0.021132 0.00813189
 0.640366 0.220076 0.107287 0.0245914 0.00767999
 0.593509 0.310051 0.0596342 0.0283071 0.00849945
 0.659928 0.249986 0.0694335 0.0127854 0.00786724
 0.63391 0.285896 0.0596452 0.01585 0.00469949
 0.513145 0.378062 0.0857756 0.017132 0.00588519
 0.518719 0.328863 0.120034 0.0255567 0.00682698
 0.660925 0.241122 0.0683337 0.0233489 0.00627097
 0.734835 0.229743 0.0260119 0.00657992 0.00283051
 0.820533 0.165255 0.012604 0.00118444 0.000422946
 0.75938 0.223455 0.0160115 0.00102394 0.0001289
 0.633657 0.319715 0.0435513 0.00287129 0.00020551
 0.645167 0.273598 0.0714304 0.00915977 0.000644326
 0.613286 0.297465 0.0694855 0.0173847 0.00237893
 0.695119 0.226228 0.0610151 0.0137399 0.00389798
 0.633236 0.291324 0.0564456 0.0147433 0.00425189
 0.614419 0.28566 0.0796757 0.0151523 0.00509246
 0.669733 0.240759 0.0666932 0.0181981 0.00461688
pobs_pel_tallas
 0 0 0 0 0 0 0 0 0 0 0 0 0 0 0 0 0 0 0 0 0 0 0 0 0 0 0 0 0 0 0 0 0 0 0 0
 0 0 0 0 0 0 0 0 0 0 0 0 0 0 0 0 0 0 0 0 0 0 0 0 0 0 0 0 0 0 0 0 0 0 0 0
 0 0 0 0 0 0 0 0 0 0 0 0 0 0 0 0 0 0 0 0 0 0 0 0 0 0 0 0 0 0 0 0 0 0 0 0
 0 0 0 0 0 0 0 0 0 0 0 0 0 0 0 0 0 0 0 0 0 0 0 0 0 0 0 0 0 0 0 0 0 0 0 0
 0 0 0 0 0 0 0 0 0 0 0 0 0 0 0 0 0 0 0 0 0 0 0 0 0 0 0 0 0 0 0 0 0 0 0 0
 0 0 0 0 0 0 0 0 0 0 0 0 0 0 0 0 0 0 0 0 0 0 0 0 0 0 0 0 0 0 0 0 0 0 0 0
 0 0 0 0 0 0 0 0 0 0 0 0 0 0 0 0 0 0 0 0 0 0 0 0 0 0 0 0 0 0 0 0 0 0 0 0
 0 0 0 0 0 0 0 0 0 0 0 0 0 0 0 0 0 0 0 0 0 0 0 0 0 0 0 0 0 0 0 0 0 0 0 0
 0 0 0 0 0 0 0 0 0 0 0 0 0 0 0 0 0 0 0 0 0 0 0 0 0 0 0 0 0 0 0 0 0 0 0 0
 0 0 0 0 0 0 0 0 0 0 0 0 0 0 0 0 0 0 0 0 0 0 0 0 0 0 0 0 0 0 0 0 0 0 0 0
 0 0 0 0 0 0 0 0 1.78061e-05 0.00172719 0.00360574 0.0105946 0.0120993 0.0124554 0.0147524 0.0171206 0.0266825 0.0428682 0.0675386 0.121331 0.153587 0.119568 0.100827 0.0573624 0.0630603 0.0341343 0.0324427 0.0444173 0.0211091 0.0280891 0.0125444 0.00206551 0 0 0 0
 0 0 0 0 0 0 0 0 0 0 0 0 0 0 0 0 0 0 0 0 0 0 0 0 0 0 0 0 0 0 0 0 0 0 0 0
 0 0 0 0 0 0 0.0133647 0.0140871 0.0187388 0.0205184 0.03894 0.0496705 0.03968 0.0493445 0.0407372 0.0367815 0.0215668 0.0243155 0.0234873 0.0199281 0.019796 0.0243948 0.0301388 0.0376714 0.0412746 0.0863199 0.0771752 0.113111 0.0741005 0.0525337 0.0229764 0.00759418 0.00175318 0 0 0
 0 0 0 0 0 0 0 0 0 0 0.00219441 0.00772107 0.0458388 0.0604681 0.0671733 0.0775358 0.0609151 0.0617685 0.073594 0.0568108 0.0755445 0.0548602 0.0670107 0.0636378 0.0643287 0.046367 0.0373049 0.0286899 0.0247887 0.0153202 0.00654259 0.00121912 0.000365735 0 0 0
 0 0 0 0 0 0 0 0 0 0 0 0 0.000112435 0.00938835 0.0111873 0.0202946 0.0414886 0.0713402 0.111592 0.104902 0.108894 0.110636 0.117776 0.105296 0.107544 0.0401394 0.0192827 0.0124803 0.00416011 0.0028671 0.000618394 0 0 0 0 0
 0 0 0 0 0 0 0 0 0 0 0.00291406 0.0102884 0.027416 0.0768956 0.0749926 0.110853 0.0956884 0.0897413 0.0766577 0.0534642 0.0500743 0.0551293 0.0594112 0.0620874 0.0668451 0.0424026 0.0208742 0.0120726 0.0048766 0.00582813 0.00118941 0.000297354 0 0 0 0
 0 0.00264628 0.0354308 0.0461629 0.0458689 0.0383711 0.0214643 0.0164657 0.0346957 0.0420465 0.0363128 0.0245516 0.0311673 0.0291091 0.0169068 0.0133784 0.00837989 0.0085269 0.0148486 0.0160247 0.0276389 0.0546898 0.0760071 0.122758 0.109233 0.0665981 0.0333725 0.0166128 0.00676272 0.00308733 0.000882094 0 0 0 0 0
 0 0 0 0 0 0 0 0.000805153 0.000690131 0.00759144 0.0133425 0.0154129 0.00931677 0.000345066 0.00356568 0.00563607 0.00851162 0.0253048 0.0502646 0.0516448 0.0657925 0.0565908 0.0611916 0.0827007 0.0866115 0.110766 0.145733 0.0935128 0.0569358 0.0249597 0.0138026 0.00621118 0.00161031 0.00115022 0 0
 0 0 0 0 0 0 0 0 0 0 0 0 0 0 0 0 0 0 0 0 0 0 0 0 0 0 0 0 0 0 0 0 0 0 0 0
 0.00147267 0.00158595 0.00478618 0.00569244 0.00954404 0.0108468 0.00647125 0.017049 0.0510054 0.094081 0.124002 0.0959785 0.0687766 0.0820023 0.061753 0.0591476 0.0492212 0.0479892 0.0443925 0.0268479 0.0217502 0.0140895 0.0121071 0.0120363 0.00920419 0.00665534 0.0049561 0.00860946 0.00930331 0.0156896 0.0114698 0.00855282 0.00243557 0.00046729 0 2.83206e-05
 0 0 0 0 0.000772559 0.00158375 0.000888443 0.00281984 0.00712685 0.0440552 0.0773331 0.111326 0.0921469 0.0852325 0.0710754 0.0886704 0.0786465 0.0553345 0.0373146 0.0185414 0.00753245 0.00457741 0.012979 0.0271748 0.0457355 0.0583668 0.034881 0.0177882 0.00938659 0.00492506 0.0015258 0.00185414 0.000309023 5.79419e-05 3.86279e-05 0
 0 0.00173294 0.00326652 0 0.00397197 0.00683976 0.00946217 0.0152591 0.00757587 0.0136028 0.0228656 0.0392903 0.0559909 0.0764795 0.0681675 0.0726916 0.0566044 0.0477403 0.0527397 0.0444891 0.0609904 0.0582453 0.0661739 0.0445044 0.0529084 0.0360697 0.0280645 0.0235558 0.0158879 0.00826598 0.00280645 0.00217768 0.000904811 0.00058276 9.20147e-05 0
 0 0 0 0 0 0 0 0 0 0 0 0 0 0 0 0 0 0 0 0 0 0 0 0 0 0 0 0 0 0 0 0 0 0 0 0
ppred_pel_tallas
 1.01044e-16 3.20111e-05 0.000187875 0.000893065 0.00343834 0.0107221 0.0270833 0.0554162 0.0918597 0.123368 0.134258 0.118446 0.0848335 0.0496016 0.0242446 0.0109727 0.00630831 0.00614746 0.00796477 0.0106259 0.0136231 0.0166037 0.0192241 0.021164 0.0221862 0.0221888 0.0212258 0.0194853 0.0172373 0.0147676 0.012321 0.0100677 0.00809683 0.00643126 0.00505184 0.003921
 1.00928e-16 3.06775e-05 0.000180042 0.000855816 0.0032949 0.0102748 0.0259535 0.0531049 0.08803 0.11823 0.128678 0.113553 0.0813931 0.0477193 0.0235651 0.0110704 0.00692334 0.00720379 0.00948787 0.012661 0.0161823 0.0196371 0.0226093 0.0247132 0.0256709 0.0253761 0.0239183 0.0215528 0.0186339 0.0155297 0.0125496 0.00990098 0.00768163 0.00589949 0.00450599 0.00342892
 1.01255e-16 2.51711e-05 0.000147705 0.000702059 0.00270286 0.00842853 0.02129 0.043564 0.072219 0.0970085 0.105618 0.0932906 0.0670592 0.0396983 0.0203162 0.0107364 0.00830971 0.00986813 0.0134274 0.018012 0.0230411 0.0279694 0.0322133 0.0352245 0.036606 0.0362045 0.0341439 0.0307848 0.026629 0.0221992 0.0179362 0.0141372 0.010945 0.00837486 0.00636165 0.00480561
 1.01694e-16 2.91943e-05 0.000171335 0.000814426 0.00313554 0.00977787 0.0246982 0.0505365 0.0837725 0.112512 0.122456 0.108065 0.0774643 0.0454268 0.0224546 0.0105883 0.00668246 0.00701512 0.0092907 0.0124614 0.0160256 0.0195996 0.0227927 0.0252341 0.026644 0.0268931 0.0260276 0.0242451 0.021837 0.0191157 0.016351 0.0137341 0.0113706 0.00929688 0.00750638 0.00597419
 1.01764e-16 2.8638e-05 0.000168067 0.000798885 0.0030757 0.00959123 0.0242268 0.0495722 0.0821747 0.110368 0.120129 0.106026 0.0760347 0.0446526 0.0221906 0.0106612 0.00698852 0.00752734 0.0100227 0.0134319 0.0172344 0.0210146 0.0243461 0.0268275 0.028162 0.0282237 0.0270819 0.0249739 0.0222375 0.019228 0.0162461 0.0134972 0.0110841 0.00902754 0.00729829 0.00584779
 1.02563e-16 2.10147e-05 0.0001233 0.000586026 0.00225609 0.00703529 0.0177709 0.0363639 0.0602859 0.0809887 0.0882013 0.0779651 0.0561706 0.0335095 0.0176237 0.0100836 0.00872689 0.0109478 0.0151025 0.0203485 0.0261242 0.0318521 0.0368947 0.0406436 0.0426483 0.0427172 0.0409559 0.0377251 0.033539 0.028939 0.0243845 0.0201901 0.0165145 0.013391 0.0107758 0.00859438
 1.02799e-16 2.79447e-05 0.000164001 0.00077956 0.0030013 0.00935925 0.0236408 0.0483729 0.0801858 0.107695 0.117212 0.103436 0.074143 0.0434735 0.0214798 0.0101161 0.00637456 0.00669854 0.00890073 0.0119928 0.015513 0.0191136 0.0224379 0.0251399 0.0269483 0.0277203 0.0274651 0.0263253 0.0245279 0.022323 0.0199311 0.0175141 0.0151711 0.0129531 0.0108841 0.00897888
 1.02318e-16 2.59051e-05 0.000152018 0.000722575 0.00278187 0.00867493 0.0219124 0.0448371 0.0743277 0.0998359 0.108683 0.0959661 0.0689131 0.040657 0.0205518 0.0104508 0.00760553 0.00874231 0.0118243 0.0158795 0.0203719 0.0248275 0.0287451 0.0316516 0.0331991 0.0332438 0.0318742 0.0293771 0.0261571 0.0226365 0.0191694 0.0159933 0.0132216 0.0108691 0.00889229 0.00722657
 1.01875e-16 2.87988e-05 0.000169013 0.000803381 0.00309301 0.00964524 0.0243632 0.0498512 0.0826368 0.110988 0.120801 0.106612 0.0764409 0.0448626 0.0222422 0.0105988 0.00683525 0.00728344 0.00967764 0.0129765 0.0166702 0.020359 0.0236344 0.0261101 0.0274977 0.02767 0.0266848 0.0247598 0.0222096 0.0193671 0.0165165 0.0138542 0.0114825 0.00942804 0.00767143 0.00617523
 1.01705e-16 2.76658e-05 0.000162357 0.000771733 0.00297115 0.0092652 0.0234033 0.0478874 0.0793829 0.106622 0.116059 0.102453 0.0735137 0.0432555 0.021651 0.010659 0.00732238 0.00812942 0.0109015 0.0146163 0.0187393 0.0228222 0.0263988 0.0290301 0.0303937 0.0303559 0.0289994 0.0265916 0.0235109 0.020154 0.0168563 0.0138455 0.0112344 0.00904227 0.00723105 0.00574001
 1.02205e-16 2.24037e-05 0.000131455 0.000624804 0.0024054 0.00750091 0.018947 0.0387702 0.0642738 0.0863419 0.0940202 0.0830827 0.0598009 0.0355614 0.0184945 0.0102535 0.00851194 0.0104756 0.014388 0.0193661 0.0248477 0.0302745 0.0350356 0.0385497 0.0403881 0.0403706 0.0386023 0.0354333 0.0313608 0.0269081 0.0225192 0.0184979 0.0149971 0.0120476 0.00960412 0.0075907
 1.03009e-16 2.26448e-05 0.000132875 0.000631565 0.00243145 0.00758215 0.0191521 0.0391895 0.0649676 0.0872695 0.0950188 0.0839379 0.0603572 0.0357737 0.0183891 0.0098552 0.00780386 0.00940291 0.0128866 0.0173959 0.0224229 0.027484 0.0320501 0.0356099 0.037773 0.0383531 0.0374011 0.0351744 0.0320576 0.0284647 0.0247541 0.0211798 0.0178845 0.0149218 0.0122924 0.00997596
 1.02144e-16 2.8842e-05 0.000169266 0.00080459 0.00309767 0.00965976 0.0243999 0.0499262 0.0827609 0.111154 0.120979 0.106765 0.0765395 0.0448988 0.0222202 0.0105221 0.00669941 0.00707687 0.00938662 0.0125913 0.0161908 0.0197995 0.0230244 0.0254938 0.0269288 0.0272038 0.0263698 0.0246298 0.0222787 0.0196289 0.0169464 0.0144142 0.0121275 0.0101121 0.00835247 0.00681878
 1.00803e-16 3.20642e-05 0.000188185 0.000894535 0.00344399 0.0107397 0.0271278 0.0555075 0.0920116 0.123574 0.134487 0.118659 0.0850099 0.0497529 0.0244076 0.0111949 0.00663731 0.00662581 0.00862466 0.0114811 0.0146593 0.0177703 0.0204331 0.022297 0.0231111 0.0227826 0.0213976 0.0191946 0.0165016 0.0136582 0.0109481 0.00856009 0.00658063 0.00501238 0.00380542 0.00288817
 1.00294e-16 3.57985e-05 0.000210115 0.000998803 0.00384547 0.0119918 0.0302902 0.0619775 0.102734 0.137966 0.150127 0.132406 0.0947433 0.0552172 0.0266552 0.0114955 0.00581394 0.00499263 0.00619653 0.00817387 0.0104072 0.0125841 0.0144237 0.0156733 0.0161546 0.0158051 0.0146935 0.0129994 0.0109676 0.0088504 0.00685869 0.00513195 0.00373287 0.0026606 0.00187361 0.00131296
 1.00342e-16 3.31343e-05 0.000194468 0.000924405 0.003559 0.0110984 0.0280337 0.0573611 0.0950836 0.127699 0.138972 0.122607 0.0878189 0.0513575 0.025121 0.0113967 0.00658316 0.00642694 0.00830417 0.0110257 0.0140465 0.0169807 0.0194549 0.0211283 0.0217603 0.0212672 0.0197432 0.0174323 0.0146672 0.0117906 0.00908891 0.0067514 0.00486306 0.00342233 0.00237214 0.0016315
 1.00831e-16 2.76561e-05 0.000162297 0.000771443 0.00297002 0.00926166 0.0233944 0.0478695 0.0793541 0.106586 0.116028 0.102442 0.0735437 0.0433486 0.0218369 0.0109781 0.00782707 0.00887774 0.0119456 0.0159863 0.0204259 0.0247632 0.0284736 0.0310677 0.0321934 0.0317184 0.0297602 0.0266491 0.0228421 0.0188143 0.0149658 0.011566 0.00874267 0.00650653 0.00479353 0.00350692
 1.01449e-16 2.81562e-05 0.000165237 0.000785429 0.00302388 0.00942965 0.0238187 0.0487372 0.0807912 0.108512 0.118113 0.104256 0.0747871 0.0439636 0.0219295 0.0106711 0.00717232 0.00785496 0.0105028 0.0140836 0.0180699 0.022029 0.0255123 0.0280961 0.0294663 0.0294874 0.0282304 0.0259433 0.0229828 0.0197262 0.0164965 0.0135181 0.0109086 0.00869794 0.00686118 0.00534934
 1.01792e-16 2.6767e-05 0.000157079 0.00074664 0.00287453 0.00896389 0.0226422 0.0463303 0.0768023 0.103158 0.112294 0.0991414 0.0711651 0.0419288 0.0210898 0.0105529 0.00746815 0.00844584 0.0113807 0.0152771 0.0196008 0.023891 0.0276635 0.0304601 0.0319424 0.0319668 0.0306135 0.0281548 0.0249789 0.0214946 0.018049 0.0148803 0.0121094 0.00976198 0.00780517 0.00618232
 1.01595e-16 3.03324e-05 0.000178018 0.000846198 0.00325788 0.0101594 0.0256618 0.0525081 0.08704 0.116898 0.127225 0.11226 0.0804424 0.047115 0.0231804 0.0107475 0.00653662 0.00667108 0.00876161 0.0117243 0.0150538 0.0183777 0.0213239 0.0235426 0.0247733 0.0249016 0.0239815 0.0222115 0.0198782 0.0172848 0.0146902 0.0122731 0.0101266 0.00827468 0.00669899 0.00536444
 1.01602e-16 2.76366e-05 0.000162185 0.000770916 0.002968 0.00925537 0.0233785 0.0478367 0.079299 0.10651 0.115938 0.102349 0.0734456 0.0432282 0.0216611 0.0107027 0.00740116 0.00824914 0.0110694 0.014837 0.0190115 0.0231365 0.0267364 0.0293647 0.0306942 0.0305917 0.0291455 0.0266331 0.023445 0.0199901 0.0166133 0.0135483 0.0109093 0.00871366 0.00691886 0.00545829
 1.01983e-16 2.6816e-05 0.000157368 0.000748014 0.00287982 0.0089804 0.0226839 0.0464155 0.0769433 0.103346 0.112496 0.0993138 0.0712753 0.0419666 0.0210588 0.0104561 0.00729947 0.00819145 0.0110253 0.0148116 0.0190292 0.0232352 0.0269647 0.0297762 0.0313397 0.0315097 0.0303529 0.0281189 0.0251688 0.0218853 0.0185958 0.0155273 0.0127989 0.0104429 0.00843788 0.00674085
 1.01867e-16 2.9226e-05 0.000171521 0.00081531 0.00313895 0.00978847 0.024725 0.0505913 0.0838634 0.112634 0.12259 0.108183 0.0775512 0.0454814 0.0224883 0.0106147 0.00671182 0.00705311 0.00933888 0.0125176 0.0160837 0.0196494 0.0228209 0.0252263 0.0265877 0.0267816 0.0258626 0.0240381 0.0216088 0.0188931 0.0161623 0.0136039 0.0113159 0.00932411 0.00761115 0.00614303
pSPR Fmed_Fpbrs
0.507347   0.411173 0.411173
Fs Fmed_Fpbrs
0.660838   1.005 1.005
SSBpbr Bo_Bmed_Bpbrs
883883  404241  319235 319235
Ro
35093.7
SPR SPRFo_SPRFmed_SPRFpbrs
723264 366946 297386
log_Ro
10.2858
likeval ReclasPelacesDesembMPH_pf_preclas_ppelaces_ptallas_desvR_qrecl_qpela
 62.9494 14.8426 0.0081336 0.000205328 269.556 154.397 72.8853 0 15.6717 1.0575e-05 8.28494e-05 0 0 0 0
q_reclas_q_pelaces
0.630772 3.65086
M
0.7
N
 36614.2 10994 3574.1 421.282 0.230489
 44744.3 16427.8 2822.09 701.01 81.0064
 23689 20256.6 4470.45 600.931 163.44
 36252.1 10051.8 3617.26 526.065 87.1204
 63563.5 17421.5 4032.91 1330.42 224.036
 44510.8 31386.1 8337.74 1901.27 731.989
 77791.4 20951.9 11005.6 2536.91 792.529
 77993.8 37342.1 8345.23 4006.58 1203.75
 100132 36177.9 11902 2219.9 1366.91
 117124 46043.1 10894.5 2922.82 867.052
 68217.9 54928.7 15762.1 3204.67 1101.92
 46863 30447.2 13626.4 2946.38 787.724
 44600.6 21212.7 8277.81 2897.79 779.293
 24410.1 19152.3 4093.85 1086.62 468.648
 14403.4 9082.04 1454.81 144.614 51.7961
 13322.4 5105.63 503.503 32.9875 4.15806
 10357.5 5722.15 986.746 66.2271 4.74471
 11646.9 4620.88 1415.72 183.756 12.9344
 12621.4 5378.21 1430.27 361.373 49.4765
 20519.6 5909.01 1820.63 414.138 117.554
 27231.6 9591.7 1980.08 519.674 149.91
 36044.8 13138.9 3949.49 755.364 253.943
 59809.7 17300.9 5230.11 1436.58 364.591
pred_Ctot
 2555.54 3965.36 1638.45 195.882 0.10725
 2857.79 5526.09 1215.95 306.524 35.4486
 2501.72 9878.35 2654.06 360.778 98.1818
 842.651 1405.51 686.416 101.736 16.8652
 258.803 455.012 147.307 49.6361 8.36793
 1672.81 6766.98 2388.13 554.112 213.53
 1868.98 3020.25 2150.48 505.143 157.965
 3711.41 9865.63 2887.42 1409.08 423.714
 5354.54 10537.1 4502.88 853.172 525.782
 4697.9 10507.4 3290.78 898.092 266.66
 4996.44 20562.6 7466.39 1539.22 529.647
 2997.56 10254.1 5877.4 1289.68 345.07
 4374.92 9834.73 4712.09 1669.07 449.136
 4475.75 12891.3 3122.34 834.21 359.911
 3022.26 6502.46 1158.97 115.841 41.5026
 1304.96 2364.77 286.38 18.9846 2.3945
 761.4 2148.13 468.57 31.8871 2.28616
 589.698 1286.13 513.851 67.7729 4.77452
 521.109 1258.49 442.242 113.65 15.5742
 869.095 1413.48 574.593 132.925 37.765
 556.93 1191.07 335.116 89.6621 25.8914
 868.334 1898.7 773.565 150.764 50.7357
 1677.68 2873.1 1170.19 327.392 83.1706
F
 0.101463 0.659868 0.928947 0.949321 0.950418
 0.0924854 0.601483 0.846754 0.865325 0.866325
 0.157262 1.02276 1.43982 1.4714 1.4731
 0.0327918 0.213263 0.300226 0.306811 0.307165
 0.00567576 0.0369125 0.0519646 0.0531043 0.0531657
 0.0535026 0.347957 0.489845 0.500589 0.501167
 0.0339106 0.220539 0.310469 0.317279 0.317646
 0.0681805 0.443415 0.624229 0.63792 0.638657
 0.0769106 0.500192 0.704158 0.719602 0.720434
 0.0571947 0.371968 0.523648 0.535133 0.535751
 0.106715 0.694024 0.977031 0.99846 0.999614
 0.0926286 0.602414 0.848064 0.866664 0.867666
 0.145323 0.945114 1.33051 1.35969 1.36126
 0.288697 1.87755 2.64318 2.70115 2.70427
 0.337118 2.19246 3.0865 3.15419 3.15784
 0.145104 0.943687 1.3285 1.35764 1.35921
 0.107127 0.696703 0.980803 1.00231 1.00347
 0.0726867 0.472721 0.665486 0.680081 0.680867
 0.0589175 0.383172 0.539421 0.551252 0.551889
 0.0604812 0.393342 0.553737 0.565882 0.566536
 0.0288015 0.187312 0.263693 0.269477 0.269788
 0.0340036 0.221144 0.311321 0.31815 0.318517
 0.039692 0.258138 0.363401 0.371371 0.371801
nmprior
 10 10 8 0
nm_flota  nm_reclas  nm_pelaces    nm_pelaL
inf 16.8395 14.4498 18.8733
cv_recla  cv_pelaces  cv_mph
0.752692 0.471847 0.464903
 ------------------------------------------------
Talla a la edad & desviación 
 7.2 14.2025 17.0495 18.207 18.6776
 1.08 2.13037 2.55742 2.73105 2.80164
