years
 1997 1998 1999 2000 2001 2002 2003 2004 2005 2006 2007 2008 2009 2010 2011 2012 2013 2014 2015 2016 2017 2018
reclasobs
 0 0 0 370054 412103 1.49427e+06 250295 1.28982e+06 931140 785840 897777 1.04006e+06 184774 17550 25797 100020 73551 82996 120727 218422 84188 347160
reclaspred
 1.13253e+06 233758 596684 318923 406841 521638 1.07357e+06 833546 1.08615e+06 1.21217e+06 1.14021e+06 782552 452833 206664 136168 133342 158355 219831 235787 310899 471575 452676
pelacesobs
 0 0 0 0 0 0 0 0 0 2.06254e+06 1.5e+06 0 1.87456e+06 323000 250000 174000 83755 137374 0 501740 490994 745055
pelacespred
 658211 232481 205148 222846 242834 240089 549559 534354 621674 720758 591411 420488 240514 88267 57650.5 64421.7 80176.5 112376 127242 161548 267763 269191
mphobs
 0 0 0 0 0 112323 0 153150 637223 0 255016 313432 73983 77613 109348 50772 0 0 0 0 0 0
mphpred
 799909 430670 376945 345083 303728 465447 645788 860669 855857 1.05305e+06 1.14606e+06 824724 505090 267244 126276 111023 124317 169418 206794 230882 352937 426968
desembarqueobs
 350755 77701 442110 56441 14545 235359 269955 359681 431902 328805 639364 411747 362871 311530 167758 66681 60226 58785 57116 71774 51957 67425
desembarquepred
 350759 77700.7 442119 56443 14545.1 235415 269975 359608 431831 328741 639325 411851 362929 311691 167707 66688.3 60243.9 58785.2 57110.2 71764.8 51955.3 67417.6
Reclutas
 41851.3 44279 22890.3 26234.9 52708.4 39876.4 78901.9 87408.8 130680 139487 72964.8 40910.1 46144.3 28268.4 20017.4 16915.8 14454.8 15358.1 16288.4 30038.7 37900.2 45011.6
log_desv_Rt
 0.0859531 0.142342 -0.517456 -0.381078 0.316605 0.0376149 0.720036 0.822427 1.22459 1.2898 0.641808 0.0632066 0.183603 -0.306425 -0.651569 -0.819924 -0.977143 -0.916526 -0.857718 -0.245682 -0.0132123 0.158751
SSB
 799909 430670 376945 345083 303728 465447 645788 860669 855857 1.05305e+06 1.14606e+06 824724 505090 267244 126276 111023 124317 169418 206794 230882 352937 426968
BT
 2.07758e+06 576047 762979 531118 584567 661165 1.68181e+06 1.62608e+06 1.99072e+06 1.99035e+06 1.83031e+06 1.24654e+06 890810 487098 287112 201296 237550 302712 315020 434447 671635 606034
Ftot
 0.298028 0.319489 0.688777 0.171721 0.0349725 0.42938 0.243166 0.412393 0.381213 0.261844 0.529138 0.497628 0.742632 1.30932 1.107 0.475262 0.364714 0.258108 0.234027 0.2234 0.107345 0.144735
BD_Bspro_t
 0.957641 0.756266 0.638448 0.434739 0.533303 0.694979 0.627784 0.662294 0.626186 0.62313 0.614101 0.460172 0.3499 0.250037 0.150422 0.158184 0.228539 0.361573 0.467751 0.556836 0.679035 0.768788
BD_Bspro
 1.00884 0.543158 0.4754 0.435217 0.38306 0.587018 0.814463 1.08547 1.0794 1.32809 1.4454 1.04014 0.637016 0.337046 0.159259 0.140021 0.156788 0.213668 0.260807 0.291186 0.445122 0.538489
BD_Bo
 0.847583 0.456338 0.399411 0.36565 0.321831 0.493187 0.684277 0.911965 0.906866 1.11581 1.21436 0.873877 0.535194 0.283171 0.133802 0.11764 0.131727 0.179515 0.219119 0.244642 0.373972 0.452415
BD_Brms
 4.07629 2.19467 1.92089 1.75853 1.54778 2.37189 3.2909 4.38592 4.3614 5.36626 5.84025 4.20274 2.57391 1.36186 0.643495 0.565765 0.633514 0.863342 1.05381 1.17656 1.79855 2.1758
S_f
 0.5 1 1 1 1
 0.5 1 1 1 1
 0.5 1 1 1 1
 0.5 1 1 1 1
 0.5 1 1 1 1
 0.5 1 1 1 1
 0.5 1 1 1 1
 0.5 1 1 1 1
 0.5 1 1 1 1
 0.5 1 1 1 1
 0.5 1 1 1 1
 0.5 1 1 1 1
 0.5 1 1 1 1
 0.5 1 1 1 1
 0.5 1 1 1 1
 0.5 1 1 1 1
 0.5 1 1 1 1
 0.5 1 1 1 1
 0.5 1 1 1 1
 0.5 1 1 1 1
 0.5 1 1 1 1
 0.5 1 1 1 1
Scru_reclas
 0.5 1 1 1 1
 0.5 1 1 1 1
 0.5 1 1 1 1
 0.5 1 1 1 1
 0.5 1 1 1 1
 0.5 1 1 1 1
 0.5 1 1 1 1
 0.5 1 1 1 1
 0.5 1 1 1 1
 0.5 1 1 1 1
 0.5 1 1 1 1
 0.5 1 1 1 1
 0.5 1 1 1 1
 0.5 1 1 1 1
 0.5 1 1 1 1
 0.5 1 1 1 1
 0.5 1 1 1 1
 0.5 1 1 1 1
 0.5 1 1 1 1
 0.5 1 1 1 1
 0.5 1 1 1 1
 0.5 1 1 1 1
Scru_pelaces
 0.5 1 1 1 1
 0.5 1 1 1 1
 0.5 1 1 1 1
 0.5 1 1 1 1
 0.5 1 1 1 1
 0.5 1 1 1 1
 0.5 1 1 1 1
 0.5 1 1 1 1
 0.5 1 1 1 1
 0.5 1 1 1 1
 0.5 1 1 1 1
 0.5 1 1 1 1
 0.5 1 1 1 1
 0.5 1 1 1 1
 0.5 1 1 1 1
 0.5 1 1 1 1
 0.5 1 1 1 1
 0.5 1 1 1 1
 0.5 1 1 1 1
 0.5 1 1 1 1
 0.5 1 1 1 1
 0.5 1 1 1 1
pf_obs 
 0.256992 0.487395 0.22802 0.0275931 0
 0.321318 0.546541 0.124235 0.00734118 0.000564706
 0.182869 0.594174 0.210203 0.0122559 0.00049798
 0.330522 0.361315 0.267642 0.0388342 0.00168674
 0.649043 0.306663 0.0425973 0.00169635 0
 0.582887 0.30429 0.105238 0.00758474 0
 0.465427 0.430635 0.0974691 0.00646863 0
 0.296916 0.608066 0.0921331 0.00288517 0
 0.311714 0.524322 0.152257 0.0117073 0
 0.15457 0.633149 0.183074 0.0267441 0.00246327
 0.131901 0.49318 0.331252 0.0422183 0.00144891
 0.196976 0.569456 0.194076 0.0375587 0.00193317
 0.518974 0.381816 0.0799577 0.0180837 0.00116848
 0.0928022 0.601141 0.25162 0.0475244 0.00691264
 0.122501 0.610282 0.24278 0.0234846 0.000952079
 0.383417 0.481906 0.127806 0.00687128 0
 0.0376549 0.599619 0.316969 0.0457579 0
 0.0361596 0.667082 0.258105 0.0386534 0
 0.158088 0.579412 0.248529 0.0139706 0
 0.0477256 0.309471 0.559284 0.082774 0.000745712
 0.0406174 0.521527 0.379366 0.0568643 0.0016247
 0.151134 0.462217 0.34131 0.0453401 0
pf_pred 
 0.446546 0.389369 0.146607 0.0174739 5.0544e-06
 0.457484 0.345828 0.138375 0.0521014 0.00621169
 0.312745 0.446064 0.153748 0.0615185 0.0259248
 0.471535 0.279026 0.161899 0.0558028 0.0317375
 0.59156 0.266313 0.0750419 0.0435414 0.0235433
 0.387144 0.456722 0.101804 0.0286862 0.0256444
 0.604993 0.232592 0.121037 0.0269793 0.0143984
 0.51276 0.373507 0.0669698 0.0348501 0.0119138
 0.585043 0.29195 0.0942937 0.0169069 0.0118058
 0.510691 0.3714 0.0829567 0.0267932 0.00815859
 0.316624 0.473121 0.15959 0.0356463 0.0150187
 0.297622 0.365195 0.233442 0.0787429 0.0249985
 0.455372 0.269692 0.142951 0.0913776 0.0406082
 0.434642 0.382461 0.0905679 0.0480056 0.0443234
 0.541875 0.320478 0.0931174 0.0220505 0.0224793
 0.556831 0.341034 0.0714475 0.0207597 0.0099275
 0.466702 0.396158 0.105534 0.0221097 0.00949624
 0.472554 0.348376 0.133022 0.0354362 0.0106126
 0.456913 0.357702 0.122446 0.0467541 0.0161851
 0.584621 0.266983 0.0977401 0.0334577 0.0171978
 0.521675 0.358756 0.0768528 0.0281351 0.0145815
 0.473998 0.364073 0.121451 0.0260173 0.014461
pobs_RECLAS
 0 0 0 0 0
 0 0 0 0 0
 0 0 0 0 0
 0 0 0 0 0
 0.835266 0.146461 0.0176864 0.000547809 3.91292e-05
 0.385257 0.428462 0.181853 0.0044286 0
 0.867414 0.0963971 0.0333333 0.00285562 0
 0.441836 0.489002 0.0689373 0.000224442 0
 0.779404 0.147425 0.0564933 0.0165055 0.000172143
 0.814271 0.122319 0.05973 0.00367925 0
 0.40263 0.566651 0.0304383 0.000280538 0
 0.475488 0.404961 0.113038 0.00651328 0
 0.955842 0.0263864 0.0167828 0.000988607 0
 0.975058 0.0227948 0.00214734 0 0
 0.738997 0.206755 0.0527124 0.00153531 0
 0.850938 0.134255 0.0134407 0.00136685 0
 0.542534 0.407297 0.0501686 0 0
 0.764087 0.199537 0.0359546 0.000420521 0
 0.470689 0.182191 0.310203 0.0369168 0
 0.84361 0.089868 0.0606195 0.00523954 0.000663233
 0.607945 0.314616 0.071237 0.00620181 0
 0.523733 0.453247 0.0230204 0 0
ppred_RECLAS
 0.449342 0.387401 0.145866 0.0173856 5.02886e-06
 0.460545 0.343877 0.137594 0.0518074 0.00617665
 0.320114 0.441281 0.1521 0.0608589 0.0256468
 0.472996 0.278255 0.161451 0.0556485 0.0316498
 0.591814 0.266148 0.0749953 0.0435144 0.0235287
 0.391417 0.453538 0.101094 0.0284863 0.0254657
 0.6071 0.231351 0.120392 0.0268354 0.0143216
 0.517019 0.370241 0.0663843 0.0345454 0.0118096
 0.588779 0.289322 0.0934447 0.0167546 0.0116995
 0.513103 0.36957 0.0825479 0.0266612 0.00811839
 0.321775 0.469555 0.158387 0.0353776 0.0149055
 0.302206 0.362811 0.231918 0.078229 0.0248354
 0.464783 0.265032 0.14048 0.0897986 0.0399065
 0.456272 0.367828 0.0871029 0.046169 0.0426277
 0.558677 0.308724 0.0897024 0.0212418 0.0216549
 0.561893 0.337139 0.0706315 0.0205226 0.00981411
 0.470329 0.393464 0.104816 0.0219593 0.00943166
 0.474918 0.346814 0.132425 0.0352773 0.010565
 0.459005 0.356324 0.121974 0.046574 0.0161228
 0.586556 0.265739 0.0972846 0.0333018 0.0171177
 0.522537 0.358109 0.0767143 0.0280843 0.0145552
 0.475201 0.36324 0.121173 0.0259578 0.014428
pobs_PELACES
 0 0 0 0 0
 0 0 0 0 0
 0 0 0 0 0
 0 0 0 0 0
 0 0 0 0 0
 0 0 0 0 0
 0 0 0 0 0
 0 0 0 0 0
 0 0 0 0 0
 0 0 0 0 0
 0.450072 0.473896 0.0757376 0.000293798 0
 0 0 0 0 0
 0.463077 0.371075 0.160297 0.00555027 0
 0.529543 0.364841 0.0842815 0.0213345 0
 0.631943 0.363953 0.00410389 0 0
 0.735681 0.248677 0.0153453 0.000297389 0
 0.695825 0.281241 0.0229344 0 0
 0.275771 0.60734 0.115278 0.00161068 0
 0 0 0 0 0
 0.896147 0.0623911 0.0374545 0.00400742 0
 0.803859 0.145111 0.0509908 3.86294e-05 0
 0.739449 0.233085 0.0266225 0.000797448 4.60066e-05
ppred_PELACES
 0.461537 0.378822 0.142635 0.0170005 4.91749e-06
 0.473666 0.335513 0.134247 0.0505473 0.00602641
 0.345337 0.42491 0.146457 0.0586011 0.0246953
 0.480064 0.274523 0.159286 0.0549022 0.0312253
 0.593207 0.26524 0.0747393 0.0433658 0.0234483
 0.408417 0.440868 0.0982698 0.0276905 0.0247543
 0.616628 0.225741 0.117472 0.0261846 0.0139742
 0.533984 0.357236 0.0640525 0.033332 0.0113948
 0.603919 0.27867 0.0900044 0.0161378 0.0112687
 0.523888 0.361383 0.0807193 0.0260706 0.00793855
 0.341117 0.456164 0.15387 0.0343687 0.0144804
 0.319797 0.353665 0.226072 0.0762569 0.0242093
 0.495358 0.249891 0.132455 0.0846687 0.0376267
 0.510168 0.331368 0.0784689 0.0415926 0.0384023
 0.603112 0.27764 0.0806706 0.019103 0.0194745
 0.581094 0.322363 0.0675359 0.0196231 0.00938398
 0.485343 0.382311 0.101845 0.0213369 0.00916432
 0.485548 0.339793 0.129744 0.0345632 0.0103512
 0.468608 0.349999 0.119809 0.0457473 0.0158366
 0.595466 0.260013 0.0951882 0.0325842 0.0167488
 0.526954 0.354796 0.0760046 0.0278245 0.0144206
 0.481159 0.359116 0.119797 0.0256631 0.0142641
pobs_pel_tallas
 0 0 0 0 0 0 0 0 0 0 0 0 0 0 0 0 0 0 0 0 0 0 0 0 0 0 0 0 0 0 0 0 0 0 0 0
 0 0 0 0 0 0 0 0 0 0 0 0 0 0 0 0 0 0 0 0 0 0 0 0 0 0 0 0 0 0 0 0 0 0 0 0
 0 0 0 0 0 0 0 0 0 0 0 0 0 0 0 0 0 0 0 0 0 0 0 0 0 0 0 0 0 0 0 0 0 0 0 0
 0 0 0 0 0 0 0 0 0 0 0 0 0 0 0 0 0 0 0 0 0 0 0 0 0 0 0 0 0 0 0 0 0 0 0 0
 0 0 0 0 0 0 0 0 0 0 0 0 0 0 0 0 0 0 0 0 0 0 0 0 0 0 0 0 0 0 0 0 0 0 0 0
 0 0 0 0 0 0 0 0 0 0 0 0 0 0 0 0 0 0 0 0 0 0 0 0 0 0 0 0 0 0 0 0 0 0 0 0
 0 0 0 0 0 0 0 0 0 0 0 0 0 0 0 0 0 0 0 0 0 0 0 0 0 0 0 0 0 0 0 0 0 0 0 0
 0 0 0 0 0 0 0 0 0 0 0 0 0 0 0 0 0 0 0 0 0 0 0 0 0 0 0 0 0 0 0 0 0 0 0 0
 0 0 0 0 0 0 0 0 0 0 0 0 0 0 0 0 0 0 0 0 0 0 0 0 0 0 0 0 0 0 0 0 0 0 0 0
 0 0 0 0 0 0 0 0 0 0 0 0 0 0 0 0 0 0 0 0 0 0 0 0 0 0 0 0 0 0 0 0 0 0 0 0
 0 0 0 0 0 0 0 0 1.78061e-05 0.00172719 0.00360574 0.0105946 0.0120993 0.0124554 0.0147524 0.0171206 0.0266825 0.0428682 0.0675386 0.121331 0.153587 0.119568 0.100827 0.0573624 0.0630603 0.0341343 0.0324427 0.0444173 0.0211091 0.0280891 0.0125444 0.00206551 0 0 0 0
 0 0 0 0 0 0 0 0 0 0 0 0 0 0 0 0 0 0 0 0 0 0 0 0 0 0 0 0 0 0 0 0 0 0 0 0
 0 0 0 0 0 0 0.0133647 0.0140871 0.0187388 0.0205184 0.03894 0.0496705 0.03968 0.0493445 0.0407372 0.0367815 0.0215668 0.0243155 0.0234873 0.0199281 0.019796 0.0243948 0.0301388 0.0376714 0.0412746 0.0863199 0.0771752 0.113111 0.0741005 0.0525337 0.0229764 0.00759418 0.00175318 0 0 0
 0 0 0 0 0 0 0 0 0 0 0.00219441 0.00772107 0.0458388 0.0604681 0.0671733 0.0775358 0.0609151 0.0617685 0.073594 0.0568108 0.0755445 0.0548602 0.0670107 0.0636378 0.0643287 0.046367 0.0373049 0.0286899 0.0247887 0.0153202 0.00654259 0.00121912 0.000365735 0 0 0
 0 0 0 0 0 0 0 0 0 0 0 0 0.000112435 0.00938835 0.0111873 0.0202946 0.0414886 0.0713402 0.111592 0.104902 0.108894 0.110636 0.117776 0.105296 0.107544 0.0401394 0.0192827 0.0124803 0.00416011 0.0028671 0.000618394 0 0 0 0 0
 0 0 0 0 0 0 0 0 0 0 0.00291406 0.0102884 0.027416 0.0768956 0.0749926 0.110853 0.0956884 0.0897413 0.0766577 0.0534642 0.0500743 0.0551293 0.0594112 0.0620874 0.0668451 0.0424026 0.0208742 0.0120726 0.0048766 0.00582813 0.00118941 0.000297354 0 0 0 0
 0 0.00264628 0.0354308 0.0461629 0.0458689 0.0383711 0.0214643 0.0164657 0.0346957 0.0420465 0.0363128 0.0245516 0.0311673 0.0291091 0.0169068 0.0133784 0.00837989 0.0085269 0.0148486 0.0160247 0.0276389 0.0546898 0.0760071 0.122758 0.109233 0.0665981 0.0333725 0.0166128 0.00676272 0.00308733 0.000882094 0 0 0 0 0
 0 0 0 0 0 0 0 0.000805153 0.000690131 0.00759144 0.0133425 0.0154129 0.00931677 0.000345066 0.00356568 0.00563607 0.00851162 0.0253048 0.0502646 0.0516448 0.0657925 0.0565908 0.0611916 0.0827007 0.0866115 0.110766 0.145733 0.0935128 0.0569358 0.0249597 0.0138026 0.00621118 0.00161031 0.00115022 0 0
 0 0 0 0 0 0 0 0 0 0 0 0 0 0 0 0 0 0 0 0 0 0 0 0 0 0 0 0 0 0 0 0 0 0 0 0
 0.00147267 0.00158595 0.00478618 0.00569244 0.00954404 0.0108468 0.00647125 0.017049 0.0510054 0.094081 0.124002 0.0959785 0.0687766 0.0820023 0.061753 0.0591476 0.0492212 0.0479892 0.0443925 0.0268479 0.0217502 0.0140895 0.0121071 0.0120363 0.00920419 0.00665534 0.0049561 0.00860946 0.00930331 0.0156896 0.0114698 0.00855282 0.00243557 0.00046729 0 2.83206e-05
 0 0 0 0 0.000772559 0.00158375 0.000888443 0.00281984 0.00712685 0.0440552 0.0773331 0.111326 0.0921469 0.0852325 0.0710754 0.0886704 0.0786465 0.0553345 0.0373146 0.0185414 0.00753245 0.00457741 0.012979 0.0271748 0.0457355 0.0583668 0.034881 0.0177882 0.00938659 0.00492506 0.0015258 0.00185414 0.000309023 5.79419e-05 3.86279e-05 0
 0 0.00173294 0.00326652 0 0.00397197 0.00683976 0.00946217 0.0152591 0.00757587 0.0136028 0.0228656 0.0392903 0.0559909 0.0764795 0.0681675 0.0726916 0.0566044 0.0477403 0.0527397 0.0444891 0.0609904 0.0582453 0.0661739 0.0445044 0.0529084 0.0360697 0.0280645 0.0235558 0.0158879 0.00826598 0.00280645 0.00217768 0.000904811 0.00058276 9.20147e-05 0
ppred_pel_tallas
 1.02733e-16 2.01535e-05 0.000118245 0.000561997 0.00216358 0.00674679 0.0170422 0.0348728 0.057814 0.0776683 0.0845864 0.0747726 0.0538769 0.0321543 0.0169365 0.00973382 0.00847921 0.0106822 0.0147767 0.0199663 0.0257227 0.0314996 0.0366861 0.0406905 0.043061 0.0435829 0.0423181 0.0395694 0.0357899 0.0314694 0.0270348 0.022793 0.0189201 0.0154854 0.0124918 0.00991246
 1.04034e-16 2.06806e-05 0.000121343 0.000576737 0.00222034 0.00692383 0.0174893 0.0357873 0.0593286 0.0796983 0.0867849 0.0766867 0.0551922 0.0328115 0.0170496 0.00943452 0.00782417 0.0096501 0.0133092 0.0180124 0.0232739 0.028613 0.0334959 0.0374018 0.0399275 0.0408712 0.0402667 0.0383523 0.0354934 0.0320851 0.0284695 0.0248902 0.0214866 0.0183181 0.0153999 0.0127334
 1.05385e-16 1.50884e-05 8.85039e-05 0.000420597 0.00161914 0.00504896 0.0127537 0.0260985 0.0432721 0.0581459 0.0633607 0.0560942 0.0406028 0.0246025 0.0136371 0.00890572 0.00893253 0.0119088 0.0166801 0.0226095 0.0291915 0.0358432 0.0418948 0.0466936 0.0497391 0.0507904 0.0499069 0.0474074 0.0437685 0.0394987 0.0350313 0.0306661 0.0265635 0.0227775 0.0193046 0.0161265
 1.05697e-16 2.09571e-05 0.000122972 0.000584492 0.00225023 0.00701703 0.0177246 0.0362684 0.0601243 0.0807618 0.0879285 0.0776629 0.0558203 0.0330357 0.0168939 0.00891884 0.00691764 0.00827628 0.0113802 0.0154699 0.020126 0.0249622 0.0295493 0.0334591 0.0363446 0.0380067 0.0384226 0.0377244 0.0361431 0.0339375 0.0313361 0.0285071 0.0255588 0.0225591 0.0195613 0.0166228
 1.03734e-16 2.58901e-05 0.000151934 0.000722186 0.00278039 0.00867032 0.0219007 0.0448128 0.0742862 0.0997765 0.108609 0.0958774 0.0687993 0.0404895 0.0202827 0.0100151 0.00692542 0.00773554 0.0104181 0.0140308 0.0180899 0.0221924 0.0259156 0.0288556 0.0307066 0.0313268 0.030762 0.0292188 0.0269995 0.0244214 0.0217502 0.0191627 0.0167456 0.0145179 0.0124638 0.0105617
 1.03647e-16 1.78396e-05 0.000104654 0.000497376 0.00191475 0.00597082 0.0150822 0.030863 0.0511694 0.0687512 0.0748997 0.0662684 0.0478767 0.0288285 0.0156503 0.00972331 0.00926142 0.0120889 0.0168174 0.0226943 0.0291536 0.0355692 0.0412374 0.0454852 0.0478144 0.0480134 0.0461994 0.0427701 0.0382907 0.0333532 0.0284555 0.0239331 0.0199494 0.0165308 0.0136226 0.0111418
 1.03294e-16 2.69099e-05 0.000157925 0.000750673 0.00289008 0.0090124 0.0227647 0.0465803 0.0772149 0.103706 0.112875 0.0996172 0.0714257 0.0419202 0.0207873 0.00991654 0.00642008 0.00688062 0.00919618 0.0124139 0.0160811 0.0198481 0.0233513 0.026236 0.0282214 0.0291561 0.0290418 0.0280152 0.0262983 0.0241372 0.0217496 0.0192959 0.0168759 0.0145442 0.0123311 0.0102602
 1.02704e-16 2.33114e-05 0.000136787 0.000650155 0.00250302 0.00780533 0.0197159 0.0403432 0.0668805 0.0898402 0.0978207 0.0864197 0.0621563 0.0368685 0.0190027 0.0102619 0.00820824 0.00992163 0.0135723 0.0182553 0.0234187 0.0285321 0.0330212 0.0363422 0.0380965 0.0381206 0.0365198 0.0336276 0.0299127 0.025863 0.0218868 0.0182558 0.0150981 0.012427 0.0101882 0.00830404
 1.0245e-16 2.63578e-05 0.000154679 0.000735231 0.00283061 0.00882692 0.0222963 0.0456223 0.0756283 0.10158 0.110574 0.0976163 0.0700568 0.0412488 0.0206984 0.010278 0.00717872 0.00806354 0.0108655 0.0146171 0.0188123 0.0230222 0.0267952 0.0296997 0.0314096 0.0317749 0.030849 0.028861 0.0261478 0.0230687 0.0199319 0.0169526 0.0142467 0.0118508 0.00975375 0.00792665
 1.02531e-16 2.28714e-05 0.000134203 0.00063787 0.00245572 0.00765782 0.0193433 0.0395809 0.0656172 0.0881443 0.095977 0.084798 0.0610052 0.0362167 0.018724 0.0102038 0.00827101 0.0100657 0.0137953 0.0185694 0.0238382 0.029067 0.0336732 0.0371031 0.0389471 0.0390319 0.0374548 0.0345452 0.0307709 0.0266236 0.0225186 0.0187381 0.0154226 0.012598 0.0102219 0.00822548
 1.04191e-16 1.49058e-05 8.74285e-05 0.000415478 0.00159942 0.00498746 0.0125983 0.025781 0.0427466 0.057443 0.0626031 0.0554434 0.040175 0.0244295 0.0136959 0.00917357 0.00941855 0.0126523 0.0177307 0.0240046 0.0309351 0.0378898 0.0441425 0.048988 0.0518899 0.0525973 0.0511902 0.0480352 0.0436748 0.0386888 0.0335763 0.0286871 0.0242122 0.0202159 0.0166877 0.013589
 1.07076e-16 1.39721e-05 8.1956e-05 0.000389482 0.00149936 0.00467545 0.0118101 0.0241675 0.0400695 0.0538401 0.0586623 0.0519195 0.0375484 0.0226878 0.0124637 0.00798034 0.00786919 0.0104641 0.0147205 0.0200932 0.0261771 0.0325068 0.0385333 0.0437007 0.0475528 0.0498203 0.0504588 0.0496238 0.0476002 0.0447144 0.0412611 0.0374647 0.0334794 0.0294116 0.0253506 0.0213879
 1.0663e-16 2.16229e-05 0.000126883 0.000603093 0.00232186 0.00724041 0.0182888 0.0374226 0.0620367 0.0833274 0.0907134 0.0801029 0.0575309 0.0339613 0.0172071 0.00882494 0.00653637 0.00763272 0.0104465 0.0142073 0.0185144 0.0230173 0.0273324 0.0310769 0.0339399 0.035741 0.036454 0.0361871 0.0351303 0.0334933 0.0314543 0.029137 0.0266149 0.0239337 0.0211369 0.0182837
 1.04446e-16 2.22719e-05 0.000130686 0.000621157 0.00239138 0.00745719 0.0188365 0.0385437 0.0638971 0.0858321 0.0934552 0.0825598 0.0593733 0.0352044 0.0181214 0.00975094 0.00776496 0.00937798 0.0128512 0.0173352 0.0223238 0.0273347 0.0318433 0.0353479 0.0374733 0.038053 0.0371589 0.0350656 0.0321672 0.028874 0.0255262 0.0223469 0.0194391 0.0168148 0.0144386 0.012266
 1.02802e-16 2.63225e-05 0.000154472 0.000734247 0.00282682 0.00881512 0.0222664 0.0455612 0.0755271 0.101444 0.110425 0.0974847 0.0699609 0.0411894 0.020663 0.010251 0.0071475 0.0080192 0.0108014 0.014528 0.0186944 0.0228743 0.0266195 0.0295032 0.0312047 0.0315787 0.0306827 0.0287477 0.02611 0.0231252 0.020095 0.0172258 0.0146238 0.0123156 0.0102826 0.0084908
 1.02177e-16 2.53642e-05 0.000148842 0.000707472 0.00272372 0.00849358 0.0214543 0.0438999 0.0727747 0.0977517 0.106419 0.0939776 0.0675091 0.0398766 0.0202461 0.0104406 0.00777778 0.00905848 0.0122892 0.0165105 0.0211803 0.0258085 0.0298732 0.0328806 0.0344673 0.0344819 0.0330157 0.0303674 0.0269597 0.0232352 0.0195673 0.0162086 0.0132828 0.0108101 0.00874778 0.00702912
 1.02732e-16 2.11916e-05 0.000124339 0.000590969 0.00227513 0.00709466 0.0179208 0.0366706 0.0607939 0.0816697 0.0889392 0.0786084 0.0566145 0.0337352 0.0176714 0.00999988 0.00853444 0.0106439 0.0146727 0.0197808 0.02542 0.0310328 0.0360041 0.0397448 0.0418158 0.0420248 0.0404638 0.0374697 0.0335276 0.0291506 0.0247759 0.0207049 0.0170937 0.0139812 0.0113348 0.00909352
 1.03624e-16 2.11989e-05 0.000124385 0.000591199 0.00227603 0.00709747 0.0179279 0.0366848 0.0608163 0.0816963 0.088959 0.0786044 0.056565 0.0336126 0.0174378 0.00960361 0.00791013 0.00972022 0.0133867 0.018098 0.0233554 0.0286679 0.0334922 0.0373007 0.039688 0.0404565 0.0396503 0.0375242 0.034463 0.0308814 0.0271382 0.0234878 0.0200741 0.0169536 0.0141329 0.0116009
 1.04127e-16 2.04605e-05 0.00012005 0.000570587 0.00219666 0.00684997 0.0173027 0.0354057 0.0586965 0.0788507 0.0858658 0.0758839 0.0546348 0.0325209 0.016973 0.00950941 0.00801705 0.00995794 0.0137435 0.0185828 0.023976 0.029422 0.0343642 0.0382634 0.0407076 0.0414994 0.0406903 0.0385471 0.0354675 0.0318763 0.0281365 0.0245 0.0211027 0.0179906 0.0151602 0.0125935
 1.03339e-16 2.59884e-05 0.000152512 0.000724934 0.00279097 0.00870332 0.021984 0.0449833 0.0745686 0.100155 0.10902 0.0962378 0.0690521 0.0406266 0.0203301 0.0100042 0.00687597 0.00765485 0.0103078 0.0138933 0.0179325 0.022029 0.0257654 0.0287404 0.0306455 0.0313305 0.0308282 0.0293298 0.0271236 0.0245183 0.0217782 0.0190875 0.0165464 0.0141913 0.0120241 0.0100373
 1.02825e-16 2.30048e-05 0.000134987 0.000641598 0.00247007 0.00770259 0.0194564 0.0398122 0.0660004 0.0886582 0.0965346 0.0852856 0.0613451 0.0363966 0.0187768 0.0101684 0.00816841 0.00989774 0.0135533 0.0182436 0.0234244 0.0285706 0.0331121 0.0365067 0.0383541 0.0384854 0.0369963 0.0342089 0.0305799 0.0265874 0.0226335 0.0189888 0.0157848 0.0130423 0.0107164 0.00873904
 1.03366e-16 2.10082e-05 0.000123265 0.000585867 0.00225549 0.00703343 0.0177662 0.0363539 0.0602684 0.0809622 0.0881647 0.0779143 0.056094 0.0333838 0.0174127 0.0097376 0.00818638 0.0101496 0.0139919 0.0188958 0.0243429 0.0298132 0.0347313 0.0385418 0.040823 0.0413786 0.0402722 0.0377934 0.0343696 0.0304573 0.0264486 0.0226177 0.0191134 0.0159844 0.0132209 0.0107911
pSPR Fmed_Fpbrs
0.561925   0.25793 0.25793
Fs Fmed_Fpbrs
0.324321   1.005 1.005
SSBpbr Bo_Bmed_Bpbrs
943752  483130  196235 196235
Ro
38404.3
SPR SPRFo_SPRFmed_SPRFpbrs
792900 445550 204513
log_Ro
10.3759
likeval ReclasPelacesDesembMPH_pf_preclas_ppelaces_ptallas_desvR_qrecl_qpela
 103.747 76.3387 0.00381097 0.000706692 282.575 158.684 71.5666 0 12.7179 0 0 0 0 0 0
q_reclas_q_pelaces
1 1
M
0.7
N
 41851.3 19436.6 7318.35 872.266 0.252307
 44279 17905.5 7164.45 2697.59 321.615
 22890.3 18742 6459.94 2584.79 1089.27
 26234.9 8055.26 4673.88 1610.98 916.236
 52708.4 11956 3368.96 1954.76 1056.96
 39876.4 25720.5 5733.11 1615.48 1444.18
 78901.9 15976.1 8313.72 1853.13 988.983
 87408.8 34695.9 6220.99 3237.31 1106.7
 130680 35318.2 11407 2045.28 1428.19
 139487 53632.1 11979.4 3869.08 1178.14
 72964.8 60767.1 20497.5 4578.37 1928.99
 40910.1 27810.4 17777.1 5996.44 1903.69
 46144.3 15840.4 8396.21 5367.07 2385.13
 28268.4 15807.1 3743.16 1984.07 1831.88
 20017.4 7294.22 2119.4 501.88 511.639
 16915.8 5715.02 1197.31 347.889 166.364
 14454.8 6623.43 1764.44 369.655 158.769
 15358.1 5981.48 2283.93 608.427 182.215
 16288.4 6703.23 2294.6 876.158 303.304
 30038.7 7195.37 2634.15 901.706 463.491
 37900.2 13340.3 2857.76 1046.2 542.21
 45011.6 17837.2 5950.3 1274.68 708.495
pred_Ctot
 4202.82 3664.67 1379.84 164.461 0.0475712
 4744.9 3586.83 1435.18 540.381 64.426
 4891.87 6977.21 2404.89 962.256 405.508
 1560.07 923.157 535.641 184.623 105.003
 657.737 296.105 83.4366 48.4122 26.177
 5609.72 6617.9 1475.13 415.664 371.588
 6541.87 2515.05 1308.79 291.731 155.691
 11852.7 8633.8 1548.04 805.577 275.394
 16489.8 8228.8 2657.73 476.53 332.753
 12403.3 9020.28 2014.79 650.732 198.15
 12385.3 18507 6242.65 1394.37 587.484
 6574.2 8066.8 5156.5 1739.36 552.194
 10514.8 6227.35 3300.82 2109.97 937.669
 10136.1 8919.21 2112.09 1119.52 1033.65
 6315.41 3735.08 1085.26 256.993 261.99
 2608.46 1597.57 334.694 97.2483 46.5052
 1751.18 1486.48 395.99 82.9609 35.6322
 1347.26 993.222 379.246 101.029 30.2567
 1302.31 1019.54 349.001 133.26 46.1314
 2297.91 1049.41 384.178 131.509 67.5977
 1428.78 982.572 210.487 77.0573 39.9363
 2269.3 1743.02 581.456 124.56 69.2332
F
 0.149014 0.298028 0.298028 0.298028 0.298028
 0.159745 0.319489 0.319489 0.319489 0.319489
 0.344388 0.688777 0.688777 0.688777 0.688777
 0.0858605 0.171721 0.171721 0.171721 0.171721
 0.0174863 0.0349725 0.0349725 0.0349725 0.0349725
 0.21469 0.42938 0.42938 0.42938 0.42938
 0.121583 0.243166 0.243166 0.243166 0.243166
 0.206196 0.412393 0.412393 0.412393 0.412393
 0.190607 0.381213 0.381213 0.381213 0.381213
 0.130922 0.261844 0.261844 0.261844 0.261844
 0.264569 0.529138 0.529138 0.529138 0.529138
 0.248814 0.497628 0.497628 0.497628 0.497628
 0.371316 0.742632 0.742632 0.742632 0.742632
 0.654662 1.30932 1.30932 1.30932 1.30932
 0.553502 1.107 1.107 1.107 1.107
 0.237631 0.475262 0.475262 0.475262 0.475262
 0.182357 0.364714 0.364714 0.364714 0.364714
 0.129054 0.258108 0.258108 0.258108 0.258108
 0.117014 0.234027 0.234027 0.234027 0.234027
 0.1117 0.2234 0.2234 0.2234 0.2234
 0.0536724 0.107345 0.107345 0.107345 0.107345
 0.0723673 0.144735 0.144735 0.144735 0.144735
nmprior
 10 10 8 0
nm_flota  nm_reclas  nm_pelaces    nm_pelaL
inf 11.1021 15.4474 15.4474
cv_recla  cv_pelaces  cv_mph
0.991394 1.11767 0.862488
 ------------------------------------------------
Talla a la edad & desviación 
 7.2 14.2025 17.0495 18.207 18.6776
 1.08 2.13037 2.55742 2.73105 2.80164
