years
 1997 1998 1999 2000 2001 2002 2003 2004 2005 2006 2007 2008 2009 2010 2011 2012 2013 2014 2015 2016 2017
reclasobs
 0 0 0 370054 412103 1.49427e+06 250295 1.28982e+06 931140 785840 897777 1.04006e+06 184774 17550 25797 100020 73551 82996 120727 218422 84188
reclaspred
 3.47347e+06 597933 1.69457e+06 1.06464e+06 1.00857e+06 1.08118e+06 1.7888e+06 932187 783509 578335 385473 275901 230195 212358 384376 629371 863739 1.3017e+06 1.36804e+06 1.47512e+06 1.52375e+06
pelacesobs
 0 0 0 0 0 0 0 0 0 2.06254e+06 1.5e+06 0 1.87456e+06 323000 250000 174000 83755 137374 0 501740 490994
pelacespred
 1.90468e+06 736098 685306 786567 638515 561666 863381 648650 432789 324076 161546 125987 105267 89140.9 191115 336000 486992 712510 816899 854535 934909
mphobs
 0 0 0 0 0 112323 0 153150 637223 0 255016 313432 73983 77613 109348 50772 0 0 0 0 0
mphpred
 2.56862e+06 1.24101e+06 956200 1.17545e+06 918508 965746 1.22119e+06 1.13751e+06 761991 580832 432811 255878 210948 181614 236004 475274 659817 1.00457e+06 1.22903e+06 1.27343e+06 1.35392e+06
desembarqueobs
 350755 77701 442110 56441 14545 235359 269955 359681 431902 328805 639364 411747 362871 311530 167758 66681 60226 58785 57116 71774 51957
desembarquepred
 350795 77713.8 442313 56446.8 14545.1 235327 269812 358728 429822 326829 632619 410480 362621 312853 168150 66732.3 60260.7 58803.5 57129 71790.3 51960.8
Reclutas
 63430.2 63430.2 63430.2 63430.2 63430.2 63430.2 63430.2 63430.2 63430.2 63430.2 63430.2 63430.2 63430.2 63430.2 63430.2 63430.2 63430.2 63430.2 63430.2 63430.2 63430.2
log_desv_Rt
 0 0 0 0 0 0 0 0 0 0 0 0 0 0 0 0 0 0 0 0 0
SSB
 2.56862e+06 1.24101e+06 956200 1.17545e+06 918508 965746 1.22119e+06 1.13751e+06 761991 580832 432811 255878 210948 181614 236004 475274 659817 1.00457e+06 1.22903e+06 1.27343e+06 1.35392e+06
BT
 4.64937e+06 1.51563e+06 1.92775e+06 1.65108e+06 1.32211e+06 1.28234e+06 2.14751e+06 1.78356e+06 1.39769e+06 1.05306e+06 981472 733310 641765 516528 661117 793994 1.1431e+06 1.56732e+06 1.67603e+06 1.78821e+06 1.97481e+06
Ftot
 0.098398 0.126428 0.251872 0.051805 0.0141206 0.210515 0.146551 0.368353 0.519148 0.534461 1.41951 1.31888 1.3918 1.31228 0.41919 0.103318 0.0681206 0.0441604 0.0408271 0.0475627 0.0333533
BD_Bspro_t
 0.98507 0.900654 0.832072 0.73541 0.789403 0.836576 0.767923 0.730918 0.609877 0.494305 0.393128 0.223827 0.190492 0.179808 0.225412 0.395972 0.559122 0.734375 0.81912 0.86341 0.887838
BD_Bspro
 1.96024 0.947074 0.729723 0.897041 0.700958 0.737008 0.931948 0.868086 0.581513 0.443261 0.330299 0.195273 0.160985 0.138599 0.180106 0.362705 0.503539 0.766636 0.937933 0.971817 1.03324
BD_Bo
 1.88805 0.912195 0.702848 0.864005 0.675143 0.709866 0.897627 0.836116 0.560097 0.426937 0.318135 0.188082 0.155056 0.133494 0.173474 0.349347 0.484994 0.738402 0.903391 0.936027 0.99519
BD_Brms
 9.03799 4.36662 3.36449 4.13594 3.23187 3.39809 4.29689 4.00244 2.68115 2.04372 1.52289 0.900336 0.742244 0.639029 0.830408 1.67231 2.32164 3.53469 4.32448 4.48071 4.76392
S_f
 0.5 1 1 1 1
 0.5 1 1 1 1
 0.5 1 1 1 1
 0.5 1 1 1 1
 0.5 1 1 1 1
 0.5 1 1 1 1
 0.5 1 1 1 1
 0.5 1 1 1 1
 0.5 1 1 1 1
 0.5 1 1 1 1
 0.5 1 1 1 1
 0.5 1 1 1 1
 0.5 1 1 1 1
 0.5 1 1 1 1
 0.5 1 1 1 1
 0.5 1 1 1 1
 0.5 1 1 1 1
 0.5 1 1 1 1
 0.5 1 1 1 1
 0.5 1 1 1 1
 0.5 1 1 1 1
Scru_reclas
 0.5 1 1 1 1
 0.5 1 1 1 1
 0.5 1 1 1 1
 0.5 1 1 1 1
 0.5 1 1 1 1
 0.5 1 1 1 1
 0.5 1 1 1 1
 0.5 1 1 1 1
 0.5 1 1 1 1
 0.5 1 1 1 1
 0.5 1 1 1 1
 0.5 1 1 1 1
 0.5 1 1 1 1
 0.5 1 1 1 1
 0.5 1 1 1 1
 0.5 1 1 1 1
 0.5 1 1 1 1
 0.5 1 1 1 1
 0.5 1 1 1 1
 0.5 1 1 1 1
 0.5 1 1 1 1
Scru_pelaces
 0.5 1 1 1 1
 0.5 1 1 1 1
 0.5 1 1 1 1
 0.5 1 1 1 1
 0.5 1 1 1 1
 0.5 1 1 1 1
 0.5 1 1 1 1
 0.5 1 1 1 1
 0.5 1 1 1 1
 0.5 1 1 1 1
 0.5 1 1 1 1
 0.5 1 1 1 1
 0.5 1 1 1 1
 0.5 1 1 1 1
 0.5 1 1 1 1
 0.5 1 1 1 1
 0.5 1 1 1 1
 0.5 1 1 1 1
 0.5 1 1 1 1
 0.5 1 1 1 1
 0.5 1 1 1 1
pf_obs 
 0.256992 0.487395 0.22802 0.0275931 0
 0.321318 0.546541 0.124235 0.00734118 0.000564706
 0.182869 0.594174 0.210203 0.0122559 0.00049798
 0.330522 0.361315 0.267642 0.0388342 0.00168674
 0.649043 0.306663 0.0425973 0.00169635 0
 0.582887 0.30429 0.105238 0.00758474 0
 0.465427 0.430635 0.0974691 0.00646863 0
 0.296916 0.608066 0.0921331 0.00288517 0
 0.311714 0.524322 0.152257 0.0117073 0
 0.15457 0.633149 0.183074 0.0267441 0.00246327
 0.131901 0.49318 0.331252 0.0422183 0.00144891
 0.196976 0.569456 0.194076 0.0375587 0.00193317
 0.518974 0.381816 0.0799577 0.0180837 0.00116848
 0.0928022 0.601141 0.25162 0.0475244 0.00691264
 0.122501 0.610282 0.24278 0.0234846 0.000952079
 0.383417 0.481906 0.127806 0.00687128 0
 0.0376549 0.599619 0.316969 0.0457579 0
 0.0361596 0.667082 0.258105 0.0386534 0
 0.158088 0.579412 0.248529 0.0139706 0
 0.0477256 0.309471 0.559284 0.082774 0.000745712
 0.0406174 0.521527 0.379366 0.0568643 0.0016247
pf_pred 
 0.30195 0.351409 0.174504 0.0866563 0.0854807
 0.338515 0.311393 0.176242 0.0875189 0.0863316
 0.368126 0.325251 0.144342 0.0816945 0.0805862
 0.39108 0.338577 0.139157 0.0617558 0.0694308
 0.369684 0.356658 0.152161 0.062539 0.0589571
 0.364562 0.343638 0.165112 0.0704419 0.0562457
 0.388085 0.336087 0.149165 0.0716712 0.0549919
 0.399933 0.341664 0.141925 0.0629901 0.053488
 0.445809 0.33102 0.127069 0.0527833 0.0433194
 0.487129 0.334459 0.106566 0.0409075 0.0309385
 0.539539 0.317637 0.0931401 0.0296765 0.0200077
 0.672161 0.25794 0.0482183 0.014139 0.00754221
 0.683347 0.272857 0.0344584 0.00644153 0.00289641
 0.690915 0.269096 0.0344576 0.00435156 0.00117924
 0.648564 0.306245 0.039344 0.00503797 0.000808646
 0.50601 0.398454 0.0832507 0.0106954 0.00158936
 0.421988 0.392111 0.149949 0.0313294 0.00462307
 0.386195 0.367134 0.167337 0.0639917 0.015343
 0.367848 0.354165 0.166272 0.0757852 0.0359299
 0.359578 0.346271 0.164799 0.077369 0.051983
 0.356035 0.342768 0.162855 0.0775068 0.0608356
pobs_RECLAS
 0 0 0 0 0
 0 0 0 0 0
 0 0 0 0 0
 0 0 0 0 0
 0.835266 0.146461 0.0176864 0.000547809 3.91292e-05
 0.385257 0.428462 0.181853 0.0044286 0
 0.867414 0.0963971 0.0333333 0.00285562 0
 0.441836 0.489002 0.0689373 0.000224442 0
 0.779404 0.147425 0.0564933 0.0165055 0.000172143
 0.814271 0.122319 0.05973 0.00367925 0
 0.40263 0.566651 0.0304383 0.000280538 0
 0.475488 0.404961 0.113038 0.00651328 0
 0.955842 0.0263864 0.0167828 0.000988607 0
 0.975058 0.0227948 0.00214734 0 0
 0.738997 0.206755 0.0527124 0.00153531 0
 0.850938 0.134255 0.0134407 0.00136685 0
 0.542534 0.407297 0.0501686 0 0
 0.764087 0.199537 0.0359546 0.000420521 0
 0.470689 0.182191 0.310203 0.0369168 0
 0.84361 0.089868 0.0606195 0.00523954 0.000663233
 0.607945 0.314616 0.071237 0.00620181 0
ppred_RECLAS
 0.302612 0.351075 0.174339 0.0865741 0.0853996
 0.339444 0.310955 0.175994 0.0873961 0.0862105
 0.37027 0.324148 0.143852 0.0814172 0.0803127
 0.391456 0.338368 0.139071 0.0617177 0.0693879
 0.369781 0.356604 0.152138 0.0625294 0.0589481
 0.366286 0.342706 0.164664 0.0702508 0.0560931
 0.389248 0.335448 0.148881 0.071535 0.0548875
 0.403478 0.339646 0.141086 0.062618 0.0531721
 0.451524 0.327606 0.125758 0.0522389 0.0428727
 0.493133 0.330543 0.105318 0.0404285 0.0305763
 0.564057 0.300724 0.0881808 0.0280963 0.0189423
 0.69137 0.242826 0.0453931 0.0133105 0.0071003
 0.703784 0.255246 0.0322344 0.00602578 0.00270947
 0.70936 0.253038 0.0324013 0.00409187 0.00110886
 0.652524 0.302795 0.0389007 0.00498121 0.000799535
 0.506838 0.397786 0.0831111 0.0106775 0.0015867
 0.422503 0.391762 0.149815 0.0313014 0.00461895
 0.386512 0.366944 0.16725 0.0639586 0.0153351
 0.368135 0.354004 0.166196 0.0757508 0.0359137
 0.359911 0.346091 0.164713 0.0773288 0.0519559
 0.356264 0.342646 0.162797 0.0774792 0.060814
pobs_PELACES
 0 0 0 0 0
 0 0 0 0 0
 0 0 0 0 0
 0 0 0 0 0
 0 0 0 0 0
 0 0 0 0 0
 0 0 0 0 0
 0 0 0 0 0
 0 0 0 0 0
 0 0 0 0 0
 0.450072 0.473896 0.0757376 0.000293798 0
 0 0 0 0 0
 0.463077 0.371075 0.160297 0.00555027 0
 0.529543 0.364841 0.0842815 0.0213345 0
 0.631943 0.363953 0.00410389 0 0
 0.735681 0.248677 0.0153453 0.000297389 0
 0.695825 0.281241 0.0229344 0 0
 0.275771 0.60734 0.115278 0.00161068 0
 0 0 0 0 0
 0.896147 0.0623911 0.0374545 0.00400742 0
 0.803859 0.145111 0.0509908 3.86294e-05 0
ppred_PELACES
 0.30605 0.349345 0.173479 0.0861474 0.0849787
 0.344137 0.308746 0.174744 0.0867752 0.085598
 0.380012 0.319133 0.141627 0.0801578 0.0790703
 0.393494 0.337234 0.138605 0.061511 0.0691555
 0.370324 0.356296 0.152007 0.0624755 0.0588973
 0.374385 0.338326 0.16256 0.0693529 0.0553762
 0.395012 0.332283 0.147476 0.0708599 0.0543695
 0.418188 0.331271 0.137607 0.0610739 0.0518608
 0.472813 0.31489 0.120877 0.0502113 0.0412086
 0.515175 0.316169 0.100739 0.0386705 0.0292467
 0.620545 0.261757 0.0767545 0.0244557 0.0164878
 0.735779 0.207885 0.0388614 0.0113952 0.00607862
 0.749328 0.216002 0.0272783 0.00509931 0.00229288
 0.751906 0.215996 0.0276581 0.00349287 0.000946539
 0.668036 0.289277 0.037164 0.00475883 0.00076384
 0.511099 0.39435 0.0823931 0.0105852 0.00157299
 0.425248 0.3899 0.149103 0.0311527 0.00459699
 0.388241 0.36591 0.166779 0.0637783 0.0152918
 0.369703 0.353126 0.165784 0.0755628 0.0358245
 0.361721 0.345112 0.164248 0.0771101 0.051809
 0.357527 0.341974 0.162477 0.0773272 0.0606947
pobs_pel_tallas
 0 0 0 0 0 0 0 0 0 0 0 0 0 0 0 0 0 0 0 0 0 0 0 0 0 0 0 0 0 0 0 0 0 0 0 0
 0 0 0 0 0 0 0 0 0 0 0 0 0 0 0 0 0 0 0 0 0 0 0 0 0 0 0 0 0 0 0 0 0 0 0 0
 0 0 0 0 0 0 0 0 0 0 0 0 0 0 0 0 0 0 0 0 0 0 0 0 0 0 0 0 0 0 0 0 0 0 0 0
 0 0 0 0 0 0 0 0 0 0 0 0 0 0 0 0 0 0 0 0 0 0 0 0 0 0 0 0 0 0 0 0 0 0 0 0
 0 0 0 0 0 0 0 0 0 0 0 0 0 0 0 0 0 0 0 0 0 0 0 0 0 0 0 0 0 0 0 0 0 0 0 0
 0 0 0 0 0 0 0 0 0 0 0 0 0 0 0 0 0 0 0 0 0 0 0 0 0 0 0 0 0 0 0 0 0 0 0 0
 0 0 0 0 0 0 0 0 0 0 0 0 0 0 0 0 0 0 0 0 0 0 0 0 0 0 0 0 0 0 0 0 0 0 0 0
 0 0 0 0 0 0 0 0 0 0 0 0 0 0 0 0 0 0 0 0 0 0 0 0 0 0 0 0 0 0 0 0 0 0 0 0
 0 0 0 0 0 0 0 0 0 0 0 0 0 0 0 0 0 0 0 0 0 0 0 0 0 0 0 0 0 0 0 0 0 0 0 0
 0 0 0 0 0 0 0 0 0 0 0 0 0 0 0 0 0 0 0 0 0 0 0 0 0 0 0 0 0 0 0 0 0 0 0 0
 0 0 0 0 0 0 0 0 1.78061e-05 0.00172719 0.00360574 0.0105946 0.0120993 0.0124554 0.0147524 0.0171206 0.0266825 0.0428682 0.0675386 0.121331 0.153587 0.119568 0.100827 0.0573624 0.0630603 0.0341343 0.0324427 0.0444173 0.0211091 0.0280891 0.0125444 0.00206551 0 0 0 0
 0 0 0 0 0 0 0 0 0 0 0 0 0 0 0 0 0 0 0 0 0 0 0 0 0 0 0 0 0 0 0 0 0 0 0 0
 0 0 0 0 0 0 0.0133647 0.0140871 0.0187388 0.0205184 0.03894 0.0496705 0.03968 0.0493445 0.0407372 0.0367815 0.0215668 0.0243155 0.0234873 0.0199281 0.019796 0.0243948 0.0301388 0.0376714 0.0412746 0.0863199 0.0771752 0.113111 0.0741005 0.0525337 0.0229764 0.00759418 0.00175318 0 0 0
 0 0 0 0 0 0 0 0 0 0 0.00219441 0.00772107 0.0458388 0.0604681 0.0671733 0.0775358 0.0609151 0.0617685 0.073594 0.0568108 0.0755445 0.0548602 0.0670107 0.0636378 0.0643287 0.046367 0.0373049 0.0286899 0.0247887 0.0153202 0.00654259 0.00121912 0.000365735 0 0 0
 0 0 0 0 0 0 0 0 0 0 0 0 0.000112435 0.00938835 0.0111873 0.0202946 0.0414886 0.0713402 0.111592 0.104902 0.108894 0.110636 0.117776 0.105296 0.107544 0.0401394 0.0192827 0.0124803 0.00416011 0.0028671 0.000618394 0 0 0 0 0
 0 0 0 0 0 0 0 0 0 0 0.00291406 0.0102884 0.027416 0.0768956 0.0749926 0.110853 0.0956884 0.0897413 0.0766577 0.0534642 0.0500743 0.0551293 0.0594112 0.0620874 0.0668451 0.0424026 0.0208742 0.0120726 0.0048766 0.00582813 0.00118941 0.000297354 0 0 0 0
 0 0.00264628 0.0354308 0.0461629 0.0458689 0.0383711 0.0214643 0.0164657 0.0346957 0.0420465 0.0363128 0.0245516 0.0311673 0.0291091 0.0169068 0.0133784 0.00837989 0.0085269 0.0148486 0.0160247 0.0276389 0.0546898 0.0760071 0.122758 0.109233 0.0665981 0.0333725 0.0166128 0.00676272 0.00308733 0.000882094 0 0 0 0 0
 0 0 0 0 0 0 0 0.000805153 0.000690131 0.00759144 0.0133425 0.0154129 0.00931677 0.000345066 0.00356568 0.00563607 0.00851162 0.0253048 0.0502646 0.0516448 0.0657925 0.0565908 0.0611916 0.0827007 0.0866115 0.110766 0.145733 0.0935128 0.0569358 0.0249597 0.0138026 0.00621118 0.00161031 0.00115022 0 0
 0 0 0 0 0 0 0 0 0 0 0 0 0 0 0 0 0 0 0 0 0 0 0 0 0 0 0 0 0 0 0 0 0 0 0 0
 0.00147267 0.00158595 0.00478618 0.00569244 0.00954404 0.0108468 0.00647125 0.017049 0.0510054 0.094081 0.124002 0.0959785 0.0687766 0.0820023 0.061753 0.0591476 0.0492212 0.0479892 0.0443925 0.0268479 0.0217502 0.0140895 0.0121071 0.0120363 0.00920419 0.00665534 0.0049561 0.00860946 0.00930331 0.0156896 0.0114698 0.00855282 0.00243557 0.00046729 0 2.83206e-05
 0 0 0 0 0.000772559 0.00158375 0.000888443 0.00281984 0.00712685 0.0440552 0.0773331 0.111326 0.0921469 0.0852325 0.0710754 0.0886704 0.0786465 0.0553345 0.0373146 0.0185414 0.00753245 0.00457741 0.012979 0.0271748 0.0457355 0.0583668 0.034881 0.0177882 0.00938659 0.00492506 0.0015258 0.00185414 0.000309023 5.79419e-05 3.86279e-05 0
ppred_pel_tallas
 1.09508e-16 1.33721e-05 7.84352e-05 0.000372745 0.00143492 0.00447452 0.0113026 0.023129 0.0383479 0.0515277 0.0561451 0.0496971 0.0359529 0.0217472 0.011989 0.00773913 0.0076918 0.0102553 0.0144306 0.0196935 0.0256519 0.0318547 0.0377732 0.0428771 0.0467391 0.049118 0.0499915 0.0495255 0.0480002 0.0457186 0.042934 0.0398161 0.0364577 0.032906 0.0292027 0.025411
 1.09563e-16 1.50313e-05 8.81795e-05 0.000419079 0.00161333 0.0050309 0.0127079 0.026004 0.0431122 0.0579216 0.0630912 0.0557961 0.0402581 0.0241372 0.0129202 0.00776019 0.00714934 0.00926836 0.0129877 0.0177473 0.023177 0.0288785 0.0343878 0.0392358 0.0430371 0.0455632 0.0467706 0.0467768 0.0457968 0.0440671 0.0417866 0.0390892 0.0360527 0.0327271 0.0291681 0.0254579
 1.08564e-16 1.6596e-05 9.73647e-05 0.000462745 0.00178146 0.00555517 0.0140322 0.0287137 0.0476036 0.0639532 0.0696541 0.0615833 0.0443967 0.026544 0.0140712 0.00823507 0.00735164 0.00939283 0.0130956 0.0178331 0.0231991 0.0287693 0.0340587 0.0385855 0.0419659 0.0439896 0.0446484 0.0441078 0.0426361 0.0405195 0.0379938 0.0352128 0.0322539 0.0291487 0.0259215 0.0226157
 1.07423e-16 1.71846e-05 0.000100819 0.000479163 0.00184466 0.00575228 0.0145301 0.0297325 0.0492928 0.0662229 0.072127 0.0637718 0.0459788 0.0274986 0.0145921 0.0085611 0.00766077 0.00978755 0.0136266 0.0185174 0.0240242 0.0296891 0.0349923 0.0394216 0.0425748 0.0442414 0.0444337 0.0433556 0.0413254 0.0386827 0.035711 0.0325993 0.0294449 0.0262831 0.0231272 0.0199996
 1.07173e-16 1.61751e-05 9.48904e-05 0.000450974 0.00173612 0.00541379 0.0136751 0.0279833 0.0463942 0.0623324 0.0678994 0.0600572 0.0433516 0.0260293 0.013999 0.00850453 0.00792332 0.0102904 0.0143726 0.0195358 0.0253375 0.0312961 0.03686 0.0414846 0.044742 0.0464075 0.0464942 0.0452196 0.0429258 0.03998 0.036693 0.0332767 0.0298457 0.0264469 0.0231002 0.0198302
 1.07389e-16 1.63515e-05 9.59276e-05 0.000455908 0.00175512 0.00547305 0.0138248 0.0282895 0.0469011 0.0630116 0.0686344 0.0606958 0.0437874 0.026241 0.0140222 0.0083806 0.00766789 0.0098936 0.0138136 0.0187995 0.0244271 0.0302418 0.0357214 0.0403472 0.0437055 0.0455703 0.0459356 0.0449866 0.0430253 0.0403802 0.0373315 0.0340739 0.030718 0.027319 0.023913 0.0205442
 1.07177e-16 1.72506e-05 0.000101207 0.000481008 0.00185177 0.00577443 0.014586 0.029847 0.0494824 0.0664772 0.0724026 0.0640124 0.0461457 0.0275853 0.0146144 0.00853782 0.00760227 0.0096955 0.013499 0.0183536 0.0238287 0.0294734 0.0347747 0.0392249 0.0424227 0.0441528 0.044418 0.0434094 0.0414322 0.0388152 0.0358364 0.0326855 0.0294661 0.0262241 0.0229854 0.0197838
 1.06584e-16 1.82612e-05 0.00010714 0.000509213 0.00196037 0.00611309 0.0154414 0.0315972 0.0523834 0.0703723 0.0766393 0.0677447 0.0488068 0.0291167 0.0153169 0.00877657 0.00762683 0.00962005 0.0133535 0.0181306 0.0235062 0.0290245 0.0341708 0.0384392 0.0414328 0.0429448 0.0429896 0.0417724 0.039614 0.0368581 0.0337952 0.0306227 0.0274464 0.0243083 0.0212247 0.0182159
 1.0547e-16 2.06424e-05 0.000121121 0.000575687 0.00221631 0.00691125 0.0174575 0.0357221 0.0592199 0.0795506 0.0866193 0.0765292 0.0550547 0.0326812 0.0168931 0.00920706 0.00747732 0.00913547 0.0125834 0.0170451 0.0220588 0.0271781 0.0319089 0.0357694 0.0383856 0.039569 0.0393458 0.0379279 0.0356392 0.0328257 0.0297799 0.0267014 0.0236958 0.0208011 0.0180238 0.015369
 1.04229e-16 2.24896e-05 0.000131966 0.000627243 0.00241482 0.00753028 0.0190211 0.0389214 0.0645227 0.0866709 0.0943646 0.083354 0.0599242 0.0354908 0.0181954 0.00967393 0.00757016 0.00906876 0.0124172 0.0167689 0.0216325 0.026547 0.0310105 0.0345388 0.0367637 0.037511 0.0368308 0.0349661 0.0322755 0.029139 0.0258776 0.0227095 0.0197468 0.0170204 0.014519 0.0122212
 1.02786e-16 2.7082e-05 0.000158932 0.000755456 0.00290849 0.00906979 0.0229097 0.0468773 0.077708 0.104371 0.113606 0.100279 0.0719358 0.0422915 0.0211036 0.0102846 0.00693649 0.00762228 0.0102168 0.0137354 0.0176807 0.0216462 0.0252095 0.0279682 0.0296193 0.0300246 0.0292354 0.0274663 0.0250301 0.0222578 0.0194298 0.0167382 0.0142813 0.0120849 0.0101333 0.00839783
 1.01296e-16 3.21046e-05 0.000188424 0.000895675 0.00344838 0.0107534 0.0271624 0.0555782 0.0921281 0.123729 0.13465 0.118792 0.0850806 0.049745 0.0243124 0.0109989 0.0063157 0.00614561 0.00795409 0.0106015 0.0135768 0.016525 0.0191023 0.02099 0.0219552 0.0219034 0.0208978 0.0191357 0.0168948 0.0144647 0.012089 0.0099317 0.00807145 0.0065184 0.00524084 0.004191
 1.00741e-16 3.26956e-05 0.000191894 0.000912167 0.00351188 0.0109515 0.0276626 0.0566016 0.0938247 0.126008 0.137131 0.120982 0.0866513 0.0506683 0.0247724 0.0112204 0.00645847 0.00629138 0.00813348 0.0108173 0.0138134 0.0167501 0.019268 0.0210365 0.0218185 0.0215253 0.0202363 0.0181738 0.0156448 0.0129677 0.0104095 0.00814842 0.0062674 0.00477105 0.00361464 0.00273282
 1.00628e-16 3.28081e-05 0.000192554 0.000915306 0.00352396 0.0109891 0.0277578 0.0567964 0.0941475 0.126441 0.137602 0.121397 0.0869478 0.0508394 0.0248519 0.0112492 0.00646493 0.00628879 0.00812594 0.0108047 0.013794 0.0167214 0.0192267 0.0209789 0.0217408 0.0214238 0.0201078 0.0180164 0.0154582 0.0127535 0.0101715 0.00789259 0.00600132 0.00450332 0.00335401 0.00248735
 1.00822e-16 2.9154e-05 0.000171094 0.000813268 0.00313107 0.0097639 0.024663 0.0504648 0.083655 0.112358 0.1223 0.107953 0.07744 0.0455251 0.022711 0.0110528 0.00742445 0.00811495 0.0108204 0.0144596 0.0184714 0.0223924 0.0257468 0.028092 0.0291105 0.0286834 0.0269178 0.0241133 0.020683 0.0170565 0.0135945 0.0105388 0.00800311 0.00599512 0.00445534 0.00329537
 1.01736e-16 2.23151e-05 0.000130934 0.000622322 0.00239584 0.00747108 0.0188717 0.0386162 0.064019 0.0860011 0.0936531 0.0827677 0.0595947 0.0354797 0.0185268 0.0103894 0.00875658 0.0108483 0.0149126 0.0200591 0.0257083 0.0312763 0.036124 0.0396449 0.041394 0.0411893 0.0391499 0.0356532 0.0312322 0.0264466 0.0217719 0.0175335 0.0138946 0.0108855 0.00845235 0.00650503
 1.03529e-16 1.85716e-05 0.000108956 0.000517836 0.00199354 0.00621654 0.0157028 0.0321325 0.0532723 0.0715709 0.0779563 0.0689366 0.0497261 0.0297861 0.015889 0.00944685 0.00857668 0.0110008 0.0152825 0.0206778 0.0266696 0.0327048 0.0381595 0.0424266 0.0450403 0.0457756 0.0446882 0.0420778 0.0383964 0.0341319 0.0297085 0.0254295 0.0214679 0.017893 0.0147117 0.011906
 1.05393e-16 1.69569e-05 9.9479e-05 0.000472786 0.0018201 0.00567566 0.0143366 0.0293369 0.0486379 0.0653461 0.0711801 0.0629539 0.0454311 0.027255 0.0146162 0.00881405 0.00814167 0.0105335 0.0146918 0.0199489 0.02584 0.0318615 0.0374375 0.0419997 0.0451012 0.0465075 0.0462339 0.0445137 0.0417163 0.038245 0.0344513 0.0305874 0.0268031 0.0231715 0.0197268 0.0164948
 1.06739e-16 1.6148e-05 9.47312e-05 0.000450217 0.00173321 0.00540471 0.0136522 0.0279364 0.0463163 0.0622276 0.067785 0.0599554 0.0432767 0.0259817 0.0139688 0.00848005 0.00789584 0.0102558 0.0143308 0.0194911 0.0252988 0.0312768 0.0368764 0.0415537 0.0448766 0.0466124 0.0467617 0.0455285 0.0432426 0.0402629 0.0368986 0.0333678 0.0297972 0.0262502 0.0227642 0.0193791
 1.07515e-16 1.57996e-05 9.26865e-05 0.000440499 0.00169579 0.00528803 0.0133574 0.0273333 0.0453164 0.0608843 0.066322 0.0586619 0.0423442 0.0254244 0.0136741 0.00830961 0.00774785 0.0100731 0.0140861 0.0191749 0.0249157 0.030847 0.036437 0.0411564 0.0445838 0.0464883 0.0468641 0.0458996 0.0439024 0.0412071 0.0380989 0.0347757 0.0313502 0.0278786 0.024398 0.0209545
 1.07911e-16 1.56165e-05 9.16122e-05 0.000435392 0.00167613 0.00522672 0.0132026 0.0270164 0.0447911 0.0601787 0.0655536 0.0579831 0.041856 0.0251349 0.0135252 0.00822983 0.0076854 0.00999971 0.0139889 0.0190494 0.024764 0.0306776 0.0362651 0.041004 0.0444774 0.046456 0.0469317 0.046087 0.0442207 0.041657 0.0386703 0.0354488 0.032098 0.0286694 0.0251989 0.021734
pSPR Fmed_Fpbrs
0.709451   0.258902 0.258902
Fs Fmed_Fpbrs
0.179182   1.005 1.005
SSBpbr Bo_Bmed_Bpbrs
1.36046e+06  897159  284203 284203
Ro
63430.2
SPR SPRFo_SPRFmed_SPRFpbrs
1.31036e+06 929637 339254
log_Ro
10.8777
likeval ReclasPelacesDesembMPH_pf_preclas_ppelaces_ptallas_desvR_qrecl_qpela
 317.293 140.848 1.07113 0.000820865 278.999 159.135 72.7128 0 0 0 0 0 0 0 0
q_reclas_q_pelaces
1 1
M
0.7
N
 63430.2 37710.6 18726.5 9299.31 9173.16
 63430.2 29986.3 16971.6 8427.86 8313.52
 63430.2 29569 13122.3 7426.95 7326.19
 63430.2 27771.3 11414.2 5065.44 5694.97
 63430.2 30693.1 13094.6 5381.94 5073.69
 63430.2 31276.9 15028 6411.41 5119.32
 63430.2 28351.6 12583.2 6046.03 4639.01
 63430.2 29273 12159.8 5396.84 4582.72
 63430.2 26200.1 10057.4 4177.78 3428.72
 63430.2 24297.3 7741.66 2971.79 2247.58
 63430.2 24112 7070.32 2252.76 1518.79
 63430.2 15489.8 2895.62 849.076 452.926
 63430.2 16289.2 2057.12 384.551 172.912
 63430.2 15705.9 2011.13 253.981 68.8267
 63430.2 16343 2099.62 268.855 43.1539
 63430.2 25542.5 5336.71 685.619 101.885
 63430.2 29912.6 11439 2389.99 352.676
 63430.2 30443.7 13876 5306.36 1272.28
 63430.2 30810.6 14464.8 6592.95 3125.73
 63430.2 30862 14688 6895.66 4633.08
 63430.2 30758.3 14613.8 6955.07 5459.08
pred_Ctot
 2196.22 2555.96 1269.25 630.292 621.741
 2804.59 2579.87 1460.15 725.091 715.254
 5437.15 4803.9 2131.9 1206.61 1190.24
 1168.16 1011.34 415.665 184.466 207.391
 321.065 309.752 132.15 54.3142 51.2033
 4585.23 4322.06 2076.68 885.973 707.423
 3236.73 2803.05 1244.07 597.756 458.647
 7755.13 6625.25 2752.07 1221.45 1037.19
 10585.8 7860.14 3017.27 1253.35 1028.63
 10863 7458.45 2376.43 912.238 689.931
 24136.1 14209.4 4166.59 1327.57 895.035
 22867.2 8775.23 1640.41 481.014 256.59
 23792.1 9500.06 1199.74 224.275 100.844
 22782.2 8873.17 1136.2 143.488 38.8841
 8730.33 4122.38 529.61 67.8162 10.8852
 2303.56 1813.92 378.99 48.6896 7.2354
 1530.57 1422.21 543.871 113.633 16.7681
 997.462 948.23 432.195 165.277 39.6277
 922.847 888.519 417.137 190.128 90.14
 1073.5 1033.77 492 230.982 155.193
 755.154 727.016 345.417 164.393 129.033
F
 0.049199 0.098398 0.098398 0.098398 0.098398
 0.0632139 0.126428 0.126428 0.126428 0.126428
 0.125936 0.251872 0.251872 0.251872 0.251872
 0.0259025 0.051805 0.051805 0.051805 0.051805
 0.00706031 0.0141206 0.0141206 0.0141206 0.0141206
 0.105258 0.210515 0.210515 0.210515 0.210515
 0.0732753 0.146551 0.146551 0.146551 0.146551
 0.184176 0.368353 0.368353 0.368353 0.368353
 0.259574 0.519148 0.519148 0.519148 0.519148
 0.26723 0.534461 0.534461 0.534461 0.534461
 0.709756 1.41951 1.41951 1.41951 1.41951
 0.659439 1.31888 1.31888 1.31888 1.31888
 0.695902 1.3918 1.3918 1.3918 1.3918
 0.656141 1.31228 1.31228 1.31228 1.31228
 0.209595 0.41919 0.41919 0.41919 0.41919
 0.0516591 0.103318 0.103318 0.103318 0.103318
 0.0340603 0.0681206 0.0681206 0.0681206 0.0681206
 0.0220802 0.0441604 0.0441604 0.0441604 0.0441604
 0.0204135 0.0408271 0.0408271 0.0408271 0.0408271
 0.0237813 0.0475627 0.0475627 0.0475627 0.0475627
 0.0166766 0.0333533 0.0333533 0.0333533 0.0333533
nmprior
 10 10 8 0
nm_flota  nm_reclas  nm_pelaces    nm_pelaL
inf 6.5372 6.25463 6.25463
cv_recla  cv_pelaces  cv_mph
1.78127 1.59225 0.955025
 ------------------------------------------------
Talla a la edad & desviación 
 7.2 14.2025 17.0495 18.207 18.6776
 1.08 2.13037 2.55742 2.73105 2.80164
