    unsorted:	 1.184103566e-05 0.0009000146855 0.007220191523 0.08874399594 11.74953137 81.50336965 82.62153758 42.74938799 29.42691279 63.50784569 155.5284365 225.4989826 270.4662899 404.3335593 554.0107600 511.9820737 670.0410759 749.9619708 813.2488824 829.3008064 950.8507868 1074.269336 1246.366716 1440.203368 1678.732767 1771.004336 2079.302705 2301.642621 2685.620968 2829.381170 2987.801586 3471.827183 4006.742071 4255.814926 4468.640238 4670.079137 15131.37350 223164.3480 428204.5936 435712.4152 393542.3439 375489.3012 341301.0275 276014.7034 493953.7573 520954.1683 584241.8440 640163.6617 708438.7380 825829.0687 987278.4054 1147139.726 1280838.406 1488930.041 1686474.095 1989680.383 2124780.345 2365927.246 2636606.237 28247984.62
      sorted:	 1.184103566e-05 0.0009000146855 0.007220191523 0.08874399594 11.74953137 29.42691279 42.74938799 63.50784569 81.50336965 82.62153758 155.5284365 225.4989826 270.4662899 404.3335593 511.9820737 554.0107600 670.0410759 749.9619708 813.2488824 829.3008064 950.8507868 1074.269336 1246.366716 1440.203368 1678.732767 1771.004336 2079.302705 2301.642621 2685.620968 2829.381170 2987.801586 3471.827183 4006.742071 4255.814926 4468.640238 4670.079137 15131.37350 223164.3480 276014.7034 341301.0275 375489.3012 393542.3439 428204.5936 435712.4152 493953.7573 520954.1683 584241.8440 640163.6617 708438.7380 825829.0687 987278.4054 1147139.726 1280838.406 1488930.041 1686474.095 1989680.383 2124780.345 2365927.246 2636606.237 28247984.62
