years
 1997 1998 1999 2000 2001 2002 2003 2004 2005 2006 2007 2008 2009 2010 2011 2012 2013 2014 2015 2016 2017 2018 2019 2020 2021
reclasobs
 0 0 0 370054 412103 1.49427e+06 250295 1.28982e+06 931140 785840 897777 1.04006e+06 184774 17550 25797 100020 73551 82996 120727 218422 84188 347160 605670 569463 516374
reclaspred
 680367 173572 548571 316157 379254 473544 728079 626985 839909 854474 765382 501467 235743 49676.4 44764 72592.2 88592.3 113582 128122 149326 202101 239612 476193 498475 586093
pelacesobs
 0 0 0 0 0 0 0 0 0 2.06254e+06 1.5e+06 0 1.87456e+06 323000 250000 174000 83755 137374 0 501740 490994 745055 786931 1.00524e+06 0
pelacespred
 2.95972e+06 670059 1.06032e+06 994123 1.17438e+06 873719 2.3778e+06 2.31948e+06 2.61963e+06 2.59589e+06 1.82758e+06 1.20246e+06 648516 140243 174960 181859 220047 293135 307320 349877 652570 622844 898573 1.20295e+06 1.25843e+06
mphobs
 0 0 0 0 0 139.6 508 285.6 597.5 1994.3 429.4 149 492.4 188.9 43 81.3 247.2 469.2 244.7 0 0 0 0 0 0
mphpred
 587.459 335.424 383.266 385.006 343.903 495.161 556.808 730.893 859.121 909.242 911.289 614.5 339.745 115.866 48.715 73.5786 85.2593 105.685 127.156 141.433 175.83 240.065 361.108 475.047 593.527
desembarqueobs
 350755 77701 442110 56441 14545 235359 269955 359681 431902 328805 639364 411747 362871 311530 167758 66681 60226 58785 57116 71774 51957 67425 138520 160799 200461
desembarquepred
 350756 77697.7 442069 56443.5 14545.3 235526 270143 359439 431989 328884 639190 411666 363197 311862 167229 66660.2 60274.2 58786.6 57100.7 71785.8 51966.8 67396.6 138529 160832 200482
Reclutas
 41783.1 53328 24830.8 27376.4 52460.2 21165.9 67357.7 105121 98442.2 110291 64984.6 39388.7 40426.1 24501.3 22468.5 13990.3 9401.82 10822 12604.6 12914.1 25716.7 41588.4 46371 50036.4 28723.5
log_desv_Rt
 0.224724 0.468695 -0.29568 -0.198088 0.452287 -0.455377 0.70225 1.14735 1.0817 1.19536 0.666383 0.165713 0.191709 -0.309041 -0.395654 -0.869403 -1.26686 -1.12618 -0.973702 -0.949445 -0.260626 0.220054 0.328907 0.404984 -0.150053
SSB
 567337 323935 370137 371818 332123 478200 537735 705858 829693 878098 880074 593452 328108 111897 47046.3 71058.3 82338.8 102064 122801 136588 169807 231842 348739 458775 573197
BT
 1.82218e+06 475172 784639 568496 615734 632429 1.43323e+06 1.59106e+06 1.74308e+06 1.64946e+06 1.50729e+06 991118 685027 349788 224214 147766 161350 198291 205566 236689 381379 380195 549568 749214 806056
Ftot
 0.562211 0.500587 0.798131 0.186998 0.0430703 0.481899 0.4198 0.670144 0.561618 0.418886 0.829876 0.808121 1.5146 4.53719 4.35498 0.979844 0.721346 0.55615 0.467241 0.501571 0.292407 0.306197 0.299973 0.338861 0.340558
BD_Bspro_t
 0.932175 0.70009 0.636396 0.457191 0.558507 0.699969 0.592632 0.630836 0.626189 0.588087 0.555909 0.390163 0.264653 0.120577 0.0637672 0.110028 0.166881 0.256648 0.346782 0.433277 0.520834 0.662324 0.711617 0.701711 0.669988
BD_Bspro
 0.824839 0.470962 0.538135 0.540578 0.482866 0.695245 0.781801 1.02623 1.20627 1.27665 1.27952 0.862806 0.477029 0.162685 0.0683997 0.10331 0.119711 0.148389 0.178537 0.198583 0.246879 0.337071 0.507024 0.667003 0.833358
BD_Bo
 0.64839 0.370214 0.423017 0.424938 0.379572 0.546518 0.614559 0.8067 0.948228 1.00355 1.00581 0.678235 0.374983 0.127884 0.0537676 0.08121 0.0941022 0.116646 0.140345 0.156102 0.194067 0.264964 0.398561 0.524318 0.655087
BD_Brms
 1.17889 0.673116 0.769122 0.772614 0.69013 0.99367 1.11738 1.46673 1.72405 1.82463 1.82874 1.23315 0.681787 0.232516 0.0977593 0.147655 0.171095 0.212084 0.255172 0.283822 0.352848 0.481754 0.724657 0.953305 1.19107
S_f
 0.149746 1 1 1 1
 0.149746 1 1 1 1
 0.149746 1 1 1 1
 0.149746 1 1 1 1
 0.149746 1 1 1 1
 0.149746 1 1 1 1
 0.149746 1 1 1 1
 0.149746 1 1 1 1
 0.149746 1 1 1 1
 0.149746 1 1 1 1
 0.149746 1 1 1 1
 0.149746 1 1 1 1
 0.149746 1 1 1 1
 0.149746 1 1 1 1
 0.149746 1 1 1 1
 0.149746 1 1 1 1
 0.149746 1 1 1 1
 0.149746 1 1 1 1
 0.149746 1 1 1 1
 0.149746 1 1 1 1
 0.149746 1 1 1 1
 0.149746 1 1 1 1
 0.149746 1 1 1 1
 0.149746 1 1 1 1
 0.149746 1 1 1 1
Scru_reclas
 0.327487 1 1 1 1
 0.327487 1 1 1 1
 0.327487 1 1 1 1
 0.327487 1 1 1 1
 0.327487 1 1 1 1
 0.327487 1 1 1 1
 0.327487 1 1 1 1
 0.327487 1 1 1 1
 0.327487 1 1 1 1
 0.327487 1 1 1 1
 0.327487 1 1 1 1
 0.327487 1 1 1 1
 0.327487 1 1 1 1
 0.327487 1 1 1 1
 0.327487 1 1 1 1
 0.327487 1 1 1 1
 0.327487 1 1 1 1
 0.327487 1 1 1 1
 0.327487 1 1 1 1
 0.327487 1 1 1 1
 0.327487 1 1 1 1
 0.327487 1 1 1 1
 0.327487 1 1 1 1
 0.327487 1 1 1 1
 0.327487 1 1 1 1
Scru_pelaces
 0.952118 1 1 1 1
 0.952118 1 1 1 1
 0.952118 1 1 1 1
 0.952118 1 1 1 1
 0.952118 1 1 1 1
 0.952118 1 1 1 1
 0.952118 1 1 1 1
 0.952118 1 1 1 1
 0.952118 1 1 1 1
 0.952118 1 1 1 1
 0.952118 1 1 1 1
 0.952118 1 1 1 1
 0.952118 1 1 1 1
 0.952118 1 1 1 1
 0.952118 1 1 1 1
 0.952118 1 1 1 1
 0.952118 1 1 1 1
 0.952118 1 1 1 1
 0.952118 1 1 1 1
 0.952118 1 1 1 1
 0.952118 1 1 1 1
 0.952118 1 1 1 1
 0.952118 1 1 1 1
 0.952118 1 1 1 1
 0.952118 1 1 1 1
pf_obs 
 0.256992 0.487395 0.22802 0.0275931 0
 0.321318 0.546541 0.124235 0.00734118 0.000564706
 0.182869 0.594174 0.210203 0.0122559 0.00049798
 0.330522 0.361315 0.267642 0.0388342 0.00168674
 0.649043 0.306663 0.0425973 0.00169635 0
 0.582887 0.30429 0.105238 0.00758474 0
 0.465427 0.430635 0.0974691 0.00646863 0
 0.296916 0.608066 0.0921331 0.00288517 0
 0.311714 0.524322 0.152257 0.0117073 0
 0.15457 0.633149 0.183074 0.0267441 0.00246327
 0.131901 0.49318 0.331252 0.0422183 0.00144891
 0.196976 0.569456 0.194076 0.0375587 0.00193317
 0.518974 0.381816 0.0799577 0.0180837 0.00116848
 0.0928022 0.601141 0.25162 0.0475244 0.00691264
 0.122501 0.610282 0.24278 0.0234846 0.000952079
 0.383417 0.481906 0.127806 0.00687128 0
 0.0376549 0.599619 0.316969 0.0457579 0
 0.0361596 0.667082 0.258105 0.0386534 0
 0.158088 0.579412 0.248529 0.0139706 0
 0.0477256 0.309471 0.559284 0.082774 0.000745712
 0.0406174 0.521527 0.379366 0.0568643 0.0016247
 0.151134 0.462217 0.34131 0.0453401 0
 0.294876 0.26143 0.354403 0.0886775 0.000613685
 0.281977 0.475581 0.204845 0.0348837 0.00271318
 0 0 0 0 0
pf_pred 
 0.292782 0.496321 0.18832 0.0225685 8.40746e-06
 0.282079 0.563677 0.108248 0.0410726 0.00492402
 0.133142 0.668032 0.156108 0.0299788 0.0127386
 0.195541 0.487143 0.244535 0.0571439 0.0156368
 0.2787 0.461487 0.157331 0.0789764 0.0235057
 0.0953634 0.655681 0.159282 0.0543025 0.0353716
 0.361339 0.301254 0.244553 0.0594083 0.0334462
 0.34265 0.540855 0.0549501 0.0446075 0.0169371
 0.240096 0.630405 0.106549 0.0108253 0.0121244
 0.239217 0.559953 0.166605 0.0281592 0.00606522
 0.153492 0.609991 0.174082 0.0517955 0.0106399
 0.150571 0.550705 0.215259 0.0614318 0.0220328
 0.266092 0.470036 0.171075 0.0668696 0.025928
 0.356004 0.543612 0.0642919 0.0233998 0.0126929
 0.59954 0.394023 0.00543355 0.000642616 0.000360756
 0.332711 0.662731 0.00448489 6.18462e-05 1.14207e-05
 0.203316 0.674107 0.121739 0.000823842 1.34586e-05
 0.250566 0.53212 0.183878 0.0332071 0.000228393
 0.251889 0.558336 0.134746 0.0465626 0.00846671
 0.226454 0.5716 0.150717 0.0363734 0.0148546
 0.339779 0.471836 0.139204 0.0367049 0.0124758
 0.312593 0.548857 0.0990169 0.0292127 0.0103208
 0.234215 0.59653 0.135141 0.0243802 0.00973402
 0.212849 0.553098 0.182322 0.0413042 0.0104266
 0.122978 0.596844 0.196869 0.0648957 0.018413
pobs_RECLAS
 0 0 0 0 0
 0 0 0 0 0
 0 0 0 0 0
 0 0 0 0 0
 0.835266 0.146461 0.0176864 0.000547809 3.91292e-05
 0.385257 0.428462 0.181853 0.0044286 0
 0.867414 0.0963971 0.0333333 0.00285562 0
 0.441836 0.489002 0.0689373 0.000224442 0
 0.779404 0.147425 0.0564933 0.0165055 0.000172143
 0.814271 0.122319 0.05973 0.00367925 0
 0.40263 0.566651 0.0304383 0.000280538 0
 0.475488 0.404961 0.113038 0.00651328 0
 0.955842 0.0263864 0.0167828 0.000988607 0
 0.975058 0.0227948 0.00214734 0 0
 0.738997 0.206755 0.0527124 0.00153531 0
 0.850938 0.134255 0.0134407 0.00136685 0
 0.542534 0.407297 0.0501686 0 0
 0.764087 0.199537 0.0359546 0.000420521 0
 0.470689 0.182191 0.310203 0.0369168 0
 0.84361 0.089868 0.0606195 0.00523954 0.000663233
 0.607945 0.314616 0.071237 0.00620181 0
 0.523733 0.453247 0.0230204 0 0
 0.530135 0.295979 0.169645 0.0042399 0
 0.562478 0.366248 0.0663022 0.0049721 0
 0.250443 0.683176 0.0655157 0.000865301 0
ppred_RECLAS
 0.485161 0.361311 0.137093 0.0164294 6.12045e-06
 0.47073 0.415557 0.0798029 0.0302797 0.00363012
 0.263675 0.567439 0.132601 0.0254645 0.0108204
 0.349483 0.393923 0.19774 0.0462087 0.0126445
 0.45854 0.346426 0.118104 0.0592854 0.017645
 0.192396 0.585351 0.142197 0.0484779 0.0315776
 0.559844 0.20762 0.168542 0.0409433 0.0230507
 0.545247 0.374162 0.0380144 0.0308594 0.011717
 0.418321 0.482552 0.0815599 0.00828636 0.00928081
 0.414118 0.431222 0.128303 0.0216855 0.00467085
 0.297876 0.505948 0.14439 0.042961 0.00882514
 0.292656 0.458588 0.179253 0.051156 0.0183474
 0.482263 0.331588 0.120685 0.0471733 0.018291
 0.744439 0.215725 0.0255134 0.00928586 0.00503702
 0.882022 0.116081 0.00160075 0.000189318 0.000106281
 0.542842 0.454035 0.00307258 4.23707e-05 7.82427e-06
 0.371113 0.532128 0.0960985 0.000650326 1.0624e-05
 0.432018 0.403284 0.139358 0.0251671 0.000173095
 0.431802 0.424061 0.102341 0.0353647 0.00643055
 0.398578 0.444412 0.117181 0.0282799 0.0115493
 0.533944 0.333073 0.0982656 0.0259103 0.00880676
 0.50331 0.396579 0.0715451 0.0211078 0.00745733
 0.405199 0.463337 0.104967 0.0189366 0.00756061
 0.376569 0.438059 0.144401 0.0327133 0.00825797
 0.23854 0.518199 0.170929 0.0563446 0.0159868
pobs_PELACES
 0 0 0 0 0
 0 0 0 0 0
 0 0 0 0 0
 0 0 0 0 0
 0 0 0 0 0
 0 0 0 0 0
 0 0 0 0 0
 0 0 0 0 0
 0 0 0 0 0
 0 0 0 0 0
 0.450072 0.473896 0.0757376 0.000293798 0
 0 0 0 0 0
 0.463077 0.371075 0.160297 0.00555027 0
 0.529543 0.364841 0.0842815 0.0213345 0
 0.631943 0.363953 0.00410389 0 0
 0.735681 0.248677 0.0153453 0.000297389 0
 0.695825 0.281241 0.0229344 0 0
 0.275771 0.60734 0.115278 0.00161068 0
 0 0 0 0 0
 0.896147 0.0623911 0.0374545 0.00400742 0
 0.803859 0.145111 0.0509908 3.86294e-05 0
 0.739449 0.233085 0.0266225 0.000797448 4.60066e-05
 0.878498 0.100942 0.0204185 0.000141795 0
 0.694673 0.275183 0.0284847 0.00165964 0
 0 0 0 0 0
ppred_PELACES
 0.762351 0.16678 0.0632817 0.00758377 2.82519e-06
 0.748473 0.197487 0.0379251 0.01439 0.00172515
 0.565676 0.334706 0.0782153 0.0150204 0.00638245
 0.622083 0.228849 0.114877 0.0268449 0.00734583
 0.713635 0.183216 0.0624621 0.0313546 0.00933203
 0.442244 0.404261 0.0982057 0.0334803 0.0218084
 0.806208 0.0914107 0.0742056 0.0180265 0.0101487
 0.807952 0.158014 0.016054 0.0130323 0.00494826
 0.709952 0.240619 0.0406689 0.0041319 0.00462777
 0.698003 0.222276 0.0661349 0.011178 0.00240762
 0.608893 0.281831 0.0804302 0.0239308 0.00491591
 0.60144 0.258396 0.101002 0.0288244 0.010338
 0.805532 0.124548 0.0453307 0.0177188 0.0068703
 0.967999 0.0270125 0.00319472 0.00116275 0.000630723
 0.986625 0.01316 0.000181476 2.14628e-05 1.20489e-05
 0.819647 0.179121 0.00121216 1.67156e-05 3.08674e-06
 0.677476 0.272901 0.0492841 0.000333519 5.4485e-06
 0.721048 0.198064 0.0684426 0.0123603 8.50118e-05
 0.715824 0.212088 0.0511844 0.0176872 0.00321615
 0.689242 0.22963 0.0605479 0.0146123 0.00596757
 0.783346 0.154835 0.0456805 0.0120448 0.00409398
 0.762493 0.189636 0.0342114 0.0100933 0.00356594
 0.682993 0.246941 0.0559434 0.0100925 0.00402953
 0.658852 0.23971 0.0790177 0.0179011 0.00451884
 0.500525 0.33991 0.11212 0.036959 0.0104865
pobs_pel_tallas
 0 0 0 0 0 0 0 0 0 0 0 0 0 0 0 0 0 0 0 0 0 0 0 0 0 0 0 0 0 0 0 0 0 0 0 0
 0 0 0 0 0 0 0 0 0 0 0 0 0 0 0 0 0 0 0 0 0 0 0 0 0 0 0 0 0 0 0 0 0 0 0 0
 0 0 0 0 0 0 0 0 0 0 0 0 0 0 0 0 0 0 0 0 0 0 0 0 0 0 0 0 0 0 0 0 0 0 0 0
 0 0 0 0 0 0 0 0 0 0 0 0 0 0 0 0 0 0 0 0 0 0 0 0 0 0 0 0 0 0 0 0 0 0 0 0
 0 0 0 0 0 0 0 0 0 0 0 0 0 0 0 0 0 0 0 0 0 0 0 0 0 0 0 0 0 0 0 0 0 0 0 0
 0 0 0 0 0 0 0 0 0 0 0 0 0 0 0 0 0 0 0 0 0 0 0 0 0 0 0 0 0 0 0 0 0 0 0 0
 0 0 0 0 0 0 0 0 0 0 0 0 0 0 0 0 0 0 0 0 0 0 0 0 0 0 0 0 0 0 0 0 0 0 0 0
 0 0 0 0 0 0 0 0 0 0 0 0 0 0 0 0 0 0 0 0 0 0 0 0 0 0 0 0 0 0 0 0 0 0 0 0
 0 0 0 0 0 0 0 0 0 0 0 0 0 0 0 0 0 0 0 0 0 0 0 0 0 0 0 0 0 0 0 0 0 0 0 0
 0 0 0 0 0 0 0 0 0 0 0 0 0 0 0 0 0 0 0 0 0 0 0 0 0 0 0 0 0 0 0 0 0 0 0 0
 0 0 0 0 0 0 0 0 1.78061e-05 0.00172719 0.00360574 0.0105946 0.0120993 0.0124554 0.0147524 0.0171206 0.0266825 0.0428682 0.0675386 0.121331 0.153587 0.119568 0.100827 0.0573624 0.0630603 0.0341343 0.0324427 0.0444173 0.0211091 0.0280891 0.0125444 0.00206551 0 0 0 0
 0 0 0 0 0 0 0 0 0 0 0 0 0 0 0 0 0 0 0 0 0 0 0 0 0 0 0 0 0 0 0 0 0 0 0 0
 0 0 0 0 0 0 0.0133647 0.0140871 0.0187388 0.0205184 0.03894 0.0496705 0.03968 0.0493445 0.0407372 0.0367815 0.0215668 0.0243155 0.0234873 0.0199281 0.019796 0.0243948 0.0301388 0.0376714 0.0412746 0.0863199 0.0771752 0.113111 0.0741005 0.0525337 0.0229764 0.00759418 0.00175318 0 0 0
 0 0 0 0 0 0 0 0 0 0 0.00219441 0.00772107 0.0458388 0.0604681 0.0671733 0.0775358 0.0609151 0.0617685 0.073594 0.0568108 0.0755445 0.0548602 0.0670107 0.0636378 0.0643287 0.046367 0.0373049 0.0286899 0.0247887 0.0153202 0.00654259 0.00121912 0.000365735 0 0 0
 0 0 0 0 0 0 0 0 0 0 0 0 0.000112435 0.00938835 0.0111873 0.0202946 0.0414886 0.0713402 0.111592 0.104902 0.108894 0.110636 0.117776 0.105296 0.107544 0.0401394 0.0192827 0.0124803 0.00416011 0.0028671 0.000618394 0 0 0 0 0
 0 0 0 0 0 0 0 0 0 0 0.00291406 0.0102884 0.027416 0.0768956 0.0749926 0.110853 0.0956884 0.0897413 0.0766577 0.0534642 0.0500743 0.0551293 0.0594112 0.0620874 0.0668451 0.0424026 0.0208742 0.0120726 0.0048766 0.00582813 0.00118941 0.000297354 0 0 0 0
 0 0.00264628 0.0354308 0.0461629 0.0458689 0.0383711 0.0214643 0.0164657 0.0346957 0.0420465 0.0363128 0.0245516 0.0311673 0.0291091 0.0169068 0.0133784 0.00837989 0.0085269 0.0148486 0.0160247 0.0276389 0.0546898 0.0760071 0.122758 0.109233 0.0665981 0.0333725 0.0166128 0.00676272 0.00308733 0.000882094 0 0 0 0 0
 0 0 0 0 0 0 0 0.000805153 0.000690131 0.00759144 0.0133425 0.0154129 0.00931677 0.000345066 0.00356568 0.00563607 0.00851162 0.0253048 0.0502646 0.0516448 0.0657925 0.0565908 0.0611916 0.0827007 0.0866115 0.110766 0.145733 0.0935128 0.0569358 0.0249597 0.0138026 0.00621118 0.00161031 0.00115022 0 0
 0 0 0 0 0 0 0 0 0 0 0 0 0 0 0 0 0 0 0 0 0 0 0 0 0 0 0 0 0 0 0 0 0 0 0 0
 0.00147267 0.00158595 0.00478618 0.00569244 0.00954404 0.0108468 0.00647125 0.017049 0.0510054 0.094081 0.124002 0.0959785 0.0687766 0.0820023 0.061753 0.0591476 0.0492212 0.0479892 0.0443925 0.0268479 0.0217502 0.0140895 0.0121071 0.0120363 0.00920419 0.00665534 0.0049561 0.00860946 0.00930331 0.0156896 0.0114698 0.00855282 0.00243557 0.00046729 0 2.83206e-05
 0 0 0 0 0.000772559 0.00158375 0.000888443 0.00281984 0.00712685 0.0440552 0.0773331 0.111326 0.0921469 0.0852325 0.0710754 0.0886704 0.0786465 0.0553345 0.0373146 0.0185414 0.00753245 0.00457741 0.012979 0.0271748 0.0457355 0.0583668 0.034881 0.0177882 0.00938659 0.00492506 0.0015258 0.00185414 0.000309023 5.79419e-05 3.86279e-05 0
 0 0.00173294 0.00326652 0 0.00397197 0.00683976 0.00946217 0.0152591 0.00757587 0.0136028 0.0228656 0.0392903 0.0559909 0.0764795 0.0681675 0.0726916 0.0566044 0.0477403 0.0527397 0.0444891 0.0609904 0.0582453 0.0661739 0.0445044 0.0529084 0.0360697 0.0280645 0.0235558 0.0158879 0.00826598 0.00280645 0.00217768 0.000904811 0.00058276 9.20147e-05 0
 0 0 0 0 0 0 0 0 0 0 0 0 0 0 0 0 0 0 0 0 0 0 0 0 0 0 0 0 0 0 0 0 0 0 0 0
 0 0 0 0 0 0 0 0 0 0 0 0 0 0 0 0 0 0 0 0 0 0 0 0 0 0 0 0 0 0 0 0 0 0 0 0
 0 0 0 0 0 0 0 0 0 0 0 0 0 0 0 0 0 0 0 0 0 0 0 0 0 0 0 0 0 0 0 0 0 0 0 0
ppred_pel_tallas
 1.01214e-16 3.32616e-05 0.000195221 0.000927994 0.00357284 0.0111416 0.0281427 0.0575836 0.095451 0.128187 0.139491 0.123037 0.0880641 0.0513751 0.0248967 0.0109057 0.00576955 0.00521204 0.00661152 0.00881274 0.0113353 0.0138801 0.0161677 0.0179358 0.0189852 0.0192211 0.0186702 0.0174653 0.0158056 0.013906 0.0119545 0.0100861 0.0083782 0.0068618 0.00553855 0.00439715
 1.01178e-16 3.26576e-05 0.000191672 0.000911118 0.00350785 0.0109389 0.0276308 0.0565365 0.0937162 0.12586 0.136967 0.120828 0.0865211 0.050552 0.0246411 0.0110365 0.00618301 0.00588811 0.00757322 0.0100847 0.0129153 0.0157227 0.0181792 0.0199814 0.0209073 0.0208663 0.0199169 0.0182456 0.016115 0.0137996 0.0115311 0.00946573 0.0076797 0.00618442 0.00495171 0.003938
 1.02034e-16 2.46925e-05 0.000144897 0.000688715 0.00265149 0.00826834 0.0208854 0.0427359 0.0708458 0.0951628 0.103606 0.0915056 0.0657603 0.038898 0.0198497 0.0104003 0.00794826 0.00938694 0.0127771 0.0171772 0.0220412 0.0268634 0.0311011 0.0342395 0.035898 0.0359156 0.0343835 0.0316091 0.0280301 0.0241075 0.0202324 0.0166731 0.0135651 0.0109365 0.00874907 0.00693772
 1.02971e-16 2.71479e-05 0.000159322 0.000757313 0.00291565 0.00909213 0.0229661 0.0469924 0.077898 0.104623 0.113874 0.100499 0.0720581 0.0422921 0.0209728 0.0100064 0.006479 0.00694199 0.00927316 0.0125087 0.016189 0.0199575 0.0234443 0.0262894 0.0282093 0.0290533 0.0288281 0.0276784 0.025837 0.023561 0.0210781 0.0185559 0.0160987 0.0137614 0.0115723 0.00955015
 1.0246e-16 3.1138e-05 0.000182752 0.000868712 0.00334458 0.0104297 0.0263447 0.053905 0.0893542 0.120002 0.130591 0.115203 0.0824936 0.0481989 0.0234955 0.0105286 0.0059123 0.00565572 0.00731008 0.00978881 0.0126244 0.0155072 0.0181384 0.0202357 0.0215831 0.0220761 0.0217388 0.0207064 0.0191815 0.0173797 0.0154844 0.0136221 0.0118597 0.0102198 0.00870174 0.00729951
 1.03696e-16 1.93131e-05 0.000113309 0.000538527 0.00207321 0.00646496 0.0163303 0.0334164 0.0554008 0.0744298 0.0810686 0.0716847 0.0516993 0.0309493 0.016474 0.00973635 0.00877068 0.0111991 0.0155172 0.020941 0.0269248 0.0328901 0.038192 0.0422127 0.0444919 0.0448295 0.0433236 0.0403273 0.0363468 0.0319132 0.0274744 0.0233331 0.0196387 0.0164201 0.0136354 0.0112194
 1.02177e-16 3.5171e-05 0.000206437 0.000981334 0.00377823 0.0117821 0.0297605 0.0608933 0.100935 0.135544 0.147478 0.130034 0.0929709 0.054033 0.0258029 0.0106537 0.00471077 0.00343201 0.00405082 0.00538911 0.00702524 0.00876616 0.010457 0.0119502 0.0131217 0.0138925 0.0142384 0.0141848 0.0137906 0.0131278 0.0122645 0.0112563 0.0101465 0.00897132 0.00776636 0.0065694
 1.00959e-16 3.52495e-05 0.000206893 0.000983487 0.0037865 0.0118079 0.0298257 0.0610271 0.101158 0.13585 0.147824 0.130373 0.0932844 0.0543591 0.0262268 0.0112874 0.00567688 0.00484941 0.00601682 0.00795256 0.0101558 0.0123298 0.0142087 0.0155522 0.0161884 0.0160528 0.0152024 0.0137967 0.0120547 0.0102023 0.00842635 0.00684874 0.00552278 0.00444682 0.00358624 0.00289481
 1.01014e-16 3.09797e-05 0.000181817 0.000864258 0.00332741 0.0103762 0.0262095 0.0536287 0.0888978 0.119394 0.129942 0.114661 0.0821709 0.0481424 0.0237129 0.0110379 0.00676756 0.00694007 0.00910865 0.0121549 0.0155467 0.0188851 0.0217722 0.0238389 0.0248173 0.0246026 0.023275 0.0210731 0.01833 0.0153929 0.0125547 0.010013 0.00786301 0.00611576 0.00472955 0.00364043
 1.01508e-16 3.0458e-05 0.000178756 0.000849707 0.00327139 0.0102015 0.0257683 0.0527258 0.0874007 0.117382 0.127751 0.112721 0.0807675 0.0472943 0.0232479 0.0107443 0.00648842 0.00658662 0.00864027 0.0115636 0.014854 0.0181441 0.0210676 0.0232792 0.0245206 0.0246762 0.0237952 0.0220691 0.0197767 0.0172146 0.0146376 0.0122237 0.0100684 0.00819999 0.0066054 0.00525428
 1.02286e-16 2.65748e-05 0.000155952 0.000741285 0.00285392 0.00889961 0.0224799 0.045998 0.0762511 0.102416 0.111484 0.09842 0.0706332 0.0415874 0.0208666 0.0103581 0.00722892 0.00811315 0.0109248 0.0146859 0.0188834 0.0230823 0.0268257 0.0296786 0.0313145 0.0315873 0.0305578 0.0284658 0.0256593 0.0225077 0.0193261 0.0163325 0.0136415 0.0112846 0.00924421 0.00748363
 1.02992e-16 2.62489e-05 0.000154041 0.000732204 0.00281896 0.00879061 0.0222045 0.0454344 0.0753164 0.101159 0.110112 0.0971992 0.0697367 0.041019 0.020507 0.0100593 0.00687296 0.00762309 0.0102559 0.0138215 0.0178393 0.021913 0.0256261 0.028577 0.0304567 0.0311127 0.0305753 0.0290337 0.0267751 0.0241095 0.0213047 0.0185507 0.0159549 0.0135605 0.0113747 0.00939269
 1.01615e-16 3.51427e-05 0.000206268 0.000980526 0.00377511 0.0117724 0.029736 0.0608433 0.100853 0.135437 0.147367 0.129954 0.0929494 0.0540929 0.0259665 0.0109521 0.00518828 0.00413993 0.00503532 0.00667481 0.00859839 0.0105619 0.0123555 0.0137857 0.0147045 0.0150397 0.0148068 0.0140969 0.0130474 0.0118056 0.0104974 0.00921047 0.00799268 0.00686145 0.00581793 0.00485904
 1.00124e-16 4.2223e-05 0.000247845 0.00117821 0.00453627 0.014146 0.0357315 0.0731098 0.121182 0.162725 0.177029 0.156037 0.111444 0.0645313 0.0303668 0.0117536 0.00399027 0.0015801 0.00117856 0.00138148 0.00173498 0.00210126 0.00241869 0.00264366 0.00274634 0.00271563 0.00256133 0.00231101 0.00200265 0.00167556 0.0013625 0.00108518 0.000853442 0.000667523 0.000521709 0.000407949
 1.00009e-16 4.30346e-05 0.000252611 0.00120087 0.00462352 0.0144181 0.0364188 0.074516 0.123512 0.165853 0.180428 0.159025 0.11356 0.0657194 0.0308563 0.0118205 0.00381375 0.00122875 0.000655854 0.000669274 0.000818938 0.000983423 0.00112259 0.00121387 0.00124306 0.0012057 0.00110793 0.000964834 0.000796673 0.000624198 0.000464594 0.000329067 0.000222381 0.00014396 8.97983e-05 5.4425e-05
 1.00077e-16 3.57603e-05 0.00020989 0.00099773 0.00384133 0.0119789 0.0302576 0.061911 0.102624 0.13782 0.149971 0.132275 0.094665 0.0552024 0.0267053 0.0116141 0.00601298 0.00529063 0.00661207 0.00871749 0.0110737 0.0133472 0.0152341 0.0164624 0.0168435 0.0163176 0.0149696 0.0130062 0.0107045 0.00834818 0.00617193 0.00432866 0.00288302 0.00182646 0.00110336 0.000637987
 1.00801e-16 2.95649e-05 0.000173508 0.000824749 0.00317528 0.00990176 0.0250112 0.0511772 0.0848353 0.113942 0.124019 0.109459 0.078497 0.0460989 0.0229094 0.0110045 0.00720674 0.0077486 0.0102958 0.0137627 0.0176012 0.0213704 0.02462 0.0269297 0.0279942 0.0276939 0.02612 0.0235451 0.0203504 0.016935 0.0136373 0.0106884 0.00820242 0.00619656 0.00462592 0.00341772
 1.01465e-16 3.14619e-05 0.000184652 0.000877742 0.00337934 0.0105381 0.0266186 0.0544654 0.0902834 0.121251 0.131953 0.116412 0.0833733 0.048742 0.0238142 0.010762 0.00616826 0.0060018 0.00778519 0.0104107 0.0133889 0.0163836 0.0190667 0.0211288 0.0223359 0.0225787 0.0218933 0.0204412 0.0184623 0.0162138 0.0139188 0.0117354 0.00975223 0.00800105 0.00647889 0.00516793
 1.01554e-16 3.12346e-05 0.000183316 0.00087139 0.00335488 0.0104619 0.0264259 0.0540713 0.0896306 0.120376 0.131004 0.115582 0.0827959 0.0484386 0.0237292 0.0108296 0.00635209 0.00629685 0.00820162 0.0109573 0.0140613 0.0171576 0.019897 0.0219527 0.0230826 0.0231823 0.0223053 0.0206408 0.0184593 0.0160456 0.0136414 0.0114117 0.00944 0.00774433 0.0063035 0.00508139
 1.01716e-16 3.00762e-05 0.000176514 0.000839048 0.00323035 0.0100735 0.025445 0.0520643 0.0863046 0.115911 0.126152 0.111316 0.0797729 0.0467365 0.0230195 0.0107155 0.0065751 0.00675606 0.00888975 0.0118996 0.0152801 0.0186553 0.0216484 0.023905 0.0251613 0.0253019 0.0243817 0.0226025 0.0202546 0.0176447 0.015034 0.012602 0.0104412 0.00857404 0.00698075 0.00562514
 1.01305e-16 3.41766e-05 0.000200593 0.000953539 0.00367119 0.0114483 0.0289174 0.0591687 0.098078 0.131714 0.143324 0.126407 0.0904538 0.0527233 0.0254639 0.0110063 0.00560896 0.00487055 0.00609434 0.00809752 0.0103995 0.0127147 0.0147835 0.0163655 0.0172809 0.0174484 0.0169006 0.0157677 0.0142397 0.0125184 0.010776 0.00913189 0.00764909 0.00634554 0.00521236 0.00423056
 1.01061e-16 3.32687e-05 0.00019526 0.000928177 0.00357353 0.0111437 0.0281482 0.057595 0.0954705 0.128215 0.139527 0.123079 0.088118 0.0514545 0.025024 0.0111108 0.00608764 0.00567898 0.00725667 0.009649 0.0123485 0.0150213 0.0173513 0.0190473 0.0198974 0.0198162 0.0188628 0.0172195 0.0151419 0.0128968 0.0107088 0.00872912 0.00703058 0.00562244 0.00447492 0.00354279
 1.0141e-16 2.98045e-05 0.000174917 0.000831451 0.00320109 0.00998227 0.0252145 0.051593 0.0855238 0.114864 0.125017 0.110325 0.0790853 0.0463792 0.022928 0.010814 0.00682414 0.00715502 0.00945729 0.0126533 0.0162214 0.0197604 0.0228641 0.0251522 0.0263443 0.0263231 0.0251576 0.0230771 0.0204071 0.0174904 0.0146175 0.0119875 0.00970069 0.00777711 0.00618699 0.00488006
 1.02027e-16 2.87516e-05 0.000168736 0.000802067 0.00308796 0.00962947 0.0243234 0.0497696 0.0825014 0.110805 0.1206 0.10643 0.0763 0.0447591 0.0221527 0.0104933 0.0066863 0.00706902 0.00938211 0.0125931 0.0162049 0.0198342 0.0230895 0.0255984 0.0270794 0.0274021 0.0266107 0.0249008 0.0225611 0.0199 0.017183 0.0145966 0.0122424 0.0101544 0.00832583 0.00673403
 1.03463e-16 2.18518e-05 0.000128219 0.000609426 0.00234621 0.00731632 0.0184807 0.0378158 0.0626909 0.0842133 0.0916968 0.0810162 0.0582846 0.0346022 0.0178916 0.00975719 0.00792394 0.00966656 0.0132825 0.0179349 0.0231147 0.028327 0.033028 0.036693 0.038923 0.0395305 0.038573 0.0363196 0.0331686 0.029545 0.0258128 0.0222257 0.0189203 0.0159417 0.0132821 0.0109156
pSPR Fmed_Fpbrs
0.49127   0.6 0.325
Fs Fmed_Fpbrs
0.550523   0.356008 1.11902
SSBpbr Bo_Bmed_Bpbrs
874994  386109  481247 240623
Ro
33373.7
SPR SPRFo_SPRFmed_SPRFpbrs
687815 337903 223540
log_Ro
10.2355
likeval ReclasPelacesDesembMPH_pf_preclas_ppelaces_ptallas_desvR_qrecl_qpela
 142.523 30.754 0.0734691 55.5698 304.771 214.128 83.416 0 16.4824 5.37511e-09 7.97882e-05 9.07631e-16 0 0 0
q_reclas_q_pelaces
0.989665 3.56375
M
0.7
N
 41783.1 12941.7 4910.48 588.479 0.219226
 53328 19073.5 3662.85 1389.8 166.618
 24830.8 24569.4 5741.47 1102.58 468.509
 27376.4 10941.6 5492.42 1283.49 351.214
 52460.2 13219.3 4506.73 2262.28 673.319
 21165.9 25883.5 6287.77 2143.63 1396.32
 67357.7 9778.91 7938.35 1928.43 1085.69
 105121 31410.9 3191.3 2590.64 983.644
 98442.2 47217.4 7980.57 810.814 908.12
 110291 44941.8 13371.8 2260.06 486.795
 64984.6 51439.1 14680 4367.8 897.243
 39388.7 28499.3 11139.8 3179.13 1140.21
 40426.1 17330.5 6307.62 2465.52 955.98
 24501.3 16001.3 1892.45 688.777 373.62
 22468.5 6167.53 85.0498 10.0587 5.64682
 13990.3 5812.27 39.3332 0.542402 0.100161
 9401.82 5999.26 1083.42 7.33183 0.119776
 10822 4190.77 1448.15 261.526 1.79874
 12604.6 4944.64 1193.31 412.359 74.9814
 12914.1 5836.3 1538.89 371.389 151.672
 25716.7 5948.95 1755.1 462.778 157.296
 41588.4 12223.4 2205.18 650.587 229.851
 46371 19726.6 4468.97 806.227 321.894
 50036.4 22015.7 7257.21 1644.08 415.024
 28723.5 23618 7790.41 2568.02 728.631
pred_Ctot
 2438.05 4132.95 1568.17 187.932 0.0700104
 2781.79 5558.83 1067.51 405.047 48.5594
 2025.59 10163.3 2374.99 456.09 193.802
 544.543 1356.6 680.982 159.135 43.5455
 242.635 401.769 136.971 68.7565 20.4639
 1064.17 7316.82 1777.45 605.968 394.716
 2962.18 2469.62 2004.79 487.017 274.186
 7260.23 11459.9 1164.31 945.164 358.87
 5738.28 15066.6 2546.52 258.723 289.772
 4840.01 11329.4 3370.88 569.738 122.716
 5500.69 21860.2 6238.59 1856.2 381.304
 3251.27 11891.3 4648.08 1326.49 475.753
 5977.17 10558.3 3842.81 1502.08 582.415
 9030.17 13788.9 1630.79 593.543 321.961
 8033.34 5279.58 72.805 8.61052 4.83384
 1384.75 2758.31 18.6662 0.257406 0.0475332
 696.632 2309.73 417.121 2.82277 0.0461139
 624.907 1327.1 458.589 82.818 0.569608
 615.044 1363.3 329.013 113.693 20.6734
 674.93 1703.61 449.202 108.408 44.2731
 794.352 1103.08 325.439 85.8103 29.1665
 1343.97 2359.77 425.716 125.598 44.3735
 1468.67 3740.59 847.412 152.878 61.038
 1785.64 4640.06 1529.54 346.51 87.4711
 1030.07 4999.18 1648.98 543.568 154.228
F
 0.084189 0.562211 0.562211 0.562211 0.562211
 0.0749611 0.500587 0.500587 0.500587 0.500587
 0.119517 0.798131 0.798131 0.798131 0.798131
 0.0280022 0.186998 0.186998 0.186998 0.186998
 0.00644961 0.0430703 0.0430703 0.0430703 0.0430703
 0.0721626 0.481899 0.481899 0.481899 0.481899
 0.0628635 0.4198 0.4198 0.4198 0.4198
 0.100352 0.670144 0.670144 0.670144 0.670144
 0.0841001 0.561618 0.561618 0.561618 0.561618
 0.0627266 0.418886 0.418886 0.418886 0.418886
 0.124271 0.829876 0.829876 0.829876 0.829876
 0.121013 0.808121 0.808121 0.808121 0.808121
 0.226805 1.5146 1.5146 1.5146 1.5146
 0.679427 4.53719 4.53719 4.53719 4.53719
 0.652143 4.35498 4.35498 4.35498 4.35498
 0.146728 0.979844 0.979844 0.979844 0.979844
 0.108019 0.721346 0.721346 0.721346 0.721346
 0.0832813 0.55615 0.55615 0.55615 0.55615
 0.0699676 0.467241 0.467241 0.467241 0.467241
 0.0751084 0.501571 0.501571 0.501571 0.501571
 0.0437868 0.292407 0.292407 0.292407 0.292407
 0.0458519 0.306197 0.306197 0.306197 0.306197
 0.0449199 0.299973 0.299973 0.299973 0.299973
 0.0507431 0.338861 0.338861 0.338861 0.338861
 0.0509972 0.340558 0.340558 0.340558 0.340558
nmprior
 10 11 7 0
nm_flota  nm_reclas  nm_pelaces    nm_pelaL
inf 8.01148 10.2747 16.3728
cv_recla  cv_pelaces  cv_mph
0.53993 0.543793 0.64558
 ------------------------------------------------
Talla a la edad & desviación 
 7.2 14.2025 17.0495 18.207 18.6776
 1.08 2.13037 2.55742 2.73105 2.80164
