years
 1997 1998 1999 2000 2001 2002 2003 2004 2005 2006 2007 2008 2009 2010 2011 2012 2013 2014 2015 2016 2017 2018 2019 2020 2021
reclasobs
 0 0 0 370054 412103 1.49427e+06 250295 1.28982e+06 931140 785840 897777 1.04006e+06 184774 17550 25797 100020 73551 82996 120727 218422 84188 347160 605670 569463 516374
reclaspred
 612934 160495 517584 311158 387882 500598 765428 665530 863269 839358 790332 537314 239643 59769.5 49511.2 70966.6 73159.1 92729.6 115840 145846 198997 237936 469376 494487 586988
pelacesobs
 0 0 0 0 0 0 0 0 0 2.06254e+06 1.5e+06 0 1.87456e+06 323000 250000 174000 83755 137374 0 501740 490994 745055 786931 1.00524e+06 0
pelacespred
 2.72744e+06 641529 1.0546e+06 1.03389e+06 1.24772e+06 989876 2.50117e+06 2.48596e+06 2.60864e+06 2.66892e+06 1.99101e+06 1.28653e+06 662297 167852 172701 170530 183994 254482 291117 347777 653112 642070 925958 1.23748e+06 1.33121e+06
mphobs
 0 0 0 0 0 112323 0 153150 637223 0 255016 313432 73983 77613 109348 50772 0 0 0 0 0 0 0 0 0
mphpred
 237687 135580 160788 165080 153368 228051 258629 342582 397937 391781 408616 289173 153036 55907.3 26865.5 33078.6 32648.9 38175.9 49457.4 59893.2 76216.3 105455 156723 206765 260248
desembarqueobs
 350755 77701 442110 56441 14545 235359 269955 359681 431902 328805 639364 411747 362871 311530 167758 66681 60226 58785 57116 71774 51957 67425 138520 160799 200461
desembarquepred
 350758 77698 442068 56443.6 14545.3 235545 270162 359455 432069 328874 639142 411869 363103 311454 167364 66674.9 60278.3 58774.3 57090.8 71783.6 51968.8 67397.8 138531 160836 200485
Reclutas
 40019.3 51829.7 25937.5 28230.2 54803.9 20882.6 69694 108545 86404.6 114866 71058.6 33721.6 39590.1 27557.2 20335.6 11649.9 8193.16 10696 13202.2 12623.7 25505.5 40033.8 45754.6 49532.7 28694.6
log_desv_Rt
 0.199172 0.457775 -0.2345 -0.149796 0.513573 -0.45127 0.753926 1.19698 0.968852 1.25358 0.773316 0.0279496 0.188392 -0.173923 -0.477814 -1.03489 -1.38689 -1.12032 -0.909806 -0.954613 -0.251295 0.199534 0.333104 0.412445 -0.13348
SSB
 511972 292036 346334 355579 330351 491217 557081 737914 857149 843887 880150 622872 329637 120423 57867.7 71250.7 70325.1 82230 106530 129009 164168 227147 337577 445366 560569
BT
 1.71343e+06 437714 773317 554772 624584 646547 1.48372e+06 1.65184e+06 1.68572e+06 1.63715e+06 1.54455e+06 989888 684190 366582 225820 138963 141189 175532 190150 226719 373764 371136 535751 733021 792642
Ftot
 0.750762 0.660843 1.02901 0.221951 0.0488462 0.54091 0.448852 0.765231 0.65268 0.507965 0.966507 0.866421 1.68415 4.95303 4.55343 1.24946 1.06769 0.834426 0.640392 0.621082 0.354915 0.37154 0.368413 0.405345 0.400295
BD_Bspro_t
 0.923356 0.677749 0.620257 0.446567 0.557181 0.705354 0.600794 0.642044 0.634825 0.580508 0.558775 0.404319 0.267067 0.130532 0.0779807 0.111763 0.14792 0.220709 0.319749 0.422232 0.513206 0.656941 0.704751 0.695918 0.666063
BD_Bspro
 0.757546 0.432115 0.512457 0.526137 0.488807 0.726835 0.824292 1.09186 1.26829 1.24867 1.30232 0.921639 0.487751 0.178185 0.0856245 0.105427 0.104057 0.121673 0.157628 0.190889 0.242914 0.3361 0.4995 0.658991 0.829452
BD_Bo
 0.583505 0.33284 0.394724 0.405261 0.376507 0.55985 0.634917 0.841015 0.97691 0.961795 1.00313 0.709899 0.375694 0.137249 0.0659529 0.0812059 0.080151 0.0937193 0.121415 0.147034 0.187106 0.258884 0.384744 0.507593 0.638891
BD_Brms
 1.06092 0.605163 0.71768 0.736838 0.684559 1.01791 1.15439 1.52912 1.7762 1.74872 1.82386 1.29073 0.68308 0.249543 0.119914 0.147647 0.145729 0.170399 0.220754 0.267334 0.340193 0.470698 0.699534 0.922897 1.16162
S_f
 0.119934 0.785106 0.989893 0.999619 0.999986
 0.119934 0.785106 0.989893 0.999619 0.999986
 0.119934 0.785106 0.989893 0.999619 0.999986
 0.119934 0.785106 0.989893 0.999619 0.999986
 0.119934 0.785106 0.989893 0.999619 0.999986
 0.119934 0.785106 0.989893 0.999619 0.999986
 0.119934 0.785106 0.989893 0.999619 0.999986
 0.119934 0.785106 0.989893 0.999619 0.999986
 0.119934 0.785106 0.989893 0.999619 0.999986
 0.119934 0.785106 0.989893 0.999619 0.999986
 0.119934 0.785106 0.989893 0.999619 0.999986
 0.119934 0.785106 0.989893 0.999619 0.999986
 0.119934 0.785106 0.989893 0.999619 0.999986
 0.119934 0.785106 0.989893 0.999619 0.999986
 0.119934 0.785106 0.989893 0.999619 0.999986
 0.119934 0.785106 0.989893 0.999619 0.999986
 0.119934 0.785106 0.989893 0.999619 0.999986
 0.119934 0.785106 0.989893 0.999619 0.999986
 0.119934 0.785106 0.989893 0.999619 0.999986
 0.119934 0.785106 0.989893 0.999619 0.999986
 0.119934 0.785106 0.989893 0.999619 0.999986
 0.119934 0.785106 0.989893 0.999619 0.999986
 0.119934 0.785106 0.989893 0.999619 0.999986
 0.119934 0.785106 0.989893 0.999619 0.999986
 0.119934 0.785106 0.989893 0.999619 0.999986
Scru_reclas
 0.315494 1 1 1 1
 0.315494 1 1 1 1
 0.315494 1 1 1 1
 0.315494 1 1 1 1
 0.315494 1 1 1 1
 0.315494 1 1 1 1
 0.315494 1 1 1 1
 0.315494 1 1 1 1
 0.315494 1 1 1 1
 0.315494 1 1 1 1
 0.315494 1 1 1 1
 0.315494 1 1 1 1
 0.315494 1 1 1 1
 0.315494 1 1 1 1
 0.315494 1 1 1 1
 0.315494 1 1 1 1
 0.315494 1 1 1 1
 0.315494 1 1 1 1
 0.315494 1 1 1 1
 0.315494 1 1 1 1
 0.315494 1 1 1 1
 0.315494 1 1 1 1
 0.315494 1 1 1 1
 0.315494 1 1 1 1
 0.315494 1 1 1 1
Scru_pelaces
 0.819133 1 1 1 1
 0.819133 1 1 1 1
 0.819133 1 1 1 1
 0.819133 1 1 1 1
 0.819133 1 1 1 1
 0.819133 1 1 1 1
 0.819133 1 1 1 1
 0.819133 1 1 1 1
 0.819133 1 1 1 1
 0.819133 1 1 1 1
 0.819133 1 1 1 1
 0.819133 1 1 1 1
 0.819133 1 1 1 1
 0.819133 1 1 1 1
 0.819133 1 1 1 1
 0.819133 1 1 1 1
 0.819133 1 1 1 1
 0.819133 1 1 1 1
 0.819133 1 1 1 1
 0.819133 1 1 1 1
 0.819133 1 1 1 1
 0.819133 1 1 1 1
 0.819133 1 1 1 1
 0.819133 1 1 1 1
 0.819133 1 1 1 1
pf_obs 
 0.256992 0.487395 0.22802 0.0275931 0
 0.321318 0.546541 0.124235 0.00734118 0.000564706
 0.182869 0.594174 0.210203 0.0122559 0.00049798
 0.330522 0.361315 0.267642 0.0388342 0.00168674
 0.649043 0.306663 0.0425973 0.00169635 0
 0.582887 0.30429 0.105238 0.00758474 0
 0.465427 0.430635 0.0974691 0.00646863 0
 0.296916 0.608066 0.0921331 0.00288517 0
 0.311714 0.524322 0.152257 0.0117073 0
 0.15457 0.633149 0.183074 0.0267441 0.00246327
 0.131901 0.49318 0.331252 0.0422183 0.00144891
 0.196976 0.569456 0.194076 0.0375587 0.00193317
 0.518974 0.381816 0.0799577 0.0180837 0.00116848
 0.0928022 0.601141 0.25162 0.0475244 0.00691264
 0.122501 0.610282 0.24278 0.0234846 0.000952079
 0.383417 0.481906 0.127806 0.00687128 0
 0.0376549 0.599619 0.316969 0.0457579 0
 0.0361596 0.667082 0.258105 0.0386534 0
 0.158088 0.579412 0.248529 0.0139706 0
 0.0477256 0.309471 0.559284 0.082774 0.000745712
 0.0406174 0.521527 0.379366 0.0568643 0.0016247
 0.151134 0.462217 0.34131 0.0453401 0
 0.294876 0.26143 0.354403 0.0886775 0.000613685
 0.281977 0.475581 0.204845 0.0348837 0.00271318
 0 0 0 0 0
pf_pred 
 0.299079 0.483194 0.194428 0.023288 1.02453e-05
 0.288467 0.550595 0.121256 0.0354878 0.00419333
 0.142835 0.64954 0.170994 0.0276911 0.00894021
 0.192009 0.475433 0.271831 0.0501538 0.010574
 0.270877 0.435391 0.190163 0.0848216 0.0187471
 0.0866937 0.631592 0.183608 0.0637344 0.0343723
 0.335617 0.269793 0.296163 0.0644353 0.0339914
 0.331669 0.531217 0.0651976 0.0541426 0.0177743
 0.203797 0.633133 0.137498 0.0122504 0.013322
 0.250106 0.490101 0.218403 0.0349731 0.00641646
 0.157776 0.600347 0.173147 0.0578956 0.0108347
 0.114891 0.553087 0.258786 0.052657 0.0205792
 0.250509 0.407139 0.239877 0.0801344 0.0223396
 0.362693 0.532269 0.0687955 0.0255533 0.0106887
 0.498766 0.48944 0.0110447 0.000498865 0.000249975
 0.293155 0.692395 0.0143198 0.000122508 7.93111e-06
 0.210199 0.627839 0.159706 0.00223566 2.00109e-05
 0.288339 0.50256 0.177298 0.0313671 0.000435916
 0.278658 0.555483 0.127726 0.0324042 0.00572848
 0.218942 0.579605 0.165157 0.0280362 0.0082591
 0.33226 0.448392 0.174517 0.0368415 0.00798982
 0.300737 0.536895 0.118163 0.0352529 0.00895184
 0.231424 0.566767 0.163992 0.0276089 0.0102085
 0.206159 0.527831 0.209151 0.0463046 0.010554
 0.11814 0.563528 0.230197 0.0694717 0.018663
pobs_RECLAS
 0 0 0 0 0
 0 0 0 0 0
 0 0 0 0 0
 0 0 0 0 0
 0.835266 0.146461 0.0176864 0.000547809 3.91292e-05
 0.385257 0.428462 0.181853 0.0044286 0
 0.867414 0.0963971 0.0333333 0.00285562 0
 0.441836 0.489002 0.0689373 0.000224442 0
 0.779404 0.147425 0.0564933 0.0165055 0.000172143
 0.814271 0.122319 0.05973 0.00367925 0
 0.40263 0.566651 0.0304383 0.000280538 0
 0.475488 0.404961 0.113038 0.00651328 0
 0.955842 0.0263864 0.0167828 0.000988607 0
 0.975058 0.0227948 0.00214734 0 0
 0.738997 0.206755 0.0527124 0.00153531 0
 0.850938 0.134255 0.0134407 0.00136685 0
 0.542534 0.407297 0.0501686 0 0
 0.764087 0.199537 0.0359546 0.000420521 0
 0.470689 0.182191 0.310203 0.0369168 0
 0.84361 0.089868 0.0606195 0.00523954 0.000663233
 0.607945 0.314616 0.071237 0.00620181 0
 0.523733 0.453247 0.0230204 0 0
 0.530135 0.295979 0.169645 0.0042399 0
 0.562478 0.366248 0.0663022 0.0049721 0
 0.250443 0.683176 0.0655157 0.000865301 0
ppred_RECLAS
 0.4968 0.372474 0.116869 0.0138502 6.09083e-06
 0.477376 0.425594 0.073295 0.0212274 0.0025073
 0.279987 0.577749 0.117396 0.0188007 0.00606735
 0.351792 0.417682 0.188773 0.0344848 0.0072678
 0.456477 0.354574 0.122752 0.0542186 0.0119789
 0.177719 0.609661 0.139078 0.0477822 0.0257592
 0.550187 0.209457 0.180864 0.0389514 0.02054
 0.528823 0.392634 0.0375581 0.0308592 0.0101266
 0.364439 0.529138 0.0898843 0.00792487 0.00861468
 0.43309 0.400459 0.140162 0.0222152 0.00407422
 0.305313 0.529984 0.118273 0.0391136 0.0073168
 0.235621 0.521719 0.18959 0.0381616 0.0149081
 0.471124 0.32514 0.1433 0.0472649 0.0131701
 0.716264 0.254852 0.0190853 0.00691071 0.00288791
 0.791928 0.205106 0.00278151 0.000122693 6.14252e-05
 0.483792 0.508101 0.00803478 6.7944e-05 4.39673e-06
 0.38179 0.515702 0.101095 0.00139939 1.25204e-05
 0.484664 0.389525 0.106851 0.0187011 0.000259789
 0.465169 0.433738 0.0780389 0.0195927 0.00346228
 0.388092 0.481207 0.107355 0.0180351 0.00531082
 0.529127 0.340017 0.104327 0.0218031 0.00472667
 0.487533 0.414059 0.0718139 0.0212098 0.00538383
 0.40134 0.467671 0.106645 0.0177741 0.00656958
 0.37078 0.450737 0.140638 0.0308224 0.00702251
 0.234165 0.530498 0.170661 0.0509851 0.0136916
pobs_PELACES
 0 0 0 0 0
 0 0 0 0 0
 0 0 0 0 0
 0 0 0 0 0
 0 0 0 0 0
 0 0 0 0 0
 0 0 0 0 0
 0 0 0 0 0
 0 0 0 0 0
 0 0 0 0 0
 0.450072 0.473896 0.0757376 0.000293798 0
 0 0 0 0 0
 0.463077 0.371075 0.160297 0.00555027 0
 0.529543 0.364841 0.0842815 0.0213345 0
 0.631943 0.363953 0.00410389 0 0
 0.735681 0.248677 0.0153453 0.000297389 0
 0.695825 0.281241 0.0229344 0 0
 0.275771 0.60734 0.115278 0.00161068 0
 0 0 0 0 0
 0.896147 0.0623911 0.0374545 0.00400742 0
 0.803859 0.145111 0.0509908 3.86294e-05 0
 0.739449 0.233085 0.0266225 0.000797448 4.60066e-05
 0.878498 0.100942 0.0204185 0.000141795 0
 0.694673 0.275183 0.0284847 0.00165964 0
 0 0 0 0 0
ppred_PELACES
 0.753823 0.184608 0.0550578 0.00650921 2.86226e-06
 0.734357 0.218113 0.0359223 0.0103816 0.00122614
 0.561911 0.356296 0.0675345 0.0107798 0.00347842
 0.597969 0.260445 0.115957 0.0211678 0.00446107
 0.688144 0.20368 0.0702806 0.0310376 0.00685731
 0.389465 0.456978 0.100506 0.0344701 0.0185815
 0.780801 0.103747 0.0869075 0.0186897 0.009855
 0.776631 0.18775 0.0170544 0.0139782 0.0045866
 0.633794 0.307121 0.0499193 0.00439205 0.00477397
 0.691338 0.220233 0.0744815 0.0117858 0.00216136
 0.588905 0.318465 0.0665758 0.0219489 0.0041054
 0.496465 0.350067 0.119978 0.0240827 0.0094071
 0.777483 0.142795 0.0561642 0.0184248 0.00513292
 0.952444 0.0440063 0.00235808 0.000840383 0.000350977
 0.964222 0.0354018 0.000352929 1.53419e-05 7.67656e-06
 0.762201 0.234362 0.00340596 2.86863e-05 1.85605e-06
 0.672196 0.276645 0.0504567 0.000696045 6.22673e-06
 0.748283 0.192864 0.0500038 0.00872832 0.000121238
 0.723772 0.225843 0.038913 0.00974958 0.00172274
 0.655655 0.273213 0.0584472 0.00979925 0.00288539
 0.760482 0.174113 0.0521569 0.0108878 0.00236025
 0.72921 0.219851 0.0371852 0.0109694 0.0027843
 0.654874 0.271082 0.0602962 0.0100374 0.00370982
 0.627611 0.268839 0.0816163 0.0178638 0.00406986
 0.466394 0.372728 0.116706 0.0348214 0.00935049
pobs_pel_tallas
 0 0 0 0 0 0 0 0 0 0 0 0 0 0 0 0 0 0 0 0 0 0 0 0 0 0 0 0 0 0 0 0 0 0 0 0
 0 0 0 0 0 0 0 0 0 0 0 0 0 0 0 0 0 0 0 0 0 0 0 0 0 0 0 0 0 0 0 0 0 0 0 0
 0 0 0 0 0 0 0 0 0 0 0 0 0 0 0 0 0 0 0 0 0 0 0 0 0 0 0 0 0 0 0 0 0 0 0 0
 0 0 0 0 0 0 0 0 0 0 0 0 0 0 0 0 0 0 0 0 0 0 0 0 0 0 0 0 0 0 0 0 0 0 0 0
 0 0 0 0 0 0 0 0 0 0 0 0 0 0 0 0 0 0 0 0 0 0 0 0 0 0 0 0 0 0 0 0 0 0 0 0
 0 0 0 0 0 0 0 0 0 0 0 0 0 0 0 0 0 0 0 0 0 0 0 0 0 0 0 0 0 0 0 0 0 0 0 0
 0 0 0 0 0 0 0 0 0 0 0 0 0 0 0 0 0 0 0 0 0 0 0 0 0 0 0 0 0 0 0 0 0 0 0 0
 0 0 0 0 0 0 0 0 0 0 0 0 0 0 0 0 0 0 0 0 0 0 0 0 0 0 0 0 0 0 0 0 0 0 0 0
 0 0 0 0 0 0 0 0 0 0 0 0 0 0 0 0 0 0 0 0 0 0 0 0 0 0 0 0 0 0 0 0 0 0 0 0
 0 0 0 0 0 0 0 0 0 0 0 0 0 0 0 0 0 0 0 0 0 0 0 0 0 0 0 0 0 0 0 0 0 0 0 0
 0 0 0 0 0 0 0 0 1.78061e-05 0.00172719 0.00360574 0.0105946 0.0120993 0.0124554 0.0147524 0.0171206 0.0266825 0.0428682 0.0675386 0.121331 0.153587 0.119568 0.100827 0.0573624 0.0630603 0.0341343 0.0324427 0.0444173 0.0211091 0.0280891 0.0125444 0.00206551 0 0 0 0
 0 0 0 0 0 0 0 0 0 0 0 0 0 0 0 0 0 0 0 0 0 0 0 0 0 0 0 0 0 0 0 0 0 0 0 0
 0 0 0 0 0 0 0.0133647 0.0140871 0.0187388 0.0205184 0.03894 0.0496705 0.03968 0.0493445 0.0407372 0.0367815 0.0215668 0.0243155 0.0234873 0.0199281 0.019796 0.0243948 0.0301388 0.0376714 0.0412746 0.0863199 0.0771752 0.113111 0.0741005 0.0525337 0.0229764 0.00759418 0.00175318 0 0 0
 0 0 0 0 0 0 0 0 0 0 0.00219441 0.00772107 0.0458388 0.0604681 0.0671733 0.0775358 0.0609151 0.0617685 0.073594 0.0568108 0.0755445 0.0548602 0.0670107 0.0636378 0.0643287 0.046367 0.0373049 0.0286899 0.0247887 0.0153202 0.00654259 0.00121912 0.000365735 0 0 0
 0 0 0 0 0 0 0 0 0 0 0 0 0.000112435 0.00938835 0.0111873 0.0202946 0.0414886 0.0713402 0.111592 0.104902 0.108894 0.110636 0.117776 0.105296 0.107544 0.0401394 0.0192827 0.0124803 0.00416011 0.0028671 0.000618394 0 0 0 0 0
 0 0 0 0 0 0 0 0 0 0 0.00291406 0.0102884 0.027416 0.0768956 0.0749926 0.110853 0.0956884 0.0897413 0.0766577 0.0534642 0.0500743 0.0551293 0.0594112 0.0620874 0.0668451 0.0424026 0.0208742 0.0120726 0.0048766 0.00582813 0.00118941 0.000297354 0 0 0 0
 0 0.00264628 0.0354308 0.0461629 0.0458689 0.0383711 0.0214643 0.0164657 0.0346957 0.0420465 0.0363128 0.0245516 0.0311673 0.0291091 0.0169068 0.0133784 0.00837989 0.0085269 0.0148486 0.0160247 0.0276389 0.0546898 0.0760071 0.122758 0.109233 0.0665981 0.0333725 0.0166128 0.00676272 0.00308733 0.000882094 0 0 0 0 0
 0 0 0 0 0 0 0 0.000805153 0.000690131 0.00759144 0.0133425 0.0154129 0.00931677 0.000345066 0.00356568 0.00563607 0.00851162 0.0253048 0.0502646 0.0516448 0.0657925 0.0565908 0.0611916 0.0827007 0.0866115 0.110766 0.145733 0.0935128 0.0569358 0.0249597 0.0138026 0.00621118 0.00161031 0.00115022 0 0
 0 0 0 0 0 0 0 0 0 0 0 0 0 0 0 0 0 0 0 0 0 0 0 0 0 0 0 0 0 0 0 0 0 0 0 0
 0.00147267 0.00158595 0.00478618 0.00569244 0.00954404 0.0108468 0.00647125 0.017049 0.0510054 0.094081 0.124002 0.0959785 0.0687766 0.0820023 0.061753 0.0591476 0.0492212 0.0479892 0.0443925 0.0268479 0.0217502 0.0140895 0.0121071 0.0120363 0.00920419 0.00665534 0.0049561 0.00860946 0.00930331 0.0156896 0.0114698 0.00855282 0.00243557 0.00046729 0 2.83206e-05
 0 0 0 0 0.000772559 0.00158375 0.000888443 0.00281984 0.00712685 0.0440552 0.0773331 0.111326 0.0921469 0.0852325 0.0710754 0.0886704 0.0786465 0.0553345 0.0373146 0.0185414 0.00753245 0.00457741 0.012979 0.0271748 0.0457355 0.0583668 0.034881 0.0177882 0.00938659 0.00492506 0.0015258 0.00185414 0.000309023 5.79419e-05 3.86279e-05 0
 0 0.00173294 0.00326652 0 0.00397197 0.00683976 0.00946217 0.0152591 0.00757587 0.0136028 0.0228656 0.0392903 0.0559909 0.0764795 0.0681675 0.0726916 0.0566044 0.0477403 0.0527397 0.0444891 0.0609904 0.0582453 0.0661739 0.0445044 0.0529084 0.0360697 0.0280645 0.0235558 0.0158879 0.00826598 0.00280645 0.00217768 0.000904811 0.00058276 9.20147e-05 0
 0 0 0 0 0 0 0 0 0 0 0 0 0 0 0 0 0 0 0 0 0 0 0 0 0 0 0 0 0 0 0 0 0 0 0 0
 0 0 0 0 0 0 0 0 0 0 0 0 0 0 0 0 0 0 0 0 0 0 0 0 0 0 0 0 0 0 0 0 0 0 0 0
 0 0 0 0 0 0 0 0 0 0 0 0 0 0 0 0 0 0 0 0 0 0 0 0 0 0 0 0 0 0 0 0 0 0 0 0
ppred_pel_tallas
 1.01066e-16 3.28904e-05 0.00019304 0.000917623 0.0035329 0.011017 0.0278281 0.0569401 0.0943849 0.126757 0.13794 0.121679 0.0871148 0.0508674 0.0247366 0.0109812 0.00601663 0.00561831 0.00719179 0.00958388 0.012299 0.0150127 0.0174165 0.0192226 0.0202162 0.0203017 0.0195214 0.0180368 0.0160825 0.0139084 0.0117298 0.00969801 0.00789477 0.00634484 0.00503718 0.00394499
 1.00996e-16 3.2043e-05 0.000188061 0.000893949 0.00344173 0.0107327 0.02711 0.0554711 0.0919509 0.123492 0.134395 0.118572 0.0849353 0.0496846 0.0243284 0.0110825 0.00646863 0.00637923 0.00828307 0.0110362 0.0141166 0.0171538 0.019786 0.0216786 0.022589 0.0224216 0.021248 0.019283 0.0168261 0.0141896 0.0116364 0.00934377 0.00739654 0.00580449 0.00453058 0.00351858
 1.01608e-16 2.45292e-05 0.000143936 0.000684143 0.00263388 0.00821342 0.0207467 0.0424523 0.0703763 0.0945341 0.102926 0.0909182 0.0653652 0.0387185 0.0198575 0.010564 0.00826199 0.00986921 0.0134557 0.0180717 0.0231484 0.0281474 0.0324898 0.0356288 0.0371651 0.0369382 0.0350602 0.0318767 0.0278731 0.0235574 0.0193592 0.0155705 0.0123347 0.00967368 0.00753299 0.00582606
 1.02667e-16 2.60977e-05 0.000153153 0.000727981 0.0028027 0.0087399 0.0220764 0.0451723 0.0748821 0.100577 0.109479 0.0966428 0.0693433 0.0407992 0.020419 0.0100528 0.00691658 0.00770701 0.0103837 0.0140019 0.0180812 0.0222223 0.0260031 0.029015 0.0309407 0.0316198 0.0310758 0.0294939 0.0271606 0.0243893 0.0214555 0.0185597 0.0158221 0.0132987 0.0110077 0.00895231
 1.02451e-16 3.00273e-05 0.000176229 0.000837699 0.00322516 0.0100574 0.0254041 0.0519806 0.0861651 0.115722 0.12594 0.111116 0.0796013 0.0465789 0.0228364 0.010455 0.00618254 0.00617986 0.00808736 0.0108474 0.0139855 0.017167 0.0200604 0.0223509 0.023798 0.0242858 0.0238428 0.0226222 0.0208532 0.0187807 0.0166142 0.0144992 0.0125145 0.0106876 0.00901804 0.00749749
 1.03629e-16 1.70138e-05 9.98051e-05 0.000474318 0.00182597 0.00569395 0.0143829 0.0294322 0.0487984 0.065569 0.0714417 0.06323 0.0457276 0.0276265 0.0151645 0.00967557 0.00947309 0.0124942 0.0174164 0.0235082 0.0301972 0.0368375 0.0426999 0.0470866 0.0494811 0.0496644 0.0477584 0.0441762 0.0395049 0.0343596 0.0292581 0.0245498 0.0204057 0.0168542 0.0138395 0.0112756
 1.02371e-16 3.40636e-05 0.000199935 0.000950418 0.00365919 0.0114109 0.0288229 0.0589749 0.0977553 0.131276 0.142838 0.125953 0.0900741 0.0523922 0.0251001 0.0105042 0.00486068 0.00377774 0.00457934 0.00612157 0.00798533 0.00996523 0.0118875 0.013584 0.0149132 0.015784 0.0161677 0.0160927 0.0156257 0.0148493 0.0138424 0.0126703 0.011385 0.0100303 0.0086485 0.00728386
 1.00998e-16 3.3885e-05 0.000198879 0.000945382 0.00363978 0.0113503 0.02867 0.0586627 0.09724 0.130591 0.14211 0.125354 0.0897377 0.0523819 0.0254403 0.0112356 0.00606889 0.00558102 0.00709188 0.00940703 0.0120117 0.0145715 0.0167735 0.0183326 0.0190453 0.0188366 0.0177767 0.0160581 0.013945 0.0117092 0.00957555 0.00769117 0.00612014 0.00485989 0.00386748 0.00308519
 1.01183e-16 2.76616e-05 0.000162331 0.000771603 0.00297064 0.00926361 0.0233993 0.0478794 0.0793702 0.106607 0.116047 0.102453 0.0735374 0.0433167 0.0217689 0.0108595 0.00763887 0.00859841 0.0115557 0.0154744 0.0197952 0.0240366 0.0276957 0.030302 0.0315145 0.0312006 0.0294651 0.0266154 0.0230793 0.0193031 0.015663 0.0124128 0.0096744 0.0074612 0.00571824 0.00436151
 1.01636e-16 3.01673e-05 0.000177049 0.000841595 0.00324016 0.0101041 0.0255222 0.0522224 0.0865663 0.116262 0.126531 0.111646 0.0799987 0.0468473 0.0230344 0.0106567 0.00645213 0.00656582 0.00862422 0.0115541 0.0148599 0.018179 0.0211488 0.0234261 0.0247512 0.0250042 0.0242264 0.0225993 0.0203911 0.0178892 0.0153418 0.0129249 0.0107358 0.00880832 0.00713711 0.00570043
 1.01995e-16 2.57047e-05 0.000150841 0.000716977 0.00276031 0.0086077 0.0217426 0.0444897 0.0737521 0.0990638 0.107845 0.0952325 0.0683999 0.0403816 0.0204632 0.0104885 0.00773509 0.00895793 0.012136 0.0162997 0.0209064 0.0254698 0.0294734 0.0324288 0.0339766 0.0339672 0.0324911 0.0298442 0.0264454 0.0227339 0.0190808 0.0157378 0.0128293 0.0103768 0.00833899 0.00665014
 1.03085e-16 2.16753e-05 0.000127182 0.000604491 0.0023272 0.00725705 0.018331 0.0375096 0.0621836 0.0835331 0.0909592 0.0803719 0.0578372 0.0343688 0.0178301 0.00981813 0.00808186 0.00992169 0.0136486 0.0184261 0.0237363 0.0290688 0.033861 0.0375701 0.0397838 0.0403088 0.0392063 0.0367579 0.033381 0.0295224 0.0255674 0.0217873 0.0183313 0.0152511 0.0125398 0.0101681
 1.01717e-16 3.39204e-05 0.000199091 0.000946398 0.0036437 0.0113626 0.0287009 0.0587256 0.0973431 0.130726 0.142247 0.125452 0.0897594 0.0522964 0.0252168 0.0108306 0.00542195 0.0046224 0.00575916 0.0076672 0.00988392 0.0121443 0.0142099 0.0158577 0.0169165 0.0173015 0.0170284 0.0162001 0.0149737 0.0135186 0.0119812 0.0104653 0.00902954 0.007698 0.00647547 0.00536073
 1.00094e-16 4.15454e-05 0.000243866 0.00115928 0.0044634 0.0139188 0.0351576 0.0719356 0.119236 0.160114 0.174192 0.153546 0.109687 0.0635565 0.0299888 0.0117489 0.00421783 0.00199205 0.00178016 0.00219246 0.00276551 0.00333935 0.0038252 0.00415393 0.00427821 0.00418192 0.00388388 0.00343239 0.00289296 0.00233291 0.00180816 0.00135536 0.000990518 0.000712582 0.000509742 0.000365698
 1.00018e-16 4.20587e-05 0.000246879 0.00117361 0.00451858 0.0140909 0.0355922 0.0728248 0.120709 0.162092 0.176342 0.155436 0.111025 0.0643083 0.0302992 0.0117926 0.00410848 0.00177322 0.00145429 0.00174818 0.0021937 0.00264101 0.00301463 0.00325854 0.00333515 0.00323259 0.00296751 0.00258066 0.00212669 0.00166157 0.00123164 0.000867097 0.000580747 0.000370966 0.000226859 0.000133567
 1.00126e-16 3.32577e-05 0.000195192 0.000927844 0.00357223 0.0111397 0.028138 0.0575745 0.0954376 0.128175 0.139492 0.123071 0.0881614 0.0515784 0.025267 0.0115262 0.00674309 0.006649 0.00860704 0.0114158 0.0145156 0.017503 0.0199863 0.0216102 0.0221273 0.0214583 0.019713 0.01716 0.0141603 0.0110839 0.00823713 0.00581997 0.00391761 0.00252 0.00155594 0.000927942
 1.00831e-16 2.93349e-05 0.000172157 0.000818325 0.00315054 0.00982463 0.0248164 0.0507786 0.0841747 0.113055 0.123055 0.108612 0.077897 0.0457616 0.0227697 0.010984 0.00725438 0.00784469 0.0104391 0.0139584 0.0178535 0.0216792 0.0249793 0.0273277 0.0284149 0.0281191 0.0265324 0.0239304 0.0206988 0.0172416 0.0139015 0.0109123 0.00838966 0.00635146 0.0047526 0.00351992
 1.01079e-16 3.26492e-05 0.000191623 0.000910885 0.00350695 0.0109361 0.0276237 0.056522 0.0936921 0.125828 0.13693 0.120793 0.0864923 0.0505266 0.024613 0.0109978 0.00612601 0.00580634 0.00746255 0.00994492 0.0127518 0.0155478 0.0180114 0.0198435 0.0208223 0.0208525 0.0199834 0.0183892 0.0163199 0.0140402 0.0117766 0.00968587 0.00785008 0.00628997 0.00498808 0.00391061
 1.01042e-16 3.15817e-05 0.000185353 0.00088107 0.00339214 0.0105781 0.0267194 0.054672 0.0906265 0.121714 0.132463 0.116874 0.0837328 0.0490091 0.0240499 0.011044 0.00656823 0.00657805 0.00857927 0.0114404 0.0146375 0.0177907 0.0205264 0.0224977 0.0234529 0.023292 0.0220882 0.0200627 0.0175245 0.0147965 0.0121505 0.00977019 0.00774428 0.00608392 0.00475194 0.00369127
 1.01391e-16 2.86135e-05 0.000167922 0.000798193 0.00307303 0.00958291 0.0242058 0.0495293 0.0821039 0.110274 0.12003 0.105944 0.0759904 0.0446549 0.0222441 0.0107732 0.00717339 0.00780441 0.0104113 0.0139443 0.0178694 0.0217517 0.0251434 0.0276237 0.028884 0.0287967 0.027442 0.0250779 0.0220696 0.0188008 0.0155967 0.01268 0.0101619 0.00806315 0.00634794 0.00495658
 1.01282e-16 3.31804e-05 0.000194743 0.000925722 0.00356408 0.0111143 0.0280738 0.0574426 0.0952175 0.127874 0.139152 0.122742 0.087861 0.0512731 0.0248778 0.0109489 0.00586486 0.00536063 0.00681928 0.00908326 0.0116647 0.0142542 0.0165611 0.0183147 0.0193123 0.0194629 0.0188036 0.0174829 0.015717 0.013736 0.0117371 0.00985811 0.00817264 0.00670264 0.00543852 0.00435793
 1.01107e-16 3.18186e-05 0.000186744 0.000887685 0.00341762 0.0106575 0.0269201 0.0550825 0.0913068 0.122627 0.133454 0.117745 0.0843469 0.0493492 0.0241808 0.0110436 0.0064852 0.00642851 0.00836057 0.0111448 0.0142604 0.0173358 0.020007 0.0219369 0.0228807 0.0227412 0.0215894 0.0196398 0.0171923 0.0145594 0.0120042 0.00970365 0.00774246 0.00613043 0.00483097 0.00378881
 1.01463e-16 2.85793e-05 0.000167722 0.000797241 0.00306937 0.00957148 0.0241769 0.0494702 0.082006 0.110143 0.119886 0.105817 0.075897 0.0445963 0.0222082 0.0107448 0.00714068 0.00775982 0.0103506 0.0138659 0.0177748 0.0216459 0.0250351 0.0275248 0.0288079 0.0287562 0.0274472 0.0251344 0.0221774 0.0189543 0.0157861 0.0128926 0.0103844 0.00828326 0.00655536 0.00514392
 1.02051e-16 2.73905e-05 0.000160742 0.00076406 0.00294161 0.00917308 0.0231706 0.0474112 0.0785931 0.10556 0.114901 0.101424 0.0727616 0.0427855 0.0213657 0.0104375 0.00707104 0.00778971 0.0104422 0.0140285 0.0180383 0.0220514 0.02563 0.0283576 0.0299212 0.030179 0.0291875 0.0271738 0.02447 0.0214293 0.0183547 0.015458 0.0128523 0.010572 0.00860335 0.00691335
 1.03412e-16 2.03649e-05 0.000119487 0.000567904 0.00218632 0.00681772 0.0172213 0.0352393 0.0584213 0.0784831 0.0854709 0.0755478 0.054421 0.0324498 0.0170385 0.00970742 0.00836194 0.0104804 0.0144784 0.0195537 0.0251818 0.0308259 0.0358895 0.0397975 0.0421148 0.0426407 0.0414458 0.0388349 0.0352556 0.0311843 0.0270291 0.0230735 0.0194693 0.0162635 0.0134414 0.0109659
pSPR Fmed_Fpbrs
0.484399   0.6 0.325
Fs Fmed_Fpbrs
0.665457   0.411472 1.35974
SSBpbr Bo_Bmed_Bpbrs
877408  381146  482575 241287
Ro
32792.1
SPR SPRFo_SPRFmed_SPRFpbrs
675830 327372 219645
log_Ro
10.2179
likeval ReclasPelacesDesembMPH_pf_preclas_ppelaces_ptallas_desvR_qrecl_qpela
 147.84 24.8144 0.0466223 24.3888 300.452 215.727 79.8599 0 17.4843 1.01945e-08 9.46477e-05 2.24235e-15 0 0 0
q_reclas_q_pelaces
1.01441 3.99124
M
0.7
N
 40019.3 12151.1 4117.22 489.718 0.21539
 51829.7 18161.8 3346.75 972.392 114.869
 25937.5 23776.7 5368.17 864.008 278.885
 28230.2 11384.8 5263.66 962.597 202.879
 54803.9 13650.5 4749.41 2098.28 463.591
 20882.6 27055.8 6523.58 2247.16 1211.56
 69694 9718.63 8786.63 1896.44 1000.13
 108545 32795.2 3392.77 2798.03 918.318
 86404.6 49175.2 8930.69 789.9 858.759
 114866 39676.6 14628.4 2324.28 426.308
 71058.6 53669.6 13223 4393.54 822.024
 33721.6 31424.5 12478.9 2522.41 985.557
 39590.1 15092.9 7903.89 2628.39 732.61
 27557.2 16064.2 1997.69 740.988 309.932
 20335.6 7555.13 163.317 7.36523 3.69041
 11649.9 5848.95 105.115 0.894291 0.0578839
 8193.16 4980.07 1089.05 15.1533 0.135604
 10696 3579.58 1069.5 187.946 2.61128
 13202.2 4805.66 923.239 232.515 41.0932
 12623.7 6071.33 1443.42 243.221 71.6298
 25505.5 5818.75 1851.44 387.598 84.0322
 40033.8 12137.8 2186.8 647.028 164.25
 45754.6 19013.8 4502.48 751.755 277.879
 49532.7 21739 7070.42 1552.61 353.771
 28694.6 23430 7852.79 2350.6 631.278
pred_Ctot
 2491.12 4024.67 1619.45 193.973 0.0853364
 2853.25 5445.98 1199.35 351.012 41.4765
 2181.16 9918.77 2611.15 422.856 136.521
 534.126 1322.55 756.174 139.517 29.4147
 230.297 370.166 161.675 72.1146 15.9386
 946.888 6898.38 2005.41 696.121 375.422
 2635.02 2118.22 2325.26 505.899 266.876
 6881.76 11022.2 1352.78 1123.4 368.797
 4699.86 14601 3170.9 282.513 307.224
 4899.64 9601.23 4278.59 685.133 125.7
 5630.81 21425.7 6179.39 2066.22 386.678
 2407.94 11591.9 5423.75 1103.61 431.31
 5268.3 8562.29 5044.71 1685.25 469.81
 9182.12 13475.2 1741.66 646.921 270.601
 6348.83 6230.11 140.589 6.35008 3.18195
 1176.08 2777.74 57.448 0.491477 0.0318179
 713.459 2131.02 542.077 7.58829 0.0679212
 736.784 1284.18 453.045 80.1514 1.11388
 705.049 1405.46 323.166 81.9876 14.4939
 654.487 1732.62 493.706 83.8088 24.689
 766.28 1034.11 402.484 84.9662 18.4267
 1258 2245.87 494.284 147.465 37.4461
 1425.9 3492.09 1010.42 170.11 62.8992
 1695.1 4339.97 1719.7 380.729 86.7775
 970.003 4626.94 1890.07 570.408 153.236
F
 0.090042 0.589428 0.743174 0.750476 0.750751
 0.0792577 0.518832 0.654164 0.660592 0.660834
 0.123413 0.80788 1.01861 1.02862 1.02899
 0.0266196 0.174255 0.219708 0.221867 0.221948
 0.00585833 0.0383495 0.0483525 0.0488276 0.0488455
 0.0648736 0.424672 0.535443 0.540704 0.540902
 0.0538327 0.352397 0.444316 0.448681 0.448846
 0.0917774 0.600788 0.757497 0.764939 0.76522
 0.0782787 0.512423 0.646084 0.652432 0.652671
 0.0609224 0.398807 0.502831 0.507772 0.507958
 0.115917 0.758811 0.956739 0.966139 0.966493
 0.103913 0.680232 0.857664 0.866091 0.866408
 0.201987 1.32224 1.66713 1.68351 1.68412
 0.594038 3.88866 4.90297 4.95115 4.95296
 0.546113 3.57493 4.50741 4.5517 4.55337
 0.149853 0.980959 1.23683 1.24898 1.24944
 0.128053 0.838253 1.0569 1.06729 1.06768
 0.100076 0.655113 0.825993 0.834108 0.834414
 0.076805 0.502776 0.63392 0.640148 0.640383
 0.074489 0.487616 0.614805 0.620846 0.621073
 0.0425664 0.278646 0.351328 0.35478 0.35491
 0.0445604 0.291698 0.367785 0.371399 0.371535
 0.0441853 0.289243 0.364689 0.368272 0.368407
 0.0486147 0.318239 0.401248 0.40519 0.405339
 0.0480091 0.314274 0.396249 0.400143 0.400289
nmprior
 10 11 7 0
nm_flota  nm_reclas  nm_pelaces    nm_pelaL
inf 8.51445 14.3972 24.5434
cv_recla  cv_pelaces  cv_mph
0.549908 0.488467 0.480678
 ------------------------------------------------
Talla a la edad & desviación 
 7.2 14.2025 17.0495 18.207 18.6776
 1.08 2.13037 2.55742 2.73105 2.80164
