years
 1997 1998 1999 2000 2001 2002 2003 2004 2005 2006 2007 2008 2009 2010 2011 2012 2013 2014 2015 2016 2017 2018 2019 2020 2021
reclasobs
 0 0 0 370054 412103 1.49427e+06 250295 1.28982e+06 931140 785840 897777 1.04006e+06 184774 17550 25797 100020 73551 82996 120727 218422 84188 347160 605670 569463 516374
reclaspred
 614651 160135 513893 311187 387052 486212 747924 667983 886891 847100 786437 539759 248109 55127.7 48189.2 68520.3 68816.3 88578.3 112827 140832 207298 252108 501573 541216 608576
pelacesobs
 0 0 0 0 0 0 0 0 0 2.06254e+06 1.5e+06 0 1.87456e+06 323000 250000 174000 83755 137374 0 501740 490994 745055 786931 1.00524e+06 0
pelacespred
 2.74325e+06 635138 1.06537e+06 1.03393e+06 1.23515e+06 961144 2.4119e+06 2.54927e+06 2.65914e+06 2.66966e+06 2.00029e+06 1.29327e+06 670981 142700 173366 164207 172709 249238 280161 345887 688232 679706 1.00759e+06 1.33262e+06 1.39124e+06
mphobs
 0 0 0 0 0 112000 148000 153000 721000 0 182000 411000 85000 105000 0 51000 18000 17000 60000 28000 0 208000 137000 643000 0
mphpred
 211739 121193 143126 149228 138420 202070 227434 297337 366702 356716 365141 262167 140751 48955.2 20487.9 28660 27800.8 32167.9 43455.8 51729.4 69754.1 100002 150241 204964 249215
desembarqueobs
 350755 77701 442110 56441 14545 235359 269955 359681 431902 328805 639364 411747 362871 311530 167758 66681 60226 58785 57116 71774 51957 67425 138520 160799 200461
desembarquepred
 350759 77698.4 442070 56443.3 14545.3 235555 270150 359461 432081 328879 639102 411902 363177 311643 167254 66675.3 60276.6 58765.7 57093.9 71776.8 51964.7 67402 138522 160843 200488
Reclutas
 40692.5 52520 26853.8 29517.9 55179.9 21212.3 67379.9 119066 87313.9 114281 73399.6 33542.8 38000.7 23887 22583.8 11522.2 7964.34 11310.3 12762.7 13957.7 28070.3 43321.9 53205.2 49415.7 28199
log_desv_Rt
 0.194541 0.449693 -0.221093 -0.126504 0.499097 -0.456922 0.698846 1.26818 0.958008 1.22716 0.784417 0.00132009 0.126103 -0.338165 -0.394267 -1.06723 -1.43653 -1.08579 -0.964972 -0.875473 -0.176788 0.257157 0.462655 0.388768 -0.172214
SSB
 529205 302902 357719 372970 345957 505041 568433 743144 916511 891552 912608 655242 351784 122355 51206.1 71631 69483.5 80398.2 108611 129289 174339 249938 375503 512274 622872
BT
 1.75036e+06 450516 797155 580735 643765 662753 1.46896e+06 1.7271e+06 1.75755e+06 1.68668e+06 1.5933e+06 1.02395e+06 697800 355423 227570 138674 138804 177488 190334 234347 403185 404990 600615 807070 860440
Ftot
 0.724883 0.639974 1.0032 0.212922 0.0468682 0.53323 0.437249 0.752913 0.615212 0.480028 0.935304 0.826151 1.55291 4.95303 4.95303 1.26466 1.09814 0.857144 0.635921 0.626967 0.333698 0.339393 0.333874 0.353441 0.364782
BD_Bspro_t
 0.926722 0.685681 0.627961 0.457863 0.568226 0.711049 0.605596 0.645289 0.650681 0.593344 0.567459 0.416798 0.280857 0.132393 0.0704884 0.113274 0.147425 0.217284 0.323069 0.421555 0.526947 0.676719 0.725193 0.723195 0.687464
BD_Bspro
 0.766532 0.438741 0.518141 0.540231 0.501105 0.731531 0.823351 1.07641 1.32753 1.29138 1.32188 0.949091 0.509544 0.177227 0.0741699 0.103755 0.100644 0.116454 0.157318 0.18727 0.252523 0.362026 0.5439 0.742008 0.902205
BD_Bo
 0.586248 0.335551 0.396277 0.413172 0.383247 0.559479 0.629703 0.823246 1.0153 0.98765 1.01098 0.725869 0.389702 0.135544 0.0567255 0.079352 0.076973 0.0890642 0.120318 0.143225 0.193131 0.276879 0.415978 0.567491 0.690011
BD_Brms
 1.0659 0.610093 0.720503 0.751221 0.696814 1.01723 1.14491 1.49681 1.846 1.79573 1.83814 1.31976 0.708549 0.246443 0.103137 0.144276 0.139951 0.161935 0.218759 0.260409 0.351146 0.503416 0.756323 1.0318 1.25456
S_f
 0.128963 0.759452 0.985364 0.999304 0.999967
 0.128963 0.759452 0.985364 0.999304 0.999967
 0.128963 0.759452 0.985364 0.999304 0.999967
 0.128963 0.759452 0.985364 0.999304 0.999967
 0.128963 0.759452 0.985364 0.999304 0.999967
 0.128963 0.759452 0.985364 0.999304 0.999967
 0.128963 0.759452 0.985364 0.999304 0.999967
 0.128963 0.759452 0.985364 0.999304 0.999967
 0.128963 0.759452 0.985364 0.999304 0.999967
 0.128963 0.759452 0.985364 0.999304 0.999967
 0.128963 0.759452 0.985364 0.999304 0.999967
 0.128963 0.759452 0.985364 0.999304 0.999967
 0.128963 0.759452 0.985364 0.999304 0.999967
 0.128963 0.759452 0.985364 0.999304 0.999967
 0.128963 0.759452 0.985364 0.999304 0.999967
 0.128963 0.759452 0.985364 0.999304 0.999967
 0.128963 0.759452 0.985364 0.999304 0.999967
 0.128963 0.759452 0.985364 0.999304 0.999967
 0.128963 0.759452 0.985364 0.999304 0.999967
 0.128963 0.759452 0.985364 0.999304 0.999967
 0.128963 0.759452 0.985364 0.999304 0.999967
 0.128963 0.759452 0.985364 0.999304 0.999967
 0.128963 0.759452 0.985364 0.999304 0.999967
 0.128963 0.759452 0.985364 0.999304 0.999967
 0.128963 0.759452 0.985364 0.999304 0.999967
Scru_reclas
 0.344994 1 1 1 1
 0.344994 1 1 1 1
 0.344994 1 1 1 1
 0.344994 1 1 1 1
 0.344994 1 1 1 1
 0.344994 1 1 1 1
 0.344994 1 1 1 1
 0.344994 1 1 1 1
 0.344994 1 1 1 1
 0.344994 1 1 1 1
 0.344994 1 1 1 1
 0.344994 1 1 1 1
 0.344994 1 1 1 1
 0.344994 1 1 1 1
 0.344994 1 1 1 1
 0.344994 1 1 1 1
 0.344994 1 1 1 1
 0.344994 1 1 1 1
 0.344994 1 1 1 1
 0.344994 1 1 1 1
 0.344994 1 1 1 1
 0.344994 1 1 1 1
 0.344994 1 1 1 1
 0.344994 1 1 1 1
 0.344994 1 1 1 1
Scru_pelaces
 0.876189 1 1 1 1
 0.876189 1 1 1 1
 0.876189 1 1 1 1
 0.876189 1 1 1 1
 0.876189 1 1 1 1
 0.876189 1 1 1 1
 0.876189 1 1 1 1
 0.876189 1 1 1 1
 0.876189 1 1 1 1
 0.876189 1 1 1 1
 0.876189 1 1 1 1
 0.876189 1 1 1 1
 0.876189 1 1 1 1
 0.876189 1 1 1 1
 0.876189 1 1 1 1
 0.876189 1 1 1 1
 0.876189 1 1 1 1
 0.876189 1 1 1 1
 0.876189 1 1 1 1
 0.876189 1 1 1 1
 0.876189 1 1 1 1
 0.876189 1 1 1 1
 0.876189 1 1 1 1
 0.876189 1 1 1 1
 0.876189 1 1 1 1
pf_obs 
 0.256992 0.487395 0.22802 0.0275931 0
 0.321318 0.546541 0.124235 0.00734118 0.000564706
 0.182869 0.594174 0.210203 0.0122559 0.00049798
 0.330522 0.361315 0.267642 0.0388342 0.00168674
 0.649043 0.306663 0.0425973 0.00169635 0
 0.582887 0.30429 0.105238 0.00758474 0
 0.465427 0.430635 0.0974691 0.00646863 0
 0.296916 0.608066 0.0921331 0.00288517 0
 0.311714 0.524322 0.152257 0.0117073 0
 0.15457 0.633149 0.183074 0.0267441 0.00246327
 0.131901 0.49318 0.331252 0.0422183 0.00144891
 0.196976 0.569456 0.194076 0.0375587 0.00193317
 0.518974 0.381816 0.0799577 0.0180837 0.00116848
 0.0928022 0.601141 0.25162 0.0475244 0.00691264
 0.122501 0.610282 0.24278 0.0234846 0.000952079
 0.383417 0.481906 0.127806 0.00687128 0
 0.0376549 0.599619 0.316969 0.0457579 0
 0.0361596 0.667082 0.258105 0.0386534 0
 0.158088 0.579412 0.248529 0.0139706 0
 0.0477256 0.309471 0.559284 0.082774 0.000745712
 0.0406174 0.521527 0.379366 0.0568643 0.0016247
 0.151134 0.462217 0.34131 0.0453401 0
 0.294876 0.26143 0.354403 0.0886775 0.000613685
 0.281977 0.475581 0.204845 0.0348837 0.00271318
 0 0 0 0 0
pf_pred 
 0.312327 0.472757 0.191922 0.0229831 1.01111e-05
 0.303315 0.528484 0.127437 0.0364786 0.0042848
 0.154691 0.62987 0.17575 0.030209 0.00947969
 0.206442 0.455228 0.274901 0.0519576 0.0114713
 0.281291 0.422583 0.189415 0.0869511 0.0197592
 0.0935376 0.613495 0.19022 0.0660531 0.0366941
 0.340352 0.260068 0.297222 0.0668847 0.0354734
 0.377208 0.484428 0.0651562 0.0546971 0.0185104
 0.207392 0.637634 0.129313 0.0122142 0.0134482
 0.25529 0.463293 0.239761 0.0348683 0.00678818
 0.17046 0.573182 0.177779 0.0671218 0.0114568
 0.11799 0.539756 0.262628 0.0555893 0.0240369
 0.244567 0.388077 0.255702 0.0860975 0.0255566
 0.344379 0.527148 0.0815755 0.0329275 0.0139695
 0.596147 0.391338 0.0116488 0.000564306 0.000301889
 0.309077 0.681083 0.00974272 9.13257e-05 6.32006e-06
 0.223696 0.608037 0.166709 0.00154284 1.50776e-05
 0.327442 0.468488 0.172351 0.0314329 0.000286941
 0.284616 0.558174 0.120919 0.0307501 0.00554162
 0.25659 0.535448 0.173252 0.026814 0.00789572
 0.359794 0.440786 0.156116 0.0361898 0.00711395
 0.315604 0.522474 0.121144 0.0320364 0.00874239
 0.25753 0.536136 0.167713 0.0290136 0.00960739
 0.195007 0.534448 0.210303 0.0491153 0.0111263
 0.116667 0.517556 0.265919 0.0779073 0.021951
pobs_RECLAS
 0 0 0 0 0
 0 0 0 0 0
 0 0 0 0 0
 0 0 0 0 0
 0.835266 0.146461 0.0176864 0.000547809 3.91292e-05
 0.385257 0.428462 0.181853 0.0044286 0
 0.867414 0.0963971 0.0333333 0.00285562 0
 0.441836 0.489002 0.0689373 0.000224442 0
 0.779404 0.147425 0.0564933 0.0165055 0.000172143
 0.814271 0.122319 0.05973 0.00367925 0
 0.40263 0.566651 0.0304383 0.000280538 0
 0.475488 0.404961 0.113038 0.00651328 0
 0.955842 0.0263864 0.0167828 0.000988607 0
 0.975058 0.0227948 0.00214734 0 0
 0.738997 0.206755 0.0527124 0.00153531 0
 0.850938 0.134255 0.0134407 0.00136685 0
 0.542534 0.407297 0.0501686 0 0
 0.764087 0.199537 0.0359546 0.000420521 0
 0.470689 0.182191 0.310203 0.0369168 0
 0.84361 0.089868 0.0606195 0.00523954 0.000663233
 0.607945 0.314616 0.071237 0.00620181 0
 0.523733 0.453247 0.0230204 0 0
 0.530135 0.295979 0.169645 0.0042399 0
 0.562478 0.366248 0.0663022 0.0049721 0
 0.250443 0.683176 0.0655157 0.000865301 0
ppred_RECLAS
 0.50928 0.365204 0.112268 0.0132414 5.8212e-06
 0.492595 0.408925 0.0748853 0.0211163 0.00247858
 0.296565 0.560311 0.117102 0.01981 0.00621177
 0.371974 0.4002 0.185612 0.0345845 0.0076305
 0.468486 0.345813 0.11939 0.0540392 0.0122719
 0.189228 0.595296 0.140642 0.0481202 0.0267132
 0.555685 0.204804 0.178832 0.0396593 0.0210194
 0.575582 0.349512 0.035562 0.029401 0.00994261
 0.36529 0.535955 0.0826103 0.00768706 0.00845773
 0.439157 0.383471 0.151446 0.0217036 0.00422232
 0.323298 0.507143 0.118155 0.0439135 0.00748989
 0.239388 0.515095 0.189081 0.0394082 0.0170277
 0.458671 0.321079 0.154142 0.0509862 0.0151217
 0.692042 0.272178 0.0230246 0.00896042 0.00379485
 0.85353 0.14396 0.00234252 0.000109409 5.84295e-05
 0.497404 0.497281 0.0052636 4.85199e-05 3.35509e-06
 0.398462 0.498631 0.101969 0.000928511 9.06702e-06
 0.528739 0.355014 0.0984139 0.0176718 0.000161202
 0.46863 0.437997 0.0720676 0.0180542 0.00325132
 0.437068 0.434919 0.106916 0.0163011 0.00479666
 0.555708 0.330212 0.0895892 0.0204702 0.00402115
 0.501863 0.402859 0.0715442 0.0186484 0.00508547
 0.433533 0.437762 0.104899 0.0178869 0.00591891
 0.35199 0.467426 0.140829 0.0324173 0.00733861
 0.232249 0.498919 0.196219 0.05666 0.0159535
pobs_PELACES
 0 0 0 0 0
 0 0 0 0 0
 0 0 0 0 0
 0 0 0 0 0
 0 0 0 0 0
 0 0 0 0 0
 0 0 0 0 0
 0 0 0 0 0
 0 0 0 0 0
 0 0 0 0 0
 0.450072 0.473896 0.0757376 0.000293798 0
 0 0 0 0 0
 0.463077 0.371075 0.160297 0.00555027 0
 0.529543 0.364841 0.0842815 0.0213345 0
 0.631943 0.363953 0.00410389 0 0
 0.735681 0.248677 0.0153453 0.000297389 0
 0.695825 0.281241 0.0229344 0 0
 0.275771 0.60734 0.115278 0.00161068 0
 0 0 0 0 0
 0.896147 0.0623911 0.0374545 0.00400742 0
 0.803859 0.145111 0.0509908 3.86294e-05 0
 0.739449 0.233085 0.0266225 0.000797448 4.60066e-05
 0.878498 0.100942 0.0204185 0.000141795 0
 0.694673 0.275183 0.0284847 0.00165964 0
 0 0 0 0 0
ppred_PELACES
 0.756509 0.183699 0.0535003 0.00628909 2.76437e-06
 0.739775 0.21166 0.0369549 0.01039 0.00121938
 0.572487 0.345653 0.0670337 0.0112878 0.00353871
 0.612633 0.248278 0.113337 0.0210972 0.00465453
 0.693563 0.199623 0.0686781 0.0310789 0.00705774
 0.400976 0.444526 0.100929 0.0344478 0.019121
 0.779785 0.103321 0.0873248 0.019327 0.0102423
 0.802716 0.164096 0.015785 0.0130052 0.00439727
 0.625896 0.318138 0.0468385 0.00434611 0.00478118
 0.68968 0.214585 0.0817679 0.0116922 0.00227443
 0.599968 0.305039 0.0662819 0.0245286 0.00418273
 0.491913 0.350943 0.121129 0.0251499 0.0108649
 0.756904 0.151024 0.0645766 0.0212082 0.00628787
 0.943186 0.0521167 0.00304755 0.00115929 0.000490442
 0.97658 0.0231414 0.000260296 1.18834e-05 6.33941e-06
 0.76598 0.231766 0.00223246 2.04595e-05 1.41436e-06
 0.681832 0.267335 0.0503723 0.000456369 4.45542e-06
 0.775739 0.171586 0.0446212 0.00798094 7.27883e-05
 0.720512 0.232292 0.0364514 0.00910504 0.00163947
 0.694231 0.23874 0.0560091 0.00851493 0.00250521
 0.774108 0.16897 0.0447165 0.0102016 0.00200385
 0.733995 0.216176 0.0374317 0.00974155 0.00265636
 0.676938 0.251079 0.058686 0.00999147 0.00330602
 0.599326 0.291154 0.0854395 0.0196353 0.00444469
 0.45559 0.357193 0.136711 0.0394103 0.0110957
pobs_pel_tallas
 0 0 0 0 0 0 0 0 0 0 0 0 0 0 0 0 0 0 0 0 0 0 0 0 0 0 0 0 0 0 0 0 0 0 0 0
 0 0 0 0 0 0 0 0 0 0 0 0 0 0 0 0 0 0 0 0 0 0 0 0 0 0 0 0 0 0 0 0 0 0 0 0
 0 0 0 0 0 0 0 0 0 0 0 0 0 0 0 0 0 0 0 0 0 0 0 0 0 0 0 0 0 0 0 0 0 0 0 0
 0 0 0 0 0 0 0 0 0 0 0 0 0 0 0 0 0 0 0 0 0 0 0 0 0 0 0 0 0 0 0 0 0 0 0 0
 0 0 0 0 0 0 0 0 0 0 0 0 0 0 0 0 0 0 0 0 0 0 0 0 0 0 0 0 0 0 0 0 0 0 0 0
 0 0 0 0 0 0 0 0 0 0 0 0 0 0 0 0 0 0 0 0 0 0 0 0 0 0 0 0 0 0 0 0 0 0 0 0
 0 0 0 0 0 0 0 0 0 0 0 0 0 0 0 0 0 0 0 0 0 0 0 0 0 0 0 0 0 0 0 0 0 0 0 0
 0 0 0 0 0 0 0 0 0 0 0 0 0 0 0 0 0 0 0 0 0 0 0 0 0 0 0 0 0 0 0 0 0 0 0 0
 0 0 0 0 0 0 0 0 0 0 0 0 0 0 0 0 0 0 0 0 0 0 0 0 0 0 0 0 0 0 0 0 0 0 0 0
 0 0 0 0 0 0 0 0 0 0 0 0 0 0 0 0 0 0 0 0 0 0 0 0 0 0 0 0 0 0 0 0 0 0 0 0
 0 0 0 0 0 0 0 0 1.78061e-05 0.00172719 0.00360574 0.0105946 0.0120993 0.0124554 0.0147524 0.0171206 0.0266825 0.0428682 0.0675386 0.121331 0.153587 0.119568 0.100827 0.0573624 0.0630603 0.0341343 0.0324427 0.0444173 0.0211091 0.0280891 0.0125444 0.00206551 0 0 0 0
 0 0 0 0 0 0 0 0 0 0 0 0 0 0 0 0 0 0 0 0 0 0 0 0 0 0 0 0 0 0 0 0 0 0 0 0
 0 0 0 0 0 0 0.0133647 0.0140871 0.0187388 0.0205184 0.03894 0.0496705 0.03968 0.0493445 0.0407372 0.0367815 0.0215668 0.0243155 0.0234873 0.0199281 0.019796 0.0243948 0.0301388 0.0376714 0.0412746 0.0863199 0.0771752 0.113111 0.0741005 0.0525337 0.0229764 0.00759418 0.00175318 0 0 0
 0 0 0 0 0 0 0 0 0 0 0.00219441 0.00772107 0.0458388 0.0604681 0.0671733 0.0775358 0.0609151 0.0617685 0.073594 0.0568108 0.0755445 0.0548602 0.0670107 0.0636378 0.0643287 0.046367 0.0373049 0.0286899 0.0247887 0.0153202 0.00654259 0.00121912 0.000365735 0 0 0
 0 0 0 0 0 0 0 0 0 0 0 0 0.000112435 0.00938835 0.0111873 0.0202946 0.0414886 0.0713402 0.111592 0.104902 0.108894 0.110636 0.117776 0.105296 0.107544 0.0401394 0.0192827 0.0124803 0.00416011 0.0028671 0.000618394 0 0 0 0 0
 0 0 0 0 0 0 0 0 0 0 0.00291406 0.0102884 0.027416 0.0768956 0.0749926 0.110853 0.0956884 0.0897413 0.0766577 0.0534642 0.0500743 0.0551293 0.0594112 0.0620874 0.0668451 0.0424026 0.0208742 0.0120726 0.0048766 0.00582813 0.00118941 0.000297354 0 0 0 0
 0 0.00264628 0.0354308 0.0461629 0.0458689 0.0383711 0.0214643 0.0164657 0.0346957 0.0420465 0.0363128 0.0245516 0.0311673 0.0291091 0.0169068 0.0133784 0.00837989 0.0085269 0.0148486 0.0160247 0.0276389 0.0546898 0.0760071 0.122758 0.109233 0.0665981 0.0333725 0.0166128 0.00676272 0.00308733 0.000882094 0 0 0 0 0
 0 0 0 0 0 0 0 0.000805153 0.000690131 0.00759144 0.0133425 0.0154129 0.00931677 0.000345066 0.00356568 0.00563607 0.00851162 0.0253048 0.0502646 0.0516448 0.0657925 0.0565908 0.0611916 0.0827007 0.0866115 0.110766 0.145733 0.0935128 0.0569358 0.0249597 0.0138026 0.00621118 0.00161031 0.00115022 0 0
 0 0 0 0 0 0 0 0 0 0 0 0 0 0 0 0 0 0 0 0 0 0 0 0 0 0 0 0 0 0 0 0 0 0 0 0
 0.00147267 0.00158595 0.00478618 0.00569244 0.00954404 0.0108468 0.00647125 0.017049 0.0510054 0.094081 0.124002 0.0959785 0.0687766 0.0820023 0.061753 0.0591476 0.0492212 0.0479892 0.0443925 0.0268479 0.0217502 0.0140895 0.0121071 0.0120363 0.00920419 0.00665534 0.0049561 0.00860946 0.00930331 0.0156896 0.0114698 0.00855282 0.00243557 0.00046729 0 2.83206e-05
 0 0 0 0 0.000772559 0.00158375 0.000888443 0.00281984 0.00712685 0.0440552 0.0773331 0.111326 0.0921469 0.0852325 0.0710754 0.0886704 0.0786465 0.0553345 0.0373146 0.0185414 0.00753245 0.00457741 0.012979 0.0271748 0.0457355 0.0583668 0.034881 0.0177882 0.00938659 0.00492506 0.0015258 0.00185414 0.000309023 5.79419e-05 3.86279e-05 0
 0 0.00173294 0.00326652 0 0.00397197 0.00683976 0.00946217 0.0152591 0.00757587 0.0136028 0.0228656 0.0392903 0.0559909 0.0764795 0.0681675 0.0726916 0.0566044 0.0477403 0.0527397 0.0444891 0.0609904 0.0582453 0.0661739 0.0445044 0.0529084 0.0360697 0.0280645 0.0235558 0.0158879 0.00826598 0.00280645 0.00217768 0.000904811 0.00058276 9.20147e-05 0
 0 0 0 0 0 0 0 0 0 0 0 0 0 0 0 0 0 0 0 0 0 0 0 0 0 0 0 0 0 0 0 0 0 0 0 0
 0 0 0 0 0 0 0 0 0 0 0 0 0 0 0 0 0 0 0 0 0 0 0 0 0 0 0 0 0 0 0 0 0 0 0 0
 0 0 0 0 0 0 0 0 0 0 0 0 0 0 0 0 0 0 0 0 0 0 0 0 0 0 0 0 0 0 0 0 0 0 0 0
ppred_pel_tallas
 1.01036e-16 3.30075e-05 0.000193727 0.000920892 0.00354548 0.0110563 0.0279272 0.0571429 0.094721 0.127209 0.13843 0.122111 0.0874218 0.0510422 0.0248131 0.0110008 0.00600665 0.00559044 0.00714801 0.0095223 0.0122169 0.0149083 0.0172891 0.0190732 0.0200472 0.020117 0.0193257 0.0178351 0.0158801 0.0137103 0.0115407 0.00952189 0.00773497 0.00620375 0.00491614 0.00384422
 1.01008e-16 3.2279e-05 0.000189448 0.00090054 0.00346711 0.0108119 0.0273099 0.0558801 0.0926286 0.124401 0.135383 0.119439 0.0855466 0.0500225 0.0244572 0.0110795 0.00638203 0.00622498 0.00805866 0.0107345 0.0137345 0.0166965 0.0192691 0.0211274 0.0220351 0.0218979 0.0207838 0.0188989 0.0165318 0.0139841 0.0115097 0.00928026 0.00737863 0.00581565 0.00455715 0.00355061
 1.01618e-16 2.49899e-05 0.000146642 0.000697009 0.00268342 0.00836792 0.0211369 0.0432507 0.0716993 0.0963097 0.104855 0.0926123 0.0665617 0.0393841 0.0201194 0.0105755 0.00812011 0.00960803 0.0130728 0.0175543 0.0224891 0.0273525 0.0315825 0.0346485 0.0361626 0.0359679 0.0341717 0.0311074 0.0272437 0.0230717 0.0190069 0.0153317 0.0121853 0.00958978 0.00749362 0.00581468
 1.02633e-16 2.67366e-05 0.000156905 0.000745821 0.00287139 0.00895412 0.0226175 0.0462794 0.0767166 0.103039 0.112154 0.0989939 0.0710066 0.0417303 0.0207968 0.0100928 0.00675761 0.00740063 0.00993033 0.0133859 0.0172911 0.0212618 0.024895 0.0278009 0.0296759 0.0303651 0.0298885 0.0284192 0.0262272 0.0236083 0.0208227 0.0180608 0.0154373 0.0130071 0.0107903 0.00879253
 1.02438e-16 3.02634e-05 0.000177616 0.000844292 0.00325055 0.0101365 0.0256041 0.0523896 0.086843 0.116632 0.126929 0.111985 0.0802166 0.0469243 0.0229783 0.0104736 0.00612979 0.00607543 0.00793196 0.0106354 0.0137124 0.0168332 0.0196727 0.0219225 0.0233468 0.0238322 0.0234065 0.0222193 0.0204948 0.0184725 0.016357 0.01429 0.0123484 0.0105588 0.00892049 0.00742562
 1.03655e-16 1.75153e-05 0.00010275 0.000488322 0.00187989 0.0058621 0.0148076 0.0303012 0.0502383 0.0675013 0.073541 0.0650732 0.0470284 0.0283482 0.0154449 0.00968013 0.00930629 0.0121917 0.0169744 0.0229121 0.0294394 0.0359265 0.0416642 0.0459734 0.0483506 0.0485805 0.0467786 0.043343 0.0388409 0.0338667 0.0289215 0.0243437 0.0202993 0.0168177 0.0138472 0.0113077
 1.02417e-16 3.40193e-05 0.000199674 0.000949181 0.00365443 0.011396 0.0287854 0.0588981 0.0976281 0.131105 0.142652 0.125789 0.0899565 0.0523235 0.0250665 0.010489 0.00485223 0.00377009 0.00457036 0.00611105 0.00797425 0.00995553 0.0118821 0.0135864 0.0149273 0.0158135 0.0162153 0.0161598 0.015712 0.0149527 0.0139592 0.0127959 0.011514 0.0101575 0.00876937 0.00739461
 1.0093e-16 3.50215e-05 0.000205553 0.000977118 0.00376198 0.0117314 0.0296325 0.0606319 0.100503 0.134971 0.146869 0.129535 0.0926935 0.0540323 0.0261017 0.0112895 0.00575922 0.00499663 0.00623134 0.00824146 0.0105225 0.0127697 0.0147075 0.0160862 0.0167277 0.0165657 0.0156604 0.0141789 0.0123503 0.0104106 0.00855537 0.00691205 0.00553643 0.00442658 0.0035458 0.00284489
 1.01142e-16 2.73176e-05 0.00016031 0.000761996 0.00293365 0.00914825 0.0231079 0.0472833 0.0783825 0.105281 0.114608 0.10119 0.072649 0.0428292 0.02159 0.0108787 0.00778814 0.00885724 0.0119299 0.0159756 0.0204272 0.0247884 0.0285386 0.0311911 0.0323947 0.0320149 0.0301644 0.027166 0.0234674 0.0195345 0.0157592 0.0124049 0.00959645 0.00734466 0.00558854 0.00423655
 1.01739e-16 3.00948e-05 0.000176624 0.000839575 0.00323238 0.0100799 0.025461 0.052097 0.0863583 0.115982 0.126226 0.111374 0.0797988 0.04672 0.022953 0.0105881 0.00636977 0.00645257 0.00847033 0.0113566 0.0146234 0.0179174 0.0208853 0.0231912 0.0245788 0.0249253 0.0242638 0.0227627 0.0206751 0.0182743 0.0157984 0.0134181 0.0112311 0.00927613 0.00755576 0.00605716
 1.02079e-16 2.61865e-05 0.000153671 0.000730434 0.00281213 0.0087693 0.0221507 0.0453247 0.0751358 0.100921 0.109862 0.0970025 0.0696474 0.0410702 0.0207237 0.0104781 0.00755148 0.0086325 0.0116624 0.0156623 0.0200977 0.0245005 0.0283757 0.0312558 0.0327953 0.0328489 0.0314997 0.029027 0.0258272 0.0223161 0.0188452 0.015653 0.0128579 0.0104815 0.00848691 0.00681519
 1.03206e-16 2.14768e-05 0.000126016 0.000598951 0.00230587 0.00719053 0.018163 0.0371658 0.0616139 0.0827682 0.0901274 0.0796395 0.0573156 0.0340701 0.0176957 0.00977718 0.00808629 0.00995009 0.0136959 0.0184941 0.0238288 0.0291895 0.034013 0.0377553 0.0400027 0.0405608 0.0394895 0.0370691 0.0337159 0.0298752 0.0259311 0.0221537 0.0186916 0.0155963 0.0128618 0.0104602
 1.01989e-16 3.30234e-05 0.000193824 0.000921357 0.00354728 0.0110619 0.0279414 0.0571717 0.0947678 0.127269 0.138489 0.122145 0.0874096 0.0509611 0.0246362 0.0106906 0.00551345 0.00485764 0.00612389 0.00817587 0.010555 0.0129893 0.0152284 0.0170361 0.0182297 0.0187157 0.0185058 0.0177031 0.0164673 0.014972 0.013368 0.011763 0.0102196 0.00876588 0.00741154 0.00616089
 1.00124e-16 4.11421e-05 0.000241497 0.00114802 0.00442003 0.0137835 0.0348159 0.0712367 0.118078 0.158559 0.172503 0.152062 0.108637 0.0629698 0.0297525 0.0117271 0.0043236 0.00219334 0.00207709 0.00259504 0.00328045 0.00396329 0.00454204 0.00493532 0.00508706 0.00497797 0.00463005 0.00410018 0.00346553 0.00280549 0.00218597 0.00165023 0.00121716 0.000885654 0.000641947 0.000467059
 1.00013e-16 4.2597e-05 0.000250041 0.00118865 0.00457647 0.0142714 0.0360482 0.0737577 0.122255 0.164167 0.178596 0.157415 0.112423 0.0650867 0.0306065 0.0118081 0.00394604 0.00147308 0.00101414 0.00115341 0.00143582 0.0017272 0.00197154 0.00213126 0.00218167 0.00211496 0.00194202 0.00168943 0.00139291 0.00108901 0.000808011 0.000569647 0.000382298 0.000244919 0.000150417 8.91026e-05
 1.00109e-16 3.34224e-05 0.000196159 0.000932441 0.00358994 0.0111949 0.0282774 0.0578597 0.0959104 0.128809 0.140182 0.123677 0.0885909 0.05182 0.0253673 0.0115414 0.00670988 0.00658149 0.0085061 0.0112777 0.0143374 0.0172843 0.0197311 0.0213265 0.0218262 0.0211527 0.0194152 0.0168805 0.0139066 0.0108601 0.00804442 0.00565739 0.00378289 0.00241026 0.0014681 0.000859021
 1.00819e-16 2.97547e-05 0.000174622 0.000830048 0.00319568 0.0099654 0.0251719 0.051506 0.0853801 0.114673 0.124813 0.110156 0.0789878 0.0463694 0.0230108 0.0109985 0.00713157 0.00761638 0.0101039 0.0135052 0.0172756 0.0209818 0.0241823 0.0264649 0.0275301 0.0272591 0.0257397 0.023237 0.0201224 0.0167854 0.0135566 0.0106622 0.00821453 0.00623188 0.00467201 0.00346555
 1.00968e-16 3.38455e-05 0.000198648 0.00094429 0.00363558 0.0113372 0.0286369 0.0585948 0.0971272 0.130438 0.141941 0.125197 0.0896094 0.0522749 0.025329 0.0110872 0.00585116 0.00526647 0.00666098 0.00885355 0.0113492 0.0138379 0.0160318 0.0176642 0.018538 0.0185681 0.0177981 0.0163828 0.0145446 0.0125185 0.0105059 0.00864612 0.00701221 0.00562265 0.00446207 0.00350062
 1.00983e-16 3.14398e-05 0.000184519 0.000877105 0.00337688 0.0105305 0.0265992 0.054426 0.090219 0.121167 0.131869 0.116355 0.0833694 0.048814 0.0239868 0.0110698 0.00665787 0.00672632 0.00879144 0.0117228 0.0149911 0.0182073 0.0209872 0.0229747 0.023912 0.0236989 0.0224138 0.0202879 0.0176429 0.0148141 0.0120835 0.00964085 0.00757666 0.00590027 0.00457032 0.00352444
 1.01283e-16 3.02942e-05 0.000177792 0.000845124 0.00325374 0.0101465 0.0256292 0.0524414 0.0869299 0.116752 0.127068 0.112128 0.0803623 0.047097 0.0232251 0.0108574 0.00672263 0.0069508 0.00915342 0.0122398 0.0156905 0.0191137 0.0221158 0.0243282 0.025479 0.0254539 0.024319 0.0222955 0.0196983 0.0168592 0.0140606 0.0114967 0.00926665 0.00739166 0.0058445 0.00457743
 1.01135e-16 3.37743e-05 0.000198231 0.000942304 0.00362793 0.0113134 0.0285767 0.0584716 0.0969228 0.130164 0.141641 0.124932 0.0894173 0.0521579 0.0252633 0.0110432 0.00580663 0.00520806 0.00658168 0.00875067 0.0112241 0.0136968 0.0158857 0.0175289 0.0184319 0.0185099 0.0178041 0.0164639 0.0147048 0.0127545 0.0108075 0.00899796 0.00739586 0.00601883 0.0048526 0.00386996
 1.01061e-16 3.20271e-05 0.000187968 0.000893507 0.00344003 0.0107274 0.0270966 0.0554437 0.0919054 0.123431 0.134328 0.118512 0.0848903 0.0496543 0.0243063 0.0110603 0.00643926 0.00633753 0.00822556 0.0109613 0.0140253 0.01705 0.0196771 0.0215749 0.0225023 0.0223634 0.0212277 0.0193061 0.0168933 0.0142972 0.0117768 0.00950682 0.00757146 0.00598104 0.00470009 0.00367457
 1.01413e-16 2.95406e-05 0.000173367 0.000824084 0.00317272 0.00989381 0.0249911 0.0511358 0.0847662 0.113847 0.123911 0.109353 0.078397 0.0459921 0.0227675 0.0107901 0.00687823 0.00726468 0.0096214 0.0128781 0.0165125 0.0201182 0.0232828 0.025619 0.026841 0.0268285 0.0256506 0.0235393 0.0208247 0.0178547 0.014925 0.0122387 0.00989902 0.00792775 0.00629621 0.00495463
 1.02191e-16 2.61581e-05 0.000153505 0.000729647 0.00280911 0.00875987 0.0221269 0.0452758 0.0750544 0.10081 0.109739 0.0968876 0.069551 0.0409854 0.0206298 0.0103481 0.00735814 0.00835144 0.0112753 0.0151615 0.0194927 0.0238218 0.0276761 0.0306052 0.0322714 0.0325228 0.0314227 0.0292198 0.0262757 0.0229749 0.0196466 0.0165198 0.0137161 0.0112706 0.00916609 0.00736436
 1.0393e-16 1.98933e-05 0.000116719 0.000554748 0.00213567 0.00665978 0.0168224 0.0344229 0.0570677 0.0766643 0.0834894 0.0737943 0.0531535 0.0316857 0.0166227 0.00944955 0.00812114 0.0101774 0.0140769 0.0190461 0.0245858 0.0301865 0.0352786 0.039308 0.0418485 0.0426914 0.0418818 0.0396854 0.0365039 0.0327706 0.0288597 0.0250368 0.0214514 0.0181628 0.0151788 0.0124894
pSPR Fmed_Fpbrs
0.494044   0.6 0.325
Fs Fmed_Fpbrs
0.643566   0.414535 1.36223
SSBpbr Bo_Bmed_Bpbrs
902699  400839  496485 248242
Ro
33498.5
SPR SPRFo_SPRFmed_SPRFpbrs
690389 341083 224376
log_Ro
10.2393
likeval ReclasPelacesDesembMPH_pf_preclas_ppelaces_ptallas_desvR_qrecl_qpela
 144.386 26.3172 0.0662071 34.5314 302.353 215.066 80.3333 0 17.7161 1.26031e-07 8.51113e-05 5.17549e-15 0 0 0
q_reclas_q_pelaces
0.950938 3.71553
M
0.7
N
 40692.5 12651.7 4221.11 500.381 0.22003
 52520 18403.8 3622.9 1026.16 120.473
 26853.8 24014.6 5621.11 957.592 300.369
 29517.9 11716.9 5566.55 1038.74 229.197
 55179.9 14261.1 4949.7 2241.11 508.948
 21212.3 27236.4 6834.23 2347.02 1303.14
 67379.9 9833.67 9021.33 2006.75 1063.74
 119066 31625.3 3503.43 2911.72 984.907
 87313.9 53655.3 8865.41 828.49 911.736
 114281 40051.6 16699.1 2401.15 467.207
 73399.6 53343.8 13813 5167.32 881.611
 33542.8 32307.5 13019.4 2729.17 1179.56
 38000.7 14973.4 8566.64 2864.46 849.99
 23887 15445.8 2286.26 920.988 390.692
 22583.8 6262.49 178.306 8.6204 4.61126
 11522.2 5920.82 72.294 0.672308 0.0465087
 7964.34 4860.69 1125.27 10.3252 0.100864
 11310.3 3432.73 1048.33 189.373 1.72795
 12762.7 5028.75 889.047 223.711 40.2959
 13957.7 5838.76 1540.67 235.93 69.4379
 28070.3 6392.8 1801.05 412.479 81.036
 43321.9 13352.2 2463.9 643.749 175.572
 53205.2 20591.7 5123.95 875.745 289.823
 49415.7 25307.5 7935.35 1831.14 414.581
 28199 23445.7 9608.79 2781.69 783.322
pred_Ctot
 2625.91 3974.73 1613.6 193.232 0.0850095
 3006.45 5238.31 1263.15 361.575 42.4708
 2361.25 9614.5 2682.69 461.118 144.7
 575.892 1269.91 766.864 144.941 32.0005
 239.217 359.375 161.084 73.9454 16.8037
 1017.83 6675.72 2069.88 718.755 399.285
 2665.51 2036.76 2327.74 523.818 277.816
 7967.97 10232.9 1376.33 1155.4 391.005
 4811.47 14793 3000.04 283.368 311.997
 4951.27 8985.42 4650.09 676.261 131.655
 6039.97 20309.7 6299.3 2378.35 405.953
 2452.98 11221.4 5459.97 1155.69 499.72
 5017.44 7961.64 5245.87 1766.34 524.31
 8409.16 12872.1 1991.94 804.036 341.111
 7950.38 5218.98 155.352 7.52573 4.02608
 1258.79 2773.88 39.6796 0.371946 0.02574
 762.533 2072.67 568.276 5.25921 0.0513962
 856.663 1225.67 450.909 82.2356 0.750703
 726.125 1424.04 308.493 78.4512 14.138
 783.323 1634.62 528.907 81.8582 24.1042
 852.44 1044.33 369.877 85.7425 16.8547
 1337.62 2214.4 513.443 135.78 37.0528
 1616.57 3365.45 1052.78 182.125 60.3079
 1587.67 4351.27 1712.21 399.878 90.5859
 934.474 4145.49 2129.94 624.018 175.822
F
 0.0934832 0.550514 0.714274 0.724379 0.724859
 0.0825331 0.48603 0.630608 0.639529 0.639954
 0.129376 0.761886 0.988521 1.00251 1.00317
 0.0274591 0.161704 0.209806 0.212774 0.212915
 0.00604427 0.0355941 0.0461822 0.0468356 0.0468666
 0.068767 0.404962 0.525425 0.532859 0.533212
 0.056389 0.332069 0.430849 0.436944 0.437234
 0.0970981 0.571801 0.741893 0.752389 0.752889
 0.0793397 0.467224 0.606207 0.614783 0.615192
 0.0619059 0.364558 0.473002 0.479694 0.480012
 0.12062 0.710319 0.921615 0.934653 0.935273
 0.106543 0.627422 0.814059 0.825576 0.826124
 0.200269 1.17936 1.53018 1.55183 1.55286
 0.638759 3.76159 4.88054 4.94958 4.95287
 0.638759 3.76159 4.88054 4.94958 4.95287
 0.163095 0.960449 1.24615 1.26378 1.26462
 0.141619 0.833981 1.08206 1.09737 1.0981
 0.11054 0.65096 0.844599 0.856548 0.857116
 0.0820103 0.482951 0.626613 0.635478 0.6359
 0.0808557 0.476152 0.617791 0.626531 0.626947
 0.0430347 0.253427 0.328814 0.333465 0.333687
 0.0437692 0.257752 0.334425 0.339156 0.339382
 0.0430575 0.253561 0.328987 0.333642 0.333863
 0.0455809 0.268421 0.348268 0.353195 0.353429
 0.0470435 0.277035 0.359443 0.364528 0.36477
nmprior
 10 11 7 0
nm_flota  nm_reclas  nm_pelaces    nm_pelaL
inf 8.26002 14.2421 24.2265
cv_recla  cv_pelaces  cv_mph
0.543447 0.503041 0.488941
 ------------------------------------------------
Talla a la edad & desviación 
 7.2 14.2025 17.0495 18.207 18.6776
 1.08 2.13037 2.55742 2.73105 2.80164
