years
 1997 1998 1999 2000 2001 2002 2003 2004 2005 2006 2007 2008 2009 2010 2011 2012 2013 2014 2015 2016 2017 2018 2019 2020 2021
reclasobs
 0 0 0 370054 412103 1.49427e+06 250295 1.28982e+06 931140 785840 897777 1.04006e+06 184774 17550 25797 100020 73551 82996 120727 218422 84188 347160 605670 569463 516374
reclaspred
 501439 127974 312505 202837 312147 368726 800669 643389 764173 776153 654575 444769 278169 125347 79519.4 71630.8 80839.8 107579 115582 156346 238370 226948 382682 481330 545593
pelacesobs
 0 0 0 0 0 0 0 0 0 2.06254e+06 1.5e+06 0 1.87456e+06 323000 250000 174000 83755 137374 0 501740 490994 745055 786931 1.00524e+06 0
pelacespred
 1.92269e+06 441101 618165 664229 907482 823402 2.12594e+06 1.96781e+06 2.18288e+06 2.25686e+06 1.63742e+06 1.15222e+06 703455 252159 161655 162421 190362 264675 288099 379913 675480 628200 811275 1.20028e+06 1.4101e+06
mphobs
 0 0 0 0 0 112323 0 153150 637223 0 255016 313432 73983 77613 109348 50772 0 0 0 0 0 0 0 0 0
mphpred
 185285 101008 109551 100540 111694 179257 244212 314852 327559 350192 356295 247239 150307 84373.8 41907.9 32270.6 33184.4 42261.1 52421.2 58950.2 89487 111070 137218 189549 274758
desembarqueobs
 350755 77701 442110 56441 14545 235359 269955 359681 431902 328805 639364 411747 362871 311530 167758 66681 60226 58785 57116 71774 51957 67425 138520 160799 200461
desembarquepred
 350760 77698.9 442085 56444.9 14545.4 235448 270038 359587 431938 328831 639250 411796 362814 311501 167651 66693.3 60258.3 58778.6 57100.1 71770.9 51960.2 67415.3 138523 160813 200463
Reclutas
 35631.6 42846.1 20838.1 29125.1 48694.1 36011.5 66426.4 90699.6 96291.9 109172 66233.8 43301.8 49992.8 28351.4 14007.7 12326.3 9718.42 11209.7 11905.7 19223.2 25527.2 32224.3 49351.7 64016 24585.4
log_desv_Rt
 0.0676916 0.252075 -0.468758 -0.133941 0.380017 0.0782977 0.690554 1.00201 1.06184 1.18738 0.68765 0.262654 0.406338 -0.160863 -0.865936 -0.993804 -1.23152 -1.08876 -1.02852 -0.549422 -0.265795 -0.0328207 0.393432 0.653593 -0.30339
SSB
 436661 238044 258179 236941 263229 422455 575532 742008 771955 825295 839679 582666 354227 198843 98764.2 76051.8 78205.5 99596.3 123541 138927 210893 261757 323382 446708 647520
BT
 1.51193e+06 364984 615124 426667 521297 609198 1.46469e+06 1.53971e+06 1.66579e+06 1.58633e+06 1.47452e+06 1.00435e+06 765996 437090 235332 147262 159453 198477 203556 274645 426210 390204 532079 794504 870786
Ftot
 1.02508 0.946836 1.68078 0.377874 0.0682447 0.694456 0.461426 0.864397 0.821524 0.58842 1.13113 1.01993 1.69469 3.08868 2.94665 1.29942 1.06822 0.753819 0.612675 0.637072 0.303658 0.35788 0.433773 0.44112 0.374158
BD_Bspro_t
 0.906908 0.630525 0.544139 0.352517 0.502272 0.672815 0.606655 0.635834 0.608718 0.576214 0.548083 0.389729 0.283224 0.202243 0.124164 0.117663 0.162314 0.26135 0.360933 0.447939 0.580764 0.691359 0.699437 0.701891 0.701112
BD_Bspro
 0.636267 0.346858 0.376197 0.345251 0.383556 0.615567 0.838618 1.08119 1.12483 1.20255 1.22351 0.849014 0.516151 0.289738 0.143911 0.110817 0.113955 0.145124 0.180013 0.202434 0.307297 0.381411 0.471206 0.650907 0.943513
BD_Bo
 0.51945 0.283177 0.307129 0.281864 0.313137 0.502551 0.684651 0.882691 0.918316 0.981768 0.99888 0.693138 0.421388 0.236543 0.11749 0.090471 0.0930331 0.11848 0.146964 0.165268 0.250878 0.311386 0.384694 0.531403 0.770288
BD_Brms
 0.944455 0.514866 0.558416 0.51248 0.56934 0.913729 1.24482 1.60489 1.66967 1.78503 1.81615 1.26025 0.76616 0.430079 0.213617 0.164493 0.169151 0.215417 0.267207 0.300487 0.456142 0.566156 0.699444 0.966187 1.40052
S_f
 0.0980817 0.673865 0.97516 0.998661 0.999929
 0.0980817 0.673865 0.97516 0.998661 0.999929
 0.0980817 0.673865 0.97516 0.998661 0.999929
 0.0980817 0.673865 0.97516 0.998661 0.999929
 0.0980817 0.673865 0.97516 0.998661 0.999929
 0.0980817 0.673865 0.97516 0.998661 0.999929
 0.0980817 0.673865 0.97516 0.998661 0.999929
 0.0980817 0.673865 0.97516 0.998661 0.999929
 0.0980817 0.673865 0.97516 0.998661 0.999929
 0.0980817 0.673865 0.97516 0.998661 0.999929
 0.0980817 0.673865 0.97516 0.998661 0.999929
 0.0980817 0.673865 0.97516 0.998661 0.999929
 0.0980817 0.673865 0.97516 0.998661 0.999929
 0.0980817 0.673865 0.97516 0.998661 0.999929
 0.0980817 0.673865 0.97516 0.998661 0.999929
 0.0980817 0.673865 0.97516 0.998661 0.999929
 0.0980817 0.673865 0.97516 0.998661 0.999929
 0.0980817 0.673865 0.97516 0.998661 0.999929
 0.0980817 0.673865 0.97516 0.998661 0.999929
 0.0980817 0.673865 0.97516 0.998661 0.999929
 0.0980817 0.673865 0.97516 0.998661 0.999929
 0.0980817 0.673865 0.97516 0.998661 0.999929
 0.0980817 0.673865 0.97516 0.998661 0.999929
 0.0980817 0.673865 0.97516 0.998661 0.999929
 0.0980817 0.673865 0.97516 0.998661 0.999929
Scru_reclas
 0.649369 0.903105 0.979126 0.995782 0.999159
 0.649369 0.903105 0.979126 0.995782 0.999159
 0.649369 0.903105 0.979126 0.995782 0.999159
 0.649369 0.903105 0.979126 0.995782 0.999159
 0.649369 0.903105 0.979126 0.995782 0.999159
 0.649369 0.903105 0.979126 0.995782 0.999159
 0.649369 0.903105 0.979126 0.995782 0.999159
 0.649369 0.903105 0.979126 0.995782 0.999159
 0.649369 0.903105 0.979126 0.995782 0.999159
 0.649369 0.903105 0.979126 0.995782 0.999159
 0.649369 0.903105 0.979126 0.995782 0.999159
 0.649369 0.903105 0.979126 0.995782 0.999159
 0.649369 0.903105 0.979126 0.995782 0.999159
 0.649369 0.903105 0.979126 0.995782 0.999159
 0.649369 0.903105 0.979126 0.995782 0.999159
 0.649369 0.903105 0.979126 0.995782 0.999159
 0.649369 0.903105 0.979126 0.995782 0.999159
 0.649369 0.903105 0.979126 0.995782 0.999159
 0.649369 0.903105 0.979126 0.995782 0.999159
 0.649369 0.903105 0.979126 0.995782 0.999159
 0.649369 0.903105 0.979126 0.995782 0.999159
 0.649369 0.903105 0.979126 0.995782 0.999159
 0.649369 0.903105 0.979126 0.995782 0.999159
 0.649369 0.903105 0.979126 0.995782 0.999159
 0.649369 0.903105 0.979126 0.995782 0.999159
Scru_pelaces
 0.68166 1 1 1 1
 0.68166 1 1 1 1
 0.68166 1 1 1 1
 0.68166 1 1 1 1
 0.68166 1 1 1 1
 0.68166 1 1 1 1
 0.68166 1 1 1 1
 0.68166 1 1 1 1
 0.68166 1 1 1 1
 0.68166 1 1 1 1
 0.68166 1 1 1 1
 0.68166 1 1 1 1
 0.68166 1 1 1 1
 0.68166 1 1 1 1
 0.68166 1 1 1 1
 0.68166 1 1 1 1
 0.68166 1 1 1 1
 0.68166 1 1 1 1
 0.68166 1 1 1 1
 0.68166 1 1 1 1
 0.68166 1 1 1 1
 0.68166 1 1 1 1
 0.68166 1 1 1 1
 0.68166 1 1 1 1
 0.68166 1 1 1 1
pf_obs 
 0.256992 0.487395 0.22802 0.0275931 0
 0.321318 0.546541 0.124235 0.00734118 0.000564706
 0.182869 0.594174 0.210203 0.0122559 0.00049798
 0.330522 0.361315 0.267642 0.0388342 0.00168674
 0.649043 0.306663 0.0425973 0.00169635 0
 0.582887 0.30429 0.105238 0.00758474 0
 0.465427 0.430635 0.0974691 0.00646863 0
 0.296916 0.608066 0.0921331 0.00288517 0
 0.311714 0.524322 0.152257 0.0117073 0
 0.15457 0.633149 0.183074 0.0267441 0.00246327
 0.131901 0.49318 0.331252 0.0422183 0.00144891
 0.196976 0.569456 0.194076 0.0375587 0.00193317
 0.518974 0.381816 0.0799577 0.0180837 0.00116848
 0.0928022 0.601141 0.25162 0.0475244 0.00691264
 0.122501 0.610282 0.24278 0.0234846 0.000952079
 0.383417 0.481906 0.127806 0.00687128 0
 0.0376549 0.599619 0.316969 0.0457579 0
 0.0361596 0.667082 0.258105 0.0386534 0
 0.158088 0.579412 0.248529 0.0139706 0
 0.0477256 0.309471 0.559284 0.082774 0.000745712
 0.0406174 0.521527 0.379366 0.0568643 0.0016247
 0.151134 0.462217 0.34131 0.0453401 0
 0.294876 0.26143 0.354403 0.0886775 0.000613685
 0.281977 0.475581 0.204845 0.0348837 0.00271318
 0 0 0 0 0
pf_pred 
 0.297156 0.479614 0.199352 0.0238658 1.2873e-05
 0.277146 0.567772 0.122271 0.0294195 0.00339146
 0.148868 0.651719 0.172096 0.0217059 0.00561054
 0.253451 0.477753 0.233079 0.0310321 0.00468458
 0.259487 0.501511 0.174331 0.0562844 0.00838673
 0.147931 0.572959 0.209991 0.0507412 0.0183777
 0.265432 0.409349 0.250154 0.0569367 0.0181279
 0.271567 0.527397 0.133078 0.0526289 0.015329
 0.235334 0.570489 0.158449 0.0239374 0.0117909
 0.224721 0.540434 0.194957 0.0327588 0.00712935
 0.143381 0.583711 0.214449 0.0487884 0.00967051
 0.141347 0.518678 0.269321 0.0559953 0.0146587
 0.251128 0.458559 0.211115 0.0632412 0.0159578
 0.231958 0.631298 0.104424 0.0238277 0.00849294
 0.237392 0.66157 0.0940006 0.00547257 0.00156431
 0.282713 0.607553 0.103929 0.00542899 0.000376671
 0.208481 0.61745 0.158481 0.0147964 0.000791609
 0.235611 0.523275 0.207604 0.0306145 0.00289583
 0.213637 0.548984 0.185283 0.0450649 0.00703146
 0.278579 0.474758 0.194141 0.0412794 0.0112431
 0.245946 0.550365 0.153782 0.0395465 0.0103601
 0.216417 0.519502 0.211955 0.039615 0.0125112
 0.24806 0.479379 0.204222 0.0551514 0.013188
 0.232867 0.526464 0.175871 0.0489026 0.0158948
 0.0787283 0.610459 0.239856 0.0522586 0.0186985
pobs_RECLAS
 0 0 0 0 0
 0 0 0 0 0
 0 0 0 0 0
 0 0 0 0 0
 0.835266 0.146461 0.0176864 0.000547809 3.91292e-05
 0.385257 0.428462 0.181853 0.0044286 0
 0.867414 0.0963971 0.0333333 0.00285562 0
 0.441836 0.489002 0.0689373 0.000224442 0
 0.779404 0.147425 0.0564933 0.0165055 0.000172143
 0.814271 0.122319 0.05973 0.00367925 0
 0.40263 0.566651 0.0304383 0.000280538 0
 0.475488 0.404961 0.113038 0.00651328 0
 0.955842 0.0263864 0.0167828 0.000988607 0
 0.975058 0.0227948 0.00214734 0 0
 0.738997 0.206755 0.0527124 0.00153531 0
 0.850938 0.134255 0.0134407 0.00136685 0
 0.542534 0.407297 0.0501686 0 0
 0.764087 0.199537 0.0359546 0.000420521 0
 0.470689 0.182191 0.310203 0.0369168 0
 0.84361 0.089868 0.0606195 0.00523954 0.000663233
 0.607945 0.314616 0.071237 0.00620181 0
 0.523733 0.453247 0.0230204 0 0
 0.530135 0.295979 0.169645 0.0042399 0
 0.562478 0.366248 0.0663022 0.0049721 0
 0.250443 0.683176 0.0655157 0.000865301 0
ppred_RECLAS
 0.707302 0.219208 0.0657001 0.00778541 4.20753e-06
 0.678638 0.268383 0.0418551 0.00997204 0.00115182
 0.508707 0.405772 0.0739442 0.00919597 0.00238109
 0.652484 0.245223 0.0887889 0.0117303 0.00177448
 0.653926 0.25523 0.0663843 0.0212823 0.00317789
 0.492552 0.374105 0.100527 0.0240786 0.00873852
 0.67295 0.206087 0.0932028 0.0210452 0.00671436
 0.675177 0.254486 0.0467024 0.0182954 0.0053394
 0.629482 0.296965 0.0601146 0.00899777 0.00444089
 0.614991 0.29176 0.0775154 0.0129163 0.00281672
 0.491343 0.381211 0.100369 0.0225901 0.00448622
 0.49081 0.345959 0.12957 0.0266659 0.00699426
 0.677159 0.225008 0.071411 0.0210908 0.00533107
 0.676158 0.286587 0.0286188 0.00636511 0.00227123
 0.674142 0.298 0.0259606 0.00147509 0.000422143
 0.686745 0.277707 0.0336877 0.00173931 0.0001209
 0.594583 0.337118 0.0622403 0.00575063 0.000308253
 0.632892 0.274676 0.0796831 0.0116452 0.00110373
 0.599872 0.303686 0.0754112 0.018187 0.00284349
 0.683477 0.229162 0.0688777 0.0145204 0.00396291
 0.636657 0.285013 0.0592404 0.0151199 0.00396925
 0.60254 0.288647 0.087458 0.0162212 0.00513365
 0.646905 0.248589 0.0784498 0.0210194 0.00503665
 0.624519 0.280653 0.0694338 0.0191547 0.00623871
 0.319524 0.494066 0.144089 0.031152 0.0111695
pobs_PELACES
 0 0 0 0 0
 0 0 0 0 0
 0 0 0 0 0
 0 0 0 0 0
 0 0 0 0 0
 0 0 0 0 0
 0 0 0 0 0
 0 0 0 0 0
 0 0 0 0 0
 0 0 0 0 0
 0.450072 0.473896 0.0757376 0.000293798 0
 0 0 0 0 0
 0.463077 0.371075 0.160297 0.00555027 0
 0.529543 0.364841 0.0842815 0.0213345 0
 0.631943 0.363953 0.00410389 0 0
 0.735681 0.248677 0.0153453 0.000297389 0
 0.695825 0.281241 0.0229344 0 0
 0.275771 0.60734 0.115278 0.00161068 0
 0 0 0 0 0
 0.896147 0.0623911 0.0374545 0.00400742 0
 0.803859 0.145111 0.0509908 3.86294e-05 0
 0.739449 0.233085 0.0266225 0.000797448 4.60066e-05
 0.878498 0.100942 0.0204185 0.000141795 0
 0.694673 0.275183 0.0284847 0.00165964 0
 0 0 0 0 0
ppred_PELACES
 0.744047 0.200193 0.0499797 0.00577738 3.11043e-06
 0.711275 0.247861 0.03245 0.00754634 0.000868351
 0.584278 0.357209 0.0508003 0.00613159 0.00158116
 0.664301 0.245109 0.0788388 0.0102116 0.00153928
 0.650072 0.264191 0.0629514 0.0198336 0.00295149
 0.521825 0.366392 0.0847514 0.0198533 0.00717863
 0.690511 0.204337 0.0814143 0.0180113 0.00572588
 0.70639 0.238312 0.0370166 0.0141632 0.00411799
 0.660091 0.281008 0.0483526 0.00707103 0.00347694
 0.636353 0.284764 0.0658169 0.0107344 0.00233243
 0.543175 0.358564 0.0778141 0.0170703 0.00337696
 0.539914 0.330718 0.103228 0.0207246 0.00541522
 0.746618 0.189647 0.0469067 0.013444 0.00338432
 0.787199 0.195705 0.0132594 0.00283107 0.00100548
 0.779142 0.207544 0.0124414 0.000679398 0.000193534
 0.731122 0.243635 0.023956 0.00120398 8.33606e-05
 0.636916 0.310948 0.0476159 0.00429014 0.000229087
 0.661992 0.262619 0.0651958 0.00931397 0.000879517
 0.622779 0.296025 0.0637945 0.0150563 0.00234546
 0.706074 0.22125 0.0575718 0.0118752 0.00322915
 0.643149 0.286681 0.053326 0.0133512 0.00349266
 0.613541 0.289653 0.0781189 0.0142072 0.0044804
 0.661728 0.247009 0.0688638 0.0180815 0.00431723
 0.638889 0.278506 0.0608257 0.0164429 0.0053364
 0.330458 0.502005 0.130106 0.0275783 0.00985321
pobs_pel_tallas
 0 0 0 0 0 0 0 0 0 0 0 0 0 0 0 0 0 0 0 0 0 0 0 0 0 0 0 0 0 0 0 0 0 0 0 0
 0 0 0 0 0 0 0 0 0 0 0 0 0 0 0 0 0 0 0 0 0 0 0 0 0 0 0 0 0 0 0 0 0 0 0 0
 0 0 0 0 0 0 0 0 0 0 0 0 0 0 0 0 0 0 0 0 0 0 0 0 0 0 0 0 0 0 0 0 0 0 0 0
 0 0 0 0 0 0 0 0 0 0 0 0 0 0 0 0 0 0 0 0 0 0 0 0 0 0 0 0 0 0 0 0 0 0 0 0
 0 0 0 0 0 0 0 0 0 0 0 0 0 0 0 0 0 0 0 0 0 0 0 0 0 0 0 0 0 0 0 0 0 0 0 0
 0 0 0 0 0 0 0 0 0 0 0 0 0 0 0 0 0 0 0 0 0 0 0 0 0 0 0 0 0 0 0 0 0 0 0 0
 0 0 0 0 0 0 0 0 0 0 0 0 0 0 0 0 0 0 0 0 0 0 0 0 0 0 0 0 0 0 0 0 0 0 0 0
 0 0 0 0 0 0 0 0 0 0 0 0 0 0 0 0 0 0 0 0 0 0 0 0 0 0 0 0 0 0 0 0 0 0 0 0
 0 0 0 0 0 0 0 0 0 0 0 0 0 0 0 0 0 0 0 0 0 0 0 0 0 0 0 0 0 0 0 0 0 0 0 0
 0 0 0 0 0 0 0 0 0 0 0 0 0 0 0 0 0 0 0 0 0 0 0 0 0 0 0 0 0 0 0 0 0 0 0 0
 0 0 0 0 0 0 0 0 1.78061e-05 0.00172719 0.00360574 0.0105946 0.0120993 0.0124554 0.0147524 0.0171206 0.0266825 0.0428682 0.0675386 0.121331 0.153587 0.119568 0.100827 0.0573624 0.0630603 0.0341343 0.0324427 0.0444173 0.0211091 0.0280891 0.0125444 0.00206551 0 0 0 0
 0 0 0 0 0 0 0 0 0 0 0 0 0 0 0 0 0 0 0 0 0 0 0 0 0 0 0 0 0 0 0 0 0 0 0 0
 0 0 0 0 0 0 0.0133647 0.0140871 0.0187388 0.0205184 0.03894 0.0496705 0.03968 0.0493445 0.0407372 0.0367815 0.0215668 0.0243155 0.0234873 0.0199281 0.019796 0.0243948 0.0301388 0.0376714 0.0412746 0.0863199 0.0771752 0.113111 0.0741005 0.0525337 0.0229764 0.00759418 0.00175318 0 0 0
 0 0 0 0 0 0 0 0 0 0 0.00219441 0.00772107 0.0458388 0.0604681 0.0671733 0.0775358 0.0609151 0.0617685 0.073594 0.0568108 0.0755445 0.0548602 0.0670107 0.0636378 0.0643287 0.046367 0.0373049 0.0286899 0.0247887 0.0153202 0.00654259 0.00121912 0.000365735 0 0 0
 0 0 0 0 0 0 0 0 0 0 0 0 0.000112435 0.00938835 0.0111873 0.0202946 0.0414886 0.0713402 0.111592 0.104902 0.108894 0.110636 0.117776 0.105296 0.107544 0.0401394 0.0192827 0.0124803 0.00416011 0.0028671 0.000618394 0 0 0 0 0
 0 0 0 0 0 0 0 0 0 0 0.00291406 0.0102884 0.027416 0.0768956 0.0749926 0.110853 0.0956884 0.0897413 0.0766577 0.0534642 0.0500743 0.0551293 0.0594112 0.0620874 0.0668451 0.0424026 0.0208742 0.0120726 0.0048766 0.00582813 0.00118941 0.000297354 0 0 0 0
 0 0.00264628 0.0354308 0.0461629 0.0458689 0.0383711 0.0214643 0.0164657 0.0346957 0.0420465 0.0363128 0.0245516 0.0311673 0.0291091 0.0169068 0.0133784 0.00837989 0.0085269 0.0148486 0.0160247 0.0276389 0.0546898 0.0760071 0.122758 0.109233 0.0665981 0.0333725 0.0166128 0.00676272 0.00308733 0.000882094 0 0 0 0 0
 0 0 0 0 0 0 0 0.000805153 0.000690131 0.00759144 0.0133425 0.0154129 0.00931677 0.000345066 0.00356568 0.00563607 0.00851162 0.0253048 0.0502646 0.0516448 0.0657925 0.0565908 0.0611916 0.0827007 0.0866115 0.110766 0.145733 0.0935128 0.0569358 0.0249597 0.0138026 0.00621118 0.00161031 0.00115022 0 0
 0 0 0 0 0 0 0 0 0 0 0 0 0 0 0 0 0 0 0 0 0 0 0 0 0 0 0 0 0 0 0 0 0 0 0 0
 0.00147267 0.00158595 0.00478618 0.00569244 0.00954404 0.0108468 0.00647125 0.017049 0.0510054 0.094081 0.124002 0.0959785 0.0687766 0.0820023 0.061753 0.0591476 0.0492212 0.0479892 0.0443925 0.0268479 0.0217502 0.0140895 0.0121071 0.0120363 0.00920419 0.00665534 0.0049561 0.00860946 0.00930331 0.0156896 0.0114698 0.00855282 0.00243557 0.00046729 0 2.83206e-05
 0 0 0 0 0.000772559 0.00158375 0.000888443 0.00281984 0.00712685 0.0440552 0.0773331 0.111326 0.0921469 0.0852325 0.0710754 0.0886704 0.0786465 0.0553345 0.0373146 0.0185414 0.00753245 0.00457741 0.012979 0.0271748 0.0457355 0.0583668 0.034881 0.0177882 0.00938659 0.00492506 0.0015258 0.00185414 0.000309023 5.79419e-05 3.86279e-05 0
 0 0.00173294 0.00326652 0 0.00397197 0.00683976 0.00946217 0.0152591 0.00757587 0.0136028 0.0228656 0.0392903 0.0559909 0.0764795 0.0681675 0.0726916 0.0566044 0.0477403 0.0527397 0.0444891 0.0609904 0.0582453 0.0661739 0.0445044 0.0529084 0.0360697 0.0280645 0.0235558 0.0158879 0.00826598 0.00280645 0.00217768 0.000904811 0.00058276 9.20147e-05 0
 0 0 0 0 0 0 0 0 0 0 0 0 0 0 0 0 0 0 0 0 0 0 0 0 0 0 0 0 0 0 0 0 0 0 0 0
 0 0 0 0 0 0 0 0 0 0 0 0 0 0 0 0 0 0 0 0 0 0 0 0 0 0 0 0 0 0 0 0 0 0 0 0
 0 0 0 0 0 0 0 0 0 0 0 0 0 0 0 0 0 0 0 0 0 0 0 0 0 0 0 0 0 0 0 0 0 0 0 0
ppred_pel_tallas
 1.00974e-16 3.24648e-05 0.00019054 0.000905733 0.00348711 0.0108742 0.0274675 0.0562023 0.0931624 0.125117 0.136159 0.120118 0.0860185 0.0502702 0.0245261 0.0110232 0.00623004 0.00598101 0.00771394 0.0102813 0.0131758 0.0160515 0.0185747 0.0204349 0.0214028 0.0213811 0.0204237 0.0187152 0.0165192 0.0141146 0.0117397 0.00955975 0.00766076 0.00606351 0.00474765 0.00367479
 1.00842e-16 3.10377e-05 0.000182157 0.000865871 0.00333362 0.0103955 0.0262584 0.0537289 0.089064 0.119618 0.130187 0.11488 0.0823351 0.0482527 0.0237933 0.0111184 0.00687371 0.00709027 0.00931484 0.0124219 0.01587 0.0192485 0.0221477 0.0241884 0.0250982 0.0247741 0.0233062 0.0209484 0.0180517 0.0149807 0.0120413 0.00943831 0.0072676 0.00553569 0.00419272 0.00316519
 1.01123e-16 2.55045e-05 0.000149662 0.000711364 0.00273869 0.00854026 0.0215723 0.0441415 0.0731761 0.0982936 0.107016 0.0945214 0.0679359 0.0402012 0.0205436 0.0108078 0.00830613 0.00982559 0.0133541 0.0179041 0.0228907 0.0277681 0.0319534 0.0349003 0.0362148 0.0357472 0.0336256 0.030215 0.026021 0.0215698 0.0173042 0.0135219 0.0103644 0.00784423 0.00589188 0.00440285
 1.01622e-16 2.89894e-05 0.000170132 0.000808702 0.0031135 0.00970913 0.0245246 0.0501813 0.083184 0.111722 0.121599 0.107313 0.0769361 0.0451386 0.0223522 0.0106068 0.00678254 0.00718606 0.00953742 0.0127918 0.0164425 0.0200956 0.0233486 0.02582 0.0272225 0.0274254 0.0264795 0.0245923 0.0220683 0.0192332 0.016368 0.0136711 0.0112513 0.00914442 0.00734064 0.0058106
 1.018e-16 2.83697e-05 0.000166492 0.000791393 0.00304685 0.00950128 0.0239996 0.0491073 0.0814043 0.109334 0.119005 0.105037 0.075333 0.0442554 0.0220211 0.0106262 0.0070268 0.00761406 0.010155 0.013615 0.0174742 0.0213138 0.0247026 0.0272338 0.0286064 0.0286912 0.0275567 0.0254407 0.0226832 0.0196423 0.0166217 0.0138294 0.0113706 0.009268 0.00749429 0.00600249
 1.02341e-16 2.27817e-05 0.000133676 0.000635362 0.00244606 0.00762769 0.0192672 0.0394253 0.0653593 0.0877985 0.0956021 0.0844703 0.0607775 0.0360976 0.0186918 0.0102334 0.008349 0.010192 0.0139767 0.0188129 0.0241466 0.0294353 0.0340874 0.0375401 0.039377 0.0394219 0.037774 0.0347685 0.0308827 0.0266188 0.0224028 0.0185257 0.0151341 0.0122576 0.00985437 0.0078539
 1.02109e-16 3.01306e-05 0.000176835 0.000840581 0.00323626 0.0100919 0.0254915 0.0521594 0.0864615 0.11612 0.126373 0.111498 0.0798758 0.0467405 0.0229176 0.0104956 0.00621165 0.0062136 0.00813401 0.0109115 0.0140695 0.0172709 0.0201806 0.0224795 0.0239223 0.0243886 0.0239035 0.0226189 0.0207657 0.0185934 0.016319 0.0140978 0.0120187 0.0101186 0.00840376 0.00686911
 1.01283e-16 3.08243e-05 0.000180905 0.000859921 0.00331071 0.0103241 0.026078 0.0533596 0.0884518 0.118795 0.12929 0.114085 0.081757 0.0478977 0.0235884 0.0109734 0.00671971 0.00688545 0.00903691 0.0120628 0.0154361 0.0187627 0.0216504 0.0237349 0.0247522 0.0245985 0.0233522 0.021247 0.0186085 0.0157752 0.0130308 0.0105648 0.0084665 0.00674352 0.00535376 0.00423569
 1.01184e-16 2.88072e-05 0.000169059 0.000803595 0.00309383 0.00964777 0.0243696 0.0498645 0.0826598 0.111021 0.120844 0.106666 0.0765131 0.0449729 0.0224223 0.0108915 0.00729156 0.00795714 0.0106152 0.0142031 0.0181748 0.0220821 0.0254638 0.0278889 0.0290443 0.0288066 0.0272686 0.0247077 0.0215114 0.0180845 0.0147684 0.0117938 0.0092724 0.0072182 0.00558379 0.00429597
 1.01505e-16 2.77723e-05 0.000162983 0.000774707 0.0029826 0.0093009 0.0234935 0.0480719 0.0796887 0.107032 0.116506 0.102846 0.0737933 0.0434151 0.0217221 0.0106795 0.00731835 0.00811286 0.0108764 0.0145835 0.0186997 0.0227772 0.0263504 0.0289801 0.0303426 0.0303019 0.0289376 0.0265144 0.0234087 0.020017 0.0166766 0.0136194 0.0109632 0.00873317 0.00689602 0.00539411
 1.01966e-16 2.37123e-05 0.00013914 0.000661342 0.00254609 0.00793965 0.0200552 0.0410374 0.0680312 0.0913855 0.0995021 0.0879024 0.0632168 0.0374859 0.0192992 0.0103873 0.00826792 0.00996894 0.0136283 0.018326 0.0235029 0.0286226 0.0331041 0.0363965 0.0380941 0.0380281 0.0363015 0.0332496 0.0293479 0.0250961 0.0209178 0.0171024 0.0137949 0.0110229 0.00874089 0.00687363
 1.02539e-16 2.35691e-05 0.000138302 0.00065736 0.00253077 0.00789187 0.0199345 0.0407903 0.0676208 0.0908322 0.0988944 0.0873532 0.0627949 0.0371818 0.0190447 0.0100952 0.00785975 0.00938229 0.0128191 0.0172745 0.0222243 0.0271761 0.0315957 0.0349709 0.0369156 0.0372541 0.0360538 0.0335922 0.030276 0.0265385 0.0227521 0.0191775 0.0159552 0.0131294 0.0106851 0.00858383
 1.01348e-16 3.25765e-05 0.000191196 0.000908857 0.00349914 0.0109117 0.0275622 0.0563961 0.0934834 0.125547 0.136624 0.120522 0.0862947 0.0504046 0.0245413 0.0109451 0.00606791 0.00572737 0.00735352 0.00980119 0.0125735 0.0153409 0.0177886 0.0196238 0.0206296 0.0207124 0.0199199 0.0184213 0.016459 0.0142886 0.0121269 0.0101228 0.00835188 0.00683124 0.00554234 0.00445288
 1.00397e-16 3.43462e-05 0.000201585 0.000958248 0.00368931 0.0115048 0.0290602 0.0594611 0.0985636 0.132369 0.144046 0.127063 0.0909664 0.0531087 0.0258108 0.0114282 0.00621186 0.0057425 0.00730024 0.00966816 0.0123153 0.0148912 0.0170673 0.018545 0.0191139 0.018701 0.0173881 0.0153884 0.0129918 0.010497 0.0081526 0.00612264 0.00447987 0.00322179 0.00229807 0.00163816
 1.00277e-16 3.39953e-05 0.000199524 0.000948448 0.00365157 0.0113871 0.0287629 0.0588529 0.0975559 0.131017 0.142578 0.125776 0.0900614 0.0526139 0.0256328 0.0114554 0.00637645 0.00602522 0.00770889 0.0102161 0.0130073 0.015716 0.0179937 0.0195242 0.0200848 0.0195994 0.0181573 0.0159877 0.0134017 0.0107195 0.00820803 0.00604354 0.00430417 0.00298688 0.00203662 0.00137583
 1.00465e-16 3.19029e-05 0.000187237 0.000890024 0.00342661 0.0106856 0.0269909 0.0552276 0.0915481 0.122953 0.133814 0.118074 0.0846079 0.0495529 0.0243749 0.0112896 0.00684234 0.00694777 0.00908108 0.0120867 0.0154149 0.0186559 0.0214049 0.0232894 0.0240447 0.0235757 0.0219796 0.019517 0.0165447 0.0134321 0.0104887 0.00792059 0.0058227 0.00419744 0.00298807 0.00211212
 1.00936e-16 2.77979e-05 0.000163131 0.000775405 0.00298528 0.00930925 0.0235146 0.0481153 0.0797614 0.107132 0.11662 0.102959 0.073903 0.0435363 0.0218869 0.0109307 0.00770352 0.00867937 0.0116637 0.0156128 0.0199607 0.0242189 0.0278774 0.0304594 0.0316204 0.0312284 0.0293928 0.0264294 0.0227769 0.0188926 0.0151624 0.011847 0.00907171 0.00685023 0.00512489 0.00380702
 1.01373e-16 2.88894e-05 0.000169543 0.0008059 0.00310271 0.00967546 0.0244396 0.0500075 0.0828963 0.111338 0.121184 0.106956 0.0767006 0.0450412 0.0223792 0.0107439 0.00703216 0.00756564 0.0100689 0.0134889 0.0172999 0.0210816 0.0244028 0.0268573 0.0281447 0.0281371 0.0269049 0.0246888 0.0218335 0.018703 0.0156079 0.0127633 0.0102805 0.00818597 0.00645297 0.00503178
 1.0163e-16 2.71809e-05 0.000159509 0.000758192 0.00291901 0.0091026 0.0229926 0.0470472 0.0779905 0.104753 0.114029 0.100669 0.072253 0.0425523 0.0213707 0.0106393 0.00746008 0.00838772 0.0112825 0.0151338 0.0194029 0.0236287 0.0273282 0.0300462 0.0314478 0.031394 0.0299696 0.0274516 0.0242326 0.0207249 0.017278 0.0141305 0.011402 0.00911479 0.00723139 0.00568953
 1.01449e-16 3.08098e-05 0.000180822 0.000859529 0.00330921 0.0103194 0.0260661 0.0533352 0.0884108 0.118739 0.129225 0.11402 0.0816923 0.0478241 0.0234863 0.0108169 0.00647992 0.00653415 0.00855136 0.0114328 0.0146717 0.0179002 0.0207535 0.0228894 0.0240541 0.0241371 0.0231937 0.0214209 0.0191025 0.0165381 0.0139832 0.0116145 0.0095232 0.00773182 0.00622048 0.00495211
 1.01473e-16 2.80687e-05 0.000164722 0.000782978 0.00301445 0.00940021 0.0237444 0.0485852 0.0805395 0.108175 0.117749 0.103942 0.0745764 0.0438695 0.0219372 0.0107642 0.00734776 0.00812213 0.0108748 0.0145675 0.0186587 0.0226963 0.0262116 0.0287651 0.0300358 0.0298942 0.0284294 0.0259175 0.022746 0.0193201 0.0159817 0.0129621 0.0103739 0.00823313 0.006496 0.00509429
 1.01901e-16 2.67778e-05 0.000157143 0.000746946 0.00287571 0.00896757 0.0226515 0.0463493 0.0768336 0.103199 0.112337 0.0991758 0.0711813 0.0419213 0.0210547 0.0104847 0.00735761 0.00828175 0.0111528 0.01498 0.0192383 0.0234788 0.0272297 0.0300435 0.0315867 0.0317137 0.0304946 0.028186 0.0251576 0.0218007 0.0184497 0.0153362 0.0125812 0.0102159 0.00821639 0.0065359
 1.01882e-16 2.88772e-05 0.000169473 0.000805571 0.00310145 0.00967154 0.0244296 0.0499871 0.082862 0.11129 0.121129 0.1069 0.0766426 0.0449721 0.0222801 0.0105896 0.00679348 0.00721289 0.00957609 0.0128407 0.0164993 0.0201564 0.0234084 0.0258735 0.0272665 0.0274606 0.0265115 0.0246325 0.0221322 0.0193377 0.016528 0.0138963 0.0115437 0.00949714 0.0077392 0.00623499
 1.01769e-16 2.78826e-05 0.000163631 0.00077779 0.00299447 0.00933793 0.023587 0.0482632 0.0800056 0.107457 0.116967 0.103248 0.0740729 0.0435611 0.0217609 0.0106419 0.0072203 0.00795427 0.0106486 0.0142774 0.0183117 0.0223134 0.0258282 0.0284283 0.0297986 0.029807 0.0285312 0.0262286 0.0232642 0.0200212 0.0168238 0.0138927 0.0113374 0.00917818 0.00738037 0.00588784
 1.03419e-16 1.44428e-05 8.47063e-05 0.000402527 0.00154954 0.0048319 0.0122055 0.0249774 0.041416 0.0556601 0.0606735 0.0537666 0.0390294 0.0238711 0.0136298 0.00949087 0.010077 0.0136774 0.019177 0.0259133 0.0333011 0.0406394 0.0471256 0.0519875 0.0546496 0.0548617 0.0527485 0.0487566 0.0435277 0.03774 0.031971 0.0266188 0.0218887 0.0178303 0.0143978 0.0115075
pSPR Fmed_Fpbrs
0.490201   0.6 0.325
Fs Fmed_Fpbrs
0.724643   0.452933 1.56101
SSBpbr Bo_Bmed_Bpbrs
840621  370042  462341 231171
Ro
33299.4
SPR SPRFo_SPRFmed_SPRFpbrs
686286 336418 223043
log_Ro
10.2333
likeval ReclasPelacesDesembMPH_pf_preclas_ppelaces_ptallas_desvR_qrecl_qpela
 67.7811 14.3185 0.00629714 16.5747 279.194 189.982 70.2035 0 16.3229 2.64221e-06 8.82156e-05 1.71165e-14 0 0 0
q_reclas_q_pelaces
0.794265 3.80473
M
0.7
N
 35631.6 10666.1 3440.97 405.791 0.218706
 42846.1 16001.6 2654.63 628.849 72.4333
 20838.1 19389.8 4198.18 523.609 135.263
 29125.1 8775.19 3102.25 404.792 61.0417
 48694.1 13936.9 3378.03 1065.71 158.602
 36011.5 24019.5 6609.77 1569.48 567.913
 66426.4 16705.3 7470 1667.53 530.374
 90699.6 31526.8 6078.67 2365.36 688.359
 96291.9 41378.9 8743.85 1299.34 639.463
 109172 44115.3 11812.7 1948.84 423.715
 66233.8 51172.7 14736 3304.78 654.555
 43301.8 29436.8 11857.7 2428.46 635.224
 49992.8 19456.1 7351.87 2177.95 549.245
 28351.4 21023.9 3083.81 699.323 249.179
 14007.7 10399.3 1302.53 75.3361 21.527
 12326.3 5210.06 708.993 36.5472 2.53391
 9718.42 5388.61 1077.84 99.1573 5.30079
 11209.7 4345.98 1302.72 188.865 17.8487
 11905.7 5169.83 1298.59 310.168 48.3489
 19223.2 5567.38 1698.9 354.808 96.5457
 25527.2 8967.74 1799.71 453.27 118.612
 32224.3 12304.5 3629.19 664.653 209.684
 49351.7 15450.1 4800.88 1271.27 303.674
 64016 23486.5 5727.7 1561.74 507.085
 24585.4 30443.3 8663.96 1849.94 661.209
pred_Ctot
 2465.37 3979.15 1653.93 198.004 0.106802
 2747.4 5628.43 1212.09 291.641 33.6202
 2299.37 10066.3 2658.15 335.262 86.6587
 763.726 1439.62 702.339 93.5091 14.1161
 233.71 451.691 157.013 50.6931 7.5536
 1712 6630.85 2430.22 587.227 212.685
 2119.36 3268.47 1997.37 454.615 144.744
 5328.21 10347.7 2611.02 1032.59 300.759
 5386.02 13056.6 3626.37 547.849 269.856
 4417.63 10624 3832.52 643.982 140.151
 5034.11 20494.1 7529.32 1712.96 339.532
 2981.66 10941.3 5681.25 1181.2 309.22
 5558.83 10150.4 4673.13 1399.87 353.233
 5422.53 14758 2441.13 557.025 198.541
 2570.86 7164.54 1017.99 59.2658 16.9408
 1068.59 2296.41 392.828 20.5204 1.42373
 699.433 2071.48 531.688 49.6404 2.65577
 576.999 1281.48 508.412 74.9734 7.09175
 501.101 1287.68 434.595 105.703 16.4928
 840.429 1432.27 585.691 124.533 33.9187
 539.636 1207.57 337.418 86.77 22.7313
 800.974 1922.71 784.46 146.618 46.3049
 1481.98 2863.95 1220.08 329.491 78.7892
 1954.28 4418.22 1475.96 410.403 133.393
 638.447 4950.51 1945.11 423.791 151.635
F
 0.100542 0.690766 0.999619 1.02371 1.02501
 0.0928673 0.638039 0.923317 0.945568 0.946769
 0.164854 1.13262 1.63903 1.67853 1.68066
 0.0370625 0.254636 0.368488 0.377368 0.377847
 0.00669356 0.0459877 0.0665495 0.0681534 0.0682399
 0.0681134 0.467969 0.677206 0.693526 0.694407
 0.0452575 0.310939 0.449965 0.460809 0.461394
 0.0847816 0.582487 0.842926 0.86324 0.864336
 0.0805765 0.553596 0.801118 0.820424 0.821466
 0.0577133 0.396516 0.573804 0.587633 0.588379
 0.110943 0.76223 1.10304 1.12962 1.13105
 0.100036 0.687292 0.994592 1.01856 1.01985
 0.166218 1.14199 1.6526 1.69242 1.69457
 0.302943 2.08135 3.01196 3.08455 3.08846
 0.289013 1.98564 2.87346 2.94271 2.94644
 0.127449 0.875631 1.26714 1.29768 1.29932
 0.104773 0.719834 1.04168 1.06679 1.06814
 0.0739359 0.507972 0.735094 0.75281 0.753766
 0.0600922 0.41286 0.597456 0.611854 0.612631
 0.0624851 0.4293 0.621247 0.636219 0.637027
 0.0297833 0.204624 0.296115 0.303251 0.303636
 0.0351015 0.241163 0.348991 0.357401 0.357855
 0.0425452 0.292304 0.422999 0.433193 0.433743
 0.0432658 0.297255 0.430163 0.44053 0.441089
 0.0366981 0.252132 0.364864 0.373657 0.374132
nmprior
 10 11 7 0
nm_flota  nm_reclas  nm_pelaces    nm_pelaL
inf 16.3589 18.8173 33.843
cv_recla  cv_pelaces  cv_mph
0.744696 0.445259 0.396262
 ------------------------------------------------
Talla a la edad & desviación 
 7.2 14.2025 17.0495 18.207 18.6776
 1.08 2.13037 2.55742 2.73105 2.80164
