years
 1997 1998 1999 2000 2001 2002 2003 2004 2005 2006 2007 2008 2009 2010 2011 2012 2013 2014 2015 2016 2017 2018 2019 2020 2021
reclasobs
 0 0 0 370054 412103 1.49427e+06 250295 1.28982e+06 931140 785840 897777 1.04006e+06 184774 17550 25797 100020 73551 82996 120727 218422 84188 347160 605670 569463 516374
reclaspred
 690771 175127 548431 318944 392373 496031 762117 654627 907405 918643 792934 517254 247127 48925.5 44459.9 69436.8 81863.6 98008.4 115501 146642 202020 237386 473800 497511 580414
pelacesobs
 0 0 0 0 0 0 0 0 0 2.06254e+06 1.5e+06 0 1.87456e+06 323000 250000 174000 83755 137374 0 501740 490994 745055 786931 1.00524e+06 0
pelacespred
 3.06775e+06 689528 1.09912e+06 1.03432e+06 1.25128e+06 944239 2.47199e+06 2.50883e+06 2.93772e+06 2.78531e+06 1.94069e+06 1.2732e+06 684345 132393 175452 179844 199629 264094 291371 352472 661682 633265 917942 1.23243e+06 1.27808e+06
mphobs
 0 0 0 0 0 1.31 0 1.73 4.02 25.49 2.39 1.14 3.72 1.35 0.12 0.34 1.69 0 0 0 0 0 0 0 0
mphpred
 3.16238 1.80246 2.04835 2.07193 1.8814 2.76841 3.11588 3.97751 4.86217 5.26956 5.04572 3.3882 1.88251 0.627885 0.238255 0.373885 0.431423 0.490656 0.600006 0.726489 0.934185 1.26444 1.92202 2.53592 3.16676
desembarqueobs
 350755 77701 442110 56441 14545 235359 269955 359681 431902 328805 639364 411747 362871 311530 167758 66681 60226 58785 57116 71774 51957 67425 138520 160799 200461
desembarquepred
 350757 77697.8 442070 56443.3 14545.2 235532 270140 359456 431971 328908 639221 411688 363247 311905 167203 66649.6 60288.9 58778.6 57090.6 71782.8 51966.2 67396.2 138529 160830 200480
Reclutas
 41887.8 53354.3 25215.4 28649.6 55855.4 21814.5 65800.7 112104 107708 106024 64817.1 39367.9 39599.1 22428.7 23086.5 14013.5 7983.08 10314.3 13498.3 13301 25204.7 42212.7 46696.6 50318.6 28266.8
log_desv_Rt
 0.225526 0.467485 -0.282013 -0.154328 0.513297 -0.426893 0.677161 1.20996 1.16996 1.1542 0.6621 0.163481 0.169337 -0.399126 -0.370221 -0.869448 -1.43214 -1.17594 -0.906902 -0.921627 -0.28244 0.233253 0.334202 0.408907 -0.167781
SSB
 576583 328635 373467 377766 343028 504752 568105 725202 886499 960777 919964 617756 343231 114480 43440.1 68169 78659.6 89459.2 109397 132458 170326 230540 350434 462364 577382
BT
 1.83504e+06 480258 793040 581601 643558 663324 1.44879e+06 1.65905e+06 1.87422e+06 1.7184e+06 1.54994e+06 1.01754e+06 695870 344790 221689 144580 148505 180804 194542 233920 378244 380278 552347 754276 808622
Ftot
 0.546211 0.489958 0.787185 0.183001 0.0412914 0.452087 0.391845 0.642499 0.516744 0.379043 0.788571 0.771207 1.42691 4.44867 4.55056 1.01759 0.756412 0.641064 0.51993 0.50564 0.288051 0.30588 0.296737 0.334513 0.337408
BD_Bspro_t
 0.933645 0.703127 0.638471 0.460919 0.566263 0.71137 0.605133 0.637472 0.64222 0.609508 0.566682 0.400129 0.274499 0.123589 0.0597748 0.106836 0.161531 0.232862 0.32116 0.425378 0.519989 0.65837 0.710923 0.702247 0.670773
BD_Bspro
 0.836857 0.476983 0.542052 0.548292 0.497872 0.7326 0.824551 1.05256 1.28667 1.39448 1.33524 0.896615 0.498168 0.166156 0.0630493 0.0989409 0.114167 0.129842 0.158779 0.19225 0.247212 0.334608 0.508622 0.671077 0.838016
BD_Bo
 0.640991 0.365345 0.415185 0.419965 0.381346 0.561136 0.631566 0.806212 0.985527 1.0681 1.02273 0.686763 0.381572 0.127268 0.0482927 0.0757838 0.0874463 0.0994524 0.121617 0.147254 0.189353 0.256293 0.389579 0.514012 0.641879
BD_Brms
 1.16544 0.664264 0.754882 0.763572 0.693356 1.02025 1.1483 1.46584 1.79187 1.942 1.85951 1.24866 0.693767 0.231396 0.0878048 0.137789 0.158993 0.180822 0.221121 0.267735 0.344277 0.465987 0.708326 0.934568 1.16705
S_f
 0.15759 1 1 1 1
 0.15759 1 1 1 1
 0.15759 1 1 1 1
 0.15759 1 1 1 1
 0.15759 1 1 1 1
 0.15759 1 1 1 1
 0.15759 1 1 1 1
 0.15759 1 1 1 1
 0.15759 1 1 1 1
 0.15759 1 1 1 1
 0.15759 1 1 1 1
 0.15759 1 1 1 1
 0.15759 1 1 1 1
 0.15759 1 1 1 1
 0.15759 1 1 1 1
 0.15759 1 1 1 1
 0.15759 1 1 1 1
 0.15759 1 1 1 1
 0.15759 1 1 1 1
 0.15759 1 1 1 1
 0.15759 1 1 1 1
 0.15759 1 1 1 1
 0.15759 1 1 1 1
 0.15759 1 1 1 1
 0.15759 1 1 1 1
Scru_reclas
 0.348495 1 1 1 1
 0.348495 1 1 1 1
 0.348495 1 1 1 1
 0.348495 1 1 1 1
 0.348495 1 1 1 1
 0.348495 1 1 1 1
 0.348495 1 1 1 1
 0.348495 1 1 1 1
 0.348495 1 1 1 1
 0.348495 1 1 1 1
 0.348495 1 1 1 1
 0.348495 1 1 1 1
 0.348495 1 1 1 1
 0.348495 1 1 1 1
 0.348495 1 1 1 1
 0.348495 1 1 1 1
 0.348495 1 1 1 1
 0.348495 1 1 1 1
 0.348495 1 1 1 1
 0.348495 1 1 1 1
 0.348495 1 1 1 1
 0.348495 1 1 1 1
 0.348495 1 1 1 1
 0.348495 1 1 1 1
 0.348495 1 1 1 1
Scru_pelaces
 0.980709 1 1 1 1
 0.980709 1 1 1 1
 0.980709 1 1 1 1
 0.980709 1 1 1 1
 0.980709 1 1 1 1
 0.980709 1 1 1 1
 0.980709 1 1 1 1
 0.980709 1 1 1 1
 0.980709 1 1 1 1
 0.980709 1 1 1 1
 0.980709 1 1 1 1
 0.980709 1 1 1 1
 0.980709 1 1 1 1
 0.980709 1 1 1 1
 0.980709 1 1 1 1
 0.980709 1 1 1 1
 0.980709 1 1 1 1
 0.980709 1 1 1 1
 0.980709 1 1 1 1
 0.980709 1 1 1 1
 0.980709 1 1 1 1
 0.980709 1 1 1 1
 0.980709 1 1 1 1
 0.980709 1 1 1 1
 0.980709 1 1 1 1
pf_obs 
 0.256992 0.487395 0.22802 0.0275931 0
 0.321318 0.546541 0.124235 0.00734118 0.000564706
 0.182869 0.594174 0.210203 0.0122559 0.00049798
 0.330522 0.361315 0.267642 0.0388342 0.00168674
 0.649043 0.306663 0.0425973 0.00169635 0
 0.582887 0.30429 0.105238 0.00758474 0
 0.465427 0.430635 0.0974691 0.00646863 0
 0.296916 0.608066 0.0921331 0.00288517 0
 0.311714 0.524322 0.152257 0.0117073 0
 0.15457 0.633149 0.183074 0.0267441 0.00246327
 0.131901 0.49318 0.331252 0.0422183 0.00144891
 0.196976 0.569456 0.194076 0.0375587 0.00193317
 0.518974 0.381816 0.0799577 0.0180837 0.00116848
 0.0928022 0.601141 0.25162 0.0475244 0.00691264
 0.122501 0.610282 0.24278 0.0234846 0.000952079
 0.383417 0.481906 0.127806 0.00687128 0
 0.0376549 0.599619 0.316969 0.0457579 0
 0.0361596 0.667082 0.258105 0.0386534 0
 0.158088 0.579412 0.248529 0.0139706 0
 0.0477256 0.309471 0.559284 0.082774 0.000745712
 0.0406174 0.521527 0.379366 0.0568643 0.0016247
 0.151134 0.462217 0.34131 0.0453401 0
 0.294876 0.26143 0.354403 0.0886775 0.000613685
 0.281977 0.475581 0.204845 0.0348837 0.00271318
 0 0 0 0 0
pf_pred 
 0.298553 0.49233 0.186739 0.0223698 8.19874e-06
 0.289891 0.553426 0.109973 0.0417121 0.00499861
 0.139901 0.659702 0.15618 0.0310348 0.013182
 0.208828 0.478516 0.239809 0.0567731 0.0160733
 0.294759 0.455839 0.150843 0.0755952 0.0229634
 0.0965892 0.65953 0.157635 0.0521633 0.0340828
 0.351391 0.297209 0.256538 0.0613152 0.0335472
 0.36691 0.510347 0.0562439 0.0485473 0.0179518
 0.252561 0.623987 0.0995175 0.0109675 0.0129673
 0.221746 0.571394 0.172693 0.0275423 0.00662416
 0.155894 0.578059 0.195331 0.0590353 0.0116798
 0.15288 0.537844 0.211798 0.0715683 0.0259096
 0.262699 0.462578 0.174424 0.0686866 0.0316123
 0.341414 0.544532 0.0715567 0.0269819 0.0155153
 0.64561 0.347453 0.00573521 0.000753662 0.000447597
 0.355284 0.641329 0.00332056 5.48105e-05 1.14802e-05
 0.190331 0.691813 0.117236 0.000607006 1.21181e-05
 0.283394 0.490986 0.192779 0.0326688 0.000172523
 0.299565 0.542907 0.107931 0.0423775 0.00721933
 0.239867 0.591285 0.130875 0.0260181 0.0119559
 0.342074 0.473376 0.143556 0.0317746 0.00921959
 0.329468 0.530542 0.100723 0.0305451 0.00872255
 0.243079 0.592844 0.129822 0.0246466 0.0096087
 0.220883 0.546607 0.182109 0.0398786 0.0105225
 0.125892 0.593453 0.1969 0.0655994 0.0181555
pobs_RECLAS
 0 0 0 0 0
 0 0 0 0 0
 0 0 0 0 0
 0 0 0 0 0
 0.835266 0.146461 0.0176864 0.000547809 3.91292e-05
 0.385257 0.428462 0.181853 0.0044286 0
 0.867414 0.0963971 0.0333333 0.00285562 0
 0.441836 0.489002 0.0689373 0.000224442 0
 0.779404 0.147425 0.0564933 0.0165055 0.000172143
 0.814271 0.122319 0.05973 0.00367925 0
 0.40263 0.566651 0.0304383 0.000280538 0
 0.475488 0.404961 0.113038 0.00651328 0
 0.955842 0.0263864 0.0167828 0.000988607 0
 0.975058 0.0227948 0.00214734 0 0
 0.738997 0.206755 0.0527124 0.00153531 0
 0.850938 0.134255 0.0134407 0.00136685 0
 0.542534 0.407297 0.0501686 0 0
 0.764087 0.199537 0.0359546 0.000420521 0
 0.470689 0.182191 0.310203 0.0369168 0
 0.84361 0.089868 0.0606195 0.00523954 0.000663233
 0.607945 0.314616 0.071237 0.00620181 0
 0.523733 0.453247 0.0230204 0 0
 0.530135 0.295979 0.169645 0.0042399 0
 0.562478 0.366248 0.0663022 0.0049721 0
 0.250443 0.683176 0.0655157 0.000865301 0
ppred_RECLAS
 0.494426 0.354851 0.134594 0.0161232 5.90931e-06
 0.482754 0.403118 0.0801044 0.0303833 0.00364101
 0.276856 0.554657 0.131311 0.0260931 0.011083
 0.370951 0.380461 0.190669 0.0451394 0.0127796
 0.480841 0.335563 0.111042 0.055649 0.0169044
 0.195912 0.58702 0.140304 0.0464284 0.0303356
 0.551274 0.205617 0.17748 0.0424196 0.0232089
 0.573347 0.343934 0.037904 0.0327171 0.0120981
 0.436409 0.470504 0.075039 0.00826984 0.00977772
 0.39227 0.446195 0.134854 0.0215074 0.00517273
 0.303023 0.477303 0.161285 0.0487454 0.009644
 0.297775 0.445849 0.175571 0.059327 0.0214779
 0.477041 0.328101 0.123717 0.0487185 0.0224222
 0.728279 0.224665 0.0295231 0.0111323 0.00640137
 0.906599 0.0915733 0.00151155 0.000198632 0.000117967
 0.571289 0.426459 0.00220804 3.64469e-05 7.63391e-06
 0.355449 0.55073 0.0933281 0.000483217 9.64683e-06
 0.47831 0.357438 0.140343 0.0237829 0.000125597
 0.495042 0.391393 0.0778096 0.0305508 0.00520457
 0.419424 0.451613 0.0999598 0.0198722 0.00913174
 0.539136 0.33159 0.100558 0.0222575 0.00645813
 0.525384 0.375528 0.0712936 0.0216205 0.00617399
 0.419623 0.454569 0.0995425 0.018898 0.00736756
 0.390266 0.427773 0.142518 0.0312089 0.00823486
 0.245413 0.512308 0.169977 0.0566297 0.0156731
pobs_PELACES
 0 0 0 0 0
 0 0 0 0 0
 0 0 0 0 0
 0 0 0 0 0
 0 0 0 0 0
 0 0 0 0 0
 0 0 0 0 0
 0 0 0 0 0
 0 0 0 0 0
 0 0 0 0 0
 0.450072 0.473896 0.0757376 0.000293798 0
 0 0 0 0 0
 0.463077 0.371075 0.160297 0.00555027 0
 0.529543 0.364841 0.0842815 0.0213345 0
 0.631943 0.363953 0.00410389 0 0
 0.735681 0.248677 0.0153453 0.000297389 0
 0.695825 0.281241 0.0229344 0 0
 0.275771 0.60734 0.115278 0.00161068 0
 0 0 0 0 0
 0.896147 0.0623911 0.0374545 0.00400742 0
 0.803859 0.145111 0.0509908 3.86294e-05 0
 0.739449 0.233085 0.0266225 0.000797448 4.60066e-05
 0.878498 0.100942 0.0204185 0.000141795 0
 0.694673 0.275183 0.0284847 0.00165964 0
 0 0 0 0 0
ppred_PELACES
 0.762095 0.16698 0.063335 0.00758702 2.78071e-06
 0.750606 0.194366 0.038623 0.0146495 0.00175554
 0.572822 0.327648 0.0775683 0.0154138 0.00654699
 0.635848 0.220246 0.110377 0.0261309 0.00739805
 0.725011 0.177742 0.0588171 0.0294763 0.00895394
 0.437402 0.410722 0.0981668 0.0324847 0.021225
 0.794032 0.0943797 0.0814645 0.0194709 0.010653
 0.818881 0.146004 0.0160907 0.0138888 0.00513579
 0.715563 0.237458 0.0378713 0.00417369 0.0049347
 0.668685 0.243251 0.0735183 0.0117252 0.00282001
 0.603705 0.27139 0.0917052 0.0277162 0.0054835
 0.596554 0.256152 0.10087 0.0340848 0.0123396
 0.792396 0.13025 0.0491132 0.0193403 0.00890119
 0.962933 0.0306475 0.00402737 0.0015186 0.000873239
 0.989773 0.0100265 0.000165501 2.17485e-05 1.29163e-05
 0.832667 0.166454 0.000861835 1.42258e-05 2.97964e-06
 0.656956 0.29311 0.0496713 0.000257179 5.13425e-06
 0.755109 0.167788 0.0658795 0.0111641 5.89575e-05
 0.761216 0.185082 0.0367946 0.0144469 0.00246113
 0.700583 0.232907 0.0515516 0.0102485 0.00470945
 0.781016 0.157559 0.0477812 0.0105759 0.00306865
 0.772293 0.180167 0.0342045 0.0103728 0.0029621
 0.688437 0.244025 0.0534373 0.010145 0.00395512
 0.664062 0.235685 0.0785212 0.0171948 0.00453706
 0.501305 0.338576 0.112335 0.0374257 0.0103581
pobs_pel_tallas
 0 0 0 0 0 0 0 0 0 0 0 0 0 0 0 0 0 0 0 0 0 0 0 0 0 0 0 0 0 0 0 0 0 0 0 0
 0 0 0 0 0 0 0 0 0 0 0 0 0 0 0 0 0 0 0 0 0 0 0 0 0 0 0 0 0 0 0 0 0 0 0 0
 0 0 0 0 0 0 0 0 0 0 0 0 0 0 0 0 0 0 0 0 0 0 0 0 0 0 0 0 0 0 0 0 0 0 0 0
 0 0 0 0 0 0 0 0 0 0 0 0 0 0 0 0 0 0 0 0 0 0 0 0 0 0 0 0 0 0 0 0 0 0 0 0
 0 0 0 0 0 0 0 0 0 0 0 0 0 0 0 0 0 0 0 0 0 0 0 0 0 0 0 0 0 0 0 0 0 0 0 0
 0 0 0 0 0 0 0 0 0 0 0 0 0 0 0 0 0 0 0 0 0 0 0 0 0 0 0 0 0 0 0 0 0 0 0 0
 0 0 0 0 0 0 0 0 0 0 0 0 0 0 0 0 0 0 0 0 0 0 0 0 0 0 0 0 0 0 0 0 0 0 0 0
 0 0 0 0 0 0 0 0 0 0 0 0 0 0 0 0 0 0 0 0 0 0 0 0 0 0 0 0 0 0 0 0 0 0 0 0
 0 0 0 0 0 0 0 0 0 0 0 0 0 0 0 0 0 0 0 0 0 0 0 0 0 0 0 0 0 0 0 0 0 0 0 0
 0 0 0 0 0 0 0 0 0 0 0 0 0 0 0 0 0 0 0 0 0 0 0 0 0 0 0 0 0 0 0 0 0 0 0 0
 0 0 0 0 0 0 0 0 1.78061e-05 0.00172719 0.00360574 0.0105946 0.0120993 0.0124554 0.0147524 0.0171206 0.0266825 0.0428682 0.0675386 0.121331 0.153587 0.119568 0.100827 0.0573624 0.0630603 0.0341343 0.0324427 0.0444173 0.0211091 0.0280891 0.0125444 0.00206551 0 0 0 0
 0 0 0 0 0 0 0 0 0 0 0 0 0 0 0 0 0 0 0 0 0 0 0 0 0 0 0 0 0 0 0 0 0 0 0 0
 0 0 0 0 0 0 0.0133647 0.0140871 0.0187388 0.0205184 0.03894 0.0496705 0.03968 0.0493445 0.0407372 0.0367815 0.0215668 0.0243155 0.0234873 0.0199281 0.019796 0.0243948 0.0301388 0.0376714 0.0412746 0.0863199 0.0771752 0.113111 0.0741005 0.0525337 0.0229764 0.00759418 0.00175318 0 0 0
 0 0 0 0 0 0 0 0 0 0 0.00219441 0.00772107 0.0458388 0.0604681 0.0671733 0.0775358 0.0609151 0.0617685 0.073594 0.0568108 0.0755445 0.0548602 0.0670107 0.0636378 0.0643287 0.046367 0.0373049 0.0286899 0.0247887 0.0153202 0.00654259 0.00121912 0.000365735 0 0 0
 0 0 0 0 0 0 0 0 0 0 0 0 0.000112435 0.00938835 0.0111873 0.0202946 0.0414886 0.0713402 0.111592 0.104902 0.108894 0.110636 0.117776 0.105296 0.107544 0.0401394 0.0192827 0.0124803 0.00416011 0.0028671 0.000618394 0 0 0 0 0
 0 0 0 0 0 0 0 0 0 0 0.00291406 0.0102884 0.027416 0.0768956 0.0749926 0.110853 0.0956884 0.0897413 0.0766577 0.0534642 0.0500743 0.0551293 0.0594112 0.0620874 0.0668451 0.0424026 0.0208742 0.0120726 0.0048766 0.00582813 0.00118941 0.000297354 0 0 0 0
 0 0.00264628 0.0354308 0.0461629 0.0458689 0.0383711 0.0214643 0.0164657 0.0346957 0.0420465 0.0363128 0.0245516 0.0311673 0.0291091 0.0169068 0.0133784 0.00837989 0.0085269 0.0148486 0.0160247 0.0276389 0.0546898 0.0760071 0.122758 0.109233 0.0665981 0.0333725 0.0166128 0.00676272 0.00308733 0.000882094 0 0 0 0 0
 0 0 0 0 0 0 0 0.000805153 0.000690131 0.00759144 0.0133425 0.0154129 0.00931677 0.000345066 0.00356568 0.00563607 0.00851162 0.0253048 0.0502646 0.0516448 0.0657925 0.0565908 0.0611916 0.0827007 0.0866115 0.110766 0.145733 0.0935128 0.0569358 0.0249597 0.0138026 0.00621118 0.00161031 0.00115022 0 0
 0 0 0 0 0 0 0 0 0 0 0 0 0 0 0 0 0 0 0 0 0 0 0 0 0 0 0 0 0 0 0 0 0 0 0 0
 0.00147267 0.00158595 0.00478618 0.00569244 0.00954404 0.0108468 0.00647125 0.017049 0.0510054 0.094081 0.124002 0.0959785 0.0687766 0.0820023 0.061753 0.0591476 0.0492212 0.0479892 0.0443925 0.0268479 0.0217502 0.0140895 0.0121071 0.0120363 0.00920419 0.00665534 0.0049561 0.00860946 0.00930331 0.0156896 0.0114698 0.00855282 0.00243557 0.00046729 0 2.83206e-05
 0 0 0 0 0.000772559 0.00158375 0.000888443 0.00281984 0.00712685 0.0440552 0.0773331 0.111326 0.0921469 0.0852325 0.0710754 0.0886704 0.0786465 0.0553345 0.0373146 0.0185414 0.00753245 0.00457741 0.012979 0.0271748 0.0457355 0.0583668 0.034881 0.0177882 0.00938659 0.00492506 0.0015258 0.00185414 0.000309023 5.79419e-05 3.86279e-05 0
 0 0.00173294 0.00326652 0 0.00397197 0.00683976 0.00946217 0.0152591 0.00757587 0.0136028 0.0228656 0.0392903 0.0559909 0.0764795 0.0681675 0.0726916 0.0566044 0.0477403 0.0527397 0.0444891 0.0609904 0.0582453 0.0661739 0.0445044 0.0529084 0.0360697 0.0280645 0.0235558 0.0158879 0.00826598 0.00280645 0.00217768 0.000904811 0.00058276 9.20147e-05 0
 0 0 0 0 0 0 0 0 0 0 0 0 0 0 0 0 0 0 0 0 0 0 0 0 0 0 0 0 0 0 0 0 0 0 0 0
 0 0 0 0 0 0 0 0 0 0 0 0 0 0 0 0 0 0 0 0 0 0 0 0 0 0 0 0 0 0 0 0 0 0 0 0
 0 0 0 0 0 0 0 0 0 0 0 0 0 0 0 0 0 0 0 0 0 0 0 0 0 0 0 0 0 0 0 0 0 0 0 0
ppred_pel_tallas
 1.01215e-16 3.32505e-05 0.000195155 0.000927682 0.00357163 0.0111378 0.0281332 0.0575643 0.0954189 0.128144 0.139445 0.122996 0.088035 0.0513588 0.02489 0.0109049 0.00577214 0.00521712 0.00661906 0.008823 0.0113485 0.0138962 0.0161863 0.0179563 0.0190067 0.0192425 0.0186907 0.0174841 0.0158221 0.0139202 0.0119663 0.0100956 0.00838587 0.00686785 0.00554326 0.00440078
 1.01198e-16 3.27505e-05 0.000192218 0.000913712 0.00351784 0.01097 0.0277095 0.0566974 0.0939829 0.126218 0.137355 0.121168 0.0867607 0.0506831 0.0246885 0.0110298 0.00614028 0.0058146 0.00746706 0.00994257 0.0127361 0.0155097 0.0179405 0.0197299 0.0206589 0.0206374 0.0197218 0.0180941 0.0160113 0.0137423 0.0115141 0.00948003 0.00771537 0.00623204 0.00500349 0.00398824
 1.02044e-16 2.50038e-05 0.000146725 0.000697409 0.00268497 0.00837274 0.0211491 0.0432754 0.0717398 0.0963626 0.104909 0.0926505 0.066569 0.0393482 0.0200274 0.0104091 0.00785407 0.0092129 0.0125217 0.0168318 0.0216006 0.0263316 0.0304932 0.0335815 0.0352235 0.0352609 0.0337817 0.0310856 0.0275993 0.0237727 0.0199876 0.0165056 0.0134594 0.0108768 0.00872149 0.00693092
 1.02883e-16 2.77477e-05 0.000162844 0.000774062 0.00298014 0.00929323 0.0234741 0.0480317 0.0796203 0.106935 0.116387 0.102708 0.0736244 0.0431751 0.0213432 0.0100703 0.00637097 0.00671524 0.00893227 0.0120411 0.0155829 0.0192109 0.0225685 0.0253091 0.02716 0.0279762 0.0277641 0.0266629 0.0248962 0.0227114 0.0203269 0.0179037 0.0155418 0.0132937 0.0111865 0.00923837
 1.02325e-16 3.16338e-05 0.000185663 0.000882555 0.00339788 0.010596 0.0267646 0.0547639 0.0907777 0.121913 0.132669 0.117031 0.083791 0.0489342 0.0238113 0.0105975 0.00584854 0.00550624 0.0070815 0.00947253 0.0122106 0.0149915 0.0175244 0.0195354 0.0208158 0.0212653 0.0209093 0.019881 0.0183791 0.016615 0.0147682 0.0129619 0.0112611 0.00968674 0.00823643 0.00690235
 1.03636e-16 1.91022e-05 0.00011207 0.000532637 0.00205052 0.00639423 0.0161517 0.033051 0.0547952 0.0736172 0.0801861 0.0709105 0.0511543 0.0306498 0.0163633 0.00974661 0.00886003 0.0113548 0.0157432 0.0212447 0.0273093 0.0333498 0.0387108 0.0427643 0.0450436 0.0453464 0.0437745 0.0406894 0.0366084 0.0320742 0.0275444 0.0233282 0.0195783 0.0163235 0.0135197 0.0110983
 1.02355e-16 3.46401e-05 0.00020332 0.000966516 0.00372118 0.0116042 0.0293111 0.0599738 0.0994107 0.133498 0.145253 0.128076 0.0915775 0.053237 0.0254492 0.0105538 0.0047383 0.00353205 0.00421247 0.00561977 0.00733696 0.00916973 0.0109593 0.0125526 0.01382 0.0146767 0.0150933 0.0150914 0.0147269 0.0140699 0.0131879 0.0121375 0.0109645 0.00970935 0.00841285 0.00711883
 1.00994e-16 3.57256e-05 0.000209689 0.000996782 0.00383769 0.0119675 0.0302289 0.0618521 0.102525 0.137684 0.149817 0.132122 0.094519 0.0550437 0.0264917 0.0112897 0.00551525 0.00455731 0.00559024 0.00737738 0.0094247 0.0114511 0.0132101 0.0144795 0.0151 0.015011 0.0142631 0.0130013 0.0114255 0.00974141 0.00811926 0.00667004 0.00544228 0.00443476 0.00361685 0.00294793
 1.0099e-16 3.12242e-05 0.000183253 0.000871084 0.00335369 0.0104582 0.0264166 0.0540524 0.0895999 0.120337 0.130967 0.115562 0.0828098 0.0485032 0.0238655 0.0110665 0.00672763 0.00685357 0.0089777 0.0119744 0.0153114 0.0185931 0.0214269 0.0234485 0.0243948 0.0241634 0.0228353 0.0206478 0.0179311 0.0150292 0.0122317 0.0097332 0.0076267 0.00592153 0.00457457 0.00352084
 1.01658e-16 2.91805e-05 0.000171254 0.000814036 0.00313404 0.00977318 0.0246864 0.0505123 0.0837325 0.112459 0.122399 0.108017 0.077436 0.0454219 0.0224737 0.0106328 0.00675676 0.007126 0.00944467 0.0126618 0.0162696 0.0198763 0.0230828 0.0255112 0.0268786 0.0270576 0.0261014 0.0242189 0.0217144 0.018912 0.0160903 0.0134443 0.0110789 0.00902583 0.00727164 0.00578393
 1.02599e-16 2.63482e-05 0.000154623 0.000734967 0.00282959 0.00882376 0.0222883 0.0456058 0.0756009 0.101542 0.110531 0.0975754 0.0700194 0.0412109 0.0206501 0.0102062 0.00706924 0.00790252 0.0106413 0.0143234 0.0184514 0.0226081 0.0263545 0.0292702 0.0310354 0.0314997 0.0307085 0.028877 0.0263244 0.0233919 0.0203733 0.0174741 0.014807 0.0124106 0.0102805 0.00839674
 1.03264e-16 2.60358e-05 0.00015279 0.000726256 0.00279606 0.0087192 0.0220241 0.0450653 0.0747045 0.100338 0.109218 0.0964099 0.069171 0.0406873 0.0203434 0.00998296 0.00682668 0.00757756 0.0101998 0.0137529 0.017762 0.0218361 0.0255637 0.0285475 0.030481 0.0312116 0.030766 0.0293271 0.0271738 0.0246068 0.0218855 0.0191926 0.0166314 0.0142435 0.0120376 0.0100125
 1.01821e-16 3.45702e-05 0.000202906 0.000964541 0.00371356 0.0115804 0.0292512 0.0598514 0.0992087 0.13323 0.144968 0.127843 0.0914501 0.0532416 0.0255978 0.0108658 0.00525137 0.00429673 0.00527689 0.0070101 0.00903842 0.0111125 0.0130146 0.0145423 0.0155406 0.0159326 0.0157324 0.0150326 0.0139739 0.0127071 0.0113613 0.0100262 0.00875101 0.00755422 0.00643846 0.00540275
 1.00161e-16 4.20023e-05 0.000246549 0.00117204 0.00451253 0.014072 0.0355446 0.0727273 0.120548 0.161874 0.176104 0.155224 0.110869 0.0642077 0.0302329 0.0117341 0.00403622 0.0016726 0.00131644 0.00156954 0.00197712 0.00239715 0.0027624 0.00302373 0.00314721 0.00311996 0.00295266 0.00267608 0.00233269 0.00196655 0.00161438 0.00130055 0.00103617 0.00082168 0.000650953 0.000515342
 1.00008e-16 4.31718e-05 0.000253417 0.0012047 0.00463827 0.0144641 0.036535 0.0747536 0.123906 0.166382 0.181002 0.159529 0.113916 0.0659177 0.0309345 0.0118244 0.00377222 0.00115207 0.00054342 0.000517356 0.000625376 0.000750066 0.00085627 0.000926116 0.000948709 0.000920614 0.000846492 0.000737806 0.000609962 0.000478743 0.000357224 0.000253936 0.000172514 0.000112533 7.09646e-05 4.36687e-05
 1.00068e-16 3.63276e-05 0.000213221 0.00101357 0.00390232 0.0121691 0.030738 0.0628939 0.104253 0.140005 0.152346 0.134361 0.0961388 0.0560233 0.0270304 0.0116327 0.00584541 0.00497968 0.00615564 0.00810036 0.0102868 0.0123976 0.014149 0.0152879 0.0156394 0.0151479 0.0138926 0.0120657 0.00992504 0.00773435 0.0057119 0.00399977 0.00265795 0.00167831 0.00100896 0.000579273
 1.0081e-16 2.8671e-05 0.000168258 0.000799786 0.00307916 0.00960201 0.0242541 0.0496282 0.0822684 0.110497 0.120276 0.106172 0.0761747 0.044806 0.0223983 0.0109775 0.00747444 0.008244 0.0110225 0.014745 0.0188532 0.0228806 0.0263447 0.0287947 0.0299041 0.0295463 0.027822 0.0250269 0.0215733 0.0178922 0.0143486 0.0111906 0.00853991 0.0064129 0.0047586 0.00349587
 1.01377e-16 3.29459e-05 0.000193367 0.000919181 0.0035389 0.0110357 0.0278754 0.0570367 0.0945446 0.12697 0.138168 0.121871 0.0872338 0.0508988 0.0246812 0.0108377 0.00577219 0.00525089 0.00667828 0.00891041 0.0114705 0.0140601 0.0163989 0.0182232 0.0193316 0.0196269 0.0191327 0.0179788 0.0163609 0.0144909 0.0125541 0.0106839 0.00895746 0.00740678 0.00603604 0.00483759
 1.01195e-16 3.32128e-05 0.000194932 0.00092662 0.00356754 0.011125 0.028101 0.0574984 0.0953102 0.128 0.139291 0.122869 0.0879633 0.0513552 0.024959 0.0110539 0.00601774 0.00558173 0.00712337 0.0094761 0.0121387 0.0147847 0.0171062 0.0188186 0.0197137 0.0197054 0.018847 0.0173114 0.0153422 0.0131947 0.0110837 0.00915463 0.00747826 0.00606563 0.00489147 0.00391668
 1.0138e-16 3.05709e-05 0.000179418 0.000852852 0.0032835 0.0102393 0.0258636 0.052921 0.0877245 0.117818 0.128226 0.113145 0.0810815 0.0474977 0.0233838 0.0108665 0.00664049 0.00679775 0.00892747 0.0119321 0.0152947 0.0186309 0.0215572 0.0237149 0.0248402 0.0248227 0.0237284 0.0217735 0.0192652 0.0165262 0.0138298 0.0113626 0.009218 0.00741353 0.00592018 0.00468999
 1.01237e-16 3.40751e-05 0.000199997 0.000950705 0.00366028 0.0114143 0.0288315 0.0589928 0.0977865 0.131323 0.142899 0.126035 0.0901911 0.0525784 0.0254093 0.0110091 0.00564875 0.00494112 0.00619758 0.00823748 0.0105787 0.0129318 0.0150324 0.0166356 0.0175576 0.0177154 0.0171419 0.0159701 0.0143939 0.0126198 0.010825 0.00913282 0.00760914 0.00627376 0.00511852 0.00412425
 1.0104e-16 3.36956e-05 0.000197767 0.0009401 0.00361944 0.0112869 0.0285098 0.0583349 0.0966965 0.129861 0.141314 0.124649 0.0892275 0.0520727 0.0252693 0.0111257 0.00596299 0.0054472 0.00691643 0.00918906 0.0117622 0.014314 0.0165433 0.0181731 0.0190013 0.0189457 0.0180609 0.0165183 0.0145588 0.0124347 0.0103581 0.00847266 0.00684795 0.00549395 0.00438398 0.00347687
 1.01372e-16 3.00417e-05 0.00017631 0.000838075 0.0032266 0.0100618 0.0254154 0.052004 0.086205 0.115779 0.126011 0.111199 0.0797055 0.0467299 0.023077 0.0108435 0.00678809 0.00707515 0.00933601 0.0124859 0.0160029 0.0194889 0.0225423 0.0247875 0.025948 0.0259091 0.0247403 0.0226699 0.020021 0.0171332 0.0142946 0.0117018 0.00945315 0.00756732 0.00601336 0.00474004
 1.01995e-16 2.89786e-05 0.000170069 0.000808406 0.00311237 0.00970559 0.0245156 0.0501629 0.0831532 0.11168 0.121551 0.107266 0.0768916 0.045091 0.0222888 0.0105107 0.00663496 0.00696787 0.00923196 0.0123888 0.0159426 0.0195149 0.0227201 0.0251923 0.0266542 0.0269771 0.026204 0.0245267 0.0222285 0.0196124 0.0169393 0.0143927 0.0120729 0.0100139 0.00820973 0.00663853
 1.03475e-16 2.18858e-05 0.000128419 0.000610375 0.00234986 0.00732771 0.0185095 0.0378747 0.0627884 0.0843442 0.0918389 0.0811407 0.058372 0.0346495 0.0179078 0.00975284 0.00790533 0.00963523 0.0132375 0.0178747 0.023039 0.0282373 0.032928 0.0365884 0.0388207 0.0394379 0.0384963 0.0362631 0.0331341 0.0295318 0.025818 0.0222451 0.0189492 0.0159756 0.0133171 0.0109488
pSPR Fmed_Fpbrs
0.492587   0.6 0.325
Fs Fmed_Fpbrs
0.543389   0.353721 1.1056
SSBpbr Bo_Bmed_Bpbrs
899518  398115  494735 247368
Ro
33430.5
SPR SPRFo_SPRFmed_SPRFpbrs
688987 339386 223921
log_Ro
10.2372
likeval ReclasPelacesDesembMPH_pf_preclas_ppelaces_ptallas_desvR_qrecl_qpela
 138.589 28.6469 0.0844815 49.514 306.779 214.265 84.1896 0 17.4098 5.06775e-08 8.04214e-05 5.33197e-16 0 0 0
q_reclas_q_pelaces
0.968603 3.58174
M
0.7
N
 41887.8 13187 5001.78 599.172 0.219602
 53354.3 19085.3 3792.48 1438.47 172.381
 25215.4 24526.2 5806.39 1153.8 490.077
 28649.6 11060.8 5543.11 1312.29 371.53
 55855.4 13822.6 4574.06 2292.3 696.327
 21814.5 27557.1 6586.42 2179.53 1424.07
 65800.7 10087.8 8707.39 2081.16 1138.66
 112104 30718.9 3385.45 2922.17 1080.56
 107708 50308.6 8023.54 884.252 1045.48
 106024 49303.4 14901.1 2376.52 571.574
 64817.1 49597 16759.3 5065.18 1002.12
 39367.9 28425.8 11193.8 3782.48 1369.36
 39599.1 17312.3 6527.93 2570.64 1183.11
 22428.7 15704.3 2063.7 778.161 447.464
 23086.5 5524.96 91.1973 11.9842 7.11737
 14013.5 5596.4 28.976 0.47829 0.100179
 7983.08 5927.83 1004.55 5.20116 0.103835
 10314.3 3518.8 1381.61 234.131 1.23644
 13498.3 4629.76 920.403 361.383 61.5643
 13301 6175.76 1366.94 271.75 124.876
 25204.7 6099.2 1849.64 409.399 118.789
 42212.7 11960.8 2270.74 688.624 196.645
 46696.6 19975.7 4374.33 830.462 323.763
 50318.6 22129.4 7372.68 1614.49 426.003
 28266.8 23704.4 7864.78 2620.25 725.189
pred_Ctot
 2496.94 4117.59 1561.79 187.089 0.06857
 2863.94 5467.5 1086.46 412.09 49.3831
 2130.84 10048 2378.78 472.693 200.776
 586.689 1344.36 673.729 159.5 45.157
 260.635 403.067 133.38 66.8436 20.3049
 1083.26 7396.74 1767.9 585.02 382.244
 2843.89 2405.38 2076.22 496.238 271.505
 7808.9 10861.7 1197.03 1033.23 382.066
 6086.43 15037.4 2398.26 264.305 312.497
 4436.52 11432 3455.12 551.044 132.531
 5486.52 20344.1 6874.46 2077.68 411.057
 3262.82 11478.9 4520.26 1527.44 552.973
 5809.64 10230 3857.43 1519.02 699.114
 8458.32 13490.4 1772.77 668.459 384.383
 8850.72 4763.26 78.6244 10.332 6.13614
 1507.08 2720.45 14.0854 0.2325 0.048698
 649.602 2361.16 400.128 2.07171 0.0413591
 716.934 1242.1 487.694 82.6459 0.436452
 767.305 1390.6 276.454 108.546 18.4916
 736.029 1814.35 401.588 79.8364 36.6868
 806.543 1116.13 338.476 74.9183 21.738
 1432.64 2306.99 437.978 132.821 37.9287
 1538.42 3752.04 821.63 155.985 60.8123
 1863.91 4612.52 1536.71 336.513 88.7934
 1055.92 4977.56 1651.49 550.213 152.279
F
 0.0860776 0.546211 0.546211 0.546211 0.546211
 0.0772126 0.489958 0.489958 0.489958 0.489958
 0.124053 0.787185 0.787185 0.787185 0.787185
 0.0288392 0.183001 0.183001 0.183001 0.183001
 0.00650712 0.0412914 0.0412914 0.0412914 0.0412914
 0.0712445 0.452087 0.452087 0.452087 0.452087
 0.061751 0.391845 0.391845 0.391845 0.391845
 0.101252 0.642499 0.642499 0.642499 0.642499
 0.0814338 0.516744 0.516744 0.516744 0.516744
 0.0597334 0.379043 0.379043 0.379043 0.379043
 0.124271 0.788571 0.788571 0.788571 0.788571
 0.121535 0.771207 0.771207 0.771207 0.771207
 0.224868 1.42691 1.42691 1.42691 1.42691
 0.701067 4.44867 4.44867 4.44867 4.44867
 0.717125 4.55056 4.55056 4.55056 4.55056
 0.160362 1.01759 1.01759 1.01759 1.01759
 0.119203 0.756412 0.756412 0.756412 0.756412
 0.101025 0.641064 0.641064 0.641064 0.641064
 0.0819359 0.51993 0.51993 0.51993 0.51993
 0.079684 0.50564 0.50564 0.50564 0.50564
 0.0453941 0.288051 0.288051 0.288051 0.288051
 0.0482038 0.30588 0.30588 0.30588 0.30588
 0.0467629 0.296737 0.296737 0.296737 0.296737
 0.052716 0.334513 0.334513 0.334513 0.334513
 0.0531723 0.337408 0.337408 0.337408 0.337408
nmprior
 10 11 7 0
nm_flota  nm_reclas  nm_pelaces    nm_pelaL
inf 7.69492 8.77586 13.5503
cv_recla  cv_pelaces  cv_mph
0.532426 0.524834 0.651464
 ------------------------------------------------
Talla a la edad & desviación 
 7.2 14.2025 17.0495 18.207 18.6776
 1.08 2.13037 2.55742 2.73105 2.80164
