years
 1997 1998 1999 2000 2001 2002 2003 2004 2005 2006 2007 2008 2009 2010 2011 2012 2013 2014 2015 2016 2017 2018 2019 2020 2021
reclasobs
 0 0 0 370054 412103 1.49427e+06 250295 1.28982e+06 931140 785840 897777 1.04006e+06 184774 17550 25797 100020 73551 82996 120727 218422 84188 347160 605670 569463 516374
reclaspred
 690658 175171 549986 319929 395870 507683 780408 658956 886541 893527 776335 511468 246063 49485.1 44581.2 70333.5 81704.6 97805.8 115693 146551 201443 237761 473497 496678 581493
pelacesobs
 0 0 0 0 0 0 0 0 0 2.06254e+06 1.5e+06 0 1.87456e+06 323000 250000 174000 83755 137374 0 501740 490994 745055 786931 1.00524e+06 0
pelacespred
 3.05768e+06 693563 1.0987e+06 1.04101e+06 1.2696e+06 970151 2.54803e+06 2.4893e+06 2.85473e+06 2.72885e+06 1.91482e+06 1.26884e+06 685807 134884 176779 180584 199606 264031 291902 351563 662229 634967 918952 1.2322e+06 1.2847e+06
mphobs
 0 0 0 0 0 6.5 0 7.77 15.35 79.43 7.84 3.79 14.63 6 0.54 1.52 6.72 0 0 0 0 0 0 0 0
mphpred
 12.6169 7.18289 8.17473 8.24981 7.52854 11.2075 12.6809 16.2498 19.0635 20.3804 19.6579 13.2992 7.45865 2.52618 0.973614 1.51785 1.71993 1.95095 2.39239 2.89257 3.70806 5.04756 7.63589 10.0606 12.5711
desembarqueobs
 350755 77701 442110 56441 14545 235359 269955 359681 431902 328805 639364 411747 362871 311530 167758 66681 60226 58785 57116 71774 51957 67425 138520 160799 200461
desembarquepred
 350757 77697.8 442070 56443.3 14545.2 235538 270139 359458 431977 328907 639182 411654 363228 311920 167209 66652.4 60289.9 58778.6 57090.5 71783.1 51966.6 67396.1 138529 160831 200481
Reclutas
 41659.3 53136.6 25075.6 28566.6 56667.2 21671 67749.6 107336 103691 105459 65893.9 40288.6 40146.4 22696.8 22996.2 13740.4 7947.27 10293.9 13397.6 13092.5 25198 41579.7 46203.8 49890.1 28333.4
log_desv_Rt
 0.223583 0.466923 -0.284048 -0.153704 0.531254 -0.429965 0.709876 1.17002 1.13547 1.15238 0.682105 0.190127 0.186591 -0.38372 -0.370614 -0.885599 -1.43311 -1.17439 -0.91087 -0.933902 -0.279177 0.221669 0.327121 0.403881 -0.161901
SSB
 571255 325218 370126 373525 340868 507438 574152 735739 863133 922761 890047 602146 337704 114377 44082.1 68723.6 77873.1 88332.9 108320 130966 167889 228537 345729 455512 569182
BT
 1.82298e+06 476171 787647 576442 644883 665904 1.47857e+06 1.63915e+06 1.81874e+06 1.67299e+06 1.52357e+06 1.00588e+06 692941 345652 222366 144171 147465 179431 192894 231129 375480 376419 545631 744866 799774
Ftot
 0.553624 0.496265 0.796488 0.18531 0.0415816 0.449211 0.388839 0.637819 0.534423 0.396495 0.819051 0.79346 1.45395 4.45223 4.52611 1.01254 0.768438 0.651378 0.52614 0.512724 0.293132 0.309235 0.301517 0.340108 0.342529
BD_Bspro_t
 0.932884 0.700936 0.63634 0.458207 0.564741 0.712482 0.607589 0.640122 0.635799 0.600266 0.559009 0.394277 0.27105 0.123067 0.0602565 0.107115 0.159622 0.230296 0.318931 0.422603 0.516475 0.656448 0.7082 0.699248 0.667737
BD_Bspro
 0.832053 0.473692 0.539101 0.544052 0.496487 0.739101 0.836273 1.07163 1.25718 1.34403 1.29638 0.877046 0.491877 0.166594 0.0642071 0.100098 0.113425 0.12866 0.157771 0.190757 0.244536 0.332873 0.503566 0.663468 0.829032
BD_Bo
 0.640161 0.364447 0.414771 0.41858 0.381984 0.568646 0.643407 0.824485 0.967245 1.03407 0.997405 0.674778 0.378438 0.128174 0.0493994 0.0770131 0.0872663 0.0989877 0.121385 0.146764 0.18814 0.256104 0.387431 0.510456 0.637837
BD_Brms
 1.16393 0.66263 0.754128 0.761055 0.694517 1.0339 1.16983 1.49906 1.75863 1.88012 1.81346 1.22687 0.688069 0.233043 0.089817 0.140024 0.158666 0.179978 0.220701 0.266843 0.342073 0.465643 0.70442 0.928102 1.1597
S_f
 0.155315 1 1 1 1
 0.155315 1 1 1 1
 0.155315 1 1 1 1
 0.155315 1 1 1 1
 0.155315 1 1 1 1
 0.155315 1 1 1 1
 0.155315 1 1 1 1
 0.155315 1 1 1 1
 0.155315 1 1 1 1
 0.155315 1 1 1 1
 0.155315 1 1 1 1
 0.155315 1 1 1 1
 0.155315 1 1 1 1
 0.155315 1 1 1 1
 0.155315 1 1 1 1
 0.155315 1 1 1 1
 0.155315 1 1 1 1
 0.155315 1 1 1 1
 0.155315 1 1 1 1
 0.155315 1 1 1 1
 0.155315 1 1 1 1
 0.155315 1 1 1 1
 0.155315 1 1 1 1
 0.155315 1 1 1 1
 0.155315 1 1 1 1
Scru_reclas
 0.33911 1 1 1 1
 0.33911 1 1 1 1
 0.33911 1 1 1 1
 0.33911 1 1 1 1
 0.33911 1 1 1 1
 0.33911 1 1 1 1
 0.33911 1 1 1 1
 0.33911 1 1 1 1
 0.33911 1 1 1 1
 0.33911 1 1 1 1
 0.33911 1 1 1 1
 0.33911 1 1 1 1
 0.33911 1 1 1 1
 0.33911 1 1 1 1
 0.33911 1 1 1 1
 0.33911 1 1 1 1
 0.33911 1 1 1 1
 0.33911 1 1 1 1
 0.33911 1 1 1 1
 0.33911 1 1 1 1
 0.33911 1 1 1 1
 0.33911 1 1 1 1
 0.33911 1 1 1 1
 0.33911 1 1 1 1
 0.33911 1 1 1 1
Scru_pelaces
 0.955716 1 1 1 1
 0.955716 1 1 1 1
 0.955716 1 1 1 1
 0.955716 1 1 1 1
 0.955716 1 1 1 1
 0.955716 1 1 1 1
 0.955716 1 1 1 1
 0.955716 1 1 1 1
 0.955716 1 1 1 1
 0.955716 1 1 1 1
 0.955716 1 1 1 1
 0.955716 1 1 1 1
 0.955716 1 1 1 1
 0.955716 1 1 1 1
 0.955716 1 1 1 1
 0.955716 1 1 1 1
 0.955716 1 1 1 1
 0.955716 1 1 1 1
 0.955716 1 1 1 1
 0.955716 1 1 1 1
 0.955716 1 1 1 1
 0.955716 1 1 1 1
 0.955716 1 1 1 1
 0.955716 1 1 1 1
 0.955716 1 1 1 1
pf_obs 
 0.256992 0.487395 0.22802 0.0275931 0
 0.321318 0.546541 0.124235 0.00734118 0.000564706
 0.182869 0.594174 0.210203 0.0122559 0.00049798
 0.330522 0.361315 0.267642 0.0388342 0.00168674
 0.649043 0.306663 0.0425973 0.00169635 0
 0.582887 0.30429 0.105238 0.00758474 0
 0.465427 0.430635 0.0974691 0.00646863 0
 0.296916 0.608066 0.0921331 0.00288517 0
 0.311714 0.524322 0.152257 0.0117073 0
 0.15457 0.633149 0.183074 0.0267441 0.00246327
 0.131901 0.49318 0.331252 0.0422183 0.00144891
 0.196976 0.569456 0.194076 0.0375587 0.00193317
 0.518974 0.381816 0.0799577 0.0180837 0.00116848
 0.0928022 0.601141 0.25162 0.0475244 0.00691264
 0.122501 0.610282 0.24278 0.0234846 0.000952079
 0.383417 0.481906 0.127806 0.00687128 0
 0.0376549 0.599619 0.316969 0.0457579 0
 0.0361596 0.667082 0.258105 0.0386534 0
 0.158088 0.579412 0.248529 0.0139706 0
 0.0477256 0.309471 0.559284 0.082774 0.000745712
 0.0406174 0.521527 0.379366 0.0568643 0.0016247
 0.151134 0.462217 0.34131 0.0453401 0
 0.294876 0.26143 0.354403 0.0886775 0.000613685
 0.281977 0.475581 0.204845 0.0348837 0.00271318
 0 0 0 0 0
pf_pred 
 0.296974 0.493429 0.187166 0.0224226 8.2661e-06
 0.288221 0.55613 0.109244 0.0414382 0.00496616
 0.138692 0.662204 0.155564 0.0305585 0.0129805
 0.207656 0.481197 0.239221 0.0561977 0.0157285
 0.296004 0.456446 0.150339 0.0747391 0.0224716
 0.0939523 0.665136 0.156199 0.0514469 0.0332661
 0.353656 0.293457 0.259057 0.0608363 0.032994
 0.347415 0.528438 0.0563661 0.0497588 0.0180226
 0.249338 0.619045 0.106578 0.0113682 0.0136705
 0.226608 0.568896 0.168641 0.0290342 0.00682108
 0.160614 0.58411 0.187778 0.0556639 0.0118349
 0.156383 0.548643 0.205265 0.0659881 0.0237201
 0.263907 0.471073 0.172355 0.0644836 0.0281816
 0.340393 0.548942 0.0708216 0.025912 0.0139314
 0.636726 0.356293 0.00580961 0.000749526 0.000421675
 0.345013 0.651423 0.0034953 5.69933e-05 1.14897e-05
 0.189923 0.688897 0.120521 0.00064667 1.26701e-05
 0.28301 0.494214 0.189451 0.033144 0.000181323
 0.296819 0.547334 0.107424 0.0411796 0.00724368
 0.236414 0.594664 0.131484 0.0258059 0.0116325
 0.342739 0.472868 0.143601 0.0317511 0.00904074
 0.324284 0.536904 0.0998687 0.0303283 0.00861514
 0.241288 0.593348 0.131394 0.0244404 0.00953044
 0.219526 0.548787 0.181189 0.0401235 0.0103736
 0.126084 0.595196 0.195981 0.0647057 0.0180334
pobs_RECLAS
 0 0 0 0 0
 0 0 0 0 0
 0 0 0 0 0
 0 0 0 0 0
 0.835266 0.146461 0.0176864 0.000547809 3.91292e-05
 0.385257 0.428462 0.181853 0.0044286 0
 0.867414 0.0963971 0.0333333 0.00285562 0
 0.441836 0.489002 0.0689373 0.000224442 0
 0.779404 0.147425 0.0564933 0.0165055 0.000172143
 0.814271 0.122319 0.05973 0.00367925 0
 0.40263 0.566651 0.0304383 0.000280538 0
 0.475488 0.404961 0.113038 0.00651328 0
 0.955842 0.0263864 0.0167828 0.000988607 0
 0.975058 0.0227948 0.00214734 0 0
 0.738997 0.206755 0.0527124 0.00153531 0
 0.850938 0.134255 0.0134407 0.00136685 0
 0.542534 0.407297 0.0501686 0 0
 0.764087 0.199537 0.0359546 0.000420521 0
 0.470689 0.182191 0.310203 0.0369168 0
 0.84361 0.089868 0.0606195 0.00523954 0.000663233
 0.607945 0.314616 0.071237 0.00620181 0
 0.523733 0.453247 0.0230204 0 0
 0.530135 0.295979 0.169645 0.0042399 0
 0.562478 0.366248 0.0663022 0.0049721 0
 0.250443 0.683176 0.0655157 0.000865301 0
ppred_RECLAS
 0.48954 0.358274 0.135899 0.0162809 6.00193e-06
 0.477696 0.408089 0.0801635 0.0304074 0.00364417
 0.272532 0.559303 0.131391 0.02581 0.0109635
 0.366367 0.38481 0.191304 0.0449409 0.012578
 0.479154 0.337698 0.111227 0.0552951 0.0166255
 0.189146 0.595254 0.139788 0.0460416 0.029771
 0.550527 0.204072 0.18015 0.042306 0.0229443
 0.549208 0.365034 0.0389365 0.0343723 0.0124496
 0.429476 0.470491 0.0810025 0.00864018 0.01039
 0.396242 0.444115 0.131651 0.0226658 0.00532495
 0.308575 0.481147 0.154678 0.0458518 0.0097487
 0.301254 0.454427 0.170016 0.0546563 0.0196468
 0.476515 0.335012 0.122573 0.0458586 0.0200418
 0.725277 0.228631 0.0294968 0.0107922 0.00580235
 0.901619 0.0964909 0.00157335 0.000202986 0.000114197
 0.556938 0.440652 0.00236437 3.85528e-05 7.77213e-06
 0.352247 0.550855 0.0963707 0.000517089 1.01313e-05
 0.474934 0.361923 0.138739 0.024272 0.000132786
 0.488731 0.397956 0.0781055 0.0299408 0.00526673
 0.411873 0.458021 0.101271 0.0198761 0.00895955
 0.5368 0.333251 0.101202 0.0223764 0.0063714
 0.516392 0.38426 0.0714757 0.0217058 0.00616583
 0.414244 0.458088 0.101441 0.018869 0.00735788
 0.385471 0.432104 0.142665 0.0315924 0.00816797
 0.243457 0.515257 0.169659 0.0560153 0.0156113
pobs_PELACES
 0 0 0 0 0
 0 0 0 0 0
 0 0 0 0 0
 0 0 0 0 0
 0 0 0 0 0
 0 0 0 0 0
 0 0 0 0 0
 0 0 0 0 0
 0 0 0 0 0
 0 0 0 0 0
 0.450072 0.473896 0.0757376 0.000293798 0
 0 0 0 0 0
 0.463077 0.371075 0.160297 0.00555027 0
 0.529543 0.364841 0.0842815 0.0213345 0
 0.631943 0.363953 0.00410389 0 0
 0.735681 0.248677 0.0153453 0.000297389 0
 0.695825 0.281241 0.0229344 0 0
 0.275771 0.60734 0.115278 0.00161068 0
 0 0 0 0 0
 0.896147 0.0623911 0.0374545 0.00400742 0
 0.803859 0.145111 0.0509908 3.86294e-05 0
 0.739449 0.233085 0.0266225 0.000797448 4.60066e-05
 0.878498 0.100942 0.0204185 0.000141795 0
 0.694673 0.275183 0.0284847 0.00165964 0
 0 0 0 0 0
ppred_PELACES
 0.759257 0.168969 0.0640929 0.00767838 2.83063e-06
 0.747475 0.197304 0.0387576 0.0147014 0.00176189
 0.568649 0.331638 0.0779081 0.015304 0.00650076
 0.631802 0.223609 0.111165 0.0261147 0.00730893
 0.723981 0.178961 0.058944 0.0293033 0.00881057
 0.426971 0.420664 0.0987877 0.0325375 0.0210391
 0.793692 0.0936691 0.0826891 0.0194185 0.0105314
 0.803986 0.158724 0.0169304 0.0149458 0.00541335
 0.711179 0.238181 0.0410066 0.00437399 0.00525982
 0.673819 0.239934 0.0711247 0.0122452 0.00287681
 0.612458 0.269682 0.0866965 0.0256999 0.00546413
 0.60252 0.2585 0.0967133 0.0310911 0.011176
 0.793706 0.132021 0.0483035 0.0180719 0.00789807
 0.9626 0.0311252 0.00401561 0.00146922 0.000789914
 0.989155 0.010637 0.000173444 2.23768e-05 1.25889e-05
 0.824498 0.174548 0.000936558 1.52712e-05 3.07864e-06
 0.655016 0.293378 0.0513257 0.000275395 5.39578e-06
 0.753498 0.169911 0.0651335 0.0113949 6.2339e-05
 0.75726 0.188942 0.037083 0.0142153 0.00250054
 0.694836 0.237655 0.0525469 0.0103132 0.00464888
 0.779939 0.158324 0.0480799 0.0106307 0.00302698
 0.76637 0.185635 0.0345298 0.0104861 0.0029787
 0.684328 0.24687 0.0546681 0.0101687 0.00396526
 0.660282 0.238872 0.0788666 0.0174646 0.00451534
 0.49945 0.340909 0.112251 0.0370613 0.0103289
pobs_pel_tallas
 0 0 0 0 0 0 0 0 0 0 0 0 0 0 0 0 0 0 0 0 0 0 0 0 0 0 0 0 0 0 0 0 0 0 0 0
 0 0 0 0 0 0 0 0 0 0 0 0 0 0 0 0 0 0 0 0 0 0 0 0 0 0 0 0 0 0 0 0 0 0 0 0
 0 0 0 0 0 0 0 0 0 0 0 0 0 0 0 0 0 0 0 0 0 0 0 0 0 0 0 0 0 0 0 0 0 0 0 0
 0 0 0 0 0 0 0 0 0 0 0 0 0 0 0 0 0 0 0 0 0 0 0 0 0 0 0 0 0 0 0 0 0 0 0 0
 0 0 0 0 0 0 0 0 0 0 0 0 0 0 0 0 0 0 0 0 0 0 0 0 0 0 0 0 0 0 0 0 0 0 0 0
 0 0 0 0 0 0 0 0 0 0 0 0 0 0 0 0 0 0 0 0 0 0 0 0 0 0 0 0 0 0 0 0 0 0 0 0
 0 0 0 0 0 0 0 0 0 0 0 0 0 0 0 0 0 0 0 0 0 0 0 0 0 0 0 0 0 0 0 0 0 0 0 0
 0 0 0 0 0 0 0 0 0 0 0 0 0 0 0 0 0 0 0 0 0 0 0 0 0 0 0 0 0 0 0 0 0 0 0 0
 0 0 0 0 0 0 0 0 0 0 0 0 0 0 0 0 0 0 0 0 0 0 0 0 0 0 0 0 0 0 0 0 0 0 0 0
 0 0 0 0 0 0 0 0 0 0 0 0 0 0 0 0 0 0 0 0 0 0 0 0 0 0 0 0 0 0 0 0 0 0 0 0
 0 0 0 0 0 0 0 0 1.78061e-05 0.00172719 0.00360574 0.0105946 0.0120993 0.0124554 0.0147524 0.0171206 0.0266825 0.0428682 0.0675386 0.121331 0.153587 0.119568 0.100827 0.0573624 0.0630603 0.0341343 0.0324427 0.0444173 0.0211091 0.0280891 0.0125444 0.00206551 0 0 0 0
 0 0 0 0 0 0 0 0 0 0 0 0 0 0 0 0 0 0 0 0 0 0 0 0 0 0 0 0 0 0 0 0 0 0 0 0
 0 0 0 0 0 0 0.0133647 0.0140871 0.0187388 0.0205184 0.03894 0.0496705 0.03968 0.0493445 0.0407372 0.0367815 0.0215668 0.0243155 0.0234873 0.0199281 0.019796 0.0243948 0.0301388 0.0376714 0.0412746 0.0863199 0.0771752 0.113111 0.0741005 0.0525337 0.0229764 0.00759418 0.00175318 0 0 0
 0 0 0 0 0 0 0 0 0 0 0.00219441 0.00772107 0.0458388 0.0604681 0.0671733 0.0775358 0.0609151 0.0617685 0.073594 0.0568108 0.0755445 0.0548602 0.0670107 0.0636378 0.0643287 0.046367 0.0373049 0.0286899 0.0247887 0.0153202 0.00654259 0.00121912 0.000365735 0 0 0
 0 0 0 0 0 0 0 0 0 0 0 0 0.000112435 0.00938835 0.0111873 0.0202946 0.0414886 0.0713402 0.111592 0.104902 0.108894 0.110636 0.117776 0.105296 0.107544 0.0401394 0.0192827 0.0124803 0.00416011 0.0028671 0.000618394 0 0 0 0 0
 0 0 0 0 0 0 0 0 0 0 0.00291406 0.0102884 0.027416 0.0768956 0.0749926 0.110853 0.0956884 0.0897413 0.0766577 0.0534642 0.0500743 0.0551293 0.0594112 0.0620874 0.0668451 0.0424026 0.0208742 0.0120726 0.0048766 0.00582813 0.00118941 0.000297354 0 0 0 0
 0 0.00264628 0.0354308 0.0461629 0.0458689 0.0383711 0.0214643 0.0164657 0.0346957 0.0420465 0.0363128 0.0245516 0.0311673 0.0291091 0.0169068 0.0133784 0.00837989 0.0085269 0.0148486 0.0160247 0.0276389 0.0546898 0.0760071 0.122758 0.109233 0.0665981 0.0333725 0.0166128 0.00676272 0.00308733 0.000882094 0 0 0 0 0
 0 0 0 0 0 0 0 0.000805153 0.000690131 0.00759144 0.0133425 0.0154129 0.00931677 0.000345066 0.00356568 0.00563607 0.00851162 0.0253048 0.0502646 0.0516448 0.0657925 0.0565908 0.0611916 0.0827007 0.0866115 0.110766 0.145733 0.0935128 0.0569358 0.0249597 0.0138026 0.00621118 0.00161031 0.00115022 0 0
 0 0 0 0 0 0 0 0 0 0 0 0 0 0 0 0 0 0 0 0 0 0 0 0 0 0 0 0 0 0 0 0 0 0 0 0
 0.00147267 0.00158595 0.00478618 0.00569244 0.00954404 0.0108468 0.00647125 0.017049 0.0510054 0.094081 0.124002 0.0959785 0.0687766 0.0820023 0.061753 0.0591476 0.0492212 0.0479892 0.0443925 0.0268479 0.0217502 0.0140895 0.0121071 0.0120363 0.00920419 0.00665534 0.0049561 0.00860946 0.00930331 0.0156896 0.0114698 0.00855282 0.00243557 0.00046729 0 2.83206e-05
 0 0 0 0 0.000772559 0.00158375 0.000888443 0.00281984 0.00712685 0.0440552 0.0773331 0.111326 0.0921469 0.0852325 0.0710754 0.0886704 0.0786465 0.0553345 0.0373146 0.0185414 0.00753245 0.00457741 0.012979 0.0271748 0.0457355 0.0583668 0.034881 0.0177882 0.00938659 0.00492506 0.0015258 0.00185414 0.000309023 5.79419e-05 3.86279e-05 0
 0 0.00173294 0.00326652 0 0.00397197 0.00683976 0.00946217 0.0152591 0.00757587 0.0136028 0.0228656 0.0392903 0.0559909 0.0764795 0.0681675 0.0726916 0.0566044 0.0477403 0.0527397 0.0444891 0.0609904 0.0582453 0.0661739 0.0445044 0.0529084 0.0360697 0.0280645 0.0235558 0.0158879 0.00826598 0.00280645 0.00217768 0.000904811 0.00058276 9.20147e-05 0
 0 0 0 0 0 0 0 0 0 0 0 0 0 0 0 0 0 0 0 0 0 0 0 0 0 0 0 0 0 0 0 0 0 0 0 0
 0 0 0 0 0 0 0 0 0 0 0 0 0 0 0 0 0 0 0 0 0 0 0 0 0 0 0 0 0 0 0 0 0 0 0 0
 0 0 0 0 0 0 0 0 0 0 0 0 0 0 0 0 0 0 0 0 0 0 0 0 0 0 0 0 0 0 0 0 0 0 0 0
ppred_pel_tallas
 1.01229e-16 3.31268e-05 0.000194429 0.000924229 0.00355834 0.0110964 0.0280285 0.05735 0.0950638 0.127668 0.138927 0.12254 0.0877124 0.0511774 0.0248149 0.0108937 0.00579753 0.00526848 0.00669574 0.00892777 0.0114837 0.0140618 0.0163792 0.0181703 0.0192333 0.019472 0.0189136 0.0176927 0.016011 0.0140864 0.0121093 0.0102163 0.00848612 0.00694999 0.00560959 0.00445346
 1.01203e-16 3.26141e-05 0.000191417 0.000909904 0.00350317 0.0109243 0.027594 0.0564611 0.0935913 0.125693 0.136784 0.120667 0.0864061 0.0504854 0.0246097 0.0110243 0.00617895 0.00588697 0.00757346 0.0100866 0.0129199 0.0157318 0.0181948 0.0200058 0.0209427 0.0209143 0.0199783 0.0183201 0.0162009 0.0138943 0.0116308 0.00956646 0.0077775 0.00627579 0.00503399 0.00400948
 1.02044e-16 2.4822e-05 0.000145658 0.000692332 0.00266542 0.00831177 0.0209951 0.0429604 0.0712177 0.0956619 0.104148 0.0919818 0.0660965 0.0390849 0.0199228 0.0104026 0.00790697 0.00931141 0.0126665 0.0170277 0.0218506 0.0266336 0.030839 0.0339564 0.0356088 0.0356362 0.0341286 0.0313897 0.0278525 0.0239731 0.0201383 0.0166136 0.0135329 0.0109244 0.00875052 0.00694738
 1.0289e-16 2.75715e-05 0.000161809 0.000769139 0.00296118 0.00923413 0.0233248 0.0477262 0.0791141 0.106256 0.115648 0.10206 0.0731655 0.0429183 0.0212391 0.0100593 0.00641502 0.00680006 0.00905777 0.0122117 0.0158017 0.019477 0.0228754 0.0256455 0.0275104 0.0283238 0.028093 0.0269604 0.0251544 0.022927 0.0205009 0.0180402 0.015646 0.0133717 0.0112437 0.00927936
 1.02314e-16 3.15889e-05 0.0001854 0.000881302 0.00339305 0.0105809 0.0267266 0.0546862 0.0906489 0.12174 0.132481 0.116866 0.0836748 0.04887 0.0237869 0.0105983 0.00586532 0.00553609 0.007125 0.00953116 0.0122851 0.015081 0.017626 0.0196444 0.020926 0.0213702 0.0210029 0.0199588 0.0184386 0.0166558 0.0147916 0.0129706 0.0112584 0.00967606 0.00822082 0.00688438
 1.03641e-16 1.86478e-05 0.000109401 0.000519947 0.00200166 0.00624186 0.0157668 0.0322636 0.0534903 0.071866 0.0782833 0.0692392 0.0499733 0.0299916 0.0161018 0.00972997 0.00899156 0.0116 0.0161034 0.0217321 0.0279313 0.0341013 0.0395708 0.0436968 0.0460018 0.0462801 0.0446375 0.0414468 0.0372401 0.0325756 0.0279238 0.0236026 0.0197684 0.0164499 0.0136007 0.0111483
 1.02364e-16 3.46253e-05 0.000203233 0.000966102 0.00371958 0.0115992 0.0292986 0.0599481 0.0993681 0.133441 0.14519 0.12802 0.0915372 0.0532123 0.025435 0.0105439 0.00472805 0.00351866 0.00419462 0.00559722 0.00731055 0.00914145 0.0109323 0.0125309 0.0138079 0.0146779 0.0151105 0.0151251 0.0147758 0.0141309 0.0132565 0.0122086 0.0110334 0.0097721 0.00846687 0.00716285
 1.01059e-16 3.50766e-05 0.000205877 0.00097866 0.00376792 0.0117499 0.0296793 0.0607276 0.100662 0.135183 0.147099 0.129734 0.0928299 0.0540987 0.0261094 0.0112513 0.00568001 0.00487308 0.00605654 0.0080099 0.0102341 0.0124325 0.0143387 0.0157114 0.0163777 0.0162719 0.0154499 0.0140698 0.0123495 0.0105134 0.00874712 0.00717143 0.00583912 0.0047486 0.00386609 0.00314682
 1.01056e-16 3.10331e-05 0.000182131 0.000865749 0.00333315 0.0103941 0.0262548 0.0537213 0.0890512 0.1196 0.130166 0.114857 0.0823076 0.0482156 0.0237363 0.0110275 0.00673277 0.00688259 0.00902624 0.0120449 0.0154085 0.0187214 0.0215901 0.0236489 0.0246327 0.0244369 0.0231403 0.0209779 0.018278 0.0153832 0.0125824 0.0100703 0.00794091 0.00620537 0.00482297 0.00373137
 1.01644e-16 2.94042e-05 0.000172567 0.000820283 0.0031581 0.00984819 0.0248758 0.0509 0.084375 0.113321 0.123337 0.108841 0.07802 0.0457507 0.0226109 0.010655 0.00671391 0.00703751 0.00931185 0.0124795 0.0160333 0.0195852 0.0227412 0.0251291 0.0264702 0.0266396 0.0256907 0.0238302 0.0213589 0.0185969 0.015819 0.0132169 0.0108934 0.00887878 0.00715864 0.00570016
 1.02457e-16 2.67298e-05 0.000156863 0.000745618 0.00287061 0.00895166 0.0226113 0.0462668 0.0766964 0.103013 0.112131 0.0989836 0.0710219 0.0417845 0.0209069 0.0102823 0.0070562 0.00784064 0.0105392 0.0141762 0.0182504 0.022345 0.0260228 0.0288665 0.0305602 0.0309574 0.0301075 0.0282291 0.0256447 0.0226979 0.0196838 0.016808 0.0141818 0.011841 0.00977706 0.00796535
 1.03048e-16 2.6296e-05 0.000154318 0.000733518 0.00282402 0.00880638 0.0222444 0.0455159 0.0754515 0.101341 0.110309 0.0973729 0.0698605 0.0410899 0.020539 0.010069 0.00687158 0.00761518 0.0102418 0.0137996 0.0178069 0.0218673 0.0255644 0.0284978 0.0303597 0.0309999 0.0304512 0.028905 0.0266501 0.0239973 0.0212138 0.0184877 0.0159234 0.0135608 0.0114038 0.00944498
 1.01719e-16 3.46273e-05 0.000203242 0.000966136 0.0037197 0.0115996 0.0292995 0.0599504 0.0993729 0.13345 0.145209 0.128056 0.0916038 0.0533343 0.0256482 0.0108973 0.00528099 0.00433439 0.00532737 0.0070749 0.0091161 0.0111984 0.0131008 0.0146179 0.0155932 0.0159499 0.0157044 0.0149532 0.013842 0.0125266 0.0111406 0.00977694 0.0084863 0.00728715 0.00618075 0.00516384
 1.00155e-16 4.19878e-05 0.000246464 0.00117164 0.00451097 0.0140671 0.0355323 0.0727022 0.120506 0.161818 0.176043 0.155171 0.110831 0.0641872 0.0302255 0.0117352 0.00404288 0.00168409 0.00133306 0.00159185 0.00200533 0.00243082 0.0028003 0.00306391 0.0031872 0.00315714 0.00298472 0.00270131 0.00235024 0.00197642 0.00161732 0.0012978 0.00102923 0.000812041 0.000639955 0.000504066
 1.00008e-16 4.31448e-05 0.000253258 0.00120395 0.00463537 0.0144551 0.0365121 0.0747069 0.123828 0.166278 0.18089 0.15943 0.113846 0.0658787 0.0309191 0.0118236 0.00378031 0.00116702 0.000565359 0.000547007 0.000663167 0.000795643 0.000908311 0.00098238 0.00100631 0.000976469 0.000897792 0.00078245 0.000646788 0.000507553 0.000378619 0.000269038 0.000182665 0.00011905 7.4977e-05 4.60525e-05
 1.00071e-16 3.59717e-05 0.000211131 0.00100363 0.00386406 0.0120497 0.0304366 0.0622772 0.103231 0.138634 0.150856 0.133052 0.0952143 0.0555086 0.0268272 0.0116224 0.00595263 0.00517785 0.00644628 0.00849312 0.0107873 0.0130011 0.0148379 0.0160326 0.0164014 0.0158864 0.0145703 0.012655 0.0104104 0.00811334 0.00599257 0.00419709 0.00278983 0.00176228 0.00106006 0.000609139
 1.00834e-16 2.85864e-05 0.000167761 0.000797424 0.00307006 0.00957366 0.0241825 0.0494816 0.0820255 0.110171 0.119921 0.105859 0.0759523 0.0446785 0.0223409 0.0109599 0.00747626 0.00825622 0.0110432 0.0147753 0.0188953 0.0229367 0.0264167 0.0288838 0.0300108 0.0296697 0.0279602 0.0251768 0.0217307 0.0180522 0.014506 0.0113405 0.0086777 0.0065353 0.00486355 0.00358268
 1.01375e-16 3.28757e-05 0.000192955 0.000917221 0.00353135 0.0110122 0.0278159 0.0569151 0.094343 0.1267 0.137874 0.121614 0.0870523 0.0507989 0.0246439 0.0108403 0.00580058 0.00530061 0.00675028 0.00900687 0.0115922 0.0142049 0.0165614 0.0183949 0.0195021 0.0197854 0.0192701 0.0180888 0.0164411 0.0145426 0.0125815 0.0106927 0.008954 0.00739669 0.00602373 0.00482596
 1.01194e-16 3.30404e-05 0.00019392 0.000921808 0.00354901 0.0110672 0.027955 0.0571998 0.0948154 0.127336 0.138569 0.122235 0.0875156 0.0511058 0.0248603 0.0110485 0.00606903 0.0056768 0.00726292 0.00966484 0.0123794 0.0150753 0.0174384 0.0191784 0.0200827 0.0200639 0.0191771 0.0175993 0.0155803 0.0133812 0.0112222 0.00925185 0.00754262 0.00610552 0.00491426 0.00392824
 1.01396e-16 3.03205e-05 0.000177947 0.00084586 0.00325657 0.0101553 0.0256515 0.0524871 0.0870055 0.116853 0.127178 0.112224 0.0804295 0.0471326 0.0232356 0.0108506 0.00670244 0.00691729 0.00910437 0.0121725 0.015603 0.0190058 0.0219898 0.024189 0.0253342 0.025313 0.0241926 0.0221941 0.0196311 0.016833 0.0140792 0.0115601 0.0093712 0.0075305 0.0060083 0.00475552
 1.01241e-16 3.40281e-05 0.000199722 0.000949395 0.00365523 0.0113985 0.0287917 0.0589116 0.0976518 0.131142 0.142703 0.125862 0.0900687 0.0525096 0.0253808 0.011005 0.00565857 0.00496088 0.00622707 0.00827776 0.0106306 0.0129954 0.0151065 0.0167177 0.0176445 0.0178033 0.0172272 0.0160496 0.0144656 0.0126826 0.0108786 0.00917762 0.00764591 0.00630342 0.00514201 0.00414248
 1.01051e-16 3.34376e-05 0.000196252 0.000932894 0.00359169 0.0112004 0.0282912 0.0578877 0.0959555 0.128866 0.140234 0.1237 0.0885565 0.0516983 0.0251197 0.0111145 0.00603487 0.00558222 0.00711508 0.00945803 0.0121057 0.0147294 0.0170193 0.0186901 0.019534 0.0194666 0.0185449 0.0169462 0.0149198 0.0127259 0.010584 0.00864202 0.00697168 0.00558283 0.00444734 0.00352207
 1.01392e-16 2.98627e-05 0.000175258 0.000833076 0.00320735 0.0100018 0.0252638 0.0516938 0.0856909 0.115089 0.125261 0.11054 0.0792384 0.0464672 0.0229681 0.0108271 0.00682447 0.00714896 0.00944631 0.0126366 0.0161976 0.0197276 0.0228207 0.0250967 0.0262759 0.0262416 0.025064 0.0229733 0.0202961 0.0173756 0.0145031 0.0118776 0.00959881 0.00768607 0.00610855 0.00481492
 1.02009e-16 2.88139e-05 0.000169102 0.000803807 0.00309466 0.00965036 0.0243761 0.0498776 0.0826803 0.111046 0.120861 0.10666 0.0764628 0.0448511 0.0221916 0.0105007 0.00667631 0.00704735 0.00934942 0.0125482 0.0161468 0.0197627 0.0230055 0.0255042 0.0269783 0.0272976 0.0265064 0.0247997 0.0224653 0.0198107 0.0171007 0.0145213 0.0121742 0.0100932 0.00827161 0.00668682
 1.03461e-16 2.1805e-05 0.000127944 0.000608118 0.00234117 0.00730061 0.018441 0.0377346 0.0625564 0.0840328 0.0915007 0.080844 0.0581629 0.0345343 0.0178646 0.00975528 0.00793721 0.00969142 0.0133191 0.0179845 0.0231781 0.0284038 0.0331161 0.0367888 0.0390218 0.0396272 0.038663 0.0363991 0.0332353 0.0295983 0.0258533 0.0222549 0.0189401 0.0159542 0.0132891 0.0109187
pSPR Fmed_Fpbrs
0.489895   0.6 0.325
Fs Fmed_Fpbrs
0.550476   0.354381 1.10945
SSBpbr Bo_Bmed_Bpbrs
892362  392545  490799 245400
Ro
33312.8
SPR SPRFo_SPRFmed_SPRFpbrs
686561 336343 223132
log_Ro
10.2337
likeval ReclasPelacesDesembMPH_pf_preclas_ppelaces_ptallas_desvR_qrecl_qpela
 138.956 28.1701 0.0839603 47.5903 306.46 214.453 83.975 0 17.3514 9.15406e-09 8.35442e-05 8.11387e-16 0 0 0
q_reclas_q_pelaces
0.986534 3.6707
M
0.7
N
 41659.3 13062.5 4954.83 593.593 0.218828
 53136.6 18982.9 3728.93 1414.45 169.514
 25075.6 24429.4 5738.94 1127.34 478.865
 28566.6 11003.2 5470.11 1285.03 359.653
 56667.2 13783.3 4539.77 2256.89 678.575
 21671 27959 6565.8 2162.57 1398.34
 67749.6 10036.3 8859.82 2080.62 1128.4
 107336 31671.8 3378.28 2982.28 1080.18
 103691 48274.5 8311.21 886.52 1066.06
 105459 47389.9 14048 2418.59 568.206
 65893.9 49241.8 15830.1 4692.59 997.707
 40288.6 28813.2 10780 3465.52 1245.72
 40146.4 17687 6471.29 2421.12 1058.12
 22696.8 15906.3 2052.14 750.832 403.679
 22996.2 5644.73 92.0413 11.8747 6.68057
 13740.4 5653.95 30.337 0.494666 0.0997232
 7947.27 5830.36 1020.01 5.47298 0.107232
 10293.9 3502.51 1342.64 234.892 1.28504
 13397.6 4619.93 906.74 347.588 61.1423
 13092.5 6130.98 1355.59 266.058 119.931
 25198 6003.88 1823.27 403.135 114.788
 41579.7 11956 2223.93 675.365 191.846
 46203.8 19679.6 4357.95 810.616 316.097
 49890.1 21894.4 7228.74 1600.77 413.866
 28333.4 23500 7737.86 2554.76 712.006
pred_Ctot
 2480.78 4121.88 1563.5 187.309 0.0690512
 2847.44 5494.2 1079.26 409.382 49.0624
 2113.43 10090.9 2370.54 465.66 197.801
 583.832 1352.9 672.58 158.002 44.2213
 262.443 404.695 133.294 66.2653 19.9238
 1054.54 7465.6 1753.2 577.448 373.384
 2865.41 2377.66 2098.95 492.912 267.326
 7322.12 11137.4 1187.97 1048.72 379.845
 5968.29 14817.8 2551.12 272.116 327.225
 4545.76 11412.1 3382.94 582.427 136.831
 5702.39 20738.1 6666.81 1976.27 420.182
 3383.4 11870.1 4440.98 1427.67 513.192
 5912.51 10553.8 3861.4 1444.67 631.374
 8473.93 13665.6 1763.07 645.067 346.815
 8689.5 4862.39 79.2846 10.2289 5.75466
 1451.09 2739.82 14.7009 0.239708 0.0483245
 647.445 2348.44 410.853 2.20449 0.0431923
 716.487 1251.19 479.627 83.9096 0.459049
 759.618 1400.74 274.918 105.387 18.538
 724.051 1821.24 402.688 79.0342 35.6262
 808.659 1115.69 338.814 74.9136 21.3308
 1406.14 2328.09 433.046 131.508 37.3565
 1524.33 3748.46 830.078 154.402 60.2083
 1851.74 4629.1 1528.36 338.448 87.503
 1058.94 4998.91 1646 543.447 151.458
F
 0.0859863 0.553624 0.553624 0.553624 0.553624
 0.0770776 0.496265 0.496265 0.496265 0.496265
 0.123707 0.796488 0.796488 0.796488 0.796488
 0.0287815 0.18531 0.18531 0.18531 0.18531
 0.00645826 0.0415816 0.0415816 0.0415816 0.0415816
 0.0697694 0.449211 0.449211 0.449211 0.449211
 0.0603927 0.388839 0.388839 0.388839 0.388839
 0.0990631 0.637819 0.637819 0.637819 0.637819
 0.083004 0.534423 0.534423 0.534423 0.534423
 0.0615818 0.396495 0.396495 0.396495 0.396495
 0.127211 0.819051 0.819051 0.819051 0.819051
 0.123237 0.79346 0.79346 0.79346 0.79346
 0.22582 1.45395 1.45395 1.45395 1.45395
 0.6915 4.45223 4.45223 4.45223 4.45223
 0.702974 4.52611 4.52611 4.52611 4.52611
 0.157264 1.01254 1.01254 1.01254 1.01254
 0.11935 0.768438 0.768438 0.768438 0.768438
 0.101169 0.651378 0.651378 0.651378 0.651378
 0.0817176 0.52614 0.52614 0.52614 0.52614
 0.0796339 0.512724 0.512724 0.512724 0.512724
 0.0455279 0.293132 0.293132 0.293132 0.293132
 0.0480289 0.309235 0.309235 0.309235 0.309235
 0.0468302 0.301517 0.301517 0.301517 0.301517
 0.052824 0.340108 0.340108 0.340108 0.340108
 0.0532001 0.342529 0.342529 0.342529 0.342529
nmprior
 10 11 7 0
nm_flota  nm_reclas  nm_pelaces    nm_pelaL
inf 7.79066 8.96264 13.8971
cv_recla  cv_pelaces  cv_mph
0.53313 0.520448 0.638683
 ------------------------------------------------
Talla a la edad & desviación 
 7.2 14.2025 17.0495 18.207 18.6776
 1.08 2.13037 2.55742 2.73105 2.80164
