years
 1997 1998 1999 2000 2001 2002 2003 2004 2005 2006 2007 2008 2009 2010 2011 2012 2013 2014 2015 2016 2017 2018 2019 2020 2021
reclasobs
 0 0 0 370054 412103 1.49427e+06 250295 1.28982e+06 931140 785840 897777 1.04006e+06 184774 17550 25797 100020 73551 82996 120727 218422 84188 347160 605670 569463 516374
reclaspred
 695771 176405 555844 318374 389434 509687 782883 663728 842161 853972 775392 515981 241706 51089.7 45272.5 74704.6 81167.4 96977.3 116838 146718 199191 240967 475061 494752 586651
pelacesobs
 0 0 0 0 0 0 0 0 0 2.06254e+06 1.5e+06 0 1.87456e+06 323000 250000 174000 83755 137374 0 501740 490994 745055 786931 1.00524e+06 0
pelacespred
 3.01187e+06 700376 1.07108e+06 1.02198e+06 1.24342e+06 960062 2.63289e+06 2.40549e+06 2.64101e+06 2.65229e+06 1.89456e+06 1.26354e+06 678879 149652 181382 182628 196809 260154 289915 342595 657222 634309 909609 1.21019e+06 1.2836e+06
mphobs
 0 0 0 0 0 694 2568 1285 2283 6214 1410 496 1934 841 199 363 983 0 0 0 0 0 0 0 0
mphpred
 1991.74 1127.53 1281.99 1263.48 1145.78 1718.59 1964.4 2636.92 2867.45 2989.28 3028.23 2065.73 1152.1 399.016 173.629 256.024 269.024 301.702 374.264 449.912 568.968 795.338 1179.23 1542.06 1926.65
desembarqueobs
 350755 77701 442110 56441 14545 235359 269955 359681 431902 328805 639364 411747 362871 311530 167758 66681 60226 58785 57116 71774 51957 67425 138520 160799 200461
desembarquepred
 350756 77697.5 442068 56443.7 14545.3 235528 270149 359451 431996 328887 639143 411616 363172 311878 167233 66666.4 60293.2 58777.7 57089.7 71784 51968.3 67395.7 138531 160835 200484
Reclutas
 40670.3 51849.8 23895.8 26418.1 53823.1 20804.6 71927.1 96067.6 93679.2 108766 66637.3 40447.5 41295.2 25143.2 22114.2 12588 7780.26 10156.6 12932.1 12164.5 25079.9 38847.3 43926 47678.8 28434.5
log_desv_Rt
 0.226695 0.469547 -0.3051 -0.204754 0.506899 -0.443627 0.79685 1.08625 1.06107 1.21039 0.720461 0.221202 0.241944 -0.254217 -0.382583 -0.946056 -1.42721 -1.16067 -0.919094 -0.980279 -0.256738 0.180836 0.303703 0.385684 -0.1312
SSB
 548352 310424 352948 347853 315447 473151 540824 725979 789447 822989 833710 568722 317189 109854 47802.2 70486.8 74065.9 83062.4 103040 123867 156644 218967 324657 424548 530431
BT
 1.77102e+06 458044 754114 536822 603351 625788 1.49059e+06 1.55335e+06 1.66376e+06 1.57999e+06 1.46671e+06 970513 678553 350956 224215 141822 142471 172751 184955 218208 362118 358738 515353 701250 757057
Ftot
 0.588811 0.526913 0.847253 0.200827 0.0453942 0.486294 0.421349 0.659651 0.598892 0.451775 0.885149 0.849442 1.58148 4.63576 4.38114 1.0022 0.830197 0.705095 0.558988 0.548987 0.319357 0.326194 0.324873 0.368255 0.3694
BD_Bspro_t
 0.929322 0.690998 0.624925 0.441168 0.54603 0.697779 0.593747 0.635668 0.613566 0.572757 0.543179 0.380538 0.257705 0.117969 0.0641684 0.108499 0.151855 0.219155 0.30879 0.409757 0.500008 0.647188 0.695453 0.684906 0.652594
BD_Bspro
 0.820665 0.464582 0.528223 0.520598 0.472099 0.708119 0.8094 1.0865 1.18149 1.23169 1.24773 0.851152 0.474707 0.164408 0.071541 0.105491 0.110847 0.124312 0.154209 0.185379 0.234434 0.327707 0.485883 0.635381 0.793846
BD_Bo
 0.633938 0.358875 0.408035 0.402146 0.364682 0.547 0.625235 0.839289 0.912663 0.95144 0.963834 0.657488 0.366696 0.127 0.0552632 0.0814883 0.085626 0.0960267 0.119122 0.1432 0.181093 0.253143 0.375329 0.490811 0.61322
BD_Brms
 1.15261 0.6525 0.741883 0.731174 0.663057 0.994545 1.13679 1.52598 1.65939 1.72989 1.75243 1.19543 0.666719 0.23091 0.100478 0.148161 0.155684 0.174594 0.216585 0.260363 0.32926 0.46026 0.682417 0.892384 1.11495
S_f
 0.143851 1 1 1 1
 0.143851 1 1 1 1
 0.143851 1 1 1 1
 0.143851 1 1 1 1
 0.143851 1 1 1 1
 0.143851 1 1 1 1
 0.143851 1 1 1 1
 0.143851 1 1 1 1
 0.143851 1 1 1 1
 0.143851 1 1 1 1
 0.143851 1 1 1 1
 0.143851 1 1 1 1
 0.143851 1 1 1 1
 0.143851 1 1 1 1
 0.143851 1 1 1 1
 0.143851 1 1 1 1
 0.143851 1 1 1 1
 0.143851 1 1 1 1
 0.143851 1 1 1 1
 0.143851 1 1 1 1
 0.143851 1 1 1 1
 0.143851 1 1 1 1
 0.143851 1 1 1 1
 0.143851 1 1 1 1
 0.143851 1 1 1 1
Scru_reclas
 0.297841 1 1 1 1
 0.297841 1 1 1 1
 0.297841 1 1 1 1
 0.297841 1 1 1 1
 0.297841 1 1 1 1
 0.297841 1 1 1 1
 0.297841 1 1 1 1
 0.297841 1 1 1 1
 0.297841 1 1 1 1
 0.297841 1 1 1 1
 0.297841 1 1 1 1
 0.297841 1 1 1 1
 0.297841 1 1 1 1
 0.297841 1 1 1 1
 0.297841 1 1 1 1
 0.297841 1 1 1 1
 0.297841 1 1 1 1
 0.297841 1 1 1 1
 0.297841 1 1 1 1
 0.297841 1 1 1 1
 0.297841 1 1 1 1
 0.297841 1 1 1 1
 0.297841 1 1 1 1
 0.297841 1 1 1 1
 0.297841 1 1 1 1
Scru_pelaces
 0.872544 1 1 1 1
 0.872544 1 1 1 1
 0.872544 1 1 1 1
 0.872544 1 1 1 1
 0.872544 1 1 1 1
 0.872544 1 1 1 1
 0.872544 1 1 1 1
 0.872544 1 1 1 1
 0.872544 1 1 1 1
 0.872544 1 1 1 1
 0.872544 1 1 1 1
 0.872544 1 1 1 1
 0.872544 1 1 1 1
 0.872544 1 1 1 1
 0.872544 1 1 1 1
 0.872544 1 1 1 1
 0.872544 1 1 1 1
 0.872544 1 1 1 1
 0.872544 1 1 1 1
 0.872544 1 1 1 1
 0.872544 1 1 1 1
 0.872544 1 1 1 1
 0.872544 1 1 1 1
 0.872544 1 1 1 1
 0.872544 1 1 1 1
pf_obs 
 0.256992 0.487395 0.22802 0.0275931 0
 0.321318 0.546541 0.124235 0.00734118 0.000564706
 0.182869 0.594174 0.210203 0.0122559 0.00049798
 0.330522 0.361315 0.267642 0.0388342 0.00168674
 0.649043 0.306663 0.0425973 0.00169635 0
 0.582887 0.30429 0.105238 0.00758474 0
 0.465427 0.430635 0.0974691 0.00646863 0
 0.296916 0.608066 0.0921331 0.00288517 0
 0.311714 0.524322 0.152257 0.0117073 0
 0.15457 0.633149 0.183074 0.0267441 0.00246327
 0.131901 0.49318 0.331252 0.0422183 0.00144891
 0.196976 0.569456 0.194076 0.0375587 0.00193317
 0.518974 0.381816 0.0799577 0.0180837 0.00116848
 0.0928022 0.601141 0.25162 0.0475244 0.00691264
 0.122501 0.610282 0.24278 0.0234846 0.000952079
 0.383417 0.481906 0.127806 0.00687128 0
 0.0376549 0.599619 0.316969 0.0457579 0
 0.0361596 0.667082 0.258105 0.0386534 0
 0.158088 0.579412 0.248529 0.0139706 0
 0.0477256 0.309471 0.559284 0.082774 0.000745712
 0.0406174 0.521527 0.379366 0.0568643 0.0016247
 0.151134 0.462217 0.34131 0.0453401 0
 0.294876 0.26143 0.354403 0.0886775 0.000613685
 0.281977 0.475581 0.204845 0.0348837 0.00271318
 0 0 0 0 0
pf_pred 
 0.287744 0.499784 0.189717 0.0227465 8.49624e-06
 0.277266 0.571258 0.106289 0.0403472 0.00483932
 0.130293 0.675038 0.153869 0.0286291 0.012171
 0.193624 0.496829 0.24026 0.0547651 0.0145216
 0.285909 0.462666 0.15491 0.0749123 0.0216034
 0.0903442 0.673046 0.153302 0.0513284 0.0319799
 0.369184 0.295106 0.248388 0.056576 0.030745
 0.301903 0.581946 0.0543372 0.0457351 0.0160782
 0.236743 0.616205 0.122586 0.011446 0.0130208
 0.243087 0.563371 0.156254 0.0310846 0.00620416
 0.159048 0.619213 0.16504 0.0457748 0.0109238
 0.152937 0.571006 0.203268 0.0541775 0.0186123
 0.26738 0.483143 0.168173 0.0598665 0.0214381
 0.35643 0.550749 0.0612131 0.0213071 0.0103011
 0.580445 0.413622 0.00507698 0.000564281 0.000291375
 0.301849 0.693361 0.00472159 5.79548e-05 9.7675e-06
 0.187034 0.678426 0.133617 0.000909896 1.30508e-05
 0.27914 0.511437 0.174765 0.0344204 0.000237755
 0.283357 0.568686 0.104973 0.0358706 0.00711359
 0.219798 0.611838 0.133604 0.0246617 0.0100985
 0.343523 0.472888 0.143972 0.0314384 0.00817941
 0.299997 0.566775 0.0959696 0.0292181 0.00804019
 0.231131 0.597863 0.138459 0.0234447 0.00910196
 0.211082 0.560292 0.177777 0.0411714 0.00967788
 0.12576 0.603538 0.192253 0.0610006 0.0174479
pobs_RECLAS
 0 0 0 0 0
 0 0 0 0 0
 0 0 0 0 0
 0 0 0 0 0
 0.835266 0.146461 0.0176864 0.000547809 3.91292e-05
 0.385257 0.428462 0.181853 0.0044286 0
 0.867414 0.0963971 0.0333333 0.00285562 0
 0.441836 0.489002 0.0689373 0.000224442 0
 0.779404 0.147425 0.0564933 0.0165055 0.000172143
 0.814271 0.122319 0.05973 0.00367925 0
 0.40263 0.566651 0.0304383 0.000280538 0
 0.475488 0.404961 0.113038 0.00651328 0
 0.955842 0.0263864 0.0167828 0.000988607 0
 0.975058 0.0227948 0.00214734 0 0
 0.738997 0.206755 0.0527124 0.00153531 0
 0.850938 0.134255 0.0134407 0.00136685 0
 0.542534 0.407297 0.0501686 0 0
 0.764087 0.199537 0.0359546 0.000420521 0
 0.470689 0.182191 0.310203 0.0369168 0
 0.84361 0.089868 0.0606195 0.00523954 0.000663233
 0.607945 0.314616 0.071237 0.00620181 0
 0.523733 0.453247 0.0230204 0 0
 0.530135 0.295979 0.169645 0.0042399 0
 0.562478 0.366248 0.0663022 0.0049721 0
 0.250443 0.683176 0.0655157 0.000865301 0
ppred_RECLAS
 0.466094 0.374638 0.142211 0.0170508 6.36877e-06
 0.451829 0.433281 0.0806171 0.030602 0.00367047
 0.2496 0.582436 0.132761 0.0247017 0.0105014
 0.334633 0.40995 0.198246 0.0451884 0.0119822
 0.453826 0.353871 0.118483 0.0572969 0.0165234
 0.175336 0.610162 0.138978 0.0465327 0.0289919
 0.554762 0.20829 0.175316 0.0399322 0.0217003
 0.484809 0.429473 0.0401005 0.0337522 0.0118656
 0.401523 0.483172 0.0961205 0.00897492 0.0102097
 0.406696 0.441596 0.122479 0.0243655 0.00486311
 0.296647 0.517896 0.138036 0.038285 0.00913641
 0.286207 0.481168 0.171287 0.0456536 0.015684
 0.47313 0.347456 0.120943 0.0430535 0.0154174
 0.740552 0.222028 0.0246773 0.00858972 0.00415277
 0.868586 0.129556 0.00159022 0.000176746 9.12651e-05
 0.494425 0.502107 0.0034192 4.19688e-05 7.07327e-06
 0.337666 0.552722 0.10886 0.000741305 1.06326e-05
 0.458441 0.384226 0.131295 0.0258589 0.000178617
 0.460049 0.428474 0.079091 0.0270265 0.0053597
 0.37753 0.488144 0.106594 0.0196759 0.00805688
 0.524979 0.342178 0.104177 0.0227486 0.00591856
 0.475228 0.424895 0.0719456 0.021904 0.00602749
 0.388436 0.475545 0.110132 0.0186481 0.00723977
 0.361919 0.453167 0.143787 0.0332996 0.00782752
 0.233703 0.529019 0.168516 0.0534688 0.0152936
pobs_PELACES
 0 0 0 0 0
 0 0 0 0 0
 0 0 0 0 0
 0 0 0 0 0
 0 0 0 0 0
 0 0 0 0 0
 0 0 0 0 0
 0 0 0 0 0
 0 0 0 0 0
 0 0 0 0 0
 0.450072 0.473896 0.0757376 0.000293798 0
 0 0 0 0 0
 0.463077 0.371075 0.160297 0.00555027 0
 0.529543 0.364841 0.0842815 0.0213345 0
 0.631943 0.363953 0.00410389 0 0
 0.735681 0.248677 0.0153453 0.000297389 0
 0.695825 0.281241 0.0229344 0 0
 0.275771 0.60734 0.115278 0.00161068 0
 0 0 0 0 0
 0.896147 0.0623911 0.0374545 0.00400742 0
 0.803859 0.145111 0.0509908 3.86294e-05 0
 0.739449 0.233085 0.0266225 0.000797448 4.60066e-05
 0.878498 0.100942 0.0204185 0.000141795 0
 0.694673 0.275183 0.0284847 0.00165964 0
 0 0 0 0 0
ppred_PELACES
 0.751266 0.174535 0.0662529 0.00794354 2.96706e-06
 0.737001 0.207878 0.0386782 0.0146821 0.001761
 0.553169 0.346816 0.0790535 0.0147088 0.00625312
 0.60928 0.240733 0.116415 0.0265358 0.00703627
 0.711453 0.186952 0.0625953 0.0302702 0.00872939
 0.416774 0.431523 0.0982892 0.0329092 0.0205039
 0.804368 0.0915198 0.0770313 0.0175456 0.00953479
 0.768603 0.192897 0.0180111 0.0151597 0.00532942
 0.699503 0.242602 0.0482624 0.00450633 0.00512634
 0.695266 0.226814 0.062908 0.0125147 0.0024978
 0.613398 0.284664 0.0758723 0.0210436 0.00502188
 0.598921 0.270368 0.0962461 0.0256527 0.00881283
 0.804409 0.128987 0.0448978 0.0159828 0.00572342
 0.968733 0.0267573 0.00297394 0.00103517 0.000500464
 0.985243 0.0145484 0.000178573 1.98475e-05 1.02485e-05
 0.791782 0.206789 0.00140818 1.72846e-05 2.91308e-06
 0.65378 0.288923 0.0569041 0.0003875 5.55797e-06
 0.751652 0.176198 0.0602093 0.0118584 8.19102e-05
 0.745098 0.202275 0.0373376 0.0127588 0.00253022
 0.674786 0.255034 0.0556906 0.0102798 0.00420938
 0.779899 0.158548 0.0482702 0.0105405 0.00274236
 0.744187 0.207126 0.0350717 0.0106777 0.00293825
 0.671008 0.25582 0.0592456 0.0100318 0.00389465
 0.648363 0.249734 0.0792387 0.0183509 0.00431363
 0.497925 0.346611 0.110411 0.0350326 0.0100203
pobs_pel_tallas
 0 0 0 0 0 0 0 0 0 0 0 0 0 0 0 0 0 0 0 0 0 0 0 0 0 0 0 0 0 0 0 0 0 0 0 0
 0 0 0 0 0 0 0 0 0 0 0 0 0 0 0 0 0 0 0 0 0 0 0 0 0 0 0 0 0 0 0 0 0 0 0 0
 0 0 0 0 0 0 0 0 0 0 0 0 0 0 0 0 0 0 0 0 0 0 0 0 0 0 0 0 0 0 0 0 0 0 0 0
 0 0 0 0 0 0 0 0 0 0 0 0 0 0 0 0 0 0 0 0 0 0 0 0 0 0 0 0 0 0 0 0 0 0 0 0
 0 0 0 0 0 0 0 0 0 0 0 0 0 0 0 0 0 0 0 0 0 0 0 0 0 0 0 0 0 0 0 0 0 0 0 0
 0 0 0 0 0 0 0 0 0 0 0 0 0 0 0 0 0 0 0 0 0 0 0 0 0 0 0 0 0 0 0 0 0 0 0 0
 0 0 0 0 0 0 0 0 0 0 0 0 0 0 0 0 0 0 0 0 0 0 0 0 0 0 0 0 0 0 0 0 0 0 0 0
 0 0 0 0 0 0 0 0 0 0 0 0 0 0 0 0 0 0 0 0 0 0 0 0 0 0 0 0 0 0 0 0 0 0 0 0
 0 0 0 0 0 0 0 0 0 0 0 0 0 0 0 0 0 0 0 0 0 0 0 0 0 0 0 0 0 0 0 0 0 0 0 0
 0 0 0 0 0 0 0 0 0 0 0 0 0 0 0 0 0 0 0 0 0 0 0 0 0 0 0 0 0 0 0 0 0 0 0 0
 0 0 0 0 0 0 0 0 1.78061e-05 0.00172719 0.00360574 0.0105946 0.0120993 0.0124554 0.0147524 0.0171206 0.0266825 0.0428682 0.0675386 0.121331 0.153587 0.119568 0.100827 0.0573624 0.0630603 0.0341343 0.0324427 0.0444173 0.0211091 0.0280891 0.0125444 0.00206551 0 0 0 0
 0 0 0 0 0 0 0 0 0 0 0 0 0 0 0 0 0 0 0 0 0 0 0 0 0 0 0 0 0 0 0 0 0 0 0 0
 0 0 0 0 0 0 0.0133647 0.0140871 0.0187388 0.0205184 0.03894 0.0496705 0.03968 0.0493445 0.0407372 0.0367815 0.0215668 0.0243155 0.0234873 0.0199281 0.019796 0.0243948 0.0301388 0.0376714 0.0412746 0.0863199 0.0771752 0.113111 0.0741005 0.0525337 0.0229764 0.00759418 0.00175318 0 0 0
 0 0 0 0 0 0 0 0 0 0 0.00219441 0.00772107 0.0458388 0.0604681 0.0671733 0.0775358 0.0609151 0.0617685 0.073594 0.0568108 0.0755445 0.0548602 0.0670107 0.0636378 0.0643287 0.046367 0.0373049 0.0286899 0.0247887 0.0153202 0.00654259 0.00121912 0.000365735 0 0 0
 0 0 0 0 0 0 0 0 0 0 0 0 0.000112435 0.00938835 0.0111873 0.0202946 0.0414886 0.0713402 0.111592 0.104902 0.108894 0.110636 0.117776 0.105296 0.107544 0.0401394 0.0192827 0.0124803 0.00416011 0.0028671 0.000618394 0 0 0 0 0
 0 0 0 0 0 0 0 0 0 0 0.00291406 0.0102884 0.027416 0.0768956 0.0749926 0.110853 0.0956884 0.0897413 0.0766577 0.0534642 0.0500743 0.0551293 0.0594112 0.0620874 0.0668451 0.0424026 0.0208742 0.0120726 0.0048766 0.00582813 0.00118941 0.000297354 0 0 0 0
 0 0.00264628 0.0354308 0.0461629 0.0458689 0.0383711 0.0214643 0.0164657 0.0346957 0.0420465 0.0363128 0.0245516 0.0311673 0.0291091 0.0169068 0.0133784 0.00837989 0.0085269 0.0148486 0.0160247 0.0276389 0.0546898 0.0760071 0.122758 0.109233 0.0665981 0.0333725 0.0166128 0.00676272 0.00308733 0.000882094 0 0 0 0 0
 0 0 0 0 0 0 0 0.000805153 0.000690131 0.00759144 0.0133425 0.0154129 0.00931677 0.000345066 0.00356568 0.00563607 0.00851162 0.0253048 0.0502646 0.0516448 0.0657925 0.0565908 0.0611916 0.0827007 0.0866115 0.110766 0.145733 0.0935128 0.0569358 0.0249597 0.0138026 0.00621118 0.00161031 0.00115022 0 0
 0 0 0 0 0 0 0 0 0 0 0 0 0 0 0 0 0 0 0 0 0 0 0 0 0 0 0 0 0 0 0 0 0 0 0 0
 0.00147267 0.00158595 0.00478618 0.00569244 0.00954404 0.0108468 0.00647125 0.017049 0.0510054 0.094081 0.124002 0.0959785 0.0687766 0.0820023 0.061753 0.0591476 0.0492212 0.0479892 0.0443925 0.0268479 0.0217502 0.0140895 0.0121071 0.0120363 0.00920419 0.00665534 0.0049561 0.00860946 0.00930331 0.0156896 0.0114698 0.00855282 0.00243557 0.00046729 0 2.83206e-05
 0 0 0 0 0.000772559 0.00158375 0.000888443 0.00281984 0.00712685 0.0440552 0.0773331 0.111326 0.0921469 0.0852325 0.0710754 0.0886704 0.0786465 0.0553345 0.0373146 0.0185414 0.00753245 0.00457741 0.012979 0.0271748 0.0457355 0.0583668 0.034881 0.0177882 0.00938659 0.00492506 0.0015258 0.00185414 0.000309023 5.79419e-05 3.86279e-05 0
 0 0.00173294 0.00326652 0 0.00397197 0.00683976 0.00946217 0.0152591 0.00757587 0.0136028 0.0228656 0.0392903 0.0559909 0.0764795 0.0681675 0.0726916 0.0566044 0.0477403 0.0527397 0.0444891 0.0609904 0.0582453 0.0661739 0.0445044 0.0529084 0.0360697 0.0280645 0.0235558 0.0158879 0.00826598 0.00280645 0.00217768 0.000904811 0.00058276 9.20147e-05 0
 0 0 0 0 0 0 0 0 0 0 0 0 0 0 0 0 0 0 0 0 0 0 0 0 0 0 0 0 0 0 0 0 0 0 0 0
 0 0 0 0 0 0 0 0 0 0 0 0 0 0 0 0 0 0 0 0 0 0 0 0 0 0 0 0 0 0 0 0 0 0 0 0
 0 0 0 0 0 0 0 0 0 0 0 0 0 0 0 0 0 0 0 0 0 0 0 0 0 0 0 0 0 0 0 0 0 0 0 0
ppred_pel_tallas
 1.01271e-16 3.27786e-05 0.000192384 0.000914507 0.0035209 0.0109796 0.0277336 0.0567467 0.094064 0.126326 0.137468 0.121258 0.0868041 0.0506666 0.024603 0.010862 0.00586854 0.00541234 0.00691064 0.00922144 0.0118626 0.0145262 0.0169204 0.0187711 0.0198696 0.0201168 0.0195406 0.0182801 0.0165434 0.0145558 0.0125136 0.0105582 0.00877075 0.00718359 0.00579849 0.00460367
 1.01204e-16 3.21578e-05 0.000188737 0.000897161 0.00345411 0.0107713 0.0272075 0.0556704 0.092281 0.123934 0.134874 0.118989 0.0852211 0.0498262 0.0243502 0.0110129 0.00631927 0.00614525 0.00795193 0.0105977 0.0135709 0.0165162 0.0190893 0.0209712 0.0219289 0.0218677 0.0208504 0.0190747 0.0168184 0.0143719 0.0119798 0.00980699 0.00793357 0.00637078 0.00508788 0.00403764
 1.02033e-16 2.41476e-05 0.000141697 0.000673499 0.0025929 0.00808563 0.0204239 0.0417918 0.0692812 0.0930629 0.101324 0.0895018 0.0643445 0.0381094 0.0195372 0.0103822 0.00810897 0.00968535 0.0132153 0.0177699 0.0227973 0.0277765 0.0321454 0.0353708 0.0370591 0.0370449 0.0354246 0.0325192 0.0287849 0.0247014 0.0206761 0.0169875 0.0137763 0.0110704 0.00882844 0.00698073
 1.02972e-16 2.65901e-05 0.000156046 0.000741737 0.00285567 0.0089051 0.0224937 0.0460259 0.0762963 0.102474 0.111538 0.0984471 0.070608 0.0414832 0.0206502 0.00998342 0.00663644 0.00723707 0.00970737 0.0130969 0.0169406 0.020867 0.0244873 0.0274232 0.0293781 0.0301967 0.0298902 0.0286162 0.0266248 0.0241917 0.0215598 0.0189074 0.0163437 0.0139245 0.0116752 0.00961086
 1.02398e-16 3.1043e-05 0.000182194 0.000866059 0.00333436 0.0103979 0.0262642 0.0537403 0.0890814 0.119636 0.130194 0.114855 0.0822496 0.0480668 0.0234506 0.0105415 0.0059656 0.00574532 0.00743913 0.00996165 0.0128424 0.0157666 0.0184291 0.0205416 0.0218843 0.0223514 0.0219694 0.0208786 0.0192883 0.0174214 0.0154675 0.0135572 0.01176 0.0100985 0.00857095 0.00716921
 1.03625e-16 1.82036e-05 0.000106792 0.000507543 0.0019539 0.0060929 0.0153906 0.0314938 0.0522148 0.0701542 0.0764237 0.0676063 0.0488207 0.0293517 0.0158524 0.00972417 0.00913654 0.0118638 0.0164891 0.0222524 0.028593 0.034897 0.0404758 0.0446703 0.0469916 0.0472307 0.045499 0.0421824 0.0378303 0.0330186 0.0282324 0.0237989 0.0198787 0.0164996 0.0136115 0.0111368
 1.02172e-16 3.50907e-05 0.000205966 0.000979094 0.00376961 0.0117552 0.0296926 0.0607543 0.100704 0.135235 0.147141 0.129738 0.09276 0.053912 0.0257482 0.0106366 0.00471194 0.003443 0.00407001 0.00541796 0.00706636 0.0088224 0.010531 0.0120436 0.0132352 0.0140252 0.0143872 0.0143449 0.0139558 0.0132909 0.0124182 0.0113938 0.0102629 0.00906372 0.00783417 0.00661416
 1.01089e-16 3.35352e-05 0.000196824 0.000935614 0.00360217 0.011233 0.0283737 0.0580565 0.0962355 0.129243 0.140645 0.124065 0.0888243 0.051867 0.0252243 0.0111984 0.00613169 0.00571265 0.00728931 0.00967703 0.0123604 0.0149991 0.0172728 0.0188886 0.0196374 0.0194415 0.0183721 0.0166262 0.0144736 0.0121921 0.0100116 0.00808203 0.00646876 0.00516909 0.00413938 0.00332129
 1.01159e-16 3.05242e-05 0.000179143 0.000851542 0.00327845 0.0102235 0.0258239 0.0528397 0.0875901 0.117638 0.128033 0.11298 0.0809743 0.0474577 0.0234065 0.0109476 0.00678405 0.00701554 0.00923321 0.0123348 0.0157929 0.0192082 0.0221803 0.0243359 0.0254025 0.0252697 0.0240124 0.0218644 0.0191546 0.0162277 0.0133752 0.0107957 0.00858695 0.00676468 0.00529286 0.00411379
 1.01514e-16 3.03388e-05 0.000178056 0.000846378 0.00325857 0.0101615 0.0256673 0.0525192 0.0870584 0.116923 0.127252 0.112284 0.0804606 0.0471272 0.0231892 0.0107564 0.00654867 0.00668863 0.00878659 0.0117582 0.0150972 0.0184303 0.0213839 0.0236066 0.0248366 0.0249584 0.0240255 0.0222368 0.0198798 0.0172594 0.0146366 0.0121923 0.0100221 0.00815166 0.00656403 0.00522469
 1.02128e-16 2.67714e-05 0.000157106 0.00074677 0.00287503 0.00896546 0.0226462 0.0463383 0.0768153 0.103174 0.112309 0.0991481 0.0711557 0.0418947 0.02102 0.0104324 0.00727725 0.00816273 0.0109857 0.0147587 0.0189626 0.0231565 0.0268782 0.0296888 0.0312608 0.0314503 0.0303242 0.0281311 0.0252295 0.0219987 0.0187615 0.0157403 0.0130504 0.0107206 0.00872793 0.00702917
 1.02748e-16 2.61395e-05 0.000153398 0.000729144 0.00280717 0.00875385 0.0221117 0.0452445 0.075002 0.100738 0.109656 0.0968039 0.0694681 0.040891 0.0204985 0.0101461 0.00704734 0.00789337 0.0106372 0.0143252 0.0184644 0.0226404 0.0264165 0.0293733 0.0311908 0.0317162 0.030991 0.0292248 0.0267308 0.0238448 0.0208562 0.0179685 0.0152941 0.0128736 0.010706 0.0087755
 1.01497e-16 3.5094e-05 0.000205982 0.000979162 0.00376986 0.011756 0.0296946 0.0607586 0.100712 0.135249 0.147164 0.129777 0.0928283 0.0540333 0.0259581 0.0109833 0.00525428 0.00424326 0.00518178 0.00686918 0.00884104 0.0108464 0.012668 0.014105 0.015005 0.0152951 0.014994 0.0141999 0.0130594 0.0117294 0.0103441 0.00899697 0.00773881 0.00658722 0.00554138 0.00459488
 1.00111e-16 4.2255e-05 0.000248033 0.0011791 0.0045397 0.0141567 0.0357586 0.0731652 0.121273 0.162848 0.177163 0.156155 0.111528 0.064579 0.0303878 0.0117591 0.00398772 0.00157278 0.00116708 0.00136541 0.00171369 0.00207431 0.00238599 0.00260549 0.00270333 0.00266863 0.00251137 0.00225912 0.00194983 0.00162274 0.00131059 0.00103505 0.000805949 0.000623453 0.000481736 0.000372573
 1.00009e-16 4.29744e-05 0.000252258 0.00119919 0.00461705 0.0143979 0.0363678 0.0744117 0.123339 0.165621 0.180176 0.158803 0.113404 0.0656324 0.030822 0.011819 0.00383217 0.00126268 0.000705593 0.000736464 0.00090452 0.00108656 0.00124025 0.00134091 0.0013729 0.0013313 0.00122292 0.00106446 0.000878339 0.00068752 0.000511014 0.000361216 0.000243389 0.000156882 9.72488e-05 5.84199e-05
 1.00089e-16 3.45464e-05 0.00020276 0.000963831 0.0037108 0.0115718 0.0292295 0.0598075 0.0991382 0.133141 0.144888 0.127811 0.0915118 0.0534472 0.0260124 0.0115794 0.00637959 0.0059679 0.00760524 0.0100595 0.0127837 0.015409 0.0175875 0.0190056 0.0194456 0.0188385 0.0172824 0.0150158 0.0123586 0.00963826 0.00712582 0.00499779 0.00332879 0.00210895 0.00127408 0.000736751
 1.00916e-16 2.85323e-05 0.000167444 0.000795918 0.00306426 0.00955557 0.0241368 0.0493881 0.0818705 0.109962 0.119694 0.105657 0.0758029 0.0445829 0.0222788 0.0109064 0.00741129 0.00816651 0.0109212 0.0146184 0.0187072 0.0227282 0.026206 0.0286949 0.0298703 0.0296022 0.0279837 0.0252992 0.021948 0.0183496 0.0148602 0.0117242 0.00906393 0.00690083 0.00519124 0.00386234
 1.01324e-16 3.27955e-05 0.000192483 0.000914978 0.00352272 0.0109853 0.0277479 0.0567759 0.0941125 0.126391 0.137539 0.121322 0.0868509 0.0506965 0.0246223 0.0108783 0.00588785 0.00543823 0.00694456 0.00926285 0.0119088 0.0145718 0.0169582 0.0187925 0.0198667 0.0200841 0.0194767 0.0181884 0.0164326 0.0144379 0.0124022 0.0104658 0.0087068 0.00715297 0.00580123 0.00463556
 1.01153e-16 3.25107e-05 0.000190809 0.000907013 0.00349204 0.0108896 0.0275063 0.0562818 0.0932941 0.125294 0.136352 0.120288 0.0861416 0.050344 0.0245654 0.0110459 0.0062487 0.00600161 0.00773735 0.0103046 0.0131929 0.0160532 0.0185501 0.020373 0.0212953 0.0212252 0.0202247 0.0184867 0.0162826 0.0138956 0.0115645 0.00945017 0.00763051 0.0061162 0.00487666 0.00386513
 1.01424e-16 2.94469e-05 0.000172817 0.000821467 0.00316265 0.00986238 0.0249117 0.0509734 0.0844971 0.113486 0.12352 0.10901 0.0781564 0.0458619 0.0227234 0.010803 0.00693082 0.00735252 0.00974694 0.0130446 0.0167199 0.0203612 0.0235497 0.0258929 0.0271021 0.0270573 0.0258316 0.0236637 0.0208918 0.017871 0.0149027 0.0121925 0.00984326 0.00787437 0.00625329 0.00492622
 1.01228e-16 3.40264e-05 0.000199711 0.000949346 0.00365505 0.0113979 0.0287903 0.0589086 0.0976468 0.131135 0.142696 0.125856 0.0900646 0.0525078 0.025381 0.0110069 0.00566226 0.0049666 0.00623521 0.00828867 0.0106444 0.0130118 0.0151249 0.016737 0.0176632 0.0178198 0.01724 0.0160575 0.0144677 0.0126787 0.0108687 0.00916238 0.00762637 0.00628082 0.0051177 0.00411777
 1.0107e-16 3.24711e-05 0.000190576 0.000905906 0.00348778 0.0108763 0.0274727 0.0562131 0.0931805 0.125142 0.136187 0.120146 0.0860453 0.0502993 0.0245651 0.0110819 0.0063189 0.00610983 0.00788967 0.0105054 0.0134414 0.0163414 0.0188617 0.0206846 0.0215795 0.0214547 0.0203768 0.0185476 0.0162491 0.0137753 0.0113734 0.00920961 0.00736353 0.00584421 0.0046172 0.00363073
 1.01452e-16 2.92822e-05 0.00017185 0.000816869 0.00314494 0.00980717 0.0247723 0.0506881 0.0840243 0.112852 0.122829 0.108402 0.0777239 0.0456148 0.0226134 0.0107717 0.00693897 0.0073832 0.00979699 0.0131167 0.0168184 0.0204901 0.0237119 0.0260894 0.0273317 0.0273166 0.0261148 0.0239631 0.021198 0.0181742 0.0151928 0.0124605 0.010082 0.00807895 0.00642162 0.00505883
 1.02039e-16 2.82946e-05 0.000166052 0.000789307 0.00303882 0.00947624 0.0239364 0.0489778 0.0811892 0.109044 0.118687 0.10475 0.0751124 0.0440971 0.0218896 0.0104765 0.00681847 0.00731535 0.00974395 0.0130825 0.0168293 0.0205882 0.0239517 0.0265326 0.0280387 0.028336 0.0274733 0.0256575 0.0231924 0.0204019 0.0175645 0.014875 0.0124387 0.0102892 0.00841691 0.00679515
 1.03353e-16 2.17388e-05 0.000127555 0.000606265 0.00233403 0.00727836 0.0183848 0.0376197 0.062366 0.0837777 0.0912243 0.0806034 0.0579977 0.0344519 0.0178507 0.00979332 0.00801995 0.00982127 0.0135029 0.0182277 0.0234807 0.0287572 0.033502 0.0371804 0.0393869 0.0399335 0.0388829 0.0365147 0.0332409 0.0295001 0.0256679 0.0220051 0.0186515 0.0156511 0.0129922 0.0106437
pSPR Fmed_Fpbrs
0.476106   0.6 0.325
Fs Fmed_Fpbrs
0.588522   0.357751 1.12939
SSBpbr Bo_Bmed_Bpbrs
864993  368578  475746 237873
Ro
32420.9
SPR SPRFo_SPRFmed_SPRFpbrs
668179 318124 217158
log_Ro
10.2066
likeval ReclasPelacesDesembMPH_pf_preclas_ppelaces_ptallas_desvR_qrecl_qpela
 138.515 26.369 0.0769673 40.343 306.02 216.521 83.7732 0 17.4245 2.99392e-07 9.54101e-05 8.2479e-16 0 0 0
q_reclas_q_pelaces
1.08062 4.01351
M
0.7
N
 40670.3 12527.6 4755.43 570.163 0.212966
 51849.8 18556.1 3452.58 1310.59 157.195
 23895.8 23868.3 5440.57 1012.28 430.348
 26418.1 10504.7 5079.95 1157.93 307.038
 53823.1 12745.3 4267.37 2063.64 595.118
 20804.6 26553.8 6048.23 2025.07 1261.71
 71927.1 9633.26 8108.22 1846.83 1003.62
 96067.6 33617.3 3138.9 2641.98 928.791
 93679.2 43387 8631.26 805.914 916.797
 108766 42679.8 11837.4 2354.9 470.014
 66637.3 50613 13490 3741.52 892.885
 40447.5 29134.8 10371.5 2764.34 949.67
 41295.2 17775.3 6187.26 2202.56 788.73
 25143.2 16334 1815.45 631.922 305.508
 22114.2 6409.15 78.6687 8.74364 4.5149
 12588 5847.35 39.8187 0.488752 0.0823726
 7780.26 5411.79 1065.86 7.25823 0.104106
 10156.6 3428.64 1171.61 230.752 1.59389
 12932.1 4557.16 841.196 287.448 57.0047
 12164.5 5925.69 1293.97 238.85 97.8044
 25079.9 5582.03 1699.46 371.103 96.5509
 38847.3 11895.1 2014.14 613.21 168.742
 43926 18406.7 4262.82 721.805 280.227
 47678.8 20817.1 6605.1 1529.68 359.571
 28434.5 22455 7152.9 2269.56 649.161
pred_Ctot
 2387.02 4146.03 1573.82 188.697 0.0704818
 2733.85 5632.62 1048.02 397.824 47.7158
 1985.8 10288.3 2345.11 436.336 185.498
 541.916 1390.53 672.442 153.277 40.6432
 252.033 407.847 136.555 66.0363 19.0437
 1014.97 7561.35 1722.27 576.65 359.279
 3052.83 2440.27 2053.95 467.834 254.234
 6288.84 12122.3 1131.88 952.69 334.919
 5588.83 14546.8 2893.9 270.208 307.385
 4940.28 11449.5 3175.57 631.736 126.088
 5771.79 22470.9 5989.23 1661.14 396.419
 3369.51 12580.4 4478.4 1193.64 410.067
 6122.52 11063.1 3850.86 1370.84 490.894
 9139.89 14122.8 1569.68 546.376 264.15
 7706.86 5491.86 67.4095 7.49224 3.86872
 1225.57 2815.18 19.1706 0.235308 0.039658
 634.214 2300.47 453.084 3.08537 0.0442538
 708.671 1298.42 443.686 87.3851 0.603602
 721.913 1448.85 267.44 91.388 18.1234
 667.336 1857.62 405.641 74.8763 30.6603
 812.006 1117.79 340.314 74.3128 19.3342
 1284.13 2426.05 410.793 125.067 34.4157
 1446.24 3740.97 866.374 146.699 56.9532
 1774.57 4710.39 1494.57 346.129 81.3621
 1061.52 5094.4 1622.79 514.9 147.276
F
 0.0847011 0.588811 0.588811 0.588811 0.588811
 0.0757971 0.526913 0.526913 0.526913 0.526913
 0.121878 0.847253 0.847253 0.847253 0.847253
 0.0288892 0.200827 0.200827 0.200827 0.200827
 0.00653001 0.0453942 0.0453942 0.0453942 0.0453942
 0.069954 0.486294 0.486294 0.486294 0.486294
 0.0606116 0.421349 0.421349 0.421349 0.421349
 0.0948916 0.659651 0.659651 0.659651 0.659651
 0.0861513 0.598892 0.598892 0.598892 0.598892
 0.0649884 0.451775 0.451775 0.451775 0.451775
 0.12733 0.885149 0.885149 0.885149 0.885149
 0.122193 0.849442 0.849442 0.849442 0.849442
 0.227498 1.58148 1.58148 1.58148 1.58148
 0.666859 4.63576 4.63576 4.63576 4.63576
 0.630233 4.38114 4.38114 4.38114 4.38114
 0.144168 1.0022 1.0022 1.0022 1.0022
 0.119425 0.830197 0.830197 0.830197 0.830197
 0.101429 0.705095 0.705095 0.705095 0.705095
 0.0804111 0.558988 0.558988 0.558988 0.558988
 0.0789725 0.548987 0.548987 0.548987 0.548987
 0.0459399 0.319357 0.319357 0.319357 0.319357
 0.0469234 0.326194 0.326194 0.326194 0.326194
 0.0467333 0.324873 0.324873 0.324873 0.324873
 0.0529739 0.368255 0.368255 0.368255 0.368255
 0.0531386 0.3694 0.3694 0.3694 0.3694
nmprior
 10 11 7 0
nm_flota  nm_reclas  nm_pelaces    nm_pelaL
inf 7.96676 10.7257 17.239
cv_recla  cv_pelaces  cv_mph
0.532283 0.503536 0.574525
 ------------------------------------------------
Talla a la edad & desviación 
 7.2 14.2025 17.0495 18.207 18.6776
 1.08 2.13037 2.55742 2.73105 2.80164
