years
 1997 1998 1999 2000 2001 2002 2003 2004 2005 2006 2007 2008 2009 2010 2011 2012 2013 2014 2015 2016 2017 2018 2019 2020 2021
reclasobs
 0 0 0 370054 412103 1.49427e+06 250295 1.28982e+06 931140 785840 897777 1.04006e+06 184774 17550 25797 100020 73551 82996 120727 218422 84188 347160 605670 569463 516374
reclaspred
 496850 127785 322316 220091 359059 439600 952954 653798 735230 768372 661931 466225 289789 121210 71557.4 65614.2 74025 98508.4 109385 153718 233370 219807 371205 467025 519321
pelacesobs
 0 0 0 0 0 0 0 0 0 2.06254e+06 1.5e+06 0 1.87456e+06 323000 250000 174000 83755 137374 0 501740 490994 745055 786931 1.00524e+06 0
pelacespred
 1.9863e+06 455839 676091 753696 1.08307e+06 1.0645e+06 2.66718e+06 2.16821e+06 2.18898e+06 2.32409e+06 1.74658e+06 1.29289e+06 777930 251563 149323 151233 177997 250267 280656 387873 687593 636078 825239 1.21678e+06 1.41425e+06
mphobs
 0 0 0 0 0 112323 0 153150 637223 0 255016 313432 73983 77613 109348 50772 0 0 0 0 0 0 0 0 0
mphpred
 178364 97631.7 107812 104082 121871 207536 291945 359757 307839 329480 351380 251462 161008 84419.7 35852.8 28218 29522.2 37202.8 47320.8 55878.8 86140.9 105978 131525 181225 261069
desembarqueobs
 350755 77701 442110 56441 14545 235359 269955 359681 431902 328805 639364 411747 362871 311530 167758 66681 60226 58785 57116 71774 51957 67425 138520 160799 200461
desembarquepred
 350760 77699.1 442087 56444 14545.3 235435 270018 359666 431940 328809 639270 411737 362901 311682 167593 66683.4 60259.1 58773.5 57095 71768.4 51960.6 67414.1 138524 160813 200460
Reclutas
 36029.2 43662.6 22485.4 33790.9 60318.2 41456.5 76229.9 74096 96584.5 117420 68416.5 47416.7 45883.2 24497 14373.9 12344.5 9240.36 11152.7 12549.9 19678.7 25387.1 32828 49648.8 63955.4 24666.4
log_desv_Rt
 0.0555313 0.247692 -0.415934 -0.0086062 0.570836 0.195846 0.804956 0.776563 1.04162 1.23696 0.696815 0.330175 0.297302 -0.330247 -0.863382 -1.01559 -1.30522 -1.11711 -0.999083 -0.549261 -0.294558 -0.0375165 0.376176 0.629388 -0.323355
SSB
 444951 243555 268952 259645 304023 517725 728295 897459 767945 821930 876563 627304 401656 210596 89439.3 70393.5 73646.9 92807.3 118048 139397 214890 264375 328106 452089 651271
BT
 1.53154e+06 372073 647103 475766 620479 728288 1.75118e+06 1.60133e+06 1.66445e+06 1.62703e+06 1.52616e+06 1.07701e+06 793413 433657 228707 141016 151288 190482 200245 277443 429638 394650 538133 800139 875285
Ftot
 0.981552 0.902848 1.57032 0.33635 0.0580351 0.546223 0.349678 0.693826 0.790486 0.582907 1.06274 0.916248 1.42919 2.78176 3.23302 1.40729 1.12079 0.802978 0.63349 0.622847 0.292415 0.34846 0.421071 0.42884 0.367253
BD_Bspro_t
 0.909353 0.635996 0.555196 0.373092 0.537448 0.716678 0.659982 0.677015 0.607863 0.579059 0.563637 0.409277 0.309835 0.211181 0.113959 0.111409 0.157148 0.250972 0.352277 0.449437 0.58455 0.691976 0.70159 0.703825 0.701877
BD_Bspro
 0.633441 0.34673 0.382886 0.369637 0.432814 0.737044 1.03682 1.27764 1.09326 1.17012 1.24789 0.893043 0.571806 0.299809 0.127328 0.100214 0.104845 0.132122 0.168055 0.198448 0.305921 0.37637 0.467098 0.643603 0.927162
BD_Bo
 0.50775 0.277929 0.306911 0.296291 0.346932 0.590795 0.831084 1.02412 0.87633 0.937934 1.00028 0.71584 0.458345 0.240319 0.102063 0.0803286 0.0840412 0.105906 0.134709 0.159071 0.245219 0.301688 0.374413 0.515895 0.743189
BD_Brms
 0.923182 0.505326 0.55802 0.538711 0.630786 1.07417 1.51106 1.86204 1.59333 1.70533 1.81869 1.30153 0.833354 0.436943 0.185568 0.146052 0.152802 0.192556 0.244925 0.28922 0.445852 0.548524 0.680752 0.937991 1.35125
S_f
 0.103517 0.686907 0.976573 0.998739 0.999934
 0.103517 0.686907 0.976573 0.998739 0.999934
 0.103517 0.686907 0.976573 0.998739 0.999934
 0.103517 0.686907 0.976573 0.998739 0.999934
 0.103517 0.686907 0.976573 0.998739 0.999934
 0.103517 0.686907 0.976573 0.998739 0.999934
 0.103517 0.686907 0.976573 0.998739 0.999934
 0.103517 0.686907 0.976573 0.998739 0.999934
 0.103517 0.686907 0.976573 0.998739 0.999934
 0.103517 0.686907 0.976573 0.998739 0.999934
 0.103517 0.686907 0.976573 0.998739 0.999934
 0.103517 0.686907 0.976573 0.998739 0.999934
 0.103517 0.686907 0.976573 0.998739 0.999934
 0.103517 0.686907 0.976573 0.998739 0.999934
 0.103517 0.686907 0.976573 0.998739 0.999934
 0.103517 0.686907 0.976573 0.998739 0.999934
 0.103517 0.686907 0.976573 0.998739 0.999934
 0.103517 0.686907 0.976573 0.998739 0.999934
 0.103517 0.686907 0.976573 0.998739 0.999934
 0.103517 0.686907 0.976573 0.998739 0.999934
 0.103517 0.686907 0.976573 0.998739 0.999934
 0.103517 0.686907 0.976573 0.998739 0.999934
 0.103517 0.686907 0.976573 0.998739 0.999934
 0.103517 0.686907 0.976573 0.998739 0.999934
 0.103517 0.686907 0.976573 0.998739 0.999934
Scru_reclas
 0.741964 1 1 1 1
 0.741964 1 1 1 1
 0.741964 1 1 1 1
 0.741964 1 1 1 1
 0.741964 1 1 1 1
 0.741964 1 1 1 1
 0.741964 1 1 1 1
 0.741964 1 1 1 1
 0.741964 1 1 1 1
 0.741964 1 1 1 1
 0.741964 1 1 1 1
 0.741964 1 1 1 1
 0.741964 1 1 1 1
 0.741964 1 1 1 1
 0.741964 1 1 1 1
 0.741964 1 1 1 1
 0.741964 1 1 1 1
 0.741964 1 1 1 1
 0.741964 1 1 1 1
 0.741964 1 1 1 1
 0.741964 1 1 1 1
 0.741964 1 1 1 1
 0.741964 1 1 1 1
 0.741964 1 1 1 1
 0.741964 1 1 1 1
Scru_pelaces
 0.702779 1 1 1 1
 0.702779 1 1 1 1
 0.702779 1 1 1 1
 0.702779 1 1 1 1
 0.702779 1 1 1 1
 0.702779 1 1 1 1
 0.702779 1 1 1 1
 0.702779 1 1 1 1
 0.702779 1 1 1 1
 0.702779 1 1 1 1
 0.702779 1 1 1 1
 0.702779 1 1 1 1
 0.702779 1 1 1 1
 0.702779 1 1 1 1
 0.702779 1 1 1 1
 0.702779 1 1 1 1
 0.702779 1 1 1 1
 0.702779 1 1 1 1
 0.702779 1 1 1 1
 0.702779 1 1 1 1
 0.702779 1 1 1 1
 0.702779 1 1 1 1
 0.702779 1 1 1 1
 0.702779 1 1 1 1
 0.702779 1 1 1 1
pf_obs 
 0.256992 0.487395 0.22802 0.0275931 0
 0.321318 0.546541 0.124235 0.00734118 0.000564706
 0.182869 0.594174 0.210203 0.0122559 0.00049798
 0.330522 0.361315 0.267642 0.0388342 0.00168674
 0.649043 0.306663 0.0425973 0.00169635 0
 0.582887 0.30429 0.105238 0.00758474 0
 0.465427 0.430635 0.0974691 0.00646863 0
 0.296916 0.608066 0.0921331 0.00288517 0
 0.311714 0.524322 0.152257 0.0117073 0
 0.15457 0.633149 0.183074 0.0267441 0.00246327
 0.131901 0.49318 0.331252 0.0422183 0.00144891
 0.196976 0.569456 0.194076 0.0375587 0.00193317
 0.518974 0.381816 0.0799577 0.0180837 0.00116848
 0.0928022 0.601141 0.25162 0.0475244 0.00691264
 0.122501 0.610282 0.24278 0.0234846 0.000952079
 0.383417 0.481906 0.127806 0.00687128 0
 0.0376549 0.599619 0.316969 0.0457579 0
 0.0361596 0.667082 0.258105 0.0386534 0
 0.158088 0.579412 0.248529 0.0139706 0
 0.0477256 0.309471 0.559284 0.082774 0.000745712
 0.0406174 0.521527 0.379366 0.0568643 0.0016247
 0.151134 0.462217 0.34131 0.0453401 0
 0.294876 0.26143 0.354403 0.0886775 0.000613685
 0.281977 0.475581 0.204845 0.0348837 0.00271318
 0 0 0 0 0
pf_pred 
 0.302259 0.476701 0.197412 0.0236151 1.27651e-05
 0.283631 0.560319 0.122257 0.0302924 0.00349944
 0.158081 0.642508 0.170827 0.0225601 0.00602347
 0.272605 0.466825 0.22385 0.0316576 0.0050621
 0.282102 0.495497 0.161409 0.052586 0.00840604
 0.141648 0.589593 0.204168 0.0471643 0.0174273
 0.251207 0.389619 0.277251 0.062666 0.0192562
 0.200905 0.554149 0.151406 0.0726371 0.0209026
 0.250003 0.485266 0.207394 0.0358649 0.0214726
 0.248696 0.537791 0.159676 0.042475 0.0113613
 0.145095 0.599605 0.203565 0.0389793 0.0127558
 0.1475 0.503731 0.279286 0.055816 0.0136674
 0.213757 0.47525 0.219718 0.0735938 0.0176805
 0.204236 0.607285 0.139638 0.0349441 0.0138971
 0.276109 0.604441 0.106574 0.00970693 0.00316883
 0.309511 0.612801 0.0726183 0.00456033 0.000509828
 0.215881 0.629591 0.144522 0.00937854 0.000627477
 0.257407 0.514802 0.199367 0.0266479 0.00177669
 0.23837 0.549586 0.1665 0.0400219 0.00552256
 0.288308 0.48669 0.180624 0.0350703 0.0093071
 0.247539 0.550605 0.15576 0.0372221 0.0088738
 0.22533 0.510351 0.211643 0.0408816 0.0117945
 0.253837 0.480139 0.19732 0.0552984 0.013406
 0.237742 0.523038 0.174988 0.0479766 0.0162556
 0.0816533 0.608548 0.237822 0.053036 0.0189409
pobs_RECLAS
 0 0 0 0 0
 0 0 0 0 0
 0 0 0 0 0
 0 0 0 0 0
 0.835266 0.146461 0.0176864 0.000547809 3.91292e-05
 0.385257 0.428462 0.181853 0.0044286 0
 0.867414 0.0963971 0.0333333 0.00285562 0
 0.441836 0.489002 0.0689373 0.000224442 0
 0.779404 0.147425 0.0564933 0.0165055 0.000172143
 0.814271 0.122319 0.05973 0.00367925 0
 0.40263 0.566651 0.0304383 0.000280538 0
 0.475488 0.404961 0.113038 0.00651328 0
 0.955842 0.0263864 0.0167828 0.000988607 0
 0.975058 0.0227948 0.00214734 0 0
 0.738997 0.206755 0.0527124 0.00153531 0
 0.850938 0.134255 0.0134407 0.00136685 0
 0.542534 0.407297 0.0501686 0 0
 0.764087 0.199537 0.0359546 0.000420521 0
 0.470689 0.182191 0.310203 0.0369168 0
 0.84361 0.089868 0.0606195 0.00523954 0.000663233
 0.607945 0.314616 0.071237 0.00620181 0
 0.523733 0.453247 0.0230204 0 0
 0.530135 0.295979 0.169645 0.0042399 0
 0.562478 0.366248 0.0663022 0.0049721 0
 0.250443 0.683176 0.0655157 0.000865301 0
ppred_RECLAS
 0.71423 0.217446 0.0611843 0.00713594 3.85211e-06
 0.686881 0.263352 0.0392012 0.00947332 0.00109292
 0.526244 0.393993 0.0686087 0.00880631 0.00234768
 0.677317 0.232432 0.0777846 0.0107496 0.00171677
 0.681372 0.24259 0.0555266 0.0176873 0.00282399
 0.479698 0.39594 0.0950151 0.0214358 0.00791061
 0.662549 0.205798 0.102163 0.0225641 0.00692504
 0.586149 0.317932 0.0598414 0.0280234 0.00805384
 0.657595 0.249531 0.0731504 0.0123435 0.00738047
 0.647323 0.277022 0.0569192 0.0147851 0.00394974
 0.494947 0.392571 0.090158 0.0168255 0.00549852
 0.506784 0.335594 0.126851 0.0247244 0.00604605
 0.6279 0.260336 0.0796051 0.0259364 0.00622187
 0.638042 0.306444 0.0415292 0.0100109 0.00397332
 0.729982 0.243129 0.0240973 0.00210589 0.000685941
 0.713821 0.264046 0.0207255 0.0012662 0.000141349
 0.60626 0.337912 0.0523 0.00330685 0.000220939
 0.662773 0.258925 0.0687403 0.00896493 0.000596933
 0.634677 0.28877 0.0604192 0.0141793 0.00195409
 0.694782 0.231591 0.0593849 0.0112578 0.00298384
 0.64084 0.28622 0.0565796 0.0132138 0.00314634
 0.618519 0.280571 0.0811734 0.0153216 0.00441489
 0.656929 0.248003 0.0709416 0.0194235 0.00470301
 0.633818 0.278196 0.0647674 0.0173481 0.00587063
 0.331362 0.494175 0.134655 0.0293419 0.010466
pobs_PELACES
 0 0 0 0 0
 0 0 0 0 0
 0 0 0 0 0
 0 0 0 0 0
 0 0 0 0 0
 0 0 0 0 0
 0 0 0 0 0
 0 0 0 0 0
 0 0 0 0 0
 0 0 0 0 0
 0.450072 0.473896 0.0757376 0.000293798 0
 0 0 0 0 0
 0.463077 0.371075 0.160297 0.00555027 0
 0.529543 0.364841 0.0842815 0.0213345 0
 0.631943 0.363953 0.00410389 0 0
 0.735681 0.248677 0.0153453 0.000297389 0
 0.695825 0.281241 0.0229344 0 0
 0.275771 0.60734 0.115278 0.00161068 0
 0 0 0 0 0
 0.896147 0.0623911 0.0374545 0.00400742 0
 0.803859 0.145111 0.0509908 3.86294e-05 0
 0.739449 0.233085 0.0266225 0.000797448 4.60066e-05
 0.878498 0.100942 0.0204185 0.000141795 0
 0.694673 0.275183 0.0284847 0.00165964 0
 0 0 0 0 0
ppred_PELACES
 0.745079 0.19825 0.0507871 0.00588093 3.1734e-06
 0.714751 0.243157 0.0332023 0.00797083 0.000919254
 0.593178 0.346542 0.0519345 0.00658996 0.00175573
 0.681559 0.231446 0.0750039 0.0103398 0.00165111
 0.672243 0.249878 0.0568782 0.0181102 0.00289143
 0.495525 0.388707 0.0885338 0.019894 0.00734003
 0.66838 0.204915 0.098381 0.0216732 0.00665071
 0.608925 0.305101 0.0537411 0.0250393 0.00719424
 0.683689 0.235232 0.06394 0.0107271 0.00641199
 0.663107 0.267796 0.0520415 0.0134606 0.00359507
 0.537976 0.367139 0.0761725 0.0141054 0.00460767
 0.544094 0.318876 0.110425 0.0213789 0.00522607
 0.68655 0.228237 0.060878 0.0196286 0.00470604
 0.747487 0.221865 0.0230466 0.00544366 0.00215821
 0.830575 0.156731 0.0114043 0.000973344 0.000316639
 0.757774 0.225699 0.0154858 0.000936402 0.000104474
 0.647418 0.307033 0.0426928 0.00267736 0.000178803
 0.688575 0.243326 0.059826 0.00775666 0.000516317
 0.653083 0.277694 0.0546878 0.0127749 0.00176011
 0.711457 0.22208 0.0536546 0.0101253 0.002683
 0.642622 0.286431 0.0550606 0.0128316 0.00305498
 0.623617 0.279278 0.0781523 0.0147138 0.00423917
 0.665444 0.244573 0.0672004 0.0183426 0.00444055
 0.642636 0.274196 0.0612722 0.0163605 0.00553548
 0.337068 0.494486 0.130092 0.0282714 0.0100827
pobs_pel_tallas
 0 0 0 0 0 0 0 0 0 0 0 0 0 0 0 0 0 0 0 0 0 0 0 0 0 0 0 0 0 0 0 0 0 0 0 0
 0 0 0 0 0 0 0 0 0 0 0 0 0 0 0 0 0 0 0 0 0 0 0 0 0 0 0 0 0 0 0 0 0 0 0 0
 0 0 0 0 0 0 0 0 0 0 0 0 0 0 0 0 0 0 0 0 0 0 0 0 0 0 0 0 0 0 0 0 0 0 0 0
 0 0 0 0 0 0 0 0 0 0 0 0 0 0 0 0 0 0 0 0 0 0 0 0 0 0 0 0 0 0 0 0 0 0 0 0
 0 0 0 0 0 0 0 0 0 0 0 0 0 0 0 0 0 0 0 0 0 0 0 0 0 0 0 0 0 0 0 0 0 0 0 0
 0 0 0 0 0 0 0 0 0 0 0 0 0 0 0 0 0 0 0 0 0 0 0 0 0 0 0 0 0 0 0 0 0 0 0 0
 0 0 0 0 0 0 0 0 0 0 0 0 0 0 0 0 0 0 0 0 0 0 0 0 0 0 0 0 0 0 0 0 0 0 0 0
 0 0 0 0 0 0 0 0 0 0 0 0 0 0 0 0 0 0 0 0 0 0 0 0 0 0 0 0 0 0 0 0 0 0 0 0
 0 0 0 0 0 0 0 0 0 0 0 0 0 0 0 0 0 0 0 0 0 0 0 0 0 0 0 0 0 0 0 0 0 0 0 0
 0 0 0 0 0 0 0 0 0 0 0 0 0 0 0 0 0 0 0 0 0 0 0 0 0 0 0 0 0 0 0 0 0 0 0 0
 0 0 0 0 0 0 0 0 1.78061e-05 0.00172719 0.00360574 0.0105946 0.0120993 0.0124554 0.0147524 0.0171206 0.0266825 0.0428682 0.0675386 0.121331 0.153587 0.119568 0.100827 0.0573624 0.0630603 0.0341343 0.0324427 0.0444173 0.0211091 0.0280891 0.0125444 0.00206551 0 0 0 0
 0 0 0 0 0 0 0 0 0 0 0 0 0 0 0 0 0 0 0 0 0 0 0 0 0 0 0 0 0 0 0 0 0 0 0 0
 0 0 0 0 0 0 0.0133647 0.0140871 0.0187388 0.0205184 0.03894 0.0496705 0.03968 0.0493445 0.0407372 0.0367815 0.0215668 0.0243155 0.0234873 0.0199281 0.019796 0.0243948 0.0301388 0.0376714 0.0412746 0.0863199 0.0771752 0.113111 0.0741005 0.0525337 0.0229764 0.00759418 0.00175318 0 0 0
 0 0 0 0 0 0 0 0 0 0 0.00219441 0.00772107 0.0458388 0.0604681 0.0671733 0.0775358 0.0609151 0.0617685 0.073594 0.0568108 0.0755445 0.0548602 0.0670107 0.0636378 0.0643287 0.046367 0.0373049 0.0286899 0.0247887 0.0153202 0.00654259 0.00121912 0.000365735 0 0 0
 0 0 0 0 0 0 0 0 0 0 0 0 0.000112435 0.00938835 0.0111873 0.0202946 0.0414886 0.0713402 0.111592 0.104902 0.108894 0.110636 0.117776 0.105296 0.107544 0.0401394 0.0192827 0.0124803 0.00416011 0.0028671 0.000618394 0 0 0 0 0
 0 0 0 0 0 0 0 0 0 0 0.00291406 0.0102884 0.027416 0.0768956 0.0749926 0.110853 0.0956884 0.0897413 0.0766577 0.0534642 0.0500743 0.0551293 0.0594112 0.0620874 0.0668451 0.0424026 0.0208742 0.0120726 0.0048766 0.00582813 0.00118941 0.000297354 0 0 0 0
 0 0.00264628 0.0354308 0.0461629 0.0458689 0.0383711 0.0214643 0.0164657 0.0346957 0.0420465 0.0363128 0.0245516 0.0311673 0.0291091 0.0169068 0.0133784 0.00837989 0.0085269 0.0148486 0.0160247 0.0276389 0.0546898 0.0760071 0.122758 0.109233 0.0665981 0.0333725 0.0166128 0.00676272 0.00308733 0.000882094 0 0 0 0 0
 0 0 0 0 0 0 0 0.000805153 0.000690131 0.00759144 0.0133425 0.0154129 0.00931677 0.000345066 0.00356568 0.00563607 0.00851162 0.0253048 0.0502646 0.0516448 0.0657925 0.0565908 0.0611916 0.0827007 0.0866115 0.110766 0.145733 0.0935128 0.0569358 0.0249597 0.0138026 0.00621118 0.00161031 0.00115022 0 0
 0 0 0 0 0 0 0 0 0 0 0 0 0 0 0 0 0 0 0 0 0 0 0 0 0 0 0 0 0 0 0 0 0 0 0 0
 0.00147267 0.00158595 0.00478618 0.00569244 0.00954404 0.0108468 0.00647125 0.017049 0.0510054 0.094081 0.124002 0.0959785 0.0687766 0.0820023 0.061753 0.0591476 0.0492212 0.0479892 0.0443925 0.0268479 0.0217502 0.0140895 0.0121071 0.0120363 0.00920419 0.00665534 0.0049561 0.00860946 0.00930331 0.0156896 0.0114698 0.00855282 0.00243557 0.00046729 0 2.83206e-05
 0 0 0 0 0.000772559 0.00158375 0.000888443 0.00281984 0.00712685 0.0440552 0.0773331 0.111326 0.0921469 0.0852325 0.0710754 0.0886704 0.0786465 0.0553345 0.0373146 0.0185414 0.00753245 0.00457741 0.012979 0.0271748 0.0457355 0.0583668 0.034881 0.0177882 0.00938659 0.00492506 0.0015258 0.00185414 0.000309023 5.79419e-05 3.86279e-05 0
 0 0.00173294 0.00326652 0 0.00397197 0.00683976 0.00946217 0.0152591 0.00757587 0.0136028 0.0228656 0.0392903 0.0559909 0.0764795 0.0681675 0.0726916 0.0566044 0.0477403 0.0527397 0.0444891 0.0609904 0.0582453 0.0661739 0.0445044 0.0529084 0.0360697 0.0280645 0.0235558 0.0158879 0.00826598 0.00280645 0.00217768 0.000904811 0.00058276 9.20147e-05 0
 0 0 0 0 0 0 0 0 0 0 0 0 0 0 0 0 0 0 0 0 0 0 0 0 0 0 0 0 0 0 0 0 0 0 0 0
 0 0 0 0 0 0 0 0 0 0 0 0 0 0 0 0 0 0 0 0 0 0 0 0 0 0 0 0 0 0 0 0 0 0 0 0
 0 0 0 0 0 0 0 0 0 0 0 0 0 0 0 0 0 0 0 0 0 0 0 0 0 0 0 0 0 0 0 0 0 0 0 0
ppred_pel_tallas
 1.00988e-16 3.25097e-05 0.000190804 0.000906989 0.00349195 0.0108893 0.0275055 0.0562802 0.0932915 0.12529 0.136347 0.120282 0.0861338 0.0503324 0.0245467 0.011016 0.00620322 0.0059364 0.00765004 0.0101962 0.0130692 0.0159259 0.0184357 0.0202908 0.0212638 0.0212574 0.020324 0.0186451 0.0164805 0.0141053 0.011755 0.00959311 0.00770503 0.00611221 0.00479559 0.0037184
 1.00868e-16 3.1189e-05 0.000183046 0.000870099 0.0033499 0.0104463 0.0263867 0.0539912 0.0894987 0.120201 0.130821 0.115436 0.0827263 0.0484676 0.0238727 0.011111 0.00680952 0.0069785 0.00915295 0.0122047 0.0155956 0.0189213 0.0217798 0.0237987 0.0247104 0.0244129 0.0229933 0.020699 0.0178729 0.0148711 0.0119926 0.00943792 0.00730126 0.00558981 0.00425589 0.00322889
 1.01159e-16 2.58921e-05 0.000151939 0.000722191 0.00278038 0.00867027 0.0219006 0.0448133 0.0742893 0.0997874 0.108638 0.0959456 0.0689399 0.0407559 0.0207546 0.0108017 0.00816211 0.00956946 0.0129815 0.0174029 0.0222556 0.0270076 0.0310934 0.0339825 0.0352918 0.0348743 0.0328517 0.0295754 0.0255331 0.0212327 0.0171019 0.0134291 0.0103519 0.00788389 0.00596006 0.00448174
 1.01573e-16 2.97414e-05 0.000174548 0.000829699 0.00319435 0.00996125 0.0251614 0.0514842 0.0853431 0.11462 0.124748 0.110081 0.0788948 0.0462365 0.0228003 0.0106598 0.00660473 0.00683915 0.00902285 0.0120915 0.0155426 0.0189991 0.0220801 0.024425 0.0257624 0.0259684 0.0250902 0.0233228 0.0209527 0.0182861 0.0155876 0.0130439 0.0107575 0.00876225 0.00704962 0.00559271
 1.01647e-16 2.93358e-05 0.000172165 0.000818369 0.00315072 0.00982519 0.0248178 0.0507812 0.0841783 0.113058 0.123052 0.108595 0.077855 0.0456763 0.0226154 0.0107253 0.00684718 0.00724068 0.00959487 0.0128478 0.0164816 0.0200936 0.0232747 0.0256404 0.0269069 0.0269538 0.0258482 0.0238177 0.0211867 0.018296 0.0154345 0.0127992 0.0104891 0.00852398 0.00687562 0.0054969
 1.0241e-16 2.16358e-05 0.000126946 0.000603365 0.00232285 0.00724348 0.0182968 0.0374398 0.0620691 0.0833824 0.0908034 0.0802539 0.057795 0.0344291 0.0180169 0.0101658 0.00864051 0.0107509 0.0148025 0.0199341 0.0255831 0.0311794 0.0360961 0.0397364 0.0416592 0.0416786 0.0399013 0.036685 0.0325383 0.0279961 0.023512 0.0193957 0.015803 0.0127647 0.0102351 0.00813747
 1.02519e-16 2.91656e-05 0.00017117 0.000813646 0.00313255 0.00976854 0.0246746 0.050488 0.0836912 0.1124 0.122328 0.107935 0.0773349 0.0452785 0.0222476 0.0102694 0.00619165 0.00629203 0.00828409 0.0111431 0.0144064 0.0177421 0.0208161 0.0233064 0.0249606 0.0256471 0.0253762 0.0242829 0.0225811 0.0205061 0.0182651 0.0160101 0.0138338 0.0117829 0.00987848 0.00813222
 1.02059e-16 2.65771e-05 0.000155964 0.000741335 0.0028541 0.00890018 0.0224813 0.0460011 0.0762569 0.102426 0.111499 0.0984448 0.0706756 0.0416615 0.020994 0.010568 0.00755639 0.00859499 0.0115917 0.0155523 0.0199362 0.0242729 0.0280678 0.0308554 0.0322953 0.0322495 0.0308103 0.0282666 0.0250235 0.0215029 0.0180586 0.014927 0.0122203 0.00995057 0.00807042 0.00651038
 1.01653e-16 2.98343e-05 0.000175093 0.000832292 0.00320434 0.00999239 0.0252401 0.0516452 0.08561 0.114979 0.125139 0.110427 0.0791451 0.0463877 0.0228832 0.0107118 0.00665342 0.00689936 0.00910023 0.0121851 0.0156457 0.0190986 0.0221576 0.024459 0.0257319 0.0258576 0.0248927 0.0230441 0.0206106 0.0179083 0.015207 0.0126931 0.0104637 0.00854342 0.0069128 0.00553451
 1.01457e-16 2.89382e-05 0.000169829 0.000807259 0.00310794 0.00969177 0.0244808 0.0500918 0.0830362 0.111526 0.12139 0.10714 0.0768364 0.0451294 0.0224384 0.0107973 0.0070982 0.0076562 0.01019 0.0136407 0.0174756 0.0212666 0.024575 0.0269898 0.0282103 0.028114 0.0267819 0.0244692 0.0215352 0.0183556 0.015248 0.0124275 0.00999921 0.00797942 0.00632917 0.00498726
 1.01901e-16 2.34859e-05 0.00013781 0.000655018 0.00252174 0.0078637 0.0198634 0.040645 0.067381 0.0905132 0.0985551 0.0870725 0.0626343 0.0371693 0.0191893 0.010413 0.00838677 0.0101699 0.0139175 0.0187124 0.023989 0.0291987 0.0337466 0.0370691 0.0387522 0.0386258 0.0367989 0.0336197 0.0295797 0.0251949 0.0209021 0.016999 0.0136338 0.0108324 0.0085447 0.00668894
 1.02651e-16 2.37509e-05 0.00013937 0.000662442 0.00255034 0.0079529 0.0200886 0.0411056 0.0681431 0.0915325 0.0996537 0.0880162 0.0632549 0.037421 0.0191061 0.0100299 0.00769447 0.00911807 0.0124444 0.0167791 0.0216088 0.0264586 0.0308134 0.0341777 0.0361751 0.0366294 0.0355962 0.0333328 0.0302209 0.0266695 0.0230323 0.0195593 0.0163892 0.013571 0.0111 0.00894932
 1.01833e-16 2.99588e-05 0.000175825 0.000835771 0.00321773 0.0100342 0.0253456 0.051861 0.0859676 0.115459 0.125659 0.110881 0.0794611 0.0465535 0.0229288 0.0106726 0.00654832 0.00672923 0.0088567 0.0118595 0.0152355 0.0186119 0.0216148 0.0238923 0.0251816 0.0253669 0.0245005 0.0227799 0.0204902 0.0179324 0.0153629 0.0129576 0.0108073 0.0089345 0.00732126 0.00593442
 1.00688e-16 3.26156e-05 0.000191423 0.00090993 0.00350326 0.0109246 0.0275947 0.0564628 0.0935947 0.125699 0.136797 0.12069 0.0864498 0.0505649 0.0247487 0.0112548 0.00654007 0.00642066 0.00831629 0.0110585 0.0141122 0.0170972 0.0196446 0.0214155 0.0221685 0.0218154 0.0204416 0.0182799 0.0156498 0.0128819 0.0102522 0.00794412 0.00604122 0.00454509 0.00340569 0.00255147
 1.00262e-16 3.6236e-05 0.000212684 0.00101102 0.0038925 0.0121384 0.0306607 0.0627356 0.10399 0.139652 0.151959 0.134016 0.095882 0.0558543 0.0269129 0.0115215 0.00570289 0.00477966 0.00588187 0.00774675 0.00986009 0.0119201 0.0136593 0.0148378 0.0152867 0.0149472 0.013885 0.012271 0.0103379 0.00832563 0.00643462 0.00479732 0.00347313 0.00246093 0.00172088 0.00119647
 1.00331e-16 3.30643e-05 0.000194057 0.000922451 0.00355147 0.0110749 0.0279744 0.0572398 0.0948827 0.127429 0.138679 0.12235 0.0876382 0.0512584 0.0250846 0.0114008 0.0066137 0.00647988 0.00838072 0.0111282 0.0141759 0.0171347 0.0196277 0.0213108 0.0219411 0.0214347 0.0198871 0.0175458 0.0147471 0.011838 0.00910796 0.0067484 0.00484497 0.00339564 0.00234222 0.0016022
 1.00807e-16 2.82556e-05 0.000165818 0.000788184 0.00303448 0.00946269 0.0239022 0.0489083 0.0810756 0.108896 0.118538 0.104647 0.0751026 0.0442185 0.0221845 0.0110043 0.00766031 0.00856437 0.0114845 0.0153618 0.0196284 0.0237986 0.0273681 0.0298666 0.0309556 0.0305076 0.0286348 0.0256537 0.0220022 0.0181364 0.0144402 0.0111721 0.00845537 0.00630081 0.00464764 0.00340365
 1.0122e-16 3.00478e-05 0.000176345 0.000838244 0.00322725 0.0100638 0.0254205 0.0520145 0.0862223 0.115802 0.126036 0.111221 0.079721 0.0467383 0.0230801 0.0108433 0.0067862 0.00707284 0.00933462 0.0124874 0.0160101 0.0195053 0.0225716 0.0248324 0.0260097 0.0259854 0.0248255 0.0227545 0.0200927 0.0171789 0.014302 0.0116621 0.00936267 0.00742817 0.00583316 0.0045306
 1.01389e-16 2.85015e-05 0.000167264 0.000795065 0.00306098 0.00954534 0.0241109 0.0493352 0.0817823 0.109843 0.119561 0.105534 0.0757024 0.0444985 0.0221901 0.0107865 0.00723283 0.0079044 0.0105545 0.0141345 0.0181068 0.0220305 0.0254507 0.0279408 0.0291885 0.0290668 0.02766 0.0252336 0.0221614 0.0188352 0.0155863 0.01264 0.0101075 0.008007 0.00629866 0.00491875
 1.01308e-16 3.10446e-05 0.0001822 0.000866081 0.00333443 0.0103981 0.0262648 0.0537418 0.0890848 0.119644 0.13021 0.114887 0.0823122 0.048183 0.0236551 0.0108816 0.00650015 0.00653793 0.00854694 0.0114189 0.0146426 0.0178472 0.020666 0.0227559 0.0238635 0.0238811 0.0228679 0.0210269 0.0186479 0.0160365 0.0134527 0.0110755 0.0089962 0.00723532 0.00576912 0.00455573
 1.01459e-16 2.80457e-05 0.000164587 0.000782337 0.00301197 0.00939251 0.0237249 0.0485454 0.0804735 0.108086 0.117652 0.103857 0.0745156 0.043834 0.0219202 0.0107572 0.00734493 0.00812073 0.0108742 0.0145682 0.0186619 0.0227035 0.0262249 0.0287863 0.0300663 0.0299346 0.0284791 0.0259746 0.0228073 0.0193815 0.016039 0.0130113 0.0104121 0.00825887 0.00650915 0.0050961
 1.01905e-16 2.72167e-05 0.000159721 0.000759204 0.00292291 0.00911476 0.0230233 0.0471099 0.078094 0.104891 0.114175 0.10079 0.0723208 0.0425548 0.0213032 0.0104937 0.00721951 0.00802867 0.0107822 0.0144798 0.0186016 0.0227121 0.0263561 0.0291018 0.0306265 0.0307876 0.0296505 0.0274594 0.0245675 0.0213496 0.0181261 0.0151196 0.0124474 0.0101412 0.00818047 0.00652327
 1.01872e-16 2.90391e-05 0.000170424 0.000810092 0.00311885 0.00972581 0.0245667 0.0502675 0.0833268 0.111914 0.121807 0.107496 0.0770651 0.0452099 0.0223792 0.0106053 0.00676199 0.00714814 0.00947899 0.0127076 0.0163268 0.019944 0.0231594 0.0255953 0.0269695 0.0271571 0.0262139 0.0243514 0.0218758 0.019111 0.0163335 0.0137338 0.0114116 0.00939279 0.00765934 0.0061761
 1.0178e-16 2.80458e-05 0.000164589 0.000782348 0.00301202 0.00939267 0.0237253 0.0485461 0.0804743 0.108086 0.11765 0.103848 0.0744959 0.0437953 0.0218507 0.010641 0.00716239 0.00785047 0.0104973 0.0140738 0.0180534 0.0220037 0.0254773 0.0280529 0.0294197 0.0294468 0.0282094 0.0259595 0.023055 0.0198718 0.0167282 0.013841 0.0113184 0.00918105 0.00739594 0.00590921
 1.03451e-16 1.47307e-05 8.63974e-05 0.000410568 0.0015805 0.00492846 0.0124494 0.0254764 0.0422428 0.0567697 0.0618788 0.0548246 0.0397757 0.0242843 0.0137885 0.00948969 0.00997525 0.0134947 0.0189105 0.0255543 0.0328451 0.0400918 0.0465041 0.0513211 0.0539751 0.0542185 0.052172 0.0482728 0.0431506 0.0374707 0.0318002 0.0265301 0.0218624 0.0178469 0.0144405 0.0115629
pSPR Fmed_Fpbrs
0.500295   0.6 0.325
Fs Fmed_Fpbrs
0.682071   0.446239 1.52407
SSBpbr Bo_Bmed_Bpbrs
876319  394602  481976 240988
Ro
34083
SPR SPRFo_SPRFmed_SPRFpbrs
702434 351425 228291
log_Ro
10.2566
likeval ReclasPelacesDesembMPH_pf_preclas_ppelaces_ptallas_desvR_qrecl_qpela
 64.8533 18.6414 0.00968372 0.000199355 281.409 189.869 69.7311 0 16.6922 6.58565e-06 8.72126e-05 8.48455e-15 0 0 0
q_reclas_q_pelaces
0.695135 3.77585
M
0.7
N
 36029.2 10836.7 3514.99 414.438 0.223852
 43662.6 16163 2742.03 669.301 77.2578
 22485.4 19747.6 4316.95 563.833 150.453
 33790.9 9490.67 3334.65 462.56 73.8881
 60318.2 16205.9 3740.68 1192.32 190.373
 41456.5 29773.7 7733.1 1755.22 647.95
 76229.9 19454.9 10159.6 2252.6 691.479
 74096 36508.9 7598.15 3585.64 1030.93
 96584.5 34244.9 11256.7 1916.18 1146.27
 117420 44194 9880.35 2583.11 690.301
 68416.5 54894.9 14705 2776.79 908.023
 47416.7 30435.2 13136.8 2586.6 632.87
 45883.2 21415.7 8054.45 2666.15 640.126
 24497 19651.5 3984.47 990.558 393.805
 14373.9 9121.11 1443.9 130.787 42.683
 12344.5 5107.66 491.548 30.5027 3.40794
 9240.36 5299.07 964.706 61.7592 4.12906
 11152.7 4085.97 1218.54 160.34 10.6814
 12549.9 5096.54 1168.81 276.233 38.0827
 19678.7 5836.54 1637.9 312.653 82.8982
 25387.1 9161.97 1889.48 442.71 105.432
 32828 12231 3721.77 705.207 203.247
 49648.8 15724.3 4780.81 1315.09 318.502
 63955.4 23603.3 5847.26 1573.66 532.667
 24666.4 30380.3 8730.42 1910.15 681.484
pred_Ctot
 2518.14 3971.43 1644.65 196.739 0.106347
 2816.91 5564.85 1214.21 300.851 34.755
 2448.95 9953.55 2646.4 349.495 93.3139
 833.237 1426.88 684.214 96.7635 15.4727
 259.912 456.523 148.713 48.4497 7.74484
 1644.38 6844.55 2370.18 547.528 202.313
 1953.02 3029.11 2155.5 487.199 149.708
 3708.4 10228.7 2794.73 1340.77 385.83
 5483.38 10643.5 4548.82 786.635 470.964
 4962.05 10730.2 3185.9 847.473 226.684
 5158.42 21317.1 7237.12 1385.79 453.494
 3102.64 10595.9 5874.75 1174.08 287.493
 4576.81 10175.7 4704.44 1575.73 378.56
 4481.61 13325.9 3064.13 766.79 304.95
 2997.25 6561.39 1156.9 105.372 34.3986
 1213.66 2402.92 284.752 17.882 1.99914
 732.844 2137.25 490.603 31.837 2.13007
 642.817 1285.6 497.873 66.5472 4.43689
 575.051 1325.84 401.67 96.5501 13.3228
 886.975 1497.29 555.686 107.893 28.6331
 545.328 1212.98 343.139 82.0004 19.549
 838.177 1898.39 787.263 152.07 43.8727
 1526.76 2887.9 1186.82 332.604 80.6335
 2002.28 4405.06 1473.76 404.062 136.906
 663.191 4942.65 1931.6 430.76 153.838
F
 0.101608 0.674235 0.958557 0.980314 0.981487
 0.0934604 0.620172 0.881696 0.901709 0.902788
 0.162555 1.07866 1.53353 1.56834 1.57021
 0.0348181 0.231041 0.328471 0.335926 0.336328
 0.00600764 0.0398647 0.0566755 0.0579619 0.0580312
 0.0565435 0.375204 0.533426 0.545534 0.546186
 0.0361977 0.240196 0.341486 0.349237 0.349655
 0.0718231 0.476594 0.677572 0.692952 0.69378
 0.0818291 0.542991 0.771967 0.78949 0.790434
 0.060341 0.400403 0.569251 0.582172 0.582868
 0.110012 0.730003 1.03784 1.0614 1.06267
 0.0948476 0.629377 0.894783 0.915093 0.916187
 0.147946 0.981723 1.39571 1.42739 1.4291
 0.28796 1.91081 2.71659 2.77825 2.78157
 0.334674 2.22079 3.15728 3.22895 3.23281
 0.145678 0.966674 1.37432 1.40551 1.40719
 0.116021 0.769876 1.09453 1.11937 1.12071
 0.0831222 0.551572 0.784167 0.801966 0.802925
 0.0655772 0.435149 0.618649 0.632691 0.633448
 0.0644754 0.427838 0.608255 0.622061 0.622805
 0.03027 0.200862 0.285565 0.292046 0.292396
 0.0360717 0.23936 0.340297 0.348021 0.348437
 0.0435882 0.289237 0.411207 0.42054 0.421043
 0.0443924 0.294573 0.418793 0.428299 0.428812
 0.0380171 0.252269 0.35865 0.36679 0.367229
nmprior
 10 11 7 0
nm_flota  nm_reclas  nm_pelaces    nm_pelaL
inf 18.7212 16.8831 29.7128
cv_recla  cv_pelaces  cv_mph
0.728435 0.423372 0.458091
 ------------------------------------------------
Talla a la edad & desviación 
 7.2 14.2025 17.0495 18.207 18.6776
 1.08 2.13037 2.55742 2.73105 2.80164
