years
 1997 1998 1999 2000 2001 2002 2003 2004 2005 2006 2007 2008 2009 2010 2011 2012 2013 2014 2015 2016 2017 2018 2019 2020 2021
reclasobs
 0 0 0 370054 412103 1.49427e+06 250295 1.28982e+06 931140 785840 897777 1.04006e+06 184774 17550 25797 100020 73551 82996 120727 218422 84188 347160 605670 569463 516374
reclaspred
 483727 124057 305951 199198 303905 351180 765453 651612 773955 769223 657068 450335 281010 118639 73208 65997.2 71131.9 96900.7 105202 152245 256353 253782 457227 573856 621476
pelacesobs
 0 0 0 0 0 0 0 0 0 2.06254e+06 1.5e+06 0 1.87456e+06 323000 250000 174000 83755 137374 0 501740 490994 745055 786931 1.00524e+06 0
pelacespred
 1.85429e+06 419231 607486 649222 878508 784752 2.05293e+06 1.97476e+06 2.19915e+06 2.23189e+06 1.65568e+06 1.18348e+06 717319 234629 147596 145980 163264 234470 256829 366661 720808 702529 981768 1.45579e+06 1.66589e+06
mphobs
 0 0 0 0 0 112000 148000 153000 721000 0 182000 411000 85000 105000 0 51000 18000 17000 60000 28000 0 208000 137000 643000 0
mphpred
 165001 90166.7 98385 91940.9 101939 161753 217428 285190 310227 326647 328963 236254 145072 78282.7 33890.6 27832.1 27334 34017.2 44404.1 50371.9 84994 114003 147964 218692 302129
desembarqueobs
 350755 77701 442110 56441 14545 235359 269955 359681 431902 328805 639364 411747 362871 311530 167758 66681 60226 58785 57116 71774 51957 67425 138520 160799 200461
desembarquepred
 350760 77699.2 442089 56444.9 14545.4 235464 270031 359574 431952 328842 639213 411817 362885 311618 167594 66692.8 60258.6 58767.4 57101.1 71764.6 51957 67417.1 138515 160818 200467
Reclutas
 35837.6 43071.7 21530.6 29888 49137.2 34784.6 67963.2 98345.3 97318.1 109393 70740.9 43133 48028.4 24717.8 15064.2 11594.5 9044.02 11566.8 11328.1 21568 30516.6 38109.7 64955 68552.1 25809
log_desv_Rt
 0.0406804 0.224548 -0.468842 -0.140861 0.3563 0.0108573 0.680649 1.05017 1.03967 1.15663 0.720707 0.22597 0.333475 -0.330794 -0.825998 -1.08779 -1.33621 -1.09018 -1.11103 -0.467104 -0.120047 0.102153 0.635378 0.689276 -0.287596
SSB
 439397 240114 261999 244838 271464 430748 579011 759462 826133 869861 876029 629143 386328 208467 90250.7 74117 72790.5 90587.8 118248 134140 226339 303589 394028 582377 804570
BT
 1.52039e+06 367500 627810 439357 532551 615218 1.48678e+06 1.61004e+06 1.73319e+06 1.63724e+06 1.54053e+06 1.05383e+06 789084 432777 233283 142199 149385 190843 194896 282139 478804 452048 658042 964709 1.05225e+06
Ftot
 1.00841 0.928659 1.63761 0.362282 0.0656367 0.675078 0.456057 0.831907 0.755697 0.547743 1.06357 0.926217 1.49713 2.87564 3.22652 1.34569 1.15344 0.833399 0.641015 0.655041 0.280072 0.304057 0.347468 0.32989 0.294914
BD_Bspro_t
 0.907809 0.632591 0.548101 0.359761 0.509613 0.676862 0.608018 0.642294 0.624928 0.588411 0.558701 0.40865 0.301852 0.210357 0.115339 0.116726 0.155182 0.246313 0.352821 0.440397 0.597703 0.720681 0.738223 0.752691 0.743043
BD_Bspro
 0.619609 0.338593 0.369454 0.345255 0.3828 0.607413 0.816483 1.07094 1.16496 1.22662 1.23532 0.887176 0.544774 0.293966 0.127266 0.104515 0.102644 0.127741 0.166746 0.189156 0.319168 0.428101 0.555633 0.82123 1.13455
BD_Bo
 0.499632 0.27303 0.297915 0.278402 0.308677 0.489798 0.658385 0.863573 0.939384 0.989106 0.99612 0.715389 0.439288 0.237044 0.102623 0.0842773 0.082769 0.103006 0.134458 0.152529 0.257367 0.345207 0.448044 0.662213 0.914864
BD_Brms
 0.908422 0.496418 0.541664 0.506186 0.561232 0.890541 1.19706 1.57013 1.70797 1.79838 1.81113 1.30071 0.798705 0.43099 0.186587 0.153231 0.150489 0.187284 0.244469 0.277326 0.467939 0.627648 0.814625 1.20402 1.66339
S_f
 0.10054 0.679876 0.975817 0.998697 0.999931
 0.10054 0.679876 0.975817 0.998697 0.999931
 0.10054 0.679876 0.975817 0.998697 0.999931
 0.10054 0.679876 0.975817 0.998697 0.999931
 0.10054 0.679876 0.975817 0.998697 0.999931
 0.10054 0.679876 0.975817 0.998697 0.999931
 0.10054 0.679876 0.975817 0.998697 0.999931
 0.10054 0.679876 0.975817 0.998697 0.999931
 0.10054 0.679876 0.975817 0.998697 0.999931
 0.10054 0.679876 0.975817 0.998697 0.999931
 0.10054 0.679876 0.975817 0.998697 0.999931
 0.10054 0.679876 0.975817 0.998697 0.999931
 0.10054 0.679876 0.975817 0.998697 0.999931
 0.10054 0.679876 0.975817 0.998697 0.999931
 0.10054 0.679876 0.975817 0.998697 0.999931
 0.10054 0.679876 0.975817 0.998697 0.999931
 0.10054 0.679876 0.975817 0.998697 0.999931
 0.10054 0.679876 0.975817 0.998697 0.999931
 0.10054 0.679876 0.975817 0.998697 0.999931
 0.10054 0.679876 0.975817 0.998697 0.999931
 0.10054 0.679876 0.975817 0.998697 0.999931
 0.10054 0.679876 0.975817 0.998697 0.999931
 0.10054 0.679876 0.975817 0.998697 0.999931
 0.10054 0.679876 0.975817 0.998697 0.999931
 0.10054 0.679876 0.975817 0.998697 0.999931
Scru_reclas
 0.734788 1 1 1 1
 0.734788 1 1 1 1
 0.734788 1 1 1 1
 0.734788 1 1 1 1
 0.734788 1 1 1 1
 0.734788 1 1 1 1
 0.734788 1 1 1 1
 0.734788 1 1 1 1
 0.734788 1 1 1 1
 0.734788 1 1 1 1
 0.734788 1 1 1 1
 0.734788 1 1 1 1
 0.734788 1 1 1 1
 0.734788 1 1 1 1
 0.734788 1 1 1 1
 0.734788 1 1 1 1
 0.734788 1 1 1 1
 0.734788 1 1 1 1
 0.734788 1 1 1 1
 0.734788 1 1 1 1
 0.734788 1 1 1 1
 0.734788 1 1 1 1
 0.734788 1 1 1 1
 0.734788 1 1 1 1
 0.734788 1 1 1 1
Scru_pelaces
 0.707765 1 1 1 1
 0.707765 1 1 1 1
 0.707765 1 1 1 1
 0.707765 1 1 1 1
 0.707765 1 1 1 1
 0.707765 1 1 1 1
 0.707765 1 1 1 1
 0.707765 1 1 1 1
 0.707765 1 1 1 1
 0.707765 1 1 1 1
 0.707765 1 1 1 1
 0.707765 1 1 1 1
 0.707765 1 1 1 1
 0.707765 1 1 1 1
 0.707765 1 1 1 1
 0.707765 1 1 1 1
 0.707765 1 1 1 1
 0.707765 1 1 1 1
 0.707765 1 1 1 1
 0.707765 1 1 1 1
 0.707765 1 1 1 1
 0.707765 1 1 1 1
 0.707765 1 1 1 1
 0.707765 1 1 1 1
 0.707765 1 1 1 1
pf_obs 
 0.256992 0.487395 0.22802 0.0275931 0
 0.321318 0.546541 0.124235 0.00734118 0.000564706
 0.182869 0.594174 0.210203 0.0122559 0.00049798
 0.330522 0.361315 0.267642 0.0388342 0.00168674
 0.649043 0.306663 0.0425973 0.00169635 0
 0.582887 0.30429 0.105238 0.00758474 0
 0.465427 0.430635 0.0974691 0.00646863 0
 0.296916 0.608066 0.0921331 0.00288517 0
 0.311714 0.524322 0.152257 0.0117073 0
 0.15457 0.633149 0.183074 0.0267441 0.00246327
 0.131901 0.49318 0.331252 0.0422183 0.00144891
 0.196976 0.569456 0.194076 0.0375587 0.00193317
 0.518974 0.381816 0.0799577 0.0180837 0.00116848
 0.0928022 0.601141 0.25162 0.0475244 0.00691264
 0.122501 0.610282 0.24278 0.0234846 0.000952079
 0.383417 0.481906 0.127806 0.00687128 0
 0.0376549 0.599619 0.316969 0.0457579 0
 0.0361596 0.667082 0.258105 0.0386534 0
 0.158088 0.579412 0.248529 0.0139706 0
 0.0477256 0.309471 0.559284 0.082774 0.000745712
 0.0406174 0.521527 0.379366 0.0568643 0.0016247
 0.151134 0.462217 0.34131 0.0453401 0
 0.294876 0.26143 0.354403 0.0886775 0.000613685
 0.281977 0.475581 0.204845 0.0348837 0.00271318
 0 0 0 0 0
pf_pred 
 0.30047 0.477661 0.198153 0.0237025 1.313e-05
 0.279722 0.565435 0.121752 0.0296689 0.00342184
 0.153398 0.647121 0.171738 0.0219815 0.00576213
 0.255213 0.47839 0.230043 0.0315041 0.00485056
 0.258623 0.500899 0.175345 0.0564501 0.00868307
 0.143275 0.572675 0.212853 0.0522389 0.0189579
 0.275 0.394428 0.252385 0.0590568 0.0191305
 0.287346 0.521185 0.123978 0.0518768 0.0156132
 0.225064 0.584866 0.15565 0.0225579 0.0118625
 0.218243 0.528046 0.21141 0.0348484 0.00745254
 0.148841 0.568509 0.216275 0.0555842 0.0107906
 0.132423 0.525003 0.266336 0.0588537 0.0173844
 0.228835 0.445932 0.234781 0.0708852 0.0195669
 0.203213 0.628991 0.121741 0.0336698 0.0123852
 0.280273 0.603395 0.105845 0.00775793 0.00272798
 0.278032 0.641732 0.0752162 0.00459952 0.000420637
 0.212993 0.610447 0.165291 0.0105922 0.00067726
 0.267326 0.51128 0.190099 0.0293694 0.00192487
 0.2145 0.578248 0.164132 0.037202 0.00591813
 0.317772 0.447788 0.191335 0.0343575 0.00874715
 0.269565 0.558325 0.129456 0.0350116 0.00764244
 0.219689 0.532197 0.205459 0.0322902 0.0103654
 0.264742 0.463829 0.206704 0.0538398 0.0108852
 0.196834 0.55689 0.17726 0.0528953 0.0161216
 0.0694395 0.556443 0.288908 0.0617895 0.0234208
pobs_RECLAS
 0 0 0 0 0
 0 0 0 0 0
 0 0 0 0 0
 0 0 0 0 0
 0.835266 0.146461 0.0176864 0.000547809 3.91292e-05
 0.385257 0.428462 0.181853 0.0044286 0
 0.867414 0.0963971 0.0333333 0.00285562 0
 0.441836 0.489002 0.0689373 0.000224442 0
 0.779404 0.147425 0.0564933 0.0165055 0.000172143
 0.814271 0.122319 0.05973 0.00367925 0
 0.40263 0.566651 0.0304383 0.000280538 0
 0.475488 0.404961 0.113038 0.00651328 0
 0.955842 0.0263864 0.0167828 0.000988607 0
 0.975058 0.0227948 0.00214734 0 0
 0.738997 0.206755 0.0527124 0.00153531 0
 0.850938 0.134255 0.0134407 0.00136685 0
 0.542534 0.407297 0.0501686 0 0
 0.764087 0.199537 0.0359546 0.000420521 0
 0.470689 0.182191 0.310203 0.0369168 0
 0.84361 0.089868 0.0606195 0.00523954 0.000663233
 0.607945 0.314616 0.071237 0.00620181 0
 0.523733 0.453247 0.0230204 0 0
 0.530135 0.295979 0.169645 0.0042399 0
 0.562478 0.366248 0.0663022 0.0049721 0
 0.250443 0.683176 0.0655157 0.000865301 0
ppred_RECLAS
 0.715227 0.217204 0.0605137 0.00705066 3.90024e-06
 0.685131 0.266008 0.0386317 0.009173 0.0010565
 0.521385 0.399543 0.0683569 0.00849214 0.00222254
 0.660359 0.245523 0.0815385 0.010903 0.00167655
 0.658754 0.256192 0.0624087 0.0196295 0.00301564
 0.489625 0.38188 0.0968928 0.0231953 0.00840659
 0.691715 0.195895 0.0863011 0.0197121 0.00637718
 0.695854 0.243951 0.0393303 0.0160428 0.00482176
 0.618925 0.312347 0.0565412 0.00799052 0.00419633
 0.612893 0.291419 0.0800595 0.0128782 0.00275049
 0.508317 0.369462 0.0941045 0.0235517 0.00456562
 0.477348 0.363554 0.124408 0.0267879 0.00790175
 0.654765 0.234663 0.0804661 0.023601 0.00650466
 0.638649 0.313655 0.0349814 0.00930053 0.00341388
 0.734797 0.239663 0.0233265 0.00163835 0.000574788
 0.682504 0.293398 0.0226295 0.00134553 0.000122867
 0.607525 0.329172 0.0593642 0.00370282 0.000236415
 0.676718 0.250139 0.0630292 0.00949247 0.00062129
 0.604033 0.318361 0.061776 0.0136596 0.00217012
 0.728169 0.200454 0.0585196 0.0102507 0.00260629
 0.666736 0.274932 0.0441334 0.0116565 0.00254121
 0.611044 0.294391 0.0786294 0.0120675 0.00386885
 0.672242 0.233772 0.0719824 0.0183072 0.00369659
 0.577135 0.324361 0.0713751 0.0207976 0.00633071
 0.30011 0.478474 0.171917 0.0359064 0.0135928
pobs_PELACES
 0 0 0 0 0
 0 0 0 0 0
 0 0 0 0 0
 0 0 0 0 0
 0 0 0 0 0
 0 0 0 0 0
 0 0 0 0 0
 0 0 0 0 0
 0 0 0 0 0
 0 0 0 0 0
 0.450072 0.473896 0.0757376 0.000293798 0
 0 0 0 0 0
 0.463077 0.371075 0.160297 0.00555027 0
 0.529543 0.364841 0.0842815 0.0213345 0
 0.631943 0.363953 0.00410389 0 0
 0.735681 0.248677 0.0153453 0.000297389 0
 0.695825 0.281241 0.0229344 0 0
 0.275771 0.60734 0.115278 0.00161068 0
 0 0 0 0 0
 0.896147 0.0623911 0.0374545 0.00400742 0
 0.803859 0.145111 0.0509908 3.86294e-05 0
 0.739449 0.233085 0.0266225 0.000797448 4.60066e-05
 0.878498 0.100942 0.0204185 0.000141795 0
 0.694673 0.275183 0.0284847 0.00165964 0
 0 0 0 0 0
ppred_PELACES
 0.750055 0.195013 0.0492355 0.00569308 3.14797e-06
 0.717335 0.242109 0.0321123 0.00757172 0.000871741
 0.59536 0.346328 0.0504952 0.00619604 0.00162053
 0.66962 0.241175 0.0773105 0.0103094 0.00158504
 0.653499 0.260561 0.0630674 0.0198269 0.00304588
 0.51664 0.367683 0.0873385 0.0208017 0.00753704
 0.705611 0.190138 0.0801158 0.0182364 0.00589868
 0.724158 0.224811 0.0334163 0.0135451 0.0040697
 0.646818 0.293299 0.0493158 0.00692975 0.00363813
 0.631779 0.280862 0.0731402 0.0117166 0.00250185
 0.555863 0.34227 0.078578 0.0195085 0.0037802
 0.519004 0.343776 0.107466 0.0229786 0.00677555
 0.717935 0.200638 0.0594404 0.0172382 0.0047481
 0.753107 0.221595 0.0186629 0.00485533 0.00178013
 0.835484 0.152669 0.010843 0.000743238 0.00026041
 0.729983 0.251888 0.0170352 0.00100266 9.15079e-05
 0.65416 0.295153 0.0475584 0.00294072 0.000187669
 0.706536 0.231198 0.0537028 0.00803715 0.00052586
 0.627037 0.303531 0.0553241 0.012174 0.00193359
 0.748334 0.188696 0.0516734 0.00900681 0.00228942
 0.671364 0.272426 0.0425511 0.0112148 0.00244464
 0.617652 0.291489 0.0755766 0.0115724 0.00370965
 0.680721 0.229964 0.0684472 0.0173625 0.00350534
 0.585209 0.320586 0.0683078 0.0198543 0.00604277
 0.306044 0.478792 0.167147 0.0348325 0.0131847
pobs_pel_tallas
 0 0 0 0 0 0 0 0 0 0 0 0 0 0 0 0 0 0 0 0 0 0 0 0 0 0 0 0 0 0 0 0 0 0 0 0
 0 0 0 0 0 0 0 0 0 0 0 0 0 0 0 0 0 0 0 0 0 0 0 0 0 0 0 0 0 0 0 0 0 0 0 0
 0 0 0 0 0 0 0 0 0 0 0 0 0 0 0 0 0 0 0 0 0 0 0 0 0 0 0 0 0 0 0 0 0 0 0 0
 0 0 0 0 0 0 0 0 0 0 0 0 0 0 0 0 0 0 0 0 0 0 0 0 0 0 0 0 0 0 0 0 0 0 0 0
 0 0 0 0 0 0 0 0 0 0 0 0 0 0 0 0 0 0 0 0 0 0 0 0 0 0 0 0 0 0 0 0 0 0 0 0
 0 0 0 0 0 0 0 0 0 0 0 0 0 0 0 0 0 0 0 0 0 0 0 0 0 0 0 0 0 0 0 0 0 0 0 0
 0 0 0 0 0 0 0 0 0 0 0 0 0 0 0 0 0 0 0 0 0 0 0 0 0 0 0 0 0 0 0 0 0 0 0 0
 0 0 0 0 0 0 0 0 0 0 0 0 0 0 0 0 0 0 0 0 0 0 0 0 0 0 0 0 0 0 0 0 0 0 0 0
 0 0 0 0 0 0 0 0 0 0 0 0 0 0 0 0 0 0 0 0 0 0 0 0 0 0 0 0 0 0 0 0 0 0 0 0
 0 0 0 0 0 0 0 0 0 0 0 0 0 0 0 0 0 0 0 0 0 0 0 0 0 0 0 0 0 0 0 0 0 0 0 0
 0 0 0 0 0 0 0 0 1.78061e-05 0.00172719 0.00360574 0.0105946 0.0120993 0.0124554 0.0147524 0.0171206 0.0266825 0.0428682 0.0675386 0.121331 0.153587 0.119568 0.100827 0.0573624 0.0630603 0.0341343 0.0324427 0.0444173 0.0211091 0.0280891 0.0125444 0.00206551 0 0 0 0
 0 0 0 0 0 0 0 0 0 0 0 0 0 0 0 0 0 0 0 0 0 0 0 0 0 0 0 0 0 0 0 0 0 0 0 0
 0 0 0 0 0 0 0.0133647 0.0140871 0.0187388 0.0205184 0.03894 0.0496705 0.03968 0.0493445 0.0407372 0.0367815 0.0215668 0.0243155 0.0234873 0.0199281 0.019796 0.0243948 0.0301388 0.0376714 0.0412746 0.0863199 0.0771752 0.113111 0.0741005 0.0525337 0.0229764 0.00759418 0.00175318 0 0 0
 0 0 0 0 0 0 0 0 0 0 0.00219441 0.00772107 0.0458388 0.0604681 0.0671733 0.0775358 0.0609151 0.0617685 0.073594 0.0568108 0.0755445 0.0548602 0.0670107 0.0636378 0.0643287 0.046367 0.0373049 0.0286899 0.0247887 0.0153202 0.00654259 0.00121912 0.000365735 0 0 0
 0 0 0 0 0 0 0 0 0 0 0 0 0.000112435 0.00938835 0.0111873 0.0202946 0.0414886 0.0713402 0.111592 0.104902 0.108894 0.110636 0.117776 0.105296 0.107544 0.0401394 0.0192827 0.0124803 0.00416011 0.0028671 0.000618394 0 0 0 0 0
 0 0 0 0 0 0 0 0 0 0 0.00291406 0.0102884 0.027416 0.0768956 0.0749926 0.110853 0.0956884 0.0897413 0.0766577 0.0534642 0.0500743 0.0551293 0.0594112 0.0620874 0.0668451 0.0424026 0.0208742 0.0120726 0.0048766 0.00582813 0.00118941 0.000297354 0 0 0 0
 0 0.00264628 0.0354308 0.0461629 0.0458689 0.0383711 0.0214643 0.0164657 0.0346957 0.0420465 0.0363128 0.0245516 0.0311673 0.0291091 0.0169068 0.0133784 0.00837989 0.0085269 0.0148486 0.0160247 0.0276389 0.0546898 0.0760071 0.122758 0.109233 0.0665981 0.0333725 0.0166128 0.00676272 0.00308733 0.000882094 0 0 0 0 0
 0 0 0 0 0 0 0 0.000805153 0.000690131 0.00759144 0.0133425 0.0154129 0.00931677 0.000345066 0.00356568 0.00563607 0.00851162 0.0253048 0.0502646 0.0516448 0.0657925 0.0565908 0.0611916 0.0827007 0.0866115 0.110766 0.145733 0.0935128 0.0569358 0.0249597 0.0138026 0.00621118 0.00161031 0.00115022 0 0
 0 0 0 0 0 0 0 0 0 0 0 0 0 0 0 0 0 0 0 0 0 0 0 0 0 0 0 0 0 0 0 0 0 0 0 0
 0.00147267 0.00158595 0.00478618 0.00569244 0.00954404 0.0108468 0.00647125 0.017049 0.0510054 0.094081 0.124002 0.0959785 0.0687766 0.0820023 0.061753 0.0591476 0.0492212 0.0479892 0.0443925 0.0268479 0.0217502 0.0140895 0.0121071 0.0120363 0.00920419 0.00665534 0.0049561 0.00860946 0.00930331 0.0156896 0.0114698 0.00855282 0.00243557 0.00046729 0 2.83206e-05
 0 0 0 0 0.000772559 0.00158375 0.000888443 0.00281984 0.00712685 0.0440552 0.0773331 0.111326 0.0921469 0.0852325 0.0710754 0.0886704 0.0786465 0.0553345 0.0373146 0.0185414 0.00753245 0.00457741 0.012979 0.0271748 0.0457355 0.0583668 0.034881 0.0177882 0.00938659 0.00492506 0.0015258 0.00185414 0.000309023 5.79419e-05 3.86279e-05 0
 0 0.00173294 0.00326652 0 0.00397197 0.00683976 0.00946217 0.0152591 0.00757587 0.0136028 0.0228656 0.0392903 0.0559909 0.0764795 0.0681675 0.0726916 0.0566044 0.0477403 0.0527397 0.0444891 0.0609904 0.0582453 0.0661739 0.0445044 0.0529084 0.0360697 0.0280645 0.0235558 0.0158879 0.00826598 0.00280645 0.00217768 0.000904811 0.00058276 9.20147e-05 0
 0 0 0 0 0 0 0 0 0 0 0 0 0 0 0 0 0 0 0 0 0 0 0 0 0 0 0 0 0 0 0 0 0 0 0 0
 0 0 0 0 0 0 0 0 0 0 0 0 0 0 0 0 0 0 0 0 0 0 0 0 0 0 0 0 0 0 0 0 0 0 0 0
 0 0 0 0 0 0 0 0 0 0 0 0 0 0 0 0 0 0 0 0 0 0 0 0 0 0 0 0 0 0 0 0 0 0 0 0
ppred_pel_tallas
 1.00959e-16 3.27266e-05 0.000192077 0.000913043 0.00351526 0.010962 0.0276892 0.0566559 0.0939141 0.126126 0.137255 0.121081 0.0866998 0.0506512 0.0246799 0.0110379 0.0061623 0.00585167 0.00752296 0.0100222 0.012844 0.015649 0.0181116 0.0199291 0.0208781 0.0208633 0.019937 0.0182781 0.0161432 0.0138034 0.0114906 0.00936573 0.00751268 0.00595206 0.00466451 0.00361317
 1.00836e-16 3.13017e-05 0.000183707 0.000873244 0.00336201 0.0104841 0.0264821 0.0541864 0.0898222 0.120635 0.131293 0.115852 0.0830214 0.0486353 0.0239455 0.0111284 0.00679774 0.00694851 0.00910651 0.01214 0.0155102 0.0188138 0.0216502 0.023649 0.0245437 0.0242336 0.0228063 0.0205093 0.0176849 0.0146887 0.0118194 0.00927657 0.00715412 0.00545858 0.00414164 0.00313197
 1.01119e-16 2.59873e-05 0.000152497 0.000724847 0.0027906 0.00870216 0.0219812 0.0449781 0.0745624 0.100154 0.109037 0.0962969 0.0691902 0.0408996 0.0208198 0.0108227 0.00816194 0.0095586 0.0129624 0.0173745 0.0222156 0.0269536 0.031023 0.0338939 0.0351837 0.0347467 0.0327057 0.0294135 0.025359 0.0210511 0.0169184 0.0132494 0.0101814 0.00772718 0.00582063 0.0043616
 1.01605e-16 2.92212e-05 0.000171493 0.000815173 0.00313842 0.00978683 0.0247209 0.0505829 0.0838494 0.112616 0.12257 0.108166 0.0775403 0.0454778 0.0224918 0.0106256 0.0067316 0.00708483 0.00938669 0.0125862 0.0161775 0.0197716 0.0229722 0.0254037 0.0267838 0.0269839 0.026054 0.0241984 0.0217167 0.0189293 0.0161125 0.0134614 0.0110827 0.00901138 0.0072377 0.00573262
 1.01804e-16 2.85189e-05 0.000167368 0.000795562 0.0030629 0.00955134 0.024126 0.049366 0.081833 0.10991 0.11963 0.105586 0.0757203 0.0444705 0.022105 0.0106283 0.00697834 0.00752576 0.0100259 0.0134408 0.0172527 0.0210473 0.0243994 0.0269076 0.0282745 0.0283723 0.0272674 0.0251934 0.0224845 0.0194928 0.0165172 0.0137624 0.0113324 0.00925024 0.00748964 0.00600535
 1.02427e-16 2.25556e-05 0.000132348 0.000629052 0.00242176 0.00755193 0.0190758 0.0390337 0.0647103 0.0869272 0.0946546 0.0836363 0.0601841 0.0357586 0.0185411 0.0101907 0.00836049 0.0102342 0.0140448 0.0189099 0.0242774 0.0296043 0.0342973 0.0377914 0.039668 0.0397486 0.0381306 0.0351476 0.0312759 0.0270169 0.0227962 0.0189049 0.0154902 0.0125832 0.0101439 0.00810404
 1.02102e-16 3.07885e-05 0.000180699 0.000858951 0.00330699 0.0103125 0.0260487 0.0532993 0.0883505 0.118655 0.129128 0.113918 0.0815859 0.0476941 0.0232972 0.0105214 0.00602379 0.00586244 0.00761766 0.0102125 0.0131769 0.0161916 0.0189444 0.0211376 0.0225412 0.0230403 0.0226542 0.0215192 0.0198448 0.0178589 0.0157599 0.0136906 0.0117344 0.00992784 0.00828067 0.0067929
 1.01204e-16 3.15985e-05 0.000185451 0.000881539 0.00339395 0.0105837 0.0267337 0.0547011 0.0906748 0.121779 0.132533 0.116935 0.0837746 0.0490299 0.0240532 0.0110338 0.00654587 0.00654203 0.00852648 0.0113674 0.0145418 0.0176716 0.0203858 0.0223408 0.0232882 0.0231309 0.021944 0.019949 0.0174542 0.0147796 0.0121932 0.00987362 0.00790421 0.00629124 0.00499372 0.00395238
 1.01204e-16 2.82289e-05 0.000165663 0.000787447 0.00303165 0.00945386 0.0238799 0.0488625 0.0809993 0.108793 0.118422 0.104538 0.0750096 0.044134 0.0220874 0.0108668 0.00745344 0.00826093 0.0110621 0.0148083 0.0189478 0.0230169 0.026535 0.0290525 0.030243 0.0299786 0.0283571 0.0256693 0.0223212 0.0187362 0.0152715 0.0121683 0.00954298 0.0074094 0.00571708 0.00438834
 1.0165e-16 2.75727e-05 0.000161811 0.000769139 0.00296116 0.00923405 0.0233246 0.0477264 0.0791159 0.106263 0.115668 0.102106 0.0732614 0.0431004 0.0215615 0.0105959 0.00725658 0.00804409 0.0107895 0.0144777 0.0185817 0.0226613 0.0262575 0.0289359 0.0303743 0.0304332 0.0291843 0.0268804 0.0238847 0.0205818 0.0172999 0.0142664 0.0115998 0.0093298 0.00743075 0.00585369
 1.02074e-16 2.42649e-05 0.000142386 0.000676776 0.00260552 0.00812498 0.0205233 0.0419951 0.0696181 0.0935149 0.101815 0.0899317 0.0646461 0.0382728 0.0195932 0.0103673 0.00804472 0.00957713 0.0130595 0.0175615 0.0225348 0.0274647 0.031797 0.0350053 0.0367008 0.0367191 0.0351537 0.0323189 0.0286623 0.0246547 0.0206958 0.0170592 0.013883 0.0111956 0.00895783 0.00710323
 1.02744e-16 2.26578e-05 0.000132951 0.000631919 0.00243281 0.00758638 0.0191628 0.0392115 0.0650044 0.0873202 0.0950771 0.0839967 0.0604153 0.0358398 0.0184808 0.00999608 0.00802017 0.00972079 0.0133277 0.0179713 0.0231259 0.0282846 0.0328936 0.0364208 0.038465 0.0388429 0.0376237 0.0350946 0.0316763 0.0278172 0.0239022 0.0202005 0.016857 0.0139169 0.0113649 0.0091622
 1.01724e-16 3.13262e-05 0.000183855 0.000873955 0.00336476 0.0104927 0.0265037 0.0542303 0.0898939 0.120728 0.131385 0.115912 0.0830189 0.048542 0.0237297 0.0107459 0.00618908 0.00604594 0.00784909 0.0104937 0.0134892 0.0164968 0.019186 0.0212462 0.0224443 0.0226747 0.0219788 0.0205244 0.0185568 0.0163361 0.0140848 0.0119569 0.0100338 0.00833884 0.0068611 0.00557687
 1.00588e-16 3.28606e-05 0.000192862 0.000916769 0.0035296 0.0110067 0.0278021 0.0568872 0.0942982 0.126644 0.137824 0.121595 0.0870948 0.0509358 0.0249181 0.011311 0.00654319 0.00639783 0.0082741 0.0109943 0.0140199 0.0169697 0.0194747 0.021197 0.0218971 0.0214896 0.0200637 0.0178563 0.0151908 0.0124011 0.00976551 0.00746803 0.0055911 0.00413377 0.00304235 0.00224114
 1.00242e-16 3.64499e-05 0.00021394 0.00101699 0.00391551 0.0122102 0.0308419 0.0631062 0.104604 0.140476 0.152855 0.134803 0.096439 0.0561661 0.0270396 0.0115352 0.00565025 0.00467801 0.00573149 0.0075425 0.00959831 0.0116021 0.0132927 0.0144365 0.014869 0.0145331 0.0134931 0.0119159 0.0100284 0.008065 0.006221 0.00462567 0.00333691 0.0023535 0.00163636 0.00113012
 1.00363e-16 3.18536e-05 0.000186947 0.000888641 0.00342129 0.0106689 0.026949 0.0551419 0.0914061 0.122763 0.133609 0.117897 0.084491 0.0495035 0.0243858 0.0113533 0.00695921 0.00712565 0.00933005 0.012413 0.0158159 0.0191166 0.0218966 0.0237722 0.0244726 0.0239042 0.0221739 0.019558 0.0164322 0.013184 0.0101366 0.00750366 0.00538068 0.0037653 0.00259235 0.00176951
 1.00882e-16 2.85492e-05 0.000167543 0.000796384 0.00306606 0.00956116 0.0241509 0.0494171 0.0819186 0.110027 0.119766 0.105723 0.0758568 0.0446269 0.0223235 0.0109652 0.00749726 0.00829087 0.011092 0.0148389 0.0189727 0.0230245 0.0265093 0.0289737 0.0300899 0.0297314 0.0280005 0.0251956 0.0217319 0.0180428 0.0144945 0.0113352 0.00868509 0.00655888 0.00490359 0.00363663
 1.01139e-16 3.08304e-05 0.000180941 0.000860096 0.00331139 0.0103262 0.0260833 0.0533705 0.0884695 0.118818 0.129314 0.114103 0.081763 0.0478874 0.0235579 0.0109175 0.00663099 0.00675578 0.00886008 0.0118379 0.0151705 0.0184742 0.0213668 0.023491 0.0245836 0.0245343 0.0234081 0.0214206 0.0188784 0.0161048 0.0133754 0.0108797 0.00871473 0.00690162 0.00541367 0.00420372
 1.01393e-16 2.73668e-05 0.0001606 0.000763378 0.00293897 0.00916486 0.0231499 0.047369 0.0785241 0.10547 0.114811 0.101361 0.072755 0.042858 0.0215425 0.0107541 0.00757562 0.00853767 0.0114832 0.0153897 0.0197064 0.0239595 0.0276531 0.0303214 0.0316251 0.0314281 0.029827 0.0271167 0.0237112 0.0200431 0.0164777 0.0132627 0.0105189 0.00826345 0.00644889 0.00500067
 1.01212e-16 3.26513e-05 0.000191635 0.000910945 0.00350718 0.0109368 0.0276256 0.0565257 0.0936981 0.125835 0.136938 0.120798 0.0864908 0.0505163 0.0245905 0.0109582 0.00606303 0.00571275 0.00733171 0.00977283 0.0125393 0.0153022 0.0177473 0.0195819 0.0205882 0.020671 0.0198756 0.0183688 0.0163913 0.0141983 0.0120079 0.00997173 0.0081692 0.00662153 0.00531377 0.00421595
 1.01193e-16 2.92984e-05 0.000171943 0.00081731 0.00314664 0.00981245 0.0247856 0.0507155 0.0840701 0.112914 0.122901 0.108474 0.0777928 0.0456904 0.0227158 0.0109273 0.00717706 0.00773251 0.010281 0.0137467 0.0175862 0.0213616 0.0246258 0.0269619 0.0280678 0.0278257 0.0263276 0.0238442 0.0207524 0.0174447 0.0142509 0.011393 0.00897632 0.00701154 0.00545 0.00421872
 1.01739e-16 2.69571e-05 0.000158196 0.00075195 0.00289498 0.00902766 0.0228033 0.0466598 0.0773484 0.103891 0.11309 0.0998396 0.0716569 0.0421996 0.021191 0.0105464 0.00739231 0.00831331 0.0111897 0.0150229 0.0192827 0.0235162 0.0272479 0.0300276 0.0315206 0.0315828 0.0302885 0.0279005 0.0247957 0.0213731 0.017973 0.014831 0.0120696 0.00971884 0.00775175 0.00611714
 1.01807e-16 2.97047e-05 0.000174333 0.000828678 0.00319042 0.009949 0.0251305 0.0514209 0.0852381 0.114479 0.124594 0.109944 0.0787951 0.0461744 0.022763 0.010631 0.00657154 0.00679275 0.00895723 0.0120026 0.0154286 0.0188611 0.0219231 0.0242585 0.0255999 0.0258264 0.0249867 0.0232752 0.0209754 0.0183888 0.0157735 0.0133091 0.0110913 0.00914826 0.00746737 0.00602024
 1.02039e-16 2.55436e-05 0.000149895 0.00071248 0.002743 0.0085537 0.0216062 0.0442106 0.0732896 0.098443 0.107171 0.094639 0.0679791 0.0401439 0.0203626 0.0104696 0.00776126 0.0090146 0.0122216 0.0164174 0.0210594 0.0256589 0.029696 0.0326792 0.0342462 0.034246 0.0327691 0.0301126 0.0266977 0.022966 0.0192906 0.0159251 0.0129948 0.0105217 0.00846472 0.0067581
 1.04342e-16 1.33773e-05 7.84532e-05 0.000372804 0.0014351 0.00447504 0.011304 0.0231329 0.0383581 0.0515523 0.0562006 0.0498143 0.0361856 0.0221824 0.0127571 0.0090194 0.00970726 0.0132503 0.0186284 0.0252354 0.0325296 0.0398528 0.0464435 0.0515599 0.054637 0.0554083 0.0539543 0.0506563 0.0460807 0.0408351 0.0354433 0.0302748 0.0255337 0.0212921 0.0175437 0.014252
pSPR Fmed_Fpbrs
0.500924   0.6 0.325
Fs Fmed_Fpbrs
0.686601   0.449842 1.5439
SSBpbr Bo_Bmed_Bpbrs
879441  396561  483693 241846
Ro
34409
SPR SPRFo_SPRFmed_SPRFpbrs
709152 355232 230475
log_Ro
10.2661
likeval ReclasPelacesDesembMPH_pf_preclas_ppelaces_ptallas_desvR_qrecl_qpela
 65.7568 13.9784 0.0102351 29.9976 281.242 191.235 70.1629 0 17.3239 6.91503e-06 7.89491e-05 1.00345e-14 0 0 0
q_reclas_q_pelaces
0.688919 3.53996
M
0.7
N
 35837.6 10709.9 3463.97 408.282 0.225991
 43071.7 16080.6 2679.34 642.999 74.0996
 21530.6 19482.1 4247.11 537.606 140.843
 29888 9068.7 3177.59 426.657 65.6219
 49137.2 14311.1 3520.21 1108.05 170.234
 34784.6 24240.3 6796.5 1639.63 594.495
 67963.2 16140 7606.85 1746.57 565.204
 98345.3 32237 5878.14 2420.61 727.905
 97318.1 44918.3 9093.14 1296.22 681.044
 109393 44791 13344 2159.98 461.478
 70740.9 51412.1 15326.9 3882.84 753.204
 43133 31566.4 12388.7 2695.99 795.701
 48028.4 19514.7 8350.99 2491.69 687.368
 24717.8 20517.3 3501.89 962.188 353.811
 15064.2 9192.66 1442.23 105.105 36.9477
 11594.5 5408.24 509.039 30.7365 2.80904
 9044.02 5029.05 1075.75 67.9908 4.34411
 11566.8 3999.37 1140.01 173.335 11.3508
 11328.1 5282.24 1126.97 251.024 39.8962
 21568 5274.25 1696.45 299.397 76.1541
 30516.6 10027.7 1677.81 444.564 96.9352
 38109.7 14733.3 4116.24 633.934 203.278
 64955 18355 5949.99 1519.28 306.84
 68552.1 31148.3 7197 2105.02 640.892
 25809 32931.4 12360.1 2590.25 980.746
pred_Ctot
 2499.53 3973.53 1648.38 197.174 0.109225
 2776.14 5611.74 1208.35 294.453 33.9605
 2373 10010.7 2656.7 340.043 89.1375
 770.442 1444.17 694.457 95.1051 14.643
 232.519 450.342 157.647 50.7524 7.80667
 1648 6587.11 2448.31 600.871 218.061
 2196.31 3150.13 2015.69 471.661 152.787
 5702.42 10343 2460.36 1029.5 309.845
 5143.06 13365.1 3556.83 515.481 271.076
 4228.75 10231.6 4096.36 675.236 144.403
 5191.24 19828.3 7543.21 1938.65 376.352
 2773.07 10994.1 5577.35 1232.46 364.047
 4868.79 9487.83 4995.31 1508.18 416.313
 4537.97 14046 2718.61 751.883 276.574
 3057.74 6582.96 1154.76 84.638 29.7619
 1063.43 2454.52 287.69 17.5924 1.60887
 716.957 2054.83 556.386 35.6545 2.27973
 671.845 1284.95 477.757 73.8113 4.83759
 510.375 1375.87 390.532 88.5173 14.0814
 992.379 1398.41 597.526 107.296 27.3167
 610.351 1264.17 293.116 79.2736 17.3041
 826.619 2002.49 773.077 121.498 39.0016
 1606.97 2815.43 1254.68 326.805 66.0727
 1611.42 4559.09 1451.17 433.037 131.983
 543.194 4352.8 2260 483.352 183.21
F
 0.101386 0.685596 0.984027 1.0071 1.00834
 0.0933676 0.631373 0.906202 0.927449 0.928595
 0.164646 1.11337 1.59801 1.63548 1.6375
 0.0364239 0.246307 0.353521 0.36181 0.362257
 0.00659913 0.0446248 0.0640495 0.0655512 0.0656322
 0.0678725 0.458969 0.658753 0.674198 0.675031
 0.0458521 0.310062 0.445028 0.455463 0.456026
 0.0836401 0.565593 0.811789 0.830823 0.831849
 0.0759779 0.51378 0.737422 0.754712 0.755645
 0.0550703 0.372398 0.534498 0.54703 0.547706
 0.106931 0.723093 1.03785 1.06218 1.06349
 0.093122 0.629713 0.903818 0.92501 0.926153
 0.150522 1.01786 1.46093 1.49518 1.49703
 0.289117 1.95508 2.8061 2.87189 2.87544
 0.324395 2.19364 3.1485 3.22232 3.2263
 0.135296 0.914906 1.31315 1.34394 1.3456
 0.115967 0.784195 1.12555 1.15194 1.15336
 0.0837901 0.566608 0.813245 0.832313 0.833342
 0.0644478 0.435811 0.625513 0.64018 0.640971
 0.065858 0.445347 0.639201 0.654188 0.654996
 0.0281585 0.190414 0.273299 0.279707 0.280052
 0.03057 0.206721 0.296704 0.303661 0.304036
 0.0349345 0.236235 0.339065 0.347015 0.347444
 0.0331672 0.224284 0.321912 0.32946 0.329867
 0.0296507 0.200505 0.287782 0.29453 0.294894
nmprior
 10 11 7 0
nm_flota  nm_reclas  nm_pelaces    nm_pelaL
inf 18.4664 19.5974 35.5334
cv_recla  cv_pelaces  cv_mph
0.733492 0.43994 0.455715
 ------------------------------------------------
Talla a la edad & desviación 
 7.2 14.2025 17.0495 18.207 18.6776
 1.08 2.13037 2.55742 2.73105 2.80164
