years
 1997 1998 1999 2000 2001 2002 2003 2004 2005 2006 2007 2008 2009 2010 2011 2012 2013 2014 2015 2016 2017 2018 2019 2020 2021
reclasobs
 0 0 0 370054 412103 1.49427e+06 250295 1.28982e+06 931140 785840 897777 1.04006e+06 184774 17550 25797 100020 73551 82996 120727 218422 84188 347160 605670 569463 516374
reclaspred
 683722 173101 551560 322731 405008 548332 867245 712094 841607 847364 821488 543069 236377 45111.9 42926.3 67825.5 74870.4 97148.6 118169 144156 197403 238714 470204 496350 591506
pelacesobs
 0 0 0 0 0 0 0 0 0 2.06254e+06 1.5e+06 0 1.87456e+06 323000 250000 174000 83755 137374 0 501740 490994 745055 786931 1.00524e+06 0
pelacespred
 2.93566e+06 732407 1.099e+06 1.10145e+06 1.3493e+06 1.12811e+06 2.90872e+06 2.58259e+06 2.64131e+06 2.7958e+06 2.07738e+06 1.3271e+06 653516 128642 165724 168982 194343 269190 302435 354028 666051 660701 954450 1.27975e+06 1.38497e+06
mphobs
 0 0 0 0 0 112323 0 153150 637223 0 255016 313432 73983 77613 109348 50772 0 0 0 0 0 0 0 0 0
mphpred
 268218 152685 174261 176693 163567 252558 298084 395789 399146 402678 435579 300405 156843 49300.3 21386.7 32358.2 33756 40996.4 52375.3 61399.8 77659.4 108845 161651 213516 269431
desembarqueobs
 350755 77701 442110 56441 14545 235359 269955 359681 431902 328805 639364 411747 362871 311530 167758 66681 60226 58785 57116 71774 51957 67425 138520 160799 200461
desembarquepred
 350757 77697.9 442070 56443.1 14545.2 235543 270116 359506 432028 328843 639215 411903 363277 311604 167221 66668.2 60274 58777.3 57095.6 71786 51966.6 67398.9 138529 160834 200484
Reclutas
 41620.2 53199.3 25306.2 29189.1 61271 22564.7 80435.9 95240.5 90313 123945 67423.6 33205.2 38482.1 25068 22875.2 12210.4 8688.26 10876.3 12913.6 12637.8 26267.6 40526 46447.5 50552.7 29282.3
log_desv_Rt
 0.217541 0.463001 -0.279995 -0.13725 0.604262 -0.394659 0.876416 1.04536 0.992237 1.30879 0.69995 -0.00833912 0.139148 -0.289454 -0.380991 -1.00875 -1.34907 -1.12446 -0.952764 -0.974349 -0.242708 0.190898 0.327278 0.411971 -0.134061
SSB
 570233 324609 370480 375650 347743 536940 633727 841450 848586 856096 926043 638663 333448 104813 45468.2 68793.7 71765.5 87158.4 111350 130536 165104 231406 343670 453935 572811
BT
 1.82077e+06 475571 790966 581991 673778 700758 1.69457e+06 1.67618e+06 1.70432e+06 1.69862e+06 1.57076e+06 1.00324e+06 680441 345481 223440 138374 145360 181986 194035 228241 379943 376882 544140 745781 808008
Ftot
 0.554704 0.496923 0.79572 0.18406 0.0405971 0.420582 0.350807 0.559219 0.549498 0.427306 0.775924 0.740481 1.48913 4.81373 4.39661 1.01998 0.847195 0.655491 0.509485 0.518554 0.298413 0.305001 0.304553 0.340466 0.339523
BD_Bspro_t
 0.932767 0.700561 0.636583 0.459573 0.569548 0.72418 0.630714 0.668602 0.630422 0.583852 0.571853 0.408623 0.267541 0.113899 0.0624302 0.107752 0.149446 0.228204 0.325234 0.421508 0.512058 0.659364 0.70693 0.698601 0.669079
BD_Bspro
 0.826337 0.470397 0.53687 0.544362 0.503922 0.77809 0.918347 1.21936 1.2297 1.24059 1.34195 0.925499 0.483206 0.151886 0.0658889 0.0996904 0.103997 0.126303 0.16136 0.189163 0.239256 0.335335 0.49802 0.657807 0.830072
BD_Bo
 0.630204 0.358747 0.409443 0.415156 0.384315 0.593409 0.700375 0.929944 0.937831 0.94613 1.02343 0.70583 0.368516 0.115836 0.05025 0.0760286 0.0793129 0.0963248 0.123061 0.144264 0.182468 0.255742 0.379814 0.501675 0.633053
BD_Brms
 1.14583 0.652268 0.744441 0.75483 0.698754 1.07893 1.27341 1.69081 1.70515 1.72024 1.86079 1.28333 0.670029 0.21061 0.0913636 0.138234 0.144205 0.175136 0.223747 0.262299 0.33176 0.464986 0.690571 0.912136 1.151
S_f
 0.155535 1 1 1 1
 0.155535 1 1 1 1
 0.155535 1 1 1 1
 0.155535 1 1 1 1
 0.155535 1 1 1 1
 0.155535 1 1 1 1
 0.155535 1 1 1 1
 0.155535 1 1 1 1
 0.155535 1 1 1 1
 0.155535 1 1 1 1
 0.155535 1 1 1 1
 0.155535 1 1 1 1
 0.155535 1 1 1 1
 0.155535 1 1 1 1
 0.155535 1 1 1 1
 0.155535 1 1 1 1
 0.155535 1 1 1 1
 0.155535 1 1 1 1
 0.155535 1 1 1 1
 0.155535 1 1 1 1
 0.155535 1 1 1 1
 0.155535 1 1 1 1
 0.155535 1 1 1 1
 0.155535 1 1 1 1
 0.155535 1 1 1 1
Scru_reclas
 0.311168 1 1 1 1
 0.311168 1 1 1 1
 0.311168 1 1 1 1
 0.311168 1 1 1 1
 0.311168 1 1 1 1
 0.311168 1 1 1 1
 0.311168 1 1 1 1
 0.311168 1 1 1 1
 0.311168 1 1 1 1
 0.311168 1 1 1 1
 0.311168 1 1 1 1
 0.311168 1 1 1 1
 0.311168 1 1 1 1
 0.311168 1 1 1 1
 0.311168 1 1 1 1
 0.311168 1 1 1 1
 0.311168 1 1 1 1
 0.311168 1 1 1 1
 0.311168 1 1 1 1
 0.311168 1 1 1 1
 0.311168 1 1 1 1
 0.311168 1 1 1 1
 0.311168 1 1 1 1
 0.311168 1 1 1 1
 0.311168 1 1 1 1
Scru_pelaces
 0.798022 1 1 1 1
 0.798022 1 1 1 1
 0.798022 1 1 1 1
 0.798022 1 1 1 1
 0.798022 1 1 1 1
 0.798022 1 1 1 1
 0.798022 1 1 1 1
 0.798022 1 1 1 1
 0.798022 1 1 1 1
 0.798022 1 1 1 1
 0.798022 1 1 1 1
 0.798022 1 1 1 1
 0.798022 1 1 1 1
 0.798022 1 1 1 1
 0.798022 1 1 1 1
 0.798022 1 1 1 1
 0.798022 1 1 1 1
 0.798022 1 1 1 1
 0.798022 1 1 1 1
 0.798022 1 1 1 1
 0.798022 1 1 1 1
 0.798022 1 1 1 1
 0.798022 1 1 1 1
 0.798022 1 1 1 1
 0.798022 1 1 1 1
pf_obs 
 0.256992 0.487395 0.22802 0.0275931 0
 0.321318 0.546541 0.124235 0.00734118 0.000564706
 0.182869 0.594174 0.210203 0.0122559 0.00049798
 0.330522 0.361315 0.267642 0.0388342 0.00168674
 0.649043 0.306663 0.0425973 0.00169635 0
 0.582887 0.30429 0.105238 0.00758474 0
 0.465427 0.430635 0.0974691 0.00646863 0
 0.296916 0.608066 0.0921331 0.00288517 0
 0.311714 0.524322 0.152257 0.0117073 0
 0.15457 0.633149 0.183074 0.0267441 0.00246327
 0.131901 0.49318 0.331252 0.0422183 0.00144891
 0.196976 0.569456 0.194076 0.0375587 0.00193317
 0.518974 0.381816 0.0799577 0.0180837 0.00116848
 0.0928022 0.601141 0.25162 0.0475244 0.00691264
 0.122501 0.610282 0.24278 0.0234846 0.000952079
 0.383417 0.481906 0.127806 0.00687128 0
 0.0376549 0.599619 0.316969 0.0457579 0
 0.0361596 0.667082 0.258105 0.0386534 0
 0.158088 0.579412 0.248529 0.0139706 0
 0.0477256 0.309471 0.559284 0.082774 0.000745712
 0.0406174 0.521527 0.379366 0.0568643 0.0016247
 0.151134 0.462217 0.34131 0.0453401 0
 0.294876 0.26143 0.354403 0.0886775 0.000613685
 0.281977 0.475581 0.204845 0.0348837 0.00271318
 0 0 0 0 0
pf_pred 
 0.297528 0.493071 0.186995 0.0223984 8.31744e-06
 0.289119 0.555638 0.108966 0.0413248 0.00495177
 0.139895 0.661774 0.15502 0.0304009 0.0129109
 0.210397 0.481058 0.237398 0.0556102 0.0155372
 0.309199 0.450176 0.146599 0.0723451 0.0216816
 0.0913943 0.677616 0.150529 0.0490195 0.0314406
 0.374391 0.276871 0.260081 0.0577758 0.030882
 0.281096 0.58963 0.0572119 0.0537423 0.01832
 0.231916 0.589952 0.1461 0.0141761 0.0178558
 0.28132 0.515934 0.155725 0.038565 0.00845523
 0.152324 0.640929 0.148421 0.0447982 0.0135265
 0.124015 0.552089 0.244899 0.0567118 0.0222859
 0.270826 0.414594 0.198263 0.087947 0.0283693
 0.387044 0.514664 0.0558872 0.0267258 0.0156794
 0.623716 0.37169 0.00385751 0.000418885 0.000317835
 0.31641 0.679269 0.00426768 4.42912e-05 8.45889e-06
 0.225122 0.645906 0.128156 0.000805173 9.95224e-06
 0.293984 0.523229 0.152364 0.0302309 0.000192281
 0.279694 0.567287 0.113402 0.0330226 0.00659379
 0.232971 0.584671 0.143619 0.0287098 0.0100296
 0.3601 0.458087 0.138587 0.0340426 0.00918259
 0.313201 0.554183 0.0949358 0.0287214 0.00895816
 0.245084 0.583246 0.138522 0.0237298 0.00941825
 0.222292 0.550185 0.175783 0.0417488 0.00999043
 0.128854 0.596101 0.194579 0.0621676 0.0182981
pobs_RECLAS
 0 0 0 0 0
 0 0 0 0 0
 0 0 0 0 0
 0 0 0 0 0
 0.835266 0.146461 0.0176864 0.000547809 3.91292e-05
 0.385257 0.428462 0.181853 0.0044286 0
 0.867414 0.0963971 0.0333333 0.00285562 0
 0.441836 0.489002 0.0689373 0.000224442 0
 0.779404 0.147425 0.0564933 0.0165055 0.000172143
 0.814271 0.122319 0.05973 0.00367925 0
 0.40263 0.566651 0.0304383 0.000280538 0
 0.475488 0.404961 0.113038 0.00651328 0
 0.955842 0.0263864 0.0167828 0.000988607 0
 0.975058 0.0227948 0.00214734 0 0
 0.738997 0.206755 0.0527124 0.00153531 0
 0.850938 0.134255 0.0134407 0.00136685 0
 0.542534 0.407297 0.0501686 0 0
 0.764087 0.199537 0.0359546 0.000420521 0
 0.470689 0.182191 0.310203 0.0369168 0
 0.84361 0.089868 0.0606195 0.00523954 0.000663233
 0.607945 0.314616 0.071237 0.00620181 0
 0.523733 0.453247 0.0230204 0 0
 0.530135 0.295979 0.169645 0.0042399 0
 0.562478 0.366248 0.0663022 0.0049721 0
 0.250443 0.683176 0.0655157 0.000865301 0
ppred_RECLAS
 0.468415 0.373124 0.141505 0.0169497 6.29409e-06
 0.457042 0.424386 0.0832263 0.0315632 0.00378208
 0.257447 0.571328 0.133833 0.026246 0.0111464
 0.350068 0.395965 0.195405 0.0457735 0.0127889
 0.472938 0.343472 0.111851 0.0551974 0.0165425
 0.171395 0.617954 0.137276 0.0447035 0.0286723
 0.550333 0.199006 0.186937 0.0415273 0.0221969
 0.448674 0.452186 0.0438756 0.0412148 0.0140495
 0.385703 0.471831 0.116848 0.0113378 0.0142807
 0.446106 0.397636 0.120019 0.0297225 0.00651654
 0.276526 0.54702 0.126675 0.0382344 0.0115446
 0.230762 0.484811 0.215056 0.0498009 0.0195702
 0.464904 0.304245 0.145493 0.0645389 0.0208185
 0.767335 0.195355 0.0212136 0.0101446 0.00595156
 0.884306 0.114282 0.00118605 0.000128793 9.77234e-05
 0.503243 0.493617 0.00310127 3.21859e-05 6.14698e-06
 0.383803 0.513636 0.101912 0.000640288 7.9142e-06
 0.466578 0.39532 0.115117 0.0228406 0.000145276
 0.445847 0.436431 0.087244 0.0254053 0.0050728
 0.386443 0.467687 0.114883 0.0229654 0.00802281
 0.534102 0.333524 0.100903 0.0247857 0.00668565
 0.481716 0.418207 0.071642 0.0216742 0.00676016
 0.398191 0.464956 0.110428 0.0189171 0.00750811
 0.368723 0.446594 0.142686 0.0338881 0.00810939
 0.232091 0.525459 0.17152 0.0548003 0.0161297
pobs_PELACES
 0 0 0 0 0
 0 0 0 0 0
 0 0 0 0 0
 0 0 0 0 0
 0 0 0 0 0
 0 0 0 0 0
 0 0 0 0 0
 0 0 0 0 0
 0 0 0 0 0
 0 0 0 0 0
 0.450072 0.473896 0.0757376 0.000293798 0
 0 0 0 0 0
 0.463077 0.371075 0.160297 0.00555027 0
 0.529543 0.364841 0.0842815 0.0213345 0
 0.631943 0.363953 0.00410389 0 0
 0.735681 0.248677 0.0153453 0.000297389 0
 0.695825 0.281241 0.0229344 0 0
 0.275771 0.60734 0.115278 0.00161068 0
 0 0 0 0 0
 0.896147 0.0623911 0.0374545 0.00400742 0
 0.803859 0.145111 0.0509908 3.86294e-05 0
 0.739449 0.233085 0.0266225 0.000797448 4.60066e-05
 0.878498 0.100942 0.0204185 0.000141795 0
 0.694673 0.275183 0.0284847 0.00165964 0
 0 0 0 0 0
ppred_PELACES
 0.725095 0.192958 0.0731784 0.0087654 3.25494e-06
 0.712596 0.224641 0.0440542 0.0167073 0.00200197
 0.526043 0.364667 0.085423 0.0167523 0.00711449
 0.592511 0.248259 0.122514 0.0286987 0.00801828
 0.699467 0.195849 0.0637777 0.0314738 0.00943259
 0.373608 0.467148 0.103775 0.033794 0.0216751
 0.775839 0.0992053 0.0931891 0.0207016 0.0110653
 0.709223 0.238489 0.0231406 0.0217373 0.00740993
 0.652381 0.267 0.0661219 0.00641582 0.00808117
 0.699405 0.215795 0.0651337 0.0161302 0.00353649
 0.548911 0.341069 0.0789821 0.0238393 0.00719812
 0.486039 0.323923 0.143688 0.0332741 0.0130757
 0.771389 0.129984 0.0621597 0.0275732 0.00889436
 0.970014 0.0251774 0.002734 0.00130743 0.000767036
 0.985239 0.0145811 0.000151327 1.64326e-05 1.24685e-05
 0.775393 0.223188 0.00140223 1.45528e-05 2.77934e-06
 0.669175 0.275762 0.0547147 0.000343759 4.24899e-06
 0.729203 0.200688 0.05844 0.0115953 7.37506e-05
 0.703979 0.233136 0.0466046 0.0135712 0.00270982
 0.651132 0.265926 0.065322 0.0130581 0.00456176
 0.76162 0.17065 0.0516275 0.0126818 0.00342076
 0.721845 0.224446 0.0384492 0.0116322 0.00362808
 0.648776 0.271355 0.0644471 0.0110403 0.00438183
 0.62222 0.267259 0.0853887 0.0202799 0.00485296
 0.460055 0.36947 0.120602 0.0385322 0.0113414
pobs_pel_tallas
 0 0 0 0 0 0 0 0 0 0 0 0 0 0 0 0 0 0 0 0 0 0 0 0 0 0 0 0 0 0 0 0 0 0 0 0
 0 0 0 0 0 0 0 0 0 0 0 0 0 0 0 0 0 0 0 0 0 0 0 0 0 0 0 0 0 0 0 0 0 0 0 0
 0 0 0 0 0 0 0 0 0 0 0 0 0 0 0 0 0 0 0 0 0 0 0 0 0 0 0 0 0 0 0 0 0 0 0 0
 0 0 0 0 0 0 0 0 0 0 0 0 0 0 0 0 0 0 0 0 0 0 0 0 0 0 0 0 0 0 0 0 0 0 0 0
 0 0 0 0 0 0 0 0 0 0 0 0 0 0 0 0 0 0 0 0 0 0 0 0 0 0 0 0 0 0 0 0 0 0 0 0
 0 0 0 0 0 0 0 0 0 0 0 0 0 0 0 0 0 0 0 0 0 0 0 0 0 0 0 0 0 0 0 0 0 0 0 0
 0 0 0 0 0 0 0 0 0 0 0 0 0 0 0 0 0 0 0 0 0 0 0 0 0 0 0 0 0 0 0 0 0 0 0 0
 0 0 0 0 0 0 0 0 0 0 0 0 0 0 0 0 0 0 0 0 0 0 0 0 0 0 0 0 0 0 0 0 0 0 0 0
 0 0 0 0 0 0 0 0 0 0 0 0 0 0 0 0 0 0 0 0 0 0 0 0 0 0 0 0 0 0 0 0 0 0 0 0
 0 0 0 0 0 0 0 0 0 0 0 0 0 0 0 0 0 0 0 0 0 0 0 0 0 0 0 0 0 0 0 0 0 0 0 0
 0 0 0 0 0 0 0 0 1.78061e-05 0.00172719 0.00360574 0.0105946 0.0120993 0.0124554 0.0147524 0.0171206 0.0266825 0.0428682 0.0675386 0.121331 0.153587 0.119568 0.100827 0.0573624 0.0630603 0.0341343 0.0324427 0.0444173 0.0211091 0.0280891 0.0125444 0.00206551 0 0 0 0
 0 0 0 0 0 0 0 0 0 0 0 0 0 0 0 0 0 0 0 0 0 0 0 0 0 0 0 0 0 0 0 0 0 0 0 0
 0 0 0 0 0 0 0.0133647 0.0140871 0.0187388 0.0205184 0.03894 0.0496705 0.03968 0.0493445 0.0407372 0.0367815 0.0215668 0.0243155 0.0234873 0.0199281 0.019796 0.0243948 0.0301388 0.0376714 0.0412746 0.0863199 0.0771752 0.113111 0.0741005 0.0525337 0.0229764 0.00759418 0.00175318 0 0 0
 0 0 0 0 0 0 0 0 0 0 0.00219441 0.00772107 0.0458388 0.0604681 0.0671733 0.0775358 0.0609151 0.0617685 0.073594 0.0568108 0.0755445 0.0548602 0.0670107 0.0636378 0.0643287 0.046367 0.0373049 0.0286899 0.0247887 0.0153202 0.00654259 0.00121912 0.000365735 0 0 0
 0 0 0 0 0 0 0 0 0 0 0 0 0.000112435 0.00938835 0.0111873 0.0202946 0.0414886 0.0713402 0.111592 0.104902 0.108894 0.110636 0.117776 0.105296 0.107544 0.0401394 0.0192827 0.0124803 0.00416011 0.0028671 0.000618394 0 0 0 0 0
 0 0 0 0 0 0 0 0 0 0 0.00291406 0.0102884 0.027416 0.0768956 0.0749926 0.110853 0.0956884 0.0897413 0.0766577 0.0534642 0.0500743 0.0551293 0.0594112 0.0620874 0.0668451 0.0424026 0.0208742 0.0120726 0.0048766 0.00582813 0.00118941 0.000297354 0 0 0 0
 0 0.00264628 0.0354308 0.0461629 0.0458689 0.0383711 0.0214643 0.0164657 0.0346957 0.0420465 0.0363128 0.0245516 0.0311673 0.0291091 0.0169068 0.0133784 0.00837989 0.0085269 0.0148486 0.0160247 0.0276389 0.0546898 0.0760071 0.122758 0.109233 0.0665981 0.0333725 0.0166128 0.00676272 0.00308733 0.000882094 0 0 0 0 0
 0 0 0 0 0 0 0 0.000805153 0.000690131 0.00759144 0.0133425 0.0154129 0.00931677 0.000345066 0.00356568 0.00563607 0.00851162 0.0253048 0.0502646 0.0516448 0.0657925 0.0565908 0.0611916 0.0827007 0.0866115 0.110766 0.145733 0.0935128 0.0569358 0.0249597 0.0138026 0.00621118 0.00161031 0.00115022 0 0
 0 0 0 0 0 0 0 0 0 0 0 0 0 0 0 0 0 0 0 0 0 0 0 0 0 0 0 0 0 0 0 0 0 0 0 0
 0.00147267 0.00158595 0.00478618 0.00569244 0.00954404 0.0108468 0.00647125 0.017049 0.0510054 0.094081 0.124002 0.0959785 0.0687766 0.0820023 0.061753 0.0591476 0.0492212 0.0479892 0.0443925 0.0268479 0.0217502 0.0140895 0.0121071 0.0120363 0.00920419 0.00665534 0.0049561 0.00860946 0.00930331 0.0156896 0.0114698 0.00855282 0.00243557 0.00046729 0 2.83206e-05
 0 0 0 0 0.000772559 0.00158375 0.000888443 0.00281984 0.00712685 0.0440552 0.0773331 0.111326 0.0921469 0.0852325 0.0710754 0.0886704 0.0786465 0.0553345 0.0373146 0.0185414 0.00753245 0.00457741 0.012979 0.0271748 0.0457355 0.0583668 0.034881 0.0177882 0.00938659 0.00492506 0.0015258 0.00185414 0.000309023 5.79419e-05 3.86279e-05 0
 0 0.00173294 0.00326652 0 0.00397197 0.00683976 0.00946217 0.0152591 0.00757587 0.0136028 0.0228656 0.0392903 0.0559909 0.0764795 0.0681675 0.0726916 0.0566044 0.0477403 0.0527397 0.0444891 0.0609904 0.0582453 0.0661739 0.0445044 0.0529084 0.0360697 0.0280645 0.0235558 0.0158879 0.00826598 0.00280645 0.00217768 0.000904811 0.00058276 9.20147e-05 0
 0 0 0 0 0 0 0 0 0 0 0 0 0 0 0 0 0 0 0 0 0 0 0 0 0 0 0 0 0 0 0 0 0 0 0 0
 0 0 0 0 0 0 0 0 0 0 0 0 0 0 0 0 0 0 0 0 0 0 0 0 0 0 0 0 0 0 0 0 0 0 0 0
 0 0 0 0 0 0 0 0 0 0 0 0 0 0 0 0 0 0 0 0 0 0 0 0 0 0 0 0 0 0 0 0 0 0 0 0
ppred_pel_tallas
 1.01404e-16 3.16382e-05 0.000185687 0.000882665 0.0033983 0.0105973 0.0267679 0.0547708 0.0907896 0.12193 0.132691 0.117059 0.0838298 0.0489943 0.0239104 0.0107598 0.00610393 0.00588774 0.0076203 0.0101909 0.0131132 0.0160578 0.0187042 0.0207494 0.0219631 0.0222355 0.0215977 0.0202033 0.0182827 0.0160848 0.0138269 0.0116652 0.00968952 0.00793542 0.00640486 0.00508476
 1.01367e-16 3.10943e-05 0.000182492 0.000867468 0.00333977 0.0104148 0.0263069 0.0538279 0.0892275 0.119835 0.130419 0.115073 0.0824466 0.0482651 0.0237014 0.0109127 0.00653095 0.00657676 0.00859685 0.011479 0.014708 0.0179094 0.0207129 0.0227739 0.0238396 0.0238061 0.0227394 0.0208504 0.0184367 0.0158099 0.0132325 0.0108822 0.00884579 0.00713668 0.00572371 0.00455828
 1.0224e-16 2.29655e-05 0.000134755 0.000640495 0.00246582 0.00768932 0.0194229 0.0397438 0.0658872 0.0885071 0.0963725 0.0851483 0.0612593 0.0363717 0.0188115 0.0102634 0.00833249 0.0101475 0.0139078 0.0187174 0.0240218 0.0292795 0.0339012 0.0373261 0.0391396 0.0391662 0.0375048 0.0344898 0.0305976 0.0263298 0.0221123 0.0182366 0.0148503 0.0119842 0.00959664 0.00761723
 1.03181e-16 2.58592e-05 0.000151754 0.000721332 0.0027771 0.00866008 0.0218748 0.0447597 0.0741978 0.0996567 0.108476 0.0957526 0.0686947 0.0403977 0.0201817 0.00987689 0.00672278 0.00744613 0.0100287 0.0135428 0.0175258 0.0215992 0.0253631 0.0284275 0.0304857 0.0313755 0.031106 0.0298364 0.0278213 0.0253413 0.0226446 0.0199133 0.0172598 0.0147428 0.0123907 0.0102221
 1.02492e-16 3.05207e-05 0.000179126 0.000851475 0.00327821 0.0102228 0.0258219 0.0528354 0.0875817 0.117623 0.128007 0.112933 0.0808879 0.047302 0.0231352 0.0104977 0.00607793 0.00596942 0.00777246 0.0104156 0.0134258 0.0164779 0.0192531 0.0214498 0.0228383 0.0233092 0.0228914 0.0217337 0.0200568 0.0180954 0.0160489 0.014054 0.0121829 0.0104582 0.00887619 0.00742685
 1.038e-16 1.63228e-05 9.57473e-05 0.000455025 0.00175168 0.00546228 0.0137977 0.028235 0.0468144 0.0629058 0.0685471 0.0606849 0.0439235 0.0266096 0.0147383 0.00960274 0.00959838 0.0127562 0.0178095 0.024046 0.0308921 0.0376904 0.0436964 0.0481969 0.0506637 0.0508724 0.0489467 0.0453078 0.0405543 0.0353135 0.0301134 0.0253099 0.0210771 0.0174438 0.0143533 0.0117184
 1.02584e-16 3.3847e-05 0.000198664 0.000944376 0.00363593 0.0113383 0.0286397 0.0586 0.0971338 0.130441 0.141929 0.12515 0.0894962 0.0520492 0.0249233 0.0104091 0.00478661 0.00369234 0.00446941 0.00598519 0.00782921 0.00980456 0.0117457 0.0134908 0.0149007 0.0158815 0.0163966 0.0164615 0.0161285 0.015466 0.014542 0.0134153 0.0121368 0.0107539 0.00931569 0.00787525
 1.015e-16 3.09478e-05 0.00018163 0.000863369 0.00332399 0.0103655 0.0261826 0.0535736 0.0888064 0.119271 0.129808 0.114541 0.0820813 0.0480829 0.0236706 0.010996 0.00671115 0.0068569 0.00898822 0.0119883 0.0153278 0.0186124 0.0214511 0.023483 0.0244491 0.0242526 0.0229793 0.0208698 0.0182545 0.0154731 0.0128065 0.0104375 0.00844527 0.00682641 0.00552814 0.00448068
 1.01624e-16 2.84705e-05 0.000167083 0.000794205 0.00305768 0.00953504 0.0240849 0.0492818 0.0816936 0.109723 0.119429 0.105412 0.0756037 0.0444184 0.0221094 0.0106806 0.00707777 0.007679 0.0102427 0.0137287 0.0176124 0.0214694 0.0248626 0.0273801 0.0287171 0.0287437 0.0275311 0.0253232 0.0224681 0.0193332 0.0162312 0.0133772 0.0108811 0.00876716 0.00700679 0.00554924
 1.01715e-16 3.05188e-05 0.000179114 0.00085141 0.00327795 0.010222 0.0258199 0.0528314 0.0875756 0.117617 0.128004 0.112941 0.0809168 0.0473652 0.0232522 0.0106951 0.00638972 0.00643316 0.00842277 0.0112745 0.0144925 0.0177193 0.0206 0.0228002 0.0240686 0.0242914 0.0235134 0.0219161 0.019765 0.0173421 0.0148894 0.0125752 0.0104895 0.00865925 0.0070733 0.00570581
 1.02388e-16 2.39617e-05 0.000140606 0.000668314 0.00257294 0.00802339 0.0202667 0.04147 0.0687478 0.0923462 0.100543 0.0888106 0.0638448 0.0378077 0.0193723 0.0102786 0.00801026 0.00955901 0.0130451 0.0175504 0.0225323 0.0274804 0.031844 0.0350996 0.0368597 0.036959 0.0354876 0.0327543 0.0291992 0.025285 0.0214035 0.0178217 0.0146734 0.0119854 0.00971967 0.00781342
 1.039e-16 2.12196e-05 0.000124509 0.000591789 0.0022783 0.00710457 0.0179458 0.0367213 0.0608764 0.0817758 0.0890421 0.0786698 0.0565944 0.0335949 0.0173646 0.0094624 0.00768164 0.00938065 0.0129141 0.0174805 0.0225994 0.0278041 0.0325777 0.0364146 0.0389209 0.0398958 0.0393648 0.0375512 0.0348026 0.0314978 0.0279681 0.0244527 0.021093 0.0179546 0.0150602 0.0124178
 1.02288e-16 3.36542e-05 0.000197529 0.000938975 0.00361513 0.0112735 0.0284758 0.0582649 0.0965792 0.129699 0.141128 0.124459 0.0890365 0.0518505 0.0249559 0.0106411 0.00521636 0.00434693 0.00538461 0.00718275 0.00929769 0.0114865 0.0135342 0.0152377 0.0164373 0.0170466 0.0170662 0.0165721 0.0156873 0.0145467 0.0132672 0.0119325 0.0105924 0.00927273 0.00798864 0.00675487
 1.00128e-16 4.23108e-05 0.000248361 0.00118066 0.0045457 0.0141755 0.0358058 0.0732619 0.121434 0.163063 0.177396 0.15636 0.111673 0.0646586 0.0304177 0.0117574 0.00396575 0.001534 0.00111063 0.00128934 0.00161703 0.00195824 0.00225428 0.00246442 0.00256092 0.00253353 0.00239147 0.00216044 0.00187578 0.00157399 0.00128538 0.00102989 0.000816438 0.000644967 0.000509971 0.000403872
 1.00009e-16 4.29742e-05 0.000252257 0.00119918 0.00461703 0.0143979 0.0363677 0.0744113 0.123338 0.16562 0.180175 0.158803 0.113403 0.0656322 0.030822 0.0118192 0.00383263 0.00126339 0.00070658 0.000737757 0.000906108 0.00108838 0.00124219 0.00134281 0.00137459 0.00133259 0.00122367 0.0010646 0.00087787 0.000686513 0.000509596 0.000359543 0.000241621 0.000155159 9.5677e-05 5.7065e-05
 1.00094e-16 3.38324e-05 0.000198567 0.000943893 0.00363403 0.0113324 0.0286247 0.0585703 0.097088 0.13039 0.141899 0.125186 0.0896573 0.0524153 0.0256056 0.0115601 0.00659701 0.00636888 0.00819304 0.0108536 0.0137953 0.0166283 0.0189786 0.020508 0.0209817 0.0203252 0.0186445 0.016197 0.0133283 0.0103918 0.00768006 0.0053836 0.00358295 0.00226737 0.00136748 0.000788797
 1.00879e-16 2.92031e-05 0.000171384 0.000814649 0.00313639 0.00978049 0.0247049 0.0505504 0.0837966 0.112547 0.122503 0.108125 0.0775487 0.0455593 0.0226734 0.010945 0.00723913 0.00783712 0.0104346 0.0139579 0.0178612 0.0217013 0.0250236 0.0274027 0.0285284 0.0282765 0.0267355 0.0241765 0.0209803 0.0175469 0.0142164 0.011222 0.00868047 0.00661259 0.00497704 0.00370467
 1.01297e-16 3.18176e-05 0.00018674 0.000887668 0.00341756 0.0106573 0.0269196 0.0550813 0.0913044 0.122622 0.133445 0.117727 0.0843142 0.0492894 0.0240763 0.0108706 0.00621493 0.00603066 0.00780969 0.0104288 0.01339 0.0163509 0.0189786 0.0209611 0.0220655 0.022188 0.021374 0.0197975 0.0177115 0.0153851 0.0130492 0.0108654 0.00891991 0.00723825 0.00580805 0.00460106
 1.01331e-16 3.07189e-05 0.000180287 0.000856984 0.00329941 0.0102889 0.0259889 0.0531774 0.0881495 0.118389 0.128847 0.113692 0.0814716 0.0477226 0.0234877 0.010903 0.00664617 0.00678931 0.00890897 0.0119017 0.015248 0.0185625 0.0214611 0.0235857 0.0246738 0.0246176 0.0234862 0.0214996 0.0189683 0.0162176 0.013522 0.0110678 0.00894675 0.00717354 0.00571578 0.00452215
 1.01676e-16 2.8416e-05 0.000166763 0.000792685 0.00305182 0.00951678 0.0240388 0.0491875 0.0815372 0.109513 0.1192 0.10521 0.0754582 0.0443319 0.0220647 0.0106563 0.00705839 0.00765621 0.0102129 0.013691 0.0175679 0.0214217 0.0248173 0.0273447 0.0287002 0.0287538 0.0275751 0.025405 0.0225882 0.019488 0.0164136 0.0135776 0.0110885 0.00897085 0.00719711 0.00571884
 1.01385e-16 3.32299e-05 0.000195034 0.000927106 0.00356941 0.0111309 0.0281157 0.0575285 0.0953598 0.128065 0.139359 0.122922 0.0879856 0.0513369 0.0248921 0.0109268 0.00581285 0.00527785 0.0067013 0.00892598 0.0114673 0.014021 0.0163026 0.018047 0.0190554 0.0192379 0.0186294 0.0173735 0.0156794 0.0137698 0.0118355 0.0100092 0.00836177 0.00691425 0.00565795 0.00457259
 1.01189e-16 3.14976e-05 0.000184859 0.000878724 0.00338311 0.0105499 0.0266483 0.0545264 0.0903852 0.12139 0.13211 0.116562 0.0835087 0.0488764 0.0239821 0.0110084 0.00654125 0.00654702 0.00853863 0.0113886 0.0145758 0.0177233 0.0204604 0.0224431 0.0234212 0.0232953 0.022137 0.0201643 0.0176821 0.0150083 0.0124102 0.0100677 0.00806656 0.00641688 0.00508165 0.00400525
 1.01588e-16 2.83135e-05 0.000166161 0.00078982 0.00304079 0.00948238 0.0239519 0.0490097 0.0812427 0.109118 0.118771 0.104835 0.075197 0.0441937 0.022024 0.0106832 0.00713618 0.00778282 0.0103937 0.0139317 0.0178696 0.0217773 0.0252108 0.0277518 0.0290912 0.0290981 0.0278463 0.0255849 0.0226694 0.019474 0.0163173 0.0134179 0.010887 0.00874846 0.00697219 0.00550553
 1.02223e-16 2.71553e-05 0.000159362 0.000757498 0.00291635 0.0090943 0.0229716 0.047004 0.0779182 0.104654 0.113915 0.100554 0.0721395 0.0424235 0.0211921 0.0103652 0.00703894 0.0077683 0.0104219 0.0140096 0.0180267 0.0220569 0.0256659 0.0284393 0.0300643 0.0303971 0.029489 0.0275604 0.0249355 0.0219597 0.0189302 0.0160547 0.0134458 0.0111396 0.00912642 0.00737861
 1.03687e-16 2.00884e-05 0.000117863 0.000560187 0.00215661 0.00672507 0.0169873 0.0347604 0.0576275 0.0774169 0.0843105 0.0745238 0.0536869 0.0320193 0.0168258 0.00960799 0.00830159 0.0104216 0.014407 0.0194686 0.0250896 0.0307402 0.0358307 0.0397909 0.0421876 0.0428182 0.0417469 0.0392681 0.0358171 0.0318581 0.0277887 0.0238857 0.020298 0.017074 0.0142038 0.0116574
pSPR Fmed_Fpbrs
0.491647   0.6 0.325
Fs Fmed_Fpbrs
0.546534   0.354317 1.10907
SSBpbr Bo_Bmed_Bpbrs
904839  399619  497662 248831
Ro
33483.2
SPR SPRFo_SPRFmed_SPRFpbrs
690073 339272 224274
log_Ro
10.2388
likeval ReclasPelacesDesembMPH_pf_preclas_ppelaces_ptallas_desvR_qrecl_qpela
 131.012 21.1779 0.0710265 0.000285069 308.721 215.715 83.2935 0 17.3968 5.27853e-11 9.67411e-05 6.06304e-16 0 0 0
q_reclas_q_pelaces
1.00103 4.05246
M
0.7
N
 41620.2 13038.8 4944.91 592.308 0.219948
 53199.3 18959.6 3718.16 1410.09 168.965
 25306.2 24453.1 5728.12 1123.34 477.069
 29189.1 11103.8 5479.63 1283.6 358.631
 61271 14085.8 4587 2263.65 678.408
 22564.7 30234.8 6716.52 2187.22 1402.86
 80435.9 10495.8 9859.25 2190.19 1170.69
 95240.5 37822.3 3669.9 3447.34 1175.15
 90313 43355.2 10736.8 1041.8 1312.21
 123945 41174.3 12427.7 3077.7 674.773
 67423.6 57591.4 13336.6 4025.4 1215.44
 33205.2 29675.2 13163.5 3048.3 1197.88
 38482.1 14695.4 7027.5 3117.3 1005.56
 25068 15158.8 1646.09 787.176 461.817
 22875.2 5887.83 61.1056 6.63543 5.03473
 12210.4 5732.93 36.0186 0.373811 0.0713918
 8688.26 5174.01 1026.59 6.44982 0.0797221
 10876.3 3781.81 1101.26 218.504 1.38977
 12913.6 4877.51 975.03 283.927 56.6932
 12637.8 5924.15 1455.21 290.901 101.624
 26267.6 5789.48 1751.52 430.243 116.053
 40526 12452.5 2133.21 645.371 201.29
 46447.5 19192.2 4558.18 780.85 309.916
 50552.7 21998.1 7028.35 1669.24 399.447
 29282.3 23808.9 7771.69 2483.04 730.847
pred_Ctot
 2486.49 4120.67 1562.74 187.187 0.0695101
 2858.35 5493.27 1077.28 408.554 48.9553
 2133.77 10093.8 2364.47 463.696 196.926
 593.407 1356.78 669.561 156.844 43.8215
 277.456 403.96 131.548 64.918 19.4557
 1031.46 7647.42 1698.84 553.224 354.832
 3081.41 2278.78 2140.58 475.521 254.173
 5734.44 12028.6 1167.14 1096.36 373.734
 5346.75 13601.1 3368.29 326.826 411.66
 5753.58 10551.9 3184.9 788.734 172.927
 5550.99 23356.7 5408.76 1632.53 492.933
 2615.14 11642.1 5164.27 1195.9 469.95
 5798.51 8876.65 4244.91 1882.99 607.399
 9912.48 13180.9 1431.31 684.469 401.561
 8470.96 5048.08 52.3905 5.68906 4.31666
 1300.05 2790.95 17.5348 0.181982 0.0347555
 777.277 2230.11 442.483 2.78001 0.034362
 762.624 1357.31 395.247 78.422 0.498796
 710.771 1441.62 288.184 83.9186 16.7564
 707.54 1775.66 436.173 87.1924 30.4601
 859.055 1092.81 330.614 81.212 21.906
 1354.01 2395.8 410.418 124.166 38.7272
 1549.62 3687.75 875.847 150.039 59.5498
 1880.85 4655.21 1487.33 353.244 84.5308
 1086.53 5026.45 1640.73 524.21 154.293
F
 0.0862759 0.554704 0.554704 0.554704 0.554704
 0.0772889 0.496923 0.496923 0.496923 0.496923
 0.123762 0.79572 0.79572 0.79572 0.79572
 0.0286277 0.18406 0.18406 0.18406 0.18406
 0.00631427 0.0405971 0.0405971 0.0405971 0.0405971
 0.0654152 0.420582 0.420582 0.420582 0.420582
 0.0545627 0.350807 0.350807 0.350807 0.350807
 0.0869781 0.559219 0.559219 0.559219 0.559219
 0.0854662 0.549498 0.549498 0.549498 0.549498
 0.066461 0.427306 0.427306 0.427306 0.427306
 0.120683 0.775924 0.775924 0.775924 0.775924
 0.115171 0.740481 0.740481 0.740481 0.740481
 0.231613 1.48913 1.48913 1.48913 1.48913
 0.748704 4.81373 4.81373 4.81373 4.81373
 0.683827 4.39661 4.39661 4.39661 4.39661
 0.158643 1.01998 1.01998 1.01998 1.01998
 0.131769 0.847195 0.847195 0.847195 0.847195
 0.101952 0.655491 0.655491 0.655491 0.655491
 0.0792428 0.509485 0.509485 0.509485 0.509485
 0.0806534 0.518554 0.518554 0.518554 0.518554
 0.0464138 0.298413 0.298413 0.298413 0.298413
 0.0474383 0.305001 0.305001 0.305001 0.305001
 0.0473687 0.304553 0.304553 0.304553 0.304553
 0.0529544 0.340466 0.340466 0.340466 0.340466
 0.0528077 0.339523 0.339523 0.339523 0.339523
nmprior
 10 11 7 0
nm_flota  nm_reclas  nm_pelaces    nm_pelaL
inf 8.50443 11.8744 19.4776
cv_recla  cv_pelaces  cv_mph
0.517667 0.54151 0.547789
 ------------------------------------------------
Talla a la edad & desviación 
 7.2 14.2025 17.0495 18.207 18.6776
 1.08 2.13037 2.55742 2.73105 2.80164
