years
 1997 1998 1999 2000 2001 2002 2003 2004 2005 2006 2007 2008 2009 2010 2011 2012 2013 2014 2015 2016 2017 2018 2019 2020 2021
reclasobs
 0 0 0 370054 412103 1.49427e+06 250295 1.28982e+06 931140 785840 897777 1.04006e+06 184774 17550 25797 100020 73551 82996 120727 218422 84188 347160 605670 569463 516374
reclaspred
 509802 129868 314072 203378 314620 371250 806677 648928 768451 783417 664809 457242 289584 131008 81776 71243.9 76209.3 100890 111781 156177 238529 226740 380265 474214 535184
pelacesobs
 0 0 0 0 0 0 0 0 0 2.06254e+06 1.5e+06 0 1.87456e+06 323000 250000 174000 83755 137374 0 501740 490994 745055 786931 1.00524e+06 0
pelacespred
 1.97153e+06 447102 624011 666781 917471 827081 2.15524e+06 1.98884e+06 2.20228e+06 2.28234e+06 1.66628e+06 1.18978e+06 738670 266246 167422 161655 178348 246850 275257 378281 677090 626560 805229 1.18205e+06 1.37639e+06
mphobs
 0 0 0 0 0 112323 0 153150 637223 0 255016 313432 73983 77613 109348 50772 0 0 0 0 0 0 0 0 0
mphpred
 184548 100363 108331 98475.8 109757 176813 240328 310352 322856 344341 352401 246897 152649 86869.7 42490.8 32158.8 31313 38341.3 48452.2 56823.8 87797.4 108506 133805 183187 263755
desembarqueobs
 350755 77701 442110 56441 14545 235359 269955 359681 431902 328805 639364 411747 362871 311530 167758 66681 60226 58785 57116 71774 51957 67425 138520 160799 200461
desembarquepred
 350760 77698.7 442083 56445 14545.4 235449 270039 359583 431939 328831 639221 411768 362790 311572 167656 66698.5 60263.9 58773.4 57094 71767.9 51960.9 67413.7 138524 160815 200462
Reclutas
 35436 42542.6 20513.3 28715.6 48182.1 35552.7 65810.6 89885.2 94897.3 108978 67188.1 44475.1 50418 27804 13833.9 11562.2 8974.95 10893.9 12165.9 19115 24810.6 31647.9 47703.8 61816.6 24040.3
log_desv_Rt
 0.0772724 0.26005 -0.469386 -0.133016 0.384531 0.0805604 0.696323 1.00808 1.06234 1.20069 0.717039 0.304472 0.42989 -0.165275 -0.863335 -1.04272 -1.29602 -1.10226 -0.991823 -0.539984 -0.279186 -0.0357866 0.374553 0.633715 -0.310726
SSB
 433754 235889 254618 231454 257970 415576 564857 729441 758830 809327 828271 580298 358781 204175 99869 75584.8 73596.9 90116.1 113880 133557 206356 255029 314490 430556 619919
BT
 1.50352e+06 362222 607366 418460 513054 600453 1.44555e+06 1.52039e+06 1.64105e+06 1.56756e+06 1.46781e+06 1.00877e+06 773044 440133 235711 143836 149949 185838 193925 267925 416029 381219 517193 767428 837589
Ftot
 1.03981 0.963166 1.72097 0.38977 0.070045 0.710924 0.473541 0.887008 0.843691 0.604799 1.15678 1.03155 1.67813 3.00435 2.92206 1.31958 1.15764 0.851049 0.675128 0.668465 0.31249 0.369312 0.449135 0.461517 0.393765
BD_Bspro_t
 0.906034 0.628349 0.540411 0.347395 0.497425 0.669153 0.602217 0.631724 0.604473 0.571374 0.544534 0.38868 0.285661 0.206209 0.125056 0.116936 0.15429 0.243163 0.343338 0.438809 0.575085 0.684522 0.692822 0.693844 0.691946
BD_Bspro
 0.641637 0.348942 0.376648 0.342382 0.381606 0.614746 0.835573 1.07904 1.12251 1.19721 1.22523 0.858414 0.530732 0.30203 0.147733 0.11181 0.108869 0.133306 0.168459 0.197565 0.305255 0.377256 0.465213 0.636905 0.917024
BD_Bo
 0.518785 0.282131 0.304532 0.276827 0.308541 0.497042 0.675588 0.872436 0.907586 0.967982 0.990639 0.694056 0.429114 0.244201 0.119447 0.090402 0.0880244 0.107782 0.136205 0.159738 0.246808 0.305024 0.37614 0.514959 0.741444
BD_Brms
 0.943245 0.512966 0.553695 0.503321 0.560983 0.903713 1.22834 1.58625 1.65016 1.75997 1.80116 1.26192 0.780207 0.444001 0.217176 0.164367 0.160044 0.195967 0.247645 0.290433 0.448743 0.554589 0.683891 0.936289 1.34808
S_f
 0.0964472 0.66976 0.974705 0.998636 0.999928
 0.0964472 0.66976 0.974705 0.998636 0.999928
 0.0964472 0.66976 0.974705 0.998636 0.999928
 0.0964472 0.66976 0.974705 0.998636 0.999928
 0.0964472 0.66976 0.974705 0.998636 0.999928
 0.0964472 0.66976 0.974705 0.998636 0.999928
 0.0964472 0.66976 0.974705 0.998636 0.999928
 0.0964472 0.66976 0.974705 0.998636 0.999928
 0.0964472 0.66976 0.974705 0.998636 0.999928
 0.0964472 0.66976 0.974705 0.998636 0.999928
 0.0964472 0.66976 0.974705 0.998636 0.999928
 0.0964472 0.66976 0.974705 0.998636 0.999928
 0.0964472 0.66976 0.974705 0.998636 0.999928
 0.0964472 0.66976 0.974705 0.998636 0.999928
 0.0964472 0.66976 0.974705 0.998636 0.999928
 0.0964472 0.66976 0.974705 0.998636 0.999928
 0.0964472 0.66976 0.974705 0.998636 0.999928
 0.0964472 0.66976 0.974705 0.998636 0.999928
 0.0964472 0.66976 0.974705 0.998636 0.999928
 0.0964472 0.66976 0.974705 0.998636 0.999928
 0.0964472 0.66976 0.974705 0.998636 0.999928
 0.0964472 0.66976 0.974705 0.998636 0.999928
 0.0964472 0.66976 0.974705 0.998636 0.999928
 0.0964472 0.66976 0.974705 0.998636 0.999928
 0.0964472 0.66976 0.974705 0.998636 0.999928
Scru_reclas
 0.646943 0.90217 0.978907 0.995737 0.99915
 0.646943 0.90217 0.978907 0.995737 0.99915
 0.646943 0.90217 0.978907 0.995737 0.99915
 0.646943 0.90217 0.978907 0.995737 0.99915
 0.646943 0.90217 0.978907 0.995737 0.99915
 0.646943 0.90217 0.978907 0.995737 0.99915
 0.646943 0.90217 0.978907 0.995737 0.99915
 0.646943 0.90217 0.978907 0.995737 0.99915
 0.646943 0.90217 0.978907 0.995737 0.99915
 0.646943 0.90217 0.978907 0.995737 0.99915
 0.646943 0.90217 0.978907 0.995737 0.99915
 0.646943 0.90217 0.978907 0.995737 0.99915
 0.646943 0.90217 0.978907 0.995737 0.99915
 0.646943 0.90217 0.978907 0.995737 0.99915
 0.646943 0.90217 0.978907 0.995737 0.99915
 0.646943 0.90217 0.978907 0.995737 0.99915
 0.646943 0.90217 0.978907 0.995737 0.99915
 0.646943 0.90217 0.978907 0.995737 0.99915
 0.646943 0.90217 0.978907 0.995737 0.99915
 0.646943 0.90217 0.978907 0.995737 0.99915
 0.646943 0.90217 0.978907 0.995737 0.99915
 0.646943 0.90217 0.978907 0.995737 0.99915
 0.646943 0.90217 0.978907 0.995737 0.99915
 0.646943 0.90217 0.978907 0.995737 0.99915
 0.646943 0.90217 0.978907 0.995737 0.99915
Scru_pelaces
 0.688482 1 1 1 1
 0.688482 1 1 1 1
 0.688482 1 1 1 1
 0.688482 1 1 1 1
 0.688482 1 1 1 1
 0.688482 1 1 1 1
 0.688482 1 1 1 1
 0.688482 1 1 1 1
 0.688482 1 1 1 1
 0.688482 1 1 1 1
 0.688482 1 1 1 1
 0.688482 1 1 1 1
 0.688482 1 1 1 1
 0.688482 1 1 1 1
 0.688482 1 1 1 1
 0.688482 1 1 1 1
 0.688482 1 1 1 1
 0.688482 1 1 1 1
 0.688482 1 1 1 1
 0.688482 1 1 1 1
 0.688482 1 1 1 1
 0.688482 1 1 1 1
 0.688482 1 1 1 1
 0.688482 1 1 1 1
 0.688482 1 1 1 1
pf_obs 
 0.256992 0.487395 0.22802 0.0275931 0
 0.321318 0.546541 0.124235 0.00734118 0.000564706
 0.182869 0.594174 0.210203 0.0122559 0.00049798
 0.330522 0.361315 0.267642 0.0388342 0.00168674
 0.649043 0.306663 0.0425973 0.00169635 0
 0.582887 0.30429 0.105238 0.00758474 0
 0.465427 0.430635 0.0974691 0.00646863 0
 0.296916 0.608066 0.0921331 0.00288517 0
 0.311714 0.524322 0.152257 0.0117073 0
 0.15457 0.633149 0.183074 0.0267441 0.00246327
 0.131901 0.49318 0.331252 0.0422183 0.00144891
 0.196976 0.569456 0.194076 0.0375587 0.00193317
 0.518974 0.381816 0.0799577 0.0180837 0.00116848
 0.0928022 0.601141 0.25162 0.0475244 0.00691264
 0.122501 0.610282 0.24278 0.0234846 0.000952079
 0.383417 0.481906 0.127806 0.00687128 0
 0.0376549 0.599619 0.316969 0.0457579 0
 0.0361596 0.667082 0.258105 0.0386534 0
 0.158088 0.579412 0.248529 0.0139706 0
 0.0477256 0.309471 0.559284 0.082774 0.000745712
 0.0406174 0.521527 0.379366 0.0568643 0.0016247
 0.151134 0.462217 0.34131 0.0453401 0
 0.294876 0.26143 0.354403 0.0886775 0.000613685
 0.281977 0.475581 0.204845 0.0348837 0.00271318
 0 0 0 0 0
pf_pred 
 0.295259 0.480712 0.200057 0.0239592 1.28136e-05
 0.275398 0.569752 0.122337 0.0291546 0.00335894
 0.147474 0.653841 0.171847 0.0213723 0.00546592
 0.253084 0.479714 0.232479 0.0302397 0.00448396
 0.258803 0.503298 0.174381 0.0554673 0.00805038
 0.146933 0.574685 0.210173 0.0503216 0.0178871
 0.265076 0.410572 0.250398 0.0562964 0.0176572
 0.271114 0.529547 0.1326 0.0518777 0.014861
 0.233938 0.573538 0.15781 0.0233765 0.0113369
 0.226179 0.540601 0.194444 0.0319908 0.00678484
 0.1456 0.586543 0.211255 0.0474447 0.00915823
 0.14342 0.524189 0.265321 0.053357 0.0137127
 0.2465 0.465696 0.211728 0.0612075 0.0148687
 0.220817 0.636834 0.109451 0.0245292 0.00836895
 0.231027 0.658432 0.102545 0.00625809 0.00173789
 0.268416 0.616351 0.108608 0.0061779 0.000446091
 0.205373 0.613231 0.16484 0.0156435 0.000912666
 0.250226 0.518988 0.198144 0.0297727 0.00286909
 0.230605 0.557255 0.167831 0.0382343 0.00607485
 0.281275 0.492131 0.183673 0.034191 0.0087302
 0.241513 0.556742 0.157113 0.036404 0.00822872
 0.21599 0.517197 0.21533 0.0403379 0.0111451
 0.244595 0.483618 0.203311 0.0555663 0.0129091
 0.231448 0.526677 0.177754 0.0483247 0.0157965
 0.0794881 0.611796 0.238548 0.051975 0.0181923
pobs_RECLAS
 0 0 0 0 0
 0 0 0 0 0
 0 0 0 0 0
 0 0 0 0 0
 0.835266 0.146461 0.0176864 0.000547809 3.91292e-05
 0.385257 0.428462 0.181853 0.0044286 0
 0.867414 0.0963971 0.0333333 0.00285562 0
 0.441836 0.489002 0.0689373 0.000224442 0
 0.779404 0.147425 0.0564933 0.0165055 0.000172143
 0.814271 0.122319 0.05973 0.00367925 0
 0.40263 0.566651 0.0304383 0.000280538 0
 0.475488 0.404961 0.113038 0.00651328 0
 0.955842 0.0263864 0.0167828 0.000988607 0
 0.975058 0.0227948 0.00214734 0 0
 0.738997 0.206755 0.0527124 0.00153531 0
 0.850938 0.134255 0.0134407 0.00136685 0
 0.542534 0.407297 0.0501686 0 0
 0.764087 0.199537 0.0359546 0.000420521 0
 0.470689 0.182191 0.310203 0.0369168 0
 0.84361 0.089868 0.0606195 0.00523954 0.000663233
 0.607945 0.314616 0.071237 0.00620181 0
 0.523733 0.453247 0.0230204 0 0
 0.530135 0.295979 0.169645 0.0042399 0
 0.562478 0.366248 0.0663022 0.0049721 0
 0.250443 0.683176 0.0655157 0.000865301 0
ppred_RECLAS
 0.707543 0.219294 0.0654088 0.00775072 4.15322e-06
 0.678806 0.268733 0.0415334 0.00979711 0.00113095
 0.508931 0.406698 0.0731158 0.00896016 0.00229549
 0.654165 0.245138 0.0876993 0.0113162 0.00168147
 0.655117 0.255224 0.0658437 0.020791 0.00302396
 0.493045 0.374867 0.0999341 0.0237096 0.00844477
 0.674764 0.205786 0.0923791 0.0205979 0.00647386
 0.676818 0.254234 0.0460087 0.017823 0.00511578
 0.629902 0.297808 0.059352 0.00870703 0.00423109
 0.619244 0.289441 0.076238 0.012434 0.00264249
 0.498214 0.378909 0.0971338 0.0215711 0.00417182
 0.497002 0.346 0.125576 0.0249879 0.00643438
 0.672813 0.229995 0.0717667 0.0204491 0.00497619
 0.661321 0.298534 0.031045 0.00678284 0.00231682
 0.668048 0.30114 0.028633 0.00170486 0.000474004
 0.673604 0.288438 0.0358005 0.00201181 0.000145538
 0.594449 0.335079 0.0641048 0.00601562 0.000351632
 0.654308 0.261583 0.0723101 0.01076 0.00103897
 0.624489 0.293957 0.0646377 0.0145936 0.00232342
 0.687091 0.234262 0.0638525 0.0117802 0.00301402
 0.632993 0.289501 0.0604583 0.0138993 0.00314838
 0.604532 0.286459 0.0881021 0.0163731 0.00453321
 0.644809 0.251337 0.0778417 0.0211007 0.00491225
 0.625143 0.280269 0.0696554 0.0187811 0.00615197
 0.323936 0.492821 0.141835 0.0306555 0.0107524
pobs_PELACES
 0 0 0 0 0
 0 0 0 0 0
 0 0 0 0 0
 0 0 0 0 0
 0 0 0 0 0
 0 0 0 0 0
 0 0 0 0 0
 0 0 0 0 0
 0 0 0 0 0
 0 0 0 0 0
 0.450072 0.473896 0.0757376 0.000293798 0
 0 0 0 0 0
 0.463077 0.371075 0.160297 0.00555027 0
 0.529543 0.364841 0.0842815 0.0213345 0
 0.631943 0.363953 0.00410389 0 0
 0.735681 0.248677 0.0153453 0.000297389 0
 0.695825 0.281241 0.0229344 0 0
 0.275771 0.60734 0.115278 0.00161068 0
 0 0 0 0 0
 0.896147 0.0623911 0.0374545 0.00400742 0
 0.803859 0.145111 0.0509908 3.86294e-05 0
 0.739449 0.233085 0.0266225 0.000797448 4.60066e-05
 0.878498 0.100942 0.0204185 0.000141795 0
 0.694673 0.275183 0.0284847 0.00165964 0
 0 0 0 0 0
ppred_PELACES
 0.747156 0.198123 0.0490509 0.00566739 3.02516e-06
 0.71455 0.245558 0.0317456 0.00730596 0.000840157
 0.589183 0.354115 0.049342 0.0058643 0.00149613
 0.669257 0.242648 0.0769261 0.00972833 0.00144035
 0.654212 0.261969 0.0618484 0.0191887 0.00278131
 0.526222 0.364276 0.0833191 0.0193247 0.0068574
 0.695484 0.201989 0.0796777 0.0174004 0.00544911
 0.711338 0.235311 0.0358946 0.0135746 0.00388155
 0.664156 0.278802 0.0470402 0.00673919 0.00326248
 0.6441 0.279668 0.0638805 0.0101937 0.00215841
 0.554075 0.352634 0.0741568 0.0160429 0.00309055
 0.549372 0.327726 0.0988109 0.0191729 0.004918
 0.744175 0.192886 0.0468501 0.012951 0.00313855
 0.774898 0.206375 0.0146184 0.00306629 0.00104244
 0.775767 0.209549 0.0136844 0.000782748 0.000216615
 0.722383 0.251002 0.0251414 0.00137454 9.90417e-05
 0.643999 0.303728 0.0476629 0.0043571 0.000253691
 0.689382 0.244369 0.0571462 0.00830385 0.000798779
 0.651853 0.281269 0.0532555 0.0117577 0.00186499
 0.712725 0.223033 0.0523816 0.00945052 0.00240902
 0.642715 0.288588 0.0538237 0.0121349 0.00273897
 0.619139 0.284952 0.0778218 0.0141767 0.00391108
 0.66316 0.2473 0.0674681 0.0179159 0.0041558
 0.643393 0.275319 0.0601995 0.0158992 0.00518914
 0.338641 0.498082 0.12698 0.026897 0.00940032
pobs_pel_tallas
 0 0 0 0 0 0 0 0 0 0 0 0 0 0 0 0 0 0 0 0 0 0 0 0 0 0 0 0 0 0 0 0 0 0 0 0
 0 0 0 0 0 0 0 0 0 0 0 0 0 0 0 0 0 0 0 0 0 0 0 0 0 0 0 0 0 0 0 0 0 0 0 0
 0 0 0 0 0 0 0 0 0 0 0 0 0 0 0 0 0 0 0 0 0 0 0 0 0 0 0 0 0 0 0 0 0 0 0 0
 0 0 0 0 0 0 0 0 0 0 0 0 0 0 0 0 0 0 0 0 0 0 0 0 0 0 0 0 0 0 0 0 0 0 0 0
 0 0 0 0 0 0 0 0 0 0 0 0 0 0 0 0 0 0 0 0 0 0 0 0 0 0 0 0 0 0 0 0 0 0 0 0
 0 0 0 0 0 0 0 0 0 0 0 0 0 0 0 0 0 0 0 0 0 0 0 0 0 0 0 0 0 0 0 0 0 0 0 0
 0 0 0 0 0 0 0 0 0 0 0 0 0 0 0 0 0 0 0 0 0 0 0 0 0 0 0 0 0 0 0 0 0 0 0 0
 0 0 0 0 0 0 0 0 0 0 0 0 0 0 0 0 0 0 0 0 0 0 0 0 0 0 0 0 0 0 0 0 0 0 0 0
 0 0 0 0 0 0 0 0 0 0 0 0 0 0 0 0 0 0 0 0 0 0 0 0 0 0 0 0 0 0 0 0 0 0 0 0
 0 0 0 0 0 0 0 0 0 0 0 0 0 0 0 0 0 0 0 0 0 0 0 0 0 0 0 0 0 0 0 0 0 0 0 0
 0 0 0 0 0 0 0 0 1.78061e-05 0.00172719 0.00360574 0.0105946 0.0120993 0.0124554 0.0147524 0.0171206 0.0266825 0.0428682 0.0675386 0.121331 0.153587 0.119568 0.100827 0.0573624 0.0630603 0.0341343 0.0324427 0.0444173 0.0211091 0.0280891 0.0125444 0.00206551 0 0 0 0
 0 0 0 0 0 0 0 0 0 0 0 0 0 0 0 0 0 0 0 0 0 0 0 0 0 0 0 0 0 0 0 0 0 0 0 0
 0 0 0 0 0 0 0.0133647 0.0140871 0.0187388 0.0205184 0.03894 0.0496705 0.03968 0.0493445 0.0407372 0.0367815 0.0215668 0.0243155 0.0234873 0.0199281 0.019796 0.0243948 0.0301388 0.0376714 0.0412746 0.0863199 0.0771752 0.113111 0.0741005 0.0525337 0.0229764 0.00759418 0.00175318 0 0 0
 0 0 0 0 0 0 0 0 0 0 0.00219441 0.00772107 0.0458388 0.0604681 0.0671733 0.0775358 0.0609151 0.0617685 0.073594 0.0568108 0.0755445 0.0548602 0.0670107 0.0636378 0.0643287 0.046367 0.0373049 0.0286899 0.0247887 0.0153202 0.00654259 0.00121912 0.000365735 0 0 0
 0 0 0 0 0 0 0 0 0 0 0 0 0.000112435 0.00938835 0.0111873 0.0202946 0.0414886 0.0713402 0.111592 0.104902 0.108894 0.110636 0.117776 0.105296 0.107544 0.0401394 0.0192827 0.0124803 0.00416011 0.0028671 0.000618394 0 0 0 0 0
 0 0 0 0 0 0 0 0 0 0 0.00291406 0.0102884 0.027416 0.0768956 0.0749926 0.110853 0.0956884 0.0897413 0.0766577 0.0534642 0.0500743 0.0551293 0.0594112 0.0620874 0.0668451 0.0424026 0.0208742 0.0120726 0.0048766 0.00582813 0.00118941 0.000297354 0 0 0 0
 0 0.00264628 0.0354308 0.0461629 0.0458689 0.0383711 0.0214643 0.0164657 0.0346957 0.0420465 0.0363128 0.0245516 0.0311673 0.0291091 0.0169068 0.0133784 0.00837989 0.0085269 0.0148486 0.0160247 0.0276389 0.0546898 0.0760071 0.122758 0.109233 0.0665981 0.0333725 0.0166128 0.00676272 0.00308733 0.000882094 0 0 0 0 0
 0 0 0 0 0 0 0 0.000805153 0.000690131 0.00759144 0.0133425 0.0154129 0.00931677 0.000345066 0.00356568 0.00563607 0.00851162 0.0253048 0.0502646 0.0516448 0.0657925 0.0565908 0.0611916 0.0827007 0.0866115 0.110766 0.145733 0.0935128 0.0569358 0.0249597 0.0138026 0.00621118 0.00161031 0.00115022 0 0
 0 0 0 0 0 0 0 0 0 0 0 0 0 0 0 0 0 0 0 0 0 0 0 0 0 0 0 0 0 0 0 0 0 0 0 0
 0.00147267 0.00158595 0.00478618 0.00569244 0.00954404 0.0108468 0.00647125 0.017049 0.0510054 0.094081 0.124002 0.0959785 0.0687766 0.0820023 0.061753 0.0591476 0.0492212 0.0479892 0.0443925 0.0268479 0.0217502 0.0140895 0.0121071 0.0120363 0.00920419 0.00665534 0.0049561 0.00860946 0.00930331 0.0156896 0.0114698 0.00855282 0.00243557 0.00046729 0 2.83206e-05
 0 0 0 0 0.000772559 0.00158375 0.000888443 0.00281984 0.00712685 0.0440552 0.0773331 0.111326 0.0921469 0.0852325 0.0710754 0.0886704 0.0786465 0.0553345 0.0373146 0.0185414 0.00753245 0.00457741 0.012979 0.0271748 0.0457355 0.0583668 0.034881 0.0177882 0.00938659 0.00492506 0.0015258 0.00185414 0.000309023 5.79419e-05 3.86279e-05 0
 0 0.00173294 0.00326652 0 0.00397197 0.00683976 0.00946217 0.0152591 0.00757587 0.0136028 0.0228656 0.0392903 0.0559909 0.0764795 0.0681675 0.0726916 0.0566044 0.0477403 0.0527397 0.0444891 0.0609904 0.0582453 0.0661739 0.0445044 0.0529084 0.0360697 0.0280645 0.0235558 0.0158879 0.00826598 0.00280645 0.00217768 0.000904811 0.00058276 9.20147e-05 0
 0 0 0 0 0 0 0 0 0 0 0 0 0 0 0 0 0 0 0 0 0 0 0 0 0 0 0 0 0 0 0 0 0 0 0 0
 0 0 0 0 0 0 0 0 0 0 0 0 0 0 0 0 0 0 0 0 0 0 0 0 0 0 0 0 0 0 0 0 0 0 0 0
 0 0 0 0 0 0 0 0 0 0 0 0 0 0 0 0 0 0 0 0 0 0 0 0 0 0 0 0 0 0 0 0 0 0 0 0
ppred_pel_tallas
 1.00956e-16 3.26003e-05 0.000191335 0.000909516 0.00350168 0.0109197 0.0275822 0.0564371 0.0935515 0.125639 0.136726 0.120617 0.0863721 0.0504693 0.0246091 0.0110364 0.00620377 0.00592704 0.00763311 0.0101707 0.0130328 0.0158758 0.0183695 0.0202063 0.0211596 0.0211332 0.0201811 0.0184861 0.0163097 0.0139279 0.0115771 0.00942073 0.00754378 0.00596658 0.00466864 0.00361157
 1.00822e-16 3.11804e-05 0.000182995 0.000869856 0.00334896 0.0104434 0.0263793 0.0539762 0.0894738 0.120168 0.130785 0.115406 0.0827074 0.0484621 0.0238801 0.0111314 0.00684451 0.00703118 0.00922664 0.0123015 0.0157147 0.0190584 0.0219265 0.0239432 0.0248388 0.0245117 0.0230514 0.0207099 0.0178355 0.0147898 0.0118762 0.00929767 0.00714922 0.00543705 0.00411142 0.00309904
 1.01088e-16 2.57182e-05 0.000150917 0.000717332 0.00276167 0.00861192 0.0217533 0.0445118 0.0737898 0.0991174 0.107911 0.0953087 0.068494 0.0405158 0.0206755 0.0108304 0.00826739 0.00974446 0.0132322 0.017737 0.0226743 0.0275017 0.0316412 0.0345513 0.0358418 0.0353648 0.0332484 0.0298553 0.025688 0.0212689 0.0170377 0.0132898 0.0101652 0.00767562 0.00575143 0.00428795
 1.01573e-16 2.92054e-05 0.0001714 0.000814733 0.00313672 0.00978154 0.0247075 0.0505555 0.0838041 0.112555 0.122504 0.108109 0.0775012 0.0454586 0.0224892 0.0106358 0.00675317 0.00711853 0.00943436 0.0126493 0.0162561 0.0198634 0.0230724 0.0255055 0.0268786 0.0270634 0.0261108 0.0242277 0.0217169 0.0189018 0.0160615 0.0133928 0.0110031 0.00892733 0.00715478 0.00565515
 1.01753e-16 2.85501e-05 0.000167551 0.000796431 0.00306625 0.00956177 0.0241524 0.0494199 0.0819224 0.11003 0.119761 0.105702 0.0758047 0.0445223 0.0221347 0.0106492 0.00700032 0.00755483 0.0100651 0.0134912 0.017313 0.0211141 0.0244664 0.0269669 0.0283169 0.028389 0.0272518 0.0251418 0.0223972 0.0193738 0.0163737 0.0136034 0.0111674 0.00908804 0.00733758 0.00586869
 1.02286e-16 2.29733e-05 0.000134801 0.000640713 0.00246666 0.00769194 0.0194295 0.0397573 0.0659096 0.0885372 0.0964051 0.0851768 0.061279 0.0363818 0.0188139 0.01026 0.00832438 0.0101343 0.0138884 0.0186908 0.0239869 0.0292362 0.0338504 0.0372698 0.0390809 0.0391091 0.037454 0.03445 0.030573 0.0263236 0.0221261 0.0182704 0.0149022 0.0120506 0.00967319 0.00769872
 1.0205e-16 3.03474e-05 0.000178108 0.000846632 0.00325956 0.0101646 0.025675 0.0525349 0.0870838 0.116955 0.127281 0.112297 0.080443 0.0470621 0.0230559 0.0105261 0.00618432 0.00614905 0.00803517 0.0107746 0.0138903 0.0170472 0.0199139 0.0221748 0.0235879 0.0240346 0.0235406 0.0222571 0.0204134 0.0182572 0.0160039 0.0138073 0.0117554 0.00988436 0.00819956 0.00669509
 1.01235e-16 3.10399e-05 0.000182171 0.000865942 0.0033339 0.0103964 0.0262606 0.0537333 0.0890709 0.119626 0.130194 0.114879 0.0823202 0.0482155 0.0237223 0.0109976 0.00668296 0.00680711 0.00891897 0.0119011 0.0152265 0.0185046 0.0213476 0.0233958 0.0243887 0.0242244 0.022981 0.0208901 0.0182743 0.0154685 0.0127538 0.0103177 0.00824838 0.00655313 0.00518976 0.0040967
 1.01143e-16 2.89844e-05 0.000170099 0.000808541 0.00311287 0.00970715 0.0245196 0.0501714 0.0831685 0.111704 0.121586 0.107318 0.0769762 0.0452348 0.0225337 0.0109137 0.00726492 0.007898 0.0105255 0.0140795 0.0180139 0.0218826 0.025228 0.0276224 0.0287555 0.0285055 0.0269654 0.0244114 0.0212291 0.0178212 0.0145271 0.0115761 0.00907891 0.00704892 0.0054383 0.00417342
 1.0145e-16 2.81099e-05 0.000164965 0.000784132 0.00301889 0.00941408 0.0237794 0.0486568 0.080658 0.108333 0.11792 0.104089 0.0746744 0.0439114 0.0219294 0.0107134 0.00725439 0.00798066 0.0106783 0.0143124 0.0183493 0.022347 0.0258477 0.0284201 0.0297465 0.029694 0.0283415 0.0259498 0.0228896 0.0195512 0.0162666 0.0132639 0.0106588 0.00847548 0.00668068 0.00521691
 1.01864e-16 2.41874e-05 0.00014193 0.000674605 0.00259716 0.0080989 0.0204574 0.0418604 0.0693951 0.0932164 0.101492 0.0896529 0.0644587 0.038188 0.0195977 0.0104465 0.00819602 0.00980966 0.0133868 0.0179931 0.0230694 0.0280852 0.0324687 0.0356782 0.0373156 0.0372165 0.0354844 0.0324517 0.0285888 0.0243894 0.020272 0.0165218 0.0132811 0.0105758 0.00835914 0.0065544
 1.02399e-16 2.39813e-05 0.000140722 0.000668869 0.00257508 0.00803007 0.0202835 0.0415044 0.0688044 0.0924213 0.100622 0.0888739 0.0638762 0.0377981 0.0193159 0.0101669 0.00782925 0.00929124 0.0126752 0.0170718 0.0219539 0.0268312 0.0311737 0.034474 0.0363508 0.0366324 0.0353889 0.0328996 0.0295715 0.0258379 0.0220707 0.0185295 0.0153535 0.0125843 0.0102042 0.00817101
 1.0132e-16 3.247e-05 0.000190571 0.000905885 0.0034877 0.0108761 0.0274721 0.0562117 0.0931778 0.125137 0.136179 0.120131 0.0860197 0.0502534 0.0244854 0.01095 0.00611261 0.0058054 0.0074667 0.00995328 0.0127661 0.0155712 0.0180484 0.0199001 0.0209059 0.0209714 0.020146 0.0186032 0.0165909 0.0143704 0.0121635 0.0101224 0.00832406 0.00678563 0.00548739 0.00439534
 1.00429e-16 3.38102e-05 0.000198438 0.000943282 0.00363168 0.0113251 0.0286063 0.0585324 0.0970246 0.130303 0.141801 0.125091 0.0895717 0.052329 0.0254963 0.0113986 0.00635133 0.00600845 0.00769278 0.0102007 0.0129969 0.0157178 0.0180179 0.0195825 0.0201894 0.0197612 0.0183838 0.0162813 0.0137589 0.0111309 0.0086593 0.00651699 0.00478088 0.00344873 0.00246801 0.00176495
 1.003e-16 3.38482e-05 0.000198661 0.000944342 0.00363576 0.0113378 0.0286384 0.0585982 0.0971337 0.13045 0.141962 0.125234 0.0896773 0.0523971 0.0255415 0.0114388 0.00640148 0.00607867 0.0077895 0.0103269 0.0131512 0.0158937 0.018203 0.0197594 0.0203377 0.0198606 0.0184171 0.0162376 0.0136351 0.0109322 0.00839773 0.00620955 0.00444688 0.00310735 0.00213631 0.00145654
 1.00491e-16 3.15222e-05 0.000185001 0.000879392 0.00338567 0.0105579 0.0266685 0.0545679 0.0904548 0.121486 0.132219 0.116672 0.0836168 0.0489983 0.0241503 0.0112666 0.00693839 0.00713224 0.00935376 0.0124569 0.0158893 0.019232 0.0220686 0.0240153 0.0247994 0.0243224 0.0226842 0.0201528 0.0170951 0.0138915 0.0108603 0.00821386 0.00605001 0.00437152 0.00312034 0.00221199
 1.00938e-16 2.81064e-05 0.000164943 0.000784021 0.00301845 0.00941271 0.0237759 0.04865 0.0806473 0.108321 0.117912 0.104094 0.0747042 0.0439818 0.0220619 0.0109377 0.00760753 0.00850307 0.0114055 0.0152641 0.0195167 0.0236842 0.0272678 0.0298018 0.0309492 0.0305802 0.0288009 0.0259185 0.0223604 0.0185723 0.0149306 0.0116897 0.00897231 0.00679252 0.005095 0.00379425
 1.01214e-16 3.0083e-05 0.000176552 0.000839226 0.00323103 0.0100756 0.0254503 0.0520755 0.0863234 0.115938 0.126184 0.111352 0.0798153 0.0467947 0.0231099 0.0108605 0.00680083 0.00709029 0.00935698 0.0125146 0.0160404 0.0195351 0.0225957 0.0248446 0.0260036 0.0259559 0.0247699 0.0226731 0.0199893 0.01706 0.014176 0.0115379 0.00924811 0.00732915 0.0057531 0.00447037
 1.01339e-16 2.8448e-05 0.00016695 0.000793569 0.00305522 0.00952738 0.0240656 0.0492424 0.0816286 0.109637 0.119338 0.105339 0.0755673 0.0444286 0.0221728 0.010807 0.00728367 0.00798553 0.0106697 0.0142871 0.0182968 0.0222527 0.025694 0.0281887 0.0294215 0.0292651 0.0278072 0.025319 0.022182 0.0187953 0.0154961 0.0125136 0.00996011 0.00785271 0.00614911 0.0047823
 1.01254e-16 3.11e-05 0.000182525 0.000867625 0.00334038 0.0104166 0.0263117 0.0538376 0.0892436 0.119857 0.130442 0.115093 0.0824595 0.0482701 0.0236992 0.0109041 0.00651626 0.00655561 0.00856933 0.0114464 0.0146736 0.0178783 0.020692 0.0227703 0.0238591 0.0238514 0.0228082 0.0209353 0.0185256 0.0158879 0.0132848 0.0108966 0.00881522 0.00706034 0.00560683 0.00441088
 1.01404e-16 2.80498e-05 0.000164612 0.000782451 0.00301241 0.00939388 0.0237283 0.0485525 0.0804853 0.108102 0.11767 0.103873 0.07453 0.0438472 0.0219353 0.0107786 0.00737711 0.00816789 0.0109398 0.014654 0.0187672 0.0228242 0.026353 0.0289108 0.0301743 0.0300135 0.0285187 0.0259686 0.0227546 0.0192862 0.0159091 0.0128576 0.0102462 0.00809166 0.00634969 0.00495104
 1.01868e-16 2.70217e-05 0.000158576 0.000753757 0.00290193 0.00904935 0.0228581 0.0467719 0.0775339 0.104139 0.113359 0.100073 0.0718163 0.0422768 0.021199 0.0105 0.00729708 0.00816516 0.0109805 0.0147463 0.0189391 0.0231159 0.0268123 0.0295877 0.0311136 0.031246 0.0300535 0.0277875 0.024811 0.0215087 0.0182093 0.0151408 0.0124228 0.0100868 0.00811021 0.0064479
 1.01849e-16 2.89397e-05 0.00016984 0.000807314 0.00310816 0.00969246 0.0244825 0.0500952 0.0830412 0.111531 0.121391 0.10713 0.0768075 0.0450677 0.0223252 0.0106072 0.00679953 0.00721483 0.00957613 0.0128385 0.0164931 0.0201437 0.0233861 0.0258382 0.0272149 0.0273904 0.0264217 0.0245238 0.0220071 0.0192004 0.0163841 0.0137517 0.0114041 0.00936766 0.00762347 0.00613523
 1.01734e-16 2.80789e-05 0.000164783 0.00078327 0.00301557 0.00940374 0.0237532 0.0486033 0.0805692 0.108214 0.117789 0.103971 0.0745849 0.043849 0.0218802 0.0106597 0.00718026 0.00787324 0.0105277 0.0141126 0.0180994 0.0220539 0.0255266 0.0280945 0.0294462 0.029451 0.0281859 0.0259054 0.0229707 0.0197609 0.0165968 0.0136968 0.0111695 0.00903498 0.007259 0.00578595
 1.03329e-16 1.47994e-05 8.68006e-05 0.000412485 0.00158788 0.00495146 0.0125075 0.0255954 0.04244 0.0570348 0.062168 0.0550812 0.0399627 0.0244 0.0138569 0.00954028 0.0100308 0.0135693 0.0190116 0.0256844 0.0330014 0.0402655 0.04668 0.0514789 0.0540919 0.0542724 0.0521457 0.0481574 0.0429466 0.0371881 0.0314568 0.026148 0.0214652 0.0174565 0.0140747 0.0112346
pSPR Fmed_Fpbrs
0.484217   0.6 0.325
Fs Fmed_Fpbrs
0.747686   0.455049 1.57278
SSBpbr Bo_Bmed_Bpbrs
836097  363048  459853 229927
Ro
32800.9
SPR SPRFo_SPRFmed_SPRFpbrs
676012 327337 219704
log_Ro
10.2182
likeval ReclasPelacesDesembMPH_pf_preclas_ppelaces_ptallas_desvR_qrecl_qpela
 68.7695 17.9737 0.00768636 16.4882 279.358 190.596 70.2914 0 16.7728 2.07019e-06 9.14488e-05 1.12903e-14 0 0 0
q_reclas_q_pelaces
0.815555 3.89818
M
0.7
N
 35436 10610.7 3417.87 403.145 0.215432
 42542.6 15917.9 2625.96 616.013 70.9122
 20513.3 19251.9 4146.86 509.993 130.353
 28715.6 8628.65 3019.15 384.779 56.9933
 48182.1 13733.6 3300.38 1025.38 148.635
 35552.7 23765.4 6507.37 1530.76 543.606
 65810.6 16485 7330.8 1616.06 506.344
 89885.2 31221.5 5961.32 2294.52 656.725
 94897.3 40975.9 8559.36 1246.97 604.214
 108978 43441.9 11564.2 1867.64 395.712
 67188.1 51050.5 14387.4 3184.87 614.305
 44475.1 29842.3 11682 2313.66 594.126
 50418 19994.1 7426.36 2122.49 515.29
 27804 21295.5 3226.82 718.461 245.042
 13833.9 10333.8 1413.83 85.704 23.7918
 11562.2 5182.55 724.947 40.6873 2.93584
 8974.95 5055.46 1063.43 99.4743 5.79906
 10893.9 3985.99 1156.19 170.868 16.4514
 12165.9 4983.43 1119.39 250.475 39.7588
 19115 5660.54 1574.51 287.865 73.432
 24810.6 8899.55 1796.44 407.542 92.0169
 31647.9 11954.8 3584.82 657.851 181.56
 47703.8 15165.9 4635.67 1242.02 288.239
 61816.6 22684.7 5574.7 1485.88 485.199
 24040.3 29360.8 8269.6 1765.43 617.267
pred_Ctot
 2445.88 3982.15 1657.24 198.475 0.106146
 2728.71 5645.25 1212.15 288.872 33.2812
 2277.92 10099.4 2654.4 330.122 84.4281
 763.572 1447.33 701.404 91.2353 13.5284
 233.391 453.88 157.259 50.021 7.25992
 1701.1 6653.35 2433.26 582.592 207.086
 2118.54 3281.37 2001.23 449.932 141.12
 5326.42 10403.7 2605.11 1019.21 291.965
 5358.54 13137.3 3614.76 535.457 259.681
 4455.82 10650.1 3830.64 630.234 133.664
 5134.03 20682.2 7449.11 1672.96 322.931
 3046.46 11134.6 5635.84 1133.39 291.279
 5469.03 10332.3 4697.55 1358 329.888
 5114.56 14750.3 2535.11 568.146 193.842
 2483.3 7077.43 1102.24 67.2677 18.6804
 1001.01 2298.58 405.036 23.0394 1.66362
 686.286 2049.21 550.838 52.2751 3.04981
 620.314 1286.58 491.203 73.8072 7.11253
 553.628 1337.84 402.922 91.7916 14.5843
 861.516 1507.35 562.57 104.724 26.7397
 530.665 1223.3 345.216 79.9887 18.0806
 798.065 1911 795.624 149.045 41.18
 1458.02 2882.82 1211.93 331.227 76.9503
 1940.43 4415.59 1490.27 405.148 132.436
 645.695 4969.72 1937.77 422.201 147.779
F
 0.100286 0.696421 1.0135 1.03839 1.03973
 0.0928947 0.64509 0.938803 0.961852 0.963097
 0.165983 1.15264 1.67744 1.71862 1.72085
 0.0375922 0.261052 0.379911 0.389238 0.389742
 0.00675565 0.0469134 0.0682733 0.0699495 0.07004
 0.0685666 0.476148 0.692941 0.709954 0.710873
 0.0456717 0.317159 0.461563 0.472895 0.473507
 0.0855495 0.594083 0.864571 0.885798 0.886944
 0.0813716 0.56507 0.82235 0.84254 0.84363
 0.0583312 0.40507 0.589501 0.603974 0.604756
 0.111569 0.774768 1.12752 1.15521 1.1567
 0.0994903 0.690892 1.00546 1.03014 1.03148
 0.161851 1.12394 1.63568 1.67584 1.67801
 0.289761 2.01219 2.92835 3.00025 3.00413
 0.281824 1.95708 2.84815 2.91807 2.92185
 0.12727 0.8838 1.2862 1.31778 1.31948
 0.111652 0.775344 1.12836 1.15607 1.15756
 0.0820813 0.569999 0.829522 0.849888 0.850988
 0.0651142 0.452174 0.658051 0.674207 0.675079
 0.0644716 0.447711 0.651556 0.667553 0.668417
 0.0301388 0.209294 0.304586 0.312064 0.312468
 0.0356191 0.24735 0.35997 0.368808 0.369286
 0.0433178 0.300813 0.437774 0.448522 0.449103
 0.0445121 0.309106 0.449843 0.460888 0.461484
 0.0379776 0.263728 0.383805 0.393228 0.393737
nmprior
 10 11 7 0
nm_flota  nm_reclas  nm_pelaces    nm_pelaL
inf 16.4012 18.104 32.3094
cv_recla  cv_pelaces  cv_mph
0.750107 0.415721 0.395227
 ------------------------------------------------
Talla a la edad & desviación 
 7.2 14.2025 17.0495 18.207 18.6776
 1.08 2.13037 2.55742 2.73105 2.80164
