years
 1997 1998 1999 2000 2001 2002 2003 2004 2005 2006 2007 2008 2009 2010 2011 2012 2013 2014 2015 2016 2017 2018 2019 2020
reclasobs
 0 0 0 370054 412103 1.49427e+06 250295 1.28982e+06 931140 785840 897777 1.04006e+06 184774 17550 25797 100020 73551 82996 120727 218422 84188 347160 605670 569463
reclaspred
 1.9805e+06 306212 631635 312905 353268 438700 1.00191e+06 748985 816076 1.19405e+06 1.34301e+06 924441 493333 206490 133063 132708 155057 203856 195535 287738 516790 472506 720402 794760
pelacesobs
 0 0 0 0 0 0 0 0 0 2.06254e+06 1.5e+06 0 1.87456e+06 323000 250000 174000 83755 137374 0 501740 490994 745055 786931 1.00524e+06
pelacespred
 1.08044e+06 370940 225773 222398 213347 195779 514731 474494 450482 697141 698021 500458 269470 89479.9 56350.4 63991.1 78218.3 103755 105418 149255 285711 286169 328579 421937
mphobs
 0 0 0 0 0 112323 0 153150 637223 0 255016 313432 73983 77613 109348 50772 0 0 0 0 0 0 0 0
mphpred
 1.49438e+06 680934 412228 356847 274010 388610 578528 812038 698187 819309 1.34533e+06 967698 577437 275335 122828 109552 123846 160977 182601 187749 377303 460945 511860 659375
desembarqueobs
 350755 77701 442110 56441 14545 235359 269955 359681 431902 328805 639364 411747 362871 311530 167758 66681 60226 58785 57116 71774 51957 67425 138520 160799
desembarquepred
 350448 77575.9 442179 56402.4 14536 235580 269955 359280 432367 328632 638532 411507 362943 311292 167596 66635.6 60016 58716.8 57151.8 71775.5 51957.3 67300.7 138160 160766
Reclutas
 40038.3 26845.2 23732.4 20565 42886.8 42944 81031.9 70685.9 91050.6 223116 61139.4 35035.3 38425.4 26778.9 20478.1 17293.5 13369.5 13401.3 10730.6 40081.5 39239 39186.1 66949.2 64268.3
log_desv_Rt
 0.0775921 -0.322159 -0.445403 -0.588652 0.146318 0.147652 0.782598 0.646001 0.89917 1.79545 0.500912 -0.0558884 0.0364751 -0.324629 -0.592889 -0.761916 -1.01927 -1.01689 -1.23915 0.0786691 0.0574259 0.0560781 0.591689 0.550821
SSB
 1.49438e+06 680934 412228 356847 274010 388610 578528 812038 698187 819309 1.34533e+06 967698 577437 275335 122828 109552 123846 160977 182601 187749 377303 460945 511860 659375
BT
 2.80952e+06 833927 814994 515798 506118 582853 1.63037e+06 1.46025e+06 1.52346e+06 2.17524e+06 1.98244e+06 1.3705e+06 932760 491910 285813 201063 230360 280031 262957 440793 708289 629227 793211 1.02876e+06
Ftot
 0.171606 0.244441 0.653011 0.174817 0.0402392 0.507912 0.260345 0.4567 0.503169 0.266185 0.451289 0.423343 0.684332 1.30759 1.13043 0.477161 0.370804 0.277597 0.281349 0.24144 0.0980036 0.138453 0.185896 0.195962
BD_Bspro_t
 0.974198 0.831009 0.675396 0.462476 0.534807 0.679534 0.610197 0.647433 0.573755 0.567112 0.650803 0.494956 0.37574 0.253732 0.149611 0.160979 0.234367 0.355579 0.440999 0.511977 0.694389 0.778948 0.771569 0.760119
BD_Bspro
 1.96053 0.89334 0.540816 0.46816 0.359482 0.50983 0.758991 1.06534 0.915975 1.07488 1.76498 1.26955 0.757559 0.361222 0.161142 0.143725 0.162478 0.211191 0.239561 0.246314 0.494996 0.604729 0.671527 0.865056
BD_Bo
 1.49591 0.681629 0.412649 0.357211 0.274289 0.389006 0.579119 0.812867 0.6989 0.820145 1.3467 0.968686 0.578026 0.275616 0.122953 0.109664 0.123973 0.161141 0.182788 0.18794 0.377688 0.461416 0.512383 0.660048
BD_Brms
 7.28328 3.31872 2.00911 1.73919 1.33546 1.894 2.81962 3.95769 3.40281 3.99313 6.55683 4.71634 2.8143 1.34192 0.598635 0.533932 0.603599 0.784566 0.889958 0.915044 1.83889 2.24654 2.49469 3.21365
S_f
 0.5 1 1 1 1
 0.5 1 1 1 1
 0.5 1 1 1 1
 0.5 1 1 1 1
 0.5 1 1 1 1
 0.5 1 1 1 1
 0.5 1 1 1 1
 0.5 1 1 1 1
 0.5 1 1 1 1
 0.5 1 1 1 1
 0.5 1 1 1 1
 0.5 1 1 1 1
 0.5 1 1 1 1
 0.5 1 1 1 1
 0.5 1 1 1 1
 0.5 1 1 1 1
 0.5 1 1 1 1
 0.5 1 1 1 1
 0.5 1 1 1 1
 0.5 1 1 1 1
 0.5 1 1 1 1
 0.5 1 1 1 1
 0.5 1 1 1 1
 0.5 1 1 1 1
Scru_reclas
 0.5 1 1 1 1
 0.5 1 1 1 1
 0.5 1 1 1 1
 0.5 1 1 1 1
 0.5 1 1 1 1
 0.5 1 1 1 1
 0.5 1 1 1 1
 0.5 1 1 1 1
 0.5 1 1 1 1
 0.5 1 1 1 1
 0.5 1 1 1 1
 0.5 1 1 1 1
 0.5 1 1 1 1
 0.5 1 1 1 1
 0.5 1 1 1 1
 0.5 1 1 1 1
 0.5 1 1 1 1
 0.5 1 1 1 1
 0.5 1 1 1 1
 0.5 1 1 1 1
 0.5 1 1 1 1
 0.5 1 1 1 1
 0.5 1 1 1 1
 0.5 1 1 1 1
Scru_pelaces
 0.5 1 1 1 1
 0.5 1 1 1 1
 0.5 1 1 1 1
 0.5 1 1 1 1
 0.5 1 1 1 1
 0.5 1 1 1 1
 0.5 1 1 1 1
 0.5 1 1 1 1
 0.5 1 1 1 1
 0.5 1 1 1 1
 0.5 1 1 1 1
 0.5 1 1 1 1
 0.5 1 1 1 1
 0.5 1 1 1 1
 0.5 1 1 1 1
 0.5 1 1 1 1
 0.5 1 1 1 1
 0.5 1 1 1 1
 0.5 1 1 1 1
 0.5 1 1 1 1
 0.5 1 1 1 1
 0.5 1 1 1 1
 0.5 1 1 1 1
 0.5 1 1 1 1
pf_obs 
 0.256992 0.487395 0.22802 0.0275931 0
 0.321318 0.546541 0.124235 0.00734118 0.000564706
 0.182869 0.594174 0.210203 0.0122559 0.00049798
 0.330522 0.361315 0.267642 0.0388342 0.00168674
 0.649043 0.306663 0.0425973 0.00169635 0
 0.582887 0.30429 0.105238 0.00758474 0
 0.465427 0.430635 0.0974691 0.00646863 0
 0.296916 0.608066 0.0921331 0.00288517 0
 0.311714 0.524322 0.152257 0.0117073 0
 0.15457 0.633149 0.183074 0.0267441 0.00246327
 0.131901 0.49318 0.331252 0.0422183 0.00144891
 0.196976 0.569456 0.194076 0.0375587 0.00193317
 0.518974 0.381816 0.0799577 0.0180837 0.00116848
 0.0928022 0.601141 0.25162 0.0475244 0.00691264
 0.122501 0.610282 0.24278 0.0234846 0.000952079
 0.383417 0.481906 0.127806 0.00687128 0
 0.0376549 0.599619 0.316969 0.0457579 0
 0.0361596 0.667082 0.258105 0.0386534 0
 0.158088 0.579412 0.248529 0.0139706 0
 0.0477256 0.309471 0.559284 0.082774 0.000745712
 0.0406174 0.521527 0.379366 0.0568643 0.0016247
 0.151134 0.462217 0.34131 0.0453401 0
 0.294876 0.26143 0.354403 0.0886775 0.000613685
 0.281977 0.475581 0.204845 0.0348837 0.00271318
pf_pred 
 0.321944 0.341343 0.169506 0.0841743 0.0830323
 0.278988 0.359975 0.181751 0.0902551 0.0890306
 0.34227 0.298311 0.179444 0.0906015 0.0893724
 0.412223 0.328237 0.117714 0.0708087 0.0710176
 0.579386 0.250608 0.0949381 0.0340471 0.0410213
 0.456649 0.399842 0.0855046 0.0323918 0.0256125
 0.63125 0.243824 0.0919308 0.019659 0.0133362
 0.463879 0.421789 0.075598 0.0285033 0.0102303
 0.545582 0.301825 0.120051 0.021517 0.0110245
 0.71188 0.211981 0.0505717 0.020115 0.00545245
 0.225695 0.652056 0.0899433 0.0214575 0.0108482
 0.239814 0.303679 0.384433 0.0530278 0.0190465
 0.394697 0.252121 0.141089 0.178607 0.0334857
 0.435868 0.347208 0.090353 0.0505624 0.0760082
 0.561908 0.306867 0.080766 0.0210175 0.0294422
 0.564524 0.341825 0.0655984 0.0172652 0.0107867
 0.444412 0.416067 0.109517 0.021017 0.00898752
 0.45218 0.350868 0.147493 0.0388231 0.0106364
 0.386738 0.393289 0.140888 0.0592247 0.0198601
 0.72474 0.158993 0.0745628 0.0267106 0.0149935
 0.491138 0.432257 0.044248 0.0207509 0.0116063
 0.419811 0.385782 0.16514 0.0169046 0.0123618
 0.535501 0.279071 0.123296 0.0527786 0.00935351
 0.439433 0.397183 0.0981612 0.0433684 0.0218545
pobs_RECLAS
 0 0 0 0 0
 0 0 0 0 0
 0 0 0 0 0
 0 0 0 0 0
 0.835266 0.146461 0.0176864 0.000547809 3.91292e-05
 0.385257 0.428462 0.181853 0.0044286 0
 0.867414 0.0963971 0.0333333 0.00285562 0
 0.441836 0.489002 0.0689373 0.000224442 0
 0.779404 0.147425 0.0564933 0.0165055 0.000172143
 0.814271 0.122319 0.05973 0.00367925 0
 0.40263 0.566651 0.0304383 0.000280538 0
 0.475488 0.404961 0.113038 0.00651328 0
 0.955842 0.0263864 0.0167828 0.000988607 0
 0.975058 0.0227948 0.00214734 0 0
 0.738997 0.206755 0.0527124 0.00153531 0
 0.850938 0.134255 0.0134407 0.00136685 0
 0.542534 0.407297 0.0501686 0 0
 0.764087 0.199537 0.0359546 0.000420521 0
 0.470689 0.182191 0.310203 0.0369168 0
 0.84361 0.089868 0.0606195 0.00523954 0.000663233
 0.607945 0.314616 0.071237 0.00620181 0
 0.523733 0.453247 0.0230204 0 0
 0.530135 0.295979 0.169645 0.0042399 0
 0.562478 0.366248 0.0663022 0.0049721 0
ppred_RECLAS
 0.323224 0.340699 0.169186 0.0840153 0.0828756
 0.280778 0.359081 0.1813 0.090031 0.0888096
 0.349424 0.295067 0.177493 0.0896161 0.0884004
 0.413674 0.327427 0.117423 0.0706339 0.0708423
 0.579681 0.250432 0.0948714 0.0340231 0.0409925
 0.462222 0.395741 0.0846277 0.0320596 0.0253498
 0.633478 0.24235 0.0913753 0.0195403 0.0132556
 0.468728 0.417974 0.0749143 0.0282456 0.0101377
 0.55107 0.29818 0.118602 0.0212572 0.0108914
 0.713895 0.210498 0.050218 0.0199743 0.00541431
 0.229064 0.649219 0.0895519 0.0213641 0.010801
 0.243045 0.302388 0.382799 0.0528025 0.0189656
 0.402791 0.24875 0.139203 0.176219 0.033038
 0.457465 0.333916 0.0868939 0.0486267 0.0730982
 0.579075 0.294841 0.077601 0.0201939 0.0282885
 0.569593 0.337847 0.0648349 0.0170643 0.0106612
 0.448087 0.413314 0.108792 0.0208779 0.00892806
 0.454748 0.349223 0.146802 0.0386411 0.0105865
 0.389239 0.391685 0.140314 0.0589832 0.0197791
 0.726482 0.157987 0.0740908 0.0265416 0.0148986
 0.491919 0.431593 0.0441801 0.0207191 0.0115885
 0.420929 0.385039 0.164822 0.016872 0.012338
 0.5371 0.278111 0.122871 0.052597 0.00932133
 0.441117 0.395989 0.0978663 0.0432381 0.0217889
pobs_PELACES
 0 0 0 0 0
 0 0 0 0 0
 0 0 0 0 0
 0 0 0 0 0
 0 0 0 0 0
 0 0 0 0 0
 0 0 0 0 0
 0 0 0 0 0
 0 0 0 0 0
 0 0 0 0 0
 0.450072 0.473896 0.0757376 0.000293798 0
 0 0 0 0 0
 0.463077 0.371075 0.160297 0.00555027 0
 0.529543 0.364841 0.0842815 0.0213345 0
 0.631943 0.363953 0.00410389 0 0
 0.735681 0.248677 0.0153453 0.000297389 0
 0.695825 0.281241 0.0229344 0 0
 0.275771 0.60734 0.115278 0.00161068 0
 0 0 0 0 0
 0.896147 0.0623911 0.0374545 0.00400742 0
 0.803859 0.145111 0.0509908 3.86294e-05 0
 0.739449 0.233085 0.0266225 0.000797448 4.60066e-05
 0.878498 0.100942 0.0204185 0.000141795 0
 0.694673 0.275183 0.0284847 0.00165964 0
ppred_PELACES
 0.329449 0.337565 0.16763 0.0832426 0.0821133
 0.288994 0.354979 0.179229 0.0890025 0.0877951
 0.374297 0.283786 0.170707 0.0861899 0.0850206
 0.420687 0.32351 0.116018 0.0697891 0.069995
 0.581298 0.249468 0.0945065 0.0338922 0.0408348
 0.483107 0.380372 0.081341 0.0308145 0.0243653
 0.643394 0.235794 0.0889033 0.0190116 0.012897
 0.487529 0.403183 0.0722632 0.027246 0.00977898
 0.571511 0.284603 0.113202 0.0202893 0.0103955
 0.722781 0.203961 0.0486583 0.019354 0.00524616
 0.242478 0.637922 0.0879937 0.0209924 0.0106131
 0.256125 0.297163 0.376184 0.05189 0.0186378
 0.430225 0.237323 0.132808 0.168124 0.0315203
 0.511299 0.300783 0.0782718 0.0438017 0.0658451
 0.623751 0.263548 0.0693648 0.0180506 0.0252861
 0.58878 0.322786 0.0619447 0.0163036 0.0101859
 0.463261 0.401951 0.105801 0.0203039 0.00868259
 0.466126 0.341935 0.143738 0.0378347 0.0103656
 0.40033 0.384572 0.137766 0.0579121 0.0194199
 0.734326 0.153456 0.071966 0.0257804 0.0144713
 0.495961 0.42816 0.0438286 0.0205542 0.0114963
 0.426507 0.38133 0.163234 0.0167095 0.0122191
 0.544716 0.273535 0.12085 0.0517316 0.00916795
 0.449103 0.390331 0.0964679 0.0426203 0.0214775
pobs_pel_tallas
 0 0 0 0 0 0 0 0 0 0 0 0 0 0 0 0 0 0 0 0 0 0 0 0 0 0 0 0 0 0 0 0 0 0 0 0
 0 0 0 0 0 0 0 0 0 0 0 0 0 0 0 0 0 0 0 0 0 0 0 0 0 0 0 0 0 0 0 0 0 0 0 0
 0 0 0 0 0 0 0 0 0 0 0 0 0 0 0 0 0 0 0 0 0 0 0 0 0 0 0 0 0 0 0 0 0 0 0 0
 0 0 0 0 0 0 0 0 0 0 0 0 0 0 0 0 0 0 0 0 0 0 0 0 0 0 0 0 0 0 0 0 0 0 0 0
 0 0 0 0 0 0 0 0 0 0 0 0 0 0 0 0 0 0 0 0 0 0 0 0 0 0 0 0 0 0 0 0 0 0 0 0
 0 0 0 0 0 0 0 0 0 0 0 0 0 0 0 0 0 0 0 0 0 0 0 0 0 0 0 0 0 0 0 0 0 0 0 0
 0 0 0 0 0 0 0 0 0 0 0 0 0 0 0 0 0 0 0 0 0 0 0 0 0 0 0 0 0 0 0 0 0 0 0 0
 0 0 0 0 0 0 0 0 0 0 0 0 0 0 0 0 0 0 0 0 0 0 0 0 0 0 0 0 0 0 0 0 0 0 0 0
 0 0 0 0 0 0 0 0 0 0 0 0 0 0 0 0 0 0 0 0 0 0 0 0 0 0 0 0 0 0 0 0 0 0 0 0
 0 0 0 0 0 0 0 0 0 0 0 0 0 0 0 0 0 0 0 0 0 0 0 0 0 0 0 0 0 0 0 0 0 0 0 0
 0 0 0 0 0 0 0 0 1.78061e-05 0.00172719 0.00360574 0.0105946 0.0120993 0.0124554 0.0147524 0.0171206 0.0266825 0.0428682 0.0675386 0.121331 0.153587 0.119568 0.100827 0.0573624 0.0630603 0.0341343 0.0324427 0.0444173 0.0211091 0.0280891 0.0125444 0.00206551 0 0 0 0
 0 0 0 0 0 0 0 0 0 0 0 0 0 0 0 0 0 0 0 0 0 0 0 0 0 0 0 0 0 0 0 0 0 0 0 0
 0 0 0 0 0 0 0.0133647 0.0140871 0.0187388 0.0205184 0.03894 0.0496705 0.03968 0.0493445 0.0407372 0.0367815 0.0215668 0.0243155 0.0234873 0.0199281 0.019796 0.0243948 0.0301388 0.0376714 0.0412746 0.0863199 0.0771752 0.113111 0.0741005 0.0525337 0.0229764 0.00759418 0.00175318 0 0 0
 0 0 0 0 0 0 0 0 0 0 0.00219441 0.00772107 0.0458388 0.0604681 0.0671733 0.0775358 0.0609151 0.0617685 0.073594 0.0568108 0.0755445 0.0548602 0.0670107 0.0636378 0.0643287 0.046367 0.0373049 0.0286899 0.0247887 0.0153202 0.00654259 0.00121912 0.000365735 0 0 0
 0 0 0 0 0 0 0 0 0 0 0 0 0.000112435 0.00938835 0.0111873 0.0202946 0.0414886 0.0713402 0.111592 0.104902 0.108894 0.110636 0.117776 0.105296 0.107544 0.0401394 0.0192827 0.0124803 0.00416011 0.0028671 0.000618394 0 0 0 0 0
 0 0 0 0 0 0 0 0 0 0 0.00291406 0.0102884 0.027416 0.0768956 0.0749926 0.110853 0.0956884 0.0897413 0.0766577 0.0534642 0.0500743 0.0551293 0.0594112 0.0620874 0.0668451 0.0424026 0.0208742 0.0120726 0.0048766 0.00582813 0.00118941 0.000297354 0 0 0 0
 0 0.00264628 0.0354308 0.0461629 0.0458689 0.0383711 0.0214643 0.0164657 0.0346957 0.0420465 0.0363128 0.0245516 0.0311673 0.0291091 0.0169068 0.0133784 0.00837989 0.0085269 0.0148486 0.0160247 0.0276389 0.0546898 0.0760071 0.122758 0.109233 0.0665981 0.0333725 0.0166128 0.00676272 0.00308733 0.000882094 0 0 0 0 0
 0 0 0 0 0 0 0 0.000805153 0.000690131 0.00759144 0.0133425 0.0154129 0.00931677 0.000345066 0.00356568 0.00563607 0.00851162 0.0253048 0.0502646 0.0516448 0.0657925 0.0565908 0.0611916 0.0827007 0.0866115 0.110766 0.145733 0.0935128 0.0569358 0.0249597 0.0138026 0.00621118 0.00161031 0.00115022 0 0
 0 0 0 0 0 0 0 0 0 0 0 0 0 0 0 0 0 0 0 0 0 0 0 0 0 0 0 0 0 0 0 0 0 0 0 0
 0.00147267 0.00158595 0.00478618 0.00569244 0.00954404 0.0108468 0.00647125 0.017049 0.0510054 0.094081 0.124002 0.0959785 0.0687766 0.0820023 0.061753 0.0591476 0.0492212 0.0479892 0.0443925 0.0268479 0.0217502 0.0140895 0.0121071 0.0120363 0.00920419 0.00665534 0.0049561 0.00860946 0.00930331 0.0156896 0.0114698 0.00855282 0.00243557 0.00046729 0 2.83206e-05
 0 0 0 0 0.000772559 0.00158375 0.000888443 0.00281984 0.00712685 0.0440552 0.0773331 0.111326 0.0921469 0.0852325 0.0710754 0.0886704 0.0786465 0.0553345 0.0373146 0.0185414 0.00753245 0.00457741 0.012979 0.0271748 0.0457355 0.0583668 0.034881 0.0177882 0.00938659 0.00492506 0.0015258 0.00185414 0.000309023 5.79419e-05 3.86279e-05 0
 0 0.00173294 0.00326652 0 0.00397197 0.00683976 0.00946217 0.0152591 0.00757587 0.0136028 0.0228656 0.0392903 0.0559909 0.0764795 0.0681675 0.0726916 0.0566044 0.0477403 0.0527397 0.0444891 0.0609904 0.0582453 0.0661739 0.0445044 0.0529084 0.0360697 0.0280645 0.0235558 0.0158879 0.00826598 0.00280645 0.00217768 0.000904811 0.00058276 9.20147e-05 0
 0 0 0 0 0 0 0 0 0 0 0 0 0 0 0 0 0 0 0 0 0 0 0 0 0 0 0 0 0 0 0 0 0 0 0 0
 0 0 0 0 0 0 0 0 0 0 0 0 0 0 0 0 0 0 0 0 0 0 0 0 0 0 0 0 0 0 0 0 0 0 0 0
ppred_pel_tallas
 1.09187e-16 1.4392e-05 8.44235e-05 0.000401217 0.00154455 0.00481639 0.0121661 0.0248957 0.0412759 0.0554583 0.060418 0.0534557 0.0386208 0.0232583 0.0126364 0.00787734 0.00755517 0.00994004 0.0139501 0.0190305 0.0247871 0.0307806 0.0364996 0.0414313 0.0451631 0.0474618 0.0483058 0.0478556 0.0463817 0.044177 0.0414863 0.0384736 0.0352284 0.0317964 0.028218 0.0245542
 1.09821e-16 1.26287e-05 7.40699e-05 0.000351991 0.00135501 0.00422532 0.0106731 0.0218411 0.0362134 0.0486622 0.0530294 0.0469548 0.0340032 0.0206361 0.0115002 0.00761029 0.00774731 0.0104198 0.0146897 0.0200573 0.0261352 0.0324685 0.0385208 0.0437534 0.0477312 0.0502069 0.0511544 0.0507385 0.0492393 0.0469604 0.0441557 0.0409956 0.0375735 0.0339389 0.0301364 0.0262342
 1.0945e-16 1.63454e-05 9.58967e-05 0.000455773 0.00175462 0.0054715 0.0138208 0.0282809 0.0468854 0.062986 0.0685945 0.0606321 0.0436795 0.0260528 0.0136981 0.00784417 0.00682527 0.00864274 0.0120622 0.01649 0.0215653 0.0269203 0.0321302 0.0367637 0.0404633 0.0430111 0.0443555 0.0445889 0.0438918 0.0424651 0.040477 0.0380413 0.0352261 0.0320805 0.0286645 0.025067
 1.07421e-16 1.83697e-05 0.000107778 0.00051225 0.00197206 0.00614957 0.0155336 0.0317857 0.0526955 0.0707906 0.0770922 0.0681388 0.0490773 0.0292509 0.0153375 0.00870947 0.00748132 0.00938786 0.0130168 0.017671 0.0229124 0.0282977 0.0333298 0.0375215 0.0404935 0.0420521 0.0422176 0.041193 0.0392884 0.0368296 0.0340841 0.0312239 0.0283296 0.0254215 0.0224998 0.0195767
 1.04496e-16 2.53702e-05 0.000148883 0.000707685 0.00272456 0.00849623 0.0214609 0.0439129 0.0727942 0.0977719 0.106425 0.0939454 0.067404 0.0396504 0.01983 0.00974001 0.00667388 0.00742112 0.0100012 0.0135018 0.0174654 0.0215171 0.0252621 0.0283189 0.0303924 0.0313344 0.0311673 0.0300599 0.0282691 0.0260688 0.0236891 0.021286 0.0189401 0.0166781 0.014502 0.0124138
 1.03476e-16 2.10939e-05 0.000123766 0.000588247 0.00226465 0.00706197 0.0178383 0.0365017 0.0605138 0.0812933 0.088529 0.0782451 0.0563514 0.0335753 0.0175816 0.00993913 0.00847063 0.0105559 0.0145461 0.0196047 0.0251868 0.0307399 0.0356564 0.039357 0.0414132 0.0416432 0.0401475 0.0372671 0.0334858 0.0293088 0.0251593 0.0213201 0.0179261 0.0149957 0.0124798 0.0103076
 1.02595e-16 2.80774e-05 0.000164778 0.000783252 0.00301552 0.00940357 0.0237528 0.0486021 0.0805661 0.108207 0.117772 0.103937 0.0745171 0.0437226 0.0216577 0.0102901 0.00660097 0.00701719 0.00933647 0.0125544 0.0161887 0.0198666 0.0232053 0.0258387 0.027486 0.0280114 0.0274471 0.0259712 0.023852 0.0213777 0.0187972 0.016286 0.013942 0.0118021 0.00986848 0.00813107
 1.02551e-16 2.12876e-05 0.000124901 0.000593639 0.0022854 0.00712669 0.0180018 0.0368364 0.0610692 0.0820409 0.0893472 0.0789779 0.0568999 0.0339436 0.0178498 0.0102081 0.00882657 0.0110626 0.0152471 0.0205216 0.0263118 0.0320279 0.0370213 0.0406772 0.0425456 0.042444 0.040496 0.037085 0.0327496 0.0280511 0.0234607 0.0192946 0.0157036 0.0127053 0.0102368 0.00820489
 1.02883e-16 2.4945e-05 0.000146383 0.000695792 0.00267876 0.00835338 0.0211001 0.0431749 0.0715721 0.096134 0.104651 0.092402 0.0663449 0.0391246 0.019747 0.009996 0.00722679 0.0082931 0.0112456 0.015167 0.0195661 0.0240135 0.0280499 0.0312316 0.0332174 0.0338405 0.0331373 0.0313213 0.028716 0.0256715 0.0224919 0.0193945 0.016504 0.013871 0.0115032 0.00939131
 1.01668e-16 3.15376e-05 0.000185096 0.000879853 0.00338747 0.0105635 0.0266826 0.0545964 0.0905007 0.121543 0.132272 0.116695 0.0835806 0.0488721 0.0238938 0.0108242 0.00623815 0.00609399 0.00790552 0.0105573 0.0135516 0.0165434 0.0191969 0.0211985 0.0223157 0.022448 0.0216459 0.0200895 0.0180364 0.0157576 0.0134821 0.0113653 0.00948505 0.00785713 0.00646089 0.00526264
 1.02675e-16 1.06119e-05 6.22033e-05 0.000295518 0.00113748 0.00354688 0.00895979 0.0183376 0.0304141 0.0408985 0.0446458 0.0397141 0.0291558 0.0184827 0.0117116 0.00982841 0.0119344 0.0168483 0.0237465 0.0320208 0.040985 0.0497516 0.0572986 0.0626555 0.0651202 0.0644247 0.0607946 0.054875 0.0475593 0.0397753 0.0323005 0.0256543 0.0200793 0.0155913 0.0120653 0.00931839
 1.08091e-16 1.11938e-05 6.56494e-05 0.000311967 0.00120092 0.0037448 0.00945933 0.0193572 0.0320952 0.0431286 0.0470003 0.041619 0.0301455 0.0183094 0.0102345 0.00683086 0.00703556 0.00955354 0.0135905 0.0187488 0.0247331 0.0311799 0.037631 0.0435888 0.0485994 0.0523257 0.0545872 0.0553565 0.0547226 0.0528425 0.0499002 0.0460866 0.0415995 0.03665 0.0314667 0.0262874
 1.09213e-16 1.87821e-05 0.000110207 0.000523816 0.00201662 0.00628855 0.0158845 0.0325031 0.0538823 0.072377 0.0787992 0.0695984 0.0500218 0.0296003 0.015132 0.00798502 0.0061996 0.00744346 0.0102867 0.0140736 0.0184608 0.0231392 0.0277608 0.0319701 0.0354676 0.0380619 0.0396907 0.040402 0.0403096 0.0395398 0.0381933 0.0363328 0.0339955 0.031219 0.0280675 0.0246443
 1.05791e-16 2.23198e-05 0.000130971 0.000622517 0.00239662 0.00747356 0.0188778 0.038628 0.064036 0.086016 0.0936484 0.0827138 0.0594476 0.0351755 0.017973 0.00945797 0.00728631 0.00866059 0.0118426 0.0160001 0.0206614 0.0253927 0.0297248 0.0332069 0.0354979 0.0364394 0.0360816 0.0346513 0.032477 0.0298986 0.0271925 0.0245332 0.0219944 0.0195784 0.0172565 0.0150038
 1.02873e-16 2.72219e-05 0.000159753 0.000759358 0.00292351 0.00911664 0.023028 0.0471194 0.0781094 0.10491 0.114192 0.100796 0.0723065 0.042508 0.021209 0.0103308 0.00695999 0.00764035 0.0102341 0.0137498 0.0176855 0.0216315 0.0251626 0.0278756 0.0294693 0.0298099 0.0289561 0.0271308 0.0246555 0.0218677 0.0190513 0.0163974 0.014 0.0118773 0.0100046 0.00834449
 1.02021e-16 2.56994e-05 0.000150809 0.000716826 0.00275973 0.00860589 0.021738 0.0444803 0.0737368 0.0990435 0.107824 0.0952159 0.0683926 0.0403865 0.0204824 0.0105254 0.00779443 0.00904565 0.0122572 0.0164566 0.0210962 0.025683 0.0296936 0.0326342 0.0341432 0.034073 0.0325207 0.029792 0.0263168 0.0225446 0.0188534 0.015498 0.0126014 0.0101801 0.00818588 0.00654558
 1.02737e-16 2.02295e-05 0.000118689 0.000564105 0.00217169 0.00677208 0.0171061 0.0350037 0.0580315 0.0779622 0.0849106 0.0750692 0.0541121 0.0323376 0.0171104 0.00995269 0.00879429 0.0111357 0.0153979 0.0207647 0.0266794 0.0325601 0.0377602 0.0416606 0.0437997 0.0439767 0.0422904 0.0390978 0.0349121 0.0302759 0.025652 0.0213594 0.0175633 0.0143045 0.0115473 0.00922526
 1.03937e-16 2.03521e-05 0.000119414 0.000567564 0.00218502 0.00681368 0.0172111 0.0352181 0.0583853 0.0784324 0.0854093 0.0754783 0.054338 0.0323348 0.0168593 0.00942067 0.00791703 0.00982524 0.0135689 0.0183674 0.0237326 0.0291753 0.0341504 0.0381251 0.0406866 0.0416272 0.04098 0.0389878 0.0360243 0.0324952 0.0287542 0.0250547 0.0215444 0.0182886 0.0153052 0.0125965
 1.04979e-16 1.74847e-05 0.000102576 0.000487507 0.00187677 0.00585239 0.014783 0.0302504 0.0501526 0.0673814 0.0733977 0.0649167 0.0468507 0.0281126 0.0150859 0.00910948 0.00842126 0.0108863 0.015158 0.0205352 0.0265232 0.0325863 0.0381173 0.0425242 0.0453521 0.0463786 0.0456526 0.0434561 0.0402144 0.0363823 0.0323484 0.0283829 0.0246324 0.0211496 0.0179371 0.0149846
 1.02634e-16 3.2039e-05 0.000188044 0.00089388 0.00344149 0.010732 0.0271081 0.0554667 0.0919418 0.123474 0.134362 0.11851 0.0848195 0.0494732 0.023959 0.0104697 0.00550764 0.00495744 0.00630132 0.00843843 0.0109222 0.0134836 0.0158715 0.017847 0.0192223 0.0198974 0.0198759 0.0192507 0.0181711 0.0167995 0.015277 0.0137035 0.0121381 0.0106094 0.00913264 0.00772138
 1.02006e-16 2.16563e-05 0.000127063 0.000603913 0.00232495 0.00725002 0.0183133 0.037474 0.0621267 0.0834628 0.090899 0.0803574 0.0579107 0.0345801 0.0182448 0.0105262 0.00919713 0.0115682 0.0159333 0.0214029 0.0273676 0.0331967 0.0381996 0.0417276 0.0433156 0.0427914 0.0403152 0.0363278 0.0314349 0.0262611 0.0213258 0.0169706 0.0133476 0.0104552 0.00819738 0.00644172
 1.03587e-16 1.86262e-05 0.000109277 0.000519366 0.00199943 0.00623491 0.0157492 0.0322273 0.0534293 0.071781 0.0781832 0.0691325 0.0498569 0.0298436 0.0158821 0.00938525 0.00846172 0.0108259 0.015039 0.0203609 0.0262836 0.0322667 0.0376992 0.0419843 0.0446608 0.0455001 0.044546 0.042081 0.0385373 0.0343857 0.0300386 0.0257951 0.0218314 0.0182251 0.0149942 0.0121315
 1.04011e-16 2.37761e-05 0.000139522 0.000663176 0.00255318 0.00796178 0.020111 0.041151 0.0682172 0.0916283 0.0997479 0.0880758 0.0632461 0.0373125 0.0188614 0.00959759 0.00700563 0.00809368 0.0110117 0.0148936 0.0192788 0.0237638 0.0279136 0.0313032 0.0335996 0.0346292 0.0344057 0.0331054 0.031006 0.0284103 0.0255811 0.0227061 0.0198956 0.0172024 0.0146497 0.0122548
 1.03965e-16 1.96116e-05 0.000115063 0.000546868 0.00210532 0.00656513 0.0165833 0.033934 0.0562582 0.07558 0.0823166 0.072777 0.0524625 0.0313571 0.0166018 0.00967371 0.00856833 0.0108656 0.0150388 0.0203015 0.0261197 0.0319351 0.0371266 0.0410987 0.0434062 0.0438529 0.0425282 0.0397657 0.0360449 0.0318689 0.0276611 0.0237064 0.0201452 0.0170046 0.0142477 0.0118179
pSPR Fmed_Fpbrs
0.574614   0.255389 0.255389
Fs Fmed_Fpbrs
0.307141   1.005 1.005
SSBpbr Bo_Bmed_Bpbrs
998980  524080  205180 205180
Ro
37049.1
SPR SPRFo_SPRFmed_SPRFpbrs
762234 437991 194666
log_Ro
10.34
likeval ReclasPelacesDesembMPH_pf_preclas_ppelaces_ptallas_desvR_qrecl_qpela
 106.422 81.5044 0.180133 0.000739934 323.385 179.532 85.3382 0 15.7322 0 0 0 0 0 0
q_reclas_q_pelaces
1 1
M
0.7
N
 40038.3 22026.5 10938 5431.66 5357.97
 26845.2 18247.6 9213.21 4575.15 4513.08
 23732.4 11797.2 7096.44 3582.99 3534.38
 20565 8502.3 3049.13 1834.15 1839.56
 42886.8 9357.55 3544.93 1271.3 1531.71
 42944 20872.7 4463.55 1690.93 1337.04
 81031.9 16542.6 6237.2 1333.8 904.819
 70685.9 35327.8 6331.87 2387.36 856.856
 91050.6 27935.4 11111.4 1991.51 1020.38
 223116 35157.2 8387.37 3336.1 904.294
 61139.4 96989 13378.5 3191.66 1613.6
 35035.3 24228.1 30670.7 4230.66 1519.56
 38425.4 14079 7878.75 9973.84 1869.92
 26778.9 13552.3 3526.67 1973.56 2966.76
 20478.1 6915.88 1820.23 473.673 663.543
 17293.5 5778.49 1108.93 291.865 182.347
 13369.5 6764.9 1780.65 341.719 146.13
 13401.3 5515.55 2318.56 610.289 167.202
 10730.6 5792.44 2075.03 872.273 292.503
 40081.5 4629.38 2171.04 777.731 436.564
 39239 17640.4 1805.76 846.846 473.655
 39186.1 18553.7 7942.2 813.003 594.525
 66949.2 18157.7 8022.23 3434.04 608.586
 64268.3 30295.1 7487.24 3307.92 1666.95
pred_Ctot
 2379.36 2522.74 1252.75 622.099 613.659
 2236.82 2886.15 1457.22 723.633 713.816
 4844.31 4222.15 2539.76 1282.33 1264.93
 1244.12 990.643 355.268 213.706 214.336
 615.056 266.037 100.783 36.1432 43.5469
 7028.4 6154.06 1316.02 498.55 394.208
 7166.48 2768.09 1043.67 223.186 151.404
 10515.5 9561.37 1713.7 646.131 231.906
 14777.3 8175.05 3251.65 582.799 298.604
 20149.6 6000.07 1431.42 569.351 154.33
 8997.87 25995.8 3585.81 855.457 432.492
 4865.63 6161.41 7799.83 1075.89 386.438
 8166.41 5216.45 2919.18 3695.44 692.829
 9592.57 7641.35 1988.49 1112.78 1672.78
 6566.8 3586.23 943.881 245.623 344.08
 2676.29 1620.52 310.988 81.8507 51.1374
 1644.6 1539.7 405.28 77.7758 33.2594
 1259.06 976.967 410.685 108.1 29.6164
 1020.95 1038.24 371.931 156.347 52.4286
 3300.86 724.142 339.6 121.655 68.2886
 1353.29 1191.05 121.922 57.1775 31.9803
 1892.45 1739.05 744.427 76.2033 55.7252
 4296.53 2239.09 989.249 423.463 75.0468
 4338.31 3921.19 969.098 428.155 215.759
F
 0.085803 0.171606 0.171606 0.171606 0.171606
 0.12222 0.244441 0.244441 0.244441 0.244441
 0.326505 0.653011 0.653011 0.653011 0.653011
 0.0874085 0.174817 0.174817 0.174817 0.174817
 0.0201196 0.0402392 0.0402392 0.0402392 0.0402392
 0.253956 0.507912 0.507912 0.507912 0.507912
 0.130173 0.260345 0.260345 0.260345 0.260345
 0.22835 0.4567 0.4567 0.4567 0.4567
 0.251584 0.503169 0.503169 0.503169 0.503169
 0.133092 0.266185 0.266185 0.266185 0.266185
 0.225644 0.451289 0.451289 0.451289 0.451289
 0.211672 0.423343 0.423343 0.423343 0.423343
 0.342166 0.684332 0.684332 0.684332 0.684332
 0.653795 1.30759 1.30759 1.30759 1.30759
 0.565213 1.13043 1.13043 1.13043 1.13043
 0.238581 0.477161 0.477161 0.477161 0.477161
 0.185402 0.370804 0.370804 0.370804 0.370804
 0.138799 0.277597 0.277597 0.277597 0.277597
 0.140675 0.281349 0.281349 0.281349 0.281349
 0.12072 0.24144 0.24144 0.24144 0.24144
 0.0490018 0.0980036 0.0980036 0.0980036 0.0980036
 0.0692264 0.138453 0.138453 0.138453 0.138453
 0.0929481 0.185896 0.185896 0.185896 0.185896
 0.0979809 0.195962 0.195962 0.195962 0.195962
nmprior
 10 10 8 0
nm_flota  nm_reclas  nm_pelaces    nm_pelaL
inf 13.2229 10.2264 16.2804
cv_recla  cv_pelaces  cv_mph
0.955085 1.06232 0.88254
 ------------------------------------------------
Talla a la edad & desviación 
 7.2 14.2025 17.0495 18.207 18.6776
 1.08 2.13037 2.55742 2.73105 2.80164
