years
 1997 1998 1999 2000 2001 2002 2003 2004 2005 2006 2007 2008 2009 2010 2011 2012 2013 2014 2015 2016 2017 2018 2019 2020
reclasobs
 0 0 0 370054 412103 1.49427e+06 250295 1.28982e+06 931140 785840 897777 1.04006e+06 184774 17550 25797 100020 73551 82996 120727 218422 84188 347160 605670 569463
reclaspred
 6.48845e+06 1.04784e+06 1.23375e+06 216985 220348 333469 623533 599996 620794 883390 1.04279e+06 687478 361447 140024 76027 79824.7 91050.8 110402 119439 131681 208509 235019 398468 306902
pelacesobs
 0 0 0 0 0 0 0 0 0 2.06254e+06 1.5e+06 0 1.87456e+06 323000 250000 174000 83755 137374 0 501740 490994 745055 786931 1.00524e+06
pelacespred
 6.90855e+06 2.60144e+06 559895 244315 668861 406026 2.16526e+06 1.57835e+06 1.57214e+06 2.59228e+06 1.79204e+06 1.28906e+06 911083 298487 176914 157441 175924 217792 205453 237195 494700 416549 530391 362216
mphobs
 0 0 0 0 0 112323 0 153150 637223 0 255016 313432 73983 77613 109348 50772 0 0 0 0 0 0 0 0
mphpred
 1.34587e+06 564822 215064 71071.8 40317.8 145891 149670 284347 252422 283962 456371 262213 169489 97596.4 44656.3 33743 33602.7 37697.8 42926.2 43666.5 60854 82574.3 103855 115752
desembarqueobs
 350755 77701 442110 56441 14545 235359 269955 359681 431902 328805 639364 411747 362871 311530 167758 66681 60226 58785 57116 71774 51957 67425 138520 160799
desembarquepred
 350745 77681.5 441542 56406.8 14542 235120 269808 358998 431262 328433 637891 410832 361960 310792 167122 66567.6 60157.1 58667.2 57006.5 71665.9 51928.9 67335 138363 160620
Reclutas
 3863.55 5426.34 753.137 2761.35 43187.8 10172.3 65212.9 57639.6 62458.2 136934 47393.2 51394.8 55866.2 28977.3 12941.1 10504.8 7054.9 7763.27 8116.74 10108.8 15873.4 20790.1 27332.5 5872.84
log_desv_Rt
 -1.42066 -1.08098 -3.05575 -1.75653 0.993314 -0.452579 1.40541 1.28197 1.36225 2.14725 1.08623 1.16729 1.25072 0.594269 -0.211835 -0.420415 -0.818523 -0.722841 -0.678316 -0.458841 -0.00759748 0.262232 0.535831 -1.00191
SSB
 1.90522e+06 799566 304447 100610 57074.1 206524 211874 402523 357331 401978 646041 371191 239930 138158 63215.7 47766.8 47568.2 53365.2 60766.5 61814.5 86145.3 116893 147018 163859
BT
 2.28112e+06 938850 418994 143918 264706 307681 1.0448e+06 940711 966926 1.26279e+06 1.1518e+06 826839 680694 389094 198355 110353 109479 124595 116971 139300 218033 199110 268846 242021
Ftot
 0.149346 0.249814 1.17305 0.913933 0.311551 1.57131 1.64627 1.679 1.97106 1.26417 1.48634 1.66871 2.75821 4.59804 4.75936 2.14852 1.75319 1.4983 1.28089 1.51135 0.748256 0.808117 0.951725 1.27691
BD_Bspro_t
 0.979517 0.847937 0.587443 0.20603 0.238191 0.578724 0.39527 0.488805 0.405273 0.393745 0.471825 0.277857 0.201995 0.140569 0.0782803 0.0726884 0.0993375 0.151626 0.20924 0.257085 0.35612 0.491241 0.505941 0.450675
BD_Bspro
 5.78981 2.42982 0.925188 0.305745 0.173443 0.627608 0.643868 1.22324 1.0859 1.22158 1.96327 1.12802 0.729129 0.419851 0.192107 0.145159 0.144556 0.162173 0.184665 0.187849 0.261789 0.355227 0.446775 0.497953
BD_Bo
 2.01392 0.845183 0.321816 0.10635 0.0603303 0.218306 0.223962 0.425489 0.377717 0.424912 0.6829 0.392368 0.253619 0.14604 0.0668223 0.050492 0.0502821 0.0564098 0.0642335 0.0653412 0.0910602 0.123562 0.155406 0.173207
BD_Brms
 5.73158 2.40538 0.915883 0.30267 0.171699 0.621296 0.637392 1.21093 1.07498 1.20929 1.94352 1.11667 0.721795 0.415628 0.190175 0.143699 0.143102 0.160541 0.182807 0.18596 0.259156 0.351655 0.442282 0.492945
S_f
 0.0900307 0.777806 0.991991 0.999772 0.999994
 0.0900307 0.777806 0.991991 0.999772 0.999994
 0.0900307 0.777806 0.991991 0.999772 0.999994
 0.0900307 0.777806 0.991991 0.999772 0.999994
 0.0900307 0.777806 0.991991 0.999772 0.999994
 0.0900307 0.777806 0.991991 0.999772 0.999994
 0.0900307 0.777806 0.991991 0.999772 0.999994
 0.0900307 0.777806 0.991991 0.999772 0.999994
 0.0900307 0.777806 0.991991 0.999772 0.999994
 0.0900307 0.777806 0.991991 0.999772 0.999994
 0.0900307 0.777806 0.991991 0.999772 0.999994
 0.0900307 0.777806 0.991991 0.999772 0.999994
 0.0900307 0.777806 0.991991 0.999772 0.999994
 0.0900307 0.777806 0.991991 0.999772 0.999994
 0.0900307 0.777806 0.991991 0.999772 0.999994
 0.0900307 0.777806 0.991991 0.999772 0.999994
 0.0900307 0.777806 0.991991 0.999772 0.999994
 0.0900307 0.777806 0.991991 0.999772 0.999994
 0.0900307 0.777806 0.991991 0.999772 0.999994
 0.0900307 0.777806 0.991991 0.999772 0.999994
 0.0900307 0.777806 0.991991 0.999772 0.999994
 0.0900307 0.777806 0.991991 0.999772 0.999994
 0.0900307 0.777806 0.991991 0.999772 0.999994
 0.0900307 0.777806 0.991991 0.999772 0.999994
Scru_reclas
 0.145559 0.461595 0.811842 0.955975 0.990932
 0.145559 0.461595 0.811842 0.955975 0.990932
 0.145559 0.461595 0.811842 0.955975 0.990932
 0.145559 0.461595 0.811842 0.955975 0.990932
 0.145559 0.461595 0.811842 0.955975 0.990932
 0.145559 0.461595 0.811842 0.955975 0.990932
 0.145559 0.461595 0.811842 0.955975 0.990932
 0.145559 0.461595 0.811842 0.955975 0.990932
 0.145559 0.461595 0.811842 0.955975 0.990932
 0.145559 0.461595 0.811842 0.955975 0.990932
 0.145559 0.461595 0.811842 0.955975 0.990932
 0.145559 0.461595 0.811842 0.955975 0.990932
 0.145559 0.461595 0.811842 0.955975 0.990932
 0.145559 0.461595 0.811842 0.955975 0.990932
 0.145559 0.461595 0.811842 0.955975 0.990932
 0.145559 0.461595 0.811842 0.955975 0.990932
 0.145559 0.461595 0.811842 0.955975 0.990932
 0.145559 0.461595 0.811842 0.955975 0.990932
 0.145559 0.461595 0.811842 0.955975 0.990932
 0.145559 0.461595 0.811842 0.955975 0.990932
 0.145559 0.461595 0.811842 0.955975 0.990932
 0.145559 0.461595 0.811842 0.955975 0.990932
 0.145559 0.461595 0.811842 0.955975 0.990932
 0.145559 0.461595 0.811842 0.955975 0.990932
Scru_pelaces
 0.751942 1 1 1 1
 0.751942 1 1 1 1
 0.751942 1 1 1 1
 0.751942 1 1 1 1
 0.751942 1 1 1 1
 0.751942 1 1 1 1
 0.751942 1 1 1 1
 0.751942 1 1 1 1
 0.751942 1 1 1 1
 0.751942 1 1 1 1
 0.751942 1 1 1 1
 0.751942 1 1 1 1
 0.751942 1 1 1 1
 0.751942 1 1 1 1
 0.751942 1 1 1 1
 0.751942 1 1 1 1
 0.751942 1 1 1 1
 0.751942 1 1 1 1
 0.751942 1 1 1 1
 0.751942 1 1 1 1
 0.751942 1 1 1 1
 0.751942 1 1 1 1
 0.751942 1 1 1 1
 0.751942 1 1 1 1
pf_obs 
 0.256992 0.487395 0.22802 0.0275931 0
 0.321318 0.546541 0.124235 0.00734118 0.000564706
 0.182869 0.594174 0.210203 0.0122559 0.00049798
 0.330522 0.361315 0.267642 0.0388342 0.00168674
 0.649043 0.306663 0.0425973 0.00169635 0
 0.582887 0.30429 0.105238 0.00758474 0
 0.465427 0.430635 0.0974691 0.00646863 0
 0.296916 0.608066 0.0921331 0.00288517 0
 0.311714 0.524322 0.152257 0.0117073 0
 0.15457 0.633149 0.183074 0.0267441 0.00246327
 0.131901 0.49318 0.331252 0.0422183 0.00144891
 0.196976 0.569456 0.194076 0.0375587 0.00193317
 0.518974 0.381816 0.0799577 0.0180837 0.00116848
 0.0928022 0.601141 0.25162 0.0475244 0.00691264
 0.122501 0.610282 0.24278 0.0234846 0.000952079
 0.383417 0.481906 0.127806 0.00687128 0
 0.0376549 0.599619 0.316969 0.0457579 0
 0.0361596 0.667082 0.258105 0.0386534 0
 0.158088 0.579412 0.248529 0.0139706 0
 0.0477256 0.309471 0.559284 0.082774 0.000745712
 0.0406174 0.521527 0.379366 0.0568643 0.0016247
 0.151134 0.462217 0.34131 0.0453401 0
 0.294876 0.26143 0.354403 0.0886775 0.000613685
 0.281977 0.475581 0.204845 0.0348837 0.00271318
pf_pred 
 0.00555133 0.641416 0.312251 0.0407808 1.58743e-06
 0.0150168 0.0420102 0.66111 0.24954 0.0323232
 0.00632232 0.138168 0.0472672 0.568146 0.240097
 0.105389 0.0857204 0.158485 0.0364028 0.614002
 0.729839 0.168112 0.0135505 0.0175134 0.0709856
 0.0763975 0.888829 0.0238839 0.00145775 0.00943219
 0.595865 0.223486 0.176328 0.0029835 0.00133828
 0.264493 0.709352 0.0174066 0.0085423 0.000205933
 0.294072 0.601107 0.102497 0.00155534 0.000768789
 0.433143 0.501774 0.0590177 0.00593301 0.000132054
 0.109353 0.810627 0.0737067 0.00573286 0.000580876
 0.224423 0.498853 0.260339 0.0151104 0.00127447
 0.326503 0.568224 0.0783887 0.0253176 0.00156713
 0.275189 0.678994 0.0418754 0.00295229 0.000988765
 0.289241 0.687529 0.0226838 0.000500224 4.53576e-05
 0.327514 0.652121 0.0201288 0.000230257 5.33045e-06
 0.21442 0.711305 0.0729728 0.00128687 1.47692e-05
 0.26893 0.598324 0.124782 0.00782574 0.000137228
 0.251077 0.63383 0.100842 0.0134086 0.000842503
 0.286161 0.585163 0.114935 0.0120606 0.00168029
 0.307206 0.591325 0.0890198 0.0111378 0.00131096
 0.251887 0.612742 0.120597 0.0129793 0.0017947
 0.252156 0.585303 0.140563 0.0196036 0.00237385
 0.0582461 0.752307 0.158896 0.026464 0.00408671
pobs_RECLAS
 0 0 0 0 0
 0 0 0 0 0
 0 0 0 0 0
 0 0 0 0 0
 0.835266 0.146461 0.0176864 0.000547809 3.91292e-05
 0.385257 0.428462 0.181853 0.0044286 0
 0.867414 0.0963971 0.0333333 0.00285562 0
 0.441836 0.489002 0.0689373 0.000224442 0
 0.779404 0.147425 0.0564933 0.0165055 0.000172143
 0.814271 0.122319 0.05973 0.00367925 0
 0.40263 0.566651 0.0304383 0.000280538 0
 0.475488 0.404961 0.113038 0.00651328 0
 0.955842 0.0263864 0.0167828 0.000988607 0
 0.975058 0.0227948 0.00214734 0 0
 0.738997 0.206755 0.0527124 0.00153531 0
 0.850938 0.134255 0.0134407 0.00136685 0
 0.542534 0.407297 0.0501686 0 0
 0.764087 0.199537 0.0359546 0.000420521 0
 0.470689 0.182191 0.310203 0.0369168 0
 0.84361 0.089868 0.0606195 0.00523954 0.000663233
 0.607945 0.314616 0.071237 0.00620181 0
 0.523733 0.453247 0.0230204 0 0
 0.530135 0.295979 0.169645 0.0042399 0
 0.562478 0.366248 0.0663022 0.0049721 0
ppred_RECLAS
 0.0132152 0.556854 0.373014 0.0569147 2.29596e-06
 0.0286276 0.0290624 0.628151 0.276978 0.0371809
 0.0125164 0.0927612 0.0422701 0.59283 0.259622
 0.182925 0.0516274 0.128545 0.0344656 0.602437
 0.858482 0.0715224 0.00790777 0.0119388 0.0501488
 0.200289 0.758511 0.0266103 0.00189357 0.0126966
 0.800753 0.0969376 0.0994364 0.00196126 0.00091165
 0.524672 0.452472 0.0144084 0.00824193 0.000205898
 0.563084 0.357188 0.0776531 0.00137255 0.000703029
 0.686122 0.267193 0.0416837 0.00488859 0.000112757
 0.266302 0.648596 0.0773492 0.00701543 0.00073662
 0.447185 0.320012 0.21685 0.014671 0.00128229
 0.626847 0.302668 0.0503652 0.0189068 0.00121266
 0.657236 0.320238 0.0202992 0.00165331 0.000573654
 0.680635 0.308767 0.0103111 0.000262531 2.46616e-05
 0.614431 0.370942 0.0144305 0.000192191 4.61045e-06
 0.454429 0.480546 0.0636996 0.00130915 1.55698e-05
 0.514283 0.375444 0.102632 0.00750544 0.000136386
 0.486529 0.412197 0.0869148 0.0134817 0.00087784
 0.535746 0.358969 0.0923528 0.0113 0.00163143
 0.544261 0.368303 0.075123 0.0109742 0.00133862
 0.473849 0.403388 0.107343 0.0134877 0.00193273
 0.474006 0.380576 0.122901 0.0200068 0.00251064
 0.146539 0.635452 0.17791 0.0345668 0.00553172
pobs_PELACES
 0 0 0 0 0
 0 0 0 0 0
 0 0 0 0 0
 0 0 0 0 0
 0 0 0 0 0
 0 0 0 0 0
 0 0 0 0 0
 0 0 0 0 0
 0 0 0 0 0
 0 0 0 0 0
 0.450072 0.473896 0.0757376 0.000293798 0
 0 0 0 0 0
 0.463077 0.371075 0.160297 0.00555027 0
 0.529543 0.364841 0.0842815 0.0213345 0
 0.631943 0.363953 0.00410389 0 0
 0.735681 0.248677 0.0153453 0.000297389 0
 0.695825 0.281241 0.0229344 0 0
 0.275771 0.60734 0.115278 0.00161068 0
 0 0 0 0 0
 0.896147 0.0623911 0.0374545 0.00400742 0
 0.803859 0.145111 0.0509908 3.86294e-05 0
 0.739449 0.233085 0.0266225 0.000797448 4.60066e-05
 0.878498 0.100942 0.0204185 0.000141795 0
 0.694673 0.275183 0.0284847 0.00165964 0
ppred_PELACES
 0.039442 0.673752 0.253916 0.0328888 1.27993e-06
 0.120304 0.0483945 0.58432 0.218665 0.028317
 0.0738418 0.175856 0.0419377 0.497989 0.210376
 0.574124 0.0552232 0.0732881 0.0166482 0.280716
 0.954643 0.0310768 0.00191106 0.00244828 0.00992092
 0.467173 0.519389 0.00927124 0.00055801 0.00360911
 0.949202 0.0331645 0.017218 0.000287185 0.000128767
 0.798086 0.197173 0.00317047 0.00153352 3.69541e-05
 0.841207 0.143065 0.0153844 0.000229761 0.000113517
 0.8822 0.108137 0.00877206 0.000870833 1.93757e-05
 0.562687 0.410159 0.025038 0.00192116 0.000194585
 0.781117 0.160511 0.0549624 0.00314433 0.000265096
 0.893227 0.0967128 0.00752959 0.00238347 0.000147449
 0.931091 0.0670053 0.00174486 0.000119271 3.99105e-05
 0.938536 0.0606224 0.000822246 1.75628e-05 1.59106e-06
 0.863216 0.134204 0.00255024 2.86855e-05 6.63751e-07
 0.758685 0.226002 0.0150483 0.000261463 2.99952e-06
 0.799822 0.174278 0.0243656 0.00150739 2.64226e-05
 0.769931 0.204543 0.0223999 0.00294099 0.000184725
 0.813868 0.162283 0.0213335 0.00220815 0.000307521
 0.787744 0.188635 0.0207497 0.00256923 0.000302317
 0.743608 0.220986 0.031579 0.00336271 0.000464834
 0.754679 0.20474 0.0351474 0.00484707 0.000586757
 0.385127 0.52416 0.0762388 0.0125382 0.00193552
pobs_pel_tallas
 0 0 0 0 0 0 0 0 0 0 0 0 0 0 0 0 0 0 0 0 0 0 0 0 0 0 0 0 0 0 0 0 0 0 0 0
 0 0 0 0 0 0 0 0 0 0 0 0 0 0 0 0 0 0 0 0 0 0 0 0 0 0 0 0 0 0 0 0 0 0 0 0
 0 0 0 0 0 0 0 0 0 0 0 0 0 0 0 0 0 0 0 0 0 0 0 0 0 0 0 0 0 0 0 0 0 0 0 0
 0 0 0 0 0 0 0 0 0 0 0 0 0 0 0 0 0 0 0 0 0 0 0 0 0 0 0 0 0 0 0 0 0 0 0 0
 0 0 0 0 0 0 0 0 0 0 0 0 0 0 0 0 0 0 0 0 0 0 0 0 0 0 0 0 0 0 0 0 0 0 0 0
 0 0 0 0 0 0 0 0 0 0 0 0 0 0 0 0 0 0 0 0 0 0 0 0 0 0 0 0 0 0 0 0 0 0 0 0
 0 0 0 0 0 0 0 0 0 0 0 0 0 0 0 0 0 0 0 0 0 0 0 0 0 0 0 0 0 0 0 0 0 0 0 0
 0 0 0 0 0 0 0 0 0 0 0 0 0 0 0 0 0 0 0 0 0 0 0 0 0 0 0 0 0 0 0 0 0 0 0 0
 0 0 0 0 0 0 0 0 0 0 0 0 0 0 0 0 0 0 0 0 0 0 0 0 0 0 0 0 0 0 0 0 0 0 0 0
 0 0 0 0 0 0 0 0 0 0 0 0 0 0 0 0 0 0 0 0 0 0 0 0 0 0 0 0 0 0 0 0 0 0 0 0
 0 0 0 0 0 0 0 0 1.78061e-05 0.00172719 0.00360574 0.0105946 0.0120993 0.0124554 0.0147524 0.0171206 0.0266825 0.0428682 0.0675386 0.121331 0.153587 0.119568 0.100827 0.0573624 0.0630603 0.0341343 0.0324427 0.0444173 0.0211091 0.0280891 0.0125444 0.00206551 0 0 0 0
 0 0 0 0 0 0 0 0 0 0 0 0 0 0 0 0 0 0 0 0 0 0 0 0 0 0 0 0 0 0 0 0 0 0 0 0
 0 0 0 0 0 0 0.0133647 0.0140871 0.0187388 0.0205184 0.03894 0.0496705 0.03968 0.0493445 0.0407372 0.0367815 0.0215668 0.0243155 0.0234873 0.0199281 0.019796 0.0243948 0.0301388 0.0376714 0.0412746 0.0863199 0.0771752 0.113111 0.0741005 0.0525337 0.0229764 0.00759418 0.00175318 0 0 0
 0 0 0 0 0 0 0 0 0 0 0.00219441 0.00772107 0.0458388 0.0604681 0.0671733 0.0775358 0.0609151 0.0617685 0.073594 0.0568108 0.0755445 0.0548602 0.0670107 0.0636378 0.0643287 0.046367 0.0373049 0.0286899 0.0247887 0.0153202 0.00654259 0.00121912 0.000365735 0 0 0
 0 0 0 0 0 0 0 0 0 0 0 0 0.000112435 0.00938835 0.0111873 0.0202946 0.0414886 0.0713402 0.111592 0.104902 0.108894 0.110636 0.117776 0.105296 0.107544 0.0401394 0.0192827 0.0124803 0.00416011 0.0028671 0.000618394 0 0 0 0 0
 0 0 0 0 0 0 0 0 0 0 0.00291406 0.0102884 0.027416 0.0768956 0.0749926 0.110853 0.0956884 0.0897413 0.0766577 0.0534642 0.0500743 0.0551293 0.0594112 0.0620874 0.0668451 0.0424026 0.0208742 0.0120726 0.0048766 0.00582813 0.00118941 0.000297354 0 0 0 0
 0 0.00264628 0.0354308 0.0461629 0.0458689 0.0383711 0.0214643 0.0164657 0.0346957 0.0420465 0.0363128 0.0245516 0.0311673 0.0291091 0.0169068 0.0133784 0.00837989 0.0085269 0.0148486 0.0160247 0.0276389 0.0546898 0.0760071 0.122758 0.109233 0.0665981 0.0333725 0.0166128 0.00676272 0.00308733 0.000882094 0 0 0 0 0
 0 0 0 0 0 0 0 0.000805153 0.000690131 0.00759144 0.0133425 0.0154129 0.00931677 0.000345066 0.00356568 0.00563607 0.00851162 0.0253048 0.0502646 0.0516448 0.0657925 0.0565908 0.0611916 0.0827007 0.0866115 0.110766 0.145733 0.0935128 0.0569358 0.0249597 0.0138026 0.00621118 0.00161031 0.00115022 0 0
 0 0 0 0 0 0 0 0 0 0 0 0 0 0 0 0 0 0 0 0 0 0 0 0 0 0 0 0 0 0 0 0 0 0 0 0
 0.00147267 0.00158595 0.00478618 0.00569244 0.00954404 0.0108468 0.00647125 0.017049 0.0510054 0.094081 0.124002 0.0959785 0.0687766 0.0820023 0.061753 0.0591476 0.0492212 0.0479892 0.0443925 0.0268479 0.0217502 0.0140895 0.0121071 0.0120363 0.00920419 0.00665534 0.0049561 0.00860946 0.00930331 0.0156896 0.0114698 0.00855282 0.00243557 0.00046729 0 2.83206e-05
 0 0 0 0 0.000772559 0.00158375 0.000888443 0.00281984 0.00712685 0.0440552 0.0773331 0.111326 0.0921469 0.0852325 0.0710754 0.0886704 0.0786465 0.0553345 0.0373146 0.0185414 0.00753245 0.00457741 0.012979 0.0271748 0.0457355 0.0583668 0.034881 0.0177882 0.00938659 0.00492506 0.0015258 0.00185414 0.000309023 5.79419e-05 3.86279e-05 0
 0 0.00173294 0.00326652 0 0.00397197 0.00683976 0.00946217 0.0152591 0.00757587 0.0136028 0.0228656 0.0392903 0.0559909 0.0764795 0.0681675 0.0726916 0.0566044 0.0477403 0.0527397 0.0444891 0.0609904 0.0582453 0.0661739 0.0445044 0.0529084 0.0360697 0.0280645 0.0235558 0.0158879 0.00826598 0.00280645 0.00217768 0.000904811 0.00058276 9.20147e-05 0
 0 0 0 0 0 0 0 0 0 0 0 0 0 0 0 0 0 0 0 0 0 0 0 0 0 0 0 0 0 0 0 0 0 0 0 0
 0 0 0 0 0 0 0 0 0 0 0 0 0 0 0 0 0 0 0 0 0 0 0 0 0 0 0 0 0 0 0 0 0 0 0 0
ppred_pel_tallas
 1.04954e-16 1.76041e-06 1.02331e-05 4.84363e-05 0.000186135 0.000580134 0.00146612 0.00300531 0.00500231 0.00678054 0.00754361 0.00704668 0.00590143 0.00517539 0.00575163 0.00806384 0.012241 0.0182979 0.0261501 0.035506 0.0457737 0.0560636 0.0653049 0.0724477 0.0766883 0.0776447 0.0754254 0.0705673 0.0638744 0.0562152 0.048347 0.0408139 0.0339279 0.0278122 0.0224724 0.0178626
 1.17147e-16 5.26159e-06 3.08442e-05 0.000146548 0.000564102 0.00175896 0.00444299 0.00909167 0.0150735 0.0202529 0.0220646 0.0195235 0.0141106 0.00851458 0.00467501 0.00303429 0.00313219 0.00443699 0.00670202 0.0099213 0.0141805 0.019546 0.0260018 0.0334127 0.041505 0.0498659 0.0579654 0.065203 0.0709761 0.0747612 0.0761929 0.0751245 0.071656 0.0661186 0.0590242 0.0509846
 1.27594e-16 3.23863e-06 1.89614e-05 9.00417e-05 0.000346514 0.00108041 0.00272916 0.00558576 0.00926509 0.0124613 0.0136094 0.0121212 0.00893244 0.00573263 0.00376445 0.00336071 0.00429948 0.00629867 0.00921648 0.0130094 0.0176374 0.0230103 0.0289816 0.0353691 0.041981 0.0486306 0.0551331 0.0612835 0.0668321 0.0714722 0.0748568 0.0766445 0.076566 0.0744885 0.0704617 0.0647262
 1.14748e-16 2.50489e-05 0.000147017 0.000698853 0.00269063 0.00839046 0.0211935 0.0433643 0.0718794 0.0965269 0.105027 0.0926088 0.0662223 0.0385079 0.0184323 0.00769643 0.00355999 0.00281745 0.00354107 0.00494876 0.00681015 0.00906495 0.0116771 0.0145981 0.0177629 0.0210891 0.0244743 0.0277901 0.0308788 0.0335574 0.0356309 0.0369174 0.0372774 0.0366406 0.0350229 0.03253
 1.00586e-16 4.16408e-05 0.000244426 0.00116195 0.00447368 0.0139509 0.0352385 0.0721012 0.11951 0.160481 0.174588 0.153889 0.109916 0.0636584 0.029979 0.0116441 0.00401943 0.00168646 0.00134784 0.00161832 0.00204794 0.00249678 0.00289906 0.00320695 0.00338753 0.00342834 0.00333956 0.00314999 0.00289851 0.00262388 0.00235628 0.00211293 0.00189834 0.00170781 0.00153248 0.00136387
 1.00489e-16 2.04046e-05 0.000119707 0.000568921 0.00219019 0.00682975 0.0172519 0.0353028 0.0585305 0.0786415 0.0856742 0.0758006 0.0547616 0.0329693 0.0178855 0.011083 0.0105057 0.0136435 0.0188764 0.0253018 0.0322228 0.0388737 0.0444115 0.0480522 0.0492476 0.0478209 0.0440126 0.0384149 0.031824 0.0250552 0.0187837 0.0134496 0.00923962 0.00613119 0.0039676 0.00253531
 1.00272e-16 4.14037e-05 0.000243034 0.00115533 0.00444819 0.0138714 0.0350377 0.0716904 0.118829 0.159567 0.173595 0.153015 0.109296 0.0633084 0.0298312 0.0116171 0.00406078 0.00177664 0.00148794 0.00181798 0.00231822 0.00284626 0.00333108 0.00371749 0.00396388 0.00404877 0.00397424 0.0037632 0.00345206 0.00308129 0.00268725 0.0022973 0.00192886 0.00159115 0.00128814 0.00102118
 1.00164e-16 3.48209e-05 0.000204373 0.000971498 0.00374033 0.0116639 0.029462 0.0602833 0.0999264 0.134199 0.146037 0.128818 0.0922193 0.0538334 0.02615 0.0115555 0.00624687 0.00574105 0.00727796 0.00962148 0.0122317 0.0147529 0.0168531 0.0182329 0.018684 0.0181394 0.0166903 0.0145618 0.0120562 0.00948332 0.00709948 0.00507194 0.00347181 0.00229061 0.00146895 0.000925838
 1.00279e-16 3.6699e-05 0.000215404 0.00102395 0.00394231 0.0122938 0.031053 0.0635381 0.10532 0.141437 0.153898 0.135717 0.0970801 0.0565145 0.0271606 0.0115071 0.00551982 0.00445776 0.00541518 0.00712094 0.00906978 0.0109781 0.0126002 0.013716 0.0141693 0.0139037 0.0129753 0.0115362 0.00979522 0.00796856 0.00623776 0.00472415 0.003484 0.00251963 0.00179873 0.00127383
 1.00191e-16 3.84851e-05 0.000225893 0.00107383 0.00413434 0.0128926 0.0325656 0.0666328 0.110448 0.14832 0.161377 0.142288 0.101729 0.0591145 0.0282115 0.0116104 0.0050623 0.00358192 0.00412106 0.00536381 0.00681845 0.00824454 0.00945163 0.0102732 0.0105922 0.0103676 0.00964387 0.00853809 0.00721002 0.00582466 0.00451983 0.00338693 0.00246729 0.00176078 0.0012407 0.000868952
 1.00565e-16 2.45651e-05 0.000144142 0.000685113 0.0026376 0.00822499 0.020776 0.0425126 0.0704777 0.0946746 0.103091 0.0910898 0.0655463 0.0389411 0.0201825 0.0110727 0.00904708 0.0110248 0.0150609 0.0201677 0.0257127 0.0310737 0.0355814 0.0386131 0.0397289 0.0387783 0.035937 0.0316575 0.0265536 0.0212579 0.0162972 0.0120195 0.00857933 0.00597097 0.00408609 0.0027721
 1.00954e-16 3.40796e-05 0.000200024 0.00095083 0.00366076 0.0114158 0.0288353 0.0590006 0.0977995 0.13134 0.14292 0.126054 0.0902089 0.0525967 0.025433 0.0110448 0.00570407 0.00502403 0.00631574 0.00839694 0.0107821 0.0131766 0.0153096 0.0169291 0.0178458 0.0179726 0.0173416 0.0160882 0.0144119 0.012527 0.0106196 0.00882247 0.00720991 0.00580825 0.00461333 0.00360705
 1.00228e-16 3.89654e-05 0.000228714 0.00108724 0.00418599 0.0130537 0.0329725 0.0674652 0.111828 0.150171 0.163388 0.144054 0.102975 0.0598072 0.0284824 0.0116186 0.00490842 0.00330066 0.00370916 0.00480726 0.00610929 0.00738962 0.00847624 0.00922017 0.00951684 0.00932936 0.00869715 0.00772427 0.00655262 0.00532858 0.00417416 0.00316998 0.00235212 0.00171998 0.00124973 0.000907775
 1.00053e-16 4.06153e-05 0.000238402 0.00113331 0.00436338 0.0136069 0.0343697 0.0703237 0.116565 0.156529 0.170298 0.150127 0.107274 0.0622173 0.0294682 0.0117395 0.00452574 0.00255099 0.00259698 0.00329405 0.00416608 0.00502319 0.00573978 0.00621214 0.00636904 0.00618732 0.00569763 0.00497607 0.00412508 0.00324974 0.00243725 0.00174464 0.00119645 0.00079027 0.000506407 0.00031774
 1.00033e-16 4.09397e-05 0.000240308 0.00114237 0.00439826 0.0137156 0.0346444 0.0708858 0.117496 0.157779 0.171656 0.151321 0.108118 0.0626895 0.029659 0.011758 0.00444237 0.00239156 0.00236152 0.0029745 0.00375688 0.00452668 0.00516835 0.00558791 0.00572116 0.00554762 0.00509568 0.0044349 0.00365872 0.00286284 0.00212652 0.00150151 0.00100979 0.000648746 0.000399899 0.000237988
 1.00082e-16 3.76583e-05 0.000221037 0.00105073 0.00404543 0.0126153 0.0318652 0.0652 0.108074 0.145134 0.157917 0.139253 0.0995926 0.0579415 0.0277795 0.0116532 0.00541611 0.00419683 0.00501086 0.00655618 0.0083232 0.0100362 0.0114629 0.0123983 0.0127006 0.012324 0.0113307 0.00987411 0.00816043 0.00640104 0.00477116 0.00338526 0.00229232 0.00148698 0.000928947 0.000562959
 1.00297e-16 3.3104e-05 0.00019429 0.00092356 0.00355574 0.0110882 0.0280081 0.0573086 0.0949968 0.127582 0.138846 0.122497 0.0877435 0.0513197 0.0251142 0.0114135 0.00661991 0.00648469 0.00838588 0.0111338 0.0141809 0.0171375 0.019626 0.0213018 0.0219218 0.0214025 0.01984 0.0174831 0.0146695 0.0117475 0.00900791 0.00664282 0.00473822 0.00329194 0.00224518 0.0015146
 1.00456e-16 3.48957e-05 0.000204814 0.000973601 0.00374843 0.0116891 0.0295258 0.0604137 0.100142 0.134487 0.146345 0.129078 0.0923802 0.0538765 0.0260768 0.0113645 0.0059219 0.00525353 0.00659847 0.00873355 0.0111445 0.0135106 0.0155372 0.016956 0.0175749 0.0173212 0.0162585 0.0145666 0.0124938 0.0102991 0.00820025 0.00634426 0.00480104 0.0035769 0.00263743 0.00193042
 1.00495e-16 3.35936e-05 0.000197166 0.000937237 0.00360841 0.0112525 0.0284229 0.0581573 0.0964028 0.129468 0.140893 0.12429 0.0889985 0.0519953 0.0253361 0.0113315 0.00632156 0.00598918 0.00767602 0.0101882 0.0129958 0.0157395 0.0180766 0.019694 0.0203685 0.0200185 0.018723 0.0166976 0.0142385 0.0116525 0.00919699 0.00704356 0.00527168 0.00388458 0.0028369 0.00206238
 1.00447e-16 3.55077e-05 0.000208408 0.000990689 0.00381423 0.0118943 0.0300441 0.061474 0.101899 0.136845 0.148907 0.13133 0.0939728 0.0547671 0.0264363 0.0113991 0.00576369 0.00495115 0.00615163 0.00812656 0.0103664 0.0125652 0.0144475 0.0157636 0.016335 0.016095 0.0151032 0.0135278 0.0116004 0.00956222 0.00761579 0.0058972 0.00447062 0.00334084 0.00247481 0.00182311
 1.00459e-16 3.43696e-05 0.000201724 0.000958908 0.00369185 0.0115127 0.0290802 0.059502 0.0986312 0.132459 0.144142 0.127145 0.0910172 0.0531228 0.0257889 0.0113701 0.00611286 0.0055941 0.00709372 0.00939886 0.0119865 0.0145169 0.0166728 0.0181652 0.0187879 0.0184659 0.0172719 0.0154048 0.0131375 0.0107531 0.00848877 0.00650284 0.0048686 0.00358904 0.00262237 0.00190751
 1.00658e-16 3.24464e-05 0.00019043 0.000905208 0.00348509 0.0108679 0.0274515 0.0561698 0.0931091 0.125047 0.136087 0.120065 0.0860033 0.0503067 0.0246279 0.0112097 0.00652859 0.00642353 0.00832907 0.0110841 0.0141573 0.0171705 0.0197559 0.0215742 0.0223813 0.0220848 0.020764 0.018645 0.0160411 0.0132786 0.0106319 0.00828595 0.00632887 0.00476871 0.00356262 0.00264577
 1.0076e-16 3.29286e-05 0.000193262 0.000918675 0.00353694 0.0110296 0.02786 0.0570054 0.0944937 0.126905 0.138104 0.121834 0.0872471 0.0509873 0.0248737 0.0111744 0.00630599 0.00604075 0.00777629 0.0103441 0.0132243 0.0160612 0.0185132 0.020265 0.0210885 0.0208937 0.019749 0.0178576 0.0155033 0.0129827 0.0105463 0.0083641 0.00651866 0.00502097 0.0038366 0.00291159
 1.01775e-16 1.68274e-05 9.87044e-05 0.000469072 0.00180574 0.00563087 0.0142236 0.0291069 0.048261 0.0648528 0.0706773 0.0625911 0.0453472 0.0275593 0.0154196 0.010274 0.0104786 0.0140049 0.0195333 0.0262952 0.033643 0.040826 0.0469987 0.051361 0.053334 0.0526964 0.0496337 0.0446779 0.0385673 0.0320702 0.0258332 0.0202912 0.0156509 0.0119315 0.00903322 0.00680578
pSPR Fmed_Fpbrs
0.357905   0.401372 0.401372
Fs Fmed_Fpbrs
1.23616   1.005 1.005
SSBpbr Bo_Bmed_Bpbrs
946027  291287  332408 332408
Ro
15994.5
SPR SPRFo_SPRFmed_SPRFpbrs
329064 117774 132077
log_Ro
9.5
likeval ReclasPelacesDesembMPH_pf_preclas_ppelaces_ptallas_desvR_qrecl_qpela
 70.0818 20.0024 0.330024 0.000169394 365.494 173.537 93.3936 0 48.3205 9.67062e-05 0.000161188 0 0 0 0
q_reclas_q_pelaces
4.02896 6.08762
M
0.7
N
 3863.55 54042.8 20915 2711.66 0.105532
 5426.34 1892.96 23893.7 8955.94 1159.84
 753.137 2634.71 774.012 9260.89 3913.11
 2761.35 336.513 525.382 120.053 2024.63
 43187.8 1262.93 82.0866 105.374 427.02
 10172.3 20853.2 492.19 29.9257 193.61
 65212.9 4385.04 3050.6 51.4259 23.0651
 57639.6 27922.8 605.149 295.895 7.13255
 62458.2 24607.4 3756.58 56.8221 28.084
 136934 25972.6 2637.8 264.011 5.87549
 47393.2 60684.3 4824.77 373.776 37.8682
 51394.8 20587.1 9483.98 548.445 46.2532
 55866.2 21961.7 2791.93 899.659 55.6843
 28977.3 21642 1276.28 89.8706 30.0979
 12941.1 9511.95 300.67 6.62265 0.600487
 10504.8 4186.74 116.565 1.32947 0.0307745
 7054.9 4299.06 390.936 6.86982 0.0788363
 7763.27 2991.82 545.942 34.1035 0.597952
 8116.74 3368.65 463.243 61.3266 3.85286
 10108.8 3591.64 617.687 64.5615 8.99373
 15873.4 4381.26 550.5 68.4933 8.06061
 20790.1 7368.99 1215.72 130.134 17.9914
 27332.5 9599.6 1951.74 270.819 32.7894
 5872.84 12458.3 2273.83 377.05 58.2187
pred_Ctot
 37.1382 4291.05 2088.95 272.822 0.0106199
 86.9027 243.114 3825.86 1444.09 187.055
 54.6168 1193.6 408.328 4908.05 2074.13
 157.606 128.193 237.011 54.4394 918.225
 860.471 198.202 15.9759 20.6481 83.6911
 972.94 11319.4 304.167 18.5647 120.121
 6515.99 2443.89 1928.2 32.6256 14.6345
 5866.32 15733 386.069 189.464 4.56749
 7378.83 15082.9 2571.84 39.0265 19.2904
 10663.7 12353.4 1452.98 146.067 3.25109
 4302.02 31890.7 2899.68 225.535 22.8521
 5200.76 11560.4 6033.09 350.167 29.5344
 8961.79 15596.5 2151.6 694.914 43.0144
 7233.6 17848 1100.73 77.6037 25.9906
 3324.05 7901.29 260.689 5.74873 0.521263
 1343.57 2675.21 82.5749 0.944589 0.0218672
 747.597 2480.04 254.427 4.48679 0.0514944
 710.036 1579.71 329.454 20.6617 0.362312
 640.035 1615.73 257.063 34.1806 2.14767
 932.139 1906.11 374.39 39.2862 5.47337
 746.593 1437.08 216.342 27.0679 3.18598
 1053.59 2562.97 504.432 54.2896 7.50684
 1622.13 3765.27 904.246 126.11 15.271
 461.725 5963.65 1259.59 209.784 32.396
F
 0.0134458 0.116162 0.14815 0.149312 0.149345
 0.022491 0.194307 0.247814 0.249757 0.249813
 0.10561 0.912404 1.16365 1.17278 1.17304
 0.082282 0.710862 0.906613 0.913725 0.913927
 0.0280491 0.242326 0.309055 0.31148 0.311549
 0.141466 1.22217 1.55872 1.57095 1.5713
 0.148215 1.28048 1.63309 1.6459 1.64626
 0.151161 1.30593 1.66555 1.67861 1.67899
 0.177456 1.5331 1.95528 1.97061 1.97105
 0.113814 0.983278 1.25404 1.26388 1.26416
 0.133816 1.15608 1.47443 1.486 1.48633
 0.150235 1.29793 1.65534 1.66833 1.6687
 0.248323 2.14535 2.73612 2.75758 2.75819
 0.413965 3.57638 4.56121 4.59699 4.59801
 0.428488 3.70185 4.72124 4.75827 4.75932
 0.193433 1.67113 2.13131 2.14803 2.14851
 0.157841 1.36364 1.73915 1.75279 1.75318
 0.134893 1.16539 1.4863 1.49796 1.49829
 0.11532 0.996285 1.27063 1.2806 1.28088
 0.136068 1.17554 1.49925 1.51101 1.51134
 0.067366 0.581997 0.742263 0.748085 0.748251
 0.0727553 0.628558 0.801645 0.807933 0.808112
 0.0856844 0.740257 0.944102 0.951508 0.951719
 0.114961 0.993185 1.26668 1.27662 1.2769
nmprior
 10 10 8 0
nm_flota  nm_reclas  nm_pelaces    nm_pelaL
inf 12.4897 9.18929 14.3199
cv_recla  cv_pelaces  cv_mph
0.775049 0.526266 0.422267
 ------------------------------------------------
Talla a la edad & desviación 
 7.2 14.2025 17.0495 18.207 18.6776
 1.08 2.13037 2.55742 2.73105 2.80164
