years
 1997 1998 1999 2000 2001 2002 2003 2004 2005 2006 2007 2008 2009 2010 2011 2012 2013 2014 2015 2016 2017 2018 2019 2020
reclasobs
 0 0 0 370054 412103 1.49427e+06 250295 1.28982e+06 931140 785840 897777 1.04006e+06 184774 17550 25797 100020 73551 82996 120727 218422 84188 347160 605670 569463
reclaspred
 1.06854e+06 215891 525268 160940 229318 305559 518762 406745 931126 1.41154e+06 1.25014e+06 648518 390324 191842 140908 143910 139212 159855 123306 177402 364896 366610 522903 330772
pelacesobs
 0 0 0 0 0 0 0 0 0 2.06254e+06 1.5e+06 0 1.87456e+06 323000 250000 174000 83755 137374 0 501740 490994 745055 786931 1.00524e+06
pelacespred
 512045 184462 139573 112394 132848 127033 263237 226892 539600 833751 642477 337486 209373 79791.8 60750.3 70134.8 71391.6 79711.3 64645.1 88774 198520 212819 230060 177668
mphobs
 0 0 0 0 0 112323 0 153150 637223 0 255016 313432 73983 77613 109348 50772 0 0 0 0 0 0 0 0
mphpred
 862002 324100 364948 216912 130403 303533 320015 408007 527086 1.13772e+06 1.37736e+06 751862 377554 264592 115159 125999 119857 134458 127078 108812 250546 343403 400927 367071
desembarqueobs
 350755 77701 442110 56441 14545 235359 269955 359681 431902 328805 639364 411747 362871 311530 167758 66681 60226 58785 57116 71774 51957 67425 138520 160799
desembarquepred
 350951 77748.3 441552 56341.7 14540.2 235013 269487 358719 431756 328144 637314 410859 361120 310484 167457 66606.5 60212.7 58617.6 56900.6 71673.7 51871.4 67122.5 137875 160877
Reclutas
 12769.9 70712.1 1355.6 3614.46 50692.4 18433.1 49472.1 62925.7 190006 181949 14975.9 17645.4 75448.9 22247.7 25502.6 13777 11069.5 9014.5 5614.06 30862 34180.8 37512 27605.1 10468.5
log_desv_Rt
 -0.585153 1.12637 -2.828 -1.8473 0.793531 -0.218097 0.769165 1.00971 2.11481 2.07148 -0.425801 -0.261772 1.19121 -0.0300069 0.106537 -0.509247 -0.728053 -0.933411 -1.40697 0.29728 0.399418 0.492416 0.185756 -0.783876
SSB
 862002 324100 364948 216912 130403 303533 320015 408007 527086 1.13772e+06 1.37736e+06 751862 377554 264592 115159 125999 119857 134458 127078 108812 250546 343403 400927 367071
BT
 1.36152e+06 493439 478994 274463 380880 428140 969237 948355 2.04698e+06 2.31377e+06 1.75339e+06 1.03129e+06 899891 462559 304086 206061 212208 220783 178217 300535 529949 492867 550856 485460
Ftot
 0.315046 0.346394 0.769823 0.335178 0.0619715 0.711672 0.494521 0.818814 0.444908 0.225052 0.481638 0.592649 0.855386 1.38519 1.07803 0.44046 0.412892 0.351365 0.438476 0.388131 0.138287 0.177567 0.254201 0.460813
BD_Bspro_t
 0.952091 0.718314 0.638787 0.334085 0.341459 0.601334 0.467765 0.489043 0.516962 0.636994 0.642758 0.425848 0.287641 0.25514 0.144339 0.175758 0.215797 0.305914 0.34825 0.378637 0.601979 0.722418 0.72002 0.630905
BD_Bspro
 1.8276 0.687152 0.773756 0.459894 0.276478 0.643545 0.67849 0.865048 1.11752 2.41217 2.92026 1.59408 0.800482 0.560983 0.244157 0.26714 0.254119 0.285076 0.269429 0.230702 0.531204 0.728078 0.850037 0.778256
BD_Bo
 0.969631 0.364568 0.410515 0.243996 0.146685 0.341432 0.359972 0.45895 0.592898 1.27978 1.54934 0.845739 0.424695 0.297629 0.129537 0.141731 0.134822 0.151247 0.142945 0.122399 0.28183 0.386281 0.450986 0.412903
BD_Brms
 4.72095 1.77501 1.99872 1.18797 0.71418 1.66237 1.75263 2.23454 2.8867 6.23098 7.54344 4.11774 2.06776 1.4491 0.630691 0.690059 0.656424 0.73639 0.695973 0.595936 1.37217 1.88073 2.19576 2.01034
S_f
 0.5 1 1 1 1
 0.5 1 1 1 1
 0.5 1 1 1 1
 0.5 1 1 1 1
 0.5 1 1 1 1
 0.5 1 1 1 1
 0.5 1 1 1 1
 0.5 1 1 1 1
 0.5 1 1 1 1
 0.5 1 1 1 1
 0.5 1 1 1 1
 0.5 1 1 1 1
 0.5 1 1 1 1
 0.5 1 1 1 1
 0.5 1 1 1 1
 0.5 1 1 1 1
 0.5 1 1 1 1
 0.5 1 1 1 1
 0.5 1 1 1 1
 0.5 1 1 1 1
 0.5 1 1 1 1
 0.5 1 1 1 1
 0.5 1 1 1 1
 0.5 1 1 1 1
Scru_reclas
 0.5 1 1 1 1
 0.5 1 1 1 1
 0.5 1 1 1 1
 0.5 1 1 1 1
 0.5 1 1 1 1
 0.5 1 1 1 1
 0.5 1 1 1 1
 0.5 1 1 1 1
 0.5 1 1 1 1
 0.5 1 1 1 1
 0.5 1 1 1 1
 0.5 1 1 1 1
 0.5 1 1 1 1
 0.5 1 1 1 1
 0.5 1 1 1 1
 0.5 1 1 1 1
 0.5 1 1 1 1
 0.5 1 1 1 1
 0.5 1 1 1 1
 0.5 1 1 1 1
 0.5 1 1 1 1
 0.5 1 1 1 1
 0.5 1 1 1 1
 0.5 1 1 1 1
Scru_pelaces
 0.5 1 1 1 1
 0.5 1 1 1 1
 0.5 1 1 1 1
 0.5 1 1 1 1
 0.5 1 1 1 1
 0.5 1 1 1 1
 0.5 1 1 1 1
 0.5 1 1 1 1
 0.5 1 1 1 1
 0.5 1 1 1 1
 0.5 1 1 1 1
 0.5 1 1 1 1
 0.5 1 1 1 1
 0.5 1 1 1 1
 0.5 1 1 1 1
 0.5 1 1 1 1
 0.5 1 1 1 1
 0.5 1 1 1 1
 0.5 1 1 1 1
 0.5 1 1 1 1
 0.5 1 1 1 1
 0.5 1 1 1 1
 0.5 1 1 1 1
 0.5 1 1 1 1
pf_obs 
 0.256992 0.487395 0.22802 0.0275931 0
 0.321318 0.546541 0.124235 0.00734118 0.000564706
 0.182869 0.594174 0.210203 0.0122559 0.00049798
 0.330522 0.361315 0.267642 0.0388342 0.00168674
 0.649043 0.306663 0.0425973 0.00169635 0
 0.582887 0.30429 0.105238 0.00758474 0
 0.465427 0.430635 0.0974691 0.00646863 0
 0.296916 0.608066 0.0921331 0.00288517 0
 0.311714 0.524322 0.152257 0.0117073 0
 0.15457 0.633149 0.183074 0.0267441 0.00246327
 0.131901 0.49318 0.331252 0.0422183 0.00144891
 0.196976 0.569456 0.194076 0.0375587 0.00193317
 0.518974 0.381816 0.0799577 0.0180837 0.00116848
 0.0928022 0.601141 0.25162 0.0475244 0.00691264
 0.122501 0.610282 0.24278 0.0234846 0.000952079
 0.383417 0.481906 0.127806 0.00687128 0
 0.0376549 0.599619 0.316969 0.0457579 0
 0.0361596 0.667082 0.258105 0.0386534 0
 0.158088 0.579412 0.248529 0.0139706 0
 0.0477256 0.309471 0.559284 0.082774 0.000745712
 0.0406174 0.521527 0.379366 0.0568643 0.0016247
 0.151134 0.462217 0.34131 0.0453401 0
 0.294876 0.26143 0.354403 0.0886775 0.000613685
 0.281977 0.475581 0.204845 0.0348837 0.00271318
pf_pred 
 0.201332 0.402061 0.199658 0.0991471 0.0978021
 0.714075 0.101711 0.0927364 0.0460516 0.0454268
 0.0221352 0.827919 0.0533392 0.048633 0.0479732
 0.18617 0.0439693 0.651811 0.0419933 0.0760568
 0.850131 0.050226 0.00538347 0.0798058 0.0144537
 0.286056 0.65703 0.0190739 0.00204444 0.0357962
 0.680231 0.159254 0.147718 0.00428834 0.00850762
 0.615563 0.319496 0.0323426 0.0299998 0.0025987
 0.801508 0.159609 0.0323145 0.00327121 0.00329709
 0.5327 0.421476 0.0368479 0.00746022 0.00151638
 0.0676785 0.660614 0.245064 0.0214249 0.00521937
 0.196098 0.115169 0.488014 0.181036 0.0196829
 0.715701 0.10455 0.0257514 0.109118 0.0448799
 0.336637 0.575284 0.0323905 0.00797803 0.04771
 0.634035 0.224048 0.123074 0.0069295 0.0119137
 0.458569 0.448763 0.0567323 0.0311643 0.00477139
 0.419782 0.381959 0.164326 0.020774 0.0131588
 0.40226 0.370631 0.149506 0.0643205 0.013282
 0.328856 0.401616 0.167122 0.0674142 0.0349919
 0.797532 0.106689 0.0573147 0.02385 0.0146144
 0.55617 0.398628 0.0238188 0.0127958 0.00858736
 0.470669 0.382552 0.13183 0.00787712 0.00707162
 0.357766 0.418494 0.161699 0.0557228 0.00631862
 0.206368 0.432617 0.235245 0.0908949 0.034875
pobs_RECLAS
 0 0 0 0 0
 0 0 0 0 0
 0 0 0 0 0
 0 0 0 0 0
 0.835266 0.146461 0.0176864 0.000547809 3.91292e-05
 0.385257 0.428462 0.181853 0.0044286 0
 0.867414 0.0963971 0.0333333 0.00285562 0
 0.441836 0.489002 0.0689373 0.000224442 0
 0.779404 0.147425 0.0564933 0.0165055 0.000172143
 0.814271 0.122319 0.05973 0.00367925 0
 0.40263 0.566651 0.0304383 0.000280538 0
 0.475488 0.404961 0.113038 0.00651328 0
 0.955842 0.0263864 0.0167828 0.000988607 0
 0.975058 0.0227948 0.00214734 0 0
 0.738997 0.206755 0.0527124 0.00153531 0
 0.850938 0.134255 0.0134407 0.00136685 0
 0.542534 0.407297 0.0501686 0 0
 0.764087 0.199537 0.0359546 0.000420521 0
 0.470689 0.182191 0.310203 0.0369168 0
 0.84361 0.089868 0.0606195 0.00523954 0.000663233
 0.607945 0.314616 0.071237 0.00620181 0
 0.523733 0.453247 0.0230204 0 0
 0.530135 0.295979 0.169645 0.0042399 0
 0.562478 0.366248 0.0663022 0.0049721 0
ppred_RECLAS
 0.203286 0.401077 0.199169 0.0989045 0.0975627
 0.716852 0.100723 0.0918356 0.0456042 0.0449856
 0.0230151 0.827174 0.0532912 0.0485892 0.04793
 0.188161 0.0438617 0.650216 0.0418905 0.0758707
 0.850374 0.0501445 0.00537473 0.0796764 0.0144303
 0.293396 0.650275 0.0188778 0.00202342 0.0354282
 0.684922 0.156918 0.145552 0.00422544 0.00838282
 0.62582 0.310971 0.0314797 0.0291994 0.00252937
 0.804486 0.157215 0.0318297 0.00322213 0.00324762
 0.534702 0.41967 0.03669 0.00742826 0.00150988
 0.0690094 0.65967 0.244714 0.0213943 0.00521192
 0.200494 0.11454 0.485346 0.180046 0.0195752
 0.725048 0.101112 0.0249048 0.10553 0.0434043
 0.358281 0.556514 0.0313336 0.00771773 0.0461533
 0.649039 0.214862 0.118028 0.0066454 0.0114252
 0.463186 0.444936 0.0562485 0.0308986 0.0047307
 0.423947 0.379217 0.163147 0.0206249 0.0130643
 0.405605 0.368557 0.14867 0.0639606 0.0132076
 0.332945 0.399169 0.166104 0.0670034 0.0347787
 0.800066 0.105353 0.0565972 0.0235515 0.0144315
 0.557301 0.397612 0.0237581 0.0127632 0.00856548
 0.472188 0.381454 0.131452 0.00785452 0.00705133
 0.359908 0.417098 0.16116 0.055537 0.00629754
 0.209616 0.430846 0.234283 0.0905229 0.0347322
pobs_PELACES
 0 0 0 0 0
 0 0 0 0 0
 0 0 0 0 0
 0 0 0 0 0
 0 0 0 0 0
 0 0 0 0 0
 0 0 0 0 0
 0 0 0 0 0
 0 0 0 0 0
 0 0 0 0 0
 0.450072 0.473896 0.0757376 0.000293798 0
 0 0 0 0 0
 0.463077 0.371075 0.160297 0.00555027 0
 0.529543 0.364841 0.0842815 0.0213345 0
 0.631943 0.363953 0.00410389 0 0
 0.735681 0.248677 0.0153453 0.000297389 0
 0.695825 0.281241 0.0229344 0 0
 0.275771 0.60734 0.115278 0.00161068 0
 0 0 0 0 0
 0.896147 0.0623911 0.0374545 0.00400742 0
 0.803859 0.145111 0.0509908 3.86294e-05 0
 0.739449 0.233085 0.0266225 0.000797448 4.60066e-05
 0.878498 0.100942 0.0204185 0.000141795 0
 0.694673 0.275183 0.0284847 0.00165964 0
ppred_PELACES
 0.211835 0.396774 0.197032 0.0978432 0.0965158
 0.728308 0.0966475 0.08812 0.0437591 0.0431655
 0.026051 0.824604 0.0531256 0.0484382 0.0477811
 0.196755 0.0433973 0.643333 0.0414471 0.0750676
 0.851671 0.04971 0.00532817 0.078986 0.0143052
 0.318316 0.627341 0.018212 0.00195206 0.0341787
 0.70226 0.148283 0.137542 0.00399293 0.00792154
 0.656882 0.285157 0.0288664 0.0267755 0.0023194
 0.815775 0.148137 0.0299918 0.00303608 0.0030601
 0.543928 0.411349 0.0359625 0.00728097 0.00147994
 0.0742934 0.655926 0.243325 0.0212729 0.00518234
 0.216628 0.112228 0.475551 0.176412 0.0191802
 0.752275 0.0910998 0.0224386 0.0950805 0.0391063
 0.412346 0.509628 0.0286938 0.00706751 0.0422649
 0.688409 0.190759 0.104788 0.00589993 0.0101436
 0.481297 0.429925 0.0543508 0.0298561 0.0045711
 0.440665 0.368212 0.158412 0.0200263 0.0126852
 0.419655 0.359846 0.145155 0.0624488 0.0128954
 0.349203 0.38944 0.162056 0.0653704 0.0339311
 0.810114 0.100059 0.053753 0.0223679 0.0137062
 0.562923 0.392563 0.0234564 0.0126011 0.00845671
 0.479495 0.376173 0.129632 0.00774577 0.00695371
 0.369626 0.410765 0.158713 0.0546938 0.00620193
 0.222491 0.423828 0.230466 0.0890483 0.0341665
pobs_pel_tallas
 0 0 0 0 0 0 0 0 0 0 0 0 0 0 0 0 0 0 0 0 0 0 0 0 0 0 0 0 0 0 0 0 0 0 0 0
 0 0 0 0 0 0 0 0 0 0 0 0 0 0 0 0 0 0 0 0 0 0 0 0 0 0 0 0 0 0 0 0 0 0 0 0
 0 0 0 0 0 0 0 0 0 0 0 0 0 0 0 0 0 0 0 0 0 0 0 0 0 0 0 0 0 0 0 0 0 0 0 0
 0 0 0 0 0 0 0 0 0 0 0 0 0 0 0 0 0 0 0 0 0 0 0 0 0 0 0 0 0 0 0 0 0 0 0 0
 0 0 0 0 0 0 0 0 0 0 0 0 0 0 0 0 0 0 0 0 0 0 0 0 0 0 0 0 0 0 0 0 0 0 0 0
 0 0 0 0 0 0 0 0 0 0 0 0 0 0 0 0 0 0 0 0 0 0 0 0 0 0 0 0 0 0 0 0 0 0 0 0
 0 0 0 0 0 0 0 0 0 0 0 0 0 0 0 0 0 0 0 0 0 0 0 0 0 0 0 0 0 0 0 0 0 0 0 0
 0 0 0 0 0 0 0 0 0 0 0 0 0 0 0 0 0 0 0 0 0 0 0 0 0 0 0 0 0 0 0 0 0 0 0 0
 0 0 0 0 0 0 0 0 0 0 0 0 0 0 0 0 0 0 0 0 0 0 0 0 0 0 0 0 0 0 0 0 0 0 0 0
 0 0 0 0 0 0 0 0 0 0 0 0 0 0 0 0 0 0 0 0 0 0 0 0 0 0 0 0 0 0 0 0 0 0 0 0
 0 0 0 0 0 0 0 0 1.78061e-05 0.00172719 0.00360574 0.0105946 0.0120993 0.0124554 0.0147524 0.0171206 0.0266825 0.0428682 0.0675386 0.121331 0.153587 0.119568 0.100827 0.0573624 0.0630603 0.0341343 0.0324427 0.0444173 0.0211091 0.0280891 0.0125444 0.00206551 0 0 0 0
 0 0 0 0 0 0 0 0 0 0 0 0 0 0 0 0 0 0 0 0 0 0 0 0 0 0 0 0 0 0 0 0 0 0 0 0
 0 0 0 0 0 0 0.0133647 0.0140871 0.0187388 0.0205184 0.03894 0.0496705 0.03968 0.0493445 0.0407372 0.0367815 0.0215668 0.0243155 0.0234873 0.0199281 0.019796 0.0243948 0.0301388 0.0376714 0.0412746 0.0863199 0.0771752 0.113111 0.0741005 0.0525337 0.0229764 0.00759418 0.00175318 0 0 0
 0 0 0 0 0 0 0 0 0 0 0.00219441 0.00772107 0.0458388 0.0604681 0.0671733 0.0775358 0.0609151 0.0617685 0.073594 0.0568108 0.0755445 0.0548602 0.0670107 0.0636378 0.0643287 0.046367 0.0373049 0.0286899 0.0247887 0.0153202 0.00654259 0.00121912 0.000365735 0 0 0
 0 0 0 0 0 0 0 0 0 0 0 0 0.000112435 0.00938835 0.0111873 0.0202946 0.0414886 0.0713402 0.111592 0.104902 0.108894 0.110636 0.117776 0.105296 0.107544 0.0401394 0.0192827 0.0124803 0.00416011 0.0028671 0.000618394 0 0 0 0 0
 0 0 0 0 0 0 0 0 0 0 0.00291406 0.0102884 0.027416 0.0768956 0.0749926 0.110853 0.0956884 0.0897413 0.0766577 0.0534642 0.0500743 0.0551293 0.0594112 0.0620874 0.0668451 0.0424026 0.0208742 0.0120726 0.0048766 0.00582813 0.00118941 0.000297354 0 0 0 0
 0 0.00264628 0.0354308 0.0461629 0.0458689 0.0383711 0.0214643 0.0164657 0.0346957 0.0420465 0.0363128 0.0245516 0.0311673 0.0291091 0.0169068 0.0133784 0.00837989 0.0085269 0.0148486 0.0160247 0.0276389 0.0546898 0.0760071 0.122758 0.109233 0.0665981 0.0333725 0.0166128 0.00676272 0.00308733 0.000882094 0 0 0 0 0
 0 0 0 0 0 0 0 0.000805153 0.000690131 0.00759144 0.0133425 0.0154129 0.00931677 0.000345066 0.00356568 0.00563607 0.00851162 0.0253048 0.0502646 0.0516448 0.0657925 0.0565908 0.0611916 0.0827007 0.0866115 0.110766 0.145733 0.0935128 0.0569358 0.0249597 0.0138026 0.00621118 0.00161031 0.00115022 0 0
 0 0 0 0 0 0 0 0 0 0 0 0 0 0 0 0 0 0 0 0 0 0 0 0 0 0 0 0 0 0 0 0 0 0 0 0
 0.00147267 0.00158595 0.00478618 0.00569244 0.00954404 0.0108468 0.00647125 0.017049 0.0510054 0.094081 0.124002 0.0959785 0.0687766 0.0820023 0.061753 0.0591476 0.0492212 0.0479892 0.0443925 0.0268479 0.0217502 0.0140895 0.0121071 0.0120363 0.00920419 0.00665534 0.0049561 0.00860946 0.00930331 0.0156896 0.0114698 0.00855282 0.00243557 0.00046729 0 2.83206e-05
 0 0 0 0 0.000772559 0.00158375 0.000888443 0.00281984 0.00712685 0.0440552 0.0773331 0.111326 0.0921469 0.0852325 0.0710754 0.0886704 0.0786465 0.0553345 0.0373146 0.0185414 0.00753245 0.00457741 0.012979 0.0271748 0.0457355 0.0583668 0.034881 0.0177882 0.00938659 0.00492506 0.0015258 0.00185414 0.000309023 5.79419e-05 3.86279e-05 0
 0 0.00173294 0.00326652 0 0.00397197 0.00683976 0.00946217 0.0152591 0.00757587 0.0136028 0.0228656 0.0392903 0.0559909 0.0764795 0.0681675 0.0726916 0.0566044 0.0477403 0.0527397 0.0444891 0.0609904 0.0582453 0.0661739 0.0445044 0.0529084 0.0360697 0.0280645 0.0235558 0.0158879 0.00826598 0.00280645 0.00217768 0.000904811 0.00058276 9.20147e-05 0
 0 0 0 0 0 0 0 0 0 0 0 0 0 0 0 0 0 0 0 0 0 0 0 0 0 0 0 0 0 0 0 0 0 0 0 0
 0 0 0 0 0 0 0 0 0 0 0 0 0 0 0 0 0 0 0 0 0 0 0 0 0 0 0 0 0 0 0 0 0 0 0 0
ppred_pel_tallas
 1.10798e-16 9.26591e-06 5.43235e-05 0.000258106 0.000993517 0.003098 0.00782567 0.0160153 0.0265585 0.0357015 0.0389406 0.0345633 0.025211 0.0156628 0.00938228 0.0071826 0.00824196 0.0115245 0.0163649 0.0223631 0.029134 0.0361794 0.0429015 0.0486983 0.0530846 0.0557865 0.0567786 0.0562494 0.054517 0.0519255 0.0487629 0.0452218 0.0414073 0.0373734 0.0331674 0.028861
 1.04804e-16 3.17743e-05 0.000186495 0.000886527 0.0034132 0.0106438 0.0268852 0.0550102 0.0911837 0.122452 0.133237 0.11749 0.0840269 0.048886 0.0234426 0.00985151 0.00462665 0.00367918 0.00452334 0.00610474 0.00804671 0.0101721 0.0123312 0.0143747 0.0161701 0.0176216 0.0186789 0.0193328 0.0196 0.0195061 0.0190736 0.0183198 0.0172628 0.0159307 0.0143704 0.0126486
 1.0492e-16 1.18197e-06 6.82489e-06 3.22061e-05 0.000123599 0.000385085 0.000973614 0.00199865 0.00333764 0.00455687 0.00515524 0.00501457 0.00460891 0.00474621 0.00614545 0.00924946 0.0142912 0.0213726 0.0304166 0.0410457 0.0524983 0.0636594 0.073223 0.0799526 0.082966 0.0819479 0.077222 0.0696498 0.0604026 0.050679 0.0414644 0.0333923 0.0267253 0.0214288 0.0172905 0.0140367
 1.14079e-16 8.5953e-06 5.04158e-05 0.000239593 0.000922348 0.00287613 0.00726486 0.0148654 0.0246434 0.0331027 0.0360417 0.0318381 0.0228948 0.0135783 0.00701442 0.00386176 0.00328226 0.00430258 0.0064037 0.00946021 0.013513 0.0186082 0.0247149 0.0316842 0.0392312 0.0469384 0.0542826 0.0606863 0.0655886 0.0685258 0.0692048 0.0675535 0.0637364 0.0581278 0.051252 0.0437011
 1.03475e-16 3.71514e-05 0.000218068 0.00103664 0.00399119 0.0124462 0.031438 0.0643251 0.106622 0.143177 0.15577 0.137317 0.0981138 0.0568928 0.0269256 0.0106947 0.00408237 0.00227115 0.00233262 0.00303766 0.00398247 0.00503033 0.00610274 0.00713271 0.00806573 0.00886692 0.00952285 0.0100355 0.0104116 0.0106523 0.0107469 0.0106746 0.0104121 0.00994382 0.00927188 0.00842007
 1.02127e-16 1.39181e-05 8.16153e-05 0.000387808 0.00149283 0.00465502 0.0117588 0.0240645 0.039906 0.0536425 0.058505 0.0519178 0.0378454 0.02346 0.0139493 0.0105063 0.0118485 0.0163471 0.0229013 0.0307819 0.039264 0.0474566 0.0543527 0.05901 0.0607661 0.059401 0.0551923 0.0488361 0.0412689 0.0334478 0.0261606 0.0199149 0.0149192 0.0111387 0.00838685 0.00641866
 1.02509e-16 3.06408e-05 0.000179835 0.000854853 0.00329123 0.0102634 0.0259245 0.0530449 0.0879277 0.118084 0.128498 0.113343 0.081132 0.0473441 0.0229701 0.0101133 0.0054371 0.00501615 0.00645399 0.0087089 0.0113623 0.0141596 0.0168554 0.0192049 0.0210006 0.022109 0.0224884 0.0221828 0.0212965 0.0199611 0.0183069 0.0164466 0.0144723 0.0124609 0.0104804 0.00859386
 1.01532e-16 2.86674e-05 0.000168238 0.000799691 0.00307879 0.00960088 0.0242512 0.0496223 0.0822584 0.110483 0.120258 0.106151 0.0761495 0.0447698 0.0223404 0.0108832 0.00732556 0.00801991 0.0107028 0.0143134 0.0183026 0.0222177 0.025594 0.0279991 0.0291226 0.028848 0.0272785 0.0247028 0.0215182 0.0181345 0.0148915 0.0120122 0.00959568 0.00764091 0.00608673 0.00484986
 1.00722e-16 3.55903e-05 0.000208894 0.000993003 0.00382314 0.0119221 0.0301143 0.0616176 0.102137 0.137163 0.14925 0.131625 0.0941675 0.054848 0.0264147 0.0112867 0.00555865 0.00463883 0.00571345 0.0075503 0.00965507 0.0117434 0.0135634 0.014886 0.0155445 0.0154709 0.0147107 0.013406 0.0117569 0.00997343 0.00823322 0.00665731 0.00530558 0.00418789 0.00328277 0.00255556
 1.00964e-16 2.37472e-05 0.00013934 0.000662283 0.00254969 0.00795087 0.0200836 0.041096 0.0681296 0.0915218 0.0996615 0.0880693 0.0633934 0.0377034 0.0196173 0.0108853 0.00903667 0.0111004 0.0151999 0.0203777 0.0260127 0.0314858 0.0361279 0.0393137 0.040598 0.039822 0.0371513 0.0330261 0.0280482 0.0228391 0.0179178 0.0136283 0.010126 0.00741092 0.00538436 0.00390582
 1.04641e-16 3.27935e-06 1.91523e-05 9.0843e-05 0.000349418 0.00108933 0.00275228 0.00563675 0.00936338 0.0126348 0.0139076 0.0126444 0.00987407 0.00742426 0.00671264 0.00826408 0.0120283 0.017814 0.025413 0.034488 0.0444442 0.0544103 0.063342 0.0702171 0.0742557 0.0750894 0.0728301 0.0680077 0.061413 0.053899 0.0462089 0.0388756 0.032203 0.0263079 0.0211899 0.0167967
 1.13745e-16 9.46417e-06 5.55117e-05 0.000263809 0.00101556 0.00316681 0.00799916 0.0163683 0.027136 0.0364547 0.039701 0.0350935 0.0252849 0.0150926 0.00796893 0.00464739 0.00420542 0.00555481 0.00808264 0.0115795 0.0159922 0.0212605 0.0272507 0.0337419 0.0404349 0.04697 0.0529525 0.0579805 0.0616801 0.0637452 0.0639782 0.0623261 0.0588994 0.0539657 0.0479186 0.0412233
 1.05443e-16 3.28189e-05 0.000192629 0.000915691 0.00352549 0.0109939 0.0277697 0.0568199 0.094183 0.126478 0.137615 0.121342 0.0867644 0.0504426 0.0241202 0.0100149 0.00451616 0.00339073 0.00406282 0.00543925 0.0071334 0.00897323 0.0108243 0.0125607 0.0140798 0.0153181 0.0162568 0.016911 0.0173107 0.0174794 0.0174216 0.0171213 0.0165534 0.0156991 0.014562 0.0131759
 1.02792e-16 1.80135e-05 0.00010567 0.000502189 0.00193326 0.00602853 0.015228 0.0311619 0.0516666 0.0694243 0.075646 0.0669597 0.0484433 0.0293032 0.0161474 0.0103906 0.0102457 0.0135201 0.0187941 0.0252608 0.0322705 0.0390898 0.0449022 0.0489424 0.0506682 0.0498905 0.0468184 0.0419957 0.0361586 0.0300601 0.0243184 0.0193307 0.0152596 0.0120791 0.0096488 0.00778756
 1.02227e-16 3.00385e-05 0.000176295 0.000838017 0.00322639 0.0100612 0.0254138 0.0520002 0.0861973 0.115764 0.125984 0.111149 0.0796124 0.0465606 0.0227818 0.0103548 0.00602372 0.00594803 0.00777173 0.0104467 0.0135137 0.0166566 0.0195616 0.0219259 0.0235099 0.0241855 0.0239562 0.0229425 0.02134 0.0193673 0.0172202 0.0150459 0.0129388 0.0109513 0.00911082 0.00743408
 1.02152e-16 2.10169e-05 0.00012331 0.000586067 0.00225624 0.00703574 0.0177721 0.0363666 0.0602912 0.0809985 0.0882189 0.0779972 0.0562296 0.0336162 0.0178095 0.0103906 0.00920651 0.0116539 0.0160805 0.02162 0.0276709 0.0336038 0.038726 0.0423847 0.0441081 0.0437159 0.0413586 0.0374676 0.0326394 0.027492 0.0225411 0.0181285 0.0144108 0.0113945 0.0089945 0.00709001
 1.0365e-16 1.9243e-05 0.0001129 0.000536589 0.00206576 0.00644174 0.0162716 0.0332961 0.0552004 0.0741581 0.0807658 0.0714011 0.0514601 0.0307375 0.0162377 0.00940869 0.00828418 0.010494 0.0145502 0.0196975 0.025434 0.0312359 0.0365138 0.0406916 0.0433238 0.0441882 0.0433251 0.0410037 0.0376376 0.0336768 0.0295155 0.0254393 0.0216163 0.0181211 0.0149723 0.0121658
 1.04927e-16 1.83264e-05 0.00010752 0.000511014 0.00196729 0.00613467 0.015496 0.031709 0.0525696 0.0706248 0.0769204 0.0680079 0.0490286 0.0293133 0.0155373 0.00908548 0.00809216 0.0103069 0.0143182 0.0194099 0.0251033 0.0308959 0.0362193 0.0405172 0.043357 0.0445199 0.0440364 0.0421538 0.0392531 0.0357458 0.0319868 0.0282269 0.0246085 0.0211924 0.0179965 0.0150287
 1.06259e-16 1.52556e-05 8.94885e-05 0.000425285 0.0016372 0.0051053 0.0128959 0.0263894 0.0437531 0.058789 0.0640525 0.0566856 0.0409851 0.0247431 0.0135519 0.00860904 0.00840839 0.0111141 0.0155647 0.0211404 0.0273745 0.0337386 0.0396236 0.04443 0.0476893 0.0491607 0.0488699 0.0470726 0.0441668 0.0405813 0.0366842 0.0327326 0.0288707 0.0251598 0.0216209 0.0182699
 1.02205e-16 3.53415e-05 0.000207438 0.00098609 0.00379654 0.0118392 0.0299048 0.0611885 0.101424 0.136202 0.148195 0.13067 0.093433 0.0543163 0.0259654 0.0107666 0.0048277 0.00358366 0.00425086 0.00563816 0.00731105 0.00906258 0.0107249 0.0121414 0.0131873 0.0137919 0.0139491 0.0137084 0.0131546 0.0123815 0.0114703 0.0104791 0.00944354 0.00838432 0.0073175 0.00626164
 1.0129e-16 2.45746e-05 0.0001442 0.000685391 0.00263867 0.00822836 0.0207845 0.0425299 0.0705057 0.0947108 0.103126 0.0911116 0.0655414 0.0388971 0.0200844 0.0108997 0.00877111 0.0106133 0.0144831 0.0194037 0.0247628 0.0299662 0.0343767 0.0374008 0.0386183 0.0378827 0.0353569 0.0314647 0.0267813 0.0218976 0.0173031 0.0133174 0.0100783 0.00757527 0.00570537 0.00432883
 1.02554e-16 2.09364e-05 0.000122841 0.000583851 0.00224772 0.00700919 0.017705 0.0362289 0.0600616 0.080686 0.0878681 0.0776624 0.0559346 0.0333331 0.0174669 0.00989522 0.00846049 0.0105665 0.0145816 0.0196809 0.0253274 0.0309738 0.0360126 0.039858 0.0420666 0.042434 0.0410327 0.0381765 0.0343283 0.0299846 0.0255761 0.0214087 0.0176526 0.0143675 0.0115437 0.00914101
 1.04556e-16 1.6147e-05 9.47201e-05 0.000450152 0.00173294 0.00540384 0.01365 0.0279325 0.0463115 0.062226 0.067796 0.0599953 0.0433712 0.0261695 0.0143066 0.0090459 0.00878735 0.0115802 0.0161858 0.0219379 0.0283318 0.0347985 0.0406865 0.0453587 0.0483239 0.0493397 0.048455 0.0459712 0.0423463 0.0380745 0.0335839 0.0291782 0.0250302 0.0212104 0.0177314 0.0145864
 1.08066e-16 9.73187e-06 5.7056e-05 0.00027109 0.0010435 0.00325385 0.00821937 0.0168211 0.0278948 0.0374984 0.0409019 0.0363072 0.0264898 0.0164704 0.00988862 0.00759999 0.00874172 0.0122239 0.0173414 0.0236628 0.0307655 0.0381026 0.0450189 0.0508553 0.0550811 0.0573984 0.0577856 0.0564643 0.0538094 0.0502381 0.0461172 0.041715 0.0372005 0.0326735 0.0282061 0.0238718
pSPR Fmed_Fpbrs
0.493355   0.255389 0.255389
Fs Fmed_Fpbrs
0.412062   1.005 1.005
SSBpbr Bo_Bmed_Bpbrs
888999  394142  182591 182591
Ro
22925.4
SPR SPRFo_SPRFmed_SPRFpbrs
471658 232694 120456
log_Ro
9.86
likeval ReclasPelacesDesembMPH_pf_preclas_ppelaces_ptallas_desvR_qrecl_qpela
 104.112 118.632 0.727448 0.000529205 356.16 194.23 98.1385 0 42.408 0 0 0 0 0 0
q_reclas_q_pelaces
1 1
M
0.7
N
 12769.9 13629.6 6768.26 3361.02 3315.42
 70712.1 5417.14 4939.18 2452.72 2419.45
 1355.6 29530.4 1902.51 1734.65 1711.12
 3614.46 458.1 6790.98 437.513 792.409
 50692.4 1517.94 162.7 2411.91 436.823
 18433.1 24405 708.491 75.9396 1329.63
 49472.1 6412.9 5948.37 172.684 342.587
 62925.7 19185.4 1942.14 1801.46 156.05
 190006 20750 4201.05 425.273 428.638
 181949 75535.6 6603.76 1337 271.76
 14975.9 80737.5 29950.7 2618.46 637.89
 17645.4 5845.22 24768.3 9188.14 998.97
 75448.9 6515.27 1604.76 6799.96 2796.8
 22247.7 24428.8 1375.42 338.778 2025.95
 25502.6 5526.99 3036.1 170.943 293.897
 13777 7387.35 933.903 513.014 78.5446
 11069.5 5489.12 2361.53 298.543 189.105
 9014.5 4471.6 1803.76 776.015 160.244
 5614.06 3755.24 1562.65 630.344 327.186
 30862 2239.01 1202.83 500.526 306.703
 34180.8 12622.2 754.202 405.167 271.912
 37512 15839.7 5458.49 326.155 292.803
 27605.1 17045.3 6586.04 2269.6 257.359
 10468.5 12072.1 6564.5 2536.41 973.183
pred_Ctot
 1350.67 2697.31 1339.44 665.147 656.124
 8168.31 1163.47 1060.81 526.784 519.638
 318.42 11909.8 767.296 699.596 690.105
 404.978 95.6468 1417.89 91.3485 165.447
 1114.29 65.8328 7.05628 104.604 18.9449
 4051.02 9304.63 270.118 28.9526 506.933
 7905.66 1850.85 1716.79 49.8392 98.8757
 15564.2 8078.27 817.765 758.529 65.7068
 27605.2 5497.19 1112.96 112.665 113.557
 14016.8 11090.2 969.567 196.299 39.8999
 2337.16 22813.2 8462.85 739.872 180.242
 3310.28 1944.15 8238.06 3056.02 332.262
 19350.1 2826.66 696.229 2950.17 1213.4
 8315.89 14211.2 800.136 197.08 1178.57
 7880.76 2784.81 1529.76 86.1305 148.082
 1983.45 1941.04 245.384 134.795 20.6377
 1502.69 1367.3 588.239 74.3647 47.1045
 1055.13 972.167 392.155 168.713 34.8386
 804.947 983.043 409.068 165.011 85.6504
 3959.11 529.625 284.522 118.397 72.5488
 1648.8 1181.76 70.6122 37.9338 25.4578
 2303.67 1872.38 645.239 38.5542 34.6118
 2386.95 2792.11 1078.83 371.772 42.1567
 1569.99 3291.22 1789.68 691.502 265.319
F
 0.157523 0.315046 0.315046 0.315046 0.315046
 0.173197 0.346394 0.346394 0.346394 0.346394
 0.384912 0.769823 0.769823 0.769823 0.769823
 0.167589 0.335178 0.335178 0.335178 0.335178
 0.0309857 0.0619715 0.0619715 0.0619715 0.0619715
 0.355836 0.711672 0.711672 0.711672 0.711672
 0.247261 0.494521 0.494521 0.494521 0.494521
 0.409407 0.818814 0.818814 0.818814 0.818814
 0.222454 0.444908 0.444908 0.444908 0.444908
 0.112526 0.225052 0.225052 0.225052 0.225052
 0.240819 0.481638 0.481638 0.481638 0.481638
 0.296324 0.592649 0.592649 0.592649 0.592649
 0.427693 0.855386 0.855386 0.855386 0.855386
 0.692595 1.38519 1.38519 1.38519 1.38519
 0.539013 1.07803 1.07803 1.07803 1.07803
 0.22023 0.44046 0.44046 0.44046 0.44046
 0.206446 0.412892 0.412892 0.412892 0.412892
 0.175682 0.351365 0.351365 0.351365 0.351365
 0.219238 0.438476 0.438476 0.438476 0.438476
 0.194066 0.388131 0.388131 0.388131 0.388131
 0.0691435 0.138287 0.138287 0.138287 0.138287
 0.0887834 0.177567 0.177567 0.177567 0.177567
 0.1271 0.254201 0.254201 0.254201 0.254201
 0.230407 0.460813 0.460813 0.460813 0.460813
nmprior
 10 10 8 0
nm_flota  nm_reclas  nm_pelaces    nm_pelaL
inf 10.0782 5.65235 7.99235
cv_recla  cv_pelaces  cv_mph
0.944662 1.28164 0.746363
 ------------------------------------------------
Talla a la edad & desviación 
 7.2 14.2025 17.0495 18.207 18.6776
 1.08 2.13037 2.55742 2.73105 2.80164
