    unsorted:	 0.0007297967239 0.0008999975750 1.937470813 1.978973207 15.26606997 9.548789132 27.15348249 42.59577065 68.14746434 73.20205328 201.0574701 138.1422961 157.6472266 329.8904567 387.5894166 448.7988637 540.0897850 547.1287948 579.2780342 607.6005324 784.1270218 756.8449343 735.1704839 814.9036590 840.8663252 849.6938280 873.7522519 887.5184050 935.8927071 954.1620808 990.8119148 1062.301001 1137.330999 1176.686503 1346.779088 1355.703828 1623.253479 5311.052451 203410.7622 210841.1698 291198.0296 346140.3262 410947.9276 481618.8725 516343.6158 645124.5412 681563.8088 744300.7773 810136.3270 918788.4588 977182.7283 1136667.023 1235102.721 1373023.564 1564198.609 1739452.410 1894847.068 2170368.689 2289036.713 2432670.054 2495493.990 2846144.434 3359169.787
      sorted:	 0.0007297967239 0.0008999975750 1.937470813 1.978973207 9.548789132 15.26606997 27.15348249 42.59577065 68.14746434 73.20205328 138.1422961 157.6472266 201.0574701 329.8904567 387.5894166 448.7988637 540.0897850 547.1287948 579.2780342 607.6005324 735.1704839 756.8449343 784.1270218 814.9036590 840.8663252 849.6938280 873.7522519 887.5184050 935.8927071 954.1620808 990.8119148 1062.301001 1137.330999 1176.686503 1346.779088 1355.703828 1623.253479 5311.052451 203410.7622 210841.1698 291198.0296 346140.3262 410947.9276 481618.8725 516343.6158 645124.5412 681563.8088 744300.7773 810136.3270 918788.4588 977182.7283 1136667.023 1235102.721 1373023.564 1564198.609 1739452.410 1894847.068 2170368.689 2289036.713 2432670.054 2495493.990 2846144.434 3359169.787
