years
 1997 1998 1999 2000 2001 2002 2003 2004 2005 2006 2007 2008 2009 2010 2011 2012 2013 2014 2015 2016 2017 2018 2019 2020
reclasobs
 0 0 0 370054 412103 1.49427e+06 250295 1.28982e+06 931140 785840 897777 1.04006e+06 184774 17550 25797 100020 73551 82996 120727 218422 84188 347160 605670 569463
reclaspred
 481723 127773 361867 255149 383205 452458 978481 657111 734237 707130 566736 386990 242185 103257 63948.6 62939.3 78887.8 104531 111373 161922 236842 221336 387267 453981
pelacesobs
 0 0 0 0 0 0 0 0 0 2.06254e+06 1.5e+06 0 1.87456e+06 323000 250000 174000 83755 137374 0 501740 490994 745055 786931 1.00524e+06
pelacespred
 2.08502e+06 464423 830954 890430 1.15903e+06 1.10502e+06 2.8079e+06 2.26866e+06 2.28394e+06 2.1997e+06 1.5527e+06 1.10263e+06 680430 228175 143493 153034 202551 277697 298225 429035 714251 633062 879431 1.21821e+06
mphobs
 0 0 0 0 0 112323 0 153150 637223 0 255016 313432 73983 77613 109348 50772 0 0 0 0 0 0 0 0
mphpred
 181207 106085 123956 138995 150048 238147 347230 405334 345956 355167 351633 244284 153066 79698.1 33551.6 26901.1 33011.4 45057.8 55187.3 64531.3 98978 118579 151813 213594
desembarqueobs
 350755 77701 442110 56441 14545 235359 269955 359681 431902 328805 639364 411747 362871 311530 167758 66681 60226 58785 57116 71774 51957 67425 138520 160799
desembarquepred
 350762 77701.8 442120 56443.2 14545.1 235408 269993 359677 431943 328824 639423 411869 363064 311744 167660 66682.8 60248.7 58780.5 57106.1 71773.2 51958.3 67416.5 138519 160801
Reclutas
 44205.5 54313.7 30567.8 47219.6 80495 59084.1 91752.5 92596.2 113978 125982 65749 45452.6 45026.3 23440.3 15296.1 16278.9 12358.2 13395.4 15814.4 26670.2 32869 45235.4 70692.8 68765.8
log_desv_Rt
 0.0566036 0.262533 -0.312299 0.122564 0.65595 0.346716 0.78685 0.796003 1.00376 1.10389 0.453599 0.0844263 0.0750024 -0.577787 -1.00464 -0.942377 -1.21793 -1.13733 -0.971322 -0.448698 -0.239715 0.0796354 0.526098 0.498462
SSB
 576686 337614 394486 442349 477525 757896 1.10505e+06 1.28997e+06 1.101e+06 1.13031e+06 1.11906e+06 777429 487130 253637 106777 85612.1 105058 143395 175632 205369 314995 377376 483141 679756
BT
 1.8977e+06 491176 883998 748530 907531 1.04026e+06 2.35421e+06 2.1612e+06 2.16112e+06 2.01628e+06 1.77362e+06 1.22899e+06 877961 468696 249347 172575 204649 261716 279141 389204 594595 552669 774023 1.0732e+06
Ftot
 0.542644 0.467148 0.736627 0.151138 0.028745 0.282656 0.182068 0.364482 0.412427 0.317732 0.628215 0.589249 0.928774 1.70283 1.8824 0.779947 0.539029 0.376652 0.317644 0.31687 0.148595 0.188885 0.219465 0.21789
BD_Bspro_t
 0.934694 0.708681 0.651038 0.498787 0.642539 0.787559 0.745393 0.751063 0.689741 0.65308 0.624059 0.462311 0.354394 0.24748 0.134941 0.134082 0.212717 0.343302 0.448097 0.546739 0.672776 0.762362 0.775682 0.779539
BD_Bspro
 0.671021 0.392841 0.459016 0.514708 0.555639 0.881872 1.28581 1.50098 1.2811 1.31521 1.30212 0.904601 0.566815 0.295127 0.124244 0.0996166 0.122244 0.166852 0.204362 0.238964 0.366522 0.439107 0.562173 0.790951
BD_Bo
 0.573396 0.335687 0.392235 0.439825 0.474801 0.753571 1.09875 1.28261 1.09472 1.12386 1.11268 0.772993 0.484351 0.25219 0.106168 0.0851236 0.104459 0.142577 0.17463 0.204198 0.313198 0.375222 0.480384 0.675878
BD_Brms
 1.96609 1.15102 1.34492 1.50809 1.62802 2.58388 3.76743 4.39786 3.75362 3.85355 3.81521 2.65048 1.66077 0.864721 0.364034 0.291876 0.358173 0.488876 0.59878 0.700163 1.07391 1.28658 1.64716 2.31748
S_f
 0.172655 1 1 1 1
 0.172655 1 1 1 1
 0.172655 1 1 1 1
 0.172655 1 1 1 1
 0.172655 1 1 1 1
 0.172655 1 1 1 1
 0.172655 1 1 1 1
 0.172655 1 1 1 1
 0.172655 1 1 1 1
 0.172655 1 1 1 1
 0.172655 1 1 1 1
 0.172655 1 1 1 1
 0.172655 1 1 1 1
 0.172655 1 1 1 1
 0.172655 1 1 1 1
 0.172655 1 1 1 1
 0.172655 1 1 1 1
 0.172655 1 1 1 1
 0.172655 1 1 1 1
 0.172655 1 1 1 1
 0.172655 1 1 1 1
 0.172655 1 1 1 1
 0.172655 1 1 1 1
 0.172655 1 1 1 1
Scru_reclas
 0.953917 1 1 1 1
 0.953917 1 1 1 1
 0.953917 1 1 1 1
 0.953917 1 1 1 1
 0.953917 1 1 1 1
 0.953917 1 1 1 1
 0.953917 1 1 1 1
 0.953917 1 1 1 1
 0.953917 1 1 1 1
 0.953917 1 1 1 1
 0.953917 1 1 1 1
 0.953917 1 1 1 1
 0.953917 1 1 1 1
 0.953917 1 1 1 1
 0.953917 1 1 1 1
 0.953917 1 1 1 1
 0.953917 1 1 1 1
 0.953917 1 1 1 1
 0.953917 1 1 1 1
 0.953917 1 1 1 1
 0.953917 1 1 1 1
 0.953917 1 1 1 1
 0.953917 1 1 1 1
 0.953917 1 1 1 1
Scru_pelaces
 0.999991 1 1 1 1
 0.999991 1 1 1 1
 0.999991 1 1 1 1
 0.999991 1 1 1 1
 0.999991 1 1 1 1
 0.999991 1 1 1 1
 0.999991 1 1 1 1
 0.999991 1 1 1 1
 0.999991 1 1 1 1
 0.999991 1 1 1 1
 0.999991 1 1 1 1
 0.999991 1 1 1 1
 0.999991 1 1 1 1
 0.999991 1 1 1 1
 0.999991 1 1 1 1
 0.999991 1 1 1 1
 0.999991 1 1 1 1
 0.999991 1 1 1 1
 0.999991 1 1 1 1
 0.999991 1 1 1 1
 0.999991 1 1 1 1
 0.999991 1 1 1 1
 0.999991 1 1 1 1
 0.999991 1 1 1 1
pf_obs 
 0.256992 0.487395 0.22802 0.0275931 0
 0.321318 0.546541 0.124235 0.00734118 0.000564706
 0.182869 0.594174 0.210203 0.0122559 0.00049798
 0.330522 0.361315 0.267642 0.0388342 0.00168674
 0.649043 0.306663 0.0425973 0.00169635 0
 0.582887 0.30429 0.105238 0.00758474 0
 0.465427 0.430635 0.0974691 0.00646863 0
 0.296916 0.608066 0.0921331 0.00288517 0
 0.311714 0.524322 0.152257 0.0117073 0
 0.15457 0.633149 0.183074 0.0267441 0.00246327
 0.131901 0.49318 0.331252 0.0422183 0.00144891
 0.196976 0.569456 0.194076 0.0375587 0.00193317
 0.518974 0.381816 0.0799577 0.0180837 0.00116848
 0.0928022 0.601141 0.25162 0.0475244 0.00691264
 0.122501 0.610282 0.24278 0.0234846 0.000952079
 0.383417 0.481906 0.127806 0.00687128 0
 0.0376549 0.599619 0.316969 0.0457579 0
 0.0361596 0.667082 0.258105 0.0386534 0
 0.158088 0.579412 0.248529 0.0139706 0
 0.0477256 0.309471 0.559284 0.082774 0.000745712
 0.0406174 0.521527 0.379366 0.0568643 0.0016247
 0.151134 0.462217 0.34131 0.0453401 0
 0.294876 0.26143 0.354403 0.0886775 0.000613685
 0.281977 0.475581 0.204845 0.0348837 0.00271318
pf_pred 
 0.332705 0.47014 0.176247 0.0208973 9.91618e-06
 0.303494 0.549946 0.103259 0.0387097 0.00459193
 0.171186 0.629471 0.157397 0.029553 0.0123931
 0.289229 0.449099 0.198736 0.049693 0.0132431
 0.305839 0.497481 0.124272 0.0549927 0.0174152
 0.169752 0.598724 0.165925 0.0414484 0.0241503
 0.25818 0.426615 0.227306 0.0629938 0.0249046
 0.220442 0.535592 0.140303 0.0747553 0.0289076
 0.258099 0.490236 0.172906 0.0452941 0.0334656
 0.246996 0.534972 0.144072 0.0508138 0.0231461
 0.140533 0.591604 0.190304 0.05125 0.0263095
 0.155688 0.474826 0.254331 0.0818117 0.0333429
 0.233196 0.450049 0.178137 0.0954155 0.0432017
 0.207602 0.583601 0.122546 0.0485058 0.0377448
 0.295284 0.555038 0.110238 0.023148 0.0162921
 0.366193 0.550318 0.0657566 0.0130601 0.00467255
 0.23204 0.638022 0.112822 0.013481 0.00363543
 0.24683 0.522832 0.191365 0.0338395 0.00513382
 0.253877 0.518026 0.15834 0.057955 0.0118031
 0.325366 0.469638 0.142326 0.0435034 0.0191659
 0.267404 0.560058 0.12011 0.0364001 0.0160277
 0.267118 0.508494 0.171541 0.0367888 0.0160582
 0.297517 0.49003 0.147406 0.0497274 0.0153196
 0.217296 0.572278 0.146786 0.0441546 0.0194845
pobs_RECLAS
 0 0 0 0 0
 0 0 0 0 0
 0 0 0 0 0
 0 0 0 0 0
 0.835266 0.146461 0.0176864 0.000547809 3.91292e-05
 0.385257 0.428462 0.181853 0.0044286 0
 0.867414 0.0963971 0.0333333 0.00285562 0
 0.441836 0.489002 0.0689373 0.000224442 0
 0.779404 0.147425 0.0564933 0.0165055 0.000172143
 0.814271 0.122319 0.05973 0.00367925 0
 0.40263 0.566651 0.0304383 0.000280538 0
 0.475488 0.404961 0.113038 0.00651328 0
 0.955842 0.0263864 0.0167828 0.000988607 0
 0.975058 0.0227948 0.00214734 0 0
 0.738997 0.206755 0.0527124 0.00153531 0
 0.850938 0.134255 0.0134407 0.00136685 0
 0.542534 0.407297 0.0501686 0 0
 0.764087 0.199537 0.0359546 0.000420521 0
 0.470689 0.182191 0.310203 0.0369168 0
 0.84361 0.089868 0.0606195 0.00523954 0.000663233
 0.607945 0.314616 0.071237 0.00620181 0
 0.523733 0.453247 0.0230204 0 0
 0.530135 0.295979 0.169645 0.0042399 0
 0.562478 0.366248 0.0663022 0.0049721 0
ppred_RECLAS
 0.740915 0.182538 0.0684301 0.00811364 3.85008e-06
 0.712883 0.226701 0.0425656 0.0159571 0.0018929
 0.546924 0.344104 0.0860417 0.0161553 0.00677475
 0.693871 0.193427 0.0855953 0.0214027 0.00570381
 0.709106 0.208474 0.052077 0.0230452 0.007298
 0.534583 0.33563 0.0930137 0.023235 0.0135381
 0.660124 0.19546 0.104144 0.0288615 0.0114104
 0.615107 0.264439 0.0692721 0.0369091 0.0142726
 0.663691 0.222227 0.0783793 0.0205321 0.0151702
 0.648795 0.249514 0.0671958 0.0236999 0.0107955
 0.48595 0.35384 0.113821 0.0306528 0.0157358
 0.515069 0.272717 0.146075 0.0469886 0.0191505
 0.644848 0.208444 0.0825058 0.0441925 0.0200093
 0.636211 0.26793 0.0562608 0.022269 0.0173286
 0.742672 0.202673 0.0402534 0.00845253 0.00594907
 0.772325 0.197684 0.0236209 0.00469142 0.00167847
 0.634031 0.304047 0.0537652 0.00642431 0.00173245
 0.649595 0.243242 0.0890307 0.0157435 0.00238845
 0.657099 0.238072 0.0727691 0.0266348 0.00542441
 0.730894 0.187335 0.0567729 0.0173532 0.00764512
 0.670275 0.25207 0.054059 0.0163829 0.00721373
 0.670497 0.228619 0.0771247 0.0165402 0.00721976
 0.703189 0.207046 0.0622814 0.0210107 0.00647281
 0.608279 0.286409 0.0734624 0.0220982 0.00975147
pobs_PELACES
 0 0 0 0 0
 0 0 0 0 0
 0 0 0 0 0
 0 0 0 0 0
 0 0 0 0 0
 0 0 0 0 0
 0 0 0 0 0
 0 0 0 0 0
 0 0 0 0 0
 0 0 0 0 0
 0.450072 0.473896 0.0757376 0.000293798 0
 0 0 0 0 0
 0.463077 0.371075 0.160297 0.00555027 0
 0.529543 0.364841 0.0842815 0.0213345 0
 0.631943 0.363953 0.00410389 0 0
 0.735681 0.248677 0.0153453 0.000297389 0
 0.695825 0.281241 0.0229344 0 0
 0.275771 0.60734 0.115278 0.00161068 0
 0 0 0 0 0
 0.896147 0.0623911 0.0374545 0.00400742 0
 0.803859 0.145111 0.0509908 3.86294e-05 0
 0.739449 0.233085 0.0266225 0.000797448 4.60066e-05
 0.878498 0.100942 0.0204185 0.000141795 0
 0.694673 0.275183 0.0284847 0.00165964 0
ppred_PELACES
 0.776616 0.157385 0.0590006 0.00699561 3.31955e-06
 0.747277 0.199544 0.0374667 0.0140456 0.00166615
 0.607434 0.298148 0.0745506 0.0139977 0.00586997
 0.712328 0.181765 0.0804348 0.0201124 0.00535993
 0.720323 0.200435 0.0500689 0.0221565 0.00701659
 0.565348 0.313444 0.0868654 0.0216991 0.0126432
 0.681512 0.18316 0.0975903 0.0270454 0.0106924
 0.649198 0.241017 0.0631366 0.03364 0.0130085
 0.698372 0.19931 0.0702965 0.0184148 0.0136058
 0.678669 0.22829 0.0614799 0.0216839 0.00987716
 0.540529 0.316272 0.101736 0.0273983 0.0140651
 0.566687 0.243688 0.130526 0.041987 0.0171121
 0.710377 0.169984 0.0672826 0.0360386 0.0163173
 0.744795 0.187959 0.0394681 0.0156221 0.0121563
 0.834935 0.130006 0.0258209 0.00542195 0.00381608
 0.814814 0.160792 0.0192127 0.0038159 0.00136523
 0.677845 0.267646 0.0473283 0.00565519 0.00152504
 0.682929 0.220102 0.0805613 0.0142458 0.00216124
 0.686604 0.217588 0.0665078 0.024343 0.00495767
 0.756363 0.169605 0.0513996 0.0157108 0.00692154
 0.689368 0.237473 0.0509286 0.0154342 0.006796
 0.691933 0.213745 0.0721072 0.0154642 0.00675006
 0.725043 0.191801 0.0576956 0.0194637 0.00599621
 0.633379 0.268057 0.0687551 0.0206822 0.00912661
pobs_pel_tallas
 0 0 0 0 0 0 0 0 0 0 0 0 0 0 0 0 0 0 0 0 0 0 0 0 0 0 0 0 0 0 0 0 0 0 0 0
 0 0 0 0 0 0 0 0 0 0 0 0 0 0 0 0 0 0 0 0 0 0 0 0 0 0 0 0 0 0 0 0 0 0 0 0
 0 0 0 0 0 0 0 0 0 0 0 0 0 0 0 0 0 0 0 0 0 0 0 0 0 0 0 0 0 0 0 0 0 0 0 0
 0 0 0 0 0 0 0 0 0 0 0 0 0 0 0 0 0 0 0 0 0 0 0 0 0 0 0 0 0 0 0 0 0 0 0 0
 0 0 0 0 0 0 0 0 0 0 0 0 0 0 0 0 0 0 0 0 0 0 0 0 0 0 0 0 0 0 0 0 0 0 0 0
 0 0 0 0 0 0 0 0 0 0 0 0 0 0 0 0 0 0 0 0 0 0 0 0 0 0 0 0 0 0 0 0 0 0 0 0
 0 0 0 0 0 0 0 0 0 0 0 0 0 0 0 0 0 0 0 0 0 0 0 0 0 0 0 0 0 0 0 0 0 0 0 0
 0 0 0 0 0 0 0 0 0 0 0 0 0 0 0 0 0 0 0 0 0 0 0 0 0 0 0 0 0 0 0 0 0 0 0 0
 0 0 0 0 0 0 0 0 0 0 0 0 0 0 0 0 0 0 0 0 0 0 0 0 0 0 0 0 0 0 0 0 0 0 0 0
 0 0 0 0 0 0 0 0 0 0 0 0 0 0 0 0 0 0 0 0 0 0 0 0 0 0 0 0 0 0 0 0 0 0 0 0
 0 0 0 0 0 0 0 0 1.78061e-05 0.00172719 0.00360574 0.0105946 0.0120993 0.0124554 0.0147524 0.0171206 0.0266825 0.0428682 0.0675386 0.121331 0.153587 0.119568 0.100827 0.0573624 0.0630603 0.0341343 0.0324427 0.0444173 0.0211091 0.0280891 0.0125444 0.00206551 0 0 0 0
 0 0 0 0 0 0 0 0 0 0 0 0 0 0 0 0 0 0 0 0 0 0 0 0 0 0 0 0 0 0 0 0 0 0 0 0
 0 0 0 0 0 0 0.0133647 0.0140871 0.0187388 0.0205184 0.03894 0.0496705 0.03968 0.0493445 0.0407372 0.0367815 0.0215668 0.0243155 0.0234873 0.0199281 0.019796 0.0243948 0.0301388 0.0376714 0.0412746 0.0863199 0.0771752 0.113111 0.0741005 0.0525337 0.0229764 0.00759418 0.00175318 0 0 0
 0 0 0 0 0 0 0 0 0 0 0.00219441 0.00772107 0.0458388 0.0604681 0.0671733 0.0775358 0.0609151 0.0617685 0.073594 0.0568108 0.0755445 0.0548602 0.0670107 0.0636378 0.0643287 0.046367 0.0373049 0.0286899 0.0247887 0.0153202 0.00654259 0.00121912 0.000365735 0 0 0
 0 0 0 0 0 0 0 0 0 0 0 0 0.000112435 0.00938835 0.0111873 0.0202946 0.0414886 0.0713402 0.111592 0.104902 0.108894 0.110636 0.117776 0.105296 0.107544 0.0401394 0.0192827 0.0124803 0.00416011 0.0028671 0.000618394 0 0 0 0 0
 0 0 0 0 0 0 0 0 0 0 0.00291406 0.0102884 0.027416 0.0768956 0.0749926 0.110853 0.0956884 0.0897413 0.0766577 0.0534642 0.0500743 0.0551293 0.0594112 0.0620874 0.0668451 0.0424026 0.0208742 0.0120726 0.0048766 0.00582813 0.00118941 0.000297354 0 0 0 0
 0 0.00264628 0.0354308 0.0461629 0.0458689 0.0383711 0.0214643 0.0164657 0.0346957 0.0420465 0.0363128 0.0245516 0.0311673 0.0291091 0.0169068 0.0133784 0.00837989 0.0085269 0.0148486 0.0160247 0.0276389 0.0546898 0.0760071 0.122758 0.109233 0.0665981 0.0333725 0.0166128 0.00676272 0.00308733 0.000882094 0 0 0 0 0
 0 0 0 0 0 0 0 0.000805153 0.000690131 0.00759144 0.0133425 0.0154129 0.00931677 0.000345066 0.00356568 0.00563607 0.00851162 0.0253048 0.0502646 0.0516448 0.0657925 0.0565908 0.0611916 0.0827007 0.0866115 0.110766 0.145733 0.0935128 0.0569358 0.0249597 0.0138026 0.00621118 0.00161031 0.00115022 0 0
 0 0 0 0 0 0 0 0 0 0 0 0 0 0 0 0 0 0 0 0 0 0 0 0 0 0 0 0 0 0 0 0 0 0 0 0
 0.00147267 0.00158595 0.00478618 0.00569244 0.00954404 0.0108468 0.00647125 0.017049 0.0510054 0.094081 0.124002 0.0959785 0.0687766 0.0820023 0.061753 0.0591476 0.0492212 0.0479892 0.0443925 0.0268479 0.0217502 0.0140895 0.0121071 0.0120363 0.00920419 0.00665534 0.0049561 0.00860946 0.00930331 0.0156896 0.0114698 0.00855282 0.00243557 0.00046729 0 2.83206e-05
 0 0 0 0 0.000772559 0.00158375 0.000888443 0.00281984 0.00712685 0.0440552 0.0773331 0.111326 0.0921469 0.0852325 0.0710754 0.0886704 0.0786465 0.0553345 0.0373146 0.0185414 0.00753245 0.00457741 0.012979 0.0271748 0.0457355 0.0583668 0.034881 0.0177882 0.00938659 0.00492506 0.0015258 0.00185414 0.000309023 5.79419e-05 3.86279e-05 0
 0 0.00173294 0.00326652 0 0.00397197 0.00683976 0.00946217 0.0152591 0.00757587 0.0136028 0.0228656 0.0392903 0.0559909 0.0764795 0.0681675 0.0726916 0.0566044 0.0477403 0.0527397 0.0444891 0.0609904 0.0582453 0.0661739 0.0445044 0.0529084 0.0360697 0.0280645 0.0235558 0.0158879 0.00826598 0.00280645 0.00217768 0.000904811 0.00058276 9.20147e-05 0
 0 0 0 0 0 0 0 0 0 0 0 0 0 0 0 0 0 0 0 0 0 0 0 0 0 0 0 0 0 0 0 0 0 0 0 0
 0 0 0 0 0 0 0 0 0 0 0 0 0 0 0 0 0 0 0 0 0 0 0 0 0 0 0 0 0 0 0 0 0 0 0 0
ppred_pel_tallas
 1.0113e-16 3.38832e-05 0.000198871 0.00094535 0.00363966 0.01135 0.0286691 0.0586606 0.0972358 0.130583 0.142095 0.125326 0.0896864 0.0522887 0.0252779 0.0109674 0.00565063 0.00496679 0.00624398 0.00830951 0.0106844 0.0130805 0.0152327 0.0168935 0.0178751 0.0180886 0.0175598 0.0164149 0.0148423 0.0130458 0.0112028 0.00944102 0.00783345 0.00640875 0.0051679 0.00409952
 1.01158e-16 3.26056e-05 0.000191366 0.000909664 0.00350225 0.0109214 0.0275867 0.0564462 0.0935667 0.12566 0.136749 0.120637 0.0863872 0.0504795 0.0246164 0.0110432 0.00621167 0.00593629 0.00764249 0.0101772 0.0130316 0.0158605 0.0183328 0.0201419 0.0210641 0.0210081 0.0200343 0.0183319 0.0161676 0.0138197 0.011523 0.00943586 0.00763534 0.00613244 0.00489792 0.00388672
 1.01911e-16 2.65118e-05 0.000155581 0.000739518 0.00284711 0.00887837 0.0224262 0.0458884 0.0760699 0.102174 0.111224 0.0981995 0.0704941 0.041544 0.0209157 0.0104982 0.00747086 0.00847841 0.0114368 0.0153598 0.0197162 0.0240457 0.0278632 0.0307091 0.0322426 0.0323172 0.0310098 0.0285897 0.0254419 0.0219729 0.0185289 0.0153478 0.0125517 0.0101686 0.00816858 0.00649835
 1.02143e-16 3.1081e-05 0.000182417 0.000867121 0.00333845 0.0104106 0.0262965 0.0538063 0.0891905 0.119782 0.130352 0.114993 0.0823429 0.0481115 0.0234544 0.0105133 0.00590965 0.005661 0.00732494 0.00981897 0.0126783 0.015595 0.0182704 0.0204194 0.0218207 0.0223616 0.0220565 0.0210308 0.01948 0.0176171 0.0156283 0.0136486 0.0117579 0.00999342 0.00836818 0.00688687
 1.01866e-16 3.14303e-05 0.000184466 0.00087686 0.00337594 0.0105276 0.0265918 0.0544106 0.0901928 0.12113 0.131821 0.116296 0.0832919 0.0486975 0.0237979 0.0107632 0.00617934 0.00601853 0.00780405 0.0104268 0.0133947 0.0163692 0.019021 0.0210424 0.022204 0.0224049 0.0216916 0.0202362 0.0182869 0.0161042 0.0139084 0.0118487 0.00999982 0.00837748 0.00696369 0.00572921
 1.02672e-16 2.46773e-05 0.00014481 0.000688305 0.00264992 0.00826345 0.020873 0.0427105 0.070803 0.0951035 0.103537 0.0914339 0.0656853 0.0388067 0.019717 0.0101927 0.00762717 0.00891279 0.0121156 0.0163086 0.0209707 0.0256298 0.0297803 0.0329397 0.0347469 0.035041 0.0338922 0.0315691 0.0284604 0.0249772 0.0214692 0.0181767 0.0152238 0.0126419 0.0104073 0.00847614
 1.02874e-16 2.97374e-05 0.000174528 0.000829618 0.00319405 0.00996034 0.0251591 0.051479 0.0853332 0.114603 0.124719 0.11003 0.0788051 0.0460761 0.0225221 0.0101989 0.00588204 0.00576937 0.00753059 0.0101333 0.0131316 0.0162242 0.0191136 0.0215117 0.0231896 0.0240221 0.0240068 0.0232493 0.0219242 0.0202253 0.0183243 0.0163479 0.0143758 0.0124531 0.0106076 0.00886306
 1.02739e-16 2.83305e-05 0.000166264 0.000790317 0.00304272 0.00948839 0.023967 0.0490405 0.0812929 0.109183 0.118835 0.104875 0.0751906 0.0441193 0.0218565 0.0103871 0.00666368 0.0070786 0.00940589 0.012627 0.0162495 0.0198919 0.023165 0.0257002 0.0272211 0.0276029 0.0268954 0.0252973 0.0230964 0.0205953 0.0180483 0.0156266 0.013415 0.0114318 0.00965852 0.00806683
 1.02332e-16 3.04732e-05 0.000178847 0.000850145 0.00327309 0.0102068 0.0257816 0.0527529 0.087445 0.11744 0.127808 0.11276 0.0807689 0.0472422 0.0231243 0.0105236 0.00613574 0.00606131 0.00790438 0.0105933 0.0136518 0.0167489 0.0195592 0.0217738 0.0231577 0.0235982 0.0231251 0.0218906 0.0201225 0.0180637 0.0159227 0.0138443 0.0119069 0.0101373 0.00853327 0.00708373
 1.02154e-16 2.96152e-05 0.000173807 0.00082618 0.0031808 0.009919 0.0250547 0.0512658 0.084981 0.114134 0.124218 0.109611 0.0785553 0.0460309 0.0226867 0.0105859 0.00653095 0.00674088 0.00888542 0.0119061 0.0153059 0.0187143 0.0217591 0.0240892 0.025442 0.0257005 0.0249147 0.0232783 0.0210712 0.0185888 0.0160815 0.0137198 0.0115907 0.00971474 0.00807423 0.00663855
 1.03146e-16 2.35952e-05 0.000138457 0.000658101 0.00253362 0.00790078 0.019957 0.0408362 0.0676965 0.0909326 0.0990003 0.0874388 0.0628392 0.0371734 0.0189769 0.00995742 0.00763337 0.00904258 0.0123413 0.0166419 0.0214364 0.0262555 0.0305912 0.0339555 0.0359784 0.0364882 0.0355421 0.0333948 0.0304217 0.0270224 0.0235389 0.0202085 0.0171578 0.0144262 0.0120025 0.00985803
 1.04175e-16 2.47329e-05 0.000145143 0.000689901 0.00265609 0.0082827 0.0209216 0.0428093 0.0709649 0.0953153 0.103752 0.0915885 0.0657188 0.0386712 0.0193635 0.00955166 0.0066019 0.00739059 0.00999392 0.0135296 0.017557 0.0217132 0.0256104 0.0288675 0.0311798 0.032379 0.0324586 0.0315537 0.02989 0.027718 0.0252587 0.0226743 0.0200671 0.0174953 0.0149973 0.0126087
 1.03012e-16 3.09954e-05 0.000181916 0.000864741 0.00332929 0.0103821 0.0262243 0.0536585 0.0889453 0.119452 0.12999 0.114667 0.0820958 0.0479393 0.0233186 0.0103648 0.00570418 0.00536264 0.00690572 0.00926075 0.0119777 0.0147689 0.0173594 0.0194876 0.0209501 0.0216426 0.0215755 0.020859 0.0196632 0.0181706 0.016536 0.0148657 0.0132174 0.0116139 0.0100628 0.00857187
 1.01727e-16 3.24969e-05 0.000190729 0.000906637 0.0034906 0.0108851 0.0274949 0.0562584 0.093255 0.12524 0.13629 0.120226 0.0860811 0.050276 0.0244715 0.0109017 0.00602637 0.00567282 0.00727726 0.00969803 0.0124412 0.015181 0.0176073 0.0194327 0.0204457 0.0205566 0.0198156 0.0183915 0.0165236 0.0144618 0.0124151 0.0105227 0.00885095 0.00740833 0.00617008 0.00510072
 1.00774e-16 3.6425e-05 0.000213796 0.00101631 0.0039129 0.012202 0.0308213 0.063064 0.104534 0.14038 0.152745 0.134695 0.0963368 0.0560569 0.0268946 0.0113163 0.00531534 0.00418551 0.00504667 0.00664676 0.0084999 0.0103448 0.011959 0.0131415 0.0137463 0.0137135 0.013082 0.011975 0.0105659 0.00903621 0.007539 0.00617781 0.00500314 0.0040225 0.00321702 0.00255736
 1.00521e-16 3.55489e-05 0.00020865 0.00099184 0.00381866 0.0119082 0.030079 0.0615455 0.102017 0.137004 0.14908 0.131481 0.0940786 0.0548244 0.0264557 0.0113932 0.00573987 0.0049109 0.00609306 0.00804709 0.0102645 0.0124416 0.0143057 0.01561 0.0161786 0.015946 0.0149721 0.0134237 0.0115304 0.00953018 0.00762245 0.00594023 0.00454508 0.00343987 0.00259044 0.00194709
 1.01025e-16 2.95808e-05 0.000173602 0.000825196 0.003177 0.00990714 0.0250248 0.0512049 0.0848811 0.114003 0.124084 0.109514 0.0785298 0.0461053 0.0228888 0.0109552 0.00712347 0.00762281 0.0101184 0.0135272 0.017307 0.0210253 0.0242416 0.0265443 0.0276349 0.0273951 0.0259133 0.0234537 0.0203865 0.0170982 0.0139159 0.0110614 0.00864306 0.00667586 0.00511574 0.00389325
 1.01806e-16 2.98007e-05 0.000174897 0.000831361 0.00320075 0.00998122 0.0252118 0.0515873 0.0855137 0.114849 0.124994 0.110291 0.0790326 0.0462905 0.0227776 0.0105671 0.00643876 0.00658702 0.00866912 0.011626 0.0149677 0.0183344 0.0213643 0.0237138 0.0251211 0.0254621 0.0247723 0.0232263 0.021085 0.0186293 0.0161032 0.0136804 0.0114593 0.00947715 0.00773434 0.00621575
 1.02084e-16 2.99607e-05 0.000175837 0.000835831 0.00321797 0.0100349 0.0253474 0.0518647 0.0859734 0.115466 0.125664 0.11088 0.0794488 0.0465226 0.0228698 0.0105724 0.00639034 0.00649526 0.00853056 0.011432 0.01471 0.0180083 0.0209714 0.0232628 0.0246291 0.0249534 0.0242767 0.0227764 0.0207125 0.0183614 0.0159592 0.0136693 0.0115782 0.00971202 0.00806167 0.00660589
 1.01649e-16 3.30006e-05 0.000193688 0.000920708 0.00354478 0.0110541 0.0279217 0.0571315 0.0947016 0.127181 0.138398 0.122074 0.0873794 0.0509845 0.024724 0.0108579 0.00578378 0.00525955 0.00668377 0.0089084 0.0114535 0.0140181 0.0163208 0.0180991 0.0191557 0.0194001 0.0188654 0.0176905 0.0160792 0.0142476 0.01238 0.0106036 0.00898517 0.007544 0.00627166 0.00515027
 1.01649e-16 3.0082e-05 0.000176547 0.000839205 0.00323095 0.0100754 0.0254497 0.0520741 0.086321 0.115934 0.126178 0.111343 0.0798004 0.046769 0.0230657 0.0107871 0.00668495 0.00691704 0.00911219 0.0121881 0.0156299 0.0190497 0.022058 0.0242904 0.0254786 0.0255101 0.0244509 0.0225196 0.0200258 0.017294 0.0145984 0.0121241 0.00996263 0.00812927 0.00659379 0.00530861
 1.01941e-16 3.0193e-05 0.000177201 0.000842316 0.00324293 0.0101128 0.0255441 0.0522671 0.0866402 0.116361 0.126637 0.111736 0.0800551 0.0468643 0.023013 0.010597 0.00634892 0.00640916 0.00840286 0.0112598 0.0144914 0.0177455 0.0206715 0.0229373 0.0242915 0.0246165 0.0239502 0.0224646 0.0204144 0.0180719 0.0156714 0.0133773 0.0112794 0.009408 0.00775798 0.00631094
 1.01831e-16 3.16358e-05 0.000185673 0.000882601 0.00339805 0.0105965 0.0267659 0.0547669 0.0907829 0.121921 0.132681 0.117049 0.0838199 0.0489833 0.0238952 0.0107358 0.00606565 0.00582844 0.00753253 0.0100671 0.0129469 0.0158455 0.0184468 0.0204543 0.021645 0.0219166 0.0213065 0.0199723 0.0181444 0.0160676 0.0139506 0.0119375 0.0101042 0.00847262 0.00703348 0.00576656
 1.02201e-16 2.76419e-05 0.000162219 0.000771079 0.00296864 0.00925737 0.0233835 0.0478468 0.0793151 0.106529 0.115955 0.102352 0.0734217 0.0431623 0.0215327 0.0104834 0.00705487 0.00773595 0.0103536 0.0138982 0.0178563 0.0218079 0.0253175 0.027973 0.0294672 0.0296659 0.0286329 0.0266024 0.023911 0.0209136 0.0179113 0.0151096 0.012613 0.0104451 0.00858159 0.00698071
pSPR Fmed_Fpbrs
0.585562   0.341643 0.341643
Fs Fmed_Fpbrs
0.371256   1.005 1.005
SSBpbr Bo_Bmed_Bpbrs
1.00574e+06  538636  293317 293317
Ro
41772.8
SPR SPRFo_SPRFmed_SPRFpbrs
859416 503242 293614
log_Ro
10.46
likeval ReclasPelacesDesembMPH_pf_preclas_ppelaces_ptallas_desvR_qrecl_qpela
 61.5085 16.6324 0.00733394 0.000218952 285.299 165.744 80.6923 0 15.5201 3.19026e-05 3.48725e-05 0 0 0 0
q_reclas_q_pelaces
0.449159 2.3167
M
0.7
N
 44205.5 13003.5 4874.77 577.994 0.274269
 54313.7 19988.5 3753.07 1406.96 166.9
 30567.8 24881.4 6221.5 1168.16 489.868
 47219.6 13366.7 5915.02 1479.03 394.159
 80495 22844.6 5706.61 2525.29 799.717
 59084.1 39774.7 11022.8 2753.52 1604.36
 91752.5 27942.8 14888.3 4126.02 1631.22
 92596.2 44152.9 11566.2 6162.65 2383.07
 113978 43177.5 15228.6 3989.27 2947.48
 125982 52709.6 14195 5006.57 2280.53
 65749 59221.3 19050 5130.28 2633.66
 45452.6 29293.9 15690.7 5047.29 2057.05
 45026.3 20387.7 8069.81 4322.43 1957.09
 23440.3 19046.6 3999.46 1583.05 1231.85
 15296.1 8675.09 1722.98 361.797 254.64
 16278.9 5488.18 655.773 130.245 46.5982
 12358.2 7065.38 1249.38 149.287 40.2583
 13395.4 5591.53 2046.6 361.903 54.9046
 15814.4 6233.16 1905.23 697.346 142.021
 26670.2 7434.12 2252.95 688.635 303.385
 32869 12538.9 2689.11 814.948 358.839
 45235.4 15908.8 5366.86 1150.98 502.399
 70692.8 21742.5 6540.34 2206.39 679.727
 68765.8 33799.7 8669.43 2607.85 1150.79
pred_Ctot
 2858.66 4039.52 1514.34 179.553 0.0852014
 3040.87 5510.21 1034.6 387.854 46.0091
 2644.73 9724.99 2431.69 456.577 191.467
 875.999 1360.21 601.919 150.507 40.1101
 286.672 466.304 116.483 51.5463 16.3238
 2029.58 7158.46 1983.84 495.566 288.746
 2045.69 3380.28 1801.06 499.131 197.332
 4076.27 9903.78 2594.38 1382.32 534.538
 5657.06 10745.1 3789.78 992.766 733.505
 4851.71 10508.4 2829.98 998.129 454.655
 4890.84 20589 6622.94 1783.6 915.622
 3180.62 9700.44 5195.84 1671.37 681.177
 4842.22 9345.07 3698.94 1981.26 897.064
 4367.2 12276.9 2577.93 1020.39 794.014
 3109.87 5845.55 1161 243.79 171.585
 1486.48 2233.89 266.923 53.0145 18.9671
 794.064 2183.38 386.09 46.1333 12.4408
 608.823 1289.6 472.016 83.4674 12.6629
 608.868 1242.37 379.743 138.992 28.307
 1024.38 1478.61 448.1 136.966 60.3418
 599.63 1255.88 269.337 81.6241 35.9408
 1045.78 1990.77 671.588 144.029 62.8683
 1894.51 3120.37 938.637 316.65 97.5511
 1829.86 4819.18 1236.09 371.828 164.08
F
 0.0936901 0.542644 0.542644 0.542644 0.542644
 0.0806553 0.467148 0.467148 0.467148 0.467148
 0.127182 0.736627 0.736627 0.736627 0.736627
 0.0260947 0.151138 0.151138 0.151138 0.151138
 0.00496297 0.028745 0.028745 0.028745 0.028745
 0.048802 0.282656 0.282656 0.282656 0.282656
 0.0314349 0.182068 0.182068 0.182068 0.182068
 0.0629296 0.364482 0.364482 0.364482 0.364482
 0.0712075 0.412427 0.412427 0.412427 0.412427
 0.0548579 0.317732 0.317732 0.317732 0.317732
 0.108464 0.628215 0.628215 0.628215 0.628215
 0.101737 0.589249 0.589249 0.589249 0.589249
 0.160357 0.928774 0.928774 0.928774 0.928774
 0.294002 1.70283 1.70283 1.70283 1.70283
 0.325005 1.8824 1.8824 1.8824 1.8824
 0.134662 0.779947 0.779947 0.779947 0.779947
 0.0930659 0.539029 0.539029 0.539029 0.539029
 0.0650307 0.376652 0.376652 0.376652 0.376652
 0.0548428 0.317644 0.317644 0.317644 0.317644
 0.0547092 0.31687 0.31687 0.31687 0.31687
 0.0256557 0.148595 0.148595 0.148595 0.148595
 0.0326119 0.188885 0.188885 0.188885 0.188885
 0.0378917 0.219465 0.219465 0.219465 0.219465
 0.0376198 0.21789 0.21789 0.21789 0.21789
nmprior
 10 10 8 0
nm_flota  nm_reclas  nm_pelaces    nm_pelaL
inf 18.2026 16.5697 29.052
cv_recla  cv_pelaces  cv_mph
0.726096 0.47989 0.480079
 ------------------------------------------------
Talla a la edad & desviación 
 7.2 14.2025 17.0495 18.207 18.6776
 1.08 2.13037 2.55742 2.73105 2.80164
