years
 1997 1998 1999 2000 2001 2002 2003 2004 2005 2006 2007 2008 2009 2010 2011 2012 2013 2014 2015 2016 2017 2018 2019 2020
reclasobs
 0 0 0 370054 412103 1.49427e+06 250295 1.28982e+06 931140 785840 897777 1.04006e+06 184774 17550 25797 100020 73551 82996 120727 218422 84188 347160 605670 569463
reclaspred
 1.33151e+06 240311 538807 258579 338787 431901 874041 701748 977914 1.1797e+06 1.15109e+06 787424 451815 205208 133581 128115 147619 199571 207621 276317 455252 454917 722374 727514
pelacesobs
 0 0 0 0 0 0 0 0 0 2.06254e+06 1.5e+06 0 1.87456e+06 323000 250000 174000 83755 137374 0 501740 490994 745055 786931 1.00524e+06
pelacespred
 708739 253169 176910 179702 200472 192610 448732 435886 555472 695743 594835 421968 240284 87586 56282.7 61577.2 74289 101279 111066 142249 257678 269178 324658 390256
mphobs
 0 0 0 0 0 112323 0 153150 637223 0 255016 313432 73983 77613 109348 50772 0 0 0 0 0 0 0 0
mphpred
 948509 472183 358307 286897 242633 395190 522346 710398 741069 987868 1.15125e+06 833029 503524 266717 124508 107782 117283 155315 184488 201456 326830 428234 511237 634846
desembarqueobs
 350755 77701 442110 56441 14545 235359 269955 359681 431902 328805 639364 411747 362871 311530 167758 66681 60226 58785 57116 71774 51957 67425 138520 160799
desembarquepred
 350744 77691.2 441967 56438 14544.8 235364 269943 359520 431749 328692 639113 411713 362760 311508 167642 66676.4 60234.6 58777.3 57102.5 71754.6 51952.1 67409.7 138494 160778
Reclutas
 34612.1 39222.7 17342.1 20863.8 48822.3 33007.2 70428.9 81953.9 131894 149511 72401.3 38418.2 46674.8 28018.3 19766 16079.8 13468.9 13960.1 14262.8 29102.8 41357.8 43571.5 61704 49491.2
log_desv_Rt
 -0.0680413 0.0570108 -0.759109 -0.574228 0.275943 -0.115519 0.642359 0.793912 1.26975 1.39512 0.66998 0.0362865 0.23096 -0.279388 -0.628283 -0.834683 -1.01186 -0.976039 -0.954589 -0.24141 0.110015 0.162158 0.510104 0.28955
SSB
 948509 472183 358307 286897 242633 395190 522346 710398 741069 987868 1.15125e+06 833029 503524 266717 124508 107782 117283 155315 184488 201456 326830 428234 511237 634846
BT
 2.04757e+06 616261 673541 438750 498224 565569 1.44307e+06 1.41895e+06 1.86862e+06 1.97034e+06 1.83218e+06 1.24101e+06 891893 485732 283733 194431 223608 277410 280850 396116 666777 603674 776550 940934
Ftot
 0.254089 0.310793 0.756333 0.211229 0.0419844 0.514625 0.297711 0.487337 0.422455 0.268973 0.524158 0.494425 0.743951 1.31648 1.12575 0.493787 0.390442 0.283776 0.265162 0.250948 0.111178 0.144006 0.185819 0.213784
BD_Bspro_t
 0.962689 0.772869 0.628638 0.396038 0.488315 0.667433 0.581915 0.619928 0.592416 0.606902 0.61233 0.459291 0.346621 0.248398 0.148445 0.154343 0.218424 0.341946 0.439752 0.523786 0.662301 0.768063 0.770726 0.751784
BD_Bspro
 1.24438 0.619473 0.470074 0.37639 0.318318 0.518463 0.685283 0.931995 0.972233 1.29602 1.51036 1.09288 0.66059 0.349914 0.163346 0.141403 0.153868 0.203762 0.242036 0.264296 0.428779 0.561814 0.670709 0.832875
BD_Bo
 1.02405 0.50979 0.386844 0.309747 0.261957 0.426665 0.563948 0.766978 0.800092 1.06655 1.24294 0.899376 0.543627 0.287959 0.134424 0.116367 0.126624 0.167685 0.199181 0.217501 0.352861 0.46234 0.551955 0.685408
BD_Brms
 4.98592 2.48207 1.88347 1.5081 1.27542 2.07735 2.74575 3.73427 3.89549 5.19281 6.05163 4.37889 2.64681 1.40202 0.654486 0.566567 0.61651 0.816424 0.969776 1.05897 1.71801 2.25105 2.68736 3.33712
S_f
 0.5 1 1 1 1
 0.5 1 1 1 1
 0.5 1 1 1 1
 0.5 1 1 1 1
 0.5 1 1 1 1
 0.5 1 1 1 1
 0.5 1 1 1 1
 0.5 1 1 1 1
 0.5 1 1 1 1
 0.5 1 1 1 1
 0.5 1 1 1 1
 0.5 1 1 1 1
 0.5 1 1 1 1
 0.5 1 1 1 1
 0.5 1 1 1 1
 0.5 1 1 1 1
 0.5 1 1 1 1
 0.5 1 1 1 1
 0.5 1 1 1 1
 0.5 1 1 1 1
 0.5 1 1 1 1
 0.5 1 1 1 1
 0.5 1 1 1 1
 0.5 1 1 1 1
Scru_reclas
 0.5 1 1 1 1
 0.5 1 1 1 1
 0.5 1 1 1 1
 0.5 1 1 1 1
 0.5 1 1 1 1
 0.5 1 1 1 1
 0.5 1 1 1 1
 0.5 1 1 1 1
 0.5 1 1 1 1
 0.5 1 1 1 1
 0.5 1 1 1 1
 0.5 1 1 1 1
 0.5 1 1 1 1
 0.5 1 1 1 1
 0.5 1 1 1 1
 0.5 1 1 1 1
 0.5 1 1 1 1
 0.5 1 1 1 1
 0.5 1 1 1 1
 0.5 1 1 1 1
 0.5 1 1 1 1
 0.5 1 1 1 1
 0.5 1 1 1 1
 0.5 1 1 1 1
Scru_pelaces
 0.5 1 1 1 1
 0.5 1 1 1 1
 0.5 1 1 1 1
 0.5 1 1 1 1
 0.5 1 1 1 1
 0.5 1 1 1 1
 0.5 1 1 1 1
 0.5 1 1 1 1
 0.5 1 1 1 1
 0.5 1 1 1 1
 0.5 1 1 1 1
 0.5 1 1 1 1
 0.5 1 1 1 1
 0.5 1 1 1 1
 0.5 1 1 1 1
 0.5 1 1 1 1
 0.5 1 1 1 1
 0.5 1 1 1 1
 0.5 1 1 1 1
 0.5 1 1 1 1
 0.5 1 1 1 1
 0.5 1 1 1 1
 0.5 1 1 1 1
 0.5 1 1 1 1
pf_obs 
 0.256992 0.487395 0.22802 0.0275931 0
 0.321318 0.546541 0.124235 0.00734118 0.000564706
 0.182869 0.594174 0.210203 0.0122559 0.00049798
 0.330522 0.361315 0.267642 0.0388342 0.00168674
 0.649043 0.306663 0.0425973 0.00169635 0
 0.582887 0.30429 0.105238 0.00758474 0
 0.465427 0.430635 0.0974691 0.00646863 0
 0.296916 0.608066 0.0921331 0.00288517 0
 0.311714 0.524322 0.152257 0.0117073 0
 0.15457 0.633149 0.183074 0.0267441 0.00246327
 0.131901 0.49318 0.331252 0.0422183 0.00144891
 0.196976 0.569456 0.194076 0.0375587 0.00193317
 0.518974 0.381816 0.0799577 0.0180837 0.00116848
 0.0928022 0.601141 0.25162 0.0475244 0.00691264
 0.122501 0.610282 0.24278 0.0234846 0.000952079
 0.383417 0.481906 0.127806 0.00687128 0
 0.0376549 0.599619 0.316969 0.0457579 0
 0.0361596 0.667082 0.258105 0.0386534 0
 0.158088 0.579412 0.248529 0.0139706 0
 0.0477256 0.309471 0.559284 0.082774 0.000745712
 0.0406174 0.521527 0.379366 0.0568643 0.0016247
 0.151134 0.462217 0.34131 0.0453401 0
 0.294876 0.26143 0.354403 0.0886775 0.000613685
 0.281977 0.475581 0.204845 0.0348837 0.00271318
pf_pred 
 0.346207 0.452576 0.1791 0.0221128 4.61345e-06
 0.424233 0.306601 0.186325 0.0737354 0.00910569
 0.27163 0.449491 0.148506 0.0902484 0.040125
 0.472263 0.255263 0.168149 0.0555541 0.0487711
 0.633946 0.23987 0.0610343 0.0402051 0.0249446
 0.375472 0.485888 0.0908492 0.0231163 0.024675
 0.633187 0.213917 0.118955 0.0222416 0.0117002
 0.542922 0.361081 0.0559835 0.0311313 0.00888282
 0.623246 0.276044 0.0795579 0.012335 0.00881641
 0.540884 0.362304 0.0709337 0.0204436 0.00543517
 0.308415 0.496516 0.153935 0.0301383 0.0109953
 0.281685 0.366349 0.25269 0.0783418 0.020934
 0.463451 0.255177 0.143503 0.0989817 0.0388875
 0.432662 0.387868 0.0853537 0.0480002 0.0461157
 0.542151 0.319751 0.0944125 0.0207763 0.0229091
 0.551054 0.346078 0.0718402 0.0212122 0.00981504
 0.464172 0.39622 0.107619 0.02234 0.00964848
 0.470687 0.349322 0.133095 0.0361506 0.0107453
 0.45243 0.360665 0.123349 0.046997 0.0165594
 0.613247 0.247791 0.0915298 0.0313035 0.0161294
 0.562333 0.33837 0.0636186 0.0234997 0.0121781
 0.456557 0.39462 0.115058 0.0216326 0.0121317
 0.503723 0.315826 0.131034 0.0382051 0.0112115
 0.38739 0.417526 0.12415 0.0515089 0.0194254
pobs_RECLAS
 0 0 0 0 0
 0 0 0 0 0
 0 0 0 0 0
 0 0 0 0 0
 0.835266 0.146461 0.0176864 0.000547809 3.91292e-05
 0.385257 0.428462 0.181853 0.0044286 0
 0.867414 0.0963971 0.0333333 0.00285562 0
 0.441836 0.489002 0.0689373 0.000224442 0
 0.779404 0.147425 0.0564933 0.0165055 0.000172143
 0.814271 0.122319 0.05973 0.00367925 0
 0.40263 0.566651 0.0304383 0.000280538 0
 0.475488 0.404961 0.113038 0.00651328 0
 0.955842 0.0263864 0.0167828 0.000988607 0
 0.975058 0.0227948 0.00214734 0 0
 0.738997 0.206755 0.0527124 0.00153531 0
 0.850938 0.134255 0.0134407 0.00136685 0
 0.542534 0.407297 0.0501686 0 0
 0.764087 0.199537 0.0359546 0.000420521 0
 0.470689 0.182191 0.310203 0.0369168 0
 0.84361 0.089868 0.0606195 0.00523954 0.000663233
 0.607945 0.314616 0.071237 0.00620181 0
 0.523733 0.453247 0.0230204 0 0
 0.530135 0.295979 0.169645 0.0042399 0
 0.562478 0.366248 0.0663022 0.0049721 0
ppred_RECLAS
 0.348316 0.451115 0.178523 0.0220414 4.59856e-06
 0.427145 0.30505 0.185382 0.0733625 0.00905964
 0.279392 0.444701 0.146923 0.0892868 0.0396974
 0.474124 0.254363 0.167556 0.0553582 0.0485992
 0.63424 0.239677 0.0609852 0.0401728 0.0249245
 0.380841 0.48171 0.0900681 0.0229176 0.0244628
 0.635805 0.212389 0.118106 0.0220829 0.0116167
 0.548186 0.356922 0.0553387 0.0307728 0.00878052
 0.627369 0.273024 0.0786874 0.0122 0.00871994
 0.543359 0.36035 0.0705513 0.0203334 0.00540587
 0.31343 0.492916 0.152819 0.0299197 0.0109156
 0.286085 0.364105 0.251142 0.0778619 0.0208058
 0.472908 0.250679 0.140974 0.0972371 0.0382021
 0.454454 0.37297 0.0820752 0.0461565 0.0443443
 0.559378 0.30772 0.0908602 0.0199946 0.0220471
 0.556394 0.341962 0.0709858 0.0209599 0.00969831
 0.468126 0.393296 0.106825 0.0221751 0.00957728
 0.47334 0.347572 0.132428 0.0359694 0.0106914
 0.454858 0.359065 0.122802 0.0467885 0.0164859
 0.615419 0.246399 0.0910158 0.0311277 0.0160388
 0.563217 0.337687 0.0634902 0.0234522 0.0121535
 0.457748 0.393756 0.114806 0.0215852 0.0121051
 0.505329 0.314805 0.13061 0.0380815 0.0111752
 0.389188 0.416301 0.123785 0.0513577 0.0193684
pobs_PELACES
 0 0 0 0 0
 0 0 0 0 0
 0 0 0 0 0
 0 0 0 0 0
 0 0 0 0 0
 0 0 0 0 0
 0 0 0 0 0
 0 0 0 0 0
 0 0 0 0 0
 0 0 0 0 0
 0.450072 0.473896 0.0757376 0.000293798 0
 0 0 0 0 0
 0.463077 0.371075 0.160297 0.00555027 0
 0.529543 0.364841 0.0842815 0.0213345 0
 0.631943 0.363953 0.00410389 0 0
 0.735681 0.248677 0.0153453 0.000297389 0
 0.695825 0.281241 0.0229344 0 0
 0.275771 0.60734 0.115278 0.00161068 0
 0 0 0 0 0
 0.896147 0.0623911 0.0374545 0.00400742 0
 0.803859 0.145111 0.0509908 3.86294e-05 0
 0.739449 0.233085 0.0266225 0.000797448 4.60066e-05
 0.878498 0.100942 0.0204185 0.000141795 0
 0.694673 0.275183 0.0284847 0.00165964 0
ppred_PELACES
 0.357892 0.444487 0.175899 0.0217175 4.53099e-06
 0.439738 0.298345 0.181307 0.0717499 0.00886049
 0.305194 0.428778 0.141662 0.0860898 0.038276
 0.482821 0.250156 0.164785 0.0544427 0.0477954
 0.635846 0.238625 0.0607175 0.0399964 0.0248151
 0.401056 0.465983 0.0871274 0.0221693 0.0236641
 0.647102 0.205801 0.114442 0.0213979 0.0112564
 0.568014 0.341259 0.0529101 0.0294223 0.00839518
 0.643514 0.261194 0.075278 0.0116714 0.00834212
 0.554348 0.351679 0.0688536 0.0198441 0.00527578
 0.332334 0.479344 0.148611 0.0290959 0.0106151
 0.303033 0.355461 0.24518 0.0760134 0.0203118
 0.503569 0.236097 0.132773 0.0915808 0.0359798
 0.508632 0.335931 0.0739244 0.0415727 0.0399405
 0.604533 0.276185 0.0815489 0.0179455 0.0197878
 0.5764 0.32654 0.0677843 0.0200146 0.00926092
 0.484194 0.381415 0.103598 0.0215052 0.00928795
 0.485025 0.33986 0.12949 0.0351714 0.0104542
 0.465727 0.351907 0.120353 0.0458557 0.0161572
 0.625171 0.240151 0.0887079 0.0303384 0.0156321
 0.567725 0.334202 0.062835 0.0232102 0.0120281
 0.463651 0.389469 0.113556 0.0213502 0.0119734
 0.512991 0.309928 0.128587 0.0374917 0.0110021
 0.397605 0.410564 0.12208 0.0506499 0.0191015
pobs_pel_tallas
 0 0 0 0 0 0 0 0 0 0 0 0 0 0 0 0 0 0 0 0 0 0 0 0 0 0 0 0 0 0 0 0 0 0 0 0
 0 0 0 0 0 0 0 0 0 0 0 0 0 0 0 0 0 0 0 0 0 0 0 0 0 0 0 0 0 0 0 0 0 0 0 0
 0 0 0 0 0 0 0 0 0 0 0 0 0 0 0 0 0 0 0 0 0 0 0 0 0 0 0 0 0 0 0 0 0 0 0 0
 0 0 0 0 0 0 0 0 0 0 0 0 0 0 0 0 0 0 0 0 0 0 0 0 0 0 0 0 0 0 0 0 0 0 0 0
 0 0 0 0 0 0 0 0 0 0 0 0 0 0 0 0 0 0 0 0 0 0 0 0 0 0 0 0 0 0 0 0 0 0 0 0
 0 0 0 0 0 0 0 0 0 0 0 0 0 0 0 0 0 0 0 0 0 0 0 0 0 0 0 0 0 0 0 0 0 0 0 0
 0 0 0 0 0 0 0 0 0 0 0 0 0 0 0 0 0 0 0 0 0 0 0 0 0 0 0 0 0 0 0 0 0 0 0 0
 0 0 0 0 0 0 0 0 0 0 0 0 0 0 0 0 0 0 0 0 0 0 0 0 0 0 0 0 0 0 0 0 0 0 0 0
 0 0 0 0 0 0 0 0 0 0 0 0 0 0 0 0 0 0 0 0 0 0 0 0 0 0 0 0 0 0 0 0 0 0 0 0
 0 0 0 0 0 0 0 0 0 0 0 0 0 0 0 0 0 0 0 0 0 0 0 0 0 0 0 0 0 0 0 0 0 0 0 0
 0 0 0 0 0 0 0 0 1.78061e-05 0.00172719 0.00360574 0.0105946 0.0120993 0.0124554 0.0147524 0.0171206 0.0266825 0.0428682 0.0675386 0.121331 0.153587 0.119568 0.100827 0.0573624 0.0630603 0.0341343 0.0324427 0.0444173 0.0211091 0.0280891 0.0125444 0.00206551 0 0 0 0
 0 0 0 0 0 0 0 0 0 0 0 0 0 0 0 0 0 0 0 0 0 0 0 0 0 0 0 0 0 0 0 0 0 0 0 0
 0 0 0 0 0 0 0.0133647 0.0140871 0.0187388 0.0205184 0.03894 0.0496705 0.03968 0.0493445 0.0407372 0.0367815 0.0215668 0.0243155 0.0234873 0.0199281 0.019796 0.0243948 0.0301388 0.0376714 0.0412746 0.0863199 0.0771752 0.113111 0.0741005 0.0525337 0.0229764 0.00759418 0.00175318 0 0 0
 0 0 0 0 0 0 0 0 0 0 0.00219441 0.00772107 0.0458388 0.0604681 0.0671733 0.0775358 0.0609151 0.0617685 0.073594 0.0568108 0.0755445 0.0548602 0.0670107 0.0636378 0.0643287 0.046367 0.0373049 0.0286899 0.0247887 0.0153202 0.00654259 0.00121912 0.000365735 0 0 0
 0 0 0 0 0 0 0 0 0 0 0 0 0.000112435 0.00938835 0.0111873 0.0202946 0.0414886 0.0713402 0.111592 0.104902 0.108894 0.110636 0.117776 0.105296 0.107544 0.0401394 0.0192827 0.0124803 0.00416011 0.0028671 0.000618394 0 0 0 0 0
 0 0 0 0 0 0 0 0 0 0 0.00291406 0.0102884 0.027416 0.0768956 0.0749926 0.110853 0.0956884 0.0897413 0.0766577 0.0534642 0.0500743 0.0551293 0.0594112 0.0620874 0.0668451 0.0424026 0.0208742 0.0120726 0.0048766 0.00582813 0.00118941 0.000297354 0 0 0 0
 0 0.00264628 0.0354308 0.0461629 0.0458689 0.0383711 0.0214643 0.0164657 0.0346957 0.0420465 0.0363128 0.0245516 0.0311673 0.0291091 0.0169068 0.0133784 0.00837989 0.0085269 0.0148486 0.0160247 0.0276389 0.0546898 0.0760071 0.122758 0.109233 0.0665981 0.0333725 0.0166128 0.00676272 0.00308733 0.000882094 0 0 0 0 0
 0 0 0 0 0 0 0 0.000805153 0.000690131 0.00759144 0.0133425 0.0154129 0.00931677 0.000345066 0.00356568 0.00563607 0.00851162 0.0253048 0.0502646 0.0516448 0.0657925 0.0565908 0.0611916 0.0827007 0.0866115 0.110766 0.145733 0.0935128 0.0569358 0.0249597 0.0138026 0.00621118 0.00161031 0.00115022 0 0
 0 0 0 0 0 0 0 0 0 0 0 0 0 0 0 0 0 0 0 0 0 0 0 0 0 0 0 0 0 0 0 0 0 0 0 0
 0.00147267 0.00158595 0.00478618 0.00569244 0.00954404 0.0108468 0.00647125 0.017049 0.0510054 0.094081 0.124002 0.0959785 0.0687766 0.0820023 0.061753 0.0591476 0.0492212 0.0479892 0.0443925 0.0268479 0.0217502 0.0140895 0.0121071 0.0120363 0.00920419 0.00665534 0.0049561 0.00860946 0.00930331 0.0156896 0.0114698 0.00855282 0.00243557 0.00046729 0 2.83206e-05
 0 0 0 0 0.000772559 0.00158375 0.000888443 0.00281984 0.00712685 0.0440552 0.0773331 0.111326 0.0921469 0.0852325 0.0710754 0.0886704 0.0786465 0.0553345 0.0373146 0.0185414 0.00753245 0.00457741 0.012979 0.0271748 0.0457355 0.0583668 0.034881 0.0177882 0.00938659 0.00492506 0.0015258 0.00185414 0.000309023 5.79419e-05 3.86279e-05 0
 0 0.00173294 0.00326652 0 0.00397197 0.00683976 0.00946217 0.0152591 0.00757587 0.0136028 0.0228656 0.0392903 0.0559909 0.0764795 0.0681675 0.0726916 0.0566044 0.0477403 0.0527397 0.0444891 0.0609904 0.0582453 0.0661739 0.0445044 0.0529084 0.0360697 0.0280645 0.0235558 0.0158879 0.00826598 0.00280645 0.00217768 0.000904811 0.00058276 9.20147e-05 0
 0 0 0 0 0 0 0 0 0 0 0 0 0 0 0 0 0 0 0 0 0 0 0 0 0 0 0 0 0 0 0 0 0 0 0 0
 0 0 0 0 0 0 0 0 0 0 0 0 0 0 0 0 0 0 0 0 0 0 0 0 0 0 0 0 0 0 0 0 0 0 0 0
ppred_pel_tallas
 1.03389e-16 1.56368e-05 9.17215e-05 0.000435889 0.00167801 0.00523254 0.0132174 0.0270475 0.0448455 0.0602606 0.0656657 0.0581367 0.0420851 0.0255083 0.0141526 0.00926154 0.00930553 0.0124086 0.0173699 0.0235218 0.0303282 0.0371689 0.0433316 0.048121 0.0510039 0.0517231 0.0503435 0.0472118 0.0428513 0.0378289 0.0326411 0.0276464 0.0230534 0.0189488 0.0153433 0.0122141
 1.05551e-16 1.91997e-05 0.000112652 0.000535427 0.0020613 0.00642787 0.0162365 0.0332237 0.0550785 0.0739887 0.0805665 0.0711895 0.0512308 0.0304472 0.0158063 0.00872819 0.00722953 0.00893611 0.012377 0.0168445 0.021919 0.0271877 0.0321827 0.0364351 0.0395626 0.041343 0.0417463 0.0409125 0.0390917 0.0365682 0.0335978 0.0303742 0.0270283 0.0236475 0.020302 0.0170618
 1.06898e-16 1.33381e-05 7.82277e-05 0.000371743 0.00143104 0.00446237 0.011272 0.023067 0.0382473 0.0513993 0.0560226 0.0496302 0.0359946 0.0219517 0.0124231 0.00849592 0.00889385 0.0120414 0.0169278 0.0229787 0.0297103 0.0365466 0.0428203 0.0478789 0.0512205 0.0525997 0.0520684 0.0499326 0.0466511 0.0427095 0.0385158 0.0343445 0.0303356 0.0265306 0.0229246 0.0195088
 1.06525e-16 2.10763e-05 0.000123674 0.000587836 0.00226311 0.00705721 0.0178261 0.0364758 0.0604674 0.0812205 0.088422 0.078085 0.0560936 0.0331374 0.0168355 0.00871077 0.00654869 0.0077154 0.0105906 0.0144258 0.0188282 0.0234491 0.027902 0.0317971 0.0348123 0.0367522 0.0375743 0.0373709 0.0363209 0.0346285 0.0324753 0.0299961 0.0272819 0.0243989 0.021411 0.0183937
 1.03474e-16 2.77482e-05 0.000162846 0.000774066 0.00298015 0.00929327 0.0234742 0.048032 0.0796213 0.106938 0.116393 0.102722 0.073651 0.0432248 0.02143 0.0102128 0.00659088 0.00703324 0.0093622 0.0125821 0.016212 0.0198787 0.0232005 0.0258156 0.0274518 0.0279847 0.0274597 0.0260664 0.0240793 0.0217849 0.0194209 0.0171435 0.0150255 0.0130781 0.0112817 0.00961198
 1.03257e-16 1.75196e-05 0.000102774 0.00048843 0.0018803 0.00586337 0.0148108 0.0303079 0.0502501 0.0675189 0.0735645 0.0651048 0.0470744 0.0284221 0.015568 0.00988149 0.00962066 0.0126558 0.0176198 0.0237559 0.0304732 0.0371085 0.0429163 0.0471868 0.0493996 0.0493427 0.0471566 0.0432816 0.0383362 0.032965 0.0277088 0.0229294 0.0187986 0.0153354 0.012467 0.0100868
 1.02953e-16 2.82379e-05 0.000165723 0.000787752 0.00303285 0.00945763 0.0238893 0.0488812 0.0810279 0.108824 0.118438 0.104508 0.0748925 0.0438738 0.0216051 0.0100544 0.0061762 0.00637284 0.00843557 0.0113745 0.0147401 0.018205 0.0214354 0.0241062 0.0259584 0.0268502 0.0267785 0.0258633 0.0243035 0.0223214 0.0201157 0.0178351 0.0155752 0.0133912 0.0113166 0.009378
 1.02266e-16 2.47946e-05 0.000145496 0.000691562 0.00266245 0.00830252 0.0209718 0.0429127 0.0711389 0.0955567 0.104035 0.0918868 0.0660379 0.0390694 0.0199499 0.0104722 0.00802389 0.00948403 0.012902 0.017327 0.0222034 0.0270158 0.0312134 0.0342773 0.0358295 0.0357195 0.034056 0.0311673 0.0275116 0.0235644 0.0197228 0.0162505 0.0132694 0.0107885 0.00874875 0.00706673
 1.01945e-16 2.80836e-05 0.000164813 0.000783411 0.00301612 0.00940544 0.0237575 0.048612 0.0805832 0.108232 0.117805 0.103979 0.0745751 0.0438129 0.0218063 0.0105323 0.00697919 0.00757632 0.0101157 0.0135759 0.0174449 0.02131 0.0247449 0.0273456 0.0288098 0.0290033 0.0279849 0.0259804 0.0233174 0.0203432 0.0173548 0.0145583 0.0120622 0.00989622 0.00804205 0.00646226
 1.02021e-16 2.41992e-05 0.000141999 0.000674936 0.00259843 0.00810287 0.0204675 0.041881 0.0694291 0.0932619 0.101542 0.0896956 0.0644876 0.0382016 0.0195981 0.0104359 0.00817486 0.009776 0.0133375 0.0179251 0.0229802 0.0279742 0.0323378 0.0355324 0.0371629 0.0370678 0.0353522 0.0323492 0.0285282 0.0243804 0.0203202 0.0166282 0.0134416 0.0107814 0.00859725 0.00681042
 1.03762e-16 1.45237e-05 8.51834e-05 0.0004048 0.0015583 0.00485921 0.0122744 0.0251184 0.041649 0.0559712 0.0610072 0.0540493 0.0392065 0.0239237 0.013561 0.00930169 0.00975254 0.0131894 0.0184959 0.0250217 0.032207 0.0393854 0.0457916 0.0506851 0.053507 0.0540032 0.0522718 0.0487157 0.0439238 0.0385238 0.0330544 0.0278918 0.0232382 0.0191559 0.0156218 0.0125795
 1.07158e-16 1.32412e-05 7.7665e-05 0.000369081 0.00142081 0.00443049 0.0111914 0.0229015 0.0379713 0.051023 0.0555986 0.0492215 0.0356269 0.0215865 0.0119672 0.00782756 0.00788386 0.010569 0.0149 0.0203589 0.0265499 0.0330089 0.0391841 0.0445133 0.0485309 0.0509556 0.0517297 0.0509955 0.0490269 0.046143 0.0426363 0.0387355 0.0346041 0.0303624 0.0261154 0.0219701
 1.0679e-16 2.19803e-05 0.000128983 0.000613079 0.00236031 0.00736033 0.0185917 0.0380422 0.0630633 0.0847048 0.0922086 0.0814132 0.05845 0.0344598 0.0173783 0.00878021 0.00634196 0.007305 0.00997462 0.013576 0.0177189 0.0220726 0.0262761 0.0299679 0.0328514 0.0347491 0.035626 0.0355705 0.0347472 0.033339 0.0315018 0.0293443 0.0269333 0.024315 0.021539 0.0186737
 1.04454e-16 2.2205e-05 0.000130293 0.000619289 0.00238418 0.00743475 0.0187798 0.0384278 0.0637051 0.0855747 0.0931761 0.0823162 0.0592043 0.0351167 0.0180992 0.0097754 0.00782627 0.00947557 0.0129889 0.0175162 0.0225469 0.0275922 0.0321202 0.0356235 0.0377239 0.0382561 0.0372972 0.0351309 0.0321612 0.0288075 0.0254169 0.0222152 0.0193046 0.0166934 0.0143407 0.0121963
 1.02789e-16 2.63844e-05 0.000154835 0.000735976 0.00283348 0.00883588 0.0223189 0.0456685 0.0757049 0.101682 0.110685 0.0977124 0.0701217 0.0412789 0.0206984 0.0102529 0.0071291 0.00798523 0.0107518 0.0144613 0.0186099 0.0227732 0.0265051 0.0293809 0.0310809 0.0314602 0.030575 0.0286546 0.0260329 0.0230632 0.0200456 0.0171858 0.01459 0.0122856 0.0102548 0.00846457
 1.0219e-16 2.51597e-05 0.000147641 0.000701762 0.00270173 0.00842501 0.0212811 0.0435455 0.0721875 0.0969636 0.105563 0.0932253 0.0669771 0.0395794 0.0201266 0.0104302 0.00783234 0.00916192 0.0124416 0.0167171 0.0214445 0.0261284 0.0302404 0.0332805 0.0348806 0.0348879 0.0333954 0.0307061 0.0272488 0.0234724 0.0197555 0.016354 0.0133932 0.0108932 0.00881011 0.00707598
 1.02768e-16 2.11414e-05 0.000124045 0.000589571 0.00226975 0.00707787 0.0178784 0.0365839 0.0606501 0.0814765 0.0887288 0.0784226 0.0564811 0.0336565 0.0176315 0.00997964 0.0085201 0.0106284 0.0146532 0.0197573 0.0253941 0.0310079 0.0359851 0.0397378 0.0418272 0.0420599 0.0405264 0.0375606 0.0336447 0.0292887 0.0249278 0.0208624 0.0172487 0.0141266 0.0114654 0.00920612
 1.03646e-16 2.1176e-05 0.000124251 0.000590562 0.00227358 0.00708982 0.0179086 0.0366452 0.0607507 0.0816083 0.0888633 0.0785201 0.0565049 0.033578 0.017422 0.0095983 0.00790968 0.00972199 0.0133899 0.0181027 0.0233619 0.0286766 0.0335035 0.0373151 0.0397059 0.0404783 0.0396765 0.0375552 0.0344989 0.0309222 0.0271833 0.0235365 0.0201251 0.0170053 0.0141836 0.0116489
 1.04154e-16 2.0335e-05 0.000119313 0.000567081 0.00218316 0.00680788 0.0171964 0.0351882 0.058336 0.0783669 0.0853399 0.0754216 0.0543072 0.0323363 0.0168959 0.00949677 0.00804075 0.0100069 0.0138169 0.0186831 0.0241055 0.0295807 0.0345493 0.0384693 0.0409264 0.041722 0.0409084 0.0387536 0.0356577 0.0320478 0.0282887 0.0246338 0.0212194 0.0180918 0.0152472 0.0126676
 1.03111e-16 2.72829e-05 0.000160113 0.000761076 0.00293013 0.00913729 0.0230802 0.0472259 0.0782853 0.105144 0.114442 0.101005 0.0724302 0.0425286 0.0211231 0.0101317 0.006627 0.00714256 0.00954103 0.0128448 0.0165786 0.0203685 0.0238279 0.0265856 0.0283565 0.0290014 0.0285496 0.0271769 0.0251488 0.0227494 0.0202221 0.0177367 0.015386 0.013204 0.011193 0.00934699
 1.02361e-16 2.47817e-05 0.000145421 0.000691207 0.00266109 0.00829827 0.020961 0.0428906 0.0711021 0.0955068 0.10398 0.0918343 0.065993 0.0390286 0.019903 0.010406 0.00792496 0.00933992 0.0127032 0.0170693 0.0218912 0.0266644 0.030849 0.0339353 0.0355494 0.0355379 0.0339996 0.031248 0.027724 0.0238874 0.0201242 0.0166928 0.0137165 0.0112101 0.00912366 0.0073835
 1.03032e-16 2.0246e-05 0.000118787 0.000564574 0.0021735 0.00677772 0.0171203 0.0350327 0.0580793 0.0780253 0.0849766 0.075121 0.0541353 0.0323232 0.0170515 0.0098392 0.00861041 0.0108619 0.0150158 0.0202636 0.026063 0.0318514 0.0370034 0.0409182 0.0431445 0.0434806 0.042012 0.0390722 0.0351457 0.0307468 0.0263151 0.0221556 0.0184291 0.0151804 0.0123841 0.0099874
 1.03729e-16 2.23943e-05 0.000131406 0.000624583 0.00240458 0.00749835 0.0189405 0.0387563 0.0642489 0.086303 0.0939634 0.0829982 0.0596656 0.0353321 0.0181043 0.00961126 0.00750726 0.00899094 0.012321 0.0166604 0.0215267 0.0264684 0.03099 0.0346096 0.0369534 0.0378338 0.0372804 0.0355123 0.0328665 0.0297081 0.0263543 0.0230319 0.0198717 0.0169305 0.0142239 0.011754
 1.045e-16 1.73669e-05 0.000101882 0.000484203 0.00186404 0.00581269 0.0146828 0.0300455 0.0498136 0.0669283 0.0729104 0.0645005 0.0465824 0.0280156 0.0151493 0.009324 0.00879867 0.0114573 0.0159575 0.0215851 0.0278169 0.0340773 0.0397155 0.0441019 0.0467603 0.0474709 0.04631 0.0436083 0.0398502 0.0355487 0.0311389 0.0269187 0.0230422 0.0195518 0.0164274 0.01363
pSPR Fmed_Fpbrs
0.55437   0.255389 0.255389
Fs Fmed_Fpbrs
0.330915   1.005 1.005
SSBpbr Bo_Bmed_Bpbrs
926230  467162  190238 190238
Ro
37049.1
SPR SPRFo_SPRFmed_SPRFpbrs
762234 422559 194666
log_Ro
10.34
likeval ReclasPelacesDesembMPH_pf_preclas_ppelaces_ptallas_desvR_qrecl_qpela
 100.983 89.3862 0.00793391 0.000648621 313.22 177.602 84.6939 0 14.7311 0 0 0 0 0 0
q_reclas_q_pelaces
1 1
M
0.7
N
 34612.1 23883.6 9451.6 1166.95 0.243464
 39222.7 15137.3 9199.08 3640.41 449.559
 17342.1 16674.1 5508.91 3347.82 1488.46
 20863.8 5900.1 3886.57 1284.07 1127.29
 48822.3 9322.24 2372.02 1562.52 969.437
 33007.2 23740.8 4438.95 1129.48 1205.64
 70428.9 12672.2 7046.78 1317.58 693.112
 81953.9 30136.9 4672.54 2598.31 741.386
 131894 31896.3 9192.72 1425.28 1018.71
 149511 53025.3 10381.6 2992.04 795.47
 72401.3 64902.1 20121.7 3939.53 1437.26
 38418.2 27664.4 19081.6 5915.87 1580.8
 46674.8 14899.4 8378.93 5779.38 2270.58
 28018.3 15978.3 3516.15 1977.37 1899.74
 19766 7203.85 2127.08 468.081 516.133
 16079.8 5590.6 1160.52 342.664 158.554
 13468.9 6238.05 1694.35 351.719 151.905
 13960.1 5502.26 2096.41 569.417 169.252
 14262.8 6015.37 2057.28 783.841 276.186
 29102.8 6203.26 2291.38 783.661 403.787
 41357.8 12747.8 2396.78 885.332 458.8
 43571.5 19427.1 5664.3 1064.97 597.244
 61704 20133.8 8353.37 2435.56 714.727
 49491.2 27922.7 8302.7 3444.73 1299.1
pred_Ctot
 2991.59 3910.73 1547.62 191.077 0.039865
 4096.3 2960.47 1799.11 711.972 87.9225
 4013.27 6641.11 2194.13 1333.4 592.836
 1513.08 817.832 538.73 177.989 156.257
 730.266 276.315 70.3077 46.3137 28.7346
 5465.76 7073.1 1322.5 336.506 359.195
 7065.62 2387.06 1327.4 248.191 130.561
 12925.6 8596.42 1332.82 741.156 211.477
 18282.2 8097.42 2333.73 361.831 258.618
 13635.5 9133.58 1788.22 515.378 137.019
 12186.7 19619.4 6082.61 1190.89 434.471
 6138.17 7983.09 5506.36 1707.14 456.171
 10651.7 5864.85 3298.2 2274.94 893.769
 10087.2 9042.89 1989.97 1119.09 1075.16
 6318.1 3726.3 1100.26 242.122 266.978
 2566.13 1611.61 334.543 98.7802 45.7064
 1737.28 1482.95 402.792 83.613 36.1118
 1338.97 993.725 378.618 102.838 30.5674
 1283.41 1023.1 349.905 133.317 46.9741
 2486 1004.5 371.046 126.899 65.3857
 1613.44 970.85 182.534 67.4251 34.9413
 2185.98 1889.43 550.895 103.576 58.0863
 3958.34 2481.82 1029.69 300.223 88.1018
 3630.59 3913.03 1163.52 482.737 182.054
F
 0.127045 0.254089 0.254089 0.254089 0.254089
 0.155396 0.310793 0.310793 0.310793 0.310793
 0.378166 0.756333 0.756333 0.756333 0.756333
 0.105614 0.211229 0.211229 0.211229 0.211229
 0.0209922 0.0419844 0.0419844 0.0419844 0.0419844
 0.257313 0.514625 0.514625 0.514625 0.514625
 0.148855 0.297711 0.297711 0.297711 0.297711
 0.243668 0.487337 0.487337 0.487337 0.487337
 0.211228 0.422455 0.422455 0.422455 0.422455
 0.134486 0.268973 0.268973 0.268973 0.268973
 0.262079 0.524158 0.524158 0.524158 0.524158
 0.247213 0.494425 0.494425 0.494425 0.494425
 0.371976 0.743951 0.743951 0.743951 0.743951
 0.65824 1.31648 1.31648 1.31648 1.31648
 0.562876 1.12575 1.12575 1.12575 1.12575
 0.246893 0.493787 0.493787 0.493787 0.493787
 0.195221 0.390442 0.390442 0.390442 0.390442
 0.141888 0.283776 0.283776 0.283776 0.283776
 0.132581 0.265162 0.265162 0.265162 0.265162
 0.125474 0.250948 0.250948 0.250948 0.250948
 0.0555889 0.111178 0.111178 0.111178 0.111178
 0.0720031 0.144006 0.144006 0.144006 0.144006
 0.0929095 0.185819 0.185819 0.185819 0.185819
 0.106892 0.213784 0.213784 0.213784 0.213784
nmprior
 10 10 8 0
nm_flota  nm_reclas  nm_pelaces    nm_pelaL
inf 14.0438 12.3638 20.4447
cv_recla  cv_pelaces  cv_mph
0.93036 1.1125 0.826292
 ------------------------------------------------
Talla a la edad & desviación 
 7.2 14.2025 17.0495 18.207 18.6776
 1.08 2.13037 2.55742 2.73105 2.80164
