years
 1997 1998 1999 2000 2001 2002 2003 2004 2005 2006 2007 2008 2009 2010 2011 2012 2013 2014 2015 2016 2017 2018 2019 2020
reclasobs
 0 0 0 370054 412103 1.49427e+06 250295 1.28982e+06 931140 785840 897777 1.04006e+06 184774 17550 25797 100020 73551 82996 120727 218422 84188 347160 605670 569463
reclaspred
 1.50005e+06 206050 388542 173867 279024 396742 919477 656528 1.62513e+06 1.79987e+06 1.30633e+06 774889 451221 219413 153420 134070 134949 186812 202080 269413 400849 404264 626993 524081
pelacesobs
 0 0 0 0 0 0 0 0 0 2.06254e+06 1.5e+06 0 1.87456e+06 323000 250000 174000 83755 137374 0 501740 490994 745055 786931 1.00524e+06
pelacespred
 732367 232636 130753 116496 159640 171773 492322 409669 988108 1.11023e+06 708430 426114 242093 96008.4 66797.7 65341.1 69677.8 93819.1 107134 136253 229595 236416 278306 281503
mphobs
 0 0 0 0 0 112323 0 153150 637223 0 255016 313432 73983 77613 109348 50772 0 0 0 0 0 0 0 0
mphpred
 1.17683e+06 454150 275037 198966 169281 361469 514610 767137 838155 1.92928e+06 1.33492e+06 905328 465876 284101 137574 124613 106894 147165 171126 205878 292712 377901 453476 508498
desembarqueobs
 350755 77701 442110 56441 14545 235359 269955 359681 431902 328805 639364 411747 362871 311530 167758 66681 60226 58785 57116 71774 51957 67425 138520 160799
desembarquepred
 350551 77658.3 441406 56365.1 14533.2 235540 270309 358963 431248 328172 636933 410336 362077 310911 167867 66808.6 60293.1 58764.3 57022.1 71594.3 51831.6 67336.9 138554 160726
Reclutas
 16383.6 28536.6 19867 13931 53027 31065.8 87593.3 50484.4 332160 30709.4 77455.3 16814.2 62287.7 27328 21757.4 10377.2 14874.8 12507.9 17740.5 22682.6 37500.9 41037.5 47800.2 22448.9
log_desv_Rt
 -0.635966 -0.0810578 -0.443183 -0.798129 0.538557 0.00386394 1.04046 0.489419 2.37337 -0.00767579 0.917457 -0.610023 0.699519 -0.124335 -0.352293 -1.09263 -0.732576 -0.905886 -0.556392 -0.310645 0.192121 0.282241 0.434785 -0.321003
SSB
 1.17683e+06 454150 275037 198966 169281 361469 514610 767137 838155 1.92928e+06 1.33492e+06 905328 465876 284101 137574 124613 106894 147165 171126 205878 292712 377901 453476 508498
BT
 1.81105e+06 582652 614747 305158 435251 522624 1.63519e+06 1.27689e+06 3.45438e+06 2.38775e+06 2.0702e+06 1.19868e+06 930755 502165 309426 191619 220705 258425 281455 365832 601190 540665 670043 689640
Ftot
 0.225685 0.360793 1.02039 0.311539 0.0509244 0.558441 0.283851 0.517343 0.257211 0.176673 0.462693 0.499706 0.745712 1.23961 0.994984 0.472555 0.426837 0.302651 0.272068 0.256543 0.125875 0.161704 0.213749 0.294759
BD_Bspro_t
 0.965397 0.769388 0.582655 0.327631 0.416176 0.655585 0.578817 0.62892 0.628351 0.744416 0.643636 0.483584 0.338047 0.276377 0.168929 0.178339 0.204438 0.33405 0.426961 0.531364 0.638111 0.746686 0.748957 0.707336
BD_Bspro
 1.84841 0.71332 0.431993 0.31251 0.265885 0.567748 0.808283 1.20492 1.31646 3.03025 2.09671 1.42197 0.731737 0.446229 0.216083 0.195725 0.167894 0.231148 0.268782 0.323367 0.459753 0.593557 0.712261 0.798683
BD_Bo
 1.1503 0.443913 0.268837 0.194481 0.165465 0.35332 0.50301 0.749844 0.819261 1.88578 1.30482 0.884919 0.455374 0.277696 0.134473 0.121804 0.104484 0.143848 0.167268 0.201237 0.286113 0.369382 0.443254 0.497035
BD_Brms
 5.6006 2.16132 1.30892 0.946889 0.805617 1.72025 2.44906 3.65084 3.98882 9.18152 6.35293 4.3085 2.21713 1.35205 0.654722 0.593038 0.508712 0.700367 0.814395 0.979785 1.39303 1.79845 2.15812 2.41997
S_f
 0.5 1 1 1 1
 0.5 1 1 1 1
 0.5 1 1 1 1
 0.5 1 1 1 1
 0.5 1 1 1 1
 0.5 1 1 1 1
 0.5 1 1 1 1
 0.5 1 1 1 1
 0.5 1 1 1 1
 0.5 1 1 1 1
 0.5 1 1 1 1
 0.5 1 1 1 1
 0.5 1 1 1 1
 0.5 1 1 1 1
 0.5 1 1 1 1
 0.5 1 1 1 1
 0.5 1 1 1 1
 0.5 1 1 1 1
 0.5 1 1 1 1
 0.5 1 1 1 1
 0.5 1 1 1 1
 0.5 1 1 1 1
 0.5 1 1 1 1
 0.5 1 1 1 1
Scru_reclas
 0.5 1 1 1 1
 0.5 1 1 1 1
 0.5 1 1 1 1
 0.5 1 1 1 1
 0.5 1 1 1 1
 0.5 1 1 1 1
 0.5 1 1 1 1
 0.5 1 1 1 1
 0.5 1 1 1 1
 0.5 1 1 1 1
 0.5 1 1 1 1
 0.5 1 1 1 1
 0.5 1 1 1 1
 0.5 1 1 1 1
 0.5 1 1 1 1
 0.5 1 1 1 1
 0.5 1 1 1 1
 0.5 1 1 1 1
 0.5 1 1 1 1
 0.5 1 1 1 1
 0.5 1 1 1 1
 0.5 1 1 1 1
 0.5 1 1 1 1
 0.5 1 1 1 1
Scru_pelaces
 0.5 1 1 1 1
 0.5 1 1 1 1
 0.5 1 1 1 1
 0.5 1 1 1 1
 0.5 1 1 1 1
 0.5 1 1 1 1
 0.5 1 1 1 1
 0.5 1 1 1 1
 0.5 1 1 1 1
 0.5 1 1 1 1
 0.5 1 1 1 1
 0.5 1 1 1 1
 0.5 1 1 1 1
 0.5 1 1 1 1
 0.5 1 1 1 1
 0.5 1 1 1 1
 0.5 1 1 1 1
 0.5 1 1 1 1
 0.5 1 1 1 1
 0.5 1 1 1 1
 0.5 1 1 1 1
 0.5 1 1 1 1
 0.5 1 1 1 1
 0.5 1 1 1 1
pf_obs 
 0.256992 0.487395 0.22802 0.0275931 0
 0.321318 0.546541 0.124235 0.00734118 0.000564706
 0.182869 0.594174 0.210203 0.0122559 0.00049798
 0.330522 0.361315 0.267642 0.0388342 0.00168674
 0.649043 0.306663 0.0425973 0.00169635 0
 0.582887 0.30429 0.105238 0.00758474 0
 0.465427 0.430635 0.0974691 0.00646863 0
 0.296916 0.608066 0.0921331 0.00288517 0
 0.311714 0.524322 0.152257 0.0117073 0
 0.15457 0.633149 0.183074 0.0267441 0.00246327
 0.131901 0.49318 0.331252 0.0422183 0.00144891
 0.196976 0.569456 0.194076 0.0375587 0.00193317
 0.518974 0.381816 0.0799577 0.0180837 0.00116848
 0.0928022 0.601141 0.25162 0.0475244 0.00691264
 0.122501 0.610282 0.24278 0.0234846 0.000952079
 0.383417 0.481906 0.127806 0.00687128 0
 0.0376549 0.599619 0.316969 0.0457579 0
 0.0361596 0.667082 0.258105 0.0386534 0
 0.158088 0.579412 0.248529 0.0139706 0
 0.0477256 0.309471 0.559284 0.082774 0.000745712
 0.0406174 0.521527 0.379366 0.0568643 0.0016247
 0.151134 0.462217 0.34131 0.0453401 0
 0.294876 0.26143 0.354403 0.0886775 0.000613685
 0.281977 0.475581 0.204845 0.0348837 0.00271318
pf_pred 
 0.190447 0.407541 0.202379 0.100498 0.0991349
 0.41442 0.195673 0.196285 0.0974722 0.0961499
 0.384054 0.376412 0.0800408 0.0802912 0.079202
 0.44211 0.351961 0.125845 0.02676 0.0533232
 0.741759 0.163782 0.059592 0.0213074 0.0135592
 0.366644 0.540588 0.0588352 0.0214071 0.0125251
 0.697106 0.174855 0.109286 0.0118942 0.00685975
 0.382622 0.514385 0.0594556 0.0371603 0.00637687
 0.842635 0.0929626 0.0536586 0.00620217 0.00454162
 0.0918993 0.83562 0.0428174 0.0247145 0.00494845
 0.348857 0.114261 0.49403 0.0253142 0.0175371
 0.144008 0.471623 0.0674485 0.291625 0.0252951
 0.609 0.109646 0.155017 0.0221695 0.104168
 0.391003 0.484694 0.0348575 0.0492815 0.040164
 0.541457 0.300286 0.125955 0.00905826 0.0232438
 0.399034 0.458191 0.0934988 0.0392183 0.0100578
 0.546835 0.273714 0.136818 0.0279192 0.0147141
 0.450001 0.402684 0.0889789 0.0444768 0.0138592
 0.530173 0.301155 0.123494 0.0272878 0.0178903
 0.524958 0.33696 0.0885094 0.0362948 0.0132778
 0.577939 0.297148 0.0886041 0.0232737 0.0130352
 0.473276 0.389481 0.0966251 0.0288118 0.0118067
 0.465024 0.349314 0.137285 0.0340588 0.0143174
 0.266575 0.475888 0.168159 0.066089 0.0232882
pobs_RECLAS
 0 0 0 0 0
 0 0 0 0 0
 0 0 0 0 0
 0 0 0 0 0
 0.835266 0.146461 0.0176864 0.000547809 3.91292e-05
 0.385257 0.428462 0.181853 0.0044286 0
 0.867414 0.0963971 0.0333333 0.00285562 0
 0.441836 0.489002 0.0689373 0.000224442 0
 0.779404 0.147425 0.0564933 0.0165055 0.000172143
 0.814271 0.122319 0.05973 0.00367925 0
 0.40263 0.566651 0.0304383 0.000280538 0
 0.475488 0.404961 0.113038 0.00651328 0
 0.955842 0.0263864 0.0167828 0.000988607 0
 0.975058 0.0227948 0.00214734 0 0
 0.738997 0.206755 0.0527124 0.00153531 0
 0.850938 0.134255 0.0134407 0.00136685 0
 0.542534 0.407297 0.0501686 0 0
 0.764087 0.199537 0.0359546 0.000420521 0
 0.470689 0.182191 0.310203 0.0369168 0
 0.84361 0.089868 0.0606195 0.00523954 0.000663233
 0.607945 0.314616 0.071237 0.00620181 0
 0.523733 0.453247 0.0230204 0 0
 0.530135 0.295979 0.169645 0.0042399 0
 0.562478 0.366248 0.0663022 0.0049721 0
ppred_RECLAS
 0.191695 0.406913 0.202067 0.100343 0.0989821
 0.41791 0.194507 0.195115 0.0968912 0.0955768
 0.398372 0.367662 0.0781803 0.0784249 0.0773609
 0.445059 0.350101 0.12518 0.0266186 0.0530414
 0.742056 0.163594 0.0595234 0.0212829 0.0135436
 0.372585 0.535517 0.0582833 0.0212063 0.0124076
 0.69935 0.173559 0.108476 0.011806 0.00680893
 0.388069 0.509847 0.058931 0.0368324 0.00632061
 0.843883 0.0922252 0.053233 0.00615297 0.0045056
 0.0924062 0.835154 0.0427935 0.0247007 0.00494569
 0.353373 0.113469 0.490604 0.0251386 0.0174155
 0.146736 0.47012 0.0672335 0.290696 0.0252145
 0.618036 0.107112 0.151434 0.0216572 0.101761
 0.410345 0.4693 0.0337504 0.0477162 0.0388884
 0.555797 0.290894 0.122016 0.00877498 0.0225169
 0.403932 0.454457 0.0927368 0.0388987 0.00997582
 0.55125 0.271047 0.135485 0.0276472 0.0145707
 0.452855 0.400594 0.0885171 0.044246 0.0137873
 0.532691 0.299541 0.122832 0.0271415 0.0177945
 0.527305 0.335295 0.0880721 0.0361155 0.0132122
 0.578944 0.29644 0.0883931 0.0232183 0.0130042
 0.47464 0.388472 0.0963749 0.0287372 0.0117762
 0.466908 0.348084 0.136802 0.0339389 0.014267
 0.268762 0.474469 0.167658 0.065892 0.0232188
pobs_PELACES
 0 0 0 0 0
 0 0 0 0 0
 0 0 0 0 0
 0 0 0 0 0
 0 0 0 0 0
 0 0 0 0 0
 0 0 0 0 0
 0 0 0 0 0
 0 0 0 0 0
 0 0 0 0 0
 0.450072 0.473896 0.0757376 0.000293798 0
 0 0 0 0 0
 0.463077 0.371075 0.160297 0.00555027 0
 0.529543 0.364841 0.0842815 0.0213345 0
 0.631943 0.363953 0.00410389 0 0
 0.735681 0.248677 0.0153453 0.000297389 0
 0.695825 0.281241 0.0229344 0 0
 0.275771 0.60734 0.115278 0.00161068 0
 0 0 0 0 0
 0.896147 0.0623911 0.0374545 0.00400742 0
 0.803859 0.145111 0.0509908 3.86294e-05 0
 0.739449 0.233085 0.0266225 0.000797448 4.60066e-05
 0.878498 0.100942 0.0204185 0.000141795 0
 0.694673 0.275183 0.0284847 0.00165964 0
ppred_PELACES
 0.197531 0.403974 0.200608 0.0996189 0.0982674
 0.432459 0.189645 0.190238 0.0944696 0.093188
 0.439328 0.342633 0.0728581 0.0730861 0.0720946
 0.457788 0.34207 0.122309 0.026008 0.0518248
 0.743661 0.162576 0.059153 0.0211505 0.0134593
 0.394365 0.516927 0.0562601 0.0204702 0.0119769
 0.709105 0.167928 0.104956 0.011423 0.00658801
 0.408523 0.492805 0.0569613 0.0356013 0.00610934
 0.849393 0.0889703 0.0513542 0.00593581 0.00434658
 0.0948803 0.832877 0.0426768 0.0246333 0.00493221
 0.371007 0.110375 0.477225 0.0244531 0.0169406
 0.157363 0.464265 0.0663962 0.287076 0.0249005
 0.646631 0.0990929 0.140098 0.0200358 0.0941426
 0.460581 0.429318 0.030875 0.043651 0.0355753
 0.595872 0.264651 0.111008 0.00798332 0.0204855
 0.422837 0.440043 0.0897955 0.0376649 0.00965942
 0.568602 0.260566 0.130246 0.0265782 0.0140073
 0.465255 0.391515 0.0865111 0.0432433 0.0134749
 0.543848 0.29239 0.1199 0.0264936 0.0173696
 0.537843 0.32782 0.0861088 0.0353104 0.0129177
 0.583998 0.292882 0.087332 0.0229396 0.0128481
 0.481297 0.383549 0.0951536 0.028373 0.0116269
 0.475696 0.342346 0.134547 0.0333794 0.0140318
 0.278427 0.468198 0.165442 0.0650211 0.0229119
pobs_pel_tallas
 0 0 0 0 0 0 0 0 0 0 0 0 0 0 0 0 0 0 0 0 0 0 0 0 0 0 0 0 0 0 0 0 0 0 0 0
 0 0 0 0 0 0 0 0 0 0 0 0 0 0 0 0 0 0 0 0 0 0 0 0 0 0 0 0 0 0 0 0 0 0 0 0
 0 0 0 0 0 0 0 0 0 0 0 0 0 0 0 0 0 0 0 0 0 0 0 0 0 0 0 0 0 0 0 0 0 0 0 0
 0 0 0 0 0 0 0 0 0 0 0 0 0 0 0 0 0 0 0 0 0 0 0 0 0 0 0 0 0 0 0 0 0 0 0 0
 0 0 0 0 0 0 0 0 0 0 0 0 0 0 0 0 0 0 0 0 0 0 0 0 0 0 0 0 0 0 0 0 0 0 0 0
 0 0 0 0 0 0 0 0 0 0 0 0 0 0 0 0 0 0 0 0 0 0 0 0 0 0 0 0 0 0 0 0 0 0 0 0
 0 0 0 0 0 0 0 0 0 0 0 0 0 0 0 0 0 0 0 0 0 0 0 0 0 0 0 0 0 0 0 0 0 0 0 0
 0 0 0 0 0 0 0 0 0 0 0 0 0 0 0 0 0 0 0 0 0 0 0 0 0 0 0 0 0 0 0 0 0 0 0 0
 0 0 0 0 0 0 0 0 0 0 0 0 0 0 0 0 0 0 0 0 0 0 0 0 0 0 0 0 0 0 0 0 0 0 0 0
 0 0 0 0 0 0 0 0 0 0 0 0 0 0 0 0 0 0 0 0 0 0 0 0 0 0 0 0 0 0 0 0 0 0 0 0
 0 0 0 0 0 0 0 0 1.78061e-05 0.00172719 0.00360574 0.0105946 0.0120993 0.0124554 0.0147524 0.0171206 0.0266825 0.0428682 0.0675386 0.121331 0.153587 0.119568 0.100827 0.0573624 0.0630603 0.0341343 0.0324427 0.0444173 0.0211091 0.0280891 0.0125444 0.00206551 0 0 0 0
 0 0 0 0 0 0 0 0 0 0 0 0 0 0 0 0 0 0 0 0 0 0 0 0 0 0 0 0 0 0 0 0 0 0 0 0
 0 0 0 0 0 0 0.0133647 0.0140871 0.0187388 0.0205184 0.03894 0.0496705 0.03968 0.0493445 0.0407372 0.0367815 0.0215668 0.0243155 0.0234873 0.0199281 0.019796 0.0243948 0.0301388 0.0376714 0.0412746 0.0863199 0.0771752 0.113111 0.0741005 0.0525337 0.0229764 0.00759418 0.00175318 0 0 0
 0 0 0 0 0 0 0 0 0 0 0.00219441 0.00772107 0.0458388 0.0604681 0.0671733 0.0775358 0.0609151 0.0617685 0.073594 0.0568108 0.0755445 0.0548602 0.0670107 0.0636378 0.0643287 0.046367 0.0373049 0.0286899 0.0247887 0.0153202 0.00654259 0.00121912 0.000365735 0 0 0
 0 0 0 0 0 0 0 0 0 0 0 0 0.000112435 0.00938835 0.0111873 0.0202946 0.0414886 0.0713402 0.111592 0.104902 0.108894 0.110636 0.117776 0.105296 0.107544 0.0401394 0.0192827 0.0124803 0.00416011 0.0028671 0.000618394 0 0 0 0 0
 0 0 0 0 0 0 0 0 0 0 0.00291406 0.0102884 0.027416 0.0768956 0.0749926 0.110853 0.0956884 0.0897413 0.0766577 0.0534642 0.0500743 0.0551293 0.0594112 0.0620874 0.0668451 0.0424026 0.0208742 0.0120726 0.0048766 0.00582813 0.00118941 0.000297354 0 0 0 0
 0 0.00264628 0.0354308 0.0461629 0.0458689 0.0383711 0.0214643 0.0164657 0.0346957 0.0420465 0.0363128 0.0245516 0.0311673 0.0291091 0.0169068 0.0133784 0.00837989 0.0085269 0.0148486 0.0160247 0.0276389 0.0546898 0.0760071 0.122758 0.109233 0.0665981 0.0333725 0.0166128 0.00676272 0.00308733 0.000882094 0 0 0 0 0
 0 0 0 0 0 0 0 0.000805153 0.000690131 0.00759144 0.0133425 0.0154129 0.00931677 0.000345066 0.00356568 0.00563607 0.00851162 0.0253048 0.0502646 0.0516448 0.0657925 0.0565908 0.0611916 0.0827007 0.0866115 0.110766 0.145733 0.0935128 0.0569358 0.0249597 0.0138026 0.00621118 0.00161031 0.00115022 0 0
 0 0 0 0 0 0 0 0 0 0 0 0 0 0 0 0 0 0 0 0 0 0 0 0 0 0 0 0 0 0 0 0 0 0 0 0
 0.00147267 0.00158595 0.00478618 0.00569244 0.00954404 0.0108468 0.00647125 0.017049 0.0510054 0.094081 0.124002 0.0959785 0.0687766 0.0820023 0.061753 0.0591476 0.0492212 0.0479892 0.0443925 0.0268479 0.0217502 0.0140895 0.0121071 0.0120363 0.00920419 0.00665534 0.0049561 0.00860946 0.00930331 0.0156896 0.0114698 0.00855282 0.00243557 0.00046729 0 2.83206e-05
 0 0 0 0 0.000772559 0.00158375 0.000888443 0.00281984 0.00712685 0.0440552 0.0773331 0.111326 0.0921469 0.0852325 0.0710754 0.0886704 0.0786465 0.0553345 0.0373146 0.0185414 0.00753245 0.00457741 0.012979 0.0271748 0.0457355 0.0583668 0.034881 0.0177882 0.00938659 0.00492506 0.0015258 0.00185414 0.000309023 5.79419e-05 3.86279e-05 0
 0 0.00173294 0.00326652 0 0.00397197 0.00683976 0.00946217 0.0152591 0.00757587 0.0136028 0.0228656 0.0392903 0.0559909 0.0764795 0.0681675 0.0726916 0.0566044 0.0477403 0.0527397 0.0444891 0.0609904 0.0582453 0.0661739 0.0445044 0.0529084 0.0360697 0.0280645 0.0235558 0.0158879 0.00826598 0.00280645 0.00217768 0.000904811 0.00058276 9.20147e-05 0
 0 0 0 0 0 0 0 0 0 0 0 0 0 0 0 0 0 0 0 0 0 0 0 0 0 0 0 0 0 0 0 0 0 0 0 0
 0 0 0 0 0 0 0 0 0 0 0 0 0 0 0 0 0 0 0 0 0 0 0 0 0 0 0 0 0 0 0 0 0 0 0 0
ppred_pel_tallas
 1.10994e-16 8.64248e-06 5.06628e-05 0.000240701 0.000926501 0.00288901 0.00729779 0.0149353 0.0247685 0.0332987 0.0363285 0.0322656 0.0235802 0.0147391 0.00898651 0.00709811 0.00832549 0.0117172 0.0166586 0.0227684 0.0296626 0.036836 0.0436801 0.0495821 0.054048 0.056799 0.057809 0.0572702 0.0555064 0.0528679 0.0496479 0.0460425 0.0421588 0.0380517 0.0337693 0.0293847
 1.10363e-16 1.88777e-05 0.000110772 0.000526513 0.00202702 0.00632099 0.0159664 0.0326703 0.0541582 0.0727437 0.0791881 0.0699175 0.050198 0.0295984 0.0149367 0.00757154 0.00551862 0.00642789 0.00887221 0.0122243 0.0161947 0.0205464 0.0250088 0.0292914 0.0331284 0.036319 0.038746 0.0403672 0.041189 0.0412367 0.040534 0.0391019 0.0369724 0.0342078 0.0309146 0.0272455
 1.07026e-16 1.91832e-05 0.000112552 0.000534945 0.00205944 0.00642205 0.0162218 0.033194 0.0550303 0.0739271 0.0805076 0.0711568 0.0512493 0.0305415 0.0160057 0.00907187 0.00776613 0.00971507 0.0134328 0.0181771 0.0234749 0.0288492 0.033771 0.0377321 0.0403495 0.0414487 0.0410918 0.0395395 0.0371652 0.0343506 0.0314013 0.0285035 0.0257276 0.0230638 0.0204707 0.0179155
 1.05163e-16 1.99884e-05 0.000117279 0.000557414 0.00214595 0.00669182 0.0169033 0.0345883 0.0573413 0.0770304 0.0838839 0.0741333 0.0533763 0.0317756 0.0165914 0.00930817 0.00786338 0.00978013 0.0135097 0.0182832 0.0236168 0.0290253 0.0339689 0.0379239 0.0404885 0.0414678 0.0409069 0.0390571 0.0362946 0.033019 0.0295688 0.0261745 0.0229556 0.0199486 0.0171469 0.0145358
 1.02249e-16 3.24464e-05 0.000190435 0.000905245 0.00348525 0.0108684 0.0274528 0.056172 0.0931111 0.125045 0.136072 0.120022 0.0859074 0.0501201 0.0242946 0.0106533 0.00565435 0.00512883 0.0065228 0.00871368 0.0112381 0.0138099 0.016162 0.0180429 0.01926 0.0197193 0.0194405 0.0185419 0.0172017 0.0156103 0.0139302 0.0122735 0.0107009 0.00923344 0.0078718 0.00661191
 1.02231e-16 1.72299e-05 0.000101068 0.000480311 0.00184902 0.00576582 0.0145645 0.0298043 0.0494167 0.0664039 0.0723626 0.0640716 0.0463936 0.0281428 0.0156518 0.0102888 0.0103603 0.0137817 0.0191995 0.0258335 0.0330381 0.0400724 0.0461053 0.0503532 0.052253 0.0515959 0.0485744 0.0437214 0.0377692 0.0314748 0.0254687 0.0201676 0.0157594 0.0122454 0.00951214 0.00740014
 1.02246e-16 3.094e-05 0.00018159 0.000863192 0.00332333 0.0103635 0.0261773 0.0535624 0.088786 0.119238 0.129758 0.114462 0.0819503 0.0478567 0.0232834 0.010359 0.00571749 0.00539482 0.00696419 0.00935846 0.0121313 0.0149966 0.0176771 0.0199043 0.0214621 0.0222292 0.0221966 0.0214564 0.020167 0.0185086 0.0166456 0.0147046 0.0127719 0.0109017 0.00913025 0.00748625
 1.02478e-16 1.78462e-05 0.000104689 0.00049753 0.00191533 0.0059726 0.0150868 0.0308727 0.0511869 0.0687789 0.0749407 0.0663306 0.0479779 0.0290013 0.0159453 0.010209 0.0100209 0.0132106 0.0183776 0.0247346 0.0316545 0.0384306 0.0442721 0.0484319 0.0503715 0.0498871 0.0471549 0.0426729 0.037128 0.0312303 0.0255714 0.0205417 0.0163178 0.0129033 0.0101962 0.00805418
 1.01166e-16 3.70539e-05 0.000217492 0.00103389 0.00398059 0.0124131 0.0313545 0.0641546 0.10634 0.142802 0.155372 0.136988 0.0979279 0.0568838 0.0271069 0.0110901 0.00474291 0.00327053 0.00374938 0.00493141 0.00636922 0.00786112 0.00925122 0.0103966 0.0111845 0.0115529 0.0115005 0.0110795 0.0103771 0.00949112 0.00850972 0.00749968 0.00650472 0.00555056 0.00465271 0.00382266
 1.01954e-16 4.18368e-06 2.44465e-05 0.000115979 0.000446143 0.00139092 0.00351428 0.00719709 0.0119542 0.0161275 0.0177433 0.0161105 0.0125352 0.00933808 0.00830913 0.0100886 0.0145712 0.0214605 0.0304296 0.0409837 0.0523069 0.0632493 0.0724765 0.0787313 0.0811242 0.0793501 0.0737639 0.0652776 0.055127 0.0445821 0.0346964 0.0261593 0.0192701 0.0140075 0.010148 0.00738529
 1.08443e-16 1.61959e-05 9.50326e-05 0.000451695 0.00173897 0.00542273 0.0136974 0.0280273 0.0464607 0.0624028 0.0679262 0.0599626 0.0430268 0.0253244 0.012703 0.00633142 0.00452163 0.00528878 0.00746268 0.0105834 0.0144983 0.0190998 0.0242258 0.0296404 0.0350475 0.040115 0.0445036 0.0478954 0.0500234 0.0507015 0.0498512 0.0475193 0.0438831 0.0392324 0.0339348 0.028385
 1.12122e-16 6.89295e-06 4.0387e-05 0.000191839 0.000738352 0.00230226 0.0058158 0.0119034 0.0197447 0.0265574 0.0290073 0.0258425 0.0190578 0.0122514 0.00806062 0.00716501 0.00902856 0.0129349 0.0183965 0.0250537 0.0324784 0.04009 0.0471995 0.0531328 0.0573757 0.0596809 0.0601044 0.0589518 0.0566641 0.0536828 0.0503449 0.0468357 0.0432049 0.0394224 0.0354483 0.0312842
 1.07109e-16 2.82129e-05 0.000165587 0.000787125 0.00303048 0.00945025 0.0238705 0.048842 0.08096 0.108724 0.118306 0.104336 0.0746476 0.0434868 0.0209634 0.00900449 0.00453169 0.00393344 0.00502107 0.00687345 0.00916468 0.0117369 0.0144457 0.0171361 0.0196575 0.0218828 0.0237191 0.0251056 0.0260049 0.0263921 0.0262501 0.0255728 0.0243746 0.0226996 0.0206273 0.0182687
 1.03741e-16 2.01135e-05 0.000118006 0.000560854 0.00215916 0.00673301 0.0170074 0.034802 0.0576979 0.077516 0.0844303 0.0746576 0.053844 0.0322338 0.017157 0.0101347 0.00911436 0.0116108 0.0160443 0.021581 0.027633 0.0335799 0.0387389 0.0424682 0.0443078 0.0440875 0.0419639 0.0383676 0.033886 0.0291182 0.0245526 0.0204988 0.0170798 0.0142729 0.0119726 0.0100501
 1.02894e-16 2.60064e-05 0.000152617 0.000725431 0.00279288 0.00870928 0.0219991 0.0450141 0.07462 0.100225 0.109097 0.0963083 0.0691089 0.0406724 0.020376 0.0100649 0.00696661 0.00778982 0.0105003 0.0141535 0.0182652 0.0224303 0.0262207 0.0292235 0.0311201 0.0317532 0.0311538 0.0295169 0.0271398 0.0243449 0.0214126 0.0185437 0.0158537 0.0133908 0.0111635 0.00916541
 1.03164e-16 1.84683e-05 0.000108346 0.000514926 0.00198232 0.00618154 0.0156145 0.031952 0.0529745 0.0711749 0.0775358 0.0685905 0.0495321 0.0297809 0.0160866 0.00987047 0.00927463 0.0120391 0.0167233 0.0225516 0.0289496 0.0352882 0.0408633 0.0450032 0.0472122 0.0472835 0.0453402 0.0417873 0.0371978 0.0321712 0.0272121 0.0226606 0.0186821 0.0153023 0.0124634 0.0100767
 1.03502e-16 2.48172e-05 0.000145635 0.000692241 0.00266509 0.00831077 0.0209925 0.0429545 0.0712061 0.0956406 0.10411 0.0919125 0.0659693 0.0388548 0.0195222 0.00973908 0.00686785 0.00777648 0.0105314 0.0142363 0.0184298 0.0227212 0.0266922 0.0299339 0.0321242 0.0330923 0.0328464 0.0315518 0.0294734 0.0269036 0.0241001 0.0212525 0.0184771 0.0158347 0.0133555 0.0110596
 1.03472e-16 2.0316e-05 0.000119198 0.000566526 0.00218101 0.00680116 0.0171795 0.0351539 0.0582801 0.078295 0.08527 0.0753797 0.0543203 0.0324304 0.0171019 0.00985751 0.00861273 0.0108533 0.0149935 0.0202194 0.025985 0.0317255 0.0368157 0.0406586 0.042811 0.0430826 0.041573 0.038629 0.0347447 0.0304376 0.0261424 0.0221511 0.0186061 0.015531 0.0128814 0.0105897
 1.0352e-16 2.3739e-05 0.000139303 0.000662129 0.00254914 0.00794917 0.0200792 0.041086 0.06811 0.0914859 0.0995972 0.0879528 0.0631798 0.0373174 0.0189449 0.00977147 0.00729206 0.00852265 0.0116128 0.0156856 0.0202588 0.0248993 0.0291384 0.0325217 0.0346977 0.0354914 0.0349336 0.0332344 0.0307152 0.0277234 0.0245604 0.0214403 0.0184858 0.0157479 0.0132376 0.0109528
 1.03147e-16 2.34785e-05 0.00013777 0.000654837 0.00252105 0.00786158 0.0198579 0.0406337 0.0673611 0.0904832 0.0985139 0.0870157 0.0625494 0.0370306 0.0189563 0.0100305 0.00778767 0.00928211 0.0126767 0.0170801 0.0219724 0.0268677 0.0312402 0.0345875 0.0365335 0.0369106 0.0357913 0.0334537 0.0302994 0.0267517 0.0231685 0.0197933 0.0167491 0.014064 0.0117116 0.00964789
 1.02724e-16 2.54897e-05 0.000149581 0.000710993 0.00273728 0.00853589 0.0215612 0.0441183 0.0731359 0.0982343 0.106938 0.0944198 0.0677922 0.0399747 0.0201689 0.0101962 0.00735083 0.00841359 0.0113868 0.0153261 0.0197221 0.0241297 0.0280763 0.0311103 0.0328919 0.0332666 0.0322939 0.0302171 0.0273918 0.0241949 0.0209477 0.017872 0.0150841 0.0126163 0.0104521 0.00855754
 1.02994e-16 2.10152e-05 0.000123303 0.000586046 0.00225617 0.00703555 0.0177715 0.0363651 0.0602876 0.0809899 0.0881999 0.0779574 0.0561509 0.0334695 0.0175515 0.00996233 0.00853591 0.0106642 0.0147055 0.0198254 0.0254765 0.0311012 0.036084 0.0398364 0.0419204 0.042146 0.0406079 0.0376453 0.0337446 0.0294178 0.0250988 0.0210841 0.0175232 0.0144488 0.0118232 0.00958302
 1.03825e-16 2.07693e-05 0.000121864 0.00057921 0.00222986 0.00695351 0.0175643 0.0359408 0.0595831 0.0800407 0.0871588 0.0770197 0.0554375 0.0329686 0.0171517 0.009523 0.00793255 0.00980106 0.0135168 0.0182827 0.0236037 0.0289875 0.0338876 0.0377724 0.0402321 0.0410654 0.0403136 0.038229 0.0351952 0.0316256 0.0278786 0.0242086 0.02076 0.0175911 0.0147111 0.0121121
 1.05806e-16 1.21726e-05 7.13816e-05 0.000339187 0.00130567 0.00407143 0.0102845 0.0210469 0.0349002 0.0469083 0.0511466 0.0453554 0.0329918 0.0203147 0.0118443 0.00860818 0.00947735 0.0130399 0.0183768 0.0249337 0.0321991 0.0395409 0.0462227 0.0515239 0.0548917 0.0560578 0.0550856 0.0523241 0.0482974 0.0435656 0.0386079 0.0337572 0.0291943 0.0249828 0.0211229 0.0175975
pSPR Fmed_Fpbrs
0.546914   0.255389 0.255389
Fs Fmed_Fpbrs
0.340032   1.005 1.005
SSBpbr Bo_Bmed_Bpbrs
1.02306e+06  508374  210126 210126
Ro
30946
SPR SPRFo_SPRFmed_SPRFpbrs
636671 348204 162599
log_Ro
10.16
likeval ReclasPelacesDesembMPH_pf_preclas_ppelaces_ptallas_desvR_qrecl_qpela
 111.661 87.6849 0.376317 0.000691551 330.959 204.623 94.8375 0 19.0252 0 0 0 0 0 0
q_reclas_q_pelaces
1 1
M
0.7
N
 16383.6 18398.1 9136.2 4536.9 4475.36
 28536.6 7267.68 7290.41 3620.31 3571.2
 19867 11831.8 2515.93 2523.8 2489.57
 13931 5923.15 2117.85 450.344 897.376
 53027 5920.06 2154 770.176 490.11
 31065.8 25670.4 2793.85 1016.54 594.767
 87593.3 11668.4 7292.88 793.725 457.767
 50484.4 37742.2 4362.46 2726.58 467.893
 332160 19355.8 11172.3 1291.36 945.614
 30709.4 145040 7431.9 4289.74 858.913
 77455.3 13960.5 60360.7 3092.9 2142.69
 16814.2 30519.2 4364.66 18871.4 1636.87
 62287.7 6503.68 9194.9 1315 6178.78
 27328 21304.3 1532.13 2166.12 1765.37
 21757.4 7301.7 3062.72 220.259 565.194
 10377.2 6569.65 1340.61 562.321 144.211
 14874.8 4068.75 2033.8 415.019 218.725
 12507.9 5967.04 1318.5 659.065 205.369
 17740.5 5338.97 2189.34 483.766 317.165
 22682.6 7689.22 2019.73 828.226 302.992
 37500.9 9907.86 2954.34 776.019 434.635
 41037.5 17486.5 4338.17 1293.56 530.087
 47800.2 18795.8 7387.02 1832.62 770.385
 22448.9 21330.9 7537.45 2962.33 1043.85
pred_Ctot
 1265.51 2708.08 1344.79 667.804 658.744
 3422.87 1616.14 1621.2 805.064 794.142
 5878.47 5761.49 1225.13 1228.97 1212.29
 1458.17 1160.84 415.064 88.2599 175.871
 960.158 212.005 77.1378 27.581 17.5515
 5531.08 8155.14 887.569 322.941 188.949
 8403.54 2107.85 1317.43 143.383 82.6935
 8399.2 11291.6 1305.15 815.73 139.983
 29042.3 3204.06 1849.4 213.764 156.532
 1876.79 17065.2 874.427 504.725 101.059
 11658.9 3818.66 16510.7 846.011 586.097
 2712.11 8882.06 1270.25 5492.17 476.382
 14243.2 2564.38 3625.51 518.498 2436.27
 9404.68 11658.2 838.417 1185.35 966.054
 6309.66 3499.26 1467.77 105.557 270.863
 1592 1828.01 373.025 156.466 40.1267
 2081.28 1041.77 520.738 106.262 56.0027
 1274.29 1140.3 251.966 125.948 39.246
 1635.49 929.008 380.956 84.1778 55.1884
 1978.39 1269.89 333.562 136.783 50.0396
 1651.07 848.901 253.126 66.4889 37.2393
 2302.98 1895.23 470.182 140.2 57.4522
 3505.99 2633.61 1035.05 256.782 107.944
 2231.22 3983.16 1407.48 553.161 194.921
F
 0.112842 0.225685 0.225685 0.225685 0.225685
 0.180396 0.360793 0.360793 0.360793 0.360793
 0.510194 1.02039 1.02039 1.02039 1.02039
 0.155769 0.311539 0.311539 0.311539 0.311539
 0.0254622 0.0509244 0.0509244 0.0509244 0.0509244
 0.27922 0.558441 0.558441 0.558441 0.558441
 0.141926 0.283851 0.283851 0.283851 0.283851
 0.258671 0.517343 0.517343 0.517343 0.517343
 0.128605 0.257211 0.257211 0.257211 0.257211
 0.0883367 0.176673 0.176673 0.176673 0.176673
 0.231346 0.462693 0.462693 0.462693 0.462693
 0.249853 0.499706 0.499706 0.499706 0.499706
 0.372856 0.745712 0.745712 0.745712 0.745712
 0.619803 1.23961 1.23961 1.23961 1.23961
 0.497492 0.994984 0.994984 0.994984 0.994984
 0.236278 0.472555 0.472555 0.472555 0.472555
 0.213419 0.426837 0.426837 0.426837 0.426837
 0.151326 0.302651 0.302651 0.302651 0.302651
 0.136034 0.272068 0.272068 0.272068 0.272068
 0.128272 0.256543 0.256543 0.256543 0.256543
 0.0629376 0.125875 0.125875 0.125875 0.125875
 0.0808522 0.161704 0.161704 0.161704 0.161704
 0.106874 0.213749 0.213749 0.213749 0.213749
 0.147379 0.294759 0.294759 0.294759 0.294759
nmprior
 10 10 8 0
nm_flota  nm_reclas  nm_pelaces    nm_pelaL
inf 10.267 6.66818 9.74561
cv_recla  cv_pelaces  cv_mph
0.978312 1.10186 0.853199
 ------------------------------------------------
Talla a la edad & desviación 
 7.2 14.2025 17.0495 18.207 18.6776
 1.08 2.13037 2.55742 2.73105 2.80164
