    unsorted:	 1.646585259e-06 -2.503891516e-05 0.0008999966565 0.005115362398 0.9475360694 35.87473819 54.74007420 64.23421148 109.8185392 153.4506513 292.5862435 399.7749806 468.1328128 513.0563186 635.4987762 719.4750431 736.7160276 775.7279192 897.7496798 930.8994189 1040.216102 1110.740314 1237.904798 1286.381829 1341.731689 1517.121283 1712.799817 1800.538981 2013.443478 2158.502892 2305.264069 2509.514270 2945.592672 3235.835774 3501.086417 3678.820613 30363.11840 37502.07825 204603.1890 564766.1927 574325.0582 605919.8352 619275.4187 522175.2414 491493.3777 436566.7794 361376.1640 278404.0483 708801.6680 748560.8935 814312.2913 914373.9531 989159.3810 1136865.708 1314072.951 1417421.183 1497920.021 1649802.647 1954554.931 2069920.197 2377920.207 2500349.612 5966502.261
      sorted:	 -2.503891516e-05 1.646585259e-06 0.0008999966565 0.005115362398 0.9475360694 35.87473819 54.74007420 64.23421148 109.8185392 153.4506513 292.5862435 399.7749806 468.1328128 513.0563186 635.4987762 719.4750431 736.7160276 775.7279192 897.7496798 930.8994189 1040.216102 1110.740314 1237.904798 1286.381829 1341.731689 1517.121283 1712.799817 1800.538981 2013.443478 2158.502892 2305.264069 2509.514270 2945.592672 3235.835774 3501.086417 3678.820613 30363.11840 37502.07825 204603.1890 278404.0483 361376.1640 436566.7794 491493.3777 522175.2414 564766.1927 574325.0582 605919.8352 619275.4187 708801.6680 748560.8935 814312.2913 914373.9531 989159.3810 1136865.708 1314072.951 1417421.183 1497920.021 1649802.647 1954554.931 2069920.197 2377920.207 2500349.612 5966502.261
