years
 1997 1998 1999 2000 2001 2002 2003 2004 2005 2006 2007 2008 2009 2010 2011 2012 2013 2014 2015 2016 2017 2018 2019 2020
reclasobs
 0 0 0 370054 412103 1.49427e+06 250295 1.28982e+06 931140 785840 897777 1.04006e+06 184774 17550 25797 100020 73551 82996 120727 218422 84188 347160 605670 569463
reclaspred
 932842 145270 192251 116481 261127 267389 572059 468090 649642 983152 826418 544824 347204 150456 92922.1 87662.7 100784 119915 106915 182981 300097 269099 411110 326224
pelacesobs
 0 0 0 0 0 0 0 0 0 2.06254e+06 1.5e+06 0 1.87456e+06 323000 250000 174000 83755 137374 0 501740 490994 745055 786931 1.00524e+06
pelacespred
 842839 255305 102569 125106 253755 203626 573124 482664 665727 1.00407e+06 771401 529486 341771 119030 72093.8 73469.2 88464.2 107689 97599 162374 302417 264696 320594 305791
mphobs
 0 0 0 0 0 112323 0 153150 637223 0 255016 313432 73983 77613 109348 50772 0 0 0 0 0 0 0 0
mphpred
 1.144e+06 481205 265129 130970 179386 396687 471760 570140 609727 847907 1.29353e+06 935321 550261 299738 127532 98489.7 112771 140051 150281 152299 292709 377390 447680 517208
desembarqueobs
 350755 77701 442110 56441 14545 235359 269955 359681 431902 328805 639364 411747 362871 311530 167758 66681 60226 58785 57116 71774 51957 67425 138520 160799
desembarquepred
 350739 77674.1 441587 56423.6 14544.4 235296 269911 359322 431611 328625 638841 411510 362497 311220 167490 66646.7 60217.1 58757 57084.1 71730.4 51947.6 67395.9 138465 160747
Reclutas
 15085.6 27855.1 4651.11 24730.1 57163.4 23976 55360.2 77603.3 110144 200653 61348.1 31376.5 48737 21784.5 14806.5 16078.1 11321.5 10748.6 9959.67 30153.6 34722.4 39339.4 49291 18722.3
log_desv_Rt
 -0.658507 -0.0452295 -1.83514 -0.164223 0.673669 -0.19519 0.641616 0.979365 1.32955 1.92933 0.74432 0.0738146 0.514194 -0.291048 -0.67718 -0.594784 -0.945537 -0.997468 -1.0737 0.0340612 0.17514 0.299982 0.525497 -0.44253
SSB
 1.144e+06 481205 265129 130970 179386 396687 471760 570140 609727 847907 1.29353e+06 935321 550261 299738 127532 98489.7 112771 140051 150281 152299 292709 377390 447680 517208
BT
 1.73709e+06 616418 420497 285719 466224 547705 1.2174e+06 1.25611e+06 1.58355e+06 2.10378e+06 1.93673e+06 1.31823e+06 969539 511304 269393 186394 207180 240173 224462 349321 582648 537481 670131 685704
Ftot
 0.227044 0.392885 1.25105 0.562429 0.0742491 0.567553 0.469355 0.868012 0.785558 0.415196 0.520546 0.476577 0.831217 1.4294 1.58063 0.688593 0.51799 0.396514 0.389883 0.447746 0.157194 0.190916 0.245561 0.311055
BD_Bspro_t
 0.965729 0.772156 0.5554 0.245946 0.448415 0.691471 0.569537 0.573223 0.550834 0.582225 0.6483 0.494405 0.371055 0.275853 0.158369 0.154805 0.229689 0.346058 0.418182 0.480962 0.662427 0.764007 0.762257 0.727835
BD_Bspro
 1.90796 0.80255 0.442181 0.218431 0.299179 0.661593 0.786798 0.950876 1.0169 1.41413 2.15734 1.55992 0.917722 0.499901 0.212696 0.164261 0.188078 0.233576 0.250638 0.254003 0.488179 0.629409 0.746638 0.862597
BD_Bo
 1.25809 0.529195 0.29157 0.144032 0.197276 0.436248 0.518808 0.626999 0.670535 0.932468 1.42253 1.0286 0.605138 0.329631 0.14025 0.108312 0.124017 0.154018 0.165268 0.167487 0.321901 0.415027 0.492327 0.568789
BD_Brms
 4.21416 1.77262 0.976659 0.482456 0.660806 1.46128 1.73783 2.10023 2.24606 3.12344 4.76499 3.44545 2.027 1.10415 0.469789 0.362808 0.415415 0.515908 0.553592 0.561025 1.07826 1.3902 1.64912 1.90524
S_f
 0.150529 1 1 1 1
 0.150529 1 1 1 1
 0.150529 1 1 1 1
 0.150529 1 1 1 1
 0.150529 1 1 1 1
 0.150529 1 1 1 1
 0.150529 1 1 1 1
 0.150529 1 1 1 1
 0.150529 1 1 1 1
 0.150529 1 1 1 1
 0.150529 1 1 1 1
 0.150529 1 1 1 1
 0.150529 1 1 1 1
 0.150529 1 1 1 1
 0.150529 1 1 1 1
 0.150529 1 1 1 1
 0.150529 1 1 1 1
 0.150529 1 1 1 1
 0.150529 1 1 1 1
 0.150529 1 1 1 1
 0.150529 1 1 1 1
 0.150529 1 1 1 1
 0.150529 1 1 1 1
 0.150529 1 1 1 1
Scru_reclas
 1 1 1 1 1
 1 1 1 1 1
 1 1 1 1 1
 1 1 1 1 1
 1 1 1 1 1
 1 1 1 1 1
 1 1 1 1 1
 1 1 1 1 1
 1 1 1 1 1
 1 1 1 1 1
 1 1 1 1 1
 1 1 1 1 1
 1 1 1 1 1
 1 1 1 1 1
 1 1 1 1 1
 1 1 1 1 1
 1 1 1 1 1
 1 1 1 1 1
 1 1 1 1 1
 1 1 1 1 1
 1 1 1 1 1
 1 1 1 1 1
 1 1 1 1 1
 1 1 1 1 1
Scru_pelaces
 1 1 1 1 1
 1 1 1 1 1
 1 1 1 1 1
 1 1 1 1 1
 1 1 1 1 1
 1 1 1 1 1
 1 1 1 1 1
 1 1 1 1 1
 1 1 1 1 1
 1 1 1 1 1
 1 1 1 1 1
 1 1 1 1 1
 1 1 1 1 1
 1 1 1 1 1
 1 1 1 1 1
 1 1 1 1 1
 1 1 1 1 1
 1 1 1 1 1
 1 1 1 1 1
 1 1 1 1 1
 1 1 1 1 1
 1 1 1 1 1
 1 1 1 1 1
 1 1 1 1 1
pf_obs 
 0.256992 0.487395 0.22802 0.0275931 0
 0.321318 0.546541 0.124235 0.00734118 0.000564706
 0.182869 0.594174 0.210203 0.0122559 0.00049798
 0.330522 0.361315 0.267642 0.0388342 0.00168674
 0.649043 0.306663 0.0425973 0.00169635 0
 0.582887 0.30429 0.105238 0.00758474 0
 0.465427 0.430635 0.0974691 0.00646863 0
 0.296916 0.608066 0.0921331 0.00288517 0
 0.311714 0.524322 0.152257 0.0117073 0
 0.15457 0.633149 0.183074 0.0267441 0.00246327
 0.131901 0.49318 0.331252 0.0422183 0.00144891
 0.196976 0.569456 0.194076 0.0375587 0.00193317
 0.518974 0.381816 0.0799577 0.0180837 0.00116848
 0.0928022 0.601141 0.25162 0.0475244 0.00691264
 0.122501 0.610282 0.24278 0.0234846 0.000952079
 0.383417 0.481906 0.127806 0.00687128 0
 0.0376549 0.599619 0.316969 0.0457579 0
 0.0361596 0.667082 0.258105 0.0386534 0
 0.158088 0.579412 0.248529 0.0139706 0
 0.0477256 0.309471 0.559284 0.082774 0.000745712
 0.0406174 0.521527 0.379366 0.0568643 0.0016247
 0.151134 0.462217 0.34131 0.0453401 0
 0.294876 0.26143 0.354403 0.0886775 0.000613685
 0.281977 0.475581 0.204845 0.0348837 0.00271318
pf_pred 
 0.0527709 0.621571 0.287018 0.0386362 4.0986e-06
 0.163186 0.244581 0.388622 0.179451 0.0241589
 0.0471106 0.582131 0.108364 0.172183 0.0902115
 0.478667 0.201644 0.195302 0.0363556 0.088032
 0.410885 0.524103 0.0251457 0.0243548 0.0155115
 0.115072 0.732364 0.135728 0.00651202 0.0103242
 0.324855 0.360359 0.260516 0.0482809 0.00598898
 0.329568 0.537076 0.071179 0.0514577 0.0107195
 0.34942 0.543457 0.0858155 0.0113732 0.00993484
 0.377739 0.523534 0.0824712 0.0130228 0.00323355
 0.0898507 0.757003 0.128848 0.0202972 0.00400089
 0.0835951 0.420585 0.412391 0.0701924 0.0132368
 0.225987 0.335813 0.201112 0.197194 0.0398936
 0.153713 0.632257 0.0928591 0.0556117 0.0655595
 0.232563 0.552259 0.160759 0.0236105 0.0308092
 0.304305 0.573153 0.0881833 0.0256696 0.0086896
 0.186212 0.654288 0.131405 0.0202175 0.0078774
 0.192097 0.535292 0.21918 0.0440193 0.00941152
 0.184024 0.536333 0.185283 0.075866 0.0184943
 0.424065 0.371199 0.134571 0.0464893 0.0236759
 0.253701 0.641119 0.0677901 0.0245759 0.0128139
 0.211009 0.559324 0.197299 0.0208618 0.0115064
 0.220308 0.515184 0.187512 0.0661439 0.0108514
 0.0832484 0.622334 0.194538 0.0708061 0.0290741
pobs_RECLAS
 0 0 0 0 0
 0 0 0 0 0
 0 0 0 0 0
 0 0 0 0 0
 0.835266 0.146461 0.0176864 0.000547809 3.91292e-05
 0.385257 0.428462 0.181853 0.0044286 0
 0.867414 0.0963971 0.0333333 0.00285562 0
 0.441836 0.489002 0.0689373 0.000224442 0
 0.779404 0.147425 0.0564933 0.0165055 0.000172143
 0.814271 0.122319 0.05973 0.00367925 0
 0.40263 0.566651 0.0304383 0.000280538 0
 0.475488 0.404961 0.113038 0.00651328 0
 0.955842 0.0263864 0.0167828 0.000988607 0
 0.975058 0.0227948 0.00214734 0 0
 0.738997 0.206755 0.0527124 0.00153531 0
 0.850938 0.134255 0.0134407 0.00136685 0
 0.542534 0.407297 0.0501686 0 0
 0.764087 0.199537 0.0359546 0.000420521 0
 0.470689 0.182191 0.310203 0.0369168 0
 0.84361 0.089868 0.0606195 0.00523954 0.000663233
 0.607945 0.314616 0.071237 0.00620181 0
 0.523733 0.453247 0.0230204 0 0
 0.530135 0.295979 0.169645 0.0042399 0
 0.562478 0.366248 0.0663022 0.0049721 0
ppred_RECLAS
 0.272736 0.47723 0.220367 0.0296641 3.14682e-06
 0.570593 0.125506 0.19942 0.0920845 0.012397
 0.270476 0.445674 0.0829626 0.131822 0.0690652
 0.86392 0.0526339 0.0509784 0.00948967 0.0229785
 0.823051 0.157422 0.00755286 0.00731529 0.00465911
 0.473562 0.435679 0.0807436 0.00387396 0.00614182
 0.767414 0.124143 0.0897473 0.0166327 0.00206319
 0.778215 0.17767 0.0235467 0.0170227 0.00354612
 0.791598 0.174087 0.0274895 0.0036432 0.00318246
 0.805593 0.163563 0.0257657 0.00406858 0.00101023
 0.404763 0.49508 0.0842668 0.0132744 0.00261658
 0.384962 0.282272 0.276773 0.0471091 0.00888379
 0.674834 0.141076 0.0844881 0.082842 0.0167595
 0.583081 0.311478 0.0457466 0.0273968 0.0322976
 0.705025 0.212268 0.0617898 0.00907501 0.0118419
 0.75381 0.202825 0.0312059 0.00908384 0.00307504
 0.61177 0.312139 0.0626887 0.00964506 0.00375804
 0.618415 0.252827 0.103522 0.020791 0.0044452
 0.605735 0.259146 0.0895255 0.0366571 0.00893609
 0.834432 0.106711 0.038686 0.0133646 0.00680626
 0.694943 0.262063 0.0277099 0.0100456 0.00523779
 0.642347 0.253544 0.0894363 0.00945674 0.00521589
 0.655697 0.227499 0.0828031 0.0292084 0.00479184
 0.380764 0.420366 0.131404 0.0478272 0.0196386
pobs_PELACES
 0 0 0 0 0
 0 0 0 0 0
 0 0 0 0 0
 0 0 0 0 0
 0 0 0 0 0
 0 0 0 0 0
 0 0 0 0 0
 0 0 0 0 0
 0 0 0 0 0
 0 0 0 0 0
 0.450072 0.473896 0.0757376 0.000293798 0
 0 0 0 0 0
 0.463077 0.371075 0.160297 0.00555027 0
 0.529543 0.364841 0.0842815 0.0213345 0
 0.631943 0.363953 0.00410389 0 0
 0.735681 0.248677 0.0153453 0.000297389 0
 0.695825 0.281241 0.0229344 0 0
 0.275771 0.60734 0.115278 0.00161068 0
 0 0 0 0 0
 0.896147 0.0623911 0.0374545 0.00400742 0
 0.803859 0.145111 0.0509908 3.86294e-05 0
 0.739449 0.233085 0.0266225 0.000797448 4.60066e-05
 0.878498 0.100942 0.0204185 0.000141795 0
 0.694673 0.275183 0.0284847 0.00165964 0
ppred_PELACES
 0.285541 0.468827 0.216487 0.0291418 3.09142e-06
 0.597343 0.117687 0.186997 0.0863481 0.0116248
 0.344906 0.400204 0.0744984 0.118373 0.0620188
 0.881415 0.045867 0.0444243 0.00826963 0.0200242
 0.826062 0.154743 0.00742434 0.00719082 0.00457983
 0.513309 0.402784 0.0746473 0.00358147 0.0056781
 0.790068 0.112051 0.0810056 0.0150126 0.00186223
 0.817368 0.146304 0.0193898 0.0140175 0.00292009
 0.825605 0.145679 0.0230037 0.00304869 0.00266314
 0.823176 0.148769 0.0234353 0.0037006 0.00091886
 0.440351 0.46548 0.0792286 0.0124807 0.00246014
 0.417038 0.267551 0.262338 0.0446522 0.00842047
 0.723751 0.119854 0.0717781 0.0703796 0.0142382
 0.676149 0.241948 0.0355347 0.0212811 0.0250878
 0.788254 0.152375 0.0443554 0.00651444 0.00850064
 0.787859 0.174774 0.0268901 0.00782752 0.00264976
 0.645648 0.2849 0.0572183 0.0088034 0.0034301
 0.644277 0.235691 0.0965059 0.0193819 0.00414392
 0.631513 0.242202 0.083672 0.0342603 0.00835183
 0.851053 0.0959987 0.0348024 0.012023 0.006123
 0.704204 0.254108 0.0268687 0.00974069 0.00507879
 0.654547 0.244895 0.0863856 0.00913418 0.00503798
 0.671067 0.217344 0.0791068 0.0279045 0.00457793
 0.401526 0.406272 0.126998 0.0462236 0.0189801
pobs_pel_tallas
 0 0 0 0 0 0 0 0 0 0 0 0 0 0 0 0 0 0 0 0 0 0 0 0 0 0 0 0 0 0 0 0 0 0 0 0
 0 0 0 0 0 0 0 0 0 0 0 0 0 0 0 0 0 0 0 0 0 0 0 0 0 0 0 0 0 0 0 0 0 0 0 0
 0 0 0 0 0 0 0 0 0 0 0 0 0 0 0 0 0 0 0 0 0 0 0 0 0 0 0 0 0 0 0 0 0 0 0 0
 0 0 0 0 0 0 0 0 0 0 0 0 0 0 0 0 0 0 0 0 0 0 0 0 0 0 0 0 0 0 0 0 0 0 0 0
 0 0 0 0 0 0 0 0 0 0 0 0 0 0 0 0 0 0 0 0 0 0 0 0 0 0 0 0 0 0 0 0 0 0 0 0
 0 0 0 0 0 0 0 0 0 0 0 0 0 0 0 0 0 0 0 0 0 0 0 0 0 0 0 0 0 0 0 0 0 0 0 0
 0 0 0 0 0 0 0 0 0 0 0 0 0 0 0 0 0 0 0 0 0 0 0 0 0 0 0 0 0 0 0 0 0 0 0 0
 0 0 0 0 0 0 0 0 0 0 0 0 0 0 0 0 0 0 0 0 0 0 0 0 0 0 0 0 0 0 0 0 0 0 0 0
 0 0 0 0 0 0 0 0 0 0 0 0 0 0 0 0 0 0 0 0 0 0 0 0 0 0 0 0 0 0 0 0 0 0 0 0
 0 0 0 0 0 0 0 0 0 0 0 0 0 0 0 0 0 0 0 0 0 0 0 0 0 0 0 0 0 0 0 0 0 0 0 0
 0 0 0 0 0 0 0 0 1.78061e-05 0.00172719 0.00360574 0.0105946 0.0120993 0.0124554 0.0147524 0.0171206 0.0266825 0.0428682 0.0675386 0.121331 0.153587 0.119568 0.100827 0.0573624 0.0630603 0.0341343 0.0324427 0.0444173 0.0211091 0.0280891 0.0125444 0.00206551 0 0 0 0
 0 0 0 0 0 0 0 0 0 0 0 0 0 0 0 0 0 0 0 0 0 0 0 0 0 0 0 0 0 0 0 0 0 0 0 0
 0 0 0 0 0 0 0.0133647 0.0140871 0.0187388 0.0205184 0.03894 0.0496705 0.03968 0.0493445 0.0407372 0.0367815 0.0215668 0.0243155 0.0234873 0.0199281 0.019796 0.0243948 0.0301388 0.0376714 0.0412746 0.0863199 0.0771752 0.113111 0.0741005 0.0525337 0.0229764 0.00759418 0.00175318 0 0 0
 0 0 0 0 0 0 0 0 0 0 0.00219441 0.00772107 0.0458388 0.0604681 0.0671733 0.0775358 0.0609151 0.0617685 0.073594 0.0568108 0.0755445 0.0548602 0.0670107 0.0636378 0.0643287 0.046367 0.0373049 0.0286899 0.0247887 0.0153202 0.00654259 0.00121912 0.000365735 0 0 0
 0 0 0 0 0 0 0 0 0 0 0 0 0.000112435 0.00938835 0.0111873 0.0202946 0.0414886 0.0713402 0.111592 0.104902 0.108894 0.110636 0.117776 0.105296 0.107544 0.0401394 0.0192827 0.0124803 0.00416011 0.0028671 0.000618394 0 0 0 0 0
 0 0 0 0 0 0 0 0 0 0 0.00291406 0.0102884 0.027416 0.0768956 0.0749926 0.110853 0.0956884 0.0897413 0.0766577 0.0534642 0.0500743 0.0551293 0.0594112 0.0620874 0.0668451 0.0424026 0.0208742 0.0120726 0.0048766 0.00582813 0.00118941 0.000297354 0 0 0 0
 0 0.00264628 0.0354308 0.0461629 0.0458689 0.0383711 0.0214643 0.0164657 0.0346957 0.0420465 0.0363128 0.0245516 0.0311673 0.0291091 0.0169068 0.0133784 0.00837989 0.0085269 0.0148486 0.0160247 0.0276389 0.0546898 0.0760071 0.122758 0.109233 0.0665981 0.0333725 0.0166128 0.00676272 0.00308733 0.000882094 0 0 0 0 0
 0 0 0 0 0 0 0 0.000805153 0.000690131 0.00759144 0.0133425 0.0154129 0.00931677 0.000345066 0.00356568 0.00563607 0.00851162 0.0253048 0.0502646 0.0516448 0.0657925 0.0565908 0.0611916 0.0827007 0.0866115 0.110766 0.145733 0.0935128 0.0569358 0.0249597 0.0138026 0.00621118 0.00161031 0.00115022 0 0
 0 0 0 0 0 0 0 0 0 0 0 0 0 0 0 0 0 0 0 0 0 0 0 0 0 0 0 0 0 0 0 0 0 0 0 0
 0.00147267 0.00158595 0.00478618 0.00569244 0.00954404 0.0108468 0.00647125 0.017049 0.0510054 0.094081 0.124002 0.0959785 0.0687766 0.0820023 0.061753 0.0591476 0.0492212 0.0479892 0.0443925 0.0268479 0.0217502 0.0140895 0.0121071 0.0120363 0.00920419 0.00665534 0.0049561 0.00860946 0.00930331 0.0156896 0.0114698 0.00855282 0.00243557 0.00046729 0 2.83206e-05
 0 0 0 0 0.000772559 0.00158375 0.000888443 0.00281984 0.00712685 0.0440552 0.0773331 0.111326 0.0921469 0.0852325 0.0710754 0.0886704 0.0786465 0.0553345 0.0373146 0.0185414 0.00753245 0.00457741 0.012979 0.0271748 0.0457355 0.0583668 0.034881 0.0177882 0.00938659 0.00492506 0.0015258 0.00185414 0.000309023 5.79419e-05 3.86279e-05 0
 0 0.00173294 0.00326652 0 0.00397197 0.00683976 0.00946217 0.0152591 0.00757587 0.0136028 0.0228656 0.0392903 0.0559909 0.0764795 0.0681675 0.0726916 0.0566044 0.0477403 0.0527397 0.0444891 0.0609904 0.0582453 0.0661739 0.0445044 0.0529084 0.0360697 0.0280645 0.0235558 0.0158879 0.00826598 0.00280645 0.00217768 0.000904811 0.00058276 9.20147e-05 0
 0 0 0 0 0 0 0 0 0 0 0 0 0 0 0 0 0 0 0 0 0 0 0 0 0 0 0 0 0 0 0 0 0 0 0 0
 0 0 0 0 0 0 0 0 0 0 0 0 0 0 0 0 0 0 0 0 0 0 0 0 0 0 0 0 0 0 0 0 0 0 0 0
ppred_pel_tallas
 1.04228e-16 1.24831e-05 7.32037e-05 0.000347848 0.00133902 0.0041754 0.0105472 0.0215843 0.0357911 0.0481049 0.0524491 0.0465052 0.033817 0.0208008 0.0120893 0.00873277 0.00957054 0.0131534 0.0185405 0.0251685 0.0325214 0.0399607 0.0467389 0.0521189 0.0555264 0.0566701 0.0555917 0.0526256 0.0482926 0.0431645 0.0377475 0.0324145 0.0273931 0.0227937 0.0186548 0.014983
 1.06204e-16 2.60647e-05 0.000152972 0.00072715 0.00279955 0.00873011 0.0220515 0.0451204 0.0747921 0.100444 0.109304 0.096416 0.069023 0.0402949 0.0195849 0.00869115 0.00478941 0.00456212 0.00600044 0.00825585 0.011015 0.0141033 0.0173441 0.0205409 0.0234988 0.0260489 0.0280637 0.0294593 0.030188 0.0302297 0.0295866 0.0282863 0.0263887 0.0239914 0.0212287 0.0182608
 1.08154e-16 1.50683e-05 8.83888e-05 0.000420057 0.00161707 0.00504253 0.0127374 0.026065 0.0432156 0.0580676 0.063269 0.0559978 0.0404998 0.0244736 0.0134455 0.00860073 0.00845245 0.011185 0.0156441 0.0212049 0.0273897 0.0336595 0.0394012 0.044023 0.0470798 0.0483692 0.047965 0.0461717 0.0434239 0.0401645 0.0367462 0.0333825 0.0301517 0.02704 0.0239988 0.0209917
 1.01866e-16 3.84484e-05 0.000225683 0.00107284 0.00413057 0.0128809 0.0325359 0.0665714 0.110345 0.148176 0.161207 0.142107 0.10153 0.0588607 0.0278322 0.0110114 0.00413422 0.00221223 0.00221283 0.0028627 0.00374323 0.00471185 0.00568487 0.00658809 0.00735763 0.00794866 0.00834014 0.00853264 0.00854117 0.0083865 0.00808856 0.007664 0.00712791 0.00649726 0.00579406 0.00504634
 1.00618e-16 3.60391e-05 0.000211528 0.00100553 0.00387136 0.0120725 0.0304941 0.0623947 0.103425 0.138893 0.151133 0.133287 0.0953592 0.0555473 0.0267605 0.0114487 0.00565615 0.00473096 0.00581947 0.00766725 0.00976529 0.0118167 0.0135591 0.0147578 0.0152476 0.0149714 0.0139937 0.0124815 0.0106606 0.00876261 0.00697836 0.00543147 0.00417397 0.00319974 0.00246693 0.00192014
 1.0158e-16 2.24118e-05 0.000131501 0.000625015 0.00240621 0.00750342 0.0189534 0.0387833 0.0642963 0.0863741 0.0940606 0.0831309 0.0598628 0.0356526 0.018641 0.0104906 0.00888155 0.0110219 0.0151497 0.0203649 0.0260766 0.0316874 0.0365435 0.0400271 0.0416875 0.0413458 0.039133 0.0354455 0.0308385 0.0258932 0.0211013 0.0167974 0.0131456 0.0101699 0.00780568 0.00594968
 1.0179e-16 3.4468e-05 0.000202308 0.000961701 0.00370263 0.0115463 0.0291651 0.0596751 0.0989161 0.132836 0.144536 0.127453 0.0911537 0.0530337 0.0254323 0.010685 0.00500486 0.00394709 0.00480058 0.00640083 0.00831302 0.0103158 0.0122194 0.0138423 0.015036 0.0157113 0.0158516 0.0155053 0.0147649 0.0137388 0.0125287 0.0112157 0.0098593 0.0085029 0.00718147 0.00592699
 1.00942e-16 3.56597e-05 0.000209301 0.000994941 0.00383061 0.0119454 0.0301731 0.0617379 0.102336 0.13743 0.14954 0.131879 0.0943462 0.0549452 0.0264485 0.0112787 0.00552113 0.00457386 0.00561694 0.00741622 0.00947836 0.011522 0.0133001 0.0145889 0.0152275 0.0151532 0.0144147 0.0131553 0.0115735 0.00987499 0.00823069 0.00675331 0.00549394 0.00445432 0.00360675 0.00291308
 1.00604e-16 3.60188e-05 0.00021141 0.00100497 0.0038692 0.0120658 0.0304771 0.0623599 0.103367 0.138815 0.151046 0.133206 0.0952922 0.0554901 0.0266994 0.0113659 0.00553413 0.00455447 0.0055776 0.00735649 0.00939317 0.0114044 0.0131419 0.0143812 0.0149607 0.0148177 0.014002 0.0126592 0.0109921 0.00921154 0.00749528 0.00596275 0.00467087 0.00362532 0.00279959 0.00215375
 1.00552e-16 3.5913e-05 0.000210789 0.00100201 0.00385782 0.0120303 0.0303875 0.0621765 0.103063 0.138407 0.150603 0.132817 0.0950186 0.0553395 0.0266434 0.0113701 0.00557756 0.0046307 0.0056885 0.007506 0.00958323 0.0116328 0.0134012 0.0146591 0.0152414 0.0150841 0.0142381 0.0128528 0.0111358 0.00930353 0.00753835 0.00596328 0.00463731 0.00356682 0.00272502 0.00207101
 1.01821e-16 1.9233e-05 0.000112833 0.000536253 0.00206443 0.00643758 0.0162612 0.0332755 0.0551689 0.0741235 0.0807487 0.0714346 0.0515899 0.0310255 0.0167713 0.0103073 0.00969639 0.0125806 0.0174509 0.0234867 0.030072 0.0365323 0.0421157 0.0461096 0.0479958 0.0475703 0.044988 0.0407102 0.0353811 0.0296733 0.0241549 0.0192101 0.0150254 0.0116246 0.00892897 0.00681618
 1.05739e-16 1.82089e-05 0.000106838 0.000507788 0.0019549 0.00609605 0.0153983 0.0315086 0.0522349 0.0701683 0.0764051 0.0675092 0.0485757 0.0288566 0.0149596 0.00823296 0.00680015 0.00841945 0.0117128 0.0160335 0.0210135 0.0262916 0.0314475 0.0360429 0.0396973 0.0421546 0.0433157 0.0432284 0.0420453 0.039968 0.0372012 0.0339274 0.0303053 0.0264799 0.0225935 0.0187891
 1.04142e-16 3.15765e-05 0.000185332 0.000880992 0.00339188 0.0105773 0.0267173 0.0546668 0.0906151 0.12169 0.132414 0.116776 0.0835435 0.0486594 0.0234356 0.0100226 0.00496405 0.00420064 0.00525859 0.00707584 0.00925197 0.0115751 0.0138568 0.0159135 0.0175921 0.0187957 0.0194952 0.0197194 0.0195333 0.0190105 0.0182127 0.0171823 0.0159468 0.014531 0.0129687 0.011309
 1.02487e-16 2.95057e-05 0.000173164 0.000823118 0.00316901 0.00988223 0.0249618 0.0510759 0.0846665 0.113713 0.123762 0.109216 0.0782867 0.0459031 0.022678 0.0106716 0.00670132 0.00700114 0.00924538 0.0123693 0.0158611 0.0193308 0.0223866 0.0246632 0.0258949 0.0259749 0.0249772 0.0231282 0.0207426 0.0181445 0.0156006 0.0132828 0.0112649 0.009544 0.00807476 0.00680024
 1.01301e-16 3.43905e-05 0.000201849 0.000959512 0.00369419 0.01152 0.0290986 0.0595394 0.0986922 0.132538 0.144221 0.127196 0.0910133 0.0530401 0.0255993 0.0110345 0.00557896 0.0048022 0.00599002 0.00795301 0.0102101 0.0124783 0.0145014 0.0160433 0.0169276 0.0170753 0.01652 0.0153915 0.0138785 0.012181 0.0104694 0.0088612 0.00741779 0.00615533 0.00506309 0.00412019
 1.00832e-16 3.43741e-05 0.000201751 0.000959041 0.00369237 0.0115143 0.0290843 0.0595102 0.0986445 0.132476 0.144158 0.127151 0.0910062 0.0530853 0.0257128 0.011239 0.00590534 0.00528626 0.00666402 0.00883473 0.0112914 0.0137163 0.0158159 0.017322 0.018041 0.0178974 0.0169501 0.0153721 0.0134046 0.0112984 0.00926386 0.00744209 0.00589969 0.00464267 0.00363946 0.00284342
 1.01368e-16 2.81776e-05 0.000165362 0.000786019 0.00302615 0.00943672 0.0238366 0.0487739 0.0808522 0.108595 0.118205 0.104343 0.0748609 0.0440301 0.022005 0.010777 0.00733044 0.00808511 0.0108201 0.0144943 0.0185666 0.0225869 0.0260885 0.0286334 0.0299011 0.0297611 0.0283004 0.025792 0.0226207 0.01919 0.0158415 0.0128078 0.0102042 0.00805001 0.0063043 0.00490096
 1.02307e-16 2.81159e-05 0.000165004 0.000784328 0.00301966 0.00941648 0.0237854 0.0486688 0.0806767 0.108355 0.117934 0.10408 0.0746195 0.043783 0.0216881 0.0103057 0.0066129 0.00703227 0.00935901 0.0125879 0.0162364 0.0199312 0.0232881 0.0259385 0.0275983 0.0281275 0.0275541 0.0260527 0.0238899 0.0213547 0.0186995 0.016106 0.0136798 0.0114662 0.0094747 0.00770066
 1.02835e-16 2.75595e-05 0.000161738 0.000768796 0.00295986 0.00922999 0.0233143 0.047705 0.0790794 0.106211 0.115603 0.102028 0.0731625 0.0429553 0.0213288 0.0102193 0.00666878 0.0071739 0.00957389 0.0128794 0.0166086 0.0203826 0.0238104 0.0265177 0.0282186 0.0287759 0.0282243 0.0267471 0.0246189 0.0221326 0.0195393 0.0170136 0.0146502 0.0124823 0.0105087 0.00871845
 1.01225e-16 3.71265e-05 0.000217917 0.00103591 0.00398837 0.0124374 0.0314158 0.0642801 0.106548 0.143082 0.155678 0.137261 0.0981294 0.0570137 0.0271926 0.0111654 0.00483497 0.00339666 0.00391852 0.00514444 0.00661754 0.00812533 0.00950159 0.0105964 0.0112958 0.0115444 0.0113548 0.0107979 0.00998037 0.00901652 0.00800414 0.00701124 0.00607482 0.00520811 0.0044115 0.00368188
 1.01037e-16 3.07296e-05 0.000180347 0.000857268 0.00330049 0.0102923 0.0259975 0.0531951 0.0881794 0.118431 0.128897 0.113747 0.0815329 0.0478033 0.0236103 0.0110973 0.00694684 0.0072315 0.00952205 0.0127001 0.0162215 0.0196683 0.0226218 0.0246953 0.0256123 0.0252705 0.0237656 0.0213607 0.0184172 0.0153086 0.0123461 0.00973544 0.00756921 0.0058481 0.00451554 0.00349222
 1.01856e-16 2.85641e-05 0.000167635 0.000796831 0.00306779 0.00956659 0.0241645 0.0494446 0.0819629 0.110083 0.119816 0.105742 0.0758153 0.0444925 0.0220539 0.010502 0.0067657 0.00720859 0.00958647 0.0128709 0.0165619 0.0202685 0.0235896 0.0261432 0.0276398 0.0279441 0.0271003 0.0253082 0.0228642 0.0200866 0.0172512 0.014554 0.0121045 0.0099421 0.00806275 0.00644413
 1.02367e-16 2.92833e-05 0.000171859 0.000816922 0.00314516 0.00980787 0.024774 0.0506913 0.0840285 0.112854 0.122824 0.108378 0.0776639 0.0454942 0.022396 0.0104079 0.00636736 0.0065372 0.00861782 0.0115712 0.0149182 0.0183075 0.021385 0.0238132 0.025334 0.0258222 0.0253076 0.0239541 0.0220081 0.0197345 0.0173614 0.0150495 0.0128881 0.0109111 0.00912067 0.00750865
 1.04411e-16 1.75377e-05 0.000102885 0.000488973 0.00188241 0.00586997 0.0148274 0.0303414 0.0503041 0.0675866 0.0736255 0.0651285 0.0470259 0.0282623 0.0152464 0.0093285 0.0087469 0.0113625 0.0158198 0.0214014 0.0275864 0.0338045 0.039411 0.0437817 0.046443 0.0471742 0.0460474 0.0433865 0.0396683 0.0353993 0.0310105 0.0267991 0.0229211 0.0194231 0.0162895 0.0134854
pSPR Fmed_Fpbrs
0.535355   0.348538 0.348538
Fs Fmed_Fpbrs
0.462689   1.005 1.005
SSBpbr Bo_Bmed_Bpbrs
909315  441341  271466 271466
Ro
29143.9
SPR SPRFo_SPRFmed_SPRFpbrs
599594 320996 208982
log_Ro
10.1
likeval ReclasPelacesDesembMPH_pf_preclas_ppelaces_ptallas_desvR_qrecl_qpela
 88.4234 66.7052 0.0538486 0.000673427 302.206 164.808 81.693 0 22.9718 1.68162e-05 0 0 0 0 0
q_reclas_q_pelaces
0.559286 1
M
0.7
N
 15085.6 29068.8 13422.9 1806.89 0.191678
 27855.1 7239.57 11503.2 5311.73 715.102
 4651.11 13038.1 2427.05 3856.42 2020.48
 24730.1 1913.22 1853.04 344.945 835.255
 57163.4 11283.7 541.375 524.347 333.956
 23976 28071 5202.35 249.601 395.721
 55360.2 10931.2 7902.54 1464.56 181.671
 77603.3 25615.8 3394.87 2454.27 511.267
 110144 33816.5 5339.85 707.693 618.193
 200653 48596 7655.24 1208.81 300.149
 61348.1 93604.4 15932.3 2509.78 494.715
 31376.5 28168.6 27619.8 4701.12 886.533
 48737 14502.5 8685.28 8516.06 1722.85
 21784.5 21355.6 3136.49 1878.39 2214.39
 14806.5 8723.59 2539.38 372.956 486.668
 16078.1 5795.8 891.722 259.574 87.8705
 11321.5 7198.03 1445.62 222.419 86.6618
 10748.6 5200.39 2129.35 427.65 91.4334
 9959.67 5028.34 1737.11 711.275 173.391
 30153.6 4663.91 1690.81 584.112 297.474
 34722.4 13997.9 1480.1 536.58 279.772
 39339.4 16839.4 5940.02 628.081 346.42
 49291 18982 6908.88 2437.07 399.818
 18722.3 23588.9 7373.76 2683.83 1102.02
pred_Ctot
 365.24 4302.03 1986.52 267.41 0.0283673
 1154.31 1730.07 2748.96 1269.37 170.891
 580.42 7172.06 1335.08 2121.36 1111.44
 1450.82 611.174 591.95 110.192 266.821
 457.208 583.191 27.9806 27.1005 17.2603
 1418.92 9030.52 1673.61 80.2974 127.305
 2726.9 3024.93 2186.82 405.28 50.2727
 6887.57 11224.3 1487.56 1075.4 224.025
 8894.67 13834 2184.48 289.51 252.897
 8774.35 12161 1915.69 302.501 75.111
 3340.19 28141.5 4789.93 754.548 148.733
 1568.56 7891.79 7738.03 1317.08 248.374
 4152.14 6170.01 3695.11 3623.11 732.979
 3070.76 12630.8 1855.07 1110.97 1309.7
 2285.8 5428.01 1580.06 232.062 302.816
 1145.34 2157.22 331.902 96.6145 32.7057
 613.495 2155.62 432.927 66.6086 25.9529
 449.43 1252.37 512.795 102.988 22.0192
 409.657 1193.93 412.46 168.886 41.1702
 1418.92 1242.03 450.274 155.553 79.2195
 584.739 1477.67 156.245 56.6434 29.5338
 802.814 2128.03 750.653 79.372 43.7778
 1289.15 3014.63 1097.24 387.045 63.4974
 617.58 4616.8 1443.18 525.276 215.686
F
 0.0341767 0.227044 0.227044 0.227044 0.227044
 0.0591407 0.392885 0.392885 0.392885 0.392885
 0.188319 1.25105 1.25105 1.25105 1.25105
 0.084662 0.562429 0.562429 0.562429 0.562429
 0.0111767 0.0742491 0.0742491 0.0742491 0.0742491
 0.0854333 0.567553 0.567553 0.567553 0.567553
 0.0706517 0.469355 0.469355 0.469355 0.469355
 0.130661 0.868012 0.868012 0.868012 0.868012
 0.11825 0.785558 0.785558 0.785558 0.785558
 0.0624991 0.415196 0.415196 0.415196 0.415196
 0.0783574 0.520546 0.520546 0.520546 0.520546
 0.0717389 0.476577 0.476577 0.476577 0.476577
 0.125123 0.831217 0.831217 0.831217 0.831217
 0.215166 1.4294 1.4294 1.4294 1.4294
 0.237931 1.58063 1.58063 1.58063 1.58063
 0.103653 0.688593 0.688593 0.688593 0.688593
 0.0779727 0.51799 0.51799 0.51799 0.51799
 0.059687 0.396514 0.396514 0.396514 0.396514
 0.0586889 0.389883 0.389883 0.389883 0.389883
 0.0673989 0.447746 0.447746 0.447746 0.447746
 0.0236623 0.157194 0.157194 0.157194 0.157194
 0.0287384 0.190916 0.190916 0.190916 0.190916
 0.0369641 0.245561 0.245561 0.245561 0.245561
 0.0468229 0.311055 0.311055 0.311055 0.311055
nmprior
 10 10 8 0
nm_flota  nm_reclas  nm_pelaces    nm_pelaL
inf 29.5916 21.8099 40.4003
cv_recla  cv_pelaces  cv_mph
0.870583 0.961046 0.841945
 ------------------------------------------------
Talla a la edad & desviación 
 7.2 14.2025 17.0495 18.207 18.6776
 1.08 2.13037 2.55742 2.73105 2.80164
