    unsorted:	 0.0009104722307 0.0008999963004 0.6331799492 1.216291203 3.500255391 24.30851790 35.64380668 39.23744894 72.10894837 196.2432500 126.6591645 131.9014642 230.1257360 305.9525844 360.7117502 446.5005450 485.4942627 539.1696826 618.3270108 607.1284733 718.9325642 728.2643774 788.9378240 820.0893806 846.6203831 862.1630275 898.2765252 913.8261452 923.6052677 974.6148583 1001.459331 1057.720806 1168.450933 1204.749880 1421.282565 1429.676215 1749.559604 5387.200478 203656.3263 216584.0010 284216.2228 346872.5100 409781.2064 480763.9086 501420.6913 621036.0202 649278.6044 761910.0705 841677.6505 883436.8609 955589.0632 1096374.963 1200636.560 1342885.092 1528657.923 1707681.619 1866392.018 2119076.505 2267380.093 2418379.560 2479534.920 2723968.230 3056814.882
      sorted:	 0.0008999963004 0.0009104722307 0.6331799492 1.216291203 3.500255391 24.30851790 35.64380668 39.23744894 72.10894837 126.6591645 131.9014642 196.2432500 230.1257360 305.9525844 360.7117502 446.5005450 485.4942627 539.1696826 607.1284733 618.3270108 718.9325642 728.2643774 788.9378240 820.0893806 846.6203831 862.1630275 898.2765252 913.8261452 923.6052677 974.6148583 1001.459331 1057.720806 1168.450933 1204.749880 1421.282565 1429.676215 1749.559604 5387.200478 203656.3263 216584.0010 284216.2228 346872.5100 409781.2064 480763.9086 501420.6913 621036.0202 649278.6044 761910.0705 841677.6505 883436.8609 955589.0632 1096374.963 1200636.560 1342885.092 1528657.923 1707681.619 1866392.018 2119076.505 2267380.093 2418379.560 2479534.920 2723968.230 3056814.882
