    unsorted:	 -4.740539885e-06 0.0008999977373 0.002972718630 1.218433121 27.28373847 30.69217840 17.12187270 64.77784898 107.1495344 135.0535467 300.7297257 326.7632321 395.7338601 475.2814366 558.1668541 613.4938602 660.8749510 728.8569347 777.0984212 801.6867807 859.9810089 903.1975746 905.8244933 994.2636978 1038.937369 1096.731251 1182.567920 1236.781250 1267.360285 1294.468215 1386.407351 1536.449654 1664.233245 1870.436270 1983.020387 2299.550076 2589.622188 33784.87086 204387.8568 213317.4872 440749.3426 458104.8729 495838.6101 568112.0897 644019.6267 674113.9639 718512.0890 748033.4852 797086.0985 827178.1365 975126.7685 1069787.861 1200080.779 1329511.702 1472573.901 1591277.603 1676273.393 1781453.301 2048169.367 2177258.897 2402227.632 2482439.706 6115404.737
      sorted:	 -4.740539885e-06 0.0008999977373 0.002972718630 1.218433121 17.12187270 27.28373847 30.69217840 64.77784898 107.1495344 135.0535467 300.7297257 326.7632321 395.7338601 475.2814366 558.1668541 613.4938602 660.8749510 728.8569347 777.0984212 801.6867807 859.9810089 903.1975746 905.8244933 994.2636978 1038.937369 1096.731251 1182.567920 1236.781250 1267.360285 1294.468215 1386.407351 1536.449654 1664.233245 1870.436270 1983.020387 2299.550076 2589.622188 33784.87086 204387.8568 213317.4872 440749.3426 458104.8729 495838.6101 568112.0897 644019.6267 674113.9639 718512.0890 748033.4852 797086.0985 827178.1365 975126.7685 1069787.861 1200080.779 1329511.702 1472573.901 1591277.603 1676273.393 1781453.301 2048169.367 2177258.897 2402227.632 2482439.706 6115404.737
