years
 1997 1998 1999 2000 2001 2002 2003 2004 2005 2006 2007 2008 2009 2010 2011 2012 2013 2014 2015 2016 2017 2018 2019 2020
reclasobs
 0 0 0 370054 412103 1.49427e+06 250295 1.28982e+06 931140 785840 897777 1.04006e+06 184774 17550 25797 100020 73551 82996 120727 218422 84188 347160 605670 569463
reclaspred
 684660 154816 351395 198349 325238 401309 847645 617199 716324 821210 730179 499133 307325 125773 71360.8 69137.3 82050.6 103373 109681 147892 229174 220826 367755 385701
pelacesobs
 0 0 0 0 0 0 0 0 0 2.06254e+06 1.5e+06 0 1.87456e+06 323000 250000 174000 83755 137374 0 501740 490994 745055 786931 1.00524e+06
pelacespred
 2.30849e+06 523908 613418 602912 904655 776544 2.28639e+06 1.79022e+06 1.99033e+06 2.28203e+06 1.66471e+06 1.20401e+06 763368 242518 148237 146995 181605 237668 244786 337639 611303 536375 698205 858392
mphobs
 0 0 0 0 0 112323 0 153150 637223 0 255016 313432 73983 77613 109348 50772 0 0 0 0 0 0 0 0
mphpred
 190875 95652.2 93279.5 74747.8 79949.8 142068 188516 243489 219639 248649 289314 197575 124231 65885.3 27751.8 21758.1 24321.8 30486.2 35778.5 40592.9 62021.8 77703.8 96560.7 124879
desembarqueobs
 350755 77701 442110 56441 14545 235359 269955 359681 431902 328805 639364 411747 362871 311530 167758 66681 60226 58785 57116 71774 51957 67425 138520 160799
desembarquepred
 350762 77686 441958 56441.3 14545.3 235399 269986 359530 431805 328730 638961 411581 362713 311379 167461 66653 60232.9 58755.1 57084.6 71754.3 51953.4 67398.6 138496 160785
Reclutas
 32052.9 42841.2 16512.8 24501.6 51503.5 31925.2 67777.3 70415.2 92442.9 124247 62986.1 47383.9 49604.8 26305.7 14311.7 12761.7 9060.62 9669.67 11100.7 17159.4 22725.3 29424.4 42046.4 35602.1
log_desv_Rt
 0.0351416 0.325256 -0.62811 -0.233505 0.509404 0.03115 0.783983 0.822164 1.09435 1.39003 0.710669 0.426039 0.471843 -0.162458 -0.771166 -0.885795 -1.22831 -1.16325 -1.02524 -0.589697 -0.308765 -0.0504199 0.306529 0.14016
SSB
 544829 273027 266255 213358 228207 405516 538095 695010 626931 709738 825811 563954 354603 188062 79214 62105.7 69423.6 87019.1 102125 115867 177034 221796 275621 356451
BT
 1.53247e+06 403487 567536 376535 494932 578524 1.43692e+06 1.34707e+06 1.47404e+06 1.53631e+06 1.43461e+06 1.00574e+06 760431 417396 217256 133436 144913 173762 175705 236742 368008 337818 455532 574847
Ftot
 0.568055 0.620936 1.19459 0.33132 0.0607227 0.561242 0.400519 0.706573 0.775819 0.520528 0.882288 0.848047 1.35435 2.46272 2.72982 1.16314 0.868206 0.664109 0.570077 0.588301 0.271261 0.330402 0.398245 0.436487
BD_Bspro_t
 0.927761 0.66216 0.554113 0.330665 0.470819 0.667093 0.590995 0.617063 0.554399 0.537246 0.541485 0.376348 0.277786 0.18784 0.0992075 0.0960004 0.143985 0.231462 0.31224 0.397975 0.531848 0.648822 0.660209 0.647188
BD_Bspro
 0.855746 0.428836 0.418198 0.335115 0.358438 0.636931 0.845168 1.09163 0.984702 1.11476 1.29708 0.885784 0.556964 0.295383 0.124419 0.0975475 0.109042 0.136678 0.160405 0.181989 0.278061 0.348368 0.432909 0.559867
BD_Bo
 0.672546 0.337029 0.328669 0.263373 0.281702 0.500575 0.664233 0.857932 0.773895 0.876112 1.0194 0.696154 0.437728 0.232146 0.0977831 0.0766643 0.0856976 0.107418 0.126065 0.143029 0.218533 0.273788 0.340231 0.440009
BD_Brms
 2.24714 1.12609 1.09816 0.879991 0.941234 1.67254 2.21936 2.86655 2.58576 2.9273 3.40604 2.32601 1.46255 0.775655 0.326716 0.256153 0.286336 0.358908 0.421213 0.477892 0.730171 0.914792 1.13679 1.47017
S_f
 0.148145 1 1 1 1
 0.148145 1 1 1 1
 0.148145 1 1 1 1
 0.148145 1 1 1 1
 0.148145 1 1 1 1
 0.148145 1 1 1 1
 0.148145 1 1 1 1
 0.148145 1 1 1 1
 0.148145 1 1 1 1
 0.148145 1 1 1 1
 0.148145 1 1 1 1
 0.148145 1 1 1 1
 0.148145 1 1 1 1
 0.148145 1 1 1 1
 0.148145 1 1 1 1
 0.148145 1 1 1 1
 0.148145 1 1 1 1
 0.148145 1 1 1 1
 0.148145 1 1 1 1
 0.148145 1 1 1 1
 0.148145 1 1 1 1
 0.148145 1 1 1 1
 0.148145 1 1 1 1
 0.148145 1 1 1 1
Scru_reclas
 0.62242 0.99806 0.999994 1 1
 0.62242 0.99806 0.999994 1 1
 0.62242 0.99806 0.999994 1 1
 0.62242 0.99806 0.999994 1 1
 0.62242 0.99806 0.999994 1 1
 0.62242 0.99806 0.999994 1 1
 0.62242 0.99806 0.999994 1 1
 0.62242 0.99806 0.999994 1 1
 0.62242 0.99806 0.999994 1 1
 0.62242 0.99806 0.999994 1 1
 0.62242 0.99806 0.999994 1 1
 0.62242 0.99806 0.999994 1 1
 0.62242 0.99806 0.999994 1 1
 0.62242 0.99806 0.999994 1 1
 0.62242 0.99806 0.999994 1 1
 0.62242 0.99806 0.999994 1 1
 0.62242 0.99806 0.999994 1 1
 0.62242 0.99806 0.999994 1 1
 0.62242 0.99806 0.999994 1 1
 0.62242 0.99806 0.999994 1 1
 0.62242 0.99806 0.999994 1 1
 0.62242 0.99806 0.999994 1 1
 0.62242 0.99806 0.999994 1 1
 0.62242 0.99806 0.999994 1 1
Scru_pelaces
 0.850771 1 1 1 1
 0.850771 1 1 1 1
 0.850771 1 1 1 1
 0.850771 1 1 1 1
 0.850771 1 1 1 1
 0.850771 1 1 1 1
 0.850771 1 1 1 1
 0.850771 1 1 1 1
 0.850771 1 1 1 1
 0.850771 1 1 1 1
 0.850771 1 1 1 1
 0.850771 1 1 1 1
 0.850771 1 1 1 1
 0.850771 1 1 1 1
 0.850771 1 1 1 1
 0.850771 1 1 1 1
 0.850771 1 1 1 1
 0.850771 1 1 1 1
 0.850771 1 1 1 1
 0.850771 1 1 1 1
 0.850771 1 1 1 1
 0.850771 1 1 1 1
 0.850771 1 1 1 1
 0.850771 1 1 1 1
pf_obs 
 0.256992 0.487395 0.22802 0.0275931 0
 0.321318 0.546541 0.124235 0.00734118 0.000564706
 0.182869 0.594174 0.210203 0.0122559 0.00049798
 0.330522 0.361315 0.267642 0.0388342 0.00168674
 0.649043 0.306663 0.0425973 0.00169635 0
 0.582887 0.30429 0.105238 0.00758474 0
 0.465427 0.430635 0.0974691 0.00646863 0
 0.296916 0.608066 0.0921331 0.00288517 0
 0.311714 0.524322 0.152257 0.0117073 0
 0.15457 0.633149 0.183074 0.0267441 0.00246327
 0.131901 0.49318 0.331252 0.0422183 0.00144891
 0.196976 0.569456 0.194076 0.0375587 0.00193317
 0.518974 0.381816 0.0799577 0.0180837 0.00116848
 0.0928022 0.601141 0.25162 0.0475244 0.00691264
 0.122501 0.610282 0.24278 0.0234846 0.000952079
 0.383417 0.481906 0.127806 0.00687128 0
 0.0376549 0.599619 0.316969 0.0457579 0
 0.0361596 0.667082 0.258105 0.0386534 0
 0.158088 0.579412 0.248529 0.0139706 0
 0.0477256 0.309471 0.559284 0.082774 0.000745712
 0.0406174 0.521527 0.379366 0.0568643 0.0016247
 0.151134 0.462217 0.34131 0.0453401 0
 0.294876 0.26143 0.354403 0.0886775 0.000613685
 0.281977 0.475581 0.204845 0.0348837 0.00271318
pf_pred 
 0.234998 0.5314 0.207011 0.026581 9.79006e-06
 0.283618 0.525381 0.132677 0.0516853 0.00663903
 0.128074 0.68418 0.13769 0.0347714 0.0152854
 0.278852 0.467879 0.198734 0.0399948 0.01454
 0.336946 0.50008 0.105737 0.0449123 0.0123244
 0.1507 0.661865 0.141365 0.0298901 0.0161799
 0.327698 0.412049 0.202817 0.0433187 0.0141173
 0.251945 0.5986 0.0915999 0.0450869 0.0127682
 0.303081 0.532671 0.131432 0.0201122 0.012703
 0.305622 0.564462 0.0992984 0.024501 0.00611728
 0.149211 0.675203 0.142734 0.0251094 0.0077424
 0.181971 0.53156 0.227347 0.04806 0.0110615
 0.277399 0.504317 0.141842 0.0606655 0.0157761
 0.248362 0.632108 0.0834223 0.0234631 0.0126447
 0.310911 0.619795 0.0582746 0.00769078 0.00332881
 0.354313 0.604084 0.0374186 0.00351819 0.000665281
 0.228016 0.67276 0.0928307 0.00575019 0.000642882
 0.256841 0.561957 0.157912 0.0217895 0.0015006
 0.261316 0.565044 0.131302 0.0368964 0.00544177
 0.319593 0.51728 0.124781 0.0289961 0.00934974
 0.278181 0.584343 0.104517 0.0252121 0.0077478
 0.253265 0.558544 0.152349 0.0272494 0.00859324
 0.27369 0.529488 0.14722 0.0401557 0.00944731
 0.191518 0.610945 0.144007 0.0400399 0.0134907
pobs_RECLAS
 0 0 0 0 0
 0 0 0 0 0
 0 0 0 0 0
 0 0 0 0 0
 0.835266 0.146461 0.0176864 0.000547809 3.91292e-05
 0.385257 0.428462 0.181853 0.0044286 0
 0.867414 0.0963971 0.0333333 0.00285562 0
 0.441836 0.489002 0.0689373 0.000224442 0
 0.779404 0.147425 0.0564933 0.0165055 0.000172143
 0.814271 0.122319 0.05973 0.00367925 0
 0.40263 0.566651 0.0304383 0.000280538 0
 0.475488 0.404961 0.113038 0.00651328 0
 0.955842 0.0263864 0.0167828 0.000988607 0
 0.975058 0.0227948 0.00214734 0 0
 0.738997 0.206755 0.0527124 0.00153531 0
 0.850938 0.134255 0.0134407 0.00136685 0
 0.542534 0.407297 0.0501686 0 0
 0.764087 0.199537 0.0359546 0.000420521 0
 0.470689 0.182191 0.310203 0.0369168 0
 0.84361 0.089868 0.0606195 0.00523954 0.000663233
 0.607945 0.314616 0.071237 0.00620181 0
 0.523733 0.453247 0.0230204 0 0
 0.530135 0.295979 0.169645 0.0042399 0
 0.562478 0.366248 0.0663022 0.0049721 0
ppred_RECLAS
 0.573735 0.295925 0.115503 0.0148312 5.46247e-06
 0.635512 0.26717 0.0676003 0.0263344 0.00338269
 0.409105 0.463468 0.0934527 0.0236001 0.0103746
 0.624146 0.243687 0.103708 0.0208712 0.00758765
 0.682025 0.239705 0.0507814 0.0215698 0.00591899
 0.437286 0.43834 0.0938042 0.0198341 0.0107364
 0.677882 0.197276 0.0972902 0.0207799 0.00677206
 0.599407 0.320433 0.0491289 0.0241822 0.00684818
 0.66058 0.259308 0.064106 0.0098098 0.00619593
 0.657599 0.278237 0.0490415 0.0121006 0.00302122
 0.442703 0.442105 0.0936398 0.0164729 0.00507938
 0.500831 0.324143 0.138904 0.0293637 0.00675836
 0.649275 0.244634 0.0689382 0.0294848 0.00766753
 0.661409 0.284658 0.0376405 0.0105867 0.00570538
 0.73894 0.234763 0.0221157 0.00291873 0.00126332
 0.720365 0.261585 0.0162347 0.00152644 0.000288645
 0.571891 0.372991 0.0515668 0.00319421 0.000357118
 0.604532 0.298901 0.0841551 0.0116122 0.000799711
 0.607923 0.299776 0.0697955 0.0196129 0.00289267
 0.673443 0.24815 0.0599762 0.0139371 0.00449399
 0.622405 0.305566 0.05476 0.0132096 0.00405937
 0.592955 0.304313 0.0831655 0.0148752 0.00469099
 0.619336 0.277362 0.0772677 0.0210757 0.00495842
 0.506429 0.3728 0.0880437 0.0244799 0.00824807
pobs_PELACES
 0 0 0 0 0
 0 0 0 0 0
 0 0 0 0 0
 0 0 0 0 0
 0 0 0 0 0
 0 0 0 0 0
 0 0 0 0 0
 0 0 0 0 0
 0 0 0 0 0
 0 0 0 0 0
 0.450072 0.473896 0.0757376 0.000293798 0
 0 0 0 0 0
 0.463077 0.371075 0.160297 0.00555027 0
 0.529543 0.364841 0.0842815 0.0213345 0
 0.631943 0.363953 0.00410389 0 0
 0.735681 0.248677 0.0153453 0.000297389 0
 0.695825 0.281241 0.0229344 0 0
 0.275771 0.60734 0.115278 0.00161068 0
 0 0 0 0 0
 0.896147 0.0623911 0.0374545 0.00400742 0
 0.803859 0.145111 0.0509908 3.86294e-05 0
 0.739449 0.233085 0.0266225 0.000797448 4.60066e-05
 0.878498 0.100942 0.0204185 0.000141795 0
 0.694673 0.275183 0.0284847 0.00165964 0
ppred_PELACES
 0.683082 0.220144 0.0857588 0.0110118 4.05574e-06
 0.739157 0.191297 0.048309 0.0188192 0.00241735
 0.569338 0.33793 0.0680078 0.0171743 0.00754977
 0.713325 0.185994 0.079002 0.015899 0.00578004
 0.748612 0.189598 0.0400887 0.0170279 0.00467264
 0.553939 0.347618 0.0742461 0.0156986 0.00849785
 0.76278 0.14539 0.0715634 0.0152849 0.00498126
 0.713531 0.229235 0.0350784 0.0172661 0.00488962
 0.767637 0.177601 0.0438214 0.00670572 0.00423538
 0.752108 0.201512 0.0354493 0.00874682 0.00218386
 0.581469 0.332154 0.0702157 0.0123521 0.00380874
 0.634828 0.237291 0.101489 0.0214542 0.00493791
 0.787136 0.148562 0.0417839 0.0178709 0.00464731
 0.841945 0.13292 0.0175421 0.00493381 0.00265893
 0.892701 0.0965093 0.00907403 0.00119754 0.000518334
 0.829764 0.159267 0.00986546 0.000927574 0.000175402
 0.699406 0.261959 0.0361464 0.002239 0.000250325
 0.715476 0.215149 0.0604578 0.00834227 0.000574516
 0.712977 0.219553 0.0510188 0.0143365 0.00211445
 0.768565 0.175949 0.0424434 0.00986278 0.00318024
 0.708266 0.236171 0.042242 0.0101898 0.00313138
 0.685712 0.235082 0.0641209 0.0114688 0.00361675
 0.712958 0.209257 0.0581821 0.0158698 0.00373364
 0.61289 0.292527 0.0689521 0.0191715 0.00645951
pobs_pel_tallas
 0 0 0 0 0 0 0 0 0 0 0 0 0 0 0 0 0 0 0 0 0 0 0 0 0 0 0 0 0 0 0 0 0 0 0 0
 0 0 0 0 0 0 0 0 0 0 0 0 0 0 0 0 0 0 0 0 0 0 0 0 0 0 0 0 0 0 0 0 0 0 0 0
 0 0 0 0 0 0 0 0 0 0 0 0 0 0 0 0 0 0 0 0 0 0 0 0 0 0 0 0 0 0 0 0 0 0 0 0
 0 0 0 0 0 0 0 0 0 0 0 0 0 0 0 0 0 0 0 0 0 0 0 0 0 0 0 0 0 0 0 0 0 0 0 0
 0 0 0 0 0 0 0 0 0 0 0 0 0 0 0 0 0 0 0 0 0 0 0 0 0 0 0 0 0 0 0 0 0 0 0 0
 0 0 0 0 0 0 0 0 0 0 0 0 0 0 0 0 0 0 0 0 0 0 0 0 0 0 0 0 0 0 0 0 0 0 0 0
 0 0 0 0 0 0 0 0 0 0 0 0 0 0 0 0 0 0 0 0 0 0 0 0 0 0 0 0 0 0 0 0 0 0 0 0
 0 0 0 0 0 0 0 0 0 0 0 0 0 0 0 0 0 0 0 0 0 0 0 0 0 0 0 0 0 0 0 0 0 0 0 0
 0 0 0 0 0 0 0 0 0 0 0 0 0 0 0 0 0 0 0 0 0 0 0 0 0 0 0 0 0 0 0 0 0 0 0 0
 0 0 0 0 0 0 0 0 0 0 0 0 0 0 0 0 0 0 0 0 0 0 0 0 0 0 0 0 0 0 0 0 0 0 0 0
 0 0 0 0 0 0 0 0 1.78061e-05 0.00172719 0.00360574 0.0105946 0.0120993 0.0124554 0.0147524 0.0171206 0.0266825 0.0428682 0.0675386 0.121331 0.153587 0.119568 0.100827 0.0573624 0.0630603 0.0341343 0.0324427 0.0444173 0.0211091 0.0280891 0.0125444 0.00206551 0 0 0 0
 0 0 0 0 0 0 0 0 0 0 0 0 0 0 0 0 0 0 0 0 0 0 0 0 0 0 0 0 0 0 0 0 0 0 0 0
 0 0 0 0 0 0 0.0133647 0.0140871 0.0187388 0.0205184 0.03894 0.0496705 0.03968 0.0493445 0.0407372 0.0367815 0.0215668 0.0243155 0.0234873 0.0199281 0.019796 0.0243948 0.0301388 0.0376714 0.0412746 0.0863199 0.0771752 0.113111 0.0741005 0.0525337 0.0229764 0.00759418 0.00175318 0 0 0
 0 0 0 0 0 0 0 0 0 0 0.00219441 0.00772107 0.0458388 0.0604681 0.0671733 0.0775358 0.0609151 0.0617685 0.073594 0.0568108 0.0755445 0.0548602 0.0670107 0.0636378 0.0643287 0.046367 0.0373049 0.0286899 0.0247887 0.0153202 0.00654259 0.00121912 0.000365735 0 0 0
 0 0 0 0 0 0 0 0 0 0 0 0 0.000112435 0.00938835 0.0111873 0.0202946 0.0414886 0.0713402 0.111592 0.104902 0.108894 0.110636 0.117776 0.105296 0.107544 0.0401394 0.0192827 0.0124803 0.00416011 0.0028671 0.000618394 0 0 0 0 0
 0 0 0 0 0 0 0 0 0 0 0.00291406 0.0102884 0.027416 0.0768956 0.0749926 0.110853 0.0956884 0.0897413 0.0766577 0.0534642 0.0500743 0.0551293 0.0594112 0.0620874 0.0668451 0.0424026 0.0208742 0.0120726 0.0048766 0.00582813 0.00118941 0.000297354 0 0 0 0
 0 0.00264628 0.0354308 0.0461629 0.0458689 0.0383711 0.0214643 0.0164657 0.0346957 0.0420465 0.0363128 0.0245516 0.0311673 0.0291091 0.0169068 0.0133784 0.00837989 0.0085269 0.0148486 0.0160247 0.0276389 0.0546898 0.0760071 0.122758 0.109233 0.0665981 0.0333725 0.0166128 0.00676272 0.00308733 0.000882094 0 0 0 0 0
 0 0 0 0 0 0 0 0.000805153 0.000690131 0.00759144 0.0133425 0.0154129 0.00931677 0.000345066 0.00356568 0.00563607 0.00851162 0.0253048 0.0502646 0.0516448 0.0657925 0.0565908 0.0611916 0.0827007 0.0866115 0.110766 0.145733 0.0935128 0.0569358 0.0249597 0.0138026 0.00621118 0.00161031 0.00115022 0 0
 0 0 0 0 0 0 0 0 0 0 0 0 0 0 0 0 0 0 0 0 0 0 0 0 0 0 0 0 0 0 0 0 0 0 0 0
 0.00147267 0.00158595 0.00478618 0.00569244 0.00954404 0.0108468 0.00647125 0.017049 0.0510054 0.094081 0.124002 0.0959785 0.0687766 0.0820023 0.061753 0.0591476 0.0492212 0.0479892 0.0443925 0.0268479 0.0217502 0.0140895 0.0121071 0.0120363 0.00920419 0.00665534 0.0049561 0.00860946 0.00930331 0.0156896 0.0114698 0.00855282 0.00243557 0.00046729 0 2.83206e-05
 0 0 0 0 0.000772559 0.00158375 0.000888443 0.00281984 0.00712685 0.0440552 0.0773331 0.111326 0.0921469 0.0852325 0.0710754 0.0886704 0.0786465 0.0553345 0.0373146 0.0185414 0.00753245 0.00457741 0.012979 0.0271748 0.0457355 0.0583668 0.034881 0.0177882 0.00938659 0.00492506 0.0015258 0.00185414 0.000309023 5.79419e-05 3.86279e-05 0
 0 0.00173294 0.00326652 0 0.00397197 0.00683976 0.00946217 0.0152591 0.00757587 0.0136028 0.0228656 0.0392903 0.0559909 0.0764795 0.0681675 0.0726916 0.0566044 0.0477403 0.0527397 0.0444891 0.0609904 0.0582453 0.0661739 0.0445044 0.0529084 0.0360697 0.0280645 0.0235558 0.0158879 0.00826598 0.00280645 0.00217768 0.000904811 0.00058276 9.20147e-05 0
 0 0 0 0 0 0 0 0 0 0 0 0 0 0 0 0 0 0 0 0 0 0 0 0 0 0 0 0 0 0 0 0 0 0 0 0
 0 0 0 0 0 0 0 0 0 0 0 0 0 0 0 0 0 0 0 0 0 0 0 0 0 0 0 0 0 0 0 0 0 0 0 0
ppred_pel_tallas
 1.01668e-16 2.98073e-05 0.000174936 0.000831547 0.00320147 0.00998345 0.0252175 0.0515988 0.0855328 0.114874 0.125022 0.110316 0.0790508 0.046302 0.0227849 0.0105733 0.00644658 0.00659881 0.00868703 0.0116522 0.0150043 0.018383 0.0214257 0.0237871 0.0252033 0.0255477 0.0248535 0.0232934 0.0211275 0.0186375 0.0160695 0.013601 0.0113347 0.00931261 0.00753903 0.00600153
 1.01508e-16 3.22512e-05 0.000189286 0.000899778 0.00346419 0.0108027 0.0272869 0.0558327 0.0925496 0.124293 0.135261 0.119322 0.0854403 0.0499157 0.0243224 0.0108803 0.00607886 0.00577946 0.00743891 0.00992326 0.0127387 0.0155552 0.0180565 0.0199474 0.0210087 0.0211444 0.0204002 0.0189432 0.0170139 0.0148657 0.0127139 0.0107057 0.00891624 0.00736292 0.00602903 0.00488518
 1.02019e-16 2.48523e-05 0.000145835 0.000693173 0.00266865 0.00832186 0.0210206 0.0430126 0.0713044 0.0957788 0.104276 0.0920979 0.0661858 0.0391494 0.0199771 0.0104649 0.00799369 0.00943529 0.0128359 0.0172456 0.0221117 0.0269231 0.0311321 0.034221 0.0358097 0.035742 0.0341176 0.031255 0.0276035 0.0236336 0.0197422 0.0161982 0.0131333 0.0105683 0.00845549 0.00672057
 1.01999e-16 3.11246e-05 0.000182673 0.000868337 0.00334313 0.0104252 0.0263333 0.0538817 0.0893157 0.119951 0.130536 0.115157 0.0824649 0.0481915 0.0235094 0.0105648 0.00597546 0.00575374 0.00745275 0.00998559 0.0128819 0.0158267 0.0185137 0.0206513 0.0220145 0.0224907 0.022099 0.0209732 0.0193194 0.0173614 0.0152946 0.0132599 0.01134 0.00957121 0.00796331 0.00651593
 1.01435e-16 3.26634e-05 0.000191707 0.000911284 0.00350849 0.0109409 0.0276358 0.0565467 0.093733 0.125882 0.136989 0.120843 0.0865231 0.0505351 0.0245995 0.0109615 0.00606303 0.00570949 0.00732326 0.00975557 0.0125082 0.0152515 0.0176713 0.0194766 0.0204533 0.0205111 0.0197016 0.0181973 0.016243 0.014095 0.0119692 0.0100112 0.0082919 0.00682309 0.00558106 0.00452938
 1.02104e-16 2.41812e-05 0.000141894 0.000674436 0.00259651 0.00809688 0.0204523 0.04185 0.0693776 0.0931925 0.101465 0.0896263 0.0644339 0.038162 0.0195635 0.0103948 0.0081167 0.0096923 0.0132222 0.0177756 0.022799 0.0277701 0.032126 0.0353337 0.0370005 0.0369635 0.0353224 0.0324018 0.0286613 0.0245828 0.020574 0.016912 0.0137342 0.0110644 0.00885701 0.00703848
 1.01822e-16 3.32795e-05 0.000195327 0.000928506 0.00357481 0.0111477 0.0281582 0.0576153 0.0955029 0.128255 0.139561 0.123087 0.0880758 0.0513335 0.0247865 0.0107051 0.00544806 0.00473369 0.00594294 0.00793392 0.0102508 0.0126283 0.0148239 0.0166079 0.0178007 0.0183078 0.018135 0.0173765 0.0161826 0.0147186 0.013131 0.0115272 0.00997354 0.00850424 0.00713556 0.00587746
 1.01395e-16 3.11353e-05 0.000182732 0.000868608 0.00334416 0.0104284 0.0263415 0.0538986 0.0893449 0.119993 0.130592 0.115227 0.0825612 0.0483404 0.0237534 0.0109613 0.00659253 0.00666221 0.00871224 0.0116254 0.0148804 0.0180957 0.020894 0.0229257 0.0239367 0.023827 0.0226709 0.020691 0.0181979 0.0155139 0.0129085 0.0105609 0.00855457 0.00689578 0.00554414 0.00444187
 1.01109e-16 3.34925e-05 0.000196575 0.000934432 0.00359762 0.0112188 0.0283379 0.0579831 0.0961134 0.129078 0.140462 0.123897 0.0886887 0.0517574 0.0251148 0.0110558 0.00592415 0.00541318 0.00687886 0.0091493 0.0117278 0.0142973 0.0165611 0.0182441 0.0191436 0.0191728 0.0183785 0.0169223 0.0150347 0.0129591 0.0109025 0.00900735 0.00734628 0.00593556 0.00475651 0.00377621
 1.00972e-16 3.28163e-05 0.000192603 0.000915545 0.00352489 0.010992 0.027765 0.0568112 0.0941716 0.126472 0.137633 0.121417 0.0869459 0.050806 0.0247756 0.0111143 0.00625025 0.00597022 0.00768162 0.0102222 0.0130775 0.0158978 0.0183478 0.0201178 0.0209829 0.0208533 0.0197938 0.0180005 0.0157483 0.013324 0.0109697 0.00884849 0.00703936 0.00555247 0.0043552 0.00339745
 1.01708e-16 2.5381e-05 0.000148939 0.000707934 0.00272549 0.00849911 0.0214683 0.0439286 0.0728225 0.0978167 0.106492 0.0940472 0.0675702 0.0399352 0.020317 0.0105439 0.00793489 0.00929066 0.0126149 0.0169415 0.021717 0.0264352 0.0305559 0.0335686 0.0350983 0.0349904 0.0333426 0.0304693 0.0268145 0.0228446 0.018955 0.0154156 0.0123612 0.00981624 0.00773646 0.00604886
 1.02486e-16 2.77039e-05 0.000162586 0.000772828 0.00297538 0.00927841 0.0234366 0.0479552 0.079494 0.106767 0.116207 0.102559 0.0735368 0.0431627 0.0214091 0.0102207 0.00662248 0.00709229 0.00945957 0.0127337 0.0164366 0.0201951 0.0236234 0.02635 0.0280873 0.0286913 0.0281858 0.0267414 0.0246208 0.0221101 0.0194593 0.0168493 0.0143866 0.0121191 0.0100602 0.00821018
 1.01473e-16 3.43416e-05 0.000201563 0.000958149 0.00368895 0.0115037 0.0290573 0.0594548 0.0985519 0.132349 0.144014 0.127012 0.0908777 0.0529528 0.0255417 0.0109835 0.00551546 0.00471299 0.0058665 0.00779077 0.01001 0.0122477 0.0142552 0.0158031 0.0167194 0.0169264 0.0164542 0.0154257 0.0140201 0.0124267 0.010806 0.00926788 0.00786903 0.0066242 0.00552424 0.00455225
 1.00587e-16 3.67308e-05 0.000215591 0.00102485 0.00394575 0.0123045 0.0310801 0.0635935 0.105411 0.141559 0.154028 0.135826 0.0971469 0.0565298 0.0271241 0.0114165 0.00536635 0.00422658 0.00509068 0.00669288 0.00853923 0.010362 0.0119333 0.0130489 0.0135626 0.0134189 0.012665 0.0114357 0.00991707 0.00830218 0.00675259 0.00537583 0.00422163 0.00329258 0.00256197 0.00199136
 1.00226e-16 3.89425e-05 0.000228579 0.0010866 0.00418353 0.013046 0.0329531 0.0674254 0.111762 0.150082 0.163292 0.14397 0.102915 0.0597719 0.0284656 0.0116119 0.00490586 0.00329958 0.0037089 0.00480822 0.00611243 0.00739634 0.00848815 0.00923891 0.00954369 0.00936494 0.00874111 0.00777518 0.00660803 0.00538534 0.00422887 0.00321952 0.00239406 0.00175292 0.00127335 0.000922757
 1.00233e-16 3.62007e-05 0.000212477 0.00101003 0.00388871 0.0121266 0.0306308 0.0626744 0.103889 0.139516 0.151812 0.133887 0.0957932 0.0558087 0.0269024 0.0115364 0.00573853 0.00483622 0.00596194 0.00785256 0.00999143 0.012073 0.0138258 0.0150062 0.0154432 0.0150783 0.0139794 0.0123219 0.010344 0.00829086 0.00636687 0.00470692 0.00337089 0.00235663 0.0016222 0.00110858
 1.00688e-16 3.05207e-05 0.00017912 0.000851433 0.00327802 0.0102222 0.0258205 0.052833 0.0875795 0.117626 0.128023 0.112981 0.0809966 0.0475137 0.0235134 0.0111291 0.00707018 0.00743919 0.00982357 0.0131083 0.0167434 0.0202993 0.0233428 0.0254722 0.0263989 0.0260142 0.024414 0.0218687 0.0187521 0.0154534 0.0123003 0.00951338 0.00719749 0.00536176 0.00395405 0.00289545
 1.01242e-16 3.12196e-05 0.000183228 0.000870969 0.00335326 0.0104568 0.0264131 0.0540451 0.0895873 0.120318 0.130942 0.115529 0.0827625 0.0484279 0.0237406 0.0108629 0.00641056 0.0063869 0.00833109 0.0111332 0.0142873 0.0174322 0.0202116 0.0222913 0.0234224 0.0234957 0.022563 0.0208149 0.0185274 0.0159932 0.0134636 0.0111143 0.00903838 0.00726218 0.00576977 0.00452705
 1.01388e-16 3.11108e-05 0.000182589 0.000867929 0.00334155 0.0104203 0.0263209 0.0538565 0.0892748 0.119899 0.130487 0.11513 0.0824821 0.0482748 0.0236859 0.0108718 0.00646141 0.00647276 0.00845256 0.0112916 0.0144804 0.017652 0.0204443 0.0225188 0.0236256 0.0236586 0.0226766 0.0208799 0.0185538 0.0159987 0.0134696 0.0111409 0.00910092 0.0073681 0.00591822 0.00471
 1.01148e-16 3.35329e-05 0.000196812 0.00093556 0.00360196 0.0112324 0.0283721 0.0580531 0.0962295 0.129233 0.140631 0.124045 0.0887923 0.0518131 0.0251331 0.011049 0.00589929 0.00537166 0.00681893 0.0090687 0.0116255 0.014175 0.0164231 0.0180977 0.0189983 0.0190389 0.0182658 0.0168382 0.014984 0.0129429 0.0109187 0.00905123 0.00741134 0.00601452 0.00484218 0.00386215
 1.01174e-16 3.0906e-05 0.000181385 0.000862204 0.0033195 0.0103515 0.0261472 0.0535013 0.0886865 0.11911 0.129632 0.114386 0.0819694 0.0480161 0.0236356 0.0109769 0.00669728 0.00684406 0.00897748 0.0119849 0.0153405 0.0186528 0.0215321 0.0236161 0.0246409 0.024501 0.0232714 0.0211814 0.0185522 0.0157191 0.0129649 0.0104805 0.00835847 0.00661083 0.00519989 0.00406761
 1.0155e-16 2.99226e-05 0.000175611 0.000834754 0.00321381 0.010022 0.0253147 0.0517979 0.0858632 0.115319 0.125509 0.110752 0.0793774 0.0465216 0.0229448 0.0107332 0.00665657 0.00689454 0.00909052 0.0121704 0.0156249 0.01907 0.0221194 0.0244091 0.0256682 0.025778 0.024795 0.0229268 0.0204727 0.0177501 0.0150301 0.0125006 0.0102602 0.00833461 0.00670504 0.00533418
 1.01614e-16 3.11095e-05 0.000182582 0.000867901 0.00334144 0.01042 0.0263201 0.0538547 0.0892715 0.119893 0.130479 0.115118 0.0824621 0.0482405 0.0236272 0.0107751 0.00631019 0.00624936 0.00814165 0.0108848 0.0139814 0.0170807 0.0198378 0.021929 0.0231128 0.0232816 0.0224826 0.0208962 0.0187837 0.0164215 0.0140459 0.0118199 0.00982883 0.00809542 0.0066048 0.00532757
 1.02035e-16 2.67495e-05 0.000156977 0.000746155 0.00287267 0.00895808 0.0226276 0.0463002 0.0767524 0.10309 0.112219 0.0990731 0.0711106 0.0418857 0.0210479 0.0104989 0.00738908 0.00833006 0.0112187 0.0150632 0.0193351 0.0235818 0.0273281 0.0301243 0.0316376 0.0317258 0.0304655 0.0281211 0.0250698 0.0217084 0.0183733 0.015294 0.012586 0.0102733 0.00832383 0.00668433
pSPR Fmed_Fpbrs
0.460446   0.34929 0.34929
Fs Fmed_Fpbrs
0.62573   1.005 1.005
SSBpbr Bo_Bmed_Bpbrs
810099  332502  242455 242455
Ro
30946
SPR SPRFo_SPRFmed_SPRFpbrs
636671 293153 222383
log_Ro
10.16
likeval ReclasPelacesDesembMPH_pf_preclas_ppelaces_ptallas_desvR_qrecl_qpela
 66.643 13.6864 0.0280641 0.000226367 287.967 162.377 82.9199 0 16.7 9.19363e-07 8.32691e-05 0 0 0 0
q_reclas_q_pelaces
0.872955 3.66284
M
0.7
N
 32052.9 13132.3 5115.81 656.889 0.241939
 42841.2 14632.3 3695.16 1439.48 184.903
 16512.8 19404.6 3905.15 986.183 433.523
 24501.6 6869.98 2918.06 587.254 213.495
 51503.5 11584.4 2449.4 1040.39 285.496
 31925.2 25346.8 5413.7 1144.67 619.626
 67777.3 14588.7 7180.8 1533.71 499.829
 70415.2 31718.3 4853.65 2389.04 676.556
 92442.9 31492 7770.38 1189.05 751.014
 124247 40921.6 7198.8 1776.24 443.483
 62986.1 57120.1 12074.9 2124.18 654.984
 47383.9 27445.6 11738.4 2481.44 571.13
 49604.8 20752.1 5836.67 2496.33 649.169
 26305.7 20154.9 2659.94 748.125 403.179
 14311.7 9069.76 852.76 112.543 48.712
 12761.7 4743 293.794 27.6233 5.22349
 9060.62 5334.18 736.037 45.5922 5.09728
 9669.67 3956.33 1111.74 153.404 10.5646
 11100.7 4351.89 1011.27 284.171 41.9117
 17159.4 5066.02 1222.05 283.975 91.5673
 22725.3 7809.91 1396.9 336.967 103.552
 29424.4 10840.6 2956.87 528.873 166.783
 42046.4 13913.7 3868.6 1055.2 248.254
 35602.1 19683.4 4639.62 1290.01 434.644
pred_Ctot
 1869.55 4227.6 1646.9 211.468 0.0778858
 2722.13 5042.55 1273.41 496.069 63.7206
 1945.92 10395.2 2092.02 528.307 232.242
 846.399 1420.15 603.215 121.396 44.1332
 331.876 492.557 104.146 44.2366 12.139
 1840.58 8083.72 1726.56 365.064 197.614
 2817.68 3542.96 1743.9 372.471 121.386
 5063.28 12029.9 1840.86 906.1 256.6
 7266.28 12770.6 3151.04 482.184 304.551
 6661.04 12302.5 2164.21 534.001 133.326
 5592.07 25305 5349.34 941.04 290.166
 4052.47 11837.8 5062.98 1070.29 246.338
 6560.69 11927.4 3354.67 1434.78 373.115
 5905.46 15030 1983.59 557.896 300.661
 3503.85 6984.86 656.733 86.6722 37.5144
 1467.21 2501.51 154.95 14.5688 2.75493
 792.299 2337.67 322.563 19.9804 2.23385
 655.307 1433.79 402.9 55.5941 3.82866
 649.693 1404.83 326.448 91.7333 13.5295
 1035.18 1675.5 404.174 93.9199 30.2844
 645.245 1355.39 242.429 58.48 17.9712
 1013.7 2235.58 609.777 109.066 34.3946
 1738.31 3362.98 935.048 255.044 60.0035
 1609.23 5133.49 1210.03 336.437 113.356
F
 0.0841544 0.568055 0.568055 0.568055 0.568055
 0.0919886 0.620936 0.620936 0.620936 0.620936
 0.176973 1.19459 1.19459 1.19459 1.19459
 0.0490834 0.33132 0.33132 0.33132 0.33132
 0.00899577 0.0607227 0.0607227 0.0607227 0.0607227
 0.0831452 0.561242 0.561242 0.561242 0.561242
 0.059335 0.400519 0.400519 0.400519 0.400519
 0.104675 0.706573 0.706573 0.706573 0.706573
 0.114934 0.775819 0.775819 0.775819 0.775819
 0.0771137 0.520528 0.520528 0.520528 0.520528
 0.130707 0.882288 0.882288 0.882288 0.882288
 0.125634 0.848047 0.848047 0.848047 0.848047
 0.20064 1.35435 1.35435 1.35435 1.35435
 0.36484 2.46272 2.46272 2.46272 2.46272
 0.404409 2.72982 2.72982 2.72982 2.72982
 0.172314 1.16314 1.16314 1.16314 1.16314
 0.12862 0.868206 0.868206 0.868206 0.868206
 0.0983844 0.664109 0.664109 0.664109 0.664109
 0.084454 0.570077 0.570077 0.570077 0.570077
 0.0871539 0.588301 0.588301 0.588301 0.588301
 0.040186 0.271261 0.271261 0.271261 0.271261
 0.0489473 0.330402 0.330402 0.330402 0.330402
 0.058998 0.398245 0.398245 0.398245 0.398245
 0.0646634 0.436487 0.436487 0.436487 0.436487
nmprior
 10 10 8 0
nm_flota  nm_reclas  nm_pelaces    nm_pelaL
inf 25.1783 13.1758 22.0664
cv_recla  cv_pelaces  cv_mph
0.755795 0.435321 0.488141
 ------------------------------------------------
Talla a la edad & desviación 
 7.2 14.2025 17.0495 18.207 18.6776
 1.08 2.13037 2.55742 2.73105 2.80164
