years
 1997 1998 1999 2000 2001 2002 2003 2004 2005 2006 2007 2008 2009 2010 2011 2012 2013 2014 2015 2016 2017 2018 2019 2020
reclasobs
 0 0 0 370054 412103 1.49427e+06 250295 1.28982e+06 931140 785840 897777 1.04006e+06 184774 17550 25797 100020 73551 82996 120727 218422 84188 347160 605670 569463
reclaspred
 430389 126205 431471 311673 415884 491462 1.04663e+06 667141 695383 581924 445881 298967 182408 88249.4 65456.4 68683.9 87888.3 121034 128824 185071 265707 247039 439961 536581
pelacesobs
 0 0 0 0 0 0 0 0 0 2.06254e+06 1.5e+06 0 1.87456e+06 323000 250000 174000 83755 137374 0 501740 490994 745055 786931 1.00524e+06
pelacespred
 1.61592e+06 429238 871969 963850 1.08851e+06 1.09106e+06 2.53866e+06 2.10508e+06 1.90075e+06 1.62262e+06 1.12281e+06 773059 469992 194375 141012 156137 207274 286432 315843 439427 695857 631825 888523 1.27921e+06
mphobs
 0 0 0 0 0 112323 0 153150 637223 0 255016 313432 73983 77613 109348 50772 0 0 0 0 0 0 0 0
mphpred
 942151 644720 849303 1.16318e+06 1.12471e+06 1.61573e+06 2.43282e+06 2.76625e+06 2.26939e+06 2.13035e+06 1.84041e+06 1.28138e+06 794545 422183 217793 195057 239049 336520 418689 484501 721115 847218 1.0913e+06 1.57717e+06
desembarqueobs
 350755 77701 442110 56441 14545 235359 269955 359681 431902 328805 639364 411747 362871 311530 167758 66681 60226 58785 57116 71774 51957 67425 138520 160799
desembarquepred
 350764 77704 442146 56442.5 14545.1 235390 269979 359706 431967 328861 639735 412084 363340 312117 167857 66697.8 60245.1 58788.7 57115.2 71776.8 51958.3 67422.6 138522 160802
Reclutas
 76725.7 96829.6 62932.6 92108.3 151613 113357 166895 146550 158673 142603 69477.4 41848.7 42081.3 24613.1 20231.8 26526 23012.9 25410.1 29715.5 52567.4 66443.4 89807.4 146788 151538
log_desv_Rt
 0.127992 0.360708 -0.070181 0.31072 0.809089 0.518294 0.90512 0.775122 0.854602 0.747823 0.0287568 -0.478184 -0.472642 -1.00896 -1.20499 -0.934119 -1.07619 -0.977098 -0.820575 -0.250149 -0.015894 0.285423 0.776742 0.808593
SSB
 942151 644720 849303 1.16318e+06 1.12471e+06 1.61573e+06 2.43282e+06 2.76625e+06 2.26939e+06 2.13035e+06 1.84041e+06 1.28138e+06 794545 422183 217793 195057 239049 336520 418689 484501 721115 847218 1.0913e+06 1.57717e+06
BT
 3.19068e+06 898848 1.80335e+06 1.78508e+06 1.95939e+06 2.13983e+06 4.72793e+06 4.18042e+06 3.80007e+06 3.22614e+06 2.59841e+06 1.76819e+06 1.20076e+06 651092 397036 335063 420807 559794 614802 845315 1.28826e+06 1.19416e+06 1.68544e+06 2.42171e+06
Ftot
 0.308876 0.227628 0.307368 0.0562559 0.0121865 0.128265 0.0801022 0.163976 0.191306 0.166125 0.370782 0.346903 0.540175 0.931732 0.815596 0.3179 0.227331 0.151839 0.129628 0.130432 0.0636367 0.0819212 0.0947229 0.0910834
BD_Bspro_t
 0.962654 0.822897 0.802366 0.719671 0.806952 0.888199 0.866143 0.867779 0.822474 0.782271 0.738107 0.594516 0.483971 0.371108 0.255168 0.277264 0.402818 0.573189 0.676171 0.750624 0.829955 0.881449 0.888228 0.892135
BD_Bspro
 0.678353 0.464201 0.611501 0.837496 0.809798 1.16333 1.75164 1.99171 1.63397 1.53386 1.3251 0.922601 0.572076 0.303973 0.156812 0.140442 0.172117 0.242296 0.301458 0.348843 0.519206 0.610001 0.785742 1.13557
BD_Bo
 0.602624 0.412379 0.543235 0.744001 0.719395 1.03346 1.5561 1.76936 1.45156 1.36263 1.17717 0.819605 0.508211 0.270039 0.139306 0.124763 0.152902 0.215247 0.267804 0.309899 0.461243 0.541902 0.698024 1.0088
BD_Brms
 2.14452 1.46751 1.93318 2.64763 2.56007 3.67772 5.53758 6.29653 5.16557 4.8491 4.18913 2.91668 1.80854 0.960971 0.495739 0.443988 0.544123 0.765984 0.953017 1.10282 1.6414 1.92843 2.48402 3.58995
S_f
 0.207762 1 1 1 1
 0.207762 1 1 1 1
 0.207762 1 1 1 1
 0.207762 1 1 1 1
 0.207762 1 1 1 1
 0.207762 1 1 1 1
 0.207762 1 1 1 1
 0.207762 1 1 1 1
 0.207762 1 1 1 1
 0.207762 1 1 1 1
 0.207762 1 1 1 1
 0.207762 1 1 1 1
 0.207762 1 1 1 1
 0.207762 1 1 1 1
 0.207762 1 1 1 1
 0.207762 1 1 1 1
 0.207762 1 1 1 1
 0.207762 1 1 1 1
 0.207762 1 1 1 1
 0.207762 1 1 1 1
 0.207762 1 1 1 1
 0.207762 1 1 1 1
 0.207762 1 1 1 1
 0.207762 1 1 1 1
Scru_reclas
 1 1 1 1 1
 1 1 1 1 1
 1 1 1 1 1
 1 1 1 1 1
 1 1 1 1 1
 1 1 1 1 1
 1 1 1 1 1
 1 1 1 1 1
 1 1 1 1 1
 1 1 1 1 1
 1 1 1 1 1
 1 1 1 1 1
 1 1 1 1 1
 1 1 1 1 1
 1 1 1 1 1
 1 1 1 1 1
 1 1 1 1 1
 1 1 1 1 1
 1 1 1 1 1
 1 1 1 1 1
 1 1 1 1 1
 1 1 1 1 1
 1 1 1 1 1
 1 1 1 1 1
Scru_pelaces
 1 1 1 1 1
 1 1 1 1 1
 1 1 1 1 1
 1 1 1 1 1
 1 1 1 1 1
 1 1 1 1 1
 1 1 1 1 1
 1 1 1 1 1
 1 1 1 1 1
 1 1 1 1 1
 1 1 1 1 1
 1 1 1 1 1
 1 1 1 1 1
 1 1 1 1 1
 1 1 1 1 1
 1 1 1 1 1
 1 1 1 1 1
 1 1 1 1 1
 1 1 1 1 1
 1 1 1 1 1
 1 1 1 1 1
 1 1 1 1 1
 1 1 1 1 1
 1 1 1 1 1
pf_obs 
 0.256992 0.487395 0.22802 0.0275931 0
 0.321318 0.546541 0.124235 0.00734118 0.000564706
 0.182869 0.594174 0.210203 0.0122559 0.00049798
 0.330522 0.361315 0.267642 0.0388342 0.00168674
 0.649043 0.306663 0.0425973 0.00169635 0
 0.582887 0.30429 0.105238 0.00758474 0
 0.465427 0.430635 0.0974691 0.00646863 0
 0.296916 0.608066 0.0921331 0.00288517 0
 0.311714 0.524322 0.152257 0.0117073 0
 0.15457 0.633149 0.183074 0.0267441 0.00246327
 0.131901 0.49318 0.331252 0.0422183 0.00144891
 0.196976 0.569456 0.194076 0.0375587 0.00193317
 0.518974 0.381816 0.0799577 0.0180837 0.00116848
 0.0928022 0.601141 0.25162 0.0475244 0.00691264
 0.122501 0.610282 0.24278 0.0234846 0.000952079
 0.383417 0.481906 0.127806 0.00687128 0
 0.0376549 0.599619 0.316969 0.0457579 0
 0.0361596 0.667082 0.258105 0.0386534 0
 0.158088 0.579412 0.248529 0.0139706 0
 0.0477256 0.309471 0.559284 0.082774 0.000745712
 0.0406174 0.521527 0.379366 0.0568643 0.0016247
 0.151134 0.462217 0.34131 0.0453401 0
 0.294876 0.26143 0.354403 0.0886775 0.000613685
 0.281977 0.475581 0.204845 0.0348837 0.00271318
pf_pred 
 0.384517 0.43446 0.161899 0.0191145 9.63402e-06
 0.320679 0.526991 0.107527 0.0400695 0.00473317
 0.184612 0.583587 0.179822 0.036691 0.0152878
 0.270165 0.405878 0.231861 0.0714441 0.0206514
 0.311392 0.445008 0.135472 0.0773895 0.0307392
 0.183667 0.560293 0.165463 0.0503712 0.0402045
 0.257869 0.396442 0.237265 0.070068 0.0383557
 0.200394 0.507048 0.156283 0.0935333 0.0427422
 0.220399 0.44039 0.215101 0.0662989 0.0578111
 0.198339 0.478785 0.182389 0.0890852 0.0514008
 0.118402 0.495428 0.230637 0.0878592 0.0676738
 0.11712 0.38283 0.281011 0.130819 0.0882198
 0.187746 0.347514 0.201518 0.147922 0.1153
 0.177616 0.483731 0.144889 0.084019 0.109745
 0.250911 0.463345 0.168076 0.0503426 0.0673247
 0.33727 0.466133 0.121604 0.0441112 0.0308816
 0.236432 0.564203 0.140224 0.0365815 0.0225596
 0.241173 0.472605 0.211491 0.0525629 0.022169
 0.246898 0.467553 0.177842 0.0795846 0.0281218
 0.332309 0.417816 0.155132 0.0590072 0.0357364
 0.284976 0.513002 0.126417 0.0469378 0.0286663
 0.281235 0.477029 0.173436 0.0427393 0.0255603
 0.322216 0.448278 0.152318 0.0553792 0.0218085
 0.242655 0.53373 0.147896 0.0502529 0.0254658
pobs_RECLAS
 0 0 0 0 0
 0 0 0 0 0
 0 0 0 0 0
 0 0 0 0 0
 0.835266 0.146461 0.0176864 0.000547809 3.91292e-05
 0.385257 0.428462 0.181853 0.0044286 0
 0.867414 0.0963971 0.0333333 0.00285562 0
 0.441836 0.489002 0.0689373 0.000224442 0
 0.779404 0.147425 0.0564933 0.0165055 0.000172143
 0.814271 0.122319 0.05973 0.00367925 0
 0.40263 0.566651 0.0304383 0.000280538 0
 0.475488 0.404961 0.113038 0.00651328 0
 0.955842 0.0263864 0.0167828 0.000988607 0
 0.975058 0.0227948 0.00214734 0 0
 0.738997 0.206755 0.0527124 0.00153531 0
 0.850938 0.134255 0.0134407 0.00136685 0
 0.542534 0.407297 0.0501686 0 0
 0.764087 0.199537 0.0359546 0.000420521 0
 0.470689 0.182191 0.310203 0.0369168 0
 0.84361 0.089868 0.0606195 0.00523954 0.000663233
 0.607945 0.314616 0.071237 0.00620181 0
 0.523733 0.453247 0.0230204 0 0
 0.530135 0.295979 0.169645 0.0042399 0
 0.562478 0.366248 0.0663022 0.0049721 0
ppred_RECLAS
 0.753763 0.173815 0.0647711 0.00764718 3.8543e-06
 0.69702 0.23504 0.0479577 0.0178712 0.00211102
 0.525899 0.339322 0.104556 0.0213337 0.00888896
 0.641132 0.199575 0.114009 0.0351299 0.0101545
 0.685314 0.203363 0.0619089 0.0353661 0.0140474
 0.521533 0.328398 0.0969811 0.0295235 0.0235646
 0.626729 0.199399 0.119338 0.0352422 0.0192918
 0.548864 0.286075 0.0881746 0.0527712 0.024115
 0.578887 0.237883 0.11619 0.0358124 0.0312276
 0.545707 0.271323 0.103358 0.0504837 0.0291283
 0.397955 0.338329 0.157502 0.0599992 0.0462146
 0.394582 0.262518 0.192698 0.0897067 0.060495
 0.535585 0.198695 0.11522 0.084576 0.0659242
 0.528545 0.277313 0.0830616 0.0481663 0.0629146
 0.631869 0.227706 0.0825989 0.0247403 0.033086
 0.713889 0.201237 0.0524984 0.0190435 0.013332
 0.601433 0.294503 0.0731942 0.0190948 0.0117757
 0.606579 0.245026 0.109649 0.0272517 0.0114937
 0.613662 0.239853 0.0912324 0.0408266 0.0144264
 0.706872 0.183429 0.0681056 0.0259052 0.0156889
 0.65803 0.245351 0.060461 0.0224487 0.0137101
 0.654082 0.229578 0.083469 0.020569 0.0123013
 0.696872 0.200485 0.0681221 0.0247675 0.0097535
 0.607707 0.276464 0.0766078 0.0260303 0.0131909
pobs_PELACES
 0 0 0 0 0
 0 0 0 0 0
 0 0 0 0 0
 0 0 0 0 0
 0 0 0 0 0
 0 0 0 0 0
 0 0 0 0 0
 0 0 0 0 0
 0 0 0 0 0
 0 0 0 0 0
 0.450072 0.473896 0.0757376 0.000293798 0
 0 0 0 0 0
 0.463077 0.371075 0.160297 0.00555027 0
 0.529543 0.364841 0.0842815 0.0213345 0
 0.631943 0.363953 0.00410389 0 0
 0.735681 0.248677 0.0153453 0.000297389 0
 0.695825 0.281241 0.0229344 0 0
 0.275771 0.60734 0.115278 0.00161068 0
 0 0 0 0 0
 0.896147 0.0623911 0.0374545 0.00400742 0
 0.803859 0.145111 0.0509908 3.86294e-05 0
 0.739449 0.233085 0.0266225 0.000797448 4.60066e-05
 0.878498 0.100942 0.0204185 0.000141795 0
 0.694673 0.275183 0.0284847 0.00165964 0
ppred_PELACES
 0.768442 0.163453 0.0609099 0.00719131 3.62453e-06
 0.709438 0.225407 0.0459921 0.0171387 0.00202449
 0.545882 0.32502 0.100149 0.0204345 0.00851429
 0.644508 0.197697 0.112936 0.0347994 0.010059
 0.686001 0.202919 0.0617738 0.0352889 0.0140168
 0.529894 0.32266 0.0952864 0.0290076 0.0231528
 0.631615 0.196789 0.117776 0.0347809 0.0190393
 0.559456 0.279359 0.0861045 0.0515323 0.0235489
 0.591029 0.231024 0.11284 0.0347798 0.0303272
 0.556451 0.264906 0.100914 0.0492897 0.0284394
 0.421394 0.325157 0.151371 0.0576634 0.0444154
 0.416442 0.253039 0.18574 0.0864677 0.0583107
 0.570478 0.183766 0.106563 0.0782215 0.0609711
 0.58853 0.242029 0.0724933 0.0420379 0.0549096
 0.679935 0.197975 0.0718143 0.02151 0.028766
 0.730559 0.189512 0.0494396 0.0179339 0.0125553
 0.61559 0.284042 0.0705943 0.0184165 0.0113574
 0.616011 0.239152 0.107021 0.0265984 0.0112182
 0.621665 0.234884 0.0893426 0.0399808 0.0141275
 0.713887 0.179039 0.0664756 0.0252852 0.0153134
 0.661764 0.242672 0.0598008 0.0222036 0.0135604
 0.658912 0.226373 0.0823036 0.0202818 0.0121296
 0.702077 0.197042 0.0669522 0.0243422 0.00958601
 0.613369 0.272474 0.0755021 0.0256546 0.0130005
pobs_pel_tallas
 0 0 0 0 0 0 0 0 0 0 0 0 0 0 0 0 0 0 0 0 0 0 0 0 0 0 0 0 0 0 0 0 0 0 0 0
 0 0 0 0 0 0 0 0 0 0 0 0 0 0 0 0 0 0 0 0 0 0 0 0 0 0 0 0 0 0 0 0 0 0 0 0
 0 0 0 0 0 0 0 0 0 0 0 0 0 0 0 0 0 0 0 0 0 0 0 0 0 0 0 0 0 0 0 0 0 0 0 0
 0 0 0 0 0 0 0 0 0 0 0 0 0 0 0 0 0 0 0 0 0 0 0 0 0 0 0 0 0 0 0 0 0 0 0 0
 0 0 0 0 0 0 0 0 0 0 0 0 0 0 0 0 0 0 0 0 0 0 0 0 0 0 0 0 0 0 0 0 0 0 0 0
 0 0 0 0 0 0 0 0 0 0 0 0 0 0 0 0 0 0 0 0 0 0 0 0 0 0 0 0 0 0 0 0 0 0 0 0
 0 0 0 0 0 0 0 0 0 0 0 0 0 0 0 0 0 0 0 0 0 0 0 0 0 0 0 0 0 0 0 0 0 0 0 0
 0 0 0 0 0 0 0 0 0 0 0 0 0 0 0 0 0 0 0 0 0 0 0 0 0 0 0 0 0 0 0 0 0 0 0 0
 0 0 0 0 0 0 0 0 0 0 0 0 0 0 0 0 0 0 0 0 0 0 0 0 0 0 0 0 0 0 0 0 0 0 0 0
 0 0 0 0 0 0 0 0 0 0 0 0 0 0 0 0 0 0 0 0 0 0 0 0 0 0 0 0 0 0 0 0 0 0 0 0
 0 0 0 0 0 0 0 0 1.78061e-05 0.00172719 0.00360574 0.0105946 0.0120993 0.0124554 0.0147524 0.0171206 0.0266825 0.0428682 0.0675386 0.121331 0.153587 0.119568 0.100827 0.0573624 0.0630603 0.0341343 0.0324427 0.0444173 0.0211091 0.0280891 0.0125444 0.00206551 0 0 0 0
 0 0 0 0 0 0 0 0 0 0 0 0 0 0 0 0 0 0 0 0 0 0 0 0 0 0 0 0 0 0 0 0 0 0 0 0
 0 0 0 0 0 0 0.0133647 0.0140871 0.0187388 0.0205184 0.03894 0.0496705 0.03968 0.0493445 0.0407372 0.0367815 0.0215668 0.0243155 0.0234873 0.0199281 0.019796 0.0243948 0.0301388 0.0376714 0.0412746 0.0863199 0.0771752 0.113111 0.0741005 0.0525337 0.0229764 0.00759418 0.00175318 0 0 0
 0 0 0 0 0 0 0 0 0 0 0.00219441 0.00772107 0.0458388 0.0604681 0.0671733 0.0775358 0.0609151 0.0617685 0.073594 0.0568108 0.0755445 0.0548602 0.0670107 0.0636378 0.0643287 0.046367 0.0373049 0.0286899 0.0247887 0.0153202 0.00654259 0.00121912 0.000365735 0 0 0
 0 0 0 0 0 0 0 0 0 0 0 0 0.000112435 0.00938835 0.0111873 0.0202946 0.0414886 0.0713402 0.111592 0.104902 0.108894 0.110636 0.117776 0.105296 0.107544 0.0401394 0.0192827 0.0124803 0.00416011 0.0028671 0.000618394 0 0 0 0 0
 0 0 0 0 0 0 0 0 0 0 0.00291406 0.0102884 0.027416 0.0768956 0.0749926 0.110853 0.0956884 0.0897413 0.0766577 0.0534642 0.0500743 0.0551293 0.0594112 0.0620874 0.0668451 0.0424026 0.0208742 0.0120726 0.0048766 0.00582813 0.00118941 0.000297354 0 0 0 0
 0 0.00264628 0.0354308 0.0461629 0.0458689 0.0383711 0.0214643 0.0164657 0.0346957 0.0420465 0.0363128 0.0245516 0.0311673 0.0291091 0.0169068 0.0133784 0.00837989 0.0085269 0.0148486 0.0160247 0.0276389 0.0546898 0.0760071 0.122758 0.109233 0.0665981 0.0333725 0.0166128 0.00676272 0.00308733 0.000882094 0 0 0 0 0
 0 0 0 0 0 0 0 0.000805153 0.000690131 0.00759144 0.0133425 0.0154129 0.00931677 0.000345066 0.00356568 0.00563607 0.00851162 0.0253048 0.0502646 0.0516448 0.0657925 0.0565908 0.0611916 0.0827007 0.0866115 0.110766 0.145733 0.0935128 0.0569358 0.0249597 0.0138026 0.00621118 0.00161031 0.00115022 0 0
 0 0 0 0 0 0 0 0 0 0 0 0 0 0 0 0 0 0 0 0 0 0 0 0 0 0 0 0 0 0 0 0 0 0 0 0
 0.00147267 0.00158595 0.00478618 0.00569244 0.00954404 0.0108468 0.00647125 0.017049 0.0510054 0.094081 0.124002 0.0959785 0.0687766 0.0820023 0.061753 0.0591476 0.0492212 0.0479892 0.0443925 0.0268479 0.0217502 0.0140895 0.0121071 0.0120363 0.00920419 0.00665534 0.0049561 0.00860946 0.00930331 0.0156896 0.0114698 0.00855282 0.00243557 0.00046729 0 2.83206e-05
 0 0 0 0 0.000772559 0.00158375 0.000888443 0.00281984 0.00712685 0.0440552 0.0773331 0.111326 0.0921469 0.0852325 0.0710754 0.0886704 0.0786465 0.0553345 0.0373146 0.0185414 0.00753245 0.00457741 0.012979 0.0271748 0.0457355 0.0583668 0.034881 0.0177882 0.00938659 0.00492506 0.0015258 0.00185414 0.000309023 5.79419e-05 3.86279e-05 0
 0 0.00173294 0.00326652 0 0.00397197 0.00683976 0.00946217 0.0152591 0.00757587 0.0136028 0.0228656 0.0392903 0.0559909 0.0764795 0.0681675 0.0726916 0.0566044 0.0477403 0.0527397 0.0444891 0.0609904 0.0582453 0.0661739 0.0445044 0.0529084 0.0360697 0.0280645 0.0235558 0.0158879 0.00826598 0.00280645 0.00217768 0.000904811 0.00058276 9.20147e-05 0
 0 0 0 0 0 0 0 0 0 0 0 0 0 0 0 0 0 0 0 0 0 0 0 0 0 0 0 0 0 0 0 0 0 0 0 0
 0 0 0 0 0 0 0 0 0 0 0 0 0 0 0 0 0 0 0 0 0 0 0 0 0 0 0 0 0 0 0 0 0 0 0 0
ppred_pel_tallas
 1.01166e-16 3.35271e-05 0.000196779 0.000935405 0.00360137 0.0112305 0.0283675 0.0580435 0.0962131 0.12921 0.140603 0.124015 0.0887579 0.0517673 0.0250633 0.0109384 0.00572872 0.005122 0.00647499 0.00862451 0.01109 0.0135759 0.0158078 0.0175288 0.0185439 0.0187611 0.0182075 0.0170144 0.015378 0.0135102 0.0115956 0.00976659 0.00809912 0.00662268 0.00533795 0.00423276
 1.0141e-16 3.09567e-05 0.000181683 0.000863625 0.00332498 0.0103686 0.0261904 0.0535894 0.0888323 0.119305 0.129842 0.114565 0.0820852 0.0480586 0.0236097 0.0108868 0.00653813 0.00660277 0.00863889 0.011539 0.0147892 0.0180145 0.0208438 0.022931 0.0240217 0.0240107 0.0229624 0.0210867 0.0186805 0.0160548 0.0134721 0.0111102 0.00905669 0.00732616 0.00588886 0.00469782
 1.02628e-16 2.3829e-05 0.000139828 0.00066462 0.00255872 0.00797905 0.0201547 0.0412407 0.0683673 0.0918341 0.0999829 0.0883092 0.0634702 0.0375577 0.0191929 0.0101022 0.00778025 0.00923516 0.0126024 0.0169799 0.0218462 0.0267162 0.0310654 0.0343909 0.0363142 0.036663 0.0355038 0.0331094 0.0298784 0.0262352 0.0225436 0.0190575 0.0159125 0.0131498 0.0107534 0.00868481
 1.03334e-16 2.81245e-05 0.000165058 0.000784591 0.00302068 0.00941969 0.0237934 0.048685 0.0807025 0.108387 0.11796 0.104083 0.0745796 0.0436744 0.021477 0.00994526 0.00604357 0.00618806 0.00818068 0.0110409 0.0143304 0.0177355 0.0209381 0.0236264 0.0255505 0.0265696 0.0266732 0.0259662 0.0246271 0.0228565 0.0208335 0.0186919 0.016519 0.0143679 0.0122764 0.0102792
 1.02811e-16 2.99338e-05 0.00017568 0.00083509 0.00321512 0.010026 0.025325 0.0518187 0.0858967 0.115361 0.125547 0.110769 0.0793524 0.046432 0.0227619 0.0104167 0.00615381 0.00614577 0.00804009 0.0107825 0.0139007 0.0170625 0.0199396 0.0222213 0.0236717 0.0241789 0.0237748 0.0226138 0.0209238 0.0189457 0.0168824 0.0148706 0.0129797 0.0112285 0.00960957 0.00811072
 1.03537e-16 2.31317e-05 0.000135735 0.00064516 0.0024838 0.0077454 0.0195645 0.0400332 0.0663657 0.0891461 0.0970584 0.0857308 0.0616272 0.0364877 0.0186844 0.00989703 0.00769837 0.00918839 0.01256 0.0169383 0.0218148 0.0267136 0.0311187 0.0345352 0.0365895 0.0371109 0.0361621 0.0340062 0.0310275 0.0276322 0.0241646 0.0208597 0.017838 0.0151304 0.0127178 0.0105653
 1.03821e-16 2.75622e-05 0.000161757 0.000768898 0.00296026 0.00923127 0.0233175 0.0477112 0.0790885 0.106219 0.115603 0.102005 0.0730963 0.0428169 0.0210766 0.00979628 0.00600425 0.00619151 0.00820686 0.0110914 0.0144164 0.0178735 0.0211481 0.0239308 0.0259713 0.0271257 0.0273772 0.0268214 0.0256262 0.0239805 0.0220533 0.0199704 0.0178147 0.0156392 0.0134847 0.0113925
 1.04185e-16 2.44189e-05 0.000143296 0.000681116 0.00262225 0.00817718 0.0206551 0.0422643 0.0700625 0.0941064 0.102444 0.0904534 0.0649465 0.0383011 0.0193334 0.0097902 0.00708271 0.00813178 0.0110304 0.0148827 0.019211 0.0235999 0.0276064 0.0308047 0.0328698 0.0336467 0.0331759 0.0316657 0.0294245 0.0267774 0.0239976 0.0212683 0.0186812 0.0162609 0.013998 0.011879
 1.0429e-16 2.57938e-05 0.000151372 0.00071952 0.00277013 0.00863834 0.0218199 0.0446472 0.0740108 0.0994041 0.108197 0.0954974 0.0684917 0.0402385 0.0200285 0.00968055 0.00643498 0.00702332 0.00943451 0.0127534 0.016538 0.0204384 0.0240879 0.0271285 0.0292765 0.0303791 0.0304373 0.0295861 0.0280439 0.0260493 0.0238089 0.0214696 0.0191176 0.0167964 0.0145307 0.012345
 1.04542e-16 2.42874e-05 0.000142525 0.000677453 0.00260815 0.00813321 0.020544 0.0420369 0.0696852 0.0935987 0.101889 0.089957 0.0645767 0.0380564 0.0191613 0.00962469 0.00686882 0.00783061 0.0106173 0.0143478 0.0185634 0.0228718 0.0268545 0.0301055 0.03231 0.0333087 0.0331233 0.0319312 0.0300042 0.0276328 0.0250629 0.0224625 0.0199211 0.0174717 0.015121 0.012875
 1.06312e-16 1.84008e-05 0.00010796 0.000513113 0.00197538 0.00615992 0.0155597 0.0318392 0.0527843 0.0709102 0.0772232 0.0682565 0.0491661 0.0293122 0.0153855 0.00876276 0.00755794 0.00950495 0.0131917 0.017921 0.0232532 0.0287401 0.0338753 0.0381582 0.0411927 0.0427665 0.0428833 0.041734 0.039625 0.0368891 0.0338117 0.0305925 0.027346 0.0241267 0.0209643 0.0178913
 1.08415e-16 1.8182e-05 0.000106682 0.000507051 0.00195207 0.00608724 0.015376 0.0314628 0.0521586 0.0700641 0.0762873 0.067395 0.0484711 0.0287492 0.0148202 0.00802107 0.00646839 0.00791543 0.0109824 0.0150281 0.0197001 0.0246654 0.0295429 0.0339406 0.0375257 0.0400826 0.0415392 0.0419499 0.0414503 0.0402015 0.0383465 0.0359927 0.0332188 0.0300957 0.0267087 0.0231682
 1.0711e-16 2.48956e-05 0.000146104 0.000694484 0.00267376 0.00833781 0.0210607 0.0430935 0.0714343 0.0959404 0.104418 0.092143 0.0660432 0.0387146 0.0191126 0.00897989 0.00564207 0.00594152 0.00794852 0.0108108 0.0141543 0.0177121 0.0212081 0.024366 0.026956 0.0288349 0.0299627 0.0303874 0.0302098 0.0295399 0.0284661 0.0270429 0.0252996 0.0232601 0.0209636 0.0184758
 1.05119e-16 2.56851e-05 0.000150733 0.000716483 0.00275844 0.00860187 0.0217278 0.0444588 0.0736988 0.0989858 0.107743 0.0951023 0.0682191 0.0400996 0.0199981 0.00972857 0.00654444 0.00719035 0.00965909 0.01303 0.016849 0.0207519 0.0243597 0.0273087 0.0293209 0.0302615 0.0301607 0.0291875 0.0275921 0.0256346 0.0235267 0.0214024 0.0193201 0.017286 0.0152863 0.0133127
 1.03168e-16 2.96691e-05 0.000174127 0.000827705 0.00318668 0.00993735 0.025101 0.0513604 0.0851369 0.114341 0.124436 0.109788 0.078647 0.0460146 0.022549 0.010306 0.00607181 0.00605385 0.00792276 0.0106376 0.0137355 0.0168937 0.0197929 0.0221289 0.0236685 0.0242974 0.0240385 0.0230332 0.0214945 0.0196486 0.0176869 0.0157394 0.0138737 0.0121111 0.01045 0.00888576
 1.01967e-16 3.18762e-05 0.000187085 0.000889312 0.00342389 0.0106771 0.0269695 0.0551833 0.0914731 0.122848 0.133688 0.117935 0.0844487 0.0493393 0.0240472 0.0107672 0.00603071 0.00574869 0.00740914 0.00989313 0.0127144 0.0155487 0.0180845 0.0200309 0.0211708 0.0214077 0.0207835 0.0194586 0.0176642 0.0156435 0.0136014 0.0116764 0.00993728 0.00839852 0.00704352 0.00584628
 1.02259e-16 2.68669e-05 0.000157667 0.000749437 0.0028853 0.00899749 0.0227271 0.0465038 0.0770896 0.103542 0.112709 0.0995003 0.0714057 0.0420365 0.0210809 0.0104456 0.00726438 0.00813205 0.0109372 0.0146889 0.0188669 0.0230312 0.0267211 0.0295001 0.031044 0.0312124 0.0300755 0.027885 0.0250009 0.0218025 0.018611 0.0156454 0.0130161 0.0107464 0.0088078 0.00715277
 1.03036e-16 2.68835e-05 0.000157769 0.000749928 0.00288721 0.00900344 0.0227421 0.0465342 0.0771387 0.103605 0.112768 0.0995294 0.0713777 0.041922 0.0208435 0.0100347 0.00661446 0.00717068 0.00960061 0.0129433 0.0167309 0.0205929 0.0241434 0.0270088 0.028898 0.0296615 0.0293164 0.0280249 0.0260404 0.0236391 0.0210625 0.0184845 0.016008 0.0136811 0.0115215 0.00953733
 1.03379e-16 2.71298e-05 0.000159215 0.000756806 0.00291369 0.00908604 0.0229507 0.046961 0.077846 0.104554 0.113799 0.100435 0.0720178 0.0422787 0.0209847 0.0100419 0.00653891 0.00702863 0.00938743 0.0126469 0.0163402 0.0201029 0.0235585 0.0263444 0.0281807 0.0289276 0.0286083 0.0273871 0.0255144 0.0232591 0.020851 0.0184502 0.0161444 0.0139678 0.0119268 0.0100225
 1.02587e-16 3.11488e-05 0.000182816 0.000869017 0.00334575 0.0104334 0.026354 0.0539239 0.0893854 0.120044 0.130636 0.11524 0.0825154 0.0482022 0.0234797 0.0104921 0.00585138 0.00556441 0.00718246 0.00962131 0.012418 0.0152695 0.0178837 0.0199844 0.0213589 0.0219024 0.0216348 0.0206839 0.0192429 0.0175187 0.0156876 0.0138717 0.0121366 0.0105062 0.00898266 0.00756363
 1.02325e-16 2.88786e-05 0.000169481 0.000805611 0.0031016 0.00967203 0.0244309 0.0499895 0.082866 0.111295 0.121133 0.106901 0.0766376 0.0449574 0.0222511 0.0105393 0.00671298 0.00709136 0.00940257 0.0126063 0.0162 0.0197955 0.0229987 0.0254377 0.0268359 0.0270722 0.0262037 0.0244405 0.0220838 0.0194498 0.0168049 0.0143291 0.0121112 0.0101686 0.00847715 0.00699964
 1.02506e-16 2.87536e-05 0.000168749 0.000802134 0.00308822 0.00963029 0.0243254 0.0497737 0.0825078 0.110813 0.120605 0.106428 0.0762832 0.0447188 0.0220764 0.0103639 0.00648187 0.00676536 0.00895712 0.0120331 0.0155118 0.0190309 0.0222224 0.0247352 0.0263009 0.0267907 0.0262371 0.0248129 0.0227767 0.0204062 0.0179399 0.0155455 0.013315 0.0112819 0.00944599 0.00779592
 1.023e-16 3.06346e-05 0.000179795 0.000854653 0.00329044 0.0102609 0.0259183 0.0530326 0.0879086 0.118062 0.128484 0.113354 0.0811904 0.0474798 0.0232238 0.0105404 0.00610596 0.00599908 0.00781067 0.0104644 0.0134842 0.0165419 0.0193156 0.0215005 0.0228647 0.0232977 0.0228292 0.0216104 0.0198662 0.0178369 0.0157274 0.0136801 0.0117714 0.010027 0.00844403 0.00701143
 1.0265e-16 2.67696e-05 0.000157097 0.000746728 0.00287488 0.00896498 0.022645 0.0463357 0.0768106 0.103167 0.112298 0.0991322 0.0711302 0.0418514 0.0209462 0.0103106 0.00708589 0.00787829 0.0105867 0.0142314 0.0183072 0.022393 0.0260485 0.0288551 0.0304987 0.0308384 0.0299319 0.0280082 0.025399 0.0224547 0.0194724 0.0166549 0.014106 0.0118511 0.0098707 0.00813032
pSPR Fmed_Fpbrs
0.753736   0.331006 0.331006
Fs Fmed_Fpbrs
0.170207   1.005 1.005
SSBpbr Bo_Bmed_Bpbrs
1.56342e+06  1.10023e+06  439330 439330
Ro
67507.9
SPR SPRFo_SPRFmed_SPRFpbrs
1.38888e+06 1.04685e+06 459728
log_Ro
10.94
likeval ReclasPelacesDesembMPH_pf_preclas_ppelaces_ptallas_desvR_qrecl_qpela
 62.9577 23.628 0.0341151 0.00168877 291.457 175.335 81.6555 0 16.4778 0.000111222 0 0 0 0 0
q_reclas_q_pelaces
0.224375 1
M
0.7
N
 76725.7 19995.4 7451.17 879.72 0.443392
 96829.6 35732.6 7290.9 2716.91 320.933
 62932.6 45863.1 14131.9 2883.48 1201.44
 92108.3 29318.1 16748.2 5160.68 1491.73
 151613 45208.1 13762.5 7861.96 3122.78
 113357 75098.6 22177.8 6751.48 5388.79
 166895 54810.9 32803.6 9687.4 5302.95
 146550 81509.7 25123.1 15035.8 6870.96
 158673 70337 34355 10589 9233.33
 142603 75724.4 28846.6 14089.7 8129.52
 69477.4 68412.4 31848 12132.3 9344.9
 41848.7 31943.4 23447.7 10915.6 7361.09
 42081.3 19336.4 11212.9 8230.68 6415.54
 24613.1 18678.5 5594.66 3244.26 4237.64
 20231.8 10071.4 3653.34 1094.26 1463.39
 26526 8480.81 2212.46 802.557 561.858
 23012.9 12330.5 3064.57 799.479 493.035
 25410.1 10900.7 4878.06 1212.37 511.329
 29715.5 12226.4 4650.55 2081.12 735.38
 52567.4 14364.2 5333.31 2028.62 1228.59
 66443.4 25406.3 6260.79 2324.58 1419.69
 89807.4 32561.5 11838.5 2917.33 1744.71
 146788 43844.4 14897.7 5416.44 2133.01
 151538 71472.1 19804.8 6729.39 3410.13
pred_Ctot
 3442.47 3889.6 1449.43 171.127 0.0862506
 3225.43 5300.54 1081.52 403.024 47.6069
 2810.21 8883.53 2737.31 558.521 232.715
 770.228 1157.14 661.025 203.684 58.876
 275.757 394.083 119.969 68.5333 27.2215
 2147.07 6549.81 1934.26 588.838 469.989
 1982.86 3048.4 1824.42 538.78 294.932
 3537.03 8949.6 2758.46 1650.9 754.417
 4456.79 8905.32 4349.66 1340.66 1169.03
 3486.21 8415.6 3205.86 1565.85 903.47
 3721.08 15570 7248.31 2761.19 2126.81
 2101.54 6869.3 5042.32 2347.35 1582.97
 3233.63 5985.39 3470.84 2547.73 1985.87
 3150.22 8579.5 2569.76 1490.17 1946.45
 2290.19 4229.18 1534.11 459.502 614.506
 1223.92 1691.54 441.288 160.074 112.066
 765.588 1826.94 454.058 118.454 73.0501
 568.52 1114.08 498.55 123.907 52.2592
 568.745 1077.04 409.67 183.328 64.7802
 1012.29 1272.76 472.566 179.749 108.861
 628.085 1130.65 278.623 103.45 63.1803
 1091.04 1850.61 672.837 165.805 99.16
 2059.53 2865.28 973.582 353.97 139.394
 2045.17 4498.42 1246.51 423.545 214.632
F
 0.0641728 0.308876 0.308876 0.308876 0.308876
 0.0472926 0.227628 0.227628 0.227628 0.227628
 0.0638596 0.307368 0.307368 0.307368 0.307368
 0.0116878 0.0562559 0.0562559 0.0562559 0.0562559
 0.0025319 0.0121865 0.0121865 0.0121865 0.0121865
 0.0266486 0.128265 0.128265 0.128265 0.128265
 0.0166422 0.0801022 0.0801022 0.0801022 0.0801022
 0.034068 0.163976 0.163976 0.163976 0.163976
 0.0397462 0.191306 0.191306 0.191306 0.191306
 0.0345145 0.166125 0.166125 0.166125 0.166125
 0.0770345 0.370782 0.370782 0.370782 0.370782
 0.0720734 0.346903 0.346903 0.346903 0.346903
 0.112228 0.540175 0.540175 0.540175 0.540175
 0.193579 0.931732 0.931732 0.931732 0.931732
 0.16945 0.815596 0.815596 0.815596 0.815596
 0.0660476 0.3179 0.3179 0.3179 0.3179
 0.0472309 0.227331 0.227331 0.227331 0.227331
 0.0315465 0.151839 0.151839 0.151839 0.151839
 0.0269317 0.129628 0.129628 0.129628 0.129628
 0.0270988 0.130432 0.130432 0.130432 0.130432
 0.0132213 0.0636367 0.0636367 0.0636367 0.0636367
 0.0170201 0.0819212 0.0819212 0.0819212 0.0819212
 0.0196799 0.0947229 0.0947229 0.0947229 0.0947229
 0.0189237 0.0910834 0.0910834 0.0910834 0.0910834
nmprior
 10 10 8 0
nm_flota  nm_reclas  nm_pelaces    nm_pelaL
inf 12.8439 19.8938 36.1794
cv_recla  cv_pelaces  cv_mph
0.7346 0.571976 1.33329
 ------------------------------------------------
Talla a la edad & desviación 
 7.2 14.2025 17.0495 18.207 18.6776
 1.08 2.13037 2.55742 2.73105 2.80164
