    unsorted:	 -1.860838816e-06 -1.687539774e-05 0.0005193923956 0.0008999983579 0.4286967927 812.7882835 797.5526610 783.2478927 829.3832231 862.0465393 704.1686448 678.6026900 644.6131152 925.6734894 936.5044250 987.6691630 1021.483094 1028.312525 1039.287359 596.7830541 1116.609594 493.6921876 1194.331884 1181.311156 419.6348141 353.3089566 277.9476904 169.0237305 237.9902836 129.2526861 74.59156046 107.1329475 28.22732212 1263.829232 1434.878386 1583.876671 10232.40464 203142.4843 215234.9731 334394.0837 358350.5093 453821.0231 620015.1176 588328.5740 701733.5662 811632.5098 773482.6982 912949.9370 1030006.900 1060227.290 1228521.802 1202377.527 1372311.482 1466736.689 1788475.974 1800475.706 1949984.915 2212624.834 2319933.389 2491468.248 2587895.992 3461323.302 12437351.09
      sorted:	 -1.687539774e-05 -1.860838816e-06 0.0005193923956 0.0008999983579 0.4286967927 28.22732212 74.59156046 107.1329475 129.2526861 169.0237305 237.9902836 277.9476904 353.3089566 419.6348141 493.6921876 596.7830541 644.6131152 678.6026900 704.1686448 783.2478927 797.5526610 812.7882835 829.3832231 862.0465393 925.6734894 936.5044250 987.6691630 1021.483094 1028.312525 1039.287359 1116.609594 1181.311156 1194.331884 1263.829232 1434.878386 1583.876671 10232.40464 203142.4843 215234.9731 334394.0837 358350.5093 453821.0231 588328.5740 620015.1176 701733.5662 773482.6982 811632.5098 912949.9370 1030006.900 1060227.290 1202377.527 1228521.802 1372311.482 1466736.689 1788475.974 1800475.706 1949984.915 2212624.834 2319933.389 2491468.248 2587895.992 3461323.302 12437351.09
