years
 1997 1998 1999 2000 2001 2002 2003 2004 2005 2006 2007 2008 2009 2010 2011 2012 2013 2014 2015 2016 2017 2018 2019 2020
reclasobs
 0 0 0 370054 412103 1.49427e+06 250295 1.28982e+06 931140 785840 897777 1.04006e+06 184774 17550 25797 100020 73551 82996 120727 218422 84188 347160 605670 569463
reclaspred
 4.32387e+06 653304 860872 206963 249421 335430 679398 593365 649753 886473 954743 639645 354409 138598 75345.8 76883.4 88713.7 109403 116490 135473 217051 236405 389904 315817
pelacesobs
 0 0 0 0 0 0 0 0 0 2.06254e+06 1.5e+06 0 1.87456e+06 323000 250000 174000 83755 137374 0 501740 490994 745055 786931 1.00524e+06
pelacespred
 5.64492e+06 1.96089e+06 569044 341774 690713 441184 2.10428e+06 1.55754e+06 1.67841e+06 2.47427e+06 1.74282e+06 1.2442e+06 872751 284088 169727 152564 175950 218636 208749 256184 521771 442736 551143 451425
mphobs
 0 0 0 0 0 112323 0 153150 637223 0 255016 313432 73983 77613 109348 50772 0 0 0 0 0 0 0 0
mphpred
 1.06879e+06 452385 206077 83741 56122.2 149823 169136 289028 265520 305636 444226 270369 169911 97783.5 44323.8 33637.4 34116.7 39410.5 44588.5 46688.7 67502 90415.1 111700 125733
desembarqueobs
 350755 77701 442110 56441 14545 235359 269955 359681 431902 328805 639364 411747 362871 311530 167758 66681 60226 58785 57116 71774 51957 67425 138520 160799
desembarquepred
 350753 77684.5 441582 56422 14560.7 235216 270104 359227 431549 328672 638063 411025 362276 310883 167099 66533.8 60169 58688.7 57024.9 71704.9 51944.9 67359.9 138411 160661
Reclutas
 11849.5 17446.2 2445.35 6072.13 40994.5 15215.1 62808.7 59448 69409.4 129249 53075.3 49586.7 56305.1 29012.1 13149.9 10698.6 7393.67 7894.94 8467.82 11243 16912.1 21622.7 27979.1 11305.8
log_desv_Rt
 -0.539956 -0.153123 -2.11806 -1.20854 0.701194 -0.289953 1.12785 1.07286 1.22778 1.8495 0.959466 0.891478 1.01854 0.355469 -0.435831 -0.642128 -1.01162 -0.946023 -0.875971 -0.592496 -0.184218 0.0614996 0.319214 -0.586933
SSB
 1.55698e+06 659018 300206 121991 81756.9 218258 246392 421045 386800 445240 647133 393863 247521 142447 64569.4 49001.7 49699.9 57411.8 64955 68014.4 98334.5 131714 162721 183164
BT
 2.11002e+06 799825 432264 182983 282422 332663 1.05249e+06 972244 1.04591e+06 1.26898e+06 1.18536e+06 837593 687849 391366 199932 112195 113547 129583 122910 151720 238795 217423 287659 284093
Ftot
 0.162695 0.294443 1.11837 0.686407 0.180255 1.16204 1.08008 1.2524 1.43044 0.896344 1.18847 1.32868 2.15711 3.51303 3.61715 1.6192 1.31837 1.1097 0.959554 1.09779 0.519 0.582267 0.706716 0.933446
BD_Bspro_t
 0.974916 0.821896 0.586816 0.236206 0.288523 0.56928 0.424342 0.497268 0.426582 0.417538 0.472181 0.290641 0.207034 0.144078 0.0795586 0.0742153 0.10304 0.160848 0.219868 0.275547 0.385593 0.520083 0.530922 0.479664
BD_Bspro
 3.72196 1.57538 0.717642 0.291619 0.19544 0.521744 0.588999 1.00651 0.924645 1.06435 1.54697 0.94153 0.591698 0.34052 0.154353 0.117139 0.118808 0.137243 0.155275 0.162588 0.235068 0.314861 0.388985 0.437853
BD_Bo
 1.76289 0.746174 0.339909 0.138125 0.0925694 0.247123 0.278978 0.476729 0.437955 0.504124 0.732718 0.445953 0.280256 0.161286 0.0731088 0.0554823 0.0562729 0.0650046 0.0735454 0.0770094 0.111339 0.149133 0.184241 0.207387
BD_Brms
 5.71731 2.41995 1.10237 0.447957 0.300216 0.801453 0.904764 1.5461 1.42035 1.63495 2.37631 1.44629 0.908909 0.523075 0.237102 0.179937 0.182501 0.210819 0.238518 0.249752 0.361089 0.483659 0.597521 0.672587
S_f
 0.11988 0.999994 1 1 1
 0.11988 0.999994 1 1 1
 0.11988 0.999994 1 1 1
 0.11988 0.999994 1 1 1
 0.11988 0.999994 1 1 1
 0.11988 0.999994 1 1 1
 0.11988 0.999994 1 1 1
 0.11988 0.999994 1 1 1
 0.11988 0.999994 1 1 1
 0.11988 0.999994 1 1 1
 0.11988 0.999994 1 1 1
 0.11988 0.999994 1 1 1
 0.11988 0.999994 1 1 1
 0.11988 0.999994 1 1 1
 0.11988 0.999994 1 1 1
 0.11988 0.999994 1 1 1
 0.11988 0.999994 1 1 1
 0.11988 0.999994 1 1 1
 0.11988 0.999994 1 1 1
 0.11988 0.999994 1 1 1
 0.11988 0.999994 1 1 1
 0.11988 0.999994 1 1 1
 0.11988 0.999994 1 1 1
 0.11988 0.999994 1 1 1
Scru_reclas
 0.207312 0.568255 0.868833 0.970876 0.994075
 0.207312 0.568255 0.868833 0.970876 0.994075
 0.207312 0.568255 0.868833 0.970876 0.994075
 0.207312 0.568255 0.868833 0.970876 0.994075
 0.207312 0.568255 0.868833 0.970876 0.994075
 0.207312 0.568255 0.868833 0.970876 0.994075
 0.207312 0.568255 0.868833 0.970876 0.994075
 0.207312 0.568255 0.868833 0.970876 0.994075
 0.207312 0.568255 0.868833 0.970876 0.994075
 0.207312 0.568255 0.868833 0.970876 0.994075
 0.207312 0.568255 0.868833 0.970876 0.994075
 0.207312 0.568255 0.868833 0.970876 0.994075
 0.207312 0.568255 0.868833 0.970876 0.994075
 0.207312 0.568255 0.868833 0.970876 0.994075
 0.207312 0.568255 0.868833 0.970876 0.994075
 0.207312 0.568255 0.868833 0.970876 0.994075
 0.207312 0.568255 0.868833 0.970876 0.994075
 0.207312 0.568255 0.868833 0.970876 0.994075
 0.207312 0.568255 0.868833 0.970876 0.994075
 0.207312 0.568255 0.868833 0.970876 0.994075
 0.207312 0.568255 0.868833 0.970876 0.994075
 0.207312 0.568255 0.868833 0.970876 0.994075
 0.207312 0.568255 0.868833 0.970876 0.994075
 0.207312 0.568255 0.868833 0.970876 0.994075
Scru_pelaces
 0.769192 1 1 1 1
 0.769192 1 1 1 1
 0.769192 1 1 1 1
 0.769192 1 1 1 1
 0.769192 1 1 1 1
 0.769192 1 1 1 1
 0.769192 1 1 1 1
 0.769192 1 1 1 1
 0.769192 1 1 1 1
 0.769192 1 1 1 1
 0.769192 1 1 1 1
 0.769192 1 1 1 1
 0.769192 1 1 1 1
 0.769192 1 1 1 1
 0.769192 1 1 1 1
 0.769192 1 1 1 1
 0.769192 1 1 1 1
 0.769192 1 1 1 1
 0.769192 1 1 1 1
 0.769192 1 1 1 1
 0.769192 1 1 1 1
 0.769192 1 1 1 1
 0.769192 1 1 1 1
 0.769192 1 1 1 1
pf_obs 
 0.256992 0.487395 0.22802 0.0275931 0
 0.321318 0.546541 0.124235 0.00734118 0.000564706
 0.182869 0.594174 0.210203 0.0122559 0.00049798
 0.330522 0.361315 0.267642 0.0388342 0.00168674
 0.649043 0.306663 0.0425973 0.00169635 0
 0.582887 0.30429 0.105238 0.00758474 0
 0.465427 0.430635 0.0974691 0.00646863 0
 0.296916 0.608066 0.0921331 0.00288517 0
 0.311714 0.524322 0.152257 0.0117073 0
 0.15457 0.633149 0.183074 0.0267441 0.00246327
 0.131901 0.49318 0.331252 0.0422183 0.00144891
 0.196976 0.569456 0.194076 0.0375587 0.00193317
 0.518974 0.381816 0.0799577 0.0180837 0.00116848
 0.0928022 0.601141 0.25162 0.0475244 0.00691264
 0.122501 0.610282 0.24278 0.0234846 0.000952079
 0.383417 0.481906 0.127806 0.00687128 0
 0.0376549 0.599619 0.316969 0.0457579 0
 0.0361596 0.667082 0.258105 0.0386534 0
 0.158088 0.579412 0.248529 0.0139706 0
 0.0477256 0.309471 0.559284 0.082774 0.000745712
 0.0406174 0.521527 0.379366 0.0568643 0.0016247
 0.151134 0.462217 0.34131 0.0453401 0
 0.294876 0.26143 0.354403 0.0886775 0.000613685
 0.281977 0.475581 0.204845 0.0348837 0.00271318
pf_pred 
 0.0243148 0.632639 0.302798 0.0402466 2.19901e-06
 0.0693364 0.171188 0.492448 0.235697 0.0313296
 0.0211566 0.409952 0.104644 0.301021 0.163227
 0.178257 0.202819 0.259215 0.0661662 0.293543
 0.577435 0.304598 0.0291162 0.037212 0.0516386
 0.112256 0.821838 0.0475074 0.00454114 0.0138577
 0.524915 0.314912 0.148282 0.00857152 0.00331961
 0.273089 0.685104 0.0277122 0.0130486 0.00104641
 0.312549 0.591391 0.090535 0.00366207 0.0018626
 0.395401 0.539428 0.0560646 0.00858272 0.000523739
 0.129637 0.781013 0.0797191 0.00828541 0.00134578
 0.222388 0.545599 0.208195 0.0212505 0.00256736
 0.342331 0.546227 0.0781918 0.0298369 0.00341339
 0.279594 0.675005 0.0377081 0.00539779 0.00229535
 0.296366 0.679137 0.0229526 0.00128218 0.000261589
 0.333243 0.646789 0.0192724 0.00065133 4.38078e-05
 0.223761 0.706907 0.0672551 0.00200398 7.22816e-05
 0.269175 0.607175 0.112606 0.0107132 0.000330731
 0.259972 0.627157 0.093775 0.0173912 0.00170565
 0.303823 0.577481 0.100593 0.0150409 0.003063
 0.303143 0.60442 0.0766762 0.0133563 0.00240376
 0.251273 0.618104 0.113296 0.0143725 0.00295412
 0.254778 0.589189 0.128812 0.0236105 0.00361081
 0.106125 0.71911 0.138174 0.0302081 0.00638374
pobs_RECLAS
 0 0 0 0 0
 0 0 0 0 0
 0 0 0 0 0
 0 0 0 0 0
 0.835266 0.146461 0.0176864 0.000547809 3.91292e-05
 0.385257 0.428462 0.181853 0.0044286 0
 0.867414 0.0963971 0.0333333 0.00285562 0
 0.441836 0.489002 0.0689373 0.000224442 0
 0.779404 0.147425 0.0564933 0.0165055 0.000172143
 0.814271 0.122319 0.05973 0.00367925 0
 0.40263 0.566651 0.0304383 0.000280538 0
 0.475488 0.404961 0.113038 0.00651328 0
 0.955842 0.0263864 0.0167828 0.000988607 0
 0.975058 0.0227948 0.00214734 0 0
 0.738997 0.206755 0.0527124 0.00153531 0
 0.850938 0.134255 0.0134407 0.00136685 0
 0.542534 0.407297 0.0501686 0 0
 0.764087 0.199537 0.0359546 0.000420521 0
 0.470689 0.182191 0.310203 0.0369168 0
 0.84361 0.089868 0.0606195 0.00523954 0.000663233
 0.607945 0.314616 0.071237 0.00620181 0
 0.523733 0.453247 0.0230204 0 0
 0.530135 0.295979 0.169645 0.0042399 0
 0.562478 0.366248 0.0663022 0.0049721 0
ppred_RECLAS
 0.0602794 0.510582 0.37364 0.0554954 3.10463e-06
 0.134624 0.107225 0.471596 0.252227 0.034328
 0.0496326 0.284429 0.111005 0.356824 0.198109
 0.318288 0.112805 0.220429 0.0628742 0.285604
 0.779257 0.133667 0.0195353 0.0278995 0.0396409
 0.29186 0.628162 0.0555184 0.00593018 0.0185289
 0.758544 0.13528 0.0973912 0.00629097 0.00249461
 0.555925 0.404788 0.0250341 0.013172 0.00108154
 0.599389 0.32045 0.0750052 0.00339022 0.00176554
 0.669783 0.27801 0.044178 0.00755735 0.000472188
 0.32496 0.573428 0.0894897 0.0103933 0.00172849
 0.461351 0.324839 0.18952 0.0216163 0.00267395
 0.656392 0.259695 0.0568383 0.024236 0.00283889
 0.675517 0.293644 0.0250805 0.00401185 0.00174676
 0.702486 0.281851 0.014564 0.00090913 0.000189911
 0.642266 0.341546 0.0155601 0.00058763 4.04678e-05
 0.489062 0.444106 0.064601 0.00215097 7.94373e-05
 0.532467 0.355632 0.100841 0.0107207 0.000338871
 0.51738 0.376827 0.0861475 0.017853 0.00179279
 0.573351 0.323193 0.0860758 0.0143819 0.00299878
 0.561163 0.35428 0.0687161 0.0133755 0.00246474
 0.492973 0.381701 0.106971 0.0151639 0.00319126
 0.496033 0.356551 0.119183 0.0244112 0.00382247
 0.26079 0.535242 0.157242 0.0384145 0.00831195
pobs_PELACES
 0 0 0 0 0
 0 0 0 0 0
 0 0 0 0 0
 0 0 0 0 0
 0 0 0 0 0
 0 0 0 0 0
 0 0 0 0 0
 0 0 0 0 0
 0 0 0 0 0
 0 0 0 0 0
 0.450072 0.473896 0.0757376 0.000293798 0
 0 0 0 0 0
 0.463077 0.371075 0.160297 0.00555027 0
 0.529543 0.364841 0.0842815 0.0213345 0
 0.631943 0.363953 0.00410389 0 0
 0.735681 0.248677 0.0153453 0.000297389 0
 0.695825 0.281241 0.0229344 0 0
 0.275771 0.60734 0.115278 0.00161068 0
 0 0 0 0 0
 0.896147 0.0623911 0.0374545 0.00400742 0
 0.803859 0.145111 0.0509908 3.86294e-05 0
 0.739449 0.233085 0.0266225 0.000797448 4.60066e-05
 0.878498 0.100942 0.0204185 0.000141795 0
 0.694673 0.275183 0.0284847 0.00165964 0
ppred_PELACES
 0.144722 0.554568 0.265429 0.0352798 1.92763e-06
 0.346578 0.120193 0.345749 0.165484 0.0219966
 0.17575 0.345208 0.0881166 0.253478 0.137447
 0.641868 0.0883929 0.112971 0.0288365 0.127932
 0.903255 0.0697369 0.00666601 0.00851951 0.0118224
 0.559656 0.407653 0.0235647 0.0022525 0.00687371
 0.914705 0.0565382 0.0266217 0.00153889 0.000595985
 0.79701 0.191315 0.00773855 0.00364378 0.000292205
 0.837134 0.140108 0.0214486 0.00086758 0.000441269
 0.854645 0.129687 0.0134787 0.00206341 0.000125914
 0.602253 0.356915 0.0364305 0.00378631 0.000615003
 0.755529 0.17153 0.0654534 0.00668084 0.00080714
 0.892259 0.0894848 0.0128095 0.00488792 0.000559186
 0.926509 0.0688592 0.00384664 0.000550633 0.000234151
 0.935493 0.0622611 0.00210418 0.000117544 2.39811e-05
 0.860245 0.13557 0.00403954 0.00013652 9.1822e-06
 0.756153 0.222068 0.0211273 0.000629523 2.27063e-05
 0.783554 0.179825 0.0333498 0.00317286 9.79506e-05
 0.76425 0.199793 0.0298736 0.00554023 0.000543363
 0.810166 0.157468 0.0274294 0.00410132 0.000835214
 0.771056 0.198575 0.0251909 0.00438802 0.000789721
 0.726939 0.225423 0.0413188 0.00524162 0.00107736
 0.740087 0.205493 0.0449258 0.00823464 0.00125934
 0.520111 0.386065 0.0741799 0.0162175 0.00342718
pobs_pel_tallas
 0 0 0 0 0 0 0 0 0 0 0 0 0 0 0 0 0 0 0 0 0 0 0 0 0 0 0 0 0 0 0 0 0 0 0 0
 0 0 0 0 0 0 0 0 0 0 0 0 0 0 0 0 0 0 0 0 0 0 0 0 0 0 0 0 0 0 0 0 0 0 0 0
 0 0 0 0 0 0 0 0 0 0 0 0 0 0 0 0 0 0 0 0 0 0 0 0 0 0 0 0 0 0 0 0 0 0 0 0
 0 0 0 0 0 0 0 0 0 0 0 0 0 0 0 0 0 0 0 0 0 0 0 0 0 0 0 0 0 0 0 0 0 0 0 0
 0 0 0 0 0 0 0 0 0 0 0 0 0 0 0 0 0 0 0 0 0 0 0 0 0 0 0 0 0 0 0 0 0 0 0 0
 0 0 0 0 0 0 0 0 0 0 0 0 0 0 0 0 0 0 0 0 0 0 0 0 0 0 0 0 0 0 0 0 0 0 0 0
 0 0 0 0 0 0 0 0 0 0 0 0 0 0 0 0 0 0 0 0 0 0 0 0 0 0 0 0 0 0 0 0 0 0 0 0
 0 0 0 0 0 0 0 0 0 0 0 0 0 0 0 0 0 0 0 0 0 0 0 0 0 0 0 0 0 0 0 0 0 0 0 0
 0 0 0 0 0 0 0 0 0 0 0 0 0 0 0 0 0 0 0 0 0 0 0 0 0 0 0 0 0 0 0 0 0 0 0 0
 0 0 0 0 0 0 0 0 0 0 0 0 0 0 0 0 0 0 0 0 0 0 0 0 0 0 0 0 0 0 0 0 0 0 0 0
 0 0 0 0 0 0 0 0 1.78061e-05 0.00172719 0.00360574 0.0105946 0.0120993 0.0124554 0.0147524 0.0171206 0.0266825 0.0428682 0.0675386 0.121331 0.153587 0.119568 0.100827 0.0573624 0.0630603 0.0341343 0.0324427 0.0444173 0.0211091 0.0280891 0.0125444 0.00206551 0 0 0 0
 0 0 0 0 0 0 0 0 0 0 0 0 0 0 0 0 0 0 0 0 0 0 0 0 0 0 0 0 0 0 0 0 0 0 0 0
 0 0 0 0 0 0 0.0133647 0.0140871 0.0187388 0.0205184 0.03894 0.0496705 0.03968 0.0493445 0.0407372 0.0367815 0.0215668 0.0243155 0.0234873 0.0199281 0.019796 0.0243948 0.0301388 0.0376714 0.0412746 0.0863199 0.0771752 0.113111 0.0741005 0.0525337 0.0229764 0.00759418 0.00175318 0 0 0
 0 0 0 0 0 0 0 0 0 0 0.00219441 0.00772107 0.0458388 0.0604681 0.0671733 0.0775358 0.0609151 0.0617685 0.073594 0.0568108 0.0755445 0.0548602 0.0670107 0.0636378 0.0643287 0.046367 0.0373049 0.0286899 0.0247887 0.0153202 0.00654259 0.00121912 0.000365735 0 0 0
 0 0 0 0 0 0 0 0 0 0 0 0 0.000112435 0.00938835 0.0111873 0.0202946 0.0414886 0.0713402 0.111592 0.104902 0.108894 0.110636 0.117776 0.105296 0.107544 0.0401394 0.0192827 0.0124803 0.00416011 0.0028671 0.000618394 0 0 0 0 0
 0 0 0 0 0 0 0 0 0 0 0.00291406 0.0102884 0.027416 0.0768956 0.0749926 0.110853 0.0956884 0.0897413 0.0766577 0.0534642 0.0500743 0.0551293 0.0594112 0.0620874 0.0668451 0.0424026 0.0208742 0.0120726 0.0048766 0.00582813 0.00118941 0.000297354 0 0 0 0
 0 0.00264628 0.0354308 0.0461629 0.0458689 0.0383711 0.0214643 0.0164657 0.0346957 0.0420465 0.0363128 0.0245516 0.0311673 0.0291091 0.0169068 0.0133784 0.00837989 0.0085269 0.0148486 0.0160247 0.0276389 0.0546898 0.0760071 0.122758 0.109233 0.0665981 0.0333725 0.0166128 0.00676272 0.00308733 0.000882094 0 0 0 0 0
 0 0 0 0 0 0 0 0.000805153 0.000690131 0.00759144 0.0133425 0.0154129 0.00931677 0.000345066 0.00356568 0.00563607 0.00851162 0.0253048 0.0502646 0.0516448 0.0657925 0.0565908 0.0611916 0.0827007 0.0866115 0.110766 0.145733 0.0935128 0.0569358 0.0249597 0.0138026 0.00621118 0.00161031 0.00115022 0 0
 0 0 0 0 0 0 0 0 0 0 0 0 0 0 0 0 0 0 0 0 0 0 0 0 0 0 0 0 0 0 0 0 0 0 0 0
 0.00147267 0.00158595 0.00478618 0.00569244 0.00954404 0.0108468 0.00647125 0.017049 0.0510054 0.094081 0.124002 0.0959785 0.0687766 0.0820023 0.061753 0.0591476 0.0492212 0.0479892 0.0443925 0.0268479 0.0217502 0.0140895 0.0121071 0.0120363 0.00920419 0.00665534 0.0049561 0.00860946 0.00930331 0.0156896 0.0114698 0.00855282 0.00243557 0.00046729 0 2.83206e-05
 0 0 0 0 0.000772559 0.00158375 0.000888443 0.00281984 0.00712685 0.0440552 0.0773331 0.111326 0.0921469 0.0852325 0.0710754 0.0886704 0.0786465 0.0553345 0.0373146 0.0185414 0.00753245 0.00457741 0.012979 0.0271748 0.0457355 0.0583668 0.034881 0.0177882 0.00938659 0.00492506 0.0015258 0.00185414 0.000309023 5.79419e-05 3.86279e-05 0
 0 0.00173294 0.00326652 0 0.00397197 0.00683976 0.00946217 0.0152591 0.00757587 0.0136028 0.0228656 0.0392903 0.0559909 0.0764795 0.0681675 0.0726916 0.0566044 0.0477403 0.0527397 0.0444891 0.0609904 0.0582453 0.0661739 0.0445044 0.0529084 0.0360697 0.0280645 0.0235558 0.0158879 0.00826598 0.00280645 0.00217768 0.000904811 0.00058276 9.20147e-05 0
 0 0 0 0 0 0 0 0 0 0 0 0 0 0 0 0 0 0 0 0 0 0 0 0 0 0 0 0 0 0 0 0 0 0 0 0
 0 0 0 0 0 0 0 0 0 0 0 0 0 0 0 0 0 0 0 0 0 0 0 0 0 0 0 0 0 0 0 0 0 0 0 0
ppred_pel_tallas
 1.05161e-16 6.34629e-06 3.71671e-05 0.000176508 0.000679285 0.00211803 0.00535056 0.0109523 0.018171 0.024453 0.0267409 0.0238997 0.0177901 0.0117603 0.00828786 0.00805958 0.0106439 0.0154263 0.0219631 0.0298683 0.0386194 0.0474828 0.0555786 0.0620342 0.0661666 0.0676254 0.0664522 0.0630339 0.0579777 0.051953 0.0455542 0.0392215 0.0332269 0.0277068 0.0227149 0.0182676
 1.11662e-16 1.51306e-05 8.87785e-05 0.000421963 0.0016245 0.00506575 0.0127957 0.0261824 0.0434028 0.058297 0.0634604 0.0560285 0.0402213 0.0237082 0.0119567 0.00606451 0.00446006 0.00529295 0.00747048 0.0105595 0.0144104 0.0189162 0.0239225 0.0292155 0.0345372 0.0396061 0.0441378 0.0478604 0.0505303 0.05195 0.0519909 0.0506167 0.0479005 0.0440266 0.0392751 0.0339871
 1.16496e-16 7.68975e-06 4.50763e-05 0.000214157 0.000824325 0.0025704 0.00649294 0.013288 0.0220363 0.0296245 0.0323172 0.0286963 0.0209572 0.0130713 0.00792125 0.00619376 0.0072218 0.0101628 0.0144822 0.0198657 0.0260102 0.0325186 0.0389106 0.0447029 0.0495066 0.0531 0.0554516 0.0566815 0.0569839 0.0565406 0.0554596 0.0537597 0.0513987 0.0483263 0.0445394 0.0401167
 1.08602e-16 2.80046e-05 0.000164365 0.000781321 0.00300813 0.00938058 0.0236945 0.0484818 0.0803627 0.107921 0.117429 0.103557 0.074077 0.0431275 0.0207398 0.00882199 0.00431358 0.00362652 0.00458861 0.00629125 0.00842339 0.0108474 0.0134442 0.0160855 0.0186447 0.021011 0.023097 0.0248344 0.0261659 0.0270363 0.0273913 0.0271849 0.0263936 0.0250302 0.0231525 0.0208629
 1.00963e-16 3.94016e-05 0.000231277 0.00109943 0.00423294 0.0132001 0.0333423 0.0682216 0.113081 0.151851 0.16521 0.145645 0.104079 0.0603811 0.0286299 0.0114613 0.00450893 0.00265898 0.00279336 0.00358605 0.004576 0.00557762 0.00646563 0.00713436 0.00750864 0.00755916 0.00730813 0.0068207 0.00618617 0.00549512 0.00482027 0.00420625 0.00366917 0.00320383 0.00279404 0.00242225
 1.00866e-16 2.44328e-05 0.000143366 0.000681423 0.00262339 0.0081807 0.0206641 0.0422837 0.0700981 0.0941647 0.102535 0.0905991 0.0651931 0.0387311 0.0200733 0.0110125 0.00899795 0.0109658 0.0149821 0.0200657 0.0255889 0.0309345 0.0354386 0.0384838 0.0396339 0.0387395 0.0359748 0.0317876 0.0267848 0.0215909 0.0167245 0.012526 0.00914421 0.00656997 0.00469378 0.00336432
 1.00478e-16 3.99004e-05 0.000234207 0.00111336 0.00428658 0.0133674 0.0337648 0.0690859 0.114513 0.153773 0.167298 0.147479 0.105374 0.0611011 0.0289129 0.0114736 0.00435717 0.00238266 0.00239455 0.00305788 0.00391975 0.00481084 0.00562384 0.00626721 0.0066713 0.00680095 0.00666138 0.00629335 0.00576029 0.00513195 0.00447026 0.00382102 0.00321231 0.00265781 0.00216215 0.00172577
 1.00312e-16 3.47738e-05 0.000204096 0.000970187 0.00373528 0.0116481 0.0294223 0.0602019 0.0997913 0.134017 0.145838 0.12864 0.0920857 0.0537435 0.0260842 0.0114893 0.00615925 0.00561677 0.00710692 0.00939934 0.0119616 0.0144477 0.0165353 0.0179337 0.0184389 0.0179826 0.0166488 0.0146503 0.0122749 0.00981777 0.0075241 0.00555429 0.00397781 0.00278903 0.00193462 0.00134121
 1.00401e-16 3.65213e-05 0.000214361 0.00101899 0.00392322 0.0122342 0.0309026 0.0632304 0.10481 0.140751 0.153152 0.135058 0.0966073 0.0562358 0.0270204 0.0114374 0.00547223 0.00440744 0.00535294 0.00704644 0.00898884 0.0109023 0.0125461 0.0137041 0.0142208 0.0140369 0.013202 0.0118589 0.0102058 0.00844939 0.00676414 0.00526794 0.00401752 0.00301903 0.00224625 0.00165879
 1.00311e-16 3.72844e-05 0.000218842 0.0010403 0.00400525 0.0124901 0.0315488 0.0645525 0.107001 0.143692 0.156348 0.137869 0.0986005 0.0573604 0.0274938 0.0115221 0.0053403 0.00412683 0.00492967 0.00646425 0.00823199 0.00996653 0.0114437 0.012464 0.012886 0.0126585 0.011832 0.0105438 0.0089821 0.00734182 0.00578618 0.00442394 0.00330515 0.00243135 0.00177321 0.00128817
 1.00793e-16 2.62882e-05 0.000154263 0.00073324 0.00282292 0.00880292 0.0222357 0.045499 0.0754261 0.101315 0.110302 0.0974161 0.0699999 0.0413891 0.0210885 0.0109929 0.00832444 0.00976488 0.0132363 0.0177211 0.0226231 0.0273916 0.0314431 0.0342335 0.0353743 0.0347253 0.0324269 0.0288583 0.0245393 0.0200081 0.0157155 0.0119619 0.00888548 0.00649013 0.00469421 0.00337916
 1.01253e-16 3.29643e-05 0.000193475 0.000919694 0.00354087 0.0110419 0.0278909 0.0570685 0.0945974 0.127042 0.138246 0.121942 0.0872886 0.050939 0.0247159 0.0108787 0.0058303 0.00533509 0.00679532 0.00906393 0.0116595 0.0142774 0.0166308 0.0184498 0.0195296 0.0197726 0.0192062 0.017967 0.0162598 0.0143058 0.0122983 0.0103762 0.00861953 0.00705993 0.00569921 0.0045257
 1.00406e-16 3.89229e-05 0.000228465 0.00108606 0.00418145 0.0130395 0.0329366 0.0673918 0.111706 0.150007 0.163208 0.143892 0.102852 0.0597199 0.028412 0.0115406 0.00480065 0.00314605 0.00349568 0.00452935 0.00577048 0.00700504 0.00807334 0.00883684 0.00919652 0.00911418 0.00862055 0.007805 0.00679161 0.00570931 0.00466621 0.00373457 0.00294832 0.0023101 0.00180321 0.00140318
 1.00108e-16 4.04156e-05 0.00023723 0.00112773 0.00434191 0.0135399 0.0342006 0.0699778 0.115991 0.15576 0.169461 0.149391 0.106751 0.0619202 0.0293392 0.0117087 0.00454674 0.00260433 0.00267961 0.00340931 0.00431816 0.00521469 0.00597058 0.0064791 0.00666628 0.00650699 0.00603089 0.00531402 0.00445947 0.00357334 0.0027439 0.00202926 0.00145503 0.0010199 0.000705421 0.000485792
 1.00056e-16 4.0807e-05 0.000239529 0.00113866 0.004384 0.0136712 0.0345321 0.070656 0.117115 0.157268 0.171101 0.150832 0.107771 0.0624935 0.0295756 0.0117416 0.00446252 0.00243618 0.00242925 0.00306795 0.00387877 0.004678 0.00534759 0.00579091 0.00594156 0.00577772 0.00532749 0.00466115 0.00387348 0.00306179 0.00230691 0.00166183 0.00114951 0.000768042 0.000499514 0.000319166
 1.00107e-16 3.75288e-05 0.000220276 0.00104712 0.0040315 0.0125719 0.0317556 0.0649756 0.107702 0.144635 0.157375 0.138776 0.0992536 0.0577494 0.0276968 0.011635 0.00543244 0.00423548 0.00507017 0.00663854 0.00843139 0.0101717 0.011625 0.0125843 0.0129054 0.0125414 0.011554 0.0100966 0.00837618 0.00660527 0.00496013 0.00355629 0.00244366 0.00161772 0.00103905 0.000653151
 1.00396e-16 3.29935e-05 0.000193642 0.000920477 0.00354387 0.0110512 0.0279146 0.0571173 0.0946795 0.127156 0.138381 0.122086 0.0874461 0.05114 0.0250157 0.0113512 0.00656071 0.0064098 0.00828679 0.0110089 0.0140351 0.0169822 0.0194794 0.021187 0.0218639 0.0214239 0.0199565 0.0177001 0.0149808 0.0121364 0.0094494 0.00710831 0.00519951 0.00372485 0.00263195 0.00184476
 1.00646e-16 3.41866e-05 0.00020065 0.000953805 0.00367221 0.0114514 0.0289254 0.0591853 0.0981061 0.131753 0.143373 0.126463 0.0905212 0.0528183 0.0256132 0.0112463 0.00598244 0.00542239 0.00686357 0.00910626 0.0116406 0.0141415 0.0163065 0.0178577 0.0185937 0.0184344 0.0174382 0.0157822 0.0137145 0.0114952 0.00934456 0.00741266 0.00577367 0.00443913 0.00338071 0.00255265
 1.00706e-16 3.33457e-05 0.000195711 0.000930321 0.00358178 0.0111695 0.0282132 0.0577281 0.0956913 0.128513 0.139852 0.123371 0.0883378 0.0516042 0.0251365 0.0112275 0.00624433 0.00590274 0.00756618 0.0100534 0.012844 0.0155875 0.0179498 0.0196241 0.0203894 0.0201605 0.0190072 0.0171314 0.0148133 0.0123447 0.00997125 0.0078584 0.00608499 0.00465881 0.00354269 0.00268041
 1.00621e-16 3.53461e-05 0.00020746 0.000986182 0.00379688 0.0118402 0.0299074 0.0611943 0.101435 0.136222 0.148229 0.13073 0.0935393 0.0545068 0.0262966 0.0113152 0.00568815 0.00485756 0.00602819 0.00797092 0.0101843 0.0123709 0.0142637 0.0156198 0.0162632 0.0161247 0.0152562 0.0138132 0.0120133 0.0100836 0.00821613 0.00654096 0.00512141 0.00396594 0.00304845 0.00232804
 1.00611e-16 3.36424e-05 0.000197453 0.000938603 0.00361367 0.0112689 0.0284644 0.058242 0.0965431 0.129656 0.141096 0.124466 0.0891174 0.0520504 0.0253365 0.0112871 0.00623489 0.00585553 0.00748781 0.00993992 0.0126883 0.0153825 0.01769 0.0193065 0.0200139 0.0197306 0.01853 0.016617 0.0142749 0.0117974 0.00943128 0.00734155 0.00560547 0.00422793 0.00316797 0.00236523
 1.00891e-16 3.17198e-05 0.000186164 0.000884924 0.00340699 0.0106243 0.0268363 0.0549111 0.091023 0.122246 0.133042 0.117384 0.0840964 0.0492183 0.0241458 0.0110766 0.00657183 0.0065687 0.00856182 0.0114149 0.0146025 0.0177443 0.0204661 0.0224211 0.0233568 0.0231729 0.0219424 0.0198864 0.0173152 0.0145531 0.0118749 0.00946698 0.00742117 0.00575101 0.00442072 0.00337329
 1.01047e-16 3.22923e-05 0.000189527 0.000900916 0.00346856 0.0108164 0.0273214 0.0559034 0.0926672 0.124452 0.135437 0.119484 0.0855723 0.0500242 0.0244336 0.0110279 0.00629685 0.00609826 0.00788296 0.0105062 0.0134571 0.0163827 0.0189416 0.0208164 0.0217744 0.0217189 0.0207094 0.0189389 0.0166814 0.0142245 0.0118127 0.00961333 0.0077108 0.00612152 0.00481957 0.00376118
 1.01897e-16 2.27077e-05 0.00013324 0.000633285 0.00243805 0.00760273 0.0192042 0.0392965 0.0651463 0.0875141 0.0952969 0.0842115 0.0606146 0.0360476 0.0187514 0.0104011 0.00863797 0.0106278 0.014587 0.0196151 0.0251364 0.0305778 0.0353146 0.0387547 0.0404652 0.0402706 0.0382901 0.0348948 0.0306065 0.0259718 0.0214525 0.017362 0.0138545 0.0109538 0.00860254 0.00671004
pSPR Fmed_Fpbrs
0.370722   0.358343 0.358343
Fs Fmed_Fpbrs
0.949409   1.005 1.005
SSBpbr Bo_Bmed_Bpbrs
883196  283260  272327 272327
Ro
20333
SPR SPRFo_SPRFmed_SPRFpbrs
418323 155081 149903
log_Ro
9.74
likeval ReclasPelacesDesembMPH_pf_preclas_ppelaces_ptallas_desvR_qrecl_qpela
 70.2536 17.1386 0.249413 0.00016561 327.07 166.058 90.6413 0 29.4317 5.56211e-05 0.000146835 0 0 0 0
q_reclas_q_pelaces
2.87722 5.6067
M
0.7
N
 11849.5 39334.3 18826.4 2502.32 0.136723
 17446.2 5770.65 16600 7945.16 1056.1
 2445.35 8363.06 2134.74 6140.83 3329.83
 6072.13 1061.96 1357.25 346.447 1536.99
 40994.5 2777.14 265.462 339.274 470.807
 15215.1 19922.1 1151.62 110.081 335.922
 62808.7 6573.11 3095.04 178.911 69.2893
 59448 27401.9 1108.39 521.899 41.8526
 69409.4 25405.5 3889.26 157.318 80.015
 129249 29036.1 3017.82 461.986 28.1915
 53075.3 57644.2 5883.8 611.518 99.3277
 49586.7 22856.5 8721.8 890.236 107.553
 56305.1 20998.3 3005.88 1147 131.219
 29012.1 21589.2 1206.04 172.641 73.4138
 13149.9 9455.27 319.557 17.8511 3.64195
 10698.6 4232.49 126.116 4.26219 0.286671
 7393.67 4375.44 416.277 12.4037 0.447389
 7894.94 3134.84 581.38 55.3118 1.70756
 8467.82 3432.17 513.19 95.1742 9.33429
 11243 3748.07 652.884 97.6209 19.88
 16912.1 4894.67 620.929 108.16 19.4658
 21622.7 7891.68 1446.5 183.501 37.7167
 27979.1 10013.6 2189.22 401.271 61.3674
 11305.8 12765.4 2452.8 536.242 113.322
pred_Ctot
 164.782 4287.42 2052.07 272.753 0.0149028
 436.034 1076.55 3096.85 1482.22 197.022
 222.369 4308.84 1099.87 3163.91 1715.61
 346.589 394.345 503.998 128.649 570.743
 631.023 332.866 31.8183 40.6654 56.4309
 1434.37 10501.2 607.036 58.0253 177.07
 5526.91 3315.76 1561.28 90.2508 34.9527
 6012.04 15082.6 610.084 287.265 23.0366
 7944.22 15031.7 2301.17 93.0806 47.3427
 9528.99 13000 1351.13 206.84 12.6219
 5110.39 30788.3 3142.6 326.618 53.0519
 5299.31 13001.1 4961.09 506.38 61.1778
 9365.1 14943.1 2139.09 816.244 93.3798
 7346.27 17735.6 990.772 141.826 60.3099
 3411 7816.48 264.171 14.7572 3.01073
 1372.76 2664.37 79.3905 2.68308 0.180461
 784.443 2478.22 235.777 7.02538 0.253399
 712.679 1607.58 298.139 28.3646 0.875656
 666.131 1606.98 240.282 44.5618 4.37043
 1004.64 1909.53 332.626 49.7351 10.1283
 736.306 1468.08 186.239 32.4411 5.8385
 1052.66 2589.43 474.631 60.2108 12.3757
 1642.52 3798.43 830.435 152.214 23.2784
 866.355 5870.5 1127.99 246.606 52.1141
F
 0.0195038 0.162694 0.162695 0.162695 0.162695
 0.0352978 0.294442 0.294443 0.294443 0.294443
 0.13407 1.11836 1.11837 1.11837 1.11837
 0.0822863 0.686403 0.686407 0.686407 0.686407
 0.0216089 0.180254 0.180255 0.180255 0.180255
 0.139304 1.16203 1.16204 1.16204 1.16204
 0.12948 1.08008 1.08008 1.08008 1.08008
 0.150137 1.25239 1.2524 1.2524 1.2524
 0.171481 1.43043 1.43044 1.43044 1.43044
 0.107453 0.896339 0.896344 0.896344 0.896344
 0.142474 1.18846 1.18847 1.18847 1.18847
 0.159281 1.32867 1.32868 1.32868 1.32868
 0.258594 2.1571 2.15711 2.15711 2.15711
 0.421142 3.51301 3.51303 3.51303 3.51303
 0.433623 3.61713 3.61715 3.61715 3.61715
 0.19411 1.61919 1.6192 1.6192 1.6192
 0.158045 1.31836 1.31837 1.31837 1.31837
 0.13303 1.10969 1.1097 1.1097 1.1097
 0.115031 0.959548 0.959554 0.959554 0.959554
 0.131602 1.09778 1.09779 1.09779 1.09779
 0.0622176 0.518997 0.519 0.519 0.519
 0.069802 0.582263 0.582267 0.582267 0.582267
 0.0847209 0.706712 0.706716 0.706716 0.706716
 0.111901 0.93344 0.933446 0.933446 0.933446
nmprior
 10 10 8 0
nm_flota  nm_reclas  nm_pelaces    nm_pelaL
inf 17.9238 8.98145 13.9321
cv_recla  cv_pelaces  cv_mph
0.775999 0.487139 0.417524
 ------------------------------------------------
Talla a la edad & desviación 
 7.2 14.2025 17.0495 18.207 18.6776
 1.08 2.13037 2.55742 2.73105 2.80164
