years
 1997 1998 1999 2000 2001 2002 2003 2004 2005 2006 2007 2008 2009 2010 2011 2012 2013 2014 2015 2016 2017 2018 2019 2020
reclasobs
 0 0 0 370054 412103 1.49427e+06 250295 1.28982e+06 931140 785840 897777 1.04006e+06 184774 17550 25797 100020 73551 82996 120727 218422 84188 347160 605670 569463
reclaspred
 2.03032e+06 631481 2.29025e+06 1.47121e+06 1.47334e+06 1.73512e+06 3.22753e+06 1.9805e+06 1.94563e+06 1.59482e+06 1.25392e+06 835321 484105 226338 163820 182298 249815 388108 460763 630815 955939 997117 1.9644e+06 3.2091e+06
pelacesobs
 0 0 0 0 0 0 0 0 0 2.06254e+06 1.5e+06 0 1.87456e+06 323000 250000 174000 83755 137374 0 501740 490994 745055 786931 1.00524e+06
pelacespred
 1.54698e+06 637156 892652 1.09166e+06 931298 917450 1.62434e+06 1.4518e+06 1.16915e+06 1.00264e+06 679643 461268 260417 99423.3 72579.9 91281.8 130824 204795 257428 340298 558072 602690 897961 1.70457e+06
mphobs
 0 0 0 0 0 112323 0 153150 637223 0 255016 313432 73983 77613 109348 50772 0 0 0 0 0 0 0 0
mphpred
 1.29921e+06 1.03002e+06 1.2243e+06 1.62918e+06 1.29859e+06 1.49923e+06 2.09658e+06 2.28728e+06 1.78067e+06 1.58648e+06 1.31368e+06 884713 545261 285090 145662 143888 185966 288003 389006 473056 713460 897920 1.24978e+06 2.16535e+06
desembarqueobs
 350755 77701 442110 56441 14545 235359 269955 359681 431902 328805 639364 411747 362871 311530 167758 66681 60226 58785 57116 71774 51957 67425 138520 160799
desembarquepred
 350801 77719.5 442367 56448.7 14545.5 235480 270035 359870 432196 329023 640548 412562 363774 312563 167990 66729.1 60268.1 58805.2 57129.2 71791.2 51963.2 67431.7 138537 160808
Reclutas
 132843 118155 74958.5 80919 113473 98627.1 139247 116238 122642 109541 69365.4 45323.3 44003.9 29669.8 22618.5 23551 22558.1 26561.2 31156 51146 76223.8 107172 213248 402060
log_desv_Rt
 0.616925 0.499753 0.0446904 0.121204 0.459323 0.319102 0.664005 0.483393 0.537023 0.424054 -0.0328563 -0.458424 -0.487966 -0.882114 -1.15348 -1.11307 -1.15615 -0.992794 -0.833237 -0.337561 0.0614295 0.402187 1.09021 1.72436
SSB
 1.29921e+06 1.03002e+06 1.2243e+06 1.62918e+06 1.29859e+06 1.49923e+06 2.09658e+06 2.28728e+06 1.78067e+06 1.58648e+06 1.31368e+06 884713 545261 285090 145662 143888 185966 288003 389006 473056 713460 897920 1.24978e+06 2.16535e+06
BT
 5.11443e+06 1.35916e+06 2.37402e+06 2.2484e+06 1.97791e+06 1.9697e+06 4.02184e+06 3.42873e+06 2.97661e+06 2.43108e+06 2.00156e+06 1.341e+06 924929 511762 323496 264093 356824 512048 587043 822990 1.34826e+06 1.2945e+06 2.06218e+06 4.11904e+06
Ftot
 0.167896 0.119826 0.187172 0.0375194 0.00966886 0.13195 0.0816201 0.176241 0.214934 0.199784 0.483766 0.46827 0.698706 1.21346 0.937696 0.351192 0.233345 0.147275 0.120674 0.110858 0.0531196 0.0660312 0.0688528 0.0489831
BD_Bspro_t
 0.9783 0.878836 0.848608 0.774721 0.820771 0.876856 0.845558 0.842718 0.781969 0.72351 0.662354 0.496368 0.383831 0.273446 0.174569 0.199546 0.311487 0.49349 0.624579 0.720183 0.8109 0.876227 0.893268 0.912599
BD_Bspro
 0.880962 0.698432 0.830168 1.10471 0.880544 1.01659 1.42164 1.55095 1.20743 1.07575 0.890773 0.599901 0.369728 0.193312 0.0987696 0.0975669 0.126099 0.195287 0.263775 0.320767 0.483779 0.608856 0.847443 1.46827
BD_Bo
 0.844429 0.669469 0.795741 1.0589 0.844028 0.974432 1.36269 1.48663 1.15735 1.03114 0.853833 0.575024 0.354395 0.185295 0.0946737 0.0935209 0.12087 0.187189 0.252837 0.307465 0.463717 0.583608 0.8123 1.40738
BD_Brms
 4.11136 3.25951 3.87431 5.15556 4.10941 4.74432 6.63465 7.23811 5.63493 5.02041 4.15715 2.79968 1.72548 0.902167 0.460948 0.455335 0.588491 0.911387 1.23101 1.49699 2.25775 2.84147 3.95493 6.85225
S_f
 0.5 1 1 1 1
 0.5 1 1 1 1
 0.5 1 1 1 1
 0.5 1 1 1 1
 0.5 1 1 1 1
 0.5 1 1 1 1
 0.5 1 1 1 1
 0.5 1 1 1 1
 0.5 1 1 1 1
 0.5 1 1 1 1
 0.5 1 1 1 1
 0.5 1 1 1 1
 0.5 1 1 1 1
 0.5 1 1 1 1
 0.5 1 1 1 1
 0.5 1 1 1 1
 0.5 1 1 1 1
 0.5 1 1 1 1
 0.5 1 1 1 1
 0.5 1 1 1 1
 0.5 1 1 1 1
 0.5 1 1 1 1
 0.5 1 1 1 1
 0.5 1 1 1 1
Scru_reclas
 0.5 1 1 1 1
 0.5 1 1 1 1
 0.5 1 1 1 1
 0.5 1 1 1 1
 0.5 1 1 1 1
 0.5 1 1 1 1
 0.5 1 1 1 1
 0.5 1 1 1 1
 0.5 1 1 1 1
 0.5 1 1 1 1
 0.5 1 1 1 1
 0.5 1 1 1 1
 0.5 1 1 1 1
 0.5 1 1 1 1
 0.5 1 1 1 1
 0.5 1 1 1 1
 0.5 1 1 1 1
 0.5 1 1 1 1
 0.5 1 1 1 1
 0.5 1 1 1 1
 0.5 1 1 1 1
 0.5 1 1 1 1
 0.5 1 1 1 1
 0.5 1 1 1 1
Scru_pelaces
 0.5 1 1 1 1
 0.5 1 1 1 1
 0.5 1 1 1 1
 0.5 1 1 1 1
 0.5 1 1 1 1
 0.5 1 1 1 1
 0.5 1 1 1 1
 0.5 1 1 1 1
 0.5 1 1 1 1
 0.5 1 1 1 1
 0.5 1 1 1 1
 0.5 1 1 1 1
 0.5 1 1 1 1
 0.5 1 1 1 1
 0.5 1 1 1 1
 0.5 1 1 1 1
 0.5 1 1 1 1
 0.5 1 1 1 1
 0.5 1 1 1 1
 0.5 1 1 1 1
 0.5 1 1 1 1
 0.5 1 1 1 1
 0.5 1 1 1 1
 0.5 1 1 1 1
pf_obs 
 0.256992 0.487395 0.22802 0.0275931 0
 0.321318 0.546541 0.124235 0.00734118 0.000564706
 0.182869 0.594174 0.210203 0.0122559 0.00049798
 0.330522 0.361315 0.267642 0.0388342 0.00168674
 0.649043 0.306663 0.0425973 0.00169635 0
 0.582887 0.30429 0.105238 0.00758474 0
 0.465427 0.430635 0.0974691 0.00646863 0
 0.296916 0.608066 0.0921331 0.00288517 0
 0.311714 0.524322 0.152257 0.0117073 0
 0.15457 0.633149 0.183074 0.0267441 0.00246327
 0.131901 0.49318 0.331252 0.0422183 0.00144891
 0.196976 0.569456 0.194076 0.0375587 0.00193317
 0.518974 0.381816 0.0799577 0.0180837 0.00116848
 0.0928022 0.601141 0.25162 0.0475244 0.00691264
 0.122501 0.610282 0.24278 0.0234846 0.000952079
 0.383417 0.481906 0.127806 0.00687128 0
 0.0376549 0.599619 0.316969 0.0457579 0
 0.0361596 0.667082 0.258105 0.0386534 0
 0.158088 0.579412 0.248529 0.0139706 0
 0.0477256 0.309471 0.559284 0.082774 0.000745712
 0.0406174 0.521527 0.379366 0.0568643 0.0016247
 0.151134 0.462217 0.34131 0.0453401 0
 0.294876 0.26143 0.354403 0.0886775 0.000613685
 0.281977 0.475581 0.204845 0.0348837 0.00271318
pf_pred 
 0.666801 0.238473 0.0850203 0.00970173 4.55821e-06
 0.446706 0.446848 0.0761838 0.027161 0.00310082
 0.306366 0.433878 0.209783 0.0357662 0.0142071
 0.367271 0.305178 0.204887 0.0990645 0.0235986
 0.437673 0.303568 0.124804 0.0837899 0.0501638
 0.355489 0.392834 0.135867 0.0558581 0.0599529
 0.452116 0.292471 0.155676 0.0538426 0.0458948
 0.363543 0.399746 0.126361 0.0672591 0.043091
 0.398671 0.328133 0.171589 0.0542396 0.0473672
 0.379477 0.363031 0.140509 0.0734754 0.0435087
 0.305221 0.392009 0.177132 0.0685579 0.0570796
 0.317174 0.343557 0.191423 0.0864959 0.0613505
 0.422991 0.29767 0.140546 0.0783097 0.0604828
 0.437117 0.362407 0.103423 0.0488314 0.048222
 0.5397 0.319716 0.0905133 0.0258304 0.0242396
 0.577488 0.320111 0.0711259 0.0201361 0.0111389
 0.475966 0.393877 0.0986119 0.0219107 0.00963442
 0.475868 0.345972 0.13391 0.0335259 0.0107247
 0.46063 0.352945 0.123057 0.0476295 0.0157392
 0.534589 0.297228 0.110054 0.0383709 0.0197593
 0.530199 0.330407 0.0890219 0.0329618 0.0174104
 0.506608 0.343471 0.105438 0.0284083 0.0160746
 0.587169 0.279316 0.0929454 0.0285322 0.0120374
 0.596266 0.300217 0.0700382 0.0233059 0.0101728
pobs_RECLAS
 0 0 0 0 0
 0 0 0 0 0
 0 0 0 0 0
 0 0 0 0 0
 0.835266 0.146461 0.0176864 0.000547809 3.91292e-05
 0.385257 0.428462 0.181853 0.0044286 0
 0.867414 0.0963971 0.0333333 0.00285562 0
 0.441836 0.489002 0.0689373 0.000224442 0
 0.779404 0.147425 0.0564933 0.0165055 0.000172143
 0.814271 0.122319 0.05973 0.00367925 0
 0.40263 0.566651 0.0304383 0.000280538 0
 0.475488 0.404961 0.113038 0.00651328 0
 0.955842 0.0263864 0.0167828 0.000988607 0
 0.975058 0.0227948 0.00214734 0 0
 0.738997 0.206755 0.0527124 0.00153531 0
 0.850938 0.134255 0.0134407 0.00136685 0
 0.542534 0.407297 0.0501686 0 0
 0.764087 0.199537 0.0359546 0.000420521 0
 0.470689 0.182191 0.310203 0.0369168 0
 0.84361 0.089868 0.0606195 0.00523954 0.000663233
 0.607945 0.314616 0.071237 0.00620181 0
 0.523733 0.453247 0.0230204 0 0
 0.530135 0.295979 0.169645 0.0042399 0
 0.562478 0.366248 0.0663022 0.0049721 0
ppred_RECLAS
 0.668069 0.237565 0.0846967 0.00966481 4.54086e-06
 0.447671 0.446069 0.076051 0.0271137 0.00309542
 0.307744 0.433015 0.209366 0.0356951 0.0141789
 0.367533 0.305052 0.204802 0.0990235 0.0235888
 0.437743 0.303531 0.124789 0.0837795 0.0501576
 0.356485 0.392226 0.135656 0.0557717 0.0598603
 0.452751 0.292132 0.155496 0.0537801 0.0458415
 0.364942 0.398867 0.126083 0.0671112 0.0429963
 0.400499 0.327136 0.171067 0.0540748 0.0472232
 0.381124 0.362067 0.140136 0.0732803 0.0433932
 0.309698 0.389483 0.175991 0.0681162 0.0567118
 0.321551 0.341354 0.190196 0.0859415 0.0609572
 0.431496 0.293282 0.138475 0.0771554 0.0595912
 0.456391 0.349998 0.0998811 0.0471593 0.0465708
 0.552852 0.310581 0.0879272 0.0250923 0.0235471
 0.580871 0.317548 0.0705563 0.0199749 0.0110497
 0.478062 0.392302 0.0982175 0.0218231 0.00959589
 0.477095 0.345162 0.133596 0.0334474 0.0106996
 0.461607 0.352305 0.122834 0.0475432 0.0157107
 0.535479 0.296659 0.109843 0.0382975 0.0197215
 0.530604 0.330122 0.0889453 0.0329335 0.0173955
 0.507119 0.343116 0.105329 0.0283789 0.016058
 0.587687 0.278966 0.0928288 0.0284964 0.0120223
 0.596625 0.29995 0.069976 0.0232852 0.0101637
pobs_PELACES
 0 0 0 0 0
 0 0 0 0 0
 0 0 0 0 0
 0 0 0 0 0
 0 0 0 0 0
 0 0 0 0 0
 0 0 0 0 0
 0 0 0 0 0
 0 0 0 0 0
 0 0 0 0 0
 0.450072 0.473896 0.0757376 0.000293798 0
 0 0 0 0 0
 0.463077 0.371075 0.160297 0.00555027 0
 0.529543 0.364841 0.0842815 0.0213345 0
 0.631943 0.363953 0.00410389 0 0
 0.735681 0.248677 0.0153453 0.000297389 0
 0.695825 0.281241 0.0229344 0 0
 0.275771 0.60734 0.115278 0.00161068 0
 0 0 0 0 0
 0.896147 0.0623911 0.0374545 0.00400742 0
 0.803859 0.145111 0.0509908 3.86294e-05 0
 0.739449 0.233085 0.0266225 0.000797448 4.60066e-05
 0.878498 0.100942 0.0204185 0.000141795 0
 0.694673 0.275183 0.0284847 0.00165964 0
ppred_PELACES
 0.674183 0.233189 0.0831366 0.00948678 4.45722e-06
 0.452565 0.442117 0.0753771 0.0268735 0.00306799
 0.314362 0.428876 0.207365 0.0353539 0.0140433
 0.368974 0.304357 0.204336 0.098798 0.0235351
 0.438136 0.303319 0.124702 0.083721 0.0501226
 0.361495 0.389173 0.1346 0.0553375 0.0593942
 0.45609 0.29035 0.154547 0.053452 0.0455619
 0.371708 0.394618 0.12474 0.0663963 0.0425382
 0.409043 0.322473 0.168629 0.0533041 0.0465502
 0.388929 0.3575 0.138368 0.0723561 0.0428459
 0.327016 0.379712 0.171575 0.0664072 0.055289
 0.338634 0.332759 0.185407 0.0837775 0.0594223
 0.45997 0.278593 0.131539 0.073291 0.0566065
 0.506335 0.317842 0.0907045 0.0428265 0.0422921
 0.590715 0.284282 0.0804819 0.0229676 0.0215532
 0.594909 0.306912 0.0681932 0.0193058 0.0106796
 0.487676 0.385076 0.0964084 0.0214211 0.00941914
 0.48316 0.341158 0.132047 0.0330595 0.0105754
 0.466559 0.349065 0.121704 0.0471059 0.0155662
 0.540026 0.293755 0.108768 0.0379226 0.0195285
 0.532786 0.328587 0.0885318 0.0327804 0.0173146
 0.509842 0.34122 0.104747 0.0282221 0.0159693
 0.590437 0.277105 0.0922097 0.0283063 0.0119421
 0.598569 0.298505 0.0696388 0.023173 0.0101148
pobs_pel_tallas
 0 0 0 0 0 0 0 0 0 0 0 0 0 0 0 0 0 0 0 0 0 0 0 0 0 0 0 0 0 0 0 0 0 0 0 0
 0 0 0 0 0 0 0 0 0 0 0 0 0 0 0 0 0 0 0 0 0 0 0 0 0 0 0 0 0 0 0 0 0 0 0 0
 0 0 0 0 0 0 0 0 0 0 0 0 0 0 0 0 0 0 0 0 0 0 0 0 0 0 0 0 0 0 0 0 0 0 0 0
 0 0 0 0 0 0 0 0 0 0 0 0 0 0 0 0 0 0 0 0 0 0 0 0 0 0 0 0 0 0 0 0 0 0 0 0
 0 0 0 0 0 0 0 0 0 0 0 0 0 0 0 0 0 0 0 0 0 0 0 0 0 0 0 0 0 0 0 0 0 0 0 0
 0 0 0 0 0 0 0 0 0 0 0 0 0 0 0 0 0 0 0 0 0 0 0 0 0 0 0 0 0 0 0 0 0 0 0 0
 0 0 0 0 0 0 0 0 0 0 0 0 0 0 0 0 0 0 0 0 0 0 0 0 0 0 0 0 0 0 0 0 0 0 0 0
 0 0 0 0 0 0 0 0 0 0 0 0 0 0 0 0 0 0 0 0 0 0 0 0 0 0 0 0 0 0 0 0 0 0 0 0
 0 0 0 0 0 0 0 0 0 0 0 0 0 0 0 0 0 0 0 0 0 0 0 0 0 0 0 0 0 0 0 0 0 0 0 0
 0 0 0 0 0 0 0 0 0 0 0 0 0 0 0 0 0 0 0 0 0 0 0 0 0 0 0 0 0 0 0 0 0 0 0 0
 0 0 0 0 0 0 0 0 1.78061e-05 0.00172719 0.00360574 0.0105946 0.0120993 0.0124554 0.0147524 0.0171206 0.0266825 0.0428682 0.0675386 0.121331 0.153587 0.119568 0.100827 0.0573624 0.0630603 0.0341343 0.0324427 0.0444173 0.0211091 0.0280891 0.0125444 0.00206551 0 0 0 0
 0 0 0 0 0 0 0 0 0 0 0 0 0 0 0 0 0 0 0 0 0 0 0 0 0 0 0 0 0 0 0 0 0 0 0 0
 0 0 0 0 0 0 0.0133647 0.0140871 0.0187388 0.0205184 0.03894 0.0496705 0.03968 0.0493445 0.0407372 0.0367815 0.0215668 0.0243155 0.0234873 0.0199281 0.019796 0.0243948 0.0301388 0.0376714 0.0412746 0.0863199 0.0771752 0.113111 0.0741005 0.0525337 0.0229764 0.00759418 0.00175318 0 0 0
 0 0 0 0 0 0 0 0 0 0 0.00219441 0.00772107 0.0458388 0.0604681 0.0671733 0.0775358 0.0609151 0.0617685 0.073594 0.0568108 0.0755445 0.0548602 0.0670107 0.0636378 0.0643287 0.046367 0.0373049 0.0286899 0.0247887 0.0153202 0.00654259 0.00121912 0.000365735 0 0 0
 0 0 0 0 0 0 0 0 0 0 0 0 0.000112435 0.00938835 0.0111873 0.0202946 0.0414886 0.0713402 0.111592 0.104902 0.108894 0.110636 0.117776 0.105296 0.107544 0.0401394 0.0192827 0.0124803 0.00416011 0.0028671 0.000618394 0 0 0 0 0
 0 0 0 0 0 0 0 0 0 0 0.00291406 0.0102884 0.027416 0.0768956 0.0749926 0.110853 0.0956884 0.0897413 0.0766577 0.0534642 0.0500743 0.0551293 0.0594112 0.0620874 0.0668451 0.0424026 0.0208742 0.0120726 0.0048766 0.00582813 0.00118941 0.000297354 0 0 0 0
 0 0.00264628 0.0354308 0.0461629 0.0458689 0.0383711 0.0214643 0.0164657 0.0346957 0.0420465 0.0363128 0.0245516 0.0311673 0.0291091 0.0169068 0.0133784 0.00837989 0.0085269 0.0148486 0.0160247 0.0276389 0.0546898 0.0760071 0.122758 0.109233 0.0665981 0.0333725 0.0166128 0.00676272 0.00308733 0.000882094 0 0 0 0 0
 0 0 0 0 0 0 0 0.000805153 0.000690131 0.00759144 0.0133425 0.0154129 0.00931677 0.000345066 0.00356568 0.00563607 0.00851162 0.0253048 0.0502646 0.0516448 0.0657925 0.0565908 0.0611916 0.0827007 0.0866115 0.110766 0.145733 0.0935128 0.0569358 0.0249597 0.0138026 0.00621118 0.00161031 0.00115022 0 0
 0 0 0 0 0 0 0 0 0 0 0 0 0 0 0 0 0 0 0 0 0 0 0 0 0 0 0 0 0 0 0 0 0 0 0 0
 0.00147267 0.00158595 0.00478618 0.00569244 0.00954404 0.0108468 0.00647125 0.017049 0.0510054 0.094081 0.124002 0.0959785 0.0687766 0.0820023 0.061753 0.0591476 0.0492212 0.0479892 0.0443925 0.0268479 0.0217502 0.0140895 0.0121071 0.0120363 0.00920419 0.00665534 0.0049561 0.00860946 0.00930331 0.0156896 0.0114698 0.00855282 0.00243557 0.00046729 0 2.83206e-05
 0 0 0 0 0.000772559 0.00158375 0.000888443 0.00281984 0.00712685 0.0440552 0.0773331 0.111326 0.0921469 0.0852325 0.0710754 0.0886704 0.0786465 0.0553345 0.0373146 0.0185414 0.00753245 0.00457741 0.012979 0.0271748 0.0457355 0.0583668 0.034881 0.0177882 0.00938659 0.00492506 0.0015258 0.00185414 0.000309023 5.79419e-05 3.86279e-05 0
 0 0.00173294 0.00326652 0 0.00397197 0.00683976 0.00946217 0.0152591 0.00757587 0.0136028 0.0228656 0.0392903 0.0559909 0.0764795 0.0681675 0.0726916 0.0566044 0.0477403 0.0527397 0.0444891 0.0609904 0.0582453 0.0661739 0.0445044 0.0529084 0.0360697 0.0280645 0.0235558 0.0158879 0.00826598 0.00280645 0.00217768 0.000904811 0.00058276 9.20147e-05 0
 0 0 0 0 0 0 0 0 0 0 0 0 0 0 0 0 0 0 0 0 0 0 0 0 0 0 0 0 0 0 0 0 0 0 0 0
 0 0 0 0 0 0 0 0 0 0 0 0 0 0 0 0 0 0 0 0 0 0 0 0 0 0 0 0 0 0 0 0 0 0 0 0
ppred_pel_tallas
 1.01583e-16 2.94198e-05 0.00017266 0.000820723 0.00315979 0.00985348 0.0248892 0.0509272 0.08442 0.113381 0.123401 0.108894 0.0780511 0.045755 0.0225874 0.0106017 0.00662558 0.00690662 0.00913159 0.0122475 0.0157549 0.0192757 0.0224261 0.0248413 0.0262449 0.0265078 0.0256721 0.0239288 0.0215618 0.0188764 0.0161381 0.0135366 0.0111792 0.00910564 0.00731368 0.00578218
 1.02281e-16 1.97646e-05 0.000115956 0.000551106 0.00212162 0.00661594 0.0167117 0.0341971 0.0566958 0.0761718 0.0829715 0.0733807 0.0529514 0.0317564 0.0170071 0.0102092 0.00935714 0.012018 0.0166424 0.0224045 0.0287076 0.0349107 0.0403021 0.0442066 0.0461317 0.0458809 0.0435953 0.0397041 0.0348077 0.0295324 0.0244051 0.0197804 0.0158283 0.0125695 0.00993185 0.00780665
 1.04955e-16 1.37382e-05 8.05759e-05 0.000382905 0.00147401 0.00459638 0.0116105 0.0237596 0.0393954 0.0529413 0.057701 0.0511114 0.0370568 0.0225756 0.0127342 0.00864856 0.00900135 0.0121687 0.0171117 0.0232449 0.0300792 0.0370318 0.0434223 0.0485783 0.0519718 0.0533283 0.0526718 0.0502892 0.0466342 0.0422061 0.0374461 0.0326783 0.0281017 0.0238164 0.0198655 0.0162703
 1.07495e-16 1.61143e-05 9.45376e-05 0.000449307 0.00172972 0.00539383 0.0136246 0.0278797 0.046221 0.0620959 0.0676315 0.0597959 0.04311 0.025779 0.0136751 0.00802176 0.00718928 0.00921665 0.0128888 0.0176105 0.0230019 0.0286617 0.0341229 0.0389093 0.0426243 0.0450239 0.0460492 0.0458051 0.0445028 0.0423878 0.0396812 0.0365521 0.0331203 0.0294782 0.0257166 0.0219396
 1.07088e-16 1.91298e-05 0.000112242 0.000533477 0.0020538 0.00640446 0.0161774 0.0331028 0.0548781 0.0737196 0.080274 0.0709322 0.0510482 0.0303432 0.0157598 0.0087125 0.00722349 0.00892408 0.0123434 0.0167697 0.0217772 0.0269491 0.0318187 0.0359265 0.0389092 0.0405731 0.0409212 0.0401259 0.0384601 0.0362151 0.0336333 0.0308751 0.0280235 0.0251112 0.022157 0.0191921
 1.06715e-16 1.57914e-05 9.26349e-05 0.000440244 0.0016948 0.00528492 0.0133496 0.0273176 0.0452916 0.0608546 0.066299 0.0586638 0.0423938 0.0255501 0.0139147 0.00871817 0.00839145 0.0110249 0.0154103 0.020906 0.0270368 0.0332725 0.0390068 0.0436479 0.0467399 0.0480594 0.0476514 0.045791 0.0428913 0.0393889 0.0356501 0.03192 0.0283217 0.0248901 0.0216188 0.0184993
 1.06255e-16 1.99123e-05 0.000116837 0.000555322 0.00213791 0.00666677 0.0168399 0.0344583 0.0571246 0.0767352 0.0835518 0.0738146 0.0530921 0.0314972 0.0162474 0.0088047 0.00709972 0.00865958 0.011953 0.0162487 0.0211247 0.0261772 0.0309546 0.0350078 0.0379762 0.0396578 0.0400383 0.0392674 0.0375969 0.0353049 0.032632 0.0297503 0.0267636 0.0237304 0.0206934 0.0177009
 1.06169e-16 1.6237e-05 9.52501e-05 0.000452677 0.00174266 0.00543418 0.0137267 0.0280891 0.0465705 0.0625723 0.0681685 0.0603137 0.0435767 0.0262443 0.0142582 0.00887995 0.00849119 0.0111235 0.0155306 0.0210504 0.0271949 0.0334224 0.039116 0.0436755 0.0466419 0.0477947 0.0471891 0.0451162 0.0420079 0.0383201 0.0344346 0.0306074 0.026966 0.0235441 0.0203291 0.0173034
 1.06506e-16 1.78622e-05 0.000104798 0.000498081 0.00191751 0.00597944 0.0151038 0.0309064 0.0512382 0.068834 0.0749644 0.0662653 0.0477436 0.0284879 0.0149969 0.00861223 0.00750916 0.00949402 0.0132009 0.0179553 0.0233291 0.0288813 0.0341101 0.0385162 0.0417 0.0434403 0.0437269 0.0427339 0.0407504 0.0380951 0.0350447 0.0317973 0.0284724 0.0251356 0.021831 0.0186058
 1.06569e-16 1.69864e-05 9.96534e-05 0.000473618 0.0018233 0.00568566 0.0143618 0.0293885 0.0487232 0.0654597 0.0713013 0.0630551 0.0454911 0.0272649 0.0145738 0.00871424 0.00797128 0.0102715 0.0143137 0.0194323 0.0251712 0.0310417 0.0364881 0.0409644 0.0440453 0.0455132 0.0453924 0.0439153 0.0414399 0.0383486 0.0349642 0.0315061 0.0280907 0.024761 0.0215288 0.0184075
 1.07425e-16 1.42877e-05 8.38073e-05 0.000398279 0.00153322 0.00478105 0.0120769 0.0247135 0.0409751 0.0550579 0.0599919 0.0531027 0.0384179 0.0232403 0.0128146 0.00827225 0.00821416 0.010932 0.0153463 0.0208798 0.0270915 0.033475 0.0394425 0.0444111 0.0479206 0.0497262 0.0498359 0.0484763 0.0460084 0.0428225 0.0392521 0.0355286 0.0317821 0.0280716 0.0244273 0.0208822
 1.08396e-16 1.47924e-05 8.67745e-05 0.000412394 0.00158759 0.0049506 0.0125051 0.0255893 0.0424254 0.0570015 0.0620959 0.0549324 0.0396705 0.0238563 0.0128996 0.00794759 0.00752882 0.00986092 0.0138314 0.0188748 0.0245972 0.0305629 0.0362638 0.0411882 0.0449199 0.0472177 0.0480486 0.0475609 0.0460156 0.043702 0.0408692 0.0376935 0.0342825 0.0307029 0.0270137 0.0232899
 1.07122e-16 2.00809e-05 0.000117828 0.000560038 0.00215607 0.00672342 0.016983 0.034751 0.0576092 0.0773849 0.0842556 0.0744276 0.0535142 0.0317096 0.016287 0.00871366 0.0068957 0.00833401 0.0114835 0.0156128 0.0203105 0.0251919 0.0298296 0.0337996 0.0367629 0.0385311 0.0390927 0.0385881 0.0372499 0.0353289 0.0330354 0.0305104 0.0278305 0.0250331 0.0221477 0.0192187
 1.04839e-16 2.21042e-05 0.000129703 0.000616485 0.00237339 0.00740111 0.0186948 0.0382538 0.0634162 0.0851853 0.0927488 0.0819306 0.0589097 0.0349074 0.0179284 0.00958374 0.00756076 0.00909479 0.012464 0.0168343 0.021718 0.0266549 0.0311436 0.0347018 0.036964 0.0377602 0.0371448 0.0353636 0.0327758 0.0297579 0.0266234 0.0235797 0.0207258 0.0180807 0.0156233 0.0133271
 1.03032e-16 2.57822e-05 0.000151299 0.000719163 0.00276874 0.00863399 0.0218089 0.0446252 0.0739759 0.0993614 0.108162 0.0954936 0.0685478 0.0403894 0.020321 0.0101793 0.007222 0.00818881 0.0110586 0.0148812 0.0191523 0.0234391 0.0272841 0.0302514 0.0320132 0.0324217 0.0315354 0.0295904 0.0269294 0.0239139 0.0208498 0.0179451 0.015305 0.0129547 0.0108736 0.00902706
 1.02231e-16 2.5966e-05 0.000152376 0.000724279 0.00278843 0.00869539 0.0219641 0.0449428 0.0745028 0.100071 0.108938 0.0961893 0.0690694 0.0407411 0.0205795 0.0104411 0.00756974 0.00868374 0.0117423 0.0157735 0.020244 0.0246841 0.0285965 0.0315108 0.0330797 0.0331564 0.0318242 0.0293628 0.0261698 0.0226622 0.0191921 0.0159979 0.0131975 0.0108117 0.00880308 0.00711222
 1.02671e-16 2.12934e-05 0.000124936 0.00059381 0.00228607 0.00712876 0.018007 0.0368469 0.0610862 0.0820624 0.0893668 0.0789864 0.056887 0.033898 0.0177572 0.0100489 0.0085758 0.0106934 0.0147366 0.0198598 0.0255097 0.0311242 0.0360834 0.0397952 0.0418194 0.0419661 0.040333 0.0372648 0.0332554 0.0288258 0.0244186 0.0203376 0.016738 0.0136548 0.01105 0.00885679
 1.03616e-16 2.10948e-05 0.000123774 0.000588294 0.00226484 0.00706258 0.0178398 0.0365045 0.0605174 0.0812952 0.088523 0.0782211 0.0562932 0.0334593 0.0173734 0.00959233 0.00792867 0.00975948 0.0134461 0.0181802 0.0234629 0.0288018 0.0336512 0.0374811 0.0398836 0.0406596 0.0398527 0.0377178 0.0346408 0.0310381 0.0272704 0.0235941 0.0201545 0.01701 0.0141682 0.0116188
 1.04188e-16 2.03712e-05 0.000119525 0.000568093 0.00218706 0.00682003 0.0172271 0.035251 0.05844 0.0785062 0.0854909 0.0755532 0.0543979 0.0323823 0.0169053 0.00947904 0.00800041 0.0099433 0.0137269 0.0185641 0.0239579 0.0294088 0.0343624 0.0382806 0.0407514 0.0415766 0.0408052 0.0387005 0.0356564 0.032094 0.0283733 0.0247449 0.0213444 0.018219 0.0153675 0.0127745
 1.03856e-16 2.35724e-05 0.000138325 0.000657478 0.00253123 0.00789334 0.0199381 0.0407975 0.0676317 0.0908437 0.0988988 0.0873378 0.0627417 0.037066 0.0188308 0.00973453 0.00729075 0.00853706 0.0116358 0.0157148 0.0202927 0.024936 0.0291761 0.03256 0.0347389 0.0355419 0.0350046 0.0333412 0.0308751 0.0279528 0.0248711 0.0218367 0.0189626 0.0162903 0.013823 0.0115539
 1.033e-16 2.32581e-05 0.000136476 0.000648683 0.00249736 0.00778769 0.0196713 0.0402518 0.0667282 0.0896334 0.0975897 0.0862019 0.0619697 0.0366982 0.018806 0.00998333 0.00779002 0.00930989 0.0127241 0.0171489 0.0220671 0.0269927 0.0313996 0.0347841 0.0367689 0.0371848 0.0361027 0.0337989 0.0306735 0.0271481 0.0235791 0.0202088 0.0171596 0.0144597 0.0120837 0.00998888
 1.03315e-16 2.22581e-05 0.000130604 0.000620765 0.00238987 0.00745247 0.0188246 0.0385195 0.0638572 0.0857795 0.0934006 0.0825179 0.059357 0.0352226 0.0181822 0.00986657 0.00795449 0.0096661 0.0132644 0.0178959 0.0230438 0.0282086 0.0328433 0.0364224 0.0385489 0.0390406 0.0379636 0.0355975 0.0323522 0.0286629 0.0249007 0.0213223 0.0180626 0.0151608 0.0126003 0.0103451
 1.0293e-16 2.57698e-05 0.000151227 0.000718821 0.00276743 0.0086299 0.0217986 0.044604 0.0739405 0.0993134 0.108108 0.095443 0.0685045 0.0403499 0.0202757 0.0101156 0.00712708 0.00805145 0.0108708 0.0146407 0.0188659 0.0231242 0.0269692 0.0299729 0.0318098 0.0323269 0.0315701 0.0297579 0.0272134 0.0242817 0.0212578 0.0183471 0.0156599 0.0132323 0.011058 0.00911645
 1.02355e-16 2.61253e-05 0.000153312 0.000728728 0.00280556 0.00874882 0.022099 0.0452188 0.0749601 0.100684 0.109604 0.0967713 0.0694751 0.040956 0.020643 0.0103999 0.00744965 0.00848822 0.0114631 0.0154018 0.0197786 0.0241358 0.0279902 0.0308843 0.0324788 0.0326283 0.0314093 0.0290888 0.0260476 0.0226855 0.0193404 0.0162415 0.0135027 0.011146 0.00913844 0.00742745
pSPR Fmed_Fpbrs
0.738205   0.255389 0.255389
Fs Fmed_Fpbrs
0.155227   1.005 1.005
SSBpbr Bo_Bmed_Bpbrs
1.53857e+06  1.05885e+06  316005 316005
Ro
71682.4
SPR SPRFo_SPRFmed_SPRFpbrs
1.47476e+06 1.08868e+06 376639
log_Ro
11
likeval ReclasPelacesDesembMPH_pf_preclas_ppelaces_ptallas_desvR_qrecl_qpela
 227.233 51.3547 0.148188 0.00128474 316.309 191.096 83.9371 0 18.5522 0 0 0 0 0 0
q_reclas_q_pelaces
1 1
M
0.7
N
 132843 24632 8781.82 1002.1 0.470821
 118155 60656.2 10341.4 3686.9 420.913
 74958.5 55262 26719.6 4555.46 1809.53
 80919 33897.8 22757.9 11003.6 2621.22
 113473 39436.4 16213.3 10885.1 6516.75
 98627.1 56077.4 19395.1 7973.8 8558.34
 139247 45849.8 24404.9 8440.74 7194.79
 116238 66382.9 20983.8 11169.2 7155.82
 122642 52853.2 27638.2 8736.5 7629.54
 109541 54696.6 21170 11070.3 6555.31
 69365.4 49225.2 22242.8 8608.93 7167.58
 45323.3 27045.1 15069 6809.04 4829.56
 44003.9 17808.7 8408.44 4685.02 3618.49
 29669.8 15408.6 4397.25 2076.18 2050.27
 22618.5 8031.72 2273.82 648.895 608.934
 23551 7028.12 1561.59 442.094 244.557
 22558.1 9811.68 2456.47 545.807 239.999
 26561.2 9968.41 3858.31 965.975 309.007
 31156 12253.5 4272.27 1653.6 546.433
 51146 14565.7 5393.21 1880.38 968.311
 76223.8 24028.8 6474.12 2397.15 1266.18
 107172 36859.5 11315.1 3048.63 1725.04
 213248 51491.4 17134.3 5259.86 2219.06
 402060 102312 23868.6 7942.52 3466.81
pred_Ctot
 7730.06 2764.56 985.621 112.47 0.0528423
 4958.61 4960.19 845.67 301.498 34.4203
 4842.21 6857.57 3315.69 565.296 224.548
 1082.7 899.653 603.999 292.038 69.5676
 393.676 273.052 112.258 75.3668 45.121
 4545.81 5023.36 1737.39 714.285 766.648
 4013.97 2596.62 1382.12 478.025 407.463
 7087.11 7792.86 2463.34 1311.18 840.04
 9042.92 7442.92 3892.08 1230.3 1074.41
 7532.34 7205.89 2789 1458.43 863.616
 10868.2 13958.5 6307.26 2441.19 2032.47
 6896.35 7470 4162.15 1880.69 1333.95
 9520.02 6699.5 3163.2 1762.47 1361.25
 10046.8 8329.7 2377.1 1122.36 1108.35
 6253.6 3704.61 1048.79 299.301 280.869
 2755.36 1527.34 339.362 96.0751 53.1466
 1798.6 1488.4 372.639 82.797 36.4069
 1361.85 990.115 383.228 95.9457 30.6922
 1316.53 1008.75 351.709 136.13 44.9844
 1989.7 1106.26 409.612 142.814 73.5428
 1438.98 896.738 241.609 89.4599 47.2527
 2507.88 1700.3 521.954 140.631 79.5747
 5200.12 2473.7 823.149 252.689 106.606
 7005.57 3527.26 822.882 273.823 119.52
F
 0.0839481 0.167896 0.167896 0.167896 0.167896
 0.059913 0.119826 0.119826 0.119826 0.119826
 0.093586 0.187172 0.187172 0.187172 0.187172
 0.0187597 0.0375194 0.0375194 0.0375194 0.0375194
 0.00483443 0.00966886 0.00966886 0.00966886 0.00966886
 0.0659749 0.13195 0.13195 0.13195 0.13195
 0.0408101 0.0816201 0.0816201 0.0816201 0.0816201
 0.0881207 0.176241 0.176241 0.176241 0.176241
 0.107467 0.214934 0.214934 0.214934 0.214934
 0.099892 0.199784 0.199784 0.199784 0.199784
 0.241883 0.483766 0.483766 0.483766 0.483766
 0.234135 0.46827 0.46827 0.46827 0.46827
 0.349353 0.698706 0.698706 0.698706 0.698706
 0.606732 1.21346 1.21346 1.21346 1.21346
 0.468848 0.937696 0.937696 0.937696 0.937696
 0.175596 0.351192 0.351192 0.351192 0.351192
 0.116672 0.233345 0.233345 0.233345 0.233345
 0.0736376 0.147275 0.147275 0.147275 0.147275
 0.0603368 0.120674 0.120674 0.120674 0.120674
 0.0554291 0.110858 0.110858 0.110858 0.110858
 0.0265598 0.0531196 0.0531196 0.0531196 0.0531196
 0.0330156 0.0660312 0.0660312 0.0660312 0.0660312
 0.0344264 0.0688528 0.0688528 0.0688528 0.0688528
 0.0244916 0.0489831 0.0489831 0.0489831 0.0489831
nmprior
 10 10 8 0
nm_flota  nm_reclas  nm_pelaces    nm_pelaL
inf 11.4762 14.9244 25.6257
cv_recla  cv_pelaces  cv_mph
1.3956 0.843246 1.16291
 ------------------------------------------------
Talla a la edad & desviación 
 7.2 14.2025 17.0495 18.207 18.6776
 1.08 2.13037 2.55742 2.73105 2.80164
