years
 1997 1998 1999 2000 2001 2002 2003 2004 2005 2006 2007 2008 2009 2010 2011 2012 2013 2014 2015 2016 2017 2018 2019 2020
reclasobs
 0 0 0 370054 412103 1.49427e+06 250295 1.28982e+06 931140 785840 897777 1.04006e+06 184774 17550 25797 100020 73551 82996 120727 218422 84188 347160 605670 569463
reclaspred
 4.28281e+06 939815 2.85075e+06 1.64294e+06 1.44507e+06 1.61103e+06 3.24738e+06 1.91321e+06 1.7861e+06 1.50805e+06 1.18086e+06 796895 483148 244573 173480 184161 258422 410445 471357 575950 845922 889447 1.71658e+06 2.65929e+06
pelacesobs
 0 0 0 0 0 0 0 0 0 2.06254e+06 1.5e+06 0 1.87456e+06 323000 250000 174000 83755 137374 0 501740 490994 745055 786931 1.00524e+06
pelacespred
 2.73865e+06 1.10258e+06 1.09997e+06 1.2477e+06 934216 855957 1.67282e+06 1.41344e+06 1.0773e+06 945800 633844 436390 259485 109585 77446.2 92757.6 135566 216938 265251 315600 497937 535824 783780 1.41679e+06
mphobs
 0 0 0 0 0 112323 0 153150 637223 0 255016 313432 73983 77613 109348 50772 0 0 0 0 0 0 0 0
mphpred
 3.03372e+06 1.78927e+06 1.58094e+06 1.91619e+06 1.32979e+06 1.40071e+06 2.01931e+06 2.3848e+06 1.58128e+06 1.50919e+06 1.23504e+06 836657 530698 298090 160563 146211 189233 302789 410197 454712 628530 803973 1.1028e+06 1.84825e+06
desembarqueobs
 350755 77701 442110 56441 14545 235359 269955 359681 431902 328805 639364 411747 362871 311530 167758 66681 60226 58785 57116 71774 51957 67425 138520 160799
desembarquepred
 350863 77697.8 442632 56501.2 14544.1 235407 269920 359164 431556 328796 640238 412192 363025 311635 167584 66573.8 60165.5 58743.4 57100.7 71715 51865.2 67302 138635 160928
Reclutas
 148099 115619 70355.9 62529.8 98514.9 99439 173383 59857.1 139520 103070 70290.7 47663.7 48558.9 31502.2 20361.5 23659.9 24262.2 28300 26554.8 41739.8 72096.6 94053.4 182795 312902
log_desv_Rt
 0.785634 0.538054 0.0413221 -0.0766009 0.377963 0.3873 0.943261 -0.120285 0.725964 0.423165 0.0403946 -0.348074 -0.329467 -0.762186 -1.1986 -1.04846 -1.02333 -0.869381 -0.933035 -0.480788 0.0657617 0.331618 0.996123 1.53365
SSB
 3.03372e+06 1.78927e+06 1.58094e+06 1.91619e+06 1.32979e+06 1.40071e+06 2.01931e+06 2.3848e+06 1.58128e+06 1.50919e+06 1.23504e+06 836657 530698 298090 160563 146211 189233 302789 410197 454712 628530 803973 1.1028e+06 1.84825e+06
BT
 7.47881e+06 2.2082e+06 2.71574e+06 2.47569e+06 1.94393e+06 1.86181e+06 4.3376e+06 3.15671e+06 2.87698e+06 2.30949e+06 1.91873e+06 1.30061e+06 931904 531968 327820 267163 370995 540481 589819 750630 1.22376e+06 1.1552e+06 1.80523e+06 3.39269e+06
Ftot
 0.079931 0.0806491 0.150784 0.0336345 0.00985696 0.141985 0.0810998 0.181906 0.233595 0.210975 0.51228 0.48964 0.69917 1.13129 0.885617 0.346928 0.225326 0.139182 0.117907 0.121203 0.0598956 0.0738489 0.0788039 0.0591213
BD_Bspro_t
 0.988408 0.928349 0.886807 0.813204 0.838355 0.88004 0.847413 0.848678 0.762452 0.714369 0.650457 0.483286 0.376505 0.281079 0.186815 0.199958 0.312716 0.505307 0.636836 0.71223 0.792448 0.865757 0.881725 0.899411
BD_Bspro
 2.18429 1.28828 1.13828 1.37967 0.957452 1.00852 1.45391 1.71707 1.13853 1.08662 0.889237 0.602397 0.382105 0.214626 0.115606 0.105273 0.136249 0.218009 0.295344 0.327394 0.452544 0.578864 0.794022 1.33074
BD_Bo
 1.83857 1.08438 0.958122 1.1613 0.805912 0.848896 1.2238 1.4453 0.958328 0.914637 0.748494 0.507053 0.321627 0.180656 0.0973087 0.0886109 0.114684 0.183504 0.248599 0.275576 0.380918 0.487245 0.668349 1.12012
BD_Brms
 8.95165 5.27963 4.66491 5.65416 3.92383 4.13311 5.95842 7.03689 4.66591 4.45319 3.64427 2.46874 1.56594 0.87958 0.473777 0.431429 0.558374 0.893445 1.21038 1.34173 1.85462 2.3723 3.25406 5.45366
S_f
 0.5 1 1 1 1
 0.5 1 1 1 1
 0.5 1 1 1 1
 0.5 1 1 1 1
 0.5 1 1 1 1
 0.5 1 1 1 1
 0.5 1 1 1 1
 0.5 1 1 1 1
 0.5 1 1 1 1
 0.5 1 1 1 1
 0.5 1 1 1 1
 0.5 1 1 1 1
 0.5 1 1 1 1
 0.5 1 1 1 1
 0.5 1 1 1 1
 0.5 1 1 1 1
 0.5 1 1 1 1
 0.5 1 1 1 1
 0.5 1 1 1 1
 0.5 1 1 1 1
 0.5 1 1 1 1
 0.5 1 1 1 1
 0.5 1 1 1 1
 0.5 1 1 1 1
Scru_reclas
 0.5 1 1 1 1
 0.5 1 1 1 1
 0.5 1 1 1 1
 0.5 1 1 1 1
 0.5 1 1 1 1
 0.5 1 1 1 1
 0.5 1 1 1 1
 0.5 1 1 1 1
 0.5 1 1 1 1
 0.5 1 1 1 1
 0.5 1 1 1 1
 0.5 1 1 1 1
 0.5 1 1 1 1
 0.5 1 1 1 1
 0.5 1 1 1 1
 0.5 1 1 1 1
 0.5 1 1 1 1
 0.5 1 1 1 1
 0.5 1 1 1 1
 0.5 1 1 1 1
 0.5 1 1 1 1
 0.5 1 1 1 1
 0.5 1 1 1 1
 0.5 1 1 1 1
Scru_pelaces
 0.5 1 1 1 1
 0.5 1 1 1 1
 0.5 1 1 1 1
 0.5 1 1 1 1
 0.5 1 1 1 1
 0.5 1 1 1 1
 0.5 1 1 1 1
 0.5 1 1 1 1
 0.5 1 1 1 1
 0.5 1 1 1 1
 0.5 1 1 1 1
 0.5 1 1 1 1
 0.5 1 1 1 1
 0.5 1 1 1 1
 0.5 1 1 1 1
 0.5 1 1 1 1
 0.5 1 1 1 1
 0.5 1 1 1 1
 0.5 1 1 1 1
 0.5 1 1 1 1
 0.5 1 1 1 1
 0.5 1 1 1 1
 0.5 1 1 1 1
 0.5 1 1 1 1
pf_obs 
 0.256992 0.487395 0.22802 0.0275931 0
 0.321318 0.546541 0.124235 0.00734118 0.000564706
 0.182869 0.594174 0.210203 0.0122559 0.00049798
 0.330522 0.361315 0.267642 0.0388342 0.00168674
 0.649043 0.306663 0.0425973 0.00169635 0
 0.582887 0.30429 0.105238 0.00758474 0
 0.465427 0.430635 0.0974691 0.00646863 0
 0.296916 0.608066 0.0921331 0.00288517 0
 0.311714 0.524322 0.152257 0.0117073 0
 0.15457 0.633149 0.183074 0.0267441 0.00246327
 0.131901 0.49318 0.331252 0.0422183 0.00144891
 0.196976 0.569456 0.194076 0.0375587 0.00193317
 0.518974 0.381816 0.0799577 0.0180837 0.00116848
 0.0928022 0.601141 0.25162 0.0475244 0.00691264
 0.122501 0.610282 0.24278 0.0234846 0.000952079
 0.383417 0.481906 0.127806 0.00687128 0
 0.0376549 0.599619 0.316969 0.0457579 0
 0.0361596 0.667082 0.258105 0.0386534 0
 0.158088 0.579412 0.248529 0.0139706 0
 0.0477256 0.309471 0.559284 0.082774 0.000745712
 0.0406174 0.521527 0.379366 0.0568643 0.0016247
 0.151134 0.462217 0.34131 0.0453401 0
 0.294876 0.26143 0.354403 0.0886775 0.000613685
 0.281977 0.475581 0.204845 0.0348837 0.00271318
pf_pred 
 0.485909 0.258801 0.128517 0.0638195 0.0629537
 0.354339 0.425551 0.110807 0.0550249 0.0542784
 0.258491 0.392201 0.230227 0.0599472 0.059134
 0.290497 0.298829 0.217215 0.127508 0.0659514
 0.422513 0.261337 0.133156 0.0967895 0.0862042
 0.385137 0.36566 0.112775 0.0574611 0.0789675
 0.520583 0.271351 0.123737 0.0381623 0.0461665
 0.206108 0.547485 0.139467 0.0635974 0.0433427
 0.48855 0.180801 0.228022 0.0580868 0.0445395
 0.369964 0.422954 0.073205 0.0923243 0.0415526
 0.319992 0.377418 0.203134 0.0351585 0.0642976
 0.337704 0.346057 0.175519 0.0944679 0.0462522
 0.44905 0.297929 0.132206 0.0670546 0.0537602
 0.433549 0.378272 0.101759 0.0451555 0.0412646
 0.482741 0.354533 0.108667 0.0292325 0.0248262
 0.581772 0.296848 0.0831945 0.0254998 0.0126854
 0.49306 0.382566 0.0882782 0.0247408 0.0113557
 0.477574 0.35251 0.128228 0.0295891 0.0120988
 0.405138 0.389863 0.138324 0.0503164 0.0163582
 0.501963 0.291234 0.135536 0.0480882 0.0231794
 0.558607 0.298363 0.0836389 0.0389243 0.0204672
 0.497649 0.361795 0.0950097 0.0266337 0.0189124
 0.580255 0.280887 0.100006 0.0262621 0.0125896
 0.57294 0.315462 0.0746797 0.0265885 0.0103295
pobs_RECLAS
 0 0 0 0 0
 0 0 0 0 0
 0 0 0 0 0
 0 0 0 0 0
 0.835266 0.146461 0.0176864 0.000547809 3.91292e-05
 0.385257 0.428462 0.181853 0.0044286 0
 0.867414 0.0963971 0.0333333 0.00285562 0
 0.441836 0.489002 0.0689373 0.000224442 0
 0.779404 0.147425 0.0564933 0.0165055 0.000172143
 0.814271 0.122319 0.05973 0.00367925 0
 0.40263 0.566651 0.0304383 0.000280538 0
 0.475488 0.404961 0.113038 0.00651328 0
 0.955842 0.0263864 0.0167828 0.000988607 0
 0.975058 0.0227948 0.00214734 0 0
 0.738997 0.206755 0.0527124 0.00153531 0
 0.850938 0.134255 0.0134407 0.00136685 0
 0.542534 0.407297 0.0501686 0 0
 0.764087 0.199537 0.0359546 0.000420521 0
 0.470689 0.182191 0.310203 0.0369168 0
 0.84361 0.089868 0.0606195 0.00523954 0.000663233
 0.607945 0.314616 0.071237 0.00620181 0
 0.523733 0.453247 0.0230204 0 0
 0.530135 0.295979 0.169645 0.0042399 0
 0.562478 0.366248 0.0663022 0.0049721 0
ppred_RECLAS
 0.486535 0.258486 0.12836 0.0637418 0.062877
 0.354918 0.425169 0.110707 0.0549755 0.0542297
 0.259461 0.391688 0.229926 0.0598688 0.0590566
 0.290705 0.298741 0.217151 0.12747 0.0659321
 0.422583 0.261305 0.13314 0.0967778 0.0861937
 0.386255 0.364995 0.11257 0.0573566 0.0788238
 0.521219 0.270992 0.123573 0.0381117 0.0461053
 0.207135 0.546776 0.139287 0.0635151 0.0432866
 0.490652 0.180058 0.227085 0.0578481 0.0443565
 0.371703 0.421787 0.073003 0.0920695 0.0414379
 0.324951 0.374666 0.201653 0.0349021 0.0638288
 0.3425 0.343551 0.174248 0.0937839 0.0459174
 0.457672 0.293266 0.130137 0.0660052 0.0529189
 0.45085 0.366719 0.0986505 0.0437763 0.0400043
 0.494937 0.346174 0.106105 0.0285433 0.0242408
 0.585094 0.29449 0.0825336 0.0252973 0.0125846
 0.495074 0.381046 0.0879275 0.0246425 0.0113106
 0.478726 0.351733 0.127946 0.0295239 0.0120722
 0.406063 0.389257 0.138109 0.0502382 0.0163328
 0.502951 0.290656 0.135267 0.0479928 0.0231334
 0.559061 0.298056 0.0835528 0.0388842 0.0204462
 0.498225 0.361381 0.0949008 0.0266032 0.0188908
 0.580857 0.280485 0.0998623 0.0262245 0.0125716
 0.573384 0.315134 0.0746019 0.0265609 0.0103188
pobs_PELACES
 0 0 0 0 0
 0 0 0 0 0
 0 0 0 0 0
 0 0 0 0 0
 0 0 0 0 0
 0 0 0 0 0
 0 0 0 0 0
 0 0 0 0 0
 0 0 0 0 0
 0 0 0 0 0
 0.450072 0.473896 0.0757376 0.000293798 0
 0 0 0 0 0
 0.463077 0.371075 0.160297 0.00555027 0
 0.529543 0.364841 0.0842815 0.0213345 0
 0.631943 0.363953 0.00410389 0 0
 0.735681 0.248677 0.0153453 0.000297389 0
 0.695825 0.281241 0.0229344 0 0
 0.275771 0.60734 0.115278 0.00161068 0
 0 0 0 0 0
 0.896147 0.0623911 0.0374545 0.00400742 0
 0.803859 0.145111 0.0509908 3.86294e-05 0
 0.739449 0.233085 0.0266225 0.000797448 4.60066e-05
 0.878498 0.100942 0.0204185 0.000141795 0
 0.694673 0.275183 0.0284847 0.00165964 0
ppred_PELACES
 0.489831 0.256827 0.127536 0.0633327 0.0624735
 0.357971 0.423157 0.110183 0.0547154 0.0539731
 0.26427 0.389144 0.228432 0.0594801 0.0586731
 0.291851 0.298259 0.2168 0.127264 0.0658256
 0.42298 0.261125 0.133049 0.0967112 0.0861345
 0.391823 0.361683 0.111548 0.0568362 0.0781087
 0.524557 0.269102 0.122711 0.0378459 0.0457838
 0.212108 0.543347 0.138413 0.0631167 0.0430151
 0.500287 0.176652 0.22279 0.0567539 0.0435175
 0.379868 0.416305 0.0720542 0.0908729 0.0408994
 0.343759 0.364226 0.196034 0.0339297 0.0620504
 0.360917 0.333928 0.169367 0.0911568 0.0446311
 0.486415 0.277724 0.12324 0.062507 0.0501143
 0.497357 0.335662 0.090296 0.040069 0.0366164
 0.531427 0.321163 0.0984394 0.0264811 0.0224895
 0.59892 0.284677 0.0797835 0.0244543 0.0121653
 0.504368 0.374032 0.086309 0.0241889 0.0111024
 0.484459 0.347864 0.126538 0.0291991 0.0119394
 0.410763 0.386177 0.137016 0.0498407 0.0162035
 0.50795 0.287733 0.133906 0.0475101 0.0229007
 0.561496 0.29641 0.0830914 0.0386695 0.0203333
 0.501271 0.359187 0.0943247 0.0264417 0.0187761
 0.584019 0.278369 0.0991089 0.0260266 0.0124767
 0.575769 0.313373 0.074185 0.0264124 0.0102611
pobs_pel_tallas
 0 0 0 0 0 0 0 0 0 0 0 0 0 0 0 0 0 0 0 0 0 0 0 0 0 0 0 0 0 0 0 0 0 0 0 0
 0 0 0 0 0 0 0 0 0 0 0 0 0 0 0 0 0 0 0 0 0 0 0 0 0 0 0 0 0 0 0 0 0 0 0 0
 0 0 0 0 0 0 0 0 0 0 0 0 0 0 0 0 0 0 0 0 0 0 0 0 0 0 0 0 0 0 0 0 0 0 0 0
 0 0 0 0 0 0 0 0 0 0 0 0 0 0 0 0 0 0 0 0 0 0 0 0 0 0 0 0 0 0 0 0 0 0 0 0
 0 0 0 0 0 0 0 0 0 0 0 0 0 0 0 0 0 0 0 0 0 0 0 0 0 0 0 0 0 0 0 0 0 0 0 0
 0 0 0 0 0 0 0 0 0 0 0 0 0 0 0 0 0 0 0 0 0 0 0 0 0 0 0 0 0 0 0 0 0 0 0 0
 0 0 0 0 0 0 0 0 0 0 0 0 0 0 0 0 0 0 0 0 0 0 0 0 0 0 0 0 0 0 0 0 0 0 0 0
 0 0 0 0 0 0 0 0 0 0 0 0 0 0 0 0 0 0 0 0 0 0 0 0 0 0 0 0 0 0 0 0 0 0 0 0
 0 0 0 0 0 0 0 0 0 0 0 0 0 0 0 0 0 0 0 0 0 0 0 0 0 0 0 0 0 0 0 0 0 0 0 0
 0 0 0 0 0 0 0 0 0 0 0 0 0 0 0 0 0 0 0 0 0 0 0 0 0 0 0 0 0 0 0 0 0 0 0 0
 0 0 0 0 0 0 0 0 1.78061e-05 0.00172719 0.00360574 0.0105946 0.0120993 0.0124554 0.0147524 0.0171206 0.0266825 0.0428682 0.0675386 0.121331 0.153587 0.119568 0.100827 0.0573624 0.0630603 0.0341343 0.0324427 0.0444173 0.0211091 0.0280891 0.0125444 0.00206551 0 0 0 0
 0 0 0 0 0 0 0 0 0 0 0 0 0 0 0 0 0 0 0 0 0 0 0 0 0 0 0 0 0 0 0 0 0 0 0 0
 0 0 0 0 0 0 0.0133647 0.0140871 0.0187388 0.0205184 0.03894 0.0496705 0.03968 0.0493445 0.0407372 0.0367815 0.0215668 0.0243155 0.0234873 0.0199281 0.019796 0.0243948 0.0301388 0.0376714 0.0412746 0.0863199 0.0771752 0.113111 0.0741005 0.0525337 0.0229764 0.00759418 0.00175318 0 0 0
 0 0 0 0 0 0 0 0 0 0 0.00219441 0.00772107 0.0458388 0.0604681 0.0671733 0.0775358 0.0609151 0.0617685 0.073594 0.0568108 0.0755445 0.0548602 0.0670107 0.0636378 0.0643287 0.046367 0.0373049 0.0286899 0.0247887 0.0153202 0.00654259 0.00121912 0.000365735 0 0 0
 0 0 0 0 0 0 0 0 0 0 0 0 0.000112435 0.00938835 0.0111873 0.0202946 0.0414886 0.0713402 0.111592 0.104902 0.108894 0.110636 0.117776 0.105296 0.107544 0.0401394 0.0192827 0.0124803 0.00416011 0.0028671 0.000618394 0 0 0 0 0
 0 0 0 0 0 0 0 0 0 0 0.00291406 0.0102884 0.027416 0.0768956 0.0749926 0.110853 0.0956884 0.0897413 0.0766577 0.0534642 0.0500743 0.0551293 0.0594112 0.0620874 0.0668451 0.0424026 0.0208742 0.0120726 0.0048766 0.00582813 0.00118941 0.000297354 0 0 0 0
 0 0.00264628 0.0354308 0.0461629 0.0458689 0.0383711 0.0214643 0.0164657 0.0346957 0.0420465 0.0363128 0.0245516 0.0311673 0.0291091 0.0169068 0.0133784 0.00837989 0.0085269 0.0148486 0.0160247 0.0276389 0.0546898 0.0760071 0.122758 0.109233 0.0665981 0.0333725 0.0166128 0.00676272 0.00308733 0.000882094 0 0 0 0 0
 0 0 0 0 0 0 0 0.000805153 0.000690131 0.00759144 0.0133425 0.0154129 0.00931677 0.000345066 0.00356568 0.00563607 0.00851162 0.0253048 0.0502646 0.0516448 0.0657925 0.0565908 0.0611916 0.0827007 0.0866115 0.110766 0.145733 0.0935128 0.0569358 0.0249597 0.0138026 0.00621118 0.00161031 0.00115022 0 0
 0 0 0 0 0 0 0 0 0 0 0 0 0 0 0 0 0 0 0 0 0 0 0 0 0 0 0 0 0 0 0 0 0 0 0 0
 0.00147267 0.00158595 0.00478618 0.00569244 0.00954404 0.0108468 0.00647125 0.017049 0.0510054 0.094081 0.124002 0.0959785 0.0687766 0.0820023 0.061753 0.0591476 0.0492212 0.0479892 0.0443925 0.0268479 0.0217502 0.0140895 0.0121071 0.0120363 0.00920419 0.00665534 0.0049561 0.00860946 0.00930331 0.0156896 0.0114698 0.00855282 0.00243557 0.00046729 0 2.83206e-05
 0 0 0 0 0.000772559 0.00158375 0.000888443 0.00281984 0.00712685 0.0440552 0.0773331 0.111326 0.0921469 0.0852325 0.0710754 0.0886704 0.0786465 0.0553345 0.0373146 0.0185414 0.00753245 0.00457741 0.012979 0.0271748 0.0457355 0.0583668 0.034881 0.0177882 0.00938659 0.00492506 0.0015258 0.00185414 0.000309023 5.79419e-05 3.86279e-05 0
 0 0.00173294 0.00326652 0 0.00397197 0.00683976 0.00946217 0.0152591 0.00757587 0.0136028 0.0228656 0.0392903 0.0559909 0.0764795 0.0681675 0.0726916 0.0566044 0.0477403 0.0527397 0.0444891 0.0609904 0.0582453 0.0661739 0.0445044 0.0529084 0.0360697 0.0280645 0.0235558 0.0158879 0.00826598 0.00280645 0.00217768 0.000904811 0.00058276 9.20147e-05 0
 0 0 0 0 0 0 0 0 0 0 0 0 0 0 0 0 0 0 0 0 0 0 0 0 0 0 0 0 0 0 0 0 0 0 0 0
 0 0 0 0 0 0 0 0 0 0 0 0 0 0 0 0 0 0 0 0 0 0 0 0 0 0 0 0 0 0 0 0 0 0 0 0
ppred_pel_tallas
 1.0699e-16 2.13821e-05 0.000125469 0.000596369 0.00229596 0.00715966 0.0180849 0.0370053 0.0613453 0.0823996 0.0897055 0.0792181 0.0569068 0.0336157 0.017074 0.00882473 0.00661863 0.00777935 0.0106573 0.0144859 0.0188595 0.0234186 0.0277696 0.0315218 0.034361 0.0361099 0.0367521 0.0364095 0.0352882 0.0336108 0.0315636 0.0292715 0.0268025 0.0241914 0.0214688 0.0186814
 1.06104e-16 1.56391e-05 9.17374e-05 0.000435971 0.00167833 0.00523357 0.01322 0.0270526 0.0448532 0.0602687 0.0656688 0.0581256 0.042047 0.0254251 0.0139977 0.00899711 0.00888171 0.0117661 0.0164474 0.0222668 0.0287117 0.0351999 0.0410688 0.045678 0.0485451 0.0494506 0.0484767 0.0459625 0.0423982 0.0382961 0.0340814 0.0300339 0.0262845 0.0228528 0.0197017 0.016785
 1.08155e-16 1.15522e-05 6.77463e-05 0.00032192 0.00123922 0.0038642 0.00976102 0.0199751 0.0331217 0.0445139 0.0485253 0.0430059 0.0312289 0.0191232 0.0109647 0.00771368 0.00828838 0.0113501 0.0160483 0.0219047 0.0285094 0.0353576 0.0418487 0.0473767 0.0514503 0.0537881 0.0543592 0.0533532 0.0510997 0.0479679 0.0442837 0.0402864 0.0361291 0.0319067 0.0276918 0.0235621
 1.10624e-16 1.2751e-05 7.47931e-05 0.000355441 0.00136831 0.00426681 0.0107779 0.022055 0.0365664 0.0491316 0.0535281 0.0473658 0.0342345 0.0206449 0.0112703 0.00711416 0.00692715 0.00919515 0.0129827 0.0178241 0.0233968 0.0293336 0.0351931 0.0405167 0.0449121 0.0481224 0.050055 0.050763 0.0503914 0.0491131 0.0470801 0.0444044 0.041169 0.037454 0.0333632 0.0290362
 1.09322e-16 1.84672e-05 0.000108356 0.00051501 0.00198271 0.0061828 0.0156174 0.0319568 0.0529774 0.0711639 0.0774847 0.0684523 0.0492304 0.029197 0.0150451 0.00813063 0.00653699 0.00797663 0.0110406 0.0150684 0.0196931 0.0245698 0.0293102 0.0335243 0.0368925 0.0392252 0.0404857 0.0407673 0.0402393 0.0390831 0.0374433 0.0354079 0.0330191 0.0303012 0.0272917 0.0240606
 1.07304e-16 1.71127e-05 0.000100394 0.000477141 0.00183687 0.00572797 0.0144687 0.0296071 0.0490856 0.0659466 0.0718314 0.0635232 0.0458274 0.0274633 0.0146734 0.00876246 0.00800041 0.0102952 0.0143318 0.0194352 0.0251417 0.0309567 0.036321 0.0406909 0.0436495 0.0449951 0.0447729 0.043238 0.0407683 0.0377578 0.0345295 0.0312906 0.0281344 0.0250747 0.0220926 0.0191753
 1.0527e-16 2.28969e-05 0.000134361 0.000638639 0.00245871 0.00766717 0.0193668 0.0396284 0.0656933 0.0882389 0.09606 0.0848237 0.0609203 0.0359594 0.0182131 0.0093273 0.00688442 0.00800846 0.0109223 0.0147949 0.0191837 0.0236986 0.0279172 0.0314253 0.033897 0.0351594 0.0352193 0.0342386 0.032475 0.0302069 0.0276722 0.025036 0.0223904 0.0197767 0.0172147 0.0147259
 1.06321e-16 9.28374e-06 5.44147e-05 0.00025851 0.00099502 0.00310265 0.00783759 0.0160408 0.0266047 0.0357756 0.039053 0.0347378 0.0255001 0.0161615 0.0102373 0.00859423 0.0104552 0.0148029 0.0209428 0.0283787 0.0365546 0.0447412 0.0520854 0.0577612 0.0611484 0.0619699 0.0603424 0.0567192 0.0517533 0.0461296 0.0404223 0.0350153 0.0300954 0.0256974 0.0217725 0.01825
 1.07204e-16 2.1835e-05 0.000128135 0.000609058 0.00234484 0.00731211 0.0184699 0.0377925 0.0626479 0.0841425 0.091585 0.0808353 0.057976 0.0340624 0.016962 0.00822218 0.00552084 0.00611514 0.00833845 0.0114639 0.0151734 0.0192271 0.0233574 0.0272759 0.0307149 0.033468 0.0354113 0.0365009 0.0367523 0.0362145 0.0349508 0.0330328 0.0305463 0.0275996 0.0243295 0.0208952
 1.06192e-16 1.65935e-05 9.73418e-05 0.000462617 0.00178093 0.00555351 0.0140281 0.028706 0.0475935 0.0639475 0.0696685 0.0616451 0.0445477 0.0268466 0.014616 0.00914594 0.00878205 0.0115083 0.0160416 0.0216901 0.0279346 0.0341992 0.0398345 0.0442184 0.0468885 0.047645 0.0465865 0.0440628 0.0405682 0.0366107 0.0326038 0.028809 0.0253347 0.0221769 0.019277 0.0165721
 1.06967e-16 1.50172e-05 8.80915e-05 0.000418649 0.00161166 0.00502565 0.0126947 0.0259775 0.0430697 0.0578694 0.063047 0.0557873 0.0403173 0.0243037 0.0132469 0.00832069 0.00803916 0.0105959 0.014855 0.0202231 0.0262663 0.0324961 0.0383453 0.0432481 0.0467522 0.0486086 0.048809 0.047556 0.0451849 0.0420658 0.0385223 0.034788 0.031005 0.0272508 0.0235737 0.0200215
 1.07731e-16 1.57641e-05 9.24792e-05 0.000439515 0.00169201 0.00527623 0.0133276 0.0272722 0.0452149 0.0607471 0.0661703 0.0585226 0.0422325 0.0253351 0.0135861 0.00819556 0.00758114 0.00983052 0.0137497 0.0187357 0.0243785 0.0302343 0.0357907 0.0405348 0.0440541 0.0461165 0.0467027 0.0459788 0.0442248 0.0417478 0.0388112 0.0355991 0.0322204 0.0287364 0.0251953 0.0216577
 1.0633e-16 2.1234e-05 0.000124598 0.000592222 0.00227999 0.00710984 0.0179591 0.0367481 0.0609194 0.0818295 0.08909 0.0786867 0.0565515 0.0334588 0.0170918 0.00899158 0.0069327 0.00826188 0.0113382 0.0153874 0.0199818 0.0247299 0.0292015 0.032973 0.0357093 0.0372295 0.0375337 0.0367777 0.0352116 0.0331041 0.0306811 0.0280955 0.0254296 0.0227193 0.0199864 0.0172616
 1.04479e-16 2.17134e-05 0.000127407 0.000605567 0.00233135 0.00726999 0.0183637 0.0375763 0.0622938 0.0836797 0.091115 0.0805005 0.0579097 0.0343719 0.017758 0.00966074 0.00781771 0.00951932 0.0130732 0.0176486 0.0227431 0.0278708 0.0325001 0.0361208 0.0383485 0.0390083 0.0381659 0.0360921 0.0331794 0.0298394 0.0264159 0.0231377 0.0201148 0.0173676 0.0148691 0.0125826
 1.03463e-16 2.31985e-05 0.000136127 0.000647025 0.00249098 0.00776779 0.0196211 0.0401489 0.0665575 0.0894036 0.0973382 0.0859766 0.0618011 0.0365851 0.018724 0.00990155 0.00768259 0.00915816 0.0125162 0.0168803 0.0217428 0.0266296 0.0310266 0.03444 0.0364968 0.0370253 0.036086 0.0339394 0.0309667 0.0275724 0.0240998 0.0207849 0.01775 0.0150289 0.0126051 0.0104458
 1.02635e-16 2.614e-05 0.0001534 0.000729149 0.00280719 0.00875389 0.0221118 0.0452449 0.0750029 0.100741 0.109662 0.0968158 0.0694917 0.0409351 0.020576 0.0102746 0.00724807 0.00818871 0.0110458 0.0148558 0.0191086 0.0233681 0.0271745 0.0300897 0.0317853 0.032114 0.0311366 0.0290934 0.0263329 0.0232233 0.0200778 0.0171109 0.0144331 0.0120725 0.0100092 0.00820655
 1.02697e-16 2.20208e-05 0.000129208 0.00061412 0.00236427 0.00737263 0.018623 0.0381072 0.0631747 0.0848658 0.0924137 0.081665 0.0587847 0.0349657 0.0182007 0.0101167 0.0084293 0.0103946 0.0142884 0.0192445 0.0247112 0.0301393 0.0349269 0.0385008 0.0404361 0.0405521 0.038948 0.0359622 0.0320772 0.0277998 0.0235588 0.0196459 0.0162064 0.0132687 0.01079 0.00870074
 1.03471e-16 2.11517e-05 0.000124108 0.000589878 0.00227094 0.00708159 0.0178878 0.0366028 0.0606806 0.0815147 0.0887632 0.0784361 0.0564539 0.0335666 0.0174506 0.00966845 0.00802832 0.00990034 0.0136396 0.018431 0.023767 0.0291444 0.0340059 0.0378121 0.0401505 0.0408236 0.0398838 0.0376003 0.0343761 0.0306442 0.0267782 0.023042 0.0195823 0.0164534 0.0136555 0.0111689
 1.04541e-16 1.79397e-05 0.000105247 0.000500205 0.00192566 0.00600486 0.0151681 0.0310384 0.0514587 0.0691353 0.075306 0.0665989 0.0480528 0.0288099 0.0154159 0.00924018 0.00846922 0.0109078 0.0151713 0.0205408 0.0265126 0.0325453 0.0380265 0.0423608 0.0450914 0.0459979 0.0451338 0.0427901 0.0394028 0.0354385 0.0312974 0.0272588 0.023475 0.0200007 0.0168361 0.013965
 1.04698e-16 2.21735e-05 0.000130113 0.000618438 0.00238092 0.00742459 0.0187541 0.0383749 0.0636161 0.0854514 0.0930322 0.0821662 0.0590467 0.0349241 0.0178194 0.00933927 0.0071557 0.00849324 0.0116328 0.0157596 0.0204205 0.0252007 0.0296451 0.0333075 0.035836 0.0370445 0.0369413 0.0357044 0.0336172 0.0309891 0.0280888 0.0251078 0.0221592 0.0192982 0.0165524 0.0139454
 1.03555e-16 2.45086e-05 0.000143821 0.000683608 0.00263184 0.00820708 0.0207306 0.0424189 0.0703193 0.0944527 0.102825 0.0907975 0.0652113 0.038493 0.0194959 0.00997877 0.00734836 0.0085162 0.0115648 0.015584 0.0200749 0.0245942 0.0286685 0.0318446 0.0337809 0.034321 0.0335218 0.0316225 0.0289718 0.0259369 0.0228272 0.0198514 0.0171142 0.0146401 0.0124098 0.0103931
 1.03242e-16 2.18851e-05 0.000128413 0.000610343 0.00234973 0.0073273 0.0185085 0.0378727 0.0627858 0.0843423 0.0918411 0.0811529 0.0584028 0.0347119 0.0180204 0.009941 0.00820021 0.0100701 0.0138407 0.0186604 0.0239971 0.0293257 0.0340706 0.037681 0.0397453 0.040082 0.0387739 0.0361309 0.032599 0.0286487 0.024678 0.0209582 0.0176264 0.0147133 0.0121871 0.00999448
 1.02975e-16 2.54901e-05 0.000149584 0.000711011 0.00273736 0.00853612 0.0215617 0.0441194 0.0731373 0.098235 0.106935 0.0944106 0.0677698 0.03993 0.0200887 0.0100621 0.00714054 0.00810309 0.0109553 0.0147628 0.0190331 0.0233437 0.027246 0.030309 0.0322035 0.0327719 0.0320564 0.0302716 0.027738 0.0247994 0.0217511 0.0188004 0.016061 0.0135735 0.0113364 0.00933377
 1.02543e-16 2.51317e-05 0.000147477 0.000700987 0.00269875 0.00841572 0.0212577 0.0434974 0.0721074 0.096855 0.105442 0.093112 0.0668816 0.0394948 0.0200319 0.0102981 0.00763459 0.00887225 0.0120387 0.0161895 0.0207964 0.0253852 0.02945 0.0325105 0.0342102 0.0343954 0.0331449 0.0307368 0.0275688 0.0240584 0.0205587 0.017309 0.0144286 0.0119411 0.00981335 0.00799197
pSPR Fmed_Fpbrs
0.74425   0.255389 0.255389
Fs Fmed_Fpbrs
0.150668   1.005 1.005
SSBpbr Bo_Bmed_Bpbrs
1.65004e+06  1.14554e+06  338900 338900
Ro
67507.9
SPR SPRFo_SPRFmed_SPRFpbrs
1.38888e+06 1.03367e+06 354705
log_Ro
10.94
likeval ReclasPelacesDesembMPH_pf_preclas_ppelaces_ptallas_desvR_qrecl_qpela
 222.161 50.4437 0.112176 0.00125715 317.015 191.329 84.131 0 17.4014 0 0 0 0 0 0
q_reclas_q_pelaces
1 1
M
0.7
N
 148099 40134.8 19930.4 9897.13 9762.86
 115619 70662.4 18399.3 9136.83 9012.88
 70355.9 55145.4 32371 8428.89 8314.54
 62529.8 32400.5 23551.5 13825 7150.78
 98514.9 30533.6 15557.5 11308.5 10071.8
 99439 48680.5 15013.8 7649.83 10513
 173383 45995.9 20974.2 6468.76 7825.53
 59857.1 82678.2 21061.6 9604.14 6545.38
 139520 27139.9 34228.2 8719.36 6685.79
 103070 61646.2 10669.7 13456.4 6056.35
 70290.7 46059 24789.9 4290.64 7846.7
 47663.7 27017.9 13703.4 7375.44 3611.08
 48558.9 18529.3 8222.38 4170.36 3343.54
 31502.2 16999.6 4573.05 2029.3 1854.44
 20361.5 8885.46 2723.47 732.637 622.204
 23659.9 6493.74 1819.93 557.825 277.5
 24262.2 9878.06 2279.39 638.822 293.211
 28300 10764.5 3915.68 903.557 369.46
 26554.8 13108.7 4650.96 1691.83 550.024
 41739.8 12431.8 5785.56 2052.72 989.451
 72096.6 19508.6 5468.77 2545.08 1338.26
 94053.4 34745.8 9124.46 2557.83 1816.3
 182795 45012.4 16026 4208.52 2017.5
 312902 87266.4 20658.6 7355.19 2857.46
pred_Ctot
 4182.33 2227.56 1106.17 549.309 541.857
 3293.91 3955.89 1030.05 511.507 504.568
 3690.43 5599.37 3286.9 855.855 844.244
 750.665 772.195 561.298 329.489 170.423
 348.415 215.505 109.804 79.8151 71.0862
 4921.02 4672.16 1440.96 734.199 1008.99
 4966.7 2588.87 1180.53 364.093 440.458
 3762.19 9993.51 2545.77 1160.88 791.156
 11135.6 4121.02 5197.32 1323.98 1015.19
 7466.25 8535.64 1477.35 1863.2 838.573
 11592.3 13672.7 7358.92 1273.68 2329.31
 7549.26 7735.98 3923.66 2111.8 1033.95
 10511.4 6973.97 3094.71 1569.62 1258.43
 10107.9 8819.17 2372.43 1052.77 962.059
 5373.4 3946.32 1209.58 325.388 276.341
 2736.97 1396.54 391.393 119.965 59.679
 1871.24 1451.9 335.03 93.8955 43.0968
 1373.7 1013.96 368.837 85.1104 34.8012
 1097.03 1055.67 374.553 136.247 44.2948
 1771.3 1027.69 478.27 169.691 81.7941
 1532.4 818.486 229.443 106.779 56.1468
 2457.25 1786.45 469.132 131.51 93.3844
 5090.64 2464.25 877.359 230.4 110.45
 6565.83 3615.16 855.821 304.702 118.375
F
 0.0399655 0.079931 0.079931 0.079931 0.079931
 0.0403245 0.0806491 0.0806491 0.0806491 0.0806491
 0.075392 0.150784 0.150784 0.150784 0.150784
 0.0168173 0.0336345 0.0336345 0.0336345 0.0336345
 0.00492848 0.00985696 0.00985696 0.00985696 0.00985696
 0.0709926 0.141985 0.141985 0.141985 0.141985
 0.0405499 0.0810998 0.0810998 0.0810998 0.0810998
 0.0909529 0.181906 0.181906 0.181906 0.181906
 0.116798 0.233595 0.233595 0.233595 0.233595
 0.105488 0.210975 0.210975 0.210975 0.210975
 0.25614 0.51228 0.51228 0.51228 0.51228
 0.24482 0.48964 0.48964 0.48964 0.48964
 0.349585 0.69917 0.69917 0.69917 0.69917
 0.565643 1.13129 1.13129 1.13129 1.13129
 0.442809 0.885617 0.885617 0.885617 0.885617
 0.173464 0.346928 0.346928 0.346928 0.346928
 0.112663 0.225326 0.225326 0.225326 0.225326
 0.0695911 0.139182 0.139182 0.139182 0.139182
 0.0589533 0.117907 0.117907 0.117907 0.117907
 0.0606017 0.121203 0.121203 0.121203 0.121203
 0.0299478 0.0598956 0.0598956 0.0598956 0.0598956
 0.0369244 0.0738489 0.0738489 0.0738489 0.0738489
 0.039402 0.0788039 0.0788039 0.0788039 0.0788039
 0.0295606 0.0591213 0.0591213 0.0591213 0.0591213
nmprior
 10 10 8 0
nm_flota  nm_reclas  nm_pelaces    nm_pelaL
inf 11.6463 14.7683 25.3044
cv_recla  cv_pelaces  cv_mph
1.37994 0.835734 1.15035
 ------------------------------------------------
Talla a la edad & desviación 
 7.2 14.2025 17.0495 18.207 18.6776
 1.08 2.13037 2.55742 2.73105 2.80164
