years
 1997 1998 1999 2000 2001 2002 2003 2004 2005 2006 2007 2008 2009 2010 2011 2012 2013 2014 2015 2016 2017 2018 2019 2020
reclasobs
 0 0 0 370054 412103 1.49427e+06 250295 1.28982e+06 931140 785840 897777 1.04006e+06 184774 17550 25797 100020 73551 82996 120727 218422 84188 347160 605670 569463
reclaspred
 677221 145193 261427 159737 304018 346544 742485 556859 675250 814795 689542 489182 324760 136654 73324.8 67703.5 79202.8 96057.2 97392.2 138127 207013 193608 321152 305967
pelacesobs
 0 0 0 0 0 0 0 0 0 2.06254e+06 1.5e+06 0 1.87456e+06 323000 250000 174000 83755 137374 0 501740 490994 745055 786931 1.00524e+06
pelacespred
 2.53514e+06 547742 516067 546139 947752 776629 2.29193e+06 1.82344e+06 2.15581e+06 2.58076e+06 1.85574e+06 1.4068e+06 941697 306248 171017 165678 201589 254725 250117 362482 634147 535231 706044 780818
mphobs
 0 0 0 0 0 112323 0 153150 637223 0 255016 313432 73983 77613 109348 50772 0 0 0 0 0 0 0 0
mphpred
 270795 125768 108660 72667.2 91637.4 176584 228746 278273 265757 311555 382294 263977 174020 96708 38678.4 27574 31717 38880.3 44253.9 49474.4 77496.8 93856.6 118163 149273
desembarqueobs
 350755 77701 442110 56441 14545 235359 269955 359681 431902 328805 639364 411747 362871 311530 167758 66681 60226 58785 57116 71774 51957 67425 138520 160799
desembarquepred
 350745 77679.7 441821 56437 14546 235353 269949 359439 431706 328679 638710 411436 362569 311167 167363 66628.3 60215.5 58741.8 57073.6 71739 51953.3 67391.1 138477 160772
Reclutas
 27152.9 39428 11854.8 25256.2 50682.3 31035.2 57138.5 71670.3 91058.3 129256 62755.6 50847.1 50799.1 24594.2 13092.9 13051 8724.99 9131.66 10426.7 17135.9 20287.2 28659.1 39303.5 26177.4
log_desv_Rt
 -0.0707599 0.302232 -0.899514 -0.143171 0.553333 0.0628761 0.673233 0.899832 1.13926 1.48955 0.767003 0.556578 0.555635 -0.169734 -0.800173 -0.803379 -1.20605 -1.1605 -1.02787 -0.531071 -0.362254 -0.0167721 0.29907 -0.107348
SSB
 583926 271199 234308 156695 197602 380774 493255 600051 573062 671819 824357 569225 375246 208535 83403.9 59459 68392.7 83839.1 95426.5 106684 167109 202387 254799 321884
BT
 1.44245e+06 397209 475921 316965 456843 548640 1.26159e+06 1.25076e+06 1.40414e+06 1.52084e+06 1.43127e+06 1.03201e+06 788838 429868 215391 131762 141684 166653 165260 226384 339570 314231 423937 497648
Ftot
 0.510402 0.644995 1.40447 0.457477 0.0691459 0.598085 0.438067 0.834783 0.860245 0.55088 0.881753 0.837359 1.26629 2.17734 2.61946 1.22931 0.880885 0.696404 0.617277 0.64432 0.287346 0.365462 0.431043 0.491166
BD_Bspro_t
 0.932124 0.659766 0.520527 0.269695 0.440972 0.656161 0.570003 0.580503 0.532264 0.523644 0.539717 0.376926 0.288164 0.203546 0.103326 0.0923827 0.142809 0.226577 0.299543 0.379864 0.518388 0.627648 0.642474 0.62267
BD_Bspro
 0.973868 0.452304 0.390777 0.261335 0.329559 0.635053 0.822648 1.00076 0.955749 1.12045 1.37486 0.94935 0.625834 0.347794 0.139101 0.0991653 0.114065 0.139826 0.159152 0.177926 0.278704 0.33754 0.424952 0.536836
BD_Bo
 0.733143 0.340501 0.294183 0.196737 0.248097 0.478078 0.619303 0.753389 0.719503 0.843496 1.03501 0.714686 0.471137 0.261825 0.104717 0.0746532 0.0858699 0.105263 0.119812 0.133946 0.209813 0.254105 0.31991 0.404138
BD_Brms
 2.44136 1.13387 0.979629 0.655134 0.826162 1.592 2.06227 2.50878 2.39594 2.80884 3.44659 2.3799 1.56889 0.871876 0.348707 0.248595 0.285946 0.350527 0.398973 0.446039 0.698676 0.846169 1.0653 1.34578
S_f
 0.144951 1 1 1 1
 0.144951 1 1 1 1
 0.144951 1 1 1 1
 0.144951 1 1 1 1
 0.144951 1 1 1 1
 0.144951 1 1 1 1
 0.144951 1 1 1 1
 0.144951 1 1 1 1
 0.144951 1 1 1 1
 0.144951 1 1 1 1
 0.144951 1 1 1 1
 0.144951 1 1 1 1
 0.144951 1 1 1 1
 0.144951 1 1 1 1
 0.144951 1 1 1 1
 0.144951 1 1 1 1
 0.144951 1 1 1 1
 0.144951 1 1 1 1
 0.144951 1 1 1 1
 0.144951 1 1 1 1
 0.144951 1 1 1 1
 0.144951 1 1 1 1
 0.144951 1 1 1 1
 0.144951 1 1 1 1
Scru_reclas
 0.842243 1 1 1 1
 0.842243 1 1 1 1
 0.842243 1 1 1 1
 0.842243 1 1 1 1
 0.842243 1 1 1 1
 0.842243 1 1 1 1
 0.842243 1 1 1 1
 0.842243 1 1 1 1
 0.842243 1 1 1 1
 0.842243 1 1 1 1
 0.842243 1 1 1 1
 0.842243 1 1 1 1
 0.842243 1 1 1 1
 0.842243 1 1 1 1
 0.842243 1 1 1 1
 0.842243 1 1 1 1
 0.842243 1 1 1 1
 0.842243 1 1 1 1
 0.842243 1 1 1 1
 0.842243 1 1 1 1
 0.842243 1 1 1 1
 0.842243 1 1 1 1
 0.842243 1 1 1 1
 0.842243 1 1 1 1
Scru_pelaces
 1 1 1 1 1
 1 1 1 1 1
 1 1 1 1 1
 1 1 1 1 1
 1 1 1 1 1
 1 1 1 1 1
 1 1 1 1 1
 1 1 1 1 1
 1 1 1 1 1
 1 1 1 1 1
 1 1 1 1 1
 1 1 1 1 1
 1 1 1 1 1
 1 1 1 1 1
 1 1 1 1 1
 1 1 1 1 1
 1 1 1 1 1
 1 1 1 1 1
 1 1 1 1 1
 1 1 1 1 1
 1 1 1 1 1
 1 1 1 1 1
 1 1 1 1 1
 1 1 1 1 1
pf_obs 
 0.256992 0.487395 0.22802 0.0275931 0
 0.321318 0.546541 0.124235 0.00734118 0.000564706
 0.182869 0.594174 0.210203 0.0122559 0.00049798
 0.330522 0.361315 0.267642 0.0388342 0.00168674
 0.649043 0.306663 0.0425973 0.00169635 0
 0.582887 0.30429 0.105238 0.00758474 0
 0.465427 0.430635 0.0974691 0.00646863 0
 0.296916 0.608066 0.0921331 0.00288517 0
 0.311714 0.524322 0.152257 0.0117073 0
 0.15457 0.633149 0.183074 0.0267441 0.00246327
 0.131901 0.49318 0.331252 0.0422183 0.00144891
 0.196976 0.569456 0.194076 0.0375587 0.00193317
 0.518974 0.381816 0.0799577 0.0180837 0.00116848
 0.0928022 0.601141 0.25162 0.0475244 0.00691264
 0.122501 0.610282 0.24278 0.0234846 0.000952079
 0.383417 0.481906 0.127806 0.00687128 0
 0.0376549 0.599619 0.316969 0.0457579 0
 0.0361596 0.667082 0.258105 0.0386534 0
 0.158088 0.579412 0.248529 0.0139706 0
 0.0477256 0.309471 0.559284 0.082774 0.000745712
 0.0406174 0.521527 0.379366 0.0568643 0.0016247
 0.151134 0.462217 0.34131 0.0453401 0
 0.294876 0.26143 0.354403 0.0886775 0.000613685
 0.281977 0.475581 0.204845 0.0348837 0.00271318
pf_pred 
 0.182778 0.563047 0.225307 0.0288612 7.4059e-06
 0.276041 0.481715 0.1669 0.0667863 0.00855733
 0.106551 0.700761 0.128213 0.0444219 0.0200533
 0.363013 0.403895 0.182822 0.0334495 0.016821
 0.348134 0.541953 0.0696924 0.0315462 0.00867423
 0.150226 0.673057 0.14692 0.0188932 0.0109035
 0.299192 0.435865 0.209846 0.0458069 0.00929005
 0.290193 0.557398 0.0947898 0.0456363 0.0119822
 0.313706 0.557177 0.101393 0.0172427 0.0104811
 0.321691 0.563181 0.0934683 0.017009 0.00465075
 0.144343 0.694396 0.133891 0.0222212 0.0051494
 0.188274 0.524545 0.233058 0.0449373 0.0091863
 0.262012 0.524177 0.138167 0.0613881 0.0142563
 0.211799 0.651454 0.0971287 0.0256019 0.0140167
 0.278856 0.6214 0.0824391 0.0122913 0.00501359
 0.370831 0.580376 0.042045 0.00557797 0.00117088
 0.218512 0.692111 0.0824457 0.00597273 0.000958712
 0.249872 0.563809 0.165009 0.0196562 0.00165256
 0.25989 0.566567 0.130438 0.038175 0.0049298
 0.335735 0.509814 0.118235 0.0272206 0.0089954
 0.258776 0.613844 0.0977623 0.0226729 0.00694481
 0.265139 0.540009 0.161366 0.0256996 0.00778585
 0.269658 0.546784 0.134886 0.040307 0.00836419
 0.157803 0.639338 0.151874 0.037466 0.0135189
pobs_RECLAS
 0 0 0 0 0
 0 0 0 0 0
 0 0 0 0 0
 0 0 0 0 0
 0.835266 0.146461 0.0176864 0.000547809 3.91292e-05
 0.385257 0.428462 0.181853 0.0044286 0
 0.867414 0.0963971 0.0333333 0.00285562 0
 0.441836 0.489002 0.0689373 0.000224442 0
 0.779404 0.147425 0.0564933 0.0165055 0.000172143
 0.814271 0.122319 0.05973 0.00367925 0
 0.40263 0.566651 0.0304383 0.000280538 0
 0.475488 0.404961 0.113038 0.00651328 0
 0.955842 0.0263864 0.0167828 0.000988607 0
 0.975058 0.0227948 0.00214734 0 0
 0.738997 0.206755 0.0527124 0.00153531 0
 0.850938 0.134255 0.0134407 0.00136685 0
 0.542534 0.407297 0.0501686 0 0
 0.764087 0.199537 0.0359546 0.000420521 0
 0.470689 0.182191 0.310203 0.0369168 0
 0.84361 0.089868 0.0606195 0.00523954 0.000663233
 0.607945 0.314616 0.071237 0.00620181 0
 0.523733 0.453247 0.0230204 0 0
 0.530135 0.295979 0.169645 0.0042399 0
 0.562478 0.366248 0.0663022 0.0049721 0
ppred_RECLAS
 0.573834 0.293618 0.117493 0.0150506 3.86204e-06
 0.699235 0.200126 0.0693379 0.027746 0.0035551
 0.444624 0.435599 0.0796981 0.0276131 0.0124653
 0.773507 0.143612 0.0650059 0.0118936 0.00598103
 0.75695 0.202069 0.025985 0.0117621 0.00323421
 0.517601 0.38208 0.0834036 0.0107253 0.00618969
 0.718644 0.174988 0.0842477 0.0183903 0.00372971
 0.717803 0.221604 0.0376855 0.0181436 0.00476376
 0.740408 0.210753 0.0383521 0.00652206 0.00396447
 0.741315 0.214779 0.0356458 0.00648669 0.00177364
 0.513436 0.394864 0.076136 0.0126359 0.00292817
 0.590748 0.264462 0.117502 0.0226563 0.0046315
 0.700151 0.212976 0.0561379 0.0249424 0.00579243
 0.674106 0.269354 0.0401594 0.0105855 0.00579543
 0.765756 0.201845 0.0267781 0.00399248 0.00162853
 0.79407 0.18996 0.0137615 0.00182569 0.000383233
 0.636215 0.32218 0.0383787 0.00278032 0.000446283
 0.671231 0.247109 0.072321 0.00861502 0.000724289
 0.681045 0.244166 0.0562128 0.0164517 0.00212453
 0.754992 0.18804 0.0436099 0.0100401 0.00331787
 0.673665 0.270254 0.0430413 0.00998205 0.00305755
 0.682134 0.233583 0.0697996 0.0111165 0.0033678
 0.68825 0.233397 0.0575769 0.0172052 0.00357029
 0.52966 0.357049 0.084817 0.0209235 0.00754986
pobs_PELACES
 0 0 0 0 0
 0 0 0 0 0
 0 0 0 0 0
 0 0 0 0 0
 0 0 0 0 0
 0 0 0 0 0
 0 0 0 0 0
 0 0 0 0 0
 0 0 0 0 0
 0 0 0 0 0
 0.450072 0.473896 0.0757376 0.000293798 0
 0 0 0 0 0
 0.463077 0.371075 0.160297 0.00555027 0
 0.529543 0.364841 0.0842815 0.0213345 0
 0.631943 0.363953 0.00410389 0 0
 0.735681 0.248677 0.0153453 0.000297389 0
 0.695825 0.281241 0.0229344 0 0
 0.275771 0.60734 0.115278 0.00161068 0
 0 0 0 0 0
 0.896147 0.0623911 0.0374545 0.00400742 0
 0.803859 0.145111 0.0509908 3.86294e-05 0
 0.739449 0.233085 0.0266225 0.000797448 4.60066e-05
 0.878498 0.100942 0.0204185 0.000141795 0
 0.694673 0.275183 0.0284847 0.00165964 0
ppred_PELACES
 0.648674 0.242055 0.09686 0.0124075 3.18381e-06
 0.768051 0.154336 0.0534731 0.0213976 0.00274167
 0.585542 0.325073 0.059476 0.0206067 0.00930246
 0.821859 0.112954 0.0511284 0.00935454 0.00470419
 0.790382 0.174274 0.0224107 0.0101442 0.00278934
 0.601299 0.315788 0.0689328 0.0088644 0.00511576
 0.77435 0.140342 0.0675673 0.0147491 0.00299126
 0.792625 0.162848 0.0276935 0.013333 0.00350069
 0.811916 0.152698 0.0277875 0.00472547 0.0028724
 0.798982 0.1669 0.0276995 0.00504067 0.00137826
 0.616388 0.311314 0.0600264 0.00996228 0.0023086
 0.684606 0.203811 0.090554 0.0174603 0.00356931
 0.79851 0.143114 0.0377231 0.0167606 0.00389235
 0.819487 0.149195 0.0222443 0.00586333 0.0032101
 0.890447 0.0944006 0.0125238 0.00186724 0.000761644
 0.866249 0.123378 0.00893808 0.00118578 0.000248909
 0.726953 0.241819 0.028806 0.00208684 0.000334968
 0.746862 0.190263 0.055684 0.00663319 0.000557671
 0.751091 0.190544 0.0438679 0.0128387 0.00165796
 0.814408 0.142439 0.0330343 0.0076053 0.00251327
 0.726627 0.226394 0.036056 0.00836204 0.00256133
 0.738542 0.192131 0.0574131 0.00914375 0.00277015
 0.747489 0.189047 0.0466361 0.0139359 0.00289187
 0.605649 0.299364 0.0711139 0.0175431 0.0063301
pobs_pel_tallas
 0 0 0 0 0 0 0 0 0 0 0 0 0 0 0 0 0 0 0 0 0 0 0 0 0 0 0 0 0 0 0 0 0 0 0 0
 0 0 0 0 0 0 0 0 0 0 0 0 0 0 0 0 0 0 0 0 0 0 0 0 0 0 0 0 0 0 0 0 0 0 0 0
 0 0 0 0 0 0 0 0 0 0 0 0 0 0 0 0 0 0 0 0 0 0 0 0 0 0 0 0 0 0 0 0 0 0 0 0
 0 0 0 0 0 0 0 0 0 0 0 0 0 0 0 0 0 0 0 0 0 0 0 0 0 0 0 0 0 0 0 0 0 0 0 0
 0 0 0 0 0 0 0 0 0 0 0 0 0 0 0 0 0 0 0 0 0 0 0 0 0 0 0 0 0 0 0 0 0 0 0 0
 0 0 0 0 0 0 0 0 0 0 0 0 0 0 0 0 0 0 0 0 0 0 0 0 0 0 0 0 0 0 0 0 0 0 0 0
 0 0 0 0 0 0 0 0 0 0 0 0 0 0 0 0 0 0 0 0 0 0 0 0 0 0 0 0 0 0 0 0 0 0 0 0
 0 0 0 0 0 0 0 0 0 0 0 0 0 0 0 0 0 0 0 0 0 0 0 0 0 0 0 0 0 0 0 0 0 0 0 0
 0 0 0 0 0 0 0 0 0 0 0 0 0 0 0 0 0 0 0 0 0 0 0 0 0 0 0 0 0 0 0 0 0 0 0 0
 0 0 0 0 0 0 0 0 0 0 0 0 0 0 0 0 0 0 0 0 0 0 0 0 0 0 0 0 0 0 0 0 0 0 0 0
 0 0 0 0 0 0 0 0 1.78061e-05 0.00172719 0.00360574 0.0105946 0.0120993 0.0124554 0.0147524 0.0171206 0.0266825 0.0428682 0.0675386 0.121331 0.153587 0.119568 0.100827 0.0573624 0.0630603 0.0341343 0.0324427 0.0444173 0.0211091 0.0280891 0.0125444 0.00206551 0 0 0 0
 0 0 0 0 0 0 0 0 0 0 0 0 0 0 0 0 0 0 0 0 0 0 0 0 0 0 0 0 0 0 0 0 0 0 0 0
 0 0 0 0 0 0 0.0133647 0.0140871 0.0187388 0.0205184 0.03894 0.0496705 0.03968 0.0493445 0.0407372 0.0367815 0.0215668 0.0243155 0.0234873 0.0199281 0.019796 0.0243948 0.0301388 0.0376714 0.0412746 0.0863199 0.0771752 0.113111 0.0741005 0.0525337 0.0229764 0.00759418 0.00175318 0 0 0
 0 0 0 0 0 0 0 0 0 0 0.00219441 0.00772107 0.0458388 0.0604681 0.0671733 0.0775358 0.0609151 0.0617685 0.073594 0.0568108 0.0755445 0.0548602 0.0670107 0.0636378 0.0643287 0.046367 0.0373049 0.0286899 0.0247887 0.0153202 0.00654259 0.00121912 0.000365735 0 0 0
 0 0 0 0 0 0 0 0 0 0 0 0 0.000112435 0.00938835 0.0111873 0.0202946 0.0414886 0.0713402 0.111592 0.104902 0.108894 0.110636 0.117776 0.105296 0.107544 0.0401394 0.0192827 0.0124803 0.00416011 0.0028671 0.000618394 0 0 0 0 0
 0 0 0 0 0 0 0 0 0 0 0.00291406 0.0102884 0.027416 0.0768956 0.0749926 0.110853 0.0956884 0.0897413 0.0766577 0.0534642 0.0500743 0.0551293 0.0594112 0.0620874 0.0668451 0.0424026 0.0208742 0.0120726 0.0048766 0.00582813 0.00118941 0.000297354 0 0 0 0
 0 0.00264628 0.0354308 0.0461629 0.0458689 0.0383711 0.0214643 0.0164657 0.0346957 0.0420465 0.0363128 0.0245516 0.0311673 0.0291091 0.0169068 0.0133784 0.00837989 0.0085269 0.0148486 0.0160247 0.0276389 0.0546898 0.0760071 0.122758 0.109233 0.0665981 0.0333725 0.0166128 0.00676272 0.00308733 0.000882094 0 0 0 0 0
 0 0 0 0 0 0 0 0.000805153 0.000690131 0.00759144 0.0133425 0.0154129 0.00931677 0.000345066 0.00356568 0.00563607 0.00851162 0.0253048 0.0502646 0.0516448 0.0657925 0.0565908 0.0611916 0.0827007 0.0866115 0.110766 0.145733 0.0935128 0.0569358 0.0249597 0.0138026 0.00621118 0.00161031 0.00115022 0 0
 0 0 0 0 0 0 0 0 0 0 0 0 0 0 0 0 0 0 0 0 0 0 0 0 0 0 0 0 0 0 0 0 0 0 0 0
 0.00147267 0.00158595 0.00478618 0.00569244 0.00954404 0.0108468 0.00647125 0.017049 0.0510054 0.094081 0.124002 0.0959785 0.0687766 0.0820023 0.061753 0.0591476 0.0492212 0.0479892 0.0443925 0.0268479 0.0217502 0.0140895 0.0121071 0.0120363 0.00920419 0.00665534 0.0049561 0.00860946 0.00930331 0.0156896 0.0114698 0.00855282 0.00243557 0.00046729 0 2.83206e-05
 0 0 0 0 0.000772559 0.00158375 0.000888443 0.00281984 0.00712685 0.0440552 0.0773331 0.111326 0.0921469 0.0852325 0.0710754 0.0886704 0.0786465 0.0553345 0.0373146 0.0185414 0.00753245 0.00457741 0.012979 0.0271748 0.0457355 0.0583668 0.034881 0.0177882 0.00938659 0.00492506 0.0015258 0.00185414 0.000309023 5.79419e-05 3.86279e-05 0
 0 0.00173294 0.00326652 0 0.00397197 0.00683976 0.00946217 0.0152591 0.00757587 0.0136028 0.0228656 0.0392903 0.0559909 0.0764795 0.0681675 0.0726916 0.0566044 0.0477403 0.0527397 0.0444891 0.0609904 0.0582453 0.0661739 0.0445044 0.0529084 0.0360697 0.0280645 0.0235558 0.0158879 0.00826598 0.00280645 0.00217768 0.000904811 0.00058276 9.20147e-05 0
 0 0 0 0 0 0 0 0 0 0 0 0 0 0 0 0 0 0 0 0 0 0 0 0 0 0 0 0 0 0 0 0 0 0 0 0
 0 0 0 0 0 0 0 0 0 0 0 0 0 0 0 0 0 0 0 0 0 0 0 0 0 0 0 0 0 0 0 0 0 0 0 0
ppred_pel_tallas
 1.01881e-16 2.83079e-05 0.000166131 0.000789682 0.00304027 0.00948076 0.0239478 0.0490011 0.0812277 0.109095 0.118741 0.104794 0.0751365 0.0440961 0.0218614 0.0104176 0.00672271 0.00717461 0.00955168 0.0128375 0.0165395 0.0202724 0.0236399 0.026262 0.0278477 0.0282562 0.0275218 0.025832 0.0234704 0.0207445 0.0179239 0.0152033 0.0126965 0.0104512 0.00847433 0.00675467
 1.01673e-16 3.35096e-05 0.000196678 0.000934925 0.00359952 0.0112248 0.0283529 0.0580136 0.0961634 0.129143 0.140528 0.123943 0.0886958 0.0517091 0.0249942 0.0108387 0.00557708 0.0048974 0.00615881 0.00820419 0.0105637 0.0129571 0.0151274 0.0168348 0.0178967 0.0182257 0.0178446 0.0168714 0.0154828 0.0138676 0.0121881 0.0105579 0.00903923 0.00765426 0.00640273 0.00527703
 1.02093e-16 2.55583e-05 0.000149981 0.000712887 0.00274456 0.00855858 0.0216185 0.0442359 0.0733316 0.0984998 0.107233 0.0946962 0.0680243 0.0401789 0.0203955 0.0105106 0.00781992 0.00909858 0.0123359 0.0165631 0.021232 0.0258471 0.0298819 0.03284 0.0343582 0.0342888 0.0327306 0.029992 0.0265061 0.0227249 0.0190276 0.015669 0.0127707 0.0103475 0.00834905 0.00670096
 1.01304e-16 3.58542e-05 0.000210447 0.00100039 0.0038516 0.0120109 0.0303385 0.0620759 0.102895 0.138179 0.150348 0.132574 0.0948061 0.0551382 0.0264023 0.0110224 0.00505263 0.00386166 0.00462125 0.00611287 0.00787937 0.00968949 0.01135 0.0126825 0.013549 0.0138793 0.0136822 0.0130359 0.0120623 0.0108946 0.00964938 0.00841148 0.00723143 0.00613295 0.0051244 0.00420847
 1.00854e-16 3.44841e-05 0.000202397 0.000962111 0.00370419 0.0115512 0.0291774 0.0597007 0.0989602 0.1329 0.144619 0.127557 0.0912948 0.0532499 0.0257856 0.0112587 0.00589778 0.00526229 0.00662514 0.0087784 0.011214 0.0136143 0.0156871 0.0171657 0.0178589 0.0176935 0.0167307 0.0151459 0.0131814 0.0110883 0.00907616 0.00728426 0.00577642 0.00455542 0.00358655 0.00282048
 1.01626e-16 2.6245e-05 0.000154013 0.00073206 0.00281839 0.00878881 0.0222 0.0454256 0.0753034 0.101147 0.11011 0.0972269 0.06982 0.041195 0.0208291 0.0106003 0.00772369 0.00888225 0.0120107 0.016121 0.0206655 0.0251582 0.0290842 0.0319576 0.0334212 0.0333272 0.0317676 0.0290402 0.0255664 0.0217896 0.0180856 0.0147119 0.0117976 0.00936709 0.00737947 0.00576617
 1.01652e-16 3.37838e-05 0.000198289 0.000942585 0.00362902 0.0113168 0.0285852 0.0584889 0.0969508 0.130199 0.141674 0.124946 0.0893963 0.0520831 0.0251108 0.0107804 0.00539135 0.00459377 0.00572748 0.00763475 0.00985806 0.0121366 0.0142352 0.015932 0.017054 0.0175109 0.0173102 0.0165447 0.0153619 0.0139239 0.012374 0.0108175 0.00931896 0.00791115 0.00660876 0.00541966
 1.01068e-16 3.45814e-05 0.00020297 0.000964836 0.00371469 0.0115839 0.02926 0.0598698 0.0992401 0.133275 0.145024 0.127908 0.0915327 0.0533616 0.0257891 0.0111746 0.00573209 0.00500635 0.00626458 0.00830278 0.0106247 0.0129301 0.0149458 0.0164222 0.0171779 0.0171396 0.0163577 0.0149872 0.0132456 0.011359 0.00951691 0.00784585 0.00640552 0.005202 0.00420911 0.00338882
 1.00741e-16 3.54222e-05 0.000207907 0.00098831 0.00380507 0.0118658 0.029972 0.0613264 0.101654 0.136515 0.148547 0.131007 0.0937319 0.0546069 0.0263221 0.0112875 0.00561808 0.00474514 0.0058679 0.00775742 0.00991661 0.0120552 0.0139142 0.0152582 0.0159165 0.0158207 0.0150196 0.0136616 0.0119548 0.0101167 0.00833069 0.00672073 0.00534703 0.00421764 0.00330815 0.00258073
 1.00686e-16 3.48588e-05 0.000204598 0.000972574 0.00374448 0.0116768 0.0294947 0.06035 0.100036 0.134344 0.146188 0.128936 0.0922707 0.0537968 0.0260086 0.0112849 0.00580948 0.00509107 0.00637317 0.00843885 0.010783 0.0130968 0.0150985 0.0165311 0.0172088 0.0170588 0.0161369 0.0146085 0.0127046 0.0106659 0.00869568 0.00693089 0.00543759 0.00422363 0.00326022 0.00250324
 1.01404e-16 2.69028e-05 0.000157876 0.000750422 0.00288909 0.00900928 0.0227569 0.046565 0.0771918 0.103682 0.112867 0.0996532 0.0715455 0.0421789 0.0212631 0.0107166 0.007678 0.00874119 0.0117866 0.0158042 0.0202415 0.0246152 0.0284167 0.0311681 0.0325197 0.0323307 0.0306982 0.0279233 0.0244292 0.0206592 0.0169885 0.0136723 0.0108365 0.00850103 0.00661942 0.00511702
 1.02119e-16 2.98731e-05 0.000175324 0.000833394 0.00320859 0.0100057 0.0252735 0.0517134 0.0857222 0.115127 0.125294 0.110547 0.0791972 0.0463493 0.0227369 0.0104323 0.00620198 0.00622893 0.0081677 0.0109674 0.0141561 0.0173989 0.0203613 0.0227233 0.0242365 0.0247753 0.024358 0.023129 0.0213121 0.0191518 0.016863 0.0146021 0.0124624 0.0104877 0.00869214 0.00707847
 1.01341e-16 3.48373e-05 0.000204473 0.000971988 0.00374223 0.0116698 0.029477 0.0603135 0.0999751 0.13426 0.146091 0.128839 0.0921748 0.0536879 0.0258575 0.0110524 0.0054517 0.0045635 0.00563782 0.00747421 0.00959567 0.011731 0.0136396 0.0151007 0.0159494 0.0161125 0.0156214 0.0145972 0.0132154 0.0116608 0.01009 0.00860972 0.00727415 0.00609622 0.00506501 0.00416162
 1.00716e-16 3.57522e-05 0.000209844 0.000997521 0.00384054 0.0119764 0.0302513 0.0618979 0.102601 0.137787 0.149929 0.132223 0.0945952 0.055096 0.0265318 0.0113324 0.00557391 0.00464257 0.00571054 0.00753846 0.00962829 0.0116932 0.0134799 0.0147593 0.0153663 0.015237 0.0144222 0.0130707 0.0113886 0.00959062 0.00785655 0.00630663 0.00499723 0.00393276 0.00308543 0.00241457
 1.00309e-16 3.88441e-05 0.000228002 0.00108386 0.00417296 0.0130131 0.0328698 0.0672551 0.111479 0.149703 0.162879 0.143605 0.102652 0.0596161 0.0283852 0.0115687 0.00487231 0.00326104 0.0036595 0.0047473 0.00604331 0.00732622 0.00842795 0.00920231 0.00954529 0.00941779 0.0088542 0.0079515 0.00684369 0.00567002 0.00454738 0.00355408 0.00272686 0.00206829 0.00155926 0.00117154
 1.0022e-16 3.77902e-05 0.000221811 0.00105442 0.00405962 0.0126596 0.031977 0.0654286 0.108453 0.145642 0.158467 0.139732 0.0999224 0.0581077 0.0278113 0.0115847 0.00526291 0.00395588 0.00467036 0.00610668 0.00776591 0.00938831 0.0107593 0.0116896 0.0120462 0.0117826 0.0109504 0.00968407 0.0081664 0.00658609 0.00510047 0.00381358 0.00277198 0.00197471 0.00139045 0.000974883
 1.00576e-16 3.17211e-05 0.000186169 0.000884949 0.00340707 0.0106246 0.026837 0.0549127 0.091026 0.122252 0.133051 0.1174 0.084126 0.0492714 0.024238 0.0112292 0.00681076 0.0069215 0.00905234 0.0120559 0.0153874 0.018641 0.0214152 0.0233398 0.0241499 0.0237481 0.0222264 0.0198384 0.0169331 0.0138728 0.0109616 0.00840344 0.00629338 0.0046369 0.00338203 0.0024519
 1.01107e-16 3.25872e-05 0.000191259 0.000909155 0.00350029 0.0109153 0.0275713 0.0564146 0.093514 0.125588 0.136669 0.120563 0.086325 0.0504249 0.0245563 0.0109605 0.00608931 0.00575949 0.00740079 0.00986777 0.0126628 0.0154547 0.0179261 0.0197808 0.0207976 0.020879 0.0200691 0.0185351 0.0165194 0.0142801 0.012039 0.00995177 0.00810194 0.00651417 0.0051761 0.00405924
 1.01204e-16 3.27716e-05 0.000192341 0.000914302 0.00352011 0.0109771 0.0277274 0.056734 0.0940434 0.126299 0.137443 0.121243 0.0868102 0.0507037 0.024683 0.0110013 0.00608854 0.00573627 0.00735808 0.00980081 0.0125636 0.0153141 0.0177356 0.0195339 0.0204922 0.0205188 0.0196648 0.0181042 0.0160849 0.0138677 0.0116738 0.00965458 0.00788635 0.00638495 0.00512908 0.00408273
 1.00895e-16 3.55305e-05 0.000208543 0.000991337 0.00381673 0.0119021 0.0300638 0.0615142 0.101965 0.136932 0.148998 0.131399 0.0940005 0.0547389 0.0263403 0.0112178 0.00547126 0.00451608 0.00554466 0.00733085 0.00938792 0.0114409 0.0132479 0.0145884 0.0153003 0.015315 0.0146712 0.0134992 0.0119848 0.0103235 0.00868117 0.00717116 0.00585075 0.00473166 0.00379766 0.00302134
 1.00993e-16 3.17062e-05 0.000186084 0.000884545 0.00340552 0.0106198 0.0268248 0.0548876 0.090984 0.122194 0.132985 0.117334 0.0840616 0.0491996 0.0241396 0.0110787 0.00657942 0.00658057 0.00857734 0.0114331 0.0146212 0.0177604 0.0204757 0.02242 0.0233421 0.0231438 0.0219012 0.0198389 0.01727 0.0145206 0.0118648 0.00948717 0.00747571 0.00583958 0.00453867 0.00351265
 1.01322e-16 3.22244e-05 0.000189129 0.000899029 0.0034613 0.0107937 0.0272642 0.0557863 0.0924727 0.12419 0.135149 0.119224 0.0853721 0.0498797 0.0243121 0.0108881 0.00610124 0.00581704 0.00749505 0.0100022 0.0128443 0.0156896 0.018219 0.0201336 0.0212101 0.0213485 0.0205911 0.0191032 0.0171256 0.0149145 0.0126897 0.0106051 0.00874292 0.00712762 0.00574797 0.00457783
 1.01338e-16 3.26144e-05 0.000191419 0.000909917 0.00350322 0.0109245 0.0275944 0.0564619 0.0935924 0.125693 0.136783 0.120662 0.0863937 0.0504603 0.0245645 0.0109487 0.00606037 0.005712 0.00733056 0.00976985 0.0125331 0.0152915 0.0177311 0.0195601 0.0205623 0.0206443 0.0198537 0.0183593 0.0164026 0.0142383 0.0120828 0.0100843 0.00831841 0.00680202 0.00551677 0.0044305
 1.02006e-16 2.6434e-05 0.000155124 0.000737346 0.00283874 0.00885229 0.0223604 0.0457536 0.0758465 0.101874 0.110898 0.0979128 0.0702907 0.0414289 0.0208666 0.010488 0.00748147 0.00850211 0.0114719 0.0154064 0.0197743 0.024114 0.0279393 0.0307896 0.0323242 0.0323975 0.0310885 0.0286685 0.0255247 0.0220648 0.0186344 0.0154702 0.0126917 0.0103239 0.00833433 0.00666788
pSPR Fmed_Fpbrs
0.446722   0.350301 0.350301
Fs Fmed_Fpbrs
0.663974   1.005 1.005
SSBpbr Bo_Bmed_Bpbrs
796469  315977  239180 239180
Ro
29143.9
SPR SPRFo_SPRFmed_SPRFpbrs
599594 267852 210038
log_Ro
10.1
likeval ReclasPelacesDesembMPH_pf_preclas_ppelaces_ptallas_desvR_qrecl_qpela
 75.338 12.3766 0.0645785 0.000187612 288.55 162.204 83.2314 0 17.9297 4.17655e-06 8.85798e-05 0 0 0 0
q_reclas_q_pelaces
0.748566 3.81522
M
0.7
N
 27152.9 14555.2 5824.36 746.083 0.191448
 39428 12522.2 4338.57 1736.11 222.448
 11854.8 17831.8 3262.54 1130.38 510.284
 25256.2 4802.57 2173.87 397.736 200.013
 50682.3 11737.2 1509.34 683.201 187.859
 31035.2 24917.1 5439.11 699.442 403.657
 57138.5 14131.8 6803.72 1485.17 301.206
 71670.3 26628.4 4528.37 2180.17 572.423
 91058.3 31534.2 5738.49 975.874 593.191
 129256 39917.2 6624.86 1205.57 329.636
 62755.6 59260.7 11426.4 1896.38 439.457
 50847.1 27424.5 12184.8 2349.43 480.282
 50799.1 22363.9 5894.84 2619.11 608.241
 24594.2 20995.9 3130.4 825.133 451.75
 13092.9 8907.58 1181.74 176.192 71.8682
 13051 4447.66 322.208 42.7463 8.97292
 8724.99 5423.15 646.017 46.8003 7.51214
 9131.66 3813.34 1116.04 132.946 11.1771
 10426.7 4099.25 943.746 276.205 35.6683
 17135.9 4734.6 1098.04 252.795 83.5395
 20287.2 7750.67 1234.39 286.278 87.6882
 28659.1 9663.34 2887.62 459.889 139.326
 39303.5 13497.4 3329.68 994.983 206.471
 26177.4 18335.4 4355.57 1074.48 387.705
pred_Ctot
 1398.52 4308.14 1723.93 220.831 0.0566661
 2544.56 4440.48 1538.5 615.64 78.8819
 1588.89 10449.7 1911.9 662.418 299.035
 1169.86 1301.6 589.169 107.795 54.2079
 363.705 566.194 72.8097 32.9572 9.06221
 1862.74 8345.64 1821.75 234.268 135.199
 2537.44 3696.57 1779.7 388.488 78.7889
 5915.42 11362.2 1932.23 930.269 244.25
 7732.54 13733.9 2499.24 425.015 258.348
 7167 12547.2 2082.39 378.946 103.615
 5455 26242.6 5059.99 839.781 194.606
 4209.01 11726.6 5210.2 1004.61 205.367
 6191.35 12386.3 3264.89 1450.61 336.877
 4874.74 14993.8 2235.51 589.251 322.607
 3040.26 6774.9 898.804 134.007 54.6614
 1547.74 2422.32 175.483 23.2808 4.88689
 757.71 2399.96 285.888 20.711 3.32443
 634.245 1431.1 418.839 49.8929 4.19464
 645.116 1406.37 323.78 94.7602 12.2371
 1104.78 1677.62 389.07 89.5734 29.6007
 596.637 1415.29 225.402 52.2748 16.012
 1066.68 2172.5 649.19 103.392 31.3231
 1718.2 3483.98 859.464 256.827 53.2946
 1299.04 5263.07 1250.24 308.422 111.288
F
 0.0739834 0.510402 0.510402 0.510402 0.510402
 0.0934927 0.644995 0.644995 0.644995 0.644995
 0.20358 1.40447 1.40447 1.40447 1.40447
 0.0663118 0.457477 0.457477 0.457477 0.457477
 0.0100228 0.0691459 0.0691459 0.0691459 0.0691459
 0.0866931 0.598085 0.598085 0.598085 0.598085
 0.0634982 0.438067 0.438067 0.438067 0.438067
 0.121003 0.834783 0.834783 0.834783 0.834783
 0.124694 0.860245 0.860245 0.860245 0.860245
 0.0798507 0.55088 0.55088 0.55088 0.55088
 0.127811 0.881753 0.881753 0.881753 0.881753
 0.121376 0.837359 0.837359 0.837359 0.837359
 0.18355 1.26629 1.26629 1.26629 1.26629
 0.315608 2.17734 2.17734 2.17734 2.17734
 0.379693 2.61946 2.61946 2.61946 2.61946
 0.17819 1.22931 1.22931 1.22931 1.22931
 0.127685 0.880885 0.880885 0.880885 0.880885
 0.100944 0.696404 0.696404 0.696404 0.696404
 0.089475 0.617277 0.617277 0.617277 0.617277
 0.0933949 0.64432 0.64432 0.64432 0.64432
 0.0416512 0.287346 0.287346 0.287346 0.287346
 0.0529742 0.365462 0.365462 0.365462 0.365462
 0.0624802 0.431043 0.431043 0.431043 0.431043
 0.0711951 0.491166 0.491166 0.491166 0.491166
nmprior
 10 10 8 0
nm_flota  nm_reclas  nm_pelaces    nm_pelaL
inf 21.4979 11.6738 19.0833
cv_recla  cv_pelaces  cv_mph
0.803588 0.413967 0.444394
 ------------------------------------------------
Talla a la edad & desviación 
 7.2 14.2025 17.0495 18.207 18.6776
 1.08 2.13037 2.55742 2.73105 2.80164
