years
 1997 1998 1999 2000 2001 2002 2003 2004 2005 2006 2007 2008 2009 2010 2011 2012 2013 2014 2015 2016 2017 2018 2019 2020
reclasobs
 0 0 0 370054 412103 1.49427e+06 250295 1.28982e+06 931140 785840 897777 1.04006e+06 184774 17550 25797 100020 73551 82996 120727 218422 84188 347160 605670 569463
reclaspred
 4.36845e+06 941567 2.93764e+06 1.78366e+06 1.70571e+06 2.04533e+06 3.89114e+06 2.11299e+06 1.99078e+06 1.75722e+06 1.42051e+06 915381 499405 224463 159259 181085 256887 389639 445629 634987 988216 939872 1.77135e+06 3.079e+06
pelacesobs
 0 0 0 0 0 0 0 0 0 2.06254e+06 1.5e+06 0 1.87456e+06 323000 250000 174000 83755 137374 0 501740 490994 745055 786931 1.00524e+06
pelacespred
 2.68549e+06 1.09235e+06 1.1348e+06 1.33997e+06 1.08659e+06 1.08107e+06 1.90292e+06 1.59686e+06 1.21465e+06 1.10851e+06 777047 510259 272948 99078.2 69993 90401.3 133821 205817 250203 342790 568636 581206 820503 1.6133e+06
mphobs
 0 0 0 0 0 112323 0 153150 637223 0 255016 313432 73983 77613 109348 50772 0 0 0 0 0 0 0 0
mphpred
 3.12587e+06 1.76295e+06 1.62144e+06 2.00405e+06 1.52703e+06 1.71925e+06 2.53878e+06 2.61989e+06 1.7864e+06 1.69374e+06 1.50177e+06 980454 578347 284314 143742 139098 190689 293006 383003 456778 748743 888010 1.12088e+06 2.04156e+06
desembarqueobs
 350755 77701 442110 56441 14545 235359 269955 359681 431902 328805 639364 411747 362871 311530 167758 66681 60226 58785 57116 71774 51957 67425 138520 160799
desembarquepred
 350842 77706.7 441826 56476.6 14560.5 235481 268644 357247 429706 327811 638357 412112 364153 313252 168417 66790.4 60283 58880.8 57206.4 71878.1 52074.6 67531 138407 160379
Reclutas
 130737 130134 73343.5 92519.1 124818 138735 139472 82512.7 145478 137565 57040.4 39228.8 40477.3 30509.9 21768.2 25461.1 22542.5 25370.3 28228.1 60381.1 69466.7 84123 217772 387250
log_desv_Rt
 0.600945 0.59632 0.0229094 0.255171 0.554614 0.66032 0.665622 0.140707 0.707781 0.65185 -0.228484 -0.602833 -0.571503 -0.854192 -1.1918 -1.03509 -1.15684 -1.03867 -0.931927 -0.171568 -0.0313975 0.160036 1.1112 1.68683
SSB
 3.12587e+06 1.76295e+06 1.62144e+06 2.00405e+06 1.52703e+06 1.71925e+06 2.53878e+06 2.61989e+06 1.7864e+06 1.69374e+06 1.50177e+06 980454 578347 284314 143742 139098 190689 293006 383003 456778 748743 888010 1.12088e+06 2.04156e+06
BT
 7.10856e+06 2.20104e+06 2.79921e+06 2.72741e+06 2.28577e+06 2.31941e+06 4.51935e+06 3.57431e+06 3.15178e+06 2.70246e+06 2.13925e+06 1.41206e+06 944603 514944 316702 266105 361999 509586 567005 855765 1.33968e+06 1.22384e+06 1.93161e+06 3.91836e+06
Ftot
 0.07836 0.0805136 0.146103 0.0309735 0.00836085 0.112088 0.0674005 0.164051 0.208986 0.180908 0.427319 0.42809 0.678813 1.22525 0.964097 0.353933 0.22705 0.146879 0.124901 0.110286 0.0514964 0.0701343 0.0762596 0.0509117
BD_Bspro_t
 0.988478 0.927995 0.890237 0.820769 0.856616 0.899776 0.872459 0.859564 0.78561 0.741132 0.695128 0.522592 0.398025 0.276458 0.176412 0.198167 0.321269 0.500157 0.622138 0.714617 0.818103 0.874054 0.883206 0.908099
BD_Bspro
 2.11957 1.19541 1.09946 1.35889 1.03544 1.16578 1.72148 1.77648 1.21131 1.14848 1.01831 0.664821 0.392162 0.192786 0.0974681 0.0943186 0.129301 0.19868 0.259704 0.30973 0.507703 0.602137 0.760037 1.38433
BD_Bo
 1.76044 0.992864 0.913167 1.12864 0.86 0.968251 1.4298 1.47548 1.00607 0.953885 0.845771 0.552175 0.325715 0.160121 0.0809533 0.0783375 0.107393 0.165016 0.215701 0.25725 0.421679 0.500112 0.631258 1.14977
BD_Brms
 8.57123 4.83406 4.44603 5.49515 4.18717 4.71422 6.9614 7.18382 4.89837 4.64428 4.1179 2.68843 1.58584 0.779597 0.394146 0.38141 0.522875 0.803431 1.0502 1.2525 2.05307 2.43495 3.07347 5.59801
S_f
 0.5 1 1 1 1
 0.5 1 1 1 1
 0.5 1 1 1 1
 0.5 1 1 1 1
 0.5 1 1 1 1
 0.5 1 1 1 1
 0.5 1 1 1 1
 0.5 1 1 1 1
 0.5 1 1 1 1
 0.5 1 1 1 1
 0.5 1 1 1 1
 0.5 1 1 1 1
 0.5 1 1 1 1
 0.5 1 1 1 1
 0.5 1 1 1 1
 0.5 1 1 1 1
 0.5 1 1 1 1
 0.5 1 1 1 1
 0.5 1 1 1 1
 0.5 1 1 1 1
 0.5 1 1 1 1
 0.5 1 1 1 1
 0.5 1 1 1 1
 0.5 1 1 1 1
Scru_reclas
 0.5 1 1 1 1
 0.5 1 1 1 1
 0.5 1 1 1 1
 0.5 1 1 1 1
 0.5 1 1 1 1
 0.5 1 1 1 1
 0.5 1 1 1 1
 0.5 1 1 1 1
 0.5 1 1 1 1
 0.5 1 1 1 1
 0.5 1 1 1 1
 0.5 1 1 1 1
 0.5 1 1 1 1
 0.5 1 1 1 1
 0.5 1 1 1 1
 0.5 1 1 1 1
 0.5 1 1 1 1
 0.5 1 1 1 1
 0.5 1 1 1 1
 0.5 1 1 1 1
 0.5 1 1 1 1
 0.5 1 1 1 1
 0.5 1 1 1 1
 0.5 1 1 1 1
Scru_pelaces
 0.5 1 1 1 1
 0.5 1 1 1 1
 0.5 1 1 1 1
 0.5 1 1 1 1
 0.5 1 1 1 1
 0.5 1 1 1 1
 0.5 1 1 1 1
 0.5 1 1 1 1
 0.5 1 1 1 1
 0.5 1 1 1 1
 0.5 1 1 1 1
 0.5 1 1 1 1
 0.5 1 1 1 1
 0.5 1 1 1 1
 0.5 1 1 1 1
 0.5 1 1 1 1
 0.5 1 1 1 1
 0.5 1 1 1 1
 0.5 1 1 1 1
 0.5 1 1 1 1
 0.5 1 1 1 1
 0.5 1 1 1 1
 0.5 1 1 1 1
 0.5 1 1 1 1
pf_obs 
 0.256992 0.487395 0.22802 0.0275931 0
 0.321318 0.546541 0.124235 0.00734118 0.000564706
 0.182869 0.594174 0.210203 0.0122559 0.00049798
 0.330522 0.361315 0.267642 0.0388342 0.00168674
 0.649043 0.306663 0.0425973 0.00169635 0
 0.582887 0.30429 0.105238 0.00758474 0
 0.465427 0.430635 0.0974691 0.00646863 0
 0.296916 0.608066 0.0921331 0.00288517 0
 0.311714 0.524322 0.152257 0.0117073 0
 0.15457 0.633149 0.183074 0.0267441 0.00246327
 0.131901 0.49318 0.331252 0.0422183 0.00144891
 0.196976 0.569456 0.194076 0.0375587 0.00193317
 0.518974 0.381816 0.0799577 0.0180837 0.00116848
 0.0928022 0.601141 0.25162 0.0475244 0.00691264
 0.122501 0.610282 0.24278 0.0234846 0.000952079
 0.383417 0.481906 0.127806 0.00687128 0
 0.0376549 0.599619 0.316969 0.0457579 0
 0.0361596 0.667082 0.258105 0.0386534 0
 0.158088 0.579412 0.248529 0.0139706 0
 0.0477256 0.309471 0.559284 0.082774 0.000745712
 0.0406174 0.521527 0.379366 0.0568643 0.0016247
 0.151134 0.462217 0.34131 0.0453401 0
 0.294876 0.26143 0.354403 0.0886775 0.000613685
 0.281977 0.475581 0.204845 0.0348837 0.00271318
pf_pred 
 0.43994 0.281943 0.140009 0.0695262 0.068583
 0.39531 0.372658 0.116808 0.0580054 0.0572185
 0.258659 0.424181 0.195459 0.061266 0.0604348
 0.366797 0.26662 0.209752 0.0966518 0.0601794
 0.42687 0.308848 0.11128 0.0875449 0.0654572
 0.408169 0.354442 0.127924 0.0460918 0.0633729
 0.38958 0.358565 0.150834 0.0544383 0.046583
 0.265188 0.415445 0.187599 0.0789152 0.0528536
 0.464615 0.23053 0.172357 0.0778298 0.0546675
 0.416005 0.378525 0.0884725 0.066147 0.0508496
 0.230604 0.461627 0.199485 0.0466256 0.061658
 0.274879 0.293256 0.259113 0.111972 0.0607801
 0.405296 0.274806 0.129374 0.114312 0.0762122
 0.455485 0.340572 0.09424 0.0443667 0.0653369
 0.531579 0.33303 0.0846811 0.0234322 0.0272771
 0.60747 0.295667 0.0688662 0.0175109 0.010486
 0.463767 0.415167 0.0911915 0.0212402 0.00863499
 0.459443 0.3506 0.147069 0.0323039 0.010583
 0.441948 0.356745 0.130566 0.0547698 0.0159714
 0.593338 0.252672 0.0984412 0.0360288 0.0195205
 0.48167 0.389082 0.0803055 0.0312871 0.017655
 0.453609 0.357039 0.142136 0.0293365 0.0178791
 0.63314 0.230655 0.0890033 0.0354319 0.01177
 0.594389 0.316003 0.056339 0.0217397 0.0115294
pobs_RECLAS
 0 0 0 0 0
 0 0 0 0 0
 0 0 0 0 0
 0 0 0 0 0
 0.835266 0.146461 0.0176864 0.000547809 3.91292e-05
 0.385257 0.428462 0.181853 0.0044286 0
 0.867414 0.0963971 0.0333333 0.00285562 0
 0.441836 0.489002 0.0689373 0.000224442 0
 0.779404 0.147425 0.0564933 0.0165055 0.000172143
 0.814271 0.122319 0.05973 0.00367925 0
 0.40263 0.566651 0.0304383 0.000280538 0
 0.475488 0.404961 0.113038 0.00651328 0
 0.955842 0.0263864 0.0167828 0.000988607 0
 0.975058 0.0227948 0.00214734 0 0
 0.738997 0.206755 0.0527124 0.00153531 0
 0.850938 0.134255 0.0134407 0.00136685 0
 0.542534 0.407297 0.0501686 0 0
 0.764087 0.199537 0.0359546 0.000420521 0
 0.470689 0.182191 0.310203 0.0369168 0
 0.84361 0.089868 0.0606195 0.00523954 0.000663233
 0.607945 0.314616 0.071237 0.00620181 0
 0.523733 0.453247 0.0230204 0 0
 0.530135 0.295979 0.169645 0.0042399 0
 0.562478 0.366248 0.0663022 0.0049721 0
ppred_RECLAS
 0.440544 0.281638 0.139857 0.0694511 0.068509
 0.395914 0.372285 0.116692 0.0579474 0.0571613
 0.259595 0.423646 0.195212 0.0611886 0.0603585
 0.367012 0.266529 0.209681 0.096619 0.060159
 0.426929 0.308816 0.111268 0.0875358 0.0654503
 0.409045 0.353918 0.127734 0.0460236 0.0632791
 0.390077 0.358273 0.150711 0.054394 0.0465451
 0.266273 0.414831 0.187321 0.0787986 0.0527756
 0.466449 0.22974 0.171767 0.0775632 0.0544802
 0.417519 0.377544 0.0882432 0.0659756 0.0507178
 0.233788 0.459717 0.19866 0.0464326 0.0614029
 0.278461 0.291807 0.257833 0.111419 0.0604798
 0.413366 0.271077 0.127619 0.112761 0.075178
 0.475173 0.328257 0.0908324 0.0427625 0.0629745
 0.545316 0.323264 0.0821977 0.022745 0.0264772
 0.610808 0.293153 0.0682806 0.017362 0.0103968
 0.465789 0.413601 0.0908475 0.02116 0.00860242
 0.460662 0.34981 0.146738 0.0322311 0.0105592
 0.442956 0.3561 0.13033 0.0546708 0.0159425
 0.594197 0.252138 0.0982333 0.0359528 0.0194793
 0.482062 0.388788 0.0802448 0.0312635 0.0176417
 0.454149 0.356687 0.141996 0.0293075 0.0178614
 0.633693 0.230307 0.0888691 0.0353784 0.0117522
 0.594763 0.315712 0.0562871 0.0217196 0.0115187
pobs_PELACES
 0 0 0 0 0
 0 0 0 0 0
 0 0 0 0 0
 0 0 0 0 0
 0 0 0 0 0
 0 0 0 0 0
 0 0 0 0 0
 0 0 0 0 0
 0 0 0 0 0
 0 0 0 0 0
 0.450072 0.473896 0.0757376 0.000293798 0
 0 0 0 0 0
 0.463077 0.371075 0.160297 0.00555027 0
 0.529543 0.364841 0.0842815 0.0213345 0
 0.631943 0.363953 0.00410389 0 0
 0.735681 0.248677 0.0153453 0.000297389 0
 0.695825 0.281241 0.0229344 0 0
 0.275771 0.60734 0.115278 0.00161068 0
 0 0 0 0 0
 0.896147 0.0623911 0.0374545 0.00400742 0
 0.803859 0.145111 0.0509908 3.86294e-05 0
 0.739449 0.233085 0.0266225 0.000797448 4.60066e-05
 0.878498 0.100942 0.0204185 0.000141795 0
 0.694673 0.275183 0.0284847 0.00165964 0
ppred_PELACES
 0.443733 0.280033 0.13906 0.0690552 0.0681184
 0.399096 0.370325 0.116077 0.0576422 0.0568602
 0.264255 0.420979 0.193983 0.0608035 0.0599786
 0.3682 0.266029 0.209287 0.0964376 0.0600461
 0.427267 0.308634 0.111203 0.0874843 0.0654118
 0.413523 0.351236 0.126767 0.0456748 0.0627996
 0.392726 0.356717 0.150056 0.0541578 0.0463429
 0.271595 0.411822 0.185963 0.0782271 0.0523928
 0.47504 0.226041 0.169001 0.0763143 0.053603
 0.424796 0.372828 0.0871408 0.0651514 0.0500842
 0.246654 0.451997 0.195324 0.0456529 0.0603718
 0.292873 0.285979 0.252683 0.109193 0.0592718
 0.440763 0.258417 0.121658 0.107494 0.071667
 0.525672 0.296673 0.0820926 0.0386479 0.0569151
 0.584394 0.295481 0.0751332 0.0207902 0.0242016
 0.624597 0.282766 0.0658614 0.0167469 0.0100285
 0.475122 0.406375 0.0892604 0.0207904 0.00845213
 0.466688 0.345901 0.145098 0.0318709 0.0104412
 0.448047 0.352846 0.129139 0.0541712 0.0157968
 0.598577 0.249416 0.097173 0.0355647 0.0192691
 0.484184 0.387195 0.079916 0.0311354 0.0175694
 0.457019 0.354811 0.141249 0.0291534 0.0177675
 0.636609 0.228474 0.0881617 0.0350968 0.0116587
 0.596786 0.314135 0.0560061 0.0216112 0.0114612
pobs_pel_tallas
 0 0 0 0 0 0 0 0 0 0 0 0 0 0 0 0 0 0 0 0 0 0 0 0 0 0 0 0 0 0 0 0 0 0 0 0
 0 0 0 0 0 0 0 0 0 0 0 0 0 0 0 0 0 0 0 0 0 0 0 0 0 0 0 0 0 0 0 0 0 0 0 0
 0 0 0 0 0 0 0 0 0 0 0 0 0 0 0 0 0 0 0 0 0 0 0 0 0 0 0 0 0 0 0 0 0 0 0 0
 0 0 0 0 0 0 0 0 0 0 0 0 0 0 0 0 0 0 0 0 0 0 0 0 0 0 0 0 0 0 0 0 0 0 0 0
 0 0 0 0 0 0 0 0 0 0 0 0 0 0 0 0 0 0 0 0 0 0 0 0 0 0 0 0 0 0 0 0 0 0 0 0
 0 0 0 0 0 0 0 0 0 0 0 0 0 0 0 0 0 0 0 0 0 0 0 0 0 0 0 0 0 0 0 0 0 0 0 0
 0 0 0 0 0 0 0 0 0 0 0 0 0 0 0 0 0 0 0 0 0 0 0 0 0 0 0 0 0 0 0 0 0 0 0 0
 0 0 0 0 0 0 0 0 0 0 0 0 0 0 0 0 0 0 0 0 0 0 0 0 0 0 0 0 0 0 0 0 0 0 0 0
 0 0 0 0 0 0 0 0 0 0 0 0 0 0 0 0 0 0 0 0 0 0 0 0 0 0 0 0 0 0 0 0 0 0 0 0
 0 0 0 0 0 0 0 0 0 0 0 0 0 0 0 0 0 0 0 0 0 0 0 0 0 0 0 0 0 0 0 0 0 0 0 0
 0 0 0 0 0 0 0 0 1.78061e-05 0.00172719 0.00360574 0.0105946 0.0120993 0.0124554 0.0147524 0.0171206 0.0266825 0.0428682 0.0675386 0.121331 0.153587 0.119568 0.100827 0.0573624 0.0630603 0.0341343 0.0324427 0.0444173 0.0211091 0.0280891 0.0125444 0.00206551 0 0 0 0
 0 0 0 0 0 0 0 0 0 0 0 0 0 0 0 0 0 0 0 0 0 0 0 0 0 0 0 0 0 0 0 0 0 0 0 0
 0 0 0 0 0 0 0.0133647 0.0140871 0.0187388 0.0205184 0.03894 0.0496705 0.03968 0.0493445 0.0407372 0.0367815 0.0215668 0.0243155 0.0234873 0.0199281 0.019796 0.0243948 0.0301388 0.0376714 0.0412746 0.0863199 0.0771752 0.113111 0.0741005 0.0525337 0.0229764 0.00759418 0.00175318 0 0 0
 0 0 0 0 0 0 0 0 0 0 0.00219441 0.00772107 0.0458388 0.0604681 0.0671733 0.0775358 0.0609151 0.0617685 0.073594 0.0568108 0.0755445 0.0548602 0.0670107 0.0636378 0.0643287 0.046367 0.0373049 0.0286899 0.0247887 0.0153202 0.00654259 0.00121912 0.000365735 0 0 0
 0 0 0 0 0 0 0 0 0 0 0 0 0.000112435 0.00938835 0.0111873 0.0202946 0.0414886 0.0713402 0.111592 0.104902 0.108894 0.110636 0.117776 0.105296 0.107544 0.0401394 0.0192827 0.0124803 0.00416011 0.0028671 0.000618394 0 0 0 0 0
 0 0 0 0 0 0 0 0 0 0 0.00291406 0.0102884 0.027416 0.0768956 0.0749926 0.110853 0.0956884 0.0897413 0.0766577 0.0534642 0.0500743 0.0551293 0.0594112 0.0620874 0.0668451 0.0424026 0.0208742 0.0120726 0.0048766 0.00582813 0.00118941 0.000297354 0 0 0 0
 0 0.00264628 0.0354308 0.0461629 0.0458689 0.0383711 0.0214643 0.0164657 0.0346957 0.0420465 0.0363128 0.0245516 0.0311673 0.0291091 0.0169068 0.0133784 0.00837989 0.0085269 0.0148486 0.0160247 0.0276389 0.0546898 0.0760071 0.122758 0.109233 0.0665981 0.0333725 0.0166128 0.00676272 0.00308733 0.000882094 0 0 0 0 0
 0 0 0 0 0 0 0 0.000805153 0.000690131 0.00759144 0.0133425 0.0154129 0.00931677 0.000345066 0.00356568 0.00563607 0.00851162 0.0253048 0.0502646 0.0516448 0.0657925 0.0565908 0.0611916 0.0827007 0.0866115 0.110766 0.145733 0.0935128 0.0569358 0.0249597 0.0138026 0.00621118 0.00161031 0.00115022 0 0
 0 0 0 0 0 0 0 0 0 0 0 0 0 0 0 0 0 0 0 0 0 0 0 0 0 0 0 0 0 0 0 0 0 0 0 0
 0.00147267 0.00158595 0.00478618 0.00569244 0.00954404 0.0108468 0.00647125 0.017049 0.0510054 0.094081 0.124002 0.0959785 0.0687766 0.0820023 0.061753 0.0591476 0.0492212 0.0479892 0.0443925 0.0268479 0.0217502 0.0140895 0.0121071 0.0120363 0.00920419 0.00665534 0.0049561 0.00860946 0.00930331 0.0156896 0.0114698 0.00855282 0.00243557 0.00046729 0 2.83206e-05
 0 0 0 0 0.000772559 0.00158375 0.000888443 0.00281984 0.00712685 0.0440552 0.0773331 0.111326 0.0921469 0.0852325 0.0710754 0.0886704 0.0786465 0.0553345 0.0373146 0.0185414 0.00753245 0.00457741 0.012979 0.0271748 0.0457355 0.0583668 0.034881 0.0177882 0.00938659 0.00492506 0.0015258 0.00185414 0.000309023 5.79419e-05 3.86279e-05 0
 0 0.00173294 0.00326652 0 0.00397197 0.00683976 0.00946217 0.0152591 0.00757587 0.0136028 0.0228656 0.0392903 0.0559909 0.0764795 0.0681675 0.0726916 0.0566044 0.0477403 0.0527397 0.0444891 0.0609904 0.0582453 0.0661739 0.0445044 0.0529084 0.0360697 0.0280645 0.0235558 0.0158879 0.00826598 0.00280645 0.00217768 0.000904811 0.00058276 9.20147e-05 0
 0 0 0 0 0 0 0 0 0 0 0 0 0 0 0 0 0 0 0 0 0 0 0 0 0 0 0 0 0 0 0 0 0 0 0 0
 0 0 0 0 0 0 0 0 0 0 0 0 0 0 0 0 0 0 0 0 0 0 0 0 0 0 0 0 0 0 0 0 0 0 0 0
ppred_pel_tallas
 1.07621e-16 1.9373e-05 0.000113672 0.000540278 0.00207999 0.00648615 0.0163837 0.0335248 0.0555769 0.074656 0.0812876 0.0718134 0.051651 0.0306387 0.0157985 0.00855243 0.00688781 0.00840038 0.0116037 0.0157921 0.0205632 0.0255347 0.0302788 0.03437 0.0374658 0.0393727 0.0400729 0.0396994 0.0384767 0.0366477 0.0344156 0.0319164 0.0292242 0.0263772 0.0234087 0.0203693
 1.06406e-16 1.74302e-05 0.000102258 0.000485996 0.00187096 0.00583428 0.0147372 0.0301566 0.0499967 0.0671707 0.073165 0.0647032 0.0466798 0.0279765 0.0149516 0.00893424 0.0081616 0.0105016 0.0146121 0.0198013 0.0255913 0.0314707 0.0368624 0.0412054 0.0440705 0.0452515 0.0447987 0.0429817 0.0402 0.0368731 0.0333502 0.0298613 0.0265173 0.023343 0.0203229 0.0174408
 1.07783e-16 1.15528e-05 6.77468e-05 0.000321917 0.00123919 0.00386412 0.00976086 0.019975 0.0331223 0.0445172 0.0485355 0.0430305 0.0312804 0.0192212 0.0111382 0.00800192 0.00873923 0.0120142 0.0169684 0.0231015 0.029966 0.0370084 0.0435762 0.0490212 0.052832 0.0547372 0.0547479 0.0531198 0.0502599 0.0466098 0.0425487 0.0383427 0.0341435 0.0300213 0.0260102 0.0221441
 1.09177e-16 1.60789e-05 9.43337e-05 0.000448345 0.00172603 0.00538234 0.0135956 0.02782 0.0461209 0.0619582 0.0674732 0.0596362 0.0429519 0.0255987 0.0134237 0.00763385 0.00659026 0.00832999 0.0116469 0.0159712 0.0209676 0.0262962 0.0315589 0.0363421 0.0402903 0.0431677 0.0448852 0.045485 0.0450944 0.0438695 0.0419519 0.039451 0.0364528 0.0330405 0.0293168 0.0254127
 1.07742e-16 1.8656e-05 0.00010946 0.000520251 0.00200287 0.00624566 0.0157763 0.0322821 0.0535179 0.0718936 0.0782887 0.0691851 0.0498065 0.0296366 0.0154504 0.00863296 0.00726119 0.00902906 0.0125029 0.0169841 0.0220476 0.0272724 0.032187 0.0363287 0.0393352 0.0410173 0.0413867 0.0406252 0.0390137 0.0368471 0.0343647 0.031718 0.0289759 0.0261559 0.0232626 0.0203178
 1.06418e-16 1.80586e-05 0.000105948 0.000503546 0.00193854 0.00604502 0.0152695 0.0312456 0.0518012 0.0695921 0.0757948 0.0670106 0.048305 0.0288714 0.0152861 0.00891207 0.00790938 0.0100597 0.0139726 0.0189457 0.0245134 0.0301898 0.0354276 0.0396924 0.0425717 0.0438606 0.0435953 0.0420178 0.0394939 0.0364109 0.033093 0.0297571 0.0265121 0.0233899 0.0203871 0.0175007
 1.06273e-16 1.7152e-05 0.000100625 0.000478238 0.0018411 0.00574115 0.014502 0.0296752 0.0491984 0.0660979 0.0719955 0.0636667 0.0459274 0.0275165 0.0146902 0.0087561 0.00798064 0.010269 0.0143071 0.0194241 0.0251626 0.0310331 0.0364786 0.0409514 0.0440228 0.0454715 0.0453184 0.0437931 0.0412538 0.0380855 0.0346169 0.0310756 0.0275872 0.0242033 0.020942 0.0178194
 1.0791e-16 1.18724e-05 6.96243e-05 0.000330844 0.00127357 0.00397133 0.0100317 0.020529 0.0340403 0.045749 0.0498733 0.0442043 0.0321069 0.0196759 0.0113071 0.00798824 0.00860628 0.0117809 0.0166283 0.0226418 0.0293797 0.0363015 0.0427704 0.0481543 0.0519532 0.0539011 0.0540062 0.0525141 0.0498162 0.0463368 0.0424385 0.0383743 0.0342871 0.0302432 0.0262771 0.0224262
 1.076e-16 2.0736e-05 0.000121679 0.000578354 0.00222661 0.00694339 0.0175386 0.0358873 0.0594914 0.0799079 0.086989 0.0768098 0.0551563 0.0325413 0.0164552 0.00838993 0.00616172 0.00717828 0.00985176 0.0134619 0.0176489 0.0221052 0.0264886 0.0304484 0.0336861 0.0360074 0.0373453 0.0377457 0.0373268 0.03623 0.0345813 0.0324761 0.029985 0.027173 0.0241184 0.0209226
 1.05938e-16 1.85509e-05 0.000108837 0.000517275 0.00199139 0.00620984 0.0156859 0.0320976 0.0532139 0.0714907 0.0778643 0.0688442 0.0496353 0.0296832 0.0157451 0.0092225 0.00822443 0.0104681 0.0145163 0.0196325 0.0253185 0.0310525 0.0362519 0.0403561 0.0429438 0.0438244 0.0430712 0.040981 0.0379807 0.0345128 0.0309407 0.0274979 0.0242877 0.0213178 0.01855 0.0159432
 1.0731e-16 1.07865e-05 6.32455e-05 0.00030051 0.00115676 0.00360706 0.00911158 0.0186468 0.0309217 0.0415649 0.0453309 0.0402232 0.0293131 0.0181581 0.0107809 0.00811399 0.0091817 0.0127554 0.0180348 0.0245286 0.0317648 0.0391458 0.0459667 0.0515311 0.0552945 0.0569775 0.0566104 0.0544923 0.0510879 0.0468991 0.0423569 0.0377635 0.0332885 0.0290032 0.02493 0.0210838
 1.10202e-16 1.27952e-05 7.50534e-05 0.00035668 0.00137309 0.0042817 0.0108155 0.0221318 0.0366935 0.0493015 0.0537106 0.0475214 0.0343342 0.0206798 0.0112443 0.00703123 0.00678431 0.00898409 0.0126961 0.0174629 0.0229759 0.0288852 0.0347654 0.0401677 0.044699 0.0480881 0.0502166 0.0511041 0.0508628 0.0496409 0.0475792 0.044795 0.0413907 0.0374748 0.0331827 0.0286814
 1.08854e-16 1.92425e-05 0.000112908 0.000536652 0.00206604 0.00644265 0.0162738 0.0332997 0.0552032 0.0741524 0.0807347 0.0713143 0.0512687 0.0303654 0.0155723 0.00829414 0.00652484 0.00787266 0.0108644 0.014812 0.0193402 0.0241032 0.0287155 0.0327915 0.0360179 0.0382115 0.0393427 0.0395117 0.0388943 0.0376775 0.0360098 0.0339814 0.0316342 0.0289896 0.0260801 0.0229691
 1.0525e-16 2.29465e-05 0.00013465 0.000640008 0.00246397 0.00768358 0.0194083 0.0397134 0.0658349 0.0884312 0.0962747 0.0850259 0.061093 0.0361162 0.0183928 0.00958005 0.00726164 0.00855644 0.0116755 0.015766 0.0203519 0.0250012 0.0292481 0.0326454 0.0348543 0.0357169 0.0352824 0.033776 0.0315257 0.028873 0.0260985 0.0233835 0.020809 0.0183845 0.0160858 0.0138888
 1.03009e-16 2.55071e-05 0.000149683 0.000711476 0.00273914 0.00854168 0.0215758 0.0441483 0.0731856 0.0983012 0.107011 0.0944852 0.0678407 0.0400064 0.0201905 0.0102156 0.00737411 0.00844386 0.0114242 0.0153676 0.0197611 0.0241561 0.0280772 0.0310726 0.0328053 0.0331271 0.0321064 0.0299971 0.0271639 0.0239897 0.0207967 0.0178021 0.0151127 0.0127488 0.0106812 0.00886497
 1.02072e-16 2.72596e-05 0.000159973 0.000760398 0.00292751 0.0091291 0.0230595 0.047184 0.078217 0.105056 0.114356 0.10095 0.0724383 0.0426285 0.0213484 0.0105291 0.00725929 0.00808087 0.0108498 0.0145612 0.0186902 0.0227963 0.0264198 0.0291266 0.0305955 0.0306897 0.0294838 0.0272333 0.0243025 0.0210743 0.0178725 0.0149173 0.0123185 0.0100973 0.00822155 0.00663881
 1.02509e-16 2.07468e-05 0.000121726 0.000578542 0.00222727 0.00694541 0.0175439 0.0358995 0.0595165 0.0799564 0.0870806 0.076983 0.0554815 0.0331353 0.0174944 0.0101151 0.00886924 0.0111879 0.0154473 0.0208082 0.0267009 0.0325335 0.0376515 0.0414318 0.0434145 0.0434072 0.0415239 0.0381412 0.0337932 0.0290409 0.024359 0.020071 0.0163381 0.0131901 0.0105764 0.00841396
 1.03756e-16 2.03768e-05 0.000119558 0.000568249 0.00218766 0.00682191 0.0172319 0.0352607 0.058456 0.0785276 0.0855138 0.0755725 0.0544099 0.0323857 0.0169005 0.00946683 0.00798127 0.00991816 0.0136984 0.0185382 0.0239442 0.0294209 0.0344153 0.0383882 0.0409219 0.0418078 0.0410821 0.0389942 0.0359272 0.0322969 0.0284662 0.0246958 0.0211379 0.0178589 0.0148759 0.0121874
 1.04548e-16 1.95641e-05 0.000114787 0.000545565 0.00210032 0.00654953 0.0165439 0.033853 0.056123 0.0753955 0.0821081 0.0725747 0.0522777 0.031169 0.0163617 0.00931755 0.00802674 0.0100718 0.0139386 0.0188684 0.0243717 0.0299488 0.0350409 0.0391041 0.0417196 0.0426818 0.0420333 0.0400308 0.0370625 0.0335444 0.0298329 0.0261765 0.0227117 0.0194891 0.0165137 0.0137788
 1.03584e-16 2.61237e-05 0.000153307 0.000728714 0.00280553 0.00874872 0.0220987 0.0452178 0.0749571 0.100676 0.109584 0.0967294 0.0693908 0.0407977 0.0203637 0.00993525 0.00672058 0.00740947 0.00995958 0.0134311 0.0173556 0.0213523 0.0250221 0.0279799 0.029928 0.0307176 0.030373 0.0290689 0.0270715 0.0246673 0.0221013 0.0195446 0.0170917 0.0147793 0.0126145 0.010598
 1.03152e-16 2.11412e-05 0.000124043 0.000589561 0.00226971 0.00707775 0.0178781 0.0365833 0.0606492 0.0814757 0.0887289 0.0784249 0.0564874 0.0336696 0.017655 0.0100182 0.00857877 0.0107115 0.0147623 0.0198888 0.0255374 0.0311446 0.0360901 0.0397837 0.0417898 0.0419254 0.0402969 0.0372571 0.0333056 0.0289642 0.0246706 0.0207186 0.0172492 0.0142823 0.0117661 0.00962456
 1.03953e-16 1.99555e-05 0.000117084 0.000556486 0.00214237 0.00668065 0.0168751 0.0345307 0.0572463 0.0769041 0.0837497 0.0740225 0.0533138 0.0317731 0.0166538 0.00944401 0.00809104 0.0101263 0.0140038 0.0189493 0.0244653 0.0300454 0.0351234 0.0391482 0.0416948 0.0425541 0.0417689 0.0396009 0.0364479 0.0327393 0.0288475 0.0250372 0.0214589 0.0181737 0.0151912 0.012503
 1.03077e-16 2.77812e-05 0.00016304 0.000774991 0.00298371 0.00930439 0.0235022 0.0480894 0.0797162 0.107065 0.116529 0.102837 0.073724 0.0432481 0.0214058 0.0101431 0.0064721 0.00685811 0.00912452 0.0122826 0.0158632 0.0195075 0.0228474 0.0255292 0.0272801 0.027964 0.0276047 0.0263636 0.0244874 0.0222412 0.0198529 0.017482 0.0152175 0.0130946 0.0111201 0.00929405
 1.02176e-16 2.60481e-05 0.000152858 0.000726566 0.00279724 0.00872284 0.0220334 0.0450847 0.0747382 0.100388 0.109284 0.0964975 0.0692967 0.0408871 0.0206749 0.0105241 0.00767082 0.00882294 0.0119307 0.0160139 0.0205294 0.0249959 0.0289049 0.0317773 0.0332629 0.0332194 0.0317423 0.0291287 0.025796 0.0221786 0.0186403 0.0154242 0.0126453 0.0103154 0.0083851 0.00678218
pSPR Fmed_Fpbrs
0.757494   0.255389 0.255389
Fs Fmed_Fpbrs
0.140887   1.005 1.005
SSBpbr Bo_Bmed_Bpbrs
1.77562e+06  1.25624e+06  364693 364693
Ro
71682.4
SPR SPRFo_SPRFmed_SPRFpbrs
1.47476e+06 1.11712e+06 376639
log_Ro
11
likeval ReclasPelacesDesembMPH_pf_preclas_ppelaces_ptallas_desvR_qrecl_qpela
 237.896 48.9654 0.973106 0.00140089 319.107 193.179 84.5368 0 19.8613 0 0 0 0 0 0
q_reclas_q_pelaces
1 1
M
0.7
N
 130737 42616.6 21162.8 10509.1 10366.6
 130134 62427.7 19567.8 9717.08 9585.25
 73343.5 62072.8 28602.6 8965.39 8843.76
 92519.1 33855.5 26634.4 12272.9 7641.62
 124818 45237.6 16299.4 12822.9 9587.64
 138735 61724.4 22277.3 8026.66 11036.1
 139472 65138.8 27401.3 9889.56 8462.52
 82512.7 66964.7 30238.6 12720.2 8519.37
 145478 37747.8 28222.4 12744.1 8951.44
 137565 65074.5 15209.8 11371.7 8741.84
 57040.4 62404.7 26967.3 6303.04 8335.19
 39228.8 22876.3 20212.9 8734.72 4741.33
 40477.3 15726.8 7403.93 6541.92 4361.53
 30509.9 14315.4 3961.23 1864.88 2746.33
 21768.2 8210.62 2087.75 577.704 672.498
 25461.1 6675.21 1554.78 395.34 236.74
 22542.5 10592.9 2326.74 541.939 220.32
 25370.3 9992.92 4191.82 920.735 301.641
 28228.1 11706.4 4284.47 1797.25 524.095
 60381.1 13169 5130.67 1877.79 1017.39
 69466.7 28375.7 5856.67 2281.77 1287.58
 84123 33619.3 13383.7 2762.36 1683.52
 217772 40334.7 15564.1 6195.99 2058.22
 387250 104096 18559 7161.4 3797.96
pred_Ctot
 3620.72 2320.4 1152.28 572.204 564.441
 3701.32 3489.22 1093.69 543.109 535.741
 3731.52 6119.42 2819.77 883.849 871.858
 1023.41 743.904 585.235 269.671 167.908
 374.562 271.003 97.6441 76.8174 57.4362
 5455.55 4737.44 1709.82 616.058 847.036
 3330.41 3065.27 1289.44 465.378 398.225
 4695.32 7355.73 3321.56 1397.25 935.808
 10443.3 5181.72 3874.15 1749.41 1228.78
 8600.78 7825.89 1829.14 1367.57 1051.3
 7989.3 15993.1 6911.2 1615.35 2136.15
 5503.55 5871.49 5187.9 2241.87 1216.92
 8542.88 5792.4 2726.97 2409.48 1606.41
 10407.5 7781.79 2153.31 1013.74 1492.9
 6155.02 3856.07 980.501 271.316 315.835
 3000.31 1460.31 340.132 86.4869 51.7907
 1751.26 1567.74 344.354 80.2063 32.6071
 1297.41 990.05 415.305 91.2219 29.8851
 1233.46 995.66 364.405 152.86 44.5755
 2337.13 995.262 387.756 141.916 76.8905
 1271.8 1027.33 212.038 82.6105 46.6162
 2088.97 1644.24 654.567 135.101 82.3372
 5872.16 2139.25 825.477 328.619 109.163
 7010.2 3726.93 664.46 256.397 135.977
F
 0.03918 0.07836 0.07836 0.07836 0.07836
 0.0402568 0.0805136 0.0805136 0.0805136 0.0805136
 0.0730516 0.146103 0.146103 0.146103 0.146103
 0.0154867 0.0309735 0.0309735 0.0309735 0.0309735
 0.00418043 0.00836085 0.00836085 0.00836085 0.00836085
 0.0560442 0.112088 0.112088 0.112088 0.112088
 0.0337003 0.0674005 0.0674005 0.0674005 0.0674005
 0.0820255 0.164051 0.164051 0.164051 0.164051
 0.104493 0.208986 0.208986 0.208986 0.208986
 0.0904539 0.180908 0.180908 0.180908 0.180908
 0.21366 0.427319 0.427319 0.427319 0.427319
 0.214045 0.42809 0.42809 0.42809 0.42809
 0.339407 0.678813 0.678813 0.678813 0.678813
 0.612624 1.22525 1.22525 1.22525 1.22525
 0.482049 0.964097 0.964097 0.964097 0.964097
 0.176966 0.353933 0.353933 0.353933 0.353933
 0.113525 0.22705 0.22705 0.22705 0.22705
 0.0734396 0.146879 0.146879 0.146879 0.146879
 0.0624507 0.124901 0.124901 0.124901 0.124901
 0.0551428 0.110286 0.110286 0.110286 0.110286
 0.0257482 0.0514964 0.0514964 0.0514964 0.0514964
 0.0350671 0.0701343 0.0701343 0.0701343 0.0701343
 0.0381298 0.0762596 0.0762596 0.0762596 0.0762596
 0.0254558 0.0509117 0.0509117 0.0509117 0.0509117
nmprior
 10 10 8 0
nm_flota  nm_reclas  nm_pelaces    nm_pelaL
inf 9.70315 13.6141 22.9503
cv_recla  cv_pelaces  cv_mph
1.42797 0.823397 1.21434
 ------------------------------------------------
Talla a la edad & desviación 
 7.2 14.2025 17.0495 18.207 18.6776
 1.08 2.13037 2.55742 2.73105 2.80164
