years
 1997 1998 1999 2000 2001 2002 2003 2004 2005 2006 2007 2008 2009 2010 2011 2012 2013 2014 2015 2016 2017 2018 2019 2020
reclasobs
 0 0 0 370054 412103 1.49427e+06 250295 1.28982e+06 931140 785840 897777 1.04006e+06 184774 17550 25797 100020 73551 82996 120727 218422 84188 347160 605670 569463
reclaspred
 479311 104434 195163 144889 277181 309721 679514 511349 690140 835229 697393 470021 294026 129812 83709.4 81125.3 96704.5 121193 116874 184907 289651 262056 422235 397187
pelacesobs
 0 0 0 0 0 0 0 0 0 2.06254e+06 1.5e+06 0 1.87456e+06 323000 250000 174000 83755 137374 0 501740 490994 745055 786931 1.00524e+06
pelacespred
 696116 162080 159507 196502 336273 302925 825133 690405 886625 1.06671e+06 809751 568453 356959 128024 81171.2 84930.9 106130 135773 134081 205726 362875 320234 408864 459983
mphobs
 0 0 0 0 0 112323 0 153150 637223 0 255016 313432 73983 77613 109348 50772 0 0 0 0 0 0 0 0
mphpred
 648614 299495 261361 196213 272755 527000 711360 857219 842462 1.0753e+06 1.33475e+06 971159 591543 315035 138964 111705 130904 170181 193463 208509 358608 449074 545271 684857
desembarqueobs
 350755 77701 442110 56441 14545 235359 269955 359681 431902 328805 639364 411747 362871 311530 167758 66681 60226 58785 57116 71774 51957 67425 138520 160799
desembarquepred
 350738 77678.9 441798 56434.4 14544.8 235358 269958 359515 431757 328701 639092 411689 362762 311497 167608 66666.6 60231.1 58771.5 57098.3 71751.8 51952 67406.7 138492 160777
Reclutas
 26528 41157.3 13248.5 35296.3 66518.4 37279.3 70629.1 86569.1 128745 174958 66207.5 36791 45380 22101.1 15762.9 17614.3 13209.2 13189.1 13708 32817.7 39637.1 46775.9 65427.4 39784.6
log_desv_Rt
 -0.334045 0.105157 -1.02836 -0.0484671 0.585234 0.00619369 0.645197 0.848698 1.24559 1.5523 0.580549 -0.00699062 0.202827 -0.516618 -0.854588 -0.743536 -1.03133 -1.03285 -0.994262 -0.121276 0.067521 0.233123 0.568696 0.0712355
SSB
 648614 299495 261361 196213 272755 527000 711360 857219 842462 1.0753e+06 1.33475e+06 971159 591543 315035 138964 111705 130904 170181 193463 208509 358608 449074 545271 684857
BT
 1.49695e+06 431058 521284 411942 613893 726308 1.66469e+06 1.63648e+06 1.9806e+06 2.21993e+06 2.01256e+06 1.39108e+06 995727 527944 286572 207017 239057 290375 289686 426964 691510 636949 828015 959637
Ftot
 0.444213 0.576917 1.21788 0.34888 0.0489823 0.414173 0.294501 0.558406 0.545739 0.327442 0.507865 0.459688 0.759223 1.33817 1.41446 0.593957 0.438747 0.319081 0.295322 0.318975 0.129084 0.159261 0.198714 0.226282
BD_Bspro_t
 0.939429 0.682037 0.55082 0.316109 0.521711 0.727344 0.655719 0.665956 0.629092 0.639313 0.659394 0.509644 0.393418 0.289704 0.171478 0.173152 0.259553 0.393715 0.482472 0.559774 0.706638 0.795375 0.797331 0.781249
BD_Bspro
 0.850938 0.392917 0.342889 0.257419 0.357836 0.691389 0.933257 1.12461 1.10525 1.41072 1.75111 1.2741 0.776065 0.413305 0.182312 0.14655 0.171737 0.223266 0.25381 0.273549 0.47047 0.589155 0.715359 0.898487
BD_Bo
 0.687944 0.317655 0.27721 0.208111 0.289294 0.558956 0.754495 0.909199 0.893547 1.1405 1.41569 1.03005 0.627412 0.334138 0.147391 0.118479 0.138842 0.180501 0.205194 0.221152 0.380353 0.476305 0.578334 0.726385
BD_Brms
 2.32714 1.07454 0.937728 0.703985 0.978605 1.8908 2.55226 3.07558 3.02263 3.85802 4.7889 3.48438 2.12237 1.1303 0.498583 0.400783 0.469665 0.610586 0.694117 0.748099 1.28664 1.61121 1.95635 2.45717
S_f
 0.159839 1 1 1 1
 0.159839 1 1 1 1
 0.159839 1 1 1 1
 0.159839 1 1 1 1
 0.159839 1 1 1 1
 0.159839 1 1 1 1
 0.159839 1 1 1 1
 0.159839 1 1 1 1
 0.159839 1 1 1 1
 0.159839 1 1 1 1
 0.159839 1 1 1 1
 0.159839 1 1 1 1
 0.159839 1 1 1 1
 0.159839 1 1 1 1
 0.159839 1 1 1 1
 0.159839 1 1 1 1
 0.159839 1 1 1 1
 0.159839 1 1 1 1
 0.159839 1 1 1 1
 0.159839 1 1 1 1
 0.159839 1 1 1 1
 0.159839 1 1 1 1
 0.159839 1 1 1 1
 0.159839 1 1 1 1
Scru_reclas
 1 1 1 1 1
 1 1 1 1 1
 1 1 1 1 1
 1 1 1 1 1
 1 1 1 1 1
 1 1 1 1 1
 1 1 1 1 1
 1 1 1 1 1
 1 1 1 1 1
 1 1 1 1 1
 1 1 1 1 1
 1 1 1 1 1
 1 1 1 1 1
 1 1 1 1 1
 1 1 1 1 1
 1 1 1 1 1
 1 1 1 1 1
 1 1 1 1 1
 1 1 1 1 1
 1 1 1 1 1
 1 1 1 1 1
 1 1 1 1 1
 1 1 1 1 1
 1 1 1 1 1
Scru_pelaces
 1 1 1 1 1
 1 1 1 1 1
 1 1 1 1 1
 1 1 1 1 1
 1 1 1 1 1
 1 1 1 1 1
 1 1 1 1 1
 1 1 1 1 1
 1 1 1 1 1
 1 1 1 1 1
 1 1 1 1 1
 1 1 1 1 1
 1 1 1 1 1
 1 1 1 1 1
 1 1 1 1 1
 1 1 1 1 1
 1 1 1 1 1
 1 1 1 1 1
 1 1 1 1 1
 1 1 1 1 1
 1 1 1 1 1
 1 1 1 1 1
 1 1 1 1 1
 1 1 1 1 1
pf_obs 
 0.256992 0.487395 0.22802 0.0275931 0
 0.321318 0.546541 0.124235 0.00734118 0.000564706
 0.182869 0.594174 0.210203 0.0122559 0.00049798
 0.330522 0.361315 0.267642 0.0388342 0.00168674
 0.649043 0.306663 0.0425973 0.00169635 0
 0.582887 0.30429 0.105238 0.00758474 0
 0.465427 0.430635 0.0974691 0.00646863 0
 0.296916 0.608066 0.0921331 0.00288517 0
 0.311714 0.524322 0.152257 0.0117073 0
 0.15457 0.633149 0.183074 0.0267441 0.00246327
 0.131901 0.49318 0.331252 0.0422183 0.00144891
 0.196976 0.569456 0.194076 0.0375587 0.00193317
 0.518974 0.381816 0.0799577 0.0180837 0.00116848
 0.0928022 0.601141 0.25162 0.0475244 0.00691264
 0.122501 0.610282 0.24278 0.0234846 0.000952079
 0.383417 0.481906 0.127806 0.00687128 0
 0.0376549 0.599619 0.316969 0.0457579 0
 0.0361596 0.667082 0.258105 0.0386534 0
 0.158088 0.579412 0.248529 0.0139706 0
 0.0477256 0.309471 0.559284 0.082774 0.000745712
 0.0406174 0.521527 0.379366 0.0568643 0.0016247
 0.151134 0.462217 0.34131 0.0453401 0
 0.294876 0.26143 0.354403 0.0886775 0.000613685
 0.281977 0.475581 0.204845 0.0348837 0.00271318
pf_pred 
 0.173077 0.565616 0.231782 0.0295171 8.48935e-06
 0.288719 0.440322 0.185336 0.0759484 0.00967469
 0.115197 0.682398 0.125299 0.0527399 0.0243652
 0.4162 0.352616 0.178299 0.0327386 0.0201462
 0.354451 0.542717 0.0621107 0.0314061 0.00931528
 0.140878 0.66885 0.159963 0.0183068 0.0120024
 0.28726 0.396542 0.246169 0.0588741 0.0111552
 0.272177 0.541422 0.103707 0.0643802 0.0183146
 0.323493 0.510563 0.123444 0.0236451 0.0188544
 0.299428 0.557854 0.10771 0.0260421 0.00896581
 0.10418 0.678949 0.172691 0.0333428 0.0108371
 0.0991971 0.434662 0.353292 0.0898598 0.0229891
 0.204086 0.36839 0.206292 0.167674 0.0535585
 0.160022 0.588604 0.116349 0.0651531 0.0698718
 0.239114 0.536321 0.157361 0.0311054 0.0360984
 0.308505 0.556295 0.0952973 0.027961 0.0119412
 0.196541 0.633888 0.136417 0.0233692 0.00978499
 0.201911 0.522318 0.217569 0.0468223 0.0113795
 0.202505 0.517228 0.183423 0.0764043 0.0204388
 0.369416 0.407821 0.144476 0.0512353 0.027051
 0.257924 0.60135 0.0910124 0.0322424 0.017471
 0.222929 0.542423 0.19015 0.0287786 0.0157196
 0.246615 0.49677 0.179126 0.0627938 0.0146948
 0.13184 0.601145 0.176065 0.0634858 0.0274635
pobs_RECLAS
 0 0 0 0 0
 0 0 0 0 0
 0 0 0 0 0
 0 0 0 0 0
 0.835266 0.146461 0.0176864 0.000547809 3.91292e-05
 0.385257 0.428462 0.181853 0.0044286 0
 0.867414 0.0963971 0.0333333 0.00285562 0
 0.441836 0.489002 0.0689373 0.000224442 0
 0.779404 0.147425 0.0564933 0.0165055 0.000172143
 0.814271 0.122319 0.05973 0.00367925 0
 0.40263 0.566651 0.0304383 0.000280538 0
 0.475488 0.404961 0.113038 0.00651328 0
 0.955842 0.0263864 0.0167828 0.000988607 0
 0.975058 0.0227948 0.00214734 0 0
 0.738997 0.206755 0.0527124 0.00153531 0
 0.850938 0.134255 0.0134407 0.00136685 0
 0.542534 0.407297 0.0501686 0 0
 0.764087 0.199537 0.0359546 0.000420521 0
 0.470689 0.182191 0.310203 0.0369168 0
 0.84361 0.089868 0.0606195 0.00523954 0.000663233
 0.607945 0.314616 0.071237 0.00620181 0
 0.523733 0.453247 0.0230204 0 0
 0.530135 0.295979 0.169645 0.0042399 0
 0.562478 0.366248 0.0663022 0.0049721 0
ppred_RECLAS
 0.574181 0.29126 0.119355 0.0151996 4.37154e-06
 0.725716 0.169797 0.0714694 0.0292872 0.00373075
 0.477654 0.402856 0.0739709 0.0311351 0.0143841
 0.820087 0.108668 0.0549476 0.0100893 0.0062086
 0.774959 0.189193 0.021652 0.0109483 0.00324734
 0.513103 0.379063 0.090657 0.0103751 0.00680221
 0.719621 0.155992 0.0968386 0.02316 0.00438827
 0.708744 0.216663 0.0415008 0.0257633 0.00732905
 0.756572 0.183716 0.0444191 0.00850825 0.0067844
 0.731784 0.213576 0.0412369 0.00997028 0.00343258
 0.429653 0.43227 0.109948 0.0212286 0.00689973
 0.41533 0.282119 0.229306 0.0583239 0.0149212
 0.629921 0.171291 0.0959202 0.0779638 0.0249033
 0.576501 0.296762 0.0586604 0.0328488 0.0352278
 0.694313 0.215468 0.0632201 0.0124966 0.0145026
 0.744424 0.205606 0.0352218 0.0103344 0.00441347
 0.611684 0.306362 0.065931 0.0112944 0.00472913
 0.617442 0.250369 0.10429 0.0224439 0.00545468
 0.617904 0.247814 0.0878819 0.0366068 0.00979266
 0.78891 0.136519 0.0483639 0.0171512 0.00905541
 0.686484 0.254061 0.0384514 0.0136219 0.00738122
 0.644202 0.248359 0.087064 0.0131769 0.00719755
 0.674379 0.21471 0.0774202 0.0271402 0.00635125
 0.490456 0.352827 0.103337 0.0372614 0.016119
pobs_PELACES
 0 0 0 0 0
 0 0 0 0 0
 0 0 0 0 0
 0 0 0 0 0
 0 0 0 0 0
 0 0 0 0 0
 0 0 0 0 0
 0 0 0 0 0
 0 0 0 0 0
 0 0 0 0 0
 0.450072 0.473896 0.0757376 0.000293798 0
 0 0 0 0 0
 0.463077 0.371075 0.160297 0.00555027 0
 0.529543 0.364841 0.0842815 0.0213345 0
 0.631943 0.363953 0.00410389 0 0
 0.735681 0.248677 0.0153453 0.000297389 0
 0.695825 0.281241 0.0229344 0 0
 0.275771 0.60734 0.115278 0.00161068 0
 0 0 0 0 0
 0.896147 0.0623911 0.0374545 0.00400742 0
 0.803859 0.145111 0.0509908 3.86294e-05 0
 0.739449 0.233085 0.0266225 0.000797448 4.60066e-05
 0.878498 0.100942 0.0204185 0.000141795 0
 0.694673 0.275183 0.0284847 0.00165964 0
ppred_PELACES
 0.603984 0.270875 0.111001 0.0141358 4.06558e-06
 0.756382 0.150813 0.0634787 0.0260128 0.00331364
 0.561738 0.338007 0.0620635 0.0261232 0.0120686
 0.833919 0.100313 0.050723 0.00931356 0.00573126
 0.777319 0.187209 0.021425 0.0108335 0.00321329
 0.541717 0.356786 0.0853293 0.00976542 0.00640246
 0.735796 0.146993 0.0912518 0.0218239 0.0041351
 0.739642 0.193678 0.0370981 0.0230301 0.00655153
 0.783348 0.163508 0.0395332 0.00757238 0.00603815
 0.749224 0.199689 0.0385556 0.009322 0.00320939
 0.464446 0.405901 0.103241 0.0199336 0.00647883
 0.446573 0.267043 0.217052 0.0552072 0.0141238
 0.677515 0.149262 0.0835844 0.0679373 0.0217006
 0.663614 0.235719 0.0465941 0.0260919 0.0279816
 0.770745 0.161593 0.0474129 0.00937204 0.0108764
 0.774477 0.181429 0.0310801 0.00911915 0.00389449
 0.640156 0.283899 0.0610968 0.0104663 0.00438239
 0.63811 0.236843 0.0986559 0.0212314 0.00515999
 0.63704 0.235403 0.0834806 0.0347735 0.00930223
 0.803262 0.127238 0.0450758 0.0159851 0.00843976
 0.694135 0.247862 0.0375131 0.0132895 0.0072011
 0.654257 0.24134 0.0846035 0.0128045 0.00699414
 0.686359 0.20681 0.0745718 0.0261416 0.00611757
 0.506139 0.341967 0.100157 0.0361145 0.0156229
pobs_pel_tallas
 0 0 0 0 0 0 0 0 0 0 0 0 0 0 0 0 0 0 0 0 0 0 0 0 0 0 0 0 0 0 0 0 0 0 0 0
 0 0 0 0 0 0 0 0 0 0 0 0 0 0 0 0 0 0 0 0 0 0 0 0 0 0 0 0 0 0 0 0 0 0 0 0
 0 0 0 0 0 0 0 0 0 0 0 0 0 0 0 0 0 0 0 0 0 0 0 0 0 0 0 0 0 0 0 0 0 0 0 0
 0 0 0 0 0 0 0 0 0 0 0 0 0 0 0 0 0 0 0 0 0 0 0 0 0 0 0 0 0 0 0 0 0 0 0 0
 0 0 0 0 0 0 0 0 0 0 0 0 0 0 0 0 0 0 0 0 0 0 0 0 0 0 0 0 0 0 0 0 0 0 0 0
 0 0 0 0 0 0 0 0 0 0 0 0 0 0 0 0 0 0 0 0 0 0 0 0 0 0 0 0 0 0 0 0 0 0 0 0
 0 0 0 0 0 0 0 0 0 0 0 0 0 0 0 0 0 0 0 0 0 0 0 0 0 0 0 0 0 0 0 0 0 0 0 0
 0 0 0 0 0 0 0 0 0 0 0 0 0 0 0 0 0 0 0 0 0 0 0 0 0 0 0 0 0 0 0 0 0 0 0 0
 0 0 0 0 0 0 0 0 0 0 0 0 0 0 0 0 0 0 0 0 0 0 0 0 0 0 0 0 0 0 0 0 0 0 0 0
 0 0 0 0 0 0 0 0 0 0 0 0 0 0 0 0 0 0 0 0 0 0 0 0 0 0 0 0 0 0 0 0 0 0 0 0
 0 0 0 0 0 0 0 0 1.78061e-05 0.00172719 0.00360574 0.0105946 0.0120993 0.0124554 0.0147524 0.0171206 0.0266825 0.0428682 0.0675386 0.121331 0.153587 0.119568 0.100827 0.0573624 0.0630603 0.0341343 0.0324427 0.0444173 0.0211091 0.0280891 0.0125444 0.00206551 0 0 0 0
 0 0 0 0 0 0 0 0 0 0 0 0 0 0 0 0 0 0 0 0 0 0 0 0 0 0 0 0 0 0 0 0 0 0 0 0
 0 0 0 0 0 0 0.0133647 0.0140871 0.0187388 0.0205184 0.03894 0.0496705 0.03968 0.0493445 0.0407372 0.0367815 0.0215668 0.0243155 0.0234873 0.0199281 0.019796 0.0243948 0.0301388 0.0376714 0.0412746 0.0863199 0.0771752 0.113111 0.0741005 0.0525337 0.0229764 0.00759418 0.00175318 0 0 0
 0 0 0 0 0 0 0 0 0 0 0.00219441 0.00772107 0.0458388 0.0604681 0.0671733 0.0775358 0.0609151 0.0617685 0.073594 0.0568108 0.0755445 0.0548602 0.0670107 0.0636378 0.0643287 0.046367 0.0373049 0.0286899 0.0247887 0.0153202 0.00654259 0.00121912 0.000365735 0 0 0
 0 0 0 0 0 0 0 0 0 0 0 0 0.000112435 0.00938835 0.0111873 0.0202946 0.0414886 0.0713402 0.111592 0.104902 0.108894 0.110636 0.117776 0.105296 0.107544 0.0401394 0.0192827 0.0124803 0.00416011 0.0028671 0.000618394 0 0 0 0 0
 0 0 0 0 0 0 0 0 0 0 0.00291406 0.0102884 0.027416 0.0768956 0.0749926 0.110853 0.0956884 0.0897413 0.0766577 0.0534642 0.0500743 0.0551293 0.0594112 0.0620874 0.0668451 0.0424026 0.0208742 0.0120726 0.0048766 0.00582813 0.00118941 0.000297354 0 0 0 0
 0 0.00264628 0.0354308 0.0461629 0.0458689 0.0383711 0.0214643 0.0164657 0.0346957 0.0420465 0.0363128 0.0245516 0.0311673 0.0291091 0.0169068 0.0133784 0.00837989 0.0085269 0.0148486 0.0160247 0.0276389 0.0546898 0.0760071 0.122758 0.109233 0.0665981 0.0333725 0.0166128 0.00676272 0.00308733 0.000882094 0 0 0 0 0
 0 0 0 0 0 0 0 0.000805153 0.000690131 0.00759144 0.0133425 0.0154129 0.00931677 0.000345066 0.00356568 0.00563607 0.00851162 0.0253048 0.0502646 0.0516448 0.0657925 0.0565908 0.0611916 0.0827007 0.0866115 0.110766 0.145733 0.0935128 0.0569358 0.0249597 0.0138026 0.00621118 0.00161031 0.00115022 0 0
 0 0 0 0 0 0 0 0 0 0 0 0 0 0 0 0 0 0 0 0 0 0 0 0 0 0 0 0 0 0 0 0 0 0 0 0
 0.00147267 0.00158595 0.00478618 0.00569244 0.00954404 0.0108468 0.00647125 0.017049 0.0510054 0.094081 0.124002 0.0959785 0.0687766 0.0820023 0.061753 0.0591476 0.0492212 0.0479892 0.0443925 0.0268479 0.0217502 0.0140895 0.0121071 0.0120363 0.00920419 0.00665534 0.0049561 0.00860946 0.00930331 0.0156896 0.0114698 0.00855282 0.00243557 0.00046729 0 2.83206e-05
 0 0 0 0 0.000772559 0.00158375 0.000888443 0.00281984 0.00712685 0.0440552 0.0773331 0.111326 0.0921469 0.0852325 0.0710754 0.0886704 0.0786465 0.0553345 0.0373146 0.0185414 0.00753245 0.00457741 0.012979 0.0271748 0.0457355 0.0583668 0.034881 0.0177882 0.00938659 0.00492506 0.0015258 0.00185414 0.000309023 5.79419e-05 3.86279e-05 0
 0 0.00173294 0.00326652 0 0.00397197 0.00683976 0.00946217 0.0152591 0.00757587 0.0136028 0.0228656 0.0392903 0.0559909 0.0764795 0.0681675 0.0726916 0.0566044 0.0477403 0.0527397 0.0444891 0.0609904 0.0582453 0.0661739 0.0445044 0.0529084 0.0360697 0.0280645 0.0235558 0.0158879 0.00826598 0.00280645 0.00217768 0.000904811 0.00058276 9.20147e-05 0
 0 0 0 0 0 0 0 0 0 0 0 0 0 0 0 0 0 0 0 0 0 0 0 0 0 0 0 0 0 0 0 0 0 0 0 0
 0 0 0 0 0 0 0 0 0 0 0 0 0 0 0 0 0 0 0 0 0 0 0 0 0 0 0 0 0 0 0 0 0 0 0 0
ppred_pel_tallas
 1.0215e-16 2.63604e-05 0.000154694 0.000735306 0.0028309 0.00882784 0.0222986 0.0456269 0.0756359 0.101589 0.110583 0.097621 0.0700529 0.0412321 0.0206639 0.0102188 0.00708659 0.00793023 0.0106855 0.0143912 0.0185506 0.0227462 0.0265365 0.0294966 0.0312997 0.0317866 0.0309937 0.0291281 0.0265049 0.0234663 0.0203125 0.0172613 0.0144407 0.0119058 0.00966664 0.00771301
 1.01999e-16 3.30007e-05 0.00019369 0.000920722 0.00354484 0.0110543 0.0279221 0.0571323 0.0947025 0.127181 0.138393 0.122061 0.0873493 0.0509257 0.0246188 0.0106825 0.00550854 0.0048528 0.00611788 0.00816844 0.0105466 0.0129808 0.0152213 0.0170327 0.0182322 0.0187267 0.0185274 0.0177365 0.0165129 0.0150288 0.0134338 0.0118345 0.0102929 0.00883697 0.00747674 0.00621734
 1.02453e-16 2.45208e-05 0.000143889 0.000683923 0.00263304 0.0082108 0.0207401 0.0424386 0.070353 0.0945013 0.102887 0.0908732 0.0653116 0.0386441 0.0197412 0.0103769 0.00796963 0.00943465 0.0128452 0.0172632 0.022141 0.02697 0.0312049 0.0343306 0.0359695 0.0359671 0.0344232 0.031655 0.0281077 0.0242453 0.0204568 0.017002 0.0140038 0.0114761 0.00936763 0.00760375
 1.01341e-16 3.63796e-05 0.000213532 0.00101506 0.00390809 0.0121871 0.0307835 0.0629863 0.104404 0.140203 0.152547 0.134505 0.0961695 0.0558955 0.026698 0.0110305 0.00488298 0.00355214 0.00416828 0.00550125 0.00710064 0.00875161 0.0102812 0.0115302 0.0123742 0.0127472 0.0126522 0.0121526 0.0113505 0.0103584 0.00927595 0.00817623 0.00710452 0.00608455 0.00512821 0.00424343
 1.00888e-16 3.3915e-05 0.000199055 0.000946219 0.003643 0.0113604 0.0286954 0.0587146 0.0973261 0.130707 0.142236 0.125464 0.0898163 0.0524268 0.0254601 0.0112412 0.00606769 0.0055767 0.00708606 0.00940081 0.0120064 0.0145688 0.0167753 0.0183403 0.0190591 0.018855 0.0177958 0.016072 0.0139462 0.0116898 0.00952899 0.00761327 0.00601022 0.00472106 0.00370623 0.0029104
 1.01963e-16 2.36487e-05 0.000138767 0.000659566 0.00253925 0.00791832 0.0200013 0.0409272 0.0678485 0.09114 0.0992348 0.0876662 0.0630468 0.0373847 0.0192467 0.0103586 0.00824537 0.00994346 0.0135968 0.0182893 0.0234649 0.0285899 0.0330858 0.0364029 0.0381348 0.0381101 0.0364266 0.033414 0.0295422 0.0253063 0.0211279 0.0172972 0.0139623 0.0111554 0.00883627 0.00693417
 1.02287e-16 3.2103e-05 0.00018842 0.000895667 0.00344837 0.0107534 0.0271623 0.0555775 0.0921254 0.12372 0.134628 0.118742 0.0849793 0.0495538 0.0239747 0.0104378 0.00543692 0.00484891 0.00615325 0.00825202 0.0107056 0.0132536 0.015653 0.0176695 0.019114 0.0198784 0.0199515 0.0194083 0.0183804 0.0170176 0.0154559 0.0137999 0.0121207 0.0104644 0.00886472 0.00735142
 1.01688e-16 3.22724e-05 0.000189411 0.000900369 0.00346646 0.0108098 0.0273048 0.0558694 0.0926104 0.124375 0.13535 0.119401 0.0854989 0.0499532 0.0243465 0.0109004 0.00610216 0.00580981 0.00747715 0.00996725 0.012783 0.0155912 0.0180729 0.0199323 0.0209522 0.0210415 0.0202536 0.0187641 0.0168213 0.0146838 0.0125677 0.0106168 0.00889894 0.00742202 0.00615951 0.00507378
 1.01157e-16 3.4177e-05 0.000200595 0.000953546 0.00367122 0.0114484 0.0289176 0.0591692 0.0980789 0.131716 0.143328 0.126415 0.0904688 0.052751 0.0255125 0.0110869 0.00573526 0.00505704 0.00635358 0.00843615 0.010814 0.0131879 0.0152839 0.0168491 0.0176972 0.0177486 0.0170461 0.0157371 0.0140326 0.0121543 0.0102905 0.0085696 0.00705637 0.00576418 0.00467522 0.00375952
 1.01083e-16 3.26905e-05 0.000191865 0.000912033 0.00351137 0.0109499 0.0276586 0.0565933 0.0938104 0.125987 0.137105 0.120951 0.0866114 0.0506092 0.0246773 0.0110666 0.0062191 0.00593815 0.00764214 0.0101748 0.0130257 0.015849 0.0183125 0.0201091 0.0210147 0.0209382 0.0199403 0.0182117 0.0160207 0.013648 0.0113304 0.0092285 0.00742064 0.00591861 0.00469295 0.00369759
 1.02586e-16 2.02813e-05 0.000118993 0.000565549 0.00217724 0.0067894 0.0171498 0.0350932 0.0581801 0.078162 0.0851288 0.0752634 0.0542551 0.0324289 0.0171693 0.0100031 0.00885558 0.0112208 0.0155146 0.0209163 0.0268638 0.0327686 0.0379772 0.0418645 0.0439656 0.0440801 0.0423116 0.0390247 0.0347428 0.0300184 0.0253225 0.0209797 0.0171572 0.0138948 0.0111536 0.00886265
 1.05726e-16 1.94966e-05 0.000114398 0.000543732 0.00209329 0.00652763 0.0164884 0.033739 0.0559318 0.075132 0.0818037 0.0722643 0.0519643 0.0308033 0.0158455 0.0085202 0.00680179 0.00827373 0.0114481 0.015628 0.0204258 0.0254745 0.0303558 0.034641 0.0379679 0.0401056 0.0409856 0.040687 0.0393895 0.0373124 0.0346649 0.0316195 0.0283116 0.0248533 0.0213507 0.0179126
 1.04584e-16 2.95616e-05 0.0001735 0.000824736 0.00317527 0.00990178 0.0250111 0.051176 0.08483 0.113925 0.123973 0.109355 0.078283 0.045694 0.0221925 0.00980972 0.00532875 0.00496413 0.00640466 0.00864529 0.0112819 0.0140696 0.016775 0.0191696 0.0210655 0.0223491 0.0229949 0.0230539 0.0226238 0.0218132 0.0207137 0.0193881 0.0178749 0.0162022 0.0144032 0.0125251
 1.02943e-16 2.89589e-05 0.000169954 0.000807859 0.00311026 0.00969903 0.0244991 0.050129 0.0830969 0.111605 0.121468 0.107192 0.0768359 0.0450532 0.0222602 0.0104796 0.00658962 0.00689664 0.00912207 0.0122261 0.0157125 0.0192048 0.0223231 0.0247109 0.0261049 0.0263927 0.025634 0.0240341 0.0218833 0.0194823 0.017079 0.0148341 0.012819 0.0110366 0.00945311 0.00802714
 1.01557e-16 3.36274e-05 0.000197368 0.000938207 0.00361216 0.0112642 0.0284524 0.0582173 0.0965012 0.129597 0.141023 0.124383 0.0890175 0.0519104 0.0251166 0.0109341 0.00568581 0.00504471 0.00635839 0.0084602 0.0108699 0.0132951 0.0154664 0.0171339 0.0181106 0.0183121 0.017772 0.0166258 0.0150703 0.0133138 0.0115336 0.00985129 0.00832972 0.00698526 0.00580709 0.00477496
 1.00996e-16 3.37909e-05 0.000198327 0.000942759 0.00362968 0.0113188 0.0285904 0.0584998 0.09697 0.130228 0.141714 0.125002 0.0894804 0.0522211 0.0253425 0.0111598 0.00598335 0.00546649 0.00693896 0.00921462 0.0117876 0.0143335 0.0165491 0.0181558 0.0189515 0.0188557 0.0179263 0.0163393 0.0143407 0.012187 0.0100937 0.0082057 0.00659192 0.00526008 0.00418013 0.00330717
 1.01525e-16 2.79381e-05 0.000163956 0.000779334 0.00300042 0.00935646 0.0236338 0.0483591 0.0801646 0.107671 0.117201 0.103457 0.0742283 0.0436633 0.0218318 0.0107092 0.00730716 0.00807728 0.0108189 0.0145009 0.0185868 0.0226296 0.0261651 0.0287565 0.0300829 0.0300114 0.0286245 0.0261895 0.0230844 0.0197064 0.016392 0.0133712 0.0107588 0.00857609 0.00678587 0.00532694
 1.02449e-16 2.7847e-05 0.000163426 0.000776822 0.00299076 0.00932636 0.0235577 0.048203 0.0799048 0.107319 0.116807 0.103087 0.0739129 0.0433782 0.0215062 0.0102504 0.00661935 0.00707155 0.00942444 0.0126822 0.0163651 0.0200997 0.0235009 0.0261982 0.0279057 0.0284811 0.0279505 0.0264864 0.0243534 0.0218386 0.0191928 0.0165964 0.014155 0.0119144 0.00988586 0.00806715
 1.02892e-16 2.78003e-05 0.000163151 0.000775519 0.00298574 0.00931072 0.0235182 0.0481222 0.0797707 0.107138 0.11661 0.102913 0.0737855 0.043299 0.0214583 0.010213 0.00657533 0.00700871 0.00933357 0.0125559 0.0161981 0.0198904 0.0232528 0.0259217 0.0276184 0.0282078 0.027721 0.0263333 0.0243074 0.0219249 0.0194266 0.0169804 0.0146776 0.012551 0.0106018 0.00882193
 1.01626e-16 3.50438e-05 0.000205688 0.000977764 0.00376447 0.0117392 0.0296522 0.0606719 0.100569 0.135056 0.146954 0.129591 0.0926932 0.0539512 0.0259123 0.0109531 0.00522413 0.00420387 0.0051283 0.00679971 0.00875642 0.0107507 0.0125685 0.0140123 0.0149315 0.0152535 0.0149955 0.0142523 0.013166 0.0118887 0.0105498 0.00923952 0.00800615 0.00686646 0.00582005 0.00486197
 1.01407e-16 3.02903e-05 0.000177769 0.000845011 0.0032533 0.0101451 0.0256258 0.0524344 0.0869185 0.116737 0.127054 0.112119 0.0803654 0.0471169 0.0232681 0.0109322 0.00684005 0.00712251 0.00938844 0.0125404 0.0160482 0.0195064 0.0225082 0.0246754 0.0257338 0.0255762 0.024285 0.0221035 0.0193706 0.016438 0.0136001 0.0110526 0.00888683 0.00710919 0.00567445 0.00451761
 1.02047e-16 2.85513e-05 0.00016756 0.000796477 0.00306643 0.00956234 0.0241538 0.0494227 0.0819264 0.110034 0.119761 0.105692 0.0757754 0.044461 0.0220231 0.0104623 0.00670736 0.00712297 0.0094664 0.0127118 0.0163635 0.0200364 0.0233362 0.0258873 0.0274045 0.0277541 0.0269783 0.0252712 0.0229216 0.0202389 0.0174905 0.0148655 0.0124687 0.0103371 0.00846712 0.00683828
 1.02311e-16 2.99496e-05 0.000175773 0.000835528 0.0032168 0.0100313 0.0253383 0.0518459 0.0859418 0.115422 0.125615 0.110831 0.0794022 0.046472 0.0228018 0.0104693 0.00623238 0.00626309 0.00820803 0.0110107 0.0141942 0.0174192 0.0203483 0.0226606 0.0241106 0.0245799 0.0240971 0.0228181 0.0209774 0.0188264 0.0165815 0.0143944 0.012349 0.0104765 0.00877811 0.0072455
 1.03505e-16 2.20967e-05 0.000129656 0.000616259 0.00237251 0.00739836 0.0186879 0.0382398 0.0633937 0.0851572 0.0927238 0.0819218 0.0589321 0.0349785 0.018071 0.00982992 0.00795243 0.00967998 0.0132885 0.0179299 0.0230889 0.0282661 0.0329149 0.0365101 0.0386554 0.0391699 0.0381207 0.0357881 0.0325815 0.0289344 0.0252148 0.0216752 0.0184461 0.0155628 0.0130062 0.0107394
pSPR Fmed_Fpbrs
0.575714   0.345619 0.345619
Fs Fmed_Fpbrs
0.39046   1.005 1.005
SSBpbr Bo_Bmed_Bpbrs
942829  495659  278718 278718
Ro
37049.1
SPR SPRFo_SPRFmed_SPRFpbrs
762234 438829 263442
log_Ro
10.34
likeval ReclasPelacesDesembMPH_pf_preclas_ppelaces_ptallas_desvR_qrecl_qpela
 77.3157 49.4283 0.0128049 0.0008208 287.536 165.129 80.4103 0 16.7669 3.07293e-05 0 0 0 0 0
q_reclas_q_pelaces
0.455881 1
M
0.7
N
 26528 16217.3 6645.62 846.31 0.243406
 41157.3 12270.5 5164.78 2116.46 269.606
 13248.5 18637.7 3422.19 1440.44 665.464
 35296.3 5415.27 2738.21 502.781 309.394
 66518.4 16576.9 1897.13 959.278 284.529
 37279.3 32774.4 7838.37 897.053 588.131
 70629.1 17326.5 10756.1 2572.45 487.417
 86569.1 33460.6 6409.21 3978.78 1131.87
 128745 39318.2 9506.37 1820.9 1451.97
 174958 58592.5 11312.9 2735.25 941.696
 66207.5 82451.5 20971.5 4049.15 1316.06
 36791 30314.2 24639.3 6267.01 1603.31
 45380 16975.6 9506.05 7726.5 2468.01
 22101.1 19959.8 3945.42 2209.36 2369.37
 15762.9 8861.65 2600.08 513.955 596.455
 17614.3 6243.68 1069.59 313.826 134.025
 13209.2 7954.76 1711.92 293.263 122.793
 13189.1 6115.23 2547.28 548.19 133.23
 13708 6223.85 2207.15 919.379 245.942
 32817.7 6493.35 2300.36 815.772 430.708
 39637.1 15486.7 2343.87 830.349 449.935
 46775.9 19281.2 6759.17 1022.98 558.778
 65427.4 22644.4 8165.13 2862.34 669.835
 39784.6 31474.5 9218.37 3323.97 1437.92
pred_Ctot
 1312.99 4290.86 1758.34 223.922 0.0644018
 2621.29 3997.7 1682.68 689.539 87.837
 1704.4 10096.4 1853.87 780.312 360.495
 1381.22 1170.21 591.713 108.648 66.8584
 373.242 571.489 65.4035 33.0711 9.80913
 1723.96 8184.9 1957.51 224.025 146.876
 2341.97 3232.93 2006.97 479.989 90.9465
 5343.51 10629.5 2036.02 1263.94 359.562
 7773.44 12268.7 2966.33 568.185 453.066
 6435.45 11989.7 2314.95 559.709 192.697
 3729.89 24308 6182.73 1193.75 387.994
 1882.36 8248.13 6704.07 1705.18 436.241
 3755.81 6779.52 3796.41 3085.72 985.642
 3098.64 11397.6 2252.94 1261.61 1352.98
 2323.93 5212.47 1529.38 302.311 350.838
 1153.61 2080.19 356.351 104.557 44.6526
 645.985 2083.45 448.371 76.8092 32.161
 473.021 1223.65 509.706 109.692 26.659
 455.783 1164.14 412.836 171.965 46.0022
 1176.61 1298.93 460.166 163.188 86.1591
 582.816 1358.83 205.655 72.8563 39.4781
 846.77 2060.33 722.263 109.312 59.7092
 1473.73 2968.61 1070.43 375.245 87.8134
 1018.48 4643.93 1360.13 490.437 212.159
F
 0.0710028 0.444213 0.444213 0.444213 0.444213
 0.0922141 0.576917 0.576917 0.576917 0.576917
 0.194666 1.21788 1.21788 1.21788 1.21788
 0.0557649 0.34888 0.34888 0.34888 0.34888
 0.0078293 0.0489823 0.0489823 0.0489823 0.0489823
 0.0662012 0.414173 0.414173 0.414173 0.414173
 0.0470728 0.294501 0.294501 0.294501 0.294501
 0.0892554 0.558406 0.558406 0.558406 0.558406
 0.0872307 0.545739 0.545739 0.545739 0.545739
 0.0523381 0.327442 0.327442 0.327442 0.327442
 0.0811769 0.507865 0.507865 0.507865 0.507865
 0.0734763 0.459688 0.459688 0.459688 0.459688
 0.121354 0.759223 0.759223 0.759223 0.759223
 0.213893 1.33817 1.33817 1.33817 1.33817
 0.226087 1.41446 1.41446 1.41446 1.41446
 0.0949378 0.593957 0.593957 0.593957 0.593957
 0.0701291 0.438747 0.438747 0.438747 0.438747
 0.0510018 0.319081 0.319081 0.319081 0.319081
 0.0472041 0.295322 0.295322 0.295322 0.295322
 0.0509849 0.318975 0.318975 0.318975 0.318975
 0.0206327 0.129084 0.129084 0.129084 0.129084
 0.0254561 0.159261 0.159261 0.159261 0.159261
 0.0317623 0.198714 0.198714 0.198714 0.198714
 0.0361687 0.226282 0.226282 0.226282 0.226282
nmprior
 10 10 8 0
nm_flota  nm_reclas  nm_pelaces    nm_pelaL
inf 22.005 18.2899 32.708
cv_recla  cv_pelaces  cv_mph
0.814068 0.82728 0.929516
 ------------------------------------------------
Talla a la edad & desviación 
 7.2 14.2025 17.0495 18.207 18.6776
 1.08 2.13037 2.55742 2.73105 2.80164
