years
 1997 1998 1999 2000 2001 2002 2003 2004 2005 2006 2007 2008 2009 2010 2011 2012 2013 2014 2015 2016 2017 2018 2019 2020
reclasobs
 0 0 0 370054 412103 1.49427e+06 250295 1.28982e+06 931140 785840 897777 1.04006e+06 184774 17550 25797 100020 73551 82996 120727 218422 84188 347160 605670 569463
reclaspred
 453507 134664 468440 335497 434798 510929 1.07573e+06 674519 689736 565653 430075 288187 175950 86213.3 64790.5 68242 87410.6 120856 129136 184524 263429 245362 439708 543858
pelacesobs
 0 0 0 0 0 0 0 0 0 2.06254e+06 1.5e+06 0 1.87456e+06 323000 250000 174000 83755 137374 0 501740 490994 745055 786931 1.00524e+06
pelacespred
 1.84459e+06 499770 1.01871e+06 1.12209e+06 1.22881e+06 1.22794e+06 2.79702e+06 2.30654e+06 2.03217e+06 1.70462e+06 1.17133e+06 804776 489837 206583 151613 167790 222534 308039 341209 472114 742369 675329 955242 1.39327e+06
mphobs
 0 0 0 0 0 112323 0 153150 637223 0 255016 313432 73983 77613 109348 50772 0 0 0 0 0 0 0 0
mphpred
 160737 113127 150497 209655 197547 276550 414516 465979 376357 346251 293122 203403 126298 67416.1 35456.7 31995.4 39121.3 55147.9 68860 79881.8 117965 137983 178438 260001
desembarqueobs
 350755 77701 442110 56441 14545 235359 269955 359681 431902 328805 639364 411747 362871 311530 167758 66681 60226 58785 57116 71774 51957 67425 138520 160799
desembarquepred
 350765 77704.4 442151 56442.6 14545.1 235390 269978 359712 431976 328871 639781 412111 363378 312156 167871 66699.1 60245.2 58789.3 57115.8 71777.6 51958.5 67423.3 138523 160802
Reclutas
 87338.8 109313 71592.4 101813 165333 124381 179561 153171 161312 141958 69912 42278.4 42214.1 25097.5 20872.9 27784.2 24374.2 27086.8 31843.1 55416.8 70169.3 95821.9 158019 167192
log_desv_Rt
 0.19755 0.42197 -0.00125587 0.350895 0.835718 0.551104 0.918269 0.759309 0.811093 0.683288 -0.0250081 -0.527968 -0.52949 -1.04948 -1.23379 -0.947777 -1.07872 -0.973199 -0.811424 -0.257362 -0.021334 0.290247 0.790469 0.846897
SSB
 1.05161e+06 740130 984618 1.37166e+06 1.29244e+06 1.80932e+06 2.71195e+06 3.04865e+06 2.4623e+06 2.26533e+06 1.91774e+06 1.33076e+06 826296 441067 231974 209329 255949 360803 450514 522623 771779 902746 1.16742e+06 1.70105e+06
BT
 3.60238e+06 1.02483e+06 2.06562e+06 2.06811e+06 2.21027e+06 2.38506e+06 5.19003e+06 4.54181e+06 4.03569e+06 3.37377e+06 2.68751e+06 1.82594e+06 1.23664e+06 673465 416378 356014 448203 598439 660174 903798 1.37151e+06 1.27193e+06 1.8047e+06 2.62546e+06
Ftot
 0.274153 0.196508 0.261797 0.0477093 0.0106386 0.114407 0.0716837 0.148671 0.176065 0.156401 0.355908 0.333773 0.517216 0.884729 0.758741 0.294929 0.211557 0.140997 0.120073 0.120523 0.0593784 0.0766686 0.0881943 0.0839699
BD_Bspro_t
 0.96694 0.842007 0.824743 0.75122 0.827476 0.899045 0.878449 0.878856 0.834383 0.793021 0.746899 0.604893 0.495333 0.383078 0.268404 0.292746 0.420816 0.591557 0.693024 0.765074 0.839521 0.888048 0.894803 0.89919
BD_Bspro
 0.713073 0.501863 0.667644 0.930088 0.876372 1.22685 1.83891 2.06721 1.66962 1.53606 1.30037 0.902353 0.56029 0.299076 0.157296 0.14194 0.173553 0.244651 0.305482 0.354377 0.523324 0.612129 0.791599 1.15344
BD_Bo
 0.629877 0.44331 0.589749 0.821573 0.774123 1.08371 1.62436 1.82603 1.47482 1.35685 1.14865 0.797073 0.49492 0.264182 0.138944 0.12538 0.153304 0.216107 0.269841 0.313031 0.462266 0.540711 0.699241 1.01886
BD_Brms
 2.25324 1.58584 2.10969 2.93898 2.76924 3.87672 5.81075 6.53217 5.27583 4.85381 4.10903 2.85134 1.77046 0.94505 0.497038 0.448517 0.548408 0.773072 0.965291 1.1198 1.65365 1.93426 2.50137 3.64474
S_f
 0.212688 1 1 1 1
 0.212688 1 1 1 1
 0.212688 1 1 1 1
 0.212688 1 1 1 1
 0.212688 1 1 1 1
 0.212688 1 1 1 1
 0.212688 1 1 1 1
 0.212688 1 1 1 1
 0.212688 1 1 1 1
 0.212688 1 1 1 1
 0.212688 1 1 1 1
 0.212688 1 1 1 1
 0.212688 1 1 1 1
 0.212688 1 1 1 1
 0.212688 1 1 1 1
 0.212688 1 1 1 1
 0.212688 1 1 1 1
 0.212688 1 1 1 1
 0.212688 1 1 1 1
 0.212688 1 1 1 1
 0.212688 1 1 1 1
 0.212688 1 1 1 1
 0.212688 1 1 1 1
 0.212688 1 1 1 1
Scru_reclas
 1 1 1 1 1
 1 1 1 1 1
 1 1 1 1 1
 1 1 1 1 1
 1 1 1 1 1
 1 1 1 1 1
 1 1 1 1 1
 1 1 1 1 1
 1 1 1 1 1
 1 1 1 1 1
 1 1 1 1 1
 1 1 1 1 1
 1 1 1 1 1
 1 1 1 1 1
 1 1 1 1 1
 1 1 1 1 1
 1 1 1 1 1
 1 1 1 1 1
 1 1 1 1 1
 1 1 1 1 1
 1 1 1 1 1
 1 1 1 1 1
 1 1 1 1 1
 1 1 1 1 1
Scru_pelaces
 1 1 1 1 1
 1 1 1 1 1
 1 1 1 1 1
 1 1 1 1 1
 1 1 1 1 1
 1 1 1 1 1
 1 1 1 1 1
 1 1 1 1 1
 1 1 1 1 1
 1 1 1 1 1
 1 1 1 1 1
 1 1 1 1 1
 1 1 1 1 1
 1 1 1 1 1
 1 1 1 1 1
 1 1 1 1 1
 1 1 1 1 1
 1 1 1 1 1
 1 1 1 1 1
 1 1 1 1 1
 1 1 1 1 1
 1 1 1 1 1
 1 1 1 1 1
 1 1 1 1 1
pf_obs 
 0.256992 0.487395 0.22802 0.0275931 0
 0.321318 0.546541 0.124235 0.00734118 0.000564706
 0.182869 0.594174 0.210203 0.0122559 0.00049798
 0.330522 0.361315 0.267642 0.0388342 0.00168674
 0.649043 0.306663 0.0425973 0.00169635 0
 0.582887 0.30429 0.105238 0.00758474 0
 0.465427 0.430635 0.0974691 0.00646863 0
 0.296916 0.608066 0.0921331 0.00288517 0
 0.311714 0.524322 0.152257 0.0117073 0
 0.15457 0.633149 0.183074 0.0267441 0.00246327
 0.131901 0.49318 0.331252 0.0422183 0.00144891
 0.196976 0.569456 0.194076 0.0375587 0.00193317
 0.518974 0.381816 0.0799577 0.0180837 0.00116848
 0.0928022 0.601141 0.25162 0.0475244 0.00691264
 0.122501 0.610282 0.24278 0.0234846 0.000952079
 0.383417 0.481906 0.127806 0.00687128 0
 0.0376549 0.599619 0.316969 0.0457579 0
 0.0361596 0.667082 0.258105 0.0386534 0
 0.158088 0.579412 0.248529 0.0139706 0
 0.0477256 0.309471 0.559284 0.082774 0.000745712
 0.0406174 0.521527 0.379366 0.0568643 0.0016247
 0.151134 0.462217 0.34131 0.0453401 0
 0.294876 0.26143 0.354403 0.0886775 0.000613685
 0.281977 0.475581 0.204845 0.0348837 0.00271318
pf_pred 
 0.395272 0.426997 0.158966 0.0187562 9.1329e-06
 0.320582 0.527645 0.107167 0.0398972 0.00470969
 0.184449 0.577231 0.185082 0.0375911 0.0156468
 0.262853 0.401485 0.237575 0.0761757 0.0219115
 0.308052 0.436823 0.138953 0.0822242 0.0339477
 0.185433 0.552058 0.165721 0.0527156 0.0440731
 0.255931 0.394092 0.23719 0.0712017 0.041585
 0.196208 0.502664 0.159491 0.0959919 0.0456453
 0.214029 0.432916 0.220789 0.0700543 0.0622123
 0.193362 0.468414 0.186295 0.0950111 0.0569178
 0.118477 0.482346 0.231802 0.0921908 0.0751843
 0.117493 0.37603 0.277131 0.133181 0.0961651
 0.186465 0.342715 0.200613 0.14785 0.122357
 0.178184 0.474532 0.146299 0.0856381 0.115347
 0.249743 0.455884 0.169977 0.0524041 0.0719925
 0.338188 0.457064 0.124412 0.0463874 0.0339483
 0.239584 0.557316 0.140266 0.0381802 0.0246538
 0.244554 0.468032 0.210648 0.0530161 0.0237493
 0.250575 0.463443 0.177179 0.0797433 0.0290604
 0.332062 0.416654 0.155393 0.0594084 0.0364821
 0.287788 0.50672 0.128184 0.0478069 0.0295008
 0.286759 0.471491 0.171999 0.0435104 0.026241
 0.328711 0.444158 0.150146 0.0547729 0.0222123
 0.251085 0.528253 0.146001 0.049355 0.0253061
pobs_RECLAS
 0 0 0 0 0
 0 0 0 0 0
 0 0 0 0 0
 0 0 0 0 0
 0.835266 0.146461 0.0176864 0.000547809 3.91292e-05
 0.385257 0.428462 0.181853 0.0044286 0
 0.867414 0.0963971 0.0333333 0.00285562 0
 0.441836 0.489002 0.0689373 0.000224442 0
 0.779404 0.147425 0.0564933 0.0165055 0.000172143
 0.814271 0.122319 0.05973 0.00367925 0
 0.40263 0.566651 0.0304383 0.000280538 0
 0.475488 0.404961 0.113038 0.00651328 0
 0.955842 0.0263864 0.0167828 0.000988607 0
 0.975058 0.0227948 0.00214734 0 0
 0.738997 0.206755 0.0527124 0.00153531 0
 0.850938 0.134255 0.0134407 0.00136685 0
 0.542534 0.407297 0.0501686 0 0
 0.764087 0.199537 0.0359546 0.000420521 0
 0.470689 0.182191 0.310203 0.0369168 0
 0.84361 0.089868 0.0606195 0.00523954 0.000663233
 0.607945 0.314616 0.071237 0.00620181 0
 0.523733 0.453247 0.0230204 0 0
 0.530135 0.295979 0.169645 0.0042399 0
 0.562478 0.366248 0.0663022 0.0049721 0
ppred_RECLAS
 0.757332 0.171347 0.0637906 0.00752654 3.66489e-06
 0.691528 0.239563 0.0486564 0.0181143 0.00213831
 0.518992 0.340448 0.109161 0.022171 0.00922839
 0.626913 0.203201 0.120242 0.0385543 0.0110899
 0.676816 0.204025 0.0648999 0.038404 0.0158558
 0.518412 0.326387 0.0979776 0.0311665 0.0260569
 0.618732 0.201937 0.121539 0.0364845 0.0213086
 0.536284 0.289992 0.0920118 0.0553787 0.0263332
 0.563736 0.240296 0.122552 0.0388846 0.0345318
 0.531879 0.271838 0.108114 0.0551384 0.0330314
 0.392238 0.332551 0.159815 0.0635606 0.0518355
 0.389606 0.260085 0.19168 0.0921161 0.0665134
 0.527119 0.199209 0.11661 0.0859404 0.0711221
 0.522263 0.275855 0.0850463 0.0497831 0.0670532
 0.623483 0.228785 0.085303 0.026299 0.0361295
 0.709578 0.200573 0.0545957 0.0203561 0.0148975
 0.599728 0.293363 0.0738338 0.0200975 0.0129774
 0.605217 0.244586 0.110081 0.0277053 0.012411
 0.612636 0.239545 0.0915803 0.0412178 0.0150208
 0.701637 0.186116 0.069413 0.0265373 0.0162963
 0.655797 0.244891 0.0619499 0.0231045 0.0142574
 0.65486 0.228156 0.0832309 0.0210548 0.0126981
 0.698092 0.199757 0.0675273 0.0246338 0.00998985
 0.612822 0.273099 0.0754801 0.0255158 0.0130829
pobs_PELACES
 0 0 0 0 0
 0 0 0 0 0
 0 0 0 0 0
 0 0 0 0 0
 0 0 0 0 0
 0 0 0 0 0
 0 0 0 0 0
 0 0 0 0 0
 0 0 0 0 0
 0 0 0 0 0
 0.450072 0.473896 0.0757376 0.000293798 0
 0 0 0 0 0
 0.463077 0.371075 0.160297 0.00555027 0
 0.529543 0.364841 0.0842815 0.0213345 0
 0.631943 0.363953 0.00410389 0 0
 0.735681 0.248677 0.0153453 0.000297389 0
 0.695825 0.281241 0.0229344 0 0
 0.275771 0.60734 0.115278 0.00161068 0
 0 0 0 0 0
 0.896147 0.0623911 0.0374545 0.00400742 0
 0.803859 0.145111 0.0509908 3.86294e-05 0
 0.739449 0.233085 0.0266225 0.000797448 4.60066e-05
 0.878498 0.100942 0.0204185 0.000141795 0
 0.694673 0.275183 0.0284847 0.00165964 0
ppred_PELACES
 0.770182 0.162274 0.0604129 0.00712801 3.47083e-06
 0.702311 0.231189 0.0469555 0.017481 0.00206356
 0.535944 0.32845 0.105314 0.0213897 0.00890316
 0.629807 0.201624 0.119309 0.0382552 0.0110039
 0.67742 0.203643 0.0647786 0.0383322 0.0158261
 0.525828 0.321361 0.0964687 0.0306866 0.0256556
 0.623115 0.199615 0.120141 0.036065 0.0210636
 0.545876 0.283994 0.0901087 0.0542333 0.0257886
 0.574951 0.234119 0.119401 0.037885 0.0336441
 0.541982 0.265971 0.10578 0.0539484 0.0323186
 0.414487 0.320377 0.153964 0.0612337 0.0499379
 0.410415 0.251218 0.185146 0.0889757 0.0642459
 0.560444 0.18517 0.108392 0.0798841 0.06611
 0.579074 0.243051 0.0749328 0.043863 0.0590794
 0.668518 0.201421 0.0751 0.0231534 0.0318081
 0.725112 0.189845 0.0516756 0.0192673 0.0141007
 0.612848 0.283748 0.0714138 0.0194388 0.012552
 0.613935 0.239185 0.10765 0.0270935 0.0121369
 0.620013 0.234983 0.0898363 0.0404329 0.0147347
 0.708151 0.182053 0.0678976 0.0259579 0.0159405
 0.659271 0.24242 0.0613246 0.0228713 0.0141135
 0.659348 0.225189 0.0821486 0.020781 0.012533
 0.702899 0.196577 0.066452 0.0242416 0.00983078
 0.617986 0.269457 0.0744735 0.0251755 0.0129084
pobs_pel_tallas
 0 0 0 0 0 0 0 0 0 0 0 0 0 0 0 0 0 0 0 0 0 0 0 0 0 0 0 0 0 0 0 0 0 0 0 0
 0 0 0 0 0 0 0 0 0 0 0 0 0 0 0 0 0 0 0 0 0 0 0 0 0 0 0 0 0 0 0 0 0 0 0 0
 0 0 0 0 0 0 0 0 0 0 0 0 0 0 0 0 0 0 0 0 0 0 0 0 0 0 0 0 0 0 0 0 0 0 0 0
 0 0 0 0 0 0 0 0 0 0 0 0 0 0 0 0 0 0 0 0 0 0 0 0 0 0 0 0 0 0 0 0 0 0 0 0
 0 0 0 0 0 0 0 0 0 0 0 0 0 0 0 0 0 0 0 0 0 0 0 0 0 0 0 0 0 0 0 0 0 0 0 0
 0 0 0 0 0 0 0 0 0 0 0 0 0 0 0 0 0 0 0 0 0 0 0 0 0 0 0 0 0 0 0 0 0 0 0 0
 0 0 0 0 0 0 0 0 0 0 0 0 0 0 0 0 0 0 0 0 0 0 0 0 0 0 0 0 0 0 0 0 0 0 0 0
 0 0 0 0 0 0 0 0 0 0 0 0 0 0 0 0 0 0 0 0 0 0 0 0 0 0 0 0 0 0 0 0 0 0 0 0
 0 0 0 0 0 0 0 0 0 0 0 0 0 0 0 0 0 0 0 0 0 0 0 0 0 0 0 0 0 0 0 0 0 0 0 0
 0 0 0 0 0 0 0 0 0 0 0 0 0 0 0 0 0 0 0 0 0 0 0 0 0 0 0 0 0 0 0 0 0 0 0 0
 0 0 0 0 0 0 0 0 1.78061e-05 0.00172719 0.00360574 0.0105946 0.0120993 0.0124554 0.0147524 0.0171206 0.0266825 0.0428682 0.0675386 0.121331 0.153587 0.119568 0.100827 0.0573624 0.0630603 0.0341343 0.0324427 0.0444173 0.0211091 0.0280891 0.0125444 0.00206551 0 0 0 0
 0 0 0 0 0 0 0 0 0 0 0 0 0 0 0 0 0 0 0 0 0 0 0 0 0 0 0 0 0 0 0 0 0 0 0 0
 0 0 0 0 0 0 0.0133647 0.0140871 0.0187388 0.0205184 0.03894 0.0496705 0.03968 0.0493445 0.0407372 0.0367815 0.0215668 0.0243155 0.0234873 0.0199281 0.019796 0.0243948 0.0301388 0.0376714 0.0412746 0.0863199 0.0771752 0.113111 0.0741005 0.0525337 0.0229764 0.00759418 0.00175318 0 0 0
 0 0 0 0 0 0 0 0 0 0 0.00219441 0.00772107 0.0458388 0.0604681 0.0671733 0.0775358 0.0609151 0.0617685 0.073594 0.0568108 0.0755445 0.0548602 0.0670107 0.0636378 0.0643287 0.046367 0.0373049 0.0286899 0.0247887 0.0153202 0.00654259 0.00121912 0.000365735 0 0 0
 0 0 0 0 0 0 0 0 0 0 0 0 0.000112435 0.00938835 0.0111873 0.0202946 0.0414886 0.0713402 0.111592 0.104902 0.108894 0.110636 0.117776 0.105296 0.107544 0.0401394 0.0192827 0.0124803 0.00416011 0.0028671 0.000618394 0 0 0 0 0
 0 0 0 0 0 0 0 0 0 0 0.00291406 0.0102884 0.027416 0.0768956 0.0749926 0.110853 0.0956884 0.0897413 0.0766577 0.0534642 0.0500743 0.0551293 0.0594112 0.0620874 0.0668451 0.0424026 0.0208742 0.0120726 0.0048766 0.00582813 0.00118941 0.000297354 0 0 0 0
 0 0.00264628 0.0354308 0.0461629 0.0458689 0.0383711 0.0214643 0.0164657 0.0346957 0.0420465 0.0363128 0.0245516 0.0311673 0.0291091 0.0169068 0.0133784 0.00837989 0.0085269 0.0148486 0.0160247 0.0276389 0.0546898 0.0760071 0.122758 0.109233 0.0665981 0.0333725 0.0166128 0.00676272 0.00308733 0.000882094 0 0 0 0 0
 0 0 0 0 0 0 0 0.000805153 0.000690131 0.00759144 0.0133425 0.0154129 0.00931677 0.000345066 0.00356568 0.00563607 0.00851162 0.0253048 0.0502646 0.0516448 0.0657925 0.0565908 0.0611916 0.0827007 0.0866115 0.110766 0.145733 0.0935128 0.0569358 0.0249597 0.0138026 0.00621118 0.00161031 0.00115022 0 0
 0 0 0 0 0 0 0 0 0 0 0 0 0 0 0 0 0 0 0 0 0 0 0 0 0 0 0 0 0 0 0 0 0 0 0 0
 0.00147267 0.00158595 0.00478618 0.00569244 0.00954404 0.0108468 0.00647125 0.017049 0.0510054 0.094081 0.124002 0.0959785 0.0687766 0.0820023 0.061753 0.0591476 0.0492212 0.0479892 0.0443925 0.0268479 0.0217502 0.0140895 0.0121071 0.0120363 0.00920419 0.00665534 0.0049561 0.00860946 0.00930331 0.0156896 0.0114698 0.00855282 0.00243557 0.00046729 0 2.83206e-05
 0 0 0 0 0.000772559 0.00158375 0.000888443 0.00281984 0.00712685 0.0440552 0.0773331 0.111326 0.0921469 0.0852325 0.0710754 0.0886704 0.0786465 0.0553345 0.0373146 0.0185414 0.00753245 0.00457741 0.012979 0.0271748 0.0457355 0.0583668 0.034881 0.0177882 0.00938659 0.00492506 0.0015258 0.00185414 0.000309023 5.79419e-05 3.86279e-05 0
 0 0.00173294 0.00326652 0 0.00397197 0.00683976 0.00946217 0.0152591 0.00757587 0.0136028 0.0228656 0.0392903 0.0559909 0.0764795 0.0681675 0.0726916 0.0566044 0.0477403 0.0527397 0.0444891 0.0609904 0.0582453 0.0661739 0.0445044 0.0529084 0.0360697 0.0280645 0.0235558 0.0158879 0.00826598 0.00280645 0.00217768 0.000904811 0.00058276 9.20147e-05 0
 0 0 0 0 0 0 0 0 0 0 0 0 0 0 0 0 0 0 0 0 0 0 0 0 0 0 0 0 0 0 0 0 0 0 0 0
 0 0 0 0 0 0 0 0 0 0 0 0 0 0 0 0 0 0 0 0 0 0 0 0 0 0 0 0 0 0 0 0 0 0 0 0
ppred_pel_tallas
 1.01156e-16 3.36029e-05 0.000197225 0.000937522 0.00360952 0.011256 0.0284317 0.0581748 0.0964308 0.129503 0.140921 0.124294 0.0889557 0.0518787 0.0251096 0.0109456 0.00571373 0.00509137 0.00642916 0.00856183 0.011009 0.0134766 0.0156918 0.0173997 0.0184069 0.0186218 0.0180715 0.0168864 0.0152613 0.0134067 0.0115057 0.00969008 0.00803497 0.00656968 0.00529485 0.00419832
 1.0144e-16 3.06461e-05 0.00017986 0.000854954 0.00329159 0.0102645 0.0259274 0.0530514 0.0879406 0.118108 0.128541 0.113422 0.0812765 0.0476056 0.0234252 0.0108658 0.00661295 0.00674801 0.00885397 0.0118313 0.0151641 0.0184705 0.0213701 0.023508 0.0246236 0.024609 0.0235305 0.0216036 0.0191331 0.0164382 0.0137884 0.011366 0.00926092 0.00748797 0.00601645 0.00479792
 1.02753e-16 2.33958e-05 0.000137285 0.000652527 0.00251216 0.00783384 0.0197879 0.0404903 0.0671236 0.0901644 0.0981675 0.0867116 0.0623346 0.0369112 0.0189098 0.0100301 0.00781739 0.00933848 0.0127644 0.0172076 0.0221488 0.0271007 0.0315336 0.034939 0.0369328 0.0373383 0.0362191 0.0338465 0.0306192 0.0269623 0.0232413 0.0197115 0.016511 0.0136838 0.0112173 0.00907679
 1.03589e-16 2.74836e-05 0.000161295 0.000766701 0.0029518 0.00920488 0.0232509 0.0475749 0.0788626 0.105916 0.115274 0.101719 0.0728976 0.042714 0.0210509 0.00982631 0.00607914 0.00631193 0.00837945 0.011323 0.0147093 0.018223 0.0215406 0.0243444 0.0263777 0.0274939 0.0276779 0.0270309 0.0257293 0.0239718 0.0219366 0.0197578 0.0175239 0.0152913 0.0131022 0.0109973
 1.03043e-16 2.95597e-05 0.000173484 0.000824647 0.00317491 0.00990063 0.0250083 0.0511706 0.0848226 0.113919 0.123979 0.109388 0.0783677 0.045866 0.0225036 0.0103311 0.00614909 0.00618006 0.0081026 0.0108761 0.014033 0.0172427 0.0201767 0.0225236 0.0240456 0.0246282 0.0242995 0.0232096 0.0215818 0.0196523 0.0176196 0.0156179 0.0137152 0.011931 0.0102607 0.00869614
 1.03728e-16 2.29544e-05 0.000134694 0.000640212 0.00246475 0.00768598 0.0194144 0.0397261 0.0658567 0.0884626 0.0963146 0.0850748 0.0611577 0.0362139 0.018552 0.0098399 0.00766998 0.00916569 0.0125349 0.0169102 0.0217871 0.0266932 0.0311155 0.0345615 0.0366586 0.0372354 0.0363518 0.0342664 0.0313577 0.0280259 0.0246096 0.0213399 0.0183346 0.0156245 0.0131918 0.0110045
 1.03994e-16 2.71917e-05 0.000159582 0.000758555 0.00292044 0.00910708 0.0230038 0.0470694 0.0780248 0.104791 0.11405 0.100639 0.0721246 0.0422632 0.0208328 0.00973179 0.00603142 0.00627265 0.00833463 0.0112706 0.0146541 0.0181749 0.0215147 0.0243601 0.0264568 0.0276584 0.0279466 0.0274167 0.0262364 0.0245954 0.0226625 0.0205637 0.0183817 0.0161699 0.0139702 0.0118258
 1.04441e-16 2.3827e-05 0.00013982 0.000664591 0.00255863 0.00797876 0.0201539 0.0412388 0.068363 0.0918248 0.0999635 0.0882701 0.0633942 0.0374168 0.0189449 0.00968867 0.00712851 0.00826507 0.0112398 0.0151762 0.0196001 0.0240929 0.0282054 0.0315049 0.0336603 0.0345118 0.0340976 0.0326253 0.0304035 0.0277585 0.0249638 0.0222028 0.019568 0.0170846 0.0147457 0.0125411
 1.04646e-16 2.50929e-05 0.000147257 0.000699954 0.0026948 0.00840342 0.0212265 0.0434331 0.0719985 0.0967024 0.105259 0.0929104 0.0666499 0.039184 0.019555 0.00953799 0.00645418 0.00712936 0.0096104 0.0130067 0.0168831 0.0208898 0.0246568 0.0278212 0.0300939 0.0313164 0.031484 0.0307262 0.0292563 0.0273085 0.0250856 0.0227323 0.0203348 0.0179388 0.0155738 0.0132709
 1.04953e-16 2.36565e-05 0.000138821 0.000659844 0.00254035 0.00792178 0.0200099 0.0409442 0.0678741 0.0911669 0.0992441 0.0876272 0.0629159 0.0371014 0.0187245 0.0094786 0.006858 0.0078841 0.0107165 0.0144972 0.0187757 0.0231626 0.0272395 0.0305994 0.0329248 0.0340518 0.0339963 0.0329282 0.0311112 0.0288274 0.0263154 0.0237379 0.0211819 0.0186814 0.0162473 0.0138922
 1.06728e-16 1.80994e-05 0.000106191 0.000504705 0.00194301 0.00605897 0.0153047 0.0313174 0.0519194 0.0697484 0.0759584 0.0671396 0.0483638 0.0288385 0.0151456 0.0086406 0.00747024 0.00940781 0.013067 0.0177651 0.0230724 0.0285506 0.0337029 0.0380367 0.0411604 0.0428608 0.0431345 0.0421602 0.0402289 0.0376569 0.0347151 0.0315926 0.0283977 0.0251843 0.021986 0.0188422
 1.0877e-16 1.7919e-05 0.000105138 0.000499715 0.00192382 0.00599915 0.0151535 0.0310076 0.0514039 0.0690506 0.0751845 0.0664222 0.0477748 0.028343 0.0146234 0.00793538 0.00642448 0.00787861 0.0109399 0.0149779 0.0196464 0.024617 0.0295136 0.0339481 0.0375904 0.0402251 0.0417771 0.0422955 0.0419083 0.0407675 0.0390074 0.0367275 0.0340009 0.0308956 0.0274967 0.0239172
 1.07433e-16 2.44581e-05 0.000143535 0.000682272 0.00262674 0.00819118 0.0206903 0.0423357 0.0701783 0.094254 0.102584 0.0905277 0.0648924 0.038054 0.0188128 0.00888363 0.00564232 0.0059898 0.00803234 0.0109332 0.0143231 0.0179361 0.0214954 0.0247235 0.0273886 0.0293455 0.0305514 0.0310515 0.0309426 0.0303308 0.0293001 0.0279009 0.02616 0.0240999 0.0217607 0.019211
 1.05411e-16 2.52728e-05 0.000148313 0.000704974 0.00271413 0.00846369 0.0213787 0.0437446 0.0725151 0.0973965 0.106015 0.0935799 0.0671341 0.0394763 0.0197142 0.0096355 0.00654106 0.00723062 0.00973101 0.0131364 0.0169977 0.020952 0.0246202 0.0276374 0.029724 0.0307429 0.030721 0.0298237 0.0282969 0.0263958 0.024328 0.0222237 0.0201392 0.0180802 0.0160345 0.0139973
 1.03414e-16 2.91714e-05 0.000171204 0.000813812 0.00313319 0.00977054 0.0246797 0.0504983 0.0837081 0.112422 0.122351 0.107952 0.0773412 0.0452697 0.0222196 0.0102159 0.00610292 0.00615485 0.0080832 0.0108635 0.0140366 0.0172774 0.0202624 0.0226826 0.0243001 0.0249967 0.0247933 0.0238301 0.0223196 0.0204877 0.0185251 0.0165614 0.0146638 0.0128541 0.0111324 0.00949678
 1.02117e-16 3.16387e-05 0.000185691 0.000882683 0.00339837 0.0105975 0.0267684 0.054772 0.0907913 0.121932 0.132692 0.117058 0.0838234 0.0489796 0.0238825 0.0107118 0.00602604 0.00576799 0.00744543 0.00994815 0.0127932 0.0156572 0.018229 0.0202172 0.0214036 0.02169 0.0211157 0.0198382 0.0180853 0.0160969 0.0140754 0.0121572 0.0104106 0.00885054 0.00746231 0.00622272
 1.02361e-16 2.67473e-05 0.000156965 0.000746099 0.00287245 0.00895742 0.0226259 0.0462967 0.0767463 0.103081 0.112208 0.0990583 0.0710901 0.0418538 0.0209952 0.0104129 0.0072544 0.00813038 0.0109394 0.0146952 0.0188797 0.0230542 0.026759 0.0295582 0.0311276 0.0313262 0.030223 0.0280671 0.0252162 0.0220467 0.0188775 0.0159255 0.0133002 0.0110248 0.00907172 0.00739492
 1.03105e-16 2.6793e-05 0.000157237 0.000747401 0.00287748 0.0089731 0.0226655 0.0463774 0.0768788 0.103256 0.112388 0.0991949 0.0711391 0.0417846 0.0207801 0.0100124 0.00661086 0.00717529 0.00961051 0.0129589 0.016754 0.0206259 0.0241889 0.0270696 0.0289765 0.0297597 0.0294353 0.0281645 0.0261991 0.023814 0.0212493 0.0186778 0.0162019 0.0138697 0.0116994 0.00970004
 1.0343e-16 2.70578e-05 0.000158792 0.000754796 0.00290595 0.0090619 0.0228897 0.0468362 0.0776392 0.104276 0.113497 0.100169 0.0718282 0.0421695 0.0209347 0.010025 0.0065372 0.00703402 0.00939772 0.0126625 0.0163626 0.0201339 0.0235998 0.0263979 0.0282479 0.0290096 0.0287055 0.0274991 0.02564 0.0233957 0.0209955 0.0185985 0.0162922 0.0141107 0.012061 0.0101446
 1.0266e-16 3.08988e-05 0.000181348 0.000862037 0.00331888 0.0103496 0.0261423 0.0534908 0.0886676 0.11908 0.129588 0.114319 0.0818616 0.0478322 0.0233217 0.0104595 0.00588684 0.00564462 0.00730434 0.00978926 0.0126368 0.0155406 0.0182044 0.0203473 0.0217529 0.0223145 0.0220519 0.0210943 0.0196378 0.0178918 0.0160352 0.0141915 0.0124274 0.010767 0.00921275 0.00776287
 1.02395e-16 2.87699e-05 0.000168843 0.000802578 0.00308992 0.0096356 0.0243389 0.0498013 0.0825539 0.110876 0.120677 0.106499 0.0763508 0.0447916 0.0221735 0.0105104 0.00670523 0.00709195 0.00940779 0.0126167 0.0162181 0.019825 0.0230439 0.0255034 0.0269265 0.027191 0.0263525 0.0246187 0.0222883 0.0196751 0.0170437 0.0145729 0.0123512 0.0103967 0.00868676 0.00718601
 1.0254e-16 2.87726e-05 0.000168861 0.000802664 0.00309026 0.00963666 0.0243415 0.0498066 0.0825623 0.110886 0.120685 0.106497 0.0763311 0.0447436 0.0220827 0.0103568 0.00646423 0.00673703 0.00891667 0.0119792 0.015444 0.0189507 0.0221333 0.0246427 0.0262117 0.026712 0.0261752 0.0247725 0.0227604 0.0204138 0.0179691 0.0155924 0.0133748 0.0113494 0.00951639 0.00786507
 1.023e-16 3.06704e-05 0.000180005 0.000855653 0.00329429 0.0102729 0.0259486 0.0530946 0.0880114 0.1182 0.128634 0.113486 0.081284 0.0475326 0.023246 0.0105445 0.00609991 0.00598608 0.00779099 0.0104372 0.0134487 0.0164978 0.0192633 0.0214413 0.0228005 0.0232309 0.0227624 0.0215459 0.0198063 0.0177829 0.0156804 0.0136407 0.0117397 0.0100027 0.00842645 0.00699976
 1.02614e-16 2.69708e-05 0.000158278 0.000752346 0.00289651 0.00903243 0.0228154 0.0466843 0.0773883 0.103942 0.113141 0.0998733 0.0716554 0.0421473 0.0210699 0.0103311 0.00704822 0.00780019 0.0104696 0.0140712 0.0181002 0.0221388 0.0257515 0.0285242 0.0301464 0.0304789 0.029579 0.0276734 0.0250904 0.0221768 0.0192265 0.0164403 0.0139207 0.0116928 0.00973708 0.00801919
pSPR Fmed_Fpbrs
0.769455   0.329543 0.329543
Fs Fmed_Fpbrs
0.155909   1.005 1.005
SSBpbr Bo_Bmed_Bpbrs
1.66956e+06  1.20117e+06  466713 466713
Ro
71682.4
SPR SPRFo_SPRFmed_SPRFpbrs
1.47476e+06 1.13476e+06 485999
log_Ro
11
likeval ReclasPelacesDesembMPH_pf_preclas_ppelaces_ptallas_desvR_qrecl_qpela
 63.1011 23.8066 0.0397026 0.000216054 292.76 176.651 81.9477 0 16.9871 0.000122094 0 0 0 0 0
q_reclas_q_pelaces
0.208926 1
M
0.7
N
 87338.8 22012.4 8194.97 966.91 0.470816
 109313 40914.5 8309.93 3093.7 365.198
 71592.4 52061.2 16692.8 3390.39 1411.2
 101813 33626.3 19898.1 6380.08 1835.19
 165333 50048.5 15920.4 9420.74 3889.52
 124381 81916.5 24590.4 7822.15 6539.73
 179561 60280.9 36281 10891.1 6360.91
 153171 87818.1 27863.9 16770.3 7974.47
 161312 73694.9 37584.7 11925.3 10590.4
 141958 77160.8 30687.9 15650.9 9375.92
 69912 68188 32769.2 13032.8 10628.6
 42278.4 32186.2 23721 11399.6 8231.24
 42214.1 19556.1 11447.4 8436.67 6981.97
 25097.5 18779.2 5789.65 3389.05 4564.74
 20872.9 10325.3 3849.8 1186.9 1630.55
 27784.2 8820.47 2400.92 895.189 655.138
 24374.2 12958.3 3261.36 887.741 573.233
 27086.8 11571.3 5207.94 1310.74 587.163
 31843.1 13053.5 4990.49 2246.08 818.527
 55416.8 15414.1 5748.76 2197.81 1349.65
 70169.3 26822.7 6785.31 2530.61 1561.6
 95821.9 34407.7 12551.9 3175.23 1914.98
 158019 46814.1 15825.3 5773.06 2341.17
 167192 77011.6 21284.7 7195.23 3689.26
pred_Ctot
 3569.73 3856.23 1435.64 169.388 0.0824799
 3225.73 5309.22 1078.33 401.45 47.3894
 2797.47 8754.67 2807.08 570.131 237.309
 739.66 1129.77 668.531 214.356 61.6584
 268.77 381.12 121.234 71.7391 29.6187
 2153.36 6410.83 1924.45 612.166 511.803
 1955.6 3011.3 1812.4 544.06 317.756
 3434.94 8799.92 2792.14 1680.49 799.092
 4273.11 8643.22 4408.07 1398.64 1242.08
 3346.6 8107.05 3224.29 1644.4 985.101
 3681.51 14988.2 7202.9 2864.69 2336.24
 2092.18 6695.91 4934.83 2371.54 1712.4
 3182.67 5849.6 3424.15 2523.57 2088.44
 3129.69 8334.84 2569.64 1504.18 2025.99
 2257.97 4121.73 1536.79 473.795 650.898
 1219.3 1647.9 448.557 167.245 122.397
 773.258 1798.74 452.707 123.227 79.57
 576.494 1103.31 496.567 124.976 55.9849
 578.281 1069.54 408.896 184.033 67.066
 1010.12 1267.45 472.701 180.718 110.977
 633.76 1115.89 282.284 105.279 64.966
 1115.65 1834.36 669.17 169.279 102.092
 2114.1 2856.59 965.659 352.271 142.858
 2130.52 4482.37 1238.86 418.791 214.729
F
 0.0583091 0.274153 0.274153 0.274153 0.274153
 0.0417949 0.196508 0.196508 0.196508 0.196508
 0.0556812 0.261797 0.261797 0.261797 0.261797
 0.0101472 0.0477093 0.0477093 0.0477093 0.0477093
 0.0022627 0.0106386 0.0106386 0.0106386 0.0106386
 0.024333 0.114407 0.114407 0.114407 0.114407
 0.0152463 0.0716837 0.0716837 0.0716837 0.0716837
 0.0316205 0.148671 0.148671 0.148671 0.148671
 0.0374469 0.176065 0.176065 0.176065 0.176065
 0.0332647 0.156401 0.156401 0.156401 0.156401
 0.0756974 0.355908 0.355908 0.355908 0.355908
 0.0709895 0.333773 0.333773 0.333773 0.333773
 0.110006 0.517216 0.517216 0.517216 0.517216
 0.188171 0.884729 0.884729 0.884729 0.884729
 0.161375 0.758741 0.758741 0.758741 0.758741
 0.062728 0.294929 0.294929 0.294929 0.294929
 0.0449956 0.211557 0.211557 0.211557 0.211557
 0.0299883 0.140997 0.140997 0.140997 0.140997
 0.025538 0.120073 0.120073 0.120073 0.120073
 0.0256339 0.120523 0.120523 0.120523 0.120523
 0.0126291 0.0593784 0.0593784 0.0593784 0.0593784
 0.0163065 0.0766686 0.0766686 0.0766686 0.0766686
 0.0187579 0.0881943 0.0881943 0.0881943 0.0881943
 0.0178594 0.0839699 0.0839699 0.0839699 0.0839699
nmprior
 10 10 8 0
nm_flota  nm_reclas  nm_pelaces    nm_pelaL
inf 12.4083 19.9487 36.2993
cv_recla  cv_pelaces  cv_mph
0.735436 0.574134 0.476891
 ------------------------------------------------
Talla a la edad & desviación 
 7.2 14.2025 17.0495 18.207 18.6776
 1.08 2.13037 2.55742 2.73105 2.80164
