years
 1997 1998 1999 2000 2001 2002 2003 2004 2005 2006 2007 2008 2009 2010 2011 2012 2013 2014 2015 2016 2017 2018 2019 2020
reclasobs
 0 0 0 370054 412103 1.49427e+06 250295 1.28982e+06 931140 785840 897777 1.04006e+06 184774 17550 25797 100020 73551 82996 120727 218422 84188 347160 605670 569463
reclaspred
 964032 201443 467633 129473 184118 254227 679115 380646 557687 1.21981e+06 1.44298e+06 911788 465558 196769 121834 109896 112547 136233 104472 199681 452741 389208 469289 309540
pelacesobs
 0 0 0 0 0 0 0 0 0 2.06254e+06 1.5e+06 0 1.87456e+06 323000 250000 174000 83755 137374 0 501740 490994 745055 786931 1.00524e+06
pelacespred
 480002 168798 120199 88449.6 105789 99434.2 374315 214456 307814 702037 747443 487248 256087 84586.8 50330.8 51579.9 55046.9 66617.3 52696.4 100171 241956 237698 216066 159350
mphobs
 0 0 0 0 0 112323 0 153150 637223 0 255016 313432 73983 77613 109348 50772 0 0 0 0 0 0 0 0
mphpred
 777871 300588 334148 181780 101099 245845 349361 555677 327487 748195 1.4559e+06 1.0019e+06 526492 270635 113536 96164.2 93568.7 110696 111682 98236.7 317138 401015 372209 348566
desembarqueobs
 350755 77701 442110 56441 14545 235359 269955 359681 431902 328805 639364 411747 362871 311530 167758 66681 60226 58785 57116 71774 51957 67425 138520 160799
desembarquepred
 350713 77672.5 441348 56481.7 14544.1 235176 269875 358757 431203 328401 638323 411244 361986 310706 167601 66645.8 60237.5 58734.9 56989.2 71704.5 51888 67281.1 138338 160525
Reclutas
 16194.3 66344.3 1000.91 2153.53 42660.9 25639.8 81932.1 15111.6 128757 256487 48094.5 13219.1 50276.5 25327.2 19804.5 13242.7 10509.8 9754.59 3416.2 43184.3 35247.5 22824 35391 2633.29
log_desv_Rt
 -0.227585 1.18261 -3.01134 -2.24513 0.741038 0.231902 1.39365 -0.296785 1.84568 2.53483 0.860923 -0.430579 0.905293 0.219636 -0.0263381 -0.4288 -0.659938 -0.734507 -1.78372 0.753233 0.55015 0.115569 0.554214 -2.04401
SSB
 777871 300588 334148 181780 101099 245845 349361 555677 327487 748195 1.4559e+06 1.0019e+06 526492 270635 113536 96164.2 93568.7 110696 111682 98236.7 317138 401015 372209 348566
BT
 1.36043e+06 460162 441315 228272 311013 381060 1.38032e+06 815763 1.36638e+06 2.27388e+06 2.02907e+06 1.28021e+06 938485 482376 271505 170485 178937 198951 151287 355583 612234 520187 543050 432566
Ftot
 0.348175 0.370314 0.855344 0.414748 0.0771606 0.846033 0.382021 0.858133 0.729909 0.260629 0.420736 0.42827 0.72231 1.35942 1.22325 0.571428 0.507553 0.411562 0.514413 0.3465 0.111635 0.167674 0.283714 0.489456
BD_Bspro_t
 0.947739 0.702032 0.614918 0.29486 0.285417 0.550936 0.489209 0.540234 0.394352 0.543052 0.661796 0.494207 0.34872 0.250399 0.141657 0.145074 0.186312 0.274403 0.324266 0.359422 0.654117 0.745689 0.704593 0.619075
BD_Bspro
 1.8595 0.718555 0.79878 0.434544 0.241678 0.587692 0.835148 1.32834 0.782856 1.78856 3.48032 2.39505 1.25858 0.646953 0.271408 0.22988 0.223676 0.26462 0.266975 0.234835 0.758117 0.958625 0.889764 0.833246
BD_Bo
 0.863605 0.333718 0.370977 0.201815 0.112242 0.272941 0.387867 0.616922 0.363581 0.830659 1.61636 1.11233 0.58452 0.300464 0.12605 0.106763 0.103882 0.122897 0.123991 0.109064 0.352092 0.445214 0.413233 0.386984
BD_Brms
 4.20473 1.62481 1.80621 0.982598 0.546486 1.3289 1.88845 3.00367 1.77021 4.04431 7.86976 5.41572 2.84591 1.4629 0.613712 0.519809 0.505779 0.598362 0.603689 0.531012 1.71427 2.16766 2.01195 1.88415
S_f
 0.5 1 1 1 1
 0.5 1 1 1 1
 0.5 1 1 1 1
 0.5 1 1 1 1
 0.5 1 1 1 1
 0.5 1 1 1 1
 0.5 1 1 1 1
 0.5 1 1 1 1
 0.5 1 1 1 1
 0.5 1 1 1 1
 0.5 1 1 1 1
 0.5 1 1 1 1
 0.5 1 1 1 1
 0.5 1 1 1 1
 0.5 1 1 1 1
 0.5 1 1 1 1
 0.5 1 1 1 1
 0.5 1 1 1 1
 0.5 1 1 1 1
 0.5 1 1 1 1
 0.5 1 1 1 1
 0.5 1 1 1 1
 0.5 1 1 1 1
 0.5 1 1 1 1
Scru_reclas
 0.5 1 1 1 1
 0.5 1 1 1 1
 0.5 1 1 1 1
 0.5 1 1 1 1
 0.5 1 1 1 1
 0.5 1 1 1 1
 0.5 1 1 1 1
 0.5 1 1 1 1
 0.5 1 1 1 1
 0.5 1 1 1 1
 0.5 1 1 1 1
 0.5 1 1 1 1
 0.5 1 1 1 1
 0.5 1 1 1 1
 0.5 1 1 1 1
 0.5 1 1 1 1
 0.5 1 1 1 1
 0.5 1 1 1 1
 0.5 1 1 1 1
 0.5 1 1 1 1
 0.5 1 1 1 1
 0.5 1 1 1 1
 0.5 1 1 1 1
 0.5 1 1 1 1
Scru_pelaces
 0.5 1 1 1 1
 0.5 1 1 1 1
 0.5 1 1 1 1
 0.5 1 1 1 1
 0.5 1 1 1 1
 0.5 1 1 1 1
 0.5 1 1 1 1
 0.5 1 1 1 1
 0.5 1 1 1 1
 0.5 1 1 1 1
 0.5 1 1 1 1
 0.5 1 1 1 1
 0.5 1 1 1 1
 0.5 1 1 1 1
 0.5 1 1 1 1
 0.5 1 1 1 1
 0.5 1 1 1 1
 0.5 1 1 1 1
 0.5 1 1 1 1
 0.5 1 1 1 1
 0.5 1 1 1 1
 0.5 1 1 1 1
 0.5 1 1 1 1
 0.5 1 1 1 1
pf_obs 
 0.256992 0.487395 0.22802 0.0275931 0
 0.321318 0.546541 0.124235 0.00734118 0.000564706
 0.182869 0.594174 0.210203 0.0122559 0.00049798
 0.330522 0.361315 0.267642 0.0388342 0.00168674
 0.649043 0.306663 0.0425973 0.00169635 0
 0.582887 0.30429 0.105238 0.00758474 0
 0.465427 0.430635 0.0974691 0.00646863 0
 0.296916 0.608066 0.0921331 0.00288517 0
 0.311714 0.524322 0.152257 0.0117073 0
 0.15457 0.633149 0.183074 0.0267441 0.00246327
 0.131901 0.49318 0.331252 0.0422183 0.00144891
 0.196976 0.569456 0.194076 0.0375587 0.00193317
 0.518974 0.381816 0.0799577 0.0180837 0.00116848
 0.0928022 0.601141 0.25162 0.0475244 0.00691264
 0.122501 0.610282 0.24278 0.0234846 0.000952079
 0.383417 0.481906 0.127806 0.00687128 0
 0.0376549 0.599619 0.316969 0.0457579 0
 0.0361596 0.667082 0.258105 0.0386534 0
 0.158088 0.579412 0.248529 0.0139706 0
 0.0477256 0.309471 0.559284 0.082774 0.000745712
 0.0406174 0.521527 0.379366 0.0568643 0.0016247
 0.151134 0.462217 0.34131 0.0453401 0
 0.294876 0.26143 0.354403 0.0886775 0.000613685
 0.281977 0.475581 0.204845 0.0348837 0.00271318
pf_pred 
 0.266244 0.369383 0.18343 0.0910888 0.0898531
 0.702613 0.132415 0.0830494 0.0412411 0.0406816
 0.0178363 0.825297 0.0698466 0.0438072 0.0432129
 0.140163 0.0386895 0.689998 0.0583959 0.072754
 0.870351 0.0348698 0.0042647 0.0760578 0.0144565
 0.408972 0.550879 0.0107983 0.00132067 0.02803
 0.773434 0.145354 0.075695 0.00148377 0.00403301
 0.190335 0.71583 0.0602 0.0313499 0.00228483
 0.852436 0.055936 0.0810091 0.00681271 0.00380638
 0.740646 0.2425 0.00638861 0.00925228 0.00121284
 0.168036 0.715684 0.108724 0.00286432 0.00469201
 0.104794 0.280653 0.52866 0.0803122 0.0055817
 0.534638 0.0975709 0.115305 0.217197 0.0352891
 0.408324 0.438177 0.0321837 0.0380332 0.0832825
 0.57007 0.292455 0.10181 0.00747782 0.0281875
 0.526006 0.377189 0.0658505 0.0229239 0.00803057
 0.460955 0.390488 0.118217 0.0206385 0.0097016
 0.466071 0.355098 0.129547 0.0392191 0.0100655
 0.242021 0.502612 0.169836 0.0619593 0.0235717
 0.883017 0.049867 0.0445041 0.0150382 0.0075734
 0.485785 0.485145 0.0123919 0.0110592 0.00561895
 0.32089 0.448898 0.217198 0.00554782 0.00746677
 0.473028 0.262312 0.174943 0.0846458 0.005072
 0.0593646 0.621543 0.158835 0.105931 0.0543259
pobs_RECLAS
 0 0 0 0 0
 0 0 0 0 0
 0 0 0 0 0
 0 0 0 0 0
 0.835266 0.146461 0.0176864 0.000547809 3.91292e-05
 0.385257 0.428462 0.181853 0.0044286 0
 0.867414 0.0963971 0.0333333 0.00285562 0
 0.441836 0.489002 0.0689373 0.000224442 0
 0.779404 0.147425 0.0564933 0.0165055 0.000172143
 0.814271 0.122319 0.05973 0.00367925 0
 0.40263 0.566651 0.0304383 0.000280538 0
 0.475488 0.404961 0.113038 0.00651328 0
 0.955842 0.0263864 0.0167828 0.000988607 0
 0.975058 0.0227948 0.00214734 0 0
 0.738997 0.206755 0.0527124 0.00153531 0
 0.850938 0.134255 0.0134407 0.00136685 0
 0.542534 0.407297 0.0501686 0 0
 0.764087 0.199537 0.0359546 0.000420521 0
 0.470689 0.182191 0.310203 0.0369168 0
 0.84361 0.089868 0.0606195 0.00523954 0.000663233
 0.607945 0.314616 0.071237 0.00620181 0
 0.523733 0.453247 0.0230204 0 0
 0.530135 0.295979 0.169645 0.0042399 0
 0.562478 0.366248 0.0663022 0.0049721 0
ppred_RECLAS
 0.268936 0.368028 0.182758 0.0907547 0.0895235
 0.705707 0.131037 0.0821855 0.0408121 0.0402585
 0.0186676 0.824598 0.0697874 0.0437701 0.0431763
 0.142246 0.0385957 0.688326 0.0582544 0.0725777
 0.870623 0.0347966 0.00425575 0.0758981 0.0144262
 0.420056 0.540548 0.0105958 0.0012959 0.0275043
 0.77613 0.143624 0.0747942 0.00146611 0.00398501
 0.197624 0.709386 0.059658 0.0310677 0.00226426
 0.857026 0.054196 0.0784893 0.0066008 0.00368798
 0.742486 0.24078 0.0063433 0.00918667 0.00120424
 0.170497 0.713567 0.108403 0.00285585 0.00467813
 0.106486 0.280122 0.527661 0.0801604 0.00557115
 0.543689 0.0956733 0.113062 0.212973 0.0346028
 0.430912 0.421449 0.030955 0.0365812 0.0801031
 0.589304 0.279371 0.097255 0.00714329 0.0269265
 0.53256 0.371973 0.0649399 0.0226069 0.00791952
 0.466529 0.38645 0.116994 0.0204251 0.00960128
 0.470305 0.352282 0.128519 0.038908 0.00998568
 0.246232 0.49982 0.168892 0.0616151 0.0234408
 0.88442 0.0492692 0.0439705 0.0148579 0.0074826
 0.486687 0.484294 0.0123702 0.0110398 0.0056091
 0.322134 0.448075 0.2168 0.00553765 0.00745309
 0.475681 0.260991 0.174062 0.0842195 0.00504646
 0.0605683 0.620748 0.158632 0.105796 0.0542564
pobs_PELACES
 0 0 0 0 0
 0 0 0 0 0
 0 0 0 0 0
 0 0 0 0 0
 0 0 0 0 0
 0 0 0 0 0
 0 0 0 0 0
 0 0 0 0 0
 0 0 0 0 0
 0 0 0 0 0
 0.450072 0.473896 0.0757376 0.000293798 0
 0 0 0 0 0
 0.463077 0.371075 0.160297 0.00555027 0
 0.529543 0.364841 0.0842815 0.0213345 0
 0.631943 0.363953 0.00410389 0 0
 0.735681 0.248677 0.0153453 0.000297389 0
 0.695825 0.281241 0.0229344 0 0
 0.275771 0.60734 0.115278 0.00161068 0
 0 0 0 0 0
 0.896147 0.0623911 0.0374545 0.00400742 0
 0.803859 0.145111 0.0509908 3.86294e-05 0
 0.739449 0.233085 0.0266225 0.000797448 4.60066e-05
 0.878498 0.100942 0.0204185 0.000141795 0
 0.694673 0.275183 0.0284847 0.00165964 0
ppred_PELACES
 0.280379 0.362268 0.179897 0.0893341 0.0881222
 0.718235 0.125459 0.0786868 0.0390747 0.0385446
 0.0214366 0.822272 0.0695905 0.0436466 0.0430545
 0.150802 0.0382107 0.68146 0.0576734 0.0718538
 0.872051 0.0344127 0.0042088 0.0750608 0.014267
 0.45439 0.508546 0.00996849 0.00121918 0.025876
 0.786892 0.13672 0.0711989 0.00139564 0.00379345
 0.221039 0.688684 0.0579171 0.030161 0.00219819
 0.871158 0.048839 0.0707309 0.00594833 0.00332343
 0.750622 0.233173 0.00614289 0.00889642 0.00116619
 0.180541 0.704926 0.10709 0.00282127 0.00462149
 0.113399 0.277955 0.523578 0.0795403 0.00552804
 0.573069 0.0895132 0.105783 0.199261 0.0323749
 0.486546 0.380248 0.0279289 0.033005 0.0722722
 0.637129 0.246839 0.0859297 0.00631146 0.0237909
 0.555943 0.353366 0.0616915 0.0214761 0.00752337
 0.487418 0.371318 0.112413 0.0196253 0.00922532
 0.48725 0.341012 0.124408 0.0376634 0.00966624
 0.262323 0.48915 0.165287 0.0602998 0.0229404
 0.890137 0.0468321 0.0417956 0.014123 0.00711248
 0.49129 0.479952 0.0122592 0.0109408 0.0055588
 0.328205 0.444062 0.214859 0.00548806 0.00738634
 0.487368 0.255173 0.170182 0.0823423 0.00493398
 0.06533 0.617601 0.157828 0.10526 0.0539814
pobs_pel_tallas
 0 0 0 0 0 0 0 0 0 0 0 0 0 0 0 0 0 0 0 0 0 0 0 0 0 0 0 0 0 0 0 0 0 0 0 0
 0 0 0 0 0 0 0 0 0 0 0 0 0 0 0 0 0 0 0 0 0 0 0 0 0 0 0 0 0 0 0 0 0 0 0 0
 0 0 0 0 0 0 0 0 0 0 0 0 0 0 0 0 0 0 0 0 0 0 0 0 0 0 0 0 0 0 0 0 0 0 0 0
 0 0 0 0 0 0 0 0 0 0 0 0 0 0 0 0 0 0 0 0 0 0 0 0 0 0 0 0 0 0 0 0 0 0 0 0
 0 0 0 0 0 0 0 0 0 0 0 0 0 0 0 0 0 0 0 0 0 0 0 0 0 0 0 0 0 0 0 0 0 0 0 0
 0 0 0 0 0 0 0 0 0 0 0 0 0 0 0 0 0 0 0 0 0 0 0 0 0 0 0 0 0 0 0 0 0 0 0 0
 0 0 0 0 0 0 0 0 0 0 0 0 0 0 0 0 0 0 0 0 0 0 0 0 0 0 0 0 0 0 0 0 0 0 0 0
 0 0 0 0 0 0 0 0 0 0 0 0 0 0 0 0 0 0 0 0 0 0 0 0 0 0 0 0 0 0 0 0 0 0 0 0
 0 0 0 0 0 0 0 0 0 0 0 0 0 0 0 0 0 0 0 0 0 0 0 0 0 0 0 0 0 0 0 0 0 0 0 0
 0 0 0 0 0 0 0 0 0 0 0 0 0 0 0 0 0 0 0 0 0 0 0 0 0 0 0 0 0 0 0 0 0 0 0 0
 0 0 0 0 0 0 0 0 1.78061e-05 0.00172719 0.00360574 0.0105946 0.0120993 0.0124554 0.0147524 0.0171206 0.0266825 0.0428682 0.0675386 0.121331 0.153587 0.119568 0.100827 0.0573624 0.0630603 0.0341343 0.0324427 0.0444173 0.0211091 0.0280891 0.0125444 0.00206551 0 0 0 0
 0 0 0 0 0 0 0 0 0 0 0 0 0 0 0 0 0 0 0 0 0 0 0 0 0 0 0 0 0 0 0 0 0 0 0 0
 0 0 0 0 0 0 0.0133647 0.0140871 0.0187388 0.0205184 0.03894 0.0496705 0.03968 0.0493445 0.0407372 0.0367815 0.0215668 0.0243155 0.0234873 0.0199281 0.019796 0.0243948 0.0301388 0.0376714 0.0412746 0.0863199 0.0771752 0.113111 0.0741005 0.0525337 0.0229764 0.00759418 0.00175318 0 0 0
 0 0 0 0 0 0 0 0 0 0 0.00219441 0.00772107 0.0458388 0.0604681 0.0671733 0.0775358 0.0609151 0.0617685 0.073594 0.0568108 0.0755445 0.0548602 0.0670107 0.0636378 0.0643287 0.046367 0.0373049 0.0286899 0.0247887 0.0153202 0.00654259 0.00121912 0.000365735 0 0 0
 0 0 0 0 0 0 0 0 0 0 0 0 0.000112435 0.00938835 0.0111873 0.0202946 0.0414886 0.0713402 0.111592 0.104902 0.108894 0.110636 0.117776 0.105296 0.107544 0.0401394 0.0192827 0.0124803 0.00416011 0.0028671 0.000618394 0 0 0 0 0
 0 0 0 0 0 0 0 0 0 0 0.00291406 0.0102884 0.027416 0.0768956 0.0749926 0.110853 0.0956884 0.0897413 0.0766577 0.0534642 0.0500743 0.0551293 0.0594112 0.0620874 0.0668451 0.0424026 0.0208742 0.0120726 0.0048766 0.00582813 0.00118941 0.000297354 0 0 0 0
 0 0.00264628 0.0354308 0.0461629 0.0458689 0.0383711 0.0214643 0.0164657 0.0346957 0.0420465 0.0363128 0.0245516 0.0311673 0.0291091 0.0169068 0.0133784 0.00837989 0.0085269 0.0148486 0.0160247 0.0276389 0.0546898 0.0760071 0.122758 0.109233 0.0665981 0.0333725 0.0166128 0.00676272 0.00308733 0.000882094 0 0 0 0 0
 0 0 0 0 0 0 0 0.000805153 0.000690131 0.00759144 0.0133425 0.0154129 0.00931677 0.000345066 0.00356568 0.00563607 0.00851162 0.0253048 0.0502646 0.0516448 0.0657925 0.0565908 0.0611916 0.0827007 0.0866115 0.110766 0.145733 0.0935128 0.0569358 0.0249597 0.0138026 0.00621118 0.00161031 0.00115022 0 0
 0 0 0 0 0 0 0 0 0 0 0 0 0 0 0 0 0 0 0 0 0 0 0 0 0 0 0 0 0 0 0 0 0 0 0 0
 0.00147267 0.00158595 0.00478618 0.00569244 0.00954404 0.0108468 0.00647125 0.017049 0.0510054 0.094081 0.124002 0.0959785 0.0687766 0.0820023 0.061753 0.0591476 0.0492212 0.0479892 0.0443925 0.0268479 0.0217502 0.0140895 0.0121071 0.0120363 0.00920419 0.00665534 0.0049561 0.00860946 0.00930331 0.0156896 0.0114698 0.00855282 0.00243557 0.00046729 0 2.83206e-05
 0 0 0 0 0.000772559 0.00158375 0.000888443 0.00281984 0.00712685 0.0440552 0.0773331 0.111326 0.0921469 0.0852325 0.0710754 0.0886704 0.0786465 0.0553345 0.0373146 0.0185414 0.00753245 0.00457741 0.012979 0.0271748 0.0457355 0.0583668 0.034881 0.0177882 0.00938659 0.00492506 0.0015258 0.00185414 0.000309023 5.79419e-05 3.86279e-05 0
 0 0.00173294 0.00326652 0 0.00397197 0.00683976 0.00946217 0.0152591 0.00757587 0.0136028 0.0228656 0.0392903 0.0559909 0.0764795 0.0681675 0.0726916 0.0566044 0.0477403 0.0527397 0.0444891 0.0609904 0.0582453 0.0661739 0.0445044 0.0529084 0.0360697 0.0280645 0.0235558 0.0158879 0.00826598 0.00280645 0.00217768 0.000904811 0.00058276 9.20147e-05 0
 0 0 0 0 0 0 0 0 0 0 0 0 0 0 0 0 0 0 0 0 0 0 0 0 0 0 0 0 0 0 0 0 0 0 0 0
 0 0 0 0 0 0 0 0 0 0 0 0 0 0 0 0 0 0 0 0 0 0 0 0 0 0 0 0 0 0 0 0 0 0 0 0
ppred_pel_tallas
 1.09859e-16 1.22533e-05 7.18656e-05 0.00034151 0.00131466 0.00409946 0.0103552 0.0211907 0.0351357 0.0472156 0.0514575 0.0455736 0.0330261 0.0200894 0.0112788 0.00758749 0.0078417 0.0106011 0.0149576 0.0204209 0.0266006 0.0330331 0.0391705 0.0444632 0.048468 0.050935 0.0518407 0.0513576 0.0497758 0.0474098 0.0445222 0.041289 0.0378063 0.0341232 0.0302829 0.026351
 1.04302e-16 3.13362e-05 0.000183921 0.000874282 0.00336604 0.0104967 0.0265138 0.0542505 0.0899252 0.120764 0.131408 0.115893 0.0829198 0.0483127 0.0232997 0.010018 0.00504011 0.00433989 0.0054624 0.00735083 0.00960157 0.0119951 0.0143335 0.0164243 0.0181081 0.0192864 0.0199332 0.0200855 0.0198192 0.0192192 0.0183571 0.0172819 0.0160235 0.0146053 0.0130566 0.0114201
 1.04768e-16 9.80726e-07 5.64345e-06 2.65895e-05 0.000101974 0.000317649 0.000803274 0.00165012 0.0027599 0.00378101 0.00431101 0.00427004 0.00407631 0.00443624 0.00599695 0.00918816 0.014266 0.0213599 0.0304113 0.0410524 0.0525279 0.0637269 0.0733457 0.0801477 0.0832465 0.0823187 0.0776767 0.0701694 0.0609565 0.0512291 0.0419703 0.0338178 0.027044 0.0216274 0.0173699 0.0140103
 1.15025e-16 6.59138e-06 3.86513e-05 0.000183664 0.000707007 0.0022046 0.00556864 0.0113948 0.0188908 0.0253781 0.0276386 0.0244324 0.0176078 0.010522 0.0055873 0.00333214 0.00314681 0.00432664 0.00652221 0.0096884 0.0139029 0.0192326 0.0256595 0.0330377 0.041073 0.0493236 0.0572282 0.0641613 0.0695114 0.0727697 0.0736107 0.0719481 0.0679522 0.0620214 0.0547168 0.0466739
 1.03317e-16 3.80394e-05 0.000223283 0.00106144 0.00408667 0.012744 0.03219 0.0658638 0.109171 0.146599 0.159489 0.140586 0.100429 0.0581929 0.0274612 0.0107679 0.0038895 0.00188742 0.00176225 0.00226136 0.00298534 0.00381545 0.00469664 0.00558462 0.0064414 0.00723853 0.00795762 0.00858615 0.00911101 0.00951287 0.00976461 0.00983498 0.00969652 0.00933439 0.00875376 0.00798213
 1.01559e-16 1.98468e-05 0.000116433 0.000553358 0.00213028 0.00664291 0.0167799 0.0343371 0.0569295 0.0764909 0.0833324 0.0737313 0.0532724 0.0320844 0.017427 0.0108324 0.0103042 0.0134044 0.0185605 0.0248974 0.0317388 0.0383406 0.0438821 0.0475994 0.0489571 0.04778 0.0442974 0.0390788 0.0328891 0.0265088 0.0205804 0.0155171 0.0114876 0.00846153 0.00628373 0.00475073
 1.01281e-16 3.43305e-05 0.000201499 0.000957847 0.00368778 0.0115 0.0290481 0.059436 0.0985204 0.132306 0.143965 0.126964 0.0908317 0.0529034 0.0254762 0.0108854 0.00536725 0.00449873 0.0055752 0.00742097 0.00957447 0.0117765 0.0137951 0.0154121 0.016457 0.0168411 0.0165719 0.0157421 0.0144997 0.0130087 0.011416 0.00983199 0.00832627 0.00693567 0.00567642 0.00455502
 1.02186e-16 9.679e-06 5.67221e-05 0.00026945 0.00103709 0.00323382 0.00816908 0.0167201 0.0277345 0.0373046 0.0407473 0.0363048 0.0267794 0.0172248 0.0113411 0.0100715 0.0126386 0.0179918 0.0253744 0.0341791 0.0436749 0.0529012 0.0607542 0.066191 0.0684674 0.0673155 0.0630076 0.0562729 0.0481077 0.0395402 0.031426 0.0243295 0.0185026 0.0139416 0.0104827 0.00789716
 1.0138e-16 3.80014e-05 0.000223058 0.00106036 0.00408252 0.012731 0.0321573 0.065797 0.109061 0.146453 0.159334 0.140459 0.10036 0.0581971 0.0275467 0.0109491 0.00419371 0.00235433 0.00243703 0.003185 0.00418344 0.00528675 0.00640354 0.00744809 0.00834221 0.00902548 0.00946213 0.00964102 0.00957089 0.00927326 0.00877664 0.00811358 0.00732048 0.00643798 0.00551061 0.00458424
 1.00524e-16 3.27527e-05 0.000192227 0.00091375 0.00351797 0.0109704 0.0277106 0.0566999 0.093988 0.126228 0.137374 0.121204 0.0868285 0.050807 0.0249051 0.0113886 0.00670198 0.00664353 0.00861866 0.0114457 0.0145741 0.0176058 0.0201532 0.0218636 0.0224898 0.0219496 0.0203463 0.0179392 0.015078 0.0121209 0.00936366 0.00699837 0.00510618 0.00367721 0.00264444 0.00191781
 1.02063e-16 7.91389e-06 4.63574e-05 0.000220171 0.00084735 0.0026421 0.00667449 0.0136622 0.0226666 0.0305012 0.0333511 0.0297979 0.022159 0.0146042 0.0102121 0.00981966 0.0128586 0.0185191 0.0261914 0.0353264 0.0452011 0.0548392 0.0631082 0.068931 0.0715279 0.0706008 0.0664004 0.0596454 0.0513337 0.0425052 0.0340372 0.026522 0.020244 0.0152329 0.0113556 0.00840766
 1.10515e-16 4.96986e-06 2.91102e-05 0.000138257 0.0005321 0.0016591 0.00419104 0.00857784 0.0142282 0.0191368 0.0209005 0.0186166 0.0137225 0.00881317 0.00579574 0.00517658 0.0066026 0.00961473 0.0139479 0.0194577 0.0259666 0.0331791 0.0406777 0.0479719 0.0545708 0.0600496 0.0640942 0.0665132 0.0672272 0.0662481 0.0636645 0.0596372 0.0544024 0.0482682 0.0415994 0.0347844
 1.09891e-16 2.50047e-05 0.000146753 0.000697589 0.00268575 0.00837523 0.0211551 0.043286 0.0717506 0.0963573 0.104851 0.0924749 0.0661725 0.038572 0.018638 0.00808547 0.00419629 0.00378343 0.00492463 0.00682445 0.00921724 0.0119863 0.0150238 0.018204 0.0213923 0.0244567 0.0272735 0.0297253 0.0316966 0.0330717 0.033743 0.0336265 0.0326835 0.0309376 0.028483 0.0254769
 1.05032e-16 2.12436e-05 0.000124645 0.000592429 0.00228075 0.00711221 0.0179652 0.0367612 0.0609439 0.0818705 0.0891559 0.0787954 0.0567392 0.0337889 0.0176606 0.00993002 0.00839886 0.0104225 0.0143348 0.0192902 0.0247403 0.030135 0.0348756 0.0383992 0.0403014 0.0404297 0.0389151 0.0361247 0.0325577 0.028719 0.0250128 0.0216856 0.0188233 0.0163909 0.0142896 0.0124114
 1.02629e-16 2.78046e-05 0.000163176 0.000775633 0.00298618 0.00931207 0.0235217 0.0481293 0.0797828 0.107156 0.116632 0.102937 0.0738162 0.043343 0.0215282 0.0103259 0.0067514 0.00726949 0.00969809 0.0130355 0.0167907 0.0205752 0.0239885 0.0266487 0.0282655 0.0287031 0.0280034 0.0263628 0.0240719 0.0214407 0.0187352 0.0161404 0.0137557 0.011613 0.00970478 0.00800978
 1.02081e-16 2.42688e-05 0.000142408 0.000676877 0.00260591 0.00812619 0.0205264 0.0420014 0.0696289 0.0935302 0.101834 0.0899536 0.0646731 0.0383114 0.019654 0.0104647 0.00819528 0.0097975 0.0133629 0.017953 0.0230061 0.027991 0.032336 0.0355017 0.0370942 0.0369551 0.0351951 0.0321537 0.0283065 0.0241494 0.0200988 0.0164341 0.0132888 0.010678 0.00854493 0.00680485
 1.02823e-16 2.12816e-05 0.000124869 0.00059349 0.00228484 0.00712494 0.0179973 0.036827 0.0610529 0.0820166 0.0893141 0.0789334 0.0568346 0.0338384 0.0176745 0.00992213 0.00838161 0.0104087 0.014343 0.0193487 0.024889 0.0304229 0.0353527 0.0391043 0.041246 0.0415829 0.0401941 0.0373953 0.0336467 0.0294378 0.0251885 0.0211916 0.0176034 0.0144704 0.0117718 0.00946022
 1.03623e-16 2.12731e-05 0.000124821 0.000593271 0.002284 0.00712234 0.0179907 0.0368133 0.0610293 0.0819825 0.0892705 0.0788794 0.0567622 0.0337283 0.0174952 0.00963066 0.00792656 0.00973569 0.0134042 0.0181166 0.0233718 0.0286764 0.0334855 0.0372707 0.0396272 0.0403597 0.0395163 0.0373563 0.0342692 0.0306733 0.0269293 0.0232914 0.019901 0.0168112 0.0140243 0.0115253
 1.0565e-16 1.14713e-05 6.72621e-05 0.000319598 0.00123024 0.00383619 0.0096904 0.0198314 0.0328861 0.0442056 0.0482113 0.0427801 0.0311783 0.0193169 0.0114731 0.00863673 0.00976568 0.0135448 0.0191096 0.0259186 0.0334465 0.0410328 0.0479067 0.053316 0.0566857 0.0577417 0.0565594 0.0535148 0.0491681 0.0441166 0.0388707 0.0337844 0.0290479 0.0247243 0.0208062 0.0172649
 1.01427e-16 3.88287e-05 0.000227916 0.00108346 0.00417144 0.0130083 0.0328578 0.0672302 0.111437 0.149642 0.162802 0.143513 0.102534 0.0594424 0.0281061 0.0111172 0.00416892 0.00222234 0.00221327 0.00285371 0.00371831 0.00466031 0.00559265 0.00643856 0.0071331 0.00763243 0.00791881 0.00799835 0.00789332 0.00763264 0.00724427 0.00675184 0.00617552 0.00553491 0.00485205 0.00415242
 1.00967e-16 2.14546e-05 0.000125875 0.000598253 0.00230314 0.00718199 0.0181415 0.0371229 0.0615461 0.0826875 0.0900666 0.0796502 0.0574632 0.0344371 0.0183948 0.0109626 0.00995196 0.0127066 0.0175265 0.023495 0.0299452 0.0361667 0.0413819 0.0448671 0.0461144 0.0449559 0.0416066 0.0366037 0.0306707 0.0245485 0.0188496 0.0139718 0.0100831 0.00716266 0.00507055 0.00361811
 1.03729e-16 1.43424e-05 8.4122e-05 0.00039976 0.0015389 0.00479874 0.0121216 0.0248055 0.0411296 0.0552711 0.0602387 0.0533558 0.0386762 0.0235464 0.0132528 0.00895684 0.00927789 0.0125148 0.0175768 0.0238464 0.0308082 0.0378497 0.0442595 0.0493366 0.0525341 0.0535737 0.0524938 0.0496119 0.0454244 0.0404785 0.0352613 0.0301345 0.025322 0.0209345 0.0170117 0.0135596
 1.05559e-16 2.12748e-05 0.000124839 0.000593373 0.00228443 0.00712369 0.017994 0.0368194 0.0610371 0.081986 0.089256 0.078823 0.0566271 0.033459 0.017011 0.00882101 0.0066548 0.00785403 0.0107824 0.014682 0.0191517 0.0238333 0.0283283 0.0322348 0.0352195 0.0370797 0.0377703 0.0373867 0.0361163 0.034177 0.0317668 0.0290392 0.0261038 0.0230433 0.0199345 0.0168603
 1.08581e-16 2.88652e-06 1.68506e-05 7.99108e-05 0.000307344 0.000958137 0.00242085 0.00495829 0.00823762 0.0111195 0.0122495 0.0111601 0.00876403 0.00668042 0.00617199 0.00771963 0.0112991 0.0167583 0.0239213 0.0324844 0.041902 0.051372 0.0599354 0.0666582 0.0708353 0.0721451 0.070706 0.0670114 0.0617759 0.0557471 0.0495465 0.0435849 0.0380569 0.0329959 0.0283527 0.0240643
pSPR Fmed_Fpbrs
0.477424   0.255389 0.255389
Fs Fmed_Fpbrs
0.436017   1.005 1.005
SSBpbr Bo_Bmed_Bpbrs
900725  384991  184999 184999
Ro
20333
SPR SPRFo_SPRFmed_SPRFpbrs
418323 199717 106835
log_Ro
9.74
likeval ReclasPelacesDesembMPH_pf_preclas_ppelaces_ptallas_desvR_qrecl_qpela
 116.24 120.095 0.254922 0.000646164 370.072 197.134 99.8783 0 54.9006 0 0 0 0 0 0
q_reclas_q_pelaces
1 1
M
0.7
N
 16194.3 12088.4 6002.91 2980.96 2940.52
 66344.3 6756.95 4237.91 2104.48 2075.93
 1000.91 27376.9 2316.97 1453.18 1433.47
 2153.53 324.08 5779.73 489.15 609.42
 42660.9 869.129 106.298 1895.74 360.329
 25639.8 20383 399.547 48.866 1037.14
 81932.1 8340.56 4343.45 85.1401 231.418
 15111.6 33611.9 2826.7 1472.04 107.285
 128757 4886.1 7076.27 595.101 332.493
 256487 44388 1169.39 1693.57 222.002
 48094.5 111806 16985.2 447.471 732.998
 13219.1 19352.1 36453.1 5537.84 384.88
 50276.5 5299.07 6262.19 11796 1916.55
 25327.2 17398.5 1277.9 1510.17 3306.86
 19804.5 6373.65 2218.8 162.969 614.307
 13242.7 5334.96 931.389 324.236 113.584
 10509.8 4941.81 1496.09 261.19 122.778
 9754.59 4049.24 1477.24 447.222 114.779
 3416.2 3943.06 1332.38 486.079 184.923
 43184.3 1311.7 1170.63 395.563 199.21
 35247.5 18033.4 460.622 411.085 208.863
 22824 16553.2 8009.22 204.577 275.338
 35391 10422.6 6951.12 3363.29 201.529
 2633.29 15250.3 3897.21 2599.16 1332.95
pred_Ctot
 1879.59 2607.71 1294.95 643.055 634.331
 8151.18 1536.17 963.476 478.448 471.957
 256.688 11877.1 1005.19 630.445 621.892
 293.542 81.0272 1445.06 122.298 152.368
 1163.7 46.6226 5.70211 101.693 19.3291
 6516.27 8777.31 172.052 21.0426 446.61
 10358.7 1946.74 1013.79 19.8722 54.0143
 3885.87 14614.4 1229.04 640.038 46.647
 28912.7 1897.22 2747.65 231.072 129.104
 22707.1 7434.69 195.865 283.661 37.1838
 6641.8 28288.2 4297.45 113.215 185.457
 1855.27 4968.67 9359.39 1421.85 98.8183
 11189.8 2042.12 2413.28 4545.86 738.587
 9337.42 10020.1 735.966 869.73 1904.48
 6747.28 3461.46 1205.01 88.5066 333.623
 2406.05 1725.34 301.213 104.858 36.7334
 1718.99 1456.21 440.854 76.9652 36.1792
 1320.3 1005.93 366.984 111.101 28.5139
 565.491 1174.37 396.827 144.77 55.0762
 4989.86 281.794 251.489 84.9796 42.7966
 1380.58 1378.76 35.2173 31.4298 15.9688
 1326.42 1855.55 897.806 22.9323 30.8645
 3393.81 1882 1255.16 607.304 36.3899
 416.935 4365.29 1115.55 743.989 381.547
F
 0.174088 0.348175 0.348175 0.348175 0.348175
 0.185157 0.370314 0.370314 0.370314 0.370314
 0.427672 0.855344 0.855344 0.855344 0.855344
 0.207374 0.414748 0.414748 0.414748 0.414748
 0.0385803 0.0771606 0.0771606 0.0771606 0.0771606
 0.423017 0.846033 0.846033 0.846033 0.846033
 0.191011 0.382021 0.382021 0.382021 0.382021
 0.429066 0.858133 0.858133 0.858133 0.858133
 0.364954 0.729909 0.729909 0.729909 0.729909
 0.130315 0.260629 0.260629 0.260629 0.260629
 0.210368 0.420736 0.420736 0.420736 0.420736
 0.214135 0.42827 0.42827 0.42827 0.42827
 0.361155 0.72231 0.72231 0.72231 0.72231
 0.679708 1.35942 1.35942 1.35942 1.35942
 0.611626 1.22325 1.22325 1.22325 1.22325
 0.285714 0.571428 0.571428 0.571428 0.571428
 0.253777 0.507553 0.507553 0.507553 0.507553
 0.205781 0.411562 0.411562 0.411562 0.411562
 0.257206 0.514413 0.514413 0.514413 0.514413
 0.17325 0.3465 0.3465 0.3465 0.3465
 0.0558174 0.111635 0.111635 0.111635 0.111635
 0.0838371 0.167674 0.167674 0.167674 0.167674
 0.141857 0.283714 0.283714 0.283714 0.283714
 0.244728 0.489456 0.489456 0.489456 0.489456
nmprior
 10 10 8 0
nm_flota  nm_reclas  nm_pelaces    nm_pelaL
inf 8.85218 8.58314 13.194
cv_recla  cv_pelaces  cv_mph
0.99817 1.28952 0.824726
 ------------------------------------------------
Talla a la edad & desviación 
 7.2 14.2025 17.0495 18.207 18.6776
 1.08 2.13037 2.55742 2.73105 2.80164
