years
 1997 1998 1999 2000 2001 2002 2003 2004 2005 2006 2007 2008 2009 2010 2011 2012 2013 2014 2015 2016 2017 2018 2019 2020
reclasobs
 0 0 0 370054 412103 1.49427e+06 250295 1.28982e+06 931140 785840 897777 1.04006e+06 184774 17550 25797 100020 73551 82996 120727 218422 84188 347160 605670 569463
reclaspred
 1.5435e+06 256552 528876 234740 310115 394589 787057 642052 926327 1.16763e+06 1.16212e+06 791882 451494 204490 132427 125776 142720 190364 194618 259201 435109 434252 673696 637415
pelacesobs
 0 0 0 0 0 0 0 0 0 2.06254e+06 1.5e+06 0 1.87456e+06 323000 250000 174000 83755 137374 0 501740 490994 745055 786931 1.00524e+06
pelacespred
 780627 283862 169156 163381 182752 173024 404710 391995 524110 685966 599741 423840 240397 87279 55675.1 60304.1 71608.9 96239 103616 132784 245415 256387 302170 341632
mphobs
 0 0 0 0 0 112323 0 153150 637223 0 255016 313432 73983 77613 109348 50772 0 0 0 0 0 0 0 0
mphpred
 1.10138e+06 527706 362389 266808 216041 366586 469355 643571 687829 956448 1.16013e+06 840278 502996 266569 123666 106363 114084 148896 174321 187507 310154 410299 482661 575778
desembarqueobs
 350755 77701 442110 56441 14545 235359 269955 359681 431902 328805 639364 411747 362871 311530 167758 66681 60226 58785 57116 71774 51957 67425 138520 160799
desembarquepred
 350738 77686.9 441884 56434.8 14544.6 235330 269923 359469 431706 328668 639007 411640 362668 311409 167607 66669.7 60229.1 58772.6 57097.7 71748.4 51950.4 67406 138484 160768
Reclutas
 30569.4 35994.6 14011.1 18031.6 47766.1 29737.5 66536.6 79253.4 132015 155940 71732.1 36698.5 47025.2 27892.2 19670.9 15688.3 13020.1 13328.9 13276.3 28421.8 40224.2 41056.2 55576.9 38610.2
log_desv_Rt
 -0.132244 0.0311245 -0.912396 -0.660121 0.314072 -0.159835 0.645508 0.820405 1.33067 1.49723 0.720694 0.050492 0.298438 -0.223898 -0.573102 -0.799331 -0.985751 -0.962313 -0.966266 -0.20509 0.142223 0.162697 0.465523 0.101273
SSB
 1.10138e+06 527706 362389 266808 216041 366586 469355 643571 687829 956448 1.16013e+06 840278 502996 266569 123666 106363 114084 148896 174321 187507 310154 410299 482661 575778
BT
 2.10886e+06 674587 637073 402027 463553 525605 1.33755e+06 1.32485e+06 1.80856e+06 1.96924e+06 1.83792e+06 1.23893e+06 893198 485202 282257 191329 217271 265932 265004 376633 639985 577093 726158 830358
Ftot
 0.219646 0.291401 0.768573 0.232318 0.0458586 0.56078 0.329969 0.531024 0.44543 0.271738 0.519285 0.49161 0.744322 1.32001 1.13431 0.502537 0.403416 0.297199 0.2825 0.267253 0.11629 0.150785 0.199048 0.243446
BD_Bspro_t
 0.967144 0.791423 0.632513 0.383039 0.468434 0.658028 0.559953 0.598125 0.57486 0.598815 0.612771 0.45973 0.345141 0.247768 0.14762 0.15276 0.213816 0.332676 0.426022 0.506322 0.650569 0.759899 0.759916 0.732596
BD_Bspro
 1.53429 0.735126 0.504829 0.371679 0.300958 0.510676 0.653839 0.896532 0.958186 1.33239 1.61613 1.17056 0.700703 0.371346 0.172274 0.14817 0.158926 0.20742 0.24284 0.261209 0.432063 0.57157 0.672375 0.802092
BD_Bo
 1.18885 0.569615 0.391168 0.287997 0.233198 0.3957 0.506629 0.694681 0.742454 1.03241 1.25226 0.90701 0.542942 0.287739 0.133487 0.11481 0.123144 0.16072 0.188165 0.202399 0.334786 0.442883 0.520992 0.621504
BD_Brms
 5.78829 2.77334 1.90452 1.4022 1.1354 1.92658 2.46668 3.38227 3.61486 5.02658 6.09703 4.41605 2.64348 1.40095 0.649923 0.558988 0.599566 0.782516 0.916141 0.985439 1.63001 2.15631 2.53661 3.02598
S_f
 0.5 1 1 1 1
 0.5 1 1 1 1
 0.5 1 1 1 1
 0.5 1 1 1 1
 0.5 1 1 1 1
 0.5 1 1 1 1
 0.5 1 1 1 1
 0.5 1 1 1 1
 0.5 1 1 1 1
 0.5 1 1 1 1
 0.5 1 1 1 1
 0.5 1 1 1 1
 0.5 1 1 1 1
 0.5 1 1 1 1
 0.5 1 1 1 1
 0.5 1 1 1 1
 0.5 1 1 1 1
 0.5 1 1 1 1
 0.5 1 1 1 1
 0.5 1 1 1 1
 0.5 1 1 1 1
 0.5 1 1 1 1
 0.5 1 1 1 1
 0.5 1 1 1 1
Scru_reclas
 0.5 1 1 1 1
 0.5 1 1 1 1
 0.5 1 1 1 1
 0.5 1 1 1 1
 0.5 1 1 1 1
 0.5 1 1 1 1
 0.5 1 1 1 1
 0.5 1 1 1 1
 0.5 1 1 1 1
 0.5 1 1 1 1
 0.5 1 1 1 1
 0.5 1 1 1 1
 0.5 1 1 1 1
 0.5 1 1 1 1
 0.5 1 1 1 1
 0.5 1 1 1 1
 0.5 1 1 1 1
 0.5 1 1 1 1
 0.5 1 1 1 1
 0.5 1 1 1 1
 0.5 1 1 1 1
 0.5 1 1 1 1
 0.5 1 1 1 1
 0.5 1 1 1 1
Scru_pelaces
 0.5 1 1 1 1
 0.5 1 1 1 1
 0.5 1 1 1 1
 0.5 1 1 1 1
 0.5 1 1 1 1
 0.5 1 1 1 1
 0.5 1 1 1 1
 0.5 1 1 1 1
 0.5 1 1 1 1
 0.5 1 1 1 1
 0.5 1 1 1 1
 0.5 1 1 1 1
 0.5 1 1 1 1
 0.5 1 1 1 1
 0.5 1 1 1 1
 0.5 1 1 1 1
 0.5 1 1 1 1
 0.5 1 1 1 1
 0.5 1 1 1 1
 0.5 1 1 1 1
 0.5 1 1 1 1
 0.5 1 1 1 1
 0.5 1 1 1 1
 0.5 1 1 1 1
pf_obs 
 0.256992 0.487395 0.22802 0.0275931 0
 0.321318 0.546541 0.124235 0.00734118 0.000564706
 0.182869 0.594174 0.210203 0.0122559 0.00049798
 0.330522 0.361315 0.267642 0.0388342 0.00168674
 0.649043 0.306663 0.0425973 0.00169635 0
 0.582887 0.30429 0.105238 0.00758474 0
 0.465427 0.430635 0.0974691 0.00646863 0
 0.296916 0.608066 0.0921331 0.00288517 0
 0.311714 0.524322 0.152257 0.0117073 0
 0.15457 0.633149 0.183074 0.0267441 0.00246327
 0.131901 0.49318 0.331252 0.0422183 0.00144891
 0.196976 0.569456 0.194076 0.0375587 0.00193317
 0.518974 0.381816 0.0799577 0.0180837 0.00116848
 0.0928022 0.601141 0.25162 0.0475244 0.00691264
 0.122501 0.610282 0.24278 0.0234846 0.000952079
 0.383417 0.481906 0.127806 0.00687128 0
 0.0376549 0.599619 0.316969 0.0457579 0
 0.0361596 0.667082 0.258105 0.0386534 0
 0.158088 0.579412 0.248529 0.0139706 0
 0.0477256 0.309471 0.559284 0.082774 0.000745712
 0.0406174 0.521527 0.379366 0.0568643 0.0016247
 0.151134 0.462217 0.34131 0.0453401 0
 0.294876 0.26143 0.354403 0.0886775 0.000613685
 0.281977 0.475581 0.204845 0.0348837 0.00271318
pf_pred 
 0.28077 0.492134 0.201656 0.0254367 4.01919e-06
 0.389861 0.276965 0.227975 0.0934143 0.0117851
 0.234929 0.444919 0.145329 0.119623 0.0552001
 0.466063 0.233033 0.174988 0.0571582 0.0687581
 0.663314 0.219197 0.0512774 0.0385048 0.027707
 0.365133 0.507671 0.0828103 0.0193721 0.0250141
 0.648024 0.202691 0.119375 0.0194723 0.0104371
 0.558487 0.354093 0.0503422 0.0296491 0.00742855
 0.641979 0.267581 0.0725322 0.010312 0.00759495
 0.558479 0.354693 0.0648944 0.0175906 0.00434284
 0.301807 0.511266 0.150167 0.0274744 0.00928602
 0.270566 0.366061 0.266087 0.078154 0.0191319
 0.468901 0.245113 0.14352 0.104323 0.0381424
 0.43159 0.391298 0.0817411 0.0478615 0.04751
 0.542611 0.319129 0.0951796 0.0198828 0.0231983
 0.547891 0.348899 0.0720116 0.0214773 0.00972127
 0.462944 0.396083 0.108791 0.0224541 0.00972812
 0.469812 0.349779 0.133053 0.0365452 0.0108107
 0.44872 0.363166 0.124103 0.0472078 0.0168021
 0.626549 0.238419 0.088955 0.0303983 0.0156788
 0.566932 0.33939 0.0598055 0.0223137 0.0115581
 0.451057 0.400806 0.116093 0.0204573 0.0115863
 0.492132 0.320818 0.136573 0.0395584 0.0109188
 0.353665 0.434501 0.133815 0.0569654 0.0210543
pobs_RECLAS
 0 0 0 0 0
 0 0 0 0 0
 0 0 0 0 0
 0 0 0 0 0
 0.835266 0.146461 0.0176864 0.000547809 3.91292e-05
 0.385257 0.428462 0.181853 0.0044286 0
 0.867414 0.0963971 0.0333333 0.00285562 0
 0.441836 0.489002 0.0689373 0.000224442 0
 0.779404 0.147425 0.0564933 0.0165055 0.000172143
 0.814271 0.122319 0.05973 0.00367925 0
 0.40263 0.566651 0.0304383 0.000280538 0
 0.475488 0.404961 0.113038 0.00651328 0
 0.955842 0.0263864 0.0167828 0.000988607 0
 0.975058 0.0227948 0.00214734 0 0
 0.738997 0.206755 0.0527124 0.00153531 0
 0.850938 0.134255 0.0134407 0.00136685 0
 0.542534 0.407297 0.0501686 0 0
 0.764087 0.199537 0.0359546 0.000420521 0
 0.470689 0.182191 0.310203 0.0369168 0
 0.84361 0.089868 0.0606195 0.00523954 0.000663233
 0.607945 0.314616 0.071237 0.00620181 0
 0.523733 0.453247 0.0230204 0 0
 0.530135 0.295979 0.169645 0.0042399 0
 0.562478 0.366248 0.0663022 0.0049721 0
ppred_RECLAS
 0.282351 0.491052 0.201212 0.0253808 4.01036e-06
 0.39248 0.275776 0.226996 0.0930132 0.0117345
 0.242155 0.440717 0.143956 0.118493 0.0546787
 0.468143 0.232126 0.174306 0.0569356 0.0684903
 0.663624 0.218995 0.0512301 0.0384693 0.0276815
 0.371097 0.502901 0.0820323 0.0191901 0.0247791
 0.650946 0.201009 0.118384 0.0193106 0.0103505
 0.564352 0.34939 0.0496734 0.0292552 0.00732987
 0.646301 0.264351 0.0716566 0.0101876 0.00750326
 0.560967 0.352695 0.0645287 0.0174915 0.00431837
 0.306699 0.507683 0.149115 0.0272819 0.00922095
 0.274826 0.363923 0.264533 0.0776976 0.0190201
 0.478377 0.24074 0.140959 0.102462 0.0374619
 0.453461 0.376241 0.0785958 0.0460199 0.0456819
 0.560031 0.306974 0.0915545 0.0191255 0.0223147
 0.553364 0.344675 0.0711398 0.0212173 0.00960358
 0.467067 0.393042 0.107956 0.0222817 0.00965343
 0.47262 0.347927 0.132348 0.0363517 0.0107534
 0.45134 0.36144 0.123514 0.0469834 0.0167223
 0.628861 0.236943 0.0884043 0.0302101 0.0155817
 0.567859 0.338664 0.0596776 0.0222659 0.0115333
 0.452308 0.399893 0.115829 0.0204107 0.0115599
 0.493871 0.319719 0.136106 0.0394229 0.0108814
 0.355687 0.433141 0.133396 0.0567872 0.0209884
pobs_PELACES
 0 0 0 0 0
 0 0 0 0 0
 0 0 0 0 0
 0 0 0 0 0
 0 0 0 0 0
 0 0 0 0 0
 0 0 0 0 0
 0 0 0 0 0
 0 0 0 0 0
 0 0 0 0 0
 0.450072 0.473896 0.0757376 0.000293798 0
 0 0 0 0 0
 0.463077 0.371075 0.160297 0.00555027 0
 0.529543 0.364841 0.0842815 0.0213345 0
 0.631943 0.363953 0.00410389 0 0
 0.735681 0.248677 0.0153453 0.000297389 0
 0.695825 0.281241 0.0229344 0 0
 0.275771 0.60734 0.115278 0.00161068 0
 0 0 0 0 0
 0.896147 0.0623911 0.0374545 0.00400742 0
 0.803859 0.145111 0.0509908 3.86294e-05 0
 0.739449 0.233085 0.0266225 0.000797448 4.60066e-05
 0.878498 0.100942 0.0204185 0.000141795 0
 0.694673 0.275183 0.0284847 0.00165964 0
ppred_PELACES
 0.289752 0.485988 0.199137 0.0251191 3.969e-06
 0.404002 0.270546 0.222691 0.0912492 0.0115119
 0.266181 0.426745 0.139393 0.114736 0.0529453
 0.477697 0.227955 0.171175 0.0559127 0.0672599
 0.665311 0.217896 0.0509731 0.0382764 0.0275426
 0.392937 0.485437 0.0791836 0.0185237 0.0239186
 0.663213 0.193945 0.114224 0.018632 0.00998672
 0.585759 0.332221 0.0472325 0.0278176 0.00696969
 0.662916 0.251933 0.0682906 0.00970901 0.0071508
 0.571977 0.343849 0.0629104 0.0170529 0.00421007
 0.325213 0.494126 0.145133 0.0265534 0.00897471
 0.291284 0.355664 0.258529 0.0759343 0.0185885
 0.509066 0.226576 0.132666 0.0964339 0.0352579
 0.507776 0.338851 0.0707851 0.0414465 0.0411421
 0.605504 0.275247 0.082092 0.0171488 0.0200084
 0.573756 0.328939 0.0678919 0.0202486 0.00916512
 0.483666 0.3808 0.104593 0.0215877 0.00935276
 0.484856 0.339854 0.129277 0.0355082 0.0105039
 0.462907 0.35382 0.12091 0.0459929 0.0163697
 0.639093 0.23041 0.0859671 0.0293772 0.0151521
 0.572562 0.334979 0.0590282 0.0220237 0.0114078
 0.458479 0.395387 0.114524 0.0201807 0.0114297
 0.502082 0.314532 0.133898 0.0387833 0.0107048
 0.364945 0.426917 0.131479 0.0559712 0.0206868
pobs_pel_tallas
 0 0 0 0 0 0 0 0 0 0 0 0 0 0 0 0 0 0 0 0 0 0 0 0 0 0 0 0 0 0 0 0 0 0 0 0
 0 0 0 0 0 0 0 0 0 0 0 0 0 0 0 0 0 0 0 0 0 0 0 0 0 0 0 0 0 0 0 0 0 0 0 0
 0 0 0 0 0 0 0 0 0 0 0 0 0 0 0 0 0 0 0 0 0 0 0 0 0 0 0 0 0 0 0 0 0 0 0 0
 0 0 0 0 0 0 0 0 0 0 0 0 0 0 0 0 0 0 0 0 0 0 0 0 0 0 0 0 0 0 0 0 0 0 0 0
 0 0 0 0 0 0 0 0 0 0 0 0 0 0 0 0 0 0 0 0 0 0 0 0 0 0 0 0 0 0 0 0 0 0 0 0
 0 0 0 0 0 0 0 0 0 0 0 0 0 0 0 0 0 0 0 0 0 0 0 0 0 0 0 0 0 0 0 0 0 0 0 0
 0 0 0 0 0 0 0 0 0 0 0 0 0 0 0 0 0 0 0 0 0 0 0 0 0 0 0 0 0 0 0 0 0 0 0 0
 0 0 0 0 0 0 0 0 0 0 0 0 0 0 0 0 0 0 0 0 0 0 0 0 0 0 0 0 0 0 0 0 0 0 0 0
 0 0 0 0 0 0 0 0 0 0 0 0 0 0 0 0 0 0 0 0 0 0 0 0 0 0 0 0 0 0 0 0 0 0 0 0
 0 0 0 0 0 0 0 0 0 0 0 0 0 0 0 0 0 0 0 0 0 0 0 0 0 0 0 0 0 0 0 0 0 0 0 0
 0 0 0 0 0 0 0 0 1.78061e-05 0.00172719 0.00360574 0.0105946 0.0120993 0.0124554 0.0147524 0.0171206 0.0266825 0.0428682 0.0675386 0.121331 0.153587 0.119568 0.100827 0.0573624 0.0630603 0.0341343 0.0324427 0.0444173 0.0211091 0.0280891 0.0125444 0.00206551 0 0 0 0
 0 0 0 0 0 0 0 0 0 0 0 0 0 0 0 0 0 0 0 0 0 0 0 0 0 0 0 0 0 0 0 0 0 0 0 0
 0 0 0 0 0 0 0.0133647 0.0140871 0.0187388 0.0205184 0.03894 0.0496705 0.03968 0.0493445 0.0407372 0.0367815 0.0215668 0.0243155 0.0234873 0.0199281 0.019796 0.0243948 0.0301388 0.0376714 0.0412746 0.0863199 0.0771752 0.113111 0.0741005 0.0525337 0.0229764 0.00759418 0.00175318 0 0 0
 0 0 0 0 0 0 0 0 0 0 0.00219441 0.00772107 0.0458388 0.0604681 0.0671733 0.0775358 0.0609151 0.0617685 0.073594 0.0568108 0.0755445 0.0548602 0.0670107 0.0636378 0.0643287 0.046367 0.0373049 0.0286899 0.0247887 0.0153202 0.00654259 0.00121912 0.000365735 0 0 0
 0 0 0 0 0 0 0 0 0 0 0 0 0.000112435 0.00938835 0.0111873 0.0202946 0.0414886 0.0713402 0.111592 0.104902 0.108894 0.110636 0.117776 0.105296 0.107544 0.0401394 0.0192827 0.0124803 0.00416011 0.0028671 0.000618394 0 0 0 0 0
 0 0 0 0 0 0 0 0 0 0 0.00291406 0.0102884 0.027416 0.0768956 0.0749926 0.110853 0.0956884 0.0897413 0.0766577 0.0534642 0.0500743 0.0551293 0.0594112 0.0620874 0.0668451 0.0424026 0.0208742 0.0120726 0.0048766 0.00582813 0.00118941 0.000297354 0 0 0 0
 0 0.00264628 0.0354308 0.0461629 0.0458689 0.0383711 0.0214643 0.0164657 0.0346957 0.0420465 0.0363128 0.0245516 0.0311673 0.0291091 0.0169068 0.0133784 0.00837989 0.0085269 0.0148486 0.0160247 0.0276389 0.0546898 0.0760071 0.122758 0.109233 0.0665981 0.0333725 0.0166128 0.00676272 0.00308733 0.000882094 0 0 0 0 0
 0 0 0 0 0 0 0 0.000805153 0.000690131 0.00759144 0.0133425 0.0154129 0.00931677 0.000345066 0.00356568 0.00563607 0.00851162 0.0253048 0.0502646 0.0516448 0.0657925 0.0565908 0.0611916 0.0827007 0.0866115 0.110766 0.145733 0.0935128 0.0569358 0.0249597 0.0138026 0.00621118 0.00161031 0.00115022 0 0
 0 0 0 0 0 0 0 0 0 0 0 0 0 0 0 0 0 0 0 0 0 0 0 0 0 0 0 0 0 0 0 0 0 0 0 0
 0.00147267 0.00158595 0.00478618 0.00569244 0.00954404 0.0108468 0.00647125 0.017049 0.0510054 0.094081 0.124002 0.0959785 0.0687766 0.0820023 0.061753 0.0591476 0.0492212 0.0479892 0.0443925 0.0268479 0.0217502 0.0140895 0.0121071 0.0120363 0.00920419 0.00665534 0.0049561 0.00860946 0.00930331 0.0156896 0.0114698 0.00855282 0.00243557 0.00046729 0 2.83206e-05
 0 0 0 0 0.000772559 0.00158375 0.000888443 0.00281984 0.00712685 0.0440552 0.0773331 0.111326 0.0921469 0.0852325 0.0710754 0.0886704 0.0786465 0.0553345 0.0373146 0.0185414 0.00753245 0.00457741 0.012979 0.0271748 0.0457355 0.0583668 0.034881 0.0177882 0.00938659 0.00492506 0.0015258 0.00185414 0.000309023 5.79419e-05 3.86279e-05 0
 0 0.00173294 0.00326652 0 0.00397197 0.00683976 0.00946217 0.0152591 0.00757587 0.0136028 0.0228656 0.0392903 0.0559909 0.0764795 0.0681675 0.0726916 0.0566044 0.0477403 0.0527397 0.0444891 0.0609904 0.0582453 0.0661739 0.0445044 0.0529084 0.0360697 0.0280645 0.0235558 0.0158879 0.00826598 0.00280645 0.00217768 0.000904811 0.00058276 9.20147e-05 0
 0 0 0 0 0 0 0 0 0 0 0 0 0 0 0 0 0 0 0 0 0 0 0 0 0 0 0 0 0 0 0 0 0 0 0 0
 0 0 0 0 0 0 0 0 0 0 0 0 0 0 0 0 0 0 0 0 0 0 0 0 0 0 0 0 0 0 0 0 0 0 0 0
ppred_pel_tallas
 1.03849e-16 1.26674e-05 7.42841e-05 0.000352981 0.00135878 0.00423701 0.0107028 0.0219029 0.0363195 0.0488158 0.053226 0.0471983 0.0343299 0.0211337 0.012313 0.0089356 0.00982459 0.0135078 0.0190251 0.0257945 0.0332768 0.0408058 0.0476051 0.052914 0.0561468 0.0570179 0.0555925 0.0522426 0.0475335 0.0420795 0.0364194 0.0309441 0.0258834 0.021336 0.01732 0.0138169
 1.06923e-16 1.76404e-05 0.0001035 0.000491922 0.00189381 0.00590554 0.0149171 0.030524 0.0506031 0.0679771 0.0740217 0.0654094 0.047078 0.0279933 0.0145604 0.0080901 0.00676911 0.00842915 0.0117359 0.0160601 0.0210381 0.0263108 0.0314613 0.0360586 0.0397337 0.042245 0.043508 0.0435815 0.0426212 0.0408211 0.0383663 0.0354102 0.0320776 0.0284802 0.0247349 0.0209706
 1.08535e-16 1.16368e-05 6.824e-05 0.000324261 0.00124822 0.00389227 0.00983197 0.0201205 0.0333636 0.0448414 0.0488887 0.043343 0.0315061 0.0193566 0.01121 0.00804215 0.0087691 0.0120411 0.0169883 0.0231007 0.0299225 0.0368937 0.0433592 0.0486758 0.052345 0.0541176 0.054032 0.0523715 0.0495642 0.04606 0.0422309 0.0383195 0.0344428 0.0306314 0.0268826 0.0232033
 1.07569e-16 2.08519e-05 0.000122359 0.000581589 0.00223907 0.00698224 0.0176367 0.0360881 0.0598242 0.080355 0.0874756 0.0772396 0.0554651 0.0327237 0.0165478 0.00843736 0.00619605 0.00721632 0.00990026 0.0135218 0.0177172 0.0221746 0.0265478 0.0304829 0.0336799 0.0359455 0.0372165 0.0375447 0.0370562 0.0359003 0.0342099 0.0320848 0.0295972 0.0268106 0.0237994 0.0206589
 1.03397e-16 2.90322e-05 0.000170386 0.000809917 0.00311819 0.00972375 0.0245615 0.0502566 0.083308 0.111886 0.121771 0.107449 0.0769996 0.0451071 0.022209 0.0103262 0.00632297 0.0064933 0.00855584 0.0114796 0.0147883 0.0181328 0.0211645 0.0235542 0.0250553 0.0255566 0.0251011 0.0238629 0.0220924 0.0200492 0.0179469 0.0159232 0.0140395 0.012301 0.0106856 0.00916916
 1.03037e-16 1.71663e-05 0.000100698 0.000478557 0.00184228 0.00574481 0.0145114 0.0296954 0.0492353 0.0661579 0.0720883 0.0638139 0.0461752 0.0279471 0.0154301 0.0099777 0.00989409 0.0130992 0.0182516 0.0245945 0.03152 0.0383366 0.0442668 0.0485725 0.0507159 0.0504842 0.0480347 0.0438394 0.0385563 0.0328692 0.0273503 0.0223804 0.0181371 0.0146337 0.0117839 0.00946392
 1.02792e-16 2.89399e-05 0.000169846 0.000807353 0.00310832 0.00969299 0.0244838 0.0500974 0.0830436 0.11153 0.121378 0.107093 0.076723 0.0449024 0.0220302 0.0101153 0.00602854 0.00607678 0.00799517 0.0107751 0.0139704 0.0172673 0.0203501 0.022911 0.0247035 0.0255903 0.0255642 0.0247338 0.0232824 0.0214169 0.0193238 0.0171442 0.0149716 0.0128624 0.0108534 0.00897456
 1.02061e-16 2.5568e-05 0.000150037 0.000713155 0.00274559 0.00856179 0.0216266 0.0442525 0.0733594 0.0985376 0.107276 0.0947371 0.0680608 0.0402147 0.0204397 0.0105749 0.00791695 0.00923981 0.0125301 0.0168134 0.0215331 0.0261829 0.0302253 0.0331553 0.0346068 0.0344359 0.0327523 0.0298807 0.0262718 0.0223933 0.018635 0.0152552 0.0123723 0.00999294 0.00805596 0.00647577
 1.0172e-16 2.89292e-05 0.000169778 0.000807019 0.00310702 0.00968892 0.0244735 0.0500769 0.0830111 0.111491 0.121348 0.107095 0.0767878 0.045067 0.0223452 0.0106502 0.00687084 0.00732188 0.00972641 0.0130369 0.0167392 0.0204298 0.023696 0.0261483 0.0274969 0.027615 0.0265637 0.0245661 0.0219432 0.0190351 0.0161318 0.0134341 0.0110464 0.00899508 0.00725877 0.00579657
 1.01788e-16 2.49676e-05 0.000146511 0.000696388 0.00268103 0.00836046 0.0211181 0.0432121 0.0716353 0.0962236 0.104761 0.0925283 0.0664994 0.0393433 0.0200914 0.0105491 0.00808594 0.00955904 0.0130038 0.0174619 0.0223722 0.0272135 0.0314275 0.034488 0.0360104 0.0358397 0.0340835 0.031073 0.0272732 0.0231701 0.0191733 0.0155594 0.0124629 0.00990208 0.00782369 0.0061455
 1.03553e-16 1.42138e-05 8.33627e-05 0.000396141 0.00152495 0.00475523 0.0120118 0.0245812 0.0407589 0.0547772 0.0597117 0.0529154 0.0384142 0.0235003 0.0134282 0.00936643 0.00996177 0.0135336 0.0189884 0.025678 0.0330299 0.0403566 0.0468683 0.0518022 0.0545851 0.0549607 0.0530385 0.0492434 0.0441934 0.0385452 0.0328616 0.0275345 0.0227726 0.0186358 0.0150934 0.0120779
 1.07264e-16 1.27289e-05 7.46573e-05 0.000354782 0.00136575 0.00425881 0.0107577 0.0220142 0.0365006 0.0490483 0.0534508 0.0473297 0.0342784 0.020811 0.0116129 0.00770989 0.00787747 0.0106176 0.0149909 0.020499 0.0267538 0.0332938 0.0395673 0.0450092 0.0491487 0.0516964 0.0525845 0.0519444 0.0500399 0.0471826 0.0436614 0.0397059 0.0354854 0.0311293 0.026754 0.022478
 1.06919e-16 2.22196e-05 0.000130389 0.000619765 0.00238605 0.00744061 0.0187945 0.038457 0.0637506 0.0856269 0.0932095 0.0822901 0.0590647 0.0347924 0.017491 0.00874716 0.00620688 0.00707824 0.00964829 0.0131394 0.0171688 0.0214191 0.0255455 0.0292012 0.0320993 0.0340649 0.0350568 0.0351499 0.034491 0.0332447 0.0315512 0.0295084 0.0271779 0.024606 0.0218463 0.0189733
 1.04462e-16 2.21678e-05 0.000130075 0.000618248 0.00238018 0.00742226 0.0187483 0.0383633 0.0635982 0.0854313 0.0930208 0.0821807 0.0591107 0.035069 0.0180887 0.00979227 0.00786545 0.00953729 0.0130758 0.01763 0.0226868 0.0277528 0.0322919 0.0357928 0.0378756 0.0383758 0.0373743 0.0351604 0.0321447 0.0287529 0.0253359 0.0221216 0.0192114 0.016611 0.0142757 0.0121515
 1.0278e-16 2.64267e-05 0.000155084 0.000737157 0.00283803 0.00885006 0.0223547 0.0457418 0.0758263 0.101845 0.110862 0.0978679 0.0702317 0.0413402 0.0207229 0.0102548 0.00711733 0.0079632 0.0107195 0.0144178 0.0185548 0.022707 0.0264301 0.0293002 0.0309988 0.031381 0.0305023 0.0285907 0.0259788 0.0230184 0.0200088 0.0171551 0.0145634 0.0122617 0.0102328 0.00844408
 1.02195e-16 2.50445e-05 0.000146964 0.000698545 0.00268934 0.00838638 0.0211835 0.0433459 0.0718567 0.0965196 0.10508 0.0928015 0.0666775 0.0394121 0.0200595 0.0104248 0.00786375 0.00922119 0.0125289 0.0168353 0.0215955 0.0263112 0.03045 0.0335084 0.0351158 0.0351184 0.0336102 0.0308969 0.0274107 0.0236042 0.019859 0.0164329 0.0134522 0.0109366 0.00884201 0.00709943
 1.02788e-16 2.11184e-05 0.000123909 0.000588928 0.00226727 0.00707015 0.0178589 0.0365439 0.0605839 0.0813876 0.088632 0.078337 0.0564194 0.0336196 0.017612 0.00996848 0.0085106 0.0106169 0.0146383 0.0197388 0.0253728 0.0309857 0.035965 0.0397237 0.0418231 0.0420695 0.0405522 0.0376035 0.0337035 0.0293607 0.0250088 0.0209475 0.0173332 0.0142064 0.0115372 0.0092681
 1.03657e-16 2.11687e-05 0.000124208 0.000590357 0.00227279 0.00708736 0.0179024 0.0366325 0.0607296 0.08158 0.0888325 0.078493 0.0564855 0.0335668 0.0174167 0.00959623 0.00790894 0.00972167 0.0133897 0.0181025 0.0233618 0.0286766 0.0335039 0.0373161 0.039708 0.0404819 0.0396821 0.0375632 0.0345097 0.0309359 0.0271999 0.0235557 0.0201462 0.0170276 0.0142063 0.0116711
 1.04177e-16 2.02121e-05 0.000118591 0.000563651 0.00216996 0.00676669 0.0170924 0.0349753 0.0579832 0.0778933 0.0848253 0.0749691 0.0539866 0.0321559 0.0168208 0.00948489 0.00806472 0.0100561 0.0138903 0.0187834 0.0242349 0.0297393 0.0347342 0.0386746 0.041144 0.041943 0.0411241 0.0389569 0.0358438 0.0322141 0.0284349 0.0247608 0.0213288 0.0181854 0.0153266 0.0127341
 1.03013e-16 2.78896e-05 0.000163676 0.000778015 0.00299536 0.0093407 0.023594 0.0482771 0.0800273 0.107483 0.116984 0.103239 0.0740127 0.0434187 0.0214924 0.0101874 0.00650397 0.0068931 0.00916861 0.0123364 0.0159231 0.0195664 0.0228944 0.0255509 0.0272622 0.0278939 0.0274735 0.0261686 0.0242328 0.0219379 0.0195168 0.017132 0.0148726 0.0127716 0.010832 0.00904905
 1.02237e-16 2.49927e-05 0.000146659 0.000697094 0.00268375 0.00836895 0.0211395 0.0432559 0.0717076 0.0963199 0.104864 0.092614 0.06655 0.0393511 0.0200547 0.0104644 0.0079433 0.00934352 0.0126994 0.0170571 0.0218651 0.0266165 0.0307698 0.0338142 0.0353764 0.0353055 0.0337041 0.0308911 0.027313 0.0234349 0.0196468 0.0162091 0.013245 0.0107674 0.00872255 0.00703248
 1.02982e-16 2.00207e-05 0.000117464 0.000558281 0.00214927 0.00670216 0.0169294 0.0346423 0.0574323 0.0771571 0.0840335 0.0742931 0.0535515 0.0320002 0.016928 0.0098412 0.00869184 0.0110076 0.0152285 0.0205506 0.0264281 0.0322908 0.0375033 0.0414555 0.0436898 0.044002 0.0424802 0.0394649 0.0354502 0.0309602 0.0264435 0.0222113 0.0184275 0.0151377 0.0123154 0.00990526
 1.03837e-16 2.19188e-05 0.000128614 0.000611309 0.00235346 0.00733896 0.0185378 0.0379326 0.0628838 0.0844703 0.091971 0.0812453 0.0584206 0.0346253 0.0177984 0.00954019 0.00756079 0.00912328 0.0125254 0.016945 0.021902 0.0269401 0.0315575 0.0352644 0.0376802 0.0386123 0.0380878 0.036326 0.0336654 0.0304742 0.0270728 0.0236909 0.0204623 0.0174472 0.0146641 0.0121188
 1.04896e-16 1.59435e-05 9.35239e-05 0.000444463 0.00171103 0.00533551 0.0134775 0.0275795 0.0457267 0.0614421 0.0669464 0.0592543 0.0428587 0.0259065 0.0142458 0.00913148 0.00899018 0.0118988 0.0166306 0.0225149 0.0290309 0.0355868 0.0415076 0.0461388 0.0489834 0.0498094 0.0486911 0.0459662 0.0421316 0.0377142 0.0331615 0.0287803 0.0247302 0.0210577 0.017746 0.0147604
pSPR Fmed_Fpbrs
0.544815   0.255389 0.255389
Fs Fmed_Fpbrs
0.342636   1.005 1.005
SSBpbr Bo_Bmed_Bpbrs
926426  458409  190278 190278
Ro
34891.6
SPR SPRFo_SPRFmed_SPRFpbrs
717845 391092 183330
log_Ro
10.28
likeval ReclasPelacesDesembMPH_pf_preclas_ppelaces_ptallas_desvR_qrecl_qpela
 99.2874 94.3315 0.0161593 0.000624601 315.405 177.304 85.1706 0 15.6787 0 0 0 0 0 0
q_reclas_q_pelaces
1 1
M
0.7
N
 30569.4 28083 11507.2 1451.52 0.22935
 35994.6 13601.5 11195.6 4587.47 578.753
 14011.1 15450.9 5046.91 4154.19 1916.96
 18031.6 4737.75 3557.63 1162.07 1397.91
 47766.1 7972.24 1864.97 1400.43 1007.71
 29737.5 23182.3 3781.45 884.605 1142.24
 66536.6 11156.5 6570.61 1071.79 574.476
 79253.4 28015.8 3983.06 2345.83 587.745
 132015 30178.8 8180.43 1163.03 856.584
 155940 52467.8 9599.47 2602.09 642.413
 71732.1 67599.7 19855.1 3632.68 1227.8
 36698.5 27475.6 19971.7 5866.03 1435.99
 47025.2 14252.5 8345.2 6066.06 2217.85
 27892.2 16095.2 3362.25 1968.68 1954.22
 19670.9 7158.81 2135.1 446.018 520.392
 15688.3 5539.96 1143.43 341.026 154.358
 13020.1 6059.61 1664.38 343.522 148.829
 13328.9 5284.54 2010.19 552.133 163.33
 13276.3 5704.94 1949.53 741.581 263.942
 28421.8 5724.35 2135.78 729.852 376.442
 40224.2 12348.4 2175.97 811.865 420.531
 41056.2 18846.4 5458.85 961.929 544.803
 55576.9 18907.3 8048.92 2331.36 643.495
 38610.2 24984.2 7694.47 3275.56 1210.64
pred_Ctot
 2301.09 4033.36 1652.7 208.47 0.0329399
 3539.35 2514.43 2069.66 848.06 106.991
 3286.6 6224.31 2033.12 1673.49 772.236
 1431.68 715.848 537.539 175.583 211.216
 779.732 257.668 60.277 45.2628 32.5699
 5314.15 7388.66 1205.22 281.942 364.057
 7347.34 2298.13 1353.48 220.778 118.337
 13495.3 8556.33 1216.47 716.442 179.504
 19200.2 8002.78 2169.28 308.411 227.149
 14359.6 9119.86 1668.56 452.29 111.663
 11974.1 20284.4 5957.86 1090.04 368.421
 5833.49 7892.41 5736.92 1685.03 412.49
 10736.2 5612.21 3286.1 2388.64 873.326
 10061.8 9122.46 1905.66 1115.81 1107.62
 6324.77 3719.82 1109.43 231.757 270.403
 2543.32 1619.59 334.279 99.6982 45.1263
 1730.41 1480.49 406.643 83.9299 36.3621
 1335.04 993.948 378.088 103.848 30.7201
 1268.01 1026.25 350.695 133.401 47.4799
 2576.48 980.42 365.799 125.003 64.4739
 1639.54 981.501 172.955 64.5302 33.4254
 2153.57 1913.64 554.285 97.6732 55.3187
 3808.15 2482.51 1056.81 306.105 84.4902
 3204.72 3937.22 1212.56 516.191 190.783
F
 0.109823 0.219646 0.219646 0.219646 0.219646
 0.145701 0.291401 0.291401 0.291401 0.291401
 0.384286 0.768573 0.768573 0.768573 0.768573
 0.116159 0.232318 0.232318 0.232318 0.232318
 0.0229293 0.0458586 0.0458586 0.0458586 0.0458586
 0.28039 0.56078 0.56078 0.56078 0.56078
 0.164984 0.329969 0.329969 0.329969 0.329969
 0.265512 0.531024 0.531024 0.531024 0.531024
 0.222715 0.44543 0.44543 0.44543 0.44543
 0.135869 0.271738 0.271738 0.271738 0.271738
 0.259642 0.519285 0.519285 0.519285 0.519285
 0.245805 0.49161 0.49161 0.49161 0.49161
 0.372161 0.744322 0.744322 0.744322 0.744322
 0.660003 1.32001 1.32001 1.32001 1.32001
 0.567156 1.13431 1.13431 1.13431 1.13431
 0.251268 0.502537 0.502537 0.502537 0.502537
 0.201708 0.403416 0.403416 0.403416 0.403416
 0.1486 0.297199 0.297199 0.297199 0.297199
 0.14125 0.2825 0.2825 0.2825 0.2825
 0.133626 0.267253 0.267253 0.267253 0.267253
 0.0581451 0.11629 0.11629 0.11629 0.11629
 0.0753924 0.150785 0.150785 0.150785 0.150785
 0.099524 0.199048 0.199048 0.199048 0.199048
 0.121723 0.243446 0.243446 0.243446 0.243446
nmprior
 10 10 8 0
nm_flota  nm_reclas  nm_pelaces    nm_pelaL
inf 13.8564 11.8936 19.5154
cv_recla  cv_pelaces  cv_mph
0.922515 1.14286 0.810848
 ------------------------------------------------
Talla a la edad & desviación 
 7.2 14.2025 17.0495 18.207 18.6776
 1.08 2.13037 2.55742 2.73105 2.80164
