years
 1997 1998 1999 2000 2001 2002 2003 2004 2005 2006 2007 2008 2009 2010 2011 2012 2013 2014 2015 2016 2017 2018 2019 2020
reclasobs
 0 0 0 370054 412103 1.49427e+06 250295 1.28982e+06 931140 785840 897777 1.04006e+06 184774 17550 25797 100020 73551 82996 120727 218422 84188 347160 605670 569463
reclaspred
 391085 95987.6 236230 179279 305537 357744 793633 568510 707780 736769 601739 406881 251441 113379 76251 75985 93371.3 121636 122659 186026 281716 257331 430899 452130
pelacesobs
 0 0 0 0 0 0 0 0 0 2.06254e+06 1.5e+06 0 1.87456e+06 323000 250000 174000 83755 137374 0 501740 490994 745055 786931 1.00524e+06
pelacespred
 787492 178176 266602 311159 463415 447065 1.17742e+06 995035 1.13521e+06 1.18126e+06 873199 613071 378543 140309 92803.7 99578.9 128138 169758 176165 258897 438147 390483 517731 646900
mphobs
 0 0 0 0 0 112323 0 153150 637223 0 255016 313432 73983 77613 109348 50772 0 0 0 0 0 0 0 0
mphpred
 151220 78910 83225.4 83171.6 103434 182381 264716 317790 294668 337765 362610 261182 160906 84891.7 38946.5 32459.9 38907.8 52393.2 61923.7 69002.2 111448 136298 169060 224636
desembarqueobs
 350755 77701 442110 56441 14545 235359 269955 359681 431902 328805 639364 411747 362871 311530 167758 66681 60226 58785 57116 71774 51957 67425 138520 160799
desembarquepred
 350749 77690.6 441972 56439.4 14545 235382 269974 359615 431850 328761 639309 411830 362969 311719 167701 66680 60238.8 58779.9 57106.4 71763.9 51954.8 67413.8 138507 160790
Reclutas
 35302.9 48080.8 23151.5 46390.8 82781.8 53696.1 92142.6 101877 140230 159634 67859.5 39132 43591.4 22544.9 16823.2 19616.5 15467.8 16040.7 17612.7 37011 45698.8 56444.6 84176.6 65312.9
log_desv_Rt
 -0.228279 0.0806389 -0.650186 0.0448575 0.623963 0.191096 0.731093 0.831522 1.15104 1.28064 0.425194 -0.125303 -0.0173858 -0.676734 -0.969483 -0.815874 -1.05349 -1.01712 -0.923624 -0.181029 0.0298272 0.241015 0.640672 0.386945
SSB
 598014 312056 329122 328909 409038 721241 1.04684e+06 1.25673e+06 1.16529e+06 1.33572e+06 1.43397e+06 1.03287e+06 636316 335712 154017 128366 153864 207193 244883 272875 440730 539002 668561 888344
BT
 1.67926e+06 453915 718390 617131 841380 985054 2.29371e+06 2.18645e+06 2.42686e+06 2.42863e+06 2.13372e+06 1.47416e+06 1.0347e+06 550931 308324 233356 278657 351140 364958 522198 826644 762633 1.02264e+06 1.2928e+06
Ftot
 0.501202 0.521694 0.912662 0.201936 0.0327884 0.295248 0.193382 0.370466 0.383194 0.263324 0.474011 0.431908 0.695327 1.23268 1.23834 0.504982 0.36626 0.256595 0.22882 0.238946 0.104945 0.131493 0.159623 0.169745
BD_Bspro_t
 0.93569 0.692154 0.608988 0.429593 0.611285 0.781114 0.734887 0.745509 0.701596 0.688789 0.679017 0.530438 0.416514 0.307629 0.18881 0.195834 0.294589 0.444132 0.543196 0.62541 0.747702 0.824194 0.828832 0.822979
BD_Bspro
 0.655315 0.341957 0.360658 0.360425 0.448232 0.79035 1.14715 1.37715 1.27695 1.46371 1.57138 1.13184 0.697287 0.367879 0.168775 0.140665 0.168607 0.227046 0.268347 0.299022 0.48296 0.590648 0.732621 0.973465
BD_Bo
 0.566623 0.295676 0.311846 0.311644 0.387567 0.683382 0.991889 1.19076 1.10412 1.26561 1.3587 0.978651 0.602914 0.318089 0.145933 0.121627 0.145788 0.196317 0.232028 0.258551 0.417595 0.510708 0.633466 0.841713
BD_Brms
 1.94431 1.01458 1.07007 1.06937 1.32989 2.34495 3.40356 4.08596 3.78868 4.34279 4.66224 3.35814 2.06884 1.09149 0.500752 0.417352 0.500255 0.673642 0.796181 0.887191 1.43293 1.75244 2.17367 2.88825
S_f
 0.173357 1 1 1 1
 0.173357 1 1 1 1
 0.173357 1 1 1 1
 0.173357 1 1 1 1
 0.173357 1 1 1 1
 0.173357 1 1 1 1
 0.173357 1 1 1 1
 0.173357 1 1 1 1
 0.173357 1 1 1 1
 0.173357 1 1 1 1
 0.173357 1 1 1 1
 0.173357 1 1 1 1
 0.173357 1 1 1 1
 0.173357 1 1 1 1
 0.173357 1 1 1 1
 0.173357 1 1 1 1
 0.173357 1 1 1 1
 0.173357 1 1 1 1
 0.173357 1 1 1 1
 0.173357 1 1 1 1
 0.173357 1 1 1 1
 0.173357 1 1 1 1
 0.173357 1 1 1 1
 0.173357 1 1 1 1
Scru_reclas
 1 1 1 1 1
 1 1 1 1 1
 1 1 1 1 1
 1 1 1 1 1
 1 1 1 1 1
 1 1 1 1 1
 1 1 1 1 1
 1 1 1 1 1
 1 1 1 1 1
 1 1 1 1 1
 1 1 1 1 1
 1 1 1 1 1
 1 1 1 1 1
 1 1 1 1 1
 1 1 1 1 1
 1 1 1 1 1
 1 1 1 1 1
 1 1 1 1 1
 1 1 1 1 1
 1 1 1 1 1
 1 1 1 1 1
 1 1 1 1 1
 1 1 1 1 1
 1 1 1 1 1
Scru_pelaces
 1 1 1 1 1
 1 1 1 1 1
 1 1 1 1 1
 1 1 1 1 1
 1 1 1 1 1
 1 1 1 1 1
 1 1 1 1 1
 1 1 1 1 1
 1 1 1 1 1
 1 1 1 1 1
 1 1 1 1 1
 1 1 1 1 1
 1 1 1 1 1
 1 1 1 1 1
 1 1 1 1 1
 1 1 1 1 1
 1 1 1 1 1
 1 1 1 1 1
 1 1 1 1 1
 1 1 1 1 1
 1 1 1 1 1
 1 1 1 1 1
 1 1 1 1 1
 1 1 1 1 1
pf_obs 
 0.256992 0.487395 0.22802 0.0275931 0
 0.321318 0.546541 0.124235 0.00734118 0.000564706
 0.182869 0.594174 0.210203 0.0122559 0.00049798
 0.330522 0.361315 0.267642 0.0388342 0.00168674
 0.649043 0.306663 0.0425973 0.00169635 0
 0.582887 0.30429 0.105238 0.00758474 0
 0.465427 0.430635 0.0974691 0.00646863 0
 0.296916 0.608066 0.0921331 0.00288517 0
 0.311714 0.524322 0.152257 0.0117073 0
 0.15457 0.633149 0.183074 0.0267441 0.00246327
 0.131901 0.49318 0.331252 0.0422183 0.00144891
 0.196976 0.569456 0.194076 0.0375587 0.00193317
 0.518974 0.381816 0.0799577 0.0180837 0.00116848
 0.0928022 0.601141 0.25162 0.0475244 0.00691264
 0.122501 0.610282 0.24278 0.0234846 0.000952079
 0.383417 0.481906 0.127806 0.00687128 0
 0.0376549 0.599619 0.316969 0.0457579 0
 0.0361596 0.667082 0.258105 0.0386534 0
 0.158088 0.579412 0.248529 0.0139706 0
 0.0477256 0.309471 0.559284 0.082774 0.000745712
 0.0406174 0.521527 0.379366 0.0568643 0.0016247
 0.151134 0.462217 0.34131 0.0453401 0
 0.294876 0.26143 0.354403 0.0886775 0.000613685
 0.281977 0.475581 0.204845 0.0348837 0.00271318
pf_pred 
 0.26154 0.514163 0.199863 0.0244238 1.04685e-05
 0.309603 0.498594 0.133545 0.0519112 0.0063464
 0.160558 0.645369 0.140157 0.0375401 0.0163765
 0.35847 0.406987 0.180318 0.0391602 0.0150645
 0.337394 0.51677 0.0925185 0.0409909 0.0123267
 0.15919 0.629663 0.164674 0.029482 0.0169902
 0.273334 0.404521 0.241247 0.0630927 0.0178052
 0.242371 0.53319 0.124941 0.0745118 0.0249862
 0.287225 0.490098 0.156712 0.0367218 0.0292438
 0.255556 0.548006 0.135068 0.043189 0.0181798
 0.112393 0.613821 0.201542 0.0496745 0.0225698
 0.108358 0.426488 0.321675 0.105619 0.0378599
 0.197109 0.371638 0.206275 0.155582 0.0693951
 0.167193 0.554118 0.128998 0.0715996 0.078091
 0.246652 0.515378 0.158337 0.0368606 0.0427734
 0.319063 0.531051 0.102539 0.0315026 0.0158439
 0.209381 0.612778 0.138695 0.0267803 0.0123655
 0.214237 0.506952 0.216096 0.0489107 0.0138047
 0.217598 0.500444 0.181911 0.0775423 0.0225044
 0.347607 0.418266 0.149753 0.0544353 0.0299381
 0.265528 0.569022 0.106074 0.037978 0.0213974
 0.240162 0.521628 0.18455 0.0344028 0.0192572
 0.271191 0.48079 0.170264 0.0602391 0.0175151
 0.171236 0.578587 0.16504 0.0584463 0.0266905
pobs_RECLAS
 0 0 0 0 0
 0 0 0 0 0
 0 0 0 0 0
 0 0 0 0 0
 0.835266 0.146461 0.0176864 0.000547809 3.91292e-05
 0.385257 0.428462 0.181853 0.0044286 0
 0.867414 0.0963971 0.0333333 0.00285562 0
 0.441836 0.489002 0.0689373 0.000224442 0
 0.779404 0.147425 0.0564933 0.0165055 0.000172143
 0.814271 0.122319 0.05973 0.00367925 0
 0.40263 0.566651 0.0304383 0.000280538 0
 0.475488 0.404961 0.113038 0.00651328 0
 0.955842 0.0263864 0.0167828 0.000988607 0
 0.975058 0.0227948 0.00214734 0 0
 0.738997 0.206755 0.0527124 0.00153531 0
 0.850938 0.134255 0.0134407 0.00136685 0
 0.542534 0.407297 0.0501686 0 0
 0.764087 0.199537 0.0359546 0.000420521 0
 0.470689 0.182191 0.310203 0.0369168 0
 0.84361 0.089868 0.0606195 0.00523954 0.000663233
 0.607945 0.314616 0.071237 0.00620181 0
 0.523733 0.453247 0.0230204 0 0
 0.530135 0.295979 0.169645 0.0042399 0
 0.562478 0.366248 0.0663022 0.0049721 0
ppred_RECLAS
 0.678779 0.223654 0.0869381 0.010624 4.55369e-06
 0.728289 0.196226 0.0525578 0.0204301 0.00249768
 0.543371 0.351059 0.0762407 0.0204206 0.00890826
 0.765244 0.148929 0.0659839 0.0143299 0.00551255
 0.74632 0.197846 0.0354209 0.0156934 0.00471928
 0.526393 0.354674 0.0927568 0.0166065 0.00957015
 0.686831 0.174335 0.103969 0.0271908 0.00767345
 0.653794 0.243646 0.0570929 0.0340489 0.0114177
 0.704238 0.203363 0.0650267 0.0152375 0.0121346
 0.667859 0.244498 0.0602621 0.0192692 0.00811109
 0.429791 0.394326 0.129473 0.0319115 0.0144991
 0.4189 0.27795 0.209642 0.0688338 0.024674
 0.598661 0.18577 0.10311 0.0777703 0.0346884
 0.565437 0.289141 0.0673119 0.037361 0.0407483
 0.679865 0.21901 0.0672851 0.0156639 0.0181765
 0.736604 0.205418 0.0396636 0.0121856 0.00612866
 0.609806 0.302424 0.0684501 0.0132169 0.00610275
 0.614835 0.248498 0.105926 0.023975 0.0067668
 0.619088 0.243641 0.0885635 0.0377515 0.0109563
 0.757035 0.155771 0.0557712 0.0202728 0.0111496
 0.677089 0.250171 0.0466355 0.0166971 0.0094074
 0.647388 0.242067 0.0856428 0.015965 0.00893651
 0.68405 0.20843 0.0738123 0.0261146 0.00759308
 0.546059 0.316911 0.0903977 0.0320129 0.0146193
pobs_PELACES
 0 0 0 0 0
 0 0 0 0 0
 0 0 0 0 0
 0 0 0 0 0
 0 0 0 0 0
 0 0 0 0 0
 0 0 0 0 0
 0 0 0 0 0
 0 0 0 0 0
 0 0 0 0 0
 0.450072 0.473896 0.0757376 0.000293798 0
 0 0 0 0 0
 0.463077 0.371075 0.160297 0.00555027 0
 0.529543 0.364841 0.0842815 0.0213345 0
 0.631943 0.363953 0.00410389 0 0
 0.735681 0.248677 0.0153453 0.000297389 0
 0.695825 0.281241 0.0229344 0 0
 0.275771 0.60734 0.115278 0.00161068 0
 0 0 0 0 0
 0.896147 0.0623911 0.0374545 0.00400742 0
 0.803859 0.145111 0.0509908 3.86294e-05 0
 0.739449 0.233085 0.0266225 0.000797448 4.60066e-05
 0.878498 0.100942 0.0204185 0.000141795 0
 0.694673 0.275183 0.0284847 0.00165964 0
ppred_PELACES
 0.707835 0.203424 0.0790742 0.00966306 4.14179e-06
 0.75552 0.17656 0.0472905 0.0183826 0.00224736
 0.604174 0.304313 0.0660888 0.0177015 0.00772206
 0.774995 0.142743 0.0632431 0.0137347 0.00528358
 0.74801 0.196528 0.0351849 0.0155889 0.00468785
 0.546419 0.339677 0.0888347 0.0159043 0.00916549
 0.698065 0.168082 0.10024 0.0262155 0.00739819
 0.6763 0.227808 0.0533814 0.0318355 0.0106755
 0.725537 0.188719 0.0603439 0.0141402 0.0112607
 0.683597 0.232913 0.0574068 0.0183562 0.00772677
 0.461726 0.372241 0.122222 0.0301243 0.0136871
 0.447824 0.264115 0.199207 0.0654077 0.0234459
 0.643266 0.165123 0.0916506 0.0691269 0.0308331
 0.645548 0.235839 0.0549032 0.0304736 0.0332365
 0.748563 0.172012 0.0528464 0.0123026 0.014276
 0.762448 0.185263 0.0357719 0.01099 0.00552733
 0.633303 0.284213 0.0643282 0.012421 0.00573527
 0.631272 0.237893 0.101405 0.0229519 0.00647802
 0.633694 0.234298 0.0851674 0.0363038 0.0105361
 0.768823 0.148214 0.0530655 0.0192893 0.0106086
 0.683316 0.245347 0.0457361 0.0163751 0.00922598
 0.655533 0.236476 0.0836647 0.0155963 0.0087301
 0.693385 0.202272 0.0716315 0.025343 0.00736875
 0.55751 0.308917 0.0881172 0.0312054 0.0142505
pobs_pel_tallas
 0 0 0 0 0 0 0 0 0 0 0 0 0 0 0 0 0 0 0 0 0 0 0 0 0 0 0 0 0 0 0 0 0 0 0 0
 0 0 0 0 0 0 0 0 0 0 0 0 0 0 0 0 0 0 0 0 0 0 0 0 0 0 0 0 0 0 0 0 0 0 0 0
 0 0 0 0 0 0 0 0 0 0 0 0 0 0 0 0 0 0 0 0 0 0 0 0 0 0 0 0 0 0 0 0 0 0 0 0
 0 0 0 0 0 0 0 0 0 0 0 0 0 0 0 0 0 0 0 0 0 0 0 0 0 0 0 0 0 0 0 0 0 0 0 0
 0 0 0 0 0 0 0 0 0 0 0 0 0 0 0 0 0 0 0 0 0 0 0 0 0 0 0 0 0 0 0 0 0 0 0 0
 0 0 0 0 0 0 0 0 0 0 0 0 0 0 0 0 0 0 0 0 0 0 0 0 0 0 0 0 0 0 0 0 0 0 0 0
 0 0 0 0 0 0 0 0 0 0 0 0 0 0 0 0 0 0 0 0 0 0 0 0 0 0 0 0 0 0 0 0 0 0 0 0
 0 0 0 0 0 0 0 0 0 0 0 0 0 0 0 0 0 0 0 0 0 0 0 0 0 0 0 0 0 0 0 0 0 0 0 0
 0 0 0 0 0 0 0 0 0 0 0 0 0 0 0 0 0 0 0 0 0 0 0 0 0 0 0 0 0 0 0 0 0 0 0 0
 0 0 0 0 0 0 0 0 0 0 0 0 0 0 0 0 0 0 0 0 0 0 0 0 0 0 0 0 0 0 0 0 0 0 0 0
 0 0 0 0 0 0 0 0 1.78061e-05 0.00172719 0.00360574 0.0105946 0.0120993 0.0124554 0.0147524 0.0171206 0.0266825 0.0428682 0.0675386 0.121331 0.153587 0.119568 0.100827 0.0573624 0.0630603 0.0341343 0.0324427 0.0444173 0.0211091 0.0280891 0.0125444 0.00206551 0 0 0 0
 0 0 0 0 0 0 0 0 0 0 0 0 0 0 0 0 0 0 0 0 0 0 0 0 0 0 0 0 0 0 0 0 0 0 0 0
 0 0 0 0 0 0 0.0133647 0.0140871 0.0187388 0.0205184 0.03894 0.0496705 0.03968 0.0493445 0.0407372 0.0367815 0.0215668 0.0243155 0.0234873 0.0199281 0.019796 0.0243948 0.0301388 0.0376714 0.0412746 0.0863199 0.0771752 0.113111 0.0741005 0.0525337 0.0229764 0.00759418 0.00175318 0 0 0
 0 0 0 0 0 0 0 0 0 0 0.00219441 0.00772107 0.0458388 0.0604681 0.0671733 0.0775358 0.0609151 0.0617685 0.073594 0.0568108 0.0755445 0.0548602 0.0670107 0.0636378 0.0643287 0.046367 0.0373049 0.0286899 0.0247887 0.0153202 0.00654259 0.00121912 0.000365735 0 0 0
 0 0 0 0 0 0 0 0 0 0 0 0 0.000112435 0.00938835 0.0111873 0.0202946 0.0414886 0.0713402 0.111592 0.104902 0.108894 0.110636 0.117776 0.105296 0.107544 0.0401394 0.0192827 0.0124803 0.00416011 0.0028671 0.000618394 0 0 0 0 0
 0 0 0 0 0 0 0 0 0 0 0.00291406 0.0102884 0.027416 0.0768956 0.0749926 0.110853 0.0956884 0.0897413 0.0766577 0.0534642 0.0500743 0.0551293 0.0594112 0.0620874 0.0668451 0.0424026 0.0208742 0.0120726 0.0048766 0.00582813 0.00118941 0.000297354 0 0 0 0
 0 0.00264628 0.0354308 0.0461629 0.0458689 0.0383711 0.0214643 0.0164657 0.0346957 0.0420465 0.0363128 0.0245516 0.0311673 0.0291091 0.0169068 0.0133784 0.00837989 0.0085269 0.0148486 0.0160247 0.0276389 0.0546898 0.0760071 0.122758 0.109233 0.0665981 0.0333725 0.0166128 0.00676272 0.00308733 0.000882094 0 0 0 0 0
 0 0 0 0 0 0 0 0.000805153 0.000690131 0.00759144 0.0133425 0.0154129 0.00931677 0.000345066 0.00356568 0.00563607 0.00851162 0.0253048 0.0502646 0.0516448 0.0657925 0.0565908 0.0611916 0.0827007 0.0866115 0.110766 0.145733 0.0935128 0.0569358 0.0249597 0.0138026 0.00621118 0.00161031 0.00115022 0 0
 0 0 0 0 0 0 0 0 0 0 0 0 0 0 0 0 0 0 0 0 0 0 0 0 0 0 0 0 0 0 0 0 0 0 0 0
 0.00147267 0.00158595 0.00478618 0.00569244 0.00954404 0.0108468 0.00647125 0.017049 0.0510054 0.094081 0.124002 0.0959785 0.0687766 0.0820023 0.061753 0.0591476 0.0492212 0.0479892 0.0443925 0.0268479 0.0217502 0.0140895 0.0121071 0.0120363 0.00920419 0.00665534 0.0049561 0.00860946 0.00930331 0.0156896 0.0114698 0.00855282 0.00243557 0.00046729 0 2.83206e-05
 0 0 0 0 0.000772559 0.00158375 0.000888443 0.00281984 0.00712685 0.0440552 0.0773331 0.111326 0.0921469 0.0852325 0.0710754 0.0886704 0.0786465 0.0553345 0.0373146 0.0185414 0.00753245 0.00457741 0.012979 0.0271748 0.0457355 0.0583668 0.034881 0.0177882 0.00938659 0.00492506 0.0015258 0.00185414 0.000309023 5.79419e-05 3.86279e-05 0
 0 0.00173294 0.00326652 0 0.00397197 0.00683976 0.00946217 0.0152591 0.00757587 0.0136028 0.0228656 0.0392903 0.0559909 0.0764795 0.0681675 0.0726916 0.0566044 0.0477403 0.0527397 0.0444891 0.0609904 0.0582453 0.0661739 0.0445044 0.0529084 0.0360697 0.0280645 0.0235558 0.0158879 0.00826598 0.00280645 0.00217768 0.000904811 0.00058276 9.20147e-05 0
 0 0 0 0 0 0 0 0 0 0 0 0 0 0 0 0 0 0 0 0 0 0 0 0 0 0 0 0 0 0 0 0 0 0 0 0
 0 0 0 0 0 0 0 0 0 0 0 0 0 0 0 0 0 0 0 0 0 0 0 0 0 0 0 0 0 0 0 0 0 0 0 0
ppred_pel_tallas
 1.01522e-16 3.0886e-05 0.00018127 0.000861664 0.00331743 0.0103451 0.0261309 0.0534677 0.0886299 0.119031 0.12954 0.114288 0.0818653 0.047886 0.0234441 0.0106768 0.0062347 0.00616513 0.00803811 0.0107646 0.0138577 0.0169763 0.0197837 0.0219606 0.0232632 0.0235747 0.0229261 0.0214774 0.0194696 0.0171634 0.0147867 0.0125039 0.01041 0.00854392 0.00690927 0.0054942
 1.01466e-16 3.29641e-05 0.000193473 0.000919684 0.00354084 0.0110418 0.0278906 0.057068 0.0945966 0.127041 0.138246 0.121944 0.0872945 0.0509512 0.0247379 0.0109149 0.0058859 0.00541478 0.00690171 0.00919545 0.0118085 0.0144294 0.0167649 0.0185422 0.0195579 0.0197215 0.0190726 0.0177625 0.0160101 0.0140467 0.012069 0.0102121 0.00854567 0.00708758 0.00582475 0.00473298
 1.02007e-16 2.63699e-05 0.000154748 0.000735553 0.00283184 0.00883076 0.022306 0.0456424 0.0756623 0.101628 0.110631 0.0976794 0.0701295 0.0413465 0.0208483 0.0105166 0.00754836 0.00860763 0.0116205 0.0156015 0.0200144 0.0243905 0.0282358 0.0310834 0.0325892 0.0326092 0.0312282 0.028727 0.0255039 0.0219767 0.0184986 0.0153092 0.0125273 0.0101738 0.0082104 0.00657564
 1.01664e-16 3.3812e-05 0.000198454 0.000943371 0.00363205 0.0113262 0.0286091 0.0585377 0.0970318 0.130308 0.141793 0.125052 0.0894742 0.0521328 0.0251429 0.0108077 0.0054241 0.00463855 0.00578775 0.0077111 0.00994779 0.0122332 0.0143285 0.0160091 0.0171013 0.0175167 0.0172672 0.016452 0.0152253 0.0137551 0.0121886 0.0106321 0.00914873 0.00776757 0.00649843 0.00534429
 1.01319e-16 3.26374e-05 0.000191553 0.000910554 0.00350568 0.0109321 0.0276137 0.0565015 0.0936581 0.125782 0.136881 0.120752 0.0864657 0.0505173 0.0246199 0.0110195 0.00616304 0.0058601 0.00753374 0.0100315 0.0128474 0.0156411 0.0180871 0.0198845 0.0208136 0.0207853 0.0198589 0.01822 0.0161297 0.0138596 0.0116378 0.00961692 0.00786948 0.00640383 0.00518971 0.00418267
 1.02347e-16 2.3853e-05 0.000139968 0.00066528 0.00256126 0.00798696 0.0201747 0.0412818 0.0684357 0.091927 0.100087 0.0884083 0.0635569 0.0376398 0.0192913 0.0102441 0.00799447 0.00954891 0.0130376 0.0175477 0.0225401 0.0275069 0.0318986 0.035192 0.0369975 0.0371455 0.0357204 0.033024 0.0294905 0.0255785 0.0216787 0.0180603 0.0148621 0.0121175 0.00979543 0.00783915
 1.02725e-16 3.04585e-05 0.000178764 0.000849756 0.0032716 0.0102022 0.0257699 0.0527287 0.087404 0.117383 0.127739 0.112683 0.0806811 0.0471241 0.0229431 0.0102354 0.0056895 0.00540511 0.00699495 0.00940953 0.0122096 0.0151125 0.017844 0.0201376 0.021779 0.0226466 0.0227297 0.022116 0.020957 0.0194238 0.0176704 0.0158138 0.0139315 0.0120725 0.0102719 0.00856106
 1.02425e-16 2.95118e-05 0.0001732 0.000823295 0.0031697 0.00988438 0.0249672 0.0510869 0.0846843 0.113735 0.123784 0.109229 0.0782811 0.0458704 0.0226077 0.0105492 0.00650829 0.00671721 0.00885376 0.0118632 0.0152505 0.0186472 0.0216838 0.0240123 0.0253738 0.0256542 0.024906 0.0233231 0.0211841 0.0187804 0.0163561 0.0140746 0.012015 0.010191 0.00858015 0.00714976
 1.01931e-16 3.16572e-05 0.000185799 0.0008832 0.00340036 0.0106037 0.0267841 0.054804 0.0908444 0.122004 0.13277 0.117126 0.0838712 0.049006 0.0238927 0.010712 0.00602076 0.00575961 0.00743567 0.00993929 0.0127886 0.0156615 0.0182472 0.0202537 0.0214607 0.0217659 0.021204 0.0199273 0.0181601 0.0161408 0.0140729 0.0120972 0.0102885 0.00866919 0.00723146 0.00595738
 1.01883e-16 2.98302e-05 0.000175069 0.000832179 0.0032039 0.00999103 0.0252366 0.0516381 0.0855982 0.114963 0.125121 0.110409 0.0791296 0.0463724 0.0228639 0.0106831 0.00660913 0.00683294 0.00900544 0.012057 0.0154819 0.018901 0.0219333 0.0242205 0.0254969 0.0256469 0.0247278 0.0229451 0.0205931 0.0179816 0.015373 0.0129459 0.0107902 0.00892501 0.00732734 0.00595894
 1.03531e-16 2.01614e-05 0.000118291 0.000562222 0.00216445 0.0067495 0.017049 0.0348867 0.0578369 0.0776983 0.0846172 0.0747956 0.053884 0.0321396 0.016894 0.00965443 0.00834948 0.0104849 0.0144933 0.0195807 0.0252263 0.0308953 0.035992 0.0399416 0.0423077 0.0428871 0.0417465 0.0391861 0.0356487 0.031607 0.0274661 0.0235089 0.0198882 0.0166532 0.0137928 0.0112737
 1.06257e-16 1.95509e-05 0.000114717 0.000545251 0.00209914 0.00654587 0.0165345 0.0338333 0.0560879 0.0753413 0.0820304 0.0724619 0.0521005 0.030872 0.0158586 0.00849097 0.00673523 0.00816572 0.0112891 0.0154071 0.0201346 0.0251097 0.0299222 0.0341533 0.0374511 0.0395941 0.0405206 0.0403126 0.0391474 0.0372371 0.0347784 0.0319284 0.028805 0.0255042 0.0221187 0.0187495
 1.05171e-16 2.80688e-05 0.000164735 0.000783061 0.00301481 0.00940137 0.0237471 0.04859 0.0805441 0.108171 0.117718 0.103852 0.0743754 0.0434772 0.021236 0.00959268 0.00550541 0.0053906 0.00705838 0.00954962 0.0124642 0.0155425 0.0185286 0.0211706 0.0232616 0.024677 0.02539 0.0254584 0.0249912 0.0241088 0.0229123 0.02147 0.0198225 0.0179983 0.0160316 0.0139725
 1.03457e-16 2.81711e-05 0.000165329 0.000785872 0.00302561 0.00943503 0.0238322 0.0487646 0.0808355 0.108568 0.118165 0.104282 0.0747603 0.0438572 0.0217086 0.0102868 0.00655995 0.00693978 0.00921342 0.0123707 0.0159274 0.0195119 0.0227467 0.0252753 0.0268314 0.0272964 0.0267205 0.0252973 0.0233037 0.0210273 0.0187052 0.0164912 0.0144542 0.0125996 0.0109009 0.00932721
 1.01897e-16 3.26605e-05 0.000191691 0.000911215 0.00350823 0.0109401 0.0276338 0.0565424 0.0937253 0.125871 0.136972 0.12082 0.086487 0.0504753 0.0244984 0.0107955 0.00580344 0.00532583 0.00678893 0.00905578 0.0116487 0.0142653 0.0166214 0.0184514 0.0195557 0.0198422 0.0193435 0.0181992 0.0166133 0.0148023 0.0129497 0.0111814 0.00956234 0.00811012 0.00681532 0.00566016
 1.01205e-16 3.32665e-05 0.000195248 0.00092812 0.00357331 0.0111431 0.0281465 0.0575915 0.0954645 0.128207 0.139516 0.123068 0.0881051 0.0514371 0.0249972 0.0110681 0.00602119 0.00558069 0.00711938 0.0094685 0.0121257 0.0147639 0.0170749 0.0187741 0.0196537 0.0196287 0.0187538 0.0172037 0.015224 0.0130713 0.0109616 0.00904008 0.00737705 0.00598205 0.00482791 0.00387352
 1.01701e-16 2.76393e-05 0.000162202 0.000770994 0.0029683 0.00925632 0.0233809 0.0478415 0.0793068 0.10652 0.115948 0.102354 0.0734414 0.0432105 0.0216242 0.0106389 0.00730033 0.00810026 0.0108629 0.0145682 0.0186839 0.0227646 0.0263462 0.0289916 0.0303783 0.030371 0.0290488 0.0266747 0.0236221 0.0202839 0.0169933 0.013978 0.0113522 0.00913857 0.00730271 0.00578735
 1.02609e-16 2.75489e-05 0.000161675 0.000768501 0.00295872 0.00922645 0.0233054 0.0476867 0.079049 0.10617 0.115557 0.101987 0.0731291 0.0429289 0.0213033 0.0101872 0.00662338 0.00711049 0.00949062 0.0127785 0.0164978 0.0202753 0.0237251 0.0264751 0.0282373 0.0288672 0.0283879 0.0269695 0.0248735 0.0223846 0.0197514 0.0171531 0.0146949 0.0124235 0.0103524 0.00848238
 1.03026e-16 2.76543e-05 0.000162295 0.000771447 0.00297006 0.00926182 0.0233947 0.0478695 0.0793518 0.106576 0.115998 0.102373 0.0733991 0.0430737 0.0213496 0.0101663 0.00655249 0.00699096 0.00931447 0.0125352 0.0161791 0.0198792 0.0232578 0.0259531 0.0276871 0.0283236 0.027891 0.0265603 0.0245895 0.0222548 0.0197929 0.0173686 0.015072 0.0129364 0.0109647 0.009152
 1.01961e-16 3.3543e-05 0.000196874 0.000935861 0.00360313 0.011236 0.0283813 0.0580717 0.0962595 0.129271 0.140666 0.124062 0.0887732 0.0517393 0.0249809 0.0107854 0.00548136 0.00475118 0.00595208 0.00792942 0.0102199 0.0125527 0.0146822 0.0163786 0.0174667 0.0178613 0.0175814 0.0167364 0.0154904 0.0140189 0.0124715 0.010952 0.00951625 0.00818366 0.00695428 0.0058233
 1.01723e-16 2.98184e-05 0.000174999 0.000831843 0.0032026 0.00998698 0.0252264 0.0516173 0.085564 0.114918 0.125075 0.110375 0.0791182 0.0463927 0.0229239 0.0107938 0.00678647 0.00709572 0.00937046 0.0125329 0.0160629 0.0195622 0.0226293 0.0248892 0.0260676 0.0260522 0.024916 0.0228898 0.0202977 0.0174779 0.014714 0.0121959 0.0100141 0.00817908 0.0066537 0.00538327
 1.02209e-16 2.86067e-05 0.000167886 0.000798026 0.0030724 0.00958095 0.0242008 0.0495188 0.0820856 0.110247 0.119992 0.105893 0.0759131 0.0445289 0.0220331 0.0104275 0.00663331 0.0070067 0.00930114 0.0124918 0.0160876 0.0197111 0.0229765 0.0255163 0.027051 0.0274482 0.0267472 0.0251351 0.0228906 0.0203127 0.0176591 0.0151116 0.0127708 0.0106723 0.00881329 0.00717647
 1.02298e-16 3.02558e-05 0.000177571 0.000844076 0.00324972 0.0101339 0.0255975 0.0523763 0.0868209 0.116602 0.126898 0.111959 0.0802012 0.046922 0.0229896 0.0104998 0.00617385 0.00614216 0.00802649 0.0107616 0.0138712 0.0170211 0.0198812 0.0221378 0.0235516 0.0240074 0.0235339 0.0222845 0.0204889 0.0183931 0.0162082 0.0140819 0.012095 0.0102765 0.00862637 0.00713554
 1.0309e-16 2.43354e-05 0.000142803 0.000678764 0.00261319 0.00814889 0.0205837 0.0421184 0.0698215 0.0937853 0.102102 0.0901672 0.0647764 0.038272 0.0194498 0.0100624 0.00754079 0.008822 0.0120013 0.0161674 0.0208096 0.0254655 0.0296392 0.0328561 0.0347593 0.0351868 0.0342017 0.0320602 0.029135 0.0258203 0.0224505 0.0192546 0.0163504 0.0137684 0.0114888 0.00947587
pSPR Fmed_Fpbrs
0.627966   0.341427 0.341427
Fs Fmed_Fpbrs
0.311765   1.005 1.005
SSBpbr Bo_Bmed_Bpbrs
1.0554e+06  609986  307572 307572
Ro
44355.9
SPR SPRFo_SPRFmed_SPRFpbrs
912560 573057 311572
log_Ro
10.52
likeval ReclasPelacesDesembMPH_pf_preclas_ppelaces_ptallas_desvR_qrecl_qpela
 69.7445 36.7491 0.0047134 0.000169871 285.776 167.318 80.3401 0 15.2913 4.89515e-05 0 0 0 0 0
q_reclas_q_pelaces
0.371043 1
M
0.7
N
 35302.9 14309.6 5562.37 679.735 0.291348
 48080.8 16072 4304.78 1673.34 204.574
 23151.5 21811.7 4736.91 1268.75 553.478
 46390.8 9814.32 4348.29 944.333 363.273
 82781.8 22244.5 3982.49 1764.46 530.605
 53696.1 40875.2 10690 1913.85 1102.93
 92142.6 25334.2 15108.8 3951.35 1115.1
 101877 44248.1 10368.5 6183.55 2073.54
 140230 47443.7 15170.4 3554.84 2830.94
 159634 65160.5 16060.3 5135.37 2161.66
 67859.5 75734.7 24866.7 6128.96 2784.71
 39132 31039.7 23411.5 7686.91 2755.44
 43591.4 18030.5 10007.7 7548.26 3366.8
 22544.9 19188.6 4467.1 2479.43 2704.23
 16823.2 9041.42 2777.75 646.657 750.386
 19616.5 6740.18 1301.44 399.835 201.094
 15467.8 8924.75 2020.01 390.039 180.097
 16040.7 7208.52 3072.74 695.478 196.294
 17612.7 7619 2769.51 1180.54 342.618
 37011 8406.06 3009.65 1094.01 601.678
 45698.8 17633.4 3287.1 1176.89 663.081
 56444.6 22284.2 7884.1 1469.71 822.676
 84176.6 27397.9 9702.53 3432.73 998.101
 65312.9 40660 11598.1 4107.29 1875.66
pred_Ctot
 2123.45 4174.51 1622.7 198.298 0.0849945
 3005.63 4840.36 1296.46 503.956 61.611
 2458.77 9883.13 2146.35 574.887 250.788
 1150.05 1305.7 578.497 125.634 48.3299
 337.547 517.004 92.5604 41.0094 12.3322
 1932.5 7643.82 1999.07 357.898 206.253
 2188.92 3239.49 1931.96 505.259 142.588
 4574.41 10063.2 2358.08 1406.3 471.579
 6506.57 11102.3 3550.03 831.867 662.467
 5136.38 11014.3 2714.72 868.047 365.392
 3868.2 21125.7 6936.41 1709.63 776.778
 2038.99 8025.26 6053 1987.44 712.414
 3584.84 6759.01 3751.54 2829.58 1262.09
 3158.19 10467 2436.71 1352.48 1475.1
 2366.51 4944.82 1519.17 353.661 410.391
 1188.48 1978.12 381.95 117.344 59.0173
 686.856 2010.17 454.977 87.8504 40.5641
 503.192 1190.71 507.557 114.88 32.4241
 493.744 1135.54 412.769 175.949 51.0639
 1082.62 1302.69 466.406 169.538 93.2419
 593.127 1271.06 236.944 84.8338 47.7967
 916.064 1989.67 703.941 131.225 73.4537
 1654.85 2933.86 1038.98 367.588 106.88
 1364.37 4610.05 1315 465.687 212.664
F
 0.0868871 0.501202 0.501202 0.501202 0.501202
 0.0904394 0.521694 0.521694 0.521694 0.521694
 0.158217 0.912662 0.912662 0.912662 0.912662
 0.0350071 0.201936 0.201936 0.201936 0.201936
 0.00568411 0.0327884 0.0327884 0.0327884 0.0327884
 0.0511835 0.295248 0.295248 0.295248 0.295248
 0.0335242 0.193382 0.193382 0.193382 0.193382
 0.064223 0.370466 0.370466 0.370466 0.370466
 0.0664295 0.383194 0.383194 0.383194 0.383194
 0.0456491 0.263324 0.263324 0.263324 0.263324
 0.0821733 0.474011 0.474011 0.474011 0.474011
 0.0748744 0.431908 0.431908 0.431908 0.431908
 0.12054 0.695327 0.695327 0.695327 0.695327
 0.213694 1.23268 1.23268 1.23268 1.23268
 0.214676 1.23834 1.23834 1.23834 1.23834
 0.0875424 0.504982 0.504982 0.504982 0.504982
 0.0634939 0.36626 0.36626 0.36626 0.36626
 0.0444825 0.256595 0.256595 0.256595 0.256595
 0.0396677 0.22882 0.22882 0.22882 0.22882
 0.0414229 0.238946 0.238946 0.238946 0.238946
 0.0181929 0.104945 0.104945 0.104945 0.104945
 0.0227952 0.131493 0.131493 0.131493 0.131493
 0.0276719 0.159623 0.159623 0.159623 0.159623
 0.0294266 0.169745 0.169745 0.169745 0.169745
nmprior
 10 10 8 0
nm_flota  nm_reclas  nm_pelaces    nm_pelaL
inf 18.0744 18.499 33.1571
cv_recla  cv_pelaces  cv_mph
0.773182 0.713326 0.422861
 ------------------------------------------------
Talla a la edad & desviación 
 7.2 14.2025 17.0495 18.207 18.6776
 1.08 2.13037 2.55742 2.73105 2.80164
