years
 1997 1998 1999 2000 2001 2002 2003 2004 2005 2006 2007 2008 2009 2010 2011 2012 2013 2014 2015 2016 2017 2018 2019 2020
reclasobs
 0 0 0 370054 412103 1.49427e+06 250295 1.28982e+06 931140 785840 897777 1.04006e+06 184774 17550 25797 100020 73551 82996 120727 218422 84188 347160 605670 569463
reclaspred
 473188 133033 419329 298525 418112 491029 1.05481e+06 686932 738431 660243 514826 346061 212465 93240.6 62019.7 63223.5 81302.9 110695 118925 172801 250100 233657 415176 504969
pelacesobs
 0 0 0 0 0 0 0 0 0 2.06254e+06 1.5e+06 0 1.87456e+06 323000 250000 174000 83755 137374 0 501740 490994 745055 786931 1.00524e+06
pelacespred
 1.95345e+06 484691 931933 1.02165e+06 1.21649e+06 1.20468e+06 2.86308e+06 2.35696e+06 2.21831e+06 2.0086e+06 1.40029e+06 972705 582964 205006 134642 150219 203928 286023 315826 445694 725491 658912 923660 1.32655e+06
mphobs
 0 0 0 0 0 112323 0 153150 637223 0 255016 313432 73983 77613 109348 50772 0 0 0 0 0 0 0 0
mphpred
 170993 109182 137367 172764 174698 260942 386787 444175 369265 360274 331852 229139 141501 72872.7 32352.8 27271.7 34286.1 48332.5 60288.4 70810.9 107096 127220 164139 236273
desembarqueobs
 350755 77701 442110 56441 14545 235359 269955 359681 431902 328805 639364 411747 362871 311530 167758 66681 60226 58785 57116 71774 51957 67425 138520 160799
desembarquepred
 350766 77704.6 442154 56443.4 14545.1 235404 269990 359706 431975 328856 639621 412001 363227 311949 167761 66693.2 60250.6 58786.8 57112.1 71777.1 51958.9 67420.6 138523 160804
Reclutas
 56090.8 68971.7 42499.4 62423.6 103527 77684.3 116273 109358 126933 128034 66078.9 43270 42812.8 23189.9 16631.6 19061 15296.1 16810.4 19936.9 33892.1 42315.9 58319.6 93951.3 96905.1
log_desv_Rt
 0.114728 0.321452 -0.162755 0.221698 0.727592 0.440408 0.843693 0.782379 0.931412 0.940049 0.278605 -0.144786 -0.155409 -0.768528 -1.10094 -0.9646 -1.18464 -1.09025 -0.919674 -0.389063 -0.167082 0.153694 0.630532 0.661488
SSB
 685772 437880 550914 692876 700632 1.04652e+06 1.55122e+06 1.78138e+06 1.48095e+06 1.44489e+06 1.3309e+06 918972 567494 292259 129752 109374 137506 193839 241789 283990 429514 510219 658284 947580
BT
 2.3424e+06 625030 1.20917e+06 1.10675e+06 1.26332e+06 1.41086e+06 3.14318e+06 2.82479e+06 2.68205e+06 2.37964e+06 2.0109e+06 1.37308e+06 953938 507119 280577 209793 259078 341348 371974 517204 790044 735232 1.04047e+06 1.48972e+06
Ftot
 0.446293 0.347386 0.499203 0.095542 0.0196658 0.2016 0.127756 0.259734 0.300314 0.247141 0.522383 0.49261 0.782238 1.4355 1.48017 0.588688 0.402573 0.271312 0.227246 0.225853 0.108146 0.138041 0.159094 0.153712
BD_Bspro_t
 0.946839 0.759386 0.723817 0.606449 0.723256 0.836695 0.80459 0.807679 0.750555 0.707881 0.667281 0.508166 0.39497 0.280813 0.163337 0.169448 0.26751 0.420971 0.533438 0.629066 0.739167 0.814354 0.825886 0.831891
BD_Bspro
 0.666505 0.425577 0.535436 0.673409 0.680947 1.01711 1.50764 1.73133 1.43934 1.4043 1.29351 0.893153 0.55155 0.284047 0.126106 0.106301 0.133642 0.188393 0.234996 0.276011 0.417447 0.495883 0.639789 0.920957
BD_Bo
 0.581198 0.371107 0.466904 0.587218 0.593791 0.886931 1.31467 1.50973 1.25512 1.22456 1.12795 0.778836 0.480956 0.247692 0.109966 0.0926955 0.116537 0.16428 0.204918 0.240684 0.364017 0.432414 0.557901 0.803082
BD_Brms
 2.02045 1.2901 1.62312 2.04138 2.06423 3.08329 4.57027 5.24837 4.36324 4.257 3.92116 2.70751 1.67197 0.861064 0.38228 0.322242 0.405125 0.571097 0.712368 0.836701 1.26545 1.50323 1.93946 2.7918
S_f
 0.185667 1 1 1 1
 0.185667 1 1 1 1
 0.185667 1 1 1 1
 0.185667 1 1 1 1
 0.185667 1 1 1 1
 0.185667 1 1 1 1
 0.185667 1 1 1 1
 0.185667 1 1 1 1
 0.185667 1 1 1 1
 0.185667 1 1 1 1
 0.185667 1 1 1 1
 0.185667 1 1 1 1
 0.185667 1 1 1 1
 0.185667 1 1 1 1
 0.185667 1 1 1 1
 0.185667 1 1 1 1
 0.185667 1 1 1 1
 0.185667 1 1 1 1
 0.185667 1 1 1 1
 0.185667 1 1 1 1
 0.185667 1 1 1 1
 0.185667 1 1 1 1
 0.185667 1 1 1 1
 0.185667 1 1 1 1
Scru_reclas
 0.999393 1 1 1 1
 0.999393 1 1 1 1
 0.999393 1 1 1 1
 0.999393 1 1 1 1
 0.999393 1 1 1 1
 0.999393 1 1 1 1
 0.999393 1 1 1 1
 0.999393 1 1 1 1
 0.999393 1 1 1 1
 0.999393 1 1 1 1
 0.999393 1 1 1 1
 0.999393 1 1 1 1
 0.999393 1 1 1 1
 0.999393 1 1 1 1
 0.999393 1 1 1 1
 0.999393 1 1 1 1
 0.999393 1 1 1 1
 0.999393 1 1 1 1
 0.999393 1 1 1 1
 0.999393 1 1 1 1
 0.999393 1 1 1 1
 0.999393 1 1 1 1
 0.999393 1 1 1 1
 0.999393 1 1 1 1
Scru_pelaces
 0.950318 1 1 1 1
 0.950318 1 1 1 1
 0.950318 1 1 1 1
 0.950318 1 1 1 1
 0.950318 1 1 1 1
 0.950318 1 1 1 1
 0.950318 1 1 1 1
 0.950318 1 1 1 1
 0.950318 1 1 1 1
 0.950318 1 1 1 1
 0.950318 1 1 1 1
 0.950318 1 1 1 1
 0.950318 1 1 1 1
 0.950318 1 1 1 1
 0.950318 1 1 1 1
 0.950318 1 1 1 1
 0.950318 1 1 1 1
 0.950318 1 1 1 1
 0.950318 1 1 1 1
 0.950318 1 1 1 1
 0.950318 1 1 1 1
 0.950318 1 1 1 1
 0.950318 1 1 1 1
 0.950318 1 1 1 1
pf_obs 
 0.256992 0.487395 0.22802 0.0275931 0
 0.321318 0.546541 0.124235 0.00734118 0.000564706
 0.182869 0.594174 0.210203 0.0122559 0.00049798
 0.330522 0.361315 0.267642 0.0388342 0.00168674
 0.649043 0.306663 0.0425973 0.00169635 0
 0.582887 0.30429 0.105238 0.00758474 0
 0.465427 0.430635 0.0974691 0.00646863 0
 0.296916 0.608066 0.0921331 0.00288517 0
 0.311714 0.524322 0.152257 0.0117073 0
 0.15457 0.633149 0.183074 0.0267441 0.00246327
 0.131901 0.49318 0.331252 0.0422183 0.00144891
 0.196976 0.569456 0.194076 0.0375587 0.00193317
 0.518974 0.381816 0.0799577 0.0180837 0.00116848
 0.0928022 0.601141 0.25162 0.0475244 0.00691264
 0.122501 0.610282 0.24278 0.0234846 0.000952079
 0.383417 0.481906 0.127806 0.00687128 0
 0.0376549 0.599619 0.316969 0.0457579 0
 0.0361596 0.667082 0.258105 0.0386534 0
 0.158088 0.579412 0.248529 0.0139706 0
 0.0477256 0.309471 0.559284 0.082774 0.000745712
 0.0406174 0.521527 0.379366 0.0568643 0.0016247
 0.151134 0.462217 0.34131 0.0453401 0
 0.294876 0.26143 0.354403 0.0886775 0.000613685
 0.281977 0.475581 0.204845 0.0348837 0.00271318
pf_pred 
 0.365439 0.448261 0.166653 0.0196363 9.89999e-06
 0.308764 0.548074 0.101131 0.0375982 0.00443233
 0.177121 0.608048 0.170337 0.0314308 0.0130628
 0.27052 0.433966 0.218363 0.0611717 0.0159786
 0.300562 0.47284 0.134803 0.0678301 0.0239652
 0.174688 0.577862 0.167283 0.0476912 0.0324757
 0.252554 0.415445 0.232459 0.0672936 0.032249
 0.206194 0.522868 0.150592 0.0842628 0.0360827
 0.236369 0.467465 0.19508 0.0561854 0.0449004
 0.222268 0.511163 0.163184 0.0680988 0.0352872
 0.132526 0.549282 0.209131 0.066763 0.0422982
 0.140722 0.440992 0.264857 0.100841 0.052588
 0.216608 0.412765 0.190211 0.114239 0.0661775
 0.19939 0.548459 0.132857 0.0612231 0.0580708
 0.287892 0.523772 0.12902 0.0312533 0.0280628
 0.361314 0.525218 0.0834584 0.0205581 0.00945148
 0.235536 0.612627 0.124862 0.0198408 0.00713429
 0.245183 0.503633 0.201294 0.0410264 0.00886334
 0.251414 0.497776 0.167347 0.0668858 0.0165773
 0.323982 0.451402 0.14936 0.0502131 0.0250434
 0.272748 0.539129 0.125616 0.0415639 0.0209424
 0.27289 0.494259 0.172618 0.0402197 0.0200132
 0.308656 0.472137 0.149008 0.0520404 0.0181589
 0.232248 0.553738 0.146155 0.0461272 0.021731
pobs_RECLAS
 0 0 0 0 0
 0 0 0 0 0
 0 0 0 0 0
 0 0 0 0 0
 0.835266 0.146461 0.0176864 0.000547809 3.91292e-05
 0.385257 0.428462 0.181853 0.0044286 0
 0.867414 0.0963971 0.0333333 0.00285562 0
 0.441836 0.489002 0.0689373 0.000224442 0
 0.779404 0.147425 0.0564933 0.0165055 0.000172143
 0.814271 0.122319 0.05973 0.00367925 0
 0.40263 0.566651 0.0304383 0.000280538 0
 0.475488 0.404961 0.113038 0.00651328 0
 0.955842 0.0263864 0.0167828 0.000988607 0
 0.975058 0.0227948 0.00214734 0 0
 0.738997 0.206755 0.0527124 0.00153531 0
 0.850938 0.134255 0.0134407 0.00136685 0
 0.542534 0.407297 0.0501686 0 0
 0.764087 0.199537 0.0359546 0.000420521 0
 0.470689 0.182191 0.310203 0.0369168 0
 0.84361 0.089868 0.0606195 0.00523954 0.000663233
 0.607945 0.314616 0.071237 0.00620181 0
 0.523733 0.453247 0.0230204 0 0
 0.530135 0.295979 0.169645 0.0042399 0
 0.562478 0.366248 0.0663022 0.0049721 0
ppred_RECLAS
 0.761353 0.168583 0.0626752 0.00738486 3.7232e-06
 0.710611 0.229454 0.042339 0.0157407 0.00185562
 0.544975 0.336231 0.0941909 0.0173802 0.00722329
 0.667316 0.197913 0.0995859 0.0278978 0.00728714
 0.698363 0.203915 0.0581347 0.0292522 0.0103352
 0.535321 0.325356 0.0941862 0.0268518 0.0182849
 0.646757 0.196339 0.10986 0.031803 0.0152409
 0.586628 0.272282 0.0784205 0.0438796 0.01879
 0.629056 0.227078 0.0947627 0.0272928 0.021811
 0.609383 0.256732 0.081959 0.0342027 0.017723
 0.459975 0.341942 0.130189 0.0415617 0.0263317
 0.476642 0.268594 0.161316 0.0614187 0.0320296
 0.612534 0.204153 0.0940781 0.0565027 0.0327314
 0.607719 0.268733 0.0650968 0.0299979 0.0284534
 0.716874 0.208246 0.0512968 0.012426 0.0111574
 0.760359 0.197067 0.0313144 0.00771361 0.00354629
 0.62975 0.296711 0.0604739 0.00960944 0.00345532
 0.639773 0.240353 0.0960649 0.0195793 0.00422992
 0.646761 0.234888 0.0789669 0.0315617 0.00782244
 0.723181 0.184842 0.0611606 0.0205615 0.0102549
 0.669964 0.244663 0.0570062 0.0188622 0.00950394
 0.670498 0.223982 0.0782247 0.0182262 0.00906933
 0.707913 0.199474 0.0629548 0.0219867 0.00767198
 0.621448 0.273029 0.0720641 0.0227437 0.0107148
pobs_PELACES
 0 0 0 0 0
 0 0 0 0 0
 0 0 0 0 0
 0 0 0 0 0
 0 0 0 0 0
 0 0 0 0 0
 0 0 0 0 0
 0 0 0 0 0
 0 0 0 0 0
 0 0 0 0 0
 0.450072 0.473896 0.0757376 0.000293798 0
 0 0 0 0 0
 0.463077 0.371075 0.160297 0.00555027 0
 0.529543 0.364841 0.0842815 0.0213345 0
 0.631943 0.363953 0.00410389 0 0
 0.735681 0.248677 0.0153453 0.000297389 0
 0.695825 0.281241 0.0229344 0 0
 0.275771 0.60734 0.115278 0.00161068 0
 0 0 0 0 0
 0.896147 0.0623911 0.0374545 0.00400742 0
 0.803859 0.145111 0.0509908 3.86294e-05 0
 0.739449 0.233085 0.0266225 0.000797448 4.60066e-05
 0.878498 0.100942 0.0204185 0.000141795 0
 0.694673 0.275183 0.0284847 0.00165964 0
ppred_PELACES
 0.773765 0.159815 0.0594156 0.00700078 3.52956e-06
 0.719373 0.222506 0.041057 0.0152641 0.00179943
 0.565665 0.320942 0.089908 0.0165899 0.00689484
 0.661815 0.201186 0.101233 0.0283591 0.00740763
 0.688785 0.21039 0.0599806 0.030181 0.0106633
 0.536272 0.32469 0.0939934 0.0267968 0.0182475
 0.643088 0.198378 0.111001 0.0321332 0.0153992
 0.591336 0.269181 0.0775274 0.0433798 0.018576
 0.63611 0.222759 0.0929606 0.0267738 0.0213962
 0.6132 0.254223 0.0811582 0.0338685 0.0175499
 0.482404 0.32774 0.124782 0.0398355 0.025238
 0.497132 0.258078 0.155 0.0590141 0.0307756
 0.649726 0.184557 0.0850477 0.0510791 0.0295895
 0.684201 0.216339 0.0524051 0.0241493 0.0229059
 0.78184 0.160461 0.0395262 0.00957468 0.00859724
 0.779455 0.181363 0.028819 0.00709893 0.00326369
 0.64313 0.285989 0.0582884 0.00926217 0.00333045
 0.644955 0.236895 0.094683 0.0192977 0.00416907
 0.649205 0.233263 0.0784205 0.0313433 0.00776831
 0.725246 0.183463 0.0607042 0.0204081 0.0101784
 0.66524 0.248166 0.0578222 0.0191322 0.00963998
 0.667562 0.225977 0.0789215 0.0183886 0.00915012
 0.706339 0.200548 0.0632939 0.0221051 0.00771331
 0.619318 0.274565 0.0724696 0.0228717 0.0107751
pobs_pel_tallas
 0 0 0 0 0 0 0 0 0 0 0 0 0 0 0 0 0 0 0 0 0 0 0 0 0 0 0 0 0 0 0 0 0 0 0 0
 0 0 0 0 0 0 0 0 0 0 0 0 0 0 0 0 0 0 0 0 0 0 0 0 0 0 0 0 0 0 0 0 0 0 0 0
 0 0 0 0 0 0 0 0 0 0 0 0 0 0 0 0 0 0 0 0 0 0 0 0 0 0 0 0 0 0 0 0 0 0 0 0
 0 0 0 0 0 0 0 0 0 0 0 0 0 0 0 0 0 0 0 0 0 0 0 0 0 0 0 0 0 0 0 0 0 0 0 0
 0 0 0 0 0 0 0 0 0 0 0 0 0 0 0 0 0 0 0 0 0 0 0 0 0 0 0 0 0 0 0 0 0 0 0 0
 0 0 0 0 0 0 0 0 0 0 0 0 0 0 0 0 0 0 0 0 0 0 0 0 0 0 0 0 0 0 0 0 0 0 0 0
 0 0 0 0 0 0 0 0 0 0 0 0 0 0 0 0 0 0 0 0 0 0 0 0 0 0 0 0 0 0 0 0 0 0 0 0
 0 0 0 0 0 0 0 0 0 0 0 0 0 0 0 0 0 0 0 0 0 0 0 0 0 0 0 0 0 0 0 0 0 0 0 0
 0 0 0 0 0 0 0 0 0 0 0 0 0 0 0 0 0 0 0 0 0 0 0 0 0 0 0 0 0 0 0 0 0 0 0 0
 0 0 0 0 0 0 0 0 0 0 0 0 0 0 0 0 0 0 0 0 0 0 0 0 0 0 0 0 0 0 0 0 0 0 0 0
 0 0 0 0 0 0 0 0 1.78061e-05 0.00172719 0.00360574 0.0105946 0.0120993 0.0124554 0.0147524 0.0171206 0.0266825 0.0428682 0.0675386 0.121331 0.153587 0.119568 0.100827 0.0573624 0.0630603 0.0341343 0.0324427 0.0444173 0.0211091 0.0280891 0.0125444 0.00206551 0 0 0 0
 0 0 0 0 0 0 0 0 0 0 0 0 0 0 0 0 0 0 0 0 0 0 0 0 0 0 0 0 0 0 0 0 0 0 0 0
 0 0 0 0 0 0 0.0133647 0.0140871 0.0187388 0.0205184 0.03894 0.0496705 0.03968 0.0493445 0.0407372 0.0367815 0.0215668 0.0243155 0.0234873 0.0199281 0.019796 0.0243948 0.0301388 0.0376714 0.0412746 0.0863199 0.0771752 0.113111 0.0741005 0.0525337 0.0229764 0.00759418 0.00175318 0 0 0
 0 0 0 0 0 0 0 0 0 0 0.00219441 0.00772107 0.0458388 0.0604681 0.0671733 0.0775358 0.0609151 0.0617685 0.073594 0.0568108 0.0755445 0.0548602 0.0670107 0.0636378 0.0643287 0.046367 0.0373049 0.0286899 0.0247887 0.0153202 0.00654259 0.00121912 0.000365735 0 0 0
 0 0 0 0 0 0 0 0 0 0 0 0 0.000112435 0.00938835 0.0111873 0.0202946 0.0414886 0.0713402 0.111592 0.104902 0.108894 0.110636 0.117776 0.105296 0.107544 0.0401394 0.0192827 0.0124803 0.00416011 0.0028671 0.000618394 0 0 0 0 0
 0 0 0 0 0 0 0 0 0 0 0.00291406 0.0102884 0.027416 0.0768956 0.0749926 0.110853 0.0956884 0.0897413 0.0766577 0.0534642 0.0500743 0.0551293 0.0594112 0.0620874 0.0668451 0.0424026 0.0208742 0.0120726 0.0048766 0.00582813 0.00118941 0.000297354 0 0 0 0
 0 0.00264628 0.0354308 0.0461629 0.0458689 0.0383711 0.0214643 0.0164657 0.0346957 0.0420465 0.0363128 0.0245516 0.0311673 0.0291091 0.0169068 0.0133784 0.00837989 0.0085269 0.0148486 0.0160247 0.0276389 0.0546898 0.0760071 0.122758 0.109233 0.0665981 0.0333725 0.0166128 0.00676272 0.00308733 0.000882094 0 0 0 0 0
 0 0 0 0 0 0 0 0.000805153 0.000690131 0.00759144 0.0133425 0.0154129 0.00931677 0.000345066 0.00356568 0.00563607 0.00851162 0.0253048 0.0502646 0.0516448 0.0657925 0.0565908 0.0611916 0.0827007 0.0866115 0.110766 0.145733 0.0935128 0.0569358 0.0249597 0.0138026 0.00621118 0.00161031 0.00115022 0 0
 0 0 0 0 0 0 0 0 0 0 0 0 0 0 0 0 0 0 0 0 0 0 0 0 0 0 0 0 0 0 0 0 0 0 0 0
 0.00147267 0.00158595 0.00478618 0.00569244 0.00954404 0.0108468 0.00647125 0.017049 0.0510054 0.094081 0.124002 0.0959785 0.0687766 0.0820023 0.061753 0.0591476 0.0492212 0.0479892 0.0443925 0.0268479 0.0217502 0.0140895 0.0121071 0.0120363 0.00920419 0.00665534 0.0049561 0.00860946 0.00930331 0.0156896 0.0114698 0.00855282 0.00243557 0.00046729 0 2.83206e-05
 0 0 0 0 0.000772559 0.00158375 0.000888443 0.00281984 0.00712685 0.0440552 0.0773331 0.111326 0.0921469 0.0852325 0.0710754 0.0886704 0.0786465 0.0553345 0.0373146 0.0185414 0.00753245 0.00457741 0.012979 0.0271748 0.0457355 0.0583668 0.034881 0.0177882 0.00938659 0.00492506 0.0015258 0.00185414 0.000309023 5.79419e-05 3.86279e-05 0
 0 0.00173294 0.00326652 0 0.00397197 0.00683976 0.00946217 0.0152591 0.00757587 0.0136028 0.0228656 0.0392903 0.0559909 0.0764795 0.0681675 0.0726916 0.0566044 0.0477403 0.0527397 0.0444891 0.0609904 0.0582453 0.0661739 0.0445044 0.0529084 0.0360697 0.0280645 0.0235558 0.0158879 0.00826598 0.00280645 0.00217768 0.000904811 0.00058276 9.20147e-05 0
 0 0 0 0 0 0 0 0 0 0 0 0 0 0 0 0 0 0 0 0 0 0 0 0 0 0 0 0 0 0 0 0 0 0 0 0
 0 0 0 0 0 0 0 0 0 0 0 0 0 0 0 0 0 0 0 0 0 0 0 0 0 0 0 0 0 0 0 0 0 0 0 0
ppred_pel_tallas
 1.01137e-16 3.3759e-05 0.000198142 0.000941882 0.00362631 0.0113083 0.0285639 0.0584454 0.0968792 0.130104 0.141575 0.124869 0.0893631 0.0521078 0.0252048 0.0109602 0.00568242 0.00502764 0.00633389 0.00843157 0.0108408 0.0132703 0.0154512 0.0171324 0.0181233 0.0183339 0.0177909 0.0166229 0.0150217 0.0131947 0.0113224 0.00953438 0.00790482 0.00646246 0.00520784 0.00412893
 1.01264e-16 3.13898e-05 0.000184226 0.000875715 0.00337153 0.0105138 0.026557 0.0543396 0.0900757 0.120974 0.131657 0.116162 0.0832214 0.0487067 0.0238959 0.0109642 0.0065094 0.006512 0.00849445 0.0113347 0.0145156 0.0176639 0.0204125 0.02242 0.0234372 0.0233629 0.022265 0.0203555 0.0179325 0.0153076 0.012743 0.0104157 0.0084115 0.00674236 0.00537498 0.00425827
 1.02274e-16 2.46915e-05 0.000144892 0.000688695 0.00265142 0.00826812 0.0208848 0.0427347 0.0708434 0.0951584 0.103598 0.0914921 0.0657357 0.0388538 0.0197728 0.010273 0.00774915 0.00909314 0.012369 0.0166445 0.0213899 0.0261208 0.0303173 0.0334839 0.0352499 0.0354515 0.0341633 0.0316651 0.0283618 0.0246827 0.0209948 0.0175525 0.0144894 0.0118413 0.00958447 0.00767092
 1.02824e-16 2.88792e-05 0.000169489 0.000805655 0.00310178 0.0096726 0.0244323 0.0499921 0.0828692 0.111296 0.121126 0.106874 0.0765739 0.0448313 0.022025 0.0101623 0.0061226 0.0062212 0.0081962 0.0110361 0.0142869 0.0176247 0.020723 0.0232657 0.0250034 0.0258027 0.025667 0.0247205 0.0231634 0.0212172 0.0190774 0.0168873 0.0147362 0.0126715 0.010719 0.00889793
 1.02456e-16 3.00555e-05 0.000176394 0.000838482 0.00322818 0.0100667 0.0254278 0.0520292 0.0862458 0.115831 0.12606 0.111225 0.0796857 0.0466414 0.0228912 0.0105201 0.00627437 0.00631137 0.00826728 0.0110785 0.0142621 0.0174732 0.0203697 0.0226289 0.0240074 0.0243934 0.0238262 0.0224747 0.0205859 0.0184204 0.016198 0.0140682 0.0121067 0.0103325 0.00873404 0.00729108
 1.03214e-16 2.34099e-05 0.000137368 0.000652924 0.00251369 0.00783862 0.0197999 0.040515 0.0671643 0.0902186 0.0982255 0.0867603 0.062364 0.0369175 0.0188923 0.00998714 0.00774374 0.00922537 0.0126016 0.0169858 0.0218629 0.026752 0.0311321 0.0345043 0.0364932 0.0369287 0.0358776 0.0336099 0.0305185 0.0270193 0.0234653 0.0200987 0.0170441 0.0143339 0.0119473 0.00984537
 1.03465e-16 2.80626e-05 0.000164694 0.000782863 0.00301403 0.00939894 0.023741 0.0485778 0.0805248 0.108148 0.117701 0.103855 0.0744173 0.0435818 0.0214361 0.00993407 0.00604715 0.00619962 0.00819816 0.0110639 0.0143586 0.0177682 0.0209738 0.0236637 0.0255883 0.0266079 0.0267139 0.0260127 0.0246844 0.0229302 0.0209287 0.0188121 0.0166648 0.0145373 0.012464 0.0104777
 1.03547e-16 2.58087e-05 0.000151456 0.000719911 0.00277163 0.008643 0.0218317 0.0446716 0.0740523 0.0994628 0.108269 0.0955798 0.0685918 0.0403795 0.02025 0.010036 0.00698696 0.0078365 0.0105637 0.0142269 0.0183392 0.0224918 0.0262546 0.0292166 0.0310665 0.0316597 0.031043 0.0294269 0.0271204 0.0244487 0.0216854 0.0190145 0.016528 0.0142482 0.0121612 0.0102452
 1.03312e-16 2.77592e-05 0.000162911 0.000774381 0.00298137 0.00929707 0.0234837 0.0480515 0.0796532 0.10698 0.116435 0.102752 0.0736567 0.0431964 0.0213578 0.0100832 0.00638563 0.00673241 0.00894986 0.0120538 0.015582 0.0191845 0.0225031 0.0251927 0.0269855 0.0277454 0.0274902 0.0263715 0.0246229 0.0224968 0.0202102 0.0179159 0.0156997 0.0135973 0.011619 0.00976921
 1.03219e-16 2.67615e-05 0.000157051 0.000746514 0.00287406 0.00896243 0.0226385 0.0463223 0.076788 0.103135 0.11226 0.0990887 0.0710786 0.0417801 0.0208351 0.0101325 0.00680862 0.00746806 0.0100138 0.0134782 0.0173776 0.0213196 0.0248962 0.0277168 0.0294847 0.0300596 0.029482 0.027948 0.0257475 0.0231881 0.0205303 0.0179524 0.0155469 0.0133412 0.0113272 0.00948801
 1.04427e-16 2.10612e-05 0.000123578 0.000587366 0.00226127 0.00705147 0.0178117 0.0364469 0.0604216 0.0811653 0.0883786 0.0780864 0.056181 0.0333619 0.0172667 0.00944447 0.00770656 0.00943147 0.0129848 0.0175674 0.0226962 0.0279009 0.0326616 0.0364727 0.0389443 0.0398838 0.0393283 0.0375136 0.0347975 0.0315636 0.0281408 0.0247586 0.0215432 0.0185419 0.0157603 0.0131935
 1.05751e-16 2.17006e-05 0.000127339 0.000605257 0.00233018 0.00726637 0.0183544 0.0375569 0.0622595 0.0836274 0.0910419 0.0803975 0.0577522 0.0341116 0.0173197 0.00894215 0.00669598 0.00786511 0.0107759 0.0146512 0.0190797 0.0236962 0.0280979 0.0318826 0.034722 0.0364243 0.0369607 0.036446 0.0350866 0.0331151 0.0307374 0.0281053 0.0253182 0.022442 0.0195323 0.0166515
 1.04406e-16 2.83513e-05 0.000166391 0.000790933 0.00304511 0.00949586 0.0239858 0.0490785 0.0813544 0.109261 0.118908 0.10491 0.0751522 0.0439693 0.0215468 0.0098505 0.00581287 0.00581539 0.00764105 0.0103074 0.0133874 0.0165886 0.0196199 0.0221989 0.024101 0.0252027 0.0254988 0.0250862 0.0241236 0.0227824 0.0212071 0.0194956 0.0177018 0.015852 0.0139654 0.012069
 1.02715e-16 2.98558e-05 0.000175221 0.000832905 0.0032067 0.00999978 0.0252587 0.0516832 0.0856724 0.115061 0.125224 0.110491 0.0791683 0.0463551 0.0227813 0.0105207 0.00634375 0.00643454 0.00844398 0.0113115 0.0145501 0.0178071 0.0207324 0.0229966 0.0243542 0.0246961 0.0240702 0.0226573 0.0207171 0.0185207 0.0162939 0.0141859 0.012267 0.0105471 0.00900365 0.00760684
 1.01345e-16 3.41111e-05 0.000200209 0.00095171 0.00366415 0.0114263 0.0288619 0.0590552 0.09789 0.131462 0.143051 0.126169 0.09029 0.0526407 0.0254479 0.0110399 0.00568405 0.00498806 0.00625921 0.00831312 0.0106635 0.0130166 0.0151042 0.0166787 0.0175571 0.0176604 0.0170283 0.0158029 0.0141872 0.0123946 0.0106059 0.00894345 0.00746854 0.00619341 0.00510126 0.00416491
 1.00865e-16 3.40079e-05 0.000199601 0.000948817 0.003653 0.0113916 0.0287742 0.0588758 0.0975931 0.131065 0.142624 0.125804 0.0900523 0.0525505 0.0254942 0.0112125 0.00599082 0.00545353 0.00691224 0.00917261 0.0117256 0.0142454 0.0164281 0.0179955 0.0187462 0.0186016 0.0176222 0.0159873 0.0139467 0.0117605 0.009647 0.00775291 0.00614774 0.00483824 0.00379218 0.0029616
 1.01395e-16 2.80678e-05 0.000164718 0.000782955 0.00301436 0.00939994 0.0237437 0.0485838 0.0805371 0.108172 0.117745 0.103938 0.0745736 0.043867 0.0219345 0.0107607 0.00734301 0.00811595 0.0108676 0.0145604 0.0186537 0.0226961 0.0262196 0.0287844 0.0300682 0.0299397 0.0284853 0.0259781 0.0228034 0.0193654 0.0160064 0.0129596 0.0103411 0.00817061 0.00640796 0.00498772
 1.0228e-16 2.81455e-05 0.000165178 0.000785153 0.00302284 0.00942639 0.0238104 0.04872 0.0807617 0.108469 0.118059 0.10419 0.0746994 0.0438315 0.0217153 0.0103237 0.00663084 0.00705539 0.00938978 0.0126268 0.0162821 0.0199802 0.0233351 0.0259765 0.0276198 0.0281257 0.0275242 0.025993 0.0238022 0.021244 0.0185732 0.0159726 0.0135476 0.0113423 0.00936441 0.00760693
 1.0263e-16 2.83306e-05 0.000166265 0.000790323 0.00304274 0.00948847 0.0239672 0.0490408 0.0812932 0.109183 0.118834 0.10487 0.0751794 0.0440975 0.0218176 0.0103226 0.00656352 0.00693246 0.00920596 0.0123713 0.0159453 0.0195581 0.0228318 0.025406 0.0270061 0.0275016 0.0269284 0.025466 0.0233819 0.0209615 0.0184488 0.0160134 0.0137468 0.0116797 0.00980909 0.0081215
 1.02099e-16 3.16443e-05 0.000185724 0.000882844 0.00339899 0.0105994 0.0267733 0.0547819 0.0908077 0.121954 0.132714 0.117074 0.0838285 0.0489693 0.023853 0.0106575 0.00593952 0.00564047 0.0072695 0.00972084 0.012519 0.0153502 0.0179134 0.0199247 0.021169 0.0215446 0.0210811 0.0199215 0.0182775 0.0163747 0.0144055 0.012503 0.0107381 0.00913327 0.00768405 0.0063778
 1.0201e-16 2.90304e-05 0.000170372 0.000809845 0.0031179 0.00972285 0.0245593 0.0502523 0.0833016 0.111881 0.121771 0.107466 0.0770469 0.0452061 0.0223899 0.0106309 0.00680442 0.00721042 0.00956347 0.012814 0.0164508 0.020076 0.0232851 0.0256972 0.0270305 0.0271639 0.0261611 0.0242435 0.021727 0.0189435 0.016173 0.0136051 0.0113338 0.00937675 0.00770654 0.00627944
 1.02254e-16 2.91308e-05 0.000170964 0.000812661 0.00312875 0.00975669 0.0246447 0.050427 0.0835906 0.112267 0.122187 0.107821 0.0772765 0.0452905 0.0223388 0.0104533 0.0064917 0.00673831 0.00890463 0.0119527 0.0153956 0.0188693 0.022005 0.0244521 0.0259438 0.0263537 0.0257185 0.0242157 0.0221095 0.0196828 0.0171791 0.0147691 0.0125466 0.0105441 0.00875882 0.00717495
 1.02084e-16 3.08206e-05 0.000180887 0.000859842 0.00331042 0.0103232 0.0260757 0.0533546 0.0884424 0.118779 0.129265 0.114044 0.0816862 0.0477734 0.0233741 0.0106195 0.00616579 0.00606711 0.00789821 0.0105734 0.0136097 0.0166722 0.0194323 0.02158 0.022881 0.0232263 0.0226516 0.0213173 0.0194598 0.0173305 0.0151439 0.0130482 0.0111221 0.00938977 0.007844 0.00646748
 1.02408e-16 2.70291e-05 0.00015862 0.00075397 0.00290276 0.00905193 0.0228646 0.0467851 0.0775555 0.104167 0.113387 0.100092 0.0718175 0.0422524 0.0211404 0.0103949 0.00712842 0.0079127 0.0106246 0.0142734 0.0183474 0.0224204 0.0260477 0.0288072 0.0303837 0.030638 0.029633 0.027605 0.0248951 0.0218631 0.0188138 0.0159557 0.0133947 0.0111555 0.00921526 0.00753393
pSPR Fmed_Fpbrs
0.654715   0.337658 0.337658
Fs Fmed_Fpbrs
0.275703   1.005 1.005
SSBpbr Bo_Bmed_Bpbrs
1.17993e+06  713521  339416 339416
Ro
50011.1
SPR SPRFo_SPRFmed_SPRFpbrs
1.02891e+06 673642 347419
log_Ro
10.64
likeval ReclasPelacesDesembMPH_pf_preclas_ppelaces_ptallas_desvR_qrecl_qpela
 59.9521 19.9708 0.018249 0.000230167 286.953 168.721 80.3023 0 15.7256 5.57067e-05 1.63766e-05 0 0 0 0
q_reclas_q_pelaces
0.347275 1.77844
M
0.7
N
 56090.8 14885.8 5534.22 652.082 0.328758
 68971.7 25638.9 4730.91 1758.84 207.344
 42499.4 32111 8995.5 1659.86 689.845
 62423.6 19236.4 9679.36 2711.55 708.281
 103527 30453.6 8682.09 4368.65 1543.5
 77684.3 51222.8 14828.3 4227.44 2878.71
 116273 37159.6 20792.4 6019.1 2884.53
 109358 56385.8 16239.8 9086.86 3891.14
 126933 51748.7 21595.5 6219.77 4970.51
 128034 59614.5 19031.3 7942.04 4115.38
 66078.9 60728.2 23121.4 7381.27 4676.45
 43270 29780.7 17886.1 6809.88 3551.33
 42812.8 19609.2 9036.3 5427.15 3143.88
 23189.9 18386.2 4453.81 2052.41 1946.73
 16631.6 8821.5 2172.98 526.376 472.64
 19061 6274.43 997.022 245.595 112.911
 15296.1 8485.38 1729.44 274.811 98.8156
 16810.4 7048.79 2817.28 574.2 124.05
 19936.9 7937.71 2668.57 1066.58 264.348
 33892.1 9491.33 3140.49 1055.8 526.572
 42315.9 16139.2 3760.4 1244.24 626.925
 58319.6 20595.7 7192.96 1675.95 833.948
 93951.3 28227.8 8908.83 3111.37 1085.67
 96905.1 45296.9 11955.8 3773.3 1777.64
pred_Ctot
 3223.18 3953.68 1469.89 173.193 0.0873181
 3109.81 5520.11 1018.57 378.683 44.6417
 2720.05 9337.82 2615.88 482.684 200.606
 790.141 1267.54 637.799 178.672 46.6705
 271.411 426.98 121.729 61.2514 21.6409
 2056.95 6804.32 1969.76 561.563 382.401
 1962.81 3228.77 1806.63 522.995 250.634
 3712.97 9415.34 2711.74 1517.33 649.746
 4966.61 9822.42 4099.03 1180.57 943.452
 4140.55 9522.28 3039.89 1268.59 657.353
 4417.3 18308.5 6970.69 2225.32 1409.87
 2734.25 8568.51 5146.2 1959.34 1021.79
 4197.18 7998.1 3685.69 2213.6 1282.31
 3962.17 10898.6 2640.05 1216.59 1153.95
 2919.87 5312.23 1308.55 316.979 284.62
 1428.29 2076.21 329.914 81.2672 37.3621
 795.673 2069.54 421.801 67.0252 24.1006
 595.638 1223.5 489.014 99.6677 21.5322
 593.807 1175.68 395.252 157.976 39.1535
 1003.38 1398 462.572 155.511 77.5602
 605.66 1197.18 278.941 92.2961 46.5044
 1062.86 1925.05 672.314 156.648 77.9477
 1969.98 3013.39 951.039 332.146 115.898
 1964.04 4682.78 1235.99 390.082 183.772
F
 0.0828619 0.446293 0.446293 0.446293 0.446293
 0.0644981 0.347386 0.347386 0.347386 0.347386
 0.0926856 0.499203 0.499203 0.499203 0.499203
 0.017739 0.095542 0.095542 0.095542 0.095542
 0.00365128 0.0196658 0.0196658 0.0196658 0.0196658
 0.0374304 0.2016 0.2016 0.2016 0.2016
 0.0237201 0.127756 0.127756 0.127756 0.127756
 0.048224 0.259734 0.259734 0.259734 0.259734
 0.0557584 0.300314 0.300314 0.300314 0.300314
 0.0458859 0.247141 0.247141 0.247141 0.247141
 0.0969894 0.522383 0.522383 0.522383 0.522383
 0.0914615 0.49261 0.49261 0.49261 0.49261
 0.145236 0.782238 0.782238 0.782238 0.782238
 0.266525 1.4355 1.4355 1.4355 1.4355
 0.27482 1.48017 1.48017 1.48017 1.48017
 0.1093 0.588688 0.588688 0.588688 0.588688
 0.0747445 0.402573 0.402573 0.402573 0.402573
 0.0503737 0.271312 0.271312 0.271312 0.271312
 0.0421921 0.227246 0.227246 0.227246 0.227246
 0.0419334 0.225853 0.225853 0.225853 0.225853
 0.0200792 0.108146 0.108146 0.108146 0.108146
 0.0256296 0.138041 0.138041 0.138041 0.138041
 0.0295385 0.159094 0.159094 0.159094 0.159094
 0.0285392 0.153712 0.153712 0.153712 0.153712
nmprior
 10 10 8 0
nm_flota  nm_reclas  nm_pelaces    nm_pelaL
inf 15.9469 17.3505 30.7025
cv_recla  cv_pelaces  cv_mph
0.716851 0.52585 0.492221
 ------------------------------------------------
Talla a la edad & desviación 
 7.2 14.2025 17.0495 18.207 18.6776
 1.08 2.13037 2.55742 2.73105 2.80164
