years
 1997 1998 1999 2000 2001 2002 2003 2004 2005 2006 2007 2008 2009 2010 2011 2012 2013 2014 2015 2016 2017 2018 2019 2020
reclasobs
 0 0 0 370054 412103 1.49427e+06 250295 1.28982e+06 931140 785840 897777 1.04006e+06 184774 17550 25797 100020 73551 82996 120727 218422 84188 347160 605670 569463
reclaspred
 1.1178e+06 216858 438430 176396 288853 364316 753216 622326 686954 854529 873071 659397 379302 144934 82390.8 74895.8 80478.6 108094 123454 134184 206520 213663 342366 314240
pelacesobs
 0 0 0 0 0 0 0 0 0 2.06254e+06 1.5e+06 0 1.87456e+06 323000 250000 174000 83755 137374 0 501740 490994 745055 786931 1.00524e+06
pelacespred
 3.20977e+06 1.0154e+06 654761 629615 942336 805444 2.17306e+06 1.90565e+06 1.93016e+06 2.55959e+06 2.20998e+06 1.77936e+06 969104 284220 161612 164478 182768 266671 312873 320322 608086 625628 729626 758448
mphobs
 0 0 0 0 0 112323 0 153150 637223 0 255016 313432 73983 77613 109348 50772 0 0 0 0 0 0 0 0
mphpred
 331252 144451 137828 75164.1 72005.6 151125 180067 286116 262379 295781 380075 281089 177478 92921.1 44273.1 31561 29380.5 36357.3 46374.3 45592.4 62267 81979.6 97956.1 116531
desembarqueobs
 350755 77701 442110 56441 14545 235359 269955 359681 431902 328805 639364 411747 362871 311530 167758 66681 60226 58785 57116 71774 51957 67425 138520 160799
desembarquepred
 350734 77670.4 441677 56429.5 14544.5 235309 269961 359281 431594 328611 638505 411254 362347 311088 167295 66629.1 60214.7 58726.7 57053.2 71719.8 51949.7 67378.8 138452 160747
Reclutas
 22383.2 43330.5 7821.3 12487.5 39386.5 19049.8 62682.8 60997.4 73651.1 113655 71709.2 48447.8 49464.7 29025.6 12815.1 9931.82 7763.89 9238.31 8165.11 10969.7 16970.2 20663.3 28854.8 19972.8
log_desv_Rt
 -0.0839356 0.576611 -1.13539 -0.667514 0.481178 -0.24519 0.945843 0.918586 1.10709 1.54092 1.08037 0.688242 0.709016 0.175935 -0.641619 -0.896501 -1.14276 -0.968885 -1.09237 -0.797111 -0.360786 -0.163888 0.170032 -0.197873
SSB
 538558 234852 224085 122204 117068 245703 292758 465175 426581 480888 617935 457001 288548 151073 71980.3 51312.6 47767.6 59110.6 75396.4 74125.2 101235 133284 159259 189459
BT
 1.26377e+06 365654 415572 215024 314780 372979 1.10578e+06 1.0329e+06 1.12186e+06 1.2268e+06 1.26677e+06 899595 696580 399387 204531 111772 114261 140621 133166 157994 242833 217208 287785 327637
Ftot
 0.760073 0.999766 2.09807 0.793676 0.168291 1.47348 1.16058 1.69226 1.85021 1.22525 1.85589 1.53092 2.44785 4.84033 4.95303 2.39257 2.10861 1.57056 1.18445 1.43042 0.738701 0.819191 1.0209 1.251
BD_Bspro_t
 0.923464 0.624287 0.509597 0.224918 0.32272 0.549556 0.446637 0.518664 0.452896 0.437976 0.463668 0.326441 0.235016 0.152877 0.089247 0.0792627 0.102194 0.168556 0.250352 0.29493 0.395285 0.526736 0.527902 0.49148
BD_Bspro
 1.07535 0.468932 0.447433 0.244006 0.233752 0.490598 0.584553 0.92882 0.85176 0.960195 1.23384 0.912499 0.576147 0.30165 0.143724 0.102457 0.0953781 0.118027 0.150545 0.148007 0.202138 0.266131 0.317995 0.378295
BD_Bo
 0.730149 0.3184 0.303803 0.165677 0.158715 0.333111 0.396906 0.63066 0.578337 0.651963 0.837764 0.619578 0.391198 0.204818 0.0975871 0.069567 0.0647608 0.080139 0.102219 0.100495 0.13725 0.1807 0.215916 0.256859
BD_Brms
 1.32754 0.578909 0.552368 0.301232 0.288573 0.605656 0.721646 1.14665 1.05152 1.18539 1.52321 1.1265 0.71127 0.372396 0.177431 0.126485 0.117747 0.145707 0.185852 0.182718 0.249545 0.328546 0.392574 0.467016
S_f
 0.0790526 0.619906 0.968738 0.998304 0.999911
 0.0790526 0.619906 0.968738 0.998304 0.999911
 0.0790526 0.619906 0.968738 0.998304 0.999911
 0.0790526 0.619906 0.968738 0.998304 0.999911
 0.0790526 0.619906 0.968738 0.998304 0.999911
 0.0790526 0.619906 0.968738 0.998304 0.999911
 0.0790526 0.619906 0.968738 0.998304 0.999911
 0.0790526 0.619906 0.968738 0.998304 0.999911
 0.0790526 0.619906 0.968738 0.998304 0.999911
 0.0790526 0.619906 0.968738 0.998304 0.999911
 0.0790526 0.619906 0.968738 0.998304 0.999911
 0.0790526 0.619906 0.968738 0.998304 0.999911
 0.0790526 0.619906 0.968738 0.998304 0.999911
 0.0790526 0.619906 0.968738 0.998304 0.999911
 0.0790526 0.619906 0.968738 0.998304 0.999911
 0.0790526 0.619906 0.968738 0.998304 0.999911
 0.0790526 0.619906 0.968738 0.998304 0.999911
 0.0790526 0.619906 0.968738 0.998304 0.999911
 0.0790526 0.619906 0.968738 0.998304 0.999911
 0.0790526 0.619906 0.968738 0.998304 0.999911
 0.0790526 0.619906 0.968738 0.998304 0.999911
 0.0790526 0.619906 0.968738 0.998304 0.999911
 0.0790526 0.619906 0.968738 0.998304 0.999911
 0.0790526 0.619906 0.968738 0.998304 0.999911
Scru_reclas
 0.269782 0.650267 0.90345 0.979206 0.995798
 0.269782 0.650267 0.90345 0.979206 0.995798
 0.269782 0.650267 0.90345 0.979206 0.995798
 0.269782 0.650267 0.90345 0.979206 0.995798
 0.269782 0.650267 0.90345 0.979206 0.995798
 0.269782 0.650267 0.90345 0.979206 0.995798
 0.269782 0.650267 0.90345 0.979206 0.995798
 0.269782 0.650267 0.90345 0.979206 0.995798
 0.269782 0.650267 0.90345 0.979206 0.995798
 0.269782 0.650267 0.90345 0.979206 0.995798
 0.269782 0.650267 0.90345 0.979206 0.995798
 0.269782 0.650267 0.90345 0.979206 0.995798
 0.269782 0.650267 0.90345 0.979206 0.995798
 0.269782 0.650267 0.90345 0.979206 0.995798
 0.269782 0.650267 0.90345 0.979206 0.995798
 0.269782 0.650267 0.90345 0.979206 0.995798
 0.269782 0.650267 0.90345 0.979206 0.995798
 0.269782 0.650267 0.90345 0.979206 0.995798
 0.269782 0.650267 0.90345 0.979206 0.995798
 0.269782 0.650267 0.90345 0.979206 0.995798
 0.269782 0.650267 0.90345 0.979206 0.995798
 0.269782 0.650267 0.90345 0.979206 0.995798
 0.269782 0.650267 0.90345 0.979206 0.995798
 0.269782 0.650267 0.90345 0.979206 0.995798
Scru_pelaces
 0.238375 0.611669 0.887981 0.975546 0.995044
 0.238375 0.611669 0.887981 0.975546 0.995044
 0.238375 0.611669 0.887981 0.975546 0.995044
 0.238375 0.611669 0.887981 0.975546 0.995044
 0.238375 0.611669 0.887981 0.975546 0.995044
 0.238375 0.611669 0.887981 0.975546 0.995044
 0.238375 0.611669 0.887981 0.975546 0.995044
 0.238375 0.611669 0.887981 0.975546 0.995044
 0.238375 0.611669 0.887981 0.975546 0.995044
 0.238375 0.611669 0.887981 0.975546 0.995044
 0.238375 0.611669 0.887981 0.975546 0.995044
 0.238375 0.611669 0.887981 0.975546 0.995044
 0.238375 0.611669 0.887981 0.975546 0.995044
 0.238375 0.611669 0.887981 0.975546 0.995044
 0.238375 0.611669 0.887981 0.975546 0.995044
 0.238375 0.611669 0.887981 0.975546 0.995044
 0.238375 0.611669 0.887981 0.975546 0.995044
 0.238375 0.611669 0.887981 0.975546 0.995044
 0.238375 0.611669 0.887981 0.975546 0.995044
 0.238375 0.611669 0.887981 0.975546 0.995044
 0.238375 0.611669 0.887981 0.975546 0.995044
 0.238375 0.611669 0.887981 0.975546 0.995044
 0.238375 0.611669 0.887981 0.975546 0.995044
 0.238375 0.611669 0.887981 0.975546 0.995044
pf_obs 
 0.256992 0.487395 0.22802 0.0275931 0
 0.321318 0.546541 0.124235 0.00734118 0.000564706
 0.182869 0.594174 0.210203 0.0122559 0.00049798
 0.330522 0.361315 0.267642 0.0388342 0.00168674
 0.649043 0.306663 0.0425973 0.00169635 0
 0.582887 0.30429 0.105238 0.00758474 0
 0.465427 0.430635 0.0974691 0.00646863 0
 0.296916 0.608066 0.0921331 0.00288517 0
 0.311714 0.524322 0.152257 0.0117073 0
 0.15457 0.633149 0.183074 0.0267441 0.00246327
 0.131901 0.49318 0.331252 0.0422183 0.00144891
 0.196976 0.569456 0.194076 0.0375587 0.00193317
 0.518974 0.381816 0.0799577 0.0180837 0.00116848
 0.0928022 0.601141 0.25162 0.0475244 0.00691264
 0.122501 0.610282 0.24278 0.0234846 0.000952079
 0.383417 0.481906 0.127806 0.00687128 0
 0.0376549 0.599619 0.316969 0.0457579 0
 0.0361596 0.667082 0.258105 0.0386534 0
 0.158088 0.579412 0.248529 0.0139706 0
 0.0477256 0.309471 0.559284 0.082774 0.000745712
 0.0406174 0.521527 0.379366 0.0568643 0.0016247
 0.151134 0.462217 0.34131 0.0453401 0
 0.294876 0.26143 0.354403 0.0886775 0.000613685
 0.281977 0.475581 0.204845 0.0348837 0.00271318
pf_pred 
 0.128601 0.585616 0.253201 0.0325734 8.72641e-06
 0.268918 0.407179 0.255078 0.0612722 0.00755346
 0.0586867 0.755782 0.131513 0.0429719 0.0110461
 0.204455 0.352774 0.40418 0.0279314 0.0106594
 0.383433 0.427253 0.111662 0.0711487 0.00650235
 0.124002 0.715463 0.125919 0.0206864 0.0139292
 0.42259 0.344154 0.211378 0.0173761 0.00450109
 0.259482 0.659567 0.0604438 0.0186732 0.00183462
 0.295948 0.564332 0.132678 0.00534163 0.00170043
 0.334653 0.556706 0.0983698 0.00978596 0.000485351
 0.180786 0.683817 0.123531 0.0107965 0.00106907
 0.169821 0.607 0.206077 0.0156933 0.00140898
 0.259298 0.532566 0.178325 0.0276509 0.00216079
 0.27053 0.638331 0.0801679 0.00950786 0.00146343
 0.269763 0.690922 0.0384013 0.000817295 9.6423e-05
 0.310729 0.647565 0.0413205 0.000377436 7.72129e-06
 0.246429 0.655159 0.0961695 0.00222397 1.91246e-05
 0.291707 0.575863 0.12505 0.00722353 0.000156572
 0.21439 0.641917 0.130108 0.0128698 0.000714989
 0.272578 0.52692 0.180373 0.0183144 0.00181527
 0.29493 0.560275 0.122775 0.0199207 0.00209941
 0.233905 0.586021 0.157462 0.0192949 0.00331624
 0.256468 0.533462 0.179935 0.0264954 0.00363925
 0.162545 0.640323 0.163721 0.0288142 0.00459646
pobs_RECLAS
 0 0 0 0 0
 0 0 0 0 0
 0 0 0 0 0
 0 0 0 0 0
 0.835266 0.146461 0.0176864 0.000547809 3.91292e-05
 0.385257 0.428462 0.181853 0.0044286 0
 0.867414 0.0963971 0.0333333 0.00285562 0
 0.441836 0.489002 0.0689373 0.000224442 0
 0.779404 0.147425 0.0564933 0.0165055 0.000172143
 0.814271 0.122319 0.05973 0.00367925 0
 0.40263 0.566651 0.0304383 0.000280538 0
 0.475488 0.404961 0.113038 0.00651328 0
 0.955842 0.0263864 0.0167828 0.000988607 0
 0.975058 0.0227948 0.00214734 0 0
 0.738997 0.206755 0.0527124 0.00153531 0
 0.850938 0.134255 0.0134407 0.00136685 0
 0.542534 0.407297 0.0501686 0 0
 0.764087 0.199537 0.0359546 0.000420521 0
 0.470689 0.182191 0.310203 0.0369168 0
 0.84361 0.089868 0.0606195 0.00523954 0.000663233
 0.607945 0.314616 0.071237 0.00620181 0
 0.523733 0.453247 0.0230204 0 0
 0.530135 0.295979 0.169645 0.0042399 0
 0.562478 0.366248 0.0663022 0.0049721 0
ppred_RECLAS
 0.341336 0.462468 0.172862 0.0233277 6.34428e-06
 0.571815 0.254065 0.1357 0.0341478 0.00427317
 0.194304 0.675053 0.0914993 0.0310464 0.00809715
 0.483091 0.247548 0.244749 0.0177394 0.00687246
 0.677019 0.230563 0.0533571 0.0357447 0.0033167
 0.339449 0.556513 0.0807271 0.0138475 0.00946326
 0.72863 0.172357 0.0893097 0.00768311 0.00202014
 0.561355 0.398617 0.0295611 0.00951859 0.00094904
 0.613545 0.322593 0.0605075 0.00253553 0.000819038
 0.640898 0.308342 0.0457581 0.00476173 0.00023971
 0.452972 0.472201 0.0680182 0.00618717 0.000621678
 0.431531 0.436386 0.121543 0.00966001 0.000880206
 0.590377 0.316325 0.0795259 0.0127599 0.00101149
 0.671413 0.304835 0.0208771 0.00248718 0.000387709
 0.667011 0.323131 0.00962794 0.000205519 2.45542e-05
 0.635619 0.347472 0.0167478 0.00015839 3.287e-06
 0.555446 0.397994 0.0454585 0.00109154 9.52355e-06
 0.601765 0.335073 0.0594971 0.00358581 7.88783e-05
 0.491944 0.42716 0.0729227 0.00754756 0.000425608
 0.579626 0.319396 0.0904232 0.00958974 0.000964695
 0.590525 0.334158 0.0633747 0.0107877 0.00115415
 0.515197 0.382792 0.0886342 0.0113896 0.00198719
 0.550838 0.335779 0.0964354 0.0148739 0.00207382
 0.410979 0.46741 0.100185 0.0184408 0.00298581
pobs_PELACES
 0 0 0 0 0
 0 0 0 0 0
 0 0 0 0 0
 0 0 0 0 0
 0 0 0 0 0
 0 0 0 0 0
 0 0 0 0 0
 0 0 0 0 0
 0 0 0 0 0
 0 0 0 0 0
 0.450072 0.473896 0.0757376 0.000293798 0
 0 0 0 0 0
 0.463077 0.371075 0.160297 0.00555027 0
 0.529543 0.364841 0.0842815 0.0213345 0
 0.631943 0.363953 0.00410389 0 0
 0.735681 0.248677 0.0153453 0.000297389 0
 0.695825 0.281241 0.0229344 0 0
 0.275771 0.60734 0.115278 0.00161068 0
 0 0 0 0 0
 0.896147 0.0623911 0.0374545 0.00400742 0
 0.803859 0.145111 0.0509908 3.86294e-05 0
 0.739449 0.233085 0.0266225 0.000797448 4.60066e-05
 0.878498 0.100942 0.0204185 0.000141795 0
 0.694673 0.275183 0.0284847 0.00165964 0
ppred_PELACES
 0.360847 0.454446 0.162621 0.0220802 6.02053e-06
 0.606615 0.24004 0.119402 0.0301601 0.00378344
 0.25339 0.644453 0.0716894 0.0241564 0.00631201
 0.508888 0.24094 0.227178 0.0165613 0.00643254
 0.667961 0.235002 0.055736 0.0377847 0.00351616
 0.390179 0.523512 0.06697 0.0114779 0.00786123
 0.762051 0.155999 0.0738999 0.00637145 0.00167924
 0.622235 0.347757 0.0221775 0.00711981 0.000711357
 0.680476 0.273767 0.0433623 0.00180886 0.00058548
 0.678856 0.279399 0.0376252 0.00392156 0.000197877
 0.525385 0.418651 0.0508912 0.00460808 0.000463941
 0.491075 0.402268 0.0981552 0.0077902 0.000711377
 0.687734 0.253431 0.0502264 0.00797575 0.000633316
 0.824269 0.16793 0.00688374 0.000792912 0.000123653
 0.821765 0.175082 0.00308213 6.35415e-05 7.59428e-06
 0.717175 0.272313 0.0104128 9.75154e-05 2.02718e-06
 0.635422 0.332681 0.0311476 0.000742659 6.4917e-06
 0.657253 0.294362 0.0455821 0.00274223 6.0452e-05
 0.532635 0.398539 0.0620301 0.00643281 0.000363604
 0.632202 0.2873 0.0720857 0.00764168 0.000770442
 0.608892 0.321492 0.0585166 0.0100239 0.00107522
 0.538592 0.368068 0.0810375 0.0104712 0.00183162
 0.584586 0.31617 0.0843607 0.013058 0.00182509
 0.455267 0.440912 0.0855041 0.0157594 0.00255759
pobs_pel_tallas
 0 0 0 0 0 0 0 0 0 0 0 0 0 0 0 0 0 0 0 0 0 0 0 0 0 0 0 0 0 0 0 0 0 0 0 0
 0 0 0 0 0 0 0 0 0 0 0 0 0 0 0 0 0 0 0 0 0 0 0 0 0 0 0 0 0 0 0 0 0 0 0 0
 0 0 0 0 0 0 0 0 0 0 0 0 0 0 0 0 0 0 0 0 0 0 0 0 0 0 0 0 0 0 0 0 0 0 0 0
 0 0 0 0 0 0 0 0 0 0 0 0 0 0 0 0 0 0 0 0 0 0 0 0 0 0 0 0 0 0 0 0 0 0 0 0
 0 0 0 0 0 0 0 0 0 0 0 0 0 0 0 0 0 0 0 0 0 0 0 0 0 0 0 0 0 0 0 0 0 0 0 0
 0 0 0 0 0 0 0 0 0 0 0 0 0 0 0 0 0 0 0 0 0 0 0 0 0 0 0 0 0 0 0 0 0 0 0 0
 0 0 0 0 0 0 0 0 0 0 0 0 0 0 0 0 0 0 0 0 0 0 0 0 0 0 0 0 0 0 0 0 0 0 0 0
 0 0 0 0 0 0 0 0 0 0 0 0 0 0 0 0 0 0 0 0 0 0 0 0 0 0 0 0 0 0 0 0 0 0 0 0
 0 0 0 0 0 0 0 0 0 0 0 0 0 0 0 0 0 0 0 0 0 0 0 0 0 0 0 0 0 0 0 0 0 0 0 0
 0 0 0 0 0 0 0 0 0 0 0 0 0 0 0 0 0 0 0 0 0 0 0 0 0 0 0 0 0 0 0 0 0 0 0 0
 0 0 0 0 0 0 0 0 1.78061e-05 0.00172719 0.00360574 0.0105946 0.0120993 0.0124554 0.0147524 0.0171206 0.0266825 0.0428682 0.0675386 0.121331 0.153587 0.119568 0.100827 0.0573624 0.0630603 0.0341343 0.0324427 0.0444173 0.0211091 0.0280891 0.0125444 0.00206551 0 0 0 0
 0 0 0 0 0 0 0 0 0 0 0 0 0 0 0 0 0 0 0 0 0 0 0 0 0 0 0 0 0 0 0 0 0 0 0 0
 0 0 0 0 0 0 0.0133647 0.0140871 0.0187388 0.0205184 0.03894 0.0496705 0.03968 0.0493445 0.0407372 0.0367815 0.0215668 0.0243155 0.0234873 0.0199281 0.019796 0.0243948 0.0301388 0.0376714 0.0412746 0.0863199 0.0771752 0.113111 0.0741005 0.0525337 0.0229764 0.00759418 0.00175318 0 0 0
 0 0 0 0 0 0 0 0 0 0 0.00219441 0.00772107 0.0458388 0.0604681 0.0671733 0.0775358 0.0609151 0.0617685 0.073594 0.0568108 0.0755445 0.0548602 0.0670107 0.0636378 0.0643287 0.046367 0.0373049 0.0286899 0.0247887 0.0153202 0.00654259 0.00121912 0.000365735 0 0 0
 0 0 0 0 0 0 0 0 0 0 0 0 0.000112435 0.00938835 0.0111873 0.0202946 0.0414886 0.0713402 0.111592 0.104902 0.108894 0.110636 0.117776 0.105296 0.107544 0.0401394 0.0192827 0.0124803 0.00416011 0.0028671 0.000618394 0 0 0 0 0
 0 0 0 0 0 0 0 0 0 0 0.00291406 0.0102884 0.027416 0.0768956 0.0749926 0.110853 0.0956884 0.0897413 0.0766577 0.0534642 0.0500743 0.0551293 0.0594112 0.0620874 0.0668451 0.0424026 0.0208742 0.0120726 0.0048766 0.00582813 0.00118941 0.000297354 0 0 0 0
 0 0.00264628 0.0354308 0.0461629 0.0458689 0.0383711 0.0214643 0.0164657 0.0346957 0.0420465 0.0363128 0.0245516 0.0311673 0.0291091 0.0169068 0.0133784 0.00837989 0.0085269 0.0148486 0.0160247 0.0276389 0.0546898 0.0760071 0.122758 0.109233 0.0665981 0.0333725 0.0166128 0.00676272 0.00308733 0.000882094 0 0 0 0 0
 0 0 0 0 0 0 0 0.000805153 0.000690131 0.00759144 0.0133425 0.0154129 0.00931677 0.000345066 0.00356568 0.00563607 0.00851162 0.0253048 0.0502646 0.0516448 0.0657925 0.0565908 0.0611916 0.0827007 0.0866115 0.110766 0.145733 0.0935128 0.0569358 0.0249597 0.0138026 0.00621118 0.00161031 0.00115022 0 0
 0 0 0 0 0 0 0 0 0 0 0 0 0 0 0 0 0 0 0 0 0 0 0 0 0 0 0 0 0 0 0 0 0 0 0 0
 0.00147267 0.00158595 0.00478618 0.00569244 0.00954404 0.0108468 0.00647125 0.017049 0.0510054 0.094081 0.124002 0.0959785 0.0687766 0.0820023 0.061753 0.0591476 0.0492212 0.0479892 0.0443925 0.0268479 0.0217502 0.0140895 0.0121071 0.0120363 0.00920419 0.00665534 0.0049561 0.00860946 0.00930331 0.0156896 0.0114698 0.00855282 0.00243557 0.00046729 0 2.83206e-05
 0 0 0 0 0.000772559 0.00158375 0.000888443 0.00281984 0.00712685 0.0440552 0.0773331 0.111326 0.0921469 0.0852325 0.0710754 0.0886704 0.0786465 0.0553345 0.0373146 0.0185414 0.00753245 0.00457741 0.012979 0.0271748 0.0457355 0.0583668 0.034881 0.0177882 0.00938659 0.00492506 0.0015258 0.00185414 0.000309023 5.79419e-05 3.86279e-05 0
 0 0.00173294 0.00326652 0 0.00397197 0.00683976 0.00946217 0.0152591 0.00757587 0.0136028 0.0228656 0.0392903 0.0559909 0.0764795 0.0681675 0.0726916 0.0566044 0.0477403 0.0527397 0.0444891 0.0609904 0.0582453 0.0661739 0.0445044 0.0529084 0.0360697 0.0280645 0.0235558 0.0158879 0.00826598 0.00280645 0.00217768 0.000904811 0.00058276 9.20147e-05 0
 0 0 0 0 0 0 0 0 0 0 0 0 0 0 0 0 0 0 0 0 0 0 0 0 0 0 0 0 0 0 0 0 0 0 0 0
 0 0 0 0 0 0 0 0 0 0 0 0 0 0 0 0 0 0 0 0 0 0 0 0 0 0 0 0 0 0 0 0 0 0 0 0
ppred_pel_tallas
 1.03216e-16 1.57661e-05 9.24792e-05 0.00043949 0.00169187 0.00527576 0.0133266 0.027271 0.0452162 0.060759 0.06621 0.058621 0.0424411 0.0257347 0.0142969 0.0093826 0.00945025 0.0126073 0.0176397 0.0238678 0.030742 0.0376258 0.0437905 0.0485281 0.0512998 0.0518532 0.0502684 0.0469153 0.0423436 0.0371452 0.0318346 0.0267789 0.0221859 0.0181331 0.0146172 0.0115991
 1.02987e-16 2.64739e-05 0.000155364 0.000738494 0.00284318 0.00886615 0.0223953 0.0458246 0.0759627 0.102026 0.111051 0.0980173 0.0703009 0.041305 0.0205657 0.0099499 0.0066243 0.00723236 0.00970615 0.0131003 0.0169523 0.0208925 0.0245334 0.0274971 0.0294864 0.0303438 0.0300772 0.0288401 0.0268784 0.0244638 0.0218371 0.0191758 0.0165906 0.0141398 0.0118527 0.00974846
 1.02353e-16 1.10879e-05 6.49973e-05 0.0003088 0.00118862 0.00370635 0.0093626 0.0191618 0.0317804 0.0427335 0.0466432 0.041477 0.03042 0.0192248 0.0120792 0.0100019 0.0120413 0.0169526 0.0238707 0.0321648 0.0411338 0.049877 0.0573611 0.0626077 0.0649138 0.064019 0.0601645 0.0540176 0.0464962 0.0385503 0.0309735 0.0242925 0.0187482 0.014347 0.0109491 0.00835495
 1.04173e-16 2.22129e-05 0.000130347 0.00061956 0.00238526 0.00743811 0.0187882 0.0384443 0.0637301 0.0856011 0.093186 0.0822803 0.0590816 0.0348508 0.0176111 0.0089584 0.0065503 0.00760515 0.0104152 0.0141994 0.0185597 0.0231501 0.0275845 0.0314664 0.034457 0.0363353 0.0370287 0.0366022 0.0352187 0.0330861 0.0304117 0.027377 0.0241326 0.0208069 0.0175161 0.0143696
 1.02331e-16 2.91485e-05 0.000171067 0.00081315 0.00313063 0.00976255 0.0246595 0.0504573 0.0836411 0.112335 0.122263 0.107892 0.077336 0.0453423 0.0223955 0.0105309 0.00660595 0.00690267 0.00912809 0.0122367 0.0157308 0.0192329 0.0223618 0.0247578 0.0261529 0.0264286 0.0256383 0.0239819 0.021747 0.0192353 0.0167006 0.0143137 0.0121591 0.0102538 0.00857677 0.00709589
 1.01883e-16 1.70476e-05 9.99975e-05 0.00047522 0.00182942 0.00570468 0.0144101 0.0294884 0.0488933 0.0657017 0.0716004 0.0634038 0.0459255 0.0278898 0.0155667 0.0103157 0.010467 0.0139618 0.0194618 0.0261898 0.0334956 0.0406284 0.0467444 0.0510467 0.0529611 0.052272 0.0491709 0.0441957 0.0380885 0.0316198 0.0254349 0.0199648 0.0154095 0.0117801 0.00896846 0.00681692
 1.01398e-16 3.32481e-05 0.000195142 0.000927623 0.00357141 0.0111371 0.0281315 0.0575606 0.0954125 0.128135 0.139432 0.122979 0.0880113 0.0513213 0.0248279 0.0108036 0.00561433 0.00498458 0.00629635 0.0084023 0.0108349 0.0133117 0.0155711 0.0173656 0.0185033 0.0188866 0.0185287 0.0175406 0.0160952 0.014383 0.0125729 0.0107899 0.00911072 0.00757303 0.00619042 0.00496548
 1.00707e-16 2.71591e-05 0.000159377 0.000757554 0.00291654 0.00909487 0.0229732 0.0470077 0.0779265 0.104671 0.113951 0.100626 0.0722786 0.0426804 0.0216428 0.0111128 0.00820987 0.00949724 0.0128254 0.0171494 0.0218702 0.0264464 0.0303089 0.03293 0.0339362 0.0331983 0.0308624 0.0273078 0.0230498 0.0186194 0.014458 0.0108567 0.00794404 0.00571481 0.00407895 0.00291067
 1.00795e-16 2.96958e-05 0.000174276 0.000828401 0.00318934 0.00994561 0.025122 0.0514038 0.0852109 0.114446 0.124568 0.109943 0.0788428 0.0462995 0.0230042 0.0110417 0.00721952 0.00775232 0.0102944 0.0137545 0.0175814 0.0213323 0.0245555 0.0268306 0.0278537 0.0275082 0.0258897 0.0232761 0.0200536 0.016625 0.0133308 0.0104014 0.00794842 0.00598475 0.00446048 0.00329797
 1.0077e-16 2.96254e-05 0.000173862 0.000826432 0.00318176 0.00992196 0.0250622 0.0512816 0.0850086 0.114175 0.124274 0.109687 0.078666 0.0462097 0.0229854 0.0110753 0.00729629 0.00787316 0.0104647 0.0139782 0.0178571 0.0216503 0.0248974 0.0271703 0.0281617 0.0277559 0.0260553 0.0233483 0.0200334 0.0165251 0.013172 0.0102087 0.0077459 0.0057927 0.00429294 0.00316236
 1.01039e-16 2.2939e-05 0.000134595 0.00063972 0.00246282 0.00767996 0.0193993 0.0396959 0.0658092 0.0884068 0.0962749 0.0850896 0.0612769 0.0365016 0.0190967 0.0107636 0.00912678 0.011325 0.0155484 0.0208661 0.0266605 0.0323063 0.0371224 0.04047 0.0418904 0.041214 0.0385991 0.0344832 0.0294691 0.0241826 0.019149 0.0147207 0.0110623 0.008184 0.00599676 0.00436886
 1.01826e-16 2.14423e-05 0.000125809 0.000597956 0.00230202 0.00717851 0.0181327 0.0371042 0.0615132 0.0826371 0.0899959 0.0795499 0.057309 0.0341818 0.0179647 0.0102581 0.0088539 0.0110908 0.0152888 0.020586 0.026407 0.0321608 0.0371956 0.0408902 0.0427853 0.0426873 0.0407078 0.0372213 0.032762 0.0278944 0.0231007 0.0187152 0.0149109 0.0117284 0.00912416 0.00701733
 1.011e-16 3.00114e-05 0.000176131 0.000837224 0.00322331 0.0100516 0.0253896 0.0519512 0.0861177 0.115662 0.125886 0.111094 0.0796412 0.0467142 0.02311 0.0109265 0.00692914 0.00728761 0.009634 0.0128785 0.016489 0.0200523 0.0231509 0.0253944 0.0264978 0.0263455 0.025016 0.0227537 0.0199027 0.0168241 0.0138239 0.0111107 0.00878841 0.00687465 0.00533277 0.00410297
 1.00186e-16 3.59615e-05 0.000211071 0.00100335 0.00386298 0.0120464 0.0304281 0.0622597 0.103202 0.138594 0.150811 0.13301 0.0951768 0.0554726 0.0267835 0.011559 0.00585684 0.00503763 0.00625196 0.00823995 0.0104785 0.0126501 0.0144692 0.0156798 0.0161028 0.0156787 0.0144822 0.0127012 0.0105902 0.00841029 0.00637858 0.0046376 0.00324945 0.00220964 0.00147097 0.000967985
 1.00104e-16 3.58525e-05 0.000210431 0.00100031 0.00385125 0.0120098 0.0303357 0.0620708 0.102889 0.138175 0.150356 0.132613 0.0949014 0.0553297 0.0267472 0.011599 0.00595742 0.00519833 0.00647995 0.0085417 0.0108537 0.0130882 0.0149478 0.0161661 0.0165583 0.0160647 0.0147667 0.0128647 0.0106278 0.00833191 0.00620574 0.0043986 0.00297429 0.00192564 0.00119991 0.000724776
 1.00241e-16 3.12959e-05 0.000183671 0.000873063 0.0033613 0.0104819 0.0264765 0.0541753 0.0898045 0.120614 0.131276 0.115852 0.0830547 0.0487211 0.0241102 0.0114084 0.00723895 0.00760108 0.0100145 0.0133272 0.0169653 0.0204784 0.023415 0.0253616 0.0260285 0.0253196 0.0233572 0.0204477 0.017005 0.0134543 0.0101492 0.00732158 0.00507261 0.00339474 0.00221064 0.00141286
 1.00577e-16 2.77336e-05 0.000162751 0.000773597 0.00297831 0.00928751 0.0234597 0.0480032 0.079576 0.106885 0.116356 0.102737 0.0737684 0.0435064 0.0219627 0.0111163 0.00801679 0.0091491 0.0123193 0.0164711 0.0210144 0.0254271 0.0291631 0.0317151 0.0327221 0.0320555 0.0298497 0.0264625 0.0223831 0.0181178 0.0140906 0.0105838 0.00772684 0.00552219 0.00389091 0.00271855
 1.00841e-16 2.8684e-05 0.000168334 0.000800148 0.00308055 0.00960635 0.024265 0.0496506 0.0823057 0.110547 0.120331 0.10622 0.0762106 0.044829 0.0224131 0.0109901 0.00748954 0.00826436 0.0110494 0.0147781 0.0188907 0.0229187 0.0263779 0.0288165 0.0299084 0.0295284 0.0277803 0.0249634 0.0214935 0.0178045 0.0142626 0.0111155 0.00848276 0.00637788 0.00474646 0.00350435
 1.01249e-16 2.32543e-05 0.000136448 0.000648533 0.00249676 0.0077858 0.0196666 0.0402427 0.066715 0.0896215 0.0975919 0.0862398 0.0620753 0.0369174 0.0192053 0.0106536 0.00884503 0.0108738 0.0149081 0.0200187 0.0256067 0.0310761 0.0357786 0.0391041 0.0406108 0.0401285 0.0377965 0.034018 0.0293536 0.0243881 0.0196148 0.0153671 0.0118056 0.00894835 0.00672236 0.00501536
 1.01416e-16 2.75914e-05 0.00016192 0.000769656 0.00296315 0.00924025 0.0233403 0.0477585 0.0791693 0.106335 0.115748 0.10218 0.0733214 0.0431498 0.0216122 0.0106634 0.00735637 0.00819016 0.0109931 0.0147455 0.0189124 0.0230433 0.0266675 0.0293406 0.0307338 0.030707 0.0293378 0.0268904 0.0237431 0.0202956 0.01689 0.013763 0.011038 0.00874493 0.00685458 0.00531206
 1.01331e-16 2.65763e-05 0.000155958 0.000741303 0.00285397 0.00889978 0.0224803 0.0459992 0.0762543 0.102424 0.111501 0.0984548 0.0707019 0.0417156 0.0210923 0.0107332 0.00781741 0.00898376 0.012138 0.0162757 0.0208375 0.0253262 0.029217 0.0320163 0.0333646 0.0331184 0.0313814 0.0284682 0.0248199 0.0208977 0.0170918 0.013667 0.0107533 0.00836937 0.00646453 0.00495818
 1.01716e-16 2.35129e-05 0.000137968 0.000655769 0.00252463 0.00787271 0.0198861 0.0406916 0.0674583 0.090617 0.0986683 0.0871729 0.0627075 0.0372145 0.0192159 0.0104328 0.00840913 0.0102011 0.0139617 0.0187727 0.0240669 0.0292938 0.033856 0.0371867 0.0388689 0.0387303 0.0368783 0.0336611 0.0295719 0.0251296 0.0207754 0.0168123 0.0133935 0.0105498 0.00823434 0.00636714
 1.01835e-16 2.55163e-05 0.000149735 0.00071172 0.00274007 0.00854458 0.0215831 0.0441634 0.0732114 0.0983376 0.107055 0.0945356 0.0679015 0.0400915 0.0203243 0.0104314 0.007712 0.00894713 0.012133 0.0163095 0.0209397 0.0255413 0.0295999 0.0326266 0.0342576 0.0343349 0.0329377 0.0303494 0.0269779 0.0232553 0.0195513 0.0161228 0.0131044 0.0105312 0.00837617 0.0065858
 1.02019e-16 1.98825e-05 0.000116648 0.000554395 0.00213429 0.00665544 0.0168115 0.0344012 0.057034 0.0766259 0.0834654 0.0738156 0.053261 0.0319338 0.0170872 0.0102344 0.00935679 0.0120062 0.0166244 0.0223825 0.0286834 0.0348868 0.0402807 0.044189 0.0461167 0.0458636 0.0435665 0.0396507 0.0347144 0.0293843 0.0241909 0.019495 0.0154748 0.0121591 0.00948269 0.00734099
pSPR Fmed_Fpbrs
0.367774   0.6 0.325
Fs Fmed_Fpbrs
1.38346   0.482386 1.73025
SSBpbr Bo_Bmed_Bpbrs
737600  234390  405680 202840
Ro
24343
SPR SPRFo_SPRFmed_SPRFpbrs
500823 184190 162768
log_Ro
9.92
likeval ReclasPelacesDesembMPH_pf_preclas_ppelaces_ptallas_desvR_qrecl_qpela
 73.1233 12.5195 0.112597 0.000163934 292.18 164.737 82.8758 0 21.3788 3.35918e-05 0.000345798 1.19659e-14 0 0 0
q_reclas_q_pelaces
2.27344 14.0919
M
0.7
N
 22383.2 15452.8 4746.65 597.682 0.159937
 43330.5 10467 4790.43 1128.77 139.009
 7821.3 19882.1 2796.76 903.127 232.009
 12487.5 3290.34 2689.12 181.95 69.3595
 39386.5 5824.01 998.988 618.999 56.4866
 19049.8 19300.3 2605.6 421.455 283.554
 62682.8 8419.68 3844.72 310.444 80.3409
 60997.4 28398.6 2036.27 620.272 60.8957
 73651.1 26497.6 4939.67 196.276 62.438
 113655 31597.4 4179.11 408.579 20.2455
 71709.2 51229 7341.45 633.277 62.6639
 48447.8 30750.5 8051.24 603.906 54.1767
 49464.7 21316.1 5911.39 907.345 70.8671
 29025.6 20241.8 2321.07 274.051 42.1716
 12815.1 9830.98 500.174 10.5991 1.25018
 9931.82 4301.98 226.53 2.0478 0.0418694
 7763.89 4082.07 484.763 11.0796 0.0952178
 9238.31 3263.48 548.519 31.2173 0.676109
 8165.11 4051.97 612.131 59.4871 3.30173
 10969.7 3692.25 965.563 96.4986 9.55665
 16970.2 4864.95 755.413 119.942 12.626
 20663.3 7949.13 1528.26 183.398 31.4857
 28854.8 9617.63 2375.58 343.197 47.0919
 19972.8 13217.9 2536.38 438.787 69.9319
pred_Ctot
 941.991 4289.59 1854.67 238.597 0.0639202
 2378.87 3601.93 2256.44 542.018 66.8185
 867.921 11177.3 1944.96 635.514 163.362
 548.133 945.767 1083.58 74.8825 28.5773
 374.628 417.441 109.098 69.5148 6.35303
 1516.53 8749.99 1539.97 252.99 170.352
 3972.82 3235.44 1987.2 163.355 42.3153
 5535.41 14070.2 1289.42 398.347 39.1372
 7268.34 13859.7 3258.5 131.188 41.7616
 7587.91 12622.7 2230.43 221.886 11.0048
 7097.07 26844.4 4849.43 423.834 41.9681
 3999.35 14295.1 4853.2 369.584 33.1821
 6328.86 12998.7 4352.5 674.894 52.7399
 6784.02 16007.3 2010.36 238.427 36.6983
 3053.75 7821.33 434.707 9.25188 1.09152
 1244.37 2593.29 165.475 1.51151 0.0309212
 865.566 2301.21 337.79 7.81156 0.0671742
 781.309 1542.39 334.934 19.3475 0.419362
 527.712 1580.05 320.256 31.6785 1.75991
 849.011 1641.22 561.815 57.0447 5.65412
 694.62 1319.56 289.161 46.9172 4.94455
 935.335 2343.37 629.657 77.1561 13.2609
 1616.45 3362.28 1134.09 166.994 22.9373
 1360.27 5358.58 1370.11 241.133 38.4658
F
 0.0600857 0.471174 0.736311 0.758784 0.760005
 0.0790341 0.619761 0.968511 0.998071 0.999677
 0.165858 1.30061 2.03248 2.09452 2.09789
 0.0627422 0.492005 0.768864 0.79233 0.793605
 0.0133038 0.104324 0.16303 0.168005 0.168276
 0.116482 0.913419 1.42742 1.47098 1.47335
 0.0917469 0.71945 1.1243 1.15861 1.16048
 0.133778 1.04904 1.63936 1.68939 1.69211
 0.146264 1.14696 1.79237 1.84707 1.85004
 0.0968591 0.759539 1.18694 1.22317 1.22514
 0.146713 1.15048 1.79787 1.85275 1.85573
 0.121023 0.949025 1.48306 1.52832 1.53078
 0.193509 1.51744 2.37132 2.4437 2.44763
 0.382641 3.00055 4.68901 4.83212 4.8399
 0.39155 3.07042 4.79819 4.94463 4.95259
 0.189139 1.48317 2.31778 2.38852 2.39236
 0.166691 1.30714 2.04269 2.10503 2.10842
 0.124157 0.973601 1.52146 1.5679 1.57042
 0.0936337 0.734246 1.14742 1.18244 1.18434
 0.113078 0.886726 1.3857 1.42799 1.43029
 0.0583963 0.457926 0.715608 0.737449 0.738635
 0.0647592 0.507821 0.793581 0.817802 0.819117
 0.0807047 0.632861 0.988983 1.01917 1.02081
 0.098895 0.775504 1.21189 1.24888 1.25089
nmprior
 10 10 8 0
nm_flota  nm_reclas  nm_pelaces    nm_pelaL
inf 22.5016 10.4235 16.6578
cv_recla  cv_pelaces  cv_mph
0.791689 0.41635 0.415406
 ------------------------------------------------
Talla a la edad & desviación 
 7.2 14.2025 17.0495 18.207 18.6776
 1.08 2.13037 2.55742 2.73105 2.80164
