years
 1997 1998 1999 2000 2001 2002 2003 2004 2005 2006 2007 2008 2009 2010 2011 2012 2013 2014 2015 2016 2017 2018 2019 2020
reclasobs
 0 0 0 370054 412103 1.49427e+06 250295 1.28982e+06 931140 785840 897777 1.04006e+06 184774 17550 25797 100020 73551 82996 120727 218422 84188 347160 605670 569463
reclaspred
 464463 137452 474226 338464 439953 516216 1.08687e+06 682533 699776 578115 440094 294023 178687 85415.5 62872.8 66223.3 85677.7 119019 127634 182591 261097 243526 437222 544542
pelacesobs
 0 0 0 0 0 0 0 0 0 2.06254e+06 1.5e+06 0 1.87456e+06 323000 250000 174000 83755 137374 0 501740 490994 745055 786931 1.00524e+06
pelacespred
 1.92352e+06 524222 1.05496e+06 1.16763e+06 1.27945e+06 1.28354e+06 2.90112e+06 2.40079e+06 2.1179e+06 1.79135e+06 1.23112e+06 844301 507884 205856 147649 165232 222144 311053 346408 478529 755531 691254 977137 1.43414e+06
mphobs
 0 0 0 0 0 112323 0 153150 637223 0 255016 313432 73983 77613 109348 50772 0 0 0 0 0 0 0 0
mphpred
 165043 115449 153095 211319 199733 280165 418763 470836 380321 351080 299229 206824 127787 67319.9 34180.8 30594.4 37931.4 53992.6 67811.5 78909.8 116740 136862 177193 258930
desembarqueobs
 350755 77701 442110 56441 14545 235359 269955 359681 431902 328805 639364 411747 362871 311530 167758 66681 60226 58785 57116 71774 51957 67425 138520 160799
desembarquepred
 350765 77704.8 442156 56442.7 14545.1 235392 269981 359714 431982 328874 639782 412110 363377 312151 167863 66699.6 60246.9 58789.5 57115.7 71778.1 51958.8 67423.3 138524 160803
Reclutas
 82804.7 102998 67117.8 94926.5 153880 116138 167606 144294 153506 137429 68716.5 41988 41636.8 24402 19852.4 25821.1 22477.7 25050.5 29359.5 50720.2 64262.6 88043.3 145554 156116
log_desv_Rt
 0.20424 0.422463 -0.00579613 0.340858 0.82393 0.542538 0.909373 0.759606 0.821497 0.710862 0.0177446 -0.474861 -0.48326 -1.01758 -1.22392 -0.961054 -1.09972 -0.991351 -0.83263 -0.285919 -0.0492669 0.265584 0.768304 0.838356
SSB
 987871 691024 916355 1.26486e+06 1.19551e+06 1.67694e+06 2.50653e+06 2.81821e+06 2.27643e+06 2.1014e+06 1.79105e+06 1.23795e+06 764876 402946 204591 183124 227040 323175 405889 472318 698753 819194 1.0606e+06 1.54984e+06
BT
 3.40751e+06 960166 1.93196e+06 1.91333e+06 2.04905e+06 2.21561e+06 4.81887e+06 4.22333e+06 3.76964e+06 3.16565e+06 2.5392e+06 1.72071e+06 1.1654e+06 629375 380208 318884 403990 542381 598819 821409 1.24771e+06 1.1582e+06 1.64729e+06 2.41009e+06
Ftot
 0.294816 0.211533 0.283222 0.0518559 0.0115283 0.12382 0.0777856 0.161392 0.191207 0.168926 0.382522 0.360087 0.562728 0.982344 0.872383 0.338471 0.238752 0.157981 0.133424 0.133735 0.0657497 0.0847017 0.0972793 0.0922662
BD_Bspro_t
 0.96464 0.832652 0.814015 0.735894 0.816066 0.891862 0.869781 0.870187 0.823203 0.780339 0.733343 0.586912 0.475035 0.360145 0.243093 0.263965 0.389146 0.561503 0.667827 0.74474 0.82488 0.877612 0.885245 0.890397
BD_Bspro
 0.711271 0.49754 0.659779 0.910705 0.860774 1.2074 1.80471 2.02912 1.63904 1.51302 1.28956 0.891331 0.550714 0.290123 0.147306 0.13185 0.16347 0.232687 0.292241 0.340071 0.503105 0.589823 0.763633 1.11589
BD_Bo
 0.626804 0.438455 0.581428 0.802555 0.758554 1.06402 1.59039 1.78815 1.44439 1.33334 1.13642 0.785481 0.485314 0.255669 0.129813 0.116192 0.144057 0.205055 0.257536 0.299686 0.443359 0.519779 0.672949 0.983372
BD_Brms
 1.13964 0.797191 1.05714 1.45919 1.37919 1.93458 2.89162 3.25119 2.62617 2.42426 2.06622 1.42815 0.882389 0.464854 0.236023 0.211259 0.261922 0.372827 0.468248 0.544884 0.806107 0.945053 1.22354 1.78795
S_f
 0.208011 1 1 1 1
 0.208011 1 1 1 1
 0.208011 1 1 1 1
 0.208011 1 1 1 1
 0.208011 1 1 1 1
 0.208011 1 1 1 1
 0.208011 1 1 1 1
 0.208011 1 1 1 1
 0.208011 1 1 1 1
 0.208011 1 1 1 1
 0.208011 1 1 1 1
 0.208011 1 1 1 1
 0.208011 1 1 1 1
 0.208011 1 1 1 1
 0.208011 1 1 1 1
 0.208011 1 1 1 1
 0.208011 1 1 1 1
 0.208011 1 1 1 1
 0.208011 1 1 1 1
 0.208011 1 1 1 1
 0.208011 1 1 1 1
 0.208011 1 1 1 1
 0.208011 1 1 1 1
 0.208011 1 1 1 1
Scru_reclas
 1 1 1 1 1
 1 1 1 1 1
 1 1 1 1 1
 1 1 1 1 1
 1 1 1 1 1
 1 1 1 1 1
 1 1 1 1 1
 1 1 1 1 1
 1 1 1 1 1
 1 1 1 1 1
 1 1 1 1 1
 1 1 1 1 1
 1 1 1 1 1
 1 1 1 1 1
 1 1 1 1 1
 1 1 1 1 1
 1 1 1 1 1
 1 1 1 1 1
 1 1 1 1 1
 1 1 1 1 1
 1 1 1 1 1
 1 1 1 1 1
 1 1 1 1 1
 1 1 1 1 1
Scru_pelaces
 0.965705 1 1 1 1
 0.965705 1 1 1 1
 0.965705 1 1 1 1
 0.965705 1 1 1 1
 0.965705 1 1 1 1
 0.965705 1 1 1 1
 0.965705 1 1 1 1
 0.965705 1 1 1 1
 0.965705 1 1 1 1
 0.965705 1 1 1 1
 0.965705 1 1 1 1
 0.965705 1 1 1 1
 0.965705 1 1 1 1
 0.965705 1 1 1 1
 0.965705 1 1 1 1
 0.965705 1 1 1 1
 0.965705 1 1 1 1
 0.965705 1 1 1 1
 0.965705 1 1 1 1
 0.965705 1 1 1 1
 0.965705 1 1 1 1
 0.965705 1 1 1 1
 0.965705 1 1 1 1
 0.965705 1 1 1 1
pf_obs 
 0.256992 0.487395 0.22802 0.0275931 0
 0.321318 0.546541 0.124235 0.00734118 0.000564706
 0.182869 0.594174 0.210203 0.0122559 0.00049798
 0.330522 0.361315 0.267642 0.0388342 0.00168674
 0.649043 0.306663 0.0425973 0.00169635 0
 0.582887 0.30429 0.105238 0.00758474 0
 0.465427 0.430635 0.0974691 0.00646863 0
 0.296916 0.608066 0.0921331 0.00288517 0
 0.311714 0.524322 0.152257 0.0117073 0
 0.15457 0.633149 0.183074 0.0267441 0.00246327
 0.131901 0.49318 0.331252 0.0422183 0.00144891
 0.196976 0.569456 0.194076 0.0375587 0.00193317
 0.518974 0.381816 0.0799577 0.0180837 0.00116848
 0.0928022 0.601141 0.25162 0.0475244 0.00691264
 0.122501 0.610282 0.24278 0.0234846 0.000952079
 0.383417 0.481906 0.127806 0.00687128 0
 0.0376549 0.599619 0.316969 0.0457579 0
 0.0361596 0.667082 0.258105 0.0386534 0
 0.158088 0.579412 0.248529 0.0139706 0
 0.0477256 0.309471 0.559284 0.082774 0.000745712
 0.0406174 0.521527 0.379366 0.0568643 0.0016247
 0.151134 0.462217 0.34131 0.0453401 0
 0.294876 0.26143 0.354403 0.0886775 0.000613685
 0.281977 0.475581 0.204845 0.0348837 0.00271318
pf_pred 
 0.393983 0.428072 0.159175 0.0187606 9.17809e-06
 0.317542 0.533195 0.105435 0.0392051 0.00462303
 0.182512 0.581237 0.184579 0.0364991 0.0151723
 0.260159 0.406602 0.236935 0.0752416 0.0210632
 0.303965 0.441063 0.140127 0.0816547 0.0331895
 0.183277 0.554127 0.166402 0.0528664 0.0433278
 0.253452 0.397719 0.236672 0.0710715 0.0410853
 0.195738 0.505234 0.159306 0.0947986 0.0449242
 0.215142 0.437231 0.218378 0.0688569 0.0603926
 0.196001 0.473949 0.183865 0.0918328 0.0543523
 0.12104 0.490758 0.228841 0.0887773 0.0705838
 0.121189 0.387402 0.274373 0.12794 0.0890955
 0.191086 0.354767 0.200199 0.141789 0.112159
 0.182767 0.486898 0.144876 0.0817552 0.103704
 0.258531 0.468965 0.162355 0.0483086 0.0618411
 0.344325 0.470276 0.117261 0.0405957 0.0275421
 0.240602 0.566893 0.138072 0.0344277 0.0200051
 0.245789 0.474495 0.208809 0.0508575 0.0200498
 0.249885 0.470386 0.175985 0.0774453 0.0262988
 0.329112 0.422404 0.155821 0.0582973 0.0343665
 0.285183 0.510795 0.128456 0.0473864 0.0281798
 0.284559 0.474943 0.171855 0.0432186 0.025424
 0.32651 0.447909 0.149752 0.0541867 0.0216433
 0.251223 0.530723 0.145018 0.0484846 0.0245512
pobs_RECLAS
 0 0 0 0 0
 0 0 0 0 0
 0 0 0 0 0
 0 0 0 0 0
 0.835266 0.146461 0.0176864 0.000547809 3.91292e-05
 0.385257 0.428462 0.181853 0.0044286 0
 0.867414 0.0963971 0.0333333 0.00285562 0
 0.441836 0.489002 0.0689373 0.000224442 0
 0.779404 0.147425 0.0564933 0.0165055 0.000172143
 0.814271 0.122319 0.05973 0.00367925 0
 0.40263 0.566651 0.0304383 0.000280538 0
 0.475488 0.404961 0.113038 0.00651328 0
 0.955842 0.0263864 0.0167828 0.000988607 0
 0.975058 0.0227948 0.00214734 0 0
 0.738997 0.206755 0.0527124 0.00153531 0
 0.850938 0.134255 0.0134407 0.00136685 0
 0.542534 0.407297 0.0501686 0 0
 0.764087 0.199537 0.0359546 0.000420521 0
 0.470689 0.182191 0.310203 0.0369168 0
 0.84361 0.089868 0.0606195 0.00523954 0.000663233
 0.607945 0.314616 0.071237 0.00620181 0
 0.523733 0.453247 0.0230204 0 0
 0.530135 0.295979 0.169645 0.0042399 0
 0.562478 0.366248 0.0663022 0.0049721 0
ppred_RECLAS
 0.760684 0.169046 0.0628583 0.00740857 3.62443e-06
 0.693493 0.23947 0.0473532 0.0176079 0.00207631
 0.521691 0.340079 0.107997 0.0213554 0.00887722
 0.6289 0.203949 0.118845 0.0377407 0.0105652
 0.677479 0.204375 0.0649306 0.0378362 0.015379
 0.520521 0.325315 0.0976905 0.0310366 0.0254367
 0.620973 0.201925 0.12016 0.0360835 0.0208593
 0.541261 0.288178 0.0908656 0.0540717 0.0256241
 0.57105 0.238961 0.11935 0.0376325 0.0330065
 0.541785 0.270112 0.104788 0.0523373 0.0309764
 0.403888 0.332833 0.1552 0.0602089 0.04787
 0.403825 0.262809 0.186131 0.0867931 0.0604414
 0.541184 0.201224 0.113553 0.0804227 0.0636163
 0.538391 0.275021 0.0818321 0.0461789 0.0585766
 0.642298 0.22624 0.0783239 0.0233052 0.0298336
 0.720313 0.200602 0.0500193 0.0173166 0.0117484
 0.606811 0.293517 0.0714888 0.0178254 0.0103579
 0.612343 0.243886 0.107326 0.0261403 0.0103054
 0.617215 0.240039 0.0898056 0.0395205 0.0134203
 0.703659 0.186582 0.0688285 0.0257508 0.0151802
 0.658012 0.244378 0.0614569 0.0226709 0.013482
 0.657543 0.227339 0.082261 0.0206872 0.0121696
 0.700772 0.199003 0.0665339 0.0240748 0.009616
 0.618367 0.270496 0.073912 0.0247114 0.0125131
pobs_PELACES
 0 0 0 0 0
 0 0 0 0 0
 0 0 0 0 0
 0 0 0 0 0
 0 0 0 0 0
 0 0 0 0 0
 0 0 0 0 0
 0 0 0 0 0
 0 0 0 0 0
 0 0 0 0 0
 0.450072 0.473896 0.0757376 0.000293798 0
 0 0 0 0 0
 0.463077 0.371075 0.160297 0.00555027 0
 0.529543 0.364841 0.0842815 0.0213345 0
 0.631943 0.363953 0.00410389 0 0
 0.735681 0.248677 0.0153453 0.000297389 0
 0.695825 0.281241 0.0229344 0 0
 0.275771 0.60734 0.115278 0.00161068 0
 0 0 0 0 0
 0.896147 0.0623911 0.0374545 0.00400742 0
 0.803859 0.145111 0.0509908 3.86294e-05 0
 0.739449 0.233085 0.0266225 0.000797448 4.60066e-05
 0.878498 0.100942 0.0204185 0.000141795 0
 0.694673 0.275183 0.0284847 0.00165964 0
ppred_PELACES
 0.768273 0.163685 0.0608648 0.00717362 3.50949e-06
 0.697809 0.236097 0.0466863 0.0173599 0.00204707
 0.531445 0.333145 0.105794 0.02092 0.0086962
 0.623905 0.206694 0.120444 0.0382487 0.0107074
 0.670474 0.208814 0.066341 0.0386581 0.015713
 0.519889 0.325744 0.0978194 0.0310776 0.0254703
 0.617538 0.203754 0.121249 0.0364104 0.0210483
 0.543069 0.287042 0.0905074 0.0538586 0.0255231
 0.574739 0.236905 0.118324 0.0373089 0.0327226
 0.544082 0.268759 0.104263 0.052075 0.0308212
 0.41965 0.324033 0.151097 0.0586169 0.0466043
 0.418159 0.25649 0.181656 0.0847064 0.0589882
 0.568881 0.189077 0.106698 0.075568 0.0597761
 0.592839 0.242582 0.0721799 0.040732 0.0516674
 0.685348 0.199011 0.0688976 0.0205004 0.0262431
 0.730976 0.192955 0.0481123 0.0166564 0.0113005
 0.613354 0.288633 0.0702993 0.0175288 0.0101856
 0.613859 0.242932 0.106906 0.026038 0.0102651
 0.617209 0.240042 0.089807 0.0395211 0.0134205
 0.70367 0.186575 0.0688258 0.0257498 0.0151796
 0.654015 0.247234 0.0621751 0.0229359 0.0136395
 0.654664 0.22925 0.0829526 0.0208611 0.0122719
 0.698782 0.200327 0.0669764 0.024235 0.00967995
 0.61582 0.272302 0.0744054 0.0248764 0.0125967
pobs_pel_tallas
 0 0 0 0 0 0 0 0 0 0 0 0 0 0 0 0 0 0 0 0 0 0 0 0 0 0 0 0 0 0 0 0 0 0 0 0
 0 0 0 0 0 0 0 0 0 0 0 0 0 0 0 0 0 0 0 0 0 0 0 0 0 0 0 0 0 0 0 0 0 0 0 0
 0 0 0 0 0 0 0 0 0 0 0 0 0 0 0 0 0 0 0 0 0 0 0 0 0 0 0 0 0 0 0 0 0 0 0 0
 0 0 0 0 0 0 0 0 0 0 0 0 0 0 0 0 0 0 0 0 0 0 0 0 0 0 0 0 0 0 0 0 0 0 0 0
 0 0 0 0 0 0 0 0 0 0 0 0 0 0 0 0 0 0 0 0 0 0 0 0 0 0 0 0 0 0 0 0 0 0 0 0
 0 0 0 0 0 0 0 0 0 0 0 0 0 0 0 0 0 0 0 0 0 0 0 0 0 0 0 0 0 0 0 0 0 0 0 0
 0 0 0 0 0 0 0 0 0 0 0 0 0 0 0 0 0 0 0 0 0 0 0 0 0 0 0 0 0 0 0 0 0 0 0 0
 0 0 0 0 0 0 0 0 0 0 0 0 0 0 0 0 0 0 0 0 0 0 0 0 0 0 0 0 0 0 0 0 0 0 0 0
 0 0 0 0 0 0 0 0 0 0 0 0 0 0 0 0 0 0 0 0 0 0 0 0 0 0 0 0 0 0 0 0 0 0 0 0
 0 0 0 0 0 0 0 0 0 0 0 0 0 0 0 0 0 0 0 0 0 0 0 0 0 0 0 0 0 0 0 0 0 0 0 0
 0 0 0 0 0 0 0 0 1.78061e-05 0.00172719 0.00360574 0.0105946 0.0120993 0.0124554 0.0147524 0.0171206 0.0266825 0.0428682 0.0675386 0.121331 0.153587 0.119568 0.100827 0.0573624 0.0630603 0.0341343 0.0324427 0.0444173 0.0211091 0.0280891 0.0125444 0.00206551 0 0 0 0
 0 0 0 0 0 0 0 0 0 0 0 0 0 0 0 0 0 0 0 0 0 0 0 0 0 0 0 0 0 0 0 0 0 0 0 0
 0 0 0 0 0 0 0.0133647 0.0140871 0.0187388 0.0205184 0.03894 0.0496705 0.03968 0.0493445 0.0407372 0.0367815 0.0215668 0.0243155 0.0234873 0.0199281 0.019796 0.0243948 0.0301388 0.0376714 0.0412746 0.0863199 0.0771752 0.113111 0.0741005 0.0525337 0.0229764 0.00759418 0.00175318 0 0 0
 0 0 0 0 0 0 0 0 0 0 0.00219441 0.00772107 0.0458388 0.0604681 0.0671733 0.0775358 0.0609151 0.0617685 0.073594 0.0568108 0.0755445 0.0548602 0.0670107 0.0636378 0.0643287 0.046367 0.0373049 0.0286899 0.0247887 0.0153202 0.00654259 0.00121912 0.000365735 0 0 0
 0 0 0 0 0 0 0 0 0 0 0 0 0.000112435 0.00938835 0.0111873 0.0202946 0.0414886 0.0713402 0.111592 0.104902 0.108894 0.110636 0.117776 0.105296 0.107544 0.0401394 0.0192827 0.0124803 0.00416011 0.0028671 0.000618394 0 0 0 0 0
 0 0 0 0 0 0 0 0 0 0 0.00291406 0.0102884 0.027416 0.0768956 0.0749926 0.110853 0.0956884 0.0897413 0.0766577 0.0534642 0.0500743 0.0551293 0.0594112 0.0620874 0.0668451 0.0424026 0.0208742 0.0120726 0.0048766 0.00582813 0.00118941 0.000297354 0 0 0 0
 0 0.00264628 0.0354308 0.0461629 0.0458689 0.0383711 0.0214643 0.0164657 0.0346957 0.0420465 0.0363128 0.0245516 0.0311673 0.0291091 0.0169068 0.0133784 0.00837989 0.0085269 0.0148486 0.0160247 0.0276389 0.0546898 0.0760071 0.122758 0.109233 0.0665981 0.0333725 0.0166128 0.00676272 0.00308733 0.000882094 0 0 0 0 0
 0 0 0 0 0 0 0 0.000805153 0.000690131 0.00759144 0.0133425 0.0154129 0.00931677 0.000345066 0.00356568 0.00563607 0.00851162 0.0253048 0.0502646 0.0516448 0.0657925 0.0565908 0.0611916 0.0827007 0.0866115 0.110766 0.145733 0.0935128 0.0569358 0.0249597 0.0138026 0.00621118 0.00161031 0.00115022 0 0
 0 0 0 0 0 0 0 0 0 0 0 0 0 0 0 0 0 0 0 0 0 0 0 0 0 0 0 0 0 0 0 0 0 0 0 0
 0.00147267 0.00158595 0.00478618 0.00569244 0.00954404 0.0108468 0.00647125 0.017049 0.0510054 0.094081 0.124002 0.0959785 0.0687766 0.0820023 0.061753 0.0591476 0.0492212 0.0479892 0.0443925 0.0268479 0.0217502 0.0140895 0.0121071 0.0120363 0.00920419 0.00665534 0.0049561 0.00860946 0.00930331 0.0156896 0.0114698 0.00855282 0.00243557 0.00046729 0 2.83206e-05
 0 0 0 0 0.000772559 0.00158375 0.000888443 0.00281984 0.00712685 0.0440552 0.0773331 0.111326 0.0921469 0.0852325 0.0710754 0.0886704 0.0786465 0.0553345 0.0373146 0.0185414 0.00753245 0.00457741 0.012979 0.0271748 0.0457355 0.0583668 0.034881 0.0177882 0.00938659 0.00492506 0.0015258 0.00185414 0.000309023 5.79419e-05 3.86279e-05 0
 0 0.00173294 0.00326652 0 0.00397197 0.00683976 0.00946217 0.0152591 0.00757587 0.0136028 0.0228656 0.0392903 0.0559909 0.0764795 0.0681675 0.0726916 0.0566044 0.0477403 0.0527397 0.0444891 0.0609904 0.0582453 0.0661739 0.0445044 0.0529084 0.0360697 0.0280645 0.0235558 0.0158879 0.00826598 0.00280645 0.00217768 0.000904811 0.00058276 9.20147e-05 0
 0 0 0 0 0 0 0 0 0 0 0 0 0 0 0 0 0 0 0 0 0 0 0 0 0 0 0 0 0 0 0 0 0 0 0 0
 0 0 0 0 0 0 0 0 0 0 0 0 0 0 0 0 0 0 0 0 0 0 0 0 0 0 0 0 0 0 0 0 0 0 0 0
ppred_pel_tallas
 1.01165e-16 3.35197e-05 0.000196736 0.0009352 0.00360058 0.0112281 0.0283612 0.0580308 0.096192 0.129182 0.140573 0.123988 0.088739 0.0517569 0.0250594 0.0109388 0.00573187 0.00512748 0.00648292 0.00863514 0.0111034 0.0135919 0.0158258 0.0175478 0.0185628 0.0187786 0.0182226 0.0170264 0.0153866 0.0135154 0.0115978 0.00976646 0.00809738 0.00662 0.00533488 0.00422972
 1.01432e-16 3.04501e-05 0.000178708 0.000849478 0.0032705 0.0101987 0.0257613 0.0527116 0.0873775 0.117352 0.127721 0.112701 0.0807678 0.0473235 0.0233157 0.0108643 0.00667861 0.00686692 0.00902764 0.0120654 0.0154616 0.0188278 0.021776 0.0239439 0.0250657 0.0250321 0.0239122 0.0219274 0.0193904 0.0166286 0.0139179 0.0114453 0.0093022 0.00750303 0.00601531 0.0047882
 1.02736e-16 2.31998e-05 0.000136134 0.000647054 0.00249108 0.00776812 0.0196219 0.0401507 0.0665608 0.0894091 0.097347 0.085991 0.0618259 0.0366287 0.0187995 0.0100271 0.0078807 0.00945403 0.0129336 0.0174361 0.02244 0.0274517 0.031934 0.0353711 0.0373739 0.0377639 0.0366067 0.0341792 0.0308873 0.0271638 0.0233805 0.0197975 0.016555 0.013697 0.0112099 0.00905705
 1.03592e-16 2.72264e-05 0.000159785 0.00075952 0.00292415 0.00911866 0.0230331 0.0471293 0.0781243 0.104925 0.114197 0.100772 0.0722284 0.0423398 0.0209 0.00981202 0.00614596 0.00643947 0.00856788 0.0115788 0.0150372 0.0186213 0.0219995 0.0248463 0.0268992 0.0280093 0.028163 0.0274668 0.0261037 0.0242803 0.0221811 0.0199446 0.0176619 0.0153899 0.0131702 0.0110422
 1.03073e-16 2.9257e-05 0.000171706 0.000816195 0.00314237 0.00979915 0.0247519 0.0506462 0.0839535 0.112753 0.122711 0.108274 0.0775787 0.045423 0.0223213 0.0103066 0.00621562 0.00631221 0.00829925 0.0111442 0.0143782 0.0176642 0.0206661 0.023064 0.0246144 0.0251999 0.0248499 0.023719 0.0220368 0.0200465 0.0179528 0.0158939 0.0139403 0.0121122 0.0104045 0.0088087
 1.03753e-16 2.26956e-05 0.000133174 0.000632985 0.00243692 0.00759921 0.0191952 0.0392777 0.0651135 0.0874651 0.0952306 0.0841219 0.060483 0.035835 0.0183959 0.00981857 0.00772632 0.00927788 0.0127019 0.017138 0.0220804 0.0270517 0.0315319 0.0350216 0.0371433 0.0377232 0.0368221 0.0347023 0.0317479 0.0283648 0.0248968 0.0215784 0.0185296 0.0157817 0.0133166 0.0111021
 1.04023e-16 2.69487e-05 0.000158154 0.00075177 0.00289431 0.0090256 0.022798 0.0466483 0.077327 0.103855 0.113032 0.0997439 0.0714911 0.0419074 0.0206863 0.00971185 0.00608444 0.00637815 0.00849163 0.0114847 0.0149295 0.0185113 0.021905 0.024791 0.0269103 0.0281143 0.0283857 0.0278233 0.0266003 0.0249118 0.0229313 0.020788 0.0185666 0.0163206 0.0140919 0.011923
 1.04422e-16 2.37047e-05 0.000139102 0.000661177 0.00254548 0.00793776 0.0200503 0.041027 0.0680119 0.0913536 0.0994517 0.0878207 0.0630771 0.037241 0.0188768 0.00968806 0.00717001 0.00834014 0.0113496 0.0153244 0.0197889 0.0243202 0.0284645 0.031784 0.0339445 0.034785 0.034345 0.0328355 0.0305702 0.0278802 0.0250434 0.0222464 0.019583 0.0170789 0.0147265 0.0125142
 1.04568e-16 2.50837e-05 0.000147203 0.000699697 0.00269381 0.00840033 0.0212187 0.0434171 0.0719722 0.0966673 0.105221 0.0928787 0.0666304 0.039179 0.0195646 0.00956245 0.0064958 0.00719205 0.00969829 0.0131225 0.0170263 0.0210556 0.0248357 0.0279993 0.0302549 0.0314437 0.0315637 0.0307493 0.0292202 0.0272166 0.0249469 0.022559 0.0201408 0.0177375 0.0153769 0.0130873
 1.04798e-16 2.37482e-05 0.000139359 0.000662401 0.0025502 0.00795248 0.0200875 0.0411029 0.0681372 0.0915204 0.0996293 0.087968 0.0631622 0.0372497 0.018805 0.00952832 0.00690439 0.0079428 0.010795 0.0145978 0.018896 0.0232951 0.0273716 0.030714 0.0330023 0.0340733 0.0339461 0.0327972 0.0308981 0.028539 0.0259653 0.0233447 0.0207664 0.018264 0.0158462 0.013522
 1.06443e-16 1.83247e-05 0.000107513 0.00051099 0.00196721 0.00613443 0.0154953 0.0317074 0.0525659 0.0706168 0.0769038 0.0679744 0.0489635 0.0291927 0.015325 0.00873193 0.00753573 0.00948015 0.0131595 0.0178801 0.0232048 0.0286878 0.033825 0.0381181 0.0411725 0.042776 0.0429312 0.0418265 0.0397647 0.0370746 0.0340378 0.0308509 0.0276259 0.0244161 0.0212516 0.0181657
 1.0833e-16 1.82569e-05 0.000107121 0.000509142 0.00196012 0.00611233 0.0154394 0.0315926 0.0523737 0.0703533 0.0766026 0.0676744 0.0486741 0.0288737 0.0148916 0.00807091 0.00652051 0.00798397 0.0110744 0.0151454 0.0198393 0.0248173 0.0296923 0.0340678 0.0376089 0.0401018 0.0414796 0.0418051 0.0412237 0.0399056 0.038001 0.035621 0.0328443 0.0297392 0.0263861 0.0228895
 1.06966e-16 2.48262e-05 0.000145696 0.000692542 0.00266628 0.00831449 0.0210018 0.042973 0.0712347 0.0956729 0.104129 0.0918904 0.0658692 0.0386265 0.019095 0.00901482 0.0057212 0.00606673 0.00812654 0.0110476 0.0144508 0.0180611 0.0215932 0.0247624 0.0273331 0.0291609 0.0302094 0.0305348 0.0302485 0.0294721 0.0283037 0.0268052 0.0250097 0.0229417 0.0206385 0.0181621
 1.04918e-16 2.5873e-05 0.000151836 0.000721726 0.00277863 0.00866483 0.0218868 0.0447842 0.0742381 0.09971 0.108531 0.095797 0.0687154 0.0403873 0.020134 0.00978177 0.00656307 0.00719758 0.00966246 0.0130297 0.0168418 0.0207325 0.0243205 0.027241 0.0292151 0.0301086 0.0299532 0.0289211 0.0272666 0.0252542 0.0231001 0.0209421 0.0188414 0.0168054 0.0148199 0.0128749
 1.02974e-16 2.99052e-05 0.000175512 0.000834293 0.00321205 0.0100165 0.0253008 0.0517692 0.0858145 0.115251 0.125426 0.110661 0.0792708 0.0463765 0.0227205 0.0103741 0.00609705 0.00606517 0.0079293 0.0106388 0.0137264 0.0168656 0.0197348 0.0220282 0.0235124 0.0240747 0.023742 0.0226611 0.0210512 0.019145 0.0171391 0.0151672 0.0132983 0.011553 0.00992684 0.00841124
 1.01847e-16 3.18945e-05 0.000187192 0.000889822 0.00342585 0.0106832 0.0269849 0.0552149 0.0915256 0.122919 0.133766 0.118005 0.0845027 0.0493783 0.0240799 0.0108049 0.00608366 0.00582517 0.00751529 0.0100322 0.0128853 0.0157447 0.0182929 0.0202337 0.0213467 0.0215355 0.0208455 0.0194434 0.0175685 0.0154726 0.0133674 0.0113964 0.00963047 0.00808362 0.00673703 0.00556116
 1.02171e-16 2.67696e-05 0.000157095 0.000746717 0.00287483 0.00896483 0.0226446 0.0463351 0.07681 0.103167 0.112302 0.0991442 0.0711569 0.0419035 0.0210393 0.0104661 0.00733044 0.00824081 0.0110931 0.0148971 0.0191287 0.0233412 0.0270663 0.0298602 0.0313941 0.0315262 0.0303301 0.0280638 0.0250962 0.0218156 0.018551 0.0155269 0.0128561 0.0105624 0.00861536 0.00696461
 1.02972e-16 2.67898e-05 0.000157218 0.000747311 0.00287713 0.00897202 0.0226627 0.0463718 0.0768697 0.103244 0.112376 0.0991862 0.0711372 0.041792 0.0207998 0.0100482 0.0066683 0.00726091 0.00973046 0.0131171 0.01695 0.0208533 0.0244348 0.0273149 0.0291986 0.0299354 0.0295447 0.028194 0.0261434 0.0236767 0.0210413 0.0184155 0.0159044 0.0135563 0.0113877 0.00940435
 1.03339e-16 2.69357e-05 0.000158075 0.000751386 0.00289282 0.00902095 0.0227863 0.0466246 0.0772887 0.103806 0.112987 0.0997222 0.071515 0.0420006 0.0208785 0.010044 0.0066096 0.00715496 0.00957166 0.0128953 0.016656 0.0204825 0.0239898 0.0268074 0.0286497 0.029375 0.0290091 0.0277223 0.0257734 0.0234401 0.0209596 0.0184973 0.0161437 0.0139331 0.0118708 0.00995572
 1.02632e-16 3.07036e-05 0.000180201 0.000856586 0.00329789 0.0102841 0.025977 0.0531525 0.0881071 0.118328 0.128771 0.113601 0.0813548 0.0475505 0.0232111 0.0104554 0.0059482 0.00575727 0.0074696 0.0100129 0.0129223 0.0158857 0.0185994 0.0207752 0.022192 0.0227408 0.0224431 0.0214331 0.0199136 0.0181014 0.0161816 0.0142823 0.0124727 0.0107777 0.00919903 0.00773354
 1.02389e-16 2.85409e-05 0.000167498 0.000796184 0.0030653 0.00955882 0.0241449 0.0494045 0.0818965 0.109994 0.119719 0.105657 0.0757554 0.0444594 0.0220408 0.0105005 0.00676924 0.0072122 0.00958489 0.0128568 0.0165252 0.0201971 0.0234712 0.0259687 0.0274072 0.0276624 0.0267917 0.0250077 0.0226161 0.0199381 0.0172446 0.0147186 0.0124513 0.0104608 0.00872412 0.00720428
 1.02543e-16 2.85685e-05 0.000167662 0.000796966 0.00306832 0.00956823 0.0241687 0.049453 0.0819763 0.1101 0.11983 0.105746 0.0758002 0.0444468 0.0219631 0.0103458 0.00651772 0.00683893 0.00906713 0.0121834 0.0157057 0.0192683 0.022499 0.0250422 0.0266265 0.0271213 0.02656 0.0251175 0.0230561 0.0206569 0.0181613 0.0157389 0.0134829 0.0114266 0.00956972 0.00790047
 1.02302e-16 3.0491e-05 0.000178952 0.000850644 0.003275 0.0102128 0.0257967 0.0527838 0.0874963 0.117509 0.127883 0.112826 0.0808175 0.0472722 0.0231419 0.0105364 0.00614948 0.00607942 0.00792846 0.0106235 0.013687 0.0167863 0.0195945 0.0218017 0.0231728 0.0235959 0.0231026 0.0218477 0.0200613 0.0179887 0.0158394 0.0137585 0.0118236 0.0100601 0.00846418 0.00702335
 1.02589e-16 2.68764e-05 0.000157724 0.000749711 0.00288636 0.00900079 0.0227354 0.0465208 0.0771174 0.103579 0.112746 0.0995268 0.0714114 0.0420131 0.0210201 0.0103352 0.00708745 0.00786878 0.0105692 0.014205 0.0182696 0.0223414 0.0259802 0.0287675 0.03039 0.0307075 0.029779 0.0278347 0.0252079 0.0222505 0.0192606 0.0164418 0.013898 0.0116543 0.00969011 0.00796962
pSPR Fmed_Fpbrs
0.752616   0.6 0.325
Fs Fmed_Fpbrs
0.171184   0.340479 1.0322
SSBpbr Bo_Bmed_Bpbrs
1.57604e+06  1.10735e+06  866824 433412
Ro
67507.9
SPR SPRFo_SPRFmed_SPRFpbrs
1.38888e+06 1.04529e+06 451386
log_Ro
10.94
likeval ReclasPelacesDesembMPH_pf_preclas_ppelaces_ptallas_desvR_qrecl_qpela
 61.9771 23.5181 0.0392445 0.000224463 291.689 175.226 81.5348 0 16.8659 0.000108905 8.4019e-07 6.92135e-16 0 0 0
q_reclas_q_pelaces
0.227913 1.13929
M
0.7
N
 82804.7 20680.3 7689.81 906.332 0.443397
 102998 38673.7 7647.41 2843.62 335.318
 67117.8 48945.5 15543.3 3073.55 1277.64
 94926.5 31422.8 18310.7 5814.79 1627.8
 153880 46633.4 14815.6 8633.31 3509.11
 116138 76231.7 22892 7272.87 5960.64
 167606 56206.2 33446.8 10043.9 5806.23
 144294 81894.9 25822.4 15366.2 7281.91
 153506 69288.6 34606.6 10911.9 9570.5
 137429 73256.6 28419.4 14194.3 8401.05
 68716.5 65888.8 30724 11919.2 9476.53
 41988 31513.6 22319.2 10407.4 7247.58
 41636.8 19345.9 10917.1 7731.94 6116.15
 24402 18392.3 5472.6 3088.25 3917.37
 19852.4 9878.18 3419.82 1017.56 1302.61
 25821.1 8222.4 2050.22 709.783 481.551
 22477.7 11950.6 2910.69 725.767 421.727
 25050.5 10621.3 4674.08 1138.42 448.803
 29359.5 12037.6 4503.61 1981.89 673.009
 50720.2 14180.4 5231.03 1957.08 1153.71
 64262.6 24495.9 6160.3 2272.48 1351.4
 88043.3 31478.4 11390.2 2864.45 1685.05
 145554 42957.4 14362.2 5196.86 2075.74
 156116 70832.2 19354.6 6470.93 3276.69
pred_Ctot
 3554.76 3862.33 1436.18 169.27 0.0828105
 3196.72 5367.71 1061.42 394.68 46.5404
 2770.94 8824.51 2802.34 554.139 230.349
 732.876 1145.41 667.452 211.958 59.3357
 265.096 384.663 122.209 71.2132 28.9455
 2126.9 6430.57 1931.07 613.507 502.813
 1936.43 3038.66 1808.23 543.002 313.901
 3432.54 8860 2793.66 1662.43 787.812
 4314.53 8768.39 4379.43 1380.88 1211.14
 3419.5 8268.66 3207.77 1602.14 948.248
 3797.21 15395.9 7179.09 2785.08 2214.32
 2188.58 6996.15 4954.94 2310.49 1608.99
 3330.08 6182.57 3488.9 2470.97 1954.6
 3281.71 8742.63 2601.36 1467.98 1862.09
 2394.25 4343.08 1503.57 447.386 572.71
 1267.59 1731.25 431.68 149.447 101.392
 785.454 1850.64 450.742 112.39 65.3075
 583.504 1126.45 495.716 120.736 47.5984
 578.868 1089.67 407.676 179.405 60.9222
 1002.33 1286.46 474.564 177.549 104.666
 628.265 1125.3 282.992 104.393 62.0808
 1106.94 1847.54 668.521 168.122 98.8999
 2099.33 2879.88 962.846 348.399 139.158
 2136.61 4513.72 1233.36 412.354 208.804
F
 0.0613249 0.294816 0.294816 0.294816 0.294816
 0.0440011 0.211533 0.211533 0.211533 0.211533
 0.0589133 0.283222 0.283222 0.283222 0.283222
 0.0107866 0.0518559 0.0518559 0.0518559 0.0518559
 0.00239802 0.0115283 0.0115283 0.0115283 0.0115283
 0.025756 0.12382 0.12382 0.12382 0.12382
 0.0161803 0.0777856 0.0777856 0.0777856 0.0777856
 0.0335712 0.161392 0.161392 0.161392 0.161392
 0.039773 0.191207 0.191207 0.191207 0.191207
 0.0351384 0.168926 0.168926 0.168926 0.168926
 0.0795688 0.382522 0.382522 0.382522 0.382522
 0.074902 0.360087 0.360087 0.360087 0.360087
 0.117054 0.562728 0.562728 0.562728 0.562728
 0.204338 0.982344 0.982344 0.982344 0.982344
 0.181465 0.872383 0.872383 0.872383 0.872383
 0.0704056 0.338471 0.338471 0.338471 0.338471
 0.0496631 0.238752 0.238752 0.238752 0.238752
 0.0328618 0.157981 0.157981 0.157981 0.157981
 0.0277536 0.133424 0.133424 0.133424 0.133424
 0.0278183 0.133735 0.133735 0.133735 0.133735
 0.0136766 0.0657497 0.0657497 0.0657497 0.0657497
 0.0176189 0.0847017 0.0847017 0.0847017 0.0847017
 0.0202352 0.0972793 0.0972793 0.0972793 0.0972793
 0.0191924 0.0922662 0.0922662 0.0922662 0.0922662
nmprior
 10 10 8 0
nm_flota  nm_reclas  nm_pelaces    nm_pelaL
inf 12.7359 19.7195 35.7994
cv_recla  cv_pelaces  cv_mph
0.728857 0.570645 0.486083
 ------------------------------------------------
Talla a la edad & desviación 
 7.2 14.2025 17.0495 18.207 18.6776
 1.08 2.13037 2.55742 2.73105 2.80164
