years
 1997 1998 1999 2000 2001 2002 2003 2004 2005 2006 2007 2008 2009 2010 2011 2012 2013 2014 2015 2016 2017 2018 2019 2020
reclasobs
 0 0 0 370054 412103 1.49427e+06 250295 1.28982e+06 931140 785840 897777 1.04006e+06 184774 17550 25797 100020 73551 82996 120727 218422 84188 347160 605670 569463
reclaspred
 460701 137026 477372 341091 439781 515997 1.08378e+06 677512 690549 564837 428931 287179 175148 85597.9 64221.5 67693 86963.5 120539 128956 184038 262570 244689 439265 546140
pelacesobs
 0 0 0 0 0 0 0 0 0 2.06254e+06 1.5e+06 0 1.87456e+06 323000 250000 174000 83755 137374 0 501740 490994 745055 786931 1.00524e+06
pelacespred
 1.89998e+06 520840 1.05514e+06 1.16612e+06 1.26803e+06 1.27061e+06 2.86657e+06 2.36832e+06 2.07507e+06 1.73902e+06 1.19436e+06 820061 497439 208897 152626 169381 225320 313126 347897 479740 753810 688266 973678 1.42686e+06
mphobs
 0 0 0 0 0 112323 0 153150 637223 0 255016 313432 73983 77613 109348 50772 0 0 0 0 0 0 0 0
mphpred
 163179 115329 153592 214238 200993 280048 419081 470005 378429 347009 292959 203011 125945 67089.6 35166.3 31727.4 38889.8 54990.6 68836.3 79900.6 117824 137780 178337 260515
desembarqueobs
 350755 77701 442110 56441 14545 235359 269955 359681 431902 328805 639364 411747 362871 311530 167758 66681 60226 58785 57116 71774 51957 67425 138520 160799
desembarquepred
 350765 77704.6 442153 56442.6 14545.1 235390 269979 359713 431979 328873 639791 412116 363385 312164 167873 66699.5 60245.6 58789.5 57116 71777.9 51958.6 67423.4 138523 160803
Reclutas
 88711.5 110701 72516.8 102442 165822 124954 179655 152648 160209 140843 69784.2 42276.3 42074.7 25039.7 20779.2 27614.4 24281.2 27051.2 31736.3 55008.4 69734.5 95415.1 157829 168630
log_desv_Rt
 0.213145 0.434592 0.0115737 0.357056 0.83867 0.555701 0.918792 0.755891 0.804237 0.675402 -0.0268373 -0.528019 -0.532799 -1.05178 -1.23829 -0.953907 -1.08254 -0.974515 -0.814785 -0.264758 -0.0275499 0.285992 0.789265 0.855465
SSB
 1.06216e+06 750699 999761 1.39452e+06 1.30831e+06 1.82289e+06 2.72788e+06 3.05936e+06 2.46327e+06 2.25875e+06 1.90693e+06 1.32144e+06 819805 436700 228905 206520 253142 357945 448070 520090 766938 896839 1.16083e+06 1.69574e+06
BT
 3.65161e+06 1.0388e+06 2.09442e+06 2.09692e+06 2.23028e+06 2.40176e+06 5.20898e+06 4.55027e+06 4.0286e+06 3.36035e+06 2.67477e+06 1.81556e+06 1.22867e+06 668478 412427 352191 444472 594993 656944 898694 1.363e+06 1.26426e+06 1.79674e+06 2.6255e+06
Ftot
 0.271489 0.193613 0.257572 0.0469511 0.0105216 0.113604 0.0712777 0.148241 0.176095 0.156959 0.358215 0.336318 0.521629 0.894775 0.769674 0.298912 0.213778 0.142082 0.120672 0.121125 0.0597698 0.0771718 0.0886644 0.0841402
BD_Bspro_t
 0.967314 0.843859 0.826913 0.754232 0.829174 0.899728 0.879115 0.879285 0.834494 0.792625 0.745936 0.603362 0.493476 0.380703 0.265726 0.289798 0.41788 0.589301 0.691576 0.763988 0.838563 0.887348 0.894252 0.898903
BD_Bspro
 0.720226 0.50903 0.677912 0.94559 0.887129 1.23606 1.84971 2.07448 1.67028 1.5316 1.29304 0.896035 0.555889 0.296115 0.155215 0.140036 0.171649 0.242713 0.303825 0.352659 0.520041 0.608124 0.78713 1.14984
BD_Bo
 0.635125 0.448884 0.597811 0.833861 0.782307 1.09001 1.63115 1.82936 1.47293 1.35063 1.14026 0.790161 0.490206 0.261127 0.136875 0.12349 0.151367 0.214035 0.267925 0.31099 0.458594 0.536269 0.694124 1.01398
BD_Brms
 2.27197 1.60575 2.13849 2.98289 2.79847 3.89918 5.83496 6.544 5.26896 4.83149 4.07893 2.82657 1.75357 0.934104 0.489629 0.441748 0.541472 0.765646 0.958424 1.11247 1.64048 1.91834 2.48302 3.62721
S_f
 0.212673 1 1 1 1
 0.212673 1 1 1 1
 0.212673 1 1 1 1
 0.212673 1 1 1 1
 0.212673 1 1 1 1
 0.212673 1 1 1 1
 0.212673 1 1 1 1
 0.212673 1 1 1 1
 0.212673 1 1 1 1
 0.212673 1 1 1 1
 0.212673 1 1 1 1
 0.212673 1 1 1 1
 0.212673 1 1 1 1
 0.212673 1 1 1 1
 0.212673 1 1 1 1
 0.212673 1 1 1 1
 0.212673 1 1 1 1
 0.212673 1 1 1 1
 0.212673 1 1 1 1
 0.212673 1 1 1 1
 0.212673 1 1 1 1
 0.212673 1 1 1 1
 0.212673 1 1 1 1
 0.212673 1 1 1 1
Scru_reclas
 1 1 1 1 1
 1 1 1 1 1
 1 1 1 1 1
 1 1 1 1 1
 1 1 1 1 1
 1 1 1 1 1
 1 1 1 1 1
 1 1 1 1 1
 1 1 1 1 1
 1 1 1 1 1
 1 1 1 1 1
 1 1 1 1 1
 1 1 1 1 1
 1 1 1 1 1
 1 1 1 1 1
 1 1 1 1 1
 1 1 1 1 1
 1 1 1 1 1
 1 1 1 1 1
 1 1 1 1 1
 1 1 1 1 1
 1 1 1 1 1
 1 1 1 1 1
 1 1 1 1 1
Scru_pelaces
 0.981491 1 1 1 1
 0.981491 1 1 1 1
 0.981491 1 1 1 1
 0.981491 1 1 1 1
 0.981491 1 1 1 1
 0.981491 1 1 1 1
 0.981491 1 1 1 1
 0.981491 1 1 1 1
 0.981491 1 1 1 1
 0.981491 1 1 1 1
 0.981491 1 1 1 1
 0.981491 1 1 1 1
 0.981491 1 1 1 1
 0.981491 1 1 1 1
 0.981491 1 1 1 1
 0.981491 1 1 1 1
 0.981491 1 1 1 1
 0.981491 1 1 1 1
 0.981491 1 1 1 1
 0.981491 1 1 1 1
 0.981491 1 1 1 1
 0.981491 1 1 1 1
 0.981491 1 1 1 1
 0.981491 1 1 1 1
pf_obs 
 0.256992 0.487395 0.22802 0.0275931 0
 0.321318 0.546541 0.124235 0.00734118 0.000564706
 0.182869 0.594174 0.210203 0.0122559 0.00049798
 0.330522 0.361315 0.267642 0.0388342 0.00168674
 0.649043 0.306663 0.0425973 0.00169635 0
 0.582887 0.30429 0.105238 0.00758474 0
 0.465427 0.430635 0.0974691 0.00646863 0
 0.296916 0.608066 0.0921331 0.00288517 0
 0.311714 0.524322 0.152257 0.0117073 0
 0.15457 0.633149 0.183074 0.0267441 0.00246327
 0.131901 0.49318 0.331252 0.0422183 0.00144891
 0.196976 0.569456 0.194076 0.0375587 0.00193317
 0.518974 0.381816 0.0799577 0.0180837 0.00116848
 0.0928022 0.601141 0.25162 0.0475244 0.00691264
 0.122501 0.610282 0.24278 0.0234846 0.000952079
 0.383417 0.481906 0.127806 0.00687128 0
 0.0376549 0.599619 0.316969 0.0457579 0
 0.0361596 0.667082 0.258105 0.0386534 0
 0.158088 0.579412 0.248529 0.0139706 0
 0.0477256 0.309471 0.559284 0.082774 0.000745712
 0.0406174 0.521527 0.379366 0.0568643 0.0016247
 0.151134 0.462217 0.34131 0.0453401 0
 0.294876 0.26143 0.354403 0.0886775 0.000613685
 0.281977 0.475581 0.204845 0.0348837 0.00271318
pf_pred 
 0.397066 0.42578 0.158455 0.0186904 9.04093e-06
 0.319893 0.528928 0.10676 0.0397311 0.00468871
 0.183974 0.576823 0.186031 0.037549 0.015623
 0.260882 0.401637 0.238554 0.0769361 0.0219902
 0.306487 0.436121 0.139867 0.0830747 0.0344503
 0.185268 0.550863 0.165936 0.0532169 0.0447162
 0.25496 0.394351 0.237111 0.0714248 0.0421538
 0.195232 0.502291 0.160102 0.0962642 0.0461115
 0.212948 0.43228 0.221429 0.0705789 0.0627647
 0.192805 0.467489 0.18658 0.0955727 0.0575535
 0.119039 0.481328 0.231448 0.0923734 0.0758109
 0.118195 0.377138 0.275734 0.132587 0.0963461
 0.186951 0.344099 0.200565 0.146637 0.121749
 0.179208 0.47502 0.146338 0.0852958 0.114139
 0.251204 0.457159 0.16878 0.0519956 0.0708614
 0.339532 0.458007 0.123608 0.0456352 0.0332184
 0.240665 0.557698 0.139827 0.0377367 0.0240735
 0.245651 0.468598 0.209871 0.0526192 0.0232603
 0.250723 0.464499 0.176903 0.0792298 0.0286457
 0.331318 0.417295 0.155841 0.0593518 0.0361928
 0.28789 0.506207 0.128495 0.0479872 0.0294204
 0.287249 0.471286 0.171647 0.0435706 0.0262477
 0.329629 0.443955 0.149711 0.0545263 0.0221789
 0.25319 0.527457 0.145267 0.0489873 0.0250988
pobs_RECLAS
 0 0 0 0 0
 0 0 0 0 0
 0 0 0 0 0
 0 0 0 0 0
 0.835266 0.146461 0.0176864 0.000547809 3.91292e-05
 0.385257 0.428462 0.181853 0.0044286 0
 0.867414 0.0963971 0.0333333 0.00285562 0
 0.441836 0.489002 0.0689373 0.000224442 0
 0.779404 0.147425 0.0564933 0.0165055 0.000172143
 0.814271 0.122319 0.05973 0.00367925 0
 0.40263 0.566651 0.0304383 0.000280538 0
 0.475488 0.404961 0.113038 0.00651328 0
 0.955842 0.0263864 0.0167828 0.000988607 0
 0.975058 0.0227948 0.00214734 0 0
 0.738997 0.206755 0.0527124 0.00153531 0
 0.850938 0.134255 0.0134407 0.00136685 0
 0.542534 0.407297 0.0501686 0 0
 0.764087 0.199537 0.0359546 0.000420521 0
 0.470689 0.182191 0.310203 0.0369168 0
 0.84361 0.089868 0.0606195 0.00523954 0.000663233
 0.607945 0.314616 0.071237 0.00620181 0
 0.523733 0.453247 0.0230204 0 0
 0.530135 0.295979 0.169645 0.0042399 0
 0.562478 0.366248 0.0663022 0.0049721 0
ppred_RECLAS
 0.758689 0.170409 0.0634181 0.00748042 3.61843e-06
 0.69083 0.240445 0.048532 0.0180613 0.00213144
 0.518153 0.340602 0.109848 0.0221719 0.0092251
 0.624534 0.204029 0.121184 0.039083 0.0111708
 0.67522 0.20424 0.0655013 0.0389048 0.0161335
 0.518146 0.325795 0.0981389 0.0314738 0.0264463
 0.617538 0.202437 0.121719 0.0366654 0.0216394
 0.534754 0.29038 0.0925567 0.0556515 0.0266577
 0.56217 0.240473 0.123179 0.0392624 0.0349154
 0.531014 0.271614 0.108404 0.0555284 0.033439
 0.393576 0.33133 0.159321 0.0635868 0.0521857
 0.391273 0.260345 0.190344 0.0915276 0.0665095
 0.528028 0.199748 0.116427 0.0851224 0.0706746
 0.524301 0.275303 0.0848117 0.0494341 0.0661504
 0.625589 0.228587 0.0843929 0.0259987 0.0354319
 0.710883 0.20049 0.0541087 0.0199766 0.0145412
 0.6012 0.292901 0.0734364 0.0198192 0.0126433
 0.606665 0.244338 0.109432 0.0274369 0.0121285
 0.612848 0.240007 0.0914059 0.0409381 0.0148012
 0.700957 0.18662 0.0696943 0.0265429 0.0161859
 0.65593 0.244584 0.0620849 0.023186 0.014215
 0.655424 0.227841 0.0829819 0.021064 0.0126893
 0.698987 0.199346 0.067224 0.0244836 0.00995885
 0.615487 0.271574 0.0747943 0.0252223 0.0129227
pobs_PELACES
 0 0 0 0 0
 0 0 0 0 0
 0 0 0 0 0
 0 0 0 0 0
 0 0 0 0 0
 0 0 0 0 0
 0 0 0 0 0
 0 0 0 0 0
 0 0 0 0 0
 0 0 0 0 0
 0.450072 0.473896 0.0757376 0.000293798 0
 0 0 0 0 0
 0.463077 0.371075 0.160297 0.00555027 0
 0.529543 0.364841 0.0842815 0.0213345 0
 0.631943 0.363953 0.00410389 0 0
 0.735681 0.248677 0.0153453 0.000297389 0
 0.695825 0.281241 0.0229344 0 0
 0.275771 0.60734 0.115278 0.00161068 0
 0 0 0 0 0
 0.896147 0.0623911 0.0374545 0.00400742 0
 0.803859 0.145111 0.0509908 3.86294e-05 0
 0.739449 0.233085 0.0266225 0.000797448 4.60066e-05
 0.878498 0.100942 0.0204185 0.000141795 0
 0.694673 0.275183 0.0284847 0.00165964 0
ppred_PELACES
 0.768055 0.163795 0.0609567 0.00719008 3.47799e-06
 0.697543 0.235224 0.0474783 0.0176692 0.00208516
 0.530184 0.332098 0.107105 0.0216183 0.00899476
 0.623012 0.204856 0.121675 0.0392414 0.0112161
 0.671713 0.206446 0.0662087 0.039325 0.0163077
 0.520851 0.323966 0.0975881 0.0312972 0.0262979
 0.6175 0.202458 0.121732 0.0366691 0.0216416
 0.539685 0.287303 0.0915758 0.0550617 0.0263751
 0.568821 0.23682 0.121308 0.0386659 0.034385
 0.536513 0.268429 0.107133 0.0548773 0.0330469
 0.411464 0.321557 0.154622 0.0617111 0.0506464
 0.407752 0.253297 0.185191 0.0890498 0.064709
 0.55702 0.187478 0.109275 0.0798936 0.0663332
 0.577148 0.244719 0.0753897 0.0439423 0.0588015
 0.666997 0.203307 0.0750595 0.0231234 0.0315134
 0.722853 0.19219 0.0518685 0.0191495 0.0139392
 0.610004 0.286435 0.0718153 0.0193817 0.0123642
 0.611007 0.241641 0.108224 0.027134 0.0119946
 0.61585 0.238146 0.0906972 0.0406207 0.0146865
 0.703631 0.184951 0.0690712 0.0263056 0.0160412
 0.655218 0.24509 0.0622133 0.0232339 0.0142445
 0.655733 0.227637 0.0829075 0.0210451 0.012678
 0.699903 0.19874 0.0670196 0.0244092 0.00992857
 0.616239 0.271043 0.074648 0.025173 0.0128975
pobs_pel_tallas
 0 0 0 0 0 0 0 0 0 0 0 0 0 0 0 0 0 0 0 0 0 0 0 0 0 0 0 0 0 0 0 0 0 0 0 0
 0 0 0 0 0 0 0 0 0 0 0 0 0 0 0 0 0 0 0 0 0 0 0 0 0 0 0 0 0 0 0 0 0 0 0 0
 0 0 0 0 0 0 0 0 0 0 0 0 0 0 0 0 0 0 0 0 0 0 0 0 0 0 0 0 0 0 0 0 0 0 0 0
 0 0 0 0 0 0 0 0 0 0 0 0 0 0 0 0 0 0 0 0 0 0 0 0 0 0 0 0 0 0 0 0 0 0 0 0
 0 0 0 0 0 0 0 0 0 0 0 0 0 0 0 0 0 0 0 0 0 0 0 0 0 0 0 0 0 0 0 0 0 0 0 0
 0 0 0 0 0 0 0 0 0 0 0 0 0 0 0 0 0 0 0 0 0 0 0 0 0 0 0 0 0 0 0 0 0 0 0 0
 0 0 0 0 0 0 0 0 0 0 0 0 0 0 0 0 0 0 0 0 0 0 0 0 0 0 0 0 0 0 0 0 0 0 0 0
 0 0 0 0 0 0 0 0 0 0 0 0 0 0 0 0 0 0 0 0 0 0 0 0 0 0 0 0 0 0 0 0 0 0 0 0
 0 0 0 0 0 0 0 0 0 0 0 0 0 0 0 0 0 0 0 0 0 0 0 0 0 0 0 0 0 0 0 0 0 0 0 0
 0 0 0 0 0 0 0 0 0 0 0 0 0 0 0 0 0 0 0 0 0 0 0 0 0 0 0 0 0 0 0 0 0 0 0 0
 0 0 0 0 0 0 0 0 1.78061e-05 0.00172719 0.00360574 0.0105946 0.0120993 0.0124554 0.0147524 0.0171206 0.0266825 0.0428682 0.0675386 0.121331 0.153587 0.119568 0.100827 0.0573624 0.0630603 0.0341343 0.0324427 0.0444173 0.0211091 0.0280891 0.0125444 0.00206551 0 0 0 0
 0 0 0 0 0 0 0 0 0 0 0 0 0 0 0 0 0 0 0 0 0 0 0 0 0 0 0 0 0 0 0 0 0 0 0 0
 0 0 0 0 0 0 0.0133647 0.0140871 0.0187388 0.0205184 0.03894 0.0496705 0.03968 0.0493445 0.0407372 0.0367815 0.0215668 0.0243155 0.0234873 0.0199281 0.019796 0.0243948 0.0301388 0.0376714 0.0412746 0.0863199 0.0771752 0.113111 0.0741005 0.0525337 0.0229764 0.00759418 0.00175318 0 0 0
 0 0 0 0 0 0 0 0 0 0 0.00219441 0.00772107 0.0458388 0.0604681 0.0671733 0.0775358 0.0609151 0.0617685 0.073594 0.0568108 0.0755445 0.0548602 0.0670107 0.0636378 0.0643287 0.046367 0.0373049 0.0286899 0.0247887 0.0153202 0.00654259 0.00121912 0.000365735 0 0 0
 0 0 0 0 0 0 0 0 0 0 0 0 0.000112435 0.00938835 0.0111873 0.0202946 0.0414886 0.0713402 0.111592 0.104902 0.108894 0.110636 0.117776 0.105296 0.107544 0.0401394 0.0192827 0.0124803 0.00416011 0.0028671 0.000618394 0 0 0 0 0
 0 0 0 0 0 0 0 0 0 0 0.00291406 0.0102884 0.027416 0.0768956 0.0749926 0.110853 0.0956884 0.0897413 0.0766577 0.0534642 0.0500743 0.0551293 0.0594112 0.0620874 0.0668451 0.0424026 0.0208742 0.0120726 0.0048766 0.00582813 0.00118941 0.000297354 0 0 0 0
 0 0.00264628 0.0354308 0.0461629 0.0458689 0.0383711 0.0214643 0.0164657 0.0346957 0.0420465 0.0363128 0.0245516 0.0311673 0.0291091 0.0169068 0.0133784 0.00837989 0.0085269 0.0148486 0.0160247 0.0276389 0.0546898 0.0760071 0.122758 0.109233 0.0665981 0.0333725 0.0166128 0.00676272 0.00308733 0.000882094 0 0 0 0 0
 0 0 0 0 0 0 0 0.000805153 0.000690131 0.00759144 0.0133425 0.0154129 0.00931677 0.000345066 0.00356568 0.00563607 0.00851162 0.0253048 0.0502646 0.0516448 0.0657925 0.0565908 0.0611916 0.0827007 0.0866115 0.110766 0.145733 0.0935128 0.0569358 0.0249597 0.0138026 0.00621118 0.00161031 0.00115022 0 0
 0 0 0 0 0 0 0 0 0 0 0 0 0 0 0 0 0 0 0 0 0 0 0 0 0 0 0 0 0 0 0 0 0 0 0 0
 0.00147267 0.00158595 0.00478618 0.00569244 0.00954404 0.0108468 0.00647125 0.017049 0.0510054 0.094081 0.124002 0.0959785 0.0687766 0.0820023 0.061753 0.0591476 0.0492212 0.0479892 0.0443925 0.0268479 0.0217502 0.0140895 0.0121071 0.0120363 0.00920419 0.00665534 0.0049561 0.00860946 0.00930331 0.0156896 0.0114698 0.00855282 0.00243557 0.00046729 0 2.83206e-05
 0 0 0 0 0.000772559 0.00158375 0.000888443 0.00281984 0.00712685 0.0440552 0.0773331 0.111326 0.0921469 0.0852325 0.0710754 0.0886704 0.0786465 0.0553345 0.0373146 0.0185414 0.00753245 0.00457741 0.012979 0.0271748 0.0457355 0.0583668 0.034881 0.0177882 0.00938659 0.00492506 0.0015258 0.00185414 0.000309023 5.79419e-05 3.86279e-05 0
 0 0.00173294 0.00326652 0 0.00397197 0.00683976 0.00946217 0.0152591 0.00757587 0.0136028 0.0228656 0.0392903 0.0559909 0.0764795 0.0681675 0.0726916 0.0566044 0.0477403 0.0527397 0.0444891 0.0609904 0.0582453 0.0661739 0.0445044 0.0529084 0.0360697 0.0280645 0.0235558 0.0158879 0.00826598 0.00280645 0.00217768 0.000904811 0.00058276 9.20147e-05 0
 0 0 0 0 0 0 0 0 0 0 0 0 0 0 0 0 0 0 0 0 0 0 0 0 0 0 0 0 0 0 0 0 0 0 0 0
 0 0 0 0 0 0 0 0 0 0 0 0 0 0 0 0 0 0 0 0 0 0 0 0 0 0 0 0 0 0 0 0 0 0 0 0
ppred_pel_tallas
 1.01166e-16 3.35102e-05 0.00019668 0.000934934 0.00359956 0.0112249 0.0283532 0.0580143 0.0961647 0.129145 0.140533 0.123953 0.0887141 0.0517428 0.0250534 0.0109375 0.0057332 0.00513051 0.00648754 0.00864153 0.0111118 0.0136023 0.0158381 0.0175618 0.0185782 0.0187948 0.0182391 0.0170426 0.0154021 0.0135299 0.0116111 0.00977852 0.00810803 0.0066292 0.00534266 0.00423613
 1.01456e-16 3.04384e-05 0.00017864 0.000849153 0.00326925 0.0101948 0.0257514 0.0526914 0.0873441 0.117307 0.127672 0.112658 0.0807358 0.047303 0.0233027 0.0108533 0.00666545 0.00684877 0.00900287 0.0120335 0.015423 0.0187847 0.0217319 0.0239035 0.0250345 0.0250152 0.0239134 0.0219489 0.019432 0.0166878 0.0139906 0.0115262 0.00938597 0.00758475 0.00609107 0.00485535
 1.02792e-16 2.31448e-05 0.000135811 0.000645519 0.00248518 0.00774969 0.0195753 0.0400555 0.0664029 0.089197 0.0971161 0.0857871 0.0616793 0.0365419 0.0187551 0.0100038 0.0078632 0.00943424 0.0129083 0.0174047 0.0224042 0.027415 0.031902 0.0353508 0.0373729 0.0377893 0.0366637 0.03427 0.0310107 0.0273153 0.023553 0.0199821 0.0167423 0.0138786 0.0113786 0.00920786
 1.03667e-16 2.71874e-05 0.000159556 0.000758432 0.00291996 0.00910559 0.0230001 0.0470618 0.0780123 0.104775 0.114033 0.100627 0.0721225 0.0422747 0.0208621 0.00978488 0.00611686 0.0064007 0.00851533 0.0115111 0.0149556 0.0185303 0.0219069 0.0247626 0.0268365 0.0279793 0.0281751 0.0275262 0.0262109 0.0244307 0.0223661 0.0201529 0.0178811 0.0156083 0.0133778 0.0112314
 1.03121e-16 2.93109e-05 0.000172023 0.000817702 0.00314817 0.00981725 0.0247976 0.0507397 0.0841084 0.11296 0.122937 0.108471 0.0777168 0.0454972 0.0223452 0.0102968 0.0061814 0.00625544 0.00821768 0.0110351 0.0142406 0.0175008 0.0204834 0.0228725 0.0244268 0.02503 0.0247098 0.0236176 0.0219787 0.0200316 0.0179769 0.01595 0.0140196 0.0122058 0.0105043 0.00890776
 1.03796e-16 2.27374e-05 0.00013342 0.000634155 0.00244143 0.00761326 0.0192307 0.0393503 0.0652338 0.0876265 0.0954057 0.0842753 0.0605903 0.0358928 0.0184148 0.00981138 0.00770043 0.00923478 0.0126399 0.0170548 0.0219754 0.0269266 0.0313916 0.0348738 0.0369978 0.0375903 0.0367112 0.0346206 0.0316991 0.0283494 0.0249122 0.0216196 0.0185904 0.0158553 0.0133968 0.0111833
 1.04066e-16 2.69469e-05 0.000158144 0.000751722 0.00289413 0.00902503 0.0227966 0.0466454 0.0773221 0.103848 0.113024 0.0997366 0.0714844 0.0419006 0.0206776 0.00969893 0.00606471 0.00634908 0.00845107 0.0114314 0.0148638 0.0184354 0.0218237 0.0247109 0.0268392 0.02806 0.028355 0.0278204 0.0266267 0.0249657 0.0230084 0.0208824 0.0186714 0.0164292 0.0141984 0.0120226
 1.04518e-16 2.35572e-05 0.000138236 0.000657058 0.00252962 0.00788831 0.0199254 0.0407714 0.0675883 0.0907848 0.0988331 0.0872758 0.0626887 0.0370176 0.0187747 0.00965397 0.00716759 0.00835281 0.011373 0.0153596 0.0198388 0.0243885 0.0285547 0.0318996 0.0340882 0.0349586 0.0345488 0.0330682 0.0308285 0.0281591 0.0253359 0.0225445 0.0198779 0.0173621 0.0149903 0.0127527
 1.04735e-16 2.48257e-05 0.000145688 0.000692495 0.00266608 0.00831385 0.0210002 0.0429702 0.0712315 0.0956726 0.104139 0.0919254 0.0659504 0.0387869 0.0193833 0.00949827 0.00648448 0.00720385 0.00972502 0.0131658 0.0170918 0.0211509 0.0249692 0.0281796 0.0304895 0.0317382 0.0319202 0.0311659 0.0296901 0.0277286 0.025486 0.023108 0.0206816 0.0182533 0.0158534 0.0135139
 1.05039e-16 2.34181e-05 0.000137421 0.00065319 0.00251473 0.00784188 0.0198081 0.0405313 0.0671898 0.0902482 0.0982454 0.0867485 0.0622919 0.0367472 0.0185715 0.00944338 0.00688534 0.00795095 0.0108192 0.0146396 0.0189622 0.0233954 0.0275175 0.0309176 0.0332752 0.0344246 0.0343813 0.033316 0.031494 0.0291989 0.0266709 0.0240734 0.0214941 0.018967 0.0165036 0.0141173
 1.06787e-16 1.79676e-05 0.000105417 0.000501026 0.00192884 0.0060148 0.0151932 0.0310891 0.051541 0.0692405 0.0754062 0.0666536 0.0480185 0.0286421 0.0150599 0.00861926 0.00748239 0.00944034 0.0131175 0.0178355 0.0231651 0.028667 0.0338429 0.0381985 0.0413409 0.0430557 0.0433393 0.0423708 0.0404415 0.0378682 0.0349223 0.0317928 0.0285883 0.0253624 0.0221491 0.0189881
 1.08795e-16 1.7803e-05 0.000104457 0.000496476 0.00191135 0.00596025 0.0150553 0.0308066 0.0510708 0.0686035 0.0746986 0.0659952 0.0474725 0.0281734 0.0145539 0.00792645 0.00645069 0.00793019 0.0110164 0.0150818 0.0197795 0.0247789 0.0297002 0.0341527 0.037804 0.0404378 0.0419801 0.0424819 0.0420741 0.0409116 0.0391311 0.0368334 0.0340919 0.0309744 0.0275655 0.0239774
 1.07458e-16 2.43089e-05 0.000142659 0.000678106 0.0026107 0.00814116 0.020564 0.0420772 0.0697499 0.093679 0.101959 0.0899782 0.0645031 0.0378349 0.0187215 0.0088692 0.00567144 0.00604949 0.00812166 0.0110553 0.0144808 0.0181295 0.0217211 0.0249745 0.0276551 0.0296165 0.0308161 0.031301 0.0311707 0.0305342 0.0294778 0.028054 0.0262902 0.0242095 0.0218519 0.0192858
 1.05408e-16 2.51889e-05 0.00014782 0.000702631 0.0027051 0.00843555 0.0213077 0.0435992 0.0722742 0.0970731 0.105664 0.0932712 0.0669158 0.0393543 0.019665 0.00963106 0.00656322 0.0072728 0.00979332 0.013221 0.0171062 0.0210839 0.0247722 0.0278038 0.029897 0.030914 0.0308819 0.029968 0.0284203 0.0264967 0.0244068 0.0222824 0.0201806 0.0181077 0.016051 0.0140057
 1.03399e-16 2.91052e-05 0.000170815 0.000811962 0.00312607 0.00974832 0.0246235 0.0503835 0.0835178 0.112167 0.122073 0.107709 0.0771698 0.0451751 0.022184 0.0102178 0.00612877 0.00620049 0.00814957 0.0109528 0.0141498 0.0174131 0.020416 0.0228465 0.0244649 0.0251525 0.024931 0.0239431 0.0224044 0.0205441 0.0185556 0.0165704 0.0146566 0.0128359 0.0111079 0.00946968
 1.02109e-16 3.15403e-05 0.000185113 0.000879935 0.00338779 0.0105645 0.0266851 0.0546014 0.0905088 0.121553 0.13228 0.116696 0.083568 0.0488377 0.0238271 0.0107101 0.0060576 0.00582566 0.00752987 0.0100622 0.0129385 0.0158324 0.0184288 0.0204329 0.0216239 0.0219026 0.0213096 0.0200048 0.0182199 0.0161985 0.0141462 0.0122017 0.0104343 0.0088589 0.00746039 0.00621458
 1.02357e-16 2.66234e-05 0.000156237 0.00074264 0.00285913 0.00891587 0.0225209 0.046082 0.0763906 0.102604 0.111689 0.0986026 0.070768 0.0416743 0.0209238 0.0104083 0.00729022 0.0081972 0.0110377 0.0148283 0.0190498 0.0232599 0.0269948 0.0298143 0.0313915 0.0315839 0.0304618 0.0282771 0.0253914 0.0221855 0.0189815 0.0159992 0.013349 0.0110544 0.00908742 0.00740103
 1.03108e-16 2.66654e-05 0.000156488 0.000743839 0.00286376 0.00893033 0.0225574 0.0461563 0.0765125 0.102764 0.111854 0.0987255 0.0708071 0.0415988 0.0207049 0.0100047 0.0066431 0.00723722 0.00970211 0.0130834 0.0169137 0.02082 0.0244128 0.0273148 0.0292318 0.0300127 0.0296744 0.0283804 0.0263859 0.0239694 0.0213739 0.0187747 0.0162751 0.0139235 0.0117379 0.00972675
 1.03448e-16 2.68764e-05 0.000157727 0.000749731 0.00288645 0.00900108 0.0227361 0.046522 0.0771184 0.103577 0.112737 0.0995016 0.0713555 0.0419043 0.0208258 0.0100108 0.00657796 0.00711452 0.00951738 0.0128256 0.0165723 0.0203897 0.0238964 0.0267249 0.0285914 0.029354 0.029036 0.0278038 0.0259108 0.0236292 0.0211917 0.0187601 0.0164234 0.0142159 0.0121442 0.0102097
 1.02695e-16 3.07018e-05 0.000180191 0.000856537 0.0032977 0.0102836 0.0259755 0.0531495 0.088102 0.118321 0.128763 0.113594 0.0813474 0.0475424 0.0232004 0.010439 0.00592305 0.00572011 0.00741763 0.00994445 0.0128375 0.0157874 0.0184933 0.0206696 0.0220969 0.0226664 0.0223982 0.0214238 0.0199423 0.0181666 0.0162786 0.0144039 0.0126104 0.0109227 0.00934349 0.00787085
 1.02427e-16 2.85933e-05 0.000167806 0.000797647 0.00307094 0.00957639 0.0241893 0.0494953 0.0820469 0.110195 0.119938 0.105849 0.0758899 0.044532 0.0220651 0.0104926 0.0067386 0.00716094 0.00951115 0.0127582 0.0164008 0.0200492 0.0233058 0.0257949 0.0272366 0.027507 0.0266624 0.0249123 0.0225585 0.019918 0.0172583 0.0147599 0.0125126 0.0105345 0.00880314 0.00728292
 1.02567e-16 2.8615e-05 0.000167935 0.000798265 0.00307332 0.00958383 0.0242081 0.0495336 0.0821099 0.110279 0.120025 0.105917 0.07592 0.0445122 0.0219864 0.0103416 0.00649496 0.00680002 0.00901088 0.0121079 0.0156102 0.0191544 0.0223708 0.0249065 0.0264917 0.0269964 0.0264529 0.0250344 0.023 0.0206278 0.0181569 0.0157549 0.0135141 0.0114678 0.00961596 0.00794776
 1.02319e-16 3.05398e-05 0.000179238 0.000852007 0.00328025 0.0102291 0.0258381 0.0528684 0.0876365 0.117697 0.128088 0.113005 0.0809435 0.0473412 0.0231669 0.0105331 0.0061274 0.00604127 0.00787324 0.0105494 0.0135932 0.0166744 0.0194684 0.0216681 0.0230397 0.023472 0.0229956 0.0217631 0.0200021 0.0179548 0.0158284 0.0137662 0.0118451 0.0100904 0.00849902 0.00705914
 1.02616e-16 2.68947e-05 0.000157831 0.00075022 0.00288832 0.00900691 0.0227509 0.0465524 0.0771698 0.103649 0.112822 0.0995932 0.0714574 0.0420368 0.0210256 0.0103275 0.0070691 0.00783956 0.0105276 0.0141498 0.0182006 0.0222604 0.025891 0.028676 0.0303032 0.0306325 0.0297223 0.0278005 0.025198 0.022264 0.0192944 0.0164913 0.0139579 0.0117192 0.00975556 0.00803191
pSPR Fmed_Fpbrs
0.769227   0.329548 0.329548
Fs Fmed_Fpbrs
0.156105   1.005 1.005
SSBpbr Bo_Bmed_Bpbrs
1.67237e+06  1.20281e+06  467507 467507
Ro
71682.4
SPR SPRFo_SPRFmed_SPRFpbrs
1.47476e+06 1.13443e+06 486005
log_Ro
11
likeval ReclasPelacesDesembMPH_pf_preclas_ppelaces_ptallas_desvR_qrecl_qpela
 62.9127 23.8527 0.0408523 0.000219185 292.804 176.627 81.9462 0 17.0811 0.000121594 4.36092e-08 0 0 0 0
q_reclas_q_pelaces
0.209598 1.03016
M
0.7
N
 88711.5 22173 8251.73 973.324 0.470817
 110701 41581.3 8392.89 3123.44 368.6
 72516.8 52755.1 17014 3434.16 1428.85
 102442 34091.2 20248.6 6530.39 1866.54
 165822 50366 16152.7 9593.99 3978.54
 124954 82160.7 24749.2 7937.25 6669.38
 179655 60569.1 36418.4 10970.3 6474.5
 152648 87871.7 28008.5 16840.6 8066.85
 160209 73450.3 37623.8 11992.3 10664.6
 140843 76633.2 30585.1 15666.8 9434.46
 69784.2 67644.5 32527 12981.9 10654.2
 42276.3 32111.8 23477.7 11289.3 8203.5
 42074.7 19544.6 11392 8328.91 6915.24
 25039.7 18699.7 5760.77 3357.77 4493.21
 20779.2 10279.7 3795.19 1169.17 1593.39
 27614.4 8760.61 2364.33 872.896 635.391
 24281.2 12868.3 3226.36 870.736 555.472
 27051.2 11521.8 5160.27 1293.79 571.918
 31736.3 13033.4 4963.73 2223.11 803.77
 55008.4 15360.5 5736.45 2184.71 1332.24
 69734.5 26621.7 6757.63 2523.68 1547.24
 95415.1 34191.7 12452.9 3161.04 1904.27
 157829 46610.4 15718.1 5724.67 2328.54
 168630 76911.3 21182.2 7143.1 3659.79
pred_Ctot
 3591.23 3850.93 1433.14 169.044 0.0817701
 3219.22 5322.84 1074.38 399.832 47.1846
 2788.76 8743.74 2819.94 569.184 236.821
 732.402 1127.56 669.719 215.991 61.7353
 266.585 379.341 121.657 72.2591 29.9652
 2148.11 6387.06 1923.97 617.03 518.468
 1945.47 3009.1 1809.28 545.007 321.655
 3413.21 8781.47 2799.03 1682.97 806.161
 4244.32 8615.9 4413.37 1406.73 1250.98
 3331.74 8078.39 3224.17 1651.53 994.547
 3697.55 14950.8 7189.16 2869.27 2354.81
 2107.38 6724.26 4916.26 2364 1717.82
 3197.69 5885.63 3430.55 2508.15 2082.44
 3154.85 8362.44 2576.19 1501.58 2009.34
 2277.8 4145.3 1530.42 471.471 642.538
 1227.68 1656.06 446.94 165.007 120.111
 778.179 1803.29 452.123 122.02 77.8406
 580.069 1106.52 495.58 124.252 54.9257
 579.141 1072.94 408.626 183.012 66.1684
 1007.55 1269.01 473.92 180.491 110.064
 633.915 1114.63 282.937 105.665 64.7817
 1118.07 1834.4 668.106 169.591 102.165
 2122.56 2858.73 964.029 351.108 142.815
 2153.02 4485.28 1235.29 416.569 213.43
F
 0.0577383 0.271489 0.271489 0.271489 0.271489
 0.0411762 0.193613 0.193613 0.193613 0.193613
 0.0547786 0.257572 0.257572 0.257572 0.257572
 0.00998521 0.0469511 0.0469511 0.0469511 0.0469511
 0.00223767 0.0105216 0.0105216 0.0105216 0.0105216
 0.0241606 0.113604 0.113604 0.113604 0.113604
 0.0151588 0.0712777 0.0712777 0.0712777 0.0712777
 0.0315268 0.148241 0.148241 0.148241 0.148241
 0.0374506 0.176095 0.176095 0.176095 0.176095
 0.0333808 0.156959 0.156959 0.156959 0.156959
 0.0761825 0.358215 0.358215 0.358215 0.358215
 0.0715256 0.336318 0.336318 0.336318 0.336318
 0.110936 0.521629 0.521629 0.521629 0.521629
 0.190294 0.894775 0.894775 0.894775 0.894775
 0.163688 0.769674 0.769674 0.769674 0.769674
 0.0635704 0.298912 0.298912 0.298912 0.298912
 0.0454647 0.213778 0.213778 0.213778 0.213778
 0.030217 0.142082 0.142082 0.142082 0.142082
 0.0256636 0.120672 0.120672 0.120672 0.120672
 0.02576 0.121125 0.121125 0.121125 0.121125
 0.0127114 0.0597698 0.0597698 0.0597698 0.0597698
 0.0164123 0.0771718 0.0771718 0.0771718 0.0771718
 0.0188565 0.0886644 0.0886644 0.0886644 0.0886644
 0.0178943 0.0841402 0.0841402 0.0841402 0.0841402
nmprior
 10 10 8 0
nm_flota  nm_reclas  nm_pelaces    nm_pelaL
inf 12.3765 19.7947 35.9632
cv_recla  cv_pelaces  cv_mph
0.734337 0.57469 0.480335
 ------------------------------------------------
Talla a la edad & desviación 
 7.2 14.2025 17.0495 18.207 18.6776
 1.08 2.13037 2.55742 2.73105 2.80164
