    unsorted:	 3.082236414e-06 5.529732942e-06 0.0008999984736 0.008305539707 54.23518802 44.21071873 45.15524334 64.46053467 91.32346570 102.0580278 283.1519716 327.9396182 654.1207430 459.5612742 623.1907710 763.2822232 842.0907745 912.9475388 1038.553832 1152.686695 1306.773061 1442.550888 1843.752584 1806.286812 2266.483864 2344.677821 2636.640431 3037.146234 3255.501599 3479.211304 3637.259961 4056.701280 4542.189351 5257.341494 5300.935300 5587.987283 8363.431514 40106.46643 204650.3536 340314.3295 366017.2821 381822.9280 284160.5033 244479.9241 419912.4177 425390.4323 454251.8124 473530.9669 518541.6546 551126.3280 640275.0519 692678.0241 751184.9311 894584.9763 1091113.203 1183359.790 1318689.815 1443768.784 1727113.140 1963081.896 2288671.135 2386271.513 2687497.612
      sorted:	 3.082236414e-06 5.529732942e-06 0.0008999984736 0.008305539707 44.21071873 45.15524334 54.23518802 64.46053467 91.32346570 102.0580278 283.1519716 327.9396182 459.5612742 623.1907710 654.1207430 763.2822232 842.0907745 912.9475388 1038.553832 1152.686695 1306.773061 1442.550888 1806.286812 1843.752584 2266.483864 2344.677821 2636.640431 3037.146234 3255.501599 3479.211304 3637.259961 4056.701280 4542.189351 5257.341494 5300.935300 5587.987283 8363.431514 40106.46643 204650.3536 244479.9241 284160.5033 340314.3295 366017.2821 381822.9280 419912.4177 425390.4323 454251.8124 473530.9669 518541.6546 551126.3280 640275.0519 692678.0241 751184.9311 894584.9763 1091113.203 1183359.790 1318689.815 1443768.784 1727113.140 1963081.896 2288671.135 2386271.513 2687497.612
