years
 1997 1998 1999 2000 2001 2002 2003 2004 2005 2006 2007 2008 2009 2010 2011 2012 2013 2014 2015 2016 2017 2018 2019 2020
reclasobs
 0 0 0 370054 412103 1.49427e+06 250295 1.28982e+06 931140 785840 897777 1.04006e+06 184774 17550 25797 100020 73551 82996 120727 218422 84188 347160 605670 569463
reclaspred
 1.20183e+06 318491 1.02279e+06 629041 717578 904752 1.82974e+06 1.27929e+06 1.43142e+06 1.3503e+06 1.16108e+06 790563 460626 212432 145633 151286 193134 284095 322118 434055 669608 683911 1.24525e+06 1.73193e+06
pelacesobs
 0 0 0 0 0 0 0 0 0 2.06254e+06 1.5e+06 0 1.87456e+06 323000 250000 174000 83755 137374 0 501740 490994 745055 786931 1.00524e+06
pelacespred
 823134 309207 382132 453389 440216 448554 928714 880203 837437 823144 612185 429072 245109 91377.7 62708.7 74217.4 99352.5 147630 177118 230175 386577 410328 566400 926137
mphobs
 0 0 0 0 0 112323 0 153150 637223 0 255016 313432 73983 77613 109348 50772 0 0 0 0 0 0 0 0
mphpred
 811541 537084 581801 679048 584839 780193 1.1348e+06 1.39422e+06 1.22733e+06 1.26396e+06 1.18853e+06 831968 515708 271503 132631 122677 147512 214646 276462 324018 494769 627066 822758 1.27018e+06
desembarqueobs
 350755 77701 442110 56441 14545 235359 269955 359681 431902 328805 639364 411747 362871 311530 167758 66681 60226 58785 57116 71774 51957 67425 138520 160799
desembarquepred
 350796 77718.1 442355 56448.9 14545.5 235477 270020 359768 432024 328876 639893 412194 363340 312125 167856 66712.4 60260.2 58798.7 57123.1 71782.6 51960.6 67426.6 138530 160806
Reclutas
 67515.5 64365.3 39286.7 44348.1 72594.5 62597.9 105293 101546 126161 121716 72004.7 44272 45103.6 28919.2 20986.7 19520.7 17572.9 19642 22074 38153 55667.6 70422.3 125087 184378
log_desv_Rt
 0.240112 0.192329 -0.301359 -0.180175 0.312645 0.164488 0.684499 0.648264 0.865315 0.829447 0.304487 -0.181891 -0.163282 -0.607739 -0.928355 -1.00077 -1.10589 -0.994573 -0.877844 -0.330639 0.0471539 0.282265 0.856767 1.24474
SSB
 811541 537084 581801 679048 584839 780193 1.1348e+06 1.39422e+06 1.22733e+06 1.26396e+06 1.18853e+06 831968 515708 271503 132631 122677 147512 214646 276462 324018 494769 627066 822758 1.27018e+06
BT
 2.78766e+06 724355 1.19845e+06 997632 990884 1.07131e+06 2.54244e+06 2.32425e+06 2.37878e+06 2.13325e+06 1.87432e+06 1.27498e+06 897320 494024 299637 224497 282796 382585 419430 583880 956925 895839 1.31675e+06 2.21057e+06
Ftot
 0.281572 0.235927 0.412335 0.0875074 0.0198424 0.251052 0.143486 0.271214 0.290775 0.235411 0.520429 0.493294 0.731466 1.28048 1.04299 0.420887 0.300466 0.200517 0.172047 0.16064 0.0757405 0.0960961 0.108361 0.0905494
BD_Bspro_t
 0.962311 0.792961 0.728857 0.593279 0.676825 0.787546 0.745435 0.761341 0.707568 0.669353 0.630591 0.47128 0.362056 0.257519 0.158419 0.172841 0.261169 0.418259 0.540239 0.637538 0.747927 0.83077 0.845624 0.859456
BD_Bspro
 0.742808 0.491596 0.532525 0.621536 0.535306 0.714115 1.03869 1.27614 1.12338 1.15691 1.08787 0.761504 0.47203 0.248508 0.121398 0.112287 0.135018 0.196466 0.253047 0.296576 0.452864 0.573957 0.753074 1.1626
BD_Bo
 0.721323 0.477377 0.517123 0.603559 0.519823 0.69346 1.00864 1.23923 1.09089 1.12345 1.0564 0.739479 0.458378 0.24132 0.117887 0.109039 0.131113 0.190784 0.245728 0.287998 0.439766 0.557356 0.731293 1.12897
BD_Brms
 3.51198 2.32426 2.51777 2.93861 2.53092 3.37632 4.91089 6.03355 5.31132 5.46985 5.14342 3.60038 2.23175 1.17494 0.573967 0.530891 0.638364 0.928889 1.1964 1.4022 2.14113 2.71366 3.56052 5.49676
S_f
 0.5 1 1 1 1
 0.5 1 1 1 1
 0.5 1 1 1 1
 0.5 1 1 1 1
 0.5 1 1 1 1
 0.5 1 1 1 1
 0.5 1 1 1 1
 0.5 1 1 1 1
 0.5 1 1 1 1
 0.5 1 1 1 1
 0.5 1 1 1 1
 0.5 1 1 1 1
 0.5 1 1 1 1
 0.5 1 1 1 1
 0.5 1 1 1 1
 0.5 1 1 1 1
 0.5 1 1 1 1
 0.5 1 1 1 1
 0.5 1 1 1 1
 0.5 1 1 1 1
 0.5 1 1 1 1
 0.5 1 1 1 1
 0.5 1 1 1 1
 0.5 1 1 1 1
Scru_reclas
 0.5 1 1 1 1
 0.5 1 1 1 1
 0.5 1 1 1 1
 0.5 1 1 1 1
 0.5 1 1 1 1
 0.5 1 1 1 1
 0.5 1 1 1 1
 0.5 1 1 1 1
 0.5 1 1 1 1
 0.5 1 1 1 1
 0.5 1 1 1 1
 0.5 1 1 1 1
 0.5 1 1 1 1
 0.5 1 1 1 1
 0.5 1 1 1 1
 0.5 1 1 1 1
 0.5 1 1 1 1
 0.5 1 1 1 1
 0.5 1 1 1 1
 0.5 1 1 1 1
 0.5 1 1 1 1
 0.5 1 1 1 1
 0.5 1 1 1 1
 0.5 1 1 1 1
Scru_pelaces
 0.5 1 1 1 1
 0.5 1 1 1 1
 0.5 1 1 1 1
 0.5 1 1 1 1
 0.5 1 1 1 1
 0.5 1 1 1 1
 0.5 1 1 1 1
 0.5 1 1 1 1
 0.5 1 1 1 1
 0.5 1 1 1 1
 0.5 1 1 1 1
 0.5 1 1 1 1
 0.5 1 1 1 1
 0.5 1 1 1 1
 0.5 1 1 1 1
 0.5 1 1 1 1
 0.5 1 1 1 1
 0.5 1 1 1 1
 0.5 1 1 1 1
 0.5 1 1 1 1
 0.5 1 1 1 1
 0.5 1 1 1 1
 0.5 1 1 1 1
 0.5 1 1 1 1
pf_obs 
 0.256992 0.487395 0.22802 0.0275931 0
 0.321318 0.546541 0.124235 0.00734118 0.000564706
 0.182869 0.594174 0.210203 0.0122559 0.00049798
 0.330522 0.361315 0.267642 0.0388342 0.00168674
 0.649043 0.306663 0.0425973 0.00169635 0
 0.582887 0.30429 0.105238 0.00758474 0
 0.465427 0.430635 0.0974691 0.00646863 0
 0.296916 0.608066 0.0921331 0.00288517 0
 0.311714 0.524322 0.152257 0.0117073 0
 0.15457 0.633149 0.183074 0.0267441 0.00246327
 0.131901 0.49318 0.331252 0.0422183 0.00144891
 0.196976 0.569456 0.194076 0.0375587 0.00193317
 0.518974 0.381816 0.0799577 0.0180837 0.00116848
 0.0928022 0.601141 0.25162 0.0475244 0.00691264
 0.122501 0.610282 0.24278 0.0234846 0.000952079
 0.383417 0.481906 0.127806 0.00687128 0
 0.0376549 0.599619 0.316969 0.0457579 0
 0.0361596 0.667082 0.258105 0.0386534 0
 0.158088 0.579412 0.248529 0.0139706 0
 0.0477256 0.309471 0.559284 0.082774 0.000745712
 0.0406174 0.521527 0.379366 0.0568643 0.0016247
 0.151134 0.462217 0.34131 0.0453401 0
 0.294876 0.26143 0.354403 0.0886775 0.000613685
 0.281977 0.475581 0.204845 0.0348837 0.00271318
pf_pred 
 0.595228 0.289901 0.103112 0.0117525 5.79266e-06
 0.469431 0.403911 0.0907135 0.0322651 0.0036793
 0.330273 0.438235 0.17623 0.0395791 0.0156828
 0.428474 0.300941 0.177057 0.0712008 0.0223271
 0.511648 0.295845 0.101365 0.0596378 0.0315028
 0.385522 0.41671 0.119809 0.04105 0.0369093
 0.532122 0.268644 0.135111 0.0388459 0.025277
 0.437317 0.395664 0.0958981 0.0482307 0.02289
 0.488571 0.320618 0.134174 0.03252 0.0241177
 0.44368 0.37554 0.113332 0.0474277 0.0200203
 0.319785 0.428857 0.169677 0.0512058 0.0304745
 0.317361 0.356954 0.205336 0.081241 0.0391083
 0.440325 0.289924 0.141053 0.0811401 0.047557
 0.438184 0.372052 0.098302 0.0478256 0.0436361
 0.542165 0.320684 0.0908254 0.0239975 0.0223277
 0.568782 0.330251 0.0707204 0.0200297 0.0102161
 0.471712 0.395636 0.101593 0.0217552 0.00930428
 0.474286 0.347339 0.133585 0.0343025 0.0104871
 0.460088 0.354405 0.122564 0.0471378 0.0158048
 0.557475 0.283896 0.104126 0.0360099 0.0184928
 0.539921 0.333581 0.0811533 0.0297648 0.0155799
 0.488052 0.361269 0.10925 0.0265782 0.0148507
 0.559857 0.291395 0.104968 0.0317429 0.0120373
 0.536383 0.335651 0.0847192 0.0305179 0.0127285
pobs_RECLAS
 0 0 0 0 0
 0 0 0 0 0
 0 0 0 0 0
 0 0 0 0 0
 0.835266 0.146461 0.0176864 0.000547809 3.91292e-05
 0.385257 0.428462 0.181853 0.0044286 0
 0.867414 0.0963971 0.0333333 0.00285562 0
 0.441836 0.489002 0.0689373 0.000224442 0
 0.779404 0.147425 0.0564933 0.0165055 0.000172143
 0.814271 0.122319 0.05973 0.00367925 0
 0.40263 0.566651 0.0304383 0.000280538 0
 0.475488 0.404961 0.113038 0.00651328 0
 0.955842 0.0263864 0.0167828 0.000988607 0
 0.975058 0.0227948 0.00214734 0 0
 0.738997 0.206755 0.0527124 0.00153531 0
 0.850938 0.134255 0.0134407 0.00136685 0
 0.542534 0.407297 0.0501686 0 0
 0.764087 0.199537 0.0359546 0.000420521 0
 0.470689 0.182191 0.310203 0.0369168 0
 0.84361 0.089868 0.0606195 0.00523954 0.000663233
 0.607945 0.314616 0.071237 0.00620181 0
 0.523733 0.453247 0.0230204 0 0
 0.530135 0.295979 0.169645 0.0042399 0
 0.562478 0.366248 0.0663022 0.0049721 0
ppred_RECLAS
 0.597766 0.288084 0.102466 0.0116788 5.75634e-06
 0.471551 0.402297 0.0903509 0.0321361 0.0036646
 0.334055 0.435761 0.175235 0.0393556 0.0155943
 0.429151 0.300584 0.176847 0.0711165 0.0223006
 0.511795 0.295757 0.101335 0.0596199 0.0314934
 0.387697 0.415235 0.119385 0.0409047 0.0367786
 0.533311 0.267961 0.134768 0.0387472 0.0252127
 0.439797 0.39392 0.0954754 0.0480181 0.0227891
 0.491312 0.318899 0.133454 0.0323457 0.0239885
 0.445776 0.374125 0.112905 0.047249 0.0199448
 0.324848 0.425665 0.168414 0.0508246 0.0302476
 0.322054 0.3545 0.203924 0.0806825 0.0388394
 0.449483 0.28518 0.138745 0.0798124 0.0467789
 0.459119 0.358188 0.094639 0.0460435 0.0420101
 0.557537 0.309917 0.0877759 0.0231918 0.021578
 0.573072 0.326966 0.070017 0.0198305 0.0101145
 0.474559 0.393503 0.101045 0.0216379 0.00925413
 0.476036 0.346182 0.133141 0.0341883 0.0104522
 0.461548 0.353447 0.122233 0.0470103 0.015762
 0.558815 0.283037 0.10381 0.0359009 0.0184368
 0.540508 0.333155 0.0810496 0.0297268 0.01556
 0.488816 0.36073 0.109087 0.0265385 0.0148285
 0.560717 0.290826 0.104762 0.0316808 0.0120137
 0.537097 0.335135 0.0845888 0.0304709 0.0127089
pobs_PELACES
 0 0 0 0 0
 0 0 0 0 0
 0 0 0 0 0
 0 0 0 0 0
 0 0 0 0 0
 0 0 0 0 0
 0 0 0 0 0
 0 0 0 0 0
 0 0 0 0 0
 0 0 0 0 0
 0.450072 0.473896 0.0757376 0.000293798 0
 0 0 0 0 0
 0.463077 0.371075 0.160297 0.00555027 0
 0.529543 0.364841 0.0842815 0.0213345 0
 0.631943 0.363953 0.00410389 0 0
 0.735681 0.248677 0.0153453 0.000297389 0
 0.695825 0.281241 0.0229344 0 0
 0.275771 0.60734 0.115278 0.00161068 0
 0 0 0 0 0
 0.896147 0.0623911 0.0374545 0.00400742 0
 0.803859 0.145111 0.0509908 3.86294e-05 0
 0.739449 0.233085 0.0266225 0.000797448 4.60066e-05
 0.878498 0.100942 0.0204185 0.000141795 0
 0.694673 0.275183 0.0284847 0.00165964 0
ppred_PELACES
 0.608884 0.280121 0.0996336 0.011356 5.59723e-06
 0.481261 0.394905 0.0886908 0.0315456 0.00359726
 0.349357 0.425748 0.171208 0.0384513 0.015236
 0.432692 0.29872 0.17575 0.0706754 0.0221623
 0.512613 0.295261 0.101165 0.05952 0.0314406
 0.397575 0.408536 0.117459 0.0402448 0.0361853
 0.539198 0.264581 0.133068 0.0382584 0.0248947
 0.45085 0.386148 0.0935916 0.0470707 0.0223395
 0.503306 0.31138 0.130308 0.0315831 0.0234229
 0.455392 0.367634 0.110946 0.0464292 0.0195988
 0.343957 0.413617 0.163648 0.0493861 0.0293915
 0.340076 0.345076 0.198503 0.0785377 0.0378069
 0.479495 0.269634 0.131181 0.0754614 0.0442287
 0.511845 0.323272 0.0854134 0.0415551 0.0379149
 0.599472 0.280544 0.0794568 0.0209937 0.0195329
 0.58997 0.314025 0.0672456 0.0190456 0.00971412
 0.486935 0.384236 0.0986653 0.0211283 0.00903618
 0.484295 0.340726 0.131042 0.0336494 0.0102875
 0.46861 0.348811 0.12063 0.0463938 0.0155553
 0.565339 0.278852 0.102275 0.03537 0.0181641
 0.54361 0.330906 0.0805024 0.0295261 0.0154549
 0.492779 0.357933 0.108241 0.0263328 0.0147136
 0.565117 0.287913 0.103713 0.0313635 0.0118934
 0.540809 0.332447 0.0839104 0.0302265 0.012607
pobs_pel_tallas
 0 0 0 0 0 0 0 0 0 0 0 0 0 0 0 0 0 0 0 0 0 0 0 0 0 0 0 0 0 0 0 0 0 0 0 0
 0 0 0 0 0 0 0 0 0 0 0 0 0 0 0 0 0 0 0 0 0 0 0 0 0 0 0 0 0 0 0 0 0 0 0 0
 0 0 0 0 0 0 0 0 0 0 0 0 0 0 0 0 0 0 0 0 0 0 0 0 0 0 0 0 0 0 0 0 0 0 0 0
 0 0 0 0 0 0 0 0 0 0 0 0 0 0 0 0 0 0 0 0 0 0 0 0 0 0 0 0 0 0 0 0 0 0 0 0
 0 0 0 0 0 0 0 0 0 0 0 0 0 0 0 0 0 0 0 0 0 0 0 0 0 0 0 0 0 0 0 0 0 0 0 0
 0 0 0 0 0 0 0 0 0 0 0 0 0 0 0 0 0 0 0 0 0 0 0 0 0 0 0 0 0 0 0 0 0 0 0 0
 0 0 0 0 0 0 0 0 0 0 0 0 0 0 0 0 0 0 0 0 0 0 0 0 0 0 0 0 0 0 0 0 0 0 0 0
 0 0 0 0 0 0 0 0 0 0 0 0 0 0 0 0 0 0 0 0 0 0 0 0 0 0 0 0 0 0 0 0 0 0 0 0
 0 0 0 0 0 0 0 0 0 0 0 0 0 0 0 0 0 0 0 0 0 0 0 0 0 0 0 0 0 0 0 0 0 0 0 0
 0 0 0 0 0 0 0 0 0 0 0 0 0 0 0 0 0 0 0 0 0 0 0 0 0 0 0 0 0 0 0 0 0 0 0 0
 0 0 0 0 0 0 0 0 1.78061e-05 0.00172719 0.00360574 0.0105946 0.0120993 0.0124554 0.0147524 0.0171206 0.0266825 0.0428682 0.0675386 0.121331 0.153587 0.119568 0.100827 0.0573624 0.0630603 0.0341343 0.0324427 0.0444173 0.0211091 0.0280891 0.0125444 0.00206551 0 0 0 0
 0 0 0 0 0 0 0 0 0 0 0 0 0 0 0 0 0 0 0 0 0 0 0 0 0 0 0 0 0 0 0 0 0 0 0 0
 0 0 0 0 0 0 0.0133647 0.0140871 0.0187388 0.0205184 0.03894 0.0496705 0.03968 0.0493445 0.0407372 0.0367815 0.0215668 0.0243155 0.0234873 0.0199281 0.019796 0.0243948 0.0301388 0.0376714 0.0412746 0.0863199 0.0771752 0.113111 0.0741005 0.0525337 0.0229764 0.00759418 0.00175318 0 0 0
 0 0 0 0 0 0 0 0 0 0 0.00219441 0.00772107 0.0458388 0.0604681 0.0671733 0.0775358 0.0609151 0.0617685 0.073594 0.0568108 0.0755445 0.0548602 0.0670107 0.0636378 0.0643287 0.046367 0.0373049 0.0286899 0.0247887 0.0153202 0.00654259 0.00121912 0.000365735 0 0 0
 0 0 0 0 0 0 0 0 0 0 0 0 0.000112435 0.00938835 0.0111873 0.0202946 0.0414886 0.0713402 0.111592 0.104902 0.108894 0.110636 0.117776 0.105296 0.107544 0.0401394 0.0192827 0.0124803 0.00416011 0.0028671 0.000618394 0 0 0 0 0
 0 0 0 0 0 0 0 0 0 0 0.00291406 0.0102884 0.027416 0.0768956 0.0749926 0.110853 0.0956884 0.0897413 0.0766577 0.0534642 0.0500743 0.0551293 0.0594112 0.0620874 0.0668451 0.0424026 0.0208742 0.0120726 0.0048766 0.00582813 0.00118941 0.000297354 0 0 0 0
 0 0.00264628 0.0354308 0.0461629 0.0458689 0.0383711 0.0214643 0.0164657 0.0346957 0.0420465 0.0363128 0.0245516 0.0311673 0.0291091 0.0169068 0.0133784 0.00837989 0.0085269 0.0148486 0.0160247 0.0276389 0.0546898 0.0760071 0.122758 0.109233 0.0665981 0.0333725 0.0166128 0.00676272 0.00308733 0.000882094 0 0 0 0 0
 0 0 0 0 0 0 0 0.000805153 0.000690131 0.00759144 0.0133425 0.0154129 0.00931677 0.000345066 0.00356568 0.00563607 0.00851162 0.0253048 0.0502646 0.0516448 0.0657925 0.0565908 0.0611916 0.0827007 0.0866115 0.110766 0.145733 0.0935128 0.0569358 0.0249597 0.0138026 0.00621118 0.00161031 0.00115022 0 0
 0 0 0 0 0 0 0 0 0 0 0 0 0 0 0 0 0 0 0 0 0 0 0 0 0 0 0 0 0 0 0 0 0 0 0 0
 0.00147267 0.00158595 0.00478618 0.00569244 0.00954404 0.0108468 0.00647125 0.017049 0.0510054 0.094081 0.124002 0.0959785 0.0687766 0.0820023 0.061753 0.0591476 0.0492212 0.0479892 0.0443925 0.0268479 0.0217502 0.0140895 0.0121071 0.0120363 0.00920419 0.00665534 0.0049561 0.00860946 0.00930331 0.0156896 0.0114698 0.00855282 0.00243557 0.00046729 0 2.83206e-05
 0 0 0 0 0.000772559 0.00158375 0.000888443 0.00281984 0.00712685 0.0440552 0.0773331 0.111326 0.0921469 0.0852325 0.0710754 0.0886704 0.0786465 0.0553345 0.0373146 0.0185414 0.00753245 0.00457741 0.012979 0.0271748 0.0457355 0.0583668 0.034881 0.0177882 0.00938659 0.00492506 0.0015258 0.00185414 0.000309023 5.79419e-05 3.86279e-05 0
 0 0.00173294 0.00326652 0 0.00397197 0.00683976 0.00946217 0.0152591 0.00757587 0.0136028 0.0228656 0.0392903 0.0559909 0.0764795 0.0681675 0.0726916 0.0566044 0.0477403 0.0527397 0.0444891 0.0609904 0.0582453 0.0661739 0.0445044 0.0529084 0.0360697 0.0280645 0.0235558 0.0158879 0.00826598 0.00280645 0.00217768 0.000904811 0.00058276 9.20147e-05 0
 0 0 0 0 0 0 0 0 0 0 0 0 0 0 0 0 0 0 0 0 0 0 0 0 0 0 0 0 0 0 0 0 0 0 0 0
 0 0 0 0 0 0 0 0 0 0 0 0 0 0 0 0 0 0 0 0 0 0 0 0 0 0 0 0 0 0 0 0 0 0 0 0
ppred_pel_tallas
 1.01897e-16 2.65744e-05 0.00015595 0.000741275 0.00285388 0.00889949 0.0224796 0.0459973 0.07625 0.102415 0.111482 0.0984182 0.0706315 0.0415856 0.0208645 0.0103557 0.00722687 0.00811338 0.0109309 0.0147037 0.0189209 0.0231494 0.0269318 0.0298307 0.031514 0.031827 0.0308203 0.0287237 0.0258784 0.0226513 0.0193615 0.016237 0.0134065 0.0109176 0.00876754 0.00693059
 1.0264e-16 2.10141e-05 0.000123296 0.000586008 0.00225602 0.00703507 0.0177704 0.0363628 0.0602841 0.0809861 0.0881981 0.0779617 0.0561667 0.0335042 0.0176155 0.0100703 0.00870602 0.0109164 0.0150575 0.0202875 0.0260461 0.0317578 0.0367875 0.0405296 0.0425362 0.0426172 0.0408786 0.0376802 0.0335338 0.0289775 0.0244667 0.0203116 0.0166676 0.0135653 0.0109596 0.00877623
 1.04603e-16 1.52638e-05 8.95336e-05 0.000425492 0.00163798 0.00510773 0.0129021 0.0264023 0.0437755 0.0588222 0.0640968 0.0567442 0.0410695 0.0248778 0.0137764 0.00897739 0.00898676 0.0119745 0.0167733 0.0227407 0.029368 0.0360679 0.0421646 0.0469961 0.0500516 0.0510789 0.0501278 0.0475116 0.0437072 0.0392305 0.0345295 0.0299245 0.0255987 0.0216287 0.0180286 0.0147904
 1.06057e-16 1.88925e-05 0.000110848 0.000526852 0.00202829 0.00632491 0.0159764 0.0326916 0.0541966 0.0728045 0.0792783 0.0700543 0.0504207 0.0299794 0.0155885 0.00864815 0.00720935 0.00893827 0.0123887 0.0168637 0.0219475 0.0272293 0.0322433 0.0365228 0.0396882 0.0415202 0.0419906 0.0412397 0.039516 0.0370993 0.034238 0.0311171 0.0278578 0.0245388 0.0212237 0.0179797
 1.05047e-16 2.2377e-05 0.000131307 0.000624115 0.00240278 0.00749275 0.0189263 0.0387272 0.0642002 0.0862362 0.0938871 0.0829222 0.0595922 0.0352509 0.0179932 0.00944001 0.00724084 0.00859191 0.0117536 0.0158968 0.0205562 0.0253051 0.0296796 0.0332297 0.0356087 0.0366451 0.0363704 0.03499 0.0328134 0.0301685 0.0273307 0.0244848 0.021725 0.0190801 0.0165494 0.0141312
 1.04875e-16 1.73655e-05 0.000101874 0.000484165 0.0018639 0.00581224 0.0146816 0.0300431 0.0498096 0.0669228 0.0729038 0.0644933 0.0465743 0.0280049 0.015133 0.00929766 0.00875693 0.011394 0.0158662 0.0214602 0.0276548 0.033878 0.0394836 0.0438477 0.0464992 0.0472226 0.0460971 0.0434537 0.0397752 0.0355701 0.0312673 0.027157 0.0233846 0.0199844 0.0169291 0.0141748
 1.04453e-16 2.35352e-05 0.000138109 0.000656457 0.00252731 0.00788111 0.0199072 0.040734 0.0675257 0.0906991 0.0987354 0.0871792 0.0625968 0.0369185 0.0186425 0.00945488 0.00686516 0.00791261 0.0107691 0.0145838 0.0189098 0.0233593 0.0275126 0.0309575 0.0333672 0.0345652 0.0345525 0.0334852 0.0316172 0.0292277 0.0265607 0.023793 0.0210315 0.0183327 0.0157288 0.0132484
 1.04116e-16 1.96876e-05 0.000115509 0.000548992 0.0021135 0.00659064 0.0166477 0.0340658 0.0564765 0.0758727 0.0826341 0.0730545 0.0526554 0.0314583 0.0166296 0.00964963 0.00850377 0.0107609 0.0148886 0.0200999 0.0258646 0.0316307 0.0367848 0.0407386 0.0430525 0.0435325 0.0422664 0.0395828 0.0359531 0.0318719 0.0277537 0.0238766 0.020376 0.0172764 0.0145405 0.0121133
 1.04131e-16 2.1972e-05 0.000128927 0.000612797 0.00235919 0.00735683 0.018583 0.0380249 0.0630367 0.0846754 0.0921933 0.0814392 0.0585549 0.0346945 0.0178148 0.00951805 0.00750688 0.00903626 0.0123995 0.0167742 0.0216826 0.0266737 0.0312515 0.034933 0.0373434 0.0382936 0.0378122 0.0361165 0.0335411 0.0304478 0.0271499 0.0238695 0.0207333 0.0177951 0.0150687 0.0125571
 1.04206e-16 1.98849e-05 0.000116669 0.00055451 0.00213476 0.00665692 0.0168151 0.0344082 0.0570435 0.0766327 0.0834568 0.0737703 0.0531463 0.0317014 0.0166671 0.00953035 0.00824896 0.0103638 0.0143302 0.019367 0.0249625 0.030592 0.0356715 0.0396374 0.0420627 0.0427493 0.0417632 0.0393975 0.0360821 0.0322727 0.0283553 0.0245941 0.0211254 0.0179873 0.0151629 0.0126198
 1.05529e-16 1.50278e-05 8.81493e-05 0.000418914 0.00161266 0.00502876 0.0127026 0.025994 0.0430985 0.0579121 0.0631041 0.0558627 0.0404258 0.0244768 0.0135345 0.00879092 0.00877407 0.0116826 0.0163699 0.0222096 0.0287103 0.0353063 0.0413461 0.046191 0.0493463 0.0505657 0.0498919 0.0476187 0.0441941 0.0401009 0.0357541 0.0314458 0.027339 0.0234986 0.019937 0.0166525
 1.07396e-16 1.48559e-05 8.71459e-05 0.000414157 0.00159437 0.00497174 0.0125585 0.0256987 0.0426071 0.0572467 0.0623655 0.055177 0.0398605 0.0239971 0.0130239 0.00809745 0.00774435 0.0101771 0.0142773 0.0194702 0.0253471 0.0314515 0.0372501 0.0422067 0.0458855 0.0480357 0.0486267 0.0478214 0.0459054 0.0431987 0.0399828 0.0364642 0.032775 0.0289989 0.0252034 0.0214633
 1.0661e-16 2.09319e-05 0.000122825 0.000583796 0.00224755 0.00700868 0.0177035 0.0362252 0.0600525 0.0806648 0.0878214 0.077565 0.0557425 0.0329748 0.0168351 0.00884238 0.00680335 0.00810429 0.0111314 0.0151273 0.0196786 0.0244084 0.0289012 0.0327449 0.0356089 0.0373084 0.0378297 0.0373073 0.035966 0.03405 0.031766 0.0292556 0.026599 0.0238383 0.0210074 0.0181528
 1.04518e-16 2.23447e-05 0.000131114 0.000623194 0.00239922 0.00748165 0.0188983 0.0386701 0.0641064 0.0861124 0.0937584 0.082823 0.0595523 0.03529 0.018128 0.00969479 0.00765186 0.00920316 0.0126057 0.0170129 0.021927 0.0268776 0.0313533 0.0348634 0.0370386 0.0377108 0.0369424 0.0349931 0.0322385 0.0290716 0.0258197 0.0226992 0.0198126 0.0171773 0.014766 0.0125439
 1.02854e-16 2.61639e-05 0.000153541 0.000729819 0.00280977 0.00876195 0.0221321 0.0452865 0.0750718 0.100833 0.109761 0.096901 0.0695476 0.0409575 0.0205678 0.0102386 0.0071829 0.00808892 0.0109045 0.0146676 0.0188726 0.0230898 0.0268668 0.0297727 0.0314842 0.0318556 0.0309458 0.0289894 0.0263266 0.0233171 0.0202653 0.0173788 0.0147635 0.012445 0.0104029 0.00860188
 1.02166e-16 2.57509e-05 0.000151113 0.000718271 0.0027653 0.00862324 0.0217818 0.0445699 0.0738851 0.099242 0.108038 0.0954 0.0685143 0.0404372 0.0204695 0.0104562 0.00766799 0.00885307 0.0119872 0.0161018 0.0206586 0.0251781 0.0291515 0.0320976 0.0336618 0.0336959 0.0322875 0.0297259 0.0264215 0.0228041 0.0192363 0.0159639 0.0131075 0.0106875 0.00866323 0.00697132
 1.02674e-16 2.1261e-05 0.000124747 0.000592908 0.00228259 0.00711793 0.0179796 0.0367909 0.0609934 0.0819377 0.089231 0.0788664 0.0568006 0.0338466 0.0177304 0.0100341 0.00856397 0.0106797 0.0147193 0.019839 0.025487 0.0311026 0.0360672 0.0397896 0.0418295 0.0419961 0.040385 0.0373384 0.0333472 0.02893 0.0245281 0.020445 0.0168366 0.0137396 0.0111182 0.00890761
 1.03609e-16 2.11442e-05 0.000124065 0.000589674 0.00227016 0.00707916 0.0178816 0.0365901 0.0606594 0.0814857 0.0887302 0.0784034 0.0564227 0.0335328 0.0174053 0.00959991 0.00792338 0.00974607 0.0134252 0.0181509 0.0234241 0.0287526 0.0335914 0.0374114 0.0398057 0.0405755 0.039765 0.0376293 0.0345543 0.030956 0.0271947 0.0235264 0.0200959 0.0169608 0.0141283 0.0115875
 1.04147e-16 2.04606e-05 0.00012005 0.000570589 0.00219667 0.00685 0.0173028 0.0354058 0.0586967 0.0788509 0.0858657 0.0758833 0.0546331 0.0325173 0.0169664 0.00949838 0.00799974 0.00993237 0.013708 0.0185363 0.0239191 0.029357 0.0342954 0.0381969 0.0406503 0.0414579 0.04067 0.0385509 0.0354956 0.031926 0.0282029 0.024577 0.021184 0.0180704 0.015234 0.0126583
 1.03607e-16 2.46755e-05 0.000144802 0.000688277 0.00264983 0.00826316 0.0208722 0.0427086 0.070799 0.0950954 0.10352 0.0914018 0.0656238 0.0386933 0.0195182 0.00986241 0.00710882 0.00814529 0.0110448 0.0149033 0.0192399 0.0236371 0.0276492 0.0308456 0.0328959 0.0336385 0.0331082 0.0315097 0.0291516 0.0263643 0.0234307 0.0205477 0.0178228 0.015295 0.0129664 0.0108293
 1.02988e-16 2.37301e-05 0.000139247 0.000661858 0.00254809 0.00794588 0.0200709 0.0410694 0.0680833 0.0914532 0.0995696 0.0879474 0.0632172 0.0374221 0.0191493 0.01012 0.00784077 0.00933247 0.0127362 0.0171488 0.022043 0.0269262 0.0312671 0.0345591 0.0364254 0.0367016 0.0354677 0.0330127 0.0297503 0.0261156 0.0224753 0.0190774 0.0160452 0.0134028 0.0111167 0.00913439
 1.03246e-16 2.15148e-05 0.000126239 0.000600008 0.00230994 0.00720321 0.018195 0.0372314 0.0617228 0.0829149 0.0902883 0.0797845 0.0574261 0.0341479 0.0177581 0.00984568 0.00817984 0.0100827 0.0138762 0.0187242 0.0241019 0.0294881 0.0343088 0.0380125 0.0401832 0.0406316 0.0394299 0.0368757 0.0334039 0.0294762 0.025487 0.021709 0.0182862 0.0152597 0.0126105 0.0102973
 1.032e-16 2.46662e-05 0.000144747 0.000688011 0.0026488 0.00825995 0.0208642 0.0426921 0.0707719 0.0950598 0.103484 0.0913743 0.0656148 0.0387096 0.019566 0.00995112 0.00725202 0.0083595 0.011346 0.0153023 0.019737 0.0242184 0.0282839 0.0314879 0.0334892 0.0341236 0.0334321 0.0316335 0.0290559 0.0260508 0.0229208 0.0198779 0.017039 0.0144466 0.0121009 0.00998874
 1.02928e-16 2.36081e-05 0.000138531 0.00065845 0.00253496 0.00790495 0.0199675 0.0408579 0.0677329 0.0909827 0.0990582 0.0874978 0.0628985 0.0372424 0.019074 0.0101072 0.00786328 0.00937992 0.0128083 0.0172492 0.0221753 0.0270924 0.0314662 0.0347872 0.0366751 0.0369632 0.03573 0.0332637 0.029979 0.0263124 0.0226331 0.0191921 0.0161156 0.0134311 0.011108 0.00909554
pSPR Fmed_Fpbrs
0.651266   0.255389 0.255389
Fs Fmed_Fpbrs
0.228237   1.005 1.005
SSBpbr Bo_Bmed_Bpbrs
1.12507e+06  676468  231078 231078
Ro
53103.6
SPR SPRFo_SPRFmed_SPRFpbrs
1.09253e+06 711530 279021
log_Ro
10.7
likeval ReclasPelacesDesembMPH_pf_preclas_ppelaces_ptallas_desvR_qrecl_qpela
 144.634 62.1558 0.0451888 0.00092701 312.158 183.464 83.6066 0 14.5984 0 0 0 0 0 0
q_reclas_q_pelaces
1 1
M
0.7
N
 67515.5 17455.5 6208.59 707.638 0.348787
 64365.3 29124.2 6540.95 2326.49 265.298
 39286.7 28406.3 11423.2 2565.5 1016.56
 44348.1 15874.6 9339.71 3755.83 1177.75
 72594.5 21079.8 7222.57 4249.36 2244.67
 62597.9 35693.5 10262.3 3516.16 3161.48
 105293 27418.2 13789.6 3964.67 2579.8
 101546 48667 11795.5 5932.41 2815.48
 126161 44031.3 18426.4 4466.06 3312.16
 121716 54172.4 16348.3 6841.53 2887.96
 72004.7 53730.8 21258.6 6415.49 3818.09
 44272 27564.2 15856.1 6273.48 3019.96
 45103.6 17179.3 8358.04 4807.91 2817.97
 28919.2 15537.1 4105.14 1997.22 1822.27
 20986.7 7570.54 2144.16 566.52 527.099
 19520.7 6186.66 1324.82 375.22 191.38
 17572.9 7854.06 2016.79 431.878 184.706
 19642 7509.17 2888 741.591 226.723
 22074 8823.45 3051.42 1173.57 393.483
 38153 10058.1 3689.04 1275.78 655.175
 55667.6 17484 4253.48 1560.06 816.586
 70422.3 26616.4 8048.98 1958.14 1094.12
 125087 33330.1 12006.3 3630.78 1376.84
 184378 58840.6 14851.5 5349.87 2231.34
pred_Ctot
 6428.45 3130.93 1113.61 126.926 0.0625606
 5185.86 4462.05 1002.12 356.436 40.6457
 5326.63 7067.85 2842.23 638.331 252.933
 1368.83 961.405 565.637 227.463 71.3274
 515.695 298.185 102.167 60.1095 31.752
 5349.28 5782.02 1662.39 569.585 512.131
 5264.06 2657.58 1336.6 384.286 250.054
 9333.73 8444.73 2046.77 1029.4 488.545
 12380.4 8124.48 3399.97 824.059 611.145
 9786.24 8283.29 2499.76 1046.11 441.587
 12043.2 16150.9 6390.11 1928.43 1147.68
 7058.95 7939.6 4567.21 1807.02 869.872
 10146.5 6680.79 3250.32 1869.73 1095.87
 10198.4 8659.21 2287.9 1113.1 1015.6
 6318.61 3737.38 1058.52 279.677 260.216
 2696.66 1565.76 335.294 94.9632 48.4356
 1778.23 1491.44 382.977 82.0111 35.0746
 1355.38 992.604 381.752 98.0275 29.9695
 1315.04 1012.97 350.317 134.731 45.1736
 2127.51 1083.44 397.377 137.425 70.5744
 1491.01 921.2 224.108 82.1969 43.0245
 2382.48 1763.57 533.316 129.744 72.4952
 4759.17 2477.06 892.296 269.836 102.325
 5884.85 3682.54 929.483 334.822 139.648
F
 0.140786 0.281572 0.281572 0.281572 0.281572
 0.117963 0.235927 0.235927 0.235927 0.235927
 0.206168 0.412335 0.412335 0.412335 0.412335
 0.0437537 0.0875074 0.0875074 0.0875074 0.0875074
 0.00992121 0.0198424 0.0198424 0.0198424 0.0198424
 0.125526 0.251052 0.251052 0.251052 0.251052
 0.0717431 0.143486 0.143486 0.143486 0.143486
 0.135607 0.271214 0.271214 0.271214 0.271214
 0.145388 0.290775 0.290775 0.290775 0.290775
 0.117706 0.235411 0.235411 0.235411 0.235411
 0.260215 0.520429 0.520429 0.520429 0.520429
 0.246647 0.493294 0.493294 0.493294 0.493294
 0.365733 0.731466 0.731466 0.731466 0.731466
 0.640241 1.28048 1.28048 1.28048 1.28048
 0.521495 1.04299 1.04299 1.04299 1.04299
 0.210443 0.420887 0.420887 0.420887 0.420887
 0.150233 0.300466 0.300466 0.300466 0.300466
 0.100259 0.200517 0.200517 0.200517 0.200517
 0.0860234 0.172047 0.172047 0.172047 0.172047
 0.0803199 0.16064 0.16064 0.16064 0.16064
 0.0378702 0.0757405 0.0757405 0.0757405 0.0757405
 0.0480481 0.0960961 0.0960961 0.0960961 0.0960961
 0.0541803 0.108361 0.108361 0.108361 0.108361
 0.0452747 0.0905494 0.0905494 0.0905494 0.0905494
nmprior
 10 10 8 0
nm_flota  nm_reclas  nm_pelaces    nm_pelaL
inf 14.2161 14.3068 24.3585
cv_recla  cv_pelaces  cv_mph
1.11343 0.927696 0.987826
 ------------------------------------------------
Talla a la edad & desviación 
 7.2 14.2025 17.0495 18.207 18.6776
 1.08 2.13037 2.55742 2.73105 2.80164
