years
 1997 1998 1999 2000 2001 2002 2003 2004 2005 2006 2007 2008 2009 2010 2011 2012 2013 2014 2015 2016 2017 2018 2019 2020
reclasobs
 0 0 0 370054 412103 1.49427e+06 250295 1.28982e+06 931140 785840 897777 1.04006e+06 184774 17550 25797 100020 73551 82996 120727 218422 84188 347160 605670 569463
reclaspred
 974841 197806 410030 190734 302687 373110 795806 605656 703541 864945 808985 555477 334221 133734 74227.8 72243.6 84626.3 105983 111716 144283 228055 227829 371840 359052
pelacesobs
 0 0 0 0 0 0 0 0 0 2.06254e+06 1.5e+06 0 1.87456e+06 323000 250000 174000 83755 137374 0 501740 490994 745055 786931 1.00524e+06
pelacespred
 2.64318e+06 643510 567546 510077 808280 623209 2.1464e+06 1.64988e+06 1.88625e+06 2.34412e+06 1.69043e+06 1.215e+06 800392 256359 156298 149114 178893 228664 227990 306532 578949 499922 631388 700941
mphobs
 0 0 0 0 0 112323 0 153150 637223 0 255016 313432 73983 77613 109348 50772 0 0 0 0 0 0 0 0
mphpred
 332371 155773 139574 91819.4 89145.8 167540 211584 298904 276736 322034 401845 264688 165483 90826.7 39500.3 30580.5 32843.1 39762.8 45776.9 50505.5 76784.6 98248.4 120271 147781
desembarqueobs
 350755 77701 442110 56441 14545 235359 269955 359681 431902 328805 639364 411747 362871 311530 167758 66681 60226 58785 57116 71774 51957 67425 138520 160799
desembarquepred
 350739 77679.2 441813 56435.1 14544.7 235362 269965 359415 431709 328670 638687 411415 362541 311225 167370 66635 60219.3 58737.4 57068.7 71740.1 51950.6 67388.8 138476 160766
Reclutas
 27626.3 42205.9 11170 17008 43524.3 24921.8 63555.4 65238.4 84343.3 124255 59532.2 47863.9 52723.7 27662.2 13856.8 11820.5 8266.33 8781.03 9790.43 14667.2 20023.4 25343.9 34803.9 25527.8
log_desv_Rt
 0.00652401 0.430316 -0.89901 -0.478564 0.461076 -0.0965016 0.839667 0.865804 1.12265 1.51009 0.774272 0.556118 0.652821 0.00782149 -0.683465 -0.842406 -1.20005 -1.13965 -1.03084 -0.626628 -0.315343 -0.0797084 0.237483 -0.0724786
SSB
 611260 286480 256689 168864 163947 308121 389122 549712 508943 592250 739030 486786 304337 167039 72644.6 56240.4 60401.5 73127.4 84187.9 92884.2 141214 180688 221190 271782
BT
 1.48584e+06 418593 490226 289051 386249 453858 1.2205e+06 1.15131e+06 1.28502e+06 1.40537e+06 1.32065e+06 925326 724997 404672 209385 123727 130255 152516 149929 197590 308741 281450 373097 439381
Ftot
 0.485814 0.611521 1.24568 0.437151 0.0859483 0.771309 0.585417 0.916538 0.998937 0.638685 1.0078 1.01401 1.64064 2.86077 3.06865 1.33215 1.0295 0.818859 0.709127 0.756907 0.345931 0.412237 0.505968 0.590849
BD_Bspro_t
 0.935118 0.672124 0.545544 0.284003 0.396514 0.606792 0.5154 0.559952 0.499642 0.489854 0.509788 0.339662 0.245823 0.167953 0.0902996 0.086053 0.125118 0.199048 0.269816 0.344219 0.474369 0.599228 0.607862 0.58156
BD_Bspro
 1.08249 0.507335 0.454578 0.299046 0.290338 0.545659 0.689105 0.973498 0.9013 1.04883 1.30877 0.862062 0.538959 0.295813 0.128648 0.0995975 0.106967 0.129503 0.149091 0.164491 0.250079 0.319984 0.39171 0.481306
BD_Bo
 0.792037 0.371205 0.332604 0.218805 0.212434 0.399246 0.504202 0.712286 0.65946 0.767405 0.957595 0.630751 0.394344 0.216439 0.0941289 0.0728732 0.078265 0.0947544 0.109086 0.120354 0.182977 0.234125 0.286605 0.35216
BD_Brms
 2.61474 1.22545 1.09802 0.722338 0.701304 1.31802 1.66452 2.35146 2.17707 2.53342 3.16129 2.08229 1.30184 0.714528 0.310746 0.240575 0.258375 0.312811 0.360124 0.397323 0.604059 0.772914 0.946166 1.16258
S_f
 0.13674 1 1 1 1
 0.13674 1 1 1 1
 0.13674 1 1 1 1
 0.13674 1 1 1 1
 0.13674 1 1 1 1
 0.13674 1 1 1 1
 0.13674 1 1 1 1
 0.13674 1 1 1 1
 0.13674 1 1 1 1
 0.13674 1 1 1 1
 0.13674 1 1 1 1
 0.13674 1 1 1 1
 0.13674 1 1 1 1
 0.13674 1 1 1 1
 0.13674 1 1 1 1
 0.13674 1 1 1 1
 0.13674 1 1 1 1
 0.13674 1 1 1 1
 0.13674 1 1 1 1
 0.13674 1 1 1 1
 0.13674 1 1 1 1
 0.13674 1 1 1 1
 0.13674 1 1 1 1
 0.13674 1 1 1 1
Scru_reclas
 0.415207 0.781335 0.94732 0.989071 0.997809
 0.415207 0.781335 0.94732 0.989071 0.997809
 0.415207 0.781335 0.94732 0.989071 0.997809
 0.415207 0.781335 0.94732 0.989071 0.997809
 0.415207 0.781335 0.94732 0.989071 0.997809
 0.415207 0.781335 0.94732 0.989071 0.997809
 0.415207 0.781335 0.94732 0.989071 0.997809
 0.415207 0.781335 0.94732 0.989071 0.997809
 0.415207 0.781335 0.94732 0.989071 0.997809
 0.415207 0.781335 0.94732 0.989071 0.997809
 0.415207 0.781335 0.94732 0.989071 0.997809
 0.415207 0.781335 0.94732 0.989071 0.997809
 0.415207 0.781335 0.94732 0.989071 0.997809
 0.415207 0.781335 0.94732 0.989071 0.997809
 0.415207 0.781335 0.94732 0.989071 0.997809
 0.415207 0.781335 0.94732 0.989071 0.997809
 0.415207 0.781335 0.94732 0.989071 0.997809
 0.415207 0.781335 0.94732 0.989071 0.997809
 0.415207 0.781335 0.94732 0.989071 0.997809
 0.415207 0.781335 0.94732 0.989071 0.997809
 0.415207 0.781335 0.94732 0.989071 0.997809
 0.415207 0.781335 0.94732 0.989071 0.997809
 0.415207 0.781335 0.94732 0.989071 0.997809
 0.415207 0.781335 0.94732 0.989071 0.997809
Scru_pelaces
 0.819106 1 1 1 1
 0.819106 1 1 1 1
 0.819106 1 1 1 1
 0.819106 1 1 1 1
 0.819106 1 1 1 1
 0.819106 1 1 1 1
 0.819106 1 1 1 1
 0.819106 1 1 1 1
 0.819106 1 1 1 1
 0.819106 1 1 1 1
 0.819106 1 1 1 1
 0.819106 1 1 1 1
 0.819106 1 1 1 1
 0.819106 1 1 1 1
 0.819106 1 1 1 1
 0.819106 1 1 1 1
 0.819106 1 1 1 1
 0.819106 1 1 1 1
 0.819106 1 1 1 1
 0.819106 1 1 1 1
 0.819106 1 1 1 1
 0.819106 1 1 1 1
 0.819106 1 1 1 1
 0.819106 1 1 1 1
pf_obs 
 0.256992 0.487395 0.22802 0.0275931 0
 0.321318 0.546541 0.124235 0.00734118 0.000564706
 0.182869 0.594174 0.210203 0.0122559 0.00049798
 0.330522 0.361315 0.267642 0.0388342 0.00168674
 0.649043 0.306663 0.0425973 0.00169635 0
 0.582887 0.30429 0.105238 0.00758474 0
 0.465427 0.430635 0.0974691 0.00646863 0
 0.296916 0.608066 0.0921331 0.00288517 0
 0.311714 0.524322 0.152257 0.0117073 0
 0.15457 0.633149 0.183074 0.0267441 0.00246327
 0.131901 0.49318 0.331252 0.0422183 0.00144891
 0.196976 0.569456 0.194076 0.0375587 0.00193317
 0.518974 0.381816 0.0799577 0.0180837 0.00116848
 0.0928022 0.601141 0.25162 0.0475244 0.00691264
 0.122501 0.610282 0.24278 0.0234846 0.000952079
 0.383417 0.481906 0.127806 0.00687128 0
 0.0376549 0.599619 0.316969 0.0457579 0
 0.0361596 0.667082 0.258105 0.0386534 0
 0.158088 0.579412 0.248529 0.0139706 0
 0.0477256 0.309471 0.559284 0.082774 0.000745712
 0.0406174 0.521527 0.379366 0.0568643 0.0016247
 0.151134 0.462217 0.34131 0.0453401 0
 0.294876 0.26143 0.354403 0.0886775 0.000613685
 0.281977 0.475581 0.204845 0.0348837 0.00271318
pf_pred 
 0.169284 0.569702 0.231667 0.0293397 6.78521e-06
 0.268265 0.479472 0.173001 0.0703502 0.00891163
 0.0861657 0.717413 0.128706 0.046439 0.0212764
 0.249888 0.428627 0.252384 0.0452783 0.0238221
 0.3675 0.475547 0.0896857 0.0528087 0.0144585
 0.14581 0.696881 0.118274 0.0223058 0.0167301
 0.384681 0.399598 0.175993 0.0298694 0.00985829
 0.265597 0.63159 0.0667688 0.0294066 0.00663808
 0.315138 0.554376 0.112218 0.0118632 0.00640427
 0.331683 0.567945 0.0812482 0.0164465 0.00267724
 0.144975 0.712903 0.120778 0.0172781 0.00406681
 0.195772 0.544409 0.216631 0.0367011 0.00648612
 0.306694 0.520786 0.116785 0.0464711 0.00926438
 0.263603 0.653557 0.0622261 0.0139541 0.00665955
 0.306308 0.647036 0.0414079 0.0039425 0.00130603
 0.345727 0.622626 0.0295182 0.00188905 0.000239441
 0.225653 0.686894 0.083223 0.00394553 0.000284504
 0.260284 0.580471 0.141261 0.017115 0.000869913
 0.260148 0.589421 0.118046 0.0287272 0.00365745
 0.318263 0.536378 0.115804 0.0231925 0.00636261
 0.283124 0.597927 0.0935864 0.0202052 0.00515673
 0.247485 0.58257 0.141746 0.0221858 0.00601237
 0.26411 0.549732 0.144117 0.0350654 0.00697571
 0.171133 0.639747 0.141278 0.0370373 0.0108043
pobs_RECLAS
 0 0 0 0 0
 0 0 0 0 0
 0 0 0 0 0
 0 0 0 0 0
 0.835266 0.146461 0.0176864 0.000547809 3.91292e-05
 0.385257 0.428462 0.181853 0.0044286 0
 0.867414 0.0963971 0.0333333 0.00285562 0
 0.441836 0.489002 0.0689373 0.000224442 0
 0.779404 0.147425 0.0564933 0.0165055 0.000172143
 0.814271 0.122319 0.05973 0.00367925 0
 0.40263 0.566651 0.0304383 0.000280538 0
 0.475488 0.404961 0.113038 0.00651328 0
 0.955842 0.0263864 0.0167828 0.000988607 0
 0.975058 0.0227948 0.00214734 0 0
 0.738997 0.206755 0.0527124 0.00153531 0
 0.850938 0.134255 0.0134407 0.00136685 0
 0.542534 0.407297 0.0501686 0 0
 0.764087 0.199537 0.0359546 0.000420521 0
 0.470689 0.182191 0.310203 0.0369168 0
 0.84361 0.089868 0.0606195 0.00523954 0.000663233
 0.607945 0.314616 0.071237 0.00620181 0
 0.523733 0.453247 0.0230204 0 0
 0.530135 0.295979 0.169645 0.0042399 0
 0.562478 0.366248 0.0663022 0.0049721 0
ppred_RECLAS
 0.433868 0.363315 0.179126 0.0236854 5.52597e-06
 0.580062 0.254981 0.111546 0.0473587 0.00605218
 0.282735 0.536341 0.116662 0.0439486 0.0203133
 0.548755 0.235194 0.167907 0.0314505 0.0166931
 0.681804 0.225982 0.0516729 0.0317669 0.00877434
 0.403812 0.466884 0.0960725 0.0189173 0.0143139
 0.701658 0.179711 0.0959637 0.0170047 0.00566192
 0.595512 0.336923 0.0431846 0.0198578 0.00452219
 0.652171 0.270207 0.0663156 0.00731955 0.00398633
 0.661911 0.278006 0.0482193 0.0101909 0.00167358
 0.410101 0.474434 0.0974525 0.0145556 0.00345629
 0.491445 0.321259 0.154992 0.0274157 0.00488793
 0.661374 0.240577 0.0654095 0.0271749 0.00546539
 0.676426 0.280035 0.0323266 0.00756866 0.00364404
 0.732621 0.24578 0.0190704 0.00189574 0.000633551
 0.699193 0.283296 0.016284 0.00108804 0.00013913
 0.548053 0.391399 0.0574954 0.00284594 0.000207028
 0.582731 0.312727 0.0922713 0.0116722 0.00059851
 0.579994 0.320019 0.0777073 0.0197439 0.00253594
 0.647767 0.264509 0.0692391 0.014478 0.00400697
 0.602022 0.320032 0.0607319 0.0136899 0.00352476
 0.555723 0.327545 0.0966257 0.0157902 0.00431696
 0.577553 0.298591 0.0949075 0.0241098 0.00483865
 0.443401 0.408482 0.10937 0.0299361 0.00880993
pobs_PELACES
 0 0 0 0 0
 0 0 0 0 0
 0 0 0 0 0
 0 0 0 0 0
 0 0 0 0 0
 0 0 0 0 0
 0 0 0 0 0
 0 0 0 0 0
 0 0 0 0 0
 0 0 0 0 0
 0.450072 0.473896 0.0757376 0.000293798 0
 0 0 0 0 0
 0.463077 0.371075 0.160297 0.00555027 0
 0.529543 0.364841 0.0842815 0.0213345 0
 0.631943 0.363953 0.00410389 0 0
 0.735681 0.248677 0.0153453 0.000297389 0
 0.695825 0.281241 0.0229344 0 0
 0.275771 0.60734 0.115278 0.00161068 0
 0 0 0 0 0
 0.896147 0.0623911 0.0374545 0.00400742 0
 0.803859 0.145111 0.0509908 3.86294e-05 0
 0.739449 0.233085 0.0266225 0.000797448 4.60066e-05
 0.878498 0.100942 0.0204185 0.000141795 0
 0.694673 0.275183 0.0284847 0.00165964 0
ppred_PELACES
 0.591792 0.279948 0.11384 0.0144173 3.33421e-06
 0.732257 0.175439 0.0633012 0.0257412 0.00326077
 0.47634 0.411104 0.073753 0.0266112 0.0121922
 0.69948 0.171722 0.101113 0.01814 0.00954392
 0.781809 0.164047 0.0309384 0.0182172 0.00498769
 0.575357 0.34644 0.0587975 0.0110889 0.00831703
 0.821987 0.115604 0.0509151 0.00864126 0.00285202
 0.752601 0.212764 0.0224925 0.00990625 0.00223618
 0.800113 0.161803 0.0327525 0.00346245 0.00186918
 0.789079 0.179244 0.025642 0.00519052 0.00084494
 0.596831 0.336154 0.0569503 0.00814711 0.00191762
 0.680587 0.216221 0.0860389 0.0145765 0.00257607
 0.835512 0.123557 0.0277074 0.0110253 0.00219798
 0.881866 0.104845 0.00998242 0.00223853 0.00106834
 0.911286 0.0827476 0.00529554 0.000504196 0.000167025
 0.841047 0.151265 0.00717133 0.000458938 5.81713e-05
 0.719658 0.248681 0.0301298 0.00142843 0.000103001
 0.739992 0.204034 0.0496528 0.00601586 0.000305772
 0.731457 0.213942 0.0428471 0.0104271 0.00132754
 0.786534 0.167951 0.0362605 0.00726206 0.00199227
 0.72744 0.227336 0.0355821 0.00768215 0.00196062
 0.694829 0.236252 0.0574829 0.00899711 0.00243822
 0.720088 0.209103 0.0548181 0.0133379 0.00265336
 0.60445 0.305299 0.0674204 0.0176748 0.00515601
pobs_pel_tallas
 0 0 0 0 0 0 0 0 0 0 0 0 0 0 0 0 0 0 0 0 0 0 0 0 0 0 0 0 0 0 0 0 0 0 0 0
 0 0 0 0 0 0 0 0 0 0 0 0 0 0 0 0 0 0 0 0 0 0 0 0 0 0 0 0 0 0 0 0 0 0 0 0
 0 0 0 0 0 0 0 0 0 0 0 0 0 0 0 0 0 0 0 0 0 0 0 0 0 0 0 0 0 0 0 0 0 0 0 0
 0 0 0 0 0 0 0 0 0 0 0 0 0 0 0 0 0 0 0 0 0 0 0 0 0 0 0 0 0 0 0 0 0 0 0 0
 0 0 0 0 0 0 0 0 0 0 0 0 0 0 0 0 0 0 0 0 0 0 0 0 0 0 0 0 0 0 0 0 0 0 0 0
 0 0 0 0 0 0 0 0 0 0 0 0 0 0 0 0 0 0 0 0 0 0 0 0 0 0 0 0 0 0 0 0 0 0 0 0
 0 0 0 0 0 0 0 0 0 0 0 0 0 0 0 0 0 0 0 0 0 0 0 0 0 0 0 0 0 0 0 0 0 0 0 0
 0 0 0 0 0 0 0 0 0 0 0 0 0 0 0 0 0 0 0 0 0 0 0 0 0 0 0 0 0 0 0 0 0 0 0 0
 0 0 0 0 0 0 0 0 0 0 0 0 0 0 0 0 0 0 0 0 0 0 0 0 0 0 0 0 0 0 0 0 0 0 0 0
 0 0 0 0 0 0 0 0 0 0 0 0 0 0 0 0 0 0 0 0 0 0 0 0 0 0 0 0 0 0 0 0 0 0 0 0
 0 0 0 0 0 0 0 0 1.78061e-05 0.00172719 0.00360574 0.0105946 0.0120993 0.0124554 0.0147524 0.0171206 0.0266825 0.0428682 0.0675386 0.121331 0.153587 0.119568 0.100827 0.0573624 0.0630603 0.0341343 0.0324427 0.0444173 0.0211091 0.0280891 0.0125444 0.00206551 0 0 0 0
 0 0 0 0 0 0 0 0 0 0 0 0 0 0 0 0 0 0 0 0 0 0 0 0 0 0 0 0 0 0 0 0 0 0 0 0
 0 0 0 0 0 0 0.0133647 0.0140871 0.0187388 0.0205184 0.03894 0.0496705 0.03968 0.0493445 0.0407372 0.0367815 0.0215668 0.0243155 0.0234873 0.0199281 0.019796 0.0243948 0.0301388 0.0376714 0.0412746 0.0863199 0.0771752 0.113111 0.0741005 0.0525337 0.0229764 0.00759418 0.00175318 0 0 0
 0 0 0 0 0 0 0 0 0 0 0.00219441 0.00772107 0.0458388 0.0604681 0.0671733 0.0775358 0.0609151 0.0617685 0.073594 0.0568108 0.0755445 0.0548602 0.0670107 0.0636378 0.0643287 0.046367 0.0373049 0.0286899 0.0247887 0.0153202 0.00654259 0.00121912 0.000365735 0 0 0
 0 0 0 0 0 0 0 0 0 0 0 0 0.000112435 0.00938835 0.0111873 0.0202946 0.0414886 0.0713402 0.111592 0.104902 0.108894 0.110636 0.117776 0.105296 0.107544 0.0401394 0.0192827 0.0124803 0.00416011 0.0028671 0.000618394 0 0 0 0 0
 0 0 0 0 0 0 0 0 0 0 0.00291406 0.0102884 0.027416 0.0768956 0.0749926 0.110853 0.0956884 0.0897413 0.0766577 0.0534642 0.0500743 0.0551293 0.0594112 0.0620874 0.0668451 0.0424026 0.0208742 0.0120726 0.0048766 0.00582813 0.00118941 0.000297354 0 0 0 0
 0 0.00264628 0.0354308 0.0461629 0.0458689 0.0383711 0.0214643 0.0164657 0.0346957 0.0420465 0.0363128 0.0245516 0.0311673 0.0291091 0.0169068 0.0133784 0.00837989 0.0085269 0.0148486 0.0160247 0.0276389 0.0546898 0.0760071 0.122758 0.109233 0.0665981 0.0333725 0.0166128 0.00676272 0.00308733 0.000882094 0 0 0 0 0
 0 0 0 0 0 0 0 0.000805153 0.000690131 0.00759144 0.0133425 0.0154129 0.00931677 0.000345066 0.00356568 0.00563607 0.00851162 0.0253048 0.0502646 0.0516448 0.0657925 0.0565908 0.0611916 0.0827007 0.0866115 0.110766 0.145733 0.0935128 0.0569358 0.0249597 0.0138026 0.00621118 0.00161031 0.00115022 0 0
 0 0 0 0 0 0 0 0 0 0 0 0 0 0 0 0 0 0 0 0 0 0 0 0 0 0 0 0 0 0 0 0 0 0 0 0
 0.00147267 0.00158595 0.00478618 0.00569244 0.00954404 0.0108468 0.00647125 0.017049 0.0510054 0.094081 0.124002 0.0959785 0.0687766 0.0820023 0.061753 0.0591476 0.0492212 0.0479892 0.0443925 0.0268479 0.0217502 0.0140895 0.0121071 0.0120363 0.00920419 0.00665534 0.0049561 0.00860946 0.00930331 0.0156896 0.0114698 0.00855282 0.00243557 0.00046729 0 2.83206e-05
 0 0 0 0 0.000772559 0.00158375 0.000888443 0.00281984 0.00712685 0.0440552 0.0773331 0.111326 0.0921469 0.0852325 0.0710754 0.0886704 0.0786465 0.0553345 0.0373146 0.0185414 0.00753245 0.00457741 0.012979 0.0271748 0.0457355 0.0583668 0.034881 0.0177882 0.00938659 0.00492506 0.0015258 0.00185414 0.000309023 5.79419e-05 3.86279e-05 0
 0 0.00173294 0.00326652 0 0.00397197 0.00683976 0.00946217 0.0152591 0.00757587 0.0136028 0.0228656 0.0392903 0.0559909 0.0764795 0.0681675 0.0726916 0.0566044 0.0477403 0.0527397 0.0444891 0.0609904 0.0582453 0.0661739 0.0445044 0.0529084 0.0360697 0.0280645 0.0235558 0.0158879 0.00826598 0.00280645 0.00217768 0.000904811 0.00058276 9.20147e-05 0
 0 0 0 0 0 0 0 0 0 0 0 0 0 0 0 0 0 0 0 0 0 0 0 0 0 0 0 0 0 0 0 0 0 0 0 0
 0 0 0 0 0 0 0 0 0 0 0 0 0 0 0 0 0 0 0 0 0 0 0 0 0 0 0 0 0 0 0 0 0 0 0 0
ppred_pel_tallas
 1.02203e-16 2.58291e-05 0.000151575 0.000720473 0.00277379 0.00864972 0.0218487 0.0447065 0.0741105 0.0995421 0.108358 0.0956653 0.0686681 0.0404546 0.0203439 0.0101758 0.00720337 0.0081622 0.0110307 0.0148619 0.0191565 0.0234863 0.0273956 0.0304454 0.0322984 0.0327905 0.0319601 0.0300223 0.0273035 0.0241582 0.0208971 0.0177455 0.0148354 0.0122233 0.00991877 0.00791037
 1.01993e-16 3.19497e-05 0.000187518 0.000891373 0.00343183 0.0107018 0.027032 0.0553111 0.0916846 0.123131 0.133993 0.118197 0.0846204 0.0494083 0.0240227 0.0106588 0.00583594 0.00545395 0.00699836 0.00935738 0.0120603 0.014804 0.0172996 0.0192744 0.0205201 0.0209355 0.020544 0.0194766 0.0179309 0.0161185 0.0142217 0.0123684 0.0106295 0.00903166 0.00757687 0.00625944
 1.02665e-16 2.08001e-05 0.000122038 0.000580026 0.00223298 0.00696322 0.0175889 0.0359916 0.0596692 0.0801618 0.0873049 0.0771825 0.0556281 0.0332283 0.0175531 0.0101634 0.00892545 0.0112629 0.0155458 0.0209288 0.0268358 0.0326678 0.0377642 0.0414983 0.0434113 0.0433174 0.0413423 0.0378769 0.0334696 0.0286919 0.0240236 0.019786 0.016132 0.0130791 0.0105626 0.00848726
 1.02561e-16 3.05204e-05 0.000179127 0.000851481 0.00327824 0.0102229 0.0258222 0.0528357 0.0875816 0.117621 0.128 0.112915 0.0808504 0.0472302 0.0230082 0.010287 0.00574943 0.0054874 0.00710797 0.009557 0.01239 0.0153182 0.0180601 0.0203433 0.0219494 0.0227567 0.0227579 0.022048 0.0207877 0.0191585 0.0173234 0.0154059 0.0134876 0.011618 0.00982983 0.00815043
 1.01352e-16 3.41099e-05 0.000200201 0.000951673 0.00366401 0.0114259 0.0288608 0.059053 0.0978863 0.131457 0.143047 0.126167 0.090292 0.052649 0.025465 0.0110693 0.00573016 0.00505549 0.00635156 0.00843137 0.0108045 0.0131719 0.0152601 0.0168181 0.0176618 0.0177148 0.0170232 0.0157371 0.0140687 0.0122386 0.0104317 0.008771 0.00731465 0.00606952 0.00501252 0.00411062
 1.01718e-16 2.5115e-05 0.000147377 0.000700502 0.00269687 0.00840985 0.0212428 0.0434674 0.0720585 0.096792 0.10538 0.0930747 0.0668919 0.0395749 0.0202085 0.0106082 0.00812744 0.00960373 0.0130595 0.0175289 0.0224454 0.0272829 0.0314785 0.0345026 0.03597 0.0357281 0.0338903 0.0307963 0.0269204 0.0227573 0.018723 0.0150975 0.0120146 0.00948908 0.00746184 0.00584382
 1.01191e-16 3.58599e-05 0.00021048 0.00100055 0.0038522 0.0120128 0.0303432 0.0620857 0.102912 0.138201 0.150372 0.132597 0.0948256 0.0551556 0.0264219 0.0110501 0.00509419 0.00392281 0.00470676 0.00622563 0.00801911 0.00985169 0.0115254 0.0128573 0.0137068 0.014003 0.013757 0.0130515 0.0120141 0.0107844 0.00948467 0.00820381 0.00699474 0.00588175 0.00487224 0.00396686
 1.00834e-16 3.28382e-05 0.000192731 0.000916149 0.00352721 0.0109993 0.0277833 0.0568487 0.0942341 0.126557 0.137728 0.121506 0.0870212 0.0508735 0.0248519 0.0112212 0.0064099 0.0062029 0.00800299 0.0106392 0.0135836 0.0164691 0.0189419 0.0206777 0.0214446 0.0211569 0.0198945 0.0178775 0.0154085 0.0128002 0.0103135 0.00812107 0.00630091 0.00485418 0.00373405 0.00287456
 1.00725e-16 3.49079e-05 0.000204887 0.000973949 0.00374977 0.0116933 0.0295364 0.0604353 0.100177 0.134533 0.146393 0.129114 0.0923921 0.0538558 0.0260153 0.0112507 0.00573905 0.00498186 0.0062198 0.00823763 0.0105355 0.012812 0.0147936 0.01623 0.0169389 0.0168465 0.0160025 0.0145626 0.0127464 0.010784 0.00887065 0.00713954 0.00565695 0.0044342 0.00344803 0.00266035
 1.00641e-16 3.44275e-05 0.000202064 0.000960528 0.00369809 0.0115322 0.0291294 0.0596025 0.0987976 0.132682 0.144383 0.127352 0.0911543 0.053181 0.0257764 0.0112958 0.00597622 0.00538558 0.00680093 0.00901348 0.0115103 0.0139661 0.0160793 0.0175745 0.0182539 0.0180417 0.0170015 0.0153149 0.0132339 0.0110208 0.008896 0.00700745 0.00542523 0.0041554 0.00316364 0.00239867
 1.01288e-16 2.6051e-05 0.000152872 0.000726632 0.00279748 0.0087236 0.0220353 0.0450888 0.0747457 0.100399 0.109302 0.0965249 0.0693417 0.0409644 0.0208075 0.0107433 0.00801544 0.00933504 0.0126487 0.0169623 0.0217072 0.0263668 0.0303926 0.0332692 0.0346224 0.0343053 0.0324301 0.0293307 0.0254729 0.0213436 0.0173534 0.0137804 0.0107593 0.00830742 0.00636734 0.00485014
 1.01914e-16 2.96984e-05 0.000174297 0.000828509 0.00318977 0.00994698 0.0251253 0.0514103 0.0852202 0.114454 0.124564 0.109911 0.078757 0.0461234 0.0226849 0.010507 0.00637998 0.00651173 0.00856897 0.0114992 0.0148186 0.0181739 0.0212101 0.0235885 0.0250494 0.0254665 0.024869 0.0234216 0.0213741 0.0189969 0.0165259 0.0141311 0.0119106 0.00990529 0.0081214 0.0065506
 1.00916e-16 3.64499e-05 0.000213943 0.00101701 0.00391559 0.0122104 0.0308425 0.0631074 0.104605 0.140476 0.152848 0.134782 0.0963919 0.0560741 0.0268752 0.0112609 0.00521954 0.00404086 0.00484386 0.0063798 0.00816997 0.00996315 0.0115479 0.0127331 0.0133785 0.0134244 0.0129032 0.0119265 0.010653 0.00924932 0.00785616 0.00656904 0.00543539 0.00446415 0.0036413 0.00294431
 1.00303e-16 3.84704e-05 0.000225807 0.00107342 0.00413277 0.0128877 0.0325532 0.0666074 0.110406 0.148263 0.161315 0.142232 0.101684 0.0590815 0.0281822 0.011575 0.00501176 0.00350862 0.00401922 0.00523034 0.00665432 0.00805604 0.00925085 0.0100773 0.0104215 0.0102423 0.00958094 0.00854842 0.0072967 0.00598283 0.00473791 0.00364878 0.00275474 0.00205599 0.00152806 0.00113617
 1.00128e-16 3.97523e-05 0.000233335 0.00110921 0.0042706 0.0133175 0.0336389 0.0688285 0.114087 0.153203 0.166684 0.146951 0.105026 0.0609575 0.028954 0.0116786 0.00472966 0.00294877 0.00318678 0.00409643 0.00519635 0.00627761 0.00718989 0.00780535 0.00803491 0.00784798 0.00727978 0.00642122 0.00539577 0.00433068 0.00333199 0.00246969 0.0017749 0.00124657 0.000863047 0.000593854
 1.0017e-16 3.66924e-05 0.000215364 0.00102376 0.00394157 0.0122914 0.0310472 0.0635263 0.1053 0.141411 0.153872 0.135698 0.0970755 0.0565295 0.0272008 0.0115801 0.0056365 0.00463051 0.00565502 0.00743349 0.00945114 0.0114118 0.0130563 0.0141535 0.0145419 0.0141671 0.0130958 0.0114967 0.00959825 0.00763528 0.00580321 0.00423059 0.00297382 0.00202952 0.00135598 0.000894944
 1.00563e-16 3.14033e-05 0.000184303 0.000876074 0.0033729 0.0105181 0.0265679 0.054362 0.0901135 0.121027 0.13172 0.116232 0.0833 0.0488109 0.0240549 0.0112173 0.00690242 0.0070926 0.00930404 0.0123969 0.0158233 0.0191686 0.0220203 0.0239976 0.024828 0.0244109 0.0228411 0.0203793 0.0173847 0.0142302 0.0112293 0.00859205 0.00641708 0.00471045 0.00341907 0.00246391
 1.00993e-16 3.22881e-05 0.000189502 0.0009008 0.00346812 0.010815 0.0273178 0.0558962 0.0926551 0.124436 0.135419 0.119468 0.0855593 0.0500141 0.024424 0.011016 0.00628 0.00607448 0.00785121 0.0104668 0.0134122 0.0163366 0.0189003 0.0207871 0.021764 0.0217324 0.0207482 0.0190004 0.0167586 0.0143076 0.0118904 0.00967524 0.007749 0.00613194 0.00480223 0.00371972
 1.01099e-16 3.19163e-05 0.000187318 0.000890417 0.00342814 0.0106903 0.0270029 0.0552519 0.0915875 0.123004 0.133863 0.118101 0.0845952 0.0494797 0.0242174 0.0110145 0.00640594 0.00630106 0.00818021 0.0109072 0.0139669 0.0169959 0.0196395 0.0215685 0.0225417 0.0224609 0.0213901 0.019533 0.0171765 0.0146215 0.0121227 0.00985305 0.00789837 0.00627298 0.00494695 0.00387209
 1.00913e-16 3.43161e-05 0.000201411 0.000957426 0.00368615 0.0114949 0.0290353 0.0594099 0.0984781 0.132252 0.143913 0.126932 0.0908427 0.0529767 0.0256357 0.0111641 0.00580827 0.00514992 0.00647793 0.00859542 0.0110044 0.0133977 0.0154931 0.0170309 0.0178212 0.0177849 0.0169708 0.0155362 0.0137045 0.0117099 0.00975128 0.00796435 0.00641704 0.00512204 0.00405779 0.00318853
 1.00935e-16 3.17417e-05 0.000186292 0.000885534 0.00340933 0.0106317 0.0268548 0.054949 0.0910858 0.122331 0.133134 0.117466 0.0841567 0.0492566 0.02417 0.0110967 0.0065954 0.00660037 0.00860368 0.0114667 0.0146613 0.0178043 0.0205191 0.0224569 0.0233657 0.0231476 0.0218797 0.0197889 0.017191 0.0144147 0.0117369 0.00934374 0.00732403 0.00568693 0.0043916 0.00337641
 1.01317e-16 3.03202e-05 0.000177945 0.000845851 0.00325654 0.0101552 0.0256513 0.0524865 0.0870046 0.116852 0.127176 0.112222 0.0804268 0.0471287 0.0232294 0.0108406 0.00668726 0.00689566 0.00907566 0.0121373 0.0155636 0.0189665 0.0219565 0.0241684 0.0253327 0.0253346 0.0242378 0.022259 0.0197077 0.0169104 0.0141453 0.0116043 0.00938576 0.00751202 0.00595795 0.00467845
 1.01429e-16 3.14204e-05 0.000184407 0.000876579 0.00337486 0.0105242 0.0265832 0.0543932 0.0901641 0.121092 0.131782 0.116266 0.0832811 0.0487122 0.0238442 0.0108499 0.00631987 0.00622926 0.00810119 0.0108217 0.0138889 0.0169501 0.0196598 0.0216946 0.0228141 0.0229137 0.0220443 0.020391 0.01822 0.015813 0.01341 0.0111767 0.0091989 0.00749799 0.00605597 0.00483909
 1.01905e-16 2.6382e-05 0.000154819 0.00073589 0.00283314 0.0088348 0.0223162 0.0456632 0.0756969 0.101674 0.110682 0.0977249 0.0701632 0.0413685 0.0208634 0.0105307 0.00756653 0.00863361 0.011657 0.0156503 0.020076 0.0244636 0.0283171 0.0311674 0.0326687 0.032676 0.0312742 0.028745 0.0254889 0.021926 0.0184123 0.0151905 0.0123815 0.0100082 0.0080333 0.00639565
pSPR Fmed_Fpbrs
0.416423   0.352912 0.352912
Fs Fmed_Fpbrs
0.760222   1.005 1.005
SSBpbr Bo_Bmed_Bpbrs
771757  282789  233775 233775
Ro
27446.7
SPR SPRFo_SPRFmed_SPRFpbrs
564677 235144 199281
log_Ro
10.04
likeval ReclasPelacesDesembMPH_pf_preclas_ppelaces_ptallas_desvR_qrecl_qpela
 69.1 13.8664 0.0644236 0.000175233 292.51 161.992 85.3046 0 18.4905 5.78964e-06 0.000106883 0 0 0 0
q_reclas_q_pelaces
1.4063 4.35293
M
0.7
N
 27626.3 15161.6 6165.39 780.822 0.180576
 42205.9 12837.1 4631.82 1883.51 238.594
 11170 19277.6 3458.44 1247.86 571.717
 17008 4678.14 2754.58 494.179 260
 43524.3 7955.83 1500.43 883.48 241.889
 24921.8 21361 3625.37 683.725 512.817
 63555.4 11137 4905.02 832.475 274.756
 65238.4 29132.7 3079.78 1356.41 306.188
 84343.3 28580.4 5785.32 611.597 330.167
 124255 36536.1 5226.72 1058.01 172.228
 59532.2 56543.2 9579.4 1370.39 322.555
 47863.9 25757.1 10249.3 1736.4 306.871
 52723.7 20691.2 4639.94 1846.33 368.08
 27662.2 20920.4 1991.86 446.67 213.173
 13856.8 9289.48 594.492 56.6024 18.7507
 11820.5 4522.98 214.43 13.7227 1.73939
 8266.33 4892.39 592.755 28.102 2.02637
 8781.03 3565.9 867.782 105.139 5.34398
 9790.43 3898.62 780.795 190.011 24.1916
 14667.2 4412.49 952.653 190.792 52.3418
 20023.4 6567.39 1027.91 221.926 56.6395
 25343.9 9483.93 2307.55 361.173 97.878
 34803.9 11895.6 3118.53 758.775 150.946
 25527.8 16127.8 3561.56 933.695 272.372
pred_Ctot
 1281.86 4313.91 1754.24 222.167 0.0513791
 2446.67 4372.97 1577.83 641.62 81.2774
 1270.54 10578.5 1897.8 684.757 313.727
 712.186 1221.6 719.301 129.044 67.8936
 365.966 473.562 89.3113 52.5883 14.3982
 1805 8626.78 1464.13 276.127 207.104
 3532.52 3669.51 1616.14 274.29 90.5285
 5566.6 13237.4 1399.4 616.33 139.127
 7805.72 13731.4 2779.55 293.842 158.629
 7510.9 12861 1839.85 372.427 60.6256
 5555.51 27318.8 4628.28 662.105 155.842
 4492.5 12492.9 4971.18 842.203 148.841
 7718.8 13107 2939.22 1169.57 233.164
 6586.51 16330.1 1554.81 348.663 166.399
 3498.16 7389.43 472.896 45.0251 14.9154
 1430.6 2576.4 122.145 7.81682 0.990799
 787.009 2395.68 290.257 13.7608 0.992263
 673.287 1501.53 365.405 44.272 2.25024
 654.331 1482.52 296.912 72.2553 9.1993
 1043.35 1758.39 379.635 76.0313 20.8583
 667.126 1408.9 220.518 47.6096 12.1508
 1002.25 2359.26 574.034 89.8466 24.3485
 1679.87 3496.57 916.655 223.033 44.3689
 1431.58 5351.69 1181.84 309.829 90.3816
F
 0.0664304 0.485814 0.485814 0.485814 0.485814
 0.0836196 0.611521 0.611521 0.611521 0.611521
 0.170334 1.24568 1.24568 1.24568 1.24568
 0.0597763 0.437151 0.437151 0.437151 0.437151
 0.0117526 0.0859483 0.0859483 0.0859483 0.0859483
 0.105469 0.771309 0.771309 0.771309 0.771309
 0.0800502 0.585417 0.585417 0.585417 0.585417
 0.125328 0.916538 0.916538 0.916538 0.916538
 0.136595 0.998937 0.998937 0.998937 0.998937
 0.0873341 0.638685 0.638685 0.638685 0.638685
 0.137807 1.0078 1.0078 1.0078 1.0078
 0.138656 1.01401 1.01401 1.01401 1.01401
 0.224342 1.64064 1.64064 1.64064 1.64064
 0.391183 2.86077 2.86077 2.86077 2.86077
 0.419609 3.06865 3.06865 3.06865 3.06865
 0.182158 1.33215 1.33215 1.33215 1.33215
 0.140774 1.0295 1.0295 1.0295 1.0295
 0.111971 0.818859 0.818859 0.818859 0.818859
 0.0969664 0.709127 0.709127 0.709127 0.709127
 0.1035 0.756907 0.756907 0.756907 0.756907
 0.0473027 0.345931 0.345931 0.345931 0.345931
 0.0563694 0.412237 0.412237 0.412237 0.412237
 0.0691863 0.505968 0.505968 0.505968 0.505968
 0.080793 0.590849 0.590849 0.590849 0.590849
nmprior
 10 10 8 0
nm_flota  nm_reclas  nm_pelaces    nm_pelaL
inf 28.2268 10.8724 17.5223
cv_recla  cv_pelaces  cv_mph
0.769601 0.438174 0.429483
 ------------------------------------------------
Talla a la edad & desviación 
 7.2 14.2025 17.0495 18.207 18.6776
 1.08 2.13037 2.55742 2.73105 2.80164
