years
 1997 1998 1999 2000 2001 2002 2003 2004 2005 2006 2007 2008 2009 2010 2011 2012 2013 2014 2015 2016 2017 2018 2019 2020
reclasobs
 0 0 0 370054 412103 1.49427e+06 250295 1.28982e+06 931140 785840 897777 1.04006e+06 184774 17550 25797 100020 73551 82996 120727 218422 84188 347160 605670 569463
reclaspred
 608380 137286 272664 175026 315234 364222 784528 571908 686787 793051 667243 471171 309243 129975 71248.4 66326.1 78502.5 96867.9 99337.5 141966 211893 197727 330818 332654
pelacesobs
 0 0 0 0 0 0 0 0 0 2.06254e+06 1.5e+06 0 1.87456e+06 323000 250000 174000 83755 137374 0 501740 490994 745055 786931 1.00524e+06
pelacespred
 2.40865e+06 505722 570008 602270 978449 832744 2.38749e+06 1.89151e+06 2.18435e+06 2.50073e+06 1.80215e+06 1.3516e+06 890556 289848 164944 162046 200284 257331 257461 373927 648707 552060 734420 863510
mphobs
 0 0 0 0 0 112323 0 153150 637223 0 255016 313432 73983 77613 109348 50772 0 0 0 0 0 0 0 0
mphpred
 302168 146488 135628 102608 126407 232914 311556 376052 348465 400553 471532 327631 214110 117284 47129.6 34232.1 39736.1 49723.7 57465.8 64971.4 101627 122920 154608 200109
desembarqueobs
 350755 77701 442110 56441 14545 235359 269955 359681 431902 328805 639364 411747 362871 311530 167758 66681 60226 58785 57116 71774 51957 67425 138520 160799
desembarquepred
 350737 77685.4 441897 56439.4 14545.5 235371 269974 359513 431777 328698 638897 411551 362674 311297 167424 66645.9 60226 58750.4 57081.4 71751.5 51951.1 67395.6 138487 160783
Reclutas
 29927.1 40815 14722.7 28207.3 53802.3 34866.9 61426.9 73375 94809.7 127823 63845.5 50037 49758.6 24425.5 13415.5 13398.3 9159.19 9637.4 11076.9 18339.1 21840.4 30448.5 43039.3 31960.3
log_desv_Rt
 -0.0334788 0.276805 -0.742854 -0.092665 0.553072 0.119293 0.685604 0.863338 1.11963 1.4184 0.724221 0.480518 0.474938 -0.236618 -0.835834 -0.837115 -1.21749 -1.16659 -1.02739 -0.523211 -0.348481 -0.0162096 0.329868 0.03225
SSB
 550416 266837 247054 186907 230258 424267 567517 685001 634749 729631 858923 596799 390014 213639 85849.3 62355.8 72381.6 90574.5 104677 118349 185120 223906 281627 364511
BT
 1.48074e+06 393789 524937 365664 507784 606509 1.39503e+06 1.3564e+06 1.49989e+06 1.57771e+06 1.47541e+06 1.05725e+06 798793 433809 219167 136149 148714 177488 178457 245974 370758 342860 465151 568833
Ftot
 0.554484 0.641928 1.31244 0.375704 0.0593073 0.529723 0.373716 0.720908 0.762552 0.50321 0.840951 0.791969 1.20644 2.10874 2.51247 1.1541 0.82314 0.635012 0.55626 0.573674 0.25783 0.327872 0.387587 0.427306
BD_Bspro_t
 0.928308 0.656693 0.53433 0.303585 0.474806 0.678078 0.602619 0.612629 0.558361 0.544909 0.551713 0.389656 0.297488 0.208772 0.106761 0.0970983 0.150814 0.241347 0.320057 0.405183 0.544102 0.651536 0.665621 0.652159
BD_Bspro
 0.864521 0.419113 0.388041 0.293569 0.361659 0.666383 0.891381 1.07591 0.99698 1.14601 1.34908 0.937373 0.612584 0.335556 0.134841 0.0979403 0.113688 0.142263 0.164413 0.185887 0.290762 0.351682 0.442343 0.572526
BD_Bo
 0.674207 0.32685 0.302618 0.228943 0.282044 0.519686 0.695153 0.83906 0.777506 0.893727 1.0521 0.731021 0.47773 0.261687 0.105157 0.0763798 0.0886605 0.110945 0.12822 0.144966 0.226754 0.274263 0.344966 0.446491
BD_Brms
 2.25694 1.09414 1.01303 0.766396 0.944154 1.73967 2.32706 2.80879 2.60274 2.99179 3.52194 2.44712 1.59922 0.876009 0.352018 0.255685 0.296795 0.371393 0.429221 0.485281 0.759069 0.918109 1.15479 1.49465
S_f
 0.149932 1 1 1 1
 0.149932 1 1 1 1
 0.149932 1 1 1 1
 0.149932 1 1 1 1
 0.149932 1 1 1 1
 0.149932 1 1 1 1
 0.149932 1 1 1 1
 0.149932 1 1 1 1
 0.149932 1 1 1 1
 0.149932 1 1 1 1
 0.149932 1 1 1 1
 0.149932 1 1 1 1
 0.149932 1 1 1 1
 0.149932 1 1 1 1
 0.149932 1 1 1 1
 0.149932 1 1 1 1
 0.149932 1 1 1 1
 0.149932 1 1 1 1
 0.149932 1 1 1 1
 0.149932 1 1 1 1
 0.149932 1 1 1 1
 0.149932 1 1 1 1
 0.149932 1 1 1 1
 0.149932 1 1 1 1
Scru_reclas
 0.85837 1 1 1 1
 0.85837 1 1 1 1
 0.85837 1 1 1 1
 0.85837 1 1 1 1
 0.85837 1 1 1 1
 0.85837 1 1 1 1
 0.85837 1 1 1 1
 0.85837 1 1 1 1
 0.85837 1 1 1 1
 0.85837 1 1 1 1
 0.85837 1 1 1 1
 0.85837 1 1 1 1
 0.85837 1 1 1 1
 0.85837 1 1 1 1
 0.85837 1 1 1 1
 0.85837 1 1 1 1
 0.85837 1 1 1 1
 0.85837 1 1 1 1
 0.85837 1 1 1 1
 0.85837 1 1 1 1
 0.85837 1 1 1 1
 0.85837 1 1 1 1
 0.85837 1 1 1 1
 0.85837 1 1 1 1
Scru_pelaces
 1 1 1 1 1
 1 1 1 1 1
 1 1 1 1 1
 1 1 1 1 1
 1 1 1 1 1
 1 1 1 1 1
 1 1 1 1 1
 1 1 1 1 1
 1 1 1 1 1
 1 1 1 1 1
 1 1 1 1 1
 1 1 1 1 1
 1 1 1 1 1
 1 1 1 1 1
 1 1 1 1 1
 1 1 1 1 1
 1 1 1 1 1
 1 1 1 1 1
 1 1 1 1 1
 1 1 1 1 1
 1 1 1 1 1
 1 1 1 1 1
 1 1 1 1 1
 1 1 1 1 1
pf_obs 
 0.256992 0.487395 0.22802 0.0275931 0
 0.321318 0.546541 0.124235 0.00734118 0.000564706
 0.182869 0.594174 0.210203 0.0122559 0.00049798
 0.330522 0.361315 0.267642 0.0388342 0.00168674
 0.649043 0.306663 0.0425973 0.00169635 0
 0.582887 0.30429 0.105238 0.00758474 0
 0.465427 0.430635 0.0974691 0.00646863 0
 0.296916 0.608066 0.0921331 0.00288517 0
 0.311714 0.524322 0.152257 0.0117073 0
 0.15457 0.633149 0.183074 0.0267441 0.00246327
 0.131901 0.49318 0.331252 0.0422183 0.00144891
 0.196976 0.569456 0.194076 0.0375587 0.00193317
 0.518974 0.381816 0.0799577 0.0180837 0.00116848
 0.0928022 0.601141 0.25162 0.0475244 0.00691264
 0.122501 0.610282 0.24278 0.0234846 0.000952079
 0.383417 0.481906 0.127806 0.00687128 0
 0.0376549 0.599619 0.316969 0.0457579 0
 0.0361596 0.667082 0.258105 0.0386534 0
 0.158088 0.579412 0.248529 0.0139706 0
 0.0477256 0.309471 0.559284 0.082774 0.000745712
 0.0406174 0.521527 0.379366 0.0568643 0.0016247
 0.151134 0.462217 0.34131 0.0453401 0
 0.294876 0.26143 0.354403 0.0886775 0.000613685
 0.281977 0.475581 0.204845 0.0348837 0.00271318
pf_pred 
 0.219402 0.540289 0.213868 0.0264326 8.16676e-06
 0.285133 0.508733 0.142675 0.0564765 0.00698226
 0.126254 0.686463 0.13328 0.0373785 0.0166251
 0.346454 0.429535 0.175995 0.0341702 0.0138454
 0.335209 0.538134 0.0832434 0.0341076 0.00930538
 0.156004 0.654737 0.153201 0.0236985 0.0123592
 0.288679 0.437988 0.21204 0.0496151 0.0116775
 0.272616 0.556212 0.105397 0.0510252 0.0147494
 0.306848 0.542154 0.115464 0.0218794 0.0136542
 0.307295 0.562882 0.101542 0.0216258 0.00665522
 0.146589 0.675382 0.144664 0.0260969 0.00726837
 0.183481 0.520086 0.234595 0.0502491 0.0115895
 0.258018 0.512671 0.146061 0.0658836 0.0173667
 0.213175 0.639617 0.101713 0.0289782 0.0165167
 0.284446 0.610048 0.0857672 0.0136388 0.00610047
 0.371261 0.576118 0.0448621 0.00630721 0.0014516
 0.222272 0.682466 0.0872897 0.00679722 0.00117557
 0.250233 0.557092 0.169075 0.0216252 0.00197519
 0.25936 0.558033 0.135681 0.0411784 0.00574792
 0.334343 0.502413 0.122996 0.0299053 0.010343
 0.260171 0.604189 0.102376 0.0250626 0.00820132
 0.263658 0.535018 0.164414 0.0278587 0.00905185
 0.275322 0.534062 0.1385 0.0425617 0.00955502
 0.172766 0.623648 0.150036 0.0389093 0.0146413
pobs_RECLAS
 0 0 0 0 0
 0 0 0 0 0
 0 0 0 0 0
 0 0 0 0 0
 0.835266 0.146461 0.0176864 0.000547809 3.91292e-05
 0.385257 0.428462 0.181853 0.0044286 0
 0.867414 0.0963971 0.0333333 0.00285562 0
 0.441836 0.489002 0.0689373 0.000224442 0
 0.779404 0.147425 0.0564933 0.0165055 0.000172143
 0.814271 0.122319 0.05973 0.00367925 0
 0.40263 0.566651 0.0304383 0.000280538 0
 0.475488 0.404961 0.113038 0.00651328 0
 0.955842 0.0263864 0.0167828 0.000988607 0
 0.975058 0.0227948 0.00214734 0 0
 0.738997 0.206755 0.0527124 0.00153531 0
 0.850938 0.134255 0.0134407 0.00136685 0
 0.542534 0.407297 0.0501686 0 0
 0.764087 0.199537 0.0359546 0.000420521 0
 0.470689 0.182191 0.310203 0.0369168 0
 0.84361 0.089868 0.0606195 0.00523954 0.000663233
 0.607945 0.314616 0.071237 0.00620181 0
 0.523733 0.453247 0.0230204 0 0
 0.530135 0.295979 0.169645 0.0042399 0
 0.562478 0.366248 0.0663022 0.0049721 0
ppred_RECLAS
 0.625979 0.258878 0.102474 0.0126651 3.91307e-06
 0.705446 0.209619 0.0587879 0.0232706 0.00287697
 0.485119 0.404518 0.0785391 0.0220264 0.00979686
 0.756617 0.15996 0.0655411 0.0127251 0.00515608
 0.7433 0.207793 0.0321434 0.0131702 0.00359315
 0.52339 0.369734 0.0865136 0.0133827 0.00697933
 0.704105 0.182194 0.0882045 0.0206389 0.00485761
 0.694057 0.233947 0.0443308 0.0214616 0.00620371
 0.729101 0.211886 0.045126 0.00855095 0.00533635
 0.724468 0.223893 0.0403897 0.00860193 0.0026472
 0.513002 0.385406 0.0825522 0.0148921 0.00414769
 0.578159 0.268694 0.1212 0.0259604 0.0059875
 0.690729 0.21369 0.0608808 0.0274615 0.00723876
 0.669463 0.268696 0.0427284 0.0121734 0.00693848
 0.763614 0.201532 0.0283336 0.00450564 0.00201532
 0.790149 0.192288 0.0149734 0.00210512 0.000484493
 0.636254 0.319191 0.0408256 0.00317908 0.000549816
 0.666958 0.247457 0.0751019 0.00960579 0.000877365
 0.675908 0.244186 0.0593718 0.0180191 0.0025152
 0.749761 0.188871 0.0462375 0.0112423 0.00388823
 0.671522 0.268255 0.0454539 0.0111276 0.00364131
 0.676596 0.234982 0.072211 0.0122357 0.00397561
 0.69041 0.228156 0.0591685 0.0181828 0.004082
 0.551539 0.338092 0.0813375 0.0210935 0.00793736
pobs_PELACES
 0 0 0 0 0
 0 0 0 0 0
 0 0 0 0 0
 0 0 0 0 0
 0 0 0 0 0
 0 0 0 0 0
 0 0 0 0 0
 0 0 0 0 0
 0 0 0 0 0
 0 0 0 0 0
 0.450072 0.473896 0.0757376 0.000293798 0
 0 0 0 0 0
 0.463077 0.371075 0.160297 0.00555027 0
 0.529543 0.364841 0.0842815 0.0213345 0
 0.631943 0.363953 0.00410389 0 0
 0.735681 0.248677 0.0153453 0.000297389 0
 0.695825 0.281241 0.0229344 0 0
 0.275771 0.60734 0.115278 0.00161068 0
 0 0 0 0 0
 0.896147 0.0623911 0.0374545 0.00400742 0
 0.803859 0.145111 0.0509908 3.86294e-05 0
 0.739449 0.233085 0.0266225 0.000797448 4.60066e-05
 0.878498 0.100942 0.0204185 0.000141795 0
 0.694673 0.275183 0.0284847 0.00165964 0
ppred_PELACES
 0.69493 0.211154 0.083583 0.0103303 3.1917e-06
 0.769619 0.16395 0.04598 0.0182007 0.00225018
 0.613334 0.303786 0.0589814 0.0165414 0.00735727
 0.800965 0.130813 0.0535986 0.0104064 0.00421658
 0.774264 0.182729 0.0282661 0.0115816 0.00315973
 0.597473 0.312263 0.0730661 0.0113025 0.00589448
 0.754818 0.150968 0.0730872 0.0171016 0.00402506
 0.763886 0.180551 0.0342126 0.0165631 0.00478776
 0.795223 0.160168 0.0341116 0.00646381 0.00403384
 0.779132 0.179474 0.0323766 0.00689536 0.00212201
 0.608413 0.309899 0.0663789 0.0119745 0.00333509
 0.66599 0.212749 0.0959647 0.0205552 0.00474084
 0.784939 0.148596 0.0423353 0.0190962 0.0050337
 0.810003 0.154451 0.0245609 0.00699746 0.00398834
 0.883923 0.0989616 0.0139131 0.00221248 0.000989615
 0.858428 0.129723 0.0101015 0.00142018 0.000326854
 0.719659 0.246002 0.0314645 0.00245013 0.000423746
 0.736006 0.196152 0.0595314 0.00761426 0.000695464
 0.739581 0.196212 0.0477072 0.0144789 0.00202105
 0.803921 0.147993 0.0362301 0.00880904 0.00304668
 0.719125 0.22938 0.0388668 0.00951497 0.00311362
 0.727677 0.197867 0.0608055 0.0103031 0.00334767
 0.743356 0.189137 0.0490496 0.0150732 0.0033839
 0.617625 0.288271 0.0693515 0.0179851 0.0067677
pobs_pel_tallas
 0 0 0 0 0 0 0 0 0 0 0 0 0 0 0 0 0 0 0 0 0 0 0 0 0 0 0 0 0 0 0 0 0 0 0 0
 0 0 0 0 0 0 0 0 0 0 0 0 0 0 0 0 0 0 0 0 0 0 0 0 0 0 0 0 0 0 0 0 0 0 0 0
 0 0 0 0 0 0 0 0 0 0 0 0 0 0 0 0 0 0 0 0 0 0 0 0 0 0 0 0 0 0 0 0 0 0 0 0
 0 0 0 0 0 0 0 0 0 0 0 0 0 0 0 0 0 0 0 0 0 0 0 0 0 0 0 0 0 0 0 0 0 0 0 0
 0 0 0 0 0 0 0 0 0 0 0 0 0 0 0 0 0 0 0 0 0 0 0 0 0 0 0 0 0 0 0 0 0 0 0 0
 0 0 0 0 0 0 0 0 0 0 0 0 0 0 0 0 0 0 0 0 0 0 0 0 0 0 0 0 0 0 0 0 0 0 0 0
 0 0 0 0 0 0 0 0 0 0 0 0 0 0 0 0 0 0 0 0 0 0 0 0 0 0 0 0 0 0 0 0 0 0 0 0
 0 0 0 0 0 0 0 0 0 0 0 0 0 0 0 0 0 0 0 0 0 0 0 0 0 0 0 0 0 0 0 0 0 0 0 0
 0 0 0 0 0 0 0 0 0 0 0 0 0 0 0 0 0 0 0 0 0 0 0 0 0 0 0 0 0 0 0 0 0 0 0 0
 0 0 0 0 0 0 0 0 0 0 0 0 0 0 0 0 0 0 0 0 0 0 0 0 0 0 0 0 0 0 0 0 0 0 0 0
 0 0 0 0 0 0 0 0 1.78061e-05 0.00172719 0.00360574 0.0105946 0.0120993 0.0124554 0.0147524 0.0171206 0.0266825 0.0428682 0.0675386 0.121331 0.153587 0.119568 0.100827 0.0573624 0.0630603 0.0341343 0.0324427 0.0444173 0.0211091 0.0280891 0.0125444 0.00206551 0 0 0 0
 0 0 0 0 0 0 0 0 0 0 0 0 0 0 0 0 0 0 0 0 0 0 0 0 0 0 0 0 0 0 0 0 0 0 0 0
 0 0 0 0 0 0 0.0133647 0.0140871 0.0187388 0.0205184 0.03894 0.0496705 0.03968 0.0493445 0.0407372 0.0367815 0.0215668 0.0243155 0.0234873 0.0199281 0.019796 0.0243948 0.0301388 0.0376714 0.0412746 0.0863199 0.0771752 0.113111 0.0741005 0.0525337 0.0229764 0.00759418 0.00175318 0 0 0
 0 0 0 0 0 0 0 0 0 0 0.00219441 0.00772107 0.0458388 0.0604681 0.0671733 0.0775358 0.0609151 0.0617685 0.073594 0.0568108 0.0755445 0.0548602 0.0670107 0.0636378 0.0643287 0.046367 0.0373049 0.0286899 0.0247887 0.0153202 0.00654259 0.00121912 0.000365735 0 0 0
 0 0 0 0 0 0 0 0 0 0 0 0 0.000112435 0.00938835 0.0111873 0.0202946 0.0414886 0.0713402 0.111592 0.104902 0.108894 0.110636 0.117776 0.105296 0.107544 0.0401394 0.0192827 0.0124803 0.00416011 0.0028671 0.000618394 0 0 0 0 0
 0 0 0 0 0 0 0 0 0 0 0.00291406 0.0102884 0.027416 0.0768956 0.0749926 0.110853 0.0956884 0.0897413 0.0766577 0.0534642 0.0500743 0.0551293 0.0594112 0.0620874 0.0668451 0.0424026 0.0208742 0.0120726 0.0048766 0.00582813 0.00118941 0.000297354 0 0 0 0
 0 0.00264628 0.0354308 0.0461629 0.0458689 0.0383711 0.0214643 0.0164657 0.0346957 0.0420465 0.0363128 0.0245516 0.0311673 0.0291091 0.0169068 0.0133784 0.00837989 0.0085269 0.0148486 0.0160247 0.0276389 0.0546898 0.0760071 0.122758 0.109233 0.0665981 0.0333725 0.0166128 0.00676272 0.00308733 0.000882094 0 0 0 0 0
 0 0 0 0 0 0 0 0.000805153 0.000690131 0.00759144 0.0133425 0.0154129 0.00931677 0.000345066 0.00356568 0.00563607 0.00851162 0.0253048 0.0502646 0.0516448 0.0657925 0.0565908 0.0611916 0.0827007 0.0866115 0.110766 0.145733 0.0935128 0.0569358 0.0249597 0.0138026 0.00621118 0.00161031 0.00115022 0 0
 0 0 0 0 0 0 0 0 0 0 0 0 0 0 0 0 0 0 0 0 0 0 0 0 0 0 0 0 0 0 0 0 0 0 0 0
 0.00147267 0.00158595 0.00478618 0.00569244 0.00954404 0.0108468 0.00647125 0.017049 0.0510054 0.094081 0.124002 0.0959785 0.0687766 0.0820023 0.061753 0.0591476 0.0492212 0.0479892 0.0443925 0.0268479 0.0217502 0.0140895 0.0121071 0.0120363 0.00920419 0.00665534 0.0049561 0.00860946 0.00930331 0.0156896 0.0114698 0.00855282 0.00243557 0.00046729 0 2.83206e-05
 0 0 0 0 0.000772559 0.00158375 0.000888443 0.00281984 0.00712685 0.0440552 0.0773331 0.111326 0.0921469 0.0852325 0.0710754 0.0886704 0.0786465 0.0553345 0.0373146 0.0185414 0.00753245 0.00457741 0.012979 0.0271748 0.0457355 0.0583668 0.034881 0.0177882 0.00938659 0.00492506 0.0015258 0.00185414 0.000309023 5.79419e-05 3.86279e-05 0
 0 0.00173294 0.00326652 0 0.00397197 0.00683976 0.00946217 0.0152591 0.00757587 0.0136028 0.0228656 0.0392903 0.0559909 0.0764795 0.0681675 0.0726916 0.0566044 0.0477403 0.0527397 0.0444891 0.0609904 0.0582453 0.0661739 0.0445044 0.0529084 0.0360697 0.0280645 0.0235558 0.0158879 0.00826598 0.00280645 0.00217768 0.000904811 0.00058276 9.20147e-05 0
 0 0 0 0 0 0 0 0 0 0 0 0 0 0 0 0 0 0 0 0 0 0 0 0 0 0 0 0 0 0 0 0 0 0 0 0
 0 0 0 0 0 0 0 0 0 0 0 0 0 0 0 0 0 0 0 0 0 0 0 0 0 0 0 0 0 0 0 0 0 0 0 0
ppred_pel_tallas
 1.01611e-16 3.03236e-05 0.000177968 0.000845962 0.00325697 0.0101565 0.0256547 0.0524933 0.0870152 0.116864 0.127184 0.112217 0.0803963 0.0470572 0.023095 0.0106138 0.00633112 0.00637053 0.00834772 0.01119 0.01441 0.017658 0.0205856 0.0228611 0.024231 0.024573 0.023918 0.0224307 0.0203595 0.0179738 0.0155095 0.0131367 0.0109547 0.00900459 0.00729152 0.00580466
 1.01437e-16 3.35784e-05 0.000197081 0.000936838 0.00360689 0.0112477 0.0284109 0.0581324 0.0963605 0.129408 0.140819 0.124204 0.0888924 0.0518437 0.0250962 0.0109452 0.00572045 0.00510167 0.00644026 0.00857 0.0110088 0.0134608 0.0156528 0.0173312 0.018306 0.0184921 0.0179239 0.0167394 0.0151393 0.0133357 0.0115095 0.00978521 0.00822771 0.00685455 0.0056556 0.00461076
 1.01849e-16 2.67693e-05 0.000157092 0.000746701 0.00287476 0.00896461 0.0226441 0.0463341 0.0768088 0.103167 0.112305 0.0991542 0.0711806 0.0419506 0.0211239 0.0106073 0.00755207 0.00856837 0.0115488 0.0154931 0.0198592 0.0241772 0.0279528 0.0307211 0.0321411 0.0320735 0.0306091 0.0280352 0.0247565 0.0211961 0.0177103 0.0145398 0.0118015 0.00951214 0.00762739 0.00607905
 1.01359e-16 3.49439e-05 0.0002051 0.000974971 0.00375372 0.0117057 0.0295675 0.0604986 0.100282 0.13467 0.146535 0.129224 0.0924368 0.053813 0.0258667 0.0109697 0.00528578 0.00430789 0.00528038 0.00700751 0.00902511 0.0110799 0.0129506 0.0144314 0.0153649 0.0156731 0.0153712 0.0145556 0.0133733 0.0119836 0.0105251 0.00909763 0.00775867 0.00653269 0.00542472 0.00443239
 1.01007e-16 3.37816e-05 0.000198272 0.0009425 0.00362868 0.0113157 0.0285826 0.0584838 0.0969434 0.130192 0.141675 0.124969 0.089458 0.0522107 0.0253425 0.0111684 0.00599981 0.00549154 0.00697365 0.00925939 0.0118415 0.0143937 0.0166109 0.0182133 0.0189982 0.0188861 0.017937 0.0163296 0.0143133 0.0121471 0.0100479 0.00816067 0.00655343 0.00523191 0.00416387 0.00330234
 1.01803e-16 2.60781e-05 0.000153034 0.000727402 0.00280046 0.00873289 0.0220588 0.0451366 0.0748242 0.100503 0.109409 0.0966076 0.0693744 0.0409304 0.0206923 0.0105263 0.00766542 0.00881457 0.0119231 0.0160119 0.0205398 0.0250273 0.0289662 0.0318757 0.0334006 0.0333912 0.0319337 0.0293161 0.0259488 0.022264 0.0186289 0.0152954 0.0123913 0.00994325 0.00791515 0.00624502
 1.01863e-16 3.29325e-05 0.00019329 0.000918819 0.00353751 0.0110314 0.0278644 0.0570142 0.0945068 0.126918 0.138108 0.12181 0.0871709 0.0508246 0.0245754 0.0106735 0.00551882 0.00487699 0.0061569 0.00822615 0.0106277 0.0130898 0.0153613 0.017204 0.0184317 0.0189468 0.0187563 0.0179587 0.0167109 0.0151854 0.0135347 0.0118703 0.0102611 0.0087419 0.00732907 0.00603219
 1.01338e-16 3.3329e-05 0.000195615 0.000929868 0.00358004 0.011164 0.0281995 0.0576999 0.0956441 0.128448 0.139777 0.123295 0.0882618 0.0515164 0.025013 0.0110366 0.00594979 0.0054676 0.00695835 0.00925386 0.0118563 0.014446 0.0167227 0.01841 0.0193054 0.0193254 0.0185218 0.0170622 0.0151828 0.0131298 0.0111098 0.00926095 0.00764939 0.00628345 0.0051373 0.00417294
 1.00948e-16 3.46946e-05 0.000203634 0.000967996 0.00372686 0.0116219 0.0293559 0.0600659 0.0995651 0.133711 0.145498 0.128325 0.0918272 0.0535262 0.0258557 0.0111814 0.00570394 0.00495316 0.00618768 0.00820131 0.0104993 0.0127844 0.0147868 0.0162591 0.0170206 0.0169961 0.0162321 0.0148786 0.0131478 0.0112624 0.00941088 0.0077213 0.00625714 0.00502944 0.0040169 0.00318521
 1.00855e-16 3.39938e-05 0.000199518 0.000948422 0.00365148 0.0113868 0.0287622 0.0588513 0.0975525 0.13101 0.142564 0.12575 0.0900121 0.0525235 0.0254747 0.0111931 0.00596547 0.00541803 0.00686414 0.00911142 0.0116533 0.0141668 0.016351 0.0179296 0.0187021 0.0185881 0.0176449 0.0160469 0.0140389 0.0118764 0.00977507 0.00788069 0.00626416 0.00493508 0.00386489 0.00300929
 1.01611e-16 2.6555e-05 0.000155834 0.000740714 0.00285171 0.00889273 0.0224625 0.0459626 0.0761933 0.102341 0.111408 0.0983674 0.0706269 0.0416466 0.0210121 0.0106192 0.00764576 0.00873229 0.0117887 0.0158191 0.0202779 0.0246864 0.0285393 0.0313599 0.032798 0.0327088 0.0311827 0.0285118 0.0251098 0.0214109 0.0177834 0.014479 0.0116237 0.00924088 0.00729014 0.00570426
 1.0236e-16 2.90618e-05 0.000170559 0.000810742 0.00312137 0.00973366 0.0245865 0.0503078 0.0833928 0.112 0.121894 0.107557 0.077074 0.0451459 0.0222197 0.0103188 0.00630521 0.00647175 0.00853905 0.0114811 0.0148279 0.0182357 0.0213574 0.0238589 0.0254805 0.0260899 0.0257037 0.0244698 0.0226182 0.0204006 0.0180379 0.0156911 0.0134565 0.0113799 0.00947779 0.00775542
 1.01541e-16 3.42457e-05 0.000201 0.000955474 0.00367865 0.0114715 0.0289762 0.0592888 0.0982768 0.13198 0.143613 0.126658 0.0906252 0.0528072 0.0254746 0.0109599 0.00551167 0.00471792 0.00587705 0.00780745 0.0100347 0.0122829 0.0143039 0.0158681 0.0168034 0.0170314 0.0165814 0.0155749 0.0141896 0.012613 0.0110044 0.00947251 0.00807342 0.00682191 0.00570948 0.00472038
 1.00826e-16 3.53388e-05 0.000207417 0.000985981 0.0037961 0.0118378 0.0299013 0.0611819 0.101415 0.136194 0.148197 0.1307 0.0935147 0.0544851 0.0262723 0.0112812 0.00563677 0.00478146 0.00592084 0.00782777 0.0100043 0.0121582 0.0140284 0.0153775 0.0160344 0.0159317 0.0151203 0.0137519 0.0120377 0.0101975 0.00841567 0.00681545 0.00545489 0.00433915 0.00344086 0.00271986
 1.00353e-16 3.85599e-05 0.000226332 0.00107592 0.0041424 0.0129178 0.0326291 0.0667626 0.110663 0.148608 0.161688 0.142558 0.101911 0.0591991 0.0282122 0.0115427 0.00493003 0.00337806 0.00383421 0.00498587 0.00635092 0.00770276 0.00886626 0.00968823 0.0100594 0.00993815 0.00935986 0.00842526 0.00727383 0.00605067 0.00487764 0.0038365 0.0029658 0.0022686 0.00172559 0.00130801
 1.0025e-16 3.74494e-05 0.00021981 0.0010449 0.00402298 0.0125453 0.0316885 0.0648382 0.107474 0.144328 0.15704 0.138478 0.099035 0.0576106 0.0276089 0.0115617 0.00534513 0.00411543 0.00490667 0.00642789 0.00817796 0.00988944 0.0113378 0.012324 0.012708 0.0124405 0.0115752 0.0102524 0.00866381 0.00700706 0.00544712 0.00409318 0.00299432 0.00214992 0.00152768 0.00108173
 1.00631e-16 3.14032e-05 0.000184303 0.000876074 0.0033729 0.0105181 0.0265679 0.054362 0.0901134 0.121027 0.131719 0.116229 0.0832954 0.0488023 0.0240396 0.0111919 0.00686249 0.0070335 0.00922163 0.0122888 0.0156903 0.0190157 0.0218571 0.0238377 0.0246871 0.0243049 0.0227829 0.0203769 0.0174397 0.0143382 0.0113805 0.00877367 0.00661498 0.00491131 0.00361166 0.00263991
 1.01204e-16 3.21141e-05 0.000188481 0.000895946 0.00344943 0.0107567 0.0271706 0.055595 0.0921557 0.123765 0.134687 0.118819 0.0850882 0.0497256 0.024259 0.0109016 0.00616097 0.00591824 0.00764159 0.0101997 0.0130953 0.015991 0.0185605 0.0204983 0.0215757 0.0216904 0.0208862 0.019333 0.0172781 0.0149856 0.0126825 0.0105286 0.00861039 0.00695442 0.0055499 0.00436975
 1.01334e-16 3.22699e-05 0.000189396 0.000900296 0.00346618 0.0108089 0.0273026 0.0558649 0.092603 0.124366 0.135341 0.119394 0.0854978 0.0499601 0.0243643 0.0109329 0.00615524 0.00589078 0.00759398 0.010127 0.01299 0.0158451 0.018367 0.0202529 0.0212786 0.0213476 0.0205101 0.0189423 0.016896 0.0146369 0.0123905 0.0103115 0.00847854 0.00690931 0.00558421 0.00446906
 1.01008e-16 3.50734e-05 0.000205859 0.000978577 0.0037676 0.0117489 0.0296768 0.0607224 0.100653 0.135171 0.147083 0.129715 0.0928054 0.0540628 0.0260521 0.0111591 0.00553764 0.00466512 0.00577106 0.007643 0.00979469 0.0119454 0.0138451 0.0152645 0.0160345 0.0160826 0.0154469 0.0142605 0.0127138 0.0110076 0.00931232 0.00774488 0.00636468 0.00518483 0.0041902 0.00335452
 1.01099e-16 3.13792e-05 0.000184164 0.000875416 0.00337037 0.0105102 0.0265479 0.0543211 0.0900452 0.120934 0.131615 0.116129 0.083205 0.0487127 0.0239278 0.0110273 0.00661222 0.00666546 0.008709 0.0116167 0.0148634 0.0180652 0.020843 0.022845 0.0238157 0.0236541 0.0224349 0.0203828 0.0178119 0.0150497 0.0123719 0.00996433 0.00791602 0.00623745 0.00489011 0.00381553
 1.01439e-16 3.17509e-05 0.000186349 0.000885809 0.0034104 0.010635 0.0268632 0.0549659 0.0911131 0.122365 0.133165 0.117479 0.0841339 0.0491791 0.0240134 0.0108272 0.00616983 0.00597119 0.00772926 0.0103252 0.0132653 0.0162119 0.0188373 0.0208339 0.0219708 0.022144 0.0213953 0.0198927 0.0178818 0.0156241 0.0133444 0.0112 0.00927554 0.00759692 0.00615409 0.00492218
 1.01435e-16 3.24342e-05 0.000190361 0.000904887 0.00348386 0.0108641 0.0274418 0.0561498 0.093075 0.124999 0.136028 0.119996 0.0859191 0.050187 0.0244389 0.0109057 0.00605537 0.00572463 0.00735553 0.00980865 0.0125899 0.0153714 0.0178397 0.0197025 0.0207427 0.0208653 0.0201154 0.0186587 0.0167339 0.0145929 0.0124498 0.0104517 0.00867429 0.00713567 0.00581959 0.00469668
 1.02013e-16 2.69558e-05 0.000158189 0.000751916 0.00289485 0.00902725 0.0228023 0.0466577 0.0773447 0.103885 0.113083 0.099832 0.0716472 0.0421855 0.0211684 0.0105095 0.00733411 0.00822591 0.0110654 0.0148556 0.0190701 0.0232615 0.0269612 0.0297259 0.0312268 0.0313233 0.03009 0.0277866 0.0247839 0.0214724 0.0181835 0.0151436 0.0124672 0.0101786 0.00824736 0.00662178
pSPR Fmed_Fpbrs
0.467047   0.348727 0.348727
Fs Fmed_Fpbrs
0.608111   1.005 1.005
SSBpbr Bo_Bmed_Bpbrs
816391  340473  243878 243878
Ro
30946
SPR SPRFo_SPRFmed_SPRFpbrs
636671 297356 222024
log_Ro
10.16
likeval ReclasPelacesDesembMPH_pf_preclas_ppelaces_ptallas_desvR_qrecl_qpela
 71.9445 12.5018 0.0381889 0.000212316 286.899 162.4 82.6323 0 17.0548 6.80357e-06 7.8738e-05 0 0 0 0
q_reclas_q_pelaces
0.690999 3.53398
M
0.7
N
 29927.1 13447.1 5322.88 657.871 0.203259
 40815 13675.8 3835.41 1518.21 187.698
 14722.7 18408.3 3574.06 1002.35 445.824
 28207.3 6005.13 2460.5 477.718 193.567
 53802.3 13240.1 2048.1 839.174 228.947
 34866.9 26480.9 6196.24 958.489 499.87
 61426.9 15992.4 7742.32 1811.62 426.386
 73375 28841.5 5465.19 2645.83 764.806
 94809.7 32703.9 6965.08 1319.81 823.651
 127823 41994.6 7575.68 1613.42 496.522
 63845.5 58862.1 12608 2274.44 633.466
 50037 27949 12606.9 2700.34 622.807
 49758.6 22065.6 6286.54 2835.67 747.474
 24425.5 20620.8 3279.14 934.233 532.485
 13415.5 8841.52 1243.04 197.669 88.4151
 13398.3 4570.9 355.935 50.0412 11.517
 9159.19 5596.23 715.776 55.7373 9.63965
 9637.4 4020.24 1220.12 156.058 14.2539
 11076.9 4351.16 1057.95 321.082 44.8184
 18339.1 5060.45 1238.85 301.215 104.178
 21840.4 8356.34 1415.92 346.632 113.43
 30448.5 10434.4 3206.53 543.325 176.537
 43039.3 14394.9 3733.08 1147.19 257.543
 31960.3 20166.1 4851.51 1258.16 473.437
pred_Ctot
 1725.19 4248.36 1681.67 207.843 0.0642162
 2708.39 4832.31 1355.23 536.454 66.3225
 1912.87 10400.6 2019.32 566.322 251.887
 1114.73 1382.05 566.271 109.944 44.5483
 342.71 550.175 85.106 34.8708 9.51359
 1923.29 8071.95 1888.75 292.168 152.371
 2415.02 3664.1 1773.88 415.068 97.6912
 5440.04 11099.2 2103.19 1018.2 294.323
 7415.19 13101.5 2790.27 528.73 329.962
 6709.56 12290.1 2217.1 472.184 145.312
 5478.9 25243.1 5406.95 975.396 271.662
 4056.68 11498.9 5186.79 1110.99 256.238
 5983.28 11888.5 3387.06 1527.8 402.724
 4848.76 14548.4 2313.5 659.12 375.679
 3094.42 6636.56 933.041 148.373 66.3656
 1546.38 2399.65 186.86 26.2709 6.04623
 770.237 2364.95 302.485 23.5544 4.07368
 632.912 1409.05 427.639 54.6965 4.99582
 640.51 1378.1 335.074 101.693 14.1949
 1092.4 1641.53 401.863 97.7093 33.7936
 596.928 1386.23 234.887 57.5028 18.8168
 1053.41 2137.59 656.891 111.306 36.1654
 1753.31 3401.03 881.999 271.042 60.8485
 1431.67 5168.04 1243.32 322.433 121.33
F
 0.0831351 0.554484 0.554484 0.554484 0.554484
 0.0962459 0.641928 0.641928 0.641928 0.641928
 0.196777 1.31244 1.31244 1.31244 1.31244
 0.0563302 0.375704 0.375704 0.375704 0.375704
 0.00889209 0.0593073 0.0593073 0.0593073 0.0593073
 0.0794226 0.529723 0.529723 0.529723 0.529723
 0.0560322 0.373716 0.373716 0.373716 0.373716
 0.108087 0.720908 0.720908 0.720908 0.720908
 0.114331 0.762552 0.762552 0.762552 0.762552
 0.0754475 0.50321 0.50321 0.50321 0.50321
 0.126086 0.840951 0.840951 0.840951 0.840951
 0.118742 0.791969 0.791969 0.791969 0.791969
 0.180884 1.20644 1.20644 1.20644 1.20644
 0.316168 2.10874 2.10874 2.10874 2.10874
 0.3767 2.51247 2.51247 2.51247 2.51247
 0.173037 1.1541 1.1541 1.1541 1.1541
 0.123415 0.82314 0.82314 0.82314 0.82314
 0.0952089 0.635012 0.635012 0.635012 0.635012
 0.0834014 0.55626 0.55626 0.55626 0.55626
 0.0860124 0.573674 0.573674 0.573674 0.573674
 0.0386571 0.25783 0.25783 0.25783 0.25783
 0.0491586 0.327872 0.327872 0.327872 0.327872
 0.0581119 0.387587 0.387587 0.387587 0.387587
 0.064067 0.427306 0.427306 0.427306 0.427306
nmprior
 10 10 8 0
nm_flota  nm_reclas  nm_pelaces    nm_pelaL
inf 21.1423 12.6681 21.05
cv_recla  cv_pelaces  cv_mph
0.785282 0.416054 0.472748
 ------------------------------------------------
Talla a la edad & desviación 
 7.2 14.2025 17.0495 18.207 18.6776
 1.08 2.13037 2.55742 2.73105 2.80164
