years
 1997 1998 1999 2000 2001 2002 2003 2004 2005 2006 2007 2008 2009 2010 2011 2012 2013 2014 2015 2016 2017 2018 2019 2020
reclasobs
 0 0 0 370054 412103 1.49427e+06 250295 1.28982e+06 931140 785840 897777 1.04006e+06 184774 17550 25797 100020 73551 82996 120727 218422 84188 347160 605670 569463
reclaspred
 799870 193675 554456 169666 168389 198583 354473 424050 603671 1.1453e+06 1.322e+06 778196 408329 204719 136505 121377 128419 146256 104789 176181 392765 381681 503090 282549
pelacesobs
 0 0 0 0 0 0 0 0 0 2.06254e+06 1.5e+06 0 1.87456e+06 323000 250000 174000 83755 137374 0 501740 490994 745055 786931 1.00524e+06
pelacespred
 337690 134157 144706 119303 101764 72928.7 160560 231322 318230 656356 676029 406682 219749 88075.7 57114 58063.5 64087.8 72038.7 53808.8 87351.4 212144 224778 224684 151252
mphobs
 0 0 0 0 0 112323 0 153150 637223 0 255016 313432 73983 77613 109348 50772 0 0 0 0 0 0 0 0
mphpred
 680658 218198 374668 232069 119060 192656 223689 301138 496101 678325 1.37054e+06 874899 438985 259155 129893 105559 105359 125840 111324 96154.9 267176 367395 398541 336413
desembarqueobs
 350755 77701 442110 56441 14545 235359 269955 359681 431902 328805 639364 411747 362871 311530 167758 66681 60226 58785 57116 71774 51957 67425 138520 160799
desembarquepred
 350467 77645.4 441569 56424 14551.6 235179 269821 360469 431311 328777 638872 411456 361888 310733 167317 66594.7 60166.2 58743.4 57097.8 71695.1 51943.5 67401.2 138428 160907
Reclutas
 2713.32 86812.6 491.813 1832.84 29331.7 31163.2 32733.4 95155.4 83333.7 253755 36415.8 11936.1 59680.9 31993 18174.8 14097.4 11715 7679.83 4769.09 34965.4 36017.7 33665.1 23811.4 5017.67
log_desv_Rt
 -1.95407 1.51151 -3.6619 -2.34638 0.426425 0.486994 0.536151 1.60327 1.47061 2.58412 0.642758 -0.47268 1.13677 0.513271 -0.0522098 -0.306254 -0.491375 -0.913648 -1.39009 0.602115 0.631766 0.564217 0.217918 -1.33928
SSB
 680658 218198 374668 232069 119060 192656 223689 301138 496101 678325 1.37054e+06 874899 438985 259155 129893 105559 105359 125840 111324 96154.9 267176 367395 398541 336413
BT
 887516 394903 477440 282524 270091 335658 664282 1.03025e+06 1.23613e+06 2.17935e+06 1.8669e+06 1.13213e+06 888646 492144 280846 184357 199554 202206 157048 308263 561611 510040 537356 430753
Ftot
 0.416357 0.38565 0.7323 0.318713 0.0843499 1.062 0.711596 0.79781 0.670816 0.277739 0.457981 0.498797 0.818377 1.3199 1.0999 0.519209 0.446407 0.383808 0.514249 0.39135 0.128719 0.171304 0.265027 0.535377
BD_Bspro_t
 0.935985 0.645201 0.645918 0.34522 0.31409 0.481183 0.373351 0.413051 0.482568 0.510691 0.640533 0.457453 0.310808 0.243707 0.156643 0.15236 0.198031 0.293771 0.320567 0.351954 0.615357 0.731841 0.716521 0.608485
BD_Bspro
 1.72773 0.553857 0.951026 0.589065 0.302211 0.489023 0.567794 0.764384 1.25926 1.72181 3.47887 2.22077 1.11428 0.657818 0.329709 0.267943 0.267434 0.319423 0.282576 0.244072 0.678177 0.932566 1.01162 0.853924
BD_Bo
 0.80109 0.256805 0.44096 0.27313 0.140125 0.226744 0.263267 0.35442 0.583878 0.798345 1.61304 1.0297 0.516657 0.305009 0.152875 0.124237 0.124001 0.148106 0.131021 0.113168 0.314449 0.432401 0.469057 0.395937
BD_Brms
 3.90035 1.25034 2.14695 1.32982 0.682244 1.10397 1.2818 1.7256 2.84279 3.88698 7.85358 5.0134 2.5155 1.48503 0.744319 0.604883 0.603735 0.721099 0.637917 0.550993 1.53099 2.10527 2.28375 1.92774
S_f
 0.5 1 1 1 1
 0.5 1 1 1 1
 0.5 1 1 1 1
 0.5 1 1 1 1
 0.5 1 1 1 1
 0.5 1 1 1 1
 0.5 1 1 1 1
 0.5 1 1 1 1
 0.5 1 1 1 1
 0.5 1 1 1 1
 0.5 1 1 1 1
 0.5 1 1 1 1
 0.5 1 1 1 1
 0.5 1 1 1 1
 0.5 1 1 1 1
 0.5 1 1 1 1
 0.5 1 1 1 1
 0.5 1 1 1 1
 0.5 1 1 1 1
 0.5 1 1 1 1
 0.5 1 1 1 1
 0.5 1 1 1 1
 0.5 1 1 1 1
 0.5 1 1 1 1
Scru_reclas
 0.5 1 1 1 1
 0.5 1 1 1 1
 0.5 1 1 1 1
 0.5 1 1 1 1
 0.5 1 1 1 1
 0.5 1 1 1 1
 0.5 1 1 1 1
 0.5 1 1 1 1
 0.5 1 1 1 1
 0.5 1 1 1 1
 0.5 1 1 1 1
 0.5 1 1 1 1
 0.5 1 1 1 1
 0.5 1 1 1 1
 0.5 1 1 1 1
 0.5 1 1 1 1
 0.5 1 1 1 1
 0.5 1 1 1 1
 0.5 1 1 1 1
 0.5 1 1 1 1
 0.5 1 1 1 1
 0.5 1 1 1 1
 0.5 1 1 1 1
 0.5 1 1 1 1
Scru_pelaces
 0.5 1 1 1 1
 0.5 1 1 1 1
 0.5 1 1 1 1
 0.5 1 1 1 1
 0.5 1 1 1 1
 0.5 1 1 1 1
 0.5 1 1 1 1
 0.5 1 1 1 1
 0.5 1 1 1 1
 0.5 1 1 1 1
 0.5 1 1 1 1
 0.5 1 1 1 1
 0.5 1 1 1 1
 0.5 1 1 1 1
 0.5 1 1 1 1
 0.5 1 1 1 1
 0.5 1 1 1 1
 0.5 1 1 1 1
 0.5 1 1 1 1
 0.5 1 1 1 1
 0.5 1 1 1 1
 0.5 1 1 1 1
 0.5 1 1 1 1
 0.5 1 1 1 1
pf_obs 
 0.256992 0.487395 0.22802 0.0275931 0
 0.321318 0.546541 0.124235 0.00734118 0.000564706
 0.182869 0.594174 0.210203 0.0122559 0.00049798
 0.330522 0.361315 0.267642 0.0388342 0.00168674
 0.649043 0.306663 0.0425973 0.00169635 0
 0.582887 0.30429 0.105238 0.00758474 0
 0.465427 0.430635 0.0974691 0.00646863 0
 0.296916 0.608066 0.0921331 0.00288517 0
 0.311714 0.524322 0.152257 0.0117073 0
 0.15457 0.633149 0.183074 0.0267441 0.00246327
 0.131901 0.49318 0.331252 0.0422183 0.00144891
 0.196976 0.569456 0.194076 0.0375587 0.00193317
 0.518974 0.381816 0.0799577 0.0180837 0.00116848
 0.0928022 0.601141 0.25162 0.0475244 0.00691264
 0.122501 0.610282 0.24278 0.0234846 0.000952079
 0.383417 0.481906 0.127806 0.00687128 0
 0.0376549 0.599619 0.316969 0.0457579 0
 0.0361596 0.667082 0.258105 0.0386534 0
 0.158088 0.579412 0.248529 0.0139706 0
 0.0477256 0.309471 0.559284 0.082774 0.000745712
 0.0406174 0.521527 0.379366 0.0568643 0.0016247
 0.151134 0.462217 0.34131 0.0453401 0
 0.294876 0.26143 0.354403 0.0886775 0.000613685
 0.281977 0.475581 0.204845 0.0348837 0.00271318
pf_pred 
 0.061414 0.472498 0.234636 0.116517 0.114936
 0.847011 0.0196943 0.0671027 0.0333222 0.0328702
 0.00735172 0.918491 0.00954625 0.0325261 0.0320849
 0.0949658 0.0164053 0.822243 0.0085459 0.0578404
 0.782624 0.0406586 0.0032033 0.160551 0.0129626
 0.545899 0.399872 0.0101433 0.000799139 0.0432872
 0.614787 0.296495 0.0781232 0.00198169 0.00861318
 0.796032 0.162778 0.0317037 0.00835356 0.00113289
 0.577394 0.383965 0.0308375 0.00600611 0.00179716
 0.7778 0.170994 0.0465242 0.00373651 0.000945504
 0.138884 0.760782 0.0772118 0.0210079 0.00211416
 0.110254 0.239747 0.574264 0.0582821 0.0174533
 0.628566 0.0828211 0.0777681 0.186278 0.0245668
 0.456711 0.441506 0.0226953 0.0213106 0.0577772
 0.494697 0.363179 0.115498 0.00593709 0.0206894
 0.524974 0.34859 0.0908742 0.0288998 0.00666245
 0.461567 0.387843 0.110508 0.0288084 0.0112737
 0.371643 0.415607 0.153248 0.0436648 0.0158376
 0.324081 0.384879 0.192499 0.0709806 0.0275601
 0.845294 0.0815815 0.0416381 0.0208256 0.0106606
 0.545282 0.420386 0.0181046 0.00924036 0.00698744
 0.42622 0.409244 0.152113 0.00655103 0.00587191
 0.33343 0.406166 0.185731 0.069035 0.00563802
 0.123066 0.455226 0.256962 0.117503 0.0472421
pobs_RECLAS
 0 0 0 0 0
 0 0 0 0 0
 0 0 0 0 0
 0 0 0 0 0
 0.835266 0.146461 0.0176864 0.000547809 3.91292e-05
 0.385257 0.428462 0.181853 0.0044286 0
 0.867414 0.0963971 0.0333333 0.00285562 0
 0.441836 0.489002 0.0689373 0.000224442 0
 0.779404 0.147425 0.0564933 0.0165055 0.000172143
 0.814271 0.122319 0.05973 0.00367925 0
 0.40263 0.566651 0.0304383 0.000280538 0
 0.475488 0.404961 0.113038 0.00651328 0
 0.955842 0.0263864 0.0167828 0.000988607 0
 0.975058 0.0227948 0.00214734 0 0
 0.738997 0.206755 0.0527124 0.00153531 0
 0.850938 0.134255 0.0134407 0.00136685 0
 0.542534 0.407297 0.0501686 0 0
 0.764087 0.199537 0.0359546 0.000420521 0
 0.470689 0.182191 0.310203 0.0369168 0
 0.84361 0.089868 0.0606195 0.00523954 0.000663233
 0.607945 0.314616 0.071237 0.00620181 0
 0.523733 0.453247 0.0230204 0 0
 0.530135 0.295979 0.169645 0.0042399 0
 0.562478 0.366248 0.0663022 0.0049721 0
ppred_RECLAS
 0.0624167 0.471993 0.234385 0.116392 0.114813
 0.849026 0.0194348 0.0662186 0.0328832 0.0324371
 0.00762779 0.918236 0.0095436 0.0325171 0.0320759
 0.0960273 0.016386 0.821278 0.00853588 0.0577726
 0.783076 0.0405741 0.00319664 0.160218 0.0129357
 0.561665 0.385989 0.00979109 0.000771394 0.0417843
 0.623198 0.290021 0.0764173 0.00193842 0.0084251
 0.802761 0.157408 0.0306577 0.00807794 0.00109551
 0.585384 0.376706 0.0302545 0.00589256 0.00176318
 0.779587 0.169619 0.04615 0.00370647 0.000937901
 0.14124 0.758701 0.0770006 0.0209504 0.00210837
 0.112421 0.239163 0.572865 0.0581402 0.0174108
 0.638672 0.0805678 0.0756523 0.18121 0.0238984
 0.47878 0.423571 0.0217734 0.020445 0.0554302
 0.511506 0.351097 0.111656 0.00573959 0.0200011
 0.530733 0.344363 0.0897724 0.0285494 0.00658167
 0.46627 0.384455 0.109543 0.0285568 0.0111753
 0.37528 0.413202 0.152361 0.0434121 0.0157459
 0.329098 0.382022 0.191071 0.0704538 0.0273556
 0.847367 0.0804885 0.0410802 0.0205465 0.0105178
 0.54633 0.419417 0.0180629 0.00921907 0.00697134
 0.42765 0.408224 0.151734 0.0065347 0.00585727
 0.33561 0.404838 0.185124 0.0688093 0.00561958
 0.125689 0.453865 0.256193 0.117152 0.0471008
pobs_PELACES
 0 0 0 0 0
 0 0 0 0 0
 0 0 0 0 0
 0 0 0 0 0
 0 0 0 0 0
 0 0 0 0 0
 0 0 0 0 0
 0 0 0 0 0
 0 0 0 0 0
 0 0 0 0 0
 0.450072 0.473896 0.0757376 0.000293798 0
 0 0 0 0 0
 0.463077 0.371075 0.160297 0.00555027 0
 0.529543 0.364841 0.0842815 0.0213345 0
 0.631943 0.363953 0.00410389 0 0
 0.735681 0.248677 0.0153453 0.000297389 0
 0.695825 0.281241 0.0229344 0 0
 0.275771 0.60734 0.115278 0.00161068 0
 0 0 0 0 0
 0.896147 0.0623911 0.0374545 0.00400742 0
 0.803859 0.145111 0.0509908 3.86294e-05 0
 0.739449 0.233085 0.0266225 0.000797448 4.60066e-05
 0.878498 0.100942 0.0204185 0.000141795 0
 0.694673 0.275183 0.0284847 0.00165964 0
ppred_PELACES
 0.06656 0.469907 0.233349 0.115878 0.114306
 0.857003 0.018408 0.06272 0.0311458 0.0307233
 0.00859903 0.917337 0.00953426 0.0324852 0.0320445
 0.10069 0.0163015 0.817042 0.00849185 0.0574746
 0.785431 0.0401336 0.00316194 0.158478 0.0127952
 0.604237 0.3485 0.00884015 0.000696474 0.0377261
 0.650345 0.269126 0.0709117 0.00179877 0.0078181
 0.822778 0.141433 0.0275464 0.00725817 0.000984335
 0.61197 0.352551 0.0283146 0.00551472 0.00165013
 0.787361 0.163636 0.0445224 0.00357575 0.000904823
 0.150656 0.750382 0.0761563 0.0207207 0.00208525
 0.120899 0.236878 0.567394 0.0575848 0.0172445
 0.669215 0.0737574 0.0692574 0.165892 0.0218783
 0.533165 0.379375 0.0195015 0.0183117 0.0496466
 0.556635 0.318661 0.101341 0.00520934 0.0181534
 0.552001 0.328757 0.0857039 0.0272555 0.00628339
 0.484638 0.371224 0.105773 0.0275741 0.0107907
 0.39024 0.403307 0.148712 0.0423725 0.0153689
 0.348097 0.371204 0.18566 0.0684587 0.0265809
 0.855533 0.0761825 0.0388825 0.0194473 0.00995512
 0.551589 0.414555 0.0178535 0.0091122 0.00689053
 0.434582 0.40328 0.149896 0.00645555 0.00578633
 0.345429 0.398854 0.182387 0.0677923 0.00553652
 0.135722 0.448657 0.253254 0.115807 0.0465603
pobs_pel_tallas
 0 0 0 0 0 0 0 0 0 0 0 0 0 0 0 0 0 0 0 0 0 0 0 0 0 0 0 0 0 0 0 0 0 0 0 0
 0 0 0 0 0 0 0 0 0 0 0 0 0 0 0 0 0 0 0 0 0 0 0 0 0 0 0 0 0 0 0 0 0 0 0 0
 0 0 0 0 0 0 0 0 0 0 0 0 0 0 0 0 0 0 0 0 0 0 0 0 0 0 0 0 0 0 0 0 0 0 0 0
 0 0 0 0 0 0 0 0 0 0 0 0 0 0 0 0 0 0 0 0 0 0 0 0 0 0 0 0 0 0 0 0 0 0 0 0
 0 0 0 0 0 0 0 0 0 0 0 0 0 0 0 0 0 0 0 0 0 0 0 0 0 0 0 0 0 0 0 0 0 0 0 0
 0 0 0 0 0 0 0 0 0 0 0 0 0 0 0 0 0 0 0 0 0 0 0 0 0 0 0 0 0 0 0 0 0 0 0 0
 0 0 0 0 0 0 0 0 0 0 0 0 0 0 0 0 0 0 0 0 0 0 0 0 0 0 0 0 0 0 0 0 0 0 0 0
 0 0 0 0 0 0 0 0 0 0 0 0 0 0 0 0 0 0 0 0 0 0 0 0 0 0 0 0 0 0 0 0 0 0 0 0
 0 0 0 0 0 0 0 0 0 0 0 0 0 0 0 0 0 0 0 0 0 0 0 0 0 0 0 0 0 0 0 0 0 0 0 0
 0 0 0 0 0 0 0 0 0 0 0 0 0 0 0 0 0 0 0 0 0 0 0 0 0 0 0 0 0 0 0 0 0 0 0 0
 0 0 0 0 0 0 0 0 1.78061e-05 0.00172719 0.00360574 0.0105946 0.0120993 0.0124554 0.0147524 0.0171206 0.0266825 0.0428682 0.0675386 0.121331 0.153587 0.119568 0.100827 0.0573624 0.0630603 0.0341343 0.0324427 0.0444173 0.0211091 0.0280891 0.0125444 0.00206551 0 0 0 0
 0 0 0 0 0 0 0 0 0 0 0 0 0 0 0 0 0 0 0 0 0 0 0 0 0 0 0 0 0 0 0 0 0 0 0 0
 0 0 0 0 0 0 0.0133647 0.0140871 0.0187388 0.0205184 0.03894 0.0496705 0.03968 0.0493445 0.0407372 0.0367815 0.0215668 0.0243155 0.0234873 0.0199281 0.019796 0.0243948 0.0301388 0.0376714 0.0412746 0.0863199 0.0771752 0.113111 0.0741005 0.0525337 0.0229764 0.00759418 0.00175318 0 0 0
 0 0 0 0 0 0 0 0 0 0 0.00219441 0.00772107 0.0458388 0.0604681 0.0671733 0.0775358 0.0609151 0.0617685 0.073594 0.0568108 0.0755445 0.0548602 0.0670107 0.0636378 0.0643287 0.046367 0.0373049 0.0286899 0.0247887 0.0153202 0.00654259 0.00121912 0.000365735 0 0 0
 0 0 0 0 0 0 0 0 0 0 0 0 0.000112435 0.00938835 0.0111873 0.0202946 0.0414886 0.0713402 0.111592 0.104902 0.108894 0.110636 0.117776 0.105296 0.107544 0.0401394 0.0192827 0.0124803 0.00416011 0.0028671 0.000618394 0 0 0 0 0
 0 0 0 0 0 0 0 0 0 0 0.00291406 0.0102884 0.027416 0.0768956 0.0749926 0.110853 0.0956884 0.0897413 0.0766577 0.0534642 0.0500743 0.0551293 0.0594112 0.0620874 0.0668451 0.0424026 0.0208742 0.0120726 0.0048766 0.00582813 0.00118941 0.000297354 0 0 0 0
 0 0.00264628 0.0354308 0.0461629 0.0458689 0.0383711 0.0214643 0.0164657 0.0346957 0.0420465 0.0363128 0.0245516 0.0311673 0.0291091 0.0169068 0.0133784 0.00837989 0.0085269 0.0148486 0.0160247 0.0276389 0.0546898 0.0760071 0.122758 0.109233 0.0665981 0.0333725 0.0166128 0.00676272 0.00308733 0.000882094 0 0 0 0 0
 0 0 0 0 0 0 0 0.000805153 0.000690131 0.00759144 0.0133425 0.0154129 0.00931677 0.000345066 0.00356568 0.00563607 0.00851162 0.0253048 0.0502646 0.0516448 0.0657925 0.0565908 0.0611916 0.0827007 0.0866115 0.110766 0.145733 0.0935128 0.0569358 0.0249597 0.0138026 0.00621118 0.00161031 0.00115022 0 0
 0 0 0 0 0 0 0 0 0 0 0 0 0 0 0 0 0 0 0 0 0 0 0 0 0 0 0 0 0 0 0 0 0 0 0 0
 0.00147267 0.00158595 0.00478618 0.00569244 0.00954404 0.0108468 0.00647125 0.017049 0.0510054 0.094081 0.124002 0.0959785 0.0687766 0.0820023 0.061753 0.0591476 0.0492212 0.0479892 0.0443925 0.0268479 0.0217502 0.0140895 0.0121071 0.0120363 0.00920419 0.00665534 0.0049561 0.00860946 0.00930331 0.0156896 0.0114698 0.00855282 0.00243557 0.00046729 0 2.83206e-05
 0 0 0 0 0.000772559 0.00158375 0.000888443 0.00281984 0.00712685 0.0440552 0.0773331 0.111326 0.0921469 0.0852325 0.0710754 0.0886704 0.0786465 0.0553345 0.0373146 0.0185414 0.00753245 0.00457741 0.012979 0.0271748 0.0457355 0.0583668 0.034881 0.0177882 0.00938659 0.00492506 0.0015258 0.00185414 0.000309023 5.79419e-05 3.86279e-05 0
 0 0.00173294 0.00326652 0 0.00397197 0.00683976 0.00946217 0.0152591 0.00757587 0.0136028 0.0228656 0.0392903 0.0559909 0.0764795 0.0681675 0.0726916 0.0566044 0.0477403 0.0527397 0.0444891 0.0609904 0.0582453 0.0661739 0.0445044 0.0529084 0.0360697 0.0280645 0.0235558 0.0158879 0.00826598 0.00280645 0.00217768 0.000904811 0.00058276 9.20147e-05 0
 0 0 0 0 0 0 0 0 0 0 0 0 0 0 0 0 0 0 0 0 0 0 0 0 0 0 0 0 0 0 0 0 0 0 0 0
 0 0 0 0 0 0 0 0 0 0 0 0 0 0 0 0 0 0 0 0 0 0 0 0 0 0 0 0 0 0 0 0 0 0 0 0
ppred_pel_tallas
 1.12789e-16 2.93422e-06 1.71441e-05 8.1336e-05 0.000312881 0.000975442 0.00246438 0.00504629 0.00837948 0.0112979 0.0124118 0.0112275 0.0086474 0.006281 0.00536274 0.00632445 0.00909028 0.0134817 0.0193476 0.0264796 0.0345033 0.042848 0.0508092 0.0576744 0.0628693 0.0660692 0.0672441 0.0666173 0.0645656 0.0614965 0.0577509 0.0535571 0.0490396 0.0442622 0.0392808 0.0341807
 1.03403e-16 3.73828e-05 0.000219429 0.00104312 0.00401613 0.012524 0.0316344 0.0647269 0.107287 0.144067 0.156732 0.13815 0.0986766 0.0571534 0.0269263 0.0104837 0.00367418 0.00164788 0.00146611 0.0019137 0.00262012 0.00349359 0.00450209 0.00561424 0.00678848 0.0079731 0.00910831 0.010129 0.0109689 0.0115661 0.0118705 0.0118515 0.0115037 0.0108499 0.00993935 0.00884111
 1.03048e-16 4.24685e-07 2.37055e-06 1.1011e-05 4.19611e-05 0.000130479 0.00033061 0.000683699 0.00116062 0.00164126 0.00200368 0.00228506 0.00276477 0.00389065 0.00614051 0.00994083 0.0156396 0.0234518 0.0333451 0.0449089 0.057285 0.0692181 0.0792458 0.0859944 0.0885002 0.0864477 0.0802492 0.0709285 0.0598591 0.0484415 0.0378256 0.0287483 0.0215076 0.0160447 0.0120802 0.00925099
 1.14581e-16 4.40584e-06 2.58212e-05 0.00012267 0.000472169 0.00147227 0.00371881 0.00760979 0.0126168 0.0169526 0.0184706 0.0163473 0.0118242 0.00715596 0.00397399 0.00266339 0.00286354 0.00416681 0.00641815 0.00967549 0.0140766 0.0197315 0.0266502 0.0346913 0.0435316 0.0526639 0.0614305 0.0690937 0.0749358 0.0783699 0.0790377 0.0768726 0.0721125 0.0652559 0.0569767 0.048015
 1.06102e-16 3.42625e-05 0.000201109 0.000956017 0.00368078 0.0114782 0.0289929 0.0593222 0.0983291 0.132041 0.143654 0.126636 0.0904825 0.0524677 0.0248328 0.00986944 0.00378514 0.00214528 0.00226236 0.00302132 0.00407327 0.0053183 0.00670906 0.00820196 0.00975213 0.0113148 0.0128439 0.0142879 0.0155837 0.0166556 0.0174199 0.0177963 0.0177241 0.017177 0.0161732 0.0147763
 1.02026e-16 2.63743e-05 0.00015477 0.000735649 0.0028322 0.00883187 0.0223088 0.0456485 0.0756735 0.101646 0.11066 0.0977261 0.0702088 0.0414846 0.0210853 0.0109063 0.00815517 0.00949809 0.0128487 0.0171897 0.0219321 0.0265401 0.0304497 0.0331396 0.0342436 0.0336391 0.0314773 0.0281383 0.0241325 0.0199791 0.0161014 0.0127672 0.0100806 0.00801373 0.00645992 0.00528538
 1.01522e-16 2.83818e-05 0.000166562 0.000791729 0.00304814 0.0095053 0.0240098 0.0491281 0.081439 0.109381 0.119057 0.105086 0.075374 0.0442915 0.0220614 0.0106826 0.00711198 0.00774028 0.0103331 0.0138526 0.017773 0.0216669 0.025093 0.027635 0.028984 0.0290074 0.0277754 0.0255328 0.0226305 0.0194398 0.0162781 0.0133655 0.0108162 0.00865843 0.00686588 0.005389
 1.00733e-16 3.58954e-05 0.000210686 0.00100152 0.00385595 0.0120244 0.0303727 0.0621462 0.103013 0.138339 0.150528 0.132747 0.0949602 0.0552895 0.0265895 0.0112965 0.00546808 0.00447066 0.0054662 0.00721528 0.00922679 0.011225 0.012969 0.0142402 0.0148796 0.0148225 0.0141117 0.0128824 0.0113245 0.00963707 0.00798845 0.00649276 0.00520617 0.00413758 0.00326661 0.00256088
 1.00784e-16 2.67117e-05 0.00015675 0.000745064 0.00286844 0.00894489 0.0225943 0.0462327 0.076642 0.102947 0.112076 0.0989771 0.071108 0.042017 0.021358 0.0110511 0.00826841 0.00963403 0.0130351 0.0174406 0.0222527 0.0269254 0.030882 0.0335866 0.0346587 0.0339638 0.0316459 0.0280849 0.023799 0.0193228 0.0151025 0.0114331 0.00844708 0.00614282 0.00443344 0.00319599
 1.00851e-16 3.4352e-05 0.000201622 0.00095843 0.00369002 0.011507 0.0290657 0.0594722 0.0985813 0.13239 0.144062 0.127062 0.090931 0.0530189 0.025639 0.0111368 0.00575356 0.00506609 0.00636162 0.00844515 0.0108232 0.013195 0.0152842 0.016836 0.0176617 0.0176796 0.0169312 0.0155641 0.0137912 0.0118381 0.00989824 0.00810672 0.00653491 0.00520197 0.00409402 0.0031826
 1.02135e-16 6.61252e-06 3.87133e-05 0.000183821 0.00070738 0.0022056 0.00557198 0.0114067 0.0189294 0.0254867 0.0279061 0.0250231 0.0188021 0.012768 0.00954982 0.00991593 0.0134593 0.0195488 0.0276728 0.0373002 0.0476745 0.0577581 0.066348 0.0723049 0.0748128 0.0735744 0.0688805 0.0615211 0.0525796 0.0431771 0.0342507 0.026423 0.0199783 0.0149226 0.0110861 0.00822549
 1.10916e-16 5.29535e-06 3.10246e-05 0.000147367 0.000567185 0.00176853 0.00446738 0.00914296 0.0151638 0.0203898 0.022255 0.0197898 0.0145156 0.009182 0.0058003 0.00488446 0.00603296 0.00873946 0.0127217 0.0178511 0.0239936 0.0309142 0.0382612 0.0455985 0.0524627 0.0584194 0.0631055 0.0662505 0.0676824 0.0673269 0.0652088 0.0614577 0.0563119 0.0501077 0.0432544 0.036189
 1.0773e-16 2.91965e-05 0.000171364 0.000814596 0.00313626 0.00978013 0.0247037 0.0505466 0.0837846 0.112514 0.122422 0.107948 0.0771918 0.0448876 0.0214858 0.00896541 0.00412468 0.00321347 0.00396264 0.00542836 0.00729972 0.00945647 0.0118046 0.0142424 0.0166652 0.0189749 0.0210845 0.0229143 0.0243859 0.0254187 0.0259336 0.0258646 0.0251762 0.0238781 0.0220336 0.0197563
 1.0335e-16 2.32764e-05 0.00013658 0.000649166 0.00249921 0.00779344 0.0196859 0.040282 0.0667795 0.0897061 0.097679 0.0863048 0.0620957 0.0368767 0.0190868 0.0104327 0.00848488 0.0103276 0.0141266 0.0189606 0.0242518 0.029437 0.0339103 0.037106 0.0386223 0.0383161 0.0363355 0.0330717 0.0290543 0.024821 0.0208079 0.0172882 0.0143653 0.0120097 0.0101157 0.00855654
 1.0257e-16 2.42977e-05 0.00014258 0.000677704 0.0026091 0.00813616 0.0205515 0.0420527 0.0697128 0.0936403 0.101946 0.0900357 0.0646947 0.0382493 0.0194854 0.0101574 0.00770445 0.0090711 0.0123549 0.0166403 0.0214059 0.0261734 0.0304272 0.033674 0.0355423 0.0358634 0.0347034 0.0323311 0.0291395 0.0255474 0.0219141 0.0184904 0.0154107 0.0127155 0.0103877 0.00838745
 1.02554e-16 2.40959e-05 0.000141395 0.000672068 0.0025874 0.00806847 0.0203806 0.041703 0.0691335 0.0928631 0.101103 0.0892975 0.0641786 0.0379729 0.0193974 0.0101965 0.0078349 0.00928498 0.0126584 0.0170402 0.0219002 0.0267464 0.0310484 0.0343004 0.036125 0.0363566 0.0350729 0.0325607 0.0292334 0.0255274 0.0218137 0.018347 0.015258 0.0125783 0.0102802 0.00831364
 1.03075e-16 2.11604e-05 0.000124157 0.000590106 0.00227181 0.00708431 0.0178947 0.036617 0.0607048 0.0815491 0.0888055 0.0784849 0.056514 0.0336521 0.0175857 0.0098856 0.00836559 0.0103971 0.0143292 0.0193304 0.0248657 0.0303955 0.0353241 0.0390795 0.0412327 0.0415914 0.0402366 0.0374845 0.0337941 0.0296519 0.0254729 0.0215434 0.0180132 0.0149228 0.0122472 0.00993734
 1.04417e-16 1.70456e-05 9.9996e-05 0.000475237 0.00182952 0.00570504 0.0144108 0.029489 0.0488912 0.0656892 0.0715614 0.0633088 0.0457259 0.0275089 0.0148912 0.00919103 0.00870308 0.0113548 0.0158335 0.0214434 0.0276746 0.0339641 0.0396711 0.0441717 0.0469869 0.0478847 0.0469207 0.0443999 0.0407808 0.0365557 0.0321492 0.0278604 0.0238554 0.0201967 0.0168876 0.0139115
 1.06351e-16 1.52067e-05 8.92029e-05 0.000423931 0.00163199 0.00508906 0.0128549 0.0263052 0.0436132 0.0585997 0.063843 0.0564922 0.0408281 0.0246142 0.0134204 0.00843547 0.00815414 0.0107459 0.0150581 0.0204859 0.0265848 0.0328547 0.0387155 0.0435907 0.0470213 0.0487581 0.0487997 0.0473612 0.0447938 0.0414843 0.0377706 0.0338971 0.0300126 0.0261969 0.0224981 0.0189609
 1.01711e-16 3.7321e-05 0.000219061 0.00104135 0.00400933 0.0125028 0.0315809 0.0646178 0.107107 0.143831 0.156488 0.137965 0.0986091 0.0572451 0.0272145 0.0110221 0.00454209 0.00294086 0.00327394 0.00429073 0.00555445 0.00688269 0.0081433 0.00921695 0.0100092 0.0104671 0.0105867 0.0104066 0.00999141 0.00941241 0.00873077 0.00798959 0.00721453 0.00641994 0.00561686 0.00481862
 1.01024e-16 2.40813e-05 0.000141302 0.000671607 0.0025856 0.00806283 0.0203664 0.0416746 0.0690888 0.0928099 0.101063 0.0893053 0.0642775 0.038218 0.0198639 0.0109874 0.00908001 0.0111252 0.0152167 0.0203817 0.0259898 0.0314156 0.0359856 0.0390733 0.0402376 0.0393291 0.0365271 0.0322886 0.0272312 0.0219887 0.0170856 0.0128641 0.00947035 0.00689038 0.00500901 0.00367007
 1.02752e-16 1.89792e-05 0.000111348 0.000529204 0.00203731 0.00635301 0.0160475 0.0328379 0.0544419 0.0731425 0.0796688 0.0704526 0.0508231 0.03045 0.016255 0.00968165 0.00880505 0.0112954 0.0156803 0.0211916 0.0272906 0.0333997 0.0388691 0.0430686 0.0455188 0.0459941 0.044565 0.0415596 0.0374672 0.0328154 0.0280642 0.0235436 0.0194418 0.0158305 0.0127083 0.0100406
 1.05308e-16 1.50915e-05 8.85243e-05 0.000420699 0.00161954 0.00505021 0.0127568 0.0261048 0.0432817 0.0581569 0.0633674 0.0560878 0.0405713 0.0245302 0.0135023 0.00867914 0.00857802 0.0113884 0.0159629 0.0216834 0.0280754 0.0345953 0.0406142 0.0455109 0.0487971 0.0502179 0.0497928 0.0477809 0.0445926 0.0406766 0.036426 0.0321255 0.0279462 0.0239729 0.0202444 0.0167861
 1.09896e-16 5.94934e-06 3.4847e-05 0.000165501 0.000636942 0.00198602 0.00501698 0.0102689 0.0170354 0.0229191 0.0250487 0.0223523 0.016563 0.0108039 0.00737684 0.00690251 0.0089575 0.012961 0.0185184 0.0253246 0.0329856 0.0409413 0.0485063 0.0549861 0.0598156 0.0626694 0.0635067 0.0625373 0.0601281 0.0566894 0.0525805 0.0480627 0.0433022 0.0384038 0.0334543 0.0285523
pSPR Fmed_Fpbrs
0.467018   0.255389 0.255389
Fs Fmed_Fpbrs
0.452387   1.005 1.005
SSBpbr Bo_Bmed_Bpbrs
849665  354325  174512 174512
Ro
19148.9
SPR SPRFo_SPRFmed_SPRFpbrs
393962 183987 100614
log_Ro
9.68
likeval ReclasPelacesDesembMPH_pf_preclas_ppelaces_ptallas_desvR_qrecl_qpela
 113.81 124.763 0.189835 0.000494115 383.879 195.407 97.1368 0 62.9915 0 0 0 0 0 0
q_reclas_q_pelaces
1 1
M
0.7
N
 2713.32 11384.4 5653.33 2807.36 2769.28
 86812.6 1094.17 3728.06 1851.3 1826.18
 491.813 35549.5 369.481 1258.9 1241.82
 1832.84 169.347 8487.77 88.2169 597.07
 29331.7 776.087 61.1443 3064.59 247.429
 31163.2 13964.2 354.219 27.9072 1511.66
 32733.4 9099.67 2397.66 60.8197 264.345
 95155.4 11388.4 2218.08 584.439 79.2601
 83333.7 31709.2 2546.67 496.005 148.416
 253755 29590.2 8050.95 646.599 163.618
 36415.8 109673 11130.7 3028.45 304.772
 11936.1 14382.5 34450.3 3496.37 1047.03
 59680.9 4618.95 4337.14 10388.7 1370.09
 31993 19684.3 1011.86 950.124 2575.97
 18174.8 8211.75 2611.5 134.242 467.803
 14097.4 5207.42 1357.53 431.72 99.5272
 11715 5399.93 1538.6 401.1 156.964
 7679.83 4653.72 1715.97 488.932 177.34
 4769.09 3147.77 1574.37 580.521 225.403
 34965.4 1831.31 934.675 467.483 239.305
 36017.7 14277.5 614.886 313.829 237.314
 33665.1 16771 6233.67 268.464 240.633
 23811.4 15345.3 7017.08 2608.2 213.009
 5017.67 10356.9 5846.15 2673.32 1074.81
pred_Ctot
 371.152 2855.51 1418.01 704.161 694.608
 11071.4 257.427 877.108 435.559 429.65
 110.745 13836 143.803 489.968 483.321
 195.961 33.852 1696.69 17.6344 119.353
 873.279 45.3682 3.57435 179.149 14.4641
 9517.27 6971.42 176.839 13.9323 754.676
 7193.14 3469.06 914.058 23.1862 100.776
 23031.1 4709.57 917.264 241.689 32.7772
 17409.5 11577.3 929.81 181.096 54.1878
 23851.9 5243.66 1426.7 114.583 28.9947
 5431.08 29750.4 3019.37 821.515 82.6741
 1922.14 4179.68 10011.6 1016.08 304.277
 14755 1944.15 1825.54 4372.71 576.684
 11540.4 11156.2 573.477 538.488 1459.95
 5705.36 4188.55 1332.04 68.4726 238.611
 2352.95 1562.39 407.301 129.53 29.8613
 1707.21 1434.52 408.738 106.554 41.6984
 975.129 1090.49 402.097 114.569 41.5553
 789.213 937.27 468.781 172.854 67.1153
 4519.62 436.2 222.631 111.35 57.0003
 1620.59 1249.39 53.8072 27.4625 20.7668
 1997.23 1917.69 712.792 30.6976 27.5153
 2141.59 2608.77 1192.94 443.407 36.2125
 860.627 3183.48 1796.98 821.722 330.373
F
 0.208178 0.416357 0.416357 0.416357 0.416357
 0.192825 0.38565 0.38565 0.38565 0.38565
 0.36615 0.7323 0.7323 0.7323 0.7323
 0.159356 0.318713 0.318713 0.318713 0.318713
 0.0421749 0.0843499 0.0843499 0.0843499 0.0843499
 0.531001 1.062 1.062 1.062 1.062
 0.355798 0.711596 0.711596 0.711596 0.711596
 0.398905 0.79781 0.79781 0.79781 0.79781
 0.335408 0.670816 0.670816 0.670816 0.670816
 0.138869 0.277739 0.277739 0.277739 0.277739
 0.228991 0.457981 0.457981 0.457981 0.457981
 0.249398 0.498797 0.498797 0.498797 0.498797
 0.409189 0.818377 0.818377 0.818377 0.818377
 0.659949 1.3199 1.3199 1.3199 1.3199
 0.549951 1.0999 1.0999 1.0999 1.0999
 0.259604 0.519209 0.519209 0.519209 0.519209
 0.223203 0.446407 0.446407 0.446407 0.446407
 0.191904 0.383808 0.383808 0.383808 0.383808
 0.257124 0.514249 0.514249 0.514249 0.514249
 0.195675 0.39135 0.39135 0.39135 0.39135
 0.0643596 0.128719 0.128719 0.128719 0.128719
 0.0856521 0.171304 0.171304 0.171304 0.171304
 0.132514 0.265027 0.265027 0.265027 0.265027
 0.267688 0.535377 0.535377 0.535377 0.535377
nmprior
 10 10 8 0
nm_flota  nm_reclas  nm_pelaces    nm_pelaL
inf 8.51257 8.68283 13.3781
cv_recla  cv_pelaces  cv_mph
0.98768 1.31434 0.721194
 ------------------------------------------------
Talla a la edad & desviación 
 7.2 14.2025 17.0495 18.207 18.6776
 1.08 2.13037 2.55742 2.73105 2.80164
