years
 1997 1998 1999 2000 2001 2002 2003 2004 2005 2006 2007 2008 2009 2010 2011 2012 2013 2014 2015 2016 2017 2018 2019 2020
reclasobs
 0 0 0 370054 412103 1.49427e+06 250295 1.28982e+06 931140 785840 897777 1.04006e+06 184774 17550 25797 100020 73551 82996 120727 218422 84188 347160 605670 569463
reclaspred
 2.7771e+06 329684 431119 113540 242337 238441 439041 466647 516694 1.15683e+06 1.06173e+06 640574 388640 170396 101141 94698.5 105122 119373 92723.1 168508 318483 294036 414161 258934
pelacesobs
 0 0 0 0 0 0 0 0 0 2.06254e+06 1.5e+06 0 1.87456e+06 323000 250000 174000 83755 137374 0 501740 490994 745055 786931 1.00524e+06
pelacespred
 1.55079e+06 614540 175460 109017 207616 129972 388909 395843 418826 1.02024e+06 739375 451125 312279 104731 64086.5 63550.1 73006.1 83684.7 63095.4 125794 257168 224278 246147 178066
mphobs
 0 0 0 0 0 112323 0 153150 637223 0 255016 313432 73983 77613 109348 50772 0 0 0 0 0 0 0 0
mphpred
 2.58784e+06 1.1012e+06 448062 212295 105528 309431 281839 373651 484989 609820 1.3482e+06 897063 456679 269012 113008 87533.3 96727.6 113579 112549 98437.9 239529 325111 374663 368472
desembarqueobs
 350755 77701 442110 56441 14545 235359 269955 359681 431902 328805 639364 411747 362871 311530 167758 66681 60226 58785 57116 71774 51957 67425 138520 160799
desembarquepred
 350746 77684.4 441638 56420.7 14543.2 235147 269775 359001 431407 328517 638564 411258 362085 310900 167347 66618.9 60192.4 58730.4 57055.9 71685.8 51941.7 67379.4 138412 160670
Reclutas
 2048.82 3099.79 430.67 2207.28 57393.5 9622.33 46368.2 84738.2 68019.7 254818 40485.3 14654.5 58540.7 22727.8 14586.3 14570.5 9696.17 8764.18 5602.97 29284 31598.5 33899.1 32216.4 4286.98
log_desv_Rt
 -2.05498 -1.64091 -3.61466 -1.98048 1.27769 -0.508158 1.06437 1.66732 1.44755 2.7683 0.928695 -0.0874945 1.29748 0.351343 -0.0921634 -0.0932435 -0.500514 -0.601572 -1.04895 0.604798 0.680865 0.751144 0.700232 -1.31666
SSB
 2.58784e+06 1.1012e+06 448062 212295 105528 309431 281839 373651 484989 609820 1.3482e+06 897063 456679 269012 113008 87533.3 96727.6 113579 112549 98437.9 239529 325111 374663 368472
BT
 2.99454e+06 1.27195e+06 568253 263681 384497 415446 901578 1.08162e+06 1.13805e+06 2.12679e+06 1.87199e+06 1.17466e+06 923068 484171 252824 168385 179321 197240 162797 284091 500677 464879 537016 462041
Ftot
 0.0945967 0.177127 0.724888 0.382526 0.133589 0.758175 0.891427 1.32293 1.04068 0.567825 0.49199 0.49659 1.05428 1.63573 1.81304 0.788037 0.615057 0.50098 0.54044 0.720529 0.188818 0.222351 0.297934 0.469813
BD_Bspro_t
 0.985015 0.885063 0.684036 0.355061 0.370166 0.686623 0.464773 0.481426 0.49015 0.500836 0.653312 0.477342 0.324325 0.253468 0.143823 0.139326 0.199547 0.295374 0.345579 0.372947 0.613938 0.73167 0.724993 0.651255
BD_Bspro
 7.86423 3.34645 1.36162 0.645147 0.32069 0.940337 0.856486 1.13549 1.47384 1.85319 4.09707 2.7261 1.38781 0.817505 0.343422 0.266007 0.293947 0.345157 0.342028 0.299145 0.72791 0.987985 1.13857 1.11976
BD_Bo
 2.49235 1.06056 0.431529 0.204461 0.101634 0.298014 0.271439 0.359864 0.467094 0.587318 1.29845 0.863962 0.439828 0.259085 0.108838 0.0843034 0.0931585 0.109388 0.108396 0.0948057 0.230691 0.313114 0.360838 0.354876
BD_Brms
 8.30944 3.5359 1.43871 0.68167 0.338845 0.993572 0.904973 1.19978 1.55728 1.95811 4.32902 2.88043 1.46638 0.863786 0.362864 0.281066 0.310588 0.364698 0.361391 0.31608 0.769118 1.04392 1.20303 1.18315
S_f
 0.146085 1 1 1 1
 0.146085 1 1 1 1
 0.146085 1 1 1 1
 0.146085 1 1 1 1
 0.146085 1 1 1 1
 0.146085 1 1 1 1
 0.146085 1 1 1 1
 0.146085 1 1 1 1
 0.146085 1 1 1 1
 0.146085 1 1 1 1
 0.146085 1 1 1 1
 0.146085 1 1 1 1
 0.146085 1 1 1 1
 0.146085 1 1 1 1
 0.146085 1 1 1 1
 0.146085 1 1 1 1
 0.146085 1 1 1 1
 0.146085 1 1 1 1
 0.146085 1 1 1 1
 0.146085 1 1 1 1
 0.146085 1 1 1 1
 0.146085 1 1 1 1
 0.146085 1 1 1 1
 0.146085 1 1 1 1
Scru_reclas
 0.795532 1 1 1 1
 0.795532 1 1 1 1
 0.795532 1 1 1 1
 0.795532 1 1 1 1
 0.795532 1 1 1 1
 0.795532 1 1 1 1
 0.795532 1 1 1 1
 0.795532 1 1 1 1
 0.795532 1 1 1 1
 0.795532 1 1 1 1
 0.795532 1 1 1 1
 0.795532 1 1 1 1
 0.795532 1 1 1 1
 0.795532 1 1 1 1
 0.795532 1 1 1 1
 0.795532 1 1 1 1
 0.795532 1 1 1 1
 0.795532 1 1 1 1
 0.795532 1 1 1 1
 0.795532 1 1 1 1
 0.795532 1 1 1 1
 0.795532 1 1 1 1
 0.795532 1 1 1 1
 0.795532 1 1 1 1
Scru_pelaces
 1 1 1 1 1
 1 1 1 1 1
 1 1 1 1 1
 1 1 1 1 1
 1 1 1 1 1
 1 1 1 1 1
 1 1 1 1 1
 1 1 1 1 1
 1 1 1 1 1
 1 1 1 1 1
 1 1 1 1 1
 1 1 1 1 1
 1 1 1 1 1
 1 1 1 1 1
 1 1 1 1 1
 1 1 1 1 1
 1 1 1 1 1
 1 1 1 1 1
 1 1 1 1 1
 1 1 1 1 1
 1 1 1 1 1
 1 1 1 1 1
 1 1 1 1 1
 1 1 1 1 1
pf_obs 
 0.256992 0.487395 0.22802 0.0275931 0
 0.321318 0.546541 0.124235 0.00734118 0.000564706
 0.182869 0.594174 0.210203 0.0122559 0.00049798
 0.330522 0.361315 0.267642 0.0388342 0.00168674
 0.649043 0.306663 0.0425973 0.00169635 0
 0.582887 0.30429 0.105238 0.00758474 0
 0.465427 0.430635 0.0974691 0.00646863 0
 0.296916 0.608066 0.0921331 0.00288517 0
 0.311714 0.524322 0.152257 0.0117073 0
 0.15457 0.633149 0.183074 0.0267441 0.00246327
 0.131901 0.49318 0.331252 0.0422183 0.00144891
 0.196976 0.569456 0.194076 0.0375587 0.00193317
 0.518974 0.381816 0.0799577 0.0180837 0.00116848
 0.0928022 0.601141 0.25162 0.0475244 0.00691264
 0.122501 0.610282 0.24278 0.0234846 0.000952079
 0.383417 0.481906 0.127806 0.00687128 0
 0.0376549 0.599619 0.316969 0.0457579 0
 0.0361596 0.667082 0.258105 0.0386534 0
 0.158088 0.579412 0.248529 0.0139706 0
 0.0477256 0.309471 0.559284 0.082774 0.000745712
 0.0406174 0.521527 0.379366 0.0568643 0.0016247
 0.151134 0.462217 0.34131 0.0453401 0
 0.294876 0.26143 0.354403 0.0886775 0.000613685
 0.281977 0.475581 0.204845 0.0348837 0.00271318
pf_pred 
 0.00303447 0.639428 0.316141 0.041396 1.0352e-06
 0.0101778 0.0211209 0.6213 0.307178 0.0402234
 0.00383311 0.0709455 0.0197425 0.580751 0.324728
 0.0658047 0.0341764 0.064098 0.0178369 0.818084
 0.757705 0.089129 0.00560339 0.0105092 0.137053
 0.0590283 0.901484 0.0145257 0.000913205 0.0240488
 0.453889 0.211107 0.320946 0.00517143 0.00888696
 0.459276 0.486496 0.0209626 0.0318695 0.00139598
 0.272674 0.669928 0.0516415 0.00222518 0.00353113
 0.561156 0.357466 0.074956 0.00577799 0.000644053
 0.0528223 0.872112 0.061146 0.0128215 0.00109852
 0.0428572 0.313549 0.592587 0.0415478 0.00945846
 0.336734 0.186812 0.156081 0.294982 0.0253903
 0.160713 0.719281 0.0338004 0.0282401 0.0579659
 0.242124 0.575663 0.156159 0.0073382 0.0187157
 0.300713 0.597392 0.0773965 0.0209951 0.00350288
 0.181898 0.666306 0.129678 0.0168007 0.00531786
 0.190074 0.546154 0.21483 0.0418106 0.00713145
 0.141738 0.577754 0.189154 0.0744037 0.0169505
 0.560824 0.262036 0.119245 0.0390403 0.018855
 0.259436 0.686002 0.0325544 0.0148146 0.00719271
 0.20323 0.577122 0.203465 0.0096555 0.00652727
 0.175392 0.544597 0.202819 0.0715041 0.00568715
 0.0294722 0.608918 0.238819 0.0889409 0.0338502
pobs_RECLAS
 0 0 0 0 0
 0 0 0 0 0
 0 0 0 0 0
 0 0 0 0 0
 0.835266 0.146461 0.0176864 0.000547809 3.91292e-05
 0.385257 0.428462 0.181853 0.0044286 0
 0.867414 0.0963971 0.0333333 0.00285562 0
 0.441836 0.489002 0.0689373 0.000224442 0
 0.779404 0.147425 0.0564933 0.0165055 0.000172143
 0.814271 0.122319 0.05973 0.00367925 0
 0.40263 0.566651 0.0304383 0.000280538 0
 0.475488 0.404961 0.113038 0.00651328 0
 0.955842 0.0263864 0.0167828 0.000988607 0
 0.975058 0.0227948 0.00214734 0 0
 0.738997 0.206755 0.0527124 0.00153531 0
 0.850938 0.134255 0.0134407 0.00136685 0
 0.542534 0.407297 0.0501686 0 0
 0.764087 0.199537 0.0359546 0.000420521 0
 0.470689 0.182191 0.310203 0.0369168 0
 0.84361 0.089868 0.0606195 0.00523954 0.000663233
 0.607945 0.314616 0.071237 0.00620181 0
 0.523733 0.453247 0.0230204 0 0
 0.530135 0.295979 0.169645 0.0042399 0
 0.562478 0.366248 0.0663022 0.0049721 0
ppred_RECLAS
 0.0163857 0.630865 0.311907 0.0408417 1.02134e-06
 0.0535303 0.0201958 0.594088 0.293724 0.0384617
 0.0216869 0.069674 0.0193886 0.570342 0.318908
 0.282215 0.0262593 0.0492494 0.013705 0.628572
 0.944918 0.0202621 0.00127385 0.0023891 0.031157
 0.266152 0.703052 0.0113283 0.000712193 0.0187552
 0.829867 0.0657672 0.0999862 0.00161108 0.00276861
 0.840719 0.143307 0.00617495 0.00938781 0.000411214
 0.691441 0.284208 0.0219082 0.000944002 0.00149804
 0.878827 0.098703 0.0206968 0.00159541 0.000177835
 0.239047 0.700646 0.0491241 0.0103007 0.000882537
 0.201486 0.261584 0.494377 0.034662 0.0078909
 0.75247 0.069718 0.0582492 0.110087 0.00947561
 0.555574 0.380879 0.0178982 0.0149539 0.0306945
 0.682612 0.24108 0.0653971 0.00307314 0.00783787
 0.713819 0.244481 0.0316743 0.00859219 0.00143354
 0.558844 0.359301 0.069928 0.00905968 0.00286762
 0.569523 0.290282 0.114182 0.0222224 0.00379038
 0.483019 0.348015 0.113938 0.0448176 0.0102103
 0.880289 0.0714261 0.032504 0.0106417 0.00513951
 0.658511 0.316329 0.0150115 0.00683131 0.0033167
 0.584565 0.300911 0.106087 0.00503437 0.00340331
 0.541199 0.303007 0.112846 0.039784 0.00316425
 0.145831 0.535914 0.210186 0.0782776 0.0297918
pobs_PELACES
 0 0 0 0 0
 0 0 0 0 0
 0 0 0 0 0
 0 0 0 0 0
 0 0 0 0 0
 0 0 0 0 0
 0 0 0 0 0
 0 0 0 0 0
 0 0 0 0 0
 0 0 0 0 0
 0.450072 0.473896 0.0757376 0.000293798 0
 0 0 0 0 0
 0.463077 0.371075 0.160297 0.00555027 0
 0.529543 0.364841 0.0842815 0.0213345 0
 0.631943 0.363953 0.00410389 0 0
 0.735681 0.248677 0.0153453 0.000297389 0
 0.695825 0.281241 0.0229344 0 0
 0.275771 0.60734 0.115278 0.00161068 0
 0 0 0 0 0
 0.896147 0.0623911 0.0374545 0.00400742 0
 0.803859 0.145111 0.0509908 3.86294e-05 0
 0.739449 0.233085 0.0266225 0.000797448 4.60066e-05
 0.878498 0.100942 0.0204185 0.000141795 0
 0.694673 0.275183 0.0284847 0.00165964 0
ppred_PELACES
 0.0210532 0.627871 0.310427 0.0406479 1.01649e-06
 0.0695363 0.0198543 0.584041 0.288757 0.0378113
 0.0330505 0.0688647 0.0191634 0.563717 0.315204
 0.355038 0.0235952 0.0442528 0.0123145 0.564799
 0.957249 0.0157262 0.000988683 0.00185428 0.0241822
 0.360812 0.612365 0.00986707 0.000620327 0.016336
 0.887417 0.0435204 0.0661643 0.00106611 0.00183208
 0.905947 0.0846207 0.00364622 0.00554336 0.000242815
 0.790653 0.192826 0.014864 0.000640476 0.00101637
 0.91452 0.0696286 0.0146002 0.00112546 0.000125451
 0.312055 0.633424 0.044411 0.00931241 0.000797864
 0.267302 0.240024 0.453629 0.0318051 0.00724051
 0.837216 0.0458488 0.0383065 0.0723968 0.00623147
 0.713593 0.245455 0.0115344 0.00963696 0.0197809
 0.818385 0.13795 0.0374213 0.0017585 0.00448496
 0.796541 0.173813 0.0225187 0.00610859 0.00101917
 0.654422 0.281457 0.0547779 0.00709687 0.00224634
 0.65697 0.231314 0.0909873 0.0177082 0.0030204
 0.577638 0.28432 0.0930851 0.036615 0.00834156
 0.918859 0.0484127 0.0220313 0.00721293 0.00348357
 0.718821 0.260463 0.0123604 0.00562486 0.00273095
 0.653156 0.251228 0.0885709 0.00420316 0.0028414
 0.617245 0.252784 0.0941419 0.0331898 0.00263978
 0.196779 0.503948 0.197649 0.0736086 0.0280148
pobs_pel_tallas
 0 0 0 0 0 0 0 0 0 0 0 0 0 0 0 0 0 0 0 0 0 0 0 0 0 0 0 0 0 0 0 0 0 0 0 0
 0 0 0 0 0 0 0 0 0 0 0 0 0 0 0 0 0 0 0 0 0 0 0 0 0 0 0 0 0 0 0 0 0 0 0 0
 0 0 0 0 0 0 0 0 0 0 0 0 0 0 0 0 0 0 0 0 0 0 0 0 0 0 0 0 0 0 0 0 0 0 0 0
 0 0 0 0 0 0 0 0 0 0 0 0 0 0 0 0 0 0 0 0 0 0 0 0 0 0 0 0 0 0 0 0 0 0 0 0
 0 0 0 0 0 0 0 0 0 0 0 0 0 0 0 0 0 0 0 0 0 0 0 0 0 0 0 0 0 0 0 0 0 0 0 0
 0 0 0 0 0 0 0 0 0 0 0 0 0 0 0 0 0 0 0 0 0 0 0 0 0 0 0 0 0 0 0 0 0 0 0 0
 0 0 0 0 0 0 0 0 0 0 0 0 0 0 0 0 0 0 0 0 0 0 0 0 0 0 0 0 0 0 0 0 0 0 0 0
 0 0 0 0 0 0 0 0 0 0 0 0 0 0 0 0 0 0 0 0 0 0 0 0 0 0 0 0 0 0 0 0 0 0 0 0
 0 0 0 0 0 0 0 0 0 0 0 0 0 0 0 0 0 0 0 0 0 0 0 0 0 0 0 0 0 0 0 0 0 0 0 0
 0 0 0 0 0 0 0 0 0 0 0 0 0 0 0 0 0 0 0 0 0 0 0 0 0 0 0 0 0 0 0 0 0 0 0 0
 0 0 0 0 0 0 0 0 1.78061e-05 0.00172719 0.00360574 0.0105946 0.0120993 0.0124554 0.0147524 0.0171206 0.0266825 0.0428682 0.0675386 0.121331 0.153587 0.119568 0.100827 0.0573624 0.0630603 0.0341343 0.0324427 0.0444173 0.0211091 0.0280891 0.0125444 0.00206551 0 0 0 0
 0 0 0 0 0 0 0 0 0 0 0 0 0 0 0 0 0 0 0 0 0 0 0 0 0 0 0 0 0 0 0 0 0 0 0 0
 0 0 0 0 0 0 0.0133647 0.0140871 0.0187388 0.0205184 0.03894 0.0496705 0.03968 0.0493445 0.0407372 0.0367815 0.0215668 0.0243155 0.0234873 0.0199281 0.019796 0.0243948 0.0301388 0.0376714 0.0412746 0.0863199 0.0771752 0.113111 0.0741005 0.0525337 0.0229764 0.00759418 0.00175318 0 0 0
 0 0 0 0 0 0 0 0 0 0 0.00219441 0.00772107 0.0458388 0.0604681 0.0671733 0.0775358 0.0609151 0.0617685 0.073594 0.0568108 0.0755445 0.0548602 0.0670107 0.0636378 0.0643287 0.046367 0.0373049 0.0286899 0.0247887 0.0153202 0.00654259 0.00121912 0.000365735 0 0 0
 0 0 0 0 0 0 0 0 0 0 0 0 0.000112435 0.00938835 0.0111873 0.0202946 0.0414886 0.0713402 0.111592 0.104902 0.108894 0.110636 0.117776 0.105296 0.107544 0.0401394 0.0192827 0.0124803 0.00416011 0.0028671 0.000618394 0 0 0 0 0
 0 0 0 0 0 0 0 0 0 0 0.00291406 0.0102884 0.027416 0.0768956 0.0749926 0.110853 0.0956884 0.0897413 0.0766577 0.0534642 0.0500743 0.0551293 0.0594112 0.0620874 0.0668451 0.0424026 0.0208742 0.0120726 0.0048766 0.00582813 0.00118941 0.000297354 0 0 0 0
 0 0.00264628 0.0354308 0.0461629 0.0458689 0.0383711 0.0214643 0.0164657 0.0346957 0.0420465 0.0363128 0.0245516 0.0311673 0.0291091 0.0169068 0.0133784 0.00837989 0.0085269 0.0148486 0.0160247 0.0276389 0.0546898 0.0760071 0.122758 0.109233 0.0665981 0.0333725 0.0166128 0.00676272 0.00308733 0.000882094 0 0 0 0 0
 0 0 0 0 0 0 0 0.000805153 0.000690131 0.00759144 0.0133425 0.0154129 0.00931677 0.000345066 0.00356568 0.00563607 0.00851162 0.0253048 0.0502646 0.0516448 0.0657925 0.0565908 0.0611916 0.0827007 0.0866115 0.110766 0.145733 0.0935128 0.0569358 0.0249597 0.0138026 0.00621118 0.00161031 0.00115022 0 0
 0 0 0 0 0 0 0 0 0 0 0 0 0 0 0 0 0 0 0 0 0 0 0 0 0 0 0 0 0 0 0 0 0 0 0 0
 0.00147267 0.00158595 0.00478618 0.00569244 0.00954404 0.0108468 0.00647125 0.017049 0.0510054 0.094081 0.124002 0.0959785 0.0687766 0.0820023 0.061753 0.0591476 0.0492212 0.0479892 0.0443925 0.0268479 0.0217502 0.0140895 0.0121071 0.0120363 0.00920419 0.00665534 0.0049561 0.00860946 0.00930331 0.0156896 0.0114698 0.00855282 0.00243557 0.00046729 0 2.83206e-05
 0 0 0 0 0.000772559 0.00158375 0.000888443 0.00281984 0.00712685 0.0440552 0.0773331 0.111326 0.0921469 0.0852325 0.0710754 0.0886704 0.0786465 0.0553345 0.0373146 0.0185414 0.00753245 0.00457741 0.012979 0.0271748 0.0457355 0.0583668 0.034881 0.0177882 0.00938659 0.00492506 0.0015258 0.00185414 0.000309023 5.79419e-05 3.86279e-05 0
 0 0.00173294 0.00326652 0 0.00397197 0.00683976 0.00946217 0.0152591 0.00757587 0.0136028 0.0228656 0.0392903 0.0559909 0.0764795 0.0681675 0.0726916 0.0566044 0.0477403 0.0527397 0.0444891 0.0609904 0.0582453 0.0661739 0.0445044 0.0529084 0.0360697 0.0280645 0.0235558 0.0158879 0.00826598 0.00280645 0.00217768 0.000904811 0.00058276 9.20147e-05 0
 0 0 0 0 0 0 0 0 0 0 0 0 0 0 0 0 0 0 0 0 0 0 0 0 0 0 0 0 0 0 0 0 0 0 0 0
 0 0 0 0 0 0 0 0 0 0 0 0 0 0 0 0 0 0 0 0 0 0 0 0 0 0 0 0 0 0 0 0 0 0 0 0
ppred_pel_tallas
 1.06008e-16 9.56853e-07 5.51938e-06 2.60354e-05 9.99006e-05 0.000311224 0.000786824 0.00161511 0.00269688 0.00368135 0.00416304 0.0040457 0.00371183 0.00381469 0.00493844 0.00745019 0.0115582 0.0173805 0.0249108 0.0339201 0.0438824 0.0539841 0.0632319 0.0706368 0.0754219 0.0771844 0.0759632 0.0721869 0.0665343 0.0597556 0.0525193 0.045323 0.0384776 0.0321439 0.026391 0.0212467
 1.19986e-16 3.04662e-06 1.78433e-05 8.47469e-05 0.000326162 0.00101696 0.00256873 0.00525658 0.00871611 0.011714 0.0127699 0.0113186 0.00822361 0.00505188 0.00294542 0.00219256 0.00257502 0.00385118 0.00596249 0.00900387 0.0131275 0.0184621 0.0250534 0.0328186 0.0415139 0.0507225 0.0598726 0.0682869 0.0752621 0.0801662 0.0825335 0.0821393 0.0790373 0.0735468 0.0662007 0.0576578
 1.34393e-16 1.45524e-06 8.50203e-06 4.03407e-05 0.000155193 0.000483812 0.00122209 0.00250135 0.00414966 0.00558333 0.00610347 0.00544978 0.00404644 0.0026592 0.0018605 0.00182579 0.00249693 0.00380823 0.00577996 0.00850037 0.0120791 0.016612 0.0221588 0.0287263 0.0362505 0.0445757 0.053435 0.0624383 0.0710788 0.0787653 0.0848836 0.0888779 0.0903389 0.0890741 0.0851486 0.0788807
 1.2745e-16 1.54938e-05 9.09242e-05 0.000432193 0.00166394 0.00518878 0.0131064 0.0268171 0.0444515 0.0596948 0.0649538 0.0572797 0.0409723 0.0238532 0.0114754 0.00490504 0.00247106 0.00222775 0.00303623 0.00448461 0.0065194 0.00920323 0.0126126 0.0167979 0.0217593 0.0274269 0.0336424 0.04015 0.0466008 0.0525755 0.0576252 0.0613268 0.063343 0.0634738 0.0616885 0.0581347
 1.01213e-16 4.17537e-05 0.000245091 0.00116512 0.00448587 0.0139889 0.0353345 0.0722975 0.119835 0.160916 0.175058 0.154294 0.110188 0.0637789 0.0299668 0.0115188 0.00378259 0.00132158 0.00083131 0.000931803 0.00118902 0.00148686 0.001787 0.00206712 0.00231183 0.00251356 0.0026728 0.00279572 0.00289006 0.00296079 0.00300734 0.00302331 0.00299867 0.00292333 0.00279082 0.00260095
 1.01125e-16 1.57705e-05 9.2492e-05 0.00043952 0.00169193 0.00527593 0.0133272 0.0272734 0.0452243 0.0607823 0.0662681 0.0587501 0.0427027 0.0262269 0.0151651 0.0108241 0.0117059 0.0159322 0.0222512 0.0298738 0.0380648 0.045944 0.0525233 0.0568812 0.0583728 0.0567895 0.0524128 0.0459371 0.0382946 0.0304385 0.0231557 0.0169558 0.012051 0.00840918 0.00584339 0.0041033
 1.01076e-16 3.87101e-05 0.000227219 0.00108014 0.00415869 0.0129686 0.0327574 0.0670247 0.111096 0.149185 0.162304 0.143073 0.102219 0.0592565 0.0280133 0.0110729 0.00414238 0.00219995 0.00219357 0.00284313 0.00372926 0.00470992 0.00570061 0.00662348 0.00740761 0.00799811 0.00836244 0.00849079 0.00839197 0.00808726 0.00760504 0.00697787 0.00624176 0.00543594 0.00460206 0.00378155
 1.00282e-16 3.95196e-05 0.000231968 0.00110271 0.00424558 0.0132395 0.0334418 0.0684254 0.113419 0.152306 0.165708 0.146092 0.104415 0.0606093 0.0288003 0.011637 0.00474481 0.00299645 0.00326166 0.00420058 0.00533318 0.00644935 0.00739676 0.00804559 0.00830536 0.00814494 0.00759983 0.0067617 0.00575465 0.00470592 0.00372062 0.00286703 0.00217419 0.00163918 0.00123931 0.000944243
 1.00344e-16 3.44966e-05 0.000202469 0.00096245 0.00370549 0.0115552 0.0291876 0.0597218 0.0989957 0.132949 0.144676 0.127617 0.0913584 0.0533285 0.0259006 0.011439 0.0061769 0.00567437 0.00719974 0.00953238 0.0121424 0.0146829 0.0168292 0.0182868 0.0188477 0.0184391 0.0171412 0.0151637 0.012792 0.0103209 0.0079965 0.00598161 0.00434945 0.00309898 0.00218172 0.00152876
 1.00275e-16 3.98929e-05 0.000234161 0.00111314 0.00428573 0.0133647 0.0337581 0.0690724 0.114491 0.153745 0.16727 0.147461 0.105375 0.0611301 0.0289797 0.0115918 0.00454501 0.00266062 0.00278072 0.00356165 0.0045353 0.00551215 0.0063633 0.00697926 0.00728117 0.00723698 0.00686802 0.00624134 0.00545164 0.00459842 0.00376632 0.0030134 0.00236893 0.00183842 0.0014123 0.00107433
 1.01194e-16 1.36455e-05 8.00137e-05 0.000380192 0.0014635 0.00456356 0.0115278 0.0235919 0.0391229 0.0525917 0.0573638 0.0509166 0.0371405 0.0230725 0.0138064 0.0105212 0.0119695 0.0165622 0.0232226 0.0312299 0.0398569 0.0482035 0.0552479 0.0600303 0.0618691 0.0605273 0.0562692 0.0497845 0.0420113 0.0339171 0.0263081 0.0197166 0.0143801 0.0102925 0.00729252 0.00515265
 1.07949e-16 1.16791e-05 6.85031e-05 0.000325544 0.00125322 0.00390789 0.00987121 0.0201996 0.0334899 0.044997 0.0490211 0.0433722 0.0313367 0.0188767 0.0102729 0.00644893 0.00627233 0.00837956 0.0119513 0.0166127 0.0221283 0.0282179 0.0345114 0.0405808 0.0460024 0.0504149 0.0535594 0.055289 0.0555592 0.0544073 0.051936 0.0483069 0.0437385 0.0385019 0.0329061 0.0272709
 1.03338e-16 3.6521e-05 0.000214368 0.00101905 0.00392346 0.012235 0.0309044 0.0632335 0.104812 0.140747 0.153126 0.134986 0.0964494 0.055929 0.0264727 0.0105222 0.00403243 0.00227143 0.00236616 0.00311539 0.00412981 0.00528155 0.00649669 0.00770692 0.00884876 0.00987022 0.0107341 0.0114158 0.0118973 0.0121619 0.0121925 0.0119743 0.0115014 0.0107838 0.00985205 0.0087563
 1.015e-16 3.11385e-05 0.00018275 0.00086869 0.00334447 0.0104294 0.0263439 0.0539038 0.0893539 0.120007 0.130609 0.11525 0.0825944 0.0483929 0.0238402 0.0111023 0.00681125 0.00698234 0.00915259 0.0121927 0.0155622 0.0188546 0.0216678 0.0236328 0.0244889 0.0241454 0.0227026 0.0204211 0.0176533 0.0147587 0.0120318 0.00966007 0.00771885 0.00619355 0.00501586 0.00409932
 1.00847e-16 3.57037e-05 0.000209561 0.000996175 0.00383536 0.0119602 0.0302106 0.0618144 0.102463 0.1376 0.149723 0.132036 0.0944501 0.0549885 0.0264376 0.0112203 0.00541533 0.00441467 0.00539734 0.00713377 0.00913984 0.0111462 0.0129176 0.0142393 0.0149524 0.0149881 0.0143811 0.0132553 0.0117886 0.0101698 0.00855992 0.00707086 0.00576093 0.00464491 0.00371034 0.00293328
 1.00634e-16 3.47526e-05 0.000203974 0.000969607 0.00373305 0.0116412 0.0294047 0.0601658 0.0997311 0.133935 0.145744 0.128549 0.0920019 0.0536569 0.0259723 0.0113223 0.00590492 0.00524363 0.00658929 0.00872426 0.011137 0.0135086 0.0155462 0.0169834 0.017629 0.0174109 0.016392 0.0147499 0.0127301 0.0105876 0.00853589 0.0067178 0.00519988 0.00398627 0.00304193 0.00231555
 1.01219e-16 2.856e-05 0.000167608 0.000796695 0.00306726 0.00956492 0.0241604 0.0494364 0.0819502 0.110069 0.119808 0.105753 0.075863 0.0445999 0.0222534 0.0108382 0.00729401 0.00798885 0.0106706 0.014286 0.0182922 0.0222417 0.0256728 0.0281525 0.0293648 0.0291822 0.0276929 0.0251697 0.0219959 0.0185735 0.0152428 0.0122357 0.00966697 0.00755508 0.00585805 0.004508
 1.02117e-16 2.86692e-05 0.000168253 0.000799773 0.00307913 0.00960194 0.0242538 0.0496272 0.0822652 0.110488 0.120253 0.10612 0.07607 0.0446089 0.0220502 0.0103987 0.00656699 0.00690278 0.00915583 0.0123028 0.0158578 0.0194507 0.0227036 0.0252548 0.0268268 0.0272848 0.02666 0.0251282 0.0229559 0.0204311 0.0178049 0.0152573 0.0128922 0.010752 0.00884297 0.00715627
 1.03062e-16 2.52121e-05 0.000147952 0.000703249 0.00270747 0.00844291 0.0213263 0.0436377 0.072339 0.0971637 0.105771 0.0933878 0.0670465 0.0395257 0.0199257 0.0100467 0.0072124 0.00823946 0.0111551 0.0150315 0.0193732 0.0237507 0.0277071 0.0308035 0.0327064 0.0332585 0.0325063 0.0306723 0.0280866 0.0251008 0.0220155 0.0190395 0.0162846 0.0137876 0.0115425 0.00952951
 1.0074e-16 4.00812e-05 0.000235269 0.00111841 0.00430603 0.013428 0.033918 0.0693994 0.115032 0.15447 0.168054 0.148141 0.105837 0.0613482 0.0289904 0.0114357 0.00423432 0.00217959 0.00210201 0.00266475 0.00342156 0.00421508 0.00495249 0.00555629 0.00596722 0.00615439 0.00611998 0.00589495 0.00552824 0.00507315 0.00457598 0.00406979 0.003574 0.00309784 0.00264541 0.00221981
 1.00582e-16 3.13671e-05 0.00018409 0.00087506 0.00336899 0.0105059 0.0265371 0.0542991 0.0900095 0.120888 0.131572 0.116106 0.0832228 0.0487908 0.0240913 0.0113109 0.00706082 0.0073289 0.00963106 0.0128203 0.0163353 0.0197441 0.0226159 0.0245557 0.0252856 0.0247112 0.0229447 0.0202729 0.0170838 0.0137761 0.0106804 0.00801278 0.00586661 0.00423441 0.00304497 0.00220082
 1.01617e-16 2.85037e-05 0.00016728 0.000795141 0.00306129 0.0095463 0.0241133 0.0493398 0.0817894 0.10985 0.119564 0.105524 0.0756671 0.0444221 0.0220496 0.0105509 0.00686385 0.00736141 0.00980348 0.01316 0.0169245 0.0206963 0.0240629 0.0266313 0.0281045 0.0283449 0.0274004 0.0254798 0.0228924 0.0199706 0.0170034 0.014197 0.0116674 0.00945655 0.00755964 0.00595077
 1.02683e-16 2.69378e-05 0.000158086 0.000751436 0.00289301 0.00902153 0.0227878 0.0466278 0.0772942 0.103815 0.112999 0.0997399 0.0715427 0.0420471 0.0209575 0.0101746 0.00681505 0.00746102 0.0100023 0.0134666 0.0173694 0.0213189 0.0249061 0.0277383 0.0295142 0.030087 0.0294901 0.0279127 0.0256409 0.0229824 0.0202034 0.0174923 0.014955 0.0126333 0.0105319 0.00864308
 1.06809e-16 8.61392e-06 5.04855e-05 0.000239837 0.000923136 0.00287849 0.00727134 0.0148819 0.0246829 0.0331921 0.0362349 0.0322361 0.0236746 0.0150268 0.00955886 0.00808242 0.00988683 0.014042 0.0199198 0.0270777 0.0350167 0.0430717 0.050454 0.0563864 0.0602663 0.0617926 0.0610155 0.0582901 0.0541587 0.0492054 0.0439325 0.038693 0.0336839 0.0289846 0.0246121 0.0205677
pSPR Fmed_Fpbrs
0.508084   0.349942 0.349942
Fs Fmed_Fpbrs
0.517986   1.005 1.005
SSBpbr Bo_Bmed_Bpbrs
1.03831e+06  475634  311433 311433
Ro
15994.5
SPR SPRFo_SPRFmed_SPRFpbrs
329064 167192 115153
log_Ro
9.5
likeval ReclasPelacesDesembMPH_pf_preclas_ppelaces_ptallas_desvR_qrecl_qpela
 98.3573 92.9357 0.162602 0.000546567 394.61 179.637 89.8807 0 65.959 3.5765e-06 0 0 0 0 0
q_reclas_q_pelaces
0.764919 1
M
0.7
N
 2048.82 65339.1 32304.4 4230 0.105781
 3099.79 1003.45 29517.8 14594 1911.01
 430.67 1499.99 417.411 12278.7 6865.67
 2207.28 192.375 360.8 100.402 4604.9
 57393.5 1036.53 65.165 122.217 1593.87
 9622.33 27949.9 450.359 28.3133 745.617
 46368.2 4277.33 6502.84 104.781 180.063
 84738.2 20214.3 871.013 1324.21 58.0041
 68019.7 34685 2673.7 115.207 182.821
 254818 29013.8 6083.82 468.972 52.2747
 40485.3 116466 8165.72 1712.25 146.701
 14654.5 18710.2 35361 2479.25 564.407
 58540.7 6768 5654.65 10686.9 919.863
 22727.8 24920.9 1171.08 978.437 2008.35
 14586.3 8887.39 2410.86 113.291 288.942
 14570.5 5557.92 720.069 195.331 32.5895
 9696.17 6448.72 1255.06 162.603 51.468
 8764.18 4401.22 1731.22 336.934 57.4692
 5602.97 4045.02 1324.32 520.922 118.675
 29284 2571.13 1170.05 383.069 185.008
 31598.5 13089.2 621.15 282.668 137.24
 33899.1 15264.4 5381.5 255.381 172.641
 32216.4 16295.8 6068.89 2139.59 170.174
 4286.98 15316.8 6007.28 2237.24 851.473
pred_Ctot
 20.2377 4264.53 2108.43 276.082 0.00690407
 57.0286 118.345 3481.27 1721.18 225.38
 31.3121 579.543 161.273 4744.07 2652.66
 86.5516 44.9516 84.3068 23.4606 1076.01
 798.594 93.9387 5.90577 11.0763 144.449
 730.181 11151.4 179.683 11.2964 297.484
 4102.34 1908.03 2900.78 46.7405 80.3223
 10829.2 11471 494.272 751.445 32.9155
 6959.8 17099.4 1318.11 56.796 90.1295
 14657.8 9337.29 1957.91 150.926 16.8232
 2027.57 33475.8 2347.08 492.152 42.1663
 740.568 5418.1 10239.8 717.941 163.441
 6063.01 3363.61 2810.29 5311.25 457.16
 3522.24 15764 740.78 618.92 1270.4
 2478.32 5892.34 1598.4 75.1119 191.569
 1147.05 2278.71 295.224 80.0845 13.3615
 602.333 2206.39 429.413 55.6336 17.6095
 446.689 1283.5 504.866 98.2582 16.7595
 307.29 1252.58 410.089 161.308 36.749
 2116.89 989.083 450.104 147.362 71.1702
 619.24 1637.39 77.7031 35.3605 17.168
 780.622 2216.77 781.525 37.0875 25.0718
 989.249 3071.64 1143.94 403.298 32.0767
 205.312 4241.89 1663.67 619.587 235.81
F
 0.0138191 0.0945967 0.0945967 0.0945967 0.0945967
 0.0258755 0.177127 0.177127 0.177127 0.177127
 0.105895 0.724888 0.724888 0.724888 0.724888
 0.0558811 0.382526 0.382526 0.382526 0.382526
 0.0195153 0.133589 0.133589 0.133589 0.133589
 0.110758 0.758175 0.758175 0.758175 0.758175
 0.130224 0.891427 0.891427 0.891427 0.891427
 0.193259 1.32293 1.32293 1.32293 1.32293
 0.152027 1.04068 1.04068 1.04068 1.04068
 0.0829505 0.567825 0.567825 0.567825 0.567825
 0.0718722 0.49199 0.49199 0.49199 0.49199
 0.0725441 0.49659 0.49659 0.49659 0.49659
 0.154013 1.05428 1.05428 1.05428 1.05428
 0.238954 1.63573 1.63573 1.63573 1.63573
 0.264857 1.81304 1.81304 1.81304 1.81304
 0.11512 0.788037 0.788037 0.788037 0.788037
 0.0898503 0.615057 0.615057 0.615057 0.615057
 0.0731855 0.50098 0.50098 0.50098 0.50098
 0.07895 0.54044 0.54044 0.54044 0.54044
 0.105258 0.720529 0.720529 0.720529 0.720529
 0.0275834 0.188818 0.188818 0.188818 0.188818
 0.0324821 0.222351 0.222351 0.222351 0.222351
 0.0435235 0.297934 0.297934 0.297934 0.297934
 0.0686325 0.469813 0.469813 0.469813 0.469813
nmprior
 10 10 8 0
nm_flota  nm_reclas  nm_pelaces    nm_pelaL
inf 14.2345 11.4891 18.7216
cv_recla  cv_pelaces  cv_mph
0.918185 1.13437 0.758507
 ------------------------------------------------
Talla a la edad & desviación 
 7.2 14.2025 17.0495 18.207 18.6776
 1.08 2.13037 2.55742 2.73105 2.80164
