years
 1997 1998 1999 2000 2001 2002 2003 2004 2005 2006 2007 2008 2009 2010 2011 2012 2013 2014 2015 2016 2017 2018 2019 2020
reclasobs
 0 0 0 370054 412103 1.49427e+06 250295 1.28982e+06 931140 785840 897777 1.04006e+06 184774 17550 25797 100020 73551 82996 120727 218422 84188 347160 605670 569463
reclaspred
 2.04344e+06 255586 343327 111012 242025 248743 516607 452655 595733 1.04119e+06 931739 596509 368181 159691 96966.8 91198.5 102987 120519 102971 174753 308896 282429 416013 300541
pelacesobs
 0 0 0 0 0 0 0 0 0 2.06254e+06 1.5e+06 0 1.87456e+06 323000 250000 174000 83755 137374 0 501740 490994 745055 786931 1.00524e+06
pelacespred
 1.35887e+06 508831 157350 116957 221832 156857 486282 419476 553539 983658 742728 487381 321700 109586 67777.8 67980.8 79920 94758.5 80485.8 141408 277714 241616 280152 237425
mphobs
 0 0 0 0 0 112323 0 153150 637223 0 255016 313432 73983 77613 109348 50772 0 0 0 0 0 0 0 0
mphpred
 2.1491e+06 919054 400101 195237 130341 335842 363813 469601 529810 733566 1.28117e+06 899848 501449 278888 118378 92780.4 103751 125495 130418 125621 261244 348297 405835 438100
desembarqueobs
 350755 77701 442110 56441 14545 235359 269955 359681 431902 328805 639364 411747 362871 311530 167758 66681 60226 58785 57116 71774 51957 67425 138520 160799
desembarquepred
 350745 77682.5 441634 56422.3 14543.8 235228 269860 359182 431515 328579 638712 411402 362324 311079 167429 66635.7 60207.5 58746.5 57073.2 71713.5 51944.9 67389 138444 160719
Reclutas
 7506.4 10959.6 1710.35 8481.26 56807.4 17235.5 52859.6 76346 94750.8 217353 54576.8 25195.3 52119.7 22587.3 14942.1 15146.6 10464.1 9731.9 8080.73 28772.9 33424.4 35892.5 40857 10758.4
log_desv_Rt
 -1.11649 -0.738027 -2.59555 -0.994386 0.907421 -0.285271 0.835394 1.20303 1.41901 2.24928 0.867365 0.0944113 0.821299 -0.0148573 -0.428062 -0.414467 -0.78429 -0.856835 -1.04276 0.22719 0.377041 0.448284 0.577832 -0.756554
SSB
 2.1491e+06 919054 400101 195237 130341 335842 363813 469601 529810 733566 1.28117e+06 899848 501449 278888 118378 92780.4 103751 125495 130418 125621 261244 348297 405835 438100
BT
 2.65306e+06 1.08029e+06 530977 276172 409642 463580 1.06756e+06 1.13446e+06 1.38162e+06 2.06487e+06 1.88217e+06 1.24149e+06 935154 493229 260327 176391 191850 217036 193810 311768 538086 495962 597908 565146
Ftot
 0.115107 0.210585 0.808701 0.405315 0.105458 0.686455 0.636711 1.05481 0.92237 0.476159 0.523305 0.496137 0.929252 1.55933 1.71236 0.734952 0.568058 0.447006 0.455628 0.549283 0.174794 0.206811 0.27303 0.378009
BD_Bspro_t
 0.981945 0.865528 0.658357 0.333443 0.405862 0.690922 0.522781 0.532522 0.5148 0.546008 0.643713 0.481598 0.347259 0.260336 0.14851 0.146199 0.212645 0.318299 0.38119 0.431544 0.635173 0.747307 0.742369 0.691846
BD_Bspro
 4.55649 1.94856 0.848287 0.413938 0.276346 0.712046 0.771349 0.995639 1.12329 1.55529 2.7163 1.90784 1.06316 0.591293 0.250983 0.196711 0.219972 0.266072 0.276509 0.266339 0.553886 0.738453 0.860444 0.928851
BD_Bo
 2.17351 0.929494 0.404646 0.197455 0.131821 0.339657 0.367945 0.474935 0.535828 0.741898 1.29572 0.910069 0.507145 0.282056 0.119723 0.0938343 0.10493 0.12692 0.131899 0.127048 0.264212 0.352253 0.410445 0.443076
BD_Brms
 7.28208 3.11415 1.35571 0.661548 0.44165 1.13798 1.23275 1.59121 1.79522 2.48564 4.34114 3.04907 1.69913 0.944992 0.401117 0.31438 0.351554 0.425231 0.441911 0.425657 0.885209 1.18018 1.37514 1.48447
S_f
 0.150733 1 1 1 1
 0.150733 1 1 1 1
 0.150733 1 1 1 1
 0.150733 1 1 1 1
 0.150733 1 1 1 1
 0.150733 1 1 1 1
 0.150733 1 1 1 1
 0.150733 1 1 1 1
 0.150733 1 1 1 1
 0.150733 1 1 1 1
 0.150733 1 1 1 1
 0.150733 1 1 1 1
 0.150733 1 1 1 1
 0.150733 1 1 1 1
 0.150733 1 1 1 1
 0.150733 1 1 1 1
 0.150733 1 1 1 1
 0.150733 1 1 1 1
 0.150733 1 1 1 1
 0.150733 1 1 1 1
 0.150733 1 1 1 1
 0.150733 1 1 1 1
 0.150733 1 1 1 1
 0.150733 1 1 1 1
Scru_reclas
 0.850922 1 1 1 1
 0.850922 1 1 1 1
 0.850922 1 1 1 1
 0.850922 1 1 1 1
 0.850922 1 1 1 1
 0.850922 1 1 1 1
 0.850922 1 1 1 1
 0.850922 1 1 1 1
 0.850922 1 1 1 1
 0.850922 1 1 1 1
 0.850922 1 1 1 1
 0.850922 1 1 1 1
 0.850922 1 1 1 1
 0.850922 1 1 1 1
 0.850922 1 1 1 1
 0.850922 1 1 1 1
 0.850922 1 1 1 1
 0.850922 1 1 1 1
 0.850922 1 1 1 1
 0.850922 1 1 1 1
 0.850922 1 1 1 1
 0.850922 1 1 1 1
 0.850922 1 1 1 1
 0.850922 1 1 1 1
Scru_pelaces
 1 1 1 1 1
 1 1 1 1 1
 1 1 1 1 1
 1 1 1 1 1
 1 1 1 1 1
 1 1 1 1 1
 1 1 1 1 1
 1 1 1 1 1
 1 1 1 1 1
 1 1 1 1 1
 1 1 1 1 1
 1 1 1 1 1
 1 1 1 1 1
 1 1 1 1 1
 1 1 1 1 1
 1 1 1 1 1
 1 1 1 1 1
 1 1 1 1 1
 1 1 1 1 1
 1 1 1 1 1
 1 1 1 1 1
 1 1 1 1 1
 1 1 1 1 1
 1 1 1 1 1
pf_obs 
 0.256992 0.487395 0.22802 0.0275931 0
 0.321318 0.546541 0.124235 0.00734118 0.000564706
 0.182869 0.594174 0.210203 0.0122559 0.00049798
 0.330522 0.361315 0.267642 0.0388342 0.00168674
 0.649043 0.306663 0.0425973 0.00169635 0
 0.582887 0.30429 0.105238 0.00758474 0
 0.465427 0.430635 0.0974691 0.00646863 0
 0.296916 0.608066 0.0921331 0.00288517 0
 0.311714 0.524322 0.152257 0.0117073 0
 0.15457 0.633149 0.183074 0.0267441 0.00246327
 0.131901 0.49318 0.331252 0.0422183 0.00144891
 0.196976 0.569456 0.194076 0.0375587 0.00193317
 0.518974 0.381816 0.0799577 0.0180837 0.00116848
 0.0928022 0.601141 0.25162 0.0475244 0.00691264
 0.122501 0.610282 0.24278 0.0234846 0.000952079
 0.383417 0.481906 0.127806 0.00687128 0
 0.0376549 0.599619 0.316969 0.0457579 0
 0.0361596 0.667082 0.258105 0.0386534 0
 0.158088 0.579412 0.248529 0.0139706 0
 0.0477256 0.309471 0.559284 0.082774 0.000745712
 0.0406174 0.521527 0.379366 0.0568643 0.0016247
 0.151134 0.462217 0.34131 0.0453401 0
 0.294876 0.26143 0.354403 0.0886775 0.000613685
 0.281977 0.475581 0.204845 0.0348837 0.00271318
pf_pred 
 0.0138169 0.63727 0.30832 0.0405918 1.76862e-06
 0.0417488 0.085694 0.563845 0.272796 0.0359164
 0.0154134 0.238644 0.0667077 0.43892 0.240314
 0.21001 0.106762 0.165601 0.04629 0.471336
 0.605398 0.269366 0.016925 0.0262526 0.0820589
 0.0980615 0.824879 0.052603 0.00330518 0.0211516
 0.394223 0.305444 0.274673 0.017516 0.00814375
 0.370248 0.538887 0.0458159 0.0412003 0.00384891
 0.344632 0.570366 0.0727371 0.00618408 0.00608058
 0.445751 0.470031 0.0732949 0.00934708 0.00157607
 0.0790847 0.802018 0.100831 0.0157231 0.00234322
 0.0713392 0.394302 0.465369 0.0585067 0.010483
 0.267824 0.288684 0.188303 0.222242 0.0329467
 0.164825 0.664621 0.0672463 0.0438636 0.0594439
 0.245194 0.566269 0.150035 0.0151806 0.0233212
 0.302563 0.588673 0.0815963 0.0216193 0.00554791
 0.187571 0.655085 0.132806 0.0184083 0.00612899
 0.194715 0.539531 0.214285 0.0434423 0.00802642
 0.174562 0.55012 0.18446 0.0732618 0.0175966
 0.472512 0.336041 0.127591 0.0427823 0.0210731
 0.265849 0.650733 0.0531426 0.0201777 0.0100983
 0.207061 0.573467 0.194534 0.0158868 0.00905091
 0.205498 0.52185 0.197187 0.0668906 0.00857484
 0.059433 0.622664 0.208807 0.0789001 0.0301959
pobs_RECLAS
 0 0 0 0 0
 0 0 0 0 0
 0 0 0 0 0
 0 0 0 0 0
 0.835266 0.146461 0.0176864 0.000547809 3.91292e-05
 0.385257 0.428462 0.181853 0.0044286 0
 0.867414 0.0963971 0.0333333 0.00285562 0
 0.441836 0.489002 0.0689373 0.000224442 0
 0.779404 0.147425 0.0564933 0.0165055 0.000172143
 0.814271 0.122319 0.05973 0.00367925 0
 0.40263 0.566651 0.0304383 0.000280538 0
 0.475488 0.404961 0.113038 0.00651328 0
 0.955842 0.0263864 0.0167828 0.000988607 0
 0.975058 0.0227948 0.00214734 0 0
 0.738997 0.206755 0.0527124 0.00153531 0
 0.850938 0.134255 0.0134407 0.00136685 0
 0.542534 0.407297 0.0501686 0 0
 0.764087 0.199537 0.0359546 0.000420521 0
 0.470689 0.182191 0.310203 0.0369168 0
 0.84361 0.089868 0.0606195 0.00523954 0.000663233
 0.607945 0.314616 0.071237 0.00620181 0
 0.523733 0.453247 0.0230204 0 0
 0.530135 0.295979 0.169645 0.0042399 0
 0.562478 0.366248 0.0663022 0.0049721 0
ppred_RECLAS
 0.0737162 0.598563 0.289593 0.0381263 1.6612e-06
 0.199323 0.0716025 0.471127 0.227937 0.0300104
 0.0861907 0.221489 0.0619124 0.407368 0.223039
 0.606428 0.0531889 0.0825022 0.0230617 0.234819
 0.89701 0.0703034 0.00441735 0.00685182 0.0214171
 0.392683 0.555429 0.0354201 0.00222553 0.0142423
 0.793856 0.103942 0.0934704 0.00596066 0.0027713
 0.784868 0.184091 0.0156514 0.0140746 0.00131484
 0.762473 0.20672 0.0263623 0.00224131 0.0022038
 0.824226 0.149065 0.0232447 0.00296432 0.000499833
 0.334568 0.57952 0.0728579 0.0113612 0.00169316
 0.309713 0.29309 0.345915 0.0434888 0.00779213
 0.690859 0.121889 0.0795058 0.0938355 0.0139108
 0.568613 0.343292 0.0347342 0.0226565 0.0307041
 0.690003 0.232565 0.0616191 0.00623462 0.00957796
 0.721681 0.234916 0.0325619 0.00862741 0.00221395
 0.575781 0.34206 0.0693463 0.00961213 0.00320033
 0.584424 0.278431 0.110584 0.0224189 0.00414212
 0.551742 0.298745 0.100172 0.0397851 0.0095559
 0.840177 0.101817 0.0386587 0.0129626 0.00638491
 0.673667 0.289253 0.0236221 0.00896907 0.00448874
 0.59867 0.290248 0.0984594 0.00804077 0.00458093
 0.597459 0.2644 0.0999064 0.0338907 0.00434451
 0.26764 0.484829 0.162585 0.0614345 0.0235116
pobs_PELACES
 0 0 0 0 0
 0 0 0 0 0
 0 0 0 0 0
 0 0 0 0 0
 0 0 0 0 0
 0 0 0 0 0
 0 0 0 0 0
 0 0 0 0 0
 0 0 0 0 0
 0 0 0 0 0
 0.450072 0.473896 0.0757376 0.000293798 0
 0 0 0 0 0
 0.463077 0.371075 0.160297 0.00555027 0
 0.529543 0.364841 0.0842815 0.0213345 0
 0.631943 0.363953 0.00410389 0 0
 0.735681 0.248677 0.0153453 0.000297389 0
 0.695825 0.281241 0.0229344 0 0
 0.275771 0.60734 0.115278 0.00161068 0
 0 0 0 0 0
 0.896147 0.0623911 0.0374545 0.00400742 0
 0.803859 0.145111 0.0509908 3.86294e-05 0
 0.739449 0.233085 0.0266225 0.000797448 4.60066e-05
 0.878498 0.100942 0.0204185 0.000141795 0
 0.694673 0.275183 0.0284847 0.00165964 0
ppred_PELACES
 0.0880834 0.589279 0.285101 0.0375349 1.63543e-06
 0.236841 0.0682474 0.449051 0.217257 0.0286041
 0.122069 0.212793 0.0594816 0.391374 0.214282
 0.669815 0.0446225 0.0692147 0.0193474 0.197
 0.913365 0.0591394 0.00371588 0.00576377 0.0180161
 0.479454 0.476072 0.0303594 0.00190756 0.0122074
 0.843988 0.0786643 0.0707394 0.00451109 0.00209735
 0.852119 0.126544 0.0107587 0.00967482 0.000903817
 0.830084 0.147878 0.0188584 0.00160333 0.0015765
 0.862964 0.116213 0.0181219 0.00231103 0.000389677
 0.406247 0.517095 0.0650097 0.0101374 0.00151077
 0.377311 0.264389 0.312041 0.0392301 0.00702907
 0.773119 0.0894553 0.0583501 0.0688668 0.0102093
 0.705711 0.234191 0.0236954 0.0154561 0.0209461
 0.808683 0.14353 0.0380288 0.00384775 0.00591113
 0.789219 0.17791 0.0246602 0.00653384 0.0016767
 0.651608 0.280919 0.056951 0.00789401 0.00262828
 0.651962 0.233181 0.0926125 0.0187754 0.00346896
 0.621717 0.25211 0.0845344 0.0335745 0.00806419
 0.878139 0.0776327 0.0294763 0.00988364 0.00486834
 0.718137 0.249836 0.0204031 0.00774683 0.00387704
 0.650065 0.253079 0.0858507 0.00701107 0.00399429
 0.653134 0.227831 0.0860885 0.0292033 0.00374363
 0.323168 0.448069 0.150258 0.0567765 0.021729
pobs_pel_tallas
 0 0 0 0 0 0 0 0 0 0 0 0 0 0 0 0 0 0 0 0 0 0 0 0 0 0 0 0 0 0 0 0 0 0 0 0
 0 0 0 0 0 0 0 0 0 0 0 0 0 0 0 0 0 0 0 0 0 0 0 0 0 0 0 0 0 0 0 0 0 0 0 0
 0 0 0 0 0 0 0 0 0 0 0 0 0 0 0 0 0 0 0 0 0 0 0 0 0 0 0 0 0 0 0 0 0 0 0 0
 0 0 0 0 0 0 0 0 0 0 0 0 0 0 0 0 0 0 0 0 0 0 0 0 0 0 0 0 0 0 0 0 0 0 0 0
 0 0 0 0 0 0 0 0 0 0 0 0 0 0 0 0 0 0 0 0 0 0 0 0 0 0 0 0 0 0 0 0 0 0 0 0
 0 0 0 0 0 0 0 0 0 0 0 0 0 0 0 0 0 0 0 0 0 0 0 0 0 0 0 0 0 0 0 0 0 0 0 0
 0 0 0 0 0 0 0 0 0 0 0 0 0 0 0 0 0 0 0 0 0 0 0 0 0 0 0 0 0 0 0 0 0 0 0 0
 0 0 0 0 0 0 0 0 0 0 0 0 0 0 0 0 0 0 0 0 0 0 0 0 0 0 0 0 0 0 0 0 0 0 0 0
 0 0 0 0 0 0 0 0 0 0 0 0 0 0 0 0 0 0 0 0 0 0 0 0 0 0 0 0 0 0 0 0 0 0 0 0
 0 0 0 0 0 0 0 0 0 0 0 0 0 0 0 0 0 0 0 0 0 0 0 0 0 0 0 0 0 0 0 0 0 0 0 0
 0 0 0 0 0 0 0 0 1.78061e-05 0.00172719 0.00360574 0.0105946 0.0120993 0.0124554 0.0147524 0.0171206 0.0266825 0.0428682 0.0675386 0.121331 0.153587 0.119568 0.100827 0.0573624 0.0630603 0.0341343 0.0324427 0.0444173 0.0211091 0.0280891 0.0125444 0.00206551 0 0 0 0
 0 0 0 0 0 0 0 0 0 0 0 0 0 0 0 0 0 0 0 0 0 0 0 0 0 0 0 0 0 0 0 0 0 0 0 0
 0 0 0 0 0 0 0.0133647 0.0140871 0.0187388 0.0205184 0.03894 0.0496705 0.03968 0.0493445 0.0407372 0.0367815 0.0215668 0.0243155 0.0234873 0.0199281 0.019796 0.0243948 0.0301388 0.0376714 0.0412746 0.0863199 0.0771752 0.113111 0.0741005 0.0525337 0.0229764 0.00759418 0.00175318 0 0 0
 0 0 0 0 0 0 0 0 0 0 0.00219441 0.00772107 0.0458388 0.0604681 0.0671733 0.0775358 0.0609151 0.0617685 0.073594 0.0568108 0.0755445 0.0548602 0.0670107 0.0636378 0.0643287 0.046367 0.0373049 0.0286899 0.0247887 0.0153202 0.00654259 0.00121912 0.000365735 0 0 0
 0 0 0 0 0 0 0 0 0 0 0 0 0.000112435 0.00938835 0.0111873 0.0202946 0.0414886 0.0713402 0.111592 0.104902 0.108894 0.110636 0.117776 0.105296 0.107544 0.0401394 0.0192827 0.0124803 0.00416011 0.0028671 0.000618394 0 0 0 0 0
 0 0 0 0 0 0 0 0 0 0 0.00291406 0.0102884 0.027416 0.0768956 0.0749926 0.110853 0.0956884 0.0897413 0.0766577 0.0534642 0.0500743 0.0551293 0.0594112 0.0620874 0.0668451 0.0424026 0.0208742 0.0120726 0.0048766 0.00582813 0.00118941 0.000297354 0 0 0 0
 0 0.00264628 0.0354308 0.0461629 0.0458689 0.0383711 0.0214643 0.0164657 0.0346957 0.0420465 0.0363128 0.0245516 0.0311673 0.0291091 0.0169068 0.0133784 0.00837989 0.0085269 0.0148486 0.0160247 0.0276389 0.0546898 0.0760071 0.122758 0.109233 0.0665981 0.0333725 0.0166128 0.00676272 0.00308733 0.000882094 0 0 0 0 0
 0 0 0 0 0 0 0 0.000805153 0.000690131 0.00759144 0.0133425 0.0154129 0.00931677 0.000345066 0.00356568 0.00563607 0.00851162 0.0253048 0.0502646 0.0516448 0.0657925 0.0565908 0.0611916 0.0827007 0.0866115 0.110766 0.145733 0.0935128 0.0569358 0.0249597 0.0138026 0.00621118 0.00161031 0.00115022 0 0
 0 0 0 0 0 0 0 0 0 0 0 0 0 0 0 0 0 0 0 0 0 0 0 0 0 0 0 0 0 0 0 0 0 0 0 0
 0.00147267 0.00158595 0.00478618 0.00569244 0.00954404 0.0108468 0.00647125 0.017049 0.0510054 0.094081 0.124002 0.0959785 0.0687766 0.0820023 0.061753 0.0591476 0.0492212 0.0479892 0.0443925 0.0268479 0.0217502 0.0140895 0.0121071 0.0120363 0.00920419 0.00665534 0.0049561 0.00860946 0.00930331 0.0156896 0.0114698 0.00855282 0.00243557 0.00046729 0 2.83206e-05
 0 0 0 0 0.000772559 0.00158375 0.000888443 0.00281984 0.00712685 0.0440552 0.0773331 0.111326 0.0921469 0.0852325 0.0710754 0.0886704 0.0786465 0.0553345 0.0373146 0.0185414 0.00753245 0.00457741 0.012979 0.0271748 0.0457355 0.0583668 0.034881 0.0177882 0.00938659 0.00492506 0.0015258 0.00185414 0.000309023 5.79419e-05 3.86279e-05 0
 0 0.00173294 0.00326652 0 0.00397197 0.00683976 0.00946217 0.0152591 0.00757587 0.0136028 0.0228656 0.0392903 0.0559909 0.0764795 0.0681675 0.0726916 0.0566044 0.0477403 0.0527397 0.0444891 0.0609904 0.0582453 0.0661739 0.0445044 0.0529084 0.0360697 0.0280645 0.0235558 0.0158879 0.00826598 0.00280645 0.00217768 0.000904811 0.00058276 9.20147e-05 0
 0 0 0 0 0 0 0 0 0 0 0 0 0 0 0 0 0 0 0 0 0 0 0 0 0 0 0 0 0 0 0 0 0 0 0 0
 0 0 0 0 0 0 0 0 0 0 0 0 0 0 0 0 0 0 0 0 0 0 0 0 0 0 0 0 0 0 0 0 0 0 0 0
ppred_pel_tallas
 1.05529e-16 3.87806e-06 2.26731e-05 0.000107594 0.000413938 0.00129055 0.00326045 0.00667604 0.0110842 0.0149401 0.0164011 0.0148079 0.0113444 0.00812497 0.00676023 0.00779103 0.0110791 0.0163456 0.023347 0.0317682 0.0410838 0.050522 0.0591488 0.0660369 0.0704594 0.072042 0.0708266 0.0672214 0.0618692 0.0554789 0.0486809 0.0419429 0.0355548 0.0296637 0.0243289 0.0195708
 1.15199e-16 1.03436e-05 6.06792e-05 0.000288385 0.00111021 0.00346196 0.00874463 0.0178932 0.0296624 0.0398431 0.0433767 0.0383082 0.0275261 0.0162795 0.00831886 0.0044171 0.0035352 0.00445864 0.00650706 0.00946474 0.013316 0.018066 0.0236604 0.0299545 0.0367053 0.0435758 0.0501536 0.0559824 0.0606075 0.0636311 0.064769 0.0638972 0.0610783 0.0565558 0.0507219 0.0440581
 1.24375e-16 5.34324e-06 3.13134e-05 0.000148756 0.000572566 0.00178533 0.00450978 0.00922931 0.0153053 0.020575 0.0224436 0.0199253 0.0145441 0.00905813 0.00547129 0.00426715 0.00499798 0.00710857 0.0102776 0.0143601 0.0192412 0.024755 0.0306761 0.0367528 0.0427496 0.0484763 0.0537911 0.0585752 0.0626961 0.0659768 0.0681928 0.0691008 0.0684941 0.0662617 0.0624361 0.0572077
 1.10867e-16 2.92212e-05 0.000171512 0.00081531 0.00313902 0.00978875 0.0247255 0.0505908 0.083857 0.112609 0.122518 0.108016 0.077204 0.0448212 0.0213163 0.00865702 0.00362646 0.00246304 0.00289667 0.00399755 0.00548571 0.00728725 0.00936426 0.0116713 0.0141494 0.0167268 0.0193173 0.0218175 0.024105 0.026042 0.0274866 0.0283101 0.0284195 0.0277755 0.0264037 0.0243954
 1.01113e-16 3.9842e-05 0.000233863 0.00111173 0.0042803 0.0133478 0.0337153 0.0689847 0.114345 0.153548 0.167054 0.147264 0.105222 0.0610151 0.0288762 0.0114653 0.00436209 0.002392 0.00240194 0.00305593 0.00389846 0.00475784 0.00552633 0.00611535 0.00646245 0.00654375 0.00637835 0.00602069 0.00554445 0.00502305 0.00451371 0.00404917 0.00363805 0.0032717 0.00293362 0.00260809
 1.01223e-16 2.09384e-05 0.000122844 0.000583847 0.00224767 0.00700902 0.0177046 0.0362289 0.0600643 0.0806975 0.0879014 0.0777409 0.0560977 0.0336429 0.0180149 0.0108059 0.00988558 0.012667 0.0174946 0.0234743 0.0299516 0.0362252 0.041524 0.0451274 0.0465255 0.045542 0.0423773 0.0375504 0.0317659 0.0257484 0.0200997 0.0152146 0.0112654 0.00824171 0.0060174 0.00441877
 1.01283e-16 3.68178e-05 0.000216107 0.00102731 0.00395524 0.0123341 0.0311548 0.063746 0.105663 0.141892 0.154379 0.136109 0.0972904 0.0564952 0.026888 0.0109433 0.00459536 0.00308034 0.00349737 0.00461488 0.00600126 0.0074719 0.00888745 0.010117 0.011051 0.0116195 0.011802 0.0116231 0.0111397 0.0104227 0.00954202 0.00855745 0.00751753 0.00646202 0.00542589 0.0044413
 1.00569e-16 3.71742e-05 0.000218195 0.00103722 0.00399341 0.0124531 0.0314555 0.0643616 0.106684 0.143267 0.155885 0.137459 0.0983042 0.0571817 0.0273965 0.0114613 0.00528257 0.00405269 0.00482909 0.00633318 0.00807168 0.00978424 0.0112533 0.0122854 0.0127436 0.0125777 0.011836 0.0106499 0.00919893 0.00766831 0.00621155 0.00492923 0.00386559 0.00301928 0.00236102 0.00185092
 1.00445e-16 3.62142e-05 0.000212557 0.00101042 0.00389019 0.0121312 0.0306425 0.0626982 0.103928 0.139568 0.151866 0.133929 0.0958106 0.0557936 0.0268485 0.0114341 0.0055734 0.00459084 0.00562025 0.00740571 0.00944369 0.0114463 0.0131609 0.0143601 0.0148815 0.0146645 0.013764 0.0123332 0.0105835 0.00873412 0.00696936 0.00541247 0.00412108 0.00309872 0.00231458 0.00172316
 1.00393e-16 3.76467e-05 0.00022097 0.00105042 0.00404422 0.0126116 0.0318557 0.0651803 0.108041 0.145088 0.157864 0.139197 0.099533 0.0578679 0.0276718 0.0114845 0.00515575 0.00381384 0.00447932 0.00586293 0.00747633 0.00907178 0.0104468 0.0114217 0.0118672 0.0117337 0.0110616 0.00996791 0.00861571 0.00717492 0.00578878 0.00455402 0.00351712 0.00268316 0.00203096 0.00152809
 1.01511e-16 1.7748e-05 0.00010411 0.000494772 0.0019047 0.00593945 0.0150031 0.0307016 0.0509041 0.0684012 0.0745354 0.0659865 0.0477608 0.0289337 0.0160224 0.0104293 0.0104027 0.0137898 0.019195 0.0258194 0.0330094 0.0400196 0.0460146 0.0502061 0.0520271 0.0512658 0.0481142 0.0431078 0.0369855 0.0305143 0.0243383 0.0188887 0.0143674 0.0107869 0.0080401 0.00596845
 1.06193e-16 1.64766e-05 9.66675e-05 0.000459438 0.00176874 0.00551551 0.0139319 0.0285083 0.0472619 0.0634908 0.0691415 0.061109 0.0440092 0.0262225 0.0137403 0.00779979 0.00672323 0.00850249 0.0119069 0.0163594 0.0215221 0.0270488 0.0325252 0.0375093 0.0416052 0.0445284 0.0461414 0.0464476 0.0455568 0.0436367 0.0408733 0.0374491 0.0335416 0.0293289 0.0249951 0.0207264
 1.03701e-16 3.37279e-05 0.000197965 0.00094106 0.00362317 0.0112985 0.0285391 0.0583941 0.0967923 0.129982 0.141426 0.124701 0.0891621 0.0518286 0.0247681 0.0102586 0.00458809 0.00340509 0.00406185 0.00543469 0.00712593 0.0089573 0.0107868 0.0124777 0.0139136 0.0150164 0.0157543 0.0161356 0.0161932 0.0159656 0.0154846 0.0147712 0.0138407 0.0127125 0.0114192 0.0100093
 1.01923e-16 3.07944e-05 0.00018073 0.000859093 0.00330752 0.0103142 0.0260529 0.0533082 0.0883664 0.11868 0.129164 0.113971 0.0816696 0.0478351 0.0235363 0.0109132 0.00663376 0.00675821 0.00885473 0.0118148 0.0151161 0.0183723 0.0212011 0.0232494 0.0242639 0.0241489 0.0229871 0.0210115 0.0185418 0.0159055 0.0133719 0.0111137 0.00920308 0.00763248 0.00634835 0.00528292
 1.00996e-16 3.52809e-05 0.000207078 0.000984369 0.0037899 0.0118185 0.0298525 0.0610818 0.101249 0.13597 0.147952 0.130478 0.0933449 0.0543639 0.0261725 0.0111685 0.00548049 0.00455772 0.00561329 0.00742989 0.00952327 0.0116183 0.0134715 0.0148603 0.0156196 0.0156782 0.0150716 0.013928 0.0124311 0.0107753 0.00912594 0.00759722 0.00624786 0.00509187 0.00411579 0.00329509
 1.00711e-16 3.44335e-05 0.0002021 0.000960698 0.00369875 0.0115342 0.0291345 0.059613 0.098815 0.132705 0.144408 0.127373 0.0911679 0.0531856 0.0257723 0.0112834 0.00595448 0.00535244 0.00675396 0.00895081 0.0114315 0.0138729 0.0159759 0.0174676 0.0181521 0.0179542 0.016937 0.0152802 0.0132334 0.0110555 0.00896388 0.00710388 0.00554367 0.00428824 0.00330303 0.00253724
 1.01295e-16 2.84373e-05 0.000166887 0.000793271 0.00305408 0.0095238 0.0240565 0.0492239 0.081598 0.109596 0.119293 0.105299 0.0755389 0.044412 0.0221646 0.0108034 0.00728194 0.00798467 0.0106698 0.0142892 0.0183025 0.0222638 0.0257126 0.0282167 0.0294596 0.0293126 0.0278616 0.025376 0.0222359 0.0188399 0.0155257 0.012524 0.00994923 0.0078213 0.00610024 0.00472079
 1.02198e-16 2.84509e-05 0.000166971 0.000793679 0.00305566 0.00952876 0.024069 0.049249 0.0816384 0.109646 0.119338 0.105315 0.0754979 0.0442833 0.021908 0.010363 0.00658661 0.00695602 0.00923885 0.0124188 0.0160111 0.0196442 0.0229376 0.0255267 0.0271315 0.0276154 0.0270085 0.0254869 0.0233172 0.0207882 0.0181517 0.015588 0.0132015 0.0110354 0.0090967 0.00737786
 1.02813e-16 2.71328e-05 0.000159231 0.000756878 0.00291397 0.00908688 0.0229529 0.0469655 0.077854 0.104566 0.113816 0.100459 0.0720543 0.0423391 0.0210866 0.0102095 0.00680149 0.00741782 0.00993144 0.0133627 0.0172247 0.0211258 0.0246589 0.0274348 0.029157 0.0296842 0.0290558 0.0274664 0.0252056 0.0225825 0.0198615 0.0172264 0.0147761 0.012544 0.0105266 0.008709
 1.01011e-16 3.83068e-05 0.000224849 0.00106887 0.00411527 0.0128331 0.0324153 0.0663251 0.109937 0.147631 0.160622 0.141608 0.101209 0.0587473 0.0279145 0.0112796 0.00460477 0.00292491 0.00321305 0.00418039 0.00537357 0.00660109 0.00772494 0.00862311 0.00920294 0.00941883 0.00927971 0.00884174 0.00819003 0.007416 0.00659813 0.00579132 0.00502593 0.00431353 0.00365558 0.00305081
 1.00819e-16 3.13369e-05 0.000183914 0.000874224 0.00336578 0.0104958 0.0265117 0.0542472 0.0899231 0.120772 0.131443 0.115987 0.083126 0.0487116 0.0240107 0.0112044 0.00690419 0.00710079 0.00931491 0.0124079 0.0158313 0.0191699 0.0220108 0.0239744 0.0247909 0.0243638 0.022793 0.020344 0.0173793 0.0142725 0.0113344 0.00876947 0.00666834 0.00502848 0.00378902 0.00286551
 1.01729e-16 2.8369e-05 0.000166488 0.00079138 0.0030468 0.00950113 0.0239992 0.0491064 0.0814026 0.109331 0.119 0.105027 0.0753148 0.0442226 0.0219644 0.0105329 0.00688205 0.00740269 0.0098654 0.0132438 0.0170313 0.0208253 0.0242111 0.026794 0.028276 0.02852 0.0275756 0.0256541 0.0230672 0.0201492 0.0171894 0.0143929 0.0118735 0.00967049 0.00777667 0.00616443
 1.02475e-16 2.85017e-05 0.00016727 0.000795102 0.00306115 0.00954586 0.0241122 0.0493373 0.0817846 0.109842 0.11955 0.105499 0.0756222 0.0443417 0.0219097 0.0103186 0.0064985 0.00681856 0.00904264 0.0121556 0.0156781 0.0192472 0.0224927 0.0250602 0.0266779 0.0272128 0.0266938 0.0252903 0.0232588 0.0208753 0.0183786 0.0159379 0.0136486 0.0115487 0.00964318 0.00792608
 1.05246e-16 1.41227e-05 8.28322e-05 0.000393629 0.00151529 0.00472512 0.0119357 0.0244251 0.040499 0.0544243 0.0593177 0.0525441 0.0380967 0.0232109 0.0130944 0.00889247 0.00924715 0.0124824 0.0175202 0.0237452 0.0306397 0.0375904 0.0438901 0.0488498 0.0519433 0.0529201 0.0518491 0.0490748 0.0451098 0.0405001 0.035712 0.0310683 0.0267416 0.0227886 0.0192017 0.0159545
pSPR Fmed_Fpbrs
0.527772   0.348474 0.348474
Fs Fmed_Fpbrs
0.476787   1.005 1.005
SSBpbr Bo_Bmed_Bpbrs
988769  472406  295122 295122
Ro
22925.4
SPR SPRFo_SPRFmed_SPRFpbrs
471658 248928 164361
log_Ro
9.86
likeval ReclasPelacesDesembMPH_pf_preclas_ppelaces_ptallas_desvR_qrecl_qpela
 93.7836 79.9452 0.0904139 0.000593748 334.639 168.101 83.9123 0 34.956 7.82589e-06 0 0 0 0 0
q_reclas_q_pelaces
0.672728 1
M
0.7
N
 7506.4 54462.3 26349.6 3469.05 0.15115
 10959.6 3663.45 24104.6 11662.1 1535.44
 1710.35 5272.34 1473.77 9697.01 5309.23
 8481.26 751.863 1166.23 325.993 3319.34
 56807.4 3962.06 248.947 386.146 1206.99
 17235.5 27764.8 1770.58 111.25 711.947
 52859.6 7717.59 6940.09 442.574 205.766
 76346 23847.2 2027.47 1823.22 170.324
 94750.8 32339.2 4124.12 350.631 344.763
 217353 40944.5 6384.74 814.226 137.292
 54576.8 100459 12629.8 1969.44 293.506
 25195.3 25046.4 29560.6 3716.39 665.886
 52119.7 11610.1 7573.03 8937.95 1325.03
 22587.3 22499.1 2276.46 1484.89 2012.33
 14942.1 8867.08 2349.37 237.709 365.182
 15146.6 5732.05 794.523 210.512 54.0213
 10464.1 6732.83 1364.95 189.197 62.9925
 9731.9 4769.92 1894.47 384.068 70.9605
 8080.73 4517.82 1514.86 601.657 144.511
 28772.9 3746.43 1422.48 476.969 234.938
 33424.4 13152.9 1074.14 407.84 204.111
 35892.5 16166.5 5484.06 447.86 255.152
 40857 17276.6 6528.17 2214.52 283.883
 10758.4 19470.9 6529.47 2467.23 944.236
pred_Ctot
 92.9486 4287.02 2074.11 273.067 0.0118978
 246.708 506.395 3331.95 1612.04 212.243
 142.156 2200.98 615.235 4048.09 2216.38
 362.764 184.417 286.053 79.9597 814.169
 644.873 286.93 18.0286 27.9644 87.4097
 1225.73 10310.6 657.515 41.3134 264.386
 3498.14 2710.35 2437.3 155.428 72.2634
 8145.41 11855.5 1007.95 906.402 84.6756
 8915.97 14755.9 1881.78 159.988 157.311
 10870.9 11463 1787.5 227.954 38.4368
 2990.64 30328.9 3812.98 594.581 88.6105
 1311.28 7247.65 8553.93 1075.41 192.687
 4938.81 5323.47 3472.4 4098.25 607.553
 3448.86 13906.8 1407.09 917.818 1243.83
 2481.14 5730.12 1518.22 153.613 235.989
 1149.62 2236.73 310.035 82.1451 21.0799
 620.613 2167.46 439.413 60.9072 20.2789
 457.815 1268.55 503.828 102.142 18.8717
 387.252 1220.4 409.209 162.525 39.0366
 1652.11 1174.95 446.116 149.586 73.6809
 626.008 1532.32 125.138 47.5136 23.779
 793.68 2198.14 745.665 60.8953 34.6928
 1187.52 3015.63 1139.49 386.544 49.5518
 429.937 4504.34 1510.5 570.761 218.436
F
 0.0173504 0.115107 0.115107 0.115107 0.115107
 0.0317422 0.210585 0.210585 0.210585 0.210585
 0.121898 0.808701 0.808701 0.808701 0.808701
 0.0610944 0.405315 0.405315 0.405315 0.405315
 0.0158961 0.105458 0.105458 0.105458 0.105458
 0.103472 0.686455 0.686455 0.686455 0.686455
 0.0959736 0.636711 0.636711 0.636711 0.636711
 0.158995 1.05481 1.05481 1.05481 1.05481
 0.139032 0.92237 0.92237 0.92237 0.92237
 0.071773 0.476159 0.476159 0.476159 0.476159
 0.0788796 0.523305 0.523305 0.523305 0.523305
 0.0747844 0.496137 0.496137 0.496137 0.496137
 0.140069 0.929252 0.929252 0.929252 0.929252
 0.235042 1.55933 1.55933 1.55933 1.55933
 0.258109 1.71236 1.71236 1.71236 1.71236
 0.110782 0.734952 0.734952 0.734952 0.734952
 0.0856252 0.568058 0.568058 0.568058 0.568058
 0.0673786 0.447006 0.447006 0.447006 0.447006
 0.0686783 0.455628 0.455628 0.455628 0.455628
 0.0827953 0.549283 0.549283 0.549283 0.549283
 0.0263473 0.174794 0.174794 0.174794 0.174794
 0.0311733 0.206811 0.206811 0.206811 0.206811
 0.0411547 0.27303 0.27303 0.27303 0.27303
 0.0569785 0.378009 0.378009 0.378009 0.378009
nmprior
 10 10 8 0
nm_flota  nm_reclas  nm_pelaces    nm_pelaL
inf 23.5924 17.6463 31.3316
cv_recla  cv_pelaces  cv_mph
0.896582 1.05211 0.790568
 ------------------------------------------------
Talla a la edad & desviación 
 7.2 14.2025 17.0495 18.207 18.6776
 1.08 2.13037 2.55742 2.73105 2.80164
