years
 1997 1998 1999 2000 2001 2002 2003 2004 2005 2006 2007 2008 2009 2010 2011 2012 2013 2014 2015 2016 2017 2018 2019 2020
reclasobs
 0 0 0 370054 412103 1.49427e+06 250295 1.28982e+06 931140 785840 897777 1.04006e+06 184774 17550 25797 100020 73551 82996 120727 218422 84188 347160 605670 569463
reclaspred
 932842 145270 192250 116481 261128 267390 572061 468091 649642 983153 826419 544825 347204 150456 92922.2 87662.7 100784 119915 106915 182981 300097 269099 411109 326224
pelacesobs
 0 0 0 0 0 0 0 0 0 2.06254e+06 1.5e+06 0 1.87456e+06 323000 250000 174000 83755 137374 0 501740 490994 745055 786931 1.00524e+06
pelacespred
 842841 255306 102569 125106 253756 203628 573127 482667 665729 1.00408e+06 771404 529489 341772 119031 72094 73469.3 88464.3 107689 97599.1 162374 302418 264696 320594 305791
mphobs
 0 0 0 0 0 112323 0 153150 637223 0 255016 313432 73983 77613 109348 50772 0 0 0 0 0 0 0 0
mphpred
 401513 168890 93053 45966.9 62959.5 139227 165575 200104 213998 297593 453995 328273 193127 105200 44760.1 34567.2 39579.4 49154 52744.4 53452.6 102733 132453 157123 181525
desembarqueobs
 350755 77701 442110 56441 14545 235359 269955 359681 431902 328805 639364 411747 362871 311530 167758 66681 60226 58785 57116 71774 51957 67425 138520 160799
desembarquepred
 350739 77674.1 441587 56423.6 14544.4 235296 269911 359322 431611 328625 638841 411510 362497 311220 167490 66646.7 60217.1 58757 57084.1 71730.4 51947.6 67395.9 138465 160747
Reclutas
 15085.5 27855 4651.09 24730.2 57163.6 23976.1 55360.4 77603.4 110144 200653 61348.2 31376.4 48736.9 21784.4 14806.5 16078.1 11321.5 10748.6 9959.66 30153.7 34722.4 39339.4 49291 18722.2
log_desv_Rt
 -0.65851 -0.0452334 -1.83514 -0.16422 0.673673 -0.195189 0.64162 0.979367 1.32955 1.92933 0.744321 0.0738124 0.514191 -0.291049 -0.67718 -0.594784 -0.945537 -0.997468 -1.0737 0.0340619 0.175141 0.299983 0.525497 -0.442533
SSB
 1.144e+06 481206 265130 130970 179386 396689 471762 570143 609730 847910 1.29354e+06 935325 550264 299739 127532 98490 112771 140051 150281 152299 292710 377390 447680 517208
BT
 1.7371e+06 616419 420497 285719 466226 547707 1.2174e+06 1.25611e+06 1.58355e+06 2.10378e+06 1.93674e+06 1.31824e+06 969541 511305 269394 186395 207180 240173 224462 349321 582649 537482 670132 685704
Ftot
 0.227043 0.392883 1.25105 0.562428 0.0742489 0.56755 0.469353 0.868006 0.785554 0.415194 0.520543 0.476575 0.831213 1.42939 1.58062 0.68859 0.51799 0.396514 0.389883 0.447746 0.157194 0.190916 0.245561 0.311055
BD_Bspro_t
 0.96573 0.772156 0.5554 0.245946 0.448416 0.691472 0.569538 0.573225 0.550835 0.582226 0.648301 0.494406 0.371057 0.275854 0.158369 0.154806 0.22969 0.346059 0.418182 0.480962 0.662428 0.764007 0.762257 0.727835
BD_Bspro
 1.90796 0.802553 0.442181 0.218431 0.299179 0.661596 0.786802 0.950882 1.0169 1.41414 2.15735 1.55993 0.917726 0.499903 0.212697 0.164261 0.188079 0.233577 0.250638 0.254003 0.488179 0.629409 0.746639 0.862597
BD_Bo
 1.25809 0.529195 0.29157 0.144031 0.197276 0.43625 0.51881 0.627002 0.670537 0.932469 1.42254 1.0286 0.60514 0.329631 0.14025 0.108312 0.124017 0.154018 0.165268 0.167487 0.3219 0.415026 0.492326 0.568788
BD_Brms
 4.21417 1.77262 0.976658 0.482455 0.660806 1.46128 1.73783 2.10024 2.24607 3.12345 4.765 3.44546 2.02701 1.10415 0.46979 0.362808 0.415414 0.515907 0.553591 0.561024 1.07826 1.39019 1.64912 1.90524
S_f
 0.150529 1 1 1 1
 0.150529 1 1 1 1
 0.150529 1 1 1 1
 0.150529 1 1 1 1
 0.150529 1 1 1 1
 0.150529 1 1 1 1
 0.150529 1 1 1 1
 0.150529 1 1 1 1
 0.150529 1 1 1 1
 0.150529 1 1 1 1
 0.150529 1 1 1 1
 0.150529 1 1 1 1
 0.150529 1 1 1 1
 0.150529 1 1 1 1
 0.150529 1 1 1 1
 0.150529 1 1 1 1
 0.150529 1 1 1 1
 0.150529 1 1 1 1
 0.150529 1 1 1 1
 0.150529 1 1 1 1
 0.150529 1 1 1 1
 0.150529 1 1 1 1
 0.150529 1 1 1 1
 0.150529 1 1 1 1
Scru_reclas
 1 1 1 1 1
 1 1 1 1 1
 1 1 1 1 1
 1 1 1 1 1
 1 1 1 1 1
 1 1 1 1 1
 1 1 1 1 1
 1 1 1 1 1
 1 1 1 1 1
 1 1 1 1 1
 1 1 1 1 1
 1 1 1 1 1
 1 1 1 1 1
 1 1 1 1 1
 1 1 1 1 1
 1 1 1 1 1
 1 1 1 1 1
 1 1 1 1 1
 1 1 1 1 1
 1 1 1 1 1
 1 1 1 1 1
 1 1 1 1 1
 1 1 1 1 1
 1 1 1 1 1
Scru_pelaces
 1 1 1 1 1
 1 1 1 1 1
 1 1 1 1 1
 1 1 1 1 1
 1 1 1 1 1
 1 1 1 1 1
 1 1 1 1 1
 1 1 1 1 1
 1 1 1 1 1
 1 1 1 1 1
 1 1 1 1 1
 1 1 1 1 1
 1 1 1 1 1
 1 1 1 1 1
 1 1 1 1 1
 1 1 1 1 1
 1 1 1 1 1
 1 1 1 1 1
 1 1 1 1 1
 1 1 1 1 1
 1 1 1 1 1
 1 1 1 1 1
 1 1 1 1 1
 1 1 1 1 1
pf_obs 
 0.256992 0.487395 0.22802 0.0275931 0
 0.321318 0.546541 0.124235 0.00734118 0.000564706
 0.182869 0.594174 0.210203 0.0122559 0.00049798
 0.330522 0.361315 0.267642 0.0388342 0.00168674
 0.649043 0.306663 0.0425973 0.00169635 0
 0.582887 0.30429 0.105238 0.00758474 0
 0.465427 0.430635 0.0974691 0.00646863 0
 0.296916 0.608066 0.0921331 0.00288517 0
 0.311714 0.524322 0.152257 0.0117073 0
 0.15457 0.633149 0.183074 0.0267441 0.00246327
 0.131901 0.49318 0.331252 0.0422183 0.00144891
 0.196976 0.569456 0.194076 0.0375587 0.00193317
 0.518974 0.381816 0.0799577 0.0180837 0.00116848
 0.0928022 0.601141 0.25162 0.0475244 0.00691264
 0.122501 0.610282 0.24278 0.0234846 0.000952079
 0.383417 0.481906 0.127806 0.00687128 0
 0.0376549 0.599619 0.316969 0.0457579 0
 0.0361596 0.667082 0.258105 0.0386534 0
 0.158088 0.579412 0.248529 0.0139706 0
 0.0477256 0.309471 0.559284 0.082774 0.000745712
 0.0406174 0.521527 0.379366 0.0568643 0.0016247
 0.151134 0.462217 0.34131 0.0453401 0
 0.294876 0.26143 0.354403 0.0886775 0.000613685
 0.281977 0.475581 0.204845 0.0348837 0.00271318
pf_pred 
 0.0527706 0.621571 0.287018 0.0386362 4.09858e-06
 0.163186 0.24458 0.388624 0.179452 0.024159
 0.0471105 0.582129 0.108364 0.172184 0.0902122
 0.478668 0.201643 0.195301 0.0363555 0.0880325
 0.410886 0.524103 0.0251455 0.0243546 0.0155116
 0.115072 0.732364 0.135728 0.00651197 0.0103242
 0.324855 0.360358 0.260517 0.048281 0.00598896
 0.329567 0.537077 0.071179 0.051458 0.0107196
 0.349419 0.543457 0.0858161 0.0113732 0.00993496
 0.377739 0.523533 0.0824716 0.0130229 0.0032336
 0.0898505 0.757003 0.128848 0.0202973 0.00400094
 0.0835947 0.420584 0.412392 0.0701925 0.0132369
 0.225986 0.335812 0.201113 0.197195 0.0398939
 0.153713 0.632256 0.0928593 0.0556121 0.0655603
 0.232562 0.552258 0.160759 0.0236107 0.0308097
 0.304304 0.573152 0.0881837 0.0256698 0.00868976
 0.186212 0.654288 0.131405 0.0202176 0.00787752
 0.192097 0.535292 0.21918 0.0440195 0.00941162
 0.184024 0.536332 0.185283 0.075866 0.0184944
 0.424065 0.371199 0.134571 0.0464893 0.0236759
 0.253701 0.641119 0.0677901 0.0245759 0.0128139
 0.211009 0.559324 0.197299 0.0208618 0.0115064
 0.220308 0.515184 0.187512 0.066144 0.0108514
 0.0832482 0.622334 0.194538 0.0708061 0.0290741
pobs_RECLAS
 0 0 0 0 0
 0 0 0 0 0
 0 0 0 0 0
 0 0 0 0 0
 0.835266 0.146461 0.0176864 0.000547809 3.91292e-05
 0.385257 0.428462 0.181853 0.0044286 0
 0.867414 0.0963971 0.0333333 0.00285562 0
 0.441836 0.489002 0.0689373 0.000224442 0
 0.779404 0.147425 0.0564933 0.0165055 0.000172143
 0.814271 0.122319 0.05973 0.00367925 0
 0.40263 0.566651 0.0304383 0.000280538 0
 0.475488 0.404961 0.113038 0.00651328 0
 0.955842 0.0263864 0.0167828 0.000988607 0
 0.975058 0.0227948 0.00214734 0 0
 0.738997 0.206755 0.0527124 0.00153531 0
 0.850938 0.134255 0.0134407 0.00136685 0
 0.542534 0.407297 0.0501686 0 0
 0.764087 0.199537 0.0359546 0.000420521 0
 0.470689 0.182191 0.310203 0.0369168 0
 0.84361 0.089868 0.0606195 0.00523954 0.000663233
 0.607945 0.314616 0.071237 0.00620181 0
 0.523733 0.453247 0.0230204 0 0
 0.530135 0.295979 0.169645 0.0042399 0
 0.562478 0.366248 0.0663022 0.0049721 0
ppred_RECLAS
 0.272734 0.477231 0.220367 0.0296642 3.14682e-06
 0.570591 0.125505 0.199421 0.0920851 0.0123971
 0.270475 0.445673 0.0829627 0.131823 0.0690657
 0.86392 0.0526336 0.0509781 0.00948964 0.0229786
 0.823051 0.157421 0.0075528 0.00731524 0.00465911
 0.473561 0.43568 0.0807437 0.00387394 0.00614181
 0.767414 0.124143 0.0897476 0.0166327 0.00206319
 0.778214 0.17767 0.0235467 0.0170228 0.00354614
 0.791597 0.174088 0.0274898 0.00364323 0.0031825
 0.805593 0.163562 0.0257658 0.00406862 0.00101024
 0.404762 0.49508 0.0842669 0.0132745 0.00261662
 0.38496 0.282273 0.276774 0.0471093 0.00888389
 0.674832 0.141076 0.0844886 0.0828428 0.0167596
 0.58308 0.311478 0.0457468 0.0273971 0.032298
 0.705024 0.212268 0.0617901 0.00907511 0.0118421
 0.753809 0.202825 0.0312062 0.00908395 0.00307511
 0.611769 0.312138 0.0626889 0.00964515 0.0037581
 0.618415 0.252827 0.103522 0.0207911 0.00444525
 0.605735 0.259146 0.0895255 0.0366571 0.00893614
 0.834432 0.106711 0.038686 0.0133646 0.00680627
 0.694943 0.262063 0.0277098 0.0100456 0.0052378
 0.642347 0.253544 0.0894363 0.00945674 0.00521589
 0.655697 0.2275 0.0828032 0.0292084 0.00479184
 0.380763 0.420367 0.131404 0.0478273 0.0196386
pobs_PELACES
 0 0 0 0 0
 0 0 0 0 0
 0 0 0 0 0
 0 0 0 0 0
 0 0 0 0 0
 0 0 0 0 0
 0 0 0 0 0
 0 0 0 0 0
 0 0 0 0 0
 0 0 0 0 0
 0.450072 0.473896 0.0757376 0.000293798 0
 0 0 0 0 0
 0.463077 0.371075 0.160297 0.00555027 0
 0.529543 0.364841 0.0842815 0.0213345 0
 0.631943 0.363953 0.00410389 0 0
 0.735681 0.248677 0.0153453 0.000297389 0
 0.695825 0.281241 0.0229344 0 0
 0.275771 0.60734 0.115278 0.00161068 0
 0 0 0 0 0
 0.896147 0.0623911 0.0374545 0.00400742 0
 0.803859 0.145111 0.0509908 3.86294e-05 0
 0.739449 0.233085 0.0266225 0.000797448 4.60066e-05
 0.878498 0.100942 0.0204185 0.000141795 0
 0.694673 0.275183 0.0284847 0.00165964 0
ppred_PELACES
 0.285539 0.468828 0.216487 0.0291419 3.09141e-06
 0.597341 0.117687 0.186998 0.0863487 0.0116248
 0.344905 0.400204 0.0744984 0.118374 0.0620193
 0.881415 0.0458667 0.0444241 0.00826961 0.0200243
 0.826062 0.154743 0.00742428 0.00719077 0.00457983
 0.513308 0.402785 0.0746474 0.00358145 0.0056781
 0.790068 0.112051 0.081006 0.0150127 0.00186223
 0.817367 0.146305 0.0193899 0.0140177 0.00292012
 0.825604 0.14568 0.023004 0.00304873 0.00266318
 0.823176 0.148769 0.0234355 0.00370064 0.000918873
 0.44035 0.46548 0.0792287 0.0124808 0.00246017
 0.417036 0.267551 0.262339 0.0446524 0.00842057
 0.723749 0.119854 0.0717786 0.0703804 0.0142384
 0.676148 0.241948 0.0355349 0.0212813 0.0250882
 0.788253 0.152376 0.0443557 0.00651452 0.00850081
 0.787858 0.174774 0.0268903 0.00782762 0.00264981
 0.645648 0.2849 0.0572185 0.00880349 0.00343015
 0.644277 0.235691 0.0965059 0.0193819 0.00414397
 0.631513 0.242202 0.0836721 0.0342603 0.00835187
 0.851053 0.0959987 0.0348024 0.012023 0.00612301
 0.704204 0.254108 0.0268686 0.00974069 0.00507879
 0.654547 0.244895 0.0863857 0.00913417 0.00503798
 0.671067 0.217344 0.0791068 0.0279046 0.00457793
 0.401525 0.406272 0.126998 0.0462237 0.0189802
pobs_pel_tallas
 0 0 0 0 0 0 0 0 0 0 0 0 0 0 0 0 0 0 0 0 0 0 0 0 0 0 0 0 0 0 0 0 0 0 0 0
 0 0 0 0 0 0 0 0 0 0 0 0 0 0 0 0 0 0 0 0 0 0 0 0 0 0 0 0 0 0 0 0 0 0 0 0
 0 0 0 0 0 0 0 0 0 0 0 0 0 0 0 0 0 0 0 0 0 0 0 0 0 0 0 0 0 0 0 0 0 0 0 0
 0 0 0 0 0 0 0 0 0 0 0 0 0 0 0 0 0 0 0 0 0 0 0 0 0 0 0 0 0 0 0 0 0 0 0 0
 0 0 0 0 0 0 0 0 0 0 0 0 0 0 0 0 0 0 0 0 0 0 0 0 0 0 0 0 0 0 0 0 0 0 0 0
 0 0 0 0 0 0 0 0 0 0 0 0 0 0 0 0 0 0 0 0 0 0 0 0 0 0 0 0 0 0 0 0 0 0 0 0
 0 0 0 0 0 0 0 0 0 0 0 0 0 0 0 0 0 0 0 0 0 0 0 0 0 0 0 0 0 0 0 0 0 0 0 0
 0 0 0 0 0 0 0 0 0 0 0 0 0 0 0 0 0 0 0 0 0 0 0 0 0 0 0 0 0 0 0 0 0 0 0 0
 0 0 0 0 0 0 0 0 0 0 0 0 0 0 0 0 0 0 0 0 0 0 0 0 0 0 0 0 0 0 0 0 0 0 0 0
 0 0 0 0 0 0 0 0 0 0 0 0 0 0 0 0 0 0 0 0 0 0 0 0 0 0 0 0 0 0 0 0 0 0 0 0
 0 0 0 0 0 0 0 0 1.78061e-05 0.00172719 0.00360574 0.0105946 0.0120993 0.0124554 0.0147524 0.0171206 0.0266825 0.0428682 0.0675386 0.121331 0.153587 0.119568 0.100827 0.0573624 0.0630603 0.0341343 0.0324427 0.0444173 0.0211091 0.0280891 0.0125444 0.00206551 0 0 0 0
 0 0 0 0 0 0 0 0 0 0 0 0 0 0 0 0 0 0 0 0 0 0 0 0 0 0 0 0 0 0 0 0 0 0 0 0
 0 0 0 0 0 0 0.0133647 0.0140871 0.0187388 0.0205184 0.03894 0.0496705 0.03968 0.0493445 0.0407372 0.0367815 0.0215668 0.0243155 0.0234873 0.0199281 0.019796 0.0243948 0.0301388 0.0376714 0.0412746 0.0863199 0.0771752 0.113111 0.0741005 0.0525337 0.0229764 0.00759418 0.00175318 0 0 0
 0 0 0 0 0 0 0 0 0 0 0.00219441 0.00772107 0.0458388 0.0604681 0.0671733 0.0775358 0.0609151 0.0617685 0.073594 0.0568108 0.0755445 0.0548602 0.0670107 0.0636378 0.0643287 0.046367 0.0373049 0.0286899 0.0247887 0.0153202 0.00654259 0.00121912 0.000365735 0 0 0
 0 0 0 0 0 0 0 0 0 0 0 0 0.000112435 0.00938835 0.0111873 0.0202946 0.0414886 0.0713402 0.111592 0.104902 0.108894 0.110636 0.117776 0.105296 0.107544 0.0401394 0.0192827 0.0124803 0.00416011 0.0028671 0.000618394 0 0 0 0 0
 0 0 0 0 0 0 0 0 0 0 0.00291406 0.0102884 0.027416 0.0768956 0.0749926 0.110853 0.0956884 0.0897413 0.0766577 0.0534642 0.0500743 0.0551293 0.0594112 0.0620874 0.0668451 0.0424026 0.0208742 0.0120726 0.0048766 0.00582813 0.00118941 0.000297354 0 0 0 0
 0 0.00264628 0.0354308 0.0461629 0.0458689 0.0383711 0.0214643 0.0164657 0.0346957 0.0420465 0.0363128 0.0245516 0.0311673 0.0291091 0.0169068 0.0133784 0.00837989 0.0085269 0.0148486 0.0160247 0.0276389 0.0546898 0.0760071 0.122758 0.109233 0.0665981 0.0333725 0.0166128 0.00676272 0.00308733 0.000882094 0 0 0 0 0
 0 0 0 0 0 0 0 0.000805153 0.000690131 0.00759144 0.0133425 0.0154129 0.00931677 0.000345066 0.00356568 0.00563607 0.00851162 0.0253048 0.0502646 0.0516448 0.0657925 0.0565908 0.0611916 0.0827007 0.0866115 0.110766 0.145733 0.0935128 0.0569358 0.0249597 0.0138026 0.00621118 0.00161031 0.00115022 0 0
 0 0 0 0 0 0 0 0 0 0 0 0 0 0 0 0 0 0 0 0 0 0 0 0 0 0 0 0 0 0 0 0 0 0 0 0
 0.00147267 0.00158595 0.00478618 0.00569244 0.00954404 0.0108468 0.00647125 0.017049 0.0510054 0.094081 0.124002 0.0959785 0.0687766 0.0820023 0.061753 0.0591476 0.0492212 0.0479892 0.0443925 0.0268479 0.0217502 0.0140895 0.0121071 0.0120363 0.00920419 0.00665534 0.0049561 0.00860946 0.00930331 0.0156896 0.0114698 0.00855282 0.00243557 0.00046729 0 2.83206e-05
 0 0 0 0 0.000772559 0.00158375 0.000888443 0.00281984 0.00712685 0.0440552 0.0773331 0.111326 0.0921469 0.0852325 0.0710754 0.0886704 0.0786465 0.0553345 0.0373146 0.0185414 0.00753245 0.00457741 0.012979 0.0271748 0.0457355 0.0583668 0.034881 0.0177882 0.00938659 0.00492506 0.0015258 0.00185414 0.000309023 5.79419e-05 3.86279e-05 0
 0 0.00173294 0.00326652 0 0.00397197 0.00683976 0.00946217 0.0152591 0.00757587 0.0136028 0.0228656 0.0392903 0.0559909 0.0764795 0.0681675 0.0726916 0.0566044 0.0477403 0.0527397 0.0444891 0.0609904 0.0582453 0.0661739 0.0445044 0.0529084 0.0360697 0.0280645 0.0235558 0.0158879 0.00826598 0.00280645 0.00217768 0.000904811 0.00058276 9.20147e-05 0
 0 0 0 0 0 0 0 0 0 0 0 0 0 0 0 0 0 0 0 0 0 0 0 0 0 0 0 0 0 0 0 0 0 0 0 0
 0 0 0 0 0 0 0 0 0 0 0 0 0 0 0 0 0 0 0 0 0 0 0 0 0 0 0 0 0 0 0 0 0 0 0 0
ppred_pel_tallas
 1.04228e-16 1.2483e-05 7.32033e-05 0.000347846 0.00133901 0.00417538 0.0105471 0.0215842 0.0357909 0.0481046 0.0524488 0.046505 0.0338169 0.0208007 0.0120893 0.00873276 0.00957055 0.0131534 0.0185405 0.0251686 0.0325215 0.0399608 0.046739 0.052119 0.0555265 0.0566702 0.0555918 0.0526257 0.0482927 0.0431646 0.0377476 0.0324145 0.0273931 0.0227937 0.0186549 0.0149831
 1.06204e-16 2.60646e-05 0.000152972 0.000727148 0.00279954 0.00873009 0.0220515 0.0451202 0.0747919 0.100444 0.109304 0.0964158 0.0690228 0.0402947 0.0195849 0.00869113 0.00478941 0.00456213 0.00600045 0.00825586 0.011015 0.0141033 0.0173441 0.020541 0.0234989 0.026049 0.0280638 0.0294594 0.0301882 0.0302298 0.0295867 0.0282864 0.0263889 0.0239916 0.0212289 0.0182609
 1.08154e-16 1.50682e-05 8.83885e-05 0.000420056 0.00161707 0.00504251 0.0127373 0.0260649 0.0432155 0.0580675 0.0632688 0.0559976 0.0404997 0.0244736 0.0134455 0.00860071 0.00845244 0.011185 0.0156441 0.0212048 0.0273896 0.0336595 0.0394012 0.044023 0.0470798 0.0483692 0.047965 0.0461718 0.043424 0.0401646 0.0367464 0.0333826 0.0301518 0.0270402 0.023999 0.0209918
 1.01866e-16 3.84484e-05 0.000225683 0.00107284 0.00413057 0.0128809 0.0325359 0.0665715 0.110345 0.148176 0.161207 0.142107 0.10153 0.0588607 0.0278323 0.0110114 0.00413421 0.00221222 0.00221282 0.00286269 0.00374321 0.00471182 0.00568484 0.00658806 0.00735759 0.00794862 0.00834011 0.0085326 0.00854113 0.00838648 0.00808854 0.00766399 0.0071279 0.00649725 0.00579406 0.00504633
 1.00618e-16 3.60391e-05 0.000211528 0.00100553 0.00387136 0.0120725 0.0304941 0.0623947 0.103425 0.138893 0.151133 0.133287 0.0953592 0.0555473 0.0267606 0.0114487 0.00565615 0.00473096 0.00581946 0.00766724 0.00976527 0.0118166 0.0135591 0.0147578 0.0152475 0.0149714 0.0139937 0.0124815 0.0106606 0.00876259 0.00697834 0.00543146 0.00417396 0.00319973 0.00246692 0.00192014
 1.0158e-16 2.24117e-05 0.000131501 0.000625014 0.0024062 0.0075034 0.0189533 0.0387832 0.0642961 0.0863739 0.0940604 0.0831307 0.0598627 0.0356525 0.018641 0.0104906 0.00888157 0.011022 0.0151497 0.0203649 0.0260767 0.0316875 0.0365436 0.0400272 0.0416876 0.0413459 0.0391331 0.0354456 0.0308385 0.0258932 0.0211014 0.0167975 0.0131456 0.01017 0.00780569 0.00594969
 1.0179e-16 3.4468e-05 0.000202308 0.0009617 0.00370263 0.0115463 0.029165 0.059675 0.098916 0.132836 0.144536 0.127453 0.0911537 0.0530336 0.0254323 0.010685 0.00500486 0.00394709 0.00480058 0.00640082 0.00831301 0.0103158 0.0122194 0.0138423 0.015036 0.0157113 0.0158516 0.0155053 0.0147649 0.0137389 0.0125287 0.0112157 0.00985933 0.00850293 0.0071815 0.00592701
 1.00942e-16 3.56596e-05 0.000209301 0.00099494 0.0038306 0.0119454 0.0301731 0.0617378 0.102336 0.13743 0.14954 0.131879 0.094346 0.0549451 0.0264485 0.0112787 0.00552114 0.00457387 0.00561697 0.00741626 0.00947841 0.0115221 0.0133001 0.014589 0.0152276 0.0151533 0.0144148 0.0131553 0.0115736 0.00987505 0.00823074 0.00675335 0.00549397 0.00445435 0.00360678 0.0029131
 1.00604e-16 3.60188e-05 0.00021141 0.00100496 0.0038692 0.0120658 0.0304771 0.0623598 0.103367 0.138814 0.151046 0.133206 0.0952921 0.0554901 0.0266994 0.0113659 0.00553414 0.00455449 0.00557762 0.00735653 0.00939321 0.0114045 0.013142 0.0143813 0.0149608 0.0148178 0.0140021 0.0126593 0.0109921 0.00921159 0.00749533 0.00596279 0.00467091 0.00362536 0.00279962 0.00215377
 1.00552e-16 3.5913e-05 0.000210789 0.00100201 0.00385782 0.0120303 0.0303875 0.0621765 0.103063 0.138407 0.150603 0.132817 0.0950186 0.0553395 0.0266434 0.0113701 0.00557756 0.0046307 0.0056885 0.00750599 0.00958322 0.0116328 0.0134012 0.0146591 0.0152414 0.0150841 0.0142381 0.0128528 0.0111358 0.00930354 0.00753836 0.00596329 0.00463732 0.00356684 0.00272504 0.00207102
 1.01821e-16 1.9233e-05 0.000112833 0.000536252 0.00206442 0.00643756 0.0162612 0.0332754 0.0551687 0.0741233 0.0807485 0.0714344 0.0515897 0.0310255 0.0167713 0.0103072 0.0096964 0.0125806 0.017451 0.0234867 0.0300721 0.0365324 0.0421158 0.0461097 0.0479959 0.0475704 0.0449881 0.0407103 0.0353811 0.0296734 0.024155 0.0192102 0.0150255 0.0116246 0.00892899 0.0068162
 1.05739e-16 1.82088e-05 0.000106837 0.000507786 0.00195489 0.00609602 0.0153982 0.0315084 0.0522347 0.070168 0.0764047 0.0675089 0.0485754 0.0288565 0.0149596 0.00823295 0.00680015 0.00841946 0.0117128 0.0160335 0.0210135 0.0262917 0.0314476 0.036043 0.0396974 0.0421547 0.0433158 0.0432286 0.0420454 0.0399682 0.0372013 0.0339275 0.0303055 0.02648 0.0225936 0.0187892
 1.04142e-16 3.15764e-05 0.000185331 0.00088099 0.00339187 0.0105772 0.0267172 0.0546667 0.0906149 0.12169 0.132413 0.116776 0.0835433 0.0486592 0.0234355 0.0100226 0.00496405 0.00420065 0.00525861 0.00707586 0.009252 0.0115751 0.0138568 0.0159135 0.0175921 0.0187958 0.0194953 0.0197195 0.0195334 0.0190106 0.0182129 0.0171824 0.015947 0.0145312 0.0129688 0.0113091
 1.02487e-16 2.95057e-05 0.000173163 0.000823116 0.003169 0.00988221 0.0249618 0.0510758 0.0846664 0.113712 0.123762 0.109216 0.0782866 0.045903 0.022678 0.0106715 0.00670132 0.00700115 0.0092454 0.0123693 0.0158611 0.0193308 0.0223866 0.0246633 0.0258949 0.025975 0.0249773 0.0231283 0.0207427 0.0181446 0.0156007 0.0132829 0.0112649 0.00954408 0.00807483 0.00680031
 1.01301e-16 3.43904e-05 0.000201849 0.000959511 0.00369419 0.01152 0.0290986 0.0595393 0.0986921 0.132538 0.14422 0.127196 0.0910132 0.05304 0.0255992 0.0110345 0.00557897 0.00480222 0.00599005 0.00795304 0.0102102 0.0124783 0.0145015 0.0160434 0.0169276 0.0170754 0.0165201 0.0153916 0.0138786 0.0121811 0.0104694 0.00886127 0.00741785 0.00615539 0.00506314 0.00412023
 1.00832e-16 3.43741e-05 0.000201751 0.00095904 0.00369237 0.0115143 0.0290842 0.0595102 0.0986444 0.132476 0.144157 0.127151 0.0910061 0.0530852 0.0257128 0.011239 0.00590535 0.00528627 0.00666403 0.00883475 0.0112915 0.0137163 0.0158159 0.0173221 0.0180411 0.0178975 0.0169501 0.0153722 0.0134047 0.0112984 0.0092639 0.00744214 0.00589973 0.0046427 0.00363949 0.00284345
 1.01368e-16 2.81776e-05 0.000165362 0.000786019 0.00302615 0.00943672 0.0238366 0.0487739 0.0808522 0.108595 0.118205 0.104343 0.0748609 0.04403 0.022005 0.010777 0.00733044 0.00808511 0.0108201 0.0144943 0.0185666 0.0225869 0.0260885 0.0286334 0.0299011 0.0297611 0.0283004 0.025792 0.0226208 0.0191901 0.0158415 0.0128078 0.0102043 0.00805004 0.00630432 0.00490098
 1.02307e-16 2.81159e-05 0.000165004 0.000784328 0.00301966 0.00941648 0.0237854 0.0486688 0.0806767 0.108355 0.117934 0.10408 0.0746195 0.043783 0.0216881 0.0103057 0.0066129 0.00703227 0.00935901 0.0125879 0.0162364 0.0199312 0.0232881 0.0259385 0.0275984 0.0281275 0.0275541 0.0260527 0.0238899 0.0213547 0.0186995 0.016106 0.0136798 0.0114662 0.00947471 0.00770067
 1.02835e-16 2.75595e-05 0.000161737 0.000768796 0.00295985 0.00922999 0.0233143 0.047705 0.0790794 0.106211 0.115603 0.102028 0.0731625 0.0429553 0.0213288 0.0102193 0.00666878 0.0071739 0.00957389 0.0128794 0.0166086 0.0203826 0.0238104 0.0265177 0.0282187 0.0287759 0.0282243 0.0267472 0.0246189 0.0221326 0.0195393 0.0170136 0.0146502 0.0124823 0.0105087 0.00871846
 1.01225e-16 3.71265e-05 0.000217917 0.00103591 0.00398837 0.0124374 0.0314158 0.0642801 0.106548 0.143082 0.155678 0.137261 0.0981294 0.0570137 0.0271926 0.0111654 0.00483497 0.00339665 0.00391852 0.00514444 0.00661754 0.00812532 0.00950158 0.0105963 0.0112958 0.0115444 0.0113548 0.0107979 0.00998036 0.00901652 0.00800414 0.00701124 0.00607482 0.00520811 0.0044115 0.00368188
 1.01037e-16 3.07296e-05 0.000180347 0.000857268 0.00330049 0.0102923 0.0259975 0.0531951 0.0881794 0.118431 0.128897 0.113747 0.0815329 0.0478033 0.0236103 0.0110973 0.00694684 0.0072315 0.00952205 0.0127001 0.0162215 0.0196683 0.0226218 0.0246954 0.0256123 0.0252705 0.0237656 0.0213607 0.0184172 0.0153086 0.0123461 0.00973544 0.00756921 0.0058481 0.00451554 0.00349222
 1.01856e-16 2.85641e-05 0.000167635 0.00079683 0.00306779 0.00956659 0.0241645 0.0494446 0.0819629 0.110083 0.119815 0.105742 0.0758153 0.0444925 0.0220539 0.010502 0.0067657 0.00720859 0.00958647 0.0128709 0.0165619 0.0202685 0.0235896 0.0261432 0.0276398 0.0279441 0.0271003 0.0253082 0.0228642 0.0200866 0.0172512 0.014554 0.0121045 0.0099421 0.00806275 0.00644413
 1.02367e-16 2.92833e-05 0.000171859 0.000816922 0.00314516 0.00980786 0.024774 0.0506913 0.0840285 0.112854 0.122824 0.108378 0.0776639 0.0454942 0.022396 0.0104079 0.00636736 0.0065372 0.00861782 0.0115712 0.0149182 0.0183075 0.021385 0.0238133 0.025334 0.0258222 0.0253076 0.0239541 0.0220081 0.0197345 0.0173614 0.0150495 0.0128881 0.0109111 0.00912068 0.00750866
 1.04411e-16 1.75377e-05 0.000102885 0.000488972 0.00188241 0.00586996 0.0148274 0.0303414 0.050304 0.0675864 0.0736254 0.0651284 0.0470258 0.0282622 0.0152464 0.00932849 0.0087469 0.0113625 0.0158198 0.0214014 0.0275864 0.0338045 0.0394111 0.0437818 0.046443 0.0471742 0.0460474 0.0433865 0.0396684 0.0353993 0.0310106 0.0267991 0.0229212 0.0194231 0.0162895 0.0134854
pSPR Fmed_Fpbrs
0.535356   0.348538 0.348538
Fs Fmed_Fpbrs
0.462688   1.005 1.005
SSBpbr Bo_Bmed_Bpbrs
909317  441342  271466 271466
Ro
29143.9
SPR SPRFo_SPRFmed_SPRFpbrs
599594 320996 208982
log_Ro
10.1
likeval ReclasPelacesDesembMPH_pf_preclas_ppelaces_ptallas_desvR_qrecl_qpela
 88.4234 66.7049 0.0538484 0.000180091 302.206 164.808 81.693 0 22.9718 1.68163e-05 0 0 0 0 0
q_reclas_q_pelaces
0.559285 1
M
0.7
N
 15085.5 29068.9 13422.9 1806.9 0.191678
 27855 7239.55 11503.2 5311.76 715.105
 4651.09 13038 2427.05 3856.44 2020.5
 24730.2 1913.21 1853.03 344.945 835.261
 57163.6 11283.7 541.373 524.346 333.958
 23976.1 28071.1 5202.37 249.6 395.721
 55360.4 10931.2 7902.6 1464.57 181.671
 77603.4 25615.9 3394.89 2454.29 511.27
 110144 33816.6 5339.9 707.699 618.203
 200653 48596.1 7655.29 1208.83 300.153
 61348.2 93604.7 15932.3 2509.8 494.723
 31376.4 28168.6 27619.9 4701.14 886.544
 48736.9 14502.5 8685.31 8516.13 1722.87
 21784.4 21355.6 3136.49 1878.4 2214.42
 14806.5 8723.58 2539.39 372.959 486.676
 16078.1 5795.8 891.728 259.577 87.8722
 11321.5 7198.03 1445.63 222.421 86.6631
 10748.6 5200.4 2129.35 427.652 91.4345
 9959.66 5028.34 1737.11 711.275 173.392
 30153.7 4663.91 1690.81 584.112 297.475
 34722.4 13997.9 1480.1 536.58 279.773
 39339.4 16839.4 5940.03 628.081 346.42
 49291 18982 6908.88 2437.07 399.818
 18722.2 23588.9 7373.76 2683.84 1102.02
pred_Ctot
 365.238 4302.03 1986.52 267.41 0.0283672
 1154.31 1730.06 2748.96 1269.37 170.891
 580.417 7172.03 1335.08 2121.37 1111.44
 1450.82 611.171 591.948 110.192 266.822
 457.21 583.191 27.9804 27.1004 17.2604
 1418.91 9030.53 1673.61 80.2968 127.304
 2726.9 3024.92 2186.83 405.281 50.2726
 6887.55 11224.3 1487.55 1075.41 224.026
 8894.64 13834 2184.49 289.511 252.899
 8774.35 12160.9 1915.7 302.504 75.112
 3340.18 28141.5 4789.92 754.551 148.735
 1568.56 7891.76 7738.04 1317.08 248.376
 4152.11 6169.97 3695.1 3623.13 732.982
 3070.75 12630.7 1855.07 1110.98 1309.71
 2285.79 5428 1580.06 232.063 302.82
 1145.33 2157.22 331.904 96.6153 32.7063
 613.495 2155.62 432.927 66.6091 25.9533
 449.43 1252.37 512.795 102.988 22.0195
 409.657 1193.93 412.46 168.886 41.1704
 1418.92 1242.03 450.274 155.553 79.2196
 584.739 1477.67 156.245 56.6434 29.5339
 802.815 2128.03 750.653 79.3719 43.7778
 1289.15 3014.63 1097.24 387.045 63.4974
 617.579 4616.79 1443.18 525.277 215.687
F
 0.0341766 0.227043 0.227043 0.227043 0.227043
 0.0591405 0.392883 0.392883 0.392883 0.392883
 0.188319 1.25105 1.25105 1.25105 1.25105
 0.084662 0.562428 0.562428 0.562428 0.562428
 0.0111766 0.0742489 0.0742489 0.0742489 0.0742489
 0.085433 0.56755 0.56755 0.56755 0.56755
 0.0706514 0.469353 0.469353 0.469353 0.469353
 0.130661 0.868006 0.868006 0.868006 0.868006
 0.118249 0.785554 0.785554 0.785554 0.785554
 0.0624989 0.415194 0.415194 0.415194 0.415194
 0.0783571 0.520543 0.520543 0.520543 0.520543
 0.0717386 0.476575 0.476575 0.476575 0.476575
 0.125122 0.831213 0.831213 0.831213 0.831213
 0.215166 1.42939 1.42939 1.42939 1.42939
 0.237931 1.58062 1.58062 1.58062 1.58062
 0.103653 0.68859 0.68859 0.68859 0.68859
 0.0779727 0.51799 0.51799 0.51799 0.51799
 0.059687 0.396514 0.396514 0.396514 0.396514
 0.0586889 0.389883 0.389883 0.389883 0.389883
 0.0673989 0.447746 0.447746 0.447746 0.447746
 0.0236624 0.157194 0.157194 0.157194 0.157194
 0.0287384 0.190916 0.190916 0.190916 0.190916
 0.0369641 0.245561 0.245561 0.245561 0.245561
 0.046823 0.311055 0.311055 0.311055 0.311055
nmprior
 10 10 8 0
nm_flota  nm_reclas  nm_pelaces    nm_pelaL
inf 29.5916 21.8099 40.4003
cv_recla  cv_pelaces  cv_mph
0.870583 0.961044 0.435395
 ------------------------------------------------
Talla a la edad & desviación 
 7.2 14.2025 17.0495 18.207 18.6776
 1.08 2.13037 2.55742 2.73105 2.80164
