years
 1997 1998 1999 2000 2001 2002 2003 2004 2005 2006 2007 2008 2009 2010 2011 2012 2013 2014 2015 2016 2017 2018 2019 2020
reclasobs
 0 0 0 370054 412103 1.49427e+06 250295 1.28982e+06 931140 785840 897777 1.04006e+06 184774 17550 25797 100020 73551 82996 120727 218422 84188 347160 605670 569463
reclaspred
 2.50088e+06 341582 562607 197571 259071 332676 631379 531772 818674 1.15254e+06 1.20403e+06 807374 450763 202741 130253 121427 133225 172329 167906 225244 400137 399226 587141 477373
pelacesobs
 0 0 0 0 0 0 0 0 0 2.06254e+06 1.5e+06 0 1.87456e+06 323000 250000 174000 83755 137374 0 501740 490994 745055 786931 1.00524e+06
pelacespred
 1.13406e+06 438163 173696 140838 151349 140663 326098 312295 458653 671810 620447 431038 241028 86593.2 54535.8 57933.5 66434.8 86372.7 88397.9 114143 223757 234692 262327 254891
mphobs
 0 0 0 0 0 112323 0 153150 637223 0 255016 313432 73983 77613 109348 50772 0 0 0 0 0 0 0 0
mphpred
 1.78311e+06 796646 413751 247293 164319 320837 376385 521946 585208 887161 1.20012e+06 865283 501913 266344 121853 103819 107946 136402 154053 158629 279734 380133 432945 469285
desembarqueobs
 350755 77701 442110 56441 14545 235359 269955 359681 431902 328805 639364 411747 362871 311530 167758 66681 60226 58785 57116 71774 51957 67425 138520 160799
desembarquepred
 350735 77682.2 441734 56426.7 14544.1 235239 269865 359340 431606 328620 638782 411474 362458 311180 167525 66653.7 60215 58760.2 57085 71732.5 51946.2 67396.7 138457 160735
Reclutas
 18571.8 22948.8 5867.05 10826.1 48430.2 22811.7 59271.5 73944.5 129421 175373 68665.3 31362.8 48141.4 27635.6 19562.1 14902.8 12143.2 12067 11023.3 27642.6 38534.3 36545.1 44106.8 20455.2
log_desv_Rt
 -0.450599 -0.23898 -1.60289 -0.990282 0.507879 -0.24497 0.709884 0.93107 1.49082 1.79467 0.857 0.0733784 0.501898 -0.0531394 -0.398651 -0.670693 -0.875473 -0.881774 -0.972232 -0.0528883 0.279305 0.226304 0.41437 -0.354007
SSB
 1.78311e+06 796646 413751 247293 164319 320837 376385 521946 585208 887161 1.20012e+06 865283 501913 266344 121853 103819 107946 136402 154053 158629 279734 380133 432945 469285
BT
 2.54491e+06 958790 594480 344429 408579 457778 1.1473e+06 1.15063e+06 1.67174e+06 1.99501e+06 1.86422e+06 1.23533e+06 898077 484319 279588 185453 205028 243383 232172 339699 593763 531673 636172 637820
Ftot
 0.136271 0.219765 0.723823 0.274999 0.0548769 0.658302 0.409318 0.636348 0.502399 0.27534 0.501676 0.482188 0.745205 1.32877 1.15081 0.519614 0.431156 0.327526 0.326287 0.306834 0.126379 0.16385 0.22787 0.322909
BD_Bspro_t
 0.978832 0.849757 0.665652 0.37786 0.433889 0.657454 0.52046 0.553507 0.536987 0.580705 0.618087 0.463321 0.342183 0.246836 0.146243 0.150278 0.20503 0.314015 0.396577 0.465937 0.626985 0.744419 0.738166 0.689064
BD_Bspro
 2.97386 1.32864 0.690052 0.412434 0.274051 0.535089 0.627733 0.870498 0.976007 1.4796 2.00156 1.44311 0.837087 0.444207 0.203226 0.173149 0.180031 0.22749 0.256928 0.264561 0.466538 0.633984 0.722063 0.78267
BD_Bo
 1.82336 0.81463 0.423092 0.252876 0.168029 0.32808 0.384883 0.533729 0.598419 0.907189 1.22722 0.884817 0.513243 0.272357 0.124604 0.106163 0.110383 0.139481 0.157531 0.16221 0.286049 0.388715 0.442719 0.479879
BD_Brms
 8.87759 3.96628 2.05995 1.2312 0.8181 1.59736 1.87392 2.59862 2.91359 4.41693 5.97508 4.308 2.49888 1.32605 0.606673 0.516887 0.537431 0.679106 0.766986 0.789771 1.39271 1.89258 2.15551 2.33644
S_f
 0.5 1 1 1 1
 0.5 1 1 1 1
 0.5 1 1 1 1
 0.5 1 1 1 1
 0.5 1 1 1 1
 0.5 1 1 1 1
 0.5 1 1 1 1
 0.5 1 1 1 1
 0.5 1 1 1 1
 0.5 1 1 1 1
 0.5 1 1 1 1
 0.5 1 1 1 1
 0.5 1 1 1 1
 0.5 1 1 1 1
 0.5 1 1 1 1
 0.5 1 1 1 1
 0.5 1 1 1 1
 0.5 1 1 1 1
 0.5 1 1 1 1
 0.5 1 1 1 1
 0.5 1 1 1 1
 0.5 1 1 1 1
 0.5 1 1 1 1
 0.5 1 1 1 1
Scru_reclas
 0.5 1 1 1 1
 0.5 1 1 1 1
 0.5 1 1 1 1
 0.5 1 1 1 1
 0.5 1 1 1 1
 0.5 1 1 1 1
 0.5 1 1 1 1
 0.5 1 1 1 1
 0.5 1 1 1 1
 0.5 1 1 1 1
 0.5 1 1 1 1
 0.5 1 1 1 1
 0.5 1 1 1 1
 0.5 1 1 1 1
 0.5 1 1 1 1
 0.5 1 1 1 1
 0.5 1 1 1 1
 0.5 1 1 1 1
 0.5 1 1 1 1
 0.5 1 1 1 1
 0.5 1 1 1 1
 0.5 1 1 1 1
 0.5 1 1 1 1
 0.5 1 1 1 1
Scru_pelaces
 0.5 1 1 1 1
 0.5 1 1 1 1
 0.5 1 1 1 1
 0.5 1 1 1 1
 0.5 1 1 1 1
 0.5 1 1 1 1
 0.5 1 1 1 1
 0.5 1 1 1 1
 0.5 1 1 1 1
 0.5 1 1 1 1
 0.5 1 1 1 1
 0.5 1 1 1 1
 0.5 1 1 1 1
 0.5 1 1 1 1
 0.5 1 1 1 1
 0.5 1 1 1 1
 0.5 1 1 1 1
 0.5 1 1 1 1
 0.5 1 1 1 1
 0.5 1 1 1 1
 0.5 1 1 1 1
 0.5 1 1 1 1
 0.5 1 1 1 1
 0.5 1 1 1 1
pf_obs 
 0.256992 0.487395 0.22802 0.0275931 0
 0.321318 0.546541 0.124235 0.00734118 0.000564706
 0.182869 0.594174 0.210203 0.0122559 0.00049798
 0.330522 0.361315 0.267642 0.0388342 0.00168674
 0.649043 0.306663 0.0425973 0.00169635 0
 0.582887 0.30429 0.105238 0.00758474 0
 0.465427 0.430635 0.0974691 0.00646863 0
 0.296916 0.608066 0.0921331 0.00288517 0
 0.311714 0.524322 0.152257 0.0117073 0
 0.15457 0.633149 0.183074 0.0267441 0.00246327
 0.131901 0.49318 0.331252 0.0422183 0.00144891
 0.196976 0.569456 0.194076 0.0375587 0.00193317
 0.518974 0.381816 0.0799577 0.0180837 0.00116848
 0.0928022 0.601141 0.25162 0.0475244 0.00691264
 0.122501 0.610282 0.24278 0.0234846 0.000952079
 0.383417 0.481906 0.127806 0.00687128 0
 0.0376549 0.599619 0.316969 0.0457579 0
 0.0361596 0.667082 0.258105 0.0386534 0
 0.158088 0.579412 0.248529 0.0139706 0
 0.0477256 0.309471 0.559284 0.082774 0.000745712
 0.0406174 0.521527 0.379366 0.0568643 0.0016247
 0.151134 0.462217 0.34131 0.0453401 0
 0.294876 0.26143 0.354403 0.0886775 0.000613685
 0.281977 0.475581 0.204845 0.0348837 0.00271318
pf_pred 
 0.121671 0.581088 0.262698 0.0345409 2.44046e-06
 0.237886 0.170386 0.391477 0.176979 0.0232717
 0.117036 0.352565 0.118581 0.272452 0.139366
 0.412148 0.145693 0.176553 0.0593816 0.206224
 0.759209 0.145143 0.0237054 0.0287265 0.0432161
 0.324962 0.583864 0.0549579 0.00897593 0.0272407
 0.681208 0.172013 0.126954 0.01195 0.0078749
 0.592079 0.337768 0.0378525 0.0279371 0.00436259
 0.676453 0.25179 0.0594167 0.00665862 0.00568183
 0.606568 0.326145 0.0523638 0.0123567 0.0025664
 0.278505 0.555147 0.137898 0.0221401 0.00630967
 0.235657 0.360934 0.310399 0.0771029 0.0159071
 0.486501 0.213267 0.141774 0.121924 0.0365341
 0.429277 0.401443 0.0703055 0.0467372 0.0522372
 0.544776 0.317008 0.09722 0.0170263 0.0239692
 0.540191 0.356003 0.0722883 0.0221694 0.00934834
 0.460159 0.395429 0.11181 0.0227037 0.0098988
 0.467153 0.351201 0.133054 0.0376219 0.0109701
 0.433184 0.373191 0.127619 0.0483489 0.0176573
 0.665342 0.209763 0.0822306 0.0281202 0.0145441
 0.577552 0.343395 0.0495498 0.0194244 0.0100781
 0.437875 0.415501 0.119186 0.0171978 0.0102398
 0.462007 0.333597 0.151082 0.0433376 0.00997666
 0.266058 0.474883 0.160636 0.07275 0.0256723
pobs_RECLAS
 0 0 0 0 0
 0 0 0 0 0
 0 0 0 0 0
 0 0 0 0 0
 0.835266 0.146461 0.0176864 0.000547809 3.91292e-05
 0.385257 0.428462 0.181853 0.0044286 0
 0.867414 0.0963971 0.0333333 0.00285562 0
 0.441836 0.489002 0.0689373 0.000224442 0
 0.779404 0.147425 0.0564933 0.0165055 0.000172143
 0.814271 0.122319 0.05973 0.00367925 0
 0.40263 0.566651 0.0304383 0.000280538 0
 0.475488 0.404961 0.113038 0.00651328 0
 0.955842 0.0263864 0.0167828 0.000988607 0
 0.975058 0.0227948 0.00214734 0 0
 0.738997 0.206755 0.0527124 0.00153531 0
 0.850938 0.134255 0.0134407 0.00136685 0
 0.542534 0.407297 0.0501686 0 0
 0.764087 0.199537 0.0359546 0.000420521 0
 0.470689 0.182191 0.310203 0.0369168 0
 0.84361 0.089868 0.0606195 0.00523954 0.000663233
 0.607945 0.314616 0.071237 0.00620181 0
 0.523733 0.453247 0.0230204 0 0
 0.530135 0.295979 0.169645 0.0042399 0
 0.562478 0.366248 0.0663022 0.0049721 0
ppred_RECLAS
 0.122153 0.580769 0.262554 0.0345219 2.43912e-06
 0.239307 0.170068 0.390747 0.176649 0.0232284
 0.120864 0.351037 0.118067 0.27127 0.138762
 0.414632 0.145077 0.175807 0.0591307 0.205353
 0.759515 0.144959 0.0236751 0.0286899 0.043161
 0.332015 0.577763 0.0543837 0.00888214 0.0269561
 0.684864 0.17004 0.125498 0.0118129 0.00778458
 0.599426 0.331685 0.0371708 0.027434 0.00428402
 0.681273 0.248038 0.0585315 0.00655942 0.00559718
 0.609014 0.324118 0.0520383 0.0122799 0.00255044
 0.282961 0.551718 0.137047 0.0220033 0.0062707
 0.239449 0.359144 0.308859 0.0767205 0.0158282
 0.496016 0.209315 0.139147 0.119665 0.0358571
 0.451348 0.385919 0.0675867 0.0449298 0.0502171
 0.562562 0.304623 0.0934216 0.0163611 0.0230327
 0.545931 0.351559 0.0713859 0.0218926 0.00923163
 0.46465 0.392139 0.11088 0.0225148 0.00981644
 0.470319 0.349114 0.132263 0.0373984 0.0109049
 0.436294 0.371143 0.126919 0.0480836 0.0175604
 0.667948 0.20813 0.0815905 0.0279013 0.0144309
 0.578562 0.342574 0.0494314 0.019378 0.010054
 0.439243 0.41449 0.118896 0.017156 0.0102148
 0.464037 0.332338 0.150512 0.0431741 0.00993901
 0.268505 0.4733 0.160101 0.0725075 0.0255867
pobs_PELACES
 0 0 0 0 0
 0 0 0 0 0
 0 0 0 0 0
 0 0 0 0 0
 0 0 0 0 0
 0 0 0 0 0
 0 0 0 0 0
 0 0 0 0 0
 0 0 0 0 0
 0 0 0 0 0
 0.450072 0.473896 0.0757376 0.000293798 0
 0 0 0 0 0
 0.463077 0.371075 0.160297 0.00555027 0
 0.529543 0.364841 0.0842815 0.0213345 0
 0.631943 0.363953 0.00410389 0 0
 0.735681 0.248677 0.0153453 0.000297389 0
 0.695825 0.281241 0.0229344 0 0
 0.275771 0.60734 0.115278 0.00161068 0
 0 0 0 0 0
 0.896147 0.0623911 0.0374545 0.00400742 0
 0.803859 0.145111 0.0509908 3.86294e-05 0
 0.739449 0.233085 0.0266225 0.000797448 4.60066e-05
 0.878498 0.100942 0.0204185 0.000141795 0
 0.694673 0.275183 0.0284847 0.00165964 0
ppred_PELACES
 0.124585 0.57916 0.261826 0.0344263 2.43236e-06
 0.24597 0.168579 0.387325 0.175102 0.0230249
 0.13414 0.345736 0.116284 0.267174 0.136666
 0.425686 0.142338 0.172487 0.058014 0.201475
 0.761165 0.143964 0.0235127 0.028493 0.0428649
 0.356528 0.556561 0.052388 0.00855619 0.0259669
 0.699255 0.162275 0.119767 0.0112735 0.00742909
 0.624354 0.311044 0.0348576 0.0257268 0.00401742
 0.698997 0.234246 0.0552767 0.00619466 0.00528594
 0.619776 0.315196 0.0506058 0.0119418 0.00248024
 0.300053 0.538567 0.13378 0.0214788 0.00612122
 0.254237 0.352161 0.302854 0.0752287 0.0155204
 0.52673 0.196559 0.130667 0.112372 0.0336719
 0.506005 0.347473 0.0608537 0.0404538 0.0452144
 0.608604 0.27256 0.0835885 0.014639 0.0206084
 0.567088 0.335178 0.0680597 0.0208725 0.00880149
 0.482384 0.379149 0.107207 0.021769 0.00949127
 0.4838 0.340229 0.128897 0.0364465 0.0106273
 0.449577 0.362397 0.123928 0.0469506 0.0171466
 0.679079 0.201152 0.0788553 0.0269659 0.0139471
 0.583638 0.338448 0.048836 0.0191446 0.00993292
 0.445913 0.40956 0.117482 0.0169519 0.0100934
 0.4734 0.326533 0.147882 0.0424199 0.00976539
 0.279098 0.466446 0.157782 0.0714575 0.0252162
pobs_pel_tallas
 0 0 0 0 0 0 0 0 0 0 0 0 0 0 0 0 0 0 0 0 0 0 0 0 0 0 0 0 0 0 0 0 0 0 0 0
 0 0 0 0 0 0 0 0 0 0 0 0 0 0 0 0 0 0 0 0 0 0 0 0 0 0 0 0 0 0 0 0 0 0 0 0
 0 0 0 0 0 0 0 0 0 0 0 0 0 0 0 0 0 0 0 0 0 0 0 0 0 0 0 0 0 0 0 0 0 0 0 0
 0 0 0 0 0 0 0 0 0 0 0 0 0 0 0 0 0 0 0 0 0 0 0 0 0 0 0 0 0 0 0 0 0 0 0 0
 0 0 0 0 0 0 0 0 0 0 0 0 0 0 0 0 0 0 0 0 0 0 0 0 0 0 0 0 0 0 0 0 0 0 0 0
 0 0 0 0 0 0 0 0 0 0 0 0 0 0 0 0 0 0 0 0 0 0 0 0 0 0 0 0 0 0 0 0 0 0 0 0
 0 0 0 0 0 0 0 0 0 0 0 0 0 0 0 0 0 0 0 0 0 0 0 0 0 0 0 0 0 0 0 0 0 0 0 0
 0 0 0 0 0 0 0 0 0 0 0 0 0 0 0 0 0 0 0 0 0 0 0 0 0 0 0 0 0 0 0 0 0 0 0 0
 0 0 0 0 0 0 0 0 0 0 0 0 0 0 0 0 0 0 0 0 0 0 0 0 0 0 0 0 0 0 0 0 0 0 0 0
 0 0 0 0 0 0 0 0 0 0 0 0 0 0 0 0 0 0 0 0 0 0 0 0 0 0 0 0 0 0 0 0 0 0 0 0
 0 0 0 0 0 0 0 0 1.78061e-05 0.00172719 0.00360574 0.0105946 0.0120993 0.0124554 0.0147524 0.0171206 0.0266825 0.0428682 0.0675386 0.121331 0.153587 0.119568 0.100827 0.0573624 0.0630603 0.0341343 0.0324427 0.0444173 0.0211091 0.0280891 0.0125444 0.00206551 0 0 0 0
 0 0 0 0 0 0 0 0 0 0 0 0 0 0 0 0 0 0 0 0 0 0 0 0 0 0 0 0 0 0 0 0 0 0 0 0
 0 0 0 0 0 0 0.0133647 0.0140871 0.0187388 0.0205184 0.03894 0.0496705 0.03968 0.0493445 0.0407372 0.0367815 0.0215668 0.0243155 0.0234873 0.0199281 0.019796 0.0243948 0.0301388 0.0376714 0.0412746 0.0863199 0.0771752 0.113111 0.0741005 0.0525337 0.0229764 0.00759418 0.00175318 0 0 0
 0 0 0 0 0 0 0 0 0 0 0.00219441 0.00772107 0.0458388 0.0604681 0.0671733 0.0775358 0.0609151 0.0617685 0.073594 0.0568108 0.0755445 0.0548602 0.0670107 0.0636378 0.0643287 0.046367 0.0373049 0.0286899 0.0247887 0.0153202 0.00654259 0.00121912 0.000365735 0 0 0
 0 0 0 0 0 0 0 0 0 0 0 0 0.000112435 0.00938835 0.0111873 0.0202946 0.0414886 0.0713402 0.111592 0.104902 0.108894 0.110636 0.117776 0.105296 0.107544 0.0401394 0.0192827 0.0124803 0.00416011 0.0028671 0.000618394 0 0 0 0 0
 0 0 0 0 0 0 0 0 0 0 0.00291406 0.0102884 0.027416 0.0768956 0.0749926 0.110853 0.0956884 0.0897413 0.0766577 0.0534642 0.0500743 0.0551293 0.0594112 0.0620874 0.0668451 0.0424026 0.0208742 0.0120726 0.0048766 0.00582813 0.00118941 0.000297354 0 0 0 0
 0 0.00264628 0.0354308 0.0461629 0.0458689 0.0383711 0.0214643 0.0164657 0.0346957 0.0420465 0.0363128 0.0245516 0.0311673 0.0291091 0.0169068 0.0133784 0.00837989 0.0085269 0.0148486 0.0160247 0.0276389 0.0546898 0.0760071 0.122758 0.109233 0.0665981 0.0333725 0.0166128 0.00676272 0.00308733 0.000882094 0 0 0 0 0
 0 0 0 0 0 0 0 0.000805153 0.000690131 0.00759144 0.0133425 0.0154129 0.00931677 0.000345066 0.00356568 0.00563607 0.00851162 0.0253048 0.0502646 0.0516448 0.0657925 0.0565908 0.0611916 0.0827007 0.0866115 0.110766 0.145733 0.0935128 0.0569358 0.0249597 0.0138026 0.00621118 0.00161031 0.00115022 0 0
 0 0 0 0 0 0 0 0 0 0 0 0 0 0 0 0 0 0 0 0 0 0 0 0 0 0 0 0 0 0 0 0 0 0 0 0
 0.00147267 0.00158595 0.00478618 0.00569244 0.00954404 0.0108468 0.00647125 0.017049 0.0510054 0.094081 0.124002 0.0959785 0.0687766 0.0820023 0.061753 0.0591476 0.0492212 0.0479892 0.0443925 0.0268479 0.0217502 0.0140895 0.0121071 0.0120363 0.00920419 0.00665534 0.0049561 0.00860946 0.00930331 0.0156896 0.0114698 0.00855282 0.00243557 0.00046729 0 2.83206e-05
 0 0 0 0 0.000772559 0.00158375 0.000888443 0.00281984 0.00712685 0.0440552 0.0773331 0.111326 0.0921469 0.0852325 0.0710754 0.0886704 0.0786465 0.0553345 0.0373146 0.0185414 0.00753245 0.00457741 0.012979 0.0271748 0.0457355 0.0583668 0.034881 0.0177882 0.00938659 0.00492506 0.0015258 0.00185414 0.000309023 5.79419e-05 3.86279e-05 0
 0 0.00173294 0.00326652 0 0.00397197 0.00683976 0.00946217 0.0152591 0.00757587 0.0136028 0.0228656 0.0392903 0.0559909 0.0764795 0.0681675 0.0726916 0.0566044 0.0477403 0.0527397 0.0444891 0.0609904 0.0582453 0.0661739 0.0445044 0.0529084 0.0360697 0.0280645 0.0235558 0.0158879 0.00826598 0.00280645 0.00217768 0.000904811 0.00058276 9.20147e-05 0
 0 0 0 0 0 0 0 0 0 0 0 0 0 0 0 0 0 0 0 0 0 0 0 0 0 0 0 0 0 0 0 0 0 0 0 0
 0 0 0 0 0 0 0 0 0 0 0 0 0 0 0 0 0 0 0 0 0 0 0 0 0 0 0 0 0 0 0 0 0 0 0 0
ppred_pel_tallas
 1.05089e-16 5.46923e-06 3.20157e-05 0.000152013 0.000584963 0.00182389 0.00460761 0.00943232 0.0156524 0.0210731 0.0230698 0.0206778 0.0155192 0.0105065 0.0078128 0.00807706 0.0109755 0.0160141 0.0228175 0.0310167 0.0400734 0.0492219 0.0575424 0.0641259 0.0682652 0.069604 0.0681988 0.0644688 0.0590632 0.0526935 0.0459885 0.0394102 0.0332385 0.0276065 0.0225567 0.0180914
 1.12646e-16 1.07457e-05 6.30306e-05 0.000299544 0.00115314 0.00359581 0.00908285 0.018586 0.0308133 0.0413966 0.0450879 0.0398667 0.0287486 0.0172076 0.00916739 0.00546149 0.00503542 0.00663342 0.00952071 0.0133993 0.0181301 0.0235584 0.0294573 0.0355352 0.0414674 0.0469295 0.0516234 0.0552904 0.0577186 0.0587503 0.0582954 0.05635 0.0530138 0.0484935 0.0430904 0.0371667
 1.1733e-16 5.87544e-06 3.44245e-05 0.000163517 0.000629348 0.00196237 0.00495711 0.0101456 0.0168279 0.022631 0.0247104 0.0219949 0.0161786 0.01032 0.00665712 0.00576072 0.00717176 0.0102913 0.014737 0.0202635 0.0265948 0.0333447 0.0400362 0.0461822 0.0513823 0.0553951 0.058162 0.0597711 0.0603839 0.0601529 0.0591656 0.0574315 0.0549127 0.0515754 0.0474426 0.0426243
 1.13903e-16 1.85802e-05 0.000109031 0.000518244 0.00199521 0.00622179 0.0157158 0.0321571 0.0533062 0.0715955 0.0779281 0.068781 0.0493298 0.0289816 0.0144323 0.00700143 0.00472014 0.0052669 0.00724368 0.0100614 0.0134883 0.0173665 0.0215168 0.0257362 0.0298242 0.0336064 0.036946 0.039737 0.0418893 0.0433147 0.043924 0.0436392 0.0424173 0.0402731 0.0372945 0.0336426
 1.03363e-16 3.32088e-05 0.000194913 0.000926538 0.00356724 0.0111241 0.0280986 0.0574932 0.0953004 0.127983 0.139263 0.122822 0.0878812 0.0512093 0.0247056 0.010633 0.00535417 0.00459274 0.00573162 0.00762919 0.00983138 0.0120785 0.0141393 0.0158014 0.0169075 0.0173881 0.017273 0.0166741 0.0157483 0.0146535 0.0135126 0.0123959 0.0113237 0.0102826 0.0092474 0.00819945
 1.02433e-16 1.55816e-05 9.13875e-05 0.000434281 0.00167178 0.00521309 0.0131684 0.026948 0.0446836 0.0600519 0.0654617 0.0580116 0.0421148 0.0257649 0.0147202 0.0102568 0.0108812 0.0147343 0.020592 0.0277098 0.0354206 0.0429326 0.0493522 0.0538377 0.0557872 0.0549827 0.0516399 0.046342 0.0398866 0.0330954 0.0266509 0.0210009 0.0163422 0.0126681 0.00984511 0.00769067
 1.02488e-16 3.05103e-05 0.000179068 0.000851203 0.00327717 0.0102195 0.0258137 0.0528184 0.0875527 0.117582 0.127955 0.112871 0.0808097 0.0471879 0.0229533 0.0102053 0.00562573 0.00530781 0.00686227 0.0092424 0.0120151 0.0149056 0.0176465 0.0199756 0.0216774 0.0226231 0.0227893 0.0222481 0.021136 0.0196133 0.0178306 0.0159087 0.0139362 0.0119768 0.0100808 0.00829273
 1.01668e-16 2.725e-05 0.000159914 0.000760115 0.00292641 0.00912567 0.0230509 0.0471665 0.0781888 0.10502 0.114323 0.100935 0.0724577 0.0427006 0.0214959 0.0107835 0.00766077 0.00867361 0.011672 0.0156317 0.019995 0.0242781 0.0279752 0.0306145 0.0318563 0.0315721 0.0298726 0.0270712 0.0236 0.0199052 0.0163578 0.0132022 0.0105478 0.00839583 0.00668147 0.00531553
 1.01321e-16 3.05018e-05 0.000179012 0.000850922 0.00327607 0.0102161 0.0258051 0.0528012 0.0875261 0.117552 0.127937 0.112891 0.0809019 0.0473977 0.0233444 0.0108648 0.00666201 0.00683781 0.00898712 0.0120142 0.0154018 0.0187636 0.0217135 0.0238897 0.0250257 0.0250094 0.0239055 0.0219308 0.0193938 0.0166196 0.0138845 0.0113785 0.00919784 0.00736287 0.0058464 0.0046014
 1.01348e-16 2.70507e-05 0.000158743 0.000754547 0.00290497 0.00905881 0.022882 0.046821 0.0776162 0.104252 0.113488 0.100202 0.0719408 0.0424145 0.0213863 0.0107854 0.00773421 0.00880702 0.0118707 0.0159067 0.0203556 0.0247274 0.0285075 0.0312135 0.0324956 0.0322167 0.0304828 0.0276064 0.0240235 0.0201882 0.0164829 0.0131651 0.0103579 0.00807474 0.00626036 0.004831
 1.03099e-16 1.31185e-05 7.69282e-05 0.000365542 0.00140712 0.00438777 0.0110837 0.0226825 0.0376131 0.0505568 0.0551305 0.0489018 0.0356007 0.0219783 0.0129131 0.00951875 0.0105809 0.0145712 0.0204787 0.0276674 0.0355293 0.0433147 0.050161 0.055239 0.0579333 0.0579809 0.0555242 0.0510539 0.0452721 0.0389201 0.0326299 0.0268375 0.0217673 0.0174719 0.0138962 0.0109405
 1.07724e-16 1.11135e-05 6.51732e-05 0.000309693 0.00119215 0.00371744 0.00939027 0.0192163 0.031863 0.0428211 0.046677 0.0413607 0.0300188 0.0183524 0.0104719 0.00729933 0.00779521 0.0106792 0.0151494 0.0207723 0.0271891 0.0339531 0.0405193 0.0463208 0.0508733 0.0538619 0.0551829 0.0549257 0.0533132 0.0506234 0.0471261 0.043049 0.0385771 0.0338697 0.0290815 0.0243714
 1.07354e-16 2.29886e-05 0.000134906 0.000641248 0.00246878 0.0076986 0.0194461 0.0397901 0.0659593 0.08859 0.0964261 0.0851085 0.0610411 0.0358629 0.0178559 0.00864535 0.00577958 0.00635927 0.00861275 0.0117527 0.0154198 0.0193391 0.0232162 0.0267514 0.0296897 0.0318643 0.0332157 0.0337773 0.0336406 0.032912 0.0316818 0.030013 0.0279501 0.0255381 0.0228416 0.0199533
 1.0448e-16 2.20909e-05 0.000129622 0.000616097 0.00237189 0.00739642 0.018683 0.0382298 0.0633772 0.0851352 0.0927005 0.0819027 0.0589214 0.034978 0.0180809 0.00984984 0.0079819 0.00971691 0.013327 0.0179581 0.0230878 0.0282104 0.0327761 0.0362628 0.0382857 0.0386832 0.0375479 0.0351868 0.0320307 0.0285235 0.025029 0.0217805 0.0188768 0.0163155 0.0140402 0.0119845
 1.02742e-16 2.65618e-05 0.000155877 0.00074093 0.00285255 0.00889536 0.0224691 0.0459759 0.0762142 0.102366 0.111427 0.0983651 0.0705834 0.0415372 0.0208029 0.0102635 0.00708425 0.00789951 0.0106257 0.0142912 0.0183936 0.0225128 0.0262084 0.0290602 0.0307519 0.031139 0.0302755 0.0283861 0.0257992 0.022863 0.0198741 0.0170366 0.0144568 0.0121638 0.010142 0.00836023
 1.02204e-16 2.47541e-05 0.000145258 0.000690433 0.00265811 0.00828897 0.0209375 0.0428426 0.0710226 0.0954001 0.103864 0.091733 0.0659223 0.0389909 0.0198916 0.0104129 0.00794583 0.00937489 0.0127549 0.0171412 0.021986 0.0267831 0.0309904 0.0340948 0.0357192 0.0357075 0.0341564 0.0313785 0.0278154 0.0239292 0.0201092 0.0166188 0.0135862 0.0110312 0.0089078 0.00714488
 1.02837e-16 2.10624e-05 0.000123581 0.000587367 0.00226126 0.00705141 0.0178116 0.0364471 0.0604233 0.0811718 0.0883969 0.0781291 0.0562693 0.0335296 0.0175639 0.00993995 0.0084853 0.0105859 0.0145977 0.0196878 0.0253138 0.0309237 0.0359079 0.0396816 0.0418067 0.0420885 0.0406134 0.0377091 0.0338509 0.0295424 0.025214 0.0211637 0.0175478 0.0144087 0.0117191 0.00942471
 1.0369e-16 2.11226e-05 0.000123938 0.000589072 0.00226784 0.00707193 0.0178634 0.0365528 0.0605975 0.0814025 0.0886396 0.0783232 0.0563648 0.0334979 0.0173863 0.00958799 0.00791191 0.00973105 0.0134044 0.0181229 0.0233885 0.0287102 0.0335442 0.0373629 0.0397605 0.0405395 0.0397442 0.0376294 0.0345797 0.0310095 0.0272767 0.0236348 0.0202264 0.0171071 0.0142831 0.0117433
 1.04292e-16 1.96312e-05 0.00011518 0.000547432 0.00210751 0.00657194 0.0166005 0.0339689 0.0563154 0.0756545 0.0823919 0.0728296 0.0524701 0.0313013 0.0164629 0.00942443 0.00817131 0.0102783 0.0142237 0.0192399 0.0248251 0.0304643 0.0355819 0.0396199 0.0421517 0.0429729 0.0421373 0.0399208 0.0367354 0.0330207 0.0291523 0.0253909 0.0218766 0.018657 0.015728 0.013071
 1.02764e-16 2.9632e-05 0.000173908 0.000826666 0.00318268 0.00992487 0.0250695 0.0512959 0.0850302 0.114198 0.124282 0.109654 0.0785556 0.0459708 0.0225457 0.0103352 0.00613166 0.00614855 0.00805992 0.0108248 0.0139776 0.0171903 0.0201364 0.0225043 0.0240536 0.0246643 0.0243568 0.023273 0.0216296 0.0196596 0.0175633 0.015481 0.0134906 0.011623 0.00988417 0.00827404
 1.01926e-16 2.54758e-05 0.000149495 0.000710576 0.00273566 0.00853083 0.0215484 0.0440926 0.0730944 0.0981823 0.106891 0.0944011 0.0678283 0.0400951 0.0204116 0.0106135 0.00800972 0.0093878 0.0127409 0.0170942 0.0218851 0.0265979 0.0306842 0.0336291 0.0350593 0.0348297 0.0330541 0.0300665 0.0263308 0.022328 0.0184601 0.0149939 0.0120526 0.00964345 0.0077027 0.00614002
 1.02856e-16 1.94734e-05 0.000114249 0.000542995 0.00209041 0.0065186 0.0164658 0.0336937 0.0558605 0.0750478 0.0817422 0.0722818 0.0521329 0.0312151 0.0166268 0.00984449 0.00888722 0.0113582 0.0157405 0.0212419 0.0273084 0.0333508 0.0387107 0.0427554 0.0450114 0.0452685 0.043621 0.0404255 0.0361987 0.0314888 0.0267654 0.0223548 0.0184293 0.0150367 0.0121478 0.00970217
 1.0412e-16 2.06686e-05 0.000121274 0.000576408 0.00221908 0.00691989 0.0174793 0.0357669 0.0592945 0.0796519 0.0867325 0.0766363 0.0551469 0.0327665 0.0169936 0.00935235 0.00769996 0.0094689 0.0130594 0.0176893 0.0228833 0.0281747 0.0330435 0.0369801 0.039586 0.0406553 0.0402089 0.0384655 0.0357686 0.0324932 0.0289679 0.0254304 0.0220226 0.0188127 0.0158282 0.0130835
 1.06026e-16 1.22018e-05 7.15529e-05 0.000340002 0.00130881 0.00408121 0.0103093 0.0210974 0.0349839 0.0470206 0.0512682 0.0454614 0.0330648 0.0203515 0.0118513 0.00859251 0.00944189 0.0129827 0.0182934 0.024819 0.0320496 0.0393561 0.0460064 0.0512848 0.0546433 0.0558176 0.0548734 0.0521598 0.0481986 0.0435457 0.038674 0.0339094 0.029425 0.0252781 0.0214639 0.0179625
pSPR Fmed_Fpbrs
0.530402   0.255389 0.255389
Fs Fmed_Fpbrs
0.360964   1.005 1.005
SSBpbr Bo_Bmed_Bpbrs
977923  469796  200855 200855
Ro
29143.9
SPR SPRFo_SPRFmed_SPRFpbrs
599594 318026 153130
log_Ro
10.1
likeval ReclasPelacesDesembMPH_pf_preclas_ppelaces_ptallas_desvR_qrecl_qpela
 98.5581 105.604 0.0513219 0.000587593 329.71 177.972 86.9102 0 21.4775 0 0 0 0 0 0
q_reclas_q_pelaces
1 1
M
0.7
N
 18571.8 45679.2 20650.6 2715.25 0.191844
 22948.8 8615.05 19793.9 8948.4 1176.67
 5867.05 10210.2 3434.07 7890.09 4035.98
 10826.1 2028.79 2458.52 826.895 2871.7
 48430.2 4685.45 765.245 927.335 1395.08
 22811.7 23398.8 2202.48 359.718 1091.7
 59271.5 8150.86 6015.76 566.252 373.154
 73944.5 23986 2688.02 1983.9 309.801
 129421 26712.7 6303.61 706.423 602.794
 175373 49992.3 8026.44 1894.06 393.383
 68665.3 75886.9 18850.3 3026.48 862.513
 31362.8 26533.5 22818.4 5668.09 1169.38
 48141.4 12237.8 8135.35 6996.29 2096.42
 27635.6 16470 2884.42 1917.48 2143.13
 19562.1 7061.94 2165.75 379.293 533.958
 14902.8 5464.05 1109.51 340.263 143.481
 12143.2 5707.29 1613.78 327.686 142.871
 12067 4860.76 1841.51 520.701 151.83
 11023.3 5087.1 1739.62 659.062 240.693
 27642.6 4650.01 1822.89 623.368 322.414
 38534.3 11774.5 1698.99 666.035 345.564
 36545.1 17963.8 5152.9 743.532 442.707
 44106.8 16720.3 7572.4 2172.13 500.043
 20455.2 19544.2 6611.12 2994.09 1056.57
pred_Ctot
 883.189 4218.02 1906.88 250.727 0.0177149
 1728.34 1237.92 2844.24 1285.82 169.079
 1308.12 3940.67 1325.4 3045.22 1557.71
 1008.17 356.384 431.872 145.255 504.452
 944.166 180.503 29.4804 35.7248 53.7444
 4688.95 8424.71 793.001 129.516 393.063
 7982.56 2015.69 1487.68 140.033 92.2799
 14759.7 8420.07 943.608 696.432 108.753
 20976 7807.71 1842.44 206.476 176.187
 16350.4 8791.43 1411.5 333.082 69.1788
 11114.7 22155.1 5503.31 883.576 251.809
 4899.54 7504.18 6453.5 1603.05 330.724
 11002.1 4822.97 3206.18 2757.27 826.208
 10018.3 9368.75 1640.77 1090.74 1219.09
 6360.38 3701.14 1135.07 198.786 279.846
 2489.11 1640.4 333.093 102.153 43.0756
 1714.7 1473.5 416.641 84.6013 36.8861
 1323.33 994.869 376.91 106.574 31.0756
 1204.62 1037.79 354.89 134.451 49.1023
 2852.56 899.327 352.552 120.561 62.3558
 1703.17 1012.66 146.12 57.2817 29.7199
 2077.12 1970.98 565.374 81.58 48.5736
 3438.28 2482.65 1124.36 322.521 74.2469
 2213.8 3951.38 1336.61 605.334 213.613
F
 0.0681353 0.136271 0.136271 0.136271 0.136271
 0.109882 0.219765 0.219765 0.219765 0.219765
 0.361912 0.723823 0.723823 0.723823 0.723823
 0.1375 0.274999 0.274999 0.274999 0.274999
 0.0274385 0.0548769 0.0548769 0.0548769 0.0548769
 0.329151 0.658302 0.658302 0.658302 0.658302
 0.204659 0.409318 0.409318 0.409318 0.409318
 0.318174 0.636348 0.636348 0.636348 0.636348
 0.2512 0.502399 0.502399 0.502399 0.502399
 0.13767 0.27534 0.27534 0.27534 0.27534
 0.250838 0.501676 0.501676 0.501676 0.501676
 0.241094 0.482188 0.482188 0.482188 0.482188
 0.372603 0.745205 0.745205 0.745205 0.745205
 0.664386 1.32877 1.32877 1.32877 1.32877
 0.575403 1.15081 1.15081 1.15081 1.15081
 0.259807 0.519614 0.519614 0.519614 0.519614
 0.215578 0.431156 0.431156 0.431156 0.431156
 0.163763 0.327526 0.327526 0.327526 0.327526
 0.163143 0.326287 0.326287 0.326287 0.326287
 0.153417 0.306834 0.306834 0.306834 0.306834
 0.0631897 0.126379 0.126379 0.126379 0.126379
 0.0819249 0.16385 0.16385 0.16385 0.16385
 0.113935 0.22787 0.22787 0.22787 0.22787
 0.161455 0.322909 0.322909 0.322909 0.322909
nmprior
 10 10 8 0
nm_flota  nm_reclas  nm_pelaces    nm_pelaL
inf 13.4693 10.6018 17.0003
cv_recla  cv_pelaces  cv_mph
0.919121 1.20922 0.786459
 ------------------------------------------------
Talla a la edad & desviación 
 7.2 14.2025 17.0495 18.207 18.6776
 1.08 2.13037 2.55742 2.73105 2.80164
