years
 1997 1998 1999 2000 2001 2002 2003 2004 2005 2006 2007 2008 2009 2010 2011 2012 2013 2014 2015 2016 2017 2018 2019 2020
reclasobs
 0 0 0 370054 412103 1.49427e+06 250295 1.28982e+06 931140 785840 897777 1.04006e+06 184774 17550 25797 100020 73551 82996 120727 218422 84188 347160 605670 569463
reclaspred
 1.08421e+06 244253 676916 383486 475635 610623 1.26114e+06 951315 1.17961e+06 1.24564e+06 1.13969e+06 781905 454248 208008 138535 137958 167439 236520 258211 344915 544501 548986 938323 1.13379e+06
pelacesobs
 0 0 0 0 0 0 0 0 0 2.06254e+06 1.5e+06 0 1.87456e+06 323000 250000 174000 83755 137374 0 501740 490994 745055 786931 1.00524e+06
pelacespred
 667874 237826 239853 270138 286040 287732 644020 623953 679390 745861 593482 421198 241217 88951.8 58908.1 66937 85174.2 121526 140189 180397 311514 327255 424538 608105
mphobs
 0 0 0 0 0 112323 0 153150 637223 0 255016 313432 73983 77613 109348 50772 0 0 0 0 0 0 0 0
mphpred
 757557 434288 412629 411893 365044 536709 764108 998041 956178 1.10952e+06 1.15112e+06 822800 507117 268004 127858 113968 130358 181197 224839 255564 397926 509978 639578 895967
desembarqueobs
 350755 77701 442110 56441 14545 235359 269955 359681 431902 328805 639364 411747 362871 311530 167758 66681 60226 58785 57116 71774 51957 67425 138520 160799
desembarquepred
 350772 77707.6 442218 56445.7 14545.2 235443 269993 359665 431892 328781 639493 411956 363056 311827 167755 66696.5 60249.9 58790.3 57115.2 71771.6 51957.2 67420 138518 160798
Reclutas
 47908.2 48649.2 27084.1 30781.1 57206.9 45882.1 86254.6 91729.2 129349 133168 72950.4 42296.1 45805.8 28465.2 20260 17611 15267.9 16457.2 17814.6 32673.5 47024.6 54684.1 88039.3 101822
log_desv_Rt
 0.0770411 0.0923907 -0.493297 -0.365345 0.254429 0.0338303 0.665058 0.726596 1.07027 1.09937 0.497535 -0.0475508 0.0321669 -0.443561 -0.783598 -0.923721 -1.06649 -0.991484 -0.912227 -0.305679 0.0584252 0.209328 0.685539 0.830978
SSB
 757557 434288 412629 411893 365044 536709 764108 998041 956178 1.10952e+06 1.15112e+06 822800 507117 268004 127858 113968 130358 181197 224839 255564 397926 509978 639578 895967
BT
 2.19442e+06 586044 855133 629103 673953 756009 1.90152e+06 1.81067e+06 2.09505e+06 2.02032e+06 1.83647e+06 1.25269e+06 891300 488588 290232 207295 249331 323395 342177 476709 786861 723952 999606 1.44901e+06
Ftot
 0.311203 0.306128 0.61203 0.143069 0.0299213 0.368671 0.207429 0.36255 0.351594 0.254898 0.529501 0.498194 0.740658 1.30265 1.09034 0.459998 0.345438 0.240201 0.214011 0.201651 0.0930519 0.119533 0.14348 0.137912
BD_Bspro_t
 0.956723 0.757376 0.65789 0.475057 0.573404 0.72124 0.664386 0.694206 0.651828 0.636457 0.617467 0.462257 0.352944 0.251759 0.152349 0.161818 0.237171 0.377224 0.488524 0.58151 0.70468 0.798837 0.809019 0.811346
BD_Bspro
 0.830146 0.475901 0.452166 0.451361 0.400022 0.588136 0.837324 1.09367 1.0478 1.21584 1.26142 0.90164 0.555708 0.293684 0.140109 0.124888 0.142849 0.19856 0.246383 0.280051 0.436055 0.558844 0.700862 0.981818
BD_Bo
 0.767556 0.44002 0.418075 0.41733 0.369862 0.543793 0.774193 1.01121 0.968798 1.12417 1.16631 0.833659 0.51381 0.271541 0.129546 0.115472 0.132079 0.183589 0.227806 0.258937 0.403178 0.516709 0.648019 0.907792
BD_Brms
 3.73708 2.14237 2.03552 2.0319 1.80079 2.64762 3.76939 4.9234 4.71689 5.47335 5.67855 4.05892 2.50164 1.32208 0.630732 0.562209 0.643066 0.893858 1.10914 1.26071 1.963 2.51575 3.15508 4.41986
S_f
 0.5 1 1 1 1
 0.5 1 1 1 1
 0.5 1 1 1 1
 0.5 1 1 1 1
 0.5 1 1 1 1
 0.5 1 1 1 1
 0.5 1 1 1 1
 0.5 1 1 1 1
 0.5 1 1 1 1
 0.5 1 1 1 1
 0.5 1 1 1 1
 0.5 1 1 1 1
 0.5 1 1 1 1
 0.5 1 1 1 1
 0.5 1 1 1 1
 0.5 1 1 1 1
 0.5 1 1 1 1
 0.5 1 1 1 1
 0.5 1 1 1 1
 0.5 1 1 1 1
 0.5 1 1 1 1
 0.5 1 1 1 1
 0.5 1 1 1 1
 0.5 1 1 1 1
Scru_reclas
 0.5 1 1 1 1
 0.5 1 1 1 1
 0.5 1 1 1 1
 0.5 1 1 1 1
 0.5 1 1 1 1
 0.5 1 1 1 1
 0.5 1 1 1 1
 0.5 1 1 1 1
 0.5 1 1 1 1
 0.5 1 1 1 1
 0.5 1 1 1 1
 0.5 1 1 1 1
 0.5 1 1 1 1
 0.5 1 1 1 1
 0.5 1 1 1 1
 0.5 1 1 1 1
 0.5 1 1 1 1
 0.5 1 1 1 1
 0.5 1 1 1 1
 0.5 1 1 1 1
 0.5 1 1 1 1
 0.5 1 1 1 1
 0.5 1 1 1 1
 0.5 1 1 1 1
Scru_pelaces
 0.5 1 1 1 1
 0.5 1 1 1 1
 0.5 1 1 1 1
 0.5 1 1 1 1
 0.5 1 1 1 1
 0.5 1 1 1 1
 0.5 1 1 1 1
 0.5 1 1 1 1
 0.5 1 1 1 1
 0.5 1 1 1 1
 0.5 1 1 1 1
 0.5 1 1 1 1
 0.5 1 1 1 1
 0.5 1 1 1 1
 0.5 1 1 1 1
 0.5 1 1 1 1
 0.5 1 1 1 1
 0.5 1 1 1 1
 0.5 1 1 1 1
 0.5 1 1 1 1
 0.5 1 1 1 1
 0.5 1 1 1 1
 0.5 1 1 1 1
 0.5 1 1 1 1
pf_obs 
 0.256992 0.487395 0.22802 0.0275931 0
 0.321318 0.546541 0.124235 0.00734118 0.000564706
 0.182869 0.594174 0.210203 0.0122559 0.00049798
 0.330522 0.361315 0.267642 0.0388342 0.00168674
 0.649043 0.306663 0.0425973 0.00169635 0
 0.582887 0.30429 0.105238 0.00758474 0
 0.465427 0.430635 0.0974691 0.00646863 0
 0.296916 0.608066 0.0921331 0.00288517 0
 0.311714 0.524322 0.152257 0.0117073 0
 0.15457 0.633149 0.183074 0.0267441 0.00246327
 0.131901 0.49318 0.331252 0.0422183 0.00144891
 0.196976 0.569456 0.194076 0.0375587 0.00193317
 0.518974 0.381816 0.0799577 0.0180837 0.00116848
 0.0928022 0.601141 0.25162 0.0475244 0.00691264
 0.122501 0.610282 0.24278 0.0234846 0.000952079
 0.383417 0.481906 0.127806 0.00687128 0
 0.0376549 0.599619 0.316969 0.0457579 0
 0.0361596 0.667082 0.258105 0.0386534 0
 0.158088 0.579412 0.248529 0.0139706 0
 0.0477256 0.309471 0.559284 0.082774 0.000745712
 0.0406174 0.521527 0.379366 0.0568643 0.0016247
 0.151134 0.462217 0.34131 0.0453401 0
 0.294876 0.26143 0.354403 0.0886775 0.000613685
 0.281977 0.475581 0.204845 0.0348837 0.00271318
pf_pred 
 0.505042 0.351138 0.128774 0.0150412 5.75141e-06
 0.468165 0.367298 0.116727 0.0428074 0.00500198
 0.327304 0.442552 0.158943 0.0505116 0.0206888
 0.463321 0.289048 0.162911 0.0585095 0.0262101
 0.565257 0.279369 0.0836825 0.0471644 0.0245272
 0.390683 0.441104 0.108095 0.032379 0.0277393
 0.583197 0.245073 0.12432 0.0304654 0.0169437
 0.489501 0.381877 0.0756275 0.0383641 0.01463
 0.555008 0.302834 0.106341 0.02106 0.0147573
 0.489279 0.374955 0.0923937 0.0324445 0.0109278
 0.319866 0.45796 0.163113 0.0401931 0.0188678
 0.306265 0.363307 0.22249 0.0792447 0.0286934
 0.450374 0.277825 0.142342 0.08717 0.0422895
 0.436006 0.378961 0.0935307 0.0479197 0.043583
 0.541897 0.32077 0.0922774 0.0227748 0.022281
 0.560691 0.337627 0.0711995 0.0204823 0.0100008
 0.46814 0.396201 0.104259 0.0219864 0.00941316
 0.472818 0.3482 0.13333 0.0350854 0.0105666
 0.458378 0.356224 0.122454 0.0468891 0.0160547
 0.579754 0.270116 0.09874 0.0339423 0.0174471
 0.549286 0.335805 0.0738585 0.0269987 0.0140515
 0.473536 0.376138 0.112 0.0246339 0.0136914
 0.535892 0.301874 0.11591 0.0345138 0.0118102
 0.476583 0.369703 0.0999813 0.0383897 0.0153426
pobs_RECLAS
 0 0 0 0 0
 0 0 0 0 0
 0 0 0 0 0
 0 0 0 0 0
 0.835266 0.146461 0.0176864 0.000547809 3.91292e-05
 0.385257 0.428462 0.181853 0.0044286 0
 0.867414 0.0963971 0.0333333 0.00285562 0
 0.441836 0.489002 0.0689373 0.000224442 0
 0.779404 0.147425 0.0564933 0.0165055 0.000172143
 0.814271 0.122319 0.05973 0.00367925 0
 0.40263 0.566651 0.0304383 0.000280538 0
 0.475488 0.404961 0.113038 0.00651328 0
 0.955842 0.0263864 0.0167828 0.000988607 0
 0.975058 0.0227948 0.00214734 0 0
 0.738997 0.206755 0.0527124 0.00153531 0
 0.850938 0.134255 0.0134407 0.00136685 0
 0.542534 0.407297 0.0501686 0 0
 0.764087 0.199537 0.0359546 0.000420521 0
 0.470689 0.182191 0.310203 0.0369168 0
 0.84361 0.089868 0.0606195 0.00523954 0.000663233
 0.607945 0.314616 0.071237 0.00620181 0
 0.523733 0.453247 0.0230204 0 0
 0.530135 0.295979 0.169645 0.0042399 0
 0.562478 0.366248 0.0663022 0.0049721 0
ppred_RECLAS
 0.508024 0.349022 0.127998 0.0149506 5.71676e-06
 0.471077 0.365288 0.116088 0.0425731 0.0049746
 0.3337 0.438345 0.157432 0.0500314 0.0204921
 0.464505 0.288411 0.162551 0.0583804 0.0261522
 0.565477 0.279228 0.0836403 0.0471406 0.0245148
 0.394204 0.438555 0.10747 0.0321919 0.0275791
 0.584972 0.24403 0.123791 0.0303357 0.0168715
 0.493114 0.379175 0.0750923 0.0380927 0.0145265
 0.558438 0.300499 0.105522 0.0208977 0.0146435
 0.491614 0.373241 0.0919714 0.0322962 0.0108778
 0.32505 0.45447 0.16187 0.0398868 0.018724
 0.31093 0.360864 0.220993 0.0787118 0.0285005
 0.459734 0.273094 0.139918 0.0856856 0.0415693
 0.457479 0.364532 0.0899696 0.0460953 0.0419236
 0.558322 0.309269 0.0889689 0.0219583 0.0214822
 0.56553 0.333908 0.0704152 0.0202567 0.00989063
 0.471527 0.393679 0.103595 0.0218464 0.00935322
 0.474986 0.346768 0.132782 0.0349411 0.0105232
 0.46026 0.354986 0.122028 0.0467262 0.0159989
 0.581475 0.26901 0.0983356 0.0338033 0.0173756
 0.550018 0.33526 0.0737387 0.0269549 0.0140287
 0.474507 0.375445 0.111794 0.0245885 0.0136662
 0.53708 0.301101 0.115613 0.0344255 0.01178
 0.477723 0.368898 0.0997636 0.0383061 0.0153092
pobs_PELACES
 0 0 0 0 0
 0 0 0 0 0
 0 0 0 0 0
 0 0 0 0 0
 0 0 0 0 0
 0 0 0 0 0
 0 0 0 0 0
 0 0 0 0 0
 0 0 0 0 0
 0 0 0 0 0
 0.450072 0.473896 0.0757376 0.000293798 0
 0 0 0 0 0
 0.463077 0.371075 0.160297 0.00555027 0
 0.529543 0.364841 0.0842815 0.0213345 0
 0.631943 0.363953 0.00410389 0 0
 0.735681 0.248677 0.0153453 0.000297389 0
 0.695825 0.281241 0.0229344 0 0
 0.275771 0.60734 0.115278 0.00161068 0
 0 0 0 0 0
 0.896147 0.0623911 0.0374545 0.00400742 0
 0.803859 0.145111 0.0509908 3.86294e-05 0
 0.739449 0.233085 0.0266225 0.000797448 4.60066e-05
 0.878498 0.100942 0.0204185 0.000141795 0
 0.694673 0.275183 0.0284847 0.00165964 0
ppred_PELACES
 0.520849 0.339923 0.124661 0.0145609 5.56772e-06
 0.483678 0.356585 0.113322 0.0415588 0.00485608
 0.356517 0.423334 0.15204 0.0483181 0.0197903
 0.470382 0.285246 0.160768 0.0577397 0.0258652
 0.566689 0.278448 0.0834069 0.047009 0.0244464
 0.40882 0.427974 0.104877 0.0314152 0.0269137
 0.593257 0.239159 0.12132 0.0297301 0.0165348
 0.508068 0.367988 0.072877 0.0369689 0.0140979
 0.572691 0.290799 0.102116 0.0202231 0.0141709
 0.502127 0.365522 0.0900694 0.0316283 0.0106529
 0.344502 0.441372 0.157204 0.0387372 0.0181844
 0.32881 0.351501 0.215259 0.0766694 0.0277609
 0.4902 0.257694 0.132028 0.0808537 0.0392252
 0.511109 0.328498 0.0810759 0.0415386 0.0377794
 0.602109 0.278609 0.0801487 0.0197814 0.0193525
 0.584078 0.319653 0.0674091 0.0193919 0.00946839
 0.485749 0.383084 0.100807 0.0212584 0.00910151
 0.484878 0.340234 0.13028 0.0342827 0.0103249
 0.469044 0.349209 0.120042 0.0459658 0.0157386
 0.58955 0.26382 0.0964385 0.0331512 0.0170404
 0.553815 0.332431 0.0731164 0.0267274 0.0139103
 0.479427 0.371929 0.110747 0.0243582 0.0135382
 0.54296 0.297276 0.114145 0.0339881 0.0116304
 0.483403 0.364886 0.0986786 0.0378895 0.0151427
pobs_pel_tallas
 0 0 0 0 0 0 0 0 0 0 0 0 0 0 0 0 0 0 0 0 0 0 0 0 0 0 0 0 0 0 0 0 0 0 0 0
 0 0 0 0 0 0 0 0 0 0 0 0 0 0 0 0 0 0 0 0 0 0 0 0 0 0 0 0 0 0 0 0 0 0 0 0
 0 0 0 0 0 0 0 0 0 0 0 0 0 0 0 0 0 0 0 0 0 0 0 0 0 0 0 0 0 0 0 0 0 0 0 0
 0 0 0 0 0 0 0 0 0 0 0 0 0 0 0 0 0 0 0 0 0 0 0 0 0 0 0 0 0 0 0 0 0 0 0 0
 0 0 0 0 0 0 0 0 0 0 0 0 0 0 0 0 0 0 0 0 0 0 0 0 0 0 0 0 0 0 0 0 0 0 0 0
 0 0 0 0 0 0 0 0 0 0 0 0 0 0 0 0 0 0 0 0 0 0 0 0 0 0 0 0 0 0 0 0 0 0 0 0
 0 0 0 0 0 0 0 0 0 0 0 0 0 0 0 0 0 0 0 0 0 0 0 0 0 0 0 0 0 0 0 0 0 0 0 0
 0 0 0 0 0 0 0 0 0 0 0 0 0 0 0 0 0 0 0 0 0 0 0 0 0 0 0 0 0 0 0 0 0 0 0 0
 0 0 0 0 0 0 0 0 0 0 0 0 0 0 0 0 0 0 0 0 0 0 0 0 0 0 0 0 0 0 0 0 0 0 0 0
 0 0 0 0 0 0 0 0 0 0 0 0 0 0 0 0 0 0 0 0 0 0 0 0 0 0 0 0 0 0 0 0 0 0 0 0
 0 0 0 0 0 0 0 0 1.78061e-05 0.00172719 0.00360574 0.0105946 0.0120993 0.0124554 0.0147524 0.0171206 0.0266825 0.0428682 0.0675386 0.121331 0.153587 0.119568 0.100827 0.0573624 0.0630603 0.0341343 0.0324427 0.0444173 0.0211091 0.0280891 0.0125444 0.00206551 0 0 0 0
 0 0 0 0 0 0 0 0 0 0 0 0 0 0 0 0 0 0 0 0 0 0 0 0 0 0 0 0 0 0 0 0 0 0 0 0
 0 0 0 0 0 0 0.0133647 0.0140871 0.0187388 0.0205184 0.03894 0.0496705 0.03968 0.0493445 0.0407372 0.0367815 0.0215668 0.0243155 0.0234873 0.0199281 0.019796 0.0243948 0.0301388 0.0376714 0.0412746 0.0863199 0.0771752 0.113111 0.0741005 0.0525337 0.0229764 0.00759418 0.00175318 0 0 0
 0 0 0 0 0 0 0 0 0 0 0.00219441 0.00772107 0.0458388 0.0604681 0.0671733 0.0775358 0.0609151 0.0617685 0.073594 0.0568108 0.0755445 0.0548602 0.0670107 0.0636378 0.0643287 0.046367 0.0373049 0.0286899 0.0247887 0.0153202 0.00654259 0.00121912 0.000365735 0 0 0
 0 0 0 0 0 0 0 0 0 0 0 0 0.000112435 0.00938835 0.0111873 0.0202946 0.0414886 0.0713402 0.111592 0.104902 0.108894 0.110636 0.117776 0.105296 0.107544 0.0401394 0.0192827 0.0124803 0.00416011 0.0028671 0.000618394 0 0 0 0 0
 0 0 0 0 0 0 0 0 0 0 0.00291406 0.0102884 0.027416 0.0768956 0.0749926 0.110853 0.0956884 0.0897413 0.0766577 0.0534642 0.0500743 0.0551293 0.0594112 0.0620874 0.0668451 0.0424026 0.0208742 0.0120726 0.0048766 0.00582813 0.00118941 0.000297354 0 0 0 0
 0 0.00264628 0.0354308 0.0461629 0.0458689 0.0383711 0.0214643 0.0164657 0.0346957 0.0420465 0.0363128 0.0245516 0.0311673 0.0291091 0.0169068 0.0133784 0.00837989 0.0085269 0.0148486 0.0160247 0.0276389 0.0546898 0.0760071 0.122758 0.109233 0.0665981 0.0333725 0.0166128 0.00676272 0.00308733 0.000882094 0 0 0 0 0
 0 0 0 0 0 0 0 0.000805153 0.000690131 0.00759144 0.0133425 0.0154129 0.00931677 0.000345066 0.00356568 0.00563607 0.00851162 0.0253048 0.0502646 0.0516448 0.0657925 0.0565908 0.0611916 0.0827007 0.0866115 0.110766 0.145733 0.0935128 0.0569358 0.0249597 0.0138026 0.00621118 0.00161031 0.00115022 0 0
 0 0 0 0 0 0 0 0 0 0 0 0 0 0 0 0 0 0 0 0 0 0 0 0 0 0 0 0 0 0 0 0 0 0 0 0
 0.00147267 0.00158595 0.00478618 0.00569244 0.00954404 0.0108468 0.00647125 0.017049 0.0510054 0.094081 0.124002 0.0959785 0.0687766 0.0820023 0.061753 0.0591476 0.0492212 0.0479892 0.0443925 0.0268479 0.0217502 0.0140895 0.0121071 0.0120363 0.00920419 0.00665534 0.0049561 0.00860946 0.00930331 0.0156896 0.0114698 0.00855282 0.00243557 0.00046729 0 2.83206e-05
 0 0 0 0 0.000772559 0.00158375 0.000888443 0.00281984 0.00712685 0.0440552 0.0773331 0.111326 0.0921469 0.0852325 0.0710754 0.0886704 0.0786465 0.0553345 0.0373146 0.0185414 0.00753245 0.00457741 0.012979 0.0271748 0.0457355 0.0583668 0.034881 0.0177882 0.00938659 0.00492506 0.0015258 0.00185414 0.000309023 5.79419e-05 3.86279e-05 0
 0 0.00173294 0.00326652 0 0.00397197 0.00683976 0.00946217 0.0152591 0.00757587 0.0136028 0.0228656 0.0392903 0.0559909 0.0764795 0.0681675 0.0726916 0.0566044 0.0477403 0.0527397 0.0444891 0.0609904 0.0582453 0.0661739 0.0445044 0.0529084 0.0360697 0.0280645 0.0235558 0.0158879 0.00826598 0.00280645 0.00217768 0.000904811 0.00058276 9.20147e-05 0
 0 0 0 0 0 0 0 0 0 0 0 0 0 0 0 0 0 0 0 0 0 0 0 0 0 0 0 0 0 0 0 0 0 0 0 0
 0 0 0 0 0 0 0 0 0 0 0 0 0 0 0 0 0 0 0 0 0 0 0 0 0 0 0 0 0 0 0 0 0 0 0 0
ppred_pel_tallas
 1.02381e-16 2.27382e-05 0.000133423 0.000634163 0.00244145 0.00761333 0.0192309 0.0393508 0.0652352 0.0876298 0.0954133 0.0842915 0.0606226 0.0359533 0.0185223 0.00999184 0.00798718 0.009666 0.0132534 0.0178803 0.0230244 0.0281835 0.0328074 0.0363652 0.0384526 0.0388793 0.0377037 0.0352007 0.0317805 0.0278851 0.0238998 0.0201005 0.0166443 0.0135913 0.0109413 0.00866694
 1.0338e-16 2.1118e-05 0.000123909 0.000588931 0.00226729 0.00707022 0.0178591 0.0365441 0.0605835 0.081385 0.088624 0.0783176 0.0563785 0.0335414 0.0174734 0.00973738 0.00814764 0.0100795 0.0138886 0.0187549 0.0241614 0.0295917 0.0344753 0.0382616 0.0405334 0.0410965 0.040015 0.0375758 0.0342023 0.0303455 0.0263917 0.0226102 0.0191454 0.016044 0.0132954 0.0108688
 1.04882e-16 1.55759e-05 9.1366e-05 0.000434204 0.00167153 0.00521234 0.0131663 0.0269429 0.0446715 0.060025 0.0654044 0.0578944 0.0418859 0.0253401 0.013974 0.00901816 0.00894099 0.0118692 0.0166086 0.0225055 0.0290491 0.0356548 0.0416526 0.0463892 0.0493636 0.050334 0.0493596 0.0467604 0.0430162 0.0386408 0.0340755 0.029629 0.0254705 0.0216609 0.0182007 0.0150712
 1.05568e-16 2.05353e-05 0.000120495 0.000572715 0.00220488 0.0068756 0.0173674 0.0355376 0.0589133 0.0791366 0.086163 0.076113 0.0547269 0.0324302 0.0166608 0.00891957 0.00706537 0.00854228 0.0117691 0.0159953 0.0207957 0.0257698 0.0304707 0.0344534 0.0373586 0.0389825 0.0393064 0.0384745 0.0367339 0.0343613 0.0316007 0.0286316 0.0255689 0.0224824 0.0194248 0.0164501
 1.04033e-16 2.47343e-05 0.000145148 0.00068992 0.00265615 0.00828288 0.0209221 0.0428106 0.0709679 0.095322 0.103766 0.0916178 0.065776 0.0387771 0.0195492 0.00985887 0.00708116 0.00809454 0.0109658 0.0147877 0.0190788 0.0234231 0.027378 0.0305191 0.0325238 0.0332395 0.0327101 0.0311474 0.0288633 0.0261866 0.023393 0.0206672 0.0181015 0.0157186 0.0135064 0.0114475
 1.03966e-16 1.78566e-05 0.000104756 0.00049786 0.00191662 0.00597665 0.0150969 0.030893 0.0512188 0.0688165 0.0749679 0.0663219 0.0479005 0.0288134 0.015589 0.00960528 0.00907012 0.0118039 0.0164192 0.0221717 0.02851 0.034828 0.0404442 0.0447048 0.0471225 0.0474854 0.0458973 0.0427319 0.0385248 0.0338383 0.0291461 0.0247684 0.0208631 0.0174601 0.014515 0.0119582
 1.03595e-16 2.58913e-05 0.000151944 0.000722235 0.00278059 0.00867094 0.0219022 0.0448157 0.0742904 0.0997803 0.108608 0.0958644 0.0687637 0.040416 0.0201496 0.00979337 0.00657981 0.00722972 0.00972343 0.0131377 0.0170198 0.0210057 0.0247119 0.0277641 0.0298658 0.0308582 0.0307445 0.0296702 0.0278709 0.0256067 0.0231064 0.0205374 0.0180026 0.0155566 0.0132293 0.0110441
 1.03084e-16 2.21818e-05 0.000130154 0.000618619 0.00238159 0.00742666 0.0187594 0.0383863 0.0636373 0.0854863 0.0930871 0.0822547 0.0591975 0.0351877 0.0182731 0.010088 0.00832702 0.0102228 0.014038 0.0189032 0.0242713 0.0296025 0.034307 0.0378246 0.0397421 0.0398864 0.0383587 0.0354942 0.0317663 0.027669 0.023616 0.0198837 0.0166034 0.0137922 0.0114001 0.00935479
 1.02902e-16 2.49967e-05 0.000146686 0.000697232 0.0026843 0.00837065 0.0211438 0.0432643 0.0717204 0.0963336 0.10487 0.0925972 0.0664904 0.0392211 0.019815 0.0100615 0.00731092 0.0084105 0.0114046 0.0153696 0.019806 0.0242747 0.0283068 0.0314518 0.0333665 0.0338885 0.033065 0.0311252 0.0284096 0.0252828 0.0220587 0.0189575 0.0160998 0.0135277 0.0112368 0.00920625
 1.02983e-16 2.19227e-05 0.000128633 0.000611388 0.00235375 0.00733985 0.0185402 0.0379376 0.0628935 0.0844875 0.0920004 0.0812965 0.0585123 0.0347894 0.0180832 0.010011 0.0082973 0.0102099 0.0140345 0.0189141 0.0243085 0.0296828 0.0344501 0.03805 0.0400652 0.0403142 0.0388863 0.0361026 0.0324242 0.028336 0.0242487 0.0204419 0.0170564 0.0141223 0.0116044 0.00944346
 1.04557e-16 1.50528e-05 8.8293e-05 0.000419591 0.00161526 0.00503686 0.0127231 0.0260361 0.0431691 0.0580091 0.0632157 0.0559755 0.0405378 0.024605 0.0137136 0.00906715 0.00920013 0.0123121 0.0172497 0.0233675 0.0301416 0.0369622 0.0431285 0.0479579 0.0509286 0.0517915 0.0506145 0.0477399 0.043679 0.0389796 0.0341135 0.0294121 0.0250579 0.0211163 0.0175845 0.014436
 1.07102e-16 1.43649e-05 8.42629e-05 0.000400449 0.00154159 0.00480714 0.0121428 0.0248481 0.0411975 0.0553544 0.0603089 0.0533688 0.0385791 0.0232757 0.0127232 0.00805007 0.00784171 0.0103785 0.0145828 0.0198955 0.025908 0.032156 0.0380945 0.0431728 0.0469416 0.0491386 0.0497259 0.0488643 0.0468424 0.0439876 0.0405928 0.0368782 0.0329909 0.0290293 0.0250738 0.0212083
 1.0657e-16 2.13982e-05 0.000125564 0.000596819 0.00229769 0.00716506 0.0180985 0.0370333 0.0613916 0.0824619 0.0897736 0.0792789 0.0569518 0.0336452 0.0170943 0.00884429 0.00664472 0.00781806 0.010714 0.0145657 0.0189664 0.0235551 0.0279351 0.031712 0.0345669 0.0363176 0.0369434 0.036563 0.0353811 0.0336218 0.0314753 0.0290735 0.0264932 0.0237791 0.0209711 0.0181231
 1.04451e-16 2.23127e-05 0.000130926 0.0006223 0.00239578 0.00747091 0.0188712 0.0386146 0.0640146 0.0859896 0.0936259 0.0827089 0.0594765 0.0352577 0.0181345 0.00973502 0.00772593 0.00931598 0.0127637 0.01722 0.0221816 0.0271702 0.0316659 0.0351706 0.0373114 0.0379209 0.0370677 0.0350213 0.0321694 0.0289163 0.0255981 0.0224358 0.0195327 0.0169028 0.0145139 0.0123249
 1.02813e-16 2.62788e-05 0.000154215 0.000733027 0.00282212 0.00880047 0.0222294 0.0454855 0.0754016 0.101275 0.110242 0.097324 0.0698473 0.041126 0.0206377 0.0102492 0.00715967 0.00804199 0.0108348 0.0145729 0.0187514 0.0229427 0.0266972 0.0295867 0.0312896 0.0316607 0.0307579 0.0288137 0.0261658 0.0231712 0.0201328 0.0172575 0.0146511 0.0123402 0.0103054 0.00851214
 1.0217e-16 2.54942e-05 0.000149605 0.000711103 0.00273769 0.00853717 0.0215644 0.0441251 0.0731479 0.0982527 0.106963 0.0944559 0.0678472 0.0400654 0.0203217 0.0104468 0.00774228 0.00899152 0.0121906 0.0163769 0.0210097 0.0256021 0.0296365 0.0326232 0.0342017 0.0342217 0.0327733 0.0301521 0.0267771 0.0230866 0.0194507 0.0161198 0.0132167 0.0107614 0.00871201 0.00700283
 1.02712e-16 2.12093e-05 0.000124443 0.000591464 0.00227703 0.0071006 0.0179359 0.0367013 0.0608449 0.0817382 0.0890138 0.0786745 0.0566625 0.0337646 0.017688 0.0100112 0.00854607 0.0106591 0.014693 0.0198067 0.0254506 0.031066 0.0360364 0.039772 0.0418329 0.0420273 0.0404485 0.0374353 0.033475 0.0290826 0.024697 0.0206204 0.0170089 0.0139006 0.0112618 0.00903039
 1.03621e-16 2.11696e-05 0.000124214 0.000590384 0.00227289 0.00708768 0.0179032 0.0366342 0.0607324 0.0815837 0.0888367 0.0784969 0.0564888 0.0335697 0.0174201 0.00960095 0.00791613 0.0097324 0.013405 0.0181231 0.0233881 0.0287083 0.0335397 0.0373541 0.0397452 0.0405149 0.0397076 0.037578 0.0345113 0.030923 0.0271723 0.0235144 0.0200935 0.0169664 0.0141401 0.0116037
 1.04133e-16 2.04795e-05 0.000120162 0.000571117 0.0021987 0.00685634 0.0173188 0.0354386 0.058751 0.0789239 0.0859452 0.0759535 0.0546836 0.0325472 0.0169818 0.00950663 0.00800611 0.00993965 0.0137173 0.0185478 0.0239321 0.0293701 0.0343066 0.0382036 0.0406496 0.0414474 0.040648 0.0385168 0.0354501 0.0318711 0.0281416 0.0245128 0.0211203 0.0180103 0.0151799 0.0126116
 1.03391e-16 2.57306e-05 0.000150998 0.000717735 0.00276325 0.00861688 0.0217657 0.0445366 0.0738284 0.0991618 0.10794 0.0952882 0.0683791 0.0402473 0.0201712 0.00997731 0.00692319 0.00775336 0.0104556 0.0140956 0.018194 0.0223502 0.0261409 0.029159 0.0310917 0.0317865 0.0312768 0.0297567 0.0275187 0.0248761 0.0220969 0.0193679 0.0167908 0.0144024 0.0122043 0.0101889
 1.02715e-16 2.41752e-05 0.00014186 0.000674278 0.00259591 0.008095 0.0204476 0.0418401 0.0693608 0.0931686 0.101436 0.0895924 0.0643921 0.0381024 0.0194691 0.0102424 0.00787854 0.00933882 0.0127267 0.0171212 0.0219863 0.0268243 0.0311 0.0343052 0.0360641 0.036217 0.034852 0.0322684 0.0288919 0.0251682 0.0214725 0.0180577 0.0150469 0.0124606 0.0102585 0.00837881
 1.03163e-16 2.09332e-05 0.000122823 0.000583765 0.00224739 0.00700817 0.0177024 0.0362235 0.0600526 0.0806735 0.0878533 0.0776464 0.0559168 0.0333099 0.0174315 0.00983823 0.00837016 0.0104294 0.0143839 0.0194106 0.024977 0.0305438 0.0355142 0.0393148 0.0415141 0.0419168 0.040601 0.03788 0.0342103 0.0300766 0.0258931 0.0219467 0.0183887 0.015262 0.0125448 0.010191
 1.03429e-16 2.37005e-05 0.000139076 0.000661051 0.00254499 0.00793623 0.0200465 0.0410192 0.0679993 0.0913377 0.099437 0.0878141 0.0630861 0.0372739 0.0189447 0.0098066 0.0073604 0.00862769 0.0117601 0.015879 0.020497 0.0251737 0.0294327 0.0328129 0.0349594 0.0356982 0.0350653 0.0332799 0.0306737 0.0276044 0.0243804 0.0212199 0.0182458 0.0155063 0.0130083 0.0107448
 1.0353e-16 2.11062e-05 0.00012384 0.0005886 0.00226601 0.00706623 0.017849 0.0365235 0.0605497 0.0813402 0.0885768 0.0782798 0.0563598 0.0335473 0.0175071 0.00980391 0.00825504 0.0102375 0.0141053 0.0190327 0.0244927 0.0299567 0.0348417 0.0385885 0.0407772 0.04122 0.0399957 0.0374115 0.0339129 0.0299695 0.0259791 0.022213 0.018809 0.0158002 0.0131594 0.0108393
pSPR Fmed_Fpbrs
0.597644   0.255389 0.255389
Fs Fmed_Fpbrs
0.281707   1.005 1.005
SSBpbr Bo_Bmed_Bpbrs
986974  540510  202714 202714
Ro
44355.9
SPR SPRFo_SPRFmed_SPRFpbrs
912560 545386 233058
log_Ro
10.52
likeval ReclasPelacesDesembMPH_pf_preclas_ppelaces_ptallas_desvR_qrecl_qpela
 115.051 74.1257 0.00964636 0.000762332 311.201 179.856 83.8283 0 13.8196 0 0 0 0 0 0
q_reclas_q_pelaces
1 1
M
0.7
N
 47908.2 17788.4 6523.59 761.979 0.291363
 48649.2 20362.3 6471.09 2373.16 277.3
 27084.1 20729.8 7445.1 2366.04 969.092
 30781.1 9903.94 5581.97 2004.76 898.06
 57206.9 14230.2 4262.53 2402.41 1249.34
 45882.1 27986.2 6858.19 2054.31 1759.95
 86254.6 18948.8 9612.29 2355.55 1310.07
 91729.2 38613 7646.97 3879.14 1479.3
 129349 37999.2 13343.6 2642.59 1851.73
 133168 53877.8 13276.2 4662 1570.23
 72950.4 58216.1 20735 5109.36 2398.48
 42296.1 27799.8 17024.6 6063.7 2195.58
 45805.8 16372.4 8388.28 5136.98 2492.14
 28465.2 15706.6 3876.52 1986.11 1806.36
 20260 7369.57 2120.04 523.243 511.898
 17611 5832.69 1230.01 353.843 172.769
 15267.9 6948.49 1828.47 385.592 165.086
 16457.2 6379.15 2442.66 642.776 193.584
 17814.6 7247.53 2491.37 953.979 326.64
 32673.5 7948.73 2905.63 998.823 513.416
 47024.6 14669.1 3226.38 1179.39 613.817
 54684.1 22290.1 6637.19 1459.82 811.358
 88039.3 25579.9 9821.87 2924.59 1000.76
 101822 40692.5 11004.7 4225.47 1688.73
pred_Ctot
 5009.55 3482.96 1277.32 149.195 0.0570487
 5009.54 3930.22 1249.02 458.055 53.523
 5225.96 7066.08 2537.78 806.502 330.331
 1534.55 957.348 539.572 193.787 86.8095
 611.445 302.196 90.5204 51.0183 26.5313
 5614.12 6338.66 1553.33 465.286 398.615
 6147.87 2583.48 1310.54 321.156 178.615
 11052.1 8622.09 1707.53 866.193 330.319
 15149.2 8266 2902.65 574.845 402.809
 11544.5 8847.06 2180.03 765.529 257.841
 12390.4 17739.6 6318.37 1556.93 730.867
 6803.85 8071.08 4942.73 1760.47 637.44
 10414.2 6424.26 3291.42 2015.67 977.877
 10167.9 8837.57 2181.18 1117.51 1016.38
 6316.65 3739.07 1075.64 265.476 259.719
 2636.96 1587.88 334.855 96.3293 47.0342
 1759.17 1488.84 391.782 82.6199 35.3726
 1348.72 993.243 380.326 100.081 30.1413
 1308.17 1016.63 349.473 133.818 45.8189
 2266.8 1056.13 386.066 132.712 68.2168
 1541.53 942.411 207.278 75.7698 39.4345
 2289.45 1818.55 541.499 119.1 66.1951
 4401.3 2479.3 951.973 283.463 96.9979
 4898.73 3800.12 1027.69 394.602 157.704
F
 0.155602 0.311203 0.311203 0.311203 0.311203
 0.153064 0.306128 0.306128 0.306128 0.306128
 0.306015 0.61203 0.61203 0.61203 0.61203
 0.0715345 0.143069 0.143069 0.143069 0.143069
 0.0149606 0.0299213 0.0299213 0.0299213 0.0299213
 0.184335 0.368671 0.368671 0.368671 0.368671
 0.103715 0.207429 0.207429 0.207429 0.207429
 0.181275 0.36255 0.36255 0.36255 0.36255
 0.175797 0.351594 0.351594 0.351594 0.351594
 0.127449 0.254898 0.254898 0.254898 0.254898
 0.26475 0.529501 0.529501 0.529501 0.529501
 0.249097 0.498194 0.498194 0.498194 0.498194
 0.370329 0.740658 0.740658 0.740658 0.740658
 0.651324 1.30265 1.30265 1.30265 1.30265
 0.545168 1.09034 1.09034 1.09034 1.09034
 0.229999 0.459998 0.459998 0.459998 0.459998
 0.172719 0.345438 0.345438 0.345438 0.345438
 0.120101 0.240201 0.240201 0.240201 0.240201
 0.107006 0.214011 0.214011 0.214011 0.214011
 0.100825 0.201651 0.201651 0.201651 0.201651
 0.046526 0.0930519 0.0930519 0.0930519 0.0930519
 0.0597663 0.119533 0.119533 0.119533 0.119533
 0.07174 0.14348 0.14348 0.14348 0.14348
 0.068956 0.137912 0.137912 0.137912 0.137912
nmprior
 10 10 8 0
nm_flota  nm_reclas  nm_pelaces    nm_pelaL
inf 14.4171 13.5529 22.8265
cv_recla  cv_pelaces  cv_mph
0.993051 1.01309 0.895798
 ------------------------------------------------
Talla a la edad & desviación 
 7.2 14.2025 17.0495 18.207 18.6776
 1.08 2.13037 2.55742 2.73105 2.80164
