years
 1997 1998 1999 2000 2001 2002 2003 2004 2005 2006 2007 2008 2009 2010 2011 2012 2013 2014 2015 2016 2017 2018 2019 2020
reclasobs
 0 0 0 370054 412103 1.49427e+06 250295 1.28982e+06 931140 785840 897777 1.04006e+06 184774 17550 25797 100020 73551 82996 120727 218422 84188 347160 605670 569463
reclaspred
 1.43555e+06 250374 482281 165115 263712 340032 690783 591189 671460 905190 932481 645122 364878 144756 80599.2 79411.3 89701.1 108582 115016 136650 219277 228964 374527 317227
pelacesobs
 0 0 0 0 0 0 0 0 0 2.06254e+06 1.5e+06 0 1.87456e+06 323000 250000 174000 83755 137374 0 501740 490994 745055 786931 1.00524e+06
pelacespred
 2.58727e+06 706070 450692 345290 712329 476903 2.06067e+06 1.55683e+06 1.76945e+06 2.46516e+06 1.79255e+06 1.30528e+06 865427 285826 170876 157443 177377 221934 212845 266374 528199 446897 556468 494486
mphobs
 0 0 0 0 0 112323 0 153150 637223 0 255016 313432 73983 77613 109348 50772 0 0 0 0 0 0 0 0
mphpred
 447020 181032 161357 78008.2 66909.4 159037 180334 295865 278365 329214 455199 294402 185348 102498 46810 35071.2 35886 41074.7 46803.6 49183.6 72381.6 94541.4 115960 134556
desembarqueobs
 350755 77701 442110 56441 14545 235359 269955 359681 431902 328805 639364 411747 362871 311530 167758 66681 60226 58785 57116 71774 51957 67425 138520 160799
desembarquepred
 350732 77666.6 441567 56422.7 14544 235244 269917 359186 431496 328553 638254 411130 362213 310959 167217 66601.2 60185.6 58704.1 57035.8 71702.3 51940.9 67364.5 138422 160706
Reclutas
 15621.6 45112.7 4453.55 9348.02 41262.3 16327.4 62457.6 61322.9 75243 128092 57173.8 48582.2 52182.5 28303.3 13204.7 11147.6 7453.98 8157.56 8684.13 12078.3 17367.8 22256.9 29655.5 13789.3
log_desv_Rt
 -0.383588 0.67692 -1.63854 -0.89708 0.587704 -0.339402 1.00224 0.983909 1.18848 1.7205 0.913852 0.751012 0.822502 0.210733 -0.551671 -0.72102 -1.1235 -1.0333 -0.970747 -0.640837 -0.277628 -0.029591 0.257404 -0.508354
SSB
 672109 272188 242606 117288 100600 239118 271139 444843 418531 494984 684407 442643 278676 154109 70380.4 52730.7 53955.8 61757.2 70370.7 73949.1 108828 142146 174349 202309
BT
 1.22685e+06 410818 391727 193945 304931 358551 1.07912e+06 1.0115e+06 1.12367e+06 1.3192e+06 1.25112e+06 885476 700711 398270 204925 117727 118828 136352 130147 163396 254015 231102 306672 316760
Ftot
 0.552232 0.813531 1.8301 0.783854 0.191839 1.52511 1.26417 1.75148 1.86227 1.15702 1.61315 1.50419 2.54409 4.67879 4.95303 2.2523 1.77845 1.4404 1.25441 1.40706 0.668765 0.74556 0.905055 1.14776
BD_Bspro_t
 0.939584 0.657038 0.533158 0.219784 0.297479 0.549806 0.431354 0.508702 0.447914 0.444833 0.488283 0.317391 0.22904 0.156766 0.0879761 0.0813472 0.113541 0.173897 0.236823 0.295091 0.412504 0.54158 0.549949 0.506635
BD_Bspro
 1.42499 0.577087 0.514369 0.248672 0.213291 0.506973 0.574863 0.943147 0.887361 1.04946 1.45107 0.938483 0.590845 0.326738 0.149219 0.111799 0.114396 0.130937 0.149199 0.156786 0.230735 0.301376 0.369652 0.428933
BD_Bo
 0.896093 0.362896 0.323456 0.156375 0.134126 0.318805 0.361497 0.593089 0.558009 0.65994 0.91249 0.590156 0.371547 0.205466 0.093835 0.0703035 0.0719369 0.0823382 0.0938222 0.0985931 0.145096 0.189517 0.232452 0.26973
BD_Brms
 2.35406 0.953337 0.849727 0.410801 0.352353 0.83751 0.949662 1.55806 1.4659 1.73368 2.39713 1.55035 0.976064 0.539765 0.246507 0.184689 0.18898 0.216305 0.246473 0.259007 0.38117 0.497866 0.610657 0.708588
S_f
 0.0826068 0.631113 0.970155 0.998383 0.999915
 0.0826068 0.631113 0.970155 0.998383 0.999915
 0.0826068 0.631113 0.970155 0.998383 0.999915
 0.0826068 0.631113 0.970155 0.998383 0.999915
 0.0826068 0.631113 0.970155 0.998383 0.999915
 0.0826068 0.631113 0.970155 0.998383 0.999915
 0.0826068 0.631113 0.970155 0.998383 0.999915
 0.0826068 0.631113 0.970155 0.998383 0.999915
 0.0826068 0.631113 0.970155 0.998383 0.999915
 0.0826068 0.631113 0.970155 0.998383 0.999915
 0.0826068 0.631113 0.970155 0.998383 0.999915
 0.0826068 0.631113 0.970155 0.998383 0.999915
 0.0826068 0.631113 0.970155 0.998383 0.999915
 0.0826068 0.631113 0.970155 0.998383 0.999915
 0.0826068 0.631113 0.970155 0.998383 0.999915
 0.0826068 0.631113 0.970155 0.998383 0.999915
 0.0826068 0.631113 0.970155 0.998383 0.999915
 0.0826068 0.631113 0.970155 0.998383 0.999915
 0.0826068 0.631113 0.970155 0.998383 0.999915
 0.0826068 0.631113 0.970155 0.998383 0.999915
 0.0826068 0.631113 0.970155 0.998383 0.999915
 0.0826068 0.631113 0.970155 0.998383 0.999915
 0.0826068 0.631113 0.970155 0.998383 0.999915
 0.0826068 0.631113 0.970155 0.998383 0.999915
Scru_reclas
 0.269418 0.649847 0.903288 0.979169 0.99579
 0.269418 0.649847 0.903288 0.979169 0.99579
 0.269418 0.649847 0.903288 0.979169 0.99579
 0.269418 0.649847 0.903288 0.979169 0.99579
 0.269418 0.649847 0.903288 0.979169 0.99579
 0.269418 0.649847 0.903288 0.979169 0.99579
 0.269418 0.649847 0.903288 0.979169 0.99579
 0.269418 0.649847 0.903288 0.979169 0.99579
 0.269418 0.649847 0.903288 0.979169 0.99579
 0.269418 0.649847 0.903288 0.979169 0.99579
 0.269418 0.649847 0.903288 0.979169 0.99579
 0.269418 0.649847 0.903288 0.979169 0.99579
 0.269418 0.649847 0.903288 0.979169 0.99579
 0.269418 0.649847 0.903288 0.979169 0.99579
 0.269418 0.649847 0.903288 0.979169 0.99579
 0.269418 0.649847 0.903288 0.979169 0.99579
 0.269418 0.649847 0.903288 0.979169 0.99579
 0.269418 0.649847 0.903288 0.979169 0.99579
 0.269418 0.649847 0.903288 0.979169 0.99579
 0.269418 0.649847 0.903288 0.979169 0.99579
 0.269418 0.649847 0.903288 0.979169 0.99579
 0.269418 0.649847 0.903288 0.979169 0.99579
 0.269418 0.649847 0.903288 0.979169 0.99579
 0.269418 0.649847 0.903288 0.979169 0.99579
Scru_pelaces
 0.784915 1 1 1 1
 0.784915 1 1 1 1
 0.784915 1 1 1 1
 0.784915 1 1 1 1
 0.784915 1 1 1 1
 0.784915 1 1 1 1
 0.784915 1 1 1 1
 0.784915 1 1 1 1
 0.784915 1 1 1 1
 0.784915 1 1 1 1
 0.784915 1 1 1 1
 0.784915 1 1 1 1
 0.784915 1 1 1 1
 0.784915 1 1 1 1
 0.784915 1 1 1 1
 0.784915 1 1 1 1
 0.784915 1 1 1 1
 0.784915 1 1 1 1
 0.784915 1 1 1 1
 0.784915 1 1 1 1
 0.784915 1 1 1 1
 0.784915 1 1 1 1
 0.784915 1 1 1 1
 0.784915 1 1 1 1
pf_obs 
 0.256992 0.487395 0.22802 0.0275931 0
 0.321318 0.546541 0.124235 0.00734118 0.000564706
 0.182869 0.594174 0.210203 0.0122559 0.00049798
 0.330522 0.361315 0.267642 0.0388342 0.00168674
 0.649043 0.306663 0.0425973 0.00169635 0
 0.582887 0.30429 0.105238 0.00758474 0
 0.465427 0.430635 0.0974691 0.00646863 0
 0.296916 0.608066 0.0921331 0.00288517 0
 0.311714 0.524322 0.152257 0.0117073 0
 0.15457 0.633149 0.183074 0.0267441 0.00246327
 0.131901 0.49318 0.331252 0.0422183 0.00144891
 0.196976 0.569456 0.194076 0.0375587 0.00193317
 0.518974 0.381816 0.0799577 0.0180837 0.00116848
 0.0928022 0.601141 0.25162 0.0475244 0.00691264
 0.122501 0.610282 0.24278 0.0234846 0.000952079
 0.383417 0.481906 0.127806 0.00687128 0
 0.0376549 0.599619 0.316969 0.0457579 0
 0.0361596 0.667082 0.258105 0.0386534 0
 0.158088 0.579412 0.248529 0.0139706 0
 0.0477256 0.309471 0.559284 0.082774 0.000745712
 0.0406174 0.521527 0.379366 0.0568643 0.0016247
 0.151134 0.462217 0.34131 0.0453401 0
 0.294876 0.26143 0.354403 0.0886775 0.000613685
 0.281977 0.475581 0.204845 0.0348837 0.00271318
pf_pred 
 0.0713384 0.620754 0.271984 0.0359168 6.77943e-06
 0.26176 0.272541 0.360076 0.0936967 0.011926
 0.0317769 0.771203 0.101422 0.0746211 0.0209776
 0.174494 0.226375 0.540388 0.0311774 0.0275659
 0.465198 0.357945 0.0707965 0.0960491 0.0100114
 0.113184 0.764905 0.0931723 0.01172 0.0170188
 0.463291 0.305635 0.215101 0.0123735 0.0035997
 0.276017 0.658627 0.0474258 0.0167496 0.00118089
 0.312132 0.560652 0.12193 0.00390029 0.00138582
 0.364293 0.536874 0.0899996 0.00848855 0.000344834
 0.134359 0.730629 0.123362 0.0106551 0.000995659
 0.183627 0.515988 0.276905 0.0215607 0.0019197
 0.286894 0.53229 0.142012 0.0359268 0.00287811
 0.264141 0.654755 0.0724809 0.00688771 0.00173527
 0.28684 0.67063 0.0415761 0.000864295 8.95891e-05
 0.335977 0.627273 0.0363516 0.000390527 7.75727e-06
 0.213611 0.686262 0.097895 0.00220856 2.24832e-05
 0.257936 0.562172 0.169 0.0106629 0.000228313
 0.247652 0.592375 0.138644 0.0201025 0.00122629
 0.298034 0.537282 0.145067 0.0171155 0.0025018
 0.286201 0.575651 0.120248 0.0158669 0.0020324
 0.240715 0.567733 0.168266 0.0203705 0.00291522
 0.247502 0.538924 0.179313 0.0302427 0.00401746
 0.112743 0.659635 0.18724 0.0341403 0.00624167
pobs_RECLAS
 0 0 0 0 0
 0 0 0 0 0
 0 0 0 0 0
 0 0 0 0 0
 0.835266 0.146461 0.0176864 0.000547809 3.91292e-05
 0.385257 0.428462 0.181853 0.0044286 0
 0.867414 0.0963971 0.0333333 0.00285562 0
 0.441836 0.489002 0.0689373 0.000224442 0
 0.779404 0.147425 0.0564933 0.0165055 0.000172143
 0.814271 0.122319 0.05973 0.00367925 0
 0.40263 0.566651 0.0304383 0.000280538 0
 0.475488 0.404961 0.113038 0.00651328 0
 0.955842 0.0263864 0.0167828 0.000988607 0
 0.975058 0.0227948 0.00214734 0 0
 0.738997 0.206755 0.0527124 0.00153531 0
 0.850938 0.134255 0.0134407 0.00136685 0
 0.542534 0.407297 0.0501686 0 0
 0.764087 0.199537 0.0359546 0.000420521 0
 0.470689 0.182191 0.310203 0.0369168 0
 0.84361 0.089868 0.0606195 0.00523954 0.000663233
 0.607945 0.314616 0.071237 0.00620181 0
 0.523733 0.453247 0.0230204 0 0
 0.530135 0.295979 0.169645 0.0042399 0
 0.562478 0.366248 0.0663022 0.0049721 0
ppred_RECLAS
 0.205012 0.550766 0.214436 0.0297812 5.70749e-06
 0.556189 0.176327 0.204395 0.0558692 0.00721977
 0.107184 0.736103 0.0788922 0.0605464 0.0172741
 0.430812 0.170464 0.357592 0.0216749 0.0194569
 0.739572 0.178466 0.0317721 0.0453869 0.0048036
 0.31 0.607915 0.0619323 0.00814615 0.0120067
 0.756721 0.147693 0.0886649 0.00534332 0.00157797
 0.576094 0.391622 0.0231422 0.0085311 0.000610433
 0.624804 0.31669 0.0559658 0.00186686 0.000673174
 0.662676 0.291075 0.0419311 0.00414614 0.000170983
 0.35608 0.557961 0.0782289 0.00706062 0.000669652
 0.451164 0.368469 0.165658 0.0134898 0.00121913
 0.618235 0.303041 0.0613394 0.0160779 0.00130668
 0.652998 0.323916 0.0206031 0.0019779 0.000504836
 0.683002 0.306277 0.0104795 0.000219297 2.30248e-05
 0.652986 0.331796 0.0150466 0.000167966 3.38532e-06
 0.494478 0.451534 0.0527342 0.00124152 1.2827e-05
 0.55293 0.351974 0.0890871 0.00588126 0.000127824
 0.534058 0.378196 0.0755571 0.0114778 0.000710759
 0.600526 0.316986 0.0722437 0.00892067 0.00132358
 0.571705 0.35292 0.0651614 0.00903809 0.00117542
 0.516417 0.372275 0.0971531 0.0123589 0.00179571
 0.529242 0.349017 0.10137 0.0179506 0.0024209
 0.306063 0.534046 0.130348 0.024918 0.00462467
pobs_PELACES
 0 0 0 0 0
 0 0 0 0 0
 0 0 0 0 0
 0 0 0 0 0
 0 0 0 0 0
 0 0 0 0 0
 0 0 0 0 0
 0 0 0 0 0
 0 0 0 0 0
 0 0 0 0 0
 0.450072 0.473896 0.0757376 0.000293798 0
 0 0 0 0 0
 0.463077 0.371075 0.160297 0.00555027 0
 0.529543 0.364841 0.0842815 0.0213345 0
 0.631943 0.363953 0.00410389 0 0
 0.735681 0.248677 0.0153453 0.000297389 0
 0.695825 0.281241 0.0229344 0 0
 0.275771 0.60734 0.115278 0.00161068 0
 0 0 0 0 0
 0.896147 0.0623911 0.0374545 0.00400742 0
 0.803859 0.145111 0.0509908 3.86294e-05 0
 0.739449 0.233085 0.0266225 0.000797448 4.60066e-05
 0.878498 0.100942 0.0204185 0.000141795 0
 0.694673 0.275183 0.0284847 0.00165964 0
ppred_PELACES
 0.375203 0.481766 0.126858 0.0161695 3.04628e-06
 0.777849 0.112417 0.0855931 0.02142 0.0027207
 0.255491 0.665445 0.0418087 0.0290995 0.00815606
 0.68575 0.124362 0.171924 0.00954343 0.00842049
 0.86136 0.10604 0.0132931 0.0174865 0.00181965
 0.540914 0.425122 0.0262704 0.00314268 0.00455121
 0.896917 0.0735517 0.0275767 0.00151515 0.000439701
 0.78498 0.205277 0.00717392 0.00240016 0.000168725
 0.825322 0.15773 0.0162816 0.000492403 0.000174429
 0.828563 0.155908 0.0141959 0.00128103 5.19162e-05
 0.59709 0.369046 0.0310774 0.00254896 0.000237522
 0.701453 0.230469 0.0629967 0.00466656 0.000414382
 0.843298 0.137762 0.0150916 0.00356369 0.000284428
 0.896296 0.100685 0.00272963 0.000231428 5.79462e-05
 0.910724 0.088006 0.00124466 2.29444e-05 2.36288e-06
 0.845236 0.150898 0.00382643 3.85864e-05 7.63851e-07
 0.727718 0.254387 0.0175172 0.000374197 3.79815e-06
 0.768239 0.199022 0.030846 0.00185351 3.95833e-05
 0.745842 0.22231 0.0277683 0.00384617 0.000234048
 0.799813 0.172854 0.0242134 0.00272226 0.000396885
 0.752106 0.217273 0.0267798 0.00340532 0.000435327
 0.715403 0.238012 0.0411101 0.00479098 0.000684237
 0.734338 0.217138 0.0410019 0.00664174 0.000880381
 0.529596 0.396533 0.0612377 0.0106845 0.00194876
pobs_pel_tallas
 0 0 0 0 0 0 0 0 0 0 0 0 0 0 0 0 0 0 0 0 0 0 0 0 0 0 0 0 0 0 0 0 0 0 0 0
 0 0 0 0 0 0 0 0 0 0 0 0 0 0 0 0 0 0 0 0 0 0 0 0 0 0 0 0 0 0 0 0 0 0 0 0
 0 0 0 0 0 0 0 0 0 0 0 0 0 0 0 0 0 0 0 0 0 0 0 0 0 0 0 0 0 0 0 0 0 0 0 0
 0 0 0 0 0 0 0 0 0 0 0 0 0 0 0 0 0 0 0 0 0 0 0 0 0 0 0 0 0 0 0 0 0 0 0 0
 0 0 0 0 0 0 0 0 0 0 0 0 0 0 0 0 0 0 0 0 0 0 0 0 0 0 0 0 0 0 0 0 0 0 0 0
 0 0 0 0 0 0 0 0 0 0 0 0 0 0 0 0 0 0 0 0 0 0 0 0 0 0 0 0 0 0 0 0 0 0 0 0
 0 0 0 0 0 0 0 0 0 0 0 0 0 0 0 0 0 0 0 0 0 0 0 0 0 0 0 0 0 0 0 0 0 0 0 0
 0 0 0 0 0 0 0 0 0 0 0 0 0 0 0 0 0 0 0 0 0 0 0 0 0 0 0 0 0 0 0 0 0 0 0 0
 0 0 0 0 0 0 0 0 0 0 0 0 0 0 0 0 0 0 0 0 0 0 0 0 0 0 0 0 0 0 0 0 0 0 0 0
 0 0 0 0 0 0 0 0 0 0 0 0 0 0 0 0 0 0 0 0 0 0 0 0 0 0 0 0 0 0 0 0 0 0 0 0
 0 0 0 0 0 0 0 0 1.78061e-05 0.00172719 0.00360574 0.0105946 0.0120993 0.0124554 0.0147524 0.0171206 0.0266825 0.0428682 0.0675386 0.121331 0.153587 0.119568 0.100827 0.0573624 0.0630603 0.0341343 0.0324427 0.0444173 0.0211091 0.0280891 0.0125444 0.00206551 0 0 0 0
 0 0 0 0 0 0 0 0 0 0 0 0 0 0 0 0 0 0 0 0 0 0 0 0 0 0 0 0 0 0 0 0 0 0 0 0
 0 0 0 0 0 0 0.0133647 0.0140871 0.0187388 0.0205184 0.03894 0.0496705 0.03968 0.0493445 0.0407372 0.0367815 0.0215668 0.0243155 0.0234873 0.0199281 0.019796 0.0243948 0.0301388 0.0376714 0.0412746 0.0863199 0.0771752 0.113111 0.0741005 0.0525337 0.0229764 0.00759418 0.00175318 0 0 0
 0 0 0 0 0 0 0 0 0 0 0.00219441 0.00772107 0.0458388 0.0604681 0.0671733 0.0775358 0.0609151 0.0617685 0.073594 0.0568108 0.0755445 0.0548602 0.0670107 0.0636378 0.0643287 0.046367 0.0373049 0.0286899 0.0247887 0.0153202 0.00654259 0.00121912 0.000365735 0 0 0
 0 0 0 0 0 0 0 0 0 0 0 0 0.000112435 0.00938835 0.0111873 0.0202946 0.0414886 0.0713402 0.111592 0.104902 0.108894 0.110636 0.117776 0.105296 0.107544 0.0401394 0.0192827 0.0124803 0.00416011 0.0028671 0.000618394 0 0 0 0 0
 0 0 0 0 0 0 0 0 0 0 0.00291406 0.0102884 0.027416 0.0768956 0.0749926 0.110853 0.0956884 0.0897413 0.0766577 0.0534642 0.0500743 0.0551293 0.0594112 0.0620874 0.0668451 0.0424026 0.0208742 0.0120726 0.0048766 0.00582813 0.00118941 0.000297354 0 0 0 0
 0 0.00264628 0.0354308 0.0461629 0.0458689 0.0383711 0.0214643 0.0164657 0.0346957 0.0420465 0.0363128 0.0245516 0.0311673 0.0291091 0.0169068 0.0133784 0.00837989 0.0085269 0.0148486 0.0160247 0.0276389 0.0546898 0.0760071 0.122758 0.109233 0.0665981 0.0333725 0.0166128 0.00676272 0.00308733 0.000882094 0 0 0 0 0
 0 0 0 0 0 0 0 0.000805153 0.000690131 0.00759144 0.0133425 0.0154129 0.00931677 0.000345066 0.00356568 0.00563607 0.00851162 0.0253048 0.0502646 0.0516448 0.0657925 0.0565908 0.0611916 0.0827007 0.0866115 0.110766 0.145733 0.0935128 0.0569358 0.0249597 0.0138026 0.00621118 0.00161031 0.00115022 0 0
 0 0 0 0 0 0 0 0 0 0 0 0 0 0 0 0 0 0 0 0 0 0 0 0 0 0 0 0 0 0 0 0 0 0 0 0
 0.00147267 0.00158595 0.00478618 0.00569244 0.00954404 0.0108468 0.00647125 0.017049 0.0510054 0.094081 0.124002 0.0959785 0.0687766 0.0820023 0.061753 0.0591476 0.0492212 0.0479892 0.0443925 0.0268479 0.0217502 0.0140895 0.0121071 0.0120363 0.00920419 0.00665534 0.0049561 0.00860946 0.00930331 0.0156896 0.0114698 0.00855282 0.00243557 0.00046729 0 2.83206e-05
 0 0 0 0 0.000772559 0.00158375 0.000888443 0.00281984 0.00712685 0.0440552 0.0773331 0.111326 0.0921469 0.0852325 0.0710754 0.0886704 0.0786465 0.0553345 0.0373146 0.0185414 0.00753245 0.00457741 0.012979 0.0271748 0.0457355 0.0583668 0.034881 0.0177882 0.00938659 0.00492506 0.0015258 0.00185414 0.000309023 5.79419e-05 3.86279e-05 0
 0 0.00173294 0.00326652 0 0.00397197 0.00683976 0.00946217 0.0152591 0.00757587 0.0136028 0.0228656 0.0392903 0.0559909 0.0764795 0.0681675 0.0726916 0.0566044 0.0477403 0.0527397 0.0444891 0.0609904 0.0582453 0.0661739 0.0445044 0.0529084 0.0360697 0.0280645 0.0235558 0.0158879 0.00826598 0.00280645 0.00217768 0.000904811 0.00058276 9.20147e-05 0
 0 0 0 0 0 0 0 0 0 0 0 0 0 0 0 0 0 0 0 0 0 0 0 0 0 0 0 0 0 0 0 0 0 0 0 0
 0 0 0 0 0 0 0 0 0 0 0 0 0 0 0 0 0 0 0 0 0 0 0 0 0 0 0 0 0 0 0 0 0 0 0 0
ppred_pel_tallas
 1.02514e-16 1.63931e-05 9.61581e-05 0.000456975 0.00175918 0.00548567 0.0138568 0.028356 0.0470154 0.063177 0.0688458 0.0609567 0.0441362 0.0267704 0.0148849 0.00978403 0.00986188 0.0131445 0.0183588 0.0247823 0.0318239 0.0388008 0.0449378 0.0494908 0.051906 0.0519446 0.0497308 0.045701 0.0404827 0.0347405 0.0290436 0.023788 0.0191817 0.0152787 0.012036 0.00936813
 1.02115e-16 3.39352e-05 0.00019918 0.00094683 0.00364537 0.0113678 0.028714 0.0587522 0.0973865 0.130782 0.142302 0.125485 0.0897504 0.0522255 0.0250607 0.0105572 0.00498871 0.00398204 0.00487037 0.00650911 0.00847112 0.0105381 0.0125215 0.0142394 0.015541 0.0163332 0.0165932 0.0163618 0.0157228 0.0147764 0.0136171 0.0123213 0.0109469 0.0095389 0.00813722 0.00678094
 1.02192e-16 1.11803e-05 6.5538e-05 0.000311367 0.00119849 0.00373714 0.0094404 0.0193211 0.0320451 0.0430905 0.0470357 0.0418329 0.0306958 0.0194278 0.0122555 0.01021 0.0123344 0.017373 0.0244476 0.0329085 0.0420289 0.0508753 0.0583811 0.0635418 0.0656439 0.064437 0.0601939 0.0536295 0.045715 0.0374491 0.0296596 0.0228876 0.0173682 0.0130863 0.00987105 0.00748995
 1.03203e-16 2.992e-05 0.000175606 0.00083475 0.00321383 0.010022 0.0253148 0.0517973 0.0858593 0.115305 0.12547 0.110664 0.0791953 0.0461767 0.0223353 0.00972053 0.00507148 0.0045573 0.00584764 0.00794479 0.0104692 0.013208 0.0159566 0.0185016 0.0206478 0.0222472 0.0232173 0.0235404 0.0232498 0.0224105 0.0211027 0.0194135 0.0174352 0.0152669 0.013014 0.0107833
 1.0091e-16 3.75763e-05 0.000220557 0.00104846 0.00403669 0.0125881 0.0317964 0.0650589 0.107839 0.144817 0.157566 0.138929 0.0993299 0.0577264 0.0275603 0.0113631 0.00498857 0.00357242 0.00414238 0.00541806 0.00692396 0.00842945 0.00975145 0.0107281 0.0112428 0.0112491 0.0107804 0.00993702 0.00885854 0.00768873 0.00654629 0.00550834 0.00460869 0.00384724 0.00320471 0.00265616
 1.00833e-16 2.36163e-05 0.00013857 0.000658621 0.00253559 0.00790689 0.0199725 0.0408688 0.0677534 0.0910178 0.0991161 0.0875957 0.0630704 0.0375474 0.0196018 0.0109801 0.00923062 0.0114011 0.0156228 0.0209339 0.0266989 0.0322783 0.0369805 0.040161 0.0413641 0.0404329 0.0375482 0.033176 0.0279488 0.0225178 0.0174248 0.0130262 0.00947909 0.00677582 0.00480412 0.00340754
 1.00489e-16 3.91255e-05 0.000229655 0.00109172 0.00420325 0.0131075 0.0331084 0.0677431 0.112288 0.150787 0.164053 0.144629 0.10336 0.0599787 0.0284671 0.0114457 0.00458219 0.00280177 0.00301027 0.00389089 0.00498268 0.00609472 0.00709268 0.00785929 0.00830667 0.00839351 0.00813247 0.00758326 0.00683502 0.00598402 0.00511427 0.0042862 0.00353444 0.00287245 0.00230029 0.00181192
 1.0026e-16 3.42498e-05 0.000201019 0.000955552 0.00367893 0.0114724 0.0289784 0.0592938 0.0982866 0.131998 0.143644 0.126714 0.0907278 0.0529923 0.0257967 0.0114937 0.00634799 0.00595431 0.00759874 0.0100616 0.0128021 0.0154557 0.0176777 0.0191563 0.0196731 0.0191556 0.0176957 0.0155236 0.0129501 0.0102942 0.00782066 0.00570272 0.00401528 0.00275186 0.00185401 0.00124127
 1.00308e-16 3.6007e-05 0.000211339 0.00100463 0.00386789 0.0120617 0.0304668 0.0623389 0.103333 0.138769 0.151 0.133171 0.0952806 0.0555103 0.0267594 0.0114769 0.00571259 0.00481989 0.00594801 0.00784239 0.00999117 0.0120923 0.0138769 0.0151028 0.0155981 0.0153009 0.0142736 0.0126842 0.0107634 0.00874972 0.00684344 0.00517814 0.00381547 0.00275752 0.00196813 0.00139449
 1.00299e-16 3.61482e-05 0.000212169 0.00100857 0.00388308 0.012109 0.0305864 0.0625836 0.103738 0.139314 0.151591 0.133691 0.0956497 0.0557187 0.0268474 0.0114932 0.00568912 0.00476926 0.00587133 0.00773655 0.00985302 0.0119207 0.0136736 0.0148727 0.0153488 0.0150417 0.0140143 0.0124341 0.0105299 0.00853869 0.00665835 0.00502064 0.00368561 0.00265405 0.00188879 0.00133628
 1.00661e-16 2.60636e-05 0.000152944 0.000726963 0.00279875 0.00872754 0.0220453 0.0451095 0.0747808 0.100449 0.109363 0.0965952 0.0694277 0.0410862 0.0209994 0.0110516 0.00849438 0.010041 0.0136297 0.0182435 0.0232751 0.0281565 0.0322844 0.0350969 0.036195 0.0354379 0.0329767 0.0292102 0.0246828 0.019957 0.0155029 0.0116325 0.00848736 0.00606768 0.0042833 0.00300496
 1.0115e-16 3.06088e-05 0.00017964 0.00085391 0.00328757 0.010252 0.0258957 0.0529866 0.0878332 0.117964 0.128385 0.113284 0.0811785 0.0475499 0.0234012 0.010861 0.00661964 0.00676462 0.00888325 0.0118787 0.0152367 0.0185757 0.0215144 0.0236947 0.0248509 0.0248677 0.0238037 0.0218674 0.0193587 0.0165964 0.0138537 0.0113219 0.00910215 0.00722208 0.0056624 0.00438296
 1.00395e-16 3.679e-05 0.000215938 0.00102649 0.0039521 0.0123243 0.0311301 0.0636958 0.105581 0.141787 0.154277 0.136048 0.0973109 0.0566353 0.0271934 0.0114777 0.005442 0.00433219 0.00523589 0.00688195 0.00876989 0.010624 0.0122076 0.0133091 0.013778 0.013559 0.0127049 0.0113597 0.00972179 0.00799636 0.00635531 0.00491313 0.00372254 0.00278545 0.00207159 0.0015371
 1.00083e-16 3.90994e-05 0.0002295 0.00109098 0.00420038 0.0130986 0.0330858 0.0676971 0.112212 0.150688 0.163951 0.144552 0.103335 0.060023 0.0285982 0.0116881 0.00497095 0.00337813 0.00381136 0.0049362 0.00626025 0.00755085 0.00862894 0.00934009 0.00957738 0.00930594 0.00857173 0.00748896 0.00621144 0.00489698 0.00367648 0.00263564 0.00181132 0.00119998 0.000772122 0.000487112
 1.00048e-16 3.9728e-05 0.000233192 0.00110853 0.00426797 0.0133093 0.0336182 0.0687863 0.114017 0.15311 0.166583 0.146865 0.10497 0.0609369 0.0289661 0.0117213 0.00480497 0.00306264 0.00334601 0.00430514 0.00545288 0.0065723 0.00750438 0.00811392 0.00830787 0.00805645 0.00740084 0.00644201 0.00531553 0.0041603 0.00309138 0.00218388 0.00146974 0.00094519 0.000583445 0.000347883
 1.00105e-16 3.6875e-05 0.000216436 0.00102886 0.0039612 0.0123527 0.0312018 0.0638426 0.105825 0.142115 0.154637 0.136372 0.0975559 0.0568053 0.027326 0.0116203 0.00563612 0.00460945 0.00561786 0.00737806 0.00937286 0.0113056 0.0129173 0.013978 0.0143277 0.0139143 0.0128071 0.0111778 0.00925725 0.00728253 0.00545026 0.00388913 0.0026545 0.00174097 0.00110404 0.000682438
 1.00345e-16 3.17549e-05 0.000186367 0.000885886 0.00341068 0.0106359 0.0268654 0.0549709 0.0911228 0.122383 0.133196 0.117534 0.0842352 0.0493618 0.0243312 0.0113533 0.00699347 0.0071874 0.0094203 0.0125349 0.0159711 0.0193035 0.0221096 0.0240017 0.0247061 0.0241284 0.0223764 0.0197294 0.016567 0.0132809 0.010198 0.00753447 0.00538731 0.00375441 0.00257008 0.00174108
 1.00569e-16 3.35196e-05 0.000196732 0.000935175 0.00360047 0.0112277 0.0283604 0.0580293 0.0961906 0.129183 0.140581 0.124013 0.0887951 0.0518664 0.0252549 0.0112646 0.00624255 0.00588125 0.00753001 0.0100016 0.0127739 0.0154963 0.0178352 0.0194842 0.0202227 0.0199661 0.0187844 0.0168801 0.0145342 0.0120401 0.00964536 0.00751748 0.00573729 0.00431393 0.00321064 0.00237056
 1.0061e-16 3.25439e-05 0.000191002 0.000907928 0.00349556 0.0109006 0.027534 0.0563386 0.0933889 0.125423 0.136496 0.120426 0.086262 0.0504585 0.0247029 0.0112447 0.00654951 0.00644336 0.0083522 0.0111103 0.0141831 0.01719 0.0197609 0.0215551 0.0223286 0.0219906 0.0206242 0.0184601 0.0158168 0.013025 0.0103622 0.00801464 0.00606939 0.00453208 0.00335638 0.00247365
 1.00513e-16 3.48953e-05 0.000204811 0.000973589 0.00374839 0.011689 0.0295255 0.060413 0.100141 0.134485 0.146342 0.129075 0.0923766 0.0538711 0.026068 0.0113503 0.00589955 0.00522035 0.00655196 0.00867211 0.0110682 0.0134218 0.0154408 0.0168594 0.0174869 0.017251 0.0162143 0.014554 0.0125154 0.0103539 0.0082845 0.00645164 0.00492401 0.00370759 0.00276847 0.00205555
 1.00589e-16 3.28169e-05 0.000192605 0.00091555 0.0035249 0.0109921 0.0277652 0.0568115 0.0941726 0.126475 0.137639 0.12143 0.086973 0.0508568 0.0248652 0.0112634 0.00648422 0.00631637 0.00816403 0.0108544 0.0138546 0.0167904 0.0192992 0.0210482 0.0217992 0.0214636 0.0201229 0.0180031 0.015416 0.0126851 0.0100819 0.0077885 0.0058899 0.00439133 0.00324712 0.00238975
 1.00858e-16 3.12173e-05 0.000183212 0.000870891 0.00335295 0.0104558 0.0264107 0.0540403 0.08958 0.12031 0.130938 0.115537 0.0827929 0.0484954 0.0238655 0.0110732 0.00674092 0.00687476 0.00900889 0.0120178 0.0153689 0.0186654 0.0215132 0.0235462 0.0244988 0.0242669 0.0229299 0.0207241 0.0179801 0.0150431 0.0122049 0.00966351 0.00751554 0.00577398 0.00439883 0.00332723
 1.00923e-16 3.20421e-05 0.000188057 0.000893926 0.00344164 0.0107324 0.0271093 0.0554697 0.0919485 0.123489 0.134391 0.118569 0.084932 0.0496812 0.0243241 0.0110764 0.00645969 0.00636687 0.00826724 0.0110178 0.0140978 0.0171378 0.0197771 0.0216815 0.0226072 0.0224567 0.0212986 0.0193442 0.0168901 0.0142469 0.0116773 0.00936035 0.007384 0.005762 0.00446119 0.00342847
 1.01457e-16 2.31217e-05 0.000135669 0.000644834 0.00248252 0.00774139 0.0195544 0.0400132 0.0663345 0.0891103 0.0970354 0.0857484 0.0617223 0.036709 0.0190996 0.0105996 0.00880586 0.0108299 0.0148512 0.0199466 0.0255216 0.0309843 0.035691 0.0390353 0.0405779 0.040149 0.0378854 0.0341857 0.029604 0.024718 0.0200139 0.0158194 0.0122914 0.00944621 0.00721154 0.00547758
pSPR Fmed_Fpbrs
0.374649   0.430659 0.430659
Fs Fmed_Fpbrs
1.31217   1.005 1.005
SSBpbr Bo_Bmed_Bpbrs
750043  243501  285511 285511
Ro
22925.4
SPR SPRFo_SPRFmed_SPRFpbrs
471658 176706 203124
log_Ro
9.86
likeval ReclasPelacesDesembMPH_pf_preclas_ppelaces_ptallas_desvR_qrecl_qpela
 73.8925 16.1931 0.181525 0.00016788 299.031 165.393 87.44 0 24.9036 3.27618e-05 0.000133936 0 0 0 0
q_reclas_q_pelaces
2.25035 5.18879
M
0.7
N
 15621.6 20244.4 6226.95 804.034 0.151583
 45112.7 7411.54 7094.76 1809.65 230.095
 4453.55 20946.3 2202.53 1600.16 449.54
 9348.02 1901.27 3277.11 185.283 163.644
 41262.3 4351.03 575.694 760.713 79.1791
 16327.4 20168.1 1914.28 237.333 344.37
 62457.6 7148.19 3825.1 216.481 62.9244
 61322.9 27940 1598.43 557.187 39.256
 75243 26350 4593.65 145.121 51.5295
 128092 32036.9 4039.68 374.555 15.2019
 57173.8 57810.4 7665.08 652.904 60.9652
 48582.2 24849.5 10371.8 795.865 70.8065
 52182.5 21306.2 4775.62 1196.97 95.8428
 28303.3 21001.4 2124.19 200.962 50.6181
 13204.7 9549.4 544.299 11.2684 1.16778
 11147.6 4355.42 208.161 2.21287 0.0439313
 7453.98 4595.92 522.026 11.6258 0.118271
 8157.56 3195.79 742.87 46.1706 0.98782
 8684.13 3596.49 639.402 91.2047 5.55885
 12078.3 3887.92 809.194 94.0252 13.7327
 17367.8 5339.73 794.425 102.614 13.1291
 22256.9 8161.04 1738.65 206.193 29.476
 29655.5 10392.3 2531.57 418.868 55.586
 13789.3 13665.6 2915.01 522.462 95.4317
pred_Ctot
 502.306 4370.84 1915.08 252.896 0.0477351
 2116.86 2204.05 2911.94 757.728 96.4462
 453.312 11001.6 1446.83 1064.5 299.255
 423.096 548.893 1310.28 75.596 66.8393
 466.976 359.314 71.0671 96.4163 10.0497
 1400.07 9461.8 1152.53 144.975 210.521
 4480.99 2956.12 2080.47 119.677 34.8166
 5990.45 14294.3 1029.29 363.52 25.6291
 7784.48 13982.5 3040.9 97.2719 34.5619
 8443.36 12443.3 2085.95 196.742 7.99234
 5169.39 28110.6 4746.28 409.951 38.3075
 4111.84 11554.2 6200.55 482.795 42.9866
 7199.83 13358.2 3563.89 901.611 72.2286
 6671.3 16536.9 1830.62 173.96 43.8269
 3264.4 7632.14 473.159 9.83616 1.01957
 1375.73 2568.52 148.85 1.5991 0.031764
 738.659 2373.06 338.516 7.63709 0.077746
 662.659 1444.27 434.176 27.3937 0.586555
 618.445 1479.3 346.227 50.2006 3.06234
 959.575 1729.87 467.069 55.1066 8.055
 673.453 1354.55 282.953 37.3359 4.7824
 959.472 2262.94 670.697 81.1954 11.6199
 1543 3359.81 1117.89 188.542 25.046
 901.963 5277.19 1497.95 273.128 49.9344
F
 0.0456181 0.348521 0.53575 0.551339 0.552185
 0.0672032 0.51343 0.789251 0.812216 0.813462
 0.151179 1.155 1.77548 1.82714 1.82994
 0.0647517 0.494701 0.76046 0.782587 0.783787
 0.0158472 0.121072 0.186113 0.191529 0.191822
 0.125984 0.962516 1.47959 1.52264 1.52498
 0.104429 0.797834 1.22644 1.26213 1.26406
 0.144685 1.10538 1.69921 1.74865 1.75134
 0.153836 1.1753 1.80669 1.85926 1.86211
 0.095578 0.730212 1.12249 1.15515 1.15692
 0.133257 1.01808 1.565 1.61054 1.61301
 0.124257 0.949316 1.4593 1.50176 1.50407
 0.210159 1.60561 2.46816 2.53998 2.54387
 0.3865 2.95284 4.53915 4.67122 4.67839
 0.409154 3.12592 4.80521 4.94503 4.95261
 0.186055 1.42146 2.18508 2.24866 2.25211
 0.146912 1.1224 1.72537 1.77558 1.7783
 0.118987 0.909058 1.39741 1.43808 1.44028
 0.103623 0.791674 1.21697 1.25238 1.2543
 0.116232 0.888011 1.36506 1.40478 1.40694
 0.0552446 0.422067 0.648806 0.667684 0.668708
 0.0615883 0.470533 0.723308 0.744355 0.745496
 0.0747637 0.571192 0.878043 0.903592 0.904978
 0.0948129 0.724367 1.11351 1.14591 1.14766
nmprior
 10 10 8 0
nm_flota  nm_reclas  nm_pelaces    nm_pelaL
inf 18.6568 10.7092 17.2072
cv_recla  cv_pelaces  cv_mph
0.795842 0.47351 0.420375
 ------------------------------------------------
Talla a la edad & desviación 
 7.2 14.2025 17.0495 18.207 18.6776
 1.08 2.13037 2.55742 2.73105 2.80164
