years
 1997 1998 1999 2000 2001 2002 2003 2004 2005 2006 2007 2008 2009 2010 2011 2012 2013 2014 2015 2016 2017 2018 2019 2020
reclasobs
 0 0 0 370054 412103 1.49427e+06 250295 1.28982e+06 931140 785840 897777 1.04006e+06 184774 17550 25797 100020 73551 82996 120727 218422 84188 347160 605670 569463
reclaspred
 394128 111619 362609 266728 379590 452187 982466 647645 704681 618094 481730 323733 197663 93421.6 67445.7 70018.3 89074.5 121348 127848 185855 270163 250150 439273 518706
pelacesobs
 0 0 0 0 0 0 0 0 0 2.06254e+06 1.5e+06 0 1.87456e+06 323000 250000 174000 83755 137374 0 501740 490994 745055 786931 1.00524e+06
pelacespred
 1.25474e+06 317844 630149 703020 851121 854929 2.07285e+06 1.73614e+06 1.65669e+06 1.47397e+06 1.03671e+06 717630 436472 174097 123242 136047 180184 247381 269631 379664 610600 552012 766076 1.07023e+06
mphobs
 0 0 0 0 0 112323 0 153150 637223 0 255016 313432 73983 77613 109348 50772 0 0 0 0 0 0 0 0
mphpred
 772945 494858 630829 822544 845203 1.28402e+06 1.94136e+06 2.25443e+06 1.91135e+06 1.87872e+06 1.70152e+06 1.19463e+06 739446 390402 194122 170857 209425 292898 360890 414794 628339 745333 951596 1.34986e+06
desembarqueobs
 350755 77701 442110 56441 14545 235359 269955 359681 431902 328805 639364 411747 362871 311530 167758 66681 60226 58785 57116 71774 51957 67425 138520 160799
desembarquepred
 350762 77702.5 442125 56442.3 14545.1 235391 269979 359691 431944 328838 639630 412024 363252 312024 167821 66694.3 60244.5 58787.3 57113.7 71774.6 51957.7 67420.9 138520 160800
Reclutas
 59717.3 76490.8 48219.2 75445.5 127354 93276.6 142942 133500 153724 145150 68892.4 41123.9 42110.7 23819.8 19091.7 24233.3 20523.7 22334 25791.8 47355.5 59594.9 78771.8 126169 122952
log_desv_Rt
 -0.00262271 0.244926 -0.216488 0.231165 0.754725 0.443324 0.870195 0.801857 0.942914 0.885526 0.1403 -0.375656 -0.351944 -0.921728 -1.14299 -0.904516 -1.07066 -0.986135 -0.842188 -0.234562 -0.00467538 0.274311 0.745376 0.71955
SSB
 772945 494858 630829 822544 845203 1.28402e+06 1.94136e+06 2.25443e+06 1.91135e+06 1.87872e+06 1.70152e+06 1.19463e+06 739446 390402 194122 170857 209425 292898 360890 414794 628339 745333 951596 1.34986e+06
BT
 2.53829e+06 700101 1.37113e+06 1.31848e+06 1.53486e+06 1.71659e+06 3.89482e+06 3.51832e+06 3.3624e+06 2.9582e+06 2.4395e+06 1.6669e+06 1.14002e+06 613762 364510 298938 372166 489952 532143 738378 1.13564e+06 1.05147e+06 1.46656e+06 2.04846e+06
Ftot
 0.383215 0.303286 0.427004 0.0795877 0.0161062 0.162021 0.101043 0.201842 0.228099 0.187957 0.400752 0.372582 0.585344 1.02326 0.93292 0.366721 0.26171 0.176162 0.151514 0.153469 0.0732277 0.0936567 0.109543 0.107723
BD_Bspro_t
 0.953272 0.781244 0.750879 0.64635 0.759355 0.863082 0.837267 0.841695 0.795314 0.759087 0.720642 0.574677 0.46273 0.34962 0.231915 0.249507 0.368708 0.536199 0.640801 0.719346 0.809243 0.867113 0.873754 0.876219
BD_Bspro
 0.627479 0.401727 0.512108 0.667743 0.686138 1.04237 1.576 1.83015 1.55164 1.52515 1.3813 0.969806 0.600284 0.316929 0.157588 0.138702 0.170012 0.237775 0.292972 0.336731 0.510087 0.605063 0.772508 1.09582
BD_Bo
 0.560442 0.358808 0.457397 0.596405 0.612834 0.931006 1.40763 1.63462 1.38587 1.36221 1.23373 0.866196 0.536153 0.28307 0.140752 0.123884 0.151848 0.212372 0.261672 0.300756 0.455592 0.540421 0.689977 0.978744
BD_Brms
 1.97357 1.26353 1.6107 2.10021 2.15806 3.27849 4.95688 5.75624 4.88027 4.79695 4.3445 3.05026 1.88803 0.996816 0.495652 0.43625 0.534726 0.747857 0.921463 1.0591 1.60434 1.90306 2.42972 3.4466
S_f
 0.197844 1 1 1 1
 0.197844 1 1 1 1
 0.197844 1 1 1 1
 0.197844 1 1 1 1
 0.197844 1 1 1 1
 0.197844 1 1 1 1
 0.197844 1 1 1 1
 0.197844 1 1 1 1
 0.197844 1 1 1 1
 0.197844 1 1 1 1
 0.197844 1 1 1 1
 0.197844 1 1 1 1
 0.197844 1 1 1 1
 0.197844 1 1 1 1
 0.197844 1 1 1 1
 0.197844 1 1 1 1
 0.197844 1 1 1 1
 0.197844 1 1 1 1
 0.197844 1 1 1 1
 0.197844 1 1 1 1
 0.197844 1 1 1 1
 0.197844 1 1 1 1
 0.197844 1 1 1 1
 0.197844 1 1 1 1
Scru_reclas
 1 1 1 1 1
 1 1 1 1 1
 1 1 1 1 1
 1 1 1 1 1
 1 1 1 1 1
 1 1 1 1 1
 1 1 1 1 1
 1 1 1 1 1
 1 1 1 1 1
 1 1 1 1 1
 1 1 1 1 1
 1 1 1 1 1
 1 1 1 1 1
 1 1 1 1 1
 1 1 1 1 1
 1 1 1 1 1
 1 1 1 1 1
 1 1 1 1 1
 1 1 1 1 1
 1 1 1 1 1
 1 1 1 1 1
 1 1 1 1 1
 1 1 1 1 1
 1 1 1 1 1
Scru_pelaces
 1 1 1 1 1
 1 1 1 1 1
 1 1 1 1 1
 1 1 1 1 1
 1 1 1 1 1
 1 1 1 1 1
 1 1 1 1 1
 1 1 1 1 1
 1 1 1 1 1
 1 1 1 1 1
 1 1 1 1 1
 1 1 1 1 1
 1 1 1 1 1
 1 1 1 1 1
 1 1 1 1 1
 1 1 1 1 1
 1 1 1 1 1
 1 1 1 1 1
 1 1 1 1 1
 1 1 1 1 1
 1 1 1 1 1
 1 1 1 1 1
 1 1 1 1 1
 1 1 1 1 1
pf_obs 
 0.256992 0.487395 0.22802 0.0275931 0
 0.321318 0.546541 0.124235 0.00734118 0.000564706
 0.182869 0.594174 0.210203 0.0122559 0.00049798
 0.330522 0.361315 0.267642 0.0388342 0.00168674
 0.649043 0.306663 0.0425973 0.00169635 0
 0.582887 0.30429 0.105238 0.00758474 0
 0.465427 0.430635 0.0974691 0.00646863 0
 0.296916 0.608066 0.0921331 0.00288517 0
 0.311714 0.524322 0.152257 0.0117073 0
 0.15457 0.633149 0.183074 0.0267441 0.00246327
 0.131901 0.49318 0.331252 0.0422183 0.00144891
 0.196976 0.569456 0.194076 0.0375587 0.00193317
 0.518974 0.381816 0.0799577 0.0180837 0.00116848
 0.0928022 0.601141 0.25162 0.0475244 0.00691264
 0.122501 0.610282 0.24278 0.0234846 0.000952079
 0.383417 0.481906 0.127806 0.00687128 0
 0.0376549 0.599619 0.316969 0.0457579 0
 0.0361596 0.667082 0.258105 0.0386534 0
 0.158088 0.579412 0.248529 0.0139706 0
 0.0477256 0.309471 0.559284 0.082774 0.000745712
 0.0406174 0.521527 0.379366 0.0568643 0.0016247
 0.151134 0.462217 0.34131 0.0453401 0
 0.294876 0.26143 0.354403 0.0886775 0.000613685
 0.281977 0.475581 0.204845 0.0348837 0.00271318
pf_pred 
 0.35908 0.45178 0.169097 0.0200326 1.04924e-05
 0.320378 0.524482 0.109357 0.0409314 0.0048516
 0.184142 0.597644 0.168401 0.0351125 0.0147
 0.288657 0.413808 0.217955 0.0614142 0.0181661
 0.318476 0.463503 0.126829 0.0668015 0.0243907
 0.179029 0.578013 0.165235 0.0452135 0.0325093
 0.261676 0.400623 0.237762 0.0679684 0.0319707
 0.209812 0.515342 0.149135 0.0885086 0.0372031
 0.235229 0.455305 0.201826 0.0584066 0.0492332
 0.21008 0.500064 0.172565 0.0764941 0.0407965
 0.11785 0.524165 0.226625 0.078205 0.0531551
 0.115859 0.396451 0.289781 0.125288 0.0726215
 0.190206 0.356568 0.203228 0.148547 0.101452
 0.17574 0.50268 0.141598 0.0807044 0.0992778
 0.251873 0.478274 0.164571 0.0463574 0.058924
 0.33393 0.484588 0.116021 0.0399221 0.0255394
 0.229477 0.577965 0.140092 0.033541 0.0189246
 0.233974 0.481983 0.213059 0.051643 0.0193407
 0.239152 0.476151 0.179131 0.0791845 0.0263814
 0.33372 0.419667 0.154335 0.0580618 0.0342171
 0.279299 0.526656 0.122222 0.0449478 0.0268749
 0.269856 0.488733 0.176413 0.0409404 0.0240583
 0.308638 0.456901 0.15694 0.0566491 0.0208722
 0.224682 0.545314 0.152002 0.0522111 0.0257899
pobs_RECLAS
 0 0 0 0 0
 0 0 0 0 0
 0 0 0 0 0
 0 0 0 0 0
 0.835266 0.146461 0.0176864 0.000547809 3.91292e-05
 0.385257 0.428462 0.181853 0.0044286 0
 0.867414 0.0963971 0.0333333 0.00285562 0
 0.441836 0.489002 0.0689373 0.000224442 0
 0.779404 0.147425 0.0564933 0.0165055 0.000172143
 0.814271 0.122319 0.05973 0.00367925 0
 0.40263 0.566651 0.0304383 0.000280538 0
 0.475488 0.404961 0.113038 0.00651328 0
 0.955842 0.0263864 0.0167828 0.000988607 0
 0.975058 0.0227948 0.00214734 0 0
 0.738997 0.206755 0.0527124 0.00153531 0
 0.850938 0.134255 0.0134407 0.00136685 0
 0.542534 0.407297 0.0501686 0 0
 0.764087 0.199537 0.0359546 0.000420521 0
 0.470689 0.182191 0.310203 0.0369168 0
 0.84361 0.089868 0.0606195 0.00523954 0.000663233
 0.607945 0.314616 0.071237 0.00620181 0
 0.523733 0.453247 0.0230204 0 0
 0.530135 0.295979 0.169645 0.0042399 0
 0.562478 0.366248 0.0663022 0.0049721 0
ppred_RECLAS
 0.743527 0.180786 0.0676665 0.00801631 4.19868e-06
 0.708039 0.225314 0.046979 0.0175838 0.00208421
 0.539569 0.337282 0.0950375 0.0198158 0.008296
 0.673114 0.190159 0.100158 0.0282219 0.00834796
 0.702712 0.202185 0.055324 0.0291395 0.0106395
 0.526445 0.333411 0.0953116 0.0260802 0.0187521
 0.642927 0.193752 0.114988 0.0328714 0.0154619
 0.575705 0.276715 0.0800787 0.0475251 0.0199764
 0.611558 0.231258 0.102511 0.0296658 0.0250065
 0.575892 0.268485 0.0926503 0.0410697 0.0219037
 0.409058 0.351132 0.151813 0.0523887 0.035608
 0.403886 0.267299 0.195379 0.0844729 0.0489636
 0.552787 0.196916 0.112233 0.0820357 0.0560273
 0.540387 0.280298 0.078956 0.0450014 0.055358
 0.647477 0.225366 0.0775473 0.021844 0.0277654
 0.721525 0.2026 0.0485068 0.0166909 0.0106777
 0.604396 0.296741 0.0719263 0.0172207 0.0097163
 0.609129 0.245935 0.108715 0.0263512 0.00986876
 0.61559 0.24057 0.0905041 0.0400072 0.0133289
 0.718474 0.177323 0.0652116 0.024533 0.0144579
 0.662833 0.246387 0.0571795 0.0210281 0.012573
 0.652401 0.23267 0.0839846 0.0194905 0.0114534
 0.694095 0.202164 0.069441 0.0250654 0.00923526
 0.595594 0.284436 0.0792845 0.0272333 0.013452
pobs_PELACES
 0 0 0 0 0
 0 0 0 0 0
 0 0 0 0 0
 0 0 0 0 0
 0 0 0 0 0
 0 0 0 0 0
 0 0 0 0 0
 0 0 0 0 0
 0 0 0 0 0
 0 0 0 0 0
 0.450072 0.473896 0.0757376 0.000293798 0
 0 0 0 0 0
 0.463077 0.371075 0.160297 0.00555027 0
 0.529543 0.364841 0.0842815 0.0213345 0
 0.631943 0.363953 0.00410389 0 0
 0.735681 0.248677 0.0153453 0.000297389 0
 0.695825 0.281241 0.0229344 0 0
 0.275771 0.60734 0.115278 0.00161068 0
 0 0 0 0 0
 0.896147 0.0623911 0.0374545 0.00400742 0
 0.803859 0.145111 0.0509908 3.86294e-05 0
 0.739449 0.233085 0.0266225 0.000797448 4.60066e-05
 0.878498 0.100942 0.0204185 0.000141795 0
 0.694673 0.275183 0.0284847 0.00165964 0
ppred_PELACES
 0.762389 0.16749 0.06269 0.00742676 3.88989e-06
 0.724354 0.212723 0.0443538 0.0166012 0.00196775
 0.567495 0.316825 0.0892731 0.0186139 0.00779282
 0.677732 0.187472 0.0987426 0.0278232 0.00823001
 0.703602 0.20158 0.0551584 0.0290523 0.0106076
 0.537123 0.325893 0.0931624 0.0254921 0.0183293
 0.649043 0.190433 0.113018 0.0323083 0.015197
 0.5887 0.268239 0.077626 0.0460695 0.0193645
 0.625802 0.222778 0.0987524 0.028578 0.0240895
 0.587995 0.260822 0.0900061 0.0398976 0.0212786
 0.434927 0.335761 0.145168 0.0500953 0.0340492
 0.427839 0.256558 0.187528 0.0810786 0.0469961
 0.590706 0.18022 0.102717 0.0750799 0.0512767
 0.606535 0.239957 0.0675926 0.0385247 0.0473909
 0.701599 0.190767 0.0656417 0.0184903 0.0235027
 0.740604 0.188719 0.0451833 0.0155473 0.00994611
 0.620835 0.28441 0.0689374 0.0165051 0.00931255
 0.620174 0.238986 0.105643 0.0256066 0.0095899
 0.625035 0.234659 0.0882802 0.0390241 0.0130014
 0.726618 0.172194 0.0633252 0.0238234 0.0140396
 0.667151 0.243231 0.0564471 0.0207587 0.0124119
 0.658002 0.228921 0.0826313 0.0191764 0.0112689
 0.700217 0.198118 0.0680512 0.0245637 0.00905043
 0.602443 0.279619 0.0779417 0.0267721 0.0132242
pobs_pel_tallas
 0 0 0 0 0 0 0 0 0 0 0 0 0 0 0 0 0 0 0 0 0 0 0 0 0 0 0 0 0 0 0 0 0 0 0 0
 0 0 0 0 0 0 0 0 0 0 0 0 0 0 0 0 0 0 0 0 0 0 0 0 0 0 0 0 0 0 0 0 0 0 0 0
 0 0 0 0 0 0 0 0 0 0 0 0 0 0 0 0 0 0 0 0 0 0 0 0 0 0 0 0 0 0 0 0 0 0 0 0
 0 0 0 0 0 0 0 0 0 0 0 0 0 0 0 0 0 0 0 0 0 0 0 0 0 0 0 0 0 0 0 0 0 0 0 0
 0 0 0 0 0 0 0 0 0 0 0 0 0 0 0 0 0 0 0 0 0 0 0 0 0 0 0 0 0 0 0 0 0 0 0 0
 0 0 0 0 0 0 0 0 0 0 0 0 0 0 0 0 0 0 0 0 0 0 0 0 0 0 0 0 0 0 0 0 0 0 0 0
 0 0 0 0 0 0 0 0 0 0 0 0 0 0 0 0 0 0 0 0 0 0 0 0 0 0 0 0 0 0 0 0 0 0 0 0
 0 0 0 0 0 0 0 0 0 0 0 0 0 0 0 0 0 0 0 0 0 0 0 0 0 0 0 0 0 0 0 0 0 0 0 0
 0 0 0 0 0 0 0 0 0 0 0 0 0 0 0 0 0 0 0 0 0 0 0 0 0 0 0 0 0 0 0 0 0 0 0 0
 0 0 0 0 0 0 0 0 0 0 0 0 0 0 0 0 0 0 0 0 0 0 0 0 0 0 0 0 0 0 0 0 0 0 0 0
 0 0 0 0 0 0 0 0 1.78061e-05 0.00172719 0.00360574 0.0105946 0.0120993 0.0124554 0.0147524 0.0171206 0.0266825 0.0428682 0.0675386 0.121331 0.153587 0.119568 0.100827 0.0573624 0.0630603 0.0341343 0.0324427 0.0444173 0.0211091 0.0280891 0.0125444 0.00206551 0 0 0 0
 0 0 0 0 0 0 0 0 0 0 0 0 0 0 0 0 0 0 0 0 0 0 0 0 0 0 0 0 0 0 0 0 0 0 0 0
 0 0 0 0 0 0 0.0133647 0.0140871 0.0187388 0.0205184 0.03894 0.0496705 0.03968 0.0493445 0.0407372 0.0367815 0.0215668 0.0243155 0.0234873 0.0199281 0.019796 0.0243948 0.0301388 0.0376714 0.0412746 0.0863199 0.0771752 0.113111 0.0741005 0.0525337 0.0229764 0.00759418 0.00175318 0 0 0
 0 0 0 0 0 0 0 0 0 0 0.00219441 0.00772107 0.0458388 0.0604681 0.0671733 0.0775358 0.0609151 0.0617685 0.073594 0.0568108 0.0755445 0.0548602 0.0670107 0.0636378 0.0643287 0.046367 0.0373049 0.0286899 0.0247887 0.0153202 0.00654259 0.00121912 0.000365735 0 0 0
 0 0 0 0 0 0 0 0 0 0 0 0 0.000112435 0.00938835 0.0111873 0.0202946 0.0414886 0.0713402 0.111592 0.104902 0.108894 0.110636 0.117776 0.105296 0.107544 0.0401394 0.0192827 0.0124803 0.00416011 0.0028671 0.000618394 0 0 0 0 0
 0 0 0 0 0 0 0 0 0 0 0.00291406 0.0102884 0.027416 0.0768956 0.0749926 0.110853 0.0956884 0.0897413 0.0766577 0.0534642 0.0500743 0.0551293 0.0594112 0.0620874 0.0668451 0.0424026 0.0208742 0.0120726 0.0048766 0.00582813 0.00118941 0.000297354 0 0 0 0
 0 0.00264628 0.0354308 0.0461629 0.0458689 0.0383711 0.0214643 0.0164657 0.0346957 0.0420465 0.0363128 0.0245516 0.0311673 0.0291091 0.0169068 0.0133784 0.00837989 0.0085269 0.0148486 0.0160247 0.0276389 0.0546898 0.0760071 0.122758 0.109233 0.0665981 0.0333725 0.0166128 0.00676272 0.00308733 0.000882094 0 0 0 0 0
 0 0 0 0 0 0 0 0.000805153 0.000690131 0.00759144 0.0133425 0.0154129 0.00931677 0.000345066 0.00356568 0.00563607 0.00851162 0.0253048 0.0502646 0.0516448 0.0657925 0.0565908 0.0611916 0.0827007 0.0866115 0.110766 0.145733 0.0935128 0.0569358 0.0249597 0.0138026 0.00621118 0.00161031 0.00115022 0 0
 0 0 0 0 0 0 0 0 0 0 0 0 0 0 0 0 0 0 0 0 0 0 0 0 0 0 0 0 0 0 0 0 0 0 0 0
 0.00147267 0.00158595 0.00478618 0.00569244 0.00954404 0.0108468 0.00647125 0.017049 0.0510054 0.094081 0.124002 0.0959785 0.0687766 0.0820023 0.061753 0.0591476 0.0492212 0.0479892 0.0443925 0.0268479 0.0217502 0.0140895 0.0121071 0.0120363 0.00920419 0.00665534 0.0049561 0.00860946 0.00930331 0.0156896 0.0114698 0.00855282 0.00243557 0.00046729 0 2.83206e-05
 0 0 0 0 0.000772559 0.00158375 0.000888443 0.00281984 0.00712685 0.0440552 0.0773331 0.111326 0.0921469 0.0852325 0.0710754 0.0886704 0.0786465 0.0553345 0.0373146 0.0185414 0.00753245 0.00457741 0.012979 0.0271748 0.0457355 0.0583668 0.034881 0.0177882 0.00938659 0.00492506 0.0015258 0.00185414 0.000309023 5.79419e-05 3.86279e-05 0
 0 0.00173294 0.00326652 0 0.00397197 0.00683976 0.00946217 0.0152591 0.00757587 0.0136028 0.0228656 0.0392903 0.0559909 0.0764795 0.0681675 0.0726916 0.0566044 0.0477403 0.0527397 0.0444891 0.0609904 0.0582453 0.0661739 0.0445044 0.0529084 0.0360697 0.0280645 0.0235558 0.0158879 0.00826598 0.00280645 0.00217768 0.000904811 0.00058276 9.20147e-05 0
 0 0 0 0 0 0 0 0 0 0 0 0 0 0 0 0 0 0 0 0 0 0 0 0 0 0 0 0 0 0 0 0 0 0 0 0
 0 0 0 0 0 0 0 0 0 0 0 0 0 0 0 0 0 0 0 0 0 0 0 0 0 0 0 0 0 0 0 0 0 0 0 0
ppred_pel_tallas
 1.012e-16 3.32633e-05 0.000195231 0.000928041 0.00357301 0.0111421 0.0281441 0.0575865 0.0954558 0.128194 0.139499 0.123044 0.0880697 0.0513799 0.0249018 0.0109127 0.0057799 0.00522714 0.00663244 0.00883999 0.0113685 0.013918 0.0162075 0.0179739 0.0190174 0.0192434 0.0186795 0.01746 0.0157856 0.0138732 0.0119117 0.010037 0.00832681 0.00681149 0.00549203 0.00435622
 1.01362e-16 3.16066e-05 0.0001855 0.000881772 0.00339485 0.0105865 0.0267408 0.0547155 0.0906984 0.12181 0.132564 0.116956 0.0837768 0.049005 0.0239925 0.0109252 0.00637297 0.00628616 0.00817113 0.0109041 0.0139761 0.0170278 0.0197081 0.0216898 0.0227329 0.0227371 0.0217624 0.0200058 0.0177463 0.0152763 0.0128428 0.0106133 0.00867047 0.00702866 0.00566064 0.00452316
 1.02375e-16 2.47711e-05 0.00014536 0.00069092 0.00265999 0.00829484 0.0209523 0.0428728 0.0710721 0.0954652 0.103931 0.0917831 0.0659386 0.0389612 0.0198044 0.0102521 0.00768848 0.00899419 0.0122272 0.0164551 0.0211514 0.0258379 0.030002 0.0331546 0.0349297 0.0351648 0.033932 0.0315055 0.0282823 0.0246834 0.0210681 0.0176854 0.0146658 0.0120442 0.00979802 0.00788158
 1.02804e-16 2.95727e-05 0.000173562 0.00082502 0.00317635 0.00990513 0.0250196 0.0511937 0.0848605 0.113969 0.12403 0.109425 0.0783786 0.0458403 0.0224321 0.0102009 0.00594245 0.00587739 0.00768844 0.0103467 0.0134039 0.0165528 0.0194888 0.0219168 0.0236029 0.0244196 0.0243659 0.0235521 0.0221593 0.0203887 0.0184184 0.0163802 0.0143569 0.0123951 0.0105225 0.00876189
 1.02343e-16 3.07012e-05 0.000180186 0.000856511 0.00329759 0.0102832 0.0259746 0.0531479 0.0880998 0.118319 0.128765 0.113603 0.0813725 0.0475934 0.0232925 0.0105933 0.0061651 0.00607773 0.00791496 0.0105944 0.0136337 0.0166974 0.0194572 0.0216039 0.0229054 0.0232558 0.0226946 0.0213854 0.0195664 0.0174886 0.0153632 0.0133328 0.0114691 0.00978877 0.00827848 0.00691709
 1.03162e-16 2.34471e-05 0.000137586 0.00065396 0.00251768 0.00785106 0.0198314 0.0405793 0.0672709 0.0903619 0.0983816 0.0868984 0.0624639 0.0369777 0.0189252 0.0100077 0.00776322 0.0092501 0.0126346 0.017028 0.0219131 0.0268068 0.0311861 0.0345502 0.0365228 0.0369341 0.0358526 0.0335511 0.0304262 0.026897 0.0233196 0.0199378 0.0168771 0.0141694 0.0117925 0.00970572
 1.03487e-16 2.83219e-05 0.000166218 0.000790106 0.00304192 0.00948592 0.0239607 0.0490272 0.0812696 0.109147 0.118786 0.104807 0.0750877 0.0439505 0.0215731 0.009923 0.00593989 0.00601227 0.00792685 0.0107002 0.0138995 0.0172213 0.0203594 0.0230139 0.0249425 0.0260071 0.0261934 0.025597 0.0243838 0.0227412 0.0208363 0.0187945 0.0166983 0.0145998 0.0125378 0.0105501
 1.03678e-16 2.56937e-05 0.000150781 0.000716703 0.00275928 0.00860448 0.0217344 0.0444725 0.0737223 0.0990197 0.107786 0.0951543 0.0682872 0.0402015 0.0201634 0.00999766 0.00696645 0.00781859 0.0105428 0.0142024 0.0183132 0.0224688 0.0262413 0.0292216 0.0310994 0.0317297 0.0311575 0.0295906 0.0273336 0.0247078 0.0219825 0.0193386 0.0168661 0.0145868 0.0124876 0.0105485
 1.03583e-16 2.73097e-05 0.000160273 0.000761835 0.00293306 0.00914644 0.0231033 0.047273 0.0783629 0.105247 0.11455 0.101091 0.0724724 0.042514 0.0210432 0.0099735 0.00636928 0.00675806 0.00900375 0.0121392 0.015709 0.0193661 0.0227536 0.0255261 0.0274137 0.0282763 0.028126 0.0271068 0.0254447 0.0233845 0.0211375 0.0188529 0.016616 0.0144649 0.0124148 0.0104767
 1.03728e-16 2.56627e-05 0.0001506 0.000715842 0.00275596 0.00859415 0.0217083 0.0444191 0.0736335 0.0988998 0.107654 0.0950346 0.0681942 0.0401326 0.0201028 0.00992544 0.00686445 0.00767234 0.0103425 0.0139447 0.0180039 0.0221251 0.0258921 0.0289045 0.0308554 0.0315957 0.0311589 0.0297358 0.0276124 0.025093 0.0224356 0.0198168 0.0173298 0.0150046 0.0128394 0.010826
 1.05483e-16 1.89913e-05 0.000111426 0.000529588 0.00203881 0.00635773 0.0160594 0.0328616 0.0544792 0.0731869 0.0797021 0.0704461 0.0507403 0.0302443 0.0158625 0.00901341 0.00774746 0.00972135 0.013472 0.0182734 0.0236646 0.0291765 0.0342815 0.0384616 0.0413111 0.0426201 0.0424074 0.0408905 0.0384093 0.0353314 0.0319729 0.0285559 0.0252061 0.0219787 0.0188949 0.0159711
 1.07728e-16 1.86791e-05 0.0001096 0.000520924 0.00200548 0.0062538 0.0157968 0.0323237 0.0535855 0.0719805 0.0783727 0.0692345 0.0497879 0.0295177 0.0151929 0.00818435 0.00655341 0.00798812 0.0110673 0.0151292 0.01981 0.0247672 0.0296105 0.0339401 0.0374177 0.0398275 0.0411019 0.0413058 0.0405894 0.0391308 0.0370903 0.0345904 0.0317211 0.0285595 0.0251916 0.0217231
 1.06493e-16 2.57776e-05 0.000151282 0.000719101 0.00276854 0.00863339 0.0218073 0.0446211 0.0739661 0.0993397 0.108115 0.0953984 0.0683618 0.0400437 0.0197126 0.00916669 0.00563011 0.00582717 0.00775559 0.0105324 0.0137745 0.0172142 0.0205782 0.023594 0.0260364 0.0277667 0.0287497 0.0290388 0.0287403 0.0279712 0.026827 0.0253686 0.0236305 0.0216384 0.01943 0.0170656
 1.04576e-16 2.64701e-05 0.000155342 0.000738393 0.0028428 0.00886495 0.0223923 0.0458184 0.0759523 0.102012 0.111034 0.0980008 0.0702845 0.0412859 0.0205379 0.00990427 0.0065485 0.00711012 0.00951704 0.0128205 0.0165569 0.0203601 0.0238516 0.0266698 0.0285403 0.0293331 0.0290843 0.02797 0.0262485 0.0241883 0.0220091 0.0198516 0.0177778 0.0157946 0.0138847 0.0120333
 1.02728e-16 3.06134e-05 0.000179671 0.000854067 0.00328819 0.0102539 0.0259006 0.0529962 0.0878481 0.117981 0.128394 0.113271 0.0811236 0.047426 0.0231702 0.0104702 0.00600234 0.00584668 0.00759655 0.01018 0.0131286 0.0161242 0.0188568 0.021033 0.0224291 0.0229376 0.0225853 0.0215148 0.0199384 0.0180814 0.0161349 0.014229 0.0124312 0.0107617 0.00921621 0.00778496
 1.01702e-16 3.23142e-05 0.000189656 0.000901538 0.00347096 0.0108239 0.0273403 0.0559419 0.0927305 0.124536 0.135524 0.119552 0.0856015 0.050002 0.0243497 0.0108674 0.00603632 0.00570857 0.00733584 0.00978315 0.0125586 0.015336 0.0178041 0.0196729 0.0207277 0.0208754 0.0201624 0.0187545 0.0168885 0.0148131 0.012738 0.0108047 0.0090829 0.00758574 0.00629319 0.00517412
 1.02074e-16 2.70956e-05 0.00015901 0.000755821 0.00290988 0.00907414 0.0229207 0.0469 0.0777462 0.104424 0.113668 0.100346 0.0720091 0.0423853 0.0212438 0.0105062 0.00728028 0.00813049 0.0109263 0.0146679 0.0188313 0.0229741 0.0266342 0.0293743 0.0308703 0.030983 0.0297855 0.0275331 0.0245906 0.0213421 0.018113 0.0151255 0.0124916 0.0102348 0.00832493 0.00671137
 1.02906e-16 2.7065e-05 0.000158834 0.000754995 0.00290672 0.00906428 0.0228957 0.0468486 0.0776598 0.104304 0.113529 0.1002 0.0718558 0.0421973 0.0209701 0.0100782 0.00661992 0.0071588 0.00957703 0.0129069 0.0166781 0.0205191 0.0240436 0.0268781 0.028732 0.0294571 0.0290722 0.0277418 0.0257218 0.0232914 0.0206941 0.0181059 0.0156306 0.0133161 0.0111791 0.00922575
 1.03279e-16 2.72768e-05 0.000160078 0.000760909 0.00292949 0.00913529 0.0230751 0.0472155 0.0782679 0.105121 0.114415 0.100978 0.0724048 0.0425013 0.0210866 0.0100763 0.00654193 0.00701693 0.00936542 0.0126136 0.0162927 0.0200377 0.0234717 0.0262326 0.0280409 0.0287577 0.0284078 0.027157 0.0252577 0.0229808 0.0205578 0.0181502 0.0158464 0.0136805 0.0116579 0.00977838
 1.0243e-16 3.17037e-05 0.000186074 0.000884508 0.0034054 0.0106194 0.0268238 0.0548851 0.0909784 0.122182 0.13296 0.117285 0.0839661 0.0490229 0.0238293 0.010563 0.00577025 0.00538282 0.00690695 0.00924191 0.0119244 0.0146581 0.0171616 0.0191685 0.0204748 0.0209801 0.0207043 0.0197714 0.0183687 0.0166963 0.0149252 0.0131733 0.0115046 0.00994176 0.00848634 0.00713526
 1.02174e-16 2.91135e-05 0.000170861 0.000812168 0.00312685 0.00975075 0.0246297 0.0503964 0.0835404 0.112201 0.122118 0.107769 0.0772575 0.0453159 0.0224187 0.010602 0.00672988 0.00709028 0.00939156 0.0125841 0.0161611 0.019732 0.0229011 0.0252958 0.02664 0.0268149 0.0258815 0.0240545 0.0216408 0.0189618 0.0162881 0.0138019 0.0115927 0.00967615 0.00802515 0.00659823
 1.02434e-16 2.8714e-05 0.000168517 0.000801028 0.00308396 0.009617 0.0242919 0.049705 0.0823941 0.11066 0.12044 0.106284 0.0761832 0.044667 0.0220637 0.0103793 0.00651993 0.00682629 0.00904406 0.0121491 0.0156575 0.0192031 0.0224136 0.0249335 0.0264919 0.0269589 0.0263687 0.0248977 0.0228097 0.0203875 0.0178745 0.0154418 0.0131836 0.011134 0.00929208 0.00764495
 1.02298e-16 3.05535e-05 0.000179319 0.000852389 0.00328173 0.0102337 0.0258496 0.0528921 0.0876758 0.11775 0.128145 0.113056 0.0809786 0.0473602 0.0231734 0.0105313 0.00611995 0.00602891 0.00785579 0.0105266 0.0135655 0.0166428 0.019435 0.0216355 0.0230108 0.0234493 0.0229806 0.0217559 0.0200014 0.0179581 0.0158325 0.0137681 0.0118422 0.0100813 0.00848324 0.00703753
 1.02736e-16 2.62935e-05 0.000154301 0.000733435 0.00282369 0.00880536 0.0222418 0.0455108 0.0754436 0.101332 0.110304 0.0973788 0.0698875 0.0411514 0.0206536 0.0102622 0.00717509 0.00806321 0.0108638 0.0146107 0.0187974 0.0229948 0.0267517 0.0296385 0.0313327 0.0316893 0.0307672 0.0288006 0.0261293 0.0231123 0.020054 0.0171624 0.014544 0.0122251 0.0101863 0.00839277
pSPR Fmed_Fpbrs
0.720099   0.333974 0.333974
Fs Fmed_Fpbrs
0.202979   1.005 1.005
SSBpbr Bo_Bmed_Bpbrs
1.37917e+06  924182  391649 391649
Ro
59874.1
SPR SPRFo_SPRFmed_SPRFpbrs
1.23183e+06 887038 411398
log_Ro
10.82
likeval ReclasPelacesDesembMPH_pf_preclas_ppelaces_ptallas_desvR_qrecl_qpela
 63.4025 24.8272 0.0228404 0.0014739 289.088 172.8 81.1413 0 15.6811 9.09556e-05 0 0 0 0 0
q_reclas_q_pelaces
0.258867 1
M
0.7
N
 59717.3 16932.4 6337.64 750.808 0.393248
 76490.8 27489.5 5731.71 2145.33 254.286
 48219.2 35772.1 10079.7 2101.66 879.872
 75445.5 22005.1 11590.2 3265.83 966.024
 127354 36879.8 10091.5 5315.23 1940.71
 93276.6 63040.9 18021.4 4931.2 3545.62
 142942 44858.5 26622.6 7610.56 3579.83
 133500 69578 20135.2 11949.9 5022.92
 153724 63699 28236.3 8171.31 6887.92
 145150 72968.7 25180.5 11161.9 5952.98
 68892.4 69448.4 30026.3 10361.7 7042.7
 41123.9 31603.2 23100 9987.37 5789.05
 42110.7 18970.3 10812.2 7903.06 5397.5
 23819.8 18624.8 5246.35 2990.18 3678.34
 19091.7 9660.74 3324.2 936.382 1190.22
 24233.3 7882.77 1887.3 649.411 415.448
 20523.7 11191.7 2712.74 649.488 366.455
 22334 9677.49 4277.91 1036.91 388.333
 25791.8 10710.9 4029.5 1781.23 593.441
 47355.5 12429.6 4571.05 1719.66 1013.43
 59594.9 22812.8 5294.2 1946.97 1164.12
 78771.8 29168.3 10528.6 2443.38 1435.83
 126169 38398.8 13189.6 4760.89 1754.14
 122952 61310.3 17089.8 5870.16 2899.59
pred_Ctot
 3149.47 3962.53 1483.14 175.704 0.0920282
 3214.8 5262.88 1097.34 410.723 48.683
 2822.97 9162.11 2581.65 538.287 225.357
 848.421 1216.26 640.613 180.508 53.3939
 291.438 424.153 116.061 61.1302 22.32
 2120.11 6844.99 1956.76 535.431 384.985
 2036.97 3118.58 1850.81 529.088 248.87
 3767.08 9252.74 2677.66 1589.13 667.966
 4890.88 9466.69 4196.36 1214.39 1023.66
 3818.68 9089.8 3136.76 1390.45 741.569
 3793.89 16874.1 7295.6 2517.61 1711.19
 2110.61 7222.14 5278.94 2282.37 1322.95
 3333.91 6249.88 3562.15 2603.71 1778.23
 3176.32 9085.41 2559.23 1458.65 1794.34
 2338.82 4441.12 1528.16 430.462 547.152
 1224.79 1777.37 425.541 146.426 93.6735
 747.019 1881.45 456.041 109.186 61.6052
 551.262 1135.59 501.985 121.675 45.5683
 548.714 1092.49 411 181.682 60.5298
 1020.3 1283.07 471.857 177.516 104.614
 616.96 1163.36 269.983 99.2878 59.3656
 1041.14 1885.59 680.623 157.954 92.82
 1947.76 2883.42 990.424 357.503 131.721
 1866.85 4530.94 1262.97 433.815 214.285
F
 0.0758168 0.383215 0.383215 0.383215 0.383215
 0.0600034 0.303286 0.303286 0.303286 0.303286
 0.0844802 0.427004 0.427004 0.427004 0.427004
 0.015746 0.0795877 0.0795877 0.0795877 0.0795877
 0.00318653 0.0161062 0.0161062 0.0161062 0.0161062
 0.032055 0.162021 0.162021 0.162021 0.162021
 0.0199907 0.101043 0.101043 0.101043 0.101043
 0.0399333 0.201842 0.201842 0.201842 0.201842
 0.0451281 0.228099 0.228099 0.228099 0.228099
 0.0371863 0.187957 0.187957 0.187957 0.187957
 0.0792865 0.400752 0.400752 0.400752 0.400752
 0.0737131 0.372582 0.372582 0.372582 0.372582
 0.115807 0.585344 0.585344 0.585344 0.585344
 0.202447 1.02326 1.02326 1.02326 1.02326
 0.184573 0.93292 0.93292 0.93292 0.93292
 0.0725537 0.366721 0.366721 0.366721 0.366721
 0.0517777 0.26171 0.26171 0.26171 0.26171
 0.0348525 0.176162 0.176162 0.176162 0.176162
 0.0299762 0.151514 0.151514 0.151514 0.151514
 0.030363 0.153469 0.153469 0.153469 0.153469
 0.0144877 0.0732277 0.0732277 0.0732277 0.0732277
 0.0185294 0.0936567 0.0936567 0.0936567 0.0936567
 0.0216725 0.109543 0.109543 0.109543 0.109543
 0.0213123 0.107723 0.107723 0.107723 0.107723
nmprior
 10 10 8 0
nm_flota  nm_reclas  nm_pelaces    nm_pelaL
inf 13.8679 19.6119 35.5652
cv_recla  cv_pelaces  cv_mph
0.737191 0.586312 1.24558
 ------------------------------------------------
Talla a la edad & desviación 
 7.2 14.2025 17.0495 18.207 18.6776
 1.08 2.13037 2.55742 2.73105 2.80164
