years
 1997 1998 1999 2000 2001 2002 2003 2004 2005 2006 2007 2008 2009 2010 2011 2012 2013 2014 2015 2016 2017 2018 2019 2020
reclasobs
 0 0 0 370054 412103 1.49427e+06 250295 1.28982e+06 931140 785840 897777 1.04006e+06 184774 17550 25797 100020 73551 82996 120727 218422 84188 347160 605670 569463
reclaspred
 5.67077e+06 1.00569e+06 1.23996e+06 243987 250227 356385 676695 646685 658308 816428 918783 724942 393457 140643 76482.7 74909.8 76683.5 107180 137835 131992 189629 219307 359907 282159
pelacesobs
 0 0 0 0 0 0 0 0 0 2.06254e+06 1.5e+06 0 1.87456e+06 323000 250000 174000 83755 137374 0 501740 490994 745055 786931 1.00524e+06
pelacespred
 1.55605e+07 8.50589e+06 1.92483e+06 900184 900303 762945 2.12681e+06 2.07328e+06 1.84121e+06 2.56018e+06 2.34285e+06 1.95347e+06 1.01577e+06 286543 158147 166982 176997 271795 363713 312878 582634 664506 778940 650462
mphobs
 0 0 0 0 0 112323 0 153150 637223 0 255016 313432 73983 77613 109348 50772 0 0 0 0 0 0 0 0
mphpred
 999060 422251 189902 65440.5 47038.3 140399 156051 294976 255406 270684 379948 275137 174337 96903.1 45939.4 32547.7 28199.4 35115.9 46514.3 41929.6 52170.1 73116 88065.3 97989.8
desembarqueobs
 350755 77701 442110 56441 14545 235359 269955 359681 431902 328805 639364 411747 362871 311530 167758 66681 60226 58785 57116 71774 51957 67425 138520 160799
desembarquepred
 350742 77676.8 441536 56411.3 14542.7 235183 269888 359097 431397 328507 638214 411035 362134 310944 167248 66605.2 60196.3 58698.8 57031.1 71686.7 51940.8 67352.2 138397 160672
Reclutas
 11967.1 18007.7 2241.51 5385.55 38425.9 13325.8 64421 56338.4 61246.2 110956 69817.6 50206.7 54624.4 29556.6 12287.1 8943.15 7249.11 8820.14 7200.95 8401.32 14945.5 18203.2 25142.3 10929.1
log_desv_Rt
 -0.470087 -0.0614434 -2.1451 -1.26852 0.696487 -0.362546 1.2132 1.07913 1.16266 1.75689 1.29364 0.963903 1.04824 0.434062 -0.443697 -0.761357 -0.971365 -0.775207 -0.978031 -0.823856 -0.247838 -0.0506478 0.272309 -0.560816
SSB
 1.35456e+06 572502 257475 88726.4 63776.1 190358 211579 399939 346288 367003 515146 373040 236372 131384 62286.1 44129.2 38233.7 47611.3 63065.6 56849.5 70733.9 99133 119402 132858
BT
 1.88724e+06 704640 385992 143784 250463 299700 1.03496e+06 931363 948955 1.08733e+06 1.14915e+06 822008 672508 388379 195414 101142 101224 125511 115218 125446 194479 172985 232312 229184
Ftot
 0.217351 0.354764 1.45123 1.0568 0.287998 1.73646 1.6856 1.72404 2.09475 1.46006 2.00431 1.75497 2.84654 4.95303 4.95301 2.43238 2.3507 1.77189 1.23423 1.71894 0.959797 0.98999 1.22608 1.63365
BD_Bspro_t
 0.971012 0.799833 0.544724 0.183073 0.239371 0.529338 0.386837 0.482977 0.396098 0.370731 0.414792 0.281315 0.198544 0.132273 0.0759955 0.0670453 0.0812358 0.137983 0.216079 0.240255 0.312842 0.451381 0.453848 0.399502
BD_Bspro
 3.4383 1.45319 0.653554 0.225216 0.161884 0.48319 0.537055 1.01517 0.87899 0.93157 1.3076 0.946894 0.599988 0.333496 0.158102 0.112014 0.0970493 0.120853 0.160081 0.144302 0.179545 0.251631 0.30308 0.337235
BD_Bo
 1.57197 0.664389 0.2988 0.102967 0.0740122 0.220911 0.245538 0.464129 0.401868 0.425907 0.597827 0.432913 0.27431 0.152472 0.0722831 0.051212 0.0443703 0.055253 0.0731877 0.0659739 0.0820868 0.115044 0.138566 0.154182
BD_Brms
 4.43875 1.87603 0.843721 0.290748 0.208988 0.623785 0.693324 1.31056 1.13475 1.20263 1.68808 1.22242 0.774569 0.430534 0.204105 0.144607 0.125288 0.156018 0.20666 0.18629 0.231788 0.324849 0.391268 0.435362
S_f
 0.0819236 0.778911 0.992862 0.999818 0.999995
 0.0819236 0.778911 0.992862 0.999818 0.999995
 0.0819236 0.778911 0.992862 0.999818 0.999995
 0.0819236 0.778911 0.992862 0.999818 0.999995
 0.0819236 0.778911 0.992862 0.999818 0.999995
 0.0819236 0.778911 0.992862 0.999818 0.999995
 0.0819236 0.778911 0.992862 0.999818 0.999995
 0.0819236 0.778911 0.992862 0.999818 0.999995
 0.0819236 0.778911 0.992862 0.999818 0.999995
 0.0819236 0.778911 0.992862 0.999818 0.999995
 0.0819236 0.778911 0.992862 0.999818 0.999995
 0.0819236 0.778911 0.992862 0.999818 0.999995
 0.0819236 0.778911 0.992862 0.999818 0.999995
 0.0819236 0.778911 0.992862 0.999818 0.999995
 0.0819236 0.778911 0.992862 0.999818 0.999995
 0.0819236 0.778911 0.992862 0.999818 0.999995
 0.0819236 0.778911 0.992862 0.999818 0.999995
 0.0819236 0.778911 0.992862 0.999818 0.999995
 0.0819236 0.778911 0.992862 0.999818 0.999995
 0.0819236 0.778911 0.992862 0.999818 0.999995
 0.0819236 0.778911 0.992862 0.999818 0.999995
 0.0819236 0.778911 0.992862 0.999818 0.999995
 0.0819236 0.778911 0.992862 0.999818 0.999995
 0.0819236 0.778911 0.992862 0.999818 0.999995
Scru_reclas
 0.0930865 0.34061 0.722193 0.928992 0.985039
 0.0930865 0.34061 0.722193 0.928992 0.985039
 0.0930865 0.34061 0.722193 0.928992 0.985039
 0.0930865 0.34061 0.722193 0.928992 0.985039
 0.0930865 0.34061 0.722193 0.928992 0.985039
 0.0930865 0.34061 0.722193 0.928992 0.985039
 0.0930865 0.34061 0.722193 0.928992 0.985039
 0.0930865 0.34061 0.722193 0.928992 0.985039
 0.0930865 0.34061 0.722193 0.928992 0.985039
 0.0930865 0.34061 0.722193 0.928992 0.985039
 0.0930865 0.34061 0.722193 0.928992 0.985039
 0.0930865 0.34061 0.722193 0.928992 0.985039
 0.0930865 0.34061 0.722193 0.928992 0.985039
 0.0930865 0.34061 0.722193 0.928992 0.985039
 0.0930865 0.34061 0.722193 0.928992 0.985039
 0.0930865 0.34061 0.722193 0.928992 0.985039
 0.0930865 0.34061 0.722193 0.928992 0.985039
 0.0930865 0.34061 0.722193 0.928992 0.985039
 0.0930865 0.34061 0.722193 0.928992 0.985039
 0.0930865 0.34061 0.722193 0.928992 0.985039
 0.0930865 0.34061 0.722193 0.928992 0.985039
 0.0930865 0.34061 0.722193 0.928992 0.985039
 0.0930865 0.34061 0.722193 0.928992 0.985039
 0.0930865 0.34061 0.722193 0.928992 0.985039
Scru_pelaces
 0.0914434 0.336218 0.71824 0.927687 0.984747
 0.0914434 0.336218 0.71824 0.927687 0.984747
 0.0914434 0.336218 0.71824 0.927687 0.984747
 0.0914434 0.336218 0.71824 0.927687 0.984747
 0.0914434 0.336218 0.71824 0.927687 0.984747
 0.0914434 0.336218 0.71824 0.927687 0.984747
 0.0914434 0.336218 0.71824 0.927687 0.984747
 0.0914434 0.336218 0.71824 0.927687 0.984747
 0.0914434 0.336218 0.71824 0.927687 0.984747
 0.0914434 0.336218 0.71824 0.927687 0.984747
 0.0914434 0.336218 0.71824 0.927687 0.984747
 0.0914434 0.336218 0.71824 0.927687 0.984747
 0.0914434 0.336218 0.71824 0.927687 0.984747
 0.0914434 0.336218 0.71824 0.927687 0.984747
 0.0914434 0.336218 0.71824 0.927687 0.984747
 0.0914434 0.336218 0.71824 0.927687 0.984747
 0.0914434 0.336218 0.71824 0.927687 0.984747
 0.0914434 0.336218 0.71824 0.927687 0.984747
 0.0914434 0.336218 0.71824 0.927687 0.984747
 0.0914434 0.336218 0.71824 0.927687 0.984747
 0.0914434 0.336218 0.71824 0.927687 0.984747
 0.0914434 0.336218 0.71824 0.927687 0.984747
 0.0914434 0.336218 0.71824 0.927687 0.984747
 0.0914434 0.336218 0.71824 0.927687 0.984747
pf_obs 
 0.256992 0.487395 0.22802 0.0275931 0
 0.321318 0.546541 0.124235 0.00734118 0.000564706
 0.182869 0.594174 0.210203 0.0122559 0.00049798
 0.330522 0.361315 0.267642 0.0388342 0.00168674
 0.649043 0.306663 0.0425973 0.00169635 0
 0.582887 0.30429 0.105238 0.00758474 0
 0.465427 0.430635 0.0974691 0.00646863 0
 0.296916 0.608066 0.0921331 0.00288517 0
 0.311714 0.524322 0.152257 0.0117073 0
 0.15457 0.633149 0.183074 0.0267441 0.00246327
 0.131901 0.49318 0.331252 0.0422183 0.00144891
 0.196976 0.569456 0.194076 0.0375587 0.00193317
 0.518974 0.381816 0.0799577 0.0180837 0.00116848
 0.0928022 0.601141 0.25162 0.0475244 0.00691264
 0.122501 0.610282 0.24278 0.0234846 0.000952079
 0.383417 0.481906 0.127806 0.00687128 0
 0.0376549 0.599619 0.316969 0.0457579 0
 0.0361596 0.667082 0.258105 0.0386534 0
 0.158088 0.579412 0.248529 0.0139706 0
 0.0477256 0.309471 0.559284 0.082774 0.000745712
 0.0406174 0.521527 0.379366 0.0568643 0.0016247
 0.151134 0.462217 0.34131 0.0453401 0
 0.294876 0.26143 0.354403 0.0886775 0.000613685
 0.281977 0.475581 0.204845 0.0348837 0.00271318
pf_pred 
 0.0224069 0.639596 0.298574 0.0394209 2.64297e-06
 0.0587179 0.162736 0.553842 0.198673 0.0260315
 0.017024 0.421444 0.122204 0.313282 0.126047
 0.160169 0.207225 0.342434 0.0638285 0.226344
 0.573615 0.319176 0.034828 0.0393919 0.0329899
 0.100285 0.83781 0.049378 0.00409197 0.0084351
 0.554316 0.298508 0.140817 0.00508796 0.00127103
 0.244917 0.725661 0.0225532 0.00657701 0.00029259
 0.281034 0.614875 0.101572 0.00193822 0.000581506
 0.378476 0.557048 0.0587394 0.00560061 0.000136555
 0.187518 0.738661 0.0687284 0.00464513 0.000447527
 0.19208 0.669513 0.130758 0.00712912 0.000519498
 0.305961 0.573529 0.107017 0.0127579 0.000734907
 0.275117 0.682191 0.0386193 0.00362577 0.00044729
 0.264383 0.718043 0.0172163 0.000324662 3.30463e-05
 0.293879 0.68697 0.0189955 0.000151923 3.04656e-06
 0.258514 0.678292 0.0622516 0.000935196 7.48435e-06
 0.310062 0.618485 0.0679612 0.00344074 5.1138e-05
 0.200973 0.712438 0.0808929 0.00542139 0.000274309
 0.254184 0.586478 0.147443 0.0111213 0.000773317
 0.329642 0.577955 0.0791756 0.0122539 0.00097377
 0.24138 0.652599 0.0954581 0.00906513 0.00149776
 0.264234 0.591509 0.129734 0.0130904 0.00143225
 0.117704 0.743964 0.119043 0.0173686 0.00192015
pobs_RECLAS
 0 0 0 0 0
 0 0 0 0 0
 0 0 0 0 0
 0 0 0 0 0
 0.835266 0.146461 0.0176864 0.000547809 3.91292e-05
 0.385257 0.428462 0.181853 0.0044286 0
 0.867414 0.0963971 0.0333333 0.00285562 0
 0.441836 0.489002 0.0689373 0.000224442 0
 0.779404 0.147425 0.0564933 0.0165055 0.000172143
 0.814271 0.122319 0.05973 0.00367925 0
 0.40263 0.566651 0.0304383 0.000280538 0
 0.475488 0.404961 0.113038 0.00651328 0
 0.955842 0.0263864 0.0167828 0.000988607 0
 0.975058 0.0227948 0.00214734 0 0
 0.738997 0.206755 0.0527124 0.00153531 0
 0.850938 0.134255 0.0134407 0.00136685 0
 0.542534 0.407297 0.0501686 0 0
 0.764087 0.199537 0.0359546 0.000420521 0
 0.470689 0.182191 0.310203 0.0369168 0
 0.84361 0.089868 0.0606195 0.00523954 0.000663233
 0.607945 0.314616 0.071237 0.00620181 0
 0.523733 0.453247 0.0230204 0 0
 0.530135 0.295979 0.169645 0.0042399 0
 0.562478 0.366248 0.0663022 0.0049721 0
ppred_RECLAS
 0.0460536 0.500927 0.387644 0.065371 4.64637e-06
 0.0907278 0.0951059 0.535014 0.245106 0.0340467
 0.0314373 0.268822 0.12355 0.403913 0.172278
 0.243414 0.113095 0.301819 0.0717905 0.269882
 0.738847 0.156077 0.0281925 0.0407256 0.036158
 0.241696 0.675318 0.0620946 0.00655857 0.014332
 0.756015 0.136982 0.101112 0.00465685 0.00123324
 0.485604 0.481911 0.0233837 0.00869164 0.000409894
 0.53155 0.371755 0.0936945 0.002277 0.000724177
 0.623698 0.316781 0.0529206 0.00643458 0.000166318
 0.40429 0.515167 0.0735631 0.00633328 0.000646819
 0.393128 0.457275 0.139179 0.00967119 0.000747079
 0.586757 0.314729 0.0848683 0.0128609 0.000785299
 0.66235 0.313524 0.0212736 0.00252281 0.000329847
 0.651996 0.338033 0.00971448 0.000231398 2.49627e-05
 0.573895 0.409068 0.0168614 0.000171606 3.6479e-06
 0.519989 0.420966 0.0579277 0.00110763 9.39656e-06
 0.5601 0.372076 0.0636523 0.00410704 6.47083e-05
 0.399953 0.500746 0.0910948 0.00778853 0.000417767
 0.474333 0.366791 0.14401 0.0138451 0.00102056
 0.553625 0.351558 0.0780919 0.0154253 0.00129948
 0.446234 0.43582 0.103242 0.0125124 0.00219161
 0.474075 0.375115 0.131867 0.0169747 0.00196887
 0.263963 0.564749 0.141819 0.0263778 0.00309136
pobs_PELACES
 0 0 0 0 0
 0 0 0 0 0
 0 0 0 0 0
 0 0 0 0 0
 0 0 0 0 0
 0 0 0 0 0
 0 0 0 0 0
 0 0 0 0 0
 0 0 0 0 0
 0 0 0 0 0
 0.450072 0.473896 0.0757376 0.000293798 0
 0 0 0 0 0
 0.463077 0.371075 0.160297 0.00555027 0
 0.529543 0.364841 0.0842815 0.0213345 0
 0.631943 0.363953 0.00410389 0 0
 0.735681 0.248677 0.0153453 0.000297389 0
 0.695825 0.281241 0.0229344 0 0
 0.275771 0.60734 0.115278 0.00161068 0
 0 0 0 0 0
 0.896147 0.0623911 0.0374545 0.00400742 0
 0.803859 0.145111 0.0509908 3.86294e-05 0
 0.739449 0.233085 0.0266225 0.000797448 4.60066e-05
 0.878498 0.100942 0.0204185 0.000141795 0
 0.694673 0.275183 0.0284847 0.00165964 0
ppred_PELACES
 0.0482383 0.501521 0.385067 0.0651695 4.63714e-06
 0.0985581 0.0956795 0.528874 0.243086 0.0338029
 0.0460109 0.283149 0.118344 0.387185 0.165312
 0.301509 0.11039 0.275475 0.0656331 0.246993
 0.751269 0.149248 0.0266149 0.0385786 0.0342892
 0.323686 0.609543 0.0499526 0.00527661 0.0115422
 0.826526 0.10212 0.0674248 0.003106 0.000823368
 0.584421 0.392006 0.0169679 0.00630771 0.000297769
 0.652661 0.283304 0.0620486 0.00150684 0.000479708
 0.700731 0.255615 0.0388093 0.00472226 0.000122183
 0.521402 0.421031 0.0525801 0.00452444 0.000462541
 0.498025 0.388766 0.105323 0.00731906 0.000565951
 0.739501 0.207097 0.0460205 0.00695685 0.000425193
 0.86166 0.131177 0.0063213 0.000744193 9.73799e-05
 0.854527 0.142488 0.00290817 6.87694e-05 7.42476e-06
 0.702341 0.287499 0.0100556 0.000102186 2.17432e-06
 0.653404 0.309543 0.0363525 0.000694178 5.89479e-06
 0.659606 0.292923 0.0445511 0.00287462 4.53365e-05
 0.471562 0.446639 0.0750311 0.00642312 0.000344886
 0.57953 0.303252 0.106249 0.0102161 0.000753818
 0.609138 0.311688 0.0651857 0.0129002 0.0010879
 0.504974 0.394657 0.0878344 0.0106644 0.00186989
 0.54869 0.329054 0.10688 0.0137757 0.00159949
 0.347401 0.512925 0.115636 0.021515 0.00252403
pobs_pel_tallas
 0 0 0 0 0 0 0 0 0 0 0 0 0 0 0 0 0 0 0 0 0 0 0 0 0 0 0 0 0 0 0 0 0 0 0 0
 0 0 0 0 0 0 0 0 0 0 0 0 0 0 0 0 0 0 0 0 0 0 0 0 0 0 0 0 0 0 0 0 0 0 0 0
 0 0 0 0 0 0 0 0 0 0 0 0 0 0 0 0 0 0 0 0 0 0 0 0 0 0 0 0 0 0 0 0 0 0 0 0
 0 0 0 0 0 0 0 0 0 0 0 0 0 0 0 0 0 0 0 0 0 0 0 0 0 0 0 0 0 0 0 0 0 0 0 0
 0 0 0 0 0 0 0 0 0 0 0 0 0 0 0 0 0 0 0 0 0 0 0 0 0 0 0 0 0 0 0 0 0 0 0 0
 0 0 0 0 0 0 0 0 0 0 0 0 0 0 0 0 0 0 0 0 0 0 0 0 0 0 0 0 0 0 0 0 0 0 0 0
 0 0 0 0 0 0 0 0 0 0 0 0 0 0 0 0 0 0 0 0 0 0 0 0 0 0 0 0 0 0 0 0 0 0 0 0
 0 0 0 0 0 0 0 0 0 0 0 0 0 0 0 0 0 0 0 0 0 0 0 0 0 0 0 0 0 0 0 0 0 0 0 0
 0 0 0 0 0 0 0 0 0 0 0 0 0 0 0 0 0 0 0 0 0 0 0 0 0 0 0 0 0 0 0 0 0 0 0 0
 0 0 0 0 0 0 0 0 0 0 0 0 0 0 0 0 0 0 0 0 0 0 0 0 0 0 0 0 0 0 0 0 0 0 0 0
 0 0 0 0 0 0 0 0 1.78061e-05 0.00172719 0.00360574 0.0105946 0.0120993 0.0124554 0.0147524 0.0171206 0.0266825 0.0428682 0.0675386 0.121331 0.153587 0.119568 0.100827 0.0573624 0.0630603 0.0341343 0.0324427 0.0444173 0.0211091 0.0280891 0.0125444 0.00206551 0 0 0 0
 0 0 0 0 0 0 0 0 0 0 0 0 0 0 0 0 0 0 0 0 0 0 0 0 0 0 0 0 0 0 0 0 0 0 0 0
 0 0 0 0 0 0 0.0133647 0.0140871 0.0187388 0.0205184 0.03894 0.0496705 0.03968 0.0493445 0.0407372 0.0367815 0.0215668 0.0243155 0.0234873 0.0199281 0.019796 0.0243948 0.0301388 0.0376714 0.0412746 0.0863199 0.0771752 0.113111 0.0741005 0.0525337 0.0229764 0.00759418 0.00175318 0 0 0
 0 0 0 0 0 0 0 0 0 0 0.00219441 0.00772107 0.0458388 0.0604681 0.0671733 0.0775358 0.0609151 0.0617685 0.073594 0.0568108 0.0755445 0.0548602 0.0670107 0.0636378 0.0643287 0.046367 0.0373049 0.0286899 0.0247887 0.0153202 0.00654259 0.00121912 0.000365735 0 0 0
 0 0 0 0 0 0 0 0 0 0 0 0 0.000112435 0.00938835 0.0111873 0.0202946 0.0414886 0.0713402 0.111592 0.104902 0.108894 0.110636 0.117776 0.105296 0.107544 0.0401394 0.0192827 0.0124803 0.00416011 0.0028671 0.000618394 0 0 0 0 0
 0 0 0 0 0 0 0 0 0 0 0.00291406 0.0102884 0.027416 0.0768956 0.0749926 0.110853 0.0956884 0.0897413 0.0766577 0.0534642 0.0500743 0.0551293 0.0594112 0.0620874 0.0668451 0.0424026 0.0208742 0.0120726 0.0048766 0.00582813 0.00118941 0.000297354 0 0 0 0
 0 0.00264628 0.0354308 0.0461629 0.0458689 0.0383711 0.0214643 0.0164657 0.0346957 0.0420465 0.0363128 0.0245516 0.0311673 0.0291091 0.0169068 0.0133784 0.00837989 0.0085269 0.0148486 0.0160247 0.0276389 0.0546898 0.0760071 0.122758 0.109233 0.0665981 0.0333725 0.0166128 0.00676272 0.00308733 0.000882094 0 0 0 0 0
 0 0 0 0 0 0 0 0.000805153 0.000690131 0.00759144 0.0133425 0.0154129 0.00931677 0.000345066 0.00356568 0.00563607 0.00851162 0.0253048 0.0502646 0.0516448 0.0657925 0.0565908 0.0611916 0.0827007 0.0866115 0.110766 0.145733 0.0935128 0.0569358 0.0249597 0.0138026 0.00621118 0.00161031 0.00115022 0 0
 0 0 0 0 0 0 0 0 0 0 0 0 0 0 0 0 0 0 0 0 0 0 0 0 0 0 0 0 0 0 0 0 0 0 0 0
 0.00147267 0.00158595 0.00478618 0.00569244 0.00954404 0.0108468 0.00647125 0.017049 0.0510054 0.094081 0.124002 0.0959785 0.0687766 0.0820023 0.061753 0.0591476 0.0492212 0.0479892 0.0443925 0.0268479 0.0217502 0.0140895 0.0121071 0.0120363 0.00920419 0.00665534 0.0049561 0.00860946 0.00930331 0.0156896 0.0114698 0.00855282 0.00243557 0.00046729 0 2.83206e-05
 0 0 0 0 0.000772559 0.00158375 0.000888443 0.00281984 0.00712685 0.0440552 0.0773331 0.111326 0.0921469 0.0852325 0.0710754 0.0886704 0.0786465 0.0553345 0.0373146 0.0185414 0.00753245 0.00457741 0.012979 0.0271748 0.0457355 0.0583668 0.034881 0.0177882 0.00938659 0.00492506 0.0015258 0.00185414 0.000309023 5.79419e-05 3.86279e-05 0
 0 0.00173294 0.00326652 0 0.00397197 0.00683976 0.00946217 0.0152591 0.00757587 0.0136028 0.0228656 0.0392903 0.0559909 0.0764795 0.0681675 0.0726916 0.0566044 0.0477403 0.0527397 0.0444891 0.0609904 0.0582453 0.0661739 0.0445044 0.0529084 0.0360697 0.0280645 0.0235558 0.0158879 0.00826598 0.00280645 0.00217768 0.000904811 0.00058276 9.20147e-05 0
 0 0 0 0 0 0 0 0 0 0 0 0 0 0 0 0 0 0 0 0 0 0 0 0 0 0 0 0 0 0 0 0 0 0 0 0
 0 0 0 0 0 0 0 0 0 0 0 0 0 0 0 0 0 0 0 0 0 0 0 0 0 0 0 0 0 0 0 0 0 0 0 0
ppred_pel_tallas
 1.07869e-16 2.13729e-06 1.24608e-05 5.90606e-05 0.000227098 0.000707915 0.00178868 0.00366406 0.00608961 0.00822674 0.00908045 0.00831461 0.00661832 0.00521069 0.00505796 0.00656003 0.00975287 0.0145818 0.0209693 0.0287268 0.0374581 0.046539 0.0551856 0.0625902 0.0680797 0.0712429 0.0719896 0.0705216 0.0672394 0.0626214 0.0571207 0.0511082 0.0448638 0.0385993 0.0324908 0.0266989
 1.17471e-16 4.3151e-06 2.52836e-05 0.000120104 0.00046227 0.00144139 0.00364089 0.00745084 0.0123551 0.0166064 0.0181077 0.01606 0.0116894 0.00721845 0.00426307 0.00321947 0.00374757 0.00544551 0.00813312 0.0118066 0.0165103 0.0222452 0.0289237 0.0363517 0.044227 0.0521501 0.0596474 0.0662063 0.0713244 0.0745678 0.0756317 0.0743915 0.0709319 0.0655406 0.058672 0.0508809
 1.22801e-16 2.02986e-06 1.18538e-05 5.62275e-05 0.000216279 0.000674246 0.00170336 0.00348774 0.00579078 0.00780561 0.00856995 0.00774006 0.00593584 0.00426526 0.00357759 0.00417108 0.00600239 0.00897404 0.0130325 0.0181156 0.0240781 0.0306624 0.0375222 0.0442825 0.050608 0.0562534 0.0610764 0.0650105 0.0680141 0.070021 0.0709179 0.0705598 0.0688174 0.0656339 0.0610733 0.055337
 1.17743e-16 1.31644e-05 7.72376e-05 0.000367101 0.00141327 0.00440707 0.0111319 0.022778 0.0377597 0.0507182 0.0552126 0.048752 0.0350096 0.0206603 0.010465 0.00538509 0.00406153 0.00489503 0.00694775 0.00985797 0.0135134 0.0178411 0.0227296 0.0280169 0.0334998 0.0389482 0.0441145 0.0487406 0.0525655 0.0553394 0.0568475 0.0569408 0.0555671 0.0527895 0.0487889 0.0438448
 1.03355e-16 3.27775e-05 0.00019238 0.000914497 0.00352087 0.0109795 0.0277334 0.056746 0.0940621 0.126321 0.137456 0.121233 0.0867538 0.0505718 0.0244347 0.0105795 0.0054201 0.00473869 0.00595346 0.00793587 0.0102324 0.0125779 0.014733 0.0164766 0.0176439 0.0181605 0.0180544 0.0174386 0.0164736 0.0153216 0.0141101 0.0129138 0.0117569 0.0106299 0.00951124 0.00838595
 1.01629e-16 1.41517e-05 8.29878e-05 0.000394336 0.00151797 0.00473342 0.0119568 0.0244695 0.0405769 0.0545421 0.0594801 0.0527688 0.0384349 0.0237645 0.0140241 0.0104167 0.0116294 0.0160021 0.0224204 0.0301597 0.038513 0.0466142 0.0534817 0.0581916 0.0600864 0.0589336 0.0549807 0.0488826 0.0415321 0.0338501 0.0266038 0.0202995 0.0151629 0.0111889 0.0082264 0.00606339
 1.01136e-16 3.60573e-05 0.00021164 0.00100607 0.00387345 0.012079 0.0305106 0.062428 0.103479 0.138961 0.151197 0.133317 0.095325 0.0554151 0.0264886 0.0109795 0.00491598 0.00363923 0.00430719 0.00570158 0.00737499 0.00911106 0.0107324 0.012073 0.013 0.0134379 0.013381 0.0128854 0.0120491 0.0109845 0.00979578 0.00856488 0.00734901 0.00618528 0.00509836 0.00410646
 1.006e-16 2.5512e-05 0.000149703 0.000711555 0.00273941 0.0085425 0.021578 0.0441534 0.0731967 0.098324 0.107056 0.0945742 0.068011 0.0403198 0.0207399 0.0111278 0.00880463 0.0105599 0.0143727 0.0192312 0.0245096 0.0296082 0.0338871 0.0367526 0.037787 0.0368497 0.0341125 0.0300115 0.025136 0.0200915 0.0153811 0.0113343 0.00809459 0.00565135 0.00389607 0.00267884
 1.01048e-16 2.84834e-05 0.000167157 0.000794554 0.00305902 0.0095392 0.0240954 0.0493035 0.08173 0.109773 0.119487 0.105472 0.0756648 0.044491 0.0222133 0.0108424 0.0073279 0.00804879 0.0107595 0.014409 0.0184534 0.0224425 0.0259103 0.0284192 0.0296482 0.0294662 0.0279588 0.0253984 0.0221702 0.0186797 0.0152727 0.0121874 0.00954506 0.00737031 0.00562578 0.00424629
 1.00803e-16 3.05782e-05 0.000179459 0.000853043 0.00328422 0.0102415 0.0258694 0.0529329 0.0877449 0.117847 0.128263 0.113189 0.0811378 0.0475809 0.0235177 0.0110832 0.00697819 0.0072967 0.00962268 0.0128432 0.0164147 0.0199173 0.0229284 0.0250558 0.0260164 0.0257016 0.0242012 0.0217745 0.0187815 0.0155975 0.0125389 0.00981927 0.00754117 0.00571543 0.00429461 0.00320607
 1.01061e-16 2.27654e-05 0.000133575 0.000634873 0.00244416 0.00762176 0.0192523 0.0393951 0.0653108 0.0877378 0.0955477 0.0844501 0.0608235 0.0362458 0.018989 0.0107443 0.0091568 0.0113888 0.0156447 0.0209984 0.0268325 0.0325188 0.0373727 0.0407514 0.0421931 0.0415264 0.0389096 0.0347813 0.0297466 0.024434 0.0193714 0.0149132 0.0112255 0.00831939 0.00610648 0.00445552
 1.019e-16 2.17449e-05 0.000127587 0.000606409 0.00233457 0.00728002 0.0183891 0.0376287 0.0623821 0.0838028 0.091261 0.0806578 0.0580846 0.0345991 0.0181014 0.010207 0.00866902 0.0107842 0.0148504 0.0200033 0.0256787 0.0313046 0.0362509 0.0399155 0.0418504 0.0418623 0.0400509 0.0367689 0.0325239 0.0278543 0.0232224 0.018951 0.015211 0.0120483 0.0094297 0.00728621
 1.0098e-16 3.22668e-05 0.000189377 0.000900204 0.00346582 0.0108078 0.0272998 0.0558592 0.0925939 0.124354 0.135331 0.119391 0.085508 0.049991 0.0244255 0.0110381 0.00632191 0.00613847 0.00794058 0.0105835 0.0135548 0.0164993 0.0190724 0.020954 0.0219092 0.0218404 0.0208076 0.019006 0.0167122 0.0142175 0.0117697 0.00953902 0.00761172 0.0060054 0.0046944 0.00363447
 1.00163e-16 3.75904e-05 0.000220638 0.00104884 0.00403813 0.0125926 0.0318078 0.0650824 0.107879 0.144872 0.157632 0.139 0.0994087 0.057829 0.0277153 0.011609 0.00537032 0.00413684 0.0049304 0.00645367 0.00820164 0.00990373 0.0113327 0.0122879 0.012629 0.0123089 0.011385 0.0100035 0.0083619 0.00666366 0.00507783 0.00371563 0.00262581 0.00180546 0.00121854 0.000814802
 1.00091e-16 3.72798e-05 0.000218814 0.00104016 0.00400472 0.0124884 0.0315446 0.064544 0.106987 0.143675 0.156332 0.137861 0.0986087 0.0573931 0.0275615 0.0116393 0.00552547 0.0044007 0.00531038 0.00696138 0.0088402 0.0106606 0.0121772 0.0131726 0.0134959 0.0130986 0.0120465 0.0105022 0.00868452 0.00681768 0.00508759 0.00361576 0.00245424 0.00159745 0.00100279 0.000611791
 1.00241e-16 3.06497e-05 0.000179875 0.000855017 0.00329181 0.0102652 0.0259292 0.0530554 0.0879489 0.118124 0.12857 0.113476 0.0813768 0.0477881 0.0237438 0.0113941 0.00744064 0.00797124 0.0105565 0.014059 0.0178968 0.0216 0.0246931 0.0267396 0.0274342 0.0266759 0.0245946 0.0215146 0.0178738 0.0141218 0.010632 0.00764948 0.0052807 0.00351709 0.00227619 0.00144374
 1.00642e-16 2.85168e-05 0.000167351 0.000795471 0.00306254 0.00955018 0.0241232 0.0493605 0.0818251 0.109903 0.119633 0.105614 0.0757944 0.0446225 0.0223808 0.0110905 0.00770485 0.00860099 0.0115244 0.0154045 0.0196664 0.0238189 0.027353 0.0297953 0.0308071 0.0302643 0.028286 0.0251986 0.0214509 0.017509 0.0137644 0.0104794 0.00777705 0.00566427 0.0040738 0.00290575
 1.00829e-16 2.87865e-05 0.000168936 0.00080301 0.00309157 0.00964073 0.0243519 0.0498283 0.0826001 0.110942 0.12076 0.106598 0.0764784 0.0449799 0.0224765 0.0110012 0.00747125 0.00822583 0.0109914 0.0146984 0.0187872 0.0227909 0.0262275 0.0286478 0.0297272 0.0293419 0.0275956 0.0247868 0.02133 0.0176573 0.0141333 0.0110045 0.00838965 0.0063015 0.00468533 0.00345674
 1.01448e-16 2.05932e-05 0.00012082 0.000574228 0.00221065 0.00689357 0.017413 0.035632 0.0590741 0.0793657 0.0864468 0.0764453 0.0551431 0.0330313 0.0176177 0.0104631 0.00946958 0.0120944 0.0167191 0.0224837 0.0287739 0.0349353 0.0402441 0.0440157 0.0457531 0.0452624 0.0426953 0.0384996 0.0332993 0.0277466 0.0223928 0.017612 0.0135864 0.0103397 0.00779473 0.00583021
 1.01994e-16 2.52954e-05 0.000148439 0.000705561 0.00271636 0.00847065 0.0213964 0.0437812 0.0725775 0.0974855 0.106126 0.0937106 0.0672996 0.0397178 0.0201016 0.0102644 0.00752747 0.0087007 0.0118023 0.0158898 0.0204449 0.0250064 0.0290806 0.0321941 0.0339884 0.034297 0.0331768 0.0308788 0.0277748 0.0242643 0.0206944 0.0173127 0.0142586 0.0115825 0.00927947 0.0073195
 1.01522e-16 2.65867e-05 0.00015602 0.000741599 0.00285512 0.00890334 0.0224893 0.0460175 0.0762843 0.102463 0.111542 0.0984859 0.0707134 0.0417005 0.0210447 0.0106443 0.00767424 0.00877103 0.0118416 0.0158878 0.0203615 0.0247807 0.0286372 0.0314515 0.0328716 0.0327529 0.0311878 0.0284721 0.0250236 0.0212813 0.0176175 0.0142864 0.0114154 0.0090277 0.00708177 0.00550857
 1.0183e-16 2.20481e-05 0.000129366 0.000614868 0.00236714 0.00738159 0.0186456 0.0381536 0.0632523 0.0849717 0.0925335 0.0817816 0.0588918 0.0350757 0.0183426 0.0103288 0.00875421 0.0108748 0.0149611 0.0201327 0.0258138 0.0314219 0.0363175 0.0398929 0.0417008 0.0415557 0.0395725 0.036124 0.0317386 0.0269726 0.0222992 0.0180438 0.0143713 0.0113153 0.00882622 0.006819
 1.02173e-16 2.39517e-05 0.000140548 0.00066804 0.00257189 0.00802011 0.0202584 0.041453 0.0687192 0.092307 0.100498 0.0887657 0.0638011 0.0377592 0.0193064 0.0101787 0.00785891 0.00933995 0.012747 0.0171715 0.0220855 0.0269961 0.0313696 0.0346946 0.0365849 0.0368646 0.0356011 0.0330721 0.029686 0.0258793 0.0220293 0.0184027 0.015146 0.0123082 0.00987704 0.007814
 1.02666e-16 1.5182e-05 8.90452e-05 0.000423153 0.00162895 0.00507953 0.012831 0.0262574 0.0435377 0.0585099 0.0637757 0.0565053 0.0409951 0.0250285 0.0142097 0.00977582 0.0102682 0.0138785 0.019428 0.0262188 0.0336417 0.0409737 0.0473912 0.0521059 0.0545359 0.0544378 0.0519568 0.0475717 0.0419625 0.0358448 0.0298271 0.0243268 0.0195556 0.015557 0.0122693 0.00958682
pSPR Fmed_Fpbrs
0.332507   0.404146 0.404146
Fs Fmed_Fpbrs
1.42928   1.005 1.005
SSBpbr Bo_Bmed_Bpbrs
861697  243435  305166 305166
Ro
19148.9
SPR SPRFo_SPRFmed_SPRFpbrs
393962 130995 159218
log_Ro
9.68
likeval ReclasPelacesDesembMPH_pf_preclas_ppelaces_ptallas_desvR_qrecl_qpela
 68.5298 12.9287 0.203903 0.000161251 332.568 170.373 86.5156 0 31.1465 0.000166685 0.000673612 0 0 0 0
q_reclas_q_pelaces
6.23074 40.1442
M
0.7
N
 11967.1 38372.8 14334.6 1880.64 0.126067
 18007.7 5837.78 16087.6 5736.64 751.538
 2241.51 8686.22 2199.04 5617.12 2259.8
 5385.55 988.328 1392.86 258.503 916.584
 38425.9 2452.59 215.478 242.223 202.825
 13325.8 18636.8 973.184 80.3923 165.706
 64421 5739.9 2393.09 86.1857 21.5284
 56338.4 27864.4 766.828 222.911 9.91577
 61246.2 24291.7 3612.77 68.7535 20.626
 110956 25617.9 2359.65 224.176 5.4654
 69817.6 48887.5 4079.73 274.96 26.4886
 50206.7 29420.3 5095.44 276.936 20.1787
 54624.4 21593.1 3723.7 443.038 25.5196
 29556.6 21483.4 1167.86 109.536 13.5124
 12287.1 9781.93 225.217 4.2429 0.431861
 8943.15 4066.49 102.548 0.818243 0.0164076
 7249.11 3638.67 303.666 4.55088 0.0364183
 8820.14 2969.23 289.568 14.6145 0.21719
 7200.95 3788.15 370.893 24.758 1.25257
 8401.32 3232 719.299 54.0815 3.76026
 14945.5 3623.96 420.715 64.8196 5.15036
 18203.2 6860.48 852.118 80.5605 13.3089
 25142.3 8335.25 1575.64 158.349 17.3236
 10929.1 11292.2 1592.78 231.617 25.6038
pred_Ctot
 152.045 4340.07 2026.02 267.497 0.0179343
 371.595 1029.87 3504.98 1257.3 164.74
 181.942 4504.13 1306.04 3348.16 1347.11
 322.825 417.669 690.187 128.648 456.204
 645.253 359.037 39.1776 44.3115 37.11
 1281.25 10704 630.859 52.2795 107.768
 6023.36 3243.68 1530.16 55.2873 13.8114
 5380.46 15941.7 495.46 144.487 6.42776
 7014.78 15347.6 2535.29 48.3792 14.5147
 9058.26 13332.1 1405.84 134.042 3.26824
 7675.57 30235.2 2813.22 190.137 18.3184
 4875.56 16994.2 3319.03 180.958 13.1864
 8281.66 15524.1 2896.71 345.326 19.8922
 7256.45 17993.4 1018.62 95.6331 11.7977
 3016.6 8192.85 196.437 3.70438 0.377057
 1175.42 2747.65 75.9756 0.607639 0.0121852
 923.404 2422.84 222.361 3.34049 0.0267338
 864.263 1723.96 189.434 9.59067 0.142541
 500.942 1775.81 201.633 13.5133 0.683738
 800.117 1846.11 464.119 35.0073 2.43424
 816.462 1431.49 196.104 30.3508 2.41185
 1024.61 2770.15 405.201 38.4796 6.35769
 1738.02 3890.69 853.334 86.1027 9.42071
 992.197 6271.34 1003.49 146.411 16.1861
F
 0.0178062 0.169297 0.2158 0.217312 0.21735
 0.0290636 0.27633 0.352232 0.3547 0.354763
 0.11889 1.13038 1.44087 1.45096 1.45122
 0.0865768 0.823154 1.04926 1.05661 1.0568
 0.0235939 0.224325 0.285943 0.287946 0.287997
 0.142257 1.35255 1.72407 1.73615 1.73646
 0.13809 1.31293 1.67357 1.68529 1.68559
 0.14124 1.34288 1.71173 1.72373 1.72403
 0.171609 1.63162 2.0798 2.09437 2.09474
 0.119614 1.13726 1.44964 1.4598 1.46006
 0.1642 1.56118 1.99 2.00394 2.0043
 0.143774 1.36697 1.74244 1.75465 1.75496
 0.233199 2.2172 2.82622 2.84602 2.84653
 0.40577 3.85797 4.91768 4.95213 4.95301
 0.405769 3.85796 4.91766 4.95211 4.95299
 0.199269 1.8946 2.41501 2.43193 2.43236
 0.192578 1.83098 2.33392 2.35027 2.35069
 0.145159 1.38014 1.75924 1.77156 1.77188
 0.101113 0.961356 1.22542 1.23401 1.23422
 0.140822 1.3389 1.70667 1.71863 1.71893
 0.07863 0.747597 0.952946 0.959623 0.959793
 0.0811035 0.771114 0.982923 0.98981 0.989985
 0.100445 0.955012 1.21733 1.22586 1.22608
 0.133835 1.27247 1.62199 1.63336 1.63365
nmprior
 10 10 8 0
nm_flota  nm_reclas  nm_pelaces    nm_pelaL
inf 16.9045 8.17053 12.4366
cv_recla  cv_pelaces  cv_mph
0.766419 0.423099 0.411992
 ------------------------------------------------
Talla a la edad & desviación 
 7.2 14.2025 17.0495 18.207 18.6776
 1.08 2.13037 2.55742 2.73105 2.80164
