    unsorted:	 0.002870864151 0.0008999977135 18.41543411 14.81829353 11.26485251 4.898934040 21.62123141 35.48816206 71.41811594 53.22412025 88.53156184 81.53820975 199.1918980 315.6857618 287.5276581 409.5777087 468.5626567 514.5531813 580.3104734 663.8051972 708.9493400 730.4029366 743.9468819 819.6360197 807.2306865 846.6627166 895.4086483 929.3796486 983.6773462 1117.357321 1106.154656 1345.866469 1444.873289 1505.603429 1756.446565 1894.238930 2516.550108 4468.934552 204136.6076 204593.4415 329970.1836 297761.0249 363296.2837 409139.5539 473121.7010 497761.0689 570481.3711 577471.7557 680486.7265 729348.5579 902104.9989 995306.6314 1166184.698 1351495.023 1550762.365 1605159.127 1709262.428 1870574.771 2145318.677 2258391.060 2402407.611 2530568.712 2773135.151
      sorted:	 0.0008999977135 0.002870864151 4.898934040 11.26485251 14.81829353 18.41543411 21.62123141 35.48816206 53.22412025 71.41811594 81.53820975 88.53156184 199.1918980 287.5276581 315.6857618 409.5777087 468.5626567 514.5531813 580.3104734 663.8051972 708.9493400 730.4029366 743.9468819 807.2306865 819.6360197 846.6627166 895.4086483 929.3796486 983.6773462 1106.154656 1117.357321 1345.866469 1444.873289 1505.603429 1756.446565 1894.238930 2516.550108 4468.934552 204136.6076 204593.4415 297761.0249 329970.1836 363296.2837 409139.5539 473121.7010 497761.0689 570481.3711 577471.7557 680486.7265 729348.5579 902104.9989 995306.6314 1166184.698 1351495.023 1550762.365 1605159.127 1709262.428 1870574.771 2145318.677 2258391.060 2402407.611 2530568.712 2773135.151
