years
 1997 1998 1999 2000 2001 2002 2003 2004 2005 2006 2007 2008 2009 2010 2011 2012 2013 2014 2015 2016 2017 2018 2019 2020
reclasobs
 0 0 0 370054 412103 1.49427e+06 250295 1.28982e+06 931140 785840 897777 1.04006e+06 184774 17550 25797 100020 73551 82996 120727 218422 84188 347160 605670 569463
reclaspred
 1.23592e+06 243078 444090 112627 179825 307750 961963 565191 789347 1.29329e+06 1.20634e+06 635720 411722 237173 158115 142205 131039 150970 121851 183778 419042 415175 550734 351502
pelacesobs
 0 0 0 0 0 0 0 0 0 2.06254e+06 1.5e+06 0 1.87456e+06 323000 250000 174000 83755 137374 0 501740 490994 745055 786931 1.00524e+06
pelacespred
 748102 249617 115377 76501.1 101791 122194 522169 351140 453639 758435 612484 327652 222872 105170 68847.4 69988.3 66522.8 75294.1 62916.3 92868.9 228235 246054 249219 190578
mphobs
 0 0 0 0 0 112323 0 153150 637223 0 255016 313432 73983 77613 109348 50772 0 0 0 0 0 0 0 0
mphpred
 931219 461933 331708 163996 89850.5 260076 489225 804938 478241 961350 1.33621e+06 722199 384288 301124 147753 125595 117533 121408 127536 105213 279299 401553 430906 391020
desembarqueobs
 350755 77701 442110 56441 14545 235359 269955 359681 431902 328805 639364 411747 362871 311530 167758 66681 60226 58785 57116 71774 51957 67425 138520 160799
desembarquepred
 350832 77781.2 442256 56549 14573.4 235548 269804 357819 432689 329171 638651 411043 362302 311138 167763 66700.2 60237.4 58772.2 57013.7 71655.5 51940.6 67371.2 138587 160795
Reclutas
 43998.8 42651.9 715.431 1757.72 45260.2 42720.2 102998 9138.12 160538 205363 11596.4 21909.3 81912.3 26435.7 19466.1 14124.4 8969.4 11056.4 3825.12 35301.4 40983.1 33773.9 29883.1 8871.81
log_desv_Rt
 0.711917 0.680827 -3.40712 -2.50823 0.740184 0.682427 1.56247 -0.85979 2.00629 2.25254 -0.621548 0.0146654 1.3334 0.202469 -0.103569 -0.424342 -0.878426 -0.669235 -1.73065 0.491678 0.640914 0.447444 0.325048 -0.889366
SSB
 931219 461933 331708 163996 89850.5 260076 489225 804938 478241 961350 1.33621e+06 722199 384288 301124 147753 125595 117533 121408 127536 105213 279299 401553 430906 391020
BT
 2.28617e+06 609300 437433 206877 310277 436520 1.78615e+06 1.05213e+06 1.77512e+06 2.24075e+06 1.68804e+06 1.02225e+06 941341 516431 308316 207094 196884 219789 170697 320626 610441 548591 591794 505688
Ftot
 0.273599 0.307741 0.897656 0.474721 0.0791662 0.711962 0.271173 0.591948 0.523389 0.246262 0.499264 0.604452 0.817 1.15799 0.965211 0.446227 0.437672 0.372762 0.44405 0.3752 0.120706 0.157542 0.242809 0.434318
BD_Bspro_t
 0.960677 0.771475 0.606377 0.27515 0.267414 0.586152 0.570769 0.623981 0.482419 0.600785 0.642555 0.41964 0.291821 0.278572 0.17434 0.172956 0.21051 0.286097 0.351228 0.373138 0.628274 0.750206 0.733403 0.645477
BD_Bspro
 2.09644 1.03994 0.74677 0.369202 0.202279 0.585505 1.10139 1.81215 1.07666 2.16427 3.00818 1.62588 0.865142 0.677916 0.332634 0.282749 0.264602 0.273325 0.287121 0.236865 0.628783 0.904012 0.970093 0.880298
BD_Bo
 1.01326 0.50263 0.360932 0.178444 0.0977665 0.282989 0.532326 0.875855 0.520375 1.04605 1.45393 0.785826 0.418144 0.327653 0.16077 0.13666 0.127888 0.132104 0.138773 0.114483 0.303906 0.436931 0.468869 0.42547
BD_Brms
 4.93337 2.44721 1.75731 0.868811 0.476006 1.37782 2.59179 4.26437 2.5336 5.093 7.0789 3.82603 2.03586 1.59528 0.782759 0.66537 0.622664 0.643191 0.675657 0.557393 1.47966 2.12733 2.28283 2.07153
S_f
 0.5 1 1 1 1
 0.5 1 1 1 1
 0.5 1 1 1 1
 0.5 1 1 1 1
 0.5 1 1 1 1
 0.5 1 1 1 1
 0.5 1 1 1 1
 0.5 1 1 1 1
 0.5 1 1 1 1
 0.5 1 1 1 1
 0.5 1 1 1 1
 0.5 1 1 1 1
 0.5 1 1 1 1
 0.5 1 1 1 1
 0.5 1 1 1 1
 0.5 1 1 1 1
 0.5 1 1 1 1
 0.5 1 1 1 1
 0.5 1 1 1 1
 0.5 1 1 1 1
 0.5 1 1 1 1
 0.5 1 1 1 1
 0.5 1 1 1 1
 0.5 1 1 1 1
Scru_reclas
 0.5 1 1 1 1
 0.5 1 1 1 1
 0.5 1 1 1 1
 0.5 1 1 1 1
 0.5 1 1 1 1
 0.5 1 1 1 1
 0.5 1 1 1 1
 0.5 1 1 1 1
 0.5 1 1 1 1
 0.5 1 1 1 1
 0.5 1 1 1 1
 0.5 1 1 1 1
 0.5 1 1 1 1
 0.5 1 1 1 1
 0.5 1 1 1 1
 0.5 1 1 1 1
 0.5 1 1 1 1
 0.5 1 1 1 1
 0.5 1 1 1 1
 0.5 1 1 1 1
 0.5 1 1 1 1
 0.5 1 1 1 1
 0.5 1 1 1 1
 0.5 1 1 1 1
Scru_pelaces
 0.5 1 1 1 1
 0.5 1 1 1 1
 0.5 1 1 1 1
 0.5 1 1 1 1
 0.5 1 1 1 1
 0.5 1 1 1 1
 0.5 1 1 1 1
 0.5 1 1 1 1
 0.5 1 1 1 1
 0.5 1 1 1 1
 0.5 1 1 1 1
 0.5 1 1 1 1
 0.5 1 1 1 1
 0.5 1 1 1 1
 0.5 1 1 1 1
 0.5 1 1 1 1
 0.5 1 1 1 1
 0.5 1 1 1 1
 0.5 1 1 1 1
 0.5 1 1 1 1
 0.5 1 1 1 1
 0.5 1 1 1 1
 0.5 1 1 1 1
 0.5 1 1 1 1
pf_obs 
 0.256992 0.487395 0.22802 0.0275931 0
 0.321318 0.546541 0.124235 0.00734118 0.000564706
 0.182869 0.594174 0.210203 0.0122559 0.00049798
 0.330522 0.361315 0.267642 0.0388342 0.00168674
 0.649043 0.306663 0.0425973 0.00169635 0
 0.582887 0.30429 0.105238 0.00758474 0
 0.465427 0.430635 0.0974691 0.00646863 0
 0.296916 0.608066 0.0921331 0.00288517 0
 0.311714 0.524322 0.152257 0.0117073 0
 0.15457 0.633149 0.183074 0.0267441 0.00246327
 0.131901 0.49318 0.331252 0.0422183 0.00144891
 0.196976 0.569456 0.194076 0.0375587 0.00193317
 0.518974 0.381816 0.0799577 0.0180837 0.00116848
 0.0928022 0.601141 0.25162 0.0475244 0.00691264
 0.122501 0.610282 0.24278 0.0234846 0.000952079
 0.383417 0.481906 0.127806 0.00687128 0
 0.0376549 0.599619 0.316969 0.0457579 0
 0.0361596 0.667082 0.258105 0.0386534 0
 0.158088 0.579412 0.248529 0.0139706 0
 0.0477256 0.309471 0.559284 0.082774 0.000745712
 0.0406174 0.521527 0.379366 0.0568643 0.0016247
 0.151134 0.462217 0.34131 0.0453401 0
 0.294876 0.26143 0.354403 0.0886775 0.000613685
 0.281977 0.475581 0.204845 0.0348837 0.00271318
pf_pred 
 0.477677 0.262945 0.130575 0.0648415 0.0639618
 0.442422 0.370381 0.0942373 0.0467969 0.046162
 0.0146596 0.624956 0.239392 0.0609093 0.060083
 0.138692 0.0324438 0.525711 0.201376 0.101778
 0.900353 0.0269196 0.0027395 0.0443901 0.0255978
 0.519558 0.455776 0.00666352 0.00067812 0.0173244
 0.727764 0.19822 0.0702157 0.00102656 0.00277343
 0.0895593 0.776148 0.0977813 0.0346371 0.00187452
 0.834165 0.0315016 0.114519 0.0144274 0.0053872
 0.619079 0.351016 0.00568076 0.0206514 0.00357321
 0.052486 0.73639 0.194549 0.00314854 0.0134264
 0.238901 0.0865437 0.524252 0.138504 0.0118001
 0.71956 0.120301 0.0182092 0.110305 0.0316247
 0.345168 0.568373 0.0370887 0.00561387 0.0437567
 0.489677 0.307355 0.176169 0.0114958 0.0153026
 0.4835 0.372303 0.0868467 0.0497785 0.00757217
 0.37342 0.426593 0.144154 0.0336267 0.022206
 0.49005 0.293363 0.147458 0.0498291 0.0192994
 0.238823 0.51888 0.139389 0.0700633 0.0328457
 0.839511 0.0668807 0.0638109 0.0171417 0.0126556
 0.571429 0.394733 0.0141011 0.0134539 0.00628246
 0.400963 0.439685 0.14677 0.0052431 0.0073384
 0.371938 0.366357 0.192088 0.0641205 0.00549656
 0.171263 0.4636 0.212989 0.111674 0.0404734
pobs_RECLAS
 0 0 0 0 0
 0 0 0 0 0
 0 0 0 0 0
 0 0 0 0 0
 0.835266 0.146461 0.0176864 0.000547809 3.91292e-05
 0.385257 0.428462 0.181853 0.0044286 0
 0.867414 0.0963971 0.0333333 0.00285562 0
 0.441836 0.489002 0.0689373 0.000224442 0
 0.779404 0.147425 0.0564933 0.0165055 0.000172143
 0.814271 0.122319 0.05973 0.00367925 0
 0.40263 0.566651 0.0304383 0.000280538 0
 0.475488 0.404961 0.113038 0.00651328 0
 0.955842 0.0263864 0.0167828 0.000988607 0
 0.975058 0.0227948 0.00214734 0 0
 0.738997 0.206755 0.0527124 0.00153531 0
 0.850938 0.134255 0.0134407 0.00136685 0
 0.542534 0.407297 0.0501686 0 0
 0.764087 0.199537 0.0359546 0.000420521 0
 0.470689 0.182191 0.310203 0.0369168 0
 0.84361 0.089868 0.0606195 0.00523954 0.000663233
 0.607945 0.314616 0.071237 0.00620181 0
 0.523733 0.453247 0.0230204 0 0
 0.530135 0.295979 0.169645 0.0042399 0
 0.562478 0.366248 0.0663022 0.0049721 0
ppred_RECLAS
 0.480218 0.261666 0.12994 0.0645261 0.0636507
 0.445327 0.368452 0.0937465 0.0465531 0.0459216
 0.0153963 0.624489 0.239213 0.0608637 0.060038
 0.141159 0.0323508 0.524205 0.200799 0.101487
 0.900575 0.0268595 0.00273338 0.0442911 0.0255407
 0.52846 0.447331 0.00654005 0.000665555 0.0170034
 0.729755 0.196771 0.0697023 0.00101906 0.00275315
 0.0918361 0.774207 0.0975367 0.0345505 0.00186983
 0.837371 0.0308925 0.112304 0.0141484 0.00528305
 0.621189 0.349071 0.00564928 0.020537 0.00355341
 0.0535873 0.735534 0.194323 0.00314488 0.0134108
 0.244105 0.0859519 0.520667 0.137557 0.0117194
 0.728239 0.116578 0.0176457 0.106891 0.0306459
 0.361771 0.553962 0.0361483 0.00547153 0.0426473
 0.503519 0.299019 0.171391 0.011184 0.0148875
 0.488221 0.3689 0.0860529 0.0493235 0.00750296
 0.377742 0.423651 0.14316 0.0333948 0.0220528
 0.493792 0.29121 0.146376 0.0494634 0.0191578
 0.242253 0.516541 0.13876 0.0697475 0.0326977
 0.841535 0.0660372 0.0630061 0.0169256 0.012496
 0.572393 0.393846 0.0140694 0.0134236 0.00626833
 0.402239 0.438748 0.146458 0.00523193 0.00732276
 0.373998 0.365155 0.191458 0.0639102 0.00547853
 0.173868 0.462143 0.21232 0.111324 0.0403462
pobs_PELACES
 0 0 0 0 0
 0 0 0 0 0
 0 0 0 0 0
 0 0 0 0 0
 0 0 0 0 0
 0 0 0 0 0
 0 0 0 0 0
 0 0 0 0 0
 0 0 0 0 0
 0 0 0 0 0
 0.450072 0.473896 0.0757376 0.000293798 0
 0 0 0 0 0
 0.463077 0.371075 0.160297 0.00555027 0
 0.529543 0.364841 0.0842815 0.0213345 0
 0.631943 0.363953 0.00410389 0 0
 0.735681 0.248677 0.0153453 0.000297389 0
 0.695825 0.281241 0.0229344 0 0
 0.275771 0.60734 0.115278 0.00161068 0
 0 0 0 0 0
 0.896147 0.0623911 0.0374545 0.00400742 0
 0.803859 0.145111 0.0509908 3.86294e-05 0
 0.739449 0.233085 0.0266225 0.000797448 4.60066e-05
 0.878498 0.100942 0.0204185 0.000141795 0
 0.694673 0.275183 0.0284847 0.00165964 0
ppred_PELACES
 0.491494 0.255989 0.127121 0.0631262 0.0622698
 0.457901 0.360099 0.0916212 0.0454977 0.0448805
 0.0178105 0.622958 0.238626 0.0607145 0.0598908
 0.150925 0.031983 0.518244 0.198515 0.100333
 0.901739 0.0265452 0.0027014 0.0437728 0.0252418
 0.557602 0.419685 0.00613586 0.000624422 0.0159526
 0.738488 0.190412 0.0674499 0.000986128 0.00266418
 0.100313 0.76698 0.0966263 0.034228 0.00185238
 0.848792 0.0287231 0.104418 0.0131549 0.00491204
 0.630703 0.340304 0.0055074 0.0200212 0.00346417
 0.0579221 0.732165 0.193433 0.00313047 0.0133494
 0.262974 0.0838064 0.50767 0.134123 0.0114268
 0.754084 0.105491 0.0159675 0.0967258 0.0277315
 0.406943 0.514754 0.0335898 0.00508427 0.0396288
 0.543226 0.275104 0.157684 0.0102895 0.0136969
 0.506625 0.355634 0.0829583 0.0475498 0.00723314
 0.39486 0.411996 0.139222 0.0324761 0.0214462
 0.509168 0.282365 0.14193 0.0479611 0.0185759
 0.255955 0.507201 0.136251 0.0684863 0.0321064
 0.849617 0.0626691 0.0597926 0.0160623 0.0118586
 0.57726 0.389363 0.0139093 0.0132708 0.00619698
 0.408505 0.434149 0.144923 0.00517709 0.007246
 0.383425 0.359656 0.188575 0.0629478 0.00539603
 0.184403 0.456249 0.209612 0.109904 0.0398316
pobs_pel_tallas
 0 0 0 0 0 0 0 0 0 0 0 0 0 0 0 0 0 0 0 0 0 0 0 0 0 0 0 0 0 0 0 0 0 0 0 0
 0 0 0 0 0 0 0 0 0 0 0 0 0 0 0 0 0 0 0 0 0 0 0 0 0 0 0 0 0 0 0 0 0 0 0 0
 0 0 0 0 0 0 0 0 0 0 0 0 0 0 0 0 0 0 0 0 0 0 0 0 0 0 0 0 0 0 0 0 0 0 0 0
 0 0 0 0 0 0 0 0 0 0 0 0 0 0 0 0 0 0 0 0 0 0 0 0 0 0 0 0 0 0 0 0 0 0 0 0
 0 0 0 0 0 0 0 0 0 0 0 0 0 0 0 0 0 0 0 0 0 0 0 0 0 0 0 0 0 0 0 0 0 0 0 0
 0 0 0 0 0 0 0 0 0 0 0 0 0 0 0 0 0 0 0 0 0 0 0 0 0 0 0 0 0 0 0 0 0 0 0 0
 0 0 0 0 0 0 0 0 0 0 0 0 0 0 0 0 0 0 0 0 0 0 0 0 0 0 0 0 0 0 0 0 0 0 0 0
 0 0 0 0 0 0 0 0 0 0 0 0 0 0 0 0 0 0 0 0 0 0 0 0 0 0 0 0 0 0 0 0 0 0 0 0
 0 0 0 0 0 0 0 0 0 0 0 0 0 0 0 0 0 0 0 0 0 0 0 0 0 0 0 0 0 0 0 0 0 0 0 0
 0 0 0 0 0 0 0 0 0 0 0 0 0 0 0 0 0 0 0 0 0 0 0 0 0 0 0 0 0 0 0 0 0 0 0 0
 0 0 0 0 0 0 0 0 1.78061e-05 0.00172719 0.00360574 0.0105946 0.0120993 0.0124554 0.0147524 0.0171206 0.0266825 0.0428682 0.0675386 0.121331 0.153587 0.119568 0.100827 0.0573624 0.0630603 0.0341343 0.0324427 0.0444173 0.0211091 0.0280891 0.0125444 0.00206551 0 0 0 0
 0 0 0 0 0 0 0 0 0 0 0 0 0 0 0 0 0 0 0 0 0 0 0 0 0 0 0 0 0 0 0 0 0 0 0 0
 0 0 0 0 0 0 0.0133647 0.0140871 0.0187388 0.0205184 0.03894 0.0496705 0.03968 0.0493445 0.0407372 0.0367815 0.0215668 0.0243155 0.0234873 0.0199281 0.019796 0.0243948 0.0301388 0.0376714 0.0412746 0.0863199 0.0771752 0.113111 0.0741005 0.0525337 0.0229764 0.00759418 0.00175318 0 0 0
 0 0 0 0 0 0 0 0 0 0 0.00219441 0.00772107 0.0458388 0.0604681 0.0671733 0.0775358 0.0609151 0.0617685 0.073594 0.0568108 0.0755445 0.0548602 0.0670107 0.0636378 0.0643287 0.046367 0.0373049 0.0286899 0.0247887 0.0153202 0.00654259 0.00121912 0.000365735 0 0 0
 0 0 0 0 0 0 0 0 0 0 0 0 0.000112435 0.00938835 0.0111873 0.0202946 0.0414886 0.0713402 0.111592 0.104902 0.108894 0.110636 0.117776 0.105296 0.107544 0.0401394 0.0192827 0.0124803 0.00416011 0.0028671 0.000618394 0 0 0 0 0
 0 0 0 0 0 0 0 0 0 0 0.00291406 0.0102884 0.027416 0.0768956 0.0749926 0.110853 0.0956884 0.0897413 0.0766577 0.0534642 0.0500743 0.0551293 0.0594112 0.0620874 0.0668451 0.0424026 0.0208742 0.0120726 0.0048766 0.00582813 0.00118941 0.000297354 0 0 0 0
 0 0.00264628 0.0354308 0.0461629 0.0458689 0.0383711 0.0214643 0.0164657 0.0346957 0.0420465 0.0363128 0.0245516 0.0311673 0.0291091 0.0169068 0.0133784 0.00837989 0.0085269 0.0148486 0.0160247 0.0276389 0.0546898 0.0760071 0.122758 0.109233 0.0665981 0.0333725 0.0166128 0.00676272 0.00308733 0.000882094 0 0 0 0 0
 0 0 0 0 0 0 0 0.000805153 0.000690131 0.00759144 0.0133425 0.0154129 0.00931677 0.000345066 0.00356568 0.00563607 0.00851162 0.0253048 0.0502646 0.0516448 0.0657925 0.0565908 0.0611916 0.0827007 0.0866115 0.110766 0.145733 0.0935128 0.0569358 0.0249597 0.0138026 0.00621118 0.00161031 0.00115022 0 0
 0 0 0 0 0 0 0 0 0 0 0 0 0 0 0 0 0 0 0 0 0 0 0 0 0 0 0 0 0 0 0 0 0 0 0 0
 0.00147267 0.00158595 0.00478618 0.00569244 0.00954404 0.0108468 0.00647125 0.017049 0.0510054 0.094081 0.124002 0.0959785 0.0687766 0.0820023 0.061753 0.0591476 0.0492212 0.0479892 0.0443925 0.0268479 0.0217502 0.0140895 0.0121071 0.0120363 0.00920419 0.00665534 0.0049561 0.00860946 0.00930331 0.0156896 0.0114698 0.00855282 0.00243557 0.00046729 0 2.83206e-05
 0 0 0 0 0.000772559 0.00158375 0.000888443 0.00281984 0.00712685 0.0440552 0.0773331 0.111326 0.0921469 0.0852325 0.0710754 0.0886704 0.0786465 0.0553345 0.0373146 0.0185414 0.00753245 0.00457741 0.012979 0.0271748 0.0457355 0.0583668 0.034881 0.0177882 0.00938659 0.00492506 0.0015258 0.00185414 0.000309023 5.79419e-05 3.86279e-05 0
 0 0.00173294 0.00326652 0 0.00397197 0.00683976 0.00946217 0.0152591 0.00757587 0.0136028 0.0228656 0.0392903 0.0559909 0.0764795 0.0681675 0.0726916 0.0566044 0.0477403 0.0527397 0.0444891 0.0609904 0.0582453 0.0661739 0.0445044 0.0529084 0.0360697 0.0280645 0.0235558 0.0158879 0.00826598 0.00280645 0.00217768 0.000904811 0.00058276 9.20147e-05 0
 0 0 0 0 0 0 0 0 0 0 0 0 0 0 0 0 0 0 0 0 0 0 0 0 0 0 0 0 0 0 0 0 0 0 0 0
 0 0 0 0 0 0 0 0 0 0 0 0 0 0 0 0 0 0 0 0 0 0 0 0 0 0 0 0 0 0 0 0 0 0 0 0
ppred_pel_tallas
 1.06967e-16 2.14546e-05 0.000125895 0.000598393 0.00230376 0.00718396 0.0181463 0.0371309 0.0615534 0.082679 0.0900092 0.0794853 0.0570964 0.0337231 0.01712 0.00883455 0.00660892 0.00775694 0.0106231 0.0144388 0.018798 0.0233423 0.0276791 0.031419 0.034249 0.0359922 0.0366322 0.0362908 0.0351731 0.0335012 0.0314607 0.0291761 0.0267151 0.0241125 0.0213988 0.0186204
 1.05079e-16 1.9994e-05 0.00011731 0.00055756 0.0021465 0.00669355 0.0169077 0.0345974 0.0573569 0.0770527 0.0839118 0.0741663 0.0534184 0.0318371 0.0166896 0.00946604 0.00810768 0.0101379 0.0140024 0.0189192 0.0243831 0.029882 0.0348483 0.038737 0.041138 0.0418662 0.0409939 0.0388125 0.0357426 0.0322231 0.0286184 0.0251683 0.0219844 0.0190828 0.0164298 0.0139837
 1.08475e-16 8.14915e-07 4.68739e-06 2.20829e-05 8.46873e-05 0.000263787 0.000666993 0.00136985 0.00229009 0.00313429 0.00356572 0.00351401 0.00332059 0.00356454 0.00477538 0.00730535 0.011372 0.0171056 0.0245062 0.0333481 0.0431117 0.0529967 0.0620317 0.0692584 0.0739363 0.0757009 0.0746242 0.0711569 0.0659812 0.0598288 0.0533266 0.0469115 0.0408226 0.0351482 0.0298961 0.0250533
 1.18877e-16 6.59584e-06 3.86797e-05 0.000183804 0.000707555 0.00220632 0.00557296 0.0114035 0.0189048 0.0253955 0.0276538 0.024437 0.0175915 0.0104722 0.0054859 0.00315151 0.00284674 0.00385358 0.00581151 0.00867024 0.0125126 0.0174254 0.0234277 0.0304287 0.0382026 0.0463817 0.0544718 0.0618933 0.0680465 0.0723904 0.0745229 0.0742436 0.0715882 0.0668202 0.0603897 0.0528611
 1.02731e-16 3.93336e-05 0.000230882 0.00109756 0.00422577 0.0131778 0.0332857 0.0681056 0.112887 0.151588 0.164914 0.145361 0.103827 0.0601344 0.0283254 0.0110147 0.00382871 0.0016549 0.00138765 0.00173063 0.00227383 0.00290162 0.00356745 0.00423736 0.00488346 0.00548588 0.0060329 0.00651742 0.0069315 0.00726152 0.00748649 0.00758076 0.00752004 0.00728877 0.00688623 0.00632928
 1.00991e-16 2.43437e-05 0.000142842 0.000678928 0.00261378 0.00815073 0.0205884 0.0421289 0.0698419 0.0938216 0.102164 0.090278 0.0649764 0.0386309 0.0200734 0.0110943 0.00915613 0.0112073 0.015318 0.0205015 0.0261171 0.0315302 0.0360585 0.0390706 0.0401249 0.0390785 0.0361238 0.031735 0.0265485 0.0212146 0.0162686 0.0120561 0.00871927 0.00623378 0.00447044 0.00325818
 1.01178e-16 3.2222e-05 0.000189115 0.000898963 0.00346105 0.010793 0.0272622 0.0557822 0.0924658 0.124181 0.135139 0.119214 0.0853639 0.0498725 0.0243043 0.0108778 0.0060866 0.00579714 0.0074701 0.00997416 0.0128171 0.0156696 0.0182138 0.0201512 0.0212564 0.0214254 0.0206947 0.0192237 0.0172475 0.0150195 0.0127597 0.0106255 0.00870564 0.00703208 0.00560105 0.00439223
 1.02885e-16 4.41806e-06 2.58282e-05 0.000122561 0.000471505 0.00147003 0.00371401 0.0076053 0.0126291 0.0170284 0.0187094 0.016929 0.0130476 0.00948967 0.00810906 0.00953919 0.0136292 0.0200443 0.0284533 0.0383975 0.0491347 0.0596157 0.0686146 0.0749657 0.0778276 0.0768826 0.0724083 0.065188 0.0563037 0.0468779 0.037851 0.0298502 0.0231668 0.0178175 0.013647 0.0104293
 1.02174e-16 3.70254e-05 0.000217329 0.00103313 0.00397768 0.0124041 0.0313315 0.0641072 0.10626 0.14269 0.155237 0.136839 0.0977567 0.0566538 0.0267541 0.0105285 0.00387286 0.00198974 0.00197178 0.00261327 0.00353788 0.00463743 0.00585601 0.00713404 0.00840167 0.00958322 0.0106034 0.011393 0.0118944 0.0120669 0.0118922 0.0113784 0.0105618 0.00950414 0.00828558 0.00699455
 1.01039e-16 2.7528e-05 0.000161544 0.000767856 0.0029562 0.00921858 0.0232856 0.047647 0.0789858 0.106093 0.115495 0.101983 0.0732366 0.0432132 0.021852 0.0111205 0.00809253 0.0092799 0.0125025 0.0167056 0.0212929 0.0257333 0.029472 0.0319969 0.0329486 0.0322081 0.0299257 0.0264783 0.0223731 0.0181281 0.0141695 0.0107717 0.00804799 0.00597999 0.00446816 0.00338162
 1.03716e-16 2.56845e-06 1.4972e-05 7.09545e-05 0.000272817 0.000850435 0.00214894 0.00440282 0.0073202 0.00989748 0.0109462 0.0100734 0.00812323 0.00658258 0.0066388 0.00879676 0.0131095 0.0194895 0.0277707 0.037591 0.0482771 0.0588436 0.0681209 0.0749793 0.0785784 0.0785582 0.0751116 0.0689083 0.0609085 0.0521295 0.0434423 0.0354526 0.0284774 0.0225969 0.0177406 0.0137718
 1.12377e-16 1.14841e-05 6.73724e-05 0.000320201 0.0012327 0.00384393 0.00970948 0.0198675 0.0329353 0.0442394 0.0481632 0.0425359 0.0305649 0.0180782 0.009239 0.00490251 0.00390909 0.00489923 0.00709983 0.0102459 0.0142873 0.0191923 0.0248635 0.031112 0.0376559 0.0441336 0.050129 0.0552059 0.0589541 0.0610397 0.0612549 0.0595548 0.0560734 0.0511092 0.0450847 0.0384842
 1.04881e-16 3.28983e-05 0.000193094 0.000917899 0.00353399 0.0110204 0.0278367 0.056957 0.0944106 0.126785 0.137952 0.121646 0.0869977 0.0506099 0.0242592 0.0101736 0.00473826 0.0037114 0.00450804 0.0060227 0.00785095 0.00979749 0.0117024 0.0134176 0.0148266 0.0158658 0.0165304 0.0168616 0.016923 0.0167726 0.016444 0.0159417 0.0152497 0.0143489 0.0132343 0.0119264
 1.02671e-16 1.77781e-05 0.000104287 0.000495616 0.00190795 0.0059496 0.0150287 0.030754 0.0509908 0.0685172 0.0746605 0.0660942 0.0478321 0.0289633 0.0160138 0.0103854 0.0103197 0.0136566 0.0189955 0.0255353 0.032624 0.0395214 0.0454021 0.0494918 0.0512408 0.0504558 0.0473458 0.0424586 0.0365371 0.0303425 0.0245016 0.0194189 0.0152632 0.0120126 0.00952915 0.00763236
 1.03322e-16 2.37113e-05 0.000139142 0.000661364 0.0025462 0.00794002 0.020056 0.0410386 0.0680309 0.0913784 0.099477 0.0878391 0.0630817 0.0372267 0.0188393 0.00962208 0.00706961 0.00820137 0.0111748 0.0151272 0.0195972 0.0241773 0.028424 0.0319006 0.0342594 0.0353113 0.0350558 0.03366 0.0313998 0.028585 0.0254948 0.0223408 0.0192612 0.0163357 0.0136098 0.0111144
 1.03266e-16 2.21184e-05 0.000129783 0.000616857 0.00237481 0.00740552 0.018706 0.038277 0.0634557 0.0852414 0.0928182 0.0820117 0.0590108 0.0350532 0.0181605 0.00995882 0.00814666 0.00996376 0.0136809 0.0184398 0.0237088 0.0289677 0.0336476 0.0372052 0.0392358 0.0395628 0.038271 0.0356691 0.0321992 0.0283252 0.0244378 0.0208005 0.0175435 0.0146922 0.0122118 0.0100481
 1.04229e-16 1.72473e-05 0.00010118 0.000480863 0.00185118 0.00577259 0.0145814 0.0298382 0.0494702 0.0664674 0.0724095 0.0640604 0.0462713 0.0278419 0.0150801 0.00931965 0.00883469 0.0115265 0.0160633 0.0217357 0.0280204 0.0343395 0.0400374 0.0444784 0.0471786 0.0479103 0.0467434 0.0440042 0.0401764 0.0357764 0.0312468 0.0268962 0.0228913 0.0192869 0.0160731 0.0132174
 1.04623e-16 2.22264e-05 0.000130423 0.000619917 0.00238662 0.00744236 0.018799 0.0384666 0.0637681 0.0856551 0.0932527 0.0823579 0.059178 0.0349888 0.0178288 0.0093063 0.00708618 0.00838565 0.0114828 0.0155648 0.0201841 0.0249336 0.0293664 0.0330421 0.0356114 0.0368852 0.0368636 0.0357127 0.0337031 0.0311329 0.0282636 0.025285 0.0223133 0.0194108 0.0166142 0.0139557
 1.05953e-16 1.11942e-05 6.56343e-05 0.000311856 0.00120043 0.00374322 0.00945557 0.019351 0.0320903 0.0431385 0.0470541 0.0417689 0.0304752 0.0189482 0.0113714 0.00872198 0.00999347 0.0139084 0.0196201 0.0265842 0.034258 0.0419561 0.0488812 0.054261 0.0575129 0.0583728 0.0569424 0.0536362 0.0490557 0.0438338 0.0385022 0.0334192 0.0287624 0.0245706 0.020807 0.0174147
 1.01976e-16 3.70626e-05 0.000217545 0.00103415 0.0039816 0.0124163 0.0313624 0.0641706 0.106366 0.142835 0.155401 0.137001 0.0979073 0.0568121 0.0269612 0.0108386 0.00434446 0.00267878 0.00292218 0.00384341 0.00502551 0.00630834 0.00758202 0.00874426 0.00970703 0.0104097 0.0108259 0.0109612 0.0108425 0.0105066 0.00998962 0.00932313 0.00853514 0.00765381 0.0067111 0.00574363
 1.0107e-16 2.51997e-05 0.00014787 0.000702838 0.00270585 0.00843785 0.0213136 0.0436125 0.0723002 0.0971199 0.105746 0.093418 0.0671827 0.0398352 0.0205025 0.0110198 0.00874253 0.0105011 0.0143005 0.0191421 0.0244077 0.0295044 0.033799 0.0367042 0.0378063 0.0369661 0.0343525 0.0303947 0.025672 0.020778 0.016203 0.0122656 0.00910043 0.0066918 0.00493014 0.00366838
 1.02716e-16 1.78433e-05 0.000104677 0.000497482 0.00191516 0.00597209 0.0150854 0.0308695 0.0511801 0.0687653 0.0749142 0.0662793 0.0478805 0.0288229 0.0156338 0.00969423 0.00921855 0.0120329 0.0167533 0.0226342 0.029118 0.0355864 0.0413402 0.045704 0.0481677 0.0484989 0.0467869 0.0434003 0.0388805 0.0338076 0.028684 0.023866 0.0195506 0.0158045 0.0126121 0.00992059
 1.0521e-16 1.67467e-05 9.82453e-05 0.000466922 0.00179752 0.00560526 0.0141587 0.0289729 0.0480346 0.0645356 0.0702974 0.0621736 0.044869 0.02692 0.014441 0.0087166 0.00806315 0.0104437 0.0145808 0.0198198 0.0257068 0.0317485 0.0373775 0.0420299 0.0452563 0.0468117 0.0466939 0.0451139 0.0424193 0.0389965 0.0351884 0.0312494 0.0273407 0.0235539 0.0199443 0.0165575
 1.08762e-16 8.07228e-06 4.73101e-05 0.000224751 0.000865067 0.00269742 0.00681391 0.0139456 0.0231297 0.0311026 0.0339516 0.0301994 0.0221675 0.0140484 0.00890066 0.00748352 0.00913236 0.012982 0.0184579 0.0251686 0.0326786 0.0404028 0.0476388 0.0536855 0.0579861 0.0602404 0.0604501 0.0588785 0.0559504 0.0521278 0.0478075 0.043268 0.0386706 0.0340951 0.029589 0.0252044
pSPR Fmed_Fpbrs
0.501751   0.255389 0.255389
Fs Fmed_Fpbrs
0.39994   1.005 1.005
SSBpbr Bo_Bmed_Bpbrs
919032  415174  188759 188759
Ro
21590.3
SPR SPRFo_SPRFmed_SPRFpbrs
444190 222873 113441
log_Ro
9.8
likeval ReclasPelacesDesembMPH_pf_preclas_ppelaces_ptallas_desvR_qrecl_qpela
 122.786 106.952 0.282215 0.000622211 365.376 203.214 101.34 0 56.2827 0 0 0 0 0 0
q_reclas_q_pelaces
1 1
M
0.7
N
 43998.8 12835.9 6374.11 3165.29 3122.35
 42651.9 19055.6 4848.38 2407.64 2374.97
 715.431 18159.6 6956.11 1769.87 1745.86
 1757.72 226.797 3674.97 1407.71 711.478
 45260.2 688.43 70.0588 1135.22 654.628
 42720.2 21603.3 315.844 32.1422 821.16
 102998 14860.3 5263.96 76.96 207.92
 9138.12 44662.2 5626.67 1993.14 107.866
 160538 3375.29 12270.3 1545.84 577.22
 205363 61364.9 993.115 3610.3 624.672
 11596.4 90165.8 23821.2 385.517 1643.97
 21909.3 4486.46 27177.4 7180.09 611.72
 81912.3 8042.05 1217.27 7373.81 2114.08
 26435.7 27035.5 1764.18 267.032 2081.35
 19466.1 7357.48 4217.14 275.186 366.313
 14124.4 5965.96 1391.67 797.675 121.34
 8969.4 5611.34 1896.18 442.321 292.094
 11056.4 3578.64 1798.8 607.849 235.427
 3825.12 4556.84 1224.12 615.3 288.453
 35301.4 1521.3 1451.47 389.914 287.869
 40983.1 14531.6 519.113 495.286 231.28
 33773.9 19159.6 6395.64 228.472 319.777
 29883.1 15501.2 8127.59 2713.05 232.569
 8871.81 13143 6038.22 3165.96 1147.41
pred_Ctot
 4077.7 2244.63 1114.65 553.52 546.011
 4413.59 3694.92 940.109 466.844 460.511
 190.901 8138.32 3117.42 793.174 782.414
 270.769 63.3402 1026.35 393.147 198.702
 1266.14 37.8562 3.85247 62.4246 35.9974
 9391.84 8238.88 120.454 12.2581 313.167
 9465.94 2578.22 913.286 13.3524 36.0736
 1712.54 14841.4 1869.76 662.328 35.8444
 26986.9 1019.14 3704.9 466.754 174.287
 17232.3 9770.66 158.126 574.839 99.4615
 1869.01 26222.6 6927.84 112.118 478.11
 4181.73 1514.86 9176.52 2424.38 206.549
 20223 3381.03 511.764 3100.09 888.801
 8636.61 14221.5 928.012 140.467 1094.86
 5509.23 3457.98 1982.03 129.336 172.165
 2057.57 1584.37 369.584 211.837 32.224
 1283.9 1466.72 495.633 115.616 76.3488
 1366.68 818.146 411.239 138.966 53.8232
 554.763 1205.31 323.787 162.751 76.2976
 4389.84 349.722 333.67 89.6349 66.1764
 1732.23 1196.59 42.7461 40.7841 19.0446
 1848.25 2026.74 676.541 24.1682 33.8265
 2474.2 2437.08 1277.81 426.542 36.5642
 1261.09 3413.71 1568.34 822.313 298.025
F
 0.1368 0.273599 0.273599 0.273599 0.273599
 0.153871 0.307741 0.307741 0.307741 0.307741
 0.448828 0.897656 0.897656 0.897656 0.897656
 0.237361 0.474721 0.474721 0.474721 0.474721
 0.0395831 0.0791662 0.0791662 0.0791662 0.0791662
 0.355981 0.711962 0.711962 0.711962 0.711962
 0.135587 0.271173 0.271173 0.271173 0.271173
 0.295974 0.591948 0.591948 0.591948 0.591948
 0.261695 0.523389 0.523389 0.523389 0.523389
 0.123131 0.246262 0.246262 0.246262 0.246262
 0.249632 0.499264 0.499264 0.499264 0.499264
 0.302226 0.604452 0.604452 0.604452 0.604452
 0.4085 0.817 0.817 0.817 0.817
 0.578996 1.15799 1.15799 1.15799 1.15799
 0.482605 0.965211 0.965211 0.965211 0.965211
 0.223113 0.446227 0.446227 0.446227 0.446227
 0.218836 0.437672 0.437672 0.437672 0.437672
 0.186381 0.372762 0.372762 0.372762 0.372762
 0.222025 0.44405 0.44405 0.44405 0.44405
 0.1876 0.3752 0.3752 0.3752 0.3752
 0.0603529 0.120706 0.120706 0.120706 0.120706
 0.0787711 0.157542 0.157542 0.157542 0.157542
 0.121404 0.242809 0.242809 0.242809 0.242809
 0.217159 0.434318 0.434318 0.434318 0.434318
nmprior
 10 10 8 0
nm_flota  nm_reclas  nm_pelaces    nm_pelaL
inf 7.91811 5.60436 7.911
cv_recla  cv_pelaces  cv_mph
1.02589 1.21691 0.809295
 ------------------------------------------------
Talla a la edad & desviación 
 7.2 14.2025 17.0495 18.207 18.6776
 1.08 2.13037 2.55742 2.73105 2.80164
