years
 1997 1998 1999 2000 2001 2002 2003 2004 2005 2006 2007 2008 2009 2010 2011 2012 2013 2014 2015 2016 2017 2018 2019 2020
reclasobs
 0 0 0 370054 412103 1.49427e+06 250295 1.28982e+06 931140 785840 897777 1.04006e+06 184774 17550 25797 100020 73551 82996 120727 218422 84188 347160 605670 569463
reclaspred
 1.45355e+06 260416 513962 182724 278442 359908 723461 625458 676191 849139 896163 686192 387337 147011 83425.5 75687.6 79801.8 108321 127415 132627 201763 214600 344404 297822
pelacesobs
 0 0 0 0 0 0 0 0 0 2.06254e+06 1.5e+06 0 1.87456e+06 323000 250000 174000 83755 137374 0 501740 490994 745055 786931 1.00524e+06
pelacespred
 3.96641e+06 1.3693e+06 739125 667646 932903 787127 2.12532e+06 1.92384e+06 1.89257e+06 2.56401e+06 2.27003e+06 1.85303e+06 987944 288749 163361 166196 180899 268109 325568 315636 599046 633445 734707 707533
mphobs
 0 0 0 0 0 112323 0 153150 637223 0 255016 313432 73983 77613 109348 50772 0 0 0 0 0 0 0 0
mphpred
 389910 162434 149224 72997.4 64198.3 146602 169372 283988 258749 287307 380099 282078 176630 94297.3 45538.6 31829.9 28927.9 35776.7 46319.5 44349.6 58940.4 78896 94462.6 109322
desembarqueobs
 350755 77701 442110 56441 14545 235359 269955 359681 431902 328805 639364 411747 362871 311530 167758 66681 60226 58785 57116 71774 51957 67425 138520 160799
desembarquepred
 350733 77667.3 441612 56424.9 14544.1 235263 269937 359211 431526 328575 638391 411175 362262 311016 167262 66621.5 60206.9 58717.1 57045 71708.1 51946.5 67369.9 138433 160723
Reclutas
 18778.6 44216.3 5516.1 9790 39005.8 16827.2 62875.9 59848.7 69833.4 113085 72246.1 48213.9 50816 29596.9 12612.9 9621.21 7591.46 9167.45 7835.26 10130.2 16312.5 19886.1 27376.9 16285.8
log_desv_Rt
 -0.199524 0.65685 -1.42457 -0.850883 0.531466 -0.30925 1.00892 0.959575 1.11387 1.5959 1.14783 0.743402 0.795967 0.255425 -0.597526 -0.868275 -1.10522 -0.916586 -1.07361 -0.816719 -0.34031 -0.142223 0.177453 -0.341951
SSB
 603231 251303 230865 112935 99321.5 226809 262036 439359 400312 444494 588052 436405 273265 145888 70453 49244.2 44754.4 55350.3 71661.2 68613.4 91186.9 122060 146144 169133
BT
 1.23677e+06 385874 393062 191359 293122 347038 1.07362e+06 996240 1.06583e+06 1.18313e+06 1.23779e+06 876083 688003 396987 202174 108490 109979 136017 127512 147430 226926 202699 268726 290385
Ftot
 0.631807 0.898236 1.94344 0.833186 0.195069 1.60382 1.33031 1.77082 1.96321 1.31207 1.93502 1.6002 2.58378 4.95303 4.95303 2.45238 2.22411 1.66636 1.22785 1.53733 0.812515 0.8873 1.10247 1.40063
BD_Bspro_t
 0.932228 0.639284 0.518944 0.212507 0.291657 0.532397 0.421879 0.504314 0.435223 0.417633 0.449947 0.315368 0.224301 0.147373 0.0867972 0.0756022 0.0954552 0.158471 0.239815 0.277825 0.369854 0.503847 0.505367 0.461279
BD_Bspro
 1.27896 0.532808 0.489475 0.239442 0.21058 0.480876 0.555563 0.931521 0.848733 0.942407 1.24678 0.925257 0.579371 0.309308 0.149373 0.104407 0.0948875 0.117353 0.151935 0.145473 0.193333 0.25879 0.309851 0.358592
BD_Bo
 0.816834 0.340288 0.312613 0.152924 0.134491 0.307121 0.354822 0.594935 0.542061 0.601888 0.79628 0.590934 0.370027 0.197546 0.0954002 0.0666815 0.0606019 0.0749497 0.0970362 0.0929092 0.123476 0.165282 0.197893 0.229022
BD_Brms
 1.48515 0.618706 0.568388 0.278045 0.244529 0.558402 0.645131 1.0817 0.985565 1.09434 1.44778 1.07443 0.672777 0.359175 0.173455 0.121239 0.110185 0.136272 0.176429 0.168926 0.224502 0.300512 0.359805 0.416404
S_f
 0.080362 0.641828 0.973508 0.998675 0.999935
 0.080362 0.641828 0.973508 0.998675 0.999935
 0.080362 0.641828 0.973508 0.998675 0.999935
 0.080362 0.641828 0.973508 0.998675 0.999935
 0.080362 0.641828 0.973508 0.998675 0.999935
 0.080362 0.641828 0.973508 0.998675 0.999935
 0.080362 0.641828 0.973508 0.998675 0.999935
 0.080362 0.641828 0.973508 0.998675 0.999935
 0.080362 0.641828 0.973508 0.998675 0.999935
 0.080362 0.641828 0.973508 0.998675 0.999935
 0.080362 0.641828 0.973508 0.998675 0.999935
 0.080362 0.641828 0.973508 0.998675 0.999935
 0.080362 0.641828 0.973508 0.998675 0.999935
 0.080362 0.641828 0.973508 0.998675 0.999935
 0.080362 0.641828 0.973508 0.998675 0.999935
 0.080362 0.641828 0.973508 0.998675 0.999935
 0.080362 0.641828 0.973508 0.998675 0.999935
 0.080362 0.641828 0.973508 0.998675 0.999935
 0.080362 0.641828 0.973508 0.998675 0.999935
 0.080362 0.641828 0.973508 0.998675 0.999935
 0.080362 0.641828 0.973508 0.998675 0.999935
 0.080362 0.641828 0.973508 0.998675 0.999935
 0.080362 0.641828 0.973508 0.998675 0.999935
 0.080362 0.641828 0.973508 0.998675 0.999935
Scru_reclas
 0.2137 0.577661 0.873152 0.971943 0.994297
 0.2137 0.577661 0.873152 0.971943 0.994297
 0.2137 0.577661 0.873152 0.971943 0.994297
 0.2137 0.577661 0.873152 0.971943 0.994297
 0.2137 0.577661 0.873152 0.971943 0.994297
 0.2137 0.577661 0.873152 0.971943 0.994297
 0.2137 0.577661 0.873152 0.971943 0.994297
 0.2137 0.577661 0.873152 0.971943 0.994297
 0.2137 0.577661 0.873152 0.971943 0.994297
 0.2137 0.577661 0.873152 0.971943 0.994297
 0.2137 0.577661 0.873152 0.971943 0.994297
 0.2137 0.577661 0.873152 0.971943 0.994297
 0.2137 0.577661 0.873152 0.971943 0.994297
 0.2137 0.577661 0.873152 0.971943 0.994297
 0.2137 0.577661 0.873152 0.971943 0.994297
 0.2137 0.577661 0.873152 0.971943 0.994297
 0.2137 0.577661 0.873152 0.971943 0.994297
 0.2137 0.577661 0.873152 0.971943 0.994297
 0.2137 0.577661 0.873152 0.971943 0.994297
 0.2137 0.577661 0.873152 0.971943 0.994297
 0.2137 0.577661 0.873152 0.971943 0.994297
 0.2137 0.577661 0.873152 0.971943 0.994297
 0.2137 0.577661 0.873152 0.971943 0.994297
 0.2137 0.577661 0.873152 0.971943 0.994297
Scru_pelaces
 0.188635 0.53918 0.854828 0.967357 0.993339
 0.188635 0.53918 0.854828 0.967357 0.993339
 0.188635 0.53918 0.854828 0.967357 0.993339
 0.188635 0.53918 0.854828 0.967357 0.993339
 0.188635 0.53918 0.854828 0.967357 0.993339
 0.188635 0.53918 0.854828 0.967357 0.993339
 0.188635 0.53918 0.854828 0.967357 0.993339
 0.188635 0.53918 0.854828 0.967357 0.993339
 0.188635 0.53918 0.854828 0.967357 0.993339
 0.188635 0.53918 0.854828 0.967357 0.993339
 0.188635 0.53918 0.854828 0.967357 0.993339
 0.188635 0.53918 0.854828 0.967357 0.993339
 0.188635 0.53918 0.854828 0.967357 0.993339
 0.188635 0.53918 0.854828 0.967357 0.993339
 0.188635 0.53918 0.854828 0.967357 0.993339
 0.188635 0.53918 0.854828 0.967357 0.993339
 0.188635 0.53918 0.854828 0.967357 0.993339
 0.188635 0.53918 0.854828 0.967357 0.993339
 0.188635 0.53918 0.854828 0.967357 0.993339
 0.188635 0.53918 0.854828 0.967357 0.993339
 0.188635 0.53918 0.854828 0.967357 0.993339
 0.188635 0.53918 0.854828 0.967357 0.993339
 0.188635 0.53918 0.854828 0.967357 0.993339
 0.188635 0.53918 0.854828 0.967357 0.993339
pf_obs 
 0.256992 0.487395 0.22802 0.0275931 0
 0.321318 0.546541 0.124235 0.00734118 0.000564706
 0.182869 0.594174 0.210203 0.0122559 0.00049798
 0.330522 0.361315 0.267642 0.0388342 0.00168674
 0.649043 0.306663 0.0425973 0.00169635 0
 0.582887 0.30429 0.105238 0.00758474 0
 0.465427 0.430635 0.0974691 0.00646863 0
 0.296916 0.608066 0.0921331 0.00288517 0
 0.311714 0.524322 0.152257 0.0117073 0
 0.15457 0.633149 0.183074 0.0267441 0.00246327
 0.131901 0.49318 0.331252 0.0422183 0.00144891
 0.196976 0.569456 0.194076 0.0375587 0.00193317
 0.518974 0.381816 0.0799577 0.0180837 0.00116848
 0.0928022 0.601141 0.25162 0.0475244 0.00691264
 0.122501 0.610282 0.24278 0.0234846 0.000952079
 0.383417 0.481906 0.127806 0.00687128 0
 0.0376549 0.599619 0.316969 0.0457579 0
 0.0361596 0.667082 0.258105 0.0386534 0
 0.158088 0.579412 0.248529 0.0139706 0
 0.0477256 0.309471 0.559284 0.082774 0.000745712
 0.0406174 0.521527 0.379366 0.0568643 0.0016247
 0.151134 0.462217 0.34131 0.0453401 0
 0.294876 0.26143 0.354403 0.0886775 0.000613685
 0.281977 0.475581 0.204845 0.0348837 0.00271318
pf_pred 
 0.0937689 0.607413 0.26424 0.0345707 7.35536e-06
 0.263523 0.342024 0.3058 0.078702 0.00995119
 0.0398439 0.772273 0.114961 0.0570279 0.0158941
 0.181479 0.285287 0.483297 0.0312543 0.0186823
 0.436259 0.387189 0.0856303 0.082697 0.008225
 0.118902 0.752991 0.0993694 0.0141384 0.0145996
 0.468633 0.323354 0.192728 0.0119957 0.0032887
 0.265461 0.673145 0.0464295 0.0139124 0.00105217
 0.298387 0.574328 0.122322 0.00380354 0.0011594
 0.354242 0.550009 0.087423 0.00802012 0.000306446
 0.189322 0.69422 0.10709 0.00858768 0.000780571
 0.175398 0.624795 0.186331 0.0124495 0.00102663
 0.276808 0.535049 0.163666 0.0229055 0.00157186
 0.279797 0.643911 0.0677641 0.00748715 0.0010407
 0.268565 0.698266 0.0324884 0.000612546 6.7762e-05
 0.311716 0.650464 0.0374997 0.000314128 5.7844e-06
 0.255267 0.655604 0.08722 0.00189353 1.50632e-05
 0.305686 0.58032 0.108103 0.00577337 0.000118401
 0.214778 0.658511 0.116138 0.0100534 0.000519459
 0.272305 0.53663 0.173875 0.0158142 0.00137618
 0.310537 0.558447 0.111925 0.0174513 0.00163985
 0.241972 0.599279 0.140139 0.0159841 0.00262598
 0.262228 0.545645 0.167447 0.0218848 0.00279503
 0.149822 0.666354 0.154984 0.0252719 0.00356839
pobs_RECLAS
 0 0 0 0 0
 0 0 0 0 0
 0 0 0 0 0
 0 0 0 0 0
 0.835266 0.146461 0.0176864 0.000547809 3.91292e-05
 0.385257 0.428462 0.181853 0.0044286 0
 0.867414 0.0963971 0.0333333 0.00285562 0
 0.441836 0.489002 0.0689373 0.000224442 0
 0.779404 0.147425 0.0564933 0.0165055 0.000172143
 0.814271 0.122319 0.05973 0.00367925 0
 0.40263 0.566651 0.0304383 0.000280538 0
 0.475488 0.404961 0.113038 0.00651328 0
 0.955842 0.0263864 0.0167828 0.000988607 0
 0.975058 0.0227948 0.00214734 0 0
 0.738997 0.206755 0.0527124 0.00153531 0
 0.850938 0.134255 0.0134407 0.00136685 0
 0.542534 0.407297 0.0501686 0 0
 0.764087 0.199537 0.0359546 0.000420521 0
 0.470689 0.182191 0.310203 0.0369168 0
 0.84361 0.089868 0.0606195 0.00523954 0.000663233
 0.607945 0.314616 0.071237 0.00620181 0
 0.523733 0.453247 0.0230204 0 0
 0.530135 0.295979 0.169645 0.0042399 0
 0.562478 0.366248 0.0663022 0.0049721 0
ppred_RECLAS
 0.239888 0.511907 0.21739 0.0308089 6.69672e-06
 0.526964 0.221901 0.191059 0.0532031 0.00687212
 0.123503 0.716467 0.0949812 0.0506366 0.0144122
 0.40902 0.209433 0.342892 0.0239998 0.0146555
 0.694798 0.207259 0.0454705 0.0476324 0.00484025
 0.306422 0.598347 0.0724202 0.0111019 0.0117088
 0.741196 0.161122 0.0899465 0.00604286 0.0016922
 0.544773 0.419933 0.026195 0.00844677 0.00065241
 0.59218 0.340524 0.064471 0.00215411 0.000670543
 0.636802 0.311916 0.046497 0.00460477 0.00017972
 0.441778 0.485228 0.0667105 0.00574964 0.000533698
 0.412754 0.453486 0.124075 0.00893211 0.000752295
 0.587247 0.318412 0.0813244 0.0121647 0.000852259
 0.666558 0.310743 0.0200617 0.0023098 0.000327361
 0.648488 0.34155 0.00974886 0.000191537 2.16045e-05
 0.616152 0.365826 0.0178595 0.000160091 3.00983e-06
 0.544513 0.407398 0.0469862 0.00109375 8.88433e-06
 0.592735 0.345154 0.0586664 0.00337428 7.06756e-05
 0.464889 0.452427 0.075275 0.00703778 0.000371451
 0.551581 0.336992 0.10068 0.00987062 0.00087731
 0.580981 0.340726 0.0660713 0.0111508 0.00107043
 0.497173 0.399764 0.0900798 0.0111173 0.00186581
 0.528592 0.352182 0.102808 0.014523 0.0018947
 0.36276 0.505606 0.109576 0.0192776 0.00278029
pobs_PELACES
 0 0 0 0 0
 0 0 0 0 0
 0 0 0 0 0
 0 0 0 0 0
 0 0 0 0 0
 0 0 0 0 0
 0 0 0 0 0
 0 0 0 0 0
 0 0 0 0 0
 0 0 0 0 0
 0.450072 0.473896 0.0757376 0.000293798 0
 0 0 0 0 0
 0.463077 0.371075 0.160297 0.00555027 0
 0.529543 0.364841 0.0842815 0.0213345 0
 0.631943 0.363953 0.00410389 0 0
 0.735681 0.248677 0.0153453 0.000297389 0
 0.695825 0.281241 0.0229344 0 0
 0.275771 0.60734 0.115278 0.00161068 0
 0 0 0 0 0
 0.896147 0.0623911 0.0374545 0.00400742 0
 0.803859 0.145111 0.0509908 3.86294e-05 0
 0.739449 0.233085 0.0266225 0.000797448 4.60066e-05
 0.878498 0.100942 0.0204185 0.000141795 0
 0.694673 0.275183 0.0284847 0.00165964 0
ppred_PELACES
 0.252456 0.506723 0.210627 0.0301876 6.58471e-06
 0.560683 0.211378 0.173021 0.0486166 0.00630104
 0.1642 0.702669 0.078984 0.0421224 0.0120244
 0.439714 0.204018 0.31982 0.0225999 0.0138479
 0.688208 0.209372 0.047162 0.0501439 0.00511427
 0.363759 0.557998 0.0594333 0.00913986 0.00966943
 0.782197 0.140519 0.0711303 0.00480476 0.00134982
 0.613587 0.360238 0.0194169 0.00627223 0.000485923
 0.669658 0.283018 0.0453354 0.00151502 0.000472996
 0.681727 0.27689 0.0375019 0.00373475 0.000146234
 0.52217 0.42373 0.0494406 0.00426293 0.000396871
 0.478927 0.413637 0.0996327 0.00719544 0.000607908
 0.695233 0.246962 0.049862 0.00742146 0.000521347
 0.829429 0.163315 0.00643098 0.000722395 0.000102558
 0.81539 0.181385 0.0031578 6.05308e-05 6.83923e-06
 0.707061 0.281805 0.0110331 9.85161e-05 1.85727e-06
 0.635004 0.332706 0.0315512 0.000732988 5.9709e-06
 0.656468 0.296838 0.0440975 0.00254303 5.34289e-05
 0.510956 0.418816 0.0638981 0.00601174 0.000318332
 0.614109 0.298396 0.0790256 0.00777644 0.000693343
 0.60559 0.323061 0.0601169 0.0102451 0.000986862
 0.526715 0.37994 0.0814872 0.0101489 0.00170908
 0.569702 0.327208 0.088799 0.0126362 0.001654
 0.416061 0.473028 0.0922443 0.0163073 0.0023594
pobs_pel_tallas
 0 0 0 0 0 0 0 0 0 0 0 0 0 0 0 0 0 0 0 0 0 0 0 0 0 0 0 0 0 0 0 0 0 0 0 0
 0 0 0 0 0 0 0 0 0 0 0 0 0 0 0 0 0 0 0 0 0 0 0 0 0 0 0 0 0 0 0 0 0 0 0 0
 0 0 0 0 0 0 0 0 0 0 0 0 0 0 0 0 0 0 0 0 0 0 0 0 0 0 0 0 0 0 0 0 0 0 0 0
 0 0 0 0 0 0 0 0 0 0 0 0 0 0 0 0 0 0 0 0 0 0 0 0 0 0 0 0 0 0 0 0 0 0 0 0
 0 0 0 0 0 0 0 0 0 0 0 0 0 0 0 0 0 0 0 0 0 0 0 0 0 0 0 0 0 0 0 0 0 0 0 0
 0 0 0 0 0 0 0 0 0 0 0 0 0 0 0 0 0 0 0 0 0 0 0 0 0 0 0 0 0 0 0 0 0 0 0 0
 0 0 0 0 0 0 0 0 0 0 0 0 0 0 0 0 0 0 0 0 0 0 0 0 0 0 0 0 0 0 0 0 0 0 0 0
 0 0 0 0 0 0 0 0 0 0 0 0 0 0 0 0 0 0 0 0 0 0 0 0 0 0 0 0 0 0 0 0 0 0 0 0
 0 0 0 0 0 0 0 0 0 0 0 0 0 0 0 0 0 0 0 0 0 0 0 0 0 0 0 0 0 0 0 0 0 0 0 0
 0 0 0 0 0 0 0 0 0 0 0 0 0 0 0 0 0 0 0 0 0 0 0 0 0 0 0 0 0 0 0 0 0 0 0 0
 0 0 0 0 0 0 0 0 1.78061e-05 0.00172719 0.00360574 0.0105946 0.0120993 0.0124554 0.0147524 0.0171206 0.0266825 0.0428682 0.0675386 0.121331 0.153587 0.119568 0.100827 0.0573624 0.0630603 0.0341343 0.0324427 0.0444173 0.0211091 0.0280891 0.0125444 0.00206551 0 0 0 0
 0 0 0 0 0 0 0 0 0 0 0 0 0 0 0 0 0 0 0 0 0 0 0 0 0 0 0 0 0 0 0 0 0 0 0 0
 0 0 0 0 0 0 0.0133647 0.0140871 0.0187388 0.0205184 0.03894 0.0496705 0.03968 0.0493445 0.0407372 0.0367815 0.0215668 0.0243155 0.0234873 0.0199281 0.019796 0.0243948 0.0301388 0.0376714 0.0412746 0.0863199 0.0771752 0.113111 0.0741005 0.0525337 0.0229764 0.00759418 0.00175318 0 0 0
 0 0 0 0 0 0 0 0 0 0 0.00219441 0.00772107 0.0458388 0.0604681 0.0671733 0.0775358 0.0609151 0.0617685 0.073594 0.0568108 0.0755445 0.0548602 0.0670107 0.0636378 0.0643287 0.046367 0.0373049 0.0286899 0.0247887 0.0153202 0.00654259 0.00121912 0.000365735 0 0 0
 0 0 0 0 0 0 0 0 0 0 0 0 0.000112435 0.00938835 0.0111873 0.0202946 0.0414886 0.0713402 0.111592 0.104902 0.108894 0.110636 0.117776 0.105296 0.107544 0.0401394 0.0192827 0.0124803 0.00416011 0.0028671 0.000618394 0 0 0 0 0
 0 0 0 0 0 0 0 0 0 0 0.00291406 0.0102884 0.027416 0.0768956 0.0749926 0.110853 0.0956884 0.0897413 0.0766577 0.0534642 0.0500743 0.0551293 0.0594112 0.0620874 0.0668451 0.0424026 0.0208742 0.0120726 0.0048766 0.00582813 0.00118941 0.000297354 0 0 0 0
 0 0.00264628 0.0354308 0.0461629 0.0458689 0.0383711 0.0214643 0.0164657 0.0346957 0.0420465 0.0363128 0.0245516 0.0311673 0.0291091 0.0169068 0.0133784 0.00837989 0.0085269 0.0148486 0.0160247 0.0276389 0.0546898 0.0760071 0.122758 0.109233 0.0665981 0.0333725 0.0166128 0.00676272 0.00308733 0.000882094 0 0 0 0 0
 0 0 0 0 0 0 0 0.000805153 0.000690131 0.00759144 0.0133425 0.0154129 0.00931677 0.000345066 0.00356568 0.00563607 0.00851162 0.0253048 0.0502646 0.0516448 0.0657925 0.0565908 0.0611916 0.0827007 0.0866115 0.110766 0.145733 0.0935128 0.0569358 0.0249597 0.0138026 0.00621118 0.00161031 0.00115022 0 0
 0 0 0 0 0 0 0 0 0 0 0 0 0 0 0 0 0 0 0 0 0 0 0 0 0 0 0 0 0 0 0 0 0 0 0 0
 0.00147267 0.00158595 0.00478618 0.00569244 0.00954404 0.0108468 0.00647125 0.017049 0.0510054 0.094081 0.124002 0.0959785 0.0687766 0.0820023 0.061753 0.0591476 0.0492212 0.0479892 0.0443925 0.0268479 0.0217502 0.0140895 0.0121071 0.0120363 0.00920419 0.00665534 0.0049561 0.00860946 0.00930331 0.0156896 0.0114698 0.00855282 0.00243557 0.00046729 0 2.83206e-05
 0 0 0 0 0.000772559 0.00158375 0.000888443 0.00281984 0.00712685 0.0440552 0.0773331 0.111326 0.0921469 0.0852325 0.0710754 0.0886704 0.0786465 0.0553345 0.0373146 0.0185414 0.00753245 0.00457741 0.012979 0.0271748 0.0457355 0.0583668 0.034881 0.0177882 0.00938659 0.00492506 0.0015258 0.00185414 0.000309023 5.79419e-05 3.86279e-05 0
 0 0.00173294 0.00326652 0 0.00397197 0.00683976 0.00946217 0.0152591 0.00757587 0.0136028 0.0228656 0.0392903 0.0559909 0.0764795 0.0681675 0.0726916 0.0566044 0.0477403 0.0527397 0.0444891 0.0609904 0.0582453 0.0661739 0.0445044 0.0529084 0.0360697 0.0280645 0.0235558 0.0158879 0.00826598 0.00280645 0.00217768 0.000904811 0.00058276 9.20147e-05 0
 0 0 0 0 0 0 0 0 0 0 0 0 0 0 0 0 0 0 0 0 0 0 0 0 0 0 0 0 0 0 0 0 0 0 0 0
 0 0 0 0 0 0 0 0 0 0 0 0 0 0 0 0 0 0 0 0 0 0 0 0 0 0 0 0 0 0 0 0 0 0 0 0
ppred_pel_tallas
 1.04193e-16 1.10419e-05 6.47394e-05 0.0003076 0.00118404 0.0036921 0.00932646 0.0190869 0.0316527 0.0425512 0.0464162 0.0412093 0.0300814 0.0187324 0.011294 0.00873685 0.0100766 0.0140616 0.0198637 0.026949 0.0347789 0.0426654 0.0498006 0.0553916 0.0588265 0.0598049 0.0583909 0.0549675 0.0501186 0.0444794 0.0386074 0.0329073 0.0276181 0.0228442 0.0186075 0.0148934
 1.0449e-16 2.447e-05 0.000143601 0.00068258 0.00262791 0.00819484 0.0206996 0.0423549 0.0702109 0.0943005 0.102642 0.0905946 0.0649759 0.0381747 0.0190064 0.00919973 0.00614266 0.00674441 0.00911158 0.0123947 0.0161956 0.020202 0.0240789 0.027486 0.0301356 0.0318434 0.0325537 0.0323273 0.0313045 0.029658 0.0275526 0.0251256 0.0224854 0.0197228 0.0169243 0.0141785
 1.0336e-16 7.20114e-06 4.21735e-05 0.000200281 0.000770772 0.0024033 0.00607129 0.012428 0.0206208 0.0277539 0.0303617 0.0271617 0.0202734 0.0135066 0.00968457 0.00959625 0.0127516 0.0184334 0.0260892 0.0351963 0.0450449 0.0546692 0.0629488 0.0688197 0.0715153 0.0707479 0.0667728 0.0603057 0.0523321 0.0438708 0.0357703 0.0285904 0.0225839 0.0177543 0.0139522 0.0109693
 1.0603e-16 1.91953e-05 0.000112634 0.000535356 0.00206106 0.00642713 0.0162345 0.0332191 0.0550684 0.0739679 0.0805249 0.0711077 0.0510745 0.0301599 0.015304 0.0078979 0.00593483 0.00703518 0.00975371 0.0134504 0.0178166 0.0225822 0.0274274 0.0319988 0.0359618 0.0390495 0.0410941 0.0420288 0.0418705 0.0406944 0.0386116 0.0357586 0.0322966 0.0284112 0.0243086 0.0202009
 1.027e-16 3.00302e-05 0.000176246 0.000837778 0.00322547 0.0100583 0.0254065 0.0519855 0.0861733 0.115733 0.125953 0.11113 0.0796162 0.0465972 0.0228628 0.0104955 0.00624348 0.0062665 0.00820222 0.0109881 0.0141428 0.0173239 0.0201934 0.0224331 0.023805 0.024202 0.0236669 0.0223699 0.0205563 0.0184817 0.0163587 0.0143272 0.0124533 0.0107476 0.00919216 0.00776426
 1.01792e-16 1.5897e-05 9.32389e-05 0.000443082 0.00170567 0.00531876 0.0134353 0.0274942 0.0455889 0.0612676 0.0667847 0.0591784 0.0429497 0.0262515 0.0149552 0.0103582 0.0109325 0.0147778 0.0206445 0.0277763 0.0354998 0.0430181 0.0494321 0.0538943 0.0557975 0.0549194 0.0514747 0.0460484 0.0394435 0.0324907 0.0258842 0.0200849 0.0153025 0.011541 0.00867449 0.00652299
 1.01284e-16 3.41259e-05 0.000200297 0.000952134 0.00366579 0.0114314 0.0288749 0.0590815 0.097933 0.131518 0.143109 0.126211 0.0902989 0.0526048 0.0253546 0.0108714 0.00541621 0.00459392 0.0057162 0.00761266 0.00982043 0.0120757 0.0141407 0.0157915 0.0168534 0.0172361 0.016948 0.0160858 0.014802 0.0132659 0.0116288 0.0100037 0.0084619 0.00704034 0.00575494 0.00461166
 1.00632e-16 2.67826e-05 0.000157165 0.000747036 0.00287603 0.00896856 0.0226541 0.0463551 0.0768451 0.10322 0.112375 0.0992442 0.0713067 0.0421481 0.0214496 0.0111383 0.00838058 0.00979154 0.0132506 0.0177189 0.0225883 0.0273007 0.0312665 0.0339396 0.0349346 0.0341199 0.0316502 0.0279224 0.0234742 0.018859 0.0145369 0.0108103 0.0078118 0.00553402 0.0038805 0.00271716
 1.0081e-16 2.92245e-05 0.000171508 0.00081524 0.00313866 0.00978758 0.0247228 0.0505871 0.0838576 0.11263 0.122594 0.108209 0.0776161 0.0456135 0.0227272 0.011015 0.00734109 0.00798473 0.0106378 0.0142208 0.018179 0.0220579 0.0253914 0.0277447 0.0288036 0.0284471 0.026774 0.0240712 0.0207378 0.0171906 0.0137814 0.0107491 0.00820905 0.00617531 0.00459657 0.00339282
 1.00758e-16 2.97504e-05 0.000174597 0.000829924 0.0031952 0.0099639 0.0251682 0.0514983 0.0853677 0.114657 0.124798 0.110147 0.0789915 0.0463916 0.0230588 0.0110821 0.0072637 0.00781106 0.0103731 0.0138541 0.0176983 0.021458 0.0246765 0.0269296 0.0279126 0.0275108 0.0258255 0.0231425 0.0198566 0.0163786 0.0130542 0.0101158 0.00767345 0.00573622 0.00424867 0.0031274
 1.01005e-16 2.2799e-05 0.000133772 0.000635809 0.00244776 0.00763299 0.0192807 0.0394532 0.0654071 0.0878673 0.0956891 0.0845761 0.0609162 0.036305 0.0190273 0.0107771 0.00919651 0.0114437 0.0157193 0.0210945 0.0269479 0.032647 0.0375028 0.0408687 0.0422814 0.0415705 0.0388982 0.0347092 0.0296158 0.0242532 0.0191543 0.0146761 0.010985 0.00808963 0.00589838 0.0042758
 1.01825e-16 2.09131e-05 0.000122701 0.000583176 0.00224511 0.00700105 0.0176844 0.0361871 0.0599934 0.0805975 0.0877797 0.0776032 0.0559332 0.0334146 0.0176591 0.0102371 0.0090047 0.0113729 0.0157037 0.0211479 0.0271249 0.0330292 0.038191 0.0419717 0.0438993 0.0437759 0.0417176 0.038111 0.0335074 0.0284887 0.0235522 0.0190421 0.0151364 0.0118762 0.00921542 0.00706941
 1.01068e-16 3.03382e-05 0.00017805 0.000846347 0.00325845 0.0101611 0.0256663 0.0525174 0.0870559 0.116922 0.127254 0.112296 0.0804916 0.0471897 0.0233021 0.0109453 0.00684526 0.00712725 0.00939731 0.0125576 0.0160784 0.0195547 0.0225789 0.0247706 0.0258514 0.0257084 0.0244174 0.0222159 0.019439 0.016438 0.0135113 0.0108624 0.00859297 0.00672095 0.00521133 0.00400645
 1.00175e-16 3.61863e-05 0.000212392 0.00100963 0.00388715 0.0121217 0.0306185 0.0626493 0.103847 0.139461 0.151753 0.133837 0.0957616 0.0557993 0.0269146 0.0115701 0.00579631 0.00492308 0.00608315 0.00801116 0.0101859 0.0122958 0.0140625 0.0152369 0.0156451 0.0152293 0.0140623 0.0123273 0.0102718 0.00815025 0.00617378 0.0044811 0.00313254 0.00212358 0.00140809 0.000922146
 1.00107e-16 3.55748e-05 0.0002088 0.000992551 0.00382139 0.0119167 0.0301005 0.0615896 0.102091 0.137104 0.149194 0.131591 0.09418 0.0549281 0.0265886 0.0115909 0.0060409 0.00535271 0.00670637 0.0088477 0.0112437 0.0135585 0.0154847 0.0167466 0.0171524 0.0166406 0.0152955 0.0133246 0.0110069 0.00862819 0.00642542 0.0045533 0.00307792 0.00199183 0.00124035 0.000748524
 1.00252e-16 3.08553e-05 0.000181083 0.000860759 0.00331392 0.0103341 0.0261033 0.0534118 0.0885393 0.118916 0.129431 0.114231 0.0819093 0.0480823 0.0238557 0.0113908 0.00736417 0.00783532 0.0103589 0.0137934 0.0175605 0.0211978 0.0242388 0.0262556 0.0269483 0.0262174 0.0241891 0.0211804 0.0176193 0.0139458 0.0105255 0.00759859 0.00526968 0.00353118 0.00230328 0.00147501
 1.00582e-16 2.77153e-05 0.000162644 0.000773088 0.00297635 0.0092814 0.0234443 0.0479716 0.0795237 0.106815 0.116279 0.10267 0.0737204 0.0434789 0.0219501 0.0111122 0.00801673 0.00915107 0.0123228 0.0164764 0.021022 0.0254376 0.0291769 0.0317327 0.0327438 0.0320813 0.0298792 0.0264951 0.0224179 0.0181537 0.0141263 0.010618 0.00775838 0.00555024 0.00391494 0.00273836
 1.00813e-16 2.86498e-05 0.000168134 0.000799193 0.00307687 0.00959489 0.0242361 0.0495914 0.0822076 0.110416 0.120188 0.106096 0.0761246 0.0447848 0.022403 0.0110048 0.00752433 0.00831954 0.0111275 0.0148813 0.0190188 0.0230678 0.0265401 0.0289805 0.0300607 0.0296557 0.0278717 0.0250123 0.0214987 0.0177698 0.0141958 0.0110267 0.00838272 0.00627612 0.0046505 0.00341923
 1.01265e-16 2.23099e-05 0.000130901 0.00062216 0.00239521 0.00746911 0.0188667 0.0386062 0.0640031 0.0859817 0.0936372 0.0827659 0.0596201 0.0355482 0.0186595 0.0106155 0.00911299 0.0113754 0.0156458 0.0210174 0.0268822 0.0326184 0.0375456 0.0410228 0.0425863 0.0420581 0.039586 0.0355952 0.0306766 0.0254463 0.0204237 0.01596 0.0122238 0.00923318 0.00691047 0.0051361
 1.01519e-16 2.68029e-05 0.00015729 0.000747642 0.00287839 0.00897592 0.0226726 0.0463925 0.0769055 0.103296 0.112445 0.0992754 0.0712625 0.0419887 0.0211245 0.0105782 0.00749631 0.00848531 0.0114375 0.0153557 0.0197043 0.0240202 0.0278156 0.0306284 0.0321153 0.0321287 0.0307455 0.0282369 0.0249922 0.0214241 0.0178861 0.0146245 0.0117687 0.00935259 0.0073493 0.00570545
 1.01357e-16 2.64324e-05 0.000155113 0.000737286 0.00283851 0.00885155 0.0223585 0.0457499 0.0758411 0.101869 0.110898 0.0979244 0.0703254 0.0415022 0.0210007 0.0107135 0.0078363 0.00902781 0.0122054 0.0163692 0.0209602 0.0254796 0.0294002 0.0322259 0.0335948 0.0333621 0.0316306 0.0287155 0.0250587 0.0211227 0.017299 0.0138538 0.0109177 0.00851079 0.00658304 0.00505477
 1.0171e-16 2.29955e-05 0.00013493 0.00064132 0.00246899 0.00769921 0.0194479 0.039795 0.0659725 0.088623 0.0965019 0.0852703 0.0613636 0.0364668 0.0189212 0.0104191 0.00856709 0.0104923 0.0143888 0.0193498 0.0248024 0.0301808 0.0348685 0.038281 0.0399886 0.0398147 0.0378724 0.0345235 0.0302794 0.0256779 0.0211761 0.0170874 0.0135697 0.0106533 0.00828817 0.00638933
 1.01879e-16 2.48678e-05 0.000145927 0.000693612 0.00267035 0.00832714 0.0210339 0.0430398 0.0713492 0.0958382 0.104339 0.0921482 0.066211 0.0391425 0.0199339 0.0103792 0.00785519 0.00923142 0.0125562 0.0168869 0.0216837 0.0264511 0.0306571 0.0337956 0.0354894 0.0355745 0.0341318 0.031454 0.0279627 0.024105 0.0202638 0.0167055 0.0135706 0.0108965 0.00865643 0.00679575
 1.02135e-16 1.81742e-05 0.000106616 0.000506695 0.00195062 0.00608267 0.0153648 0.0314414 0.052129 0.0700424 0.0763113 0.067529 0.0488129 0.0294429 0.0160747 0.0101232 0.00977501 0.0128152 0.0178221 0.0240105 0.030772 0.0374267 0.0432124 0.0474034 0.0494687 0.0491932 0.0467237 0.0425164 0.0372133 0.0314872 0.0259078 0.0208629 0.0165444 0.0129836 0.0101109 0.0078144
pSPR Fmed_Fpbrs
0.354834   0.6 0.325
Fs Fmed_Fpbrs
1.44205   0.473584 1.68729
SSBpbr Bo_Bmed_Bpbrs
738499  225120  406175 203087
Ro
22925.4
SPR SPRFo_SPRFmed_SPRFpbrs
471658 167360 153289
log_Ro
9.86
likeval ReclasPelacesDesembMPH_pf_preclas_ppelaces_ptallas_desvR_qrecl_qpela
 73.3005 12.6326 0.146021 0.000160775 298.854 166.238 83.6985 0 23.8538 5.47105e-05 0.000415646 8.11988e-14 0 0 0
q_reclas_q_pelaces
2.85233 18.1834
M
0.7
N
 18778.6 17701.5 5522.64 708.736 0.15065
 44216.3 8863.55 5859.92 1482.58 187.303
 5516.1 20428.1 2473.01 1213.73 338.099
 9790 2343.14 2914.09 185.163 110.586
 39005.8 4546.72 681.629 643.036 63.8821
 16827.2 19068.4 1992.13 279.943 288.9
 62875.9 7345.65 3382.64 207.602 56.8764
 59848.7 28057.5 1553.14 460.055 34.7736
 69833.4 25777.8 4471.38 137.57 41.9126
 113085 29616.9 3630.86 328.406 12.5396
 72246.1 50536.8 6335.85 502.662 45.6652
 48213.9 30709.6 7248.18 478.292 39.4176
 50816 21053.2 5460.4 758.011 51.9968
 29596.9 20503.1 1991.15 219.192 30.4621
 12612.9 9871.33 423.831 7.96177 0.880602
 9621.21 4206.72 204.056 1.69472 0.0311939
 7591.46 3923.14 432.869 9.30906 0.0740198
 9167.45 3152.8 467.383 24.6615 0.505464
 7835.26 3981.85 537.285 45.8299 2.36633
 10130.2 3525.29 899.134 80.7377 7.02152
 16312.5 4445.9 652.634 99.9662 9.38537
 19886.1 7588.54 1310.6 146.94 24.12
 27376.9 9195.52 2132.18 274.362 35.0136
 16285.8 12442.3 2250.43 361.998 51.08
pred_Ctot
 670.538 4343.59 1889.57 247.214 0.0525979
 2223.73 2886.17 2580.48 664.125 83.973
 578.79 11218.4 1669.97 828.411 230.885
 457.747 719.583 1219.02 78.833 47.1226
 436.707 387.586 85.7182 82.7819 8.23343
 1474.31 9336.66 1232.12 175.308 181.027
 4613.05 3182.98 1897.15 118.081 32.3727
 5756.22 14596.3 1006.77 301.673 22.815
 7396.95 14237.5 3032.35 94.2889 28.7413
 8188.21 12713.3 2020.76 185.383 7.08343
 7549.96 27684.7 4270.61 342.467 31.1283
 4215.25 15015.3 4477.98 299.193 24.6724
 6934.6 13404.1 4100.16 573.83 39.3782
 7150.48 16455.8 1731.78 191.341 26.5962
 3047.21 7922.73 368.622 6.95012 0.768847
 1251.8 2612.16 150.593 1.26148 0.0232292
 902.822 2318.73 308.477 6.69701 0.053275
 832.718 1580.85 294.482 15.7272 0.322536
 532.479 1632.58 287.931 24.9243 1.28785
 852.729 1680.47 544.494 49.5226 4.30953
 744.335 1338.56 268.277 41.8295 3.93061
 988.317 2447.72 572.389 65.286 10.7256
 1677.85 3491.28 1071.4 140.029 17.8838
 1254.94 5581.48 1298.17 211.681 29.8894
F
 0.0507733 0.405512 0.615069 0.63097 0.631766
 0.072184 0.576513 0.874439 0.897045 0.898177
 0.156178 1.24735 1.89195 1.94086 1.94331
 0.0669564 0.534762 0.811113 0.832082 0.833132
 0.0156761 0.125201 0.189901 0.19481 0.195056
 0.128886 1.02938 1.56133 1.6017 1.60372
 0.106906 0.853828 1.29506 1.32854 1.33022
 0.142306 1.13656 1.7239 1.76847 1.7707
 0.157768 1.26004 1.9112 1.96061 1.96308
 0.10544 0.842121 1.27731 1.31033 1.31198
 0.155502 1.24195 1.88376 1.93246 1.9349
 0.128595 1.02705 1.55781 1.59808 1.6001
 0.207637 1.65834 2.51533 2.58035 2.58361
 0.398035 3.17899 4.82181 4.94647 4.95271
 0.398035 3.179 4.82182 4.94647 4.95271
 0.197078 1.574 2.38741 2.44913 2.45222
 0.178734 1.4275 2.16519 2.22116 2.22397
 0.133912 1.06952 1.62221 1.66415 1.66625
 0.0986726 0.78807 1.19532 1.22622 1.22777
 0.123543 0.9867 1.4966 1.53529 1.53723
 0.0652953 0.521495 0.790989 0.811438 0.812462
 0.0713052 0.569494 0.863793 0.886124 0.887243
 0.0885965 0.707595 1.07326 1.10101 1.1024
 0.112557 0.898965 1.36353 1.39878 1.40054
nmprior
 10 10 8 0
nm_flota  nm_reclas  nm_pelaces    nm_pelaL
inf 23.091 9.36561 14.6502
cv_recla  cv_pelaces  cv_mph
0.792648 0.418227 0.411384
 ------------------------------------------------
Talla a la edad & desviación 
 7.2 14.2025 17.0495 18.207 18.6776
 1.08 2.13037 2.55742 2.73105 2.80164
