years
 1997 1998 1999 2000 2001 2002 2003 2004 2005 2006 2007 2008 2009 2010 2011 2012 2013 2014 2015 2016 2017 2018 2019 2020
reclasobs
 0 0 0 370054 412103 1.49427e+06 250295 1.28982e+06 931140 785840 897777 1.04006e+06 184774 17550 25797 100020 73551 82996 120727 218422 84188 347160 605670 569463
reclaspred
 8.81779e+06 1.59367e+06 1.85715e+06 272586 228151 356427 653192 655033 651087 810045 937311 742093 400454 141882 77816.9 75796.5 77034.6 107697 141024 131490 184277 217250 363461 261456
pelacesobs
 0 0 0 0 0 0 0 0 0 2.06254e+06 1.5e+06 0 1.87456e+06 323000 250000 174000 83755 137374 0 501740 490994 745055 786931 1.00524e+06
pelacespred
 2.51599e+07 1.47896e+07 3.13396e+06 1.00829e+06 815403 771562 2.11144e+06 2.10551e+06 1.80796e+06 2.54188e+06 2.40557e+06 2.01571e+06 1.0409e+06 293877 161767 168861 178014 273776 376583 311304 569658 661149 793598 587514
mphobs
 0 0 0 0 0 112323 0 153150 637223 0 255016 313432 73983 77613 109348 50772 0 0 0 0 0 0 0 0
mphpred
 1.3593e+06 564735 212199 61519.9 37645.6 141851 148107 293441 251761 259647 381665 272936 174042 96593.3 46784.3 32531.7 27914.6 34692.8 46138.9 40952 49241.6 70343 85907.3 92614.4
desembarqueobs
 350755 77701 442110 56441 14545 235359 269955 359681 431902 328805 639364 411747 362871 311530 167758 66681 60226 58785 57116 71774 51957 67425 138520 160799
desembarquepred
 350745 77679.9 441516 56401.5 14541.4 235124 269820 358993 431261 328426 638032 410899 361999 310870 167178 66585.4 60178.6 58680.5 57017 71662.7 51931.3 67334.9 138360 160620
Reclutas
 4926.17 6766.8 921.944 3047.34 40235.2 10682 64771.2 55990.5 57302.9 112281 68386.4 51096.9 55154.9 29723.6 11824.4 8771.36 7108.15 8639.42 7082.41 7775.68 14489.3 17891.5 24510 6553.05
log_desv_Rt
 -1.17768 -0.860216 -2.85352 -1.65798 0.922498 -0.403686 1.39862 1.25294 1.27611 1.94876 1.45293 1.16148 1.2379 0.619695 -0.30208 -0.600753 -0.811003 -0.615909 -0.81463 -0.721244 -0.098835 0.112083 0.426836 -0.892314
SSB
 1.77551e+06 737658 277175 80357.3 49172.7 185285 193458 383293 328850 339151 498531 356509 227334 126170 61109.7 42493 36462.1 45315.8 60266.7 53491.6 64319.4 91882.2 112212 120973
BT
 2.16526e+06 871887 392921 123998 242229 287659 1.01982e+06 912691 904495 1.06521e+06 1.1254e+06 811211 668471 387508 193233 99178.6 98749.1 122069 111698 118599 184240 164280 222506 199198
Ftot
 0.153851 0.270912 1.31568 1.20759 0.378963 1.68615 1.92098 1.71847 2.14438 1.54315 1.98099 1.77857 2.8911 4.92683 4.79005 2.40923 2.36891 1.79843 1.22756 1.76885 1.02629 1.02441 1.25001 1.73414
BD_Bspro_t
 0.977961 0.837175 0.562533 0.171919 0.210992 0.54525 0.372824 0.473807 0.382432 0.35249 0.406227 0.271984 0.191981 0.127041 0.0744242 0.0646225 0.0777263 0.132434 0.209134 0.229752 0.293722 0.433424 0.438909 0.376105
BD_Bspro
 5.39564 2.24168 0.842313 0.244199 0.149432 0.563067 0.587903 1.1648 0.999349 1.03065 1.515 1.0834 0.690849 0.383421 0.185708 0.129133 0.110805 0.137711 0.183146 0.162556 0.195462 0.279222 0.341004 0.367627
BD_Bo
 1.86482 0.774761 0.291117 0.0843992 0.051646 0.194605 0.203188 0.402572 0.345391 0.35621 0.523606 0.374441 0.238768 0.132516 0.0641835 0.0446303 0.0382961 0.0475952 0.063298 0.0561821 0.0675546 0.0965037 0.117856 0.127058
BD_Brms
 5.40962 2.24749 0.844495 0.244832 0.149819 0.564526 0.589426 1.16781 1.00194 1.03332 1.51892 1.08621 0.692638 0.384415 0.186189 0.129467 0.111092 0.138068 0.18362 0.162978 0.195968 0.279946 0.341888 0.36858
S_f
 0.0797736 0.842082 0.996961 0.99995 0.999999
 0.0797736 0.842082 0.996961 0.99995 0.999999
 0.0797736 0.842082 0.996961 0.99995 0.999999
 0.0797736 0.842082 0.996961 0.99995 0.999999
 0.0797736 0.842082 0.996961 0.99995 0.999999
 0.0797736 0.842082 0.996961 0.99995 0.999999
 0.0797736 0.842082 0.996961 0.99995 0.999999
 0.0797736 0.842082 0.996961 0.99995 0.999999
 0.0797736 0.842082 0.996961 0.99995 0.999999
 0.0797736 0.842082 0.996961 0.99995 0.999999
 0.0797736 0.842082 0.996961 0.99995 0.999999
 0.0797736 0.842082 0.996961 0.99995 0.999999
 0.0797736 0.842082 0.996961 0.99995 0.999999
 0.0797736 0.842082 0.996961 0.99995 0.999999
 0.0797736 0.842082 0.996961 0.99995 0.999999
 0.0797736 0.842082 0.996961 0.99995 0.999999
 0.0797736 0.842082 0.996961 0.99995 0.999999
 0.0797736 0.842082 0.996961 0.99995 0.999999
 0.0797736 0.842082 0.996961 0.99995 0.999999
 0.0797736 0.842082 0.996961 0.99995 0.999999
 0.0797736 0.842082 0.996961 0.99995 0.999999
 0.0797736 0.842082 0.996961 0.99995 0.999999
 0.0797736 0.842082 0.996961 0.99995 0.999999
 0.0797736 0.842082 0.996961 0.99995 0.999999
Scru_reclas
 0.0813673 0.308323 0.691677 0.918633 0.982704
 0.0813673 0.308323 0.691677 0.918633 0.982704
 0.0813673 0.308323 0.691677 0.918633 0.982704
 0.0813673 0.308323 0.691677 0.918633 0.982704
 0.0813673 0.308323 0.691677 0.918633 0.982704
 0.0813673 0.308323 0.691677 0.918633 0.982704
 0.0813673 0.308323 0.691677 0.918633 0.982704
 0.0813673 0.308323 0.691677 0.918633 0.982704
 0.0813673 0.308323 0.691677 0.918633 0.982704
 0.0813673 0.308323 0.691677 0.918633 0.982704
 0.0813673 0.308323 0.691677 0.918633 0.982704
 0.0813673 0.308323 0.691677 0.918633 0.982704
 0.0813673 0.308323 0.691677 0.918633 0.982704
 0.0813673 0.308323 0.691677 0.918633 0.982704
 0.0813673 0.308323 0.691677 0.918633 0.982704
 0.0813673 0.308323 0.691677 0.918633 0.982704
 0.0813673 0.308323 0.691677 0.918633 0.982704
 0.0813673 0.308323 0.691677 0.918633 0.982704
 0.0813673 0.308323 0.691677 0.918633 0.982704
 0.0813673 0.308323 0.691677 0.918633 0.982704
 0.0813673 0.308323 0.691677 0.918633 0.982704
 0.0813673 0.308323 0.691677 0.918633 0.982704
 0.0813673 0.308323 0.691677 0.918633 0.982704
 0.0813673 0.308323 0.691677 0.918633 0.982704
Scru_pelaces
 0.0776856 0.304759 0.695241 0.922314 0.984073
 0.0776856 0.304759 0.695241 0.922314 0.984073
 0.0776856 0.304759 0.695241 0.922314 0.984073
 0.0776856 0.304759 0.695241 0.922314 0.984073
 0.0776856 0.304759 0.695241 0.922314 0.984073
 0.0776856 0.304759 0.695241 0.922314 0.984073
 0.0776856 0.304759 0.695241 0.922314 0.984073
 0.0776856 0.304759 0.695241 0.922314 0.984073
 0.0776856 0.304759 0.695241 0.922314 0.984073
 0.0776856 0.304759 0.695241 0.922314 0.984073
 0.0776856 0.304759 0.695241 0.922314 0.984073
 0.0776856 0.304759 0.695241 0.922314 0.984073
 0.0776856 0.304759 0.695241 0.922314 0.984073
 0.0776856 0.304759 0.695241 0.922314 0.984073
 0.0776856 0.304759 0.695241 0.922314 0.984073
 0.0776856 0.304759 0.695241 0.922314 0.984073
 0.0776856 0.304759 0.695241 0.922314 0.984073
 0.0776856 0.304759 0.695241 0.922314 0.984073
 0.0776856 0.304759 0.695241 0.922314 0.984073
 0.0776856 0.304759 0.695241 0.922314 0.984073
 0.0776856 0.304759 0.695241 0.922314 0.984073
 0.0776856 0.304759 0.695241 0.922314 0.984073
 0.0776856 0.304759 0.695241 0.922314 0.984073
 0.0776856 0.304759 0.695241 0.922314 0.984073
pf_obs 
 0.256992 0.487395 0.22802 0.0275931 0
 0.321318 0.546541 0.124235 0.00734118 0.000564706
 0.182869 0.594174 0.210203 0.0122559 0.00049798
 0.330522 0.361315 0.267642 0.0388342 0.00168674
 0.649043 0.306663 0.0425973 0.00169635 0
 0.582887 0.30429 0.105238 0.00758474 0
 0.465427 0.430635 0.0974691 0.00646863 0
 0.296916 0.608066 0.0921331 0.00288517 0
 0.311714 0.524322 0.152257 0.0117073 0
 0.15457 0.633149 0.183074 0.0267441 0.00246327
 0.131901 0.49318 0.331252 0.0422183 0.00144891
 0.196976 0.569456 0.194076 0.0375587 0.00193317
 0.518974 0.381816 0.0799577 0.0180837 0.00116848
 0.0928022 0.601141 0.25162 0.0475244 0.00691264
 0.122501 0.610282 0.24278 0.0234846 0.000952079
 0.383417 0.481906 0.127806 0.00687128 0
 0.0376549 0.599619 0.316969 0.0457579 0
 0.0361596 0.667082 0.258105 0.0386534 0
 0.158088 0.579412 0.248529 0.0139706 0
 0.0477256 0.309471 0.559284 0.082774 0.000745712
 0.0406174 0.521527 0.379366 0.0568643 0.0016247
 0.151134 0.462217 0.34131 0.0453401 0
 0.294876 0.26143 0.354403 0.0886775 0.000613685
 0.281977 0.475581 0.204845 0.0348837 0.00271318
pf_pred 
 0.00647731 0.63503 0.316611 0.04188 1.63503e-06
 0.0179379 0.0618453 0.62537 0.260499 0.0343485
 0.00745752 0.189034 0.0605353 0.505474 0.2375
 0.126305 0.124994 0.181109 0.0429828 0.524609
 0.700629 0.223229 0.013897 0.0151183 0.0471261
 0.076088 0.892198 0.024817 0.00126261 0.00563438
 0.59542 0.260177 0.140856 0.00277916 0.000767365
 0.235981 0.745492 0.0134003 0.00500137 0.000125048
 0.262653 0.643971 0.0917677 0.00116539 0.000442946
 0.388793 0.556192 0.0501416 0.00479059 8.33284e-05
 0.176429 0.765413 0.0542866 0.00353092 0.000341136
 0.191026 0.684685 0.118149 0.00573387 0.00040607
 0.301332 0.595322 0.09168 0.0110926 0.000572638
 0.268215 0.696921 0.031543 0.00294943 0.000371743
 0.243705 0.742929 0.0130696 0.000268598 2.78548e-05
 0.281265 0.702257 0.016342 0.000133278 2.97878e-06
 0.249548 0.695682 0.0539504 0.000813186 6.72484e-06
 0.300562 0.638987 0.0575027 0.00290443 4.37843e-05
 0.192104 0.733584 0.0696971 0.004391 0.000223633
 0.23697 0.615306 0.137319 0.00976198 0.000642878
 0.330328 0.587976 0.0699072 0.0109635 0.000825247
 0.236724 0.675025 0.0797726 0.00726005 0.00121828
 0.255454 0.617178 0.115786 0.0104743 0.00110774
 0.0742614 0.797135 0.111446 0.0156051 0.00155252
pobs_RECLAS
 0 0 0 0 0
 0 0 0 0 0
 0 0 0 0 0
 0 0 0 0 0
 0.835266 0.146461 0.0176864 0.000547809 3.91292e-05
 0.385257 0.428462 0.181853 0.0044286 0
 0.867414 0.0963971 0.0333333 0.00285562 0
 0.441836 0.489002 0.0689373 0.000224442 0
 0.779404 0.147425 0.0564933 0.0165055 0.000172143
 0.814271 0.122319 0.05973 0.00367925 0
 0.40263 0.566651 0.0304383 0.000280538 0
 0.475488 0.404961 0.113038 0.00651328 0
 0.955842 0.0263864 0.0167828 0.000988607 0
 0.975058 0.0227948 0.00214734 0 0
 0.738997 0.206755 0.0527124 0.00153531 0
 0.850938 0.134255 0.0134407 0.00136685 0
 0.542534 0.407297 0.0501686 0 0
 0.764087 0.199537 0.0359546 0.000420521 0
 0.470689 0.182191 0.310203 0.0369168 0
 0.84361 0.089868 0.0606195 0.00523954 0.000663233
 0.607945 0.314616 0.071237 0.00620181 0
 0.523733 0.453247 0.0230204 0 0
 0.530135 0.295979 0.169645 0.0042399 0
 0.562478 0.366248 0.0663022 0.0049721 0
ppred_RECLAS
 0.013396 0.467947 0.441352 0.0773018 3.22826e-06
 0.0248786 0.0303618 0.579844 0.319808 0.0451078
 0.0106397 0.0870933 0.0512547 0.566361 0.284651
 0.166515 0.0538655 0.14398 0.0452232 0.590416
 0.828328 0.0927894 0.0108907 0.0156867 0.0523057
 0.205372 0.74268 0.0374111 0.00251802 0.0120196
 0.792844 0.10342 0.100343 0.00261863 0.000773418
 0.495641 0.480806 0.0156296 0.00771707 0.000206392
 0.528815 0.37436 0.0945911 0.00158849 0.000645826
 0.652413 0.293228 0.0481579 0.00608765 0.000113268
 0.406174 0.521456 0.0660961 0.00568584 0.000587604
 0.407351 0.444683 0.138408 0.00888551 0.000673112
 0.603652 0.303358 0.0795674 0.0127202 0.000702402
 0.686546 0.291063 0.019644 0.00242058 0.000326324
 0.654281 0.336537 0.00891337 0.000241445 2.6782e-05
 0.581572 0.401888 0.0163597 0.000176387 4.21689e-06
 0.530666 0.412174 0.0560334 0.00111659 9.87725e-06
 0.568971 0.367401 0.0595834 0.00398102 6.41954e-05
 0.402766 0.501647 0.0878627 0.00732571 0.000399097
 0.466661 0.36954 0.148819 0.013995 0.000985861
 0.57038 0.33825 0.0746311 0.0154918 0.00124737
 0.456992 0.434239 0.0952373 0.0114723 0.00205926
 0.477582 0.375399 0.12973 0.0155309 0.00175699
 0.189016 0.621706 0.157084 0.0290975 0.00309656
pobs_PELACES
 0 0 0 0 0
 0 0 0 0 0
 0 0 0 0 0
 0 0 0 0 0
 0 0 0 0 0
 0 0 0 0 0
 0 0 0 0 0
 0 0 0 0 0
 0 0 0 0 0
 0 0 0 0 0
 0.450072 0.473896 0.0757376 0.000293798 0
 0 0 0 0 0
 0.463077 0.371075 0.160297 0.00555027 0
 0.529543 0.364841 0.0842815 0.0213345 0
 0.631943 0.363953 0.00410389 0 0
 0.735681 0.248677 0.0153453 0.000297389 0
 0.695825 0.281241 0.0229344 0 0
 0.275771 0.60734 0.115278 0.00161068 0
 0 0 0 0 0
 0.896147 0.0623911 0.0374545 0.00400742 0
 0.803859 0.145111 0.0509908 3.86294e-05 0
 0.739449 0.233085 0.0266225 0.000797448 4.60066e-05
 0.878498 0.100942 0.0204185 0.000141795 0
 0.694673 0.275183 0.0284847 0.00165964 0
ppred_PELACES
 0.0133886 0.465808 0.443263 0.0775365 3.22962e-06
 0.0256492 0.0302716 0.579813 0.319342 0.0449245
 0.0149587 0.0910469 0.0509439 0.561555 0.281495
 0.214871 0.0531084 0.135717 0.0425283 0.553776
 0.837135 0.0882569 0.0103318 0.0148591 0.049417
 0.277063 0.678708 0.0318961 0.00214081 0.0101921
 0.861848 0.0717856 0.0642042 0.00167044 0.000492067
 0.594703 0.387628 0.0117363 0.00577836 0.000154135
 0.654428 0.279659 0.0643982 0.00107794 0.000437096
 0.72962 0.230275 0.0355416 0.00448088 8.31531e-05
 0.523437 0.422671 0.0492346 0.00422226 0.0004352
 0.513962 0.37133 0.107319 0.00686972 0.000519038
 0.75817 0.190606 0.0438557 0.00698316 0.000384583
 0.881202 0.111992 0.00597519 0.000731872 9.84007e-05
 0.859804 0.137216 0.00289316 7.79114e-05 8.61905e-06
 0.711898 0.277822 0.0101681 0.000109246 2.60484e-06
 0.667347 0.295709 0.0362184 0.000719229 6.3454e-06
 0.669553 0.284716 0.0428312 0.00285341 4.58911e-05
 0.471886 0.446816 0.0747428 0.00621718 0.000337817
 0.574167 0.301652 0.112855 0.0105824 0.000743502
 0.625854 0.296813 0.0631926 0.0130892 0.00105115
 0.514411 0.391085 0.0827737 0.00994948 0.00178124
 0.550619 0.327182 0.107863 0.0128824 0.00145354
 0.261456 0.575554 0.135339 0.0249981 0.00265331
pobs_pel_tallas
 0 0 0 0 0 0 0 0 0 0 0 0 0 0 0 0 0 0 0 0 0 0 0 0 0 0 0 0 0 0 0 0 0 0 0 0
 0 0 0 0 0 0 0 0 0 0 0 0 0 0 0 0 0 0 0 0 0 0 0 0 0 0 0 0 0 0 0 0 0 0 0 0
 0 0 0 0 0 0 0 0 0 0 0 0 0 0 0 0 0 0 0 0 0 0 0 0 0 0 0 0 0 0 0 0 0 0 0 0
 0 0 0 0 0 0 0 0 0 0 0 0 0 0 0 0 0 0 0 0 0 0 0 0 0 0 0 0 0 0 0 0 0 0 0 0
 0 0 0 0 0 0 0 0 0 0 0 0 0 0 0 0 0 0 0 0 0 0 0 0 0 0 0 0 0 0 0 0 0 0 0 0
 0 0 0 0 0 0 0 0 0 0 0 0 0 0 0 0 0 0 0 0 0 0 0 0 0 0 0 0 0 0 0 0 0 0 0 0
 0 0 0 0 0 0 0 0 0 0 0 0 0 0 0 0 0 0 0 0 0 0 0 0 0 0 0 0 0 0 0 0 0 0 0 0
 0 0 0 0 0 0 0 0 0 0 0 0 0 0 0 0 0 0 0 0 0 0 0 0 0 0 0 0 0 0 0 0 0 0 0 0
 0 0 0 0 0 0 0 0 0 0 0 0 0 0 0 0 0 0 0 0 0 0 0 0 0 0 0 0 0 0 0 0 0 0 0 0
 0 0 0 0 0 0 0 0 0 0 0 0 0 0 0 0 0 0 0 0 0 0 0 0 0 0 0 0 0 0 0 0 0 0 0 0
 0 0 0 0 0 0 0 0 1.78061e-05 0.00172719 0.00360574 0.0105946 0.0120993 0.0124554 0.0147524 0.0171206 0.0266825 0.0428682 0.0675386 0.121331 0.153587 0.119568 0.100827 0.0573624 0.0630603 0.0341343 0.0324427 0.0444173 0.0211091 0.0280891 0.0125444 0.00206551 0 0 0 0
 0 0 0 0 0 0 0 0 0 0 0 0 0 0 0 0 0 0 0 0 0 0 0 0 0 0 0 0 0 0 0 0 0 0 0 0
 0 0 0 0 0 0 0.0133647 0.0140871 0.0187388 0.0205184 0.03894 0.0496705 0.03968 0.0493445 0.0407372 0.0367815 0.0215668 0.0243155 0.0234873 0.0199281 0.019796 0.0243948 0.0301388 0.0376714 0.0412746 0.0863199 0.0771752 0.113111 0.0741005 0.0525337 0.0229764 0.00759418 0.00175318 0 0 0
 0 0 0 0 0 0 0 0 0 0 0.00219441 0.00772107 0.0458388 0.0604681 0.0671733 0.0775358 0.0609151 0.0617685 0.073594 0.0568108 0.0755445 0.0548602 0.0670107 0.0636378 0.0643287 0.046367 0.0373049 0.0286899 0.0247887 0.0153202 0.00654259 0.00121912 0.000365735 0 0 0
 0 0 0 0 0 0 0 0 0 0 0 0 0.000112435 0.00938835 0.0111873 0.0202946 0.0414886 0.0713402 0.111592 0.104902 0.108894 0.110636 0.117776 0.105296 0.107544 0.0401394 0.0192827 0.0124803 0.00416011 0.0028671 0.000618394 0 0 0 0 0
 0 0 0 0 0 0 0 0 0 0 0.00291406 0.0102884 0.027416 0.0768956 0.0749926 0.110853 0.0956884 0.0897413 0.0766577 0.0534642 0.0500743 0.0551293 0.0594112 0.0620874 0.0668451 0.0424026 0.0208742 0.0120726 0.0048766 0.00582813 0.00118941 0.000297354 0 0 0 0
 0 0.00264628 0.0354308 0.0461629 0.0458689 0.0383711 0.0214643 0.0164657 0.0346957 0.0420465 0.0363128 0.0245516 0.0311673 0.0291091 0.0169068 0.0133784 0.00837989 0.0085269 0.0148486 0.0160247 0.0276389 0.0546898 0.0760071 0.122758 0.109233 0.0665981 0.0333725 0.0166128 0.00676272 0.00308733 0.000882094 0 0 0 0 0
 0 0 0 0 0 0 0 0.000805153 0.000690131 0.00759144 0.0133425 0.0154129 0.00931677 0.000345066 0.00356568 0.00563607 0.00851162 0.0253048 0.0502646 0.0516448 0.0657925 0.0565908 0.0611916 0.0827007 0.0866115 0.110766 0.145733 0.0935128 0.0569358 0.0249597 0.0138026 0.00621118 0.00161031 0.00115022 0 0
 0 0 0 0 0 0 0 0 0 0 0 0 0 0 0 0 0 0 0 0 0 0 0 0 0 0 0 0 0 0 0 0 0 0 0 0
 0.00147267 0.00158595 0.00478618 0.00569244 0.00954404 0.0108468 0.00647125 0.017049 0.0510054 0.094081 0.124002 0.0959785 0.0687766 0.0820023 0.061753 0.0591476 0.0492212 0.0479892 0.0443925 0.0268479 0.0217502 0.0140895 0.0121071 0.0120363 0.00920419 0.00665534 0.0049561 0.00860946 0.00930331 0.0156896 0.0114698 0.00855282 0.00243557 0.00046729 0 2.83206e-05
 0 0 0 0 0.000772559 0.00158375 0.000888443 0.00281984 0.00712685 0.0440552 0.0773331 0.111326 0.0921469 0.0852325 0.0710754 0.0886704 0.0786465 0.0553345 0.0373146 0.0185414 0.00753245 0.00457741 0.012979 0.0271748 0.0457355 0.0583668 0.034881 0.0177882 0.00938659 0.00492506 0.0015258 0.00185414 0.000309023 5.79419e-05 3.86279e-05 0
 0 0.00173294 0.00326652 0 0.00397197 0.00683976 0.00946217 0.0152591 0.00757587 0.0136028 0.0228656 0.0392903 0.0559909 0.0764795 0.0681675 0.0726916 0.0566044 0.0477403 0.0527397 0.0444891 0.0609904 0.0582453 0.0661739 0.0445044 0.0529084 0.0360697 0.0280645 0.0235558 0.0158879 0.00826598 0.00280645 0.00217768 0.000904811 0.00058276 9.20147e-05 0
 0 0 0 0 0 0 0 0 0 0 0 0 0 0 0 0 0 0 0 0 0 0 0 0 0 0 0 0 0 0 0 0 0 0 0 0
 0 0 0 0 0 0 0 0 0 0 0 0 0 0 0 0 0 0 0 0 0 0 0 0 0 0 0 0 0 0 0 0 0 0 0 0
ppred_pel_tallas
 1.09109e-16 6.16371e-07 3.53463e-06 1.6631e-05 6.37445e-05 0.00019851 0.000501932 0.00103104 0.0017245 0.00236277 0.0026947 0.0026711 0.00255508 0.00279282 0.00379964 0.00586626 0.00919288 0.0139255 0.0201227 0.0276785 0.0362621 0.045314 0.0541126 0.0618962 0.0680071 0.0720081 0.0737411 0.0733075 0.0709933 0.0671701 0.0622113 0.0564466 0.0501573 0.0435926 0.0369911 0.0305866
 1.21313e-16 1.13329e-06 6.60959e-06 3.13388e-05 0.000120524 0.000375684 0.000948943 0.00194245 0.00322324 0.00433931 0.00475017 0.00425746 0.00319707 0.00217515 0.00165591 0.00180737 0.00263187 0.00414384 0.00644105 0.00968296 0.0140385 0.0196339 0.0265062 0.0345623 0.043549 0.0530427 0.0624669 0.0711396 0.0783511 0.0834588 0.0859825 0.085681 0.0825928 0.0770269 0.0695143 0.0607216
 1.33202e-16 6.67403e-07 3.87433e-06 1.83346e-05 7.04547e-05 0.000219553 0.000554619 0.00113585 0.00188703 0.00254724 0.00280634 0.00255754 0.00201116 0.00154235 0.00145138 0.00187274 0.00284762 0.00442171 0.0066797 0.00972747 0.0136616 0.0185462 0.0243994 0.0311839 0.0387978 0.0470612 0.0557011 0.0643403 0.0725008 0.0796314 0.0851629 0.0885847 0.0895279 0.0878332 0.0835886 0.0771234
 1.29281e-16 9.38327e-06 5.50469e-05 0.000261621 0.00100718 0.0031407 0.00793312 0.0162325 0.0269086 0.036142 0.0393416 0.0347307 0.0249246 0.0146775 0.00738016 0.00371804 0.00272994 0.00329522 0.00478276 0.0069953 0.00993848 0.0136674 0.0182198 0.0235894 0.0297095 0.0364399 0.043555 0.0507392 0.0575956 0.0636722 0.0685075 0.0716886 0.0729132 0.0720386 0.0691083 0.0643513
 1.02996e-16 3.65191e-05 0.000214353 0.00101897 0.00392314 0.012234 0.030902 0.0632287 0.104805 0.140741 0.153129 0.13501 0.0965119 0.0560574 0.0267054 0.0109115 0.0046429 0.00317203 0.00361597 0.00474411 0.00611689 0.00754016 0.00886924 0.00997705 0.0107703 0.0112081 0.0113075 0.0111325 0.0107709 0.0103073 0.00980232 0.00928306 0.00874721 0.00817505 0.00754465 0.0068443
 1.01224e-16 1.21214e-05 7.10623e-05 0.000337627 0.0012996 0.00405243 0.0102368 0.0209507 0.0347464 0.0467189 0.0509853 0.0453196 0.0331979 0.0209005 0.0129926 0.0105707 0.012575 0.0176258 0.0247639 0.0332956 0.0424639 0.0513081 0.0587346 0.063718 0.0655351 0.063942 0.0592355 0.0521689 0.0437612 0.035059 0.0269313 0.019947 0.0143529 0.0101298 0.00708904 0.00497109
 1.01016e-16 3.75963e-05 0.000220678 0.00104904 0.00403892 0.0125951 0.031814 0.0650946 0.107898 0.144892 0.157642 0.13898 0.0993302 0.0576552 0.0273937 0.011068 0.0045211 0.00288398 0.00319202 0.00418862 0.00543837 0.00676231 0.00803075 0.00912351 0.00994067 0.0104192 0.0105417 0.0103332 0.00984839 0.0091553 0.00832083 0.00740237 0.006446 0.00548868 0.00456175 0.00369277
 1.00499e-16 2.59602e-05 0.000152335 0.000724066 0.00278758 0.00869273 0.0219574 0.0449298 0.0744834 0.100051 0.108934 0.0962263 0.0691844 0.0409859 0.0210279 0.0111943 0.00875344 0.010434 0.0141785 0.0189607 0.0241532 0.0291603 0.0333485 0.0361316 0.0370983 0.0361128 0.0333493 0.0292436 0.0243833 0.0193713 0.0147072 0.0107176 0.00754302 0.00516982 0.00348639 0.00233975
 1.01063e-16 2.85602e-05 0.000167609 0.000796702 0.00306729 0.009565 0.0241606 0.0494368 0.0819509 0.110069 0.119808 0.105753 0.0758616 0.0445965 0.0222471 0.0108277 0.00727825 0.00796702 0.0106428 0.0142542 0.0182604 0.0222163 0.0256618 0.0281642 0.0294057 0.0292547 0.0277937 0.0252888 0.0221179 0.0186796 0.0153142 0.0122571 0.00962919 0.00745691 0.00570592 0.00431448
 1.00738e-16 3.18369e-05 0.00018685 0.000888189 0.00341955 0.0106635 0.0269353 0.0551137 0.0913589 0.122698 0.133534 0.11782 0.0844126 0.0494111 0.0242545 0.0111499 0.00664619 0.00666547 0.00869147 0.0115802 0.0147986 0.0179582 0.0206764 0.0225997 0.0234726 0.0231971 0.0218534 0.0196744 0.0169839 0.0141195 0.0113656 0.00891475 0.00685921 0.00520917 0.00392242 0.00293415
 1.01003e-16 2.28542e-05 0.000134096 0.00063735 0.00245369 0.0076515 0.0193274 0.0395489 0.0655656 0.0880801 0.0959204 0.0847793 0.0610599 0.0363855 0.0190599 0.0107805 0.00918268 0.0114171 0.0156799 0.021041 0.0268793 0.0325637 0.0374067 0.0407634 0.0421718 0.0414619 0.0387955 0.0346164 0.0295354 0.024186 0.0191 0.0146334 0.0109521 0.00806475 0.00587986 0.00426221
 1.01905e-16 2.24391e-05 0.000131664 0.000625796 0.00240922 0.00751283 0.0189771 0.0388317 0.0643756 0.0864781 0.0941673 0.0832095 0.0598853 0.035598 0.0184891 0.0102125 0.00843695 0.010364 0.0142369 0.0191767 0.0246292 0.0300449 0.0348213 0.0383823 0.0402975 0.040378 0.0387138 0.035636 0.0316236 0.0271864 0.0227635 0.0186628 0.01505 0.0119734 0.00940668 0.00728998
 1.00943e-16 3.30802e-05 0.000194154 0.000922917 0.00355328 0.0110806 0.0279886 0.0572686 0.0949295 0.127489 0.138737 0.122384 0.087624 0.0511734 0.024901 0.0110801 0.00610554 0.00572783 0.00733498 0.00976227 0.0125041 0.0152259 0.017609 0.0193586 0.0202578 0.0202158 0.0192863 0.0176474 0.015552 0.0132667 0.0110184 0.00896334 0.00718127 0.00568925 0.004465 0.00346942
 1.00152e-16 3.84417e-05 0.000225638 0.00107261 0.00412967 0.0128781 0.0325288 0.0665576 0.110324 0.148153 0.161196 0.142131 0.10162 0.0590606 0.0282024 0.0116353 0.00511635 0.0036665 0.00424031 0.00552087 0.00701261 0.0084694 0.00969453 0.0105161 0.0108141 0.0105479 0.00976616 0.00859291 0.00719637 0.00574964 0.00439677 0.00323259 0.0022989 0.00159354 0.00108625 0.000734688
 1.00089e-16 3.75097e-05 0.000220164 0.00104658 0.00402944 0.0125655 0.0317393 0.0649424 0.107647 0.144561 0.157295 0.138707 0.0992058 0.0577254 0.0276926 0.0116455 0.00545556 0.00427174 0.00512132 0.00670595 0.0085148 0.0102684 0.0117296 0.0126891 0.0130016 0.01262 0.0116079 0.0101217 0.00837202 0.00657471 0.00490877 0.00349118 0.00237211 0.00154622 0.000972599 0.000594997
 1.00239e-16 3.1066e-05 0.000182321 0.000866644 0.00333658 0.0104048 0.0262818 0.0537769 0.0891445 0.119728 0.130314 0.115007 0.0824581 0.0483896 0.0239805 0.0114043 0.00731221 0.00773498 0.0102104 0.0135916 0.0173016 0.0208829 0.0238754 0.0258573 0.0265331 0.0258052 0.0237986 0.0208264 0.0173112 0.0136872 0.0103151 0.00743169 0.00513997 0.00343193 0.00222831 0.00141908
 1.00636e-16 2.91242e-05 0.000170918 0.000812433 0.00312785 0.00975386 0.0246376 0.050413 0.0835693 0.112244 0.122177 0.107847 0.0773723 0.0455008 0.0227275 0.0111079 0.00752152 0.00826227 0.0110276 0.0147333 0.018811 0.0227876 0.0261757 0.0285229 0.0295051 0.0290027 0.0271285 0.0241926 0.0206227 0.016863 0.0132866 0.0101443 0.00755381 0.00552292 0.00398857 0.00285668
 1.00802e-16 2.92199e-05 0.000171482 0.000815112 0.00313817 0.00978605 0.0247189 0.0505792 0.0838445 0.112613 0.122575 0.108193 0.0776068 0.0456117 0.0227331 0.0110288 0.00736425 0.00801924 0.0106856 0.0142829 0.0182543 0.0221429 0.0254799 0.0278284 0.0288734 0.0284945 0.026793 0.0240595 0.0206971 0.0171261 0.0137011 0.0106617 0.00812302 0.0060972 0.00453065 0.00334097
 1.01436e-16 2.06074e-05 0.000120903 0.000574624 0.00221217 0.00689831 0.017425 0.0356565 0.0591148 0.0794203 0.0865062 0.0764978 0.0551807 0.0330534 0.0176286 0.0104682 0.00947269 0.0120975 0.0167227 0.0224879 0.0287784 0.0349393 0.0402466 0.0440152 0.0457483 0.0452519 0.0426784 0.0384759 0.0332692 0.0277112 0.0223536 0.0175709 0.0135453 0.0103003 0.00775853 0.00579818
 1.02099e-16 2.50615e-05 0.000147066 0.000699033 0.00269123 0.00839227 0.0211984 0.0433761 0.071906 0.0965838 0.105145 0.0928455 0.066681 0.0393583 0.01993 0.0101943 0.00749877 0.00868469 0.0117903 0.0158834 0.020451 0.0250359 0.0291472 0.0323131 0.0341741 0.0345603 0.0335224 0.0313035 0.0282668 0.0248045 0.0212588 0.0178753 0.0147949 0.0120724 0.00970884 0.00768101
 1.01493e-16 2.7315e-05 0.000160297 0.000761935 0.00293342 0.00914754 0.0231061 0.0472794 0.0783755 0.10527 0.114591 0.101165 0.0726079 0.0427588 0.0214697 0.0106807 0.00747873 0.00840072 0.0112957 0.0151475 0.0194146 0.0236334 0.0273191 0.0300151 0.0313857 0.0312923 0.0298218 0.0272543 0.0239862 0.0204341 0.0169514 0.0137796 0.01104 0.0087555 0.0068874 0.00537143
 1.01728e-16 2.24594e-05 0.000131781 0.000626351 0.00241135 0.00751946 0.0189939 0.0388662 0.0644333 0.0865571 0.0942572 0.0832983 0.0599695 0.0356884 0.0186095 0.010394 0.0087138 0.010769 0.0147964 0.0199021 0.0255084 0.0310356 0.0358496 0.0393486 0.0410911 0.0408959 0.0388806 0.0354186 0.0310379 0.0262932 0.0216556 0.0174482 0.0138334 0.0108416 0.00842037 0.00648104
 1.02149e-16 2.40357e-05 0.000141041 0.000670387 0.00258092 0.00804828 0.0203295 0.0415986 0.0689605 0.0926308 0.10085 0.0890748 0.0640196 0.0378811 0.019355 0.0101823 0.00783544 0.00929605 0.0126827 0.017085 0.0219758 0.0268646 0.0312206 0.0345346 0.0364224 0.0367082 0.0354578 0.0329467 0.0295802 0.025792 0.0219574 0.018342 0.0150926 0.0122591 0.00983042 0.00776933
 1.03092e-16 1.1437e-05 6.70529e-05 0.000318586 0.00122632 0.00382393 0.00965951 0.0197688 0.0327847 0.0440767 0.0480898 0.0427176 0.0312309 0.0195432 0.0119463 0.00945901 0.0110705 0.0154826 0.0218177 0.029479 0.0378412 0.0461074 0.0533564 0.058703 0.0614922 0.0614473 0.0587267 0.0538621 0.0476112 0.0407727 0.0340266 0.0278405 0.0224537 0.0179184 0.0141705 0.0110964
pSPR Fmed_Fpbrs
0.323383   0.394723 0.394723
Fs Fmed_Fpbrs
1.43323   1.005 1.005
SSBpbr Bo_Bmed_Bpbrs
952110  260291  328214 328214
Ro
15994.5
SPR SPRFo_SPRFmed_SPRFpbrs
329064 106414 129889
log_Ro
9.5
likeval ReclasPelacesDesembMPH_pf_preclas_ppelaces_ptallas_desvR_qrecl_qpela
 69.084 13.3826 0.288284 0.000161 366.959 172.203 88.4756 0 44.4926 0.000201804 0.000753721 0 0 0 0
q_reclas_q_pelaces
7.48586 49.6935
M
0.7
N
 4926.17 48155.1 20488.3 2702.55 0.105505
 6766.8 2416.43 21007.3 8727.44 1150.72
 921.944 3288.45 955.194 7962.81 3741.27
 3047.34 412.208 539.292 127.77 1559.4
 40235.2 1374.29 74.0427 80.346 250.441
 10682 19385.2 495.998 25.1997 112.451
 64771.2 4636.91 2327.13 45.8578 12.6617
 55990.5 27594.5 456.772 170.247 4.25655
 57302.9 24242.2 3223.69 40.8923 15.5423
 112281 23981.6 1978.52 188.75 3.28307
 68386.4 49299.1 3247.3 210.955 20.3807
 51096.9 28995.6 4617.02 223.768 15.8468
 55154.9 22017.6 3220.2 389.298 20.0966
 29723.6 21747.8 958.2 89.5585 11.2878
 11824.4 9963.31 170.456 3.50154 0.363123
 8771.36 4007.01 87.6233 0.713896 0.0159553
 7108.15 3594.12 261.656 3.93984 0.0325809
 8639.42 2921.99 242.801 12.2475 0.184628
 7082.41 3716.82 319.128 20.071 1.02219
 7775.68 3188.94 656.498 46.6078 3.0693
 14489.3 3353.12 357.067 55.8931 4.20709
 17891.5 6629.56 701.646 63.7363 10.695
 24510 8187.48 1389.44 125.478 13.2701
 6553.05 11016.2 1419.06 198.432 19.7412
pred_Ctot
 43.2458 4239.79 2113.86 279.613 0.0109163
 104.174 359.164 3631.81 1512.84 199.478
 66.4636 1684.72 539.508 4504.93 2116.67
 202.391 200.29 290.208 68.8755 840.632
 863.181 275.02 17.1212 18.6258 58.0597
 974.374 11425.4 317.803 16.1688 72.1532
 6676.96 2917.59 1579.54 31.1651 8.60512
 5199.36 16425.4 295.247 110.195 2.75518
 6543.83 16044.1 2286.33 29.0348 11.0357
 9419.61 13475.3 1214.82 116.066 2.01887
 7254.94 31474.6 2232.32 145.195 14.0279
 4900.74 17565.5 3031.11 147.102 10.4177
 8279.08 16356.4 2518.9 304.769 15.7332
 7105.37 18462.3 835.614 78.1342 9.84794
 2760.49 8415.28 148.042 3.04245 0.315516
 1115.26 2784.57 64.7988 0.528472 0.0118114
 889.881 2480.79 192.386 2.8998 0.0239806
 837.298 1780.07 160.19 8.0911 0.121973
 477.832 1824.69 173.362 10.922 0.556256
 741.946 1926.51 429.942 30.5645 2.01284
 823.002 1464.92 174.171 27.3151 2.05608
 1014.46 2892.75 341.857 31.1122 5.2208
 1682.56 4065.09 762.636 68.9895 7.29624
 613.745 6588.05 921.062 128.971 12.8311
F
 0.0122733 0.129556 0.153384 0.153844 0.153851
 0.0216117 0.22813 0.270089 0.270899 0.270912
 0.104957 1.10791 1.31169 1.31562 1.31568
 0.0963334 1.01689 1.20391 1.20753 1.20758
 0.0302313 0.319118 0.377811 0.378944 0.378963
 0.13451 1.41988 1.68103 1.68607 1.68615
 0.153243 1.61762 1.91514 1.92088 1.92097
 0.137088 1.44709 1.71324 1.71838 1.71847
 0.171065 1.80574 2.13786 2.14427 2.14438
 0.123103 1.29946 1.53846 1.54308 1.54315
 0.158031 1.66816 1.97497 1.98089 1.98099
 0.141883 1.4977 1.77316 1.77848 1.77856
 0.230633 2.43454 2.88231 2.89095 2.89109
 0.393031 4.14879 4.91185 4.92658 4.92682
 0.38212 4.03362 4.77549 4.78982 4.79005
 0.192193 2.02877 2.40191 2.40911 2.40923
 0.188976 1.99481 2.36171 2.36879 2.3689
 0.143467 1.51443 1.79297 1.79834 1.79843
 0.0979267 1.0337 1.22383 1.2275 1.22756
 0.141108 1.48952 1.76348 1.76877 1.76885
 0.0818707 0.864219 1.02317 1.02624 1.02629
 0.0817207 0.862636 1.02129 1.02436 1.02441
 0.0997179 1.05261 1.24621 1.24995 1.25001
 0.138339 1.46029 1.72887 1.73405 1.73414
nmprior
 10 10 8 0
nm_flota  nm_reclas  nm_pelaces    nm_pelaL
inf 19.495 8.53176 13.0993
cv_recla  cv_pelaces  cv_mph
0.769512 0.430462 0.411672
 ------------------------------------------------
Talla a la edad & desviación 
 7.2 14.2025 17.0495 18.207 18.6776
 1.08 2.13037 2.55742 2.73105 2.80164
