years
 1997 1998 1999 2000 2001 2002 2003 2004 2005 2006 2007 2008 2009 2010 2011 2012 2013 2014 2015 2016 2017 2018 2019 2020
reclasobs
 0 0 0 370054 412103 1.49427e+06 250295 1.28982e+06 931140 785840 897777 1.04006e+06 184774 17550 25797 100020 73551 82996 120727 218422 84188 347160 605670 569463
reclaspred
 380791 105006 326799 242915 359942 429515 941772 633140 708412 641609 505407 340215 208059 97131.4 69003.7 71068.7 89903.9 121493 127036 186126 272743 251851 438166 506182
pelacesobs
 0 0 0 0 0 0 0 0 0 2.06254e+06 1.5e+06 0 1.87456e+06 323000 250000 174000 83755 137374 0 501740 490994 745055 786931 1.00524e+06
pelacespred
 1.09735e+06 269514 518183 582275 737215 738771 1.83162e+06 1.54128e+06 1.52498e+06 1.39615e+06 992538 689520 420133 164398 114643 126032 166275 226979 245293 348133 565545 509809 701292 959820
mphobs
 0 0 0 0 0 112323 0 153150 637223 0 255016 313432 73983 77613 109348 50772 0 0 0 0 0 0 0 0
mphpred
 702706 430387 532786 666949 713784 1.12218e+06 1.69359e+06 1.9877e+06 1.71918e+06 1.74229e+06 1.6295e+06 1.15056e+06 711674 374965 182723 159000 194404 270240 330550 377959 579340 691447 877692 1.22958e+06
desembarqueobs
 350755 77701 442110 56441 14545 235359 269955 359681 431902 328805 639364 411747 362871 311530 167758 66681 60226 58785 57116 71774 51957 67425 138520 160799
desembarquepred
 350760 77700.8 442105 56442 14545.1 235391 269979 359680 431927 328823 639563 411984 363194 311962 167797 66691.8 60243.7 58786.1 57112.5 71772.9 51957.2 67419.7 138518 160799
Reclutas
 52093.3 67285.4 41085.6 67266.2 115057 82761.2 129897 125982 150890 147417 68662.6 40735.9 42286.3 23446.8 18500.8 23025.8 19208.6 20703.7 23698.7 44614.7 55967.7 72936.5 115250 107896
log_desv_Rt
 -0.0695516 0.186355 -0.306931 0.186069 0.72284 0.393371 0.844157 0.813555 0.993964 0.970677 0.206617 -0.315479 -0.278125 -0.867855 -1.10477 -0.885973 -1.06723 -0.992277 -0.857169 -0.224524 0.00218725 0.267001 0.724516 0.65858
SSB
 702706 430387 532786 666949 713784 1.12218e+06 1.69359e+06 1.9877e+06 1.71918e+06 1.74229e+06 1.6295e+06 1.15056e+06 711674 374965 182723 159000 194404 270240 330550 377959 579340 691447 877692 1.22958e+06
BT
 2.25238e+06 614104 1.17087e+06 1.10243e+06 1.33114e+06 1.50832e+06 3.46339e+06 3.16846e+06 3.12616e+06 2.81772e+06 2.35751e+06 1.61532e+06 1.11035e+06 595813 348711 280926 347186 453465 488609 681949 1.05496e+06 976019 1.35076e+06 1.8513e+06
Ftot
 0.425093 0.354324 0.51692 0.0982552 0.0189947 0.18602 0.116419 0.229639 0.25449 0.20243 0.418221 0.3871 0.611187 1.07461 1.0028 0.396823 0.283543 0.192124 0.166231 0.169231 0.0795372 0.101304 0.119377 0.11916
BD_Bspro_t
 0.947779 0.75653 0.717763 0.598321 0.727936 0.846347 0.817558 0.823706 0.777141 0.744445 0.710607 0.56369 0.451189 0.338485 0.220159 0.235177 0.350053 0.514644 0.619248 0.699618 0.796199 0.858053 0.864472 0.865718
BD_Bspro
 0.611611 0.374594 0.463718 0.58049 0.621253 0.976711 1.47405 1.73003 1.49632 1.51643 1.41826 1.00141 0.619417 0.326357 0.159036 0.138388 0.169202 0.235208 0.287699 0.328962 0.504238 0.601812 0.763913 1.07018
BD_Bo
 0.545666 0.334205 0.413719 0.5179 0.554268 0.8714 1.31511 1.54349 1.33498 1.35293 1.26534 0.893436 0.55263 0.291168 0.141888 0.123467 0.150958 0.209847 0.256679 0.293493 0.449869 0.536923 0.681546 0.954794
BD_Brms
 1.90984 1.16972 1.44803 1.81266 1.93995 3.04992 4.60292 5.40225 4.67247 4.73528 4.42871 3.12704 1.93422 1.0191 0.496611 0.432137 0.528358 0.73447 0.898381 1.02723 1.57455 1.87924 2.38543 3.3418
S_f
 0.192079 1 1 1 1
 0.192079 1 1 1 1
 0.192079 1 1 1 1
 0.192079 1 1 1 1
 0.192079 1 1 1 1
 0.192079 1 1 1 1
 0.192079 1 1 1 1
 0.192079 1 1 1 1
 0.192079 1 1 1 1
 0.192079 1 1 1 1
 0.192079 1 1 1 1
 0.192079 1 1 1 1
 0.192079 1 1 1 1
 0.192079 1 1 1 1
 0.192079 1 1 1 1
 0.192079 1 1 1 1
 0.192079 1 1 1 1
 0.192079 1 1 1 1
 0.192079 1 1 1 1
 0.192079 1 1 1 1
 0.192079 1 1 1 1
 0.192079 1 1 1 1
 0.192079 1 1 1 1
 0.192079 1 1 1 1
Scru_reclas
 1 1 1 1 1
 1 1 1 1 1
 1 1 1 1 1
 1 1 1 1 1
 1 1 1 1 1
 1 1 1 1 1
 1 1 1 1 1
 1 1 1 1 1
 1 1 1 1 1
 1 1 1 1 1
 1 1 1 1 1
 1 1 1 1 1
 1 1 1 1 1
 1 1 1 1 1
 1 1 1 1 1
 1 1 1 1 1
 1 1 1 1 1
 1 1 1 1 1
 1 1 1 1 1
 1 1 1 1 1
 1 1 1 1 1
 1 1 1 1 1
 1 1 1 1 1
 1 1 1 1 1
Scru_pelaces
 1 1 1 1 1
 1 1 1 1 1
 1 1 1 1 1
 1 1 1 1 1
 1 1 1 1 1
 1 1 1 1 1
 1 1 1 1 1
 1 1 1 1 1
 1 1 1 1 1
 1 1 1 1 1
 1 1 1 1 1
 1 1 1 1 1
 1 1 1 1 1
 1 1 1 1 1
 1 1 1 1 1
 1 1 1 1 1
 1 1 1 1 1
 1 1 1 1 1
 1 1 1 1 1
 1 1 1 1 1
 1 1 1 1 1
 1 1 1 1 1
 1 1 1 1 1
 1 1 1 1 1
pf_obs 
 0.256992 0.487395 0.22802 0.0275931 0
 0.321318 0.546541 0.124235 0.00734118 0.000564706
 0.182869 0.594174 0.210203 0.0122559 0.00049798
 0.330522 0.361315 0.267642 0.0388342 0.00168674
 0.649043 0.306663 0.0425973 0.00169635 0
 0.582887 0.30429 0.105238 0.00758474 0
 0.465427 0.430635 0.0974691 0.00646863 0
 0.296916 0.608066 0.0921331 0.00288517 0
 0.311714 0.524322 0.152257 0.0117073 0
 0.15457 0.633149 0.183074 0.0267441 0.00246327
 0.131901 0.49318 0.331252 0.0422183 0.00144891
 0.196976 0.569456 0.194076 0.0375587 0.00193317
 0.518974 0.381816 0.0799577 0.0180837 0.00116848
 0.0928022 0.601141 0.25162 0.0475244 0.00691264
 0.122501 0.610282 0.24278 0.0234846 0.000952079
 0.383417 0.481906 0.127806 0.00687128 0
 0.0376549 0.599619 0.316969 0.0457579 0
 0.0361596 0.667082 0.258105 0.0386534 0
 0.158088 0.579412 0.248529 0.0139706 0
 0.0477256 0.309471 0.559284 0.082774 0.000745712
 0.0406174 0.521527 0.379366 0.0568643 0.0016247
 0.151134 0.462217 0.34131 0.0453401 0
 0.294876 0.26143 0.354403 0.0886775 0.000613685
 0.281977 0.475581 0.204845 0.0348837 0.00271318
pf_pred 
 0.341314 0.4636 0.174342 0.0207329 1.08243e-05
 0.319523 0.521871 0.111631 0.0419802 0.00499493
 0.182632 0.606809 0.161482 0.0345419 0.0145354
 0.301945 0.416999 0.208654 0.0555262 0.0168755
 0.322705 0.475407 0.120602 0.0603461 0.0209397
 0.175546 0.589024 0.165253 0.0419218 0.0282552
 0.263912 0.402578 0.238274 0.0668486 0.0283882
 0.216031 0.519845 0.144453 0.0854976 0.0341729
 0.245304 0.463794 0.192896 0.0536014 0.0444054
 0.218247 0.51243 0.165511 0.0688375 0.0349751
 0.117206 0.542581 0.223005 0.072029 0.0451784
 0.114752 0.404203 0.295659 0.121518 0.0638677
 0.191625 0.36131 0.204129 0.149313 0.0936229
 0.174219 0.514055 0.139328 0.0787164 0.0936809
 0.251599 0.486941 0.162761 0.0441142 0.0545845
 0.331176 0.495433 0.112816 0.0377088 0.0228668
 0.225101 0.585974 0.139946 0.0318673 0.0171109
 0.229574 0.487586 0.213882 0.0510806 0.0178772
 0.234434 0.481404 0.17984 0.0788877 0.0254342
 0.335321 0.420324 0.153656 0.0574018 0.0332977
 0.27601 0.535341 0.119296 0.0436103 0.0257422
 0.263076 0.49592 0.178206 0.0397114 0.0230862
 0.300393 0.462145 0.159803 0.0574241 0.0202356
 0.213478 0.552458 0.154618 0.0534645 0.0259823
pobs_RECLAS
 0 0 0 0 0
 0 0 0 0 0
 0 0 0 0 0
 0 0 0 0 0
 0.835266 0.146461 0.0176864 0.000547809 3.91292e-05
 0.385257 0.428462 0.181853 0.0044286 0
 0.867414 0.0963971 0.0333333 0.00285562 0
 0.441836 0.489002 0.0689373 0.000224442 0
 0.779404 0.147425 0.0564933 0.0165055 0.000172143
 0.814271 0.122319 0.05973 0.00367925 0
 0.40263 0.566651 0.0304383 0.000280538 0
 0.475488 0.404961 0.113038 0.00651328 0
 0.955842 0.0263864 0.0167828 0.000988607 0
 0.975058 0.0227948 0.00214734 0 0
 0.738997 0.206755 0.0527124 0.00153531 0
 0.850938 0.134255 0.0134407 0.00136685 0
 0.542534 0.407297 0.0501686 0 0
 0.764087 0.199537 0.0359546 0.000420521 0
 0.470689 0.182191 0.310203 0.0369168 0
 0.84361 0.089868 0.0606195 0.00523954 0.000663233
 0.607945 0.314616 0.071237 0.00620181 0
 0.523733 0.453247 0.0230204 0 0
 0.530135 0.295979 0.169645 0.0042399 0
 0.562478 0.366248 0.0663022 0.0049721 0
ppred_RECLAS
 0.734831 0.186633 0.0701854 0.00834651 4.35757e-06
 0.714087 0.219272 0.0469037 0.0176387 0.0020987
 0.546295 0.336828 0.0896352 0.0191735 0.00806834
 0.693549 0.183065 0.0916006 0.0243764 0.00740845
 0.712873 0.20154 0.0511271 0.0255826 0.00887699
 0.528237 0.337047 0.0945597 0.0239881 0.016168
 0.652509 0.190048 0.112484 0.0315578 0.0134014
 0.592349 0.270311 0.0751133 0.0444573 0.0177693
 0.631916 0.226204 0.09408 0.0261427 0.0216576
 0.595077 0.265422 0.0857294 0.0356556 0.018116
 0.415084 0.3595 0.147757 0.0477245 0.029934
 0.4087 0.269987 0.197485 0.0811678 0.0426603
 0.562992 0.195324 0.110353 0.0807186 0.0506127
 0.546804 0.282118 0.0764646 0.0432003 0.0514129
 0.655835 0.223928 0.0748482 0.0202867 0.0251016
 0.725444 0.203378 0.0463115 0.0154797 0.00938694
 0.605885 0.298028 0.0711769 0.0162078 0.00870265
 0.610533 0.246486 0.108122 0.0258224 0.00903731
 0.616626 0.241073 0.0900589 0.0395047 0.0127367
 0.726047 0.17324 0.0633304 0.0236586 0.0137239
 0.66585 0.247081 0.0550597 0.0201279 0.011881
 0.651342 0.234633 0.0843137 0.0187885 0.0109227
 0.692228 0.203307 0.0703007 0.0252621 0.00890206
 0.587075 0.290041 0.0811745 0.028069 0.0136407
pobs_PELACES
 0 0 0 0 0
 0 0 0 0 0
 0 0 0 0 0
 0 0 0 0 0
 0 0 0 0 0
 0 0 0 0 0
 0 0 0 0 0
 0 0 0 0 0
 0 0 0 0 0
 0 0 0 0 0
 0.450072 0.473896 0.0757376 0.000293798 0
 0 0 0 0 0
 0.463077 0.371075 0.160297 0.00555027 0
 0.529543 0.364841 0.0842815 0.0213345 0
 0.631943 0.363953 0.00410389 0 0
 0.735681 0.248677 0.0153453 0.000297389 0
 0.695825 0.281241 0.0229344 0 0
 0.275771 0.60734 0.115278 0.00161068 0
 0 0 0 0 0
 0.896147 0.0623911 0.0374545 0.00400742 0
 0.803859 0.145111 0.0509908 3.86294e-05 0
 0.739449 0.233085 0.0266225 0.000797448 4.60066e-05
 0.878498 0.100942 0.0204185 0.000141795 0
 0.694673 0.275183 0.0284847 0.00165964 0
ppred_PELACES
 0.75632 0.171508 0.0644976 0.00767012 4.00444e-06
 0.732978 0.204784 0.0438046 0.0164732 0.00196003
 0.580185 0.311668 0.0829399 0.0177414 0.00746567
 0.699089 0.179756 0.0899449 0.0239358 0.00727453
 0.713909 0.200813 0.0509428 0.0254903 0.00884498
 0.540577 0.328231 0.0920864 0.0233607 0.0157451
 0.659513 0.186218 0.110217 0.0309217 0.0131313
 0.607046 0.260566 0.0724054 0.0428545 0.0171287
 0.647552 0.216595 0.0900835 0.0250322 0.0207376
 0.608012 0.256943 0.0829908 0.0345166 0.0175372
 0.442386 0.34272 0.14086 0.0454969 0.0285368
 0.433856 0.258501 0.189083 0.0777147 0.0408454
 0.602589 0.177626 0.100354 0.0734048 0.0460267
 0.616394 0.238798 0.0647231 0.0365667 0.0435182
 0.71344 0.186448 0.0623205 0.0168912 0.0209002
 0.746007 0.188146 0.042843 0.0143203 0.00868391
 0.623785 0.284492 0.0679442 0.0154717 0.0083074
 0.622641 0.238822 0.10476 0.0250196 0.00875633
 0.627048 0.23452 0.0876107 0.0384308 0.0123905
 0.734929 0.167623 0.0612771 0.0228915 0.0132789
 0.670551 0.243605 0.054285 0.0198447 0.0117139
 0.657451 0.230522 0.0828366 0.0184593 0.0107313
 0.698967 0.198855 0.0687613 0.0247089 0.00870714
 0.594754 0.284647 0.0796648 0.0275469 0.013387
pobs_pel_tallas
 0 0 0 0 0 0 0 0 0 0 0 0 0 0 0 0 0 0 0 0 0 0 0 0 0 0 0 0 0 0 0 0 0 0 0 0
 0 0 0 0 0 0 0 0 0 0 0 0 0 0 0 0 0 0 0 0 0 0 0 0 0 0 0 0 0 0 0 0 0 0 0 0
 0 0 0 0 0 0 0 0 0 0 0 0 0 0 0 0 0 0 0 0 0 0 0 0 0 0 0 0 0 0 0 0 0 0 0 0
 0 0 0 0 0 0 0 0 0 0 0 0 0 0 0 0 0 0 0 0 0 0 0 0 0 0 0 0 0 0 0 0 0 0 0 0
 0 0 0 0 0 0 0 0 0 0 0 0 0 0 0 0 0 0 0 0 0 0 0 0 0 0 0 0 0 0 0 0 0 0 0 0
 0 0 0 0 0 0 0 0 0 0 0 0 0 0 0 0 0 0 0 0 0 0 0 0 0 0 0 0 0 0 0 0 0 0 0 0
 0 0 0 0 0 0 0 0 0 0 0 0 0 0 0 0 0 0 0 0 0 0 0 0 0 0 0 0 0 0 0 0 0 0 0 0
 0 0 0 0 0 0 0 0 0 0 0 0 0 0 0 0 0 0 0 0 0 0 0 0 0 0 0 0 0 0 0 0 0 0 0 0
 0 0 0 0 0 0 0 0 0 0 0 0 0 0 0 0 0 0 0 0 0 0 0 0 0 0 0 0 0 0 0 0 0 0 0 0
 0 0 0 0 0 0 0 0 0 0 0 0 0 0 0 0 0 0 0 0 0 0 0 0 0 0 0 0 0 0 0 0 0 0 0 0
 0 0 0 0 0 0 0 0 1.78061e-05 0.00172719 0.00360574 0.0105946 0.0120993 0.0124554 0.0147524 0.0171206 0.0266825 0.0428682 0.0675386 0.121331 0.153587 0.119568 0.100827 0.0573624 0.0630603 0.0341343 0.0324427 0.0444173 0.0211091 0.0280891 0.0125444 0.00206551 0 0 0 0
 0 0 0 0 0 0 0 0 0 0 0 0 0 0 0 0 0 0 0 0 0 0 0 0 0 0 0 0 0 0 0 0 0 0 0 0
 0 0 0 0 0 0 0.0133647 0.0140871 0.0187388 0.0205184 0.03894 0.0496705 0.03968 0.0493445 0.0407372 0.0367815 0.0215668 0.0243155 0.0234873 0.0199281 0.019796 0.0243948 0.0301388 0.0376714 0.0412746 0.0863199 0.0771752 0.113111 0.0741005 0.0525337 0.0229764 0.00759418 0.00175318 0 0 0
 0 0 0 0 0 0 0 0 0 0 0.00219441 0.00772107 0.0458388 0.0604681 0.0671733 0.0775358 0.0609151 0.0617685 0.073594 0.0568108 0.0755445 0.0548602 0.0670107 0.0636378 0.0643287 0.046367 0.0373049 0.0286899 0.0247887 0.0153202 0.00654259 0.00121912 0.000365735 0 0 0
 0 0 0 0 0 0 0 0 0 0 0 0 0.000112435 0.00938835 0.0111873 0.0202946 0.0414886 0.0713402 0.111592 0.104902 0.108894 0.110636 0.117776 0.105296 0.107544 0.0401394 0.0192827 0.0124803 0.00416011 0.0028671 0.000618394 0 0 0 0 0
 0 0 0 0 0 0 0 0 0 0 0.00291406 0.0102884 0.027416 0.0768956 0.0749926 0.110853 0.0956884 0.0897413 0.0766577 0.0534642 0.0500743 0.0551293 0.0594112 0.0620874 0.0668451 0.0424026 0.0208742 0.0120726 0.0048766 0.00582813 0.00118941 0.000297354 0 0 0 0
 0 0.00264628 0.0354308 0.0461629 0.0458689 0.0383711 0.0214643 0.0164657 0.0346957 0.0420465 0.0363128 0.0245516 0.0311673 0.0291091 0.0169068 0.0133784 0.00837989 0.0085269 0.0148486 0.0160247 0.0276389 0.0546898 0.0760071 0.122758 0.109233 0.0665981 0.0333725 0.0166128 0.00676272 0.00308733 0.000882094 0 0 0 0 0
 0 0 0 0 0 0 0 0.000805153 0.000690131 0.00759144 0.0133425 0.0154129 0.00931677 0.000345066 0.00356568 0.00563607 0.00851162 0.0253048 0.0502646 0.0516448 0.0657925 0.0565908 0.0611916 0.0827007 0.0866115 0.110766 0.145733 0.0935128 0.0569358 0.0249597 0.0138026 0.00621118 0.00161031 0.00115022 0 0
 0 0 0 0 0 0 0 0 0 0 0 0 0 0 0 0 0 0 0 0 0 0 0 0 0 0 0 0 0 0 0 0 0 0 0 0
 0.00147267 0.00158595 0.00478618 0.00569244 0.00954404 0.0108468 0.00647125 0.017049 0.0510054 0.094081 0.124002 0.0959785 0.0687766 0.0820023 0.061753 0.0591476 0.0492212 0.0479892 0.0443925 0.0268479 0.0217502 0.0140895 0.0121071 0.0120363 0.00920419 0.00665534 0.0049561 0.00860946 0.00930331 0.0156896 0.0114698 0.00855282 0.00243557 0.00046729 0 2.83206e-05
 0 0 0 0 0.000772559 0.00158375 0.000888443 0.00281984 0.00712685 0.0440552 0.0773331 0.111326 0.0921469 0.0852325 0.0710754 0.0886704 0.0786465 0.0553345 0.0373146 0.0185414 0.00753245 0.00457741 0.012979 0.0271748 0.0457355 0.0583668 0.034881 0.0177882 0.00938659 0.00492506 0.0015258 0.00185414 0.000309023 5.79419e-05 3.86279e-05 0
 0 0.00173294 0.00326652 0 0.00397197 0.00683976 0.00946217 0.0152591 0.00757587 0.0136028 0.0228656 0.0392903 0.0559909 0.0764795 0.0681675 0.0726916 0.0566044 0.0477403 0.0527397 0.0444891 0.0609904 0.0582453 0.0661739 0.0445044 0.0529084 0.0360697 0.0280645 0.0235558 0.0158879 0.00826598 0.00280645 0.00217768 0.000904811 0.00058276 9.20147e-05 0
 0 0 0 0 0 0 0 0 0 0 0 0 0 0 0 0 0 0 0 0 0 0 0 0 0 0 0 0 0 0 0 0 0 0 0 0
 0 0 0 0 0 0 0 0 0 0 0 0 0 0 0 0 0 0 0 0 0 0 0 0 0 0 0 0 0 0 0 0 0 0 0 0
ppred_pel_tallas
 1.01236e-16 3.29988e-05 0.000193677 0.000920656 0.00354458 0.0110534 0.0279201 0.0571283 0.0946964 0.127175 0.138391 0.12207 0.0873795 0.0509912 0.0247398 0.0108866 0.0058308 0.00533194 0.00678944 0.00905491 0.0116465 0.0142593 0.0166065 0.0184185 0.0194907 0.019726 0.0191523 0.0179069 0.016195 0.0142384 0.0122304 0.0103101 0.00855716 0.00700284 0.0056484 0.00448167
 1.01347e-16 3.19823e-05 0.000187706 0.000892264 0.00343525 0.0107125 0.027059 0.0553665 0.0917772 0.123257 0.134137 0.118338 0.0847537 0.0495501 0.0242104 0.0109417 0.00626858 0.00608996 0.00788239 0.0105131 0.0134767 0.0164237 0.0190157 0.0209375 0.0219576 0.0219786 0.0210572 0.0193819 0.0172197 0.0148511 0.0125129 0.010366 0.00848997 0.00689934 0.0055689 0.00445823
 1.02238e-16 2.53242e-05 0.000148608 0.000706361 0.00271944 0.00848025 0.0214206 0.0438309 0.07266 0.0975969 0.106248 0.0938223 0.0673872 0.039784 0.0201614 0.0103367 0.00762931 0.00884484 0.0119959 0.0161325 0.0207255 0.0253015 0.0293553 0.0324064 0.0340968 0.0342695 0.0329997 0.0305618 0.0273511 0.0237857 0.0202217 0.0169047 0.0139617 0.0114244 0.00926611 0.00743731
 1.02498e-16 3.05036e-05 0.000179028 0.000851008 0.00327641 0.0102172 0.0258078 0.0528064 0.0875332 0.117557 0.127931 0.112858 0.0808186 0.0472288 0.0230393 0.0103542 0.0058601 0.00565195 0.00733605 0.00985324 0.0127499 0.015725 0.0184846 0.0207462 0.0222869 0.0229881 0.0228538 0.0219958 0.0205941 0.0188474 0.0169314 0.0149746 0.0130565 0.0112194 0.00948543 0.00787078
 1.02078e-16 3.11506e-05 0.000182824 0.000869054 0.00334589 0.0104338 0.0263551 0.0539262 0.0893899 0.120052 0.130649 0.115263 0.0825554 0.0482735 0.0236032 0.0106965 0.00617151 0.00603754 0.00784108 0.0104833 0.0134758 0.0164814 0.0191715 0.0212383 0.0224518 0.0227097 0.0220562 0.0206607 0.0187673 0.0166329 0.0144736 0.0124353 0.0105905 0.0089545 0.0075102 0.00623095
 1.02953e-16 2.35978e-05 0.000138471 0.000658165 0.00253387 0.00790154 0.0199589 0.0408402 0.0677035 0.0909429 0.0990141 0.0874569 0.0628651 0.0372145 0.0190449 0.0100684 0.00780648 0.00929782 0.0126958 0.0171044 0.0220018 0.0268998 0.0312707 0.0346097 0.0365382 0.036887 0.0357279 0.0333396 0.0301263 0.0265153 0.02287 0.0194395 0.0163524 0.0136411 0.0112815 0.00922958
 1.03302e-16 2.87782e-05 0.000168897 0.000802846 0.00309097 0.00963889 0.0243471 0.0498177 0.0825797 0.110906 0.120699 0.10649 0.0762833 0.0446302 0.0218689 0.00999521 0.00589507 0.00589547 0.00774586 0.0104484 0.0135681 0.0168053 0.0198594 0.0224368 0.0243007 0.0253162 0.0254705 0.0248583 0.0236436 0.0220117 0.0201281 0.0181171 0.0160607 0.0140104 0.0120039 0.0100775
 1.03386e-16 2.64933e-05 0.000155476 0.000739026 0.00284523 0.00887252 0.0224114 0.0458577 0.0760181 0.102102 0.111137 0.0981025 0.0703815 0.0413914 0.02068 0.0101209 0.00688272 0.00760608 0.0102145 0.013746 0.0177133 0.0217166 0.0253388 0.0281824 0.0299471 0.0304942 0.0298709 0.0282835 0.026033 0.0234361 0.0207587 0.0181789 0.0157852 0.0135978 0.0116012 0.00977205
 1.03179e-16 2.82579e-05 0.00016584 0.000788303 0.00303497 0.00946424 0.023906 0.0489154 0.081085 0.108902 0.118524 0.104589 0.0749605 0.043934 0.0216719 0.0101467 0.00631233 0.00656859 0.00870133 0.0117116 0.0151365 0.0186328 0.0218513 0.0244563 0.0261874 0.0269127 0.0266504 0.0255483 0.023835 0.0217567 0.0195256 0.0172907 0.015136 0.0130962 0.0111807 0.00939324
 1.03268e-16 2.65354e-05 0.000155723 0.000740201 0.00284975 0.00888663 0.0224471 0.0459306 0.0761388 0.102264 0.111312 0.0982555 0.0704873 0.0414456 0.0206925 0.0101034 0.00684141 0.00754177 0.0101258 0.0136329 0.0175793 0.0215702 0.0251933 0.0280537 0.0298511 0.0304432 0.0298702 0.028329 0.026112 0.0235291 0.0208434 0.0182348 0.0157974 0.0135593 0.0115132 0.00964316
 1.05008e-16 1.93169e-05 0.000113336 0.00053867 0.00207378 0.00646676 0.0163348 0.0334252 0.0554136 0.0744421 0.0810689 0.071654 0.0516098 0.0307616 0.0161316 0.00916186 0.00786804 0.00986441 0.0136596 0.0185108 0.0239441 0.0294771 0.0345688 0.0386898 0.0414285 0.0425766 0.0421626 0.0404207 0.037712 0.0344259 0.0308974 0.027362 0.023952 0.0207222 0.0176877 0.0148547
 1.07348e-16 1.89416e-05 0.000111141 0.000528248 0.00203368 0.00634173 0.0160189 0.0327782 0.0543389 0.0729923 0.0794738 0.0702058 0.0504834 0.0299239 0.0153905 0.00827184 0.00660038 0.0080297 0.0111168 0.015189 0.0198765 0.0248316 0.0296588 0.0339538 0.0373754 0.0397069 0.0408834 0.040975 0.0401396 0.0385647 0.0364201 0.0338368 0.0309113 0.0277246 0.0243633 0.020931
 1.06156e-16 2.62956e-05 0.000154323 0.000733561 0.00282422 0.00880702 0.0222459 0.0455184 0.0754533 0.101336 0.110287 0.0973103 0.0697228 0.0408228 0.020062 0.00927126 0.00561494 0.00574785 0.00762519 0.0103463 0.0135232 0.0168888 0.0201721 0.023104 0.0254624 0.0271116 0.0280188 0.0282396 0.0278828 0.0270682 0.025894 0.0244245 0.0226963 0.0207362 0.0185807 0.0162875
 1.04287e-16 2.69e-05 0.000157866 0.000750392 0.002889 0.00900903 0.0227562 0.046563 0.0771864 0.103668 0.112836 0.099588 0.0714155 0.0419354 0.0208332 0.0100001 0.00655004 0.00706513 0.00943771 0.0127036 0.0163942 0.020142 0.023569 0.026315 0.0281076 0.0288195 0.02849 0.0272995 0.0255104 0.0233959 0.02118 0.0190067 0.0169399 0.0149866 0.0131275 0.011344
 1.02503e-16 3.11296e-05 0.000182702 0.000868476 0.00334367 0.0104269 0.0263376 0.0538904 0.08933 0.11997 0.130557 0.115175 0.0824767 0.0481962 0.0235075 0.0105562 0.0059585 0.00572472 0.00740603 0.00991386 0.0127769 0.0156803 0.01832 0.0204088 0.0217288 0.0221761 0.0217797 0.0206817 0.0190935 0.0172391 0.0153084 0.0134311 0.0116744 0.0100578 0.0085756 0.00721566
 1.01568e-16 3.25497e-05 0.000191039 0.000908112 0.00349628 0.0109028 0.0275396 0.0563499 0.0934067 0.125444 0.136512 0.120422 0.0862212 0.0503579 0.0245115 0.0109198 0.00603697 0.00568348 0.00729146 0.00971742 0.0124665 0.015212 0.0176427 0.0194696 0.0204793 0.0205808 0.0198228 0.0183735 0.0164727 0.0143718 0.0122824 0.0103474 0.00863713 0.00716369 0.00590523 0.00482794
 1.01978e-16 2.72242e-05 0.000159765 0.000759411 0.0029237 0.00911724 0.0230296 0.0471227 0.0781154 0.10492 0.114208 0.100821 0.0723483 0.042581 0.0213346 0.0105389 0.00728718 0.00812656 0.0109158 0.0146504 0.018804 0.0229335 0.0265761 0.0292941 0.0307636 0.0308465 0.0296171 0.0273329 0.0243609 0.0210875 0.0178403 0.0148432 0.0122089 0.00996063 0.00806745 0.00647712
 1.02834e-16 2.71726e-05 0.000159466 0.000757998 0.00291828 0.00910033 0.0229868 0.0470349 0.0779687 0.104719 0.11398 0.100597 0.072139 0.0423603 0.0210447 0.0101033 0.00662202 0.00715006 0.00956065 0.0128822 0.0166428 0.0204706 0.0239791 0.026795 0.0286282 0.0293313 0.0289239 0.027572 0.025533 0.0230872 0.0204798 0.0178873 0.0154142 0.0131082 0.0109852 0.00905027
 1.0322e-16 2.73645e-05 0.000160593 0.000763357 0.00293892 0.0091647 0.0231494 0.0473675 0.0785198 0.105459 0.114783 0.101302 0.0726358 0.0426341 0.0211474 0.0100967 0.00654361 0.00700976 0.00935201 0.0125934 0.0162638 0.019998 0.0234191 0.0261649 0.0279564 0.0286553 0.0282871 0.0270188 0.025104 0.0228145 0.0203831 0.0179719 0.0156698 0.0135106 0.0114995 0.00963496
 1.02332e-16 3.20659e-05 0.000188201 0.000894621 0.00344434 0.0107408 0.0271305 0.0555127 0.0920184 0.123578 0.134478 0.11862 0.084913 0.0495584 0.024057 0.0106083 0.0057157 0.0052619 0.00672376 0.00898985 0.0115966 0.0142527 0.0166833 0.018629 0.0198914 0.020373 0.0200937 0.0191748 0.0177994 0.0161633 0.0144333 0.0127249 0.0111006 0.00958243 0.00817156 0.00686447
 1.0208e-16 2.92618e-05 0.000171731 0.000816307 0.00314279 0.00980045 0.0247552 0.0506532 0.0839661 0.112772 0.12274 0.108317 0.0776488 0.0455422 0.0225246 0.0106417 0.00674079 0.00708998 0.00938512 0.0125707 0.0161373 0.0196927 0.0228402 0.0252068 0.0265168 0.0266527 0.0256778 0.0238103 0.0213604 0.0186528 0.0159608 0.0134682 0.0112647 0.0093649 0.00773973 0.00634504
 1.02387e-16 2.86901e-05 0.000168376 0.000800357 0.00308138 0.00960895 0.0242715 0.0496635 0.0823252 0.110568 0.12034 0.106196 0.0761227 0.0446359 0.0220563 0.0103892 0.00654387 0.00686453 0.00909859 0.0122218 0.0157488 0.019311 0.0225332 0.0250576 0.0266111 0.0270636 0.0264503 0.0249497 0.0228289 0.020374 0.0178315 0.0153747 0.0130992 0.0110392 0.00919361 0.0075485
 1.02297e-16 3.04991e-05 0.000178999 0.000850869 0.00327587 0.0102155 0.0258035 0.0527978 0.0875194 0.11754 0.127917 0.112855 0.0808364 0.04728 0.0231397 0.0105254 0.00612954 0.00604924 0.00788649 0.010569 0.0136206 0.0167112 0.0195158 0.0217267 0.0231094 0.0235514 0.0230821 0.0218533 0.0200916 0.0180388 0.0159024 0.0138264 0.0118891 0.0101172 0.00850928 0.00705497
 1.02796e-16 2.59584e-05 0.000152333 0.000724079 0.00278767 0.00869302 0.0219581 0.0449303 0.0744815 0.10004 0.1089 0.0961447 0.0690128 0.0406587 0.0204477 0.0102281 0.00723788 0.00819337 0.0110589 0.0148776 0.0191424 0.0234184 0.0272466 0.0301899 0.0319198 0.0322883 0.0313552 0.0293583 0.0266433 0.0235751 0.0204633 0.0175196 0.0148522 0.0124883 0.0104084 0.00857736
pSPR Fmed_Fpbrs
0.699405   0.335713 0.335713
Fs Fmed_Fpbrs
0.224775   1.005 1.005
SSBpbr Bo_Bmed_Bpbrs
1.2878e+06  836300  367939 367939
Ro
55845.5
SPR SPRFo_SPRFmed_SPRFpbrs
1.14894e+06 803575 385714
log_Ro
10.7503
likeval ReclasPelacesDesembMPH_pf_preclas_ppelaces_ptallas_desvR_qrecl_qpela
 64.1691 26.4601 0.0167644 0.00135783 287.913 171.401 80.8877 0 15.3711 8.00805e-05 0 0 0 0 0
q_reclas_q_pelaces
0.281372 1
M
0.7
N
 52093.3 15709.4 5907.7 702.549 0.366789
 67285.4 23840.5 5099.62 1917.77 228.182
 41085.6 31214.6 8306.69 1776.85 747.71
 67266.2 18474.1 9243.9 2459.95 747.625
 115057 32778.9 8315.43 4160.81 1443.77
 82761.2 56927.6 15971.2 4051.62 2730.79
 129897 39655.5 23470.8 6584.84 2796.34
 125982 63078.7 17528.2 10374.4 4146.59
 150890 59861.5 24896.9 6918.3 5731.37
 147417 71355.2 23047.2 9585.53 4870.23
 68662.6 70413.4 28940.4 9347.55 5863.01
 40735.9 31464.9 23015.4 9459.5 4971.74
 42286.3 18779.3 10609.8 7760.62 4866.11
 23446.8 18672.8 5061.02 2859.33 3402.91
 18500.8 9471.84 3165.97 858.097 1061.76
 23025.8 7577.61 1725.51 576.753 349.746
 19208.6 10595.1 2530.39 576.2 309.386
 20703.7 9033.09 3962.4 946.326 331.195
 23698.7 9908.65 3701.62 1623.73 523.508
 44614.7 11398.6 4166.92 1556.65 902.986
 55967.7 21446.4 4779.13 1747.08 1031.26
 72936.5 27371.4 9835.73 2191.8 1274.2
 115250 35521.2 12282.7 4413.72 1555.34
 107896 55934.1 15654.4 5413.07 2630.6
pred_Ctot
 2951.3 4008.68 1507.51 179.275 0.0935962
 3196.26 5220.4 1116.68 419.939 49.9656
 2808.86 9332.64 2483.56 531.249 223.553
 905.404 1250.4 625.665 166.499 50.6023
 301.407 444.03 112.643 56.3632 19.5577
 2093.42 7024.25 1970.68 499.927 336.95
 2068.46 3155.28 1867.52 523.939 222.498
 3919.49 9431.67 2620.85 1551.2 620.007
 5191.53 9815.59 4082.39 1134.4 939.782
 4052.2 9514.31 3073.05 1278.11 649.384
 3829.33 17727.1 7285.98 2353.32 1476.06
 2108.28 7426.21 5431.99 2232.59 1173.41
 3391.42 6394.53 3612.72 2642.57 1656.96
 3182.4 9390.09 2545.06 1437.89 1711.24
 2357.11 4561.91 1524.82 413.284 511.376
 1220.63 1826.05 415.812 138.986 84.2815
 734.543 1912.13 456.667 103.988 55.8357
 540.6 1148.17 503.647 120.284 42.097
 536.576 1101.85 411.622 180.56 58.2144
 1028.12 1288.75 471.12 175.998 102.093
 610.783 1184.66 263.989 96.5051 56.9648
 1011.93 1907.56 685.47 152.75 88.8013
 1881.39 2894.45 1000.86 359.652 126.737
 1758.15 4549.91 1273.39 440.321 213.984
F
 0.0816515 0.425093 0.425093 0.425093 0.425093
 0.0680583 0.354324 0.354324 0.354324 0.354324
 0.0992897 0.51692 0.51692 0.51692 0.51692
 0.0188728 0.0982552 0.0982552 0.0982552 0.0982552
 0.00364848 0.0189947 0.0189947 0.0189947 0.0189947
 0.0357307 0.18602 0.18602 0.18602 0.18602
 0.0223617 0.116419 0.116419 0.116419 0.116419
 0.044109 0.229639 0.229639 0.229639 0.229639
 0.0488822 0.25449 0.25449 0.25449 0.25449
 0.0388825 0.20243 0.20243 0.20243 0.20243
 0.0803315 0.418221 0.418221 0.418221 0.418221
 0.0743538 0.3871 0.3871 0.3871 0.3871
 0.117396 0.611187 0.611187 0.611187 0.611187
 0.206409 1.07461 1.07461 1.07461 1.07461
 0.192617 1.0028 1.0028 1.0028 1.0028
 0.0762214 0.396823 0.396823 0.396823 0.396823
 0.0544627 0.283543 0.283543 0.283543 0.283543
 0.0369031 0.192124 0.192124 0.192124 0.192124
 0.0319295 0.166231 0.166231 0.166231 0.166231
 0.0325057 0.169231 0.169231 0.169231 0.169231
 0.0152774 0.0795372 0.0795372 0.0795372 0.0795372
 0.0194583 0.101304 0.101304 0.101304 0.101304
 0.0229299 0.119377 0.119377 0.119377 0.119377
 0.0228881 0.11916 0.11916 0.11916 0.11916
nmprior
 10 10 8 0
nm_flota  nm_reclas  nm_pelaces    nm_pelaL
inf 14.5905 19.3741 35.0483
cv_recla  cv_pelaces  cv_mph
0.741634 0.605285 1.19553
 ------------------------------------------------
Talla a la edad & desviación 
 7.2 14.2025 17.0495 18.207 18.6776
 1.08 2.13037 2.55742 2.73105 2.80164
