    unsorted:	 -1.004445880e-05 0.0008999977298 0.003546054640 1.060230877 13.99247394 21.64171229 37.71324004 65.11290512 110.4723285 140.4132224 288.6677524 360.5183987 412.5220267 502.6447060 586.8332490 649.6302277 674.1361170 757.0239285 778.9833682 797.0817447 885.4642178 901.7226541 979.6480781 1022.335153 1053.872391 1248.088463 1254.515738 1219.183772 1378.512432 1434.524669 1585.453805 1702.594666 1841.676565 2158.995828 2226.350484 2586.192941 2878.106237 36689.57656 204467.4499 218520.9020 491717.7101 466209.7238 415616.7961 582392.8190 617328.5017 646907.7988 686128.1940 707136.9918 789503.8930 793327.7318 922235.8583 1020299.704 1139776.732 1281626.990 1429613.537 1553558.773 1623020.255 1738678.699 2002601.016 2145333.834 2393134.912 2483105.481 6434518.963
      sorted:	 -1.004445880e-05 0.0008999977298 0.003546054640 1.060230877 13.99247394 21.64171229 37.71324004 65.11290512 110.4723285 140.4132224 288.6677524 360.5183987 412.5220267 502.6447060 586.8332490 649.6302277 674.1361170 757.0239285 778.9833682 797.0817447 885.4642178 901.7226541 979.6480781 1022.335153 1053.872391 1219.183772 1248.088463 1254.515738 1378.512432 1434.524669 1585.453805 1702.594666 1841.676565 2158.995828 2226.350484 2586.192941 2878.106237 36689.57656 204467.4499 218520.9020 415616.7961 466209.7238 491717.7101 582392.8190 617328.5017 646907.7988 686128.1940 707136.9918 789503.8930 793327.7318 922235.8583 1020299.704 1139776.732 1281626.990 1429613.537 1553558.773 1623020.255 1738678.699 2002601.016 2145333.834 2393134.912 2483105.481 6434518.963
