years
 1997 1998 1999 2000 2001 2002 2003 2004 2005 2006 2007 2008 2009 2010 2011 2012 2013 2014 2015 2016 2017 2018 2019 2020
reclasobs
 0 0 0 370054 412103 1.49427e+06 250295 1.28982e+06 931140 785840 897777 1.04006e+06 184774 17550 25797 100020 73551 82996 120727 218422 84188 347160 605670 569463
reclaspred
 379181 96250.9 255512 193559 317942 375722 833488 587457 710191 708969 573745 387689 238771 108552 74063.4 74495.1 92363.7 121661 124091 186201 279271 255884 433294 468146
pelacesobs
 0 0 0 0 0 0 0 0 0 2.06254e+06 1.5e+06 0 1.87456e+06 323000 250000 174000 83755 137374 0 501740 490994 745055 786931 1.00524e+06
pelacespred
 842631 193289 317233 365672 521285 510600 1.3266e+06 1.12214e+06 1.22991e+06 1.23066e+06 900385 630794 387757 145576 97659.4 105591 136988 183212 192559 279951 468145 418564 561015 720790
mphobs
 0 0 0 0 0 112323 0 153150 637223 0 255016 313432 73983 77613 109348 50772 0 0 0 0 0 0 0 0
mphpred
 144599 78705.9 87342.1 93964.4 112299 192228 283460 338997 308534 341450 351792 252129 155590 81962.4 38160.9 32184.6 38833.7 52816 63087.3 70881 112653 136807 170815 230572
desembarqueobs
 350755 77701 442110 56441 14545 235359 269955 359681 431902 328805 639364 411747 362871 311530 167758 66681 60226 58785 57116 71774 51957 67425 138520 160799
desembarquepred
 350752 77694 442017 56440.4 14545 235386 269977 359638 431874 328779 639379 411873 363032 311788 167729 66683.7 60240.6 58782 57108.3 71766.8 51955.6 67415.6 138511 160793
Reclutas
 38743.8 51658.3 27131.1 51034.9 89978.7 60417 101049 107920 143331 155689 68135.9 39644.7 43147.9 22738.7 17224.4 20418.6 16354.1 17150.1 19080.9 38769.1 48116.8 60323.3 91535.9 75368.4
log_desv_Rt
 -0.195275 0.0924053 -0.551563 0.0802653 0.647328 0.249025 0.763362 0.829148 1.11291 1.19562 0.369259 -0.172288 -0.0876121 -0.728178 -1.00592 -0.835796 -1.05776 -1.01024 -0.903555 -0.194622 0.0213868 0.247474 0.664486 0.470144
SSB
 607642 330741 367033 394861 471909 807791 1.19117e+06 1.42455e+06 1.29654e+06 1.43485e+06 1.47832e+06 1.05951e+06 653827 344426 160361 135248 163189 221946 265108 297859 473394 574895 717805 968922
BT
 1.78346e+06 479780 810116 714729 944906 1.09905e+06 2.56036e+06 2.41522e+06 2.5968e+06 2.51828e+06 2.18506e+06 1.50701e+06 1.05146e+06 560779 317344 244167 294568 375196 394282 559897 880436 812858 1.10001e+06 1.42463e+06
Ftot
 0.495259 0.483244 0.799634 0.167262 0.0284834 0.261882 0.168506 0.324606 0.342027 0.245232 0.460145 0.420898 0.673586 1.1935 1.17693 0.475695 0.343211 0.237958 0.21017 0.217682 0.0976295 0.122901 0.147934 0.154369
BD_Bspro_t
 0.937377 0.70463 0.635314 0.472904 0.642658 0.799264 0.759021 0.768849 0.723659 0.704369 0.686845 0.538561 0.425046 0.314831 0.195955 0.204961 0.308046 0.462203 0.56357 0.646056 0.761055 0.83354 0.838821 0.835377
BD_Bspro
 0.627089 0.341326 0.378779 0.407498 0.487011 0.833643 1.22929 1.47014 1.33803 1.48077 1.52563 1.09342 0.674752 0.355449 0.165493 0.139576 0.168411 0.229049 0.273593 0.307392 0.488544 0.593294 0.740777 0.99993
BD_Bo
 0.549247 0.298957 0.331761 0.356915 0.426558 0.730162 1.0767 1.28765 1.17194 1.29696 1.33625 0.957689 0.590994 0.311327 0.144951 0.12225 0.147506 0.200617 0.239631 0.269235 0.427901 0.519647 0.648823 0.875808
BD_Brms
 1.89425 1.03105 1.14418 1.23094 1.47112 2.5182 3.71333 4.44086 4.04181 4.473 4.60849 3.3029 2.03823 1.07371 0.499908 0.421619 0.508722 0.691891 0.826445 0.928542 1.47575 1.79217 2.23768 3.0205
S_f
 0.178149 1 1 1 1
 0.178149 1 1 1 1
 0.178149 1 1 1 1
 0.178149 1 1 1 1
 0.178149 1 1 1 1
 0.178149 1 1 1 1
 0.178149 1 1 1 1
 0.178149 1 1 1 1
 0.178149 1 1 1 1
 0.178149 1 1 1 1
 0.178149 1 1 1 1
 0.178149 1 1 1 1
 0.178149 1 1 1 1
 0.178149 1 1 1 1
 0.178149 1 1 1 1
 0.178149 1 1 1 1
 0.178149 1 1 1 1
 0.178149 1 1 1 1
 0.178149 1 1 1 1
 0.178149 1 1 1 1
 0.178149 1 1 1 1
 0.178149 1 1 1 1
 0.178149 1 1 1 1
 0.178149 1 1 1 1
Scru_reclas
 1 1 1 1 1
 1 1 1 1 1
 1 1 1 1 1
 1 1 1 1 1
 1 1 1 1 1
 1 1 1 1 1
 1 1 1 1 1
 1 1 1 1 1
 1 1 1 1 1
 1 1 1 1 1
 1 1 1 1 1
 1 1 1 1 1
 1 1 1 1 1
 1 1 1 1 1
 1 1 1 1 1
 1 1 1 1 1
 1 1 1 1 1
 1 1 1 1 1
 1 1 1 1 1
 1 1 1 1 1
 1 1 1 1 1
 1 1 1 1 1
 1 1 1 1 1
 1 1 1 1 1
Scru_pelaces
 1 1 1 1 1
 1 1 1 1 1
 1 1 1 1 1
 1 1 1 1 1
 1 1 1 1 1
 1 1 1 1 1
 1 1 1 1 1
 1 1 1 1 1
 1 1 1 1 1
 1 1 1 1 1
 1 1 1 1 1
 1 1 1 1 1
 1 1 1 1 1
 1 1 1 1 1
 1 1 1 1 1
 1 1 1 1 1
 1 1 1 1 1
 1 1 1 1 1
 1 1 1 1 1
 1 1 1 1 1
 1 1 1 1 1
 1 1 1 1 1
 1 1 1 1 1
 1 1 1 1 1
pf_obs 
 0.256992 0.487395 0.22802 0.0275931 0
 0.321318 0.546541 0.124235 0.00734118 0.000564706
 0.182869 0.594174 0.210203 0.0122559 0.00049798
 0.330522 0.361315 0.267642 0.0388342 0.00168674
 0.649043 0.306663 0.0425973 0.00169635 0
 0.582887 0.30429 0.105238 0.00758474 0
 0.465427 0.430635 0.0974691 0.00646863 0
 0.296916 0.608066 0.0921331 0.00288517 0
 0.311714 0.524322 0.152257 0.0117073 0
 0.15457 0.633149 0.183074 0.0267441 0.00246327
 0.131901 0.49318 0.331252 0.0422183 0.00144891
 0.196976 0.569456 0.194076 0.0375587 0.00193317
 0.518974 0.381816 0.0799577 0.0180837 0.00116848
 0.0928022 0.601141 0.25162 0.0475244 0.00691264
 0.122501 0.610282 0.24278 0.0234846 0.000952079
 0.383417 0.481906 0.127806 0.00687128 0
 0.0376549 0.599619 0.316969 0.0457579 0
 0.0361596 0.667082 0.258105 0.0386534 0
 0.158088 0.579412 0.248529 0.0139706 0
 0.0477256 0.309471 0.559284 0.082774 0.000745712
 0.0406174 0.521527 0.379366 0.0568643 0.0016247
 0.151134 0.462217 0.34131 0.0453401 0
 0.294876 0.26143 0.354403 0.0886775 0.000613685
 0.281977 0.475581 0.204845 0.0348837 0.00271318
pf_pred 
 0.285819 0.499183 0.191776 0.0232111 1.08029e-05
 0.313499 0.508009 0.124759 0.04793 0.00580377
 0.169823 0.633838 0.14529 0.0356809 0.0153678
 0.342037 0.414093 0.186194 0.0426798 0.0149959
 0.333287 0.506216 0.10101 0.0454183 0.0140688
 0.164204 0.618313 0.165129 0.0329496 0.0194048
 0.270331 0.404915 0.240249 0.0641618 0.0203426
 0.234454 0.529934 0.130748 0.0775773 0.0272867
 0.275128 0.483506 0.167081 0.0412232 0.0330623
 0.244014 0.540216 0.143924 0.0497345 0.0221123
 0.114153 0.593702 0.208762 0.0556182 0.0277647
 0.110513 0.42149 0.313655 0.11029 0.0440515
 0.19547 0.370051 0.205881 0.153208 0.0753897
 0.169296 0.543273 0.132207 0.0735542 0.0816701
 0.248509 0.508042 0.159214 0.038745 0.0454907
 0.322542 0.521923 0.105149 0.0329524 0.0174342
 0.21362 0.605735 0.139171 0.028038 0.0134356
 0.218324 0.501799 0.215585 0.0495317 0.0147607
 0.222198 0.495213 0.181409 0.0779377 0.0232428
 0.343074 0.419669 0.151058 0.0553362 0.0308636
 0.268183 0.559429 0.110128 0.0396399 0.0226202
 0.246155 0.514683 0.182824 0.0359903 0.0203469
 0.279086 0.475732 0.167397 0.0594622 0.0183233
 0.183115 0.571394 0.162 0.0570032 0.0264881
pobs_RECLAS
 0 0 0 0 0
 0 0 0 0 0
 0 0 0 0 0
 0 0 0 0 0
 0.835266 0.146461 0.0176864 0.000547809 3.91292e-05
 0.385257 0.428462 0.181853 0.0044286 0
 0.867414 0.0963971 0.0333333 0.00285562 0
 0.441836 0.489002 0.0689373 0.000224442 0
 0.779404 0.147425 0.0564933 0.0165055 0.000172143
 0.814271 0.122319 0.05973 0.00367925 0
 0.40263 0.566651 0.0304383 0.000280538 0
 0.475488 0.404961 0.113038 0.00651328 0
 0.955842 0.0263864 0.0167828 0.000988607 0
 0.975058 0.0227948 0.00214734 0 0
 0.738997 0.206755 0.0527124 0.00153531 0
 0.850938 0.134255 0.0134407 0.00136685 0
 0.542534 0.407297 0.0501686 0 0
 0.764087 0.199537 0.0359546 0.000420521 0
 0.470689 0.182191 0.310203 0.0369168 0
 0.84361 0.089868 0.0606195 0.00523954 0.000663233
 0.607945 0.314616 0.071237 0.00620181 0
 0.523733 0.453247 0.0230204 0 0
 0.530135 0.295979 0.169645 0.0042399 0
 0.562478 0.366248 0.0663022 0.0049721 0
ppred_RECLAS
 0.698978 0.210402 0.0808323 0.00978332 4.55336e-06
 0.725792 0.202913 0.0498322 0.0191446 0.00231819
 0.550048 0.343537 0.0787462 0.0193389 0.00832925
 0.746486 0.159551 0.0717409 0.0164446 0.00577793
 0.73753 0.199286 0.0397653 0.0178802 0.00553858
 0.528219 0.349019 0.0932101 0.018599 0.0109534
 0.677284 0.179084 0.106257 0.0283773 0.00899707
 0.636767 0.251441 0.062037 0.0368086 0.0129469
 0.685078 0.21006 0.0725888 0.0179095 0.014364
 0.647565 0.251844 0.067096 0.0231858 0.0103086
 0.427086 0.383972 0.135015 0.0359706 0.0179566
 0.417398 0.27607 0.20544 0.0722385 0.0288532
 0.589001 0.189043 0.105176 0.0782674 0.0385133
 0.560998 0.287104 0.0698672 0.0388712 0.0431602
 0.67415 0.220289 0.0690359 0.0168 0.019725
 0.733888 0.205016 0.0413036 0.012944 0.00684833
 0.608929 0.301235 0.0692103 0.0139434 0.00668159
 0.613775 0.247938 0.10652 0.0244735 0.00729324
 0.618681 0.242779 0.0889359 0.038209 0.0113948
 0.747952 0.161018 0.0579575 0.0212313 0.0118417
 0.673991 0.249214 0.0490595 0.0176587 0.0100768
 0.648476 0.240001 0.0852524 0.0167826 0.00948793
 0.686548 0.206847 0.0727838 0.0258541 0.00796692
 0.559227 0.308311 0.0874113 0.0307576 0.0142924
pobs_PELACES
 0 0 0 0 0
 0 0 0 0 0
 0 0 0 0 0
 0 0 0 0 0
 0 0 0 0 0
 0 0 0 0 0
 0 0 0 0 0
 0 0 0 0 0
 0 0 0 0 0
 0 0 0 0 0
 0.450072 0.473896 0.0757376 0.000293798 0
 0 0 0 0 0
 0.463077 0.371075 0.160297 0.00555027 0
 0.529543 0.364841 0.0842815 0.0213345 0
 0.631943 0.363953 0.00410389 0 0
 0.735681 0.248677 0.0153453 0.000297389 0
 0.695825 0.281241 0.0229344 0 0
 0.275771 0.60734 0.115278 0.00161068 0
 0 0 0 0 0
 0.896147 0.0623911 0.0374545 0.00400742 0
 0.803859 0.145111 0.0509908 3.86294e-05 0
 0.739449 0.233085 0.0266225 0.000797448 4.60066e-05
 0.878498 0.100942 0.0204185 0.000141795 0
 0.694673 0.275183 0.0284847 0.00165964 0
ppred_PELACES
 0.726464 0.19119 0.0734516 0.00889001 4.1376e-06
 0.751091 0.184192 0.0452347 0.0173783 0.00210431
 0.602941 0.303154 0.0694894 0.0170655 0.00735013
 0.754974 0.154209 0.0693388 0.015894 0.00558447
 0.739022 0.198153 0.0395392 0.0177785 0.00550709
 0.545876 0.335956 0.0897216 0.0179029 0.0105435
 0.687191 0.173587 0.102995 0.0275061 0.00872088
 0.656874 0.237522 0.0586028 0.034771 0.0122302
 0.704739 0.196946 0.0680569 0.0167914 0.0134672
 0.662591 0.241107 0.0642354 0.0221973 0.00986908
 0.457862 0.363346 0.127762 0.0340383 0.016992
 0.445391 0.262806 0.195569 0.0687676 0.0274668
 0.632398 0.169082 0.0940701 0.0700031 0.0344467
 0.63851 0.236411 0.0575312 0.0320079 0.0355397
 0.740046 0.17574 0.0550748 0.0134026 0.015736
 0.758313 0.186199 0.0375125 0.011756 0.00621976
 0.630857 0.284345 0.0653296 0.0131616 0.00630694
 0.628957 0.238192 0.102333 0.0235115 0.00700655
 0.632035 0.234277 0.0858215 0.036871 0.0109958
 0.758918 0.154012 0.0554359 0.0203075 0.0113265
 0.679782 0.244787 0.0481881 0.017345 0.00989781
 0.656037 0.234839 0.0834189 0.0164216 0.00928388
 0.695117 0.201193 0.0707941 0.0251473 0.00774912
 0.56952 0.301112 0.0853701 0.0300394 0.0139586
pobs_pel_tallas
 0 0 0 0 0 0 0 0 0 0 0 0 0 0 0 0 0 0 0 0 0 0 0 0 0 0 0 0 0 0 0 0 0 0 0 0
 0 0 0 0 0 0 0 0 0 0 0 0 0 0 0 0 0 0 0 0 0 0 0 0 0 0 0 0 0 0 0 0 0 0 0 0
 0 0 0 0 0 0 0 0 0 0 0 0 0 0 0 0 0 0 0 0 0 0 0 0 0 0 0 0 0 0 0 0 0 0 0 0
 0 0 0 0 0 0 0 0 0 0 0 0 0 0 0 0 0 0 0 0 0 0 0 0 0 0 0 0 0 0 0 0 0 0 0 0
 0 0 0 0 0 0 0 0 0 0 0 0 0 0 0 0 0 0 0 0 0 0 0 0 0 0 0 0 0 0 0 0 0 0 0 0
 0 0 0 0 0 0 0 0 0 0 0 0 0 0 0 0 0 0 0 0 0 0 0 0 0 0 0 0 0 0 0 0 0 0 0 0
 0 0 0 0 0 0 0 0 0 0 0 0 0 0 0 0 0 0 0 0 0 0 0 0 0 0 0 0 0 0 0 0 0 0 0 0
 0 0 0 0 0 0 0 0 0 0 0 0 0 0 0 0 0 0 0 0 0 0 0 0 0 0 0 0 0 0 0 0 0 0 0 0
 0 0 0 0 0 0 0 0 0 0 0 0 0 0 0 0 0 0 0 0 0 0 0 0 0 0 0 0 0 0 0 0 0 0 0 0
 0 0 0 0 0 0 0 0 0 0 0 0 0 0 0 0 0 0 0 0 0 0 0 0 0 0 0 0 0 0 0 0 0 0 0 0
 0 0 0 0 0 0 0 0 1.78061e-05 0.00172719 0.00360574 0.0105946 0.0120993 0.0124554 0.0147524 0.0171206 0.0266825 0.0428682 0.0675386 0.121331 0.153587 0.119568 0.100827 0.0573624 0.0630603 0.0341343 0.0324427 0.0444173 0.0211091 0.0280891 0.0125444 0.00206551 0 0 0 0
 0 0 0 0 0 0 0 0 0 0 0 0 0 0 0 0 0 0 0 0 0 0 0 0 0 0 0 0 0 0 0 0 0 0 0 0
 0 0 0 0 0 0 0.0133647 0.0140871 0.0187388 0.0205184 0.03894 0.0496705 0.03968 0.0493445 0.0407372 0.0367815 0.0215668 0.0243155 0.0234873 0.0199281 0.019796 0.0243948 0.0301388 0.0376714 0.0412746 0.0863199 0.0771752 0.113111 0.0741005 0.0525337 0.0229764 0.00759418 0.00175318 0 0 0
 0 0 0 0 0 0 0 0 0 0 0.00219441 0.00772107 0.0458388 0.0604681 0.0671733 0.0775358 0.0609151 0.0617685 0.073594 0.0568108 0.0755445 0.0548602 0.0670107 0.0636378 0.0643287 0.046367 0.0373049 0.0286899 0.0247887 0.0153202 0.00654259 0.00121912 0.000365735 0 0 0
 0 0 0 0 0 0 0 0 0 0 0 0 0.000112435 0.00938835 0.0111873 0.0202946 0.0414886 0.0713402 0.111592 0.104902 0.108894 0.110636 0.117776 0.105296 0.107544 0.0401394 0.0192827 0.0124803 0.00416011 0.0028671 0.000618394 0 0 0 0 0
 0 0 0 0 0 0 0 0 0 0 0.00291406 0.0102884 0.027416 0.0768956 0.0749926 0.110853 0.0956884 0.0897413 0.0766577 0.0534642 0.0500743 0.0551293 0.0594112 0.0620874 0.0668451 0.0424026 0.0208742 0.0120726 0.0048766 0.00582813 0.00118941 0.000297354 0 0 0 0
 0 0.00264628 0.0354308 0.0461629 0.0458689 0.0383711 0.0214643 0.0164657 0.0346957 0.0420465 0.0363128 0.0245516 0.0311673 0.0291091 0.0169068 0.0133784 0.00837989 0.0085269 0.0148486 0.0160247 0.0276389 0.0546898 0.0760071 0.122758 0.109233 0.0665981 0.0333725 0.0166128 0.00676272 0.00308733 0.000882094 0 0 0 0 0
 0 0 0 0 0 0 0 0.000805153 0.000690131 0.00759144 0.0133425 0.0154129 0.00931677 0.000345066 0.00356568 0.00563607 0.00851162 0.0253048 0.0502646 0.0516448 0.0657925 0.0565908 0.0611916 0.0827007 0.0866115 0.110766 0.145733 0.0935128 0.0569358 0.0249597 0.0138026 0.00621118 0.00161031 0.00115022 0 0
 0 0 0 0 0 0 0 0 0 0 0 0 0 0 0 0 0 0 0 0 0 0 0 0 0 0 0 0 0 0 0 0 0 0 0 0
 0.00147267 0.00158595 0.00478618 0.00569244 0.00954404 0.0108468 0.00647125 0.017049 0.0510054 0.094081 0.124002 0.0959785 0.0687766 0.0820023 0.061753 0.0591476 0.0492212 0.0479892 0.0443925 0.0268479 0.0217502 0.0140895 0.0121071 0.0120363 0.00920419 0.00665534 0.0049561 0.00860946 0.00930331 0.0156896 0.0114698 0.00855282 0.00243557 0.00046729 0 2.83206e-05
 0 0 0 0 0.000772559 0.00158375 0.000888443 0.00281984 0.00712685 0.0440552 0.0773331 0.111326 0.0921469 0.0852325 0.0710754 0.0886704 0.0786465 0.0553345 0.0373146 0.0185414 0.00753245 0.00457741 0.012979 0.0271748 0.0457355 0.0583668 0.034881 0.0177882 0.00938659 0.00492506 0.0015258 0.00185414 0.000309023 5.79419e-05 3.86279e-05 0
 0 0.00173294 0.00326652 0 0.00397197 0.00683976 0.00946217 0.0152591 0.00757587 0.0136028 0.0228656 0.0392903 0.0559909 0.0764795 0.0681675 0.0726916 0.0566044 0.0477403 0.0527397 0.0444891 0.0609904 0.0582453 0.0661739 0.0445044 0.0529084 0.0360697 0.0280645 0.0235558 0.0158879 0.00826598 0.00280645 0.00217768 0.000904811 0.00058276 9.20147e-05 0
 0 0 0 0 0 0 0 0 0 0 0 0 0 0 0 0 0 0 0 0 0 0 0 0 0 0 0 0 0 0 0 0 0 0 0 0
 0 0 0 0 0 0 0 0 0 0 0 0 0 0 0 0 0 0 0 0 0 0 0 0 0 0 0 0 0 0 0 0 0 0 0 0
ppred_pel_tallas
 1.01411e-16 3.16978e-05 0.000186037 0.00088433 0.00340471 0.0106173 0.0268184 0.0548742 0.0909608 0.12216 0.132941 0.117278 0.083984 0.0490792 0.0239421 0.0107577 0.00607994 0.00584562 0.00755921 0.0101089 0.0130095 0.0159339 0.0185646 0.0206013 0.0218151 0.0220969 0.0214766 0.0201054 0.0182107 0.0160383 0.0138029 0.0116591 0.0096961 0.00794982 0.00642297 0.00510353
 1.01398e-16 3.27713e-05 0.00019234 0.000914298 0.00352009 0.0109771 0.0277273 0.0567338 0.0940428 0.126298 0.13744 0.121238 0.0867989 0.0506826 0.024646 0.0109397 0.00599176 0.00559276 0.00715748 0.00953689 0.0122375 0.0149372 0.0173303 0.0191326 0.0201335 0.0202416 0.019502 0.0180774 0.0162012 0.014119 0.0120394 0.0101047 0.00838736 0.00690356 0.00563598 0.00455478
 1.02016e-16 2.63161e-05 0.000154432 0.000734052 0.00282606 0.00881274 0.0222605 0.0455492 0.0755079 0.10142 0.110405 0.09748 0.0699861 0.0412616 0.020805 0.0104941 0.00753187 0.00858956 0.0115982 0.0155752 0.0199864 0.0243655 0.02822 0.0310842 0.0326139 0.0326635 0.0313149 0.0288451 0.0256484 0.022139 0.0186681 0.015475 0.0126795 0.0103053 0.00831689 0.00665617
 1.01842e-16 3.29394e-05 0.00019333 0.00091901 0.00353825 0.0110337 0.0278702 0.0570261 0.0945265 0.126945 0.138137 0.121837 0.0871941 0.0508449 0.0245977 0.0107042 0.00556438 0.00494324 0.00624824 0.00834441 0.0107708 0.0132506 0.0155275 0.017359 0.0185572 0.0190258 0.0187763 0.0179146 0.0166055 0.0150292 0.0133437 0.011663 0.0100553 0.00855254 0.00716648 0.00590167
 1.01495e-16 3.22456e-05 0.000189253 0.000899617 0.00346356 0.0108008 0.027282 0.0558228 0.0925333 0.124272 0.135239 0.119306 0.085436 0.0499277 0.024355 0.0109395 0.00617325 0.00591876 0.00763147 0.0101727 0.0130407 0.015895 0.0184085 0.0202774 0.0212789 0.02132 0.0204565 0.0188705 0.0168195 0.0145726 0.0123557 0.0103207 0.0085407 0.00702605 0.00574999 0.00467245
 1.02491e-16 2.38292e-05 0.000139828 0.000664618 0.00255871 0.00797901 0.0201546 0.0412406 0.0683674 0.0918351 0.0999863 0.0883175 0.0634879 0.0375915 0.0192529 0.010202 0.00793638 0.00946531 0.0129215 0.0173956 0.0223529 0.0272916 0.0316692 0.0349681 0.0368024 0.0370029 0.0356501 0.0330394 0.0295959 0.0257692 0.021942 0.0183778 0.0152129 0.0124804 0.0101516 0.00817313
 1.02872e-16 2.99846e-05 0.000175981 0.000836526 0.00322065 0.0100433 0.0253686 0.0519077 0.0860434 0.115556 0.125753 0.110937 0.0794414 0.046422 0.0226424 0.0101715 0.00575353 0.0055524 0.00721933 0.00971915 0.0126134 0.0156139 0.0184384 0.020812 0.0225138 0.0234183 0.0235145 0.0228927 0.0217089 0.020139 0.0183412 0.0164349 0.0144994 0.0125844 0.0107256 0.00895538
 1.02676e-16 2.86651e-05 0.000168229 0.000799658 0.00307868 0.00960055 0.0242503 0.0496201 0.0822535 0.110472 0.120237 0.106108 0.0760662 0.0446157 0.02207 0.0104342 0.00662138 0.00697852 0.0092522 0.0124134 0.0159686 0.0195398 0.0227432 0.0252161 0.0266872 0.0270358 0.0263132 0.0247178 0.0225355 0.0200661 0.0175609 0.0151882 0.01303 0.011102 0.00938326 0.00784339
 1.02237e-16 3.07507e-05 0.000180476 0.000857892 0.00330291 0.0102998 0.0260165 0.0532336 0.0882417 0.11851 0.128971 0.113783 0.0814962 0.047656 0.0233051 0.0105689 0.00611061 0.0059933 0.0077983 0.010445 0.0134556 0.0165011 0.0192592 0.021425 0.0227665 0.0231737 0.0226775 0.0214304 0.0196597 0.0176077 0.0154817 0.0134261 0.0115183 0.00978412 0.00821991 0.00681278
 1.02215e-16 2.89146e-05 0.000169693 0.000806619 0.00310548 0.00968412 0.0244614 0.050052 0.0829695 0.111434 0.121284 0.107033 0.0767305 0.0450082 0.0222694 0.0105368 0.00669695 0.00706447 0.00936513 0.0125586 0.0161436 0.0197341 0.0229378 0.0253838 0.0267953 0.027049 0.0261989 0.0244506 0.0221015 0.0194648 0.0168062 0.0143069 0.012059 0.0100842 0.0083631 0.00686235
 1.03896e-16 1.99925e-05 0.000117301 0.000557515 0.00214633 0.006693 0.0169063 0.0345946 0.0573525 0.0770472 0.0839071 0.0741653 0.0534245 0.0318546 0.0167247 0.00952777 0.00820899 0.0102954 0.0142354 0.0192475 0.0248234 0.0304436 0.0355285 0.0395167 0.0419792 0.0427116 0.0417695 0.0394344 0.0361256 0.0322923 0.0283199 0.0244786 0.0209157 0.0176829 0.0147768 0.0121755
 1.06509e-16 1.94448e-05 0.000114094 0.000542289 0.00208774 0.00651032 0.0164447 0.0336495 0.0557833 0.0749321 0.0815849 0.0720685 0.051818 0.0307053 0.0157742 0.00844804 0.00670408 0.00813031 0.0112421 0.0153457 0.0200589 0.0250232 0.0298317 0.0340691 0.0373867 0.0395646 0.0405414 0.040397 0.0393051 0.0374725 0.0350898 0.0323077 0.0292387 0.0259741 0.0226045 0.0192305
 1.05406e-16 2.75951e-05 0.000161953 0.000769836 0.00296389 0.00924258 0.023346 0.0477694 0.079184 0.106345 0.115733 0.102105 0.0731335 0.0427701 0.0209261 0.00951302 0.00554447 0.00550063 0.00723031 0.0097896 0.0127809 0.0159417 0.0190107 0.0217306 0.0238895 0.0253599 0.0261137 0.026209 0.0257561 0.0248768 0.0236728 0.0222122 0.0205353 0.0186704 0.0166521 0.0145323
 1.03655e-16 2.78643e-05 0.000163527 0.000777307 0.00299263 0.00933219 0.0235725 0.0482331 0.0799546 0.107385 0.116879 0.103148 0.0739527 0.0433929 0.0214966 0.0102164 0.00655572 0.00696735 0.00926389 0.0124464 0.0160345 0.0196578 0.0229391 0.0255209 0.0271355 0.0276623 0.0271484 0.0257838 0.0238418 0.0216059 0.0193101 0.0171056 0.0150603 0.0131803 0.0114409 0.0098147
 1.02035e-16 3.22893e-05 0.000189512 0.000900852 0.00346833 0.0108157 0.0273195 0.0558994 0.0926596 0.12444 0.135417 0.119451 0.085515 0.0499234 0.0242594 0.0107397 0.00584452 0.00542771 0.00694578 0.00927335 0.011934 0.014622 0.0170479 0.0189406 0.0200957 0.0204184 0.0199404 0.0188025 0.0172109 0.0153844 0.0135086 0.0117107 0.0100562 0.00856322 0.00722312 0.00601931
 1.01288e-16 3.30862e-05 0.000194189 0.000923088 0.00355394 0.0110826 0.0279938 0.0572792 0.094947 0.127512 0.138761 0.122402 0.0876316 0.0511664 0.0248763 0.0110329 0.00602841 0.00561136 0.00716942 0.00954001 0.0122224 0.0148894 0.0172315 0.0189628 0.0198738 0.0198779 0.0190287 0.0174994 0.0155347 0.0133903 0.0112816 0.00935369 0.00767676 0.00626113 0.00508086 0.00409648
 1.01768e-16 2.75326e-05 0.000161576 0.000768018 0.00295685 0.00922059 0.0232906 0.0476568 0.0790007 0.106109 0.115501 0.10196 0.0731607 0.043049 0.0215502 0.0106139 0.00729799 0.00810858 0.0108787 0.0145923 0.0187185 0.0228124 0.0264102 0.0290745 0.0304823 0.0304975 0.0291981 0.0268455 0.0238119 0.0204885 0.0172072 0.0141949 0.0115656 0.00934207 0.00749094 0.0059562
 1.02666e-16 2.7448e-05 0.000161083 0.000765684 0.00294787 0.00919263 0.0232199 0.0475119 0.0787592 0.105781 0.115134 0.101614 0.0728637 0.0427765 0.0212342 0.0101652 0.00662384 0.00712234 0.00951114 0.0128086 0.0165396 0.0203311 0.023797 0.0265648 0.0283459 0.0289948 0.0285339 0.0271322 0.0250501 0.0225714 0.0199438 0.0173459 0.0148828 0.0126015 0.0105161 0.00862869
 1.03076e-16 2.7582e-05 0.00016187 0.000769427 0.00296229 0.00923757 0.0233335 0.0477441 0.079144 0.106297 0.115695 0.102105 0.0732084 0.0429637 0.0212986 0.0101482 0.00654914 0.00699398 0.00932151 0.0125467 0.0161965 0.0199045 0.0232935 0.0260015 0.0277504 0.0284035 0.0279884 0.0266749 0.0247196 0.0223977 0.0199446 0.0175243 0.0152268 0.0130853 0.0111035 0.00927728
 1.02065e-16 3.31113e-05 0.00019434 0.000923809 0.00355673 0.0110913 0.0280158 0.0573239 0.0950201 0.127608 0.138858 0.122472 0.0876454 0.0511024 0.0247116 0.0107349 0.00555178 0.00490331 0.00618162 0.00824461 0.0106288 0.0130571 0.0152752 0.0170444 0.0181827 0.018601 0.0183191 0.0174498 0.0161631 0.0146407 0.0130376 0.0114611 0.00996906 0.00858174 0.00729941 0.00611754
 1.01823e-16 2.96643e-05 0.000174094 0.000827542 0.00318604 0.00993534 0.025096 0.0513504 0.0851217 0.114324 0.124428 0.109805 0.0787113 0.046157 0.0228129 0.010751 0.00677273 0.00709251 0.00937227 0.0125404 0.0160799 0.0195943 0.0226835 0.0249732 0.0261886 0.0262162 0.0251261 0.0231453 0.020594 0.0178065 0.0150634 0.0125529 0.0103651 0.00851183 0.00695829 0.00565278
 1.02259e-16 2.86286e-05 0.000168014 0.000798638 0.00307476 0.00958831 0.0242194 0.0495568 0.0821486 0.110331 0.120083 0.105972 0.075968 0.0445568 0.0220387 0.0104167 0.00660864 0.00696761 0.00924548 0.0124176 0.0159945 0.0196012 0.0228549 0.0253906 0.0269305 0.0273432 0.0266665 0.0250854 0.0228752 0.0203314 0.0177087 0.0151865 0.0128638 0.0107759 0.00892058 0.00728137
 1.02297e-16 3.03313e-05 0.000178014 0.000846184 0.00325783 0.0101592 0.0256614 0.0525071 0.0870377 0.116893 0.127214 0.112237 0.0803983 0.047033 0.0230361 0.0105076 0.00615988 0.00611301 0.00798261 0.0107013 0.0137928 0.0169243 0.0197672 0.0220098 0.0234142 0.023866 0.0233941 0.0221514 0.0203666 0.0182842 0.0161143 0.0140034 0.0120315 0.0102271 0.00858973 0.00710989
 1.02995e-16 2.48587e-05 0.000145876 0.000693377 0.00266945 0.00832436 0.0210269 0.0430251 0.0713242 0.0958024 0.104294 0.0920947 0.0661425 0.0390417 0.0197717 0.0101161 0.00744342 0.00861974 0.0116981 0.0157523 0.020273 0.0248065 0.0288689 0.0319975 0.0338446 0.0342529 0.0332842 0.0311889 0.028331 0.0250954 0.0218086 0.0186938 0.0158659 0.0133542 0.0111391 0.00918494
pSPR Fmed_Fpbrs
0.646645   0.339954 0.339954
Fs Fmed_Fpbrs
0.287028   1.005 1.005
SSBpbr Bo_Bmed_Bpbrs
1.10632e+06  660079  320782 320782
Ro
47098.7
SPR SPRFo_SPRFmed_SPRFpbrs
968989 626592 329412
log_Ro
10.58
likeval ReclasPelacesDesembMPH_pf_preclas_ppelaces_ptallas_desvR_qrecl_qpela
 67.8233 33.3536 0.00609465 0.000173429 285.997 168.279 80.431 0 15.1515 5.62998e-05 0 0 0 0 0
q_reclas_q_pelaces
0.345331 1
M
0.7
N
 38743.8 14294.6 5491.72 664.675 0.309354
 51658.3 17614.8 4325.92 1661.94 201.241
 27131.1 23536.7 5395.13 1324.96 570.66
 51034.9 11684.1 5253.67 1204.26 423.125
 89978.7 24599.2 4908.49 2207.07 683.663
 60417 44455.9 11872.6 2369.03 1395.18
 101049 28634.6 16989.9 4537.37 1438.58
 107920 48695.5 12014.4 7128.57 2507.38
 143331 50580.4 17478.7 4312.44 3458.7
 155689 66968.6 17841.7 6165.41 2741.19
 68135.9 74008 26023.3 6933.09 3461.01
 39644.7 31172.3 23197.1 8156.76 3257.93
 43147.9 18264.8 10161.8 7561.96 3721.04
 22738.7 19003.7 4624.59 2572.93 2856.82
 17224.4 9128.91 2860.89 696.203 817.415
 20418.6 6935.53 1397.26 437.885 231.673
 16354.1 9315.73 2140.34 431.202 206.629
 17150.1 7639.54 3282.13 754.086 224.722
 19080.9 8163.02 2990.32 1284.71 383.131
 38769.1 9127.1 3285.26 1203.47 671.234
 48116.8 18519.8 3645.77 1312.28 748.84
 60323.3 23482.1 8341.25 1642.04 928.317
 91535.9 29306.9 10312.3 3663.11 1128.78
 75368.4 44273.1 12552.1 4416.75 2052.36
pred_Ctot
 2365.05 4130.56 1586.88 192.064 0.0893906
 3079.76 4990.59 1225.61 470.856 57.0153
 2612 9748.86 2234.65 548.796 236.367
 1079.37 1306.76 587.575 134.685 47.3226
 327.618 497.605 99.2914 44.6457 13.8295
 1985.89 7477.92 1997.08 398.494 234.683
 2152.83 3224.62 1913.27 510.965 162.003
 4375.48 9889.84 2440.08 1447.78 509.236
 6114.71 10745.9 3713.38 916.186 734.808
 4798.34 10622.9 2830.14 977.99 434.821
 3874.89 20153 7086.34 1887.94 942.46
 2068.59 7889.47 5871.01 2064.41 824.558
 3533.25 6688.94 3721.45 2769.35 1362.72
 3170.78 10175.1 2476.12 1377.61 1529.62
 2371.47 4848.13 1519.34 369.736 434.108
 1199 1940.17 390.876 122.496 64.8092
 700.042 1985.02 456.069 91.8817 44.029
 513.18 1179.5 506.74 116.426 34.6956
 505.378 1126.34 412.606 177.266 52.8647
 1062.91 1300.22 468.007 171.443 95.6219
 597.247 1245.85 245.256 88.2785 50.3754
 940.714 1966.93 698.687 137.542 77.7585
 1714.83 2923.11 1028.56 365.363 112.586
 1472.62 4595.2 1302.81 458.424 213.019
F
 0.0882297 0.495259 0.495259 0.495259 0.495259
 0.0860893 0.483244 0.483244 0.483244 0.483244
 0.142454 0.799634 0.799634 0.799634 0.799634
 0.0297975 0.167262 0.167262 0.167262 0.167262
 0.00507428 0.0284834 0.0284834 0.0284834 0.0284834
 0.0466539 0.261882 0.261882 0.261882 0.261882
 0.0300192 0.168506 0.168506 0.168506 0.168506
 0.0578282 0.324606 0.324606 0.324606 0.324606
 0.0609316 0.342027 0.342027 0.342027 0.342027
 0.0436878 0.245232 0.245232 0.245232 0.245232
 0.0819742 0.460145 0.460145 0.460145 0.460145
 0.0749824 0.420898 0.420898 0.420898 0.420898
 0.119999 0.673586 0.673586 0.673586 0.673586
 0.212621 1.1935 1.1935 1.1935 1.1935
 0.209669 1.17693 1.17693 1.17693 1.17693
 0.0847444 0.475695 0.475695 0.475695 0.475695
 0.0611426 0.343211 0.343211 0.343211 0.343211
 0.0423918 0.237958 0.237958 0.237958 0.237958
 0.0374415 0.21017 0.21017 0.21017 0.21017
 0.0387797 0.217682 0.217682 0.217682 0.217682
 0.0173926 0.0976295 0.0976295 0.0976295 0.0976295
 0.0218947 0.122901 0.122901 0.122901 0.122901
 0.0263542 0.147934 0.147934 0.147934 0.147934
 0.0275006 0.154369 0.154369 0.154369 0.154369
nmprior
 10 10 8 0
nm_flota  nm_reclas  nm_pelaces    nm_pelaL
inf 16.9757 18.7108 33.6133
cv_recla  cv_pelaces  cv_mph
0.762458 0.679573 0.427267
 ------------------------------------------------
Talla a la edad & desviación 
 7.2 14.2025 17.0495 18.207 18.6776
 1.08 2.13037 2.55742 2.73105 2.80164
