years
 1997 1998 1999 2000 2001 2002 2003 2004 2005 2006 2007 2008 2009 2010 2011 2012 2013 2014 2015 2016 2017 2018 2019 2020
reclasobs
 0 0 0 370054 412103 1.49427e+06 250295 1.28982e+06 931140 785840 897777 1.04006e+06 184774 17550 25797 100020 73551 82996 120727 218422 84188 347160 605670 569463
reclaspred
 3.6338e+06 439554 612225 171850 226472 295373 490364 441283 678244 1.15733e+06 1.30891e+06 841644 448264 199682 128199 117708 124122 154318 136619 190483 378740 376536 516643 343966
pelacesobs
 0 0 0 0 0 0 0 0 0 2.06254e+06 1.5e+06 0 1.87456e+06 323000 250000 174000 83755 137374 0 501740 490994 745055 786931 1.00524e+06
pelacespred
 1.5525e+06 623785 192157 127029 130487 121756 254623 247916 370861 668000 674716 447665 242252 85471.9 53460.6 55889.1 61522.5 76527.3 70831.3 95447.3 208782 220996 230536 182251
mphobs
 0 0 0 0 0 112323 0 153150 637223 0 255016 313432 73983 77613 109348 50772 0 0 0 0 0 0 0 0
mphpred
 2.59334e+06 1.11429e+06 474190 243373 122008 300832 299896 410186 491185 775811 1.31435e+06 919667 499338 265863 119414 101871 102212 124225 132433 124303 257520 362280 395823 378002
desembarqueobs
 350755 77701 442110 56441 14545 235359 269955 359681 431902 328805 639364 411747 362871 311530 167758 66681 60226 58785 57116 71774 51957 67425 138520 160799
desembarquepred
 350737 77681.9 441660 56419.2 14543.6 235128 269776 359170 431465 328576 638557 411273 362188 310888 167423 66632.7 60195 58742 57064.4 71710.6 51941.3 67384.7 138414 160669
Reclutas
 4606.65 6317.16 1030.92 3357.38 53228.4 13518.7 51172.2 72867.7 112242 220255 57803.8 20453.8 50759.4 27395.7 19675.3 14084 11285.9 10706.4 7613.36 29036.6 37694.5 32632.8 33220.3 7505.09
log_desv_Rt
 -1.48474 -1.16898 -2.98179 -1.80108 0.962348 -0.408173 0.922953 1.2764 1.70841 2.38254 1.04481 0.00592445 0.914852 0.298142 -0.0328802 -0.367205 -0.588692 -0.641406 -0.98234 0.356314 0.61727 0.473072 0.490917 -0.996664
SSB
 2.59334e+06 1.11429e+06 474190 243373 122008 300832 299896 410186 491185 775811 1.31435e+06 919667 499338 265863 119414 101871 102212 124225 132433 124303 257520 362280 395823 378002
BT
 3.07035e+06 1.29085e+06 603402 303446 383097 413383 966325 1.0143e+06 1.43856e+06 2.10992e+06 1.92809e+06 1.23158e+06 909639 483579 277370 180124 193385 220554 192814 308289 562737 501619 562252 485033
Ftot
 0.0940335 0.171282 0.668229 0.314823 0.0627675 0.73405 0.523103 0.760603 0.602171 0.27448 0.462569 0.462777 0.74895 1.345 1.16702 0.535069 0.461523 0.364633 0.398428 0.361887 0.133461 0.173573 0.258269 0.443066
BD_Bspro_t
 0.985115 0.886626 0.696911 0.384881 0.397651 0.674899 0.480279 0.504354 0.495294 0.55008 0.636571 0.473881 0.338647 0.246519 0.14548 0.149488 0.197124 0.295085 0.361552 0.408947 0.607751 0.732707 0.718199 0.638149
BD_Bspro
 6.19936 2.66372 1.13355 0.581782 0.29166 0.719138 0.716902 0.980548 1.17418 1.85457 3.14194 2.19846 1.19367 0.635546 0.285459 0.243522 0.244338 0.29696 0.316582 0.297146 0.6156 0.866029 0.946215 0.903614
BD_Bo
 2.42837 1.04341 0.444025 0.227891 0.114247 0.281695 0.280819 0.384093 0.45994 0.72646 1.23074 0.861165 0.467574 0.248951 0.111818 0.0953904 0.0957101 0.116323 0.124009 0.116396 0.241138 0.339234 0.370644 0.353957
BD_Brms
 11.8232 5.08016 2.16187 1.10956 0.556246 1.37152 1.36725 1.87007 2.23936 3.53699 5.99222 4.19285 2.27652 1.21209 0.54442 0.464437 0.465994 0.566354 0.603776 0.566708 1.17406 1.65167 1.80459 1.72335
S_f
 0.5 1 1 1 1
 0.5 1 1 1 1
 0.5 1 1 1 1
 0.5 1 1 1 1
 0.5 1 1 1 1
 0.5 1 1 1 1
 0.5 1 1 1 1
 0.5 1 1 1 1
 0.5 1 1 1 1
 0.5 1 1 1 1
 0.5 1 1 1 1
 0.5 1 1 1 1
 0.5 1 1 1 1
 0.5 1 1 1 1
 0.5 1 1 1 1
 0.5 1 1 1 1
 0.5 1 1 1 1
 0.5 1 1 1 1
 0.5 1 1 1 1
 0.5 1 1 1 1
 0.5 1 1 1 1
 0.5 1 1 1 1
 0.5 1 1 1 1
 0.5 1 1 1 1
Scru_reclas
 0.5 1 1 1 1
 0.5 1 1 1 1
 0.5 1 1 1 1
 0.5 1 1 1 1
 0.5 1 1 1 1
 0.5 1 1 1 1
 0.5 1 1 1 1
 0.5 1 1 1 1
 0.5 1 1 1 1
 0.5 1 1 1 1
 0.5 1 1 1 1
 0.5 1 1 1 1
 0.5 1 1 1 1
 0.5 1 1 1 1
 0.5 1 1 1 1
 0.5 1 1 1 1
 0.5 1 1 1 1
 0.5 1 1 1 1
 0.5 1 1 1 1
 0.5 1 1 1 1
 0.5 1 1 1 1
 0.5 1 1 1 1
 0.5 1 1 1 1
 0.5 1 1 1 1
Scru_pelaces
 0.5 1 1 1 1
 0.5 1 1 1 1
 0.5 1 1 1 1
 0.5 1 1 1 1
 0.5 1 1 1 1
 0.5 1 1 1 1
 0.5 1 1 1 1
 0.5 1 1 1 1
 0.5 1 1 1 1
 0.5 1 1 1 1
 0.5 1 1 1 1
 0.5 1 1 1 1
 0.5 1 1 1 1
 0.5 1 1 1 1
 0.5 1 1 1 1
 0.5 1 1 1 1
 0.5 1 1 1 1
 0.5 1 1 1 1
 0.5 1 1 1 1
 0.5 1 1 1 1
 0.5 1 1 1 1
 0.5 1 1 1 1
 0.5 1 1 1 1
 0.5 1 1 1 1
pf_obs 
 0.256992 0.487395 0.22802 0.0275931 0
 0.321318 0.546541 0.124235 0.00734118 0.000564706
 0.182869 0.594174 0.210203 0.0122559 0.00049798
 0.330522 0.361315 0.267642 0.0388342 0.00168674
 0.649043 0.306663 0.0425973 0.00169635 0
 0.582887 0.30429 0.105238 0.00758474 0
 0.465427 0.430635 0.0974691 0.00646863 0
 0.296916 0.608066 0.0921331 0.00288517 0
 0.311714 0.524322 0.152257 0.0117073 0
 0.15457 0.633149 0.183074 0.0267441 0.00246327
 0.131901 0.49318 0.331252 0.0422183 0.00144891
 0.196976 0.569456 0.194076 0.0375587 0.00193317
 0.518974 0.381816 0.0799577 0.0180837 0.00116848
 0.0928022 0.601141 0.25162 0.0475244 0.00691264
 0.122501 0.610282 0.24278 0.0234846 0.000952079
 0.383417 0.481906 0.127806 0.00687128 0
 0.0376549 0.599619 0.316969 0.0457579 0
 0.0361596 0.667082 0.258105 0.0386534 0
 0.158088 0.579412 0.248529 0.0139706 0
 0.0477256 0.309471 0.559284 0.082774 0.000745712
 0.0406174 0.521527 0.379366 0.0568643 0.0016247
 0.151134 0.462217 0.34131 0.0453401 0
 0.294876 0.26143 0.354403 0.0886775 0.000613685
 0.281977 0.475581 0.204845 0.0348837 0.00271318
pf_pred 
 0.022615 0.625993 0.30981 0.0415803 1.2917e-06
 0.0637786 0.0424703 0.572427 0.2833 0.0380235
 0.0249837 0.122015 0.0386951 0.521545 0.292762
 0.223777 0.0457125 0.0914169 0.0289915 0.610102
 0.879974 0.046453 0.00433278 0.00866479 0.0605754
 0.222545 0.728632 0.0188958 0.00176246 0.0281651
 0.718428 0.117288 0.153967 0.00399288 0.00632399
 0.649657 0.299957 0.0209877 0.0275513 0.00184613
 0.678571 0.264687 0.0485817 0.00339922 0.00476127
 0.702611 0.248225 0.0404853 0.00743083 0.00124819
 0.218156 0.653942 0.106758 0.0174121 0.00373272
 0.16154 0.326894 0.427879 0.0698524 0.0138352
 0.528072 0.144484 0.127662 0.1671 0.0326825
 0.426689 0.422609 0.0461388 0.0407668 0.0637973
 0.550635 0.312469 0.100911 0.0110171 0.024968
 0.529066 0.367004 0.0722685 0.023339 0.00832271
 0.456705 0.393669 0.116605 0.0229613 0.0100596
 0.460841 0.3548 0.133586 0.0395682 0.0112051
 0.379586 0.406486 0.140778 0.0530044 0.0201459
 0.745344 0.147389 0.0702794 0.0243398 0.0126473
 0.582887 0.361506 0.0321839 0.0153462 0.00807654
 0.418434 0.43254 0.129159 0.0114987 0.00836851
 0.41553 0.351776 0.173066 0.0516786 0.00794919
 0.146516 0.516299 0.202942 0.0998431 0.0343997
pobs_RECLAS
 0 0 0 0 0
 0 0 0 0 0
 0 0 0 0 0
 0 0 0 0 0
 0.835266 0.146461 0.0176864 0.000547809 3.91292e-05
 0.385257 0.428462 0.181853 0.0044286 0
 0.867414 0.0963971 0.0333333 0.00285562 0
 0.441836 0.489002 0.0689373 0.000224442 0
 0.779404 0.147425 0.0564933 0.0165055 0.000172143
 0.814271 0.122319 0.05973 0.00367925 0
 0.40263 0.566651 0.0304383 0.000280538 0
 0.475488 0.404961 0.113038 0.00651328 0
 0.955842 0.0263864 0.0167828 0.000988607 0
 0.975058 0.0227948 0.00214734 0 0
 0.738997 0.206755 0.0527124 0.00153531 0
 0.850938 0.134255 0.0134407 0.00136685 0
 0.542534 0.407297 0.0501686 0 0
 0.764087 0.199537 0.0359546 0.000420521 0
 0.470689 0.182191 0.310203 0.0369168 0
 0.84361 0.089868 0.0606195 0.00523954 0.000663233
 0.607945 0.314616 0.071237 0.00620181 0
 0.523733 0.453247 0.0230204 0 0
 0.530135 0.295979 0.169645 0.0042399 0
 0.562478 0.366248 0.0663022 0.0049721 0
ppred_RECLAS
 0.0226811 0.625951 0.309789 0.0415775 1.29161e-06
 0.0641285 0.0424544 0.572214 0.283194 0.0380093
 0.0257916 0.121913 0.0386631 0.521113 0.292519
 0.225886 0.0455883 0.0911685 0.0289127 0.608445
 0.880178 0.0463739 0.00432541 0.00865004 0.0604723
 0.22906 0.722526 0.0187375 0.00174769 0.0279291
 0.723126 0.115331 0.151399 0.00392627 0.00621848
 0.658526 0.292364 0.0204565 0.0268539 0.0017994
 0.684705 0.259636 0.0476546 0.00333435 0.00467041
 0.704742 0.246446 0.0401952 0.00737758 0.00123925
 0.221554 0.651099 0.106294 0.0173364 0.00371649
 0.164244 0.32584 0.426499 0.0696272 0.0137906
 0.537617 0.141562 0.12508 0.16372 0.0320215
 0.449147 0.406053 0.0443314 0.0391698 0.0612981
 0.56875 0.299872 0.0968432 0.010573 0.0239615
 0.535057 0.362335 0.0713491 0.023042 0.00821683
 0.46161 0.390115 0.115552 0.0227539 0.00996876
 0.464461 0.352418 0.132689 0.0393026 0.0111299
 0.383434 0.403964 0.139905 0.0526756 0.020021
 0.748072 0.14581 0.0695267 0.0240791 0.0125119
 0.583957 0.360579 0.0321014 0.0153069 0.00805582
 0.419879 0.431465 0.128838 0.0114701 0.00834771
 0.417837 0.350387 0.172383 0.0514747 0.00791781
 0.148873 0.514873 0.202381 0.0995674 0.0343047
pobs_PELACES
 0 0 0 0 0
 0 0 0 0 0
 0 0 0 0 0
 0 0 0 0 0
 0 0 0 0 0
 0 0 0 0 0
 0 0 0 0 0
 0 0 0 0 0
 0 0 0 0 0
 0 0 0 0 0
 0.450072 0.473896 0.0757376 0.000293798 0
 0 0 0 0 0
 0.463077 0.371075 0.160297 0.00555027 0
 0.529543 0.364841 0.0842815 0.0213345 0
 0.631943 0.363953 0.00410389 0 0
 0.735681 0.248677 0.0153453 0.000297389 0
 0.695825 0.281241 0.0229344 0 0
 0.275771 0.60734 0.115278 0.00161068 0
 0 0 0 0 0
 0.896147 0.0623911 0.0374545 0.00400742 0
 0.803859 0.145111 0.0509908 3.86294e-05 0
 0.739449 0.233085 0.0266225 0.000797448 4.60066e-05
 0.878498 0.100942 0.0204185 0.000141795 0
 0.694673 0.275183 0.0284847 0.00165964 0
ppred_PELACES
 0.0230276 0.625729 0.30968 0.0415628 1.29116e-06
 0.0658457 0.0423765 0.571164 0.282675 0.0379396
 0.0287117 0.121548 0.0385472 0.519551 0.291642
 0.235098 0.0450458 0.0900835 0.0285687 0.601204
 0.881266 0.0459529 0.00428613 0.0085715 0.0599232
 0.251146 0.701827 0.0182007 0.00169762 0.0271289
 0.74007 0.108273 0.142133 0.00368599 0.00583793
 0.686161 0.268704 0.018801 0.0246806 0.00165377
 0.705751 0.242305 0.0444736 0.00311178 0.00435866
 0.714078 0.238654 0.0389243 0.00714431 0.00120006
 0.234997 0.639856 0.104458 0.0170371 0.00365231
 0.174996 0.321648 0.421012 0.0687314 0.0136132
 0.568155 0.132213 0.116819 0.152907 0.0299066
 0.504452 0.365286 0.0398806 0.0352372 0.0551438
 0.615221 0.267559 0.0864076 0.00943366 0.0213794
 0.556938 0.345283 0.0679912 0.0219576 0.00783013
 0.480582 0.376368 0.11148 0.0219521 0.00961748
 0.479453 0.342552 0.128974 0.0382023 0.0108183
 0.399091 0.393706 0.136352 0.0513381 0.0195126
 0.759158 0.139394 0.0664673 0.0230196 0.0119613
 0.589297 0.355951 0.0316894 0.0151104 0.00795243
 0.42687 0.426265 0.127285 0.0113319 0.00824711
 0.428238 0.344127 0.169303 0.050555 0.00777636
 0.158376 0.509125 0.200122 0.0984557 0.0339217
pobs_pel_tallas
 0 0 0 0 0 0 0 0 0 0 0 0 0 0 0 0 0 0 0 0 0 0 0 0 0 0 0 0 0 0 0 0 0 0 0 0
 0 0 0 0 0 0 0 0 0 0 0 0 0 0 0 0 0 0 0 0 0 0 0 0 0 0 0 0 0 0 0 0 0 0 0 0
 0 0 0 0 0 0 0 0 0 0 0 0 0 0 0 0 0 0 0 0 0 0 0 0 0 0 0 0 0 0 0 0 0 0 0 0
 0 0 0 0 0 0 0 0 0 0 0 0 0 0 0 0 0 0 0 0 0 0 0 0 0 0 0 0 0 0 0 0 0 0 0 0
 0 0 0 0 0 0 0 0 0 0 0 0 0 0 0 0 0 0 0 0 0 0 0 0 0 0 0 0 0 0 0 0 0 0 0 0
 0 0 0 0 0 0 0 0 0 0 0 0 0 0 0 0 0 0 0 0 0 0 0 0 0 0 0 0 0 0 0 0 0 0 0 0
 0 0 0 0 0 0 0 0 0 0 0 0 0 0 0 0 0 0 0 0 0 0 0 0 0 0 0 0 0 0 0 0 0 0 0 0
 0 0 0 0 0 0 0 0 0 0 0 0 0 0 0 0 0 0 0 0 0 0 0 0 0 0 0 0 0 0 0 0 0 0 0 0
 0 0 0 0 0 0 0 0 0 0 0 0 0 0 0 0 0 0 0 0 0 0 0 0 0 0 0 0 0 0 0 0 0 0 0 0
 0 0 0 0 0 0 0 0 0 0 0 0 0 0 0 0 0 0 0 0 0 0 0 0 0 0 0 0 0 0 0 0 0 0 0 0
 0 0 0 0 0 0 0 0 1.78061e-05 0.00172719 0.00360574 0.0105946 0.0120993 0.0124554 0.0147524 0.0171206 0.0266825 0.0428682 0.0675386 0.121331 0.153587 0.119568 0.100827 0.0573624 0.0630603 0.0341343 0.0324427 0.0444173 0.0211091 0.0280891 0.0125444 0.00206551 0 0 0 0
 0 0 0 0 0 0 0 0 0 0 0 0 0 0 0 0 0 0 0 0 0 0 0 0 0 0 0 0 0 0 0 0 0 0 0 0
 0 0 0 0 0 0 0.0133647 0.0140871 0.0187388 0.0205184 0.03894 0.0496705 0.03968 0.0493445 0.0407372 0.0367815 0.0215668 0.0243155 0.0234873 0.0199281 0.019796 0.0243948 0.0301388 0.0376714 0.0412746 0.0863199 0.0771752 0.113111 0.0741005 0.0525337 0.0229764 0.00759418 0.00175318 0 0 0
 0 0 0 0 0 0 0 0 0 0 0.00219441 0.00772107 0.0458388 0.0604681 0.0671733 0.0775358 0.0609151 0.0617685 0.073594 0.0568108 0.0755445 0.0548602 0.0670107 0.0636378 0.0643287 0.046367 0.0373049 0.0286899 0.0247887 0.0153202 0.00654259 0.00121912 0.000365735 0 0 0
 0 0 0 0 0 0 0 0 0 0 0 0 0.000112435 0.00938835 0.0111873 0.0202946 0.0414886 0.0713402 0.111592 0.104902 0.108894 0.110636 0.117776 0.105296 0.107544 0.0401394 0.0192827 0.0124803 0.00416011 0.0028671 0.000618394 0 0 0 0 0
 0 0 0 0 0 0 0 0 0 0 0.00291406 0.0102884 0.027416 0.0768956 0.0749926 0.110853 0.0956884 0.0897413 0.0766577 0.0534642 0.0500743 0.0551293 0.0594112 0.0620874 0.0668451 0.0424026 0.0208742 0.0120726 0.0048766 0.00582813 0.00118941 0.000297354 0 0 0 0
 0 0.00264628 0.0354308 0.0461629 0.0458689 0.0383711 0.0214643 0.0164657 0.0346957 0.0420465 0.0363128 0.0245516 0.0311673 0.0291091 0.0169068 0.0133784 0.00837989 0.0085269 0.0148486 0.0160247 0.0276389 0.0546898 0.0760071 0.122758 0.109233 0.0665981 0.0333725 0.0166128 0.00676272 0.00308733 0.000882094 0 0 0 0 0
 0 0 0 0 0 0 0 0.000805153 0.000690131 0.00759144 0.0133425 0.0154129 0.00931677 0.000345066 0.00356568 0.00563607 0.00851162 0.0253048 0.0502646 0.0516448 0.0657925 0.0565908 0.0611916 0.0827007 0.0866115 0.110766 0.145733 0.0935128 0.0569358 0.0249597 0.0138026 0.00621118 0.00161031 0.00115022 0 0
 0 0 0 0 0 0 0 0 0 0 0 0 0 0 0 0 0 0 0 0 0 0 0 0 0 0 0 0 0 0 0 0 0 0 0 0
 0.00147267 0.00158595 0.00478618 0.00569244 0.00954404 0.0108468 0.00647125 0.017049 0.0510054 0.094081 0.124002 0.0959785 0.0687766 0.0820023 0.061753 0.0591476 0.0492212 0.0479892 0.0443925 0.0268479 0.0217502 0.0140895 0.0121071 0.0120363 0.00920419 0.00665534 0.0049561 0.00860946 0.00930331 0.0156896 0.0114698 0.00855282 0.00243557 0.00046729 0 2.83206e-05
 0 0 0 0 0.000772559 0.00158375 0.000888443 0.00281984 0.00712685 0.0440552 0.0773331 0.111326 0.0921469 0.0852325 0.0710754 0.0886704 0.0786465 0.0553345 0.0373146 0.0185414 0.00753245 0.00457741 0.012979 0.0271748 0.0457355 0.0583668 0.034881 0.0177882 0.00938659 0.00492506 0.0015258 0.00185414 0.000309023 5.79419e-05 3.86279e-05 0
 0 0.00173294 0.00326652 0 0.00397197 0.00683976 0.00946217 0.0152591 0.00757587 0.0136028 0.0228656 0.0392903 0.0559909 0.0764795 0.0681675 0.0726916 0.0566044 0.0477403 0.0527397 0.0444891 0.0609904 0.0582453 0.0661739 0.0445044 0.0529084 0.0360697 0.0280645 0.0235558 0.0158879 0.00826598 0.00280645 0.00217768 0.000904811 0.00058276 9.20147e-05 0
 0 0 0 0 0 0 0 0 0 0 0 0 0 0 0 0 0 0 0 0 0 0 0 0 0 0 0 0 0 0 0 0 0 0 0 0
 0 0 0 0 0 0 0 0 0 0 0 0 0 0 0 0 0 0 0 0 0 0 0 0 0 0 0 0 0 0 0 0 0 0 0 0
ppred_pel_tallas
 1.06028e-16 1.04286e-06 6.02451e-06 2.84373e-05 0.000109149 0.000340066 0.000859674 0.00176415 0.00294385 0.00401279 0.00452308 0.0043618 0.00393485 0.00393828 0.00498617 0.00745034 0.0115285 0.0173269 0.0248324 0.033814 0.0437471 0.0538208 0.0630453 0.0704352 0.0752161 0.0769861 0.0757832 0.072034 0.0664136 0.0596689 0.0524649 0.0452969 0.0384745 0.0321578 0.0264162 0.0212782
 1.19608e-16 2.88657e-06 1.69017e-05 8.02661e-05 0.000308902 0.00096313 0.00243279 0.0049786 0.00825595 0.011098 0.0121046 0.0107438 0.00783835 0.00487973 0.00295978 0.00236424 0.00289986 0.00434911 0.00666201 0.0099244 0.0142646 0.019777 0.0264699 0.034228 0.0427886 0.0517366 0.0605235 0.0685129 0.075052 0.0795582 0.0816052 0.080992 0.0777786 0.0722756 0.0649969 0.0565773
 1.32067e-16 1.26833e-06 7.39951e-06 3.50876e-05 0.000134947 0.000420663 0.00106264 0.00217552 0.0036111 0.00486473 0.00533377 0.00480008 0.00364507 0.00255329 0.00204818 0.00231378 0.00333239 0.00507361 0.0075661 0.0108729 0.0150457 0.0200962 0.0259868 0.0326336 0.0399085 0.0476362 0.0555818 0.063434 0.0707973 0.0772038 0.0821544 0.0851848 0.0859449 0.084267 0.0802104 0.0740622
 1.30367e-16 1.02647e-05 6.02231e-05 0.000286232 0.00110194 0.00343622 0.00867957 0.0177597 0.0294396 0.0395396 0.0430348 0.0379788 0.0272287 0.0159795 0.00793142 0.00382141 0.00258203 0.0029699 0.00427807 0.00627812 0.00897062 0.0124197 0.0166818 0.0217757 0.0276646 0.0342381 0.0412976 0.0485468 0.0555971 0.0619916 0.0672494 0.0709253 0.072675 0.07231 0.0698303 0.0654303
 1.03171e-16 3.84417e-05 0.000225644 0.00107266 0.00412987 0.0128787 0.0325303 0.0665601 0.110326 0.14815 0.161179 0.14208 0.101508 0.0588404 0.0278084 0.0109756 0.00407592 0.0021183 0.00206704 0.00264613 0.00343595 0.00429625 0.00515038 0.00593679 0.00660972 0.00714633 0.00754825 0.00783497 0.00803203 0.00815837 0.00821787 0.00819797 0.00807519 0.00782483 0.00743092 0.00689356
 1.01813e-16 1.09922e-05 6.44308e-05 0.000306096 0.00117819 0.00367381 0.00928047 0.0189941 0.0315041 0.042367 0.0462563 0.0411644 0.0302584 0.0192554 0.0123256 0.0105001 0.0128541 0.0181609 0.0255497 0.0343529 0.0438037 0.0529131 0.0605543 0.0656717 0.0675243 0.0658683 0.0610185 0.0537604 0.0451509 0.0362706 0.0280111 0.020949 0.0153242 0.0111009 0.0080697 0.00595203
 1.02453e-16 3.22879e-05 0.000189509 0.000900851 0.00346834 0.0108157 0.0273196 0.0558991 0.0926574 0.124432 0.135394 0.119399 0.0854068 0.0497186 0.0238978 0.0101399 0.00490787 0.00405084 0.00504303 0.00680697 0.00894577 0.0112566 0.0135572 0.0156619 0.0174032 0.0186581 0.0193628 0.0195118 0.0191447 0.0183284 0.0171404 0.0156611 0.0139712 0.0121534 0.0102924 0.00847202
 1.0128e-16 2.99434e-05 0.00017573 0.000835316 0.00321597 0.0100287 0.0253317 0.0518329 0.085922 0.115401 0.125604 0.110853 0.0794843 0.0466541 0.023139 0.0110369 0.00712396 0.00757942 0.0100362 0.0133957 0.0171087 0.0207399 0.0238497 0.0260316 0.0269963 0.0266392 0.0250646 0.0225525 0.0194853 0.0162557 0.0131881 0.0104939 0.00826401 0.00649249 0.00511461 0.004044
 1.01021e-16 3.07966e-05 0.000180742 0.000859146 0.00330773 0.0103148 0.0260545 0.0533115 0.0883721 0.118688 0.129175 0.113986 0.0816915 0.0478703 0.0235953 0.0110109 0.00678897 0.0069925 0.00918991 0.0122688 0.0156978 0.0190765 0.0220042 0.0241084 0.0251183 0.024926 0.0236103 0.021409 0.0186553 0.0156976 0.0128304 0.0102535 0.00806465 0.00627746 0.00485269 0.00372857
 1.00932e-16 3.11595e-05 0.000182873 0.000869278 0.00334674 0.0104365 0.0263618 0.0539403 0.0894141 0.120087 0.130696 0.115324 0.0826415 0.0484092 0.0238277 0.0110633 0.00674514 0.00688699 0.00902749 0.0120428 0.0154003 0.0187029 0.0215559 0.0235928 0.0245485 0.0243192 0.0229854 0.0207848 0.0180485 0.0151222 0.012297 0.00976977 0.00763514 0.00590419 0.00453527 0.0034645
 1.02448e-16 1.02858e-05 6.02885e-05 0.000286414 0.00110243 0.00343756 0.00868367 0.0177726 0.0294779 0.0396416 0.0432792 0.0385116 0.0283014 0.017997 0.0115003 0.00977784 0.0119695 0.0169389 0.0238905 0.0322281 0.0412686 0.0501225 0.0577632 0.0632133 0.065762 0.0651317 0.0615389 0.0556215 0.0482688 0.0404085 0.032823 0.0260405 0.0203158 0.0156786 0.012017 0.00915886
 1.09079e-16 7.65727e-06 4.48844e-05 0.000213242 0.000820798 0.00255939 0.00646512 0.0132311 0.0219419 0.0294975 0.0321788 0.0285738 0.0208693 0.0130214 0.0079045 0.00621064 0.00728983 0.0103251 0.0148142 0.0204787 0.0270485 0.0341444 0.0412739 0.0478969 0.0535161 0.0577562 0.0604079 0.0614246 0.0608857 0.0589462 0.055795 0.0516352 0.046684 0.0411798 0.0353847 0.0295731
 1.08353e-16 2.47923e-05 0.000145501 0.000691631 0.00266279 0.00830363 0.0209743 0.0429164 0.0711392 0.09554 0.103972 0.0917228 0.0656857 0.0383917 0.0187438 0.00845957 0.0048601 0.00479441 0.00635142 0.00871695 0.011579 0.0147534 0.0180548 0.0212862 0.0242643 0.026845 0.0289344 0.0304822 0.0314646 0.0318656 0.0316676 0.0308551 0.02943 0.0274279 0.0249302 0.0220633
 1.04473e-16 2.20239e-05 0.000129227 0.000614215 0.00236464 0.0073738 0.0186259 0.0381131 0.0631842 0.0848775 0.0924237 0.0816674 0.0587723 0.0349296 0.0181289 0.00999141 0.00822615 0.0100833 0.0138358 0.0186195 0.0238919 0.0291204 0.0337272 0.0371676 0.039047 0.039211 0.0377771 0.0350903 0.0316251 0.027865 0.0242018 0.0208805 0.0179954 0.0155264 0.013392 0.0114987
 1.02637e-16 2.68501e-05 0.00015757 0.00074898 0.00288355 0.00899202 0.0227133 0.0464754 0.0770421 0.103477 0.112635 0.0994266 0.0713352 0.0419597 0.0209777 0.010289 0.0070247 0.00777995 0.0104484 0.0140509 0.0180866 0.0221412 0.0257812 0.0285933 0.0302654 0.0306538 0.0298096 0.027952 0.0254024 0.0225028 0.0195456 0.0167333 0.0141731 0.0118966 0.00989107 0.0081277
 1.02199e-16 2.43119e-05 0.000142661 0.000678085 0.00261056 0.0081407 0.020563 0.0420764 0.0697528 0.093696 0.102012 0.090107 0.0647737 0.0383517 0.0196394 0.0104005 0.00807988 0.00962237 0.0131178 0.0176316 0.0226109 0.0275367 0.0318507 0.0350247 0.0366708 0.0366297 0.0350026 0.0321137 0.0284202 0.0244002 0.0204562 0.0168601 0.0137439 0.0111273 0.00896115 0.00717028
 1.02909e-16 2.09838e-05 0.000123119 0.000585173 0.00225281 0.00702507 0.0177451 0.0363109 0.0601976 0.0808686 0.0880665 0.0778366 0.0560578 0.0334018 0.0174939 0.00989576 0.00844337 0.0105329 0.0145275 0.0195994 0.0252104 0.0308137 0.0358039 0.0396001 0.0417653 0.0421033 0.0406954 0.0378624 0.0340712 0.0298179 0.0255272 0.0214943 0.017876 0.0147173 0.0119955 0.00966133
 1.03761e-16 2.09332e-05 0.000122825 0.000583783 0.00224747 0.00700842 0.017703 0.0362245 0.0600535 0.0806723 0.0878458 0.0776249 0.0558693 0.0332174 0.0172665 0.00956297 0.00793826 0.0097909 0.0134952 0.0182477 0.0235505 0.0289102 0.0337799 0.0376286 0.0400481 0.0408396 0.040048 0.0379293 0.0348707 0.0312882 0.0275415 0.0238847 0.0204604 0.0173238 0.0144807 0.0119199
 1.0474e-16 1.74311e-05 0.00010226 0.000486003 0.00187098 0.00583432 0.0147374 0.0301571 0.0499982 0.0671749 0.0731751 0.0647252 0.0467245 0.0280607 0.0151011 0.00918464 0.00855814 0.0110953 0.0154521 0.0209238 0.0270056 0.0331478 0.0387273 0.0431378 0.0459153 0.0468369 0.0459589 0.0435792 0.0401432 0.0361262 0.0319348 0.027851 0.0240272 0.0205154 0.017313 0.0144014
 1.02339e-16 3.31212e-05 0.000194399 0.000924094 0.00355783 0.0110948 0.0280244 0.0573415 0.0950489 0.127645 0.138896 0.122498 0.0876479 0.0510717 0.0246371 0.0106015 0.00533918 0.00458817 0.00574301 0.00767115 0.00992601 0.0122533 0.014423 0.0162174 0.0174652 0.0180754 0.0180504 0.0174747 0.0164836 0.0152255 0.013829 0.0123862 0.010952 0.00955367 0.00820587 0.00692163
 1.01457e-16 2.57232e-05 0.000150946 0.000717472 0.00276221 0.0086136 0.0217575 0.0445205 0.0738042 0.0991367 0.107932 0.0953277 0.0685083 0.0405253 0.0206821 0.0108361 0.00827306 0.00974926 0.0132333 0.017729 0.0226496 0.0274505 0.0315534 0.0344189 0.0356618 0.0351425 0.0329988 0.0296034 0.0254661 0.0211125 0.0169789 0.0133522 0.010359 0.00799586 0.0061788 0.00479222
 1.02721e-16 1.86438e-05 0.000109377 0.000519829 0.0020012 0.00624042 0.0157632 0.0322562 0.0534783 0.0718505 0.0782682 0.0692298 0.0499753 0.0300105 0.0161444 0.00980629 0.0091158 0.01179 0.0163786 0.0221103 0.0284244 0.0347103 0.040282 0.0444795 0.0468076 0.0470461 0.045292 0.0419165 0.0374588 0.0324931 0.0275126 0.0228629 0.0187291 0.0151656 0.0121456 0.00960709
 1.04616e-16 1.87001e-05 0.000109715 0.000521453 0.00200749 0.00626003 0.0158126 0.0323568 0.0536428 0.0720647 0.0784836 0.0693778 0.0499898 0.0298354 0.0157184 0.00904344 0.00789839 0.00998231 0.0138571 0.0188039 0.0243573 0.0300354 0.0352927 0.0395904 0.0425031 0.0438049 0.0435053 0.0418207 0.0390986 0.0357224 0.0320301 0.0282699 0.0245949 0.0210858 0.0177843 0.0147197
 1.07975e-16 6.93952e-06 4.06549e-05 0.0001931 0.000743188 0.00231733 0.0058539 0.0119818 0.0198761 0.0267382 0.0292157 0.026054 0.0192698 0.0124977 0.00840974 0.00771107 0.00988312 0.0142197 0.0202306 0.0275325 0.0356457 0.0439091 0.0515323 0.0577338 0.0619046 0.0637356 0.0632669 0.0608404 0.0569832 0.0522614 0.0471588 0.0420115 0.0370052 0.0322148 0.0276616 0.0233599
pSPR Fmed_Fpbrs
0.515167   0.255389 0.255389
Fs Fmed_Fpbrs
0.381248   1.005 1.005
SSBpbr Bo_Bmed_Bpbrs
1.06793e+06  496767  219342 219342
Ro
20333
SPR SPRFo_SPRFmed_SPRFpbrs
418323 215506 106835
log_Ro
9.74
likeval ReclasPelacesDesembMPH_pf_preclas_ppelaces_ptallas_desvR_qrecl_qpela
 100.835 118.642 0.127601 0.000575555 380.68 185.378 91.7537 0 46.8297 0 0 0 0 0 0
q_reclas_q_pelaces
1 1
M
0.7
N
 4606.65 65078.8 32208.2 4322.73 0.134286
 6317.16 2182.53 29416.8 14558.7 1954.01
 1030.92 2879.53 913.202 12308.4 6909.15
 3357.38 366.536 733.007 232.462 4891.97
 53228.4 1424.4 132.857 265.69 1857.44
 13518.7 25615.8 664.303 61.9611 990.171
 51172.2 4650.83 6105.31 158.331 250.767
 72867.7 19563.1 1368.81 1796.89 120.404
 112242 24738.1 4540.53 317.696 444.996
 220255 41246.6 6727.29 1234.75 207.407
 57803.8 95349.1 15566 2538.8 544.255
 20453.8 22777.4 29813.9 4867.2 964.016
 50759.4 8058.93 7120.61 9320.33 1822.94
 27395.7 17333.2 1892.37 1672.04 2616.63
 19675.3 6944.06 2242.57 244.836 554.869
 14084 5451.31 1073.44 346.666 123.622
 11285.9 5352.19 1585.32 312.173 136.767
 10706.4 4449.5 1675.28 496.22 140.522
 7613.36 4430.54 1534.43 577.729 219.583
 29036.6 3097.8 1477.12 511.57 265.82
 37694.5 12032.5 1071.23 510.792 268.824
 32632.8 17510.2 5228.65 465.494 338.776
 33220.3 14857.9 7309.76 2182.74 335.748
 7505.09 14498.2 5698.83 2803.7 965.981
pred_Ctot
 152.572 4223.28 2090.14 280.523 0.00871449
 374.727 249.531 3363.26 1664.51 223.405
 214.659 1048.34 332.466 4481.08 2515.39
 354.875 72.4929 144.973 45.976 967.527
 1184.86 62.5477 5.83397 11.6669 81.5632
 3050.27 9986.87 258.993 24.1569 386.04
 8598 1403.67 1842.65 47.786 75.6842
 16943.2 7822.95 547.365 718.544 48.1474
 21352.4 8328.84 1528.71 106.962 149.822
 20474.5 7233.41 1179.76 216.539 36.373
 8698.81 26075.5 4256.89 694.296 148.84
 3079.31 6231.31 8156.3 1331.54 263.729
 11649.7 3187.44 2816.32 3686.35 721.002
 10020.9 9925.1 1083.59 957.422 1498.3
 6466.51 3669.55 1185.07 129.382 293.217
 2414.45 1674.86 329.805 106.51 37.9816
 1694.93 1460.99 432.747 85.2142 37.3333
 1296.8 998.399 375.908 111.344 31.531
 1000.39 1071.28 371.017 139.692 53.0942
 3492.6 690.648 329.321 114.054 59.264
 1756.69 1089.5 96.9951 46.2501 24.3409
 1960.66 2026.76 605.203 53.8797 39.2125
 2915.9 2468.51 1214.46 362.644 55.7818
 1086.29 3827.91 1504.64 740.25 255.044
F
 0.0470167 0.0940335 0.0940335 0.0940335 0.0940335
 0.0856408 0.171282 0.171282 0.171282 0.171282
 0.334115 0.668229 0.668229 0.668229 0.668229
 0.157411 0.314823 0.314823 0.314823 0.314823
 0.0313838 0.0627675 0.0627675 0.0627675 0.0627675
 0.367025 0.73405 0.73405 0.73405 0.73405
 0.261551 0.523103 0.523103 0.523103 0.523103
 0.380302 0.760603 0.760603 0.760603 0.760603
 0.301086 0.602171 0.602171 0.602171 0.602171
 0.13724 0.27448 0.27448 0.27448 0.27448
 0.231285 0.462569 0.462569 0.462569 0.462569
 0.231388 0.462777 0.462777 0.462777 0.462777
 0.374475 0.74895 0.74895 0.74895 0.74895
 0.672499 1.345 1.345 1.345 1.345
 0.583508 1.16702 1.16702 1.16702 1.16702
 0.267535 0.535069 0.535069 0.535069 0.535069
 0.230762 0.461523 0.461523 0.461523 0.461523
 0.182316 0.364633 0.364633 0.364633 0.364633
 0.199214 0.398428 0.398428 0.398428 0.398428
 0.180944 0.361887 0.361887 0.361887 0.361887
 0.0667305 0.133461 0.133461 0.133461 0.133461
 0.0867867 0.173573 0.173573 0.173573 0.173573
 0.129135 0.258269 0.258269 0.258269 0.258269
 0.221533 0.443066 0.443066 0.443066 0.443066
nmprior
 10 10 8 0
nm_flota  nm_reclas  nm_pelaces    nm_pelaL
inf 10.3434 8.59759 13.2206
cv_recla  cv_pelaces  cv_mph
0.92968 1.28169 0.778362
 ------------------------------------------------
Talla a la edad & desviación 
 7.2 14.2025 17.0495 18.207 18.6776
 1.08 2.13037 2.55742 2.73105 2.80164
