    unsorted:	 3.496605504e-06 1.761349268e-07 0.0008999966903 0.008434519327 34.61951609 45.27257466 49.12228845 65.41984560 91.50103125 104.8792405 298.5517299 353.7504217 475.9282518 690.8866072 659.5561001 789.8239557 863.1190126 971.8882710 1096.404786 1224.757692 1390.265095 1568.009989 1997.810737 1936.037062 2380.289148 2494.697772 2813.949590 3223.686862 3374.577888 3506.089781 3715.848292 3871.358619 4720.728036 4972.573933 5530.358266 5543.921137 5885.758163 40713.75111 204649.4170 337569.5970 363732.2705 377612.9118 416770.1854 423474.8898 447466.4652 460996.3249 286442.4615 252578.6436 504698.1510 539768.6185 619323.3171 679866.8274 724423.6980 861473.4589 1060175.878 1147805.860 1293060.012 1413834.916 1693445.655 1948292.095 2269129.213 2387383.265 2695444.257
      sorted:	 1.761349268e-07 3.496605504e-06 0.0008999966903 0.008434519327 34.61951609 45.27257466 49.12228845 65.41984560 91.50103125 104.8792405 298.5517299 353.7504217 475.9282518 659.5561001 690.8866072 789.8239557 863.1190126 971.8882710 1096.404786 1224.757692 1390.265095 1568.009989 1936.037062 1997.810737 2380.289148 2494.697772 2813.949590 3223.686862 3374.577888 3506.089781 3715.848292 3871.358619 4720.728036 4972.573933 5530.358266 5543.921137 5885.758163 40713.75111 204649.4170 252578.6436 286442.4615 337569.5970 363732.2705 377612.9118 416770.1854 423474.8898 447466.4652 460996.3249 504698.1510 539768.6185 619323.3171 679866.8274 724423.6980 861473.4589 1060175.878 1147805.860 1293060.012 1413834.916 1693445.655 1948292.095 2269129.213 2387383.265 2695444.257
