years
 1997 1998 1999 2000 2001 2002 2003 2004 2005 2006 2007 2008 2009 2010 2011 2012 2013 2014 2015 2016 2017 2018 2019 2020
reclasobs
 0 0 0 370054 412103 1.49427e+06 250295 1.28982e+06 931140 785840 897777 1.04006e+06 184774 17550 25797 100020 73551 82996 120727 218422 84188 347160 605670 569463
reclaspred
 379182 96251.3 255514 193559 317941 375721 833486 587455 710189 708967 573744 387688 238771 108551 74063.2 74495.1 92363.9 121662 124091 186201 279271 255884 433296 468148
pelacesobs
 0 0 0 0 0 0 0 0 0 2.06254e+06 1.5e+06 0 1.87456e+06 323000 250000 174000 83755 137374 0 501740 490994 745055 786931 1.00524e+06
pelacespred
 842633 193289 317234 365673 521284 510598 1.32659e+06 1.12214e+06 1.2299e+06 1.23066e+06 900380 630791 387755 145575 97658.9 105591 136988 183212 192559 279951 468146 418565 561016 720792
mphobs
 0 0 0 0 0 112323 0 153150 637223 0 255016 313432 73983 77613 109348 50772 0 0 0 0 0 0 0 0
mphpred
 607642 330742 367034 394863 471909 807788 1.19116e+06 1.42454e+06 1.29653e+06 1.43485e+06 1.47831e+06 1.0595e+06 653824 344425 160360 135247 163188 221946 265108 297860 473395 574896 717806 968924
desembarqueobs
 350755 77701 442110 56441 14545 235359 269955 359681 431902 328805 639364 411747 362871 311530 167758 66681 60226 58785 57116 71774 51957 67425 138520 160799
desembarquepred
 350752 77694 442017 56440.4 14545 235386 269977 359638 431874 328779 639379 411873 363032 311788 167729 66683.7 60240.6 58782 57108.3 71766.8 51955.6 67415.6 138511 160793
Reclutas
 38743.9 51658.4 27131.2 51034.8 89978.2 60416.8 101049 107920 143331 155688 68135.8 39644.7 43147.9 22738.7 17224.4 20418.7 16354.1 17150.2 19081 38769.1 48116.8 60323.4 91536.1 75368.8
log_desv_Rt
 -0.195272 0.0924072 -0.55156 0.0802623 0.647322 0.249023 0.763356 0.829145 1.11291 1.19561 0.369258 -0.172286 -0.0876106 -0.728177 -1.00592 -0.835795 -1.05776 -1.01024 -0.903553 -0.194622 0.0213874 0.247476 0.664488 0.470149
SSB
 607642 330742 367034 394863 471909 807788 1.19116e+06 1.42454e+06 1.29653e+06 1.43485e+06 1.47831e+06 1.0595e+06 653824 344425 160360 135247 163188 221946 265108 297860 473395 574896 717806 968924
BT
 1.78347e+06 479781 810118 714729 944904 1.09905e+06 2.56035e+06 2.41521e+06 2.59678e+06 2.51827e+06 2.18505e+06 1.50701e+06 1.05145e+06 560777 317343 244166 294568 375196 394282 559897 880437 812859 1.10001e+06 1.42463e+06
Ftot
 0.495259 0.483243 0.799631 0.167262 0.0284834 0.261883 0.168507 0.324608 0.342029 0.245234 0.460147 0.4209 0.67359 1.19351 1.17694 0.475697 0.343211 0.237958 0.21017 0.217682 0.0976294 0.122901 0.147934 0.154368
BD_Bspro_t
 0.937377 0.70463 0.635315 0.472905 0.642657 0.799264 0.75902 0.768848 0.723658 0.704368 0.686844 0.53856 0.425044 0.31483 0.195954 0.20496 0.308046 0.462203 0.56357 0.646056 0.761055 0.83354 0.838821 0.835377
BD_Bspro
 0.627088 0.341327 0.37878 0.4075 0.487011 0.83364 1.22928 1.47013 1.33802 1.48077 1.52562 1.09341 0.674748 0.355447 0.165493 0.139575 0.168411 0.229049 0.273593 0.307392 0.488545 0.593294 0.740778 0.999932
BD_Bo
 0.549248 0.298958 0.331762 0.356917 0.426559 0.73016 1.07669 1.28764 1.17193 1.29696 1.33625 0.957686 0.590992 0.311326 0.14495 0.12225 0.147506 0.200617 0.239632 0.269236 0.427902 0.519649 0.648826 0.875811
BD_Brms
 1.89426 1.03105 1.14419 1.23094 1.47112 2.51819 3.71332 4.44085 4.04179 4.47298 4.60847 3.30289 2.03822 1.07371 0.499906 0.421618 0.508722 0.691892 0.826447 0.928545 1.47576 1.79218 2.23768 3.02051
S_f
 0.178149 1 1 1 1
 0.178149 1 1 1 1
 0.178149 1 1 1 1
 0.178149 1 1 1 1
 0.178149 1 1 1 1
 0.178149 1 1 1 1
 0.178149 1 1 1 1
 0.178149 1 1 1 1
 0.178149 1 1 1 1
 0.178149 1 1 1 1
 0.178149 1 1 1 1
 0.178149 1 1 1 1
 0.178149 1 1 1 1
 0.178149 1 1 1 1
 0.178149 1 1 1 1
 0.178149 1 1 1 1
 0.178149 1 1 1 1
 0.178149 1 1 1 1
 0.178149 1 1 1 1
 0.178149 1 1 1 1
 0.178149 1 1 1 1
 0.178149 1 1 1 1
 0.178149 1 1 1 1
 0.178149 1 1 1 1
Scru_reclas
 1 1 1 1 1
 1 1 1 1 1
 1 1 1 1 1
 1 1 1 1 1
 1 1 1 1 1
 1 1 1 1 1
 1 1 1 1 1
 1 1 1 1 1
 1 1 1 1 1
 1 1 1 1 1
 1 1 1 1 1
 1 1 1 1 1
 1 1 1 1 1
 1 1 1 1 1
 1 1 1 1 1
 1 1 1 1 1
 1 1 1 1 1
 1 1 1 1 1
 1 1 1 1 1
 1 1 1 1 1
 1 1 1 1 1
 1 1 1 1 1
 1 1 1 1 1
 1 1 1 1 1
Scru_pelaces
 1 1 1 1 1
 1 1 1 1 1
 1 1 1 1 1
 1 1 1 1 1
 1 1 1 1 1
 1 1 1 1 1
 1 1 1 1 1
 1 1 1 1 1
 1 1 1 1 1
 1 1 1 1 1
 1 1 1 1 1
 1 1 1 1 1
 1 1 1 1 1
 1 1 1 1 1
 1 1 1 1 1
 1 1 1 1 1
 1 1 1 1 1
 1 1 1 1 1
 1 1 1 1 1
 1 1 1 1 1
 1 1 1 1 1
 1 1 1 1 1
 1 1 1 1 1
 1 1 1 1 1
pf_obs 
 0.256992 0.487395 0.22802 0.0275931 0
 0.321318 0.546541 0.124235 0.00734118 0.000564706
 0.182869 0.594174 0.210203 0.0122559 0.00049798
 0.330522 0.361315 0.267642 0.0388342 0.00168674
 0.649043 0.306663 0.0425973 0.00169635 0
 0.582887 0.30429 0.105238 0.00758474 0
 0.465427 0.430635 0.0974691 0.00646863 0
 0.296916 0.608066 0.0921331 0.00288517 0
 0.311714 0.524322 0.152257 0.0117073 0
 0.15457 0.633149 0.183074 0.0267441 0.00246327
 0.131901 0.49318 0.331252 0.0422183 0.00144891
 0.196976 0.569456 0.194076 0.0375587 0.00193317
 0.518974 0.381816 0.0799577 0.0180837 0.00116848
 0.0928022 0.601141 0.25162 0.0475244 0.00691264
 0.122501 0.610282 0.24278 0.0234846 0.000952079
 0.383417 0.481906 0.127806 0.00687128 0
 0.0376549 0.599619 0.316969 0.0457579 0
 0.0361596 0.667082 0.258105 0.0386534 0
 0.158088 0.579412 0.248529 0.0139706 0
 0.0477256 0.309471 0.559284 0.082774 0.000745712
 0.0406174 0.521527 0.379366 0.0568643 0.0016247
 0.151134 0.462217 0.34131 0.0453401 0
 0.294876 0.26143 0.354403 0.0886775 0.000613685
 0.281977 0.475581 0.204845 0.0348837 0.00271318
pf_pred 
 0.28582 0.499182 0.191776 0.0232111 1.0803e-05
 0.313498 0.508009 0.124759 0.0479298 0.00580375
 0.169823 0.633838 0.14529 0.0356807 0.0153677
 0.342035 0.414094 0.186195 0.04268 0.0149959
 0.333286 0.506216 0.10101 0.0454187 0.0140689
 0.164204 0.618312 0.165129 0.0329499 0.019405
 0.270331 0.404916 0.240249 0.0641618 0.0203428
 0.234454 0.529933 0.130749 0.0775771 0.0272868
 0.275128 0.483506 0.167081 0.0412232 0.0330621
 0.244014 0.540216 0.143923 0.0497342 0.0221122
 0.114154 0.593702 0.208762 0.055618 0.0277645
 0.110514 0.421491 0.313654 0.11029 0.0440512
 0.19547 0.370053 0.205881 0.153207 0.0753891
 0.169297 0.543274 0.132206 0.0735538 0.0816692
 0.24851 0.508042 0.159213 0.0387447 0.04549
 0.322543 0.521923 0.105148 0.032952 0.0174339
 0.21362 0.605736 0.13917 0.0280377 0.0134354
 0.218324 0.501799 0.215585 0.0495315 0.0147605
 0.222198 0.495213 0.181409 0.0779377 0.0232427
 0.343074 0.419669 0.151058 0.0553362 0.0308636
 0.268183 0.559429 0.110128 0.0396399 0.0226202
 0.246155 0.514683 0.182824 0.0359904 0.020347
 0.279086 0.475732 0.167397 0.0594622 0.0183233
 0.183115 0.571394 0.161999 0.0570031 0.026488
pobs_RECLAS
 0 0 0 0 0
 0 0 0 0 0
 0 0 0 0 0
 0 0 0 0 0
 0.835266 0.146461 0.0176864 0.000547809 3.91292e-05
 0.385257 0.428462 0.181853 0.0044286 0
 0.867414 0.0963971 0.0333333 0.00285562 0
 0.441836 0.489002 0.0689373 0.000224442 0
 0.779404 0.147425 0.0564933 0.0165055 0.000172143
 0.814271 0.122319 0.05973 0.00367925 0
 0.40263 0.566651 0.0304383 0.000280538 0
 0.475488 0.404961 0.113038 0.00651328 0
 0.955842 0.0263864 0.0167828 0.000988607 0
 0.975058 0.0227948 0.00214734 0 0
 0.738997 0.206755 0.0527124 0.00153531 0
 0.850938 0.134255 0.0134407 0.00136685 0
 0.542534 0.407297 0.0501686 0 0
 0.764087 0.199537 0.0359546 0.000420521 0
 0.470689 0.182191 0.310203 0.0369168 0
 0.84361 0.089868 0.0606195 0.00523954 0.000663233
 0.607945 0.314616 0.071237 0.00620181 0
 0.523733 0.453247 0.0230204 0 0
 0.530135 0.295979 0.169645 0.0042399 0
 0.562478 0.366248 0.0663022 0.0049721 0
ppred_RECLAS
 0.698979 0.210401 0.080832 0.00978327 4.55335e-06
 0.725792 0.202913 0.049832 0.0191445 0.00231818
 0.550048 0.343537 0.0787464 0.0193388 0.00832922
 0.746484 0.159552 0.0717413 0.0164447 0.00577795
 0.737529 0.199286 0.0397657 0.0178804 0.00553864
 0.52822 0.349018 0.0932101 0.0185992 0.0109535
 0.677284 0.179085 0.106256 0.0283773 0.00899715
 0.636767 0.251441 0.062037 0.0368084 0.0129469
 0.685078 0.21006 0.0725884 0.0179095 0.0143639
 0.647566 0.251844 0.0670958 0.0231857 0.0103085
 0.427087 0.383971 0.135015 0.0359704 0.0179564
 0.4174 0.27607 0.205439 0.0722381 0.0288529
 0.589002 0.189043 0.105175 0.0782667 0.0385129
 0.560999 0.287103 0.069867 0.0388709 0.0431596
 0.674151 0.220289 0.0690354 0.0167999 0.0197246
 0.733889 0.205016 0.0413032 0.0129438 0.00684818
 0.60893 0.301236 0.0692101 0.0139433 0.00668147
 0.613776 0.247938 0.10652 0.0244734 0.00729314
 0.618682 0.242779 0.0889359 0.038209 0.0113947
 0.747952 0.161018 0.0579575 0.0212313 0.0118417
 0.673991 0.249213 0.0490596 0.0176587 0.0100768
 0.648476 0.240001 0.0852524 0.0167826 0.00948793
 0.686548 0.206847 0.0727837 0.025854 0.00796692
 0.559228 0.308311 0.0874111 0.0307575 0.0142923
pobs_PELACES
 0 0 0 0 0
 0 0 0 0 0
 0 0 0 0 0
 0 0 0 0 0
 0 0 0 0 0
 0 0 0 0 0
 0 0 0 0 0
 0 0 0 0 0
 0 0 0 0 0
 0 0 0 0 0
 0.450072 0.473896 0.0757376 0.000293798 0
 0 0 0 0 0
 0.463077 0.371075 0.160297 0.00555027 0
 0.529543 0.364841 0.0842815 0.0213345 0
 0.631943 0.363953 0.00410389 0 0
 0.735681 0.248677 0.0153453 0.000297389 0
 0.695825 0.281241 0.0229344 0 0
 0.275771 0.60734 0.115278 0.00161068 0
 0 0 0 0 0
 0.896147 0.0623911 0.0374545 0.00400742 0
 0.803859 0.145111 0.0509908 3.86294e-05 0
 0.739449 0.233085 0.0266225 0.000797448 4.60066e-05
 0.878498 0.100942 0.0204185 0.000141795 0
 0.694673 0.275183 0.0284847 0.00165964 0
ppred_PELACES
 0.726465 0.19119 0.0734513 0.00888997 4.13759e-06
 0.751091 0.184192 0.0452345 0.0173782 0.0021043
 0.602941 0.303154 0.0694896 0.0170655 0.0073501
 0.754973 0.154209 0.0693392 0.0158941 0.00558449
 0.739022 0.198153 0.0395395 0.0177787 0.00550714
 0.545877 0.335955 0.0897216 0.0179031 0.0105436
 0.687191 0.173587 0.102995 0.0275062 0.00872095
 0.656875 0.237522 0.0586028 0.0347708 0.0122302
 0.70474 0.196945 0.0680565 0.0167913 0.0134671
 0.662592 0.241107 0.0642352 0.0221971 0.00986902
 0.457863 0.363345 0.127762 0.0340381 0.0169918
 0.445393 0.262806 0.195568 0.0687672 0.0274665
 0.6324 0.169082 0.0940697 0.0700024 0.0344463
 0.638512 0.236411 0.0575308 0.0320076 0.0355391
 0.740048 0.175739 0.0550743 0.0134024 0.0157357
 0.758314 0.186199 0.0375122 0.0117558 0.00621962
 0.630858 0.284345 0.0653294 0.0131615 0.00630683
 0.628958 0.238192 0.102333 0.0235114 0.00700645
 0.632035 0.234277 0.0858215 0.036871 0.0109957
 0.758918 0.154012 0.0554359 0.0203076 0.0113265
 0.679782 0.244787 0.0481881 0.0173451 0.00989782
 0.656037 0.234839 0.0834189 0.0164216 0.00928388
 0.695117 0.201192 0.070794 0.0251473 0.00774913
 0.569521 0.301111 0.0853699 0.0300393 0.0139586
pobs_pel_tallas
 0 0 0 0 0 0 0 0 0 0 0 0 0 0 0 0 0 0 0 0 0 0 0 0 0 0 0 0 0 0 0 0 0 0 0 0
 0 0 0 0 0 0 0 0 0 0 0 0 0 0 0 0 0 0 0 0 0 0 0 0 0 0 0 0 0 0 0 0 0 0 0 0
 0 0 0 0 0 0 0 0 0 0 0 0 0 0 0 0 0 0 0 0 0 0 0 0 0 0 0 0 0 0 0 0 0 0 0 0
 0 0 0 0 0 0 0 0 0 0 0 0 0 0 0 0 0 0 0 0 0 0 0 0 0 0 0 0 0 0 0 0 0 0 0 0
 0 0 0 0 0 0 0 0 0 0 0 0 0 0 0 0 0 0 0 0 0 0 0 0 0 0 0 0 0 0 0 0 0 0 0 0
 0 0 0 0 0 0 0 0 0 0 0 0 0 0 0 0 0 0 0 0 0 0 0 0 0 0 0 0 0 0 0 0 0 0 0 0
 0 0 0 0 0 0 0 0 0 0 0 0 0 0 0 0 0 0 0 0 0 0 0 0 0 0 0 0 0 0 0 0 0 0 0 0
 0 0 0 0 0 0 0 0 0 0 0 0 0 0 0 0 0 0 0 0 0 0 0 0 0 0 0 0 0 0 0 0 0 0 0 0
 0 0 0 0 0 0 0 0 0 0 0 0 0 0 0 0 0 0 0 0 0 0 0 0 0 0 0 0 0 0 0 0 0 0 0 0
 0 0 0 0 0 0 0 0 0 0 0 0 0 0 0 0 0 0 0 0 0 0 0 0 0 0 0 0 0 0 0 0 0 0 0 0
 0 0 0 0 0 0 0 0 1.78061e-05 0.00172719 0.00360574 0.0105946 0.0120993 0.0124554 0.0147524 0.0171206 0.0266825 0.0428682 0.0675386 0.121331 0.153587 0.119568 0.100827 0.0573624 0.0630603 0.0341343 0.0324427 0.0444173 0.0211091 0.0280891 0.0125444 0.00206551 0 0 0 0
 0 0 0 0 0 0 0 0 0 0 0 0 0 0 0 0 0 0 0 0 0 0 0 0 0 0 0 0 0 0 0 0 0 0 0 0
 0 0 0 0 0 0 0.0133647 0.0140871 0.0187388 0.0205184 0.03894 0.0496705 0.03968 0.0493445 0.0407372 0.0367815 0.0215668 0.0243155 0.0234873 0.0199281 0.019796 0.0243948 0.0301388 0.0376714 0.0412746 0.0863199 0.0771752 0.113111 0.0741005 0.0525337 0.0229764 0.00759418 0.00175318 0 0 0
 0 0 0 0 0 0 0 0 0 0 0.00219441 0.00772107 0.0458388 0.0604681 0.0671733 0.0775358 0.0609151 0.0617685 0.073594 0.0568108 0.0755445 0.0548602 0.0670107 0.0636378 0.0643287 0.046367 0.0373049 0.0286899 0.0247887 0.0153202 0.00654259 0.00121912 0.000365735 0 0 0
 0 0 0 0 0 0 0 0 0 0 0 0 0.000112435 0.00938835 0.0111873 0.0202946 0.0414886 0.0713402 0.111592 0.104902 0.108894 0.110636 0.117776 0.105296 0.107544 0.0401394 0.0192827 0.0124803 0.00416011 0.0028671 0.000618394 0 0 0 0 0
 0 0 0 0 0 0 0 0 0 0 0.00291406 0.0102884 0.027416 0.0768956 0.0749926 0.110853 0.0956884 0.0897413 0.0766577 0.0534642 0.0500743 0.0551293 0.0594112 0.0620874 0.0668451 0.0424026 0.0208742 0.0120726 0.0048766 0.00582813 0.00118941 0.000297354 0 0 0 0
 0 0.00264628 0.0354308 0.0461629 0.0458689 0.0383711 0.0214643 0.0164657 0.0346957 0.0420465 0.0363128 0.0245516 0.0311673 0.0291091 0.0169068 0.0133784 0.00837989 0.0085269 0.0148486 0.0160247 0.0276389 0.0546898 0.0760071 0.122758 0.109233 0.0665981 0.0333725 0.0166128 0.00676272 0.00308733 0.000882094 0 0 0 0 0
 0 0 0 0 0 0 0 0.000805153 0.000690131 0.00759144 0.0133425 0.0154129 0.00931677 0.000345066 0.00356568 0.00563607 0.00851162 0.0253048 0.0502646 0.0516448 0.0657925 0.0565908 0.0611916 0.0827007 0.0866115 0.110766 0.145733 0.0935128 0.0569358 0.0249597 0.0138026 0.00621118 0.00161031 0.00115022 0 0
 0 0 0 0 0 0 0 0 0 0 0 0 0 0 0 0 0 0 0 0 0 0 0 0 0 0 0 0 0 0 0 0 0 0 0 0
 0.00147267 0.00158595 0.00478618 0.00569244 0.00954404 0.0108468 0.00647125 0.017049 0.0510054 0.094081 0.124002 0.0959785 0.0687766 0.0820023 0.061753 0.0591476 0.0492212 0.0479892 0.0443925 0.0268479 0.0217502 0.0140895 0.0121071 0.0120363 0.00920419 0.00665534 0.0049561 0.00860946 0.00930331 0.0156896 0.0114698 0.00855282 0.00243557 0.00046729 0 2.83206e-05
 0 0 0 0 0.000772559 0.00158375 0.000888443 0.00281984 0.00712685 0.0440552 0.0773331 0.111326 0.0921469 0.0852325 0.0710754 0.0886704 0.0786465 0.0553345 0.0373146 0.0185414 0.00753245 0.00457741 0.012979 0.0271748 0.0457355 0.0583668 0.034881 0.0177882 0.00938659 0.00492506 0.0015258 0.00185414 0.000309023 5.79419e-05 3.86279e-05 0
 0 0.00173294 0.00326652 0 0.00397197 0.00683976 0.00946217 0.0152591 0.00757587 0.0136028 0.0228656 0.0392903 0.0559909 0.0764795 0.0681675 0.0726916 0.0566044 0.0477403 0.0527397 0.0444891 0.0609904 0.0582453 0.0661739 0.0445044 0.0529084 0.0360697 0.0280645 0.0235558 0.0158879 0.00826598 0.00280645 0.00217768 0.000904811 0.00058276 9.20147e-05 0
 0 0 0 0 0 0 0 0 0 0 0 0 0 0 0 0 0 0 0 0 0 0 0 0 0 0 0 0 0 0 0 0 0 0 0 0
 0 0 0 0 0 0 0 0 0 0 0 0 0 0 0 0 0 0 0 0 0 0 0 0 0 0 0 0 0 0 0 0 0 0 0 0
ppred_pel_tallas
 1.01411e-16 3.16978e-05 0.000186038 0.000884332 0.00340471 0.0106173 0.0268184 0.0548742 0.0909609 0.12216 0.132941 0.117278 0.0839841 0.0490793 0.0239421 0.0107577 0.00607993 0.0058456 0.00755918 0.0101088 0.0130094 0.0159339 0.0185646 0.0206012 0.021815 0.0220968 0.0214765 0.0201053 0.0182106 0.0160382 0.0138028 0.011659 0.00969606 0.00794978 0.00642294 0.0051035
 1.01398e-16 3.27713e-05 0.00019234 0.000914298 0.00352009 0.0109771 0.0277273 0.0567337 0.0940428 0.126298 0.13744 0.121238 0.0867989 0.0506826 0.024646 0.0109397 0.00599176 0.00559277 0.00715749 0.00953691 0.0122376 0.0149373 0.0173303 0.0191326 0.0201336 0.0202416 0.019502 0.0180775 0.0162012 0.014119 0.0120394 0.0101047 0.00838734 0.00690354 0.00563596 0.00455476
 1.02016e-16 2.63161e-05 0.000154432 0.000734052 0.00282606 0.00881274 0.0222605 0.0455492 0.0755079 0.10142 0.110405 0.09748 0.0699861 0.0412616 0.020805 0.0104941 0.00753187 0.00858956 0.0115982 0.0155752 0.0199864 0.0243655 0.02822 0.0310842 0.0326139 0.0326635 0.0313149 0.0288451 0.0256484 0.022139 0.0186681 0.015475 0.0126795 0.0103053 0.00831689 0.00665617
 1.01842e-16 3.29394e-05 0.00019333 0.000919008 0.00353824 0.0110337 0.0278702 0.057026 0.0945264 0.126945 0.138137 0.121837 0.087194 0.0508448 0.0245977 0.0107042 0.00556439 0.00494326 0.00624827 0.00834446 0.0107709 0.0132507 0.0155276 0.0173591 0.0185573 0.0190259 0.0187764 0.0179147 0.0166056 0.0150293 0.0133437 0.011663 0.0100553 0.00855259 0.00716652 0.0059017
 1.01495e-16 3.22455e-05 0.000189253 0.000899616 0.00346356 0.0108008 0.0272819 0.0558227 0.0925331 0.124272 0.135239 0.119306 0.0854359 0.0499276 0.0243549 0.0109395 0.00617326 0.00591877 0.00763149 0.0101728 0.0130407 0.0158951 0.0184085 0.0202774 0.0212789 0.0213201 0.0204566 0.0188706 0.0168196 0.0145726 0.0123558 0.0103208 0.00854076 0.0070261 0.00575003 0.00467249
 1.02491e-16 2.38292e-05 0.000139828 0.000664619 0.00255871 0.00797902 0.0201546 0.0412407 0.0683675 0.0918352 0.0999864 0.0883177 0.0634879 0.0375915 0.0192529 0.010202 0.00793636 0.00946528 0.0129215 0.0173955 0.0223528 0.0272916 0.0316691 0.034968 0.0368023 0.0370028 0.0356501 0.0330394 0.0295959 0.0257691 0.0219419 0.0183778 0.0152129 0.0124804 0.0101516 0.00817315
 1.02872e-16 2.99846e-05 0.000175981 0.000836525 0.00322065 0.0100433 0.0253686 0.0519076 0.0860434 0.115556 0.125753 0.110937 0.0794414 0.046422 0.0226424 0.0101715 0.00575353 0.00555241 0.00721934 0.00971916 0.0126134 0.0156139 0.0184384 0.0208121 0.0225138 0.0234183 0.0235145 0.0228928 0.0217089 0.020139 0.0183412 0.0164349 0.0144994 0.0125844 0.0107256 0.00895538
 1.02676e-16 2.86651e-05 0.000168229 0.000799659 0.00307869 0.00960056 0.0242503 0.0496201 0.0822536 0.110472 0.120237 0.106108 0.0760663 0.0446158 0.02207 0.0104342 0.00662138 0.00697851 0.00925218 0.0124134 0.0159686 0.0195398 0.0227432 0.025216 0.0266872 0.0270358 0.0263132 0.0247178 0.0225355 0.0200661 0.0175609 0.0151882 0.01303 0.0111019 0.00938324 0.00784338
 1.02237e-16 3.07507e-05 0.000180477 0.000857893 0.00330292 0.0102998 0.0260166 0.0532337 0.0882419 0.11851 0.128971 0.113783 0.0814963 0.047656 0.0233051 0.0105689 0.00611061 0.00599329 0.00779828 0.0104449 0.0134555 0.0165011 0.0192592 0.0214249 0.0227664 0.0231736 0.0226774 0.0214304 0.0196597 0.0176076 0.0154817 0.013426 0.0115183 0.00978407 0.00821987 0.00681275
 1.02215e-16 2.89146e-05 0.000169693 0.000806619 0.00310548 0.00968412 0.0244614 0.050052 0.0829696 0.111434 0.121284 0.107033 0.0767306 0.0450083 0.0222694 0.0105368 0.00669696 0.00706447 0.00936514 0.0125586 0.0161436 0.0197341 0.0229378 0.0253838 0.0267953 0.027049 0.0261989 0.0244506 0.0221014 0.0194647 0.0168061 0.0143068 0.0120589 0.0100841 0.00836307 0.00686232
 1.03896e-16 1.99926e-05 0.000117301 0.000557516 0.00214633 0.00669302 0.0169063 0.0345947 0.0573526 0.0770474 0.0839073 0.0741655 0.0534246 0.0318547 0.0167247 0.00952778 0.00820899 0.0102954 0.0142354 0.0192474 0.0248233 0.0304435 0.0355285 0.0395166 0.0419792 0.0427115 0.0417694 0.0394343 0.0361255 0.0322922 0.0283198 0.0244785 0.0209156 0.0176829 0.0147768 0.0121754
 1.06509e-16 1.94448e-05 0.000114095 0.000542291 0.00208775 0.00651034 0.0164448 0.0336496 0.0557835 0.0749324 0.0815853 0.0720688 0.0518182 0.0307054 0.0157743 0.00844806 0.00670408 0.00813031 0.011242 0.0153457 0.0200589 0.0250232 0.0298316 0.0340691 0.0373866 0.0395645 0.0405413 0.0403969 0.039305 0.0374723 0.0350897 0.0323076 0.0292385 0.0259739 0.0226044 0.0192303
 1.05406e-16 2.75952e-05 0.000161953 0.000769838 0.00296389 0.0092426 0.0233461 0.0477695 0.0791843 0.106345 0.115733 0.102105 0.0731337 0.0427703 0.0209261 0.00951304 0.00554448 0.00550063 0.0072303 0.00978958 0.0127809 0.0159416 0.0190107 0.0217305 0.0238895 0.0253598 0.0261136 0.0262089 0.025756 0.0248767 0.0236727 0.0222121 0.0205352 0.0186703 0.016652 0.0145322
 1.03655e-16 2.78643e-05 0.000163528 0.000777309 0.00299264 0.00933222 0.0235725 0.0482333 0.0799548 0.107386 0.116879 0.103149 0.0739529 0.043393 0.0214966 0.0102164 0.00655572 0.00696734 0.00926387 0.0124464 0.0160344 0.0196578 0.022939 0.0255208 0.0271355 0.0276622 0.0271483 0.0257837 0.0238416 0.0216058 0.01931 0.0171055 0.0150602 0.0131801 0.0114408 0.0098146
 1.02035e-16 3.22894e-05 0.000189512 0.000900854 0.00346834 0.0108157 0.0273196 0.0558995 0.0926598 0.12444 0.135417 0.119451 0.0855152 0.0499235 0.0242595 0.0107397 0.00584451 0.00542769 0.00694575 0.0092733 0.0119339 0.0146219 0.0170478 0.0189405 0.0200956 0.0204183 0.0199403 0.0188024 0.0172108 0.0153843 0.0135085 0.0117106 0.0100561 0.00856313 0.00722304 0.00601923
 1.01288e-16 3.30863e-05 0.00019419 0.000923089 0.00355394 0.0110826 0.0279939 0.0572793 0.0949471 0.127512 0.138761 0.122403 0.0876318 0.0511664 0.0248763 0.0110329 0.0060284 0.00561135 0.0071694 0.00953998 0.0122224 0.0148894 0.0172315 0.0189627 0.0198737 0.0198778 0.0190286 0.0174993 0.0155346 0.0133902 0.0112816 0.00935362 0.00767669 0.00626107 0.0050808 0.00409644
 1.01767e-16 2.75326e-05 0.000161576 0.000768018 0.00295685 0.0092206 0.0232906 0.0476569 0.0790008 0.106109 0.115501 0.10196 0.0731607 0.043049 0.0215502 0.0106139 0.00729799 0.00810858 0.0108787 0.0145923 0.0187185 0.0228124 0.0264102 0.0290745 0.0304823 0.0304975 0.0291981 0.0268455 0.0238119 0.0204885 0.0172072 0.0141949 0.0115655 0.00934204 0.0074909 0.00595617
 1.02666e-16 2.7448e-05 0.000161083 0.000765684 0.00294788 0.00919263 0.02322 0.0475119 0.0787593 0.105781 0.115134 0.101614 0.0728637 0.0427766 0.0212342 0.0101652 0.00662384 0.00712234 0.00951114 0.0128086 0.0165396 0.0203311 0.023797 0.0265648 0.0283459 0.0289948 0.0285339 0.0271321 0.0250501 0.0225714 0.0199438 0.0173459 0.0148827 0.0126015 0.0105161 0.00862867
 1.03076e-16 2.7582e-05 0.00016187 0.000769427 0.00296229 0.00923757 0.0233335 0.0477441 0.079144 0.106297 0.115695 0.102105 0.0732084 0.0429637 0.0212987 0.0101482 0.00654914 0.00699398 0.0093215 0.0125467 0.0161965 0.0199045 0.0232935 0.0260015 0.0277504 0.0284035 0.0279884 0.0266749 0.0247196 0.0223977 0.0199446 0.0175243 0.0152267 0.0130853 0.0111034 0.00927727
 1.02065e-16 3.31113e-05 0.00019434 0.000923809 0.00355672 0.0110913 0.0280158 0.0573239 0.0950201 0.127608 0.138858 0.122472 0.0876453 0.0511024 0.0247116 0.0107349 0.00555179 0.00490331 0.00618162 0.00824462 0.0106288 0.0130571 0.0152752 0.0170445 0.0181827 0.0186011 0.0183191 0.0174498 0.0161631 0.0146407 0.0130376 0.0114611 0.00996907 0.00858174 0.00729941 0.00611754
 1.01823e-16 2.96643e-05 0.000174094 0.000827542 0.00318604 0.00993534 0.025096 0.0513504 0.0851217 0.114324 0.124428 0.109805 0.0787113 0.046157 0.0228129 0.010751 0.00677273 0.00709251 0.00937227 0.0125404 0.0160799 0.0195943 0.0226835 0.0249732 0.0261886 0.0262162 0.0251261 0.0231453 0.020594 0.0178065 0.0150634 0.0125529 0.0103651 0.00851184 0.00695829 0.00565278
 1.02259e-16 2.86286e-05 0.000168014 0.000798639 0.00307476 0.00958831 0.0242194 0.0495568 0.0821486 0.110331 0.120083 0.105972 0.075968 0.0445568 0.0220387 0.0104167 0.00660864 0.00696761 0.00924547 0.0124176 0.0159945 0.0196012 0.0228549 0.0253905 0.0269305 0.0273432 0.0266665 0.0250854 0.0228752 0.0203314 0.0177087 0.0151865 0.0128638 0.0107759 0.00892058 0.00728137
 1.02297e-16 3.03313e-05 0.000178014 0.000846184 0.00325783 0.0101592 0.0256615 0.0525071 0.0870377 0.116893 0.127214 0.112237 0.0803983 0.047033 0.0230361 0.0105076 0.00615988 0.006113 0.00798261 0.0107013 0.0137928 0.0169243 0.0197672 0.0220098 0.0234142 0.023866 0.0233941 0.0221514 0.0203665 0.0182842 0.0161143 0.0140034 0.0120315 0.0102271 0.00858972 0.00710988
 1.02995e-16 2.48588e-05 0.000145876 0.000693377 0.00266945 0.00832437 0.0210269 0.0430252 0.0713243 0.0958025 0.104294 0.0920948 0.0661426 0.0390417 0.0197717 0.0101161 0.00744341 0.00861973 0.011698 0.0157523 0.0202729 0.0248065 0.0288689 0.0319975 0.0338446 0.0342528 0.0332841 0.0311888 0.0283309 0.0250954 0.0218085 0.0186938 0.0158658 0.0133541 0.0111391 0.00918492
pSPR Fmed_Fpbrs
0.646644   0.339954 0.339954
Fs Fmed_Fpbrs
0.287029   1.005 1.005
SSBpbr Bo_Bmed_Bpbrs
1.10632e+06  660077  320781 320781
Ro
47098.7
SPR SPRFo_SPRFmed_SPRFpbrs
968989 626591 329412
log_Ro
10.58
likeval ReclasPelacesDesembMPH_pf_preclas_ppelaces_ptallas_desvR_qrecl_qpela
 67.8232 33.3538 0.00609466 0.00110087 285.997 168.279 80.431 0 15.1514 5.62996e-05 0 0 0 0 0
q_reclas_q_pelaces
0.345332 1
M
0.7
N
 38743.9 14294.6 5491.71 664.674 0.309354
 51658.4 17614.9 4325.91 1661.93 201.241
 27131.2 23536.7 5395.15 1324.96 570.659
 51034.8 11684.1 5253.69 1204.26 423.125
 89978.2 24599.1 4908.51 2207.08 683.667
 60416.8 44455.7 11872.5 2369.04 1395.19
 101049 28634.5 16989.7 4537.35 1438.59
 107920 48695.3 12014.4 7128.51 2507.37
 143331 50580.2 17478.5 4312.42 3458.67
 155688 66968.4 17841.6 6165.35 2741.16
 68135.8 74007.7 26023.2 6933.04 3460.97
 39644.7 31172.3 23197 8156.71 3257.9
 43147.9 18264.8 10161.7 7561.89 3721
 22738.7 19003.7 4624.58 2572.91 2856.79
 17224.4 9128.91 2860.87 696.196 817.401
 20418.7 6935.53 1397.25 437.879 231.668
 16354.1 9315.74 2140.33 431.198 206.625
 17150.2 7639.55 3282.13 754.084 224.719
 19081 8163.03 2990.32 1284.71 383.129
 38769.1 9127.12 3285.26 1203.47 671.233
 48116.8 18519.8 3645.77 1312.28 748.84
 60323.4 23482.1 8341.25 1642.04 928.318
 91536.1 29307 10312.3 3663.11 1128.79
 75368.8 44273.2 12552.1 4416.75 2052.36
pred_Ctot
 2365.06 4130.56 1586.88 192.064 0.0893907
 3079.76 4990.6 1225.61 470.854 57.0151
 2612 9748.86 2234.66 548.794 236.366
 1079.36 1306.76 587.576 134.685 47.3225
 327.616 497.604 99.292 44.646 13.8296
 1985.89 7477.9 1997.08 398.498 234.685
 2152.83 3224.62 1913.27 510.965 162.004
 4375.48 9889.83 2440.08 1447.78 509.238
 6114.73 10745.9 3713.37 916.186 734.806
 4798.35 10622.9 2830.14 977.984 434.819
 3874.9 20153 7086.35 1887.93 942.454
 2068.6 7889.5 5871 2064.41 824.553
 3533.27 6688.98 3721.45 2769.34 1362.72
 3170.8 10175.1 2476.12 1377.61 1529.6
 2371.48 4848.15 1519.34 369.733 434.102
 1199.01 1940.18 390.874 122.494 64.808
 700.043 1985.02 456.068 91.8809 44.0283
 513.18 1179.5 506.741 116.426 34.6951
 505.378 1126.34 412.606 177.266 52.8644
 1062.91 1300.22 468.007 171.443 95.6218
 597.247 1245.85 245.256 88.2786 50.3754
 940.713 1966.93 698.687 137.542 77.7585
 1714.83 2923.11 1028.56 365.362 112.586
 1472.63 4595.2 1302.81 458.424 213.019
F
 0.0882298 0.495259 0.495259 0.495259 0.495259
 0.0860891 0.483243 0.483243 0.483243 0.483243
 0.142453 0.799631 0.799631 0.799631 0.799631
 0.0297974 0.167262 0.167262 0.167262 0.167262
 0.00507428 0.0284834 0.0284834 0.0284834 0.0284834
 0.0466541 0.261883 0.261883 0.261883 0.261883
 0.0300193 0.168507 0.168507 0.168507 0.168507
 0.0578285 0.324608 0.324608 0.324608 0.324608
 0.060932 0.342029 0.342029 0.342029 0.342029
 0.043688 0.245234 0.245234 0.245234 0.245234
 0.0819746 0.460147 0.460147 0.460147 0.460147
 0.0749828 0.4209 0.4209 0.4209 0.4209
 0.119999 0.67359 0.67359 0.67359 0.67359
 0.212622 1.19351 1.19351 1.19351 1.19351
 0.20967 1.17694 1.17694 1.17694 1.17694
 0.0847447 0.475697 0.475697 0.475697 0.475697
 0.0611426 0.343211 0.343211 0.343211 0.343211
 0.0423918 0.237958 0.237958 0.237958 0.237958
 0.0374415 0.21017 0.21017 0.21017 0.21017
 0.0387797 0.217682 0.217682 0.217682 0.217682
 0.0173925 0.0976294 0.0976294 0.0976294 0.0976294
 0.0218947 0.122901 0.122901 0.122901 0.122901
 0.0263542 0.147934 0.147934 0.147934 0.147934
 0.0275005 0.154368 0.154368 0.154368 0.154368
nmprior
 10 10 8 0
nm_flota  nm_reclas  nm_pelaces    nm_pelaL
inf 16.9758 18.7107 33.6131
cv_recla  cv_pelaces  cv_mph
0.762458 0.679575 1.07648
 ------------------------------------------------
Talla a la edad & desviación 
 7.2 14.2025 17.0495 18.207 18.6776
 1.08 2.13037 2.55742 2.73105 2.80164
