years
 1997 1998 1999 2000 2001 2002 2003 2004 2005 2006 2007 2008 2009 2010 2011 2012 2013 2014 2015 2016 2017 2018 2019 2020
reclasobs
 0 0 0 370054 412103 1.49427e+06 250295 1.28982e+06 931140 785840 897777 1.04006e+06 184774 17550 25797 100020 73551 82996 120727 218422 84188 347160 605670 569463
reclaspred
 1.18786e+06 167320 215305 112154 258257 260732 555029 464544 638805 1.01091e+06 852749 558244 356106 153988 94506.4 88843.4 101547 119836 105125 182286 302472 271417 410277 315258
pelacesobs
 0 0 0 0 0 0 0 0 0 2.06254e+06 1.5e+06 0 1.87456e+06 323000 250000 174000 83755 137374 0 501740 490994 745055 786931 1.00524e+06
pelacespred
 981443 321369 109244 118739 243333 189806 540909 459923 632271 999488 766548 521581 338779 117383 70831.2 71890.6 85994.4 103753 92269.5 156326 294369 257404 308348 284473
mphobs
 0 0 0 0 0 112323 0 153150 637223 0 255016 313432 73983 77613 109348 50772 0 0 0 0 0 0 0 0
mphpred
 1.41936e+06 599396 292603 138204 164778 378599 438682 534083 582667 814272 1.29288e+06 930289 541361 296601 125648 96680 110237 135808 144158 144040 283649 367929 434752 493422
desembarqueobs
 350755 77701 442110 56441 14545 235359 269955 359681 431902 328805 639364 411747 362871 311530 167758 66681 60226 58785 57116 71774 51957 67425 138520 160799
desembarquepred
 350741 77676.8 441583 56422.1 14544.3 235278 269898 359280 431583 328611 638799 411477 362447 311172 167469 66643 60214.2 58753.9 57081 71725.7 51946.7 67393.8 138459 160740
Reclutas
 12797.5 21628.2 3540.83 21079.2 56681.8 22040.7 53694.4 77224.9 106071 206020 59872.8 29893.9 49594.3 21821.4 14726.2 15862.7 11058.2 10409.7 9363.79 29871.2 34111.6 38373.9 46824.6 15993.6
log_desv_Rt
 -0.762994 -0.238246 -2.04788 -0.263959 0.725208 -0.219354 0.671064 1.03448 1.35187 2.01573 0.779978 0.0854114 0.591632 -0.229354 -0.622614 -0.548272 -0.909074 -0.969503 -1.07539 0.0846486 0.217392 0.335133 0.534164 -0.540054
SSB
 1.41936e+06 599396 292603 138204 164778 378599 438682 534083 582667 814272 1.29288e+06 930289 541361 296601 125648 96680 110237 135808 144158 144040 283649 367929 434752 493422
BT
 1.98209e+06 739251 436932 275653 447638 522788 1.16089e+06 1.2131e+06 1.52335e+06 2.09482e+06 1.927e+06 1.30363e+06 964566 508229 266921 183537 202723 233135 214931 338490 568127 524386 648221 648019
Ftot
 0.179305 0.319592 1.13536 0.546148 0.0809593 0.598026 0.510006 0.92791 0.826001 0.431012 0.519794 0.478895 0.847545 1.4477 1.60692 0.702639 0.530678 0.409991 0.4081 0.474623 0.161746 0.195847 0.253279 0.328522
BD_Bspro_t
 0.972486 0.807995 0.580809 0.258627 0.439884 0.693077 0.556992 0.559305 0.539608 0.572259 0.647461 0.492044 0.366454 0.273275 0.156292 0.152206 0.225154 0.33849 0.407517 0.46679 0.655057 0.758877 0.756477 0.717886
BD_Bspro
 2.51358 1.06148 0.518178 0.244748 0.29181 0.670471 0.776873 0.945821 1.03186 1.44202 2.28959 1.64747 0.958709 0.525258 0.222512 0.171213 0.195222 0.240505 0.255293 0.255085 0.502321 0.651575 0.769912 0.873813
BD_Bo
 1.53022 0.646214 0.315458 0.148998 0.177649 0.408171 0.472947 0.5758 0.628178 0.877874 1.39386 1.00295 0.583645 0.319768 0.135462 0.104231 0.118848 0.146416 0.155418 0.155291 0.305804 0.396668 0.468709 0.531962
BD_Brms
 5.12825 2.16566 1.0572 0.499339 0.595355 1.36791 1.58499 1.92968 2.10522 2.94202 4.67126 3.3612 1.95597 1.07164 0.453973 0.349311 0.398296 0.490683 0.520853 0.520428 1.02484 1.32935 1.57079 1.78277
S_f
 0.150996 1 1 1 1
 0.150996 1 1 1 1
 0.150996 1 1 1 1
 0.150996 1 1 1 1
 0.150996 1 1 1 1
 0.150996 1 1 1 1
 0.150996 1 1 1 1
 0.150996 1 1 1 1
 0.150996 1 1 1 1
 0.150996 1 1 1 1
 0.150996 1 1 1 1
 0.150996 1 1 1 1
 0.150996 1 1 1 1
 0.150996 1 1 1 1
 0.150996 1 1 1 1
 0.150996 1 1 1 1
 0.150996 1 1 1 1
 0.150996 1 1 1 1
 0.150996 1 1 1 1
 0.150996 1 1 1 1
 0.150996 1 1 1 1
 0.150996 1 1 1 1
 0.150996 1 1 1 1
 0.150996 1 1 1 1
Scru_reclas
 0.986739 1 1 1 1
 0.986739 1 1 1 1
 0.986739 1 1 1 1
 0.986739 1 1 1 1
 0.986739 1 1 1 1
 0.986739 1 1 1 1
 0.986739 1 1 1 1
 0.986739 1 1 1 1
 0.986739 1 1 1 1
 0.986739 1 1 1 1
 0.986739 1 1 1 1
 0.986739 1 1 1 1
 0.986739 1 1 1 1
 0.986739 1 1 1 1
 0.986739 1 1 1 1
 0.986739 1 1 1 1
 0.986739 1 1 1 1
 0.986739 1 1 1 1
 0.986739 1 1 1 1
 0.986739 1 1 1 1
 0.986739 1 1 1 1
 0.986739 1 1 1 1
 0.986739 1 1 1 1
 0.986739 1 1 1 1
Scru_pelaces
 1 1 1 1 1
 1 1 1 1 1
 1 1 1 1 1
 1 1 1 1 1
 1 1 1 1 1
 1 1 1 1 1
 1 1 1 1 1
 1 1 1 1 1
 1 1 1 1 1
 1 1 1 1 1
 1 1 1 1 1
 1 1 1 1 1
 1 1 1 1 1
 1 1 1 1 1
 1 1 1 1 1
 1 1 1 1 1
 1 1 1 1 1
 1 1 1 1 1
 1 1 1 1 1
 1 1 1 1 1
 1 1 1 1 1
 1 1 1 1 1
 1 1 1 1 1
 1 1 1 1 1
pf_obs 
 0.256992 0.487395 0.22802 0.0275931 0
 0.321318 0.546541 0.124235 0.00734118 0.000564706
 0.182869 0.594174 0.210203 0.0122559 0.00049798
 0.330522 0.361315 0.267642 0.0388342 0.00168674
 0.649043 0.306663 0.0425973 0.00169635 0
 0.582887 0.30429 0.105238 0.00758474 0
 0.465427 0.430635 0.0974691 0.00646863 0
 0.296916 0.608066 0.0921331 0.00288517 0
 0.311714 0.524322 0.152257 0.0117073 0
 0.15457 0.633149 0.183074 0.0267441 0.00246327
 0.131901 0.49318 0.331252 0.0422183 0.00144891
 0.196976 0.569456 0.194076 0.0375587 0.00193317
 0.518974 0.381816 0.0799577 0.0180837 0.00116848
 0.0928022 0.601141 0.25162 0.0475244 0.00691264
 0.122501 0.610282 0.24278 0.0234846 0.000952079
 0.383417 0.481906 0.127806 0.00687128 0
 0.0376549 0.599619 0.316969 0.0457579 0
 0.0361596 0.667082 0.258105 0.0386534 0
 0.158088 0.579412 0.248529 0.0139706 0
 0.0477256 0.309471 0.559284 0.082774 0.000745712
 0.0406174 0.521527 0.379366 0.0568643 0.0016247
 0.151134 0.462217 0.34131 0.0453401 0
 0.294876 0.26143 0.354403 0.0886775 0.000613685
 0.281977 0.475581 0.204845 0.0348837 0.00271318
pf_pred 
 0.0360424 0.626799 0.297263 0.0398929 3.15363e-06
 0.111914 0.188758 0.454728 0.215657 0.0289436
 0.0362273 0.475755 0.103725 0.24988 0.134412
 0.446393 0.171229 0.188756 0.0411531 0.152468
 0.444651 0.485911 0.021477 0.0236754 0.0242857
 0.111148 0.752342 0.119441 0.00527923 0.0117892
 0.338759 0.348563 0.264656 0.0420166 0.00600429
 0.344944 0.532938 0.0643727 0.0488767 0.00886849
 0.351187 0.550436 0.0800371 0.00966755 0.00867223
 0.397455 0.509026 0.0793385 0.0115363 0.00264345
 0.0873348 0.769996 0.120526 0.0187856 0.00335746
 0.0806469 0.41401 0.426347 0.0667354 0.0122606
 0.235018 0.324184 0.198503 0.204419 0.0378759
 0.154864 0.640274 0.0868163 0.0531592 0.0648864
 0.234418 0.553378 0.160765 0.0217986 0.0296399
 0.306008 0.573982 0.0867456 0.025201 0.00806332
 0.186516 0.655597 0.130585 0.0197352 0.00756785
 0.192577 0.535929 0.2188 0.0435816 0.00911217
 0.181654 0.539124 0.185334 0.0756652 0.0182225
 0.439724 0.359839 0.132048 0.0453939 0.0229959
 0.25575 0.645878 0.0631801 0.0231848 0.0120078
 0.211235 0.560767 0.197863 0.019355 0.0107811
 0.216952 0.517511 0.188782 0.0666103 0.0101453
 0.0757945 0.623552 0.1987 0.0724832 0.0294705
pobs_RECLAS
 0 0 0 0 0
 0 0 0 0 0
 0 0 0 0 0
 0 0 0 0 0
 0.835266 0.146461 0.0176864 0.000547809 3.91292e-05
 0.385257 0.428462 0.181853 0.0044286 0
 0.867414 0.0963971 0.0333333 0.00285562 0
 0.441836 0.489002 0.0689373 0.000224442 0
 0.779404 0.147425 0.0564933 0.0165055 0.000172143
 0.814271 0.122319 0.05973 0.00367925 0
 0.40263 0.566651 0.0304383 0.000280538 0
 0.475488 0.404961 0.113038 0.00651328 0
 0.955842 0.0263864 0.0167828 0.000988607 0
 0.975058 0.0227948 0.00214734 0 0
 0.738997 0.206755 0.0527124 0.00153531 0
 0.850938 0.134255 0.0134407 0.00136685 0
 0.542534 0.407297 0.0501686 0 0
 0.764087 0.199537 0.0359546 0.000420521 0
 0.470689 0.182191 0.310203 0.0369168 0
 0.84361 0.089868 0.0606195 0.00523954 0.000663233
 0.607945 0.314616 0.071237 0.00620181 0
 0.523733 0.453247 0.0230204 0 0
 0.530135 0.295979 0.169645 0.0042399 0
 0.562478 0.366248 0.0663022 0.0049721 0
ppred_RECLAS
 0.197955 0.521517 0.247333 0.0331922 2.62393e-06
 0.456494 0.115519 0.278292 0.131982 0.0177134
 0.21438 0.387812 0.0845517 0.20369 0.109566
 0.845587 0.0477595 0.0526483 0.0114785 0.0425268
 0.840114 0.139894 0.00618325 0.00681618 0.00699187
 0.460442 0.456693 0.0725041 0.00320464 0.00715641
 0.776185 0.117981 0.0895804 0.0142217 0.00203232
 0.788291 0.172241 0.0208047 0.0157966 0.00286623
 0.790899 0.177396 0.0257945 0.00311568 0.0027949
 0.816009 0.155434 0.0242265 0.00352269 0.000807193
 0.393326 0.511838 0.080117 0.0124873 0.00223179
 0.371936 0.282834 0.291263 0.0455908 0.00837594
 0.682747 0.134445 0.0823233 0.0847765 0.0157079
 0.581903 0.31675 0.0429489 0.0262984 0.0321
 0.704649 0.213486 0.0620212 0.00840961 0.0114347
 0.752509 0.204693 0.0309351 0.00898716 0.00287553
 0.608601 0.315433 0.0628293 0.00949535 0.00364118
 0.615513 0.255204 0.104191 0.0207531 0.00433912
 0.598343 0.264611 0.0909649 0.0371377 0.00894388
 0.841178 0.102004 0.0374317 0.0128678 0.00651867
 0.693802 0.265726 0.0259934 0.00953864 0.00494022
 0.638945 0.256689 0.090571 0.0088597 0.00493503
 0.647623 0.232883 0.0849531 0.0299751 0.00456546
 0.353574 0.436137 0.138978 0.0506977 0.0206129
pobs_PELACES
 0 0 0 0 0
 0 0 0 0 0
 0 0 0 0 0
 0 0 0 0 0
 0 0 0 0 0
 0 0 0 0 0
 0 0 0 0 0
 0 0 0 0 0
 0 0 0 0 0
 0 0 0 0 0
 0.450072 0.473896 0.0757376 0.000293798 0
 0 0 0 0 0
 0.463077 0.371075 0.160297 0.00555027 0
 0.529543 0.364841 0.0842815 0.0213345 0
 0.631943 0.363953 0.00410389 0 0
 0.735681 0.248677 0.0153453 0.000297389 0
 0.695825 0.281241 0.0229344 0 0
 0.275771 0.60734 0.115278 0.00161068 0
 0 0 0 0 0
 0.896147 0.0623911 0.0374545 0.00400742 0
 0.803859 0.145111 0.0509908 3.86294e-05 0
 0.739449 0.233085 0.0266225 0.000797448 4.60066e-05
 0.878498 0.100942 0.0204185 0.000141795 0
 0.694673 0.275183 0.0284847 0.00165964 0
ppred_PELACES
 0.208245 0.514826 0.24416 0.0327664 2.59026e-06
 0.482114 0.110074 0.265174 0.12576 0.0168784
 0.275424 0.357679 0.077982 0.187863 0.101053
 0.866083 0.04142 0.0456599 0.00995488 0.0368818
 0.844895 0.135711 0.00599836 0.00661237 0.0067828
 0.505584 0.418484 0.0664381 0.00293653 0.00655767
 0.802153 0.104292 0.0791865 0.0125716 0.00179651
 0.830332 0.138038 0.0166734 0.0126597 0.00229706
 0.828513 0.145485 0.0211545 0.00255522 0.00229215
 0.835298 0.13914 0.0216867 0.00315339 0.000722572
 0.431834 0.479349 0.0750317 0.0116947 0.00209013
 0.406997 0.267046 0.275004 0.0430458 0.00790837
 0.734433 0.112542 0.0689113 0.0709649 0.0131488
 0.67908 0.243129 0.0329665 0.0201859 0.0246391
 0.791352 0.150815 0.0438142 0.00594087 0.00807791
 0.789556 0.174053 0.0263045 0.00764188 0.0024451
 0.646449 0.284931 0.0567537 0.00857716 0.00328908
 0.645374 0.235384 0.0960987 0.0191414 0.00400213
 0.628609 0.244672 0.0841105 0.0343393 0.00826993
 0.859766 0.0900659 0.0330509 0.0113619 0.00575576
 0.706121 0.255035 0.0249476 0.00915486 0.00474146
 0.654529 0.24561 0.0866616 0.00847728 0.00472202
 0.666616 0.220331 0.0803741 0.0283594 0.00431938
 0.378017 0.419646 0.133723 0.0487807 0.0198334
pobs_pel_tallas
 0 0 0 0 0 0 0 0 0 0 0 0 0 0 0 0 0 0 0 0 0 0 0 0 0 0 0 0 0 0 0 0 0 0 0 0
 0 0 0 0 0 0 0 0 0 0 0 0 0 0 0 0 0 0 0 0 0 0 0 0 0 0 0 0 0 0 0 0 0 0 0 0
 0 0 0 0 0 0 0 0 0 0 0 0 0 0 0 0 0 0 0 0 0 0 0 0 0 0 0 0 0 0 0 0 0 0 0 0
 0 0 0 0 0 0 0 0 0 0 0 0 0 0 0 0 0 0 0 0 0 0 0 0 0 0 0 0 0 0 0 0 0 0 0 0
 0 0 0 0 0 0 0 0 0 0 0 0 0 0 0 0 0 0 0 0 0 0 0 0 0 0 0 0 0 0 0 0 0 0 0 0
 0 0 0 0 0 0 0 0 0 0 0 0 0 0 0 0 0 0 0 0 0 0 0 0 0 0 0 0 0 0 0 0 0 0 0 0
 0 0 0 0 0 0 0 0 0 0 0 0 0 0 0 0 0 0 0 0 0 0 0 0 0 0 0 0 0 0 0 0 0 0 0 0
 0 0 0 0 0 0 0 0 0 0 0 0 0 0 0 0 0 0 0 0 0 0 0 0 0 0 0 0 0 0 0 0 0 0 0 0
 0 0 0 0 0 0 0 0 0 0 0 0 0 0 0 0 0 0 0 0 0 0 0 0 0 0 0 0 0 0 0 0 0 0 0 0
 0 0 0 0 0 0 0 0 0 0 0 0 0 0 0 0 0 0 0 0 0 0 0 0 0 0 0 0 0 0 0 0 0 0 0 0
 0 0 0 0 0 0 0 0 1.78061e-05 0.00172719 0.00360574 0.0105946 0.0120993 0.0124554 0.0147524 0.0171206 0.0266825 0.0428682 0.0675386 0.121331 0.153587 0.119568 0.100827 0.0573624 0.0630603 0.0341343 0.0324427 0.0444173 0.0211091 0.0280891 0.0125444 0.00206551 0 0 0 0
 0 0 0 0 0 0 0 0 0 0 0 0 0 0 0 0 0 0 0 0 0 0 0 0 0 0 0 0 0 0 0 0 0 0 0 0
 0 0 0 0 0 0 0.0133647 0.0140871 0.0187388 0.0205184 0.03894 0.0496705 0.03968 0.0493445 0.0407372 0.0367815 0.0215668 0.0243155 0.0234873 0.0199281 0.019796 0.0243948 0.0301388 0.0376714 0.0412746 0.0863199 0.0771752 0.113111 0.0741005 0.0525337 0.0229764 0.00759418 0.00175318 0 0 0
 0 0 0 0 0 0 0 0 0 0 0.00219441 0.00772107 0.0458388 0.0604681 0.0671733 0.0775358 0.0609151 0.0617685 0.073594 0.0568108 0.0755445 0.0548602 0.0670107 0.0636378 0.0643287 0.046367 0.0373049 0.0286899 0.0247887 0.0153202 0.00654259 0.00121912 0.000365735 0 0 0
 0 0 0 0 0 0 0 0 0 0 0 0 0.000112435 0.00938835 0.0111873 0.0202946 0.0414886 0.0713402 0.111592 0.104902 0.108894 0.110636 0.117776 0.105296 0.107544 0.0401394 0.0192827 0.0124803 0.00416011 0.0028671 0.000618394 0 0 0 0 0
 0 0 0 0 0 0 0 0 0 0 0.00291406 0.0102884 0.027416 0.0768956 0.0749926 0.110853 0.0956884 0.0897413 0.0766577 0.0534642 0.0500743 0.0551293 0.0594112 0.0620874 0.0668451 0.0424026 0.0208742 0.0120726 0.0048766 0.00582813 0.00118941 0.000297354 0 0 0 0
 0 0.00264628 0.0354308 0.0461629 0.0458689 0.0383711 0.0214643 0.0164657 0.0346957 0.0420465 0.0363128 0.0245516 0.0311673 0.0291091 0.0169068 0.0133784 0.00837989 0.0085269 0.0148486 0.0160247 0.0276389 0.0546898 0.0760071 0.122758 0.109233 0.0665981 0.0333725 0.0166128 0.00676272 0.00308733 0.000882094 0 0 0 0 0
 0 0 0 0 0 0 0 0.000805153 0.000690131 0.00759144 0.0133425 0.0154129 0.00931677 0.000345066 0.00356568 0.00563607 0.00851162 0.0253048 0.0502646 0.0516448 0.0657925 0.0565908 0.0611916 0.0827007 0.0866115 0.110766 0.145733 0.0935128 0.0569358 0.0249597 0.0138026 0.00621118 0.00161031 0.00115022 0 0
 0 0 0 0 0 0 0 0 0 0 0 0 0 0 0 0 0 0 0 0 0 0 0 0 0 0 0 0 0 0 0 0 0 0 0 0
 0.00147267 0.00158595 0.00478618 0.00569244 0.00954404 0.0108468 0.00647125 0.017049 0.0510054 0.094081 0.124002 0.0959785 0.0687766 0.0820023 0.061753 0.0591476 0.0492212 0.0479892 0.0443925 0.0268479 0.0217502 0.0140895 0.0121071 0.0120363 0.00920419 0.00665534 0.0049561 0.00860946 0.00930331 0.0156896 0.0114698 0.00855282 0.00243557 0.00046729 0 2.83206e-05
 0 0 0 0 0.000772559 0.00158375 0.000888443 0.00281984 0.00712685 0.0440552 0.0773331 0.111326 0.0921469 0.0852325 0.0710754 0.0886704 0.0786465 0.0553345 0.0373146 0.0185414 0.00753245 0.00457741 0.012979 0.0271748 0.0457355 0.0583668 0.034881 0.0177882 0.00938659 0.00492506 0.0015258 0.00185414 0.000309023 5.79419e-05 3.86279e-05 0
 0 0.00173294 0.00326652 0 0.00397197 0.00683976 0.00946217 0.0152591 0.00757587 0.0136028 0.0228656 0.0392903 0.0559909 0.0764795 0.0681675 0.0726916 0.0566044 0.0477403 0.0527397 0.0444891 0.0609904 0.0582453 0.0661739 0.0445044 0.0529084 0.0360697 0.0280645 0.0235558 0.0158879 0.00826598 0.00280645 0.00217768 0.000904811 0.00058276 9.20147e-05 0
 0 0 0 0 0 0 0 0 0 0 0 0 0 0 0 0 0 0 0 0 0 0 0 0 0 0 0 0 0 0 0 0 0 0 0 0
 0 0 0 0 0 0 0 0 0 0 0 0 0 0 0 0 0 0 0 0 0 0 0 0 0 0 0 0 0 0 0 0 0 0 0 0
ppred_pel_tallas
 1.0476e-16 9.11455e-06 5.3423e-05 0.000253799 0.000976888 0.00304611 0.00769474 0.0157483 0.0261193 0.0351221 0.0383374 0.0340961 0.025018 0.0158351 0.00999674 0.00835337 0.0101442 0.0143781 0.0203874 0.0277067 0.0358177 0.0440315 0.0515295 0.0575019 0.0613155 0.0626463 0.0615348 0.058342 0.0536337 0.0480327 0.0420918 0.0362197 0.0306682 0.0255624 0.0209503 0.0168451
 1.08911e-16 2.104e-05 0.000123473 0.00058691 0.00225959 0.00704626 0.0177983 0.0364179 0.0603677 0.0810754 0.0882347 0.0778499 0.0557732 0.0326449 0.01603 0.00740161 0.00450859 0.00470646 0.00640925 0.00896515 0.0121464 0.015823 0.0198436 0.0240167 0.0281252 0.0319479 0.0352755 0.037921 0.0397259 0.0405684 0.0403742 0.0391314 0.036903 0.0338295 0.0301201 0.0260279
 1.12401e-16 1.20367e-05 7.05949e-05 0.000335472 0.00129141 0.00402699 0.0101722 0.0208161 0.0345144 0.0463805 0.0505466 0.0447652 0.0324363 0.0197225 0.0110571 0.00741316 0.00763368 0.0102993 0.0145133 0.0197909 0.0257494 0.0319399 0.0378403 0.0429366 0.0468286 0.0493111 0.0503996 0.0502901 0.0492745 0.047641 0.045599 0.0432495 0.0406025 0.0376239 0.0342899 0.0306263
 1.02728e-16 3.77796e-05 0.000221757 0.00105418 0.00405872 0.0126568 0.0319699 0.0654134 0.108425 0.145598 0.158402 0.139633 0.0997596 0.0578286 0.0273338 0.0107969 0.00402821 0.00212736 0.0021176 0.00275321 0.00363062 0.00461924 0.00564672 0.0066483 0.00756558 0.00835311 0.00898227 0.0094393 0.00971995 0.00982329 0.00974805 0.00949302 0.00906076 0.00846231 0.00772058 0.00687075
 1.00674e-16 3.68595e-05 0.000216347 0.00102844 0.00395958 0.0123476 0.031189 0.0638164 0.105781 0.142055 0.154568 0.136303 0.0974896 0.056732 0.0272262 0.0114676 0.00540107 0.00426208 0.00513208 0.00673801 0.00858056 0.0103873 0.0119265 0.0129925 0.0134408 0.0132214 0.0123906 0.0110938 0.00952772 0.00789353 0.00635637 0.00502234 0.00393499 0.00308751 0.00244252 0.00195165
 1.01487e-16 2.20756e-05 0.000129525 0.000615621 0.00237003 0.0073906 0.0186684 0.0382004 0.0633305 0.0850786 0.0926548 0.0819002 0.0590021 0.035191 0.0184929 0.0105539 0.00909727 0.0113778 0.015658 0.0210401 0.0269198 0.0326776 0.0376345 0.0411503 0.042761 0.0422877 0.0398755 0.0359462 0.0310864 0.0259079 0.0209261 0.0164889 0.0127631 0.00976641 0.00742204 0.00561265
 1.01675e-16 3.49947e-05 0.000205401 0.000976405 0.00375925 0.0117229 0.029611 0.0605875 0.100428 0.134865 0.146742 0.129393 0.0925287 0.0538087 0.0257571 0.0107406 0.00490942 0.00374747 0.00450113 0.00599108 0.00778355 0.00966585 0.0114599 0.0129959 0.014134 0.0147893 0.0149438 0.0146401 0.0139617 0.0130083 0.0118737 0.0106345 0.00934777 0.00805643 0.00679598 0.00559891
 1.00825e-16 3.62246e-05 0.000212619 0.00101071 0.00389134 0.0121348 0.0306515 0.0627166 0.103958 0.139608 0.151907 0.13396 0.0958211 0.0557766 0.0267971 0.0113384 0.00541886 0.0043598 0.00529567 0.00697633 0.00890952 0.0108231 0.0124826 0.0136768 0.0142546 0.0141578 0.0134341 0.0122205 0.0107065 0.00908805 0.00752782 0.00613298 0.00495171 0.00398488 0.00320495 0.0025741
 1.00543e-16 3.61456e-05 0.000212154 0.0010085 0.00388283 0.0121083 0.0305845 0.0625795 0.103731 0.139303 0.151578 0.133674 0.0956259 0.0556819 0.026787 0.0113948 0.00553545 0.0045423 0.0055554 0.00732301 0.00934546 0.011339 0.0130554 0.0142706 0.0148239 0.0146539 0.0138121 0.0124459 0.0107599 0.00896675 0.00724527 0.00571542 0.0044339 0.00340541 0.0026019 0.00198157
 1.00496e-16 3.64412e-05 0.00021389 0.00101676 0.00391461 0.0122074 0.0308348 0.0630917 0.10458 0.140442 0.152815 0.134761 0.0963945 0.0561108 0.0269583 0.0114077 0.00545338 0.00438823 0.00532904 0.00701713 0.00895576 0.0108692 0.0125189 0.0136902 0.0142288 0.014075 0.0132768 0.0119743 0.0103622 0.00864342 0.00698896 0.00551419 0.00427442 0.00327559 0.00249238 0.00188616
 1.01721e-16 1.88622e-05 0.000110655 0.000525895 0.00202454 0.00631319 0.015947 0.0326328 0.0541039 0.0726947 0.0791975 0.0700749 0.0506354 0.0305063 0.0165898 0.0103469 0.00988719 0.0129039 0.0179162 0.024108 0.0308533 0.0374578 0.0431474 0.0471892 0.0490518 0.0485296 0.0457877 0.0413079 0.0357602 0.0298433 0.0241459 0.0190651 0.0147914 0.0113457 0.008641 0.00654498
 1.0584e-16 1.77711e-05 0.000104267 0.000495567 0.00190784 0.00594931 0.0150277 0.0307502 0.0509779 0.0684805 0.0745692 0.0658917 0.047422 0.0281918 0.0146532 0.00812646 0.00678542 0.00844747 0.0117717 0.016129 0.0211584 0.0265021 0.0317409 0.0364348 0.0401992 0.0427707 0.0440406 0.0440462 0.0429295 0.0408846 0.0381119 0.0347946 0.0310964 0.0271708 0.0231706 0.0192497
 1.04068e-16 3.2042e-05 0.000188065 0.000893989 0.00344193 0.0107333 0.0271115 0.0554733 0.0919517 0.123484 0.134363 0.11849 0.084758 0.0493427 0.0237196 0.0100665 0.00487145 0.0040118 0.00497629 0.00668999 0.00875394 0.0109647 0.0131451 0.0151231 0.0167541 0.0179454 0.0186665 0.0189406 0.018824 0.018381 0.0176652 0.0167133 0.0155498 0.0141982 0.0126925 0.0110826
 1.02393e-16 2.96336e-05 0.000173914 0.000826685 0.00318274 0.00992506 0.02507 0.0512973 0.0850335 0.114205 0.124299 0.109689 0.0786255 0.0461008 0.0227741 0.0107137 0.00672313 0.00701918 0.00926525 0.0123909 0.0158811 0.0193431 0.0223828 0.0246334 0.0258287 0.0258635 0.0248149 0.0229137 0.0204797 0.0178419 0.0152708 0.0129405 0.010925 0.00922022 0.00777797 0.00653797
 1.01253e-16 3.45255e-05 0.000202642 0.000963281 0.00370871 0.0115653 0.0292129 0.0597733 0.0990798 0.133059 0.144786 0.127693 0.0913665 0.0532402 0.0256851 0.011053 0.00556115 0.00476092 0.00592712 0.00786627 0.0100971 0.012338 0.0143354 0.015855 0.0167224 0.0168598 0.0163005 0.0151736 0.0136665 0.0119778 0.010277 0.00868087 0.00725062 0.00600238 0.00492541 0.00399864
 1.00808e-16 3.44481e-05 0.000202186 0.000961106 0.00370032 0.0115391 0.0291469 0.0596383 0.0988568 0.132761 0.144468 0.127424 0.0911999 0.0531953 0.0257605 0.0112502 0.0058973 0.00526614 0.00663298 0.00879158 0.0112347 0.0136452 0.0157306 0.0172238 0.0179323 0.0177811 0.0168292 0.0152498 0.0132836 0.0111808 0.00915166 0.00733677 0.00580253 0.00455471 0.00356149 0.00277587
 1.01347e-16 2.82125e-05 0.000165567 0.000786994 0.00302991 0.00944844 0.0238662 0.0488344 0.0809525 0.108729 0.118352 0.104472 0.0749531 0.0440832 0.0220297 0.0107858 0.00733216 0.00808378 0.0108168 0.0144888 0.0185582 0.0225744 0.0260708 0.0286092 0.0298692 0.0297207 0.0282513 0.0257345 0.0225559 0.0191196 0.0157676 0.0127329 0.010131 0.00798072 0.00624088 0.00484478
 1.02286e-16 2.81637e-05 0.000165285 0.000785662 0.0030248 0.0094325 0.0238258 0.0487516 0.0808139 0.108539 0.118134 0.104256 0.074745 0.0438546 0.0217199 0.0103145 0.00661013 0.00702288 0.00934399 0.0125666 0.0162079 0.0198947 0.0232432 0.0258852 0.0275371 0.0280594 0.0274802 0.0259745 0.0238088 0.0212725 0.0186179 0.0160266 0.0136044 0.0113963 0.0094115 0.00764505
 1.02841e-16 2.7433e-05 0.000160994 0.000765262 0.00294625 0.00918755 0.0232071 0.0474857 0.078716 0.105723 0.115073 0.101563 0.0728331 0.0427711 0.0212543 0.0102119 0.0067011 0.00723581 0.00966537 0.0130036 0.0167678 0.0205759 0.0240331 0.0267612 0.0284717 0.0290262 0.0284602 0.0269596 0.0248022 0.0222849 0.0196615 0.0171089 0.0147228 0.0125365 0.0105486 0.00874739
 1.01158e-16 3.75062e-05 0.000220147 0.00104651 0.00402919 0.0125647 0.0317373 0.0649379 0.107639 0.144546 0.157268 0.138659 0.09912 0.0575713 0.0274246 0.0112019 0.00476048 0.00324424 0.00369065 0.00483306 0.00621578 0.0076331 0.00892793 0.00995935 0.0106204 0.0108588 0.0106859 0.0101678 0.0094044 0.00850244 0.00755345 0.00662116 0.00574038 0.00492377 0.00417202 0.00348264
 1.00974e-16 3.08132e-05 0.000180838 0.000859602 0.00330948 0.0103203 0.0260683 0.0533399 0.0884195 0.118753 0.129248 0.114056 0.0817547 0.0479332 0.0236739 0.0111262 0.00696322 0.0072464 0.00953932 0.0127198 0.0162413 0.0196838 0.022627 0.024683 0.0255748 0.0252014 0.0236605 0.0212185 0.0182407 0.015104 0.0121223 0.00950279 0.00733836 0.00562857 0.00431488 0.00331552
 1.01823e-16 2.85633e-05 0.00016763 0.00079681 0.00306771 0.00956634 0.0241639 0.0494434 0.0819608 0.11008 0.119813 0.10574 0.0758146 0.0444938 0.0220577 0.0105091 0.00677713 0.00722571 0.00961058 0.0129029 0.0166018 0.0203153 0.0236409 0.0261953 0.0276881 0.0279839 0.0271273 0.0253191 0.0228573 0.0200619 0.0172103 0.0144998 0.0120407 0.00987265 0.00799167 0.00637496
 1.0239e-16 2.90893e-05 0.00017072 0.000811507 0.00312431 0.00974284 0.0246097 0.0503553 0.0834716 0.112107 0.122011 0.107663 0.0771578 0.0452094 0.0222774 0.0103892 0.00640531 0.00661499 0.00873427 0.0117305 0.0151242 0.0185604 0.0216805 0.0241422 0.0256838 0.0261784 0.025656 0.0242826 0.0223082 0.0200013 0.0175931 0.0152469 0.0130534 0.0110472 0.00923076 0.00759583
 1.04638e-16 1.65132e-05 9.68691e-05 0.000460368 0.00177227 0.00552649 0.0139598 0.0285664 0.0473624 0.0636377 0.0693332 0.0613536 0.0443484 0.0267495 0.0146056 0.00920569 0.00890957 0.0117172 0.016356 0.0221388 0.0285446 0.034989 0.040807 0.0453537 0.0481388 0.0489329 0.0478079 0.0450953 0.0412846 0.0368962 0.0323733 0.0280219 0.0240034 0.0203673 0.0170998 0.0141678
pSPR Fmed_Fpbrs
0.533356   0.348391 0.348391
Fs Fmed_Fpbrs
0.466187   1.005 1.005
SSBpbr Bo_Bmed_Bpbrs
927551  448337  276773 276773
Ro
27446.7
SPR SPRFo_SPRFmed_SPRFpbrs
564677 301174 196728
log_Ro
10.04
likeval ReclasPelacesDesembMPH_pf_preclas_ppelaces_ptallas_desvR_qrecl_qpela
 90.5532 70.0035 0.0643064 0.000652802 309.36 165.23 82.1704 0 25.3621 1.46368e-05 0 0 0 0 0
q_reclas_q_pelaces
0.581507 1
M
0.7
N
 12797.5 35899.2 17025.4 2284.82 0.180621
 21628.2 6185.3 14900.7 7066.76 948.439
 3540.83 10234.3 2231.3 5375.33 2891.42
 21079.2 1481.31 1632.94 356.017 1319.01
 56681.8 9639.02 426.04 469.65 481.755
 22040.7 27805.4 4414.35 195.112 435.711
 53694.4 10000.1 7592.82 1205.43 172.259
 77224.9 24687.6 2981.97 2264.14 410.82
 106071 33335.1 4847.14 585.479 525.201
 206020 46497 7247.16 1053.79 241.466
 59872.8 95860.5 15004.9 2338.71 417.986
 29893.9 27487.6 28306.7 4430.8 814.027
 49594.3 13809.3 8455.7 8707.68 1613.41
 21821.4 21669.4 2938.21 1799.12 2196.01
 14726.2 8708.44 2529.95 343.042 466.44
 15862.7 5737.32 867.077 251.9 80.598
 11058.2 7084.27 1411.08 213.255 81.7769
 10409.7 5068.48 2069.27 412.167 86.1771
 9363.79 4859.01 1670.38 681.954 164.235
 29871.2 4372.04 1604.38 551.535 279.4
 34111.6 13807.7 1350.68 495.649 256.705
 38373.9 16530.6 5832.7 570.558 317.812
 46824.6 18500.6 6748.81 2381.27 362.687
 15993.6 22379.9 7131.53 2601.5 1057.73
pred_Ctot
 246.221 4281.94 2030.73 272.526 0.0215439
 734.827 1239.38 2985.75 1416.01 190.044
 405.164 5320.82 1160.06 2794.64 1503.26
 1205.71 462.491 509.832 111.155 411.818
 495.632 541.623 23.9395 26.39 27.0701
 1375.76 9312.31 1478.41 65.345 145.924
 2874.86 2958.06 2245.99 356.57 50.9549
 7319.8 11309.1 1366 1037.18 188.191
 9009.42 14121 2053.29 248.013 222.479
 9370.69 12001.2 1870.54 271.989 62.3239
 3265.07 28786.8 4505.95 702.312 125.521
 1506 7731.22 7961.6 1246.22 228.955
 4316.22 5953.8 3645.61 3754.25 695.609
 3120.47 12901.3 1749.32 1071.14 1307.44
 2313.78 5462.02 1586.81 215.159 292.556
 1155.4 2167.19 327.526 95.1517 30.4448
 615.228 2162.51 430.737 65.097 24.9628
 451.013 1255.14 512.427 102.067 21.3405
 403.875 1198.64 412.056 168.228 40.5143
 1491.85 1220.82 447.997 154.007 78.018
 592.722 1496.88 146.425 53.7327 27.8291
 805.535 2138.46 754.541 73.8096 41.1134
 1266.34 3020.69 1101.91 388.801 59.2177
 558.244 4592.61 1463.47 533.856 217.057
F
 0.0270744 0.179305 0.179305 0.179305 0.179305
 0.0482571 0.319592 0.319592 0.319592 0.319592
 0.171435 1.13536 1.13536 1.13536 1.13536
 0.0824663 0.546148 0.546148 0.546148 0.546148
 0.0122246 0.0809593 0.0809593 0.0809593 0.0809593
 0.0902996 0.598026 0.598026 0.598026 0.598026
 0.077009 0.510006 0.510006 0.510006 0.510006
 0.140111 0.92791 0.92791 0.92791 0.92791
 0.124723 0.826001 0.826001 0.826001 0.826001
 0.0650812 0.431012 0.431012 0.431012 0.431012
 0.0784869 0.519794 0.519794 0.519794 0.519794
 0.0723114 0.478895 0.478895 0.478895 0.478895
 0.127976 0.847545 0.847545 0.847545 0.847545
 0.218598 1.4477 1.4477 1.4477 1.4477
 0.242639 1.60692 1.60692 1.60692 1.60692
 0.106096 0.702639 0.702639 0.702639 0.702639
 0.0801305 0.530678 0.530678 0.530678 0.530678
 0.0619071 0.409991 0.409991 0.409991 0.409991
 0.0616216 0.4081 0.4081 0.4081 0.4081
 0.0716663 0.474623 0.474623 0.474623 0.474623
 0.0244231 0.161746 0.161746 0.161746 0.161746
 0.0295722 0.195847 0.195847 0.195847 0.195847
 0.0382442 0.253279 0.253279 0.253279 0.253279
 0.0496056 0.328522 0.328522 0.328522 0.328522
nmprior
 10 10 8 0
nm_flota  nm_reclas  nm_pelaces    nm_pelaL
inf 30.7091 21.0324 38.6783
cv_recla  cv_pelaces  cv_mph
0.881005 0.98452 0.828951
 ------------------------------------------------
Talla a la edad & desviación 
 7.2 14.2025 17.0495 18.207 18.6776
 1.08 2.13037 2.55742 2.73105 2.80164
