years
 1997 1998 1999 2000 2001 2002 2003 2004 2005 2006 2007 2008 2009 2010 2011 2012 2013 2014 2015 2016 2017 2018 2019 2020
reclasobs
 0 0 0 370054 412103 1.49427e+06 250295 1.28982e+06 931140 785840 897777 1.04006e+06 184774 17550 25797 100020 73551 82996 120727 218422 84188 347160 605670 569463
reclaspred
 6.4466e+06 991199 1.18645e+06 226182 230181 330485 644955 596929 626785 880114 1.00859e+06 664733 356834 139605 75468.1 77956.8 89796.1 110266 118239 132602 210543 236623 399107 307918
pelacesobs
 0 0 0 0 0 0 0 0 0 2.06254e+06 1.5e+06 0 1.87456e+06 323000 250000 174000 83755 137374 0 501740 490994 745055 786931 1.00524e+06
pelacespred
 7.01642e+06 2.59596e+06 595740 282480 670088 407844 2.14384e+06 1.56235e+06 1.58356e+06 2.53439e+06 1.75269e+06 1.25558e+06 900508 296113 173708 153451 175313 216185 204558 240349 500640 423835 536221 380816
mphobs
 0 0 0 0 0 112323 0 153150 637223 0 255016 313432 73983 77613 109348 50772 0 0 0 0 0 0 0 0
mphpred
 1.30759e+06 544181 212720 74347.9 42372.3 139177 148341 272299 243898 274827 430001 249040 159458 93194.5 42866.9 32039.6 32013.4 36499.7 41189.4 42397 59557.5 80999.2 101688 112636
desembarqueobs
 350755 77701 442110 56441 14545 235359 269955 359681 431902 328805 639364 411747 362871 311530 167758 66681 60226 58785 57116 71774 51957 67425 138520 160799
desembarquepred
 350745 77680.2 441550 56409.6 14542.1 235142 269811 359038 431314 328458 637967 410882 362037 310848 167139 66574.2 60165.5 58672.8 57014 71675.7 51931.6 67340.1 138376 160635
Reclutas
 5211.42 7249.19 1011.26 3338.55 42067.2 11837.8 64166.5 57877.1 63616.8 133673 48791.8 51187.7 57117.6 29189.5 12736.7 10416.3 7180.69 7693.8 8199.53 10278.8 16097.1 20978.5 27095.9 7024.57
log_desv_Rt
 -1.18139 -0.851354 -2.82105 -1.62671 0.907024 -0.360949 1.32924 1.22608 1.32063 2.06315 1.05532 1.10325 1.21287 0.541566 -0.287759 -0.488869 -0.86085 -0.79183 -0.728167 -0.502159 -0.0536072 0.211255 0.467138 -0.882831
SSB
 1.92783e+06 802306 313621 109614 62471 205194 218704 401460 359587 405188 633966 367169 235094 137400 63200.2 47237.2 47198.5 53812.8 60727 62507.4 87807.7 119420 149922 166063
BT
 2.34326e+06 944619 431304 156302 265611 310510 1.03819e+06 941763 977125 1.24897e+06 1.14709e+06 820191 681693 389954 197703 109572 109734 124506 117193 140673 221361 202215 270884 248306
Ftot
 0.129028 0.24541 1.10477 0.805816 0.245009 1.2542 1.32928 1.34066 1.597 1.01795 1.22418 1.46624 2.34145 3.71526 3.77781 1.72399 1.42009 1.21614 1.04547 1.22625 0.596171 0.651843 0.774531 1.0487
BD_Bspro_t
 0.979743 0.848517 0.596466 0.221379 0.252738 0.573618 0.40285 0.486804 0.406965 0.395124 0.46668 0.275701 0.198301 0.139178 0.077769 0.0715389 0.0981638 0.152318 0.208827 0.259152 0.360055 0.496227 0.510761 0.454379
BD_Bspro
 5.51736 2.29616 0.897566 0.313709 0.178789 0.587254 0.62592 1.14896 1.02912 1.15963 1.81438 1.05082 0.672828 0.393231 0.180876 0.13519 0.135079 0.154009 0.173797 0.178893 0.251301 0.341774 0.42907 0.475263
BD_Bo
 2.0207 0.840953 0.328728 0.114894 0.0654803 0.215078 0.229239 0.420799 0.376908 0.424706 0.664505 0.384856 0.246419 0.144019 0.0662446 0.0495126 0.049472 0.056405 0.0636523 0.0655184 0.0920374 0.125172 0.157144 0.174062
BD_Brms
 6.48835 2.70025 1.05553 0.368918 0.210253 0.690603 0.736074 1.35116 1.21023 1.36371 2.13369 1.23575 0.791237 0.462435 0.212708 0.158982 0.158852 0.181113 0.204384 0.210376 0.295527 0.401922 0.504581 0.558904
S_f
 0.110401 1 1 1 1
 0.110401 1 1 1 1
 0.110401 1 1 1 1
 0.110401 1 1 1 1
 0.110401 1 1 1 1
 0.110401 1 1 1 1
 0.110401 1 1 1 1
 0.110401 1 1 1 1
 0.110401 1 1 1 1
 0.110401 1 1 1 1
 0.110401 1 1 1 1
 0.110401 1 1 1 1
 0.110401 1 1 1 1
 0.110401 1 1 1 1
 0.110401 1 1 1 1
 0.110401 1 1 1 1
 0.110401 1 1 1 1
 0.110401 1 1 1 1
 0.110401 1 1 1 1
 0.110401 1 1 1 1
 0.110401 1 1 1 1
 0.110401 1 1 1 1
 0.110401 1 1 1 1
 0.110401 1 1 1 1
Scru_reclas
 0.161232 0.491715 0.8296 0.960787 0.991955
 0.161232 0.491715 0.8296 0.960787 0.991955
 0.161232 0.491715 0.8296 0.960787 0.991955
 0.161232 0.491715 0.8296 0.960787 0.991955
 0.161232 0.491715 0.8296 0.960787 0.991955
 0.161232 0.491715 0.8296 0.960787 0.991955
 0.161232 0.491715 0.8296 0.960787 0.991955
 0.161232 0.491715 0.8296 0.960787 0.991955
 0.161232 0.491715 0.8296 0.960787 0.991955
 0.161232 0.491715 0.8296 0.960787 0.991955
 0.161232 0.491715 0.8296 0.960787 0.991955
 0.161232 0.491715 0.8296 0.960787 0.991955
 0.161232 0.491715 0.8296 0.960787 0.991955
 0.161232 0.491715 0.8296 0.960787 0.991955
 0.161232 0.491715 0.8296 0.960787 0.991955
 0.161232 0.491715 0.8296 0.960787 0.991955
 0.161232 0.491715 0.8296 0.960787 0.991955
 0.161232 0.491715 0.8296 0.960787 0.991955
 0.161232 0.491715 0.8296 0.960787 0.991955
 0.161232 0.491715 0.8296 0.960787 0.991955
 0.161232 0.491715 0.8296 0.960787 0.991955
 0.161232 0.491715 0.8296 0.960787 0.991955
 0.161232 0.491715 0.8296 0.960787 0.991955
 0.161232 0.491715 0.8296 0.960787 0.991955
Scru_pelaces
 0.751439 1 1 1 1
 0.751439 1 1 1 1
 0.751439 1 1 1 1
 0.751439 1 1 1 1
 0.751439 1 1 1 1
 0.751439 1 1 1 1
 0.751439 1 1 1 1
 0.751439 1 1 1 1
 0.751439 1 1 1 1
 0.751439 1 1 1 1
 0.751439 1 1 1 1
 0.751439 1 1 1 1
 0.751439 1 1 1 1
 0.751439 1 1 1 1
 0.751439 1 1 1 1
 0.751439 1 1 1 1
 0.751439 1 1 1 1
 0.751439 1 1 1 1
 0.751439 1 1 1 1
 0.751439 1 1 1 1
 0.751439 1 1 1 1
 0.751439 1 1 1 1
 0.751439 1 1 1 1
 0.751439 1 1 1 1
pf_obs 
 0.256992 0.487395 0.22802 0.0275931 0
 0.321318 0.546541 0.124235 0.00734118 0.000564706
 0.182869 0.594174 0.210203 0.0122559 0.00049798
 0.330522 0.361315 0.267642 0.0388342 0.00168674
 0.649043 0.306663 0.0425973 0.00169635 0
 0.582887 0.30429 0.105238 0.00758474 0
 0.465427 0.430635 0.0974691 0.00646863 0
 0.296916 0.608066 0.0921331 0.00288517 0
 0.311714 0.524322 0.152257 0.0117073 0
 0.15457 0.633149 0.183074 0.0267441 0.00246327
 0.131901 0.49318 0.331252 0.0422183 0.00144891
 0.196976 0.569456 0.194076 0.0375587 0.00193317
 0.518974 0.381816 0.0799577 0.0180837 0.00116848
 0.0928022 0.601141 0.25162 0.0475244 0.00691264
 0.122501 0.610282 0.24278 0.0234846 0.000952079
 0.383417 0.481906 0.127806 0.00687128 0
 0.0376549 0.599619 0.316969 0.0457579 0
 0.0361596 0.667082 0.258105 0.0386534 0
 0.158088 0.579412 0.248529 0.0139706 0
 0.0477256 0.309471 0.559284 0.082774 0.000745712
 0.0406174 0.521527 0.379366 0.0568643 0.0016247
 0.151134 0.462217 0.34131 0.0453401 0
 0.294876 0.26143 0.354403 0.0886775 0.000613685
 0.281977 0.475581 0.204845 0.0348837 0.00271318
pf_pred 
 0.00795512 0.629436 0.319934 0.042674 1.47164e-06
 0.0241864 0.0701773 0.574611 0.292067 0.0389584
 0.00942241 0.200767 0.0568006 0.465082 0.267928
 0.130445 0.117544 0.152415 0.0431209 0.556474
 0.694309 0.206416 0.0134198 0.0174009 0.0684547
 0.0867517 0.875649 0.0253889 0.00165062 0.0105601
 0.578859 0.265373 0.149354 0.00433043 0.00208272
 0.261177 0.711228 0.0173885 0.00978642 0.000420221
 0.295364 0.612812 0.0883949 0.00216113 0.00126853
 0.418846 0.524405 0.0493537 0.00711901 0.000276213
 0.112995 0.814682 0.0652613 0.00614199 0.000920323
 0.232459 0.530981 0.217272 0.0174049 0.00188348
 0.340192 0.567728 0.0637002 0.0260654 0.00231397
 0.273526 0.688734 0.0324733 0.00364356 0.00162326
 0.279298 0.70036 0.0192845 0.000909251 0.000147471
 0.32115 0.661021 0.017326 0.000477075 2.6142e-05
 0.216038 0.72012 0.0621652 0.00162941 4.73246e-05
 0.26407 0.621938 0.104709 0.00903909 0.000243805
 0.252657 0.644864 0.0866055 0.0145808 0.00129265
 0.287251 0.600826 0.0965763 0.0129702 0.00237724
 0.303463 0.610649 0.0724009 0.0116377 0.00184941
 0.249027 0.633266 0.103193 0.012235 0.00227918
 0.24837 0.607668 0.121397 0.0197823 0.00278238
 0.0692016 0.761587 0.136802 0.0273297 0.00507989
pobs_RECLAS
 0 0 0 0 0
 0 0 0 0 0
 0 0 0 0 0
 0 0 0 0 0
 0.835266 0.146461 0.0176864 0.000547809 3.91292e-05
 0.385257 0.428462 0.181853 0.0044286 0
 0.867414 0.0963971 0.0333333 0.00285562 0
 0.441836 0.489002 0.0689373 0.000224442 0
 0.779404 0.147425 0.0564933 0.0165055 0.000172143
 0.814271 0.122319 0.05973 0.00367925 0
 0.40263 0.566651 0.0304383 0.000280538 0
 0.475488 0.404961 0.113038 0.00651328 0
 0.955842 0.0263864 0.0167828 0.000988607 0
 0.975058 0.0227948 0.00214734 0 0
 0.738997 0.206755 0.0527124 0.00153531 0
 0.850938 0.134255 0.0134407 0.00136685 0
 0.542534 0.407297 0.0501686 0 0
 0.764087 0.199537 0.0359546 0.000420521 0
 0.470689 0.182191 0.310203 0.0369168 0
 0.84361 0.089868 0.0606195 0.00523954 0.000663233
 0.607945 0.314616 0.071237 0.00620181 0
 0.523733 0.453247 0.0230204 0 0
 0.530135 0.295979 0.169645 0.0042399 0
 0.562478 0.366248 0.0663022 0.0049721 0
ppred_RECLAS
 0.0186467 0.493133 0.422891 0.0653266 2.32592e-06
 0.0413907 0.0398319 0.550255 0.323915 0.0446081
 0.0174794 0.112987 0.0539317 0.511421 0.304181
 0.207566 0.0588956 0.128844 0.0422166 0.562478
 0.839184 0.0827486 0.00907654 0.0136303 0.0553606
 0.236454 0.709002 0.034683 0.00261143 0.0172491
 0.788029 0.106131 0.100776 0.00338399 0.00168032
 0.539378 0.430759 0.0177682 0.0115815 0.000513431
 0.577172 0.337068 0.08203 0.00232266 0.00140757
 0.686899 0.263914 0.0419056 0.00700051 0.000280427
 0.287485 0.618416 0.0835804 0.00910993 0.00140933
 0.463568 0.304519 0.21023 0.0195039 0.0021791
 0.655977 0.267258 0.0505925 0.0239756 0.00219749
 0.675741 0.296225 0.0235641 0.00306203 0.00140844
 0.68953 0.29585 0.0137441 0.000750495 0.000125671
 0.627859 0.355873 0.0157375 0.000501858 2.83921e-05
 0.473778 0.457505 0.0666336 0.00202272 6.06536e-05
 0.519787 0.365671 0.103868 0.0103844 0.000289178
 0.501275 0.391215 0.0886439 0.0172839 0.00158201
 0.54814 0.341968 0.092739 0.0144244 0.00272953
 0.553845 0.358823 0.0717776 0.0133619 0.0021923
 0.482003 0.392439 0.107893 0.0148151 0.00284934
 0.47846 0.369913 0.12468 0.02353 0.00341687
 0.176545 0.593851 0.179973 0.0416397 0.00799083
pobs_PELACES
 0 0 0 0 0
 0 0 0 0 0
 0 0 0 0 0
 0 0 0 0 0
 0 0 0 0 0
 0 0 0 0 0
 0 0 0 0 0
 0 0 0 0 0
 0 0 0 0 0
 0 0 0 0 0
 0.450072 0.473896 0.0757376 0.000293798 0
 0 0 0 0 0
 0.463077 0.371075 0.160297 0.00555027 0
 0.529543 0.364841 0.0842815 0.0213345 0
 0.631943 0.363953 0.00410389 0 0
 0.735681 0.248677 0.0153453 0.000297389 0
 0.695825 0.281241 0.0229344 0 0
 0.275771 0.60734 0.115278 0.00161068 0
 0 0 0 0 0
 0.896147 0.0623911 0.0374545 0.00400742 0
 0.803859 0.145111 0.0509908 3.86294e-05 0
 0.739449 0.233085 0.0266225 0.000797448 4.60066e-05
 0.878498 0.100942 0.0204185 0.000141795 0
 0.694673 0.275183 0.0284847 0.00165964 0
ppred_PELACES
 0.0540188 0.600209 0.305078 0.0406925 1.40331e-06
 0.155444 0.0607377 0.497319 0.252781 0.033718
 0.0903986 0.184355 0.0521573 0.427063 0.246026
 0.580387 0.0567222 0.0735495 0.0208085 0.268533
 0.94402 0.0378001 0.00245752 0.00318657 0.0125358
 0.514329 0.465675 0.0135019 0.000877809 0.00561594
 0.940619 0.037418 0.0210592 0.000610597 0.000293666
 0.803713 0.188956 0.00461971 0.00260001 0.000111642
 0.845057 0.134752 0.0194372 0.000475213 0.000278938
 0.878887 0.109286 0.0102853 0.0014836 5.75629e-05
 0.583613 0.382436 0.0306356 0.00288323 0.000432027
 0.787761 0.146826 0.0600796 0.00481277 0.000520818
 0.905874 0.0809902 0.00908725 0.00371841 0.000330103
 0.936512 0.0601897 0.0028379 0.000318417 0.00014186
 0.940243 0.0580702 0.00159897 7.53903e-05 1.22275e-05
 0.867211 0.129301 0.00338912 9.332e-05 5.11359e-06
 0.767846 0.213248 0.0184089 0.000482516 1.40142e-05
 0.797331 0.171276 0.0288358 0.00248929 6.71417e-05
 0.774974 0.194169 0.026077 0.00439029 0.000389219
 0.816118 0.155007 0.0249157 0.00334618 0.000613304
 0.786971 0.186761 0.0221432 0.00355927 0.000565624
 0.741875 0.217667 0.0354698 0.00420543 0.000783402
 0.750514 0.201701 0.040295 0.00656626 0.000923547
 0.431303 0.465313 0.083583 0.0166979 0.0031037
pobs_pel_tallas
 0 0 0 0 0 0 0 0 0 0 0 0 0 0 0 0 0 0 0 0 0 0 0 0 0 0 0 0 0 0 0 0 0 0 0 0
 0 0 0 0 0 0 0 0 0 0 0 0 0 0 0 0 0 0 0 0 0 0 0 0 0 0 0 0 0 0 0 0 0 0 0 0
 0 0 0 0 0 0 0 0 0 0 0 0 0 0 0 0 0 0 0 0 0 0 0 0 0 0 0 0 0 0 0 0 0 0 0 0
 0 0 0 0 0 0 0 0 0 0 0 0 0 0 0 0 0 0 0 0 0 0 0 0 0 0 0 0 0 0 0 0 0 0 0 0
 0 0 0 0 0 0 0 0 0 0 0 0 0 0 0 0 0 0 0 0 0 0 0 0 0 0 0 0 0 0 0 0 0 0 0 0
 0 0 0 0 0 0 0 0 0 0 0 0 0 0 0 0 0 0 0 0 0 0 0 0 0 0 0 0 0 0 0 0 0 0 0 0
 0 0 0 0 0 0 0 0 0 0 0 0 0 0 0 0 0 0 0 0 0 0 0 0 0 0 0 0 0 0 0 0 0 0 0 0
 0 0 0 0 0 0 0 0 0 0 0 0 0 0 0 0 0 0 0 0 0 0 0 0 0 0 0 0 0 0 0 0 0 0 0 0
 0 0 0 0 0 0 0 0 0 0 0 0 0 0 0 0 0 0 0 0 0 0 0 0 0 0 0 0 0 0 0 0 0 0 0 0
 0 0 0 0 0 0 0 0 0 0 0 0 0 0 0 0 0 0 0 0 0 0 0 0 0 0 0 0 0 0 0 0 0 0 0 0
 0 0 0 0 0 0 0 0 1.78061e-05 0.00172719 0.00360574 0.0105946 0.0120993 0.0124554 0.0147524 0.0171206 0.0266825 0.0428682 0.0675386 0.121331 0.153587 0.119568 0.100827 0.0573624 0.0630603 0.0341343 0.0324427 0.0444173 0.0211091 0.0280891 0.0125444 0.00206551 0 0 0 0
 0 0 0 0 0 0 0 0 0 0 0 0 0 0 0 0 0 0 0 0 0 0 0 0 0 0 0 0 0 0 0 0 0 0 0 0
 0 0 0 0 0 0 0.0133647 0.0140871 0.0187388 0.0205184 0.03894 0.0496705 0.03968 0.0493445 0.0407372 0.0367815 0.0215668 0.0243155 0.0234873 0.0199281 0.019796 0.0243948 0.0301388 0.0376714 0.0412746 0.0863199 0.0771752 0.113111 0.0741005 0.0525337 0.0229764 0.00759418 0.00175318 0 0 0
 0 0 0 0 0 0 0 0 0 0 0.00219441 0.00772107 0.0458388 0.0604681 0.0671733 0.0775358 0.0609151 0.0617685 0.073594 0.0568108 0.0755445 0.0548602 0.0670107 0.0636378 0.0643287 0.046367 0.0373049 0.0286899 0.0247887 0.0153202 0.00654259 0.00121912 0.000365735 0 0 0
 0 0 0 0 0 0 0 0 0 0 0 0 0.000112435 0.00938835 0.0111873 0.0202946 0.0414886 0.0713402 0.111592 0.104902 0.108894 0.110636 0.117776 0.105296 0.107544 0.0401394 0.0192827 0.0124803 0.00416011 0.0028671 0.000618394 0 0 0 0 0
 0 0 0 0 0 0 0 0 0 0 0.00291406 0.0102884 0.027416 0.0768956 0.0749926 0.110853 0.0956884 0.0897413 0.0766577 0.0534642 0.0500743 0.0551293 0.0594112 0.0620874 0.0668451 0.0424026 0.0208742 0.0120726 0.0048766 0.00582813 0.00118941 0.000297354 0 0 0 0
 0 0.00264628 0.0354308 0.0461629 0.0458689 0.0383711 0.0214643 0.0164657 0.0346957 0.0420465 0.0363128 0.0245516 0.0311673 0.0291091 0.0169068 0.0133784 0.00837989 0.0085269 0.0148486 0.0160247 0.0276389 0.0546898 0.0760071 0.122758 0.109233 0.0665981 0.0333725 0.0166128 0.00676272 0.00308733 0.000882094 0 0 0 0 0
 0 0 0 0 0 0 0 0.000805153 0.000690131 0.00759144 0.0133425 0.0154129 0.00931677 0.000345066 0.00356568 0.00563607 0.00851162 0.0253048 0.0502646 0.0516448 0.0657925 0.0565908 0.0611916 0.0827007 0.0866115 0.110766 0.145733 0.0935128 0.0569358 0.0249597 0.0138026 0.00621118 0.00161031 0.00115022 0 0
 0 0 0 0 0 0 0 0 0 0 0 0 0 0 0 0 0 0 0 0 0 0 0 0 0 0 0 0 0 0 0 0 0 0 0 0
 0.00147267 0.00158595 0.00478618 0.00569244 0.00954404 0.0108468 0.00647125 0.017049 0.0510054 0.094081 0.124002 0.0959785 0.0687766 0.0820023 0.061753 0.0591476 0.0492212 0.0479892 0.0443925 0.0268479 0.0217502 0.0140895 0.0121071 0.0120363 0.00920419 0.00665534 0.0049561 0.00860946 0.00930331 0.0156896 0.0114698 0.00855282 0.00243557 0.00046729 0 2.83206e-05
 0 0 0 0 0.000772559 0.00158375 0.000888443 0.00281984 0.00712685 0.0440552 0.0773331 0.111326 0.0921469 0.0852325 0.0710754 0.0886704 0.0786465 0.0553345 0.0373146 0.0185414 0.00753245 0.00457741 0.012979 0.0271748 0.0457355 0.0583668 0.034881 0.0177882 0.00938659 0.00492506 0.0015258 0.00185414 0.000309023 5.79419e-05 3.86279e-05 0
 0 0.00173294 0.00326652 0 0.00397197 0.00683976 0.00946217 0.0152591 0.00757587 0.0136028 0.0228656 0.0392903 0.0559909 0.0764795 0.0681675 0.0726916 0.0566044 0.0477403 0.0527397 0.0444891 0.0609904 0.0582453 0.0661739 0.0445044 0.0529084 0.0360697 0.0280645 0.0235558 0.0158879 0.00826598 0.00280645 0.00217768 0.000904811 0.00058276 9.20147e-05 0
 0 0 0 0 0 0 0 0 0 0 0 0 0 0 0 0 0 0 0 0 0 0 0 0 0 0 0 0 0 0 0 0 0 0 0 0
 0 0 0 0 0 0 0 0 0 0 0 0 0 0 0 0 0 0 0 0 0 0 0 0 0 0 0 0 0 0 0 0 0 0 0 0
ppred_pel_tallas
 1.05925e-16 2.39317e-06 1.39544e-05 6.61422e-05 0.000254332 0.000792819 0.00200325 0.0041038 0.00682109 0.00921681 0.0101781 0.00933107 0.00745078 0.00590697 0.00578601 0.00753748 0.0111968 0.0166858 0.0238836 0.0325249 0.0420939 0.0518113 0.0607273 0.0678955 0.0725698 0.0743598 0.0732954 0.0697779 0.0644476 0.0580146 0.051113 0.044217 0.0376259 0.0314983 0.0259076 0.0208889
 1.17341e-16 6.79408e-06 3.98408e-05 0.000189318 0.000728776 0.00227249 0.00574012 0.0117457 0.0194728 0.0261607 0.0284924 0.0251908 0.0181618 0.0108669 0.00579216 0.00348004 0.00329509 0.00449748 0.00670539 0.00984305 0.0139576 0.0190897 0.0252075 0.0321755 0.0397397 0.0475298 0.0550767 0.0618501 0.0673133 0.070991 0.0725375 0.0717933 0.0688158 0.0638732 0.0574063 0.0499613
 1.26971e-16 3.96097e-06 2.32012e-05 0.000110197 0.000424112 0.00132239 0.0033404 0.00683647 0.0113384 0.0152459 0.0166403 0.0147964 0.0108511 0.00685953 0.0043243 0.00362819 0.00447008 0.0064731 0.00943409 0.0132769 0.0179401 0.023314 0.0292327 0.0354976 0.0419076 0.0482781 0.0544385 0.0602102 0.0653777 0.069672 0.0727803 0.0743875 0.074239 0.0722031 0.0683184 0.0628041
 1.14325e-16 2.53221e-05 0.00014862 0.000706477 0.00271998 0.00848199 0.0214247 0.0438374 0.0726636 0.0975799 0.106173 0.0936193 0.0669452 0.0389289 0.0186348 0.00778233 0.00360077 0.00284873 0.00357586 0.00498918 0.00685261 0.00910143 0.0116953 0.0145819 0.0176934 0.020947 0.0242417 0.0274535 0.0304312 0.0329993 0.0349716 0.0361737 0.0364728 0.0358029 0.0341818 0.0317144
 1.00743e-16 4.11778e-05 0.000241708 0.00114903 0.00442392 0.0137957 0.0348465 0.0712992 0.118181 0.158697 0.172649 0.152183 0.108707 0.0629765 0.0296922 0.0115931 0.00409985 0.00185649 0.00160293 0.00196692 0.00249763 0.00304777 0.00354166 0.00392178 0.00414816 0.00420549 0.00410587 0.00388389 0.0035863 0.00325964 0.00294002 0.00264789 0.00238839 0.00215569 0.00193909 0.0017286
 1.00636e-16 2.24587e-05 0.000131771 0.000626286 0.00241108 0.0075186 0.0189918 0.0388624 0.064429 0.0865573 0.0942729 0.083349 0.060086 0.0359174 0.0190191 0.0110769 0.00978359 0.012347 0.0169862 0.0227563 0.0289919 0.034998 0.0400175 0.0433469 0.044493 0.0432937 0.0399598 0.0350167 0.0291718 0.0231506 0.0175542 0.0127748 0.00898 0.00615183 0.00415395 0.00280021
 1.00346e-16 4.10296e-05 0.000240837 0.00114489 0.00440798 0.013746 0.034721 0.0710423 0.117755 0.158125 0.172028 0.151636 0.108318 0.0627543 0.0295941 0.0115671 0.00411214 0.00189442 0.00166772 0.00206679 0.00264387 0.00325225 0.00381445 0.00426837 0.0045665 0.00468354 0.0046204 0.00440126 0.00406549 0.0036573 0.00321668 0.00277417 0.00234973 0.00195473 0.00159503 0.00127379
 1.00222e-16 3.50659e-05 0.000205812 0.000978343 0.00376668 0.0117461 0.0296696 0.060708 0.10063 0.135143 0.147062 0.129717 0.0928515 0.0541794 0.026275 0.0115377 0.0061339 0.0055467 0.00699717 0.00924539 0.0117573 0.0141884 0.0162202 0.0175654 0.0180239 0.0175302 0.0161701 0.0141572 0.0117789 0.00933015 0.00705498 0.0051128 0.00357174 0.00242452 0.00161576 0.00106979
 1.0035e-16 3.68666e-05 0.000216388 0.00102863 0.00396033 0.01235 0.031195 0.0638286 0.105801 0.142082 0.154598 0.136329 0.0975082 0.0567428 0.0272315 0.0114706 0.00540453 0.00426885 0.00514559 0.00676289 0.00862265 0.0104531 0.0120221 0.0131214 0.0136021 0.0134079 0.0125877 0.01128 0.009677 0.00797861 0.00635348 0.0049154 0.0037188 0.00276893 0.00203952 0.00149047
 1.00236e-16 3.83407e-05 0.000225045 0.00106979 0.00411882 0.0128442 0.0324434 0.0663826 0.110034 0.147763 0.160772 0.141756 0.10135 0.058899 0.0281171 0.0115863 0.00507453 0.00361612 0.0041747 0.00543909 0.00691846 0.00837149 0.00960611 0.0104539 0.0107962 0.0105903 0.00987983 0.00878162 0.0074554 0.00606641 0.00475285 0.00360663 0.00266971 0.00194274 0.00140007 0.00100475
 1.00679e-16 2.54765e-05 0.000149495 0.000710567 0.00273561 0.00853066 0.021548 0.0440921 0.0730949 0.0981865 0.106905 0.0944361 0.0679025 0.0402372 0.0206641 0.0110345 0.00867113 0.0103676 0.0141086 0.0188903 0.0240989 0.0291493 0.0334169 0.0363199 0.0374454 0.0366484 0.0340866 0.0301744 0.0254771 0.0205784 0.0159656 0.0119619 0.00871313 0.00621851 0.00438325 0.00307218
 1.01091e-16 3.43688e-05 0.000201723 0.000958909 0.00369187 0.0115128 0.0290803 0.0595019 0.0986301 0.132454 0.144128 0.127112 0.0909486 0.0529926 0.0255584 0.010987 0.0055131 0.00470957 0.00586617 0.00779883 0.0100336 0.0122953 0.0143356 0.0159225 0.016879 0.0171192 0.0166638 0.0156267 0.0141804 0.0125124 0.0107873 0.00912468 0.00759475 0.0062275 0.00502767 0.00398844
 1.00299e-16 3.95163e-05 0.000231949 0.00110262 0.00424523 0.0132384 0.0334391 0.0684198 0.113409 0.152294 0.165694 0.146078 0.104401 0.0605935 0.0287788 0.0116044 0.00469498 0.00292365 0.00316136 0.00407098 0.00517679 0.00627421 0.00721658 0.00787851 0.0081713 0.00806204 0.00758084 0.00681129 0.00586847 0.00487149 0.0039199 0.0030798 0.00238146 0.00182586 0.00139567 0.0010661
 1.00078e-16 4.08514e-05 0.000239789 0.0011399 0.00438877 0.0136861 0.0345697 0.0707329 0.117243 0.157439 0.171286 0.150994 0.107885 0.0625543 0.029595 0.0117329 0.00443357 0.00238845 0.00236097 0.00297707 0.00376497 0.00454392 0.00519926 0.00563739 0.00579383 0.00564694 0.00522315 0.00458951 0.00383673 0.0030581 0.00233117 0.0017069 0.00120761 0.000831881 0.000563101 0.000378171
 1.00045e-16 4.1014e-05 0.000240744 0.00114444 0.00440625 0.0137406 0.0347074 0.0710146 0.11771 0.158066 0.171967 0.151593 0.10831 0.0627943 0.0296967 0.0117523 0.00440759 0.0023319 0.00227545 0.0028594 0.00361197 0.00435466 0.00497606 0.00538589 0.00552234 0.00536529 0.00494125 0.00431612 0.00357862 0.00281983 0.00211531 0.00151451 0.00103877 0.000686059 0.00043938 0.00027529
 1.00094e-16 3.78323e-05 0.000222059 0.00105559 0.00406414 0.0126737 0.0320126 0.0655015 0.108574 0.145804 0.158646 0.139893 0.100043 0.0581902 0.0278736 0.0116496 0.0053501 0.00407991 0.00484094 0.00632789 0.00803423 0.00969078 0.011073 0.0119834 0.0122847 0.0119322 0.0109853 0.00959083 0.00794656 0.00625547 0.00468595 0.00334822 0.00228974 0.00150592 0.000958761 0.000595863
 1.00349e-16 3.3503e-05 0.000196634 0.000934704 0.00359865 0.0112221 0.0283461 0.0580001 0.0961425 0.12912 0.140515 0.123962 0.088774 0.0518853 0.0253218 0.0113913 0.0064469 0.00618462 0.00795194 0.0105525 0.0134478 0.0162653 0.0186477 0.0202693 0.0208992 0.0204557 0.0190263 0.0168417 0.0142169 0.0114774 0.00889555 0.00665246 0.00483052 0.00343031 0.00239996 0.00166468
 1.00554e-16 3.4787e-05 0.000204176 0.000970568 0.00373675 0.0116527 0.0294339 0.0602255 0.09983 0.134067 0.145888 0.128674 0.092089 0.0537023 0.0259843 0.0113108 0.00587528 0.00519687 0.00652439 0.00864088 0.0110373 0.0133982 0.0154341 0.0168807 0.0175473 0.0173595 0.0163753 0.0147664 0.0127722 0.0106426 0.00858919 0.00675533 0.00521096 0.00396526 0.00298872 0.00223485
 1.00603e-16 3.38131e-05 0.000198456 0.00094337 0.00363202 0.0113261 0.0286089 0.0585378 0.0970332 0.130314 0.14181 0.125093 0.0895599 0.0522957 0.0254313 0.0112876 0.00617657 0.0057504 0.00733459 0.00973382 0.0124271 0.0150697 0.017336 0.0189282 0.0196325 0.0193681 0.0182057 0.0163447 0.0140606 0.0116402 0.00932421 0.00727424 0.0055665 0.00420684 0.00315648 0.00235765
 1.00548e-16 3.56055e-05 0.000208983 0.000993424 0.00382476 0.0119272 0.0301271 0.0616437 0.10218 0.137222 0.149316 0.131686 0.0942188 0.0548927 0.0264639 0.0113548 0.0056603 0.00478745 0.00591977 0.00781989 0.00998525 0.0121207 0.0139626 0.0152722 0.0158769 0.0157101 0.0148248 0.0133764 0.0115815 0.00966588 0.00782003 0.00617271 0.00478598 0.00366703 0.00278829 0.00210728
 1.00525e-16 3.43359e-05 0.000201526 0.000957966 0.00368823 0.0115014 0.0290516 0.0594435 0.0985343 0.132329 0.144 0.127019 0.0909251 0.0530656 0.0257546 0.0113441 0.00608375 0.00555477 0.00704026 0.00932989 0.0119033 0.0144241 0.0165781 0.0180791 0.0187225 0.0184327 0.0172801 0.0154594 0.0132387 0.0108959 0.00866428 0.00669972 0.00507467 0.00379286 0.00281443 0.00208087
 1.00756e-16 3.23707e-05 0.000189986 0.000903098 0.00347696 0.0108426 0.0273875 0.0560388 0.0928919 0.124755 0.135769 0.119783 0.0857986 0.0501815 0.0245566 0.0111607 0.00647797 0.00635722 0.00824007 0.0109706 0.0140224 0.0170232 0.0196105 0.0214499 0.0222993 0.0220646 0.0208203 0.0187844 0.016261 0.0135674 0.0109713 0.0086539 0.00670271 0.00512826 0.00389216 0.00293493
 1.00907e-16 3.27468e-05 0.000192195 0.000913604 0.00351742 0.0109687 0.0277062 0.0566908 0.093972 0.126204 0.137342 0.12116 0.0867635 0.050702 0.0247298 0.0111023 0.00625582 0.00598691 0.00770901 0.0102626 0.0131342 0.015974 0.0184458 0.0202384 0.0211249 0.0210131 0.0199648 0.018174 0.0159141 0.0134715 0.0110892 0.00893284 0.00708477 0.00555904 0.00432676 0.00334078
 1.02057e-16 1.88385e-05 0.000110517 0.000525241 0.00202203 0.00630535 0.0159272 0.0325922 0.0540362 0.0726027 0.0790944 0.069977 0.05055 0.0304259 0.016494 0.0102089 0.0096788 0.0125983 0.0174914 0.0235525 0.0301721 0.0366783 0.0423207 0.0463871 0.0483577 0.0480251 0.0455389 0.0413537 0.0361061 0.0304619 0.024983 0.0200503 0.0158494 0.012406 0.00964579 0.00745265
pSPR Fmed_Fpbrs
0.357354   0.361435 0.361435
Fs Fmed_Fpbrs
1.0244   1.005 1.005
SSBpbr Bo_Bmed_Bpbrs
954043  293229  297123 297123
Ro
16983.5
SPR SPRFo_SPRFmed_SPRFpbrs
349413 124864 126290
log_Ro
9.56
likeval ReclasPelacesDesembMPH_pf_preclas_ppelaces_ptallas_desvR_qrecl_qpela
 69.9355 19.2277 0.292787 0.000166868 357.518 170.172 93.0572 0 42.4463 8.5314e-05 0.000159539 0 0 0 0
q_reclas_q_pelaces
3.70195 6.03147
M
0.7
N
 5211.42 47861.1 24327.2 3244.85 0.111901
 7249.19 2551.31 20890.1 10618.2 1416.34
 1011.26 3503.62 991.237 8116.23 4675.65
 3338.55 444.516 576.387 163.07 2104.41
 42067.2 1516.76 98.6098 127.863 503.01
 11837.8 20332.5 589.527 38.3272 245.205
 64166.5 5118.34 2880.65 83.5225 40.1701
 57877.1 27514.9 672.701 378.602 16.2568
 63616.8 24786.8 3575.37 87.4129 51.3092
 133673 26484.7 2492.57 359.541 13.9499
 48791.8 59324.2 4752.25 447.252 67.0169
 51187.7 21166.3 8661.05 693.807 75.0809
 57117.6 21620.1 2425.82 992.62 88.1202
 29189.5 21902.8 1032.7 115.871 51.6223
 12736.7 9618.07 264.835 12.4868 2.02522
 10416.3 4167.91 109.245 3.00808 0.164832
 7180.69 4276.12 369.141 9.67555 0.281017
 7693.8 3048.4 513.224 44.3046 1.195
 8199.53 3340.6 448.644 75.5332 6.69635
 10278.8 3627.91 583.148 78.317 14.3543
 16097.1 4458.03 528.561 84.9606 13.5016
 20978.5 7484.39 1219.62 144.602 26.937
 27095.9 9694.28 1936.68 315.591 44.388
 7024.57 12352.7 2218.89 443.28 82.3942
pred_Ctot
 53.0525 4197.69 2133.63 284.592 0.00981437
 139.57 404.965 3315.84 1685.4 224.813
 84.0964 1791.88 506.954 4150.93 2391.29
 205.423 185.107 240.021 67.9061 876.327
 808.619 240.4 15.6292 20.2658 79.725
 1109.65 11200.5 324.753 21.1133 135.076
 6352.21 2912.12 1638.97 47.5208 22.8551
 5775.49 15727.6 384.519 216.41 9.29248
 7470.8 15500.2 2235.82 54.6627 32.0857
 10285.2 12877.3 1211.93 174.814 6.78269
 4470.56 32232.3 2582.02 243.003 36.412
 5553.27 12684.7 5190.45 415.79 44.995
 9497.07 15849.2 1778.3 727.664 64.5986
 7230.96 18207.5 858.469 96.3217 42.9128
 3199.25 8022.34 220.896 10.4151 1.68922
 1312.62 2701.76 70.8158 1.94992 0.106849
 756.151 2520.48 217.583 5.70308 0.16564
 700.584 1650.02 277.795 23.9809 0.646821
 647.098 1651.61 221.812 37.3439 3.31071
 943.301 1973.05 317.146 42.5928 7.8066
 740.21 1489.5 176.601 28.3867 4.51109
 1051.94 2675.04 435.91 51.6832 9.62771
 1604.91 3926.62 784.444 127.829 17.9792
 555.999 6118.95 1099.13 219.58 40.8143
F
 0.0142447 0.129028 0.129028 0.129028 0.129028
 0.0270933 0.24541 0.24541 0.24541 0.24541
 0.121968 1.10477 1.10477 1.10477 1.10477
 0.0889625 0.805816 0.805816 0.805816 0.805816
 0.0270492 0.245009 0.245009 0.245009 0.245009
 0.138465 1.2542 1.2542 1.2542 1.2542
 0.146754 1.32928 1.32928 1.32928 1.32928
 0.148009 1.34066 1.34066 1.34066 1.34066
 0.176309 1.597 1.597 1.597 1.597
 0.112382 1.01795 1.01795 1.01795 1.01795
 0.13515 1.22418 1.22418 1.22418 1.22418
 0.161874 1.46624 1.46624 1.46624 1.46624
 0.258497 2.34145 2.34145 2.34145 2.34145
 0.410167 3.71526 3.71526 3.71526 3.71526
 0.417072 3.77781 3.77781 3.77781 3.77781
 0.19033 1.72399 1.72399 1.72399 1.72399
 0.156778 1.42009 1.42009 1.42009 1.42009
 0.134263 1.21614 1.21614 1.21614 1.21614
 0.11542 1.04547 1.04547 1.04547 1.04547
 0.135379 1.22625 1.22625 1.22625 1.22625
 0.0658176 0.596171 0.596171 0.596171 0.596171
 0.0719638 0.651843 0.651843 0.651843 0.651843
 0.0855086 0.774531 0.774531 0.774531 0.774531
 0.115777 1.0487 1.0487 1.0487 1.0487
nmprior
 10 10 8 0
nm_flota  nm_reclas  nm_pelaces    nm_pelaL
inf 14.568 8.40958 12.8745
cv_recla  cv_pelaces  cv_mph
0.77424 0.515974 0.419107
 ------------------------------------------------
Talla a la edad & desviación 
 7.2 14.2025 17.0495 18.207 18.6776
 1.08 2.13037 2.55742 2.73105 2.80164
