years
 1997 1998 1999 2000 2001 2002 2003 2004 2005 2006 2007 2008 2009 2010 2011 2012 2013 2014 2015 2016 2017 2018 2019 2020
reclasobs
 0 0 0 370054 412103 1.49427e+06 250295 1.28982e+06 931140 785840 897777 1.04006e+06 184774 17550 25797 100020 73551 82996 120727 218422 84188 347160 605670 569463
reclaspred
 1.44121e+06 178639 184575 99363.4 260685 245722 511722 471715 607696 1.10242e+06 918632 585170 381579 162378 97994.6 92492.3 103123 118400 97209.7 182056 307164 274258 411701 293057
pelacesobs
 0 0 0 0 0 0 0 0 0 2.06254e+06 1.5e+06 0 1.87456e+06 323000 250000 174000 83755 137374 0 501740 490994 745055 786931 1.00524e+06
pelacespred
 986761 346960 76018.3 89576.5 218219 158366 454442 407727 532528 973185 741133 489327 325970 110303 65529.9 66747 77501 91549.9 75374 138239 266809 232785 275614 234360
mphobs
 0 0 0 0 0 112323 0 153150 637223 0 255016 313432 73983 77613 109348 50772 0 0 0 0 0 0 0 0
mphpred
 612280 256302 101540 36474.9 53594.5 132466 138940 170629 201328 276455 494686 351427 196774 111395 45758.6 35201.1 39696.6 47551.6 48819.7 45995.3 100233 130554 153281 170946
desembarqueobs
 350755 77701 442110 56441 14545 235359 269955 359681 431902 328805 639364 411747 362871 311530 167758 66681 60226 58785 57116 71774 51957 67425 138520 160799
desembarquepred
 350742 77678.8 441501 56413.3 14544.1 235235 269873 359143 431489 328566 638676 411410 362321 311030 167417 66631.6 60205.4 58747.1 57071.9 71709.2 51944.1 67388.5 138442 160718
Reclutas
 6625.11 10914.8 1542.68 20432.1 53445.5 16301.3 48323.2 78078.6 91075.6 218383 55704.2 24725.7 52030.6 20523.9 14116.1 15182.4 10129.6 9415.97 7366.95 29328.5 31226.5 35527.3 43043 9609.97
log_desv_Rt
 -1.24138 -0.742129 -2.69873 -0.115136 0.846417 -0.340997 0.745667 1.22547 1.37945 2.25401 0.887811 0.075599 0.819586 -0.110653 -0.484928 -0.412106 -0.816779 -0.889837 -1.13524 0.246314 0.309023 0.438057 0.629956 -0.869443
SSB
 1.57529e+06 659418 261245 93843.4 137889 340811 357469 438998 517980 711270 1.27274e+06 904158 506265 286601 117729 90566.1 102132 122342 125604 118338 257882 335891 394365 439813
BT
 1.98787e+06 790844 383621 224039 402596 467201 1.0101e+06 1.11604e+06 1.34343e+06 2.04692e+06 1.88085e+06 1.24404e+06 943001 494760 256888 174350 188409 211656 185601 307540 518841 481569 592585 563431
Ftot
 0.198159 0.310072 1.45893 0.944063 0.132345 0.911694 0.786214 1.54697 1.31471 0.67296 0.715813 0.556371 1.02869 1.9199 2.23278 1.02044 0.773309 0.57837 0.59397 0.741806 0.243181 0.271001 0.348029 0.458821
BD_Bspro_t
 0.975145 0.82133 0.546387 0.194676 0.415672 0.685163 0.511073 0.513516 0.5113 0.540658 0.643712 0.484603 0.351104 0.267942 0.149785 0.146324 0.214331 0.318503 0.377509 0.421131 0.636719 0.743734 0.739311 0.694696
BD_Bspro
 3.33989 1.39809 0.553887 0.198965 0.29235 0.722581 0.757898 0.930755 1.09821 1.50802 2.69844 1.91698 1.07337 0.607645 0.249606 0.192017 0.216539 0.259387 0.266304 0.250897 0.546758 0.712151 0.836125 0.932483
BD_Bo
 1.71166 0.716505 0.283861 0.101968 0.149826 0.370315 0.388415 0.477002 0.562823 0.772846 1.38292 0.982432 0.550094 0.311412 0.127921 0.0984065 0.110974 0.132933 0.136478 0.128582 0.280208 0.36497 0.428505 0.477888
BD_Brms
 4.71914 1.97544 0.78262 0.28113 0.413079 1.02098 1.07088 1.31512 1.55173 2.13078 3.81279 2.70862 1.51664 0.858579 0.352683 0.271312 0.305961 0.366503 0.376277 0.354508 0.772547 1.00624 1.18141 1.31756
S_f
 0.102947 0.685581 0.976431 0.998731 0.999933
 0.102947 0.685581 0.976431 0.998731 0.999933
 0.102947 0.685581 0.976431 0.998731 0.999933
 0.102947 0.685581 0.976431 0.998731 0.999933
 0.102947 0.685581 0.976431 0.998731 0.999933
 0.102947 0.685581 0.976431 0.998731 0.999933
 0.102947 0.685581 0.976431 0.998731 0.999933
 0.102947 0.685581 0.976431 0.998731 0.999933
 0.102947 0.685581 0.976431 0.998731 0.999933
 0.102947 0.685581 0.976431 0.998731 0.999933
 0.102947 0.685581 0.976431 0.998731 0.999933
 0.102947 0.685581 0.976431 0.998731 0.999933
 0.102947 0.685581 0.976431 0.998731 0.999933
 0.102947 0.685581 0.976431 0.998731 0.999933
 0.102947 0.685581 0.976431 0.998731 0.999933
 0.102947 0.685581 0.976431 0.998731 0.999933
 0.102947 0.685581 0.976431 0.998731 0.999933
 0.102947 0.685581 0.976431 0.998731 0.999933
 0.102947 0.685581 0.976431 0.998731 0.999933
 0.102947 0.685581 0.976431 0.998731 0.999933
 0.102947 0.685581 0.976431 0.998731 0.999933
 0.102947 0.685581 0.976431 0.998731 0.999933
 0.102947 0.685581 0.976431 0.998731 0.999933
 0.102947 0.685581 0.976431 0.998731 0.999933
Scru_reclas
 1 1 1 1 1
 1 1 1 1 1
 1 1 1 1 1
 1 1 1 1 1
 1 1 1 1 1
 1 1 1 1 1
 1 1 1 1 1
 1 1 1 1 1
 1 1 1 1 1
 1 1 1 1 1
 1 1 1 1 1
 1 1 1 1 1
 1 1 1 1 1
 1 1 1 1 1
 1 1 1 1 1
 1 1 1 1 1
 1 1 1 1 1
 1 1 1 1 1
 1 1 1 1 1
 1 1 1 1 1
 1 1 1 1 1
 1 1 1 1 1
 1 1 1 1 1
 1 1 1 1 1
Scru_pelaces
 1 1 1 1 1
 1 1 1 1 1
 1 1 1 1 1
 1 1 1 1 1
 1 1 1 1 1
 1 1 1 1 1
 1 1 1 1 1
 1 1 1 1 1
 1 1 1 1 1
 1 1 1 1 1
 1 1 1 1 1
 1 1 1 1 1
 1 1 1 1 1
 1 1 1 1 1
 1 1 1 1 1
 1 1 1 1 1
 1 1 1 1 1
 1 1 1 1 1
 1 1 1 1 1
 1 1 1 1 1
 1 1 1 1 1
 1 1 1 1 1
 1 1 1 1 1
 1 1 1 1 1
pf_obs 
 0.256992 0.487395 0.22802 0.0275931 0
 0.321318 0.546541 0.124235 0.00734118 0.000564706
 0.182869 0.594174 0.210203 0.0122559 0.00049798
 0.330522 0.361315 0.267642 0.0388342 0.00168674
 0.649043 0.306663 0.0425973 0.00169635 0
 0.582887 0.30429 0.105238 0.00758474 0
 0.465427 0.430635 0.0974691 0.00646863 0
 0.296916 0.608066 0.0921331 0.00288517 0
 0.311714 0.524322 0.152257 0.0117073 0
 0.15457 0.633149 0.183074 0.0267441 0.00246327
 0.131901 0.49318 0.331252 0.0422183 0.00144891
 0.196976 0.569456 0.194076 0.0375587 0.00193317
 0.518974 0.381816 0.0799577 0.0180837 0.00116848
 0.0928022 0.601141 0.25162 0.0475244 0.00691264
 0.122501 0.610282 0.24278 0.0234846 0.000952079
 0.383417 0.481906 0.127806 0.00687128 0
 0.0376549 0.599619 0.316969 0.0457579 0
 0.0361596 0.667082 0.258105 0.0386534 0
 0.158088 0.579412 0.248529 0.0139706 0
 0.0477256 0.309471 0.559284 0.082774 0.000745712
 0.0406174 0.521527 0.379366 0.0568643 0.0016247
 0.151134 0.462217 0.34131 0.0453401 0
 0.294876 0.26143 0.354403 0.0886775 0.000613685
 0.281977 0.475581 0.204845 0.0348837 0.00271318
pf_pred 
 0.0142806 0.642384 0.303706 0.039626 2.92502e-06
 0.0409276 0.0744491 0.646031 0.211634 0.0269582
 0.016387 0.265055 0.0802297 0.469432 0.168896
 0.515109 0.088217 0.16461 0.0269434 0.205121
 0.451459 0.50071 0.0130549 0.0147397 0.0200368
 0.087226 0.749003 0.153709 0.00279481 0.00726693
 0.332547 0.278985 0.343126 0.0426479 0.00269334
 0.38281 0.506529 0.0595957 0.0452762 0.005789
 0.326681 0.580884 0.0830288 0.0051715 0.00423467
 0.440803 0.450222 0.100113 0.0079932 0.000868336
 0.0767283 0.779216 0.124922 0.017622 0.00151214
 0.0562476 0.33925 0.54167 0.054713 0.00811984
 0.219899 0.255272 0.244205 0.252217 0.0284064
 0.133797 0.657245 0.0956083 0.0537834 0.0595663
 0.216048 0.523914 0.226129 0.0159652 0.0179437
 0.294439 0.563767 0.115867 0.0227161 0.00321117
 0.171893 0.635458 0.167795 0.0204437 0.00441088
 0.173277 0.49353 0.280438 0.04614 0.00661511
 0.148184 0.509731 0.238507 0.0875831 0.0159946
 0.461355 0.300835 0.166522 0.0501522 0.0211366
 0.242079 0.655041 0.0689452 0.0239901 0.00994482
 0.193748 0.512908 0.264954 0.0191818 0.00920776
 0.19568 0.475958 0.236182 0.0834616 0.00871763
 0.0456141 0.581462 0.255107 0.085364 0.0324523
pobs_RECLAS
 0 0 0 0 0
 0 0 0 0 0
 0 0 0 0 0
 0 0 0 0 0
 0.835266 0.146461 0.0176864 0.000547809 3.91292e-05
 0.385257 0.428462 0.181853 0.0044286 0
 0.867414 0.0963971 0.0333333 0.00285562 0
 0.441836 0.489002 0.0689373 0.000224442 0
 0.779404 0.147425 0.0564933 0.0165055 0.000172143
 0.814271 0.122319 0.05973 0.00367925 0
 0.40263 0.566651 0.0304383 0.000280538 0
 0.475488 0.404961 0.113038 0.00651328 0
 0.955842 0.0263864 0.0167828 0.000988607 0
 0.975058 0.0227948 0.00214734 0 0
 0.738997 0.206755 0.0527124 0.00153531 0
 0.850938 0.134255 0.0134407 0.00136685 0
 0.542534 0.407297 0.0501686 0 0
 0.764087 0.199537 0.0359546 0.000420521 0
 0.470689 0.182191 0.310203 0.0369168 0
 0.84361 0.089868 0.0606195 0.00523954 0.000663233
 0.607945 0.314616 0.071237 0.00620181 0
 0.523733 0.453247 0.0230204 0 0
 0.530135 0.295979 0.169645 0.0042399 0
 0.562478 0.366248 0.0663022 0.0049721 0
ppred_RECLAS
 0.0980004 0.657073 0.217224 0.0277004 2.04223e-06
 0.286437 0.0772881 0.467568 0.149666 0.0190411
 0.140862 0.31339 0.0624881 0.355534 0.127725
 0.910549 0.0223147 0.0282929 0.00451518 0.0343278
 0.849872 0.140863 0.00257209 0.00283862 0.00385406
 0.414176 0.51004 0.0712401 0.0012631 0.00327986
 0.80866 0.0980837 0.0826068 0.0100172 0.000631788
 0.829112 0.149748 0.0115351 0.00851711 0.00108734
 0.785144 0.194346 0.0184744 0.00111985 0.000915659
 0.852224 0.12671 0.019391 0.00151113 0.000163949
 0.37576 0.554097 0.0610227 0.00840064 0.000719923
 0.336705 0.29757 0.328521 0.0324015 0.00480252
 0.718556 0.118665 0.0767895 0.0772957 0.00869363
 0.563057 0.364461 0.0337372 0.0184002 0.0203449
 0.712329 0.220241 0.058895 0.00402225 0.00451267
 0.758312 0.206674 0.0287455 0.0054928 0.000775405
 0.607655 0.325041 0.0588076 0.00699077 0.00150634
 0.620911 0.258824 0.101606 0.0163221 0.00233712
 0.576574 0.290015 0.0936933 0.0335907 0.00612657
 0.873034 0.0825307 0.0313461 0.00921223 0.00387742
 0.691381 0.27832 0.0204607 0.00695759 0.00288065
 0.645148 0.253779 0.0914959 0.00647299 0.00310339
 0.652706 0.235084 0.0812367 0.0280477 0.00292597
 0.269779 0.506495 0.154195 0.0503962 0.0191348
pobs_PELACES
 0 0 0 0 0
 0 0 0 0 0
 0 0 0 0 0
 0 0 0 0 0
 0 0 0 0 0
 0 0 0 0 0
 0 0 0 0 0
 0 0 0 0 0
 0 0 0 0 0
 0 0 0 0 0
 0.450072 0.473896 0.0757376 0.000293798 0
 0 0 0 0 0
 0.463077 0.371075 0.160297 0.00555027 0
 0.529543 0.364841 0.0842815 0.0213345 0
 0.631943 0.363953 0.00410389 0 0
 0.735681 0.248677 0.0153453 0.000297389 0
 0.695825 0.281241 0.0229344 0 0
 0.275771 0.60734 0.115278 0.00161068 0
 0 0 0 0 0
 0.896147 0.0623911 0.0374545 0.00400742 0
 0.803859 0.145111 0.0509908 3.86294e-05 0
 0.739449 0.233085 0.0266225 0.000797448 4.60066e-05
 0.878498 0.100942 0.0204185 0.000141795 0
 0.694673 0.275183 0.0284847 0.00165964 0
ppred_PELACES
 0.101893 0.657631 0.213313 0.0271619 2.00237e-06
 0.304471 0.0773993 0.454511 0.145155 0.0184649
 0.19229 0.323166 0.0560175 0.315315 0.113211
 0.92905 0.0189887 0.0219902 0.00348506 0.0264862
 0.853193 0.137861 0.00248549 0.00274037 0.00372048
 0.459964 0.475352 0.060832 0.00107135 0.00278094
 0.836015 0.0871756 0.0680834 0.00820845 0.000517545
 0.869275 0.116609 0.00774294 0.00565242 0.000721172
 0.826374 0.158863 0.0133112 0.000799105 0.000653056
 0.868819 0.113499 0.0162828 0.00126265 0.000136953
 0.41038 0.527339 0.0542198 0.00742491 0.000636124
 0.367787 0.292064 0.305675 0.0300251 0.00444931
 0.767318 0.103978 0.0609593 0.0608983 0.00684659
 0.657489 0.29422 0.0226518 0.0121809 0.013458
 0.799425 0.160899 0.0347268 0.00233303 0.00261517
 0.79469 0.178004 0.022448 0.00425735 0.000600756
 0.645339 0.297506 0.0499756 0.00590714 0.00127245
 0.650696 0.242694 0.0901292 0.0144169 0.00206385
 0.608483 0.273034 0.0833192 0.0297412 0.00542318
 0.890472 0.0729899 0.0258172 0.00754606 0.00317519
 0.701754 0.269592 0.0193617 0.00657214 0.0027208
 0.658649 0.245936 0.0863914 0.00609969 0.0029241
 0.670128 0.225737 0.075444 0.025981 0.00271001
 0.290301 0.499002 0.145369 0.0473515 0.0179755
pobs_pel_tallas
 0 0 0 0 0 0 0 0 0 0 0 0 0 0 0 0 0 0 0 0 0 0 0 0 0 0 0 0 0 0 0 0 0 0 0 0
 0 0 0 0 0 0 0 0 0 0 0 0 0 0 0 0 0 0 0 0 0 0 0 0 0 0 0 0 0 0 0 0 0 0 0 0
 0 0 0 0 0 0 0 0 0 0 0 0 0 0 0 0 0 0 0 0 0 0 0 0 0 0 0 0 0 0 0 0 0 0 0 0
 0 0 0 0 0 0 0 0 0 0 0 0 0 0 0 0 0 0 0 0 0 0 0 0 0 0 0 0 0 0 0 0 0 0 0 0
 0 0 0 0 0 0 0 0 0 0 0 0 0 0 0 0 0 0 0 0 0 0 0 0 0 0 0 0 0 0 0 0 0 0 0 0
 0 0 0 0 0 0 0 0 0 0 0 0 0 0 0 0 0 0 0 0 0 0 0 0 0 0 0 0 0 0 0 0 0 0 0 0
 0 0 0 0 0 0 0 0 0 0 0 0 0 0 0 0 0 0 0 0 0 0 0 0 0 0 0 0 0 0 0 0 0 0 0 0
 0 0 0 0 0 0 0 0 0 0 0 0 0 0 0 0 0 0 0 0 0 0 0 0 0 0 0 0 0 0 0 0 0 0 0 0
 0 0 0 0 0 0 0 0 0 0 0 0 0 0 0 0 0 0 0 0 0 0 0 0 0 0 0 0 0 0 0 0 0 0 0 0
 0 0 0 0 0 0 0 0 0 0 0 0 0 0 0 0 0 0 0 0 0 0 0 0 0 0 0 0 0 0 0 0 0 0 0 0
 0 0 0 0 0 0 0 0 1.78061e-05 0.00172719 0.00360574 0.0105946 0.0120993 0.0124554 0.0147524 0.0171206 0.0266825 0.0428682 0.0675386 0.121331 0.153587 0.119568 0.100827 0.0573624 0.0630603 0.0341343 0.0324427 0.0444173 0.0211091 0.0280891 0.0125444 0.00206551 0 0 0 0
 0 0 0 0 0 0 0 0 0 0 0 0 0 0 0 0 0 0 0 0 0 0 0 0 0 0 0 0 0 0 0 0 0 0 0 0
 0 0 0 0 0 0 0.0133647 0.0140871 0.0187388 0.0205184 0.03894 0.0496705 0.03968 0.0493445 0.0407372 0.0367815 0.0215668 0.0243155 0.0234873 0.0199281 0.019796 0.0243948 0.0301388 0.0376714 0.0412746 0.0863199 0.0771752 0.113111 0.0741005 0.0525337 0.0229764 0.00759418 0.00175318 0 0 0
 0 0 0 0 0 0 0 0 0 0 0.00219441 0.00772107 0.0458388 0.0604681 0.0671733 0.0775358 0.0609151 0.0617685 0.073594 0.0568108 0.0755445 0.0548602 0.0670107 0.0636378 0.0643287 0.046367 0.0373049 0.0286899 0.0247887 0.0153202 0.00654259 0.00121912 0.000365735 0 0 0
 0 0 0 0 0 0 0 0 0 0 0 0 0.000112435 0.00938835 0.0111873 0.0202946 0.0414886 0.0713402 0.111592 0.104902 0.108894 0.110636 0.117776 0.105296 0.107544 0.0401394 0.0192827 0.0124803 0.00416011 0.0028671 0.000618394 0 0 0 0 0
 0 0 0 0 0 0 0 0 0 0 0.00291406 0.0102884 0.027416 0.0768956 0.0749926 0.110853 0.0956884 0.0897413 0.0766577 0.0534642 0.0500743 0.0551293 0.0594112 0.0620874 0.0668451 0.0424026 0.0208742 0.0120726 0.0048766 0.00582813 0.00118941 0.000297354 0 0 0 0
 0 0.00264628 0.0354308 0.0461629 0.0458689 0.0383711 0.0214643 0.0164657 0.0346957 0.0420465 0.0363128 0.0245516 0.0311673 0.0291091 0.0169068 0.0133784 0.00837989 0.0085269 0.0148486 0.0160247 0.0276389 0.0546898 0.0760071 0.122758 0.109233 0.0665981 0.0333725 0.0166128 0.00676272 0.00308733 0.000882094 0 0 0 0 0
 0 0 0 0 0 0 0 0.000805153 0.000690131 0.00759144 0.0133425 0.0154129 0.00931677 0.000345066 0.00356568 0.00563607 0.00851162 0.0253048 0.0502646 0.0516448 0.0657925 0.0565908 0.0611916 0.0827007 0.0866115 0.110766 0.145733 0.0935128 0.0569358 0.0249597 0.0138026 0.00621118 0.00161031 0.00115022 0 0
 0 0 0 0 0 0 0 0 0 0 0 0 0 0 0 0 0 0 0 0 0 0 0 0 0 0 0 0 0 0 0 0 0 0 0 0
 0.00147267 0.00158595 0.00478618 0.00569244 0.00954404 0.0108468 0.00647125 0.017049 0.0510054 0.094081 0.124002 0.0959785 0.0687766 0.0820023 0.061753 0.0591476 0.0492212 0.0479892 0.0443925 0.0268479 0.0217502 0.0140895 0.0121071 0.0120363 0.00920419 0.00665534 0.0049561 0.00860946 0.00930331 0.0156896 0.0114698 0.00855282 0.00243557 0.00046729 0 2.83206e-05
 0 0 0 0 0.000772559 0.00158375 0.000888443 0.00281984 0.00712685 0.0440552 0.0773331 0.111326 0.0921469 0.0852325 0.0710754 0.0886704 0.0786465 0.0553345 0.0373146 0.0185414 0.00753245 0.00457741 0.012979 0.0271748 0.0457355 0.0583668 0.034881 0.0177882 0.00938659 0.00492506 0.0015258 0.00185414 0.000309023 5.79419e-05 3.86279e-05 0
 0 0.00173294 0.00326652 0 0.00397197 0.00683976 0.00946217 0.0152591 0.00757587 0.0136028 0.0228656 0.0392903 0.0559909 0.0764795 0.0681675 0.0726916 0.0566044 0.0477403 0.0527397 0.0444891 0.0609904 0.0582453 0.0661739 0.0445044 0.0529084 0.0360697 0.0280645 0.0235558 0.0158879 0.00826598 0.00280645 0.00217768 0.000904811 0.00058276 9.20147e-05 0
 0 0 0 0 0 0 0 0 0 0 0 0 0 0 0 0 0 0 0 0 0 0 0 0 0 0 0 0 0 0 0 0 0 0 0 0
 0 0 0 0 0 0 0 0 0 0 0 0 0 0 0 0 0 0 0 0 0 0 0 0 0 0 0 0 0 0 0 0 0 0 0 0
ppred_pel_tallas
 1.04176e-16 4.4828e-06 2.62177e-05 0.000124433 0.000478747 0.00149264 0.00377099 0.00772111 0.0128182 0.0172738 0.0189537 0.0170907 0.0130462 0.00925388 0.0075592 0.00856438 0.0120812 0.0177566 0.0252803 0.0342673 0.0441029 0.0539054 0.0626267 0.0692465 0.0729936 0.0735169 0.0709519 0.0658558 0.0590469 0.0514006 0.0436738 0.0364023 0.029881 0.0242089 0.0193616 0.015261
 1.12328e-16 1.32931e-05 7.79939e-05 0.000370699 0.00142713 0.00445027 0.011241 0.0230011 0.0381289 0.0512124 0.055746 0.0492122 0.035317 0.0207966 0.0104543 0.00525768 0.00383613 0.00458441 0.00657684 0.009482 0.0132291 0.0177866 0.0230686 0.0289062 0.0350448 0.0411549 0.0468537 0.0517357 0.0554142 0.0575679 0.0579872 0.0566112 0.053545 0.0490487 0.0435038 0.0373565
 1.17025e-16 8.40999e-06 4.9307e-05 0.000234276 0.000901796 0.00281199 0.00710316 0.0145364 0.0241049 0.0324 0.0353311 0.0313394 0.0228159 0.0140886 0.00828867 0.00614027 0.00688555 0.00958066 0.0136335 0.0187157 0.024539 0.0307381 0.0368737 0.0425031 0.0472701 0.0509701 0.0535686 0.0551638 0.055913 0.055953 0.0553465 0.0540723 0.0520584 0.0492364 0.0455979 0.0412265
 1.01676e-16 4.05243e-05 0.000237873 0.0011308 0.00435374 0.0135768 0.0342937 0.070168 0.116305 0.156177 0.169904 0.149755 0.106955 0.0619243 0.0291278 0.0112548 0.00379515 0.00147784 0.00110115 0.00132999 0.00174533 0.00223364 0.00275334 0.00327454 0.00377063 0.00421975 0.00460615 0.00491916 0.00515098 0.00529425 0.00534116 0.00528447 0.00512013 0.00485021 0.00448485 0.00404249
 1.00349e-16 3.72214e-05 0.000218471 0.00103854 0.00399846 0.0124689 0.0314953 0.0644431 0.10682 0.14345 0.156086 0.137642 0.0984469 0.0572889 0.0274927 0.0115781 0.00544936 0.00429382 0.00516244 0.00676716 0.00860067 0.0103847 0.0118823 0.0128843 0.0132451 0.0129169 0.0119621 0.0105352 0.00884394 0.00710058 0.00548009 0.00409541 0.00299331 0.00216634 0.00157312 0.00115876
 1.01186e-16 2.00886e-05 0.000117855 0.000560127 0.00215635 0.00672422 0.0169853 0.034757 0.0576247 0.0774218 0.0843385 0.0746022 0.0538599 0.0323552 0.0174249 0.0106073 0.00987045 0.0127427 0.0176412 0.0237059 0.0302966 0.0367174 0.0421976 0.0460115 0.0476376 0.0468819 0.0439228 0.0392559 0.0335646 0.0275589 0.0218358 0.0167961 0.0126282 0.00934517 0.00684754 0.00498691
 1.01302e-16 3.64705e-05 0.000214067 0.00101761 0.0039179 0.0122176 0.0308607 0.0631442 0.104665 0.140553 0.152925 0.134832 0.096389 0.0559945 0.0266923 0.0109376 0.00470664 0.00328324 0.00379368 0.00501382 0.0065074 0.00807891 0.00957573 0.0108547 0.0117983 0.0123347 0.0124485 0.0121753 0.0115856 0.0107639 0.00979065 0.00873186 0.0076376 0.00654563 0.00548688 0.00448892
 1.00376e-16 3.79218e-05 0.000222585 0.0010581 0.00407379 0.0127038 0.0320886 0.0656569 0.108831 0.146149 0.159018 0.140214 0.100258 0.0582855 0.0278638 0.0115505 0.0051633 0.00379332 0.0044375 0.0057955 0.00737425 0.00892397 0.0102418 0.0111494 0.0115212 0.011313 0.0105722 0.00942364 0.00803728 0.00658785 0.0052204 0.0040299 0.00305789 0.00230219 0.00173342 0.00131132
 1.00299e-16 3.60529e-05 0.000211609 0.00100591 0.00387282 0.0120771 0.0305057 0.0624184 0.103464 0.138946 0.151192 0.133341 0.0954032 0.0555832 0.0267972 0.0114975 0.00572876 0.00483839 0.00597136 0.00787049 0.0100219 0.0121215 0.0138987 0.0151101 0.0155839 0.0152594 0.0142018 0.0125827 0.0106364 0.00860501 0.0066906 0.00502731 0.00367582 0.00263599 0.00186884 0.00131864
 1.00319e-16 3.79018e-05 0.000222468 0.00105754 0.00407165 0.0126971 0.0320718 0.0656224 0.108774 0.146072 0.158933 0.140138 0.100201 0.0582467 0.0278349 0.0115211 0.00512458 0.00373937 0.00436515 0.00570474 0.0072691 0.00881307 0.0101381 0.0110687 0.0114792 0.0113221 0.0106385 0.00954454 0.00820163 0.00677765 0.00541406 0.0042062 0.0031996 0.00239853 0.00178097 0.00131344
 1.01227e-16 1.79286e-05 0.000105169 0.000499807 0.00192408 0.00599989 0.0151557 0.0310141 0.0514222 0.0690978 0.0752952 0.0666611 0.0482531 0.0292398 0.0162056 0.010568 0.0105577 0.0139985 0.0194777 0.0261823 0.0334442 0.0405007 0.0464989 0.0506364 0.0523393 0.0513998 0.0480243 0.042772 0.0364093 0.0297298 0.0233983 0.0178574 0.0133109 0.0097647 0.00709886 0.00513936
 1.05674e-16 1.60625e-05 9.42334e-05 0.000447861 0.00172415 0.00537647 0.0135808 0.0277899 0.046072 0.0618953 0.067412 0.0595995 0.0429635 0.0256823 0.0136087 0.00796297 0.00712345 0.0091413 0.0128151 0.0175653 0.0230281 0.0288163 0.034469 0.0395019 0.0434926 0.0461531 0.0473683 0.0471859 0.045772 0.0433522 0.0401606 0.0364118 0.0322966 0.0279897 0.02366 0.0194708
 1.03312e-16 3.34756e-05 0.000196483 0.000934008 0.00359601 0.0112138 0.0283252 0.0579566 0.0960674 0.12901 0.140372 0.12378 0.0885218 0.0514933 0.024677 0.0103399 0.00480403 0.00375395 0.00456067 0.00610084 0.00796379 0.00994967 0.0118911 0.0136278 0.0150269 0.0160056 0.0165408 0.0166612 0.0164278 0.0159094 0.0151648 0.0142348 0.0131467 0.0119232 0.0105932 0.00919692
 1.01465e-16 2.86942e-05 0.000168394 0.000800434 0.00308165 0.00960979 0.0242737 0.0496684 0.0823351 0.110586 0.120373 0.106257 0.0762346 0.0448385 0.0224091 0.0109729 0.0074566 0.00821013 0.0109656 0.0146546 0.0187171 0.0226859 0.0260812 0.028458 0.0295 0.0290934 0.0273535 0.0245889 0.0212202 0.0176792 0.0143229 0.0113834 0.00895997 0.00704485 0.00556478 0.00442229
 1.00748e-16 3.48779e-05 0.00020471 0.000973112 0.00374655 0.0116833 0.029511 0.0603833 0.100091 0.134417 0.146267 0.129003 0.0923117 0.0538076 0.0259895 0.0112355 0.00572571 0.00496561 0.00619865 0.00821137 0.0105054 0.012781 0.0147659 0.0162111 0.0169345 0.0168614 0.0160398 0.0146231 0.012828 0.0108823 0.00897938 0.00725192 0.00576648 0.00453556 0.00353755 0.00273612
 1.00552e-16 3.46721e-05 0.000203501 0.000967357 0.00372439 0.0116142 0.0293365 0.0600262 0.0994999 0.133625 0.145408 0.128255 0.0917968 0.0535483 0.0259402 0.0113432 0.0059657 0.00534271 0.00673102 0.0089133 0.0113744 0.0137892 0.0158579 0.0173073 0.0179419 0.0176887 0.0166135 0.0148999 0.0128017 0.0105822 0.00846246 0.0065903 0.00503484 0.00380037 0.00285016 0.00213008
 1.01069e-16 2.81646e-05 0.000165285 0.000785649 0.00302472 0.00943226 0.0238253 0.0487509 0.0808145 0.108545 0.118154 0.104304 0.0748472 0.0440503 0.0220672 0.0108927 0.00751672 0.00836216 0.0112066 0.0150012 0.0191903 0.0233039 0.0268541 0.0293843 0.0305634 0.0302617 0.0285797 0.0258141 0.0223788 0.0187062 0.0151613 0.0119915 0.0093168 0.00715232 0.00544686 0.00412061
 1.01951e-16 2.83961e-05 0.000166649 0.000792143 0.00304975 0.00951031 0.0240224 0.0491538 0.0814808 0.109435 0.119111 0.10512 0.0753692 0.0442308 0.0219244 0.0104411 0.00672841 0.0071723 0.00954314 0.0128205 0.0165094 0.0202235 0.023566 0.0261575 0.0277091 0.0280833 0.0273189 0.025608 0.0232383 0.0205201 0.0177229 0.0150395 0.0125795 0.0103852 0.0084578 0.00678115
 1.02548e-16 2.65566e-05 0.000155846 0.000740782 0.00285198 0.00889358 0.0224646 0.0459667 0.0761991 0.102346 0.111406 0.0983461 0.0705706 0.0415314 0.0208032 0.0102691 0.00709521 0.00791699 0.0106515 0.0143274 0.0184419 0.0225744 0.0262832 0.0291467 0.0308468 0.0312372 0.0303701 0.0284687 0.0258606 0.0228941 0.0198666 0.0169842 0.0143566 0.0120166 0.0099527 0.00813761
 1.00799e-16 3.88444e-05 0.000228005 0.00108388 0.00417305 0.0130133 0.0328705 0.0672563 0.111481 0.149703 0.162875 0.14359 0.102618 0.0595489 0.0282647 0.0113675 0.00455634 0.0027937 0.00300862 0.00389501 0.00499675 0.00612605 0.0071512 0.00795721 0.00845757 0.00861095 0.00842825 0.00796552 0.00730653 0.00654098 0.00574591 0.00497526 0.00425855 0.00360625 0.00301796 0.00248969
 1.00716e-16 3.06233e-05 0.000179722 0.000854294 0.00328903 0.0102565 0.0259073 0.0530105 0.0878739 0.118022 0.128456 0.113366 0.0812782 0.0476912 0.0236236 0.0112177 0.00717265 0.00757742 0.0100084 0.0133411 0.0170147 0.0205877 0.0236154 0.0256882 0.0265159 0.0259966 0.024241 0.0215396 0.0182882 0.0148941 0.0116965 0.00891829 0.00665814 0.00491242 0.00361307 0.00266544
 1.01653e-16 2.8743e-05 0.000168685 0.000801824 0.00308702 0.00962654 0.024316 0.0497545 0.0824766 0.110773 0.120566 0.106404 0.0762887 0.0447682 0.0221863 0.0105578 0.00679148 0.00722742 0.00960642 0.0128928 0.0165824 0.0202817 0.0235866 0.0261128 0.0275697 0.0278222 0.0269168 0.025057 0.0225443 0.0197027 0.0168134 0.014077 0.0116058 0.00944057 0.00757656 0.00598915
 1.02164e-16 2.92427e-05 0.00017162 0.000815784 0.00314078 0.00979419 0.0247394 0.0506207 0.0839117 0.112698 0.122656 0.108234 0.0775707 0.0454594 0.0224154 0.0104778 0.00649127 0.00672519 0.00888168 0.0119187 0.0153481 0.0188053 0.0219222 0.0243487 0.0258189 0.0262077 0.0255531 0.0240336 0.0219146 0.0194796 0.0169722 0.0145632 0.0123456 0.0103516 0.00857744 0.00700681
 1.04694e-16 1.26916e-05 7.44259e-05 0.000353654 0.00136136 0.00424508 0.0107232 0.0219447 0.0363891 0.04891 0.0533306 0.0472953 0.0344098 0.0212011 0.0123834 0.00902849 0.00995762 0.0136935 0.0192677 0.0260858 0.0335924 0.0411035 0.0478279 0.0529992 0.0560395 0.0566863 0.0550413 0.0515195 0.0467256 0.0413005 0.0357897 0.0305688 0.0258333 0.0216371 0.0179508 0.0147168
pSPR Fmed_Fpbrs
0.510373   0.412706 0.412706
Fs Fmed_Fpbrs
0.656337   1.005 1.005
SSBpbr Bo_Bmed_Bpbrs
920326  423693  333808 333808
Ro
22925.4
SPR SPRFo_SPRFmed_SPRFpbrs
471658 240721 194656
log_Ro
9.86
likeval ReclasPelacesDesembMPH_pf_preclas_ppelaces_ptallas_desvR_qrecl_qpela
 95.8536 82.0302 0.102743 0.000189955 329.873 166.789 82.888 0 35.2688 9.92057e-06 0 0 0 0 0
q_reclas_q_pelaces
0.639976 1
M
0.7
N
 6625.11 47059.7 16012.5 2046.43 0.150892
 10914.8 3223.5 20400.6 6552.72 833.819
 1542.68 5249.83 1294.19 7484.23 2691.07
 20432.1 659.235 958.852 154.64 1176.36
 53445.5 9206.59 171.374 189.412 257.19
 16301.3 26181.1 4175.3 74.7855 194.299
 48323.2 7369.8 6958.73 851.275 53.7153
 78078.6 22130.9 2134.81 1603.7 204.927
 91075.6 33064.5 3805.32 234.071 191.542
 218383 39501.7 6666.66 523.444 56.8136
 55704.2 101187 12366.3 1716.04 147.126
 24725.7 25696.8 30760.3 3052.72 452.624
 52030.6 11594.9 8713.97 8872.6 998.539
 20523.9 23241.3 2844.3 1584.84 1754.36
 14116.1 8364.05 3094.67 216.679 243.424
 15182.4 5570.36 898.7 173.692 24.5347
 10129.6 6787.53 1374.19 164.772 35.5208
 9415.97 4645.3 1983.62 320.711 45.9378
 7366.95 4405.55 1551.68 560.001 102.174
 29328.5 3441.32 1455.94 431.437 181.672
 31226.5 13493.3 1027.66 350.403 145.099
 35527.3 15123.2 5671.6 402.459 192.985
 43043 17156.9 6236.63 2161.62 225.551
 9609.97 20622.3 6711.35 2204.75 837.347
pred_Ctot
 96.3251 4333 2048.55 267.284 0.0197298
 247.063 449.419 3899.82 1277.55 162.736
 156.066 2524.32 764.09 4470.77 1608.53
 1368.55 234.376 437.337 71.5836 544.969
 520.532 577.319 15.0523 16.9949 23.1025
 1055.96 9067.46 1860.81 33.834 87.9737
 2714.64 2277.4 2800.99 348.142 21.9862
 8343 11039.3 1298.83 986.754 126.166
 8356.19 14858.5 2123.8 132.282 108.319
 10554.4 10779.9 2397.06 191.385 20.791
 2858.09 29025.4 4653.27 656.408 56.3265
 993.15 5990.06 9564.13 966.055 143.37
 3783.1 4391.66 4201.27 4339.1 488.699
 2677.42 13152.1 1913.22 1076.26 1191.98
 2112.48 5122.75 2211.05 156.105 175.451
 1095.45 2097.47 431.078 84.5141 11.947
 560.034 2070.35 546.682 66.6063 14.3708
 392.773 1118.7 635.681 104.587 14.9947
 315.368 1084.82 507.595 186.396 34.0399
 1557.62 1015.67 562.208 169.323 71.3609
 556.031 1504.56 158.36 55.1028 22.8422
 704.095 1863.95 962.861 69.708 33.4617
 1091.7 2655.37 1317.66 465.632 48.6356
 319.725 4075.67 1788.13 598.346 227.47
F
 0.0203999 0.135854 0.193489 0.197908 0.198146
 0.031921 0.21258 0.302764 0.309679 0.310052
 0.150193 1.00021 1.42454 1.45708 1.45883
 0.0971885 0.647231 0.921812 0.942865 0.944
 0.0136245 0.0907333 0.129226 0.132177 0.132336
 0.0938563 0.62504 0.890207 0.910538 0.911633
 0.0809384 0.539013 0.767684 0.785216 0.786161
 0.159256 1.06057 1.51051 1.54501 1.54687
 0.135346 0.901341 1.28373 1.31304 1.31462
 0.0692793 0.461369 0.657099 0.672106 0.672915
 0.0736908 0.490748 0.698942 0.714905 0.715765
 0.0572768 0.381437 0.543258 0.555665 0.556334
 0.105901 0.705251 1.00445 1.02739 1.02862
 0.197649 1.31625 1.87465 1.91747 1.91978
 0.229858 1.53075 2.18015 2.22994 2.23263
 0.105051 0.699591 0.996385 1.01914 1.02037
 0.0796099 0.530166 0.755083 0.772328 0.773257
 0.0595415 0.396519 0.564738 0.577636 0.578331
 0.0611474 0.407214 0.579971 0.593216 0.59393
 0.0763668 0.508568 0.724322 0.740865 0.741756
 0.0250348 0.16672 0.23745 0.242872 0.243165
 0.0278987 0.185793 0.264614 0.270657 0.270983
 0.0358285 0.238602 0.339826 0.347587 0.348005
 0.0472342 0.314559 0.448007 0.458239 0.45879
nmprior
 10 10 8 0
nm_flota  nm_reclas  nm_pelaces    nm_pelaL
inf 27.9454 19.2225 34.7193
cv_recla  cv_pelaces  cv_mph
0.906423 1.06574 0.447161
 ------------------------------------------------
Talla a la edad & desviación 
 7.2 14.2025 17.0495 18.207 18.6776
 1.08 2.13037 2.55742 2.73105 2.80164
