years
 1997 1998 1999 2000 2001 2002 2003 2004 2005 2006 2007 2008 2009 2010 2011 2012 2013 2014 2015 2016 2017 2018 2019 2020
reclasobs
 0 0 0 370054 412103 1.49427e+06 250295 1.28982e+06 931140 785840 897777 1.04006e+06 184774 17550 25797 100020 73551 82996 120727 218422 84188 347160 605670 569463
reclaspred
 2.29593e+06 729053 2.67643e+06 1.72345e+06 1.69154e+06 1.96363e+06 3.58595e+06 2.1474e+06 2.06522e+06 1.6549e+06 1.28087e+06 849339 491496 230707 168977 190510 264197 414235 495423 680236 1.02857e+06 1.07705e+06 2.14989e+06 3.60347e+06
pelacesobs
 0 0 0 0 0 0 0 0 0 2.06254e+06 1.5e+06 0 1.87456e+06 323000 250000 174000 83755 137374 0 501740 490994 745055 786931 1.00524e+06
pelacespred
 1.77579e+06 740551 1.04748e+06 1.28377e+06 1.07425e+06 1.0485e+06 1.80253e+06 1.59109e+06 1.24754e+06 1.04675e+06 698651 470989 265285 101994 75406.6 95828.7 138850 219170 277533 367987 601567 651713 983316 1.91136e+06
mphobs
 0 0 0 0 0 112323 0 153150 637223 0 255016 313432 73983 77613 109348 50772 0 0 0 0 0 0 0 0
mphpred
 1.4572e+06 1.18591e+06 1.42128e+06 1.91682e+06 1.50847e+06 1.70117e+06 2.35025e+06 2.50559e+06 1.9092e+06 1.66242e+06 1.34776e+06 901095 554224 289551 149529 149684 195860 306485 417201 510354 768735 966858 1.35931e+06 2.39978e+06
desembarqueobs
 350755 77701 442110 56441 14545 235359 269955 359681 431902 328805 639364 411747 362871 311530 167758 66681 60226 58785 57116 71774 51957 67425 138520 160799
desembarquepred
 350800 77718.7 442356 56448.3 14545.5 235478 270035 359884 432224 329050 640679 412635 363859 312646 168014 66731.4 60268.7 58805.8 57129.8 71792 51963.4 67432.2 138537 160808
Reclutas
 152968 134300 85293.3 90965.6 124134 107170 146293 119100 122305 107813 68830.3 45369 43797.8 29840.7 23029.3 24541.8 23797.8 28287 33415.1 54471.6 81495.5 116632 236346 462244
log_desv_Rt
 0.697987 0.567835 0.113851 0.178237 0.489113 0.34217 0.653369 0.447718 0.474271 0.348153 -0.100601 -0.517415 -0.55266 -0.936373 -1.19548 -1.13187 -1.16265 -0.989843 -0.823235 -0.334565 0.068303 0.426783 1.13305 1.80385
SSB
 1.4572e+06 1.18591e+06 1.42128e+06 1.91682e+06 1.50847e+06 1.70117e+06 2.35025e+06 2.50559e+06 1.9092e+06 1.66242e+06 1.34776e+06 901095 554224 289551 149529 149684 195860 306485 417201 510354 768735 966858 1.35931e+06 2.39978e+06
BT
 5.84044e+06 1.55874e+06 2.72718e+06 2.62176e+06 2.26184e+06 2.21797e+06 4.3893e+06 3.69341e+06 3.11868e+06 2.50719e+06 2.03707e+06 1.35977e+06 933948 517326 330191 274499 375623 544559 628974 883233 1.4477e+06 1.39626e+06 2.25493e+06 4.63231e+06
Ftot
 0.148633 0.103881 0.160437 0.0320376 0.00842218 0.116704 0.0734942 0.16268 0.202646 0.192625 0.474046 0.460898 0.688931 1.19362 0.911463 0.336417 0.220818 0.138063 0.112288 0.102851 0.0493783 0.0611478 0.0629332 0.0436346
BD_Bspro_t
 0.980889 0.892857 0.866615 0.801502 0.841563 0.889913 0.860228 0.855037 0.794377 0.733921 0.669687 0.502766 0.389407 0.277928 0.179141 0.206643 0.323595 0.509795 0.641331 0.735451 0.822201 0.884169 0.901106 0.920465
BD_Bspro
 0.930548 0.757307 0.907613 1.22406 0.963288 1.08635 1.50084 1.60003 1.21919 1.0616 0.86066 0.575427 0.35392 0.184904 0.0954869 0.0955863 0.125074 0.195717 0.266419 0.325905 0.490904 0.617422 0.868039 1.53247
BD_Bo
 0.881196 0.717143 0.859477 1.15914 0.9122 1.02873 1.42124 1.51518 1.15453 1.0053 0.815015 0.544909 0.33515 0.175097 0.0904227 0.0905169 0.118441 0.185338 0.252289 0.308621 0.464868 0.584677 0.822002 1.45119
BD_Brms
 4.29037 3.49163 4.18463 5.64363 4.44132 5.00869 6.91974 7.37709 5.62117 4.8946 3.96815 2.65306 1.63178 0.852514 0.440251 0.440709 0.576664 0.902372 1.22835 1.50261 2.26335 2.84668 4.00217 7.06557
S_f
 0.5 1 1 1 1
 0.5 1 1 1 1
 0.5 1 1 1 1
 0.5 1 1 1 1
 0.5 1 1 1 1
 0.5 1 1 1 1
 0.5 1 1 1 1
 0.5 1 1 1 1
 0.5 1 1 1 1
 0.5 1 1 1 1
 0.5 1 1 1 1
 0.5 1 1 1 1
 0.5 1 1 1 1
 0.5 1 1 1 1
 0.5 1 1 1 1
 0.5 1 1 1 1
 0.5 1 1 1 1
 0.5 1 1 1 1
 0.5 1 1 1 1
 0.5 1 1 1 1
 0.5 1 1 1 1
 0.5 1 1 1 1
 0.5 1 1 1 1
 0.5 1 1 1 1
Scru_reclas
 0.5 1 1 1 1
 0.5 1 1 1 1
 0.5 1 1 1 1
 0.5 1 1 1 1
 0.5 1 1 1 1
 0.5 1 1 1 1
 0.5 1 1 1 1
 0.5 1 1 1 1
 0.5 1 1 1 1
 0.5 1 1 1 1
 0.5 1 1 1 1
 0.5 1 1 1 1
 0.5 1 1 1 1
 0.5 1 1 1 1
 0.5 1 1 1 1
 0.5 1 1 1 1
 0.5 1 1 1 1
 0.5 1 1 1 1
 0.5 1 1 1 1
 0.5 1 1 1 1
 0.5 1 1 1 1
 0.5 1 1 1 1
 0.5 1 1 1 1
 0.5 1 1 1 1
Scru_pelaces
 0.5 1 1 1 1
 0.5 1 1 1 1
 0.5 1 1 1 1
 0.5 1 1 1 1
 0.5 1 1 1 1
 0.5 1 1 1 1
 0.5 1 1 1 1
 0.5 1 1 1 1
 0.5 1 1 1 1
 0.5 1 1 1 1
 0.5 1 1 1 1
 0.5 1 1 1 1
 0.5 1 1 1 1
 0.5 1 1 1 1
 0.5 1 1 1 1
 0.5 1 1 1 1
 0.5 1 1 1 1
 0.5 1 1 1 1
 0.5 1 1 1 1
 0.5 1 1 1 1
 0.5 1 1 1 1
 0.5 1 1 1 1
 0.5 1 1 1 1
 0.5 1 1 1 1
pf_obs 
 0.256992 0.487395 0.22802 0.0275931 0
 0.321318 0.546541 0.124235 0.00734118 0.000564706
 0.182869 0.594174 0.210203 0.0122559 0.00049798
 0.330522 0.361315 0.267642 0.0388342 0.00168674
 0.649043 0.306663 0.0425973 0.00169635 0
 0.582887 0.30429 0.105238 0.00758474 0
 0.465427 0.430635 0.0974691 0.00646863 0
 0.296916 0.608066 0.0921331 0.00288517 0
 0.311714 0.524322 0.152257 0.0117073 0
 0.15457 0.633149 0.183074 0.0267441 0.00246327
 0.131901 0.49318 0.331252 0.0422183 0.00144891
 0.196976 0.569456 0.194076 0.0375587 0.00193317
 0.518974 0.381816 0.0799577 0.0180837 0.00116848
 0.0928022 0.601141 0.25162 0.0475244 0.00691264
 0.122501 0.610282 0.24278 0.0234846 0.000952079
 0.383417 0.481906 0.127806 0.00687128 0
 0.0376549 0.599619 0.316969 0.0457579 0
 0.0361596 0.667082 0.258105 0.0386534 0
 0.158088 0.579412 0.248529 0.0139706 0
 0.0477256 0.309471 0.559284 0.082774 0.000745712
 0.0406174 0.521527 0.379366 0.0568643 0.0016247
 0.151134 0.462217 0.34131 0.0453401 0
 0.294876 0.26143 0.354403 0.0886775 0.000613685
 0.281977 0.475581 0.204845 0.0348837 0.00271318
pf_pred 
 0.67615 0.231552 0.0828201 0.00947406 4.2797e-06
 0.442003 0.453803 0.0744981 0.0266461 0.00304951
 0.301832 0.432843 0.215782 0.0354236 0.0141202
 0.35759 0.305173 0.209077 0.10423 0.0239313
 0.425291 0.304042 0.128579 0.0880907 0.0539982
 0.348473 0.389185 0.138788 0.0586933 0.0648604
 0.437395 0.295406 0.15961 0.0569187 0.0506709
 0.350815 0.398278 0.131743 0.0711815 0.047982
 0.383474 0.327331 0.177423 0.0586881 0.0530843
 0.367935 0.359384 0.144774 0.0784717 0.0494355
 0.300993 0.385534 0.178237 0.0718008 0.0634357
 0.315222 0.3406 0.18983 0.0877604 0.0665879
 0.418936 0.298124 0.140731 0.0784348 0.0637744
 0.435993 0.360568 0.104377 0.0492719 0.0497895
 0.538315 0.319554 0.0908641 0.0263034 0.0249637
 0.578378 0.318326 0.0714961 0.0203297 0.0114703
 0.476493 0.393405 0.0982275 0.0220619 0.0098127
 0.476043 0.345673 0.133977 0.033452 0.0108551
 0.460624 0.352711 0.12315 0.0477305 0.0157848
 0.531156 0.299158 0.110962 0.0387426 0.0199818
 0.52877 0.329826 0.0902266 0.0334664 0.0177114
 0.509788 0.340552 0.104751 0.0286555 0.0162538
 0.591567 0.277352 0.0910624 0.02801 0.0120086
 0.605075 0.294904 0.0679206 0.0223002 0.00980013
pobs_RECLAS
 0 0 0 0 0
 0 0 0 0 0
 0 0 0 0 0
 0 0 0 0 0
 0.835266 0.146461 0.0176864 0.000547809 3.91292e-05
 0.385257 0.428462 0.181853 0.0044286 0
 0.867414 0.0963971 0.0333333 0.00285562 0
 0.441836 0.489002 0.0689373 0.000224442 0
 0.779404 0.147425 0.0564933 0.0165055 0.000172143
 0.814271 0.122319 0.05973 0.00367925 0
 0.40263 0.566651 0.0304383 0.000280538 0
 0.475488 0.404961 0.113038 0.00651328 0
 0.955842 0.0263864 0.0167828 0.000988607 0
 0.975058 0.0227948 0.00214734 0 0
 0.738997 0.206755 0.0527124 0.00153531 0
 0.850938 0.134255 0.0134407 0.00136685 0
 0.542534 0.407297 0.0501686 0 0
 0.764087 0.199537 0.0359546 0.000420521 0
 0.470689 0.182191 0.310203 0.0369168 0
 0.84361 0.089868 0.0606195 0.00523954 0.000663233
 0.607945 0.314616 0.071237 0.00620181 0
 0.523733 0.453247 0.0230204 0 0
 0.530135 0.295979 0.169645 0.0042399 0
 0.562478 0.366248 0.0663022 0.0049721 0
ppred_RECLAS
 0.677238 0.230774 0.082542 0.00944224 4.26533e-06
 0.442826 0.453134 0.0743883 0.0266068 0.00304501
 0.302976 0.432133 0.215428 0.0353656 0.014097
 0.35781 0.305068 0.209005 0.104194 0.0239231
 0.425351 0.30401 0.128565 0.0880815 0.0539926
 0.349334 0.388671 0.138605 0.0586157 0.0647747
 0.437959 0.29511 0.15945 0.0568617 0.0506201
 0.352071 0.397508 0.131488 0.0710438 0.0478892
 0.385156 0.326438 0.176939 0.0585281 0.0529395
 0.369494 0.358497 0.144417 0.0782781 0.0493135
 0.305316 0.383149 0.177134 0.0713567 0.0630433
 0.319494 0.338475 0.188645 0.0872129 0.0661725
 0.427254 0.293856 0.138716 0.077312 0.0628615
 0.45478 0.348558 0.100901 0.0476307 0.048131
 0.550938 0.310817 0.0883797 0.0255842 0.0242811
 0.581582 0.315907 0.0709529 0.0201752 0.0113832
 0.478455 0.39193 0.0978593 0.0219792 0.00977591
 0.477184 0.344921 0.133685 0.0333791 0.0108315
 0.461526 0.352121 0.122944 0.0476506 0.0157584
 0.531977 0.298634 0.110768 0.0386747 0.0199468
 0.529144 0.329564 0.090155 0.0334398 0.0176973
 0.510258 0.340225 0.10465 0.028628 0.0162382
 0.592036 0.277034 0.0909578 0.0279779 0.0119948
 0.605391 0.294668 0.0678664 0.0222824 0.00979231
pobs_PELACES
 0 0 0 0 0
 0 0 0 0 0
 0 0 0 0 0
 0 0 0 0 0
 0 0 0 0 0
 0 0 0 0 0
 0 0 0 0 0
 0 0 0 0 0
 0 0 0 0 0
 0 0 0 0 0
 0.450072 0.473896 0.0757376 0.000293798 0
 0 0 0 0 0
 0.463077 0.371075 0.160297 0.00555027 0
 0.529543 0.364841 0.0842815 0.0213345 0
 0.631943 0.363953 0.00410389 0 0
 0.735681 0.248677 0.0153453 0.000297389 0
 0.695825 0.281241 0.0229344 0 0
 0.275771 0.60734 0.115278 0.00161068 0
 0 0 0 0 0
 0.896147 0.0623911 0.0374545 0.00400742 0
 0.803859 0.145111 0.0509908 3.86294e-05 0
 0.739449 0.233085 0.0266225 0.000797448 4.60066e-05
 0.878498 0.100942 0.0204185 0.000141795 0
 0.694673 0.275183 0.0284847 0.00165964 0
ppred_PELACES
 0.682575 0.226958 0.081177 0.0092861 4.19479e-06
 0.447059 0.449691 0.0738232 0.0264047 0.00302188
 0.308595 0.428649 0.213692 0.0350805 0.0139834
 0.359025 0.30449 0.20861 0.103997 0.0238778
 0.42569 0.30383 0.128489 0.0880294 0.0539607
 0.353724 0.386049 0.13767 0.0582203 0.0643377
 0.440946 0.293541 0.158602 0.0565595 0.0503511
 0.358218 0.393736 0.130241 0.0703698 0.0474349
 0.393104 0.322218 0.174652 0.0577715 0.0522552
 0.376929 0.35427 0.142714 0.0773551 0.048732
 0.322154 0.373863 0.172841 0.0696272 0.0615153
 0.33625 0.330141 0.184 0.0850654 0.0645431
 0.455273 0.279481 0.13193 0.07353 0.0597863
 0.503893 0.31716 0.0918115 0.0433402 0.0437954
 0.587794 0.285307 0.0811261 0.0234844 0.0222883
 0.595025 0.305757 0.0686732 0.019527 0.0110175
 0.487553 0.385094 0.0961522 0.0215958 0.00960538
 0.48287 0.34117 0.132231 0.0330161 0.0107137
 0.466134 0.349108 0.121892 0.0472429 0.0156236
 0.5362 0.29594 0.109768 0.0383258 0.0197668
 0.531174 0.328143 0.0897664 0.0332957 0.017621
 0.512779 0.338474 0.104112 0.0284806 0.0161546
 0.594542 0.275332 0.0903992 0.027806 0.0119211
 0.60711 0.293385 0.0675708 0.0221854 0.00974966
pobs_pel_tallas
 0 0 0 0 0 0 0 0 0 0 0 0 0 0 0 0 0 0 0 0 0 0 0 0 0 0 0 0 0 0 0 0 0 0 0 0
 0 0 0 0 0 0 0 0 0 0 0 0 0 0 0 0 0 0 0 0 0 0 0 0 0 0 0 0 0 0 0 0 0 0 0 0
 0 0 0 0 0 0 0 0 0 0 0 0 0 0 0 0 0 0 0 0 0 0 0 0 0 0 0 0 0 0 0 0 0 0 0 0
 0 0 0 0 0 0 0 0 0 0 0 0 0 0 0 0 0 0 0 0 0 0 0 0 0 0 0 0 0 0 0 0 0 0 0 0
 0 0 0 0 0 0 0 0 0 0 0 0 0 0 0 0 0 0 0 0 0 0 0 0 0 0 0 0 0 0 0 0 0 0 0 0
 0 0 0 0 0 0 0 0 0 0 0 0 0 0 0 0 0 0 0 0 0 0 0 0 0 0 0 0 0 0 0 0 0 0 0 0
 0 0 0 0 0 0 0 0 0 0 0 0 0 0 0 0 0 0 0 0 0 0 0 0 0 0 0 0 0 0 0 0 0 0 0 0
 0 0 0 0 0 0 0 0 0 0 0 0 0 0 0 0 0 0 0 0 0 0 0 0 0 0 0 0 0 0 0 0 0 0 0 0
 0 0 0 0 0 0 0 0 0 0 0 0 0 0 0 0 0 0 0 0 0 0 0 0 0 0 0 0 0 0 0 0 0 0 0 0
 0 0 0 0 0 0 0 0 0 0 0 0 0 0 0 0 0 0 0 0 0 0 0 0 0 0 0 0 0 0 0 0 0 0 0 0
 0 0 0 0 0 0 0 0 1.78061e-05 0.00172719 0.00360574 0.0105946 0.0120993 0.0124554 0.0147524 0.0171206 0.0266825 0.0428682 0.0675386 0.121331 0.153587 0.119568 0.100827 0.0573624 0.0630603 0.0341343 0.0324427 0.0444173 0.0211091 0.0280891 0.0125444 0.00206551 0 0 0 0
 0 0 0 0 0 0 0 0 0 0 0 0 0 0 0 0 0 0 0 0 0 0 0 0 0 0 0 0 0 0 0 0 0 0 0 0
 0 0 0 0 0 0 0.0133647 0.0140871 0.0187388 0.0205184 0.03894 0.0496705 0.03968 0.0493445 0.0407372 0.0367815 0.0215668 0.0243155 0.0234873 0.0199281 0.019796 0.0243948 0.0301388 0.0376714 0.0412746 0.0863199 0.0771752 0.113111 0.0741005 0.0525337 0.0229764 0.00759418 0.00175318 0 0 0
 0 0 0 0 0 0 0 0 0 0 0.00219441 0.00772107 0.0458388 0.0604681 0.0671733 0.0775358 0.0609151 0.0617685 0.073594 0.0568108 0.0755445 0.0548602 0.0670107 0.0636378 0.0643287 0.046367 0.0373049 0.0286899 0.0247887 0.0153202 0.00654259 0.00121912 0.000365735 0 0 0
 0 0 0 0 0 0 0 0 0 0 0 0 0.000112435 0.00938835 0.0111873 0.0202946 0.0414886 0.0713402 0.111592 0.104902 0.108894 0.110636 0.117776 0.105296 0.107544 0.0401394 0.0192827 0.0124803 0.00416011 0.0028671 0.000618394 0 0 0 0 0
 0 0 0 0 0 0 0 0 0 0 0.00291406 0.0102884 0.027416 0.0768956 0.0749926 0.110853 0.0956884 0.0897413 0.0766577 0.0534642 0.0500743 0.0551293 0.0594112 0.0620874 0.0668451 0.0424026 0.0208742 0.0120726 0.0048766 0.00582813 0.00118941 0.000297354 0 0 0 0
 0 0.00264628 0.0354308 0.0461629 0.0458689 0.0383711 0.0214643 0.0164657 0.0346957 0.0420465 0.0363128 0.0245516 0.0311673 0.0291091 0.0169068 0.0133784 0.00837989 0.0085269 0.0148486 0.0160247 0.0276389 0.0546898 0.0760071 0.122758 0.109233 0.0665981 0.0333725 0.0166128 0.00676272 0.00308733 0.000882094 0 0 0 0 0
 0 0 0 0 0 0 0 0.000805153 0.000690131 0.00759144 0.0133425 0.0154129 0.00931677 0.000345066 0.00356568 0.00563607 0.00851162 0.0253048 0.0502646 0.0516448 0.0657925 0.0565908 0.0611916 0.0827007 0.0866115 0.110766 0.145733 0.0935128 0.0569358 0.0249597 0.0138026 0.00621118 0.00161031 0.00115022 0 0
 0 0 0 0 0 0 0 0 0 0 0 0 0 0 0 0 0 0 0 0 0 0 0 0 0 0 0 0 0 0 0 0 0 0 0 0
 0.00147267 0.00158595 0.00478618 0.00569244 0.00954404 0.0108468 0.00647125 0.017049 0.0510054 0.094081 0.124002 0.0959785 0.0687766 0.0820023 0.061753 0.0591476 0.0492212 0.0479892 0.0443925 0.0268479 0.0217502 0.0140895 0.0121071 0.0120363 0.00920419 0.00665534 0.0049561 0.00860946 0.00930331 0.0156896 0.0114698 0.00855282 0.00243557 0.00046729 0 2.83206e-05
 0 0 0 0 0.000772559 0.00158375 0.000888443 0.00281984 0.00712685 0.0440552 0.0773331 0.111326 0.0921469 0.0852325 0.0710754 0.0886704 0.0786465 0.0553345 0.0373146 0.0185414 0.00753245 0.00457741 0.012979 0.0271748 0.0457355 0.0583668 0.034881 0.0177882 0.00938659 0.00492506 0.0015258 0.00185414 0.000309023 5.79419e-05 3.86279e-05 0
 0 0.00173294 0.00326652 0 0.00397197 0.00683976 0.00946217 0.0152591 0.00757587 0.0136028 0.0228656 0.0392903 0.0559909 0.0764795 0.0681675 0.0726916 0.0566044 0.0477403 0.0527397 0.0444891 0.0609904 0.0582453 0.0661739 0.0445044 0.0529084 0.0360697 0.0280645 0.0235558 0.0158879 0.00826598 0.00280645 0.00217768 0.000904811 0.00058276 9.20147e-05 0
 0 0 0 0 0 0 0 0 0 0 0 0 0 0 0 0 0 0 0 0 0 0 0 0 0 0 0 0 0 0 0 0 0 0 0 0
 0 0 0 0 0 0 0 0 0 0 0 0 0 0 0 0 0 0 0 0 0 0 0 0 0 0 0 0 0 0 0 0 0 0 0 0
ppred_pel_tallas
 1.01546e-16 2.97855e-05 0.000174807 0.000830933 0.0031991 0.00997608 0.0251989 0.0515608 0.0854699 0.11479 0.124932 0.110241 0.0790043 0.0462902 0.0228077 0.0106315 0.0065454 0.00674725 0.00889439 0.011924 0.0153385 0.018767 0.0218356 0.024189 0.0255582 0.0258173 0.0250071 0.0233133 0.0210118 0.0183996 0.0157349 0.0132024 0.0109065 0.00888607 0.00713915 0.00564544
 1.02243e-16 1.95249e-05 0.000114548 0.000544409 0.00209584 0.00653552 0.0165086 0.0337816 0.0560072 0.0752478 0.0819681 0.0725006 0.0523319 0.0314163 0.016882 0.0102219 0.0094603 0.0121971 0.0169017 0.022752 0.0291464 0.0354334 0.0408892 0.0448273 0.0467479 0.046453 0.0440889 0.0400951 0.0350855 0.0297 0.0244763 0.019776 0.0157716 0.0124823 0.0098323 0.00770802
 1.05032e-16 1.34867e-05 7.90994e-05 0.000375886 0.00144698 0.0045121 0.0113976 0.023324 0.0386735 0.0519719 0.0566466 0.0501824 0.0363942 0.0221938 0.0125582 0.00858731 0.00899268 0.0121843 0.0171446 0.023298 0.0301596 0.0371481 0.0435842 0.0487946 0.0522491 0.0536694 0.0530747 0.0507461 0.0471317 0.0427263 0.0379686 0.0331826 0.0285694 0.0242331 0.0202222 0.0165637
 1.0775e-16 1.56805e-05 9.19909e-05 0.000437199 0.0016831 0.00524846 0.0132574 0.0271284 0.0449758 0.0604238 0.0658127 0.0581935 0.0419672 0.0251207 0.0133719 0.00791646 0.00717432 0.00924252 0.0129421 0.0176945 0.0231259 0.028838 0.0343648 0.0392299 0.043035 0.0455326 0.0466581 0.0465099 0.0452917 0.0432417 0.0405753 0.0374576 0.0340076 0.0303196 0.0264889 0.0226257
 1.0747e-16 1.85871e-05 0.000109056 0.00051833 0.00199548 0.0062226 0.015718 0.0321629 0.0533203 0.0716279 0.0779989 0.0689279 0.0496189 0.0295203 0.0153816 0.0085825 0.0072073 0.00895978 0.0124142 0.0168787 0.0219353 0.0271701 0.0321175 0.0363178 0.039406 0.0411848 0.0416521 0.0409732 0.0394134 0.0372557 0.0347353 0.0320071 0.0291512 0.0262006 0.0231776 0.0201193
 1.07087e-16 1.54524e-05 9.06449e-05 0.000430785 0.00165838 0.00517134 0.0130627 0.0267306 0.0443186 0.0595478 0.0648768 0.0574091 0.0414951 0.0250247 0.0136582 0.00860321 0.00832819 0.0109683 0.015344 0.0208283 0.026955 0.0332008 0.0389666 0.0436658 0.046845 0.0482791 0.048007 0.0462937 0.0435397 0.0401687 0.0365353 0.0328761 0.0293099 0.0258713 0.0225574 0.0193662
 1.06644e-16 1.92521e-05 0.00011296 0.000536893 0.00206695 0.00644549 0.016281 0.0333148 0.0552292 0.0741905 0.0807845 0.071378 0.0513575 0.0305043 0.0158021 0.00867137 0.00711908 0.00876094 0.01212 0.0164878 0.0214485 0.0265979 0.0314812 0.0356452 0.0387245 0.0405128 0.0409919 0.0403077 0.0387086 0.0364687 0.033825 0.0309463 0.0279347 0.0248488 0.0217336 0.0186421
 1.06612e-16 1.56487e-05 9.17967e-05 0.000436259 0.00167945 0.00523705 0.0132287 0.0270703 0.0448818 0.0603047 0.0657018 0.0581399 0.0420251 0.0253477 0.0138403 0.00872579 0.00845289 0.0111316 0.0155647 0.021113 0.0272984 0.0335845 0.039358 0.0440206 0.0471123 0.0484086 0.0479573 0.0460392 0.0430744 0.0395067 0.0357076 0.0319255 0.0282849 0.0248205 0.0215247 0.0183881
 1.07011e-16 1.71671e-05 0.000100717 0.000478682 0.00184281 0.00574651 0.0145155 0.0297026 0.0492429 0.0661548 0.0720501 0.0636975 0.0459115 0.0274311 0.0145075 0.00843749 0.00747553 0.00952075 0.0132651 0.0180607 0.0234898 0.0291169 0.0344429 0.0389697 0.0422958 0.0441954 0.0446503 0.0438241 0.0419937 0.0394652 0.0365047 0.0333024 0.0299744 0.026587 0.0231898 0.0198388
 1.07077e-16 1.6463e-05 9.65808e-05 0.000459011 0.00176707 0.00551029 0.0139188 0.028482 0.0472207 0.063442 0.0691059 0.061119 0.0441063 0.026459 0.0141871 0.0085524 0.00789827 0.0102207 0.0142626 0.0193801 0.0251288 0.0310288 0.0365319 0.0410981 0.044304 0.0459294 0.0459901 0.0447057 0.0424183 0.0394938 0.0362404 0.0328667 0.0294835 0.0261339 0.0228345 0.0196075
 1.07843e-16 1.40754e-05 8.25616e-05 0.000392358 0.00151043 0.00470997 0.0118973 0.024346 0.0403659 0.0542395 0.0591004 0.0523141 0.0378485 0.0228982 0.0126306 0.00816104 0.00811266 0.0108044 0.0151753 0.0206597 0.0268265 0.0331803 0.0391447 0.0441467 0.0477322 0.0496567 0.0499216 0.0487413 0.0464604 0.043452 0.0400338 0.0364253 0.0327495 0.0290639 0.0254011 0.0218009
 1.08659e-16 1.46883e-05 8.61638e-05 0.000409492 0.00157641 0.00491575 0.0124171 0.0254091 0.0421268 0.0566003 0.0616589 0.0545458 0.0393915 0.0236889 0.0128098 0.00789374 0.0074799 0.0097992 0.013748 0.0187662 0.0244645 0.0304122 0.0361067 0.0410414 0.0448038 0.0471539 0.0480569 0.0476564 0.0462066 0.0439887 0.0412439 0.0381415 0.034784 0.0312349 0.0275528 0.0238139
 1.07284e-16 1.98761e-05 0.000116626 0.000554321 0.00213406 0.00665477 0.0168096 0.0343962 0.0570213 0.0765954 0.083397 0.0736716 0.0529757 0.0314009 0.0161477 0.0086704 0.0068986 0.00836064 0.0115282 0.0156769 0.0203975 0.0253052 0.029972 0.0339732 0.0369689 0.0387699 0.0393639 0.0388908 0.0375818 0.0356866 0.0334136 0.030902 0.0282268 0.0254242 0.0225236 0.0195698
 1.04943e-16 2.19977e-05 0.000129078 0.000613512 0.00236195 0.00736542 0.0186047 0.0380693 0.0631104 0.0847746 0.0923019 0.0815366 0.0586278 0.0347433 0.0178496 0.00955068 0.00754571 0.00908419 0.0124532 0.0168233 0.021709 0.026652 0.0311524 0.0347291 0.0370171 0.0378457 0.0372675 0.0355256 0.032976 0.0299918 0.0268836 0.0238565 0.0210087 0.0183592 0.0158879 0.0135701
 1.03093e-16 2.56549e-05 0.000150552 0.000715609 0.00275506 0.00859132 0.0217012 0.0444047 0.0736103 0.0988707 0.107628 0.095024 0.068214 0.0401992 0.0202375 0.0101576 0.00723195 0.00821757 0.0111037 0.0149442 0.0192357 0.0235445 0.0274117 0.0304001 0.0321806 0.0326045 0.0317299 0.029793 0.0271365 0.0241225 0.0210566 0.018147 0.0154987 0.0131369 0.0110413 0.00917769
 1.02261e-16 2.5971e-05 0.000152406 0.000724419 0.00278897 0.00869708 0.0219683 0.0449514 0.0745171 0.10009 0.108959 0.0962069 0.0690807 0.040745 0.0205764 0.0104313 0.00755261 0.00865781 0.0117059 0.0157256 0.0201847 0.0246154 0.0285223 0.0314369 0.0330128 0.0331032 0.0317904 0.029352 0.0261832 0.0226982 0.0192469 0.0160666 0.0132744 0.0108913 0.00888065 0.00718426
 1.02682e-16 2.1288e-05 0.000124905 0.000593661 0.00228549 0.00712697 0.0180025 0.0368376 0.0610708 0.0820418 0.0893444 0.0789667 0.0568729 0.0338899 0.0177534 0.0100475 0.00857544 0.0106934 0.0147367 0.0198599 0.0255099 0.0311244 0.0360837 0.0397956 0.0418201 0.0419674 0.0403354 0.0372688 0.0332614 0.0288341 0.0244296 0.0203514 0.0167542 0.0136729 0.0110693 0.00887643
 1.03624e-16 2.10821e-05 0.0001237 0.00058794 0.00226348 0.00705834 0.0178291 0.0364825 0.0604811 0.0812463 0.0884699 0.0781743 0.0562599 0.0334401 0.0173646 0.00958935 0.00792838 0.00976046 0.013448 0.0181831 0.0234671 0.0288077 0.033659 0.0374912 0.0398964 0.0406751 0.0398709 0.0377385 0.0346637 0.0310626 0.0272958 0.0236196 0.0201794 0.0170335 0.0141898 0.011638
 1.04198e-16 2.03526e-05 0.000119417 0.000567576 0.00218507 0.00681381 0.0172114 0.0352189 0.0583867 0.0784348 0.0854132 0.0754847 0.0543491 0.0323543 0.0168926 0.00947491 0.00800034 0.00994526 0.0137303 0.0185693 0.0239651 0.0294186 0.0343751 0.0382966 0.0407711 0.0415999 0.0408321 0.0387307 0.0356893 0.0321289 0.0284093 0.0247809 0.0213794 0.018252 0.0153976 0.0128012
 1.03896e-16 2.34056e-05 0.000137345 0.000652822 0.00251331 0.00783743 0.0197969 0.0405085 0.0671529 0.090201 0.0982002 0.0867233 0.0623059 0.0368198 0.0187265 0.00971454 0.00731721 0.00859474 0.011723 0.0158347 0.0204484 0.0251283 0.0294026 0.0328148 0.0350136 0.0358266 0.0352895 0.0336177 0.0311368 0.0281955 0.0250927 0.0220364 0.0191404 0.0164465 0.0139582 0.0116688
 1.03349e-16 2.31877e-05 0.000136063 0.00064672 0.0024898 0.00776413 0.0196118 0.04013 0.0665263 0.0893623 0.0972947 0.0859418 0.0617837 0.03659 0.0187543 0.00996203 0.00778097 0.00930432 0.0127192 0.0171449 0.0220657 0.0269969 0.0314131 0.0348115 0.0368146 0.0372526 0.0361949 0.0339157 0.0308129 0.0273058 0.0237491 0.0203841 0.0173331 0.0146249 0.0122353 0.0101232
 1.03322e-16 2.23861e-05 0.000131356 0.000624339 0.00240363 0.00749538 0.018933 0.0387412 0.0642247 0.0862727 0.0939365 0.0829886 0.0596896 0.035408 0.018256 0.00987144 0.00791769 0.00959735 0.0131632 0.0177587 0.0228684 0.0279961 0.0325994 0.036157 0.038275 0.0387725 0.0377145 0.035378 0.0321688 0.0285177 0.0247923 0.0212464 0.0180137 0.015133 0.012588 0.0103435
 1.02886e-16 2.59488e-05 0.000152278 0.000723816 0.00278666 0.00868988 0.0219501 0.0449139 0.0744542 0.100003 0.108858 0.0961026 0.0689729 0.0406158 0.0203906 0.0101421 0.00710657 0.00800114 0.0107932 0.0145328 0.0187239 0.0229461 0.0267554 0.0297267 0.0315372 0.0320356 0.0312686 0.0294545 0.0269157 0.0239959 0.0209892 0.0180997 0.0154369 0.0130357 0.0108888 0.00897456
 1.02273e-16 2.64975e-05 0.000155498 0.00073912 0.00284558 0.00887361 0.0224142 0.0458637 0.0760288 0.102119 0.111163 0.0981425 0.0704474 0.0415048 0.0208744 0.0104422 0.00738697 0.00835412 0.0112611 0.0151246 0.0194192 0.0236927 0.02747 0.0303011 0.0318529 0.0319832 0.0307682 0.0284714 0.0254683 0.0221533 0.0188593 0.0158121 0.0131239 0.0108158 0.00885463 0.00718758
pSPR Fmed_Fpbrs
0.753861   0.255389 0.255389
Fs Fmed_Fpbrs
0.143542   1.005 1.005
SSBpbr Bo_Bmed_Bpbrs
1.65366e+06  1.16395e+06  339644 339644
Ro
76115
SPR SPRFo_SPRFmed_SPRFpbrs
1.56596e+06 1.18052e+06 399929
log_Ro
11.06
likeval ReclasPelacesDesembMPH_pf_preclas_ppelaces_ptallas_desvR_qrecl_qpela
 248.547 50.4437 0.17448 0.00136718 317.367 192.788 84.0765 0 19.7225 0 0 0 0 0 0
q_reclas_q_pelaces
1 1
M
0.7
N
 152968 27049.2 9674.82 1106.73 0.499943
 134300 70521.3 11577.1 4140.82 473.896
 85293.3 63316.1 31564.5 5181.76 2065.49
 90965.6 39090.4 26781.3 13351.1 3065.42
 124134 44454.4 18799.7 12879.9 7895.16
 107170 61383.9 21890.2 9257.35 10230
 146293 50202.4 27124.7 9672.98 8611.2
 119100 70026 23163.3 12515.3 8436.29
 122305 54523 29553 9775.59 8842.17
 107813 54882.4 22108.8 11983.6 7549.41
 68830.3 48622.4 22478.7 9055.31 8000.32
 45369 26967.2 15029.9 6948.47 5272.13
 43797.8 17892.5 8446.25 4707.42 3827.55
 29840.7 15411.6 4461.34 2106 2128.12
 23029.3 8158.53 2319.85 671.551 637.348
 24541.8 7250.23 1628.41 463.032 261.25
 23797.8 10300.3 2571.83 577.633 256.92
 28287 10582.3 4101.5 1024.08 332.313
 33415.1 13109.9 4577.35 1774.1 586.707
 54471.6 15687.5 5818.73 2031.62 1047.82
 81495.5 25693.9 7028.79 2607.08 1379.74
 116632 39482.5 12144.5 3322.23 1884.41
 236346 56174 18443.5 5673.06 2432.18
 462244 113730 26193.7 8600.13 3779.44
pred_Ctot
 7913.03 2709.86 969.249 110.875 0.0500856
 4903.28 5034.17 826.43 295.593 33.8291
 4750.35 6812.26 3396.07 557.512 222.229
 1040.55 888.024 608.395 303.299 69.6378
 375.235 268.257 113.445 77.7227 47.6428
 4383.4 4895.51 1745.8 738.296 815.871
 3804.02 2569.14 1388.12 495.022 440.684
 6722.67 7632.2 2524.59 1364.05 919.48
 8525.21 7277.06 3944.38 1304.73 1180.15
 7158.97 6992.59 2816.89 1526.84 961.874
 10589.4 13563.7 6270.66 2526.07 2231.77
 6805.26 7353.15 4098.2 1894.64 1437.55
 9361.81 6662.06 3144.86 1752.75 1425.14
 9978.4 8252.19 2388.84 1127.67 1139.51
 6222.03 3693.52 1050.24 304.023 288.54
 2759.19 1518.59 341.076 96.984 54.72
 1800.45 1486.5 371.158 83.3622 37.0778
 1362.35 989.259 383.418 95.7339 31.0655
 1316.29 1007.92 351.915 136.396 45.1071
 1969.46 1109.24 411.435 143.653 74.0901
 1431.32 892.803 244.234 90.5899 47.9428
 2530.13 1690.2 519.891 142.221 80.6694
 5274.74 2473.03 811.963 249.753 107.075
 7183.22 3500.98 806.327 264.74 116.343
F
 0.0743166 0.148633 0.148633 0.148633 0.148633
 0.0519406 0.103881 0.103881 0.103881 0.103881
 0.0802183 0.160437 0.160437 0.160437 0.160437
 0.0160188 0.0320376 0.0320376 0.0320376 0.0320376
 0.00421109 0.00842218 0.00842218 0.00842218 0.00842218
 0.058352 0.116704 0.116704 0.116704 0.116704
 0.0367471 0.0734942 0.0734942 0.0734942 0.0734942
 0.0813401 0.16268 0.16268 0.16268 0.16268
 0.101323 0.202646 0.202646 0.202646 0.202646
 0.0963124 0.192625 0.192625 0.192625 0.192625
 0.237023 0.474046 0.474046 0.474046 0.474046
 0.230449 0.460898 0.460898 0.460898 0.460898
 0.344466 0.688931 0.688931 0.688931 0.688931
 0.596808 1.19362 1.19362 1.19362 1.19362
 0.455732 0.911463 0.911463 0.911463 0.911463
 0.168208 0.336417 0.336417 0.336417 0.336417
 0.110409 0.220818 0.220818 0.220818 0.220818
 0.0690315 0.138063 0.138063 0.138063 0.138063
 0.0561442 0.112288 0.112288 0.112288 0.112288
 0.0514254 0.102851 0.102851 0.102851 0.102851
 0.0246891 0.0493783 0.0493783 0.0493783 0.0493783
 0.0305739 0.0611478 0.0611478 0.0611478 0.0611478
 0.0314666 0.0629332 0.0629332 0.0629332 0.0629332
 0.0218173 0.0436346 0.0436346 0.0436346 0.0436346
nmprior
 10 10 8 0
nm_flota  nm_reclas  nm_pelaces    nm_pelaL
inf 10.9629 14.9683 25.7161
cv_recla  cv_pelaces  cv_mph
1.45959 0.835734 1.19964
 ------------------------------------------------
Talla a la edad & desviación 
 7.2 14.2025 17.0495 18.207 18.6776
 1.08 2.13037 2.55742 2.73105 2.80164
