years
 1997 1998 1999 2000 2001 2002 2003 2004 2005 2006 2007 2008 2009 2010 2011 2012 2013 2014 2015 2016 2017 2018 2019 2020
reclasobs
 0 0 0 370054 412103 1.49427e+06 250295 1.28982e+06 931140 785840 897777 1.04006e+06 184774 17550 25797 100020 73551 82996 120727 218422 84188 347160 605670 569463
reclaspred
 410698 97257.8 219835 166490 294535 340575 754014 548898 703619 767051 631832 427215 265003 118586 78619.5 77606.2 94442.8 121555 120988 185750 284265 258833 428214 434824
pelacesobs
 0 0 0 0 0 0 0 0 0 2.06254e+06 1.5e+06 0 1.87456e+06 323000 250000 174000 83755 137374 0 501740 490994 745055 786931 1.00524e+06
pelacespred
 745855 168100 224205 265608 413707 391510 1.0438e+06 879987 1.04595e+06 1.13711e+06 848911 596781 370358 135652 88454.4 94136.1 120033 157337 160920 239447 410509 364640 477809 578596
mphobs
 0 0 0 0 0 112323 0 153150 637223 0 255016 313432 73983 77613 109348 50772 0 0 0 0 0 0 0 0
mphpred
 600638 300642 299608 275040 355622 645979 918905 1.10577e+06 1.04495e+06 1.24216e+06 1.39489e+06 1.00915e+06 620127 327932 148360 122165 145370 193619 226153 249601 410608 505950 623221 813905
desembarqueobs
 350755 77701 442110 56441 14545 235359 269955 359681 431902 328805 639364 411747 362871 311530 167758 66681 60226 58785 57116 71774 51957 67425 138520 160799
desembarquepred
 350745 77686.8 441919 56438.2 14544.9 235376 269971 359588 431823 328742 639238 411784 362902 311647 167671 66676 60236.7 58777.5 57104.1 71760.5 51954 67411.7 138503 160787
Reclutas
 32234.2 45264.2 19543.6 42236.7 76456.9 47595.1 84042.5 96193.8 136791 164161 67473.8 38506.1 44109.1 22375.4 16445.5 18878.6 14645.6 15007.7 16225.9 35424.1 43472.2 52879 77354.6 56005.1
log_desv_Rt
 -0.259216 0.0802721 -0.759598 0.0110444 0.604483 0.130486 0.699078 0.83412 1.18621 1.3686 0.479495 -0.0814291 0.0544218 -0.624283 -0.932191 -0.794216 -1.0481 -1.02368 -0.945635 -0.164851 0.0398774 0.235762 0.616156 0.293198
SSB
 600638 300642 299608 275040 355622 645979 918905 1.10577e+06 1.04495e+06 1.24216e+06 1.39489e+06 1.00915e+06 620127 327932 148360 122165 145370 193619 226153 249601 410608 505950 623221 813905
BT
 1.5988e+06 437394 640976 535585 752449 885357 2.05499e+06 1.97913e+06 2.26666e+06 2.34837e+06 2.0876e+06 1.44388e+06 1.01985e+06 542212 300218 223569 264081 328931 337689 487365 777059 716404 951273 1.17099e+06
Ftot
 0.49484 0.551916 1.02478 0.243351 0.0376487 0.332145 0.222504 0.42447 0.430899 0.283136 0.486891 0.442195 0.71691 1.2701 1.29898 0.534734 0.390125 0.276486 0.249285 0.262824 0.112705 0.140516 0.172108 0.186877
BD_Bspro_t
 0.935394 0.683835 0.585622 0.388457 0.580169 0.762669 0.709236 0.720224 0.678099 0.672584 0.6717 0.522827 0.408364 0.30102 0.182346 0.18748 0.281946 0.42653 0.522689 0.603982 0.734024 0.814606 0.818467 0.809721
BD_Bspro
 0.69889 0.349821 0.348618 0.320031 0.413794 0.751649 1.06922 1.28665 1.21588 1.44536 1.62307 1.17423 0.721568 0.381575 0.172629 0.142149 0.16915 0.225291 0.263147 0.29043 0.477776 0.588713 0.725168 0.947044
BD_Bo
 0.594073 0.297356 0.296334 0.272034 0.351735 0.638919 0.908863 1.09368 1.03353 1.22859 1.37965 0.998125 0.61335 0.324348 0.146739 0.12083 0.143781 0.191503 0.223681 0.246873 0.406121 0.50042 0.61641 0.80501
BD_Brms
 2.02842 1.0153 1.01181 0.928837 1.20097 2.18154 3.10324 3.73429 3.52889 4.19492 4.7107 3.40802 2.09423 1.10746 0.501027 0.412565 0.49093 0.653871 0.763741 0.842928 1.38667 1.70864 2.10468 2.74864
S_f
 0.168665 1 1 1 1
 0.168665 1 1 1 1
 0.168665 1 1 1 1
 0.168665 1 1 1 1
 0.168665 1 1 1 1
 0.168665 1 1 1 1
 0.168665 1 1 1 1
 0.168665 1 1 1 1
 0.168665 1 1 1 1
 0.168665 1 1 1 1
 0.168665 1 1 1 1
 0.168665 1 1 1 1
 0.168665 1 1 1 1
 0.168665 1 1 1 1
 0.168665 1 1 1 1
 0.168665 1 1 1 1
 0.168665 1 1 1 1
 0.168665 1 1 1 1
 0.168665 1 1 1 1
 0.168665 1 1 1 1
 0.168665 1 1 1 1
 0.168665 1 1 1 1
 0.168665 1 1 1 1
 0.168665 1 1 1 1
Scru_reclas
 1 1 1 1 1
 1 1 1 1 1
 1 1 1 1 1
 1 1 1 1 1
 1 1 1 1 1
 1 1 1 1 1
 1 1 1 1 1
 1 1 1 1 1
 1 1 1 1 1
 1 1 1 1 1
 1 1 1 1 1
 1 1 1 1 1
 1 1 1 1 1
 1 1 1 1 1
 1 1 1 1 1
 1 1 1 1 1
 1 1 1 1 1
 1 1 1 1 1
 1 1 1 1 1
 1 1 1 1 1
 1 1 1 1 1
 1 1 1 1 1
 1 1 1 1 1
 1 1 1 1 1
Scru_pelaces
 1 1 1 1 1
 1 1 1 1 1
 1 1 1 1 1
 1 1 1 1 1
 1 1 1 1 1
 1 1 1 1 1
 1 1 1 1 1
 1 1 1 1 1
 1 1 1 1 1
 1 1 1 1 1
 1 1 1 1 1
 1 1 1 1 1
 1 1 1 1 1
 1 1 1 1 1
 1 1 1 1 1
 1 1 1 1 1
 1 1 1 1 1
 1 1 1 1 1
 1 1 1 1 1
 1 1 1 1 1
 1 1 1 1 1
 1 1 1 1 1
 1 1 1 1 1
 1 1 1 1 1
pf_obs 
 0.256992 0.487395 0.22802 0.0275931 0
 0.321318 0.546541 0.124235 0.00734118 0.000564706
 0.182869 0.594174 0.210203 0.0122559 0.00049798
 0.330522 0.361315 0.267642 0.0388342 0.00168674
 0.649043 0.306663 0.0425973 0.00169635 0
 0.582887 0.30429 0.105238 0.00758474 0
 0.465427 0.430635 0.0974691 0.00646863 0
 0.296916 0.608066 0.0921331 0.00288517 0
 0.311714 0.524322 0.152257 0.0117073 0
 0.15457 0.633149 0.183074 0.0267441 0.00246327
 0.131901 0.49318 0.331252 0.0422183 0.00144891
 0.196976 0.569456 0.194076 0.0375587 0.00193317
 0.518974 0.381816 0.0799577 0.0180837 0.00116848
 0.0928022 0.601141 0.25162 0.0475244 0.00691264
 0.122501 0.610282 0.24278 0.0234846 0.000952079
 0.383417 0.481906 0.127806 0.00687128 0
 0.0376549 0.599619 0.316969 0.0457579 0
 0.0361596 0.667082 0.258105 0.0386534 0
 0.158088 0.579412 0.248529 0.0139706 0
 0.0477256 0.309471 0.559284 0.082774 0.000745712
 0.0406174 0.521527 0.379366 0.0568643 0.0016247
 0.151134 0.462217 0.34131 0.0453401 0
 0.294876 0.26143 0.354403 0.0886775 0.000613685
 0.281977 0.475581 0.204845 0.0348837 0.00271318
pf_pred 
 0.234583 0.530385 0.209162 0.0258596 9.96515e-06
 0.304518 0.485223 0.145696 0.0574566 0.00710633
 0.148248 0.657874 0.135265 0.0406156 0.0179981
 0.376162 0.395145 0.176637 0.0363182 0.0157376
 0.342056 0.526656 0.0831591 0.0371737 0.0109553
 0.153626 0.641779 0.16377 0.0258593 0.0149662
 0.277007 0.4032 0.242489 0.0618785 0.0154254
 0.251223 0.536264 0.118515 0.0712761 0.0227224
 0.299725 0.496654 0.145831 0.0322287 0.0255618
 0.268599 0.553942 0.125858 0.0369553 0.0146448
 0.110169 0.634914 0.193067 0.0438657 0.0179843
 0.105775 0.430549 0.330843 0.100604 0.032229
 0.19901 0.37209 0.206505 0.158683 0.063711
 0.164919 0.565294 0.125326 0.0695545 0.0749062
 0.244426 0.522603 0.157706 0.0349636 0.0403017
 0.315478 0.539933 0.100007 0.0301791 0.014403
 0.205079 0.619857 0.138086 0.0255765 0.0114017
 0.210105 0.512142 0.216583 0.0482484 0.0129205
 0.212794 0.505878 0.182404 0.0771379 0.0217858
 0.35337 0.415979 0.148222 0.0534443 0.0289846
 0.262924 0.579243 0.101534 0.0361789 0.0201197
 0.234222 0.52866 0.186343 0.0326638 0.0181113
 0.263105 0.485998 0.173208 0.0610529 0.0166358
 0.158682 0.586022 0.168373 0.0600077 0.0269151
pobs_RECLAS
 0 0 0 0 0
 0 0 0 0 0
 0 0 0 0 0
 0 0 0 0 0
 0.835266 0.146461 0.0176864 0.000547809 3.91292e-05
 0.385257 0.428462 0.181853 0.0044286 0
 0.867414 0.0963971 0.0333333 0.00285562 0
 0.441836 0.489002 0.0689373 0.000224442 0
 0.779404 0.147425 0.0564933 0.0165055 0.000172143
 0.814271 0.122319 0.05973 0.00367925 0
 0.40263 0.566651 0.0304383 0.000280538 0
 0.475488 0.404961 0.113038 0.00651328 0
 0.955842 0.0263864 0.0167828 0.000988607 0
 0.975058 0.0227948 0.00214734 0 0
 0.738997 0.206755 0.0527124 0.00153531 0
 0.850938 0.134255 0.0134407 0.00136685 0
 0.542534 0.407297 0.0501686 0 0
 0.764087 0.199537 0.0359546 0.000420521 0
 0.470689 0.182191 0.310203 0.0369168 0
 0.84361 0.089868 0.0606195 0.00523954 0.000663233
 0.607945 0.314616 0.071237 0.00620181 0
 0.523733 0.453247 0.0230204 0 0
 0.530135 0.295979 0.169645 0.0042399 0
 0.562478 0.366248 0.0663022 0.0049721 0
ppred_RECLAS
 0.65262 0.240712 0.0949269 0.0117362 4.52262e-06
 0.729555 0.188684 0.0566554 0.0223426 0.00276337
 0.530189 0.362871 0.0746096 0.0224028 0.00992744
 0.783809 0.136938 0.0612137 0.0125861 0.00545387
 0.755388 0.195801 0.030917 0.0138205 0.00407296
 0.523407 0.361385 0.0922187 0.0145613 0.00842748
 0.697017 0.168968 0.101619 0.0259313 0.0064643
 0.671548 0.235233 0.0519866 0.0312653 0.0099672
 0.722964 0.196481 0.0576921 0.01275 0.0101125
 0.688875 0.235638 0.053538 0.0157202 0.00622966
 0.431309 0.405773 0.123389 0.0280346 0.0114938
 0.41924 0.279622 0.214868 0.0653378 0.0209313
 0.608668 0.181788 0.10089 0.0775263 0.0311267
 0.569539 0.291394 0.0646023 0.0358534 0.0386121
 0.685163 0.217761 0.0657138 0.0145688 0.0167931
 0.739248 0.205674 0.0380953 0.011496 0.00548647
 0.610571 0.303666 0.067648 0.0125298 0.00558568
 0.615822 0.249089 0.105339 0.0234664 0.0062841
 0.619189 0.244719 0.0882378 0.0373155 0.0105389
 0.766909 0.149948 0.0534298 0.0192651 0.0104481
 0.680253 0.251278 0.0440461 0.0156946 0.00872801
 0.646286 0.244188 0.0860722 0.0150874 0.00836565
 0.681222 0.210241 0.0749292 0.0264113 0.00719658
 0.530496 0.327034 0.093962 0.0334877 0.0150202
pobs_PELACES
 0 0 0 0 0
 0 0 0 0 0
 0 0 0 0 0
 0 0 0 0 0
 0 0 0 0 0
 0 0 0 0 0
 0 0 0 0 0
 0 0 0 0 0
 0 0 0 0 0
 0 0 0 0 0
 0.450072 0.473896 0.0757376 0.000293798 0
 0 0 0 0 0
 0.463077 0.371075 0.160297 0.00555027 0
 0.529543 0.364841 0.0842815 0.0213345 0
 0.631943 0.363953 0.00410389 0 0
 0.735681 0.248677 0.0153453 0.000297389 0
 0.695825 0.281241 0.0229344 0 0
 0.275771 0.60734 0.115278 0.00161068 0
 0 0 0 0 0
 0.896147 0.0623911 0.0374545 0.00400742 0
 0.803859 0.145111 0.0509908 3.86294e-05 0
 0.739449 0.233085 0.0266225 0.000797448 4.60066e-05
 0.878498 0.100942 0.0204185 0.000141795 0
 0.694673 0.275183 0.0284847 0.00165964 0
ppred_PELACES
 0.682727 0.21985 0.0866998 0.010719 4.13065e-06
 0.758373 0.168578 0.0506184 0.0199618 0.00246891
 0.599178 0.309585 0.0636536 0.0191131 0.00846965
 0.794907 0.129908 0.0580712 0.01194 0.00517389
 0.757292 0.194277 0.0306764 0.0137129 0.00404127
 0.546073 0.344198 0.0878329 0.0138688 0.00802668
 0.709751 0.161866 0.0973482 0.0248414 0.00619261
 0.696702 0.217218 0.0480052 0.0288709 0.00920386
 0.746006 0.180139 0.0528935 0.0116895 0.00927139
 0.705274 0.223217 0.0507161 0.0148916 0.0059013
 0.464327 0.382215 0.116225 0.0264069 0.0108265
 0.449032 0.265278 0.203846 0.061986 0.0198576
 0.654391 0.160549 0.0891025 0.0684683 0.0274899
 0.652128 0.235486 0.0522074 0.0289745 0.0312038
 0.75657 0.168371 0.0508095 0.0112645 0.0129843
 0.76652 0.184163 0.0341109 0.0102937 0.00491265
 0.635698 0.284073 0.0632831 0.0117214 0.00522528
 0.633602 0.237561 0.100464 0.0223804 0.00599326
 0.635178 0.234444 0.084533 0.0357487 0.0100964
 0.779549 0.141817 0.0505324 0.0182204 0.00988153
 0.686941 0.246022 0.0431248 0.0153663 0.00854546
 0.655048 0.23814 0.0839401 0.0147137 0.00815842
 0.691386 0.203537 0.0725401 0.0255691 0.00696711
 0.543243 0.318155 0.091411 0.0325786 0.0146124
pobs_pel_tallas
 0 0 0 0 0 0 0 0 0 0 0 0 0 0 0 0 0 0 0 0 0 0 0 0 0 0 0 0 0 0 0 0 0 0 0 0
 0 0 0 0 0 0 0 0 0 0 0 0 0 0 0 0 0 0 0 0 0 0 0 0 0 0 0 0 0 0 0 0 0 0 0 0
 0 0 0 0 0 0 0 0 0 0 0 0 0 0 0 0 0 0 0 0 0 0 0 0 0 0 0 0 0 0 0 0 0 0 0 0
 0 0 0 0 0 0 0 0 0 0 0 0 0 0 0 0 0 0 0 0 0 0 0 0 0 0 0 0 0 0 0 0 0 0 0 0
 0 0 0 0 0 0 0 0 0 0 0 0 0 0 0 0 0 0 0 0 0 0 0 0 0 0 0 0 0 0 0 0 0 0 0 0
 0 0 0 0 0 0 0 0 0 0 0 0 0 0 0 0 0 0 0 0 0 0 0 0 0 0 0 0 0 0 0 0 0 0 0 0
 0 0 0 0 0 0 0 0 0 0 0 0 0 0 0 0 0 0 0 0 0 0 0 0 0 0 0 0 0 0 0 0 0 0 0 0
 0 0 0 0 0 0 0 0 0 0 0 0 0 0 0 0 0 0 0 0 0 0 0 0 0 0 0 0 0 0 0 0 0 0 0 0
 0 0 0 0 0 0 0 0 0 0 0 0 0 0 0 0 0 0 0 0 0 0 0 0 0 0 0 0 0 0 0 0 0 0 0 0
 0 0 0 0 0 0 0 0 0 0 0 0 0 0 0 0 0 0 0 0 0 0 0 0 0 0 0 0 0 0 0 0 0 0 0 0
 0 0 0 0 0 0 0 0 1.78061e-05 0.00172719 0.00360574 0.0105946 0.0120993 0.0124554 0.0147524 0.0171206 0.0266825 0.0428682 0.0675386 0.121331 0.153587 0.119568 0.100827 0.0573624 0.0630603 0.0341343 0.0324427 0.0444173 0.0211091 0.0280891 0.0125444 0.00206551 0 0 0 0
 0 0 0 0 0 0 0 0 0 0 0 0 0 0 0 0 0 0 0 0 0 0 0 0 0 0 0 0 0 0 0 0 0 0 0 0
 0 0 0 0 0 0 0.0133647 0.0140871 0.0187388 0.0205184 0.03894 0.0496705 0.03968 0.0493445 0.0407372 0.0367815 0.0215668 0.0243155 0.0234873 0.0199281 0.019796 0.0243948 0.0301388 0.0376714 0.0412746 0.0863199 0.0771752 0.113111 0.0741005 0.0525337 0.0229764 0.00759418 0.00175318 0 0 0
 0 0 0 0 0 0 0 0 0 0 0.00219441 0.00772107 0.0458388 0.0604681 0.0671733 0.0775358 0.0609151 0.0617685 0.073594 0.0568108 0.0755445 0.0548602 0.0670107 0.0636378 0.0643287 0.046367 0.0373049 0.0286899 0.0247887 0.0153202 0.00654259 0.00121912 0.000365735 0 0 0
 0 0 0 0 0 0 0 0 0 0 0 0 0.000112435 0.00938835 0.0111873 0.0202946 0.0414886 0.0713402 0.111592 0.104902 0.108894 0.110636 0.117776 0.105296 0.107544 0.0401394 0.0192827 0.0124803 0.00416011 0.0028671 0.000618394 0 0 0 0 0
 0 0 0 0 0 0 0 0 0 0 0.00291406 0.0102884 0.027416 0.0768956 0.0749926 0.110853 0.0956884 0.0897413 0.0766577 0.0534642 0.0500743 0.0551293 0.0594112 0.0620874 0.0668451 0.0424026 0.0208742 0.0120726 0.0048766 0.00582813 0.00118941 0.000297354 0 0 0 0
 0 0.00264628 0.0354308 0.0461629 0.0458689 0.0383711 0.0214643 0.0164657 0.0346957 0.0420465 0.0363128 0.0245516 0.0311673 0.0291091 0.0169068 0.0133784 0.00837989 0.0085269 0.0148486 0.0160247 0.0276389 0.0546898 0.0760071 0.122758 0.109233 0.0665981 0.0333725 0.0166128 0.00676272 0.00308733 0.000882094 0 0 0 0 0
 0 0 0 0 0 0 0 0.000805153 0.000690131 0.00759144 0.0133425 0.0154129 0.00931677 0.000345066 0.00356568 0.00563607 0.00851162 0.0253048 0.0502646 0.0516448 0.0657925 0.0565908 0.0611916 0.0827007 0.0866115 0.110766 0.145733 0.0935128 0.0569358 0.0249597 0.0138026 0.00621118 0.00161031 0.00115022 0 0
 0 0 0 0 0 0 0 0 0 0 0 0 0 0 0 0 0 0 0 0 0 0 0 0 0 0 0 0 0 0 0 0 0 0 0 0
 0.00147267 0.00158595 0.00478618 0.00569244 0.00954404 0.0108468 0.00647125 0.017049 0.0510054 0.094081 0.124002 0.0959785 0.0687766 0.0820023 0.061753 0.0591476 0.0492212 0.0479892 0.0443925 0.0268479 0.0217502 0.0140895 0.0121071 0.0120363 0.00920419 0.00665534 0.0049561 0.00860946 0.00930331 0.0156896 0.0114698 0.00855282 0.00243557 0.00046729 0 2.83206e-05
 0 0 0 0 0.000772559 0.00158375 0.000888443 0.00281984 0.00712685 0.0440552 0.0773331 0.111326 0.0921469 0.0852325 0.0710754 0.0886704 0.0786465 0.0553345 0.0373146 0.0185414 0.00753245 0.00457741 0.012979 0.0271748 0.0457355 0.0583668 0.034881 0.0177882 0.00938659 0.00492506 0.0015258 0.00185414 0.000309023 5.79419e-05 3.86279e-05 0
 0 0.00173294 0.00326652 0 0.00397197 0.00683976 0.00946217 0.0152591 0.00757587 0.0136028 0.0228656 0.0392903 0.0559909 0.0764795 0.0681675 0.0726916 0.0566044 0.0477403 0.0527397 0.0444891 0.0609904 0.0582453 0.0661739 0.0445044 0.0529084 0.0360697 0.0280645 0.0235558 0.0158879 0.00826598 0.00280645 0.00217768 0.000904811 0.00058276 9.20147e-05 0
 0 0 0 0 0 0 0 0 0 0 0 0 0 0 0 0 0 0 0 0 0 0 0 0 0 0 0 0 0 0 0 0 0 0 0 0
 0 0 0 0 0 0 0 0 0 0 0 0 0 0 0 0 0 0 0 0 0 0 0 0 0 0 0 0 0 0 0 0 0 0 0 0
ppred_pel_tallas
 1.01671e-16 2.97918e-05 0.000174845 0.000831115 0.00319981 0.00997827 0.0252044 0.051572 0.0854884 0.114815 0.124957 0.110259 0.0790097 0.0462777 0.0227726 0.0105671 0.00644238 0.00659441 0.0086817 0.011646 0.014998 0.0183777 0.0214231 0.0237891 0.0252118 0.0255641 0.0248785 0.0233267 0.0211677 0.0186823 0.016116 0.0136464 0.0113764 0.00934878 0.00756854 0.00602413
 1.01575e-16 3.30882e-05 0.000194202 0.000923153 0.00355419 0.0110834 0.0279959 0.0572832 0.0949531 0.127519 0.138764 0.122397 0.0876085 0.0511144 0.0247797 0.0108701 0.00577265 0.00523351 0.00664422 0.00885417 0.0113833 0.0139318 0.0162197 0.0179858 0.0190338 0.0192737 0.0187378 0.0175642 0.0159553 0.014126 0.0122597 0.0104835 0.00886435 0.00742239 0.00615016 0.00503062
 1.02057e-16 2.61523e-05 0.00015347 0.000729476 0.00280844 0.00875778 0.0221217 0.0452652 0.0750374 0.100789 0.10972 0.0968793 0.0695644 0.0410323 0.0207249 0.0105116 0.00761573 0.00873107 0.0118006 0.0158436 0.0203207 0.0247569 0.0286498 0.0315254 0.033035 0.0330341 0.0316111 0.0290542 0.0257704 0.0221858 0.0186598 0.0154352 0.0126306 0.0102648 0.00829591 0.0066588
 1.01519e-16 3.46797e-05 0.000203549 0.000967598 0.00372533 0.0116171 0.0293439 0.0600411 0.0995232 0.133652 0.145428 0.128248 0.0917393 0.0534092 0.0256769 0.0108971 0.00526344 0.00430425 0.00528621 0.00702421 0.00905921 0.0111411 0.0130506 0.0145831 0.0155804 0.0159619 0.0157378 0.0149984 0.0138836 0.0125462 0.0111201 0.00970218 0.00834994 0.00709017 0.00593209 0.00487865
 1.01159e-16 3.3042e-05 0.000193929 0.000921849 0.00354917 0.0110677 0.0279563 0.0572024 0.0948198 0.127342 0.138577 0.122245 0.0875281 0.0511243 0.0248901 0.0110966 0.00614355 0.00578623 0.00741417 0.00986099 0.0126172 0.0153434 0.0177167 0.0194402 0.0202981 0.0202052 0.0192241 0.0175434 0.0154259 0.0131451 0.0109297 0.00893247 0.00722476 0.00581266 0.00466258 0.00372596
 1.02211e-16 2.38381e-05 0.00013988 0.000664862 0.00255965 0.00798193 0.020162 0.0412558 0.0683928 0.0918699 0.100026 0.0883568 0.0635252 0.0376319 0.0193071 0.0102843 0.00806279 0.00965189 0.0131822 0.0177384 0.0227765 0.0277813 0.0321957 0.0354893 0.0372678 0.0373617 0.035859 0.0330694 0.0294371 0.0254311 0.0214509 0.0177719 0.0145357 0.0117755 0.00945791 0.00752198
 1.02578e-16 3.09679e-05 0.000181755 0.000863976 0.00332635 0.0103729 0.0262011 0.053611 0.0888664 0.119346 0.129873 0.11456 0.0820129 0.0478777 0.0232645 0.0103011 0.0056161 0.00524 0.00674425 0.00906418 0.01176 0.0145556 0.0171857 0.0193933 0.0209716 0.0218033 0.0218776 0.021279 0.0201535 0.0186663 0.0169665 0.0151676 0.0133455 0.0115482 0.00981005 0.00816185
 1.02175e-16 3.0401e-05 0.000178422 0.000848121 0.00326529 0.0101825 0.0257202 0.0526273 0.0872374 0.117163 0.12751 0.112506 0.0806067 0.0471868 0.0231701 0.0106662 0.00638359 0.00643401 0.00842303 0.0112692 0.0144763 0.0176867 0.0205463 0.0227235 0.0239722 0.024186 0.0234177 0.0218564 0.0197716 0.0174451 0.0151129 0.0129326 0.0109798 0.00926637 0.00776836 0.00645105
 1.01645e-16 3.25494e-05 0.000191038 0.000908108 0.00349626 0.0109028 0.0275395 0.0563496 0.0934061 0.125443 0.136508 0.120415 0.0862079 0.0503332 0.0244683 0.0108481 0.00592498 0.00551872 0.00706355 0.00942157 0.0121074 0.0148064 0.0172203 0.0190705 0.0201481 0.0203591 0.0197411 0.0184456 0.0166927 0.0147158 0.0127137 0.0108234 0.00911626 0.00761148 0.00629759 0.00515205
 1.01581e-16 3.0775e-05 0.000180617 0.000858556 0.00330546 0.0103077 0.0260366 0.0532749 0.0883108 0.118605 0.12908 0.113892 0.0816031 0.047776 0.0234703 0.0108221 0.00649961 0.00656601 0.00859511 0.0114878 0.0147354 0.0179677 0.0208175 0.0229417 0.0240869 0.0241457 0.0231777 0.0213858 0.0190588 0.0164997 0.013965 0.0116291 0.00957866 0.00783034 0.00635813 0.00511994
 1.03188e-16 2.02752e-05 0.000118959 0.000565392 0.00217665 0.00678755 0.0171451 0.0350835 0.0581633 0.0781374 0.085097 0.0752234 0.0542003 0.0323443 0.0170307 0.00977738 0.00850318 0.0106999 0.0147887 0.0199648 0.0256939 0.0314248 0.0365444 0.0404626 0.042735 0.0431593 0.0418141 0.0390196 0.0352438 0.0309843 0.0266672 0.0225886 0.0189062 0.0156666 0.0128502 0.0104117
 1.06038e-16 1.96037e-05 0.000115027 0.000546723 0.00210481 0.00656355 0.0165792 0.0339246 0.0562394 0.0755448 0.0822521 0.072658 0.0522422 0.0309573 0.0159048 0.0085196 0.00676247 0.00820129 0.0113385 0.0154736 0.0202192 0.0252111 0.0300357 0.0342709 0.0375616 0.0396839 0.0405752 0.0403179 0.0390921 0.0371136 0.0345847 0.031668 0.0284874 0.0251433 0.0217321 0.0183559
 1.04955e-16 2.85537e-05 0.000167582 0.000796598 0.00306693 0.00956391 0.0241577 0.04943 0.0819363 0.11004 0.11975 0.10564 0.0756457 0.0441992 0.0215502 0.00966896 0.00545715 0.00526565 0.0068651 0.0092811 0.0121116 0.0151007 0.0179989 0.0205608 0.0225852 0.0239507 0.0246315 0.024684 0.0242148 0.0233419 0.0221645 0.02075 0.0191391 0.0173602 0.0154471 0.0134486
 1.03272e-16 2.84581e-05 0.000167013 0.000793881 0.00305644 0.00953119 0.0240751 0.0492616 0.0816592 0.109674 0.119368 0.105341 0.0755159 0.0442919 0.0219079 0.0103543 0.0065664 0.00691765 0.00917127 0.0123065 0.0158351 0.0193842 0.0225759 0.0250541 0.0265537 0.0269584 0.0263215 0.0248399 0.0227949 0.020478 0.0181298 0.0159063 0.0138774 0.0120478 0.0103888 0.00886614
 1.0177e-16 3.30095e-05 0.000193741 0.000920959 0.00354575 0.0110571 0.0279293 0.057147 0.0947274 0.127216 0.138435 0.122106 0.0874007 0.0509937 0.0247222 0.0108467 0.00576277 0.00522699 0.0066372 0.00884562 0.0113735 0.0139219 0.0162117 0.017983 0.0190403 0.0192946 0.0187789 0.0176314 0.0160539 0.0142602 0.0124318 0.0106931 0.00910852 0.00769502 0.00644263 0.00533255
 1.01128e-16 3.3444e-05 0.00019629 0.000933075 0.00359239 0.0112025 0.0282967 0.057899 0.0959741 0.128891 0.14026 0.123723 0.088571 0.0517031 0.0251152 0.011101 0.00601137 0.00554647 0.00706451 0.00939071 0.0120213 0.0146299 0.0169094 0.0185771 0.019427 0.0193755 0.0184786 0.0169118 0.0149213 0.0127642 0.0106566 0.00874387 0.007096 0.00572187 0.00459322 0.00366745
 1.01638e-16 2.77437e-05 0.000162815 0.000773909 0.00297953 0.00929132 0.0234693 0.0480224 0.0796066 0.106922 0.116386 0.102739 0.0737164 0.0433687 0.0216966 0.0106632 0.00730236 0.00809171 0.0108468 0.0145438 0.018649 0.0227163 0.0262819 0.0289087 0.0302746 0.0302454 0.0289011 0.0265062 0.0234356 0.0200837 0.0167847 0.0137671 0.0111456 0.00894225 0.00712179 0.00562566
 1.02553e-16 2.76505e-05 0.000162272 0.000771337 0.00296964 0.00926049 0.0233914 0.0478626 0.0793406 0.106561 0.115983 0.102362 0.0733962 0.0430821 0.0213726 0.010209 0.00662241 0.00709782 0.00946891 0.0127468 0.0164539 0.0202171 0.0236505 0.0263825 0.0281259 0.0287369 0.0282397 0.0268051 0.0246959 0.0221976 0.0195596 0.0169615 0.0145087 0.0122476 0.010191 0.0083385
 1.02977e-16 2.7719e-05 0.000162675 0.000773253 0.00297702 0.00928351 0.0234495 0.0479815 0.0795376 0.106825 0.11627 0.102612 0.0735699 0.0431725 0.0213958 0.0101837 0.00655739 0.00699108 0.0093121 0.0125301 0.0161699 0.0198638 0.0232338 0.0259176 0.0276374 0.0282574 0.0278069 0.0264583 0.0244707 0.022122 0.0196501 0.0172206 0.014924 0.0127933 0.010831 0.00903106
 1.01852e-16 3.40105e-05 0.000199619 0.000948912 0.00365338 0.0113927 0.0287771 0.0588815 0.0976016 0.131073 0.142625 0.125784 0.0899944 0.0524287 0.0252718 0.0108389 0.00540332 0.00458378 0.0056998 0.0075832 0.00977105 0.0119995 0.0140325 0.0156502 0.0166848 0.017055 0.0167795 0.0159633 0.014764 0.0133501 0.0118652 0.0104091 0.00903525 0.00776234 0.00659015 0.00551371
 1.0162e-16 2.99765e-05 0.000175927 0.000836255 0.00321959 0.01004 0.0253602 0.0518911 0.0860178 0.115527 0.125738 0.110959 0.0795358 0.0466349 0.0230383 0.0108386 0.00680201 0.00710114 0.00937154 0.0125289 0.0160501 0.0195345 0.0225792 0.0248084 0.0259479 0.0258871 0.024702 0.0226271 0.0199911 0.0171365 0.01435 0.0118235 0.00964751 0.00783144 0.00633556 0.00510193
 1.02156e-16 2.85856e-05 0.000167762 0.000797437 0.00307013 0.00957388 0.024183 0.0494823 0.0820251 0.110166 0.119904 0.105816 0.0758604 0.0445025 0.0220282 0.0104388 0.00665846 0.00704643 0.00935768 0.0125671 0.016182 0.0198225 0.0230999 0.0256438 0.0271727 0.0275542 0.0268281 0.0251841 0.0229044 0.0202913 0.017606 0.0150327 0.0126732 0.0105636 0.00870092 0.00706665
 1.02301e-16 3.01687e-05 0.000177059 0.000841645 0.00324036 0.0101047 0.0255238 0.0522254 0.0865709 0.116267 0.126533 0.111638 0.0799739 0.0467939 0.0229361 0.0104909 0.0061902 0.00617613 0.00807755 0.0108317 0.0139622 0.0171335 0.0200133 0.0222859 0.0237103 0.0241704 0.0236947 0.0224372 0.0206291 0.0185177 0.0163156 0.0141717 0.0121678 0.0103334 0.00866906 0.00716589
 1.03204e-16 2.37136e-05 0.000139152 0.000661405 0.00254634 0.00794045 0.0200572 0.0410412 0.0680363 0.091389 0.0994972 0.0878773 0.0631534 0.0373575 0.0190672 0.00999841 0.00765597 0.00906156 0.0123606 0.0166592 0.0214454 0.0262466 0.0305524 0.0338743 0.0358442 0.0362951 0.0352912 0.0330954 0.0300908 0.0266827 0.023215 0.0199231 0.0169284 0.0142627 0.0119064 0.00982339
pSPR Fmed_Fpbrs
0.609664   0.342875 0.342875
Fs Fmed_Fpbrs
0.337617   1.005 1.005
SSBpbr Bo_Bmed_Bpbrs
1.01105e+06  565849  296112 296112
Ro
41772.8
SPR SPRFo_SPRFmed_SPRFpbrs
859416 523956 294673
log_Ro
10.46
likeval ReclasPelacesDesembMPH_pf_preclas_ppelaces_ptallas_desvR_qrecl_qpela
 71.9915 40.6096 0.00513928 0.000946433 285.888 166.456 80.2983 0 15.5798 4.22047e-05 0 0 0 0 0
q_reclas_q_pelaces
0.398287 1
M
0.7
N
 32234.2 14604.4 5759.37 712.055 0.274395
 45264.2 14725.3 4421.52 1743.66 215.659
 19543.6 20479.6 4210.79 1264.36 560.281
 42236.7 8164.56 3649.71 750.414 325.174
 76456.9 20130.7 3178.63 1420.91 418.749
 47595.1 37727.1 9627.23 1520.14 879.792
 84042.5 22347.4 13440 3429.62 854.956
 96193.8 40197.1 8883.58 5342.68 1703.22
 136791 44468.1 13057 2885.6 2288.68
 164161 63166.6 14351.8 4214.05 1669.96
 67473.8 77718.5 23632.9 5369.51 2201.42
 38506.1 30864.9 23717.2 7212.01 2310.41
 44109.1 17747.3 9849.52 7568.59 3038.77
 22375.4 19409.2 4303.04 2388.14 2571.88
 16445.5 8968.7 2706.48 600.03 691.641
 18878.6 6559.8 1215.02 366.655 174.986
 14645.6 8566.32 1908.33 353.463 157.57
 15007.7 6809.65 2879.78 641.531 171.796
 16225.9 7113.03 2564.73 1084.62 306.325
 35424.1 7725.79 2752.87 992.597 538.319
 43472.2 16828.3 2949.81 1051.08 584.524
 52879 21181.2 7465.99 1308.7 725.646
 77354.6 25643.9 9139.41 3221.48 877.796
 56005.1 37314.1 10720.9 3820.91 1713.78
pred_Ctot
 1865.22 4217.21 1663.1 205.615 0.0792352
 2909.1 4635.39 1391.86 548.89 67.8877
 2253.32 9999.48 2055.99 617.345 273.566
 1224.4 1286.19 574.952 118.216 51.2258
 348.178 536.083 84.6475 37.839 11.1514
 1870.86 7815.61 1994.4 314.915 182.259
 2231.05 3247.42 1953.03 498.377 124.238
 4799.44 10245 2264.14 1361.68 434.096
 6925.05 11475 3369.37 744.633 590.596
 5520.63 11385.4 2586.82 759.559 301.001
 3843.88 22152.6 6736.24 1530.51 627.486
 1998.82 8135.99 6251.87 1901.09 609.025
 3638.18 6802.35 3775.22 2900.96 1164.73
 3141.47 10768.1 2387.29 1324.91 1426.86
 2356.55 5038.51 1520.47 337.09 388.556
 1177.02 2014.44 373.118 112.596 53.7364
 673.296 2035.05 453.351 83.9703 37.4331
 493.087 1201.92 508.289 113.232 30.3225
 481.633 1144.99 412.848 174.592 49.3095
 1107.49 1303.71 464.54 167.498 90.84
 589.34 1298.36 227.588 81.0944 45.098
 891.912 2013.12 709.591 124.383 68.9676
 1594.34 2945.01 1049.59 369.963 100.808
 1251.99 4623.68 1328.46 473.458 212.359
F
 0.0834621 0.49484 0.49484 0.49484 0.49484
 0.0930889 0.551916 0.551916 0.551916 0.551916
 0.172844 1.02478 1.02478 1.02478 1.02478
 0.0410449 0.243351 0.243351 0.243351 0.243351
 0.00635002 0.0376487 0.0376487 0.0376487 0.0376487
 0.0560212 0.332145 0.332145 0.332145 0.332145
 0.0375287 0.222504 0.222504 0.222504 0.222504
 0.0715933 0.42447 0.42447 0.42447 0.42447
 0.0726776 0.430899 0.430899 0.430899 0.430899
 0.0477551 0.283136 0.283136 0.283136 0.283136
 0.0821215 0.486891 0.486891 0.486891 0.486891
 0.0745829 0.442195 0.442195 0.442195 0.442195
 0.120918 0.71691 0.71691 0.71691 0.71691
 0.214221 1.2701 1.2701 1.2701 1.2701
 0.219093 1.29898 1.29898 1.29898 1.29898
 0.0901908 0.534734 0.534734 0.534734 0.534734
 0.0658005 0.390125 0.390125 0.390125 0.390125
 0.0466336 0.276486 0.276486 0.276486 0.276486
 0.0420457 0.249285 0.249285 0.249285 0.249285
 0.0443292 0.262824 0.262824 0.262824 0.262824
 0.0190095 0.112705 0.112705 0.112705 0.112705
 0.0237002 0.140516 0.140516 0.140516 0.140516
 0.0290286 0.172108 0.172108 0.172108 0.172108
 0.0315197 0.186877 0.186877 0.186877 0.186877
nmprior
 10 10 8 0
nm_flota  nm_reclas  nm_pelaces    nm_pelaL
inf 19.2886 18.3327 32.7998
cv_recla  cv_pelaces  cv_mph
0.785538 0.749858 0.998121
 ------------------------------------------------
Talla a la edad & desviación 
 7.2 14.2025 17.0495 18.207 18.6776
 1.08 2.13037 2.55742 2.73105 2.80164
