years
 1997 1998 1999 2000 2001 2002 2003 2004 2005 2006 2007 2008 2009 2010 2011 2012 2013 2014 2015 2016 2017 2018 2019 2020
reclasobs
 0 0 0 370054 412103 1.49427e+06 250295 1.28982e+06 931140 785840 897777 1.04006e+06 184774 17550 25797 100020 73551 82996 120727 218422 84188 347160 605670 569463
reclaspred
 570788 140204 352732 224277 353741 430049 924340 645811 740000 784388 664940 455089 282288 117163 68810.9 66627 80834.2 104442 111338 155389 235809 223979 381252 426794
pelacesobs
 0 0 0 0 0 0 0 0 0 2.06254e+06 1.5e+06 0 1.87456e+06 323000 250000 174000 83755 137374 0 501740 490994 745055 786931 1.00524e+06
pelacespred
 2.12674e+06 477269 685573 710249 993407 910463 2.47024e+06 1.96934e+06 2.09203e+06 2.21718e+06 1.59981e+06 1.14739e+06 713704 229394 141856 145720 185671 249109 263112 369479 646842 574892 769146 1.01665e+06
mphobs
 0 0 0 0 0 112323 0 153150 637223 0 255016 313432 73983 77613 109348 50772 0 0 0 0 0 0 0 0
mphpred
 181837 97637.2 103566 97569 105976 178282 248336 306107 268625 291787 315320 217173 136098 71328.3 29871.4 23779.4 27571.8 35881.8 42994.6 49612.3 76192.3 93880.6 118143 159561
desembarqueobs
 350755 77701 442110 56441 14545 235359 269955 359681 431902 328805 639364 411747 362871 311530 167758 66681 60226 58785 57116 71774 51957 67425 138520 160799
desembarquepred
 350757 77695.3 442040 56441.7 14545.1 235412 269997 359622 431888 328779 639178 411720 362878 311541 167548 66668.6 60243.1 58769.6 57096.3 71765.9 51956.9 67409.8 138512 160798
Reclutas
 36658.9 46096.9 21760.9 32373 60965 41173.3 76168 77497.6 100529 123767 64153.4 46459.3 47693.5 25275.9 14774.9 13875.3 10138.5 10899.4 12682.4 20384.7 26315.7 34708.7 51858 48455.7
log_desv_Rt
 0.0494113 0.278501 -0.472129 -0.0749195 0.558054 0.165546 0.780696 0.798002 1.05821 1.26616 0.609032 0.286332 0.312551 -0.322393 -0.859318 -0.922137 -1.23591 -1.16354 -1.01203 -0.53746 -0.282077 -0.00525364 0.396265 0.328405
SSB
 533180 286291 303676 286091 310743 522759 728171 897565 787660 855575 924578 636793 399066 209148 87588.8 69725.8 80845.8 105213 126069 145473 223411 275276 346419 467862
BT
 1.64456e+06 422334 673527 497884 630904 732159 1.7485e+06 1.62044e+06 1.71208e+06 1.69681e+06 1.54961e+06 1.07989e+06 797273 432608 227406 145882 164099 202233 209528 287514 445444 411224 564202 752186
Ftot
 0.591034 0.573847 1.01342 0.240112 0.04437 0.422824 0.285677 0.535523 0.597109 0.425697 0.775863 0.736655 1.17299 2.15566 2.397 1.00218 0.726056 0.532846 0.452574 0.458279 0.21229 0.26279 0.311987 0.32436
BD_Bspro_t
 0.927313 0.673146 0.587478 0.395184 0.543161 0.719525 0.659821 0.676184 0.611729 0.585089 0.573189 0.408599 0.305341 0.207943 0.110402 0.108482 0.166709 0.270386 0.362118 0.455961 0.590387 0.697916 0.71073 0.70765
BD_Bspro
 0.742751 0.39882 0.423039 0.398542 0.432884 0.728233 1.01438 1.25036 1.09726 1.19187 1.28799 0.88709 0.555922 0.291356 0.122016 0.0971321 0.112623 0.146567 0.175621 0.202652 0.311224 0.383476 0.482583 0.65176
BD_Bo
 0.611537 0.328365 0.348305 0.328136 0.356411 0.599584 0.835184 1.02947 0.903416 0.981312 1.06046 0.730378 0.457713 0.239885 0.100461 0.0799728 0.092727 0.120675 0.144596 0.166852 0.256244 0.315731 0.39733 0.53662
BD_Brms
 2.06464 1.10861 1.17593 1.10783 1.20329 2.02428 2.8197 3.47565 3.05006 3.31305 3.58025 2.46586 1.54531 0.809888 0.339171 0.27 0.31306 0.407415 0.488177 0.563316 0.865115 1.06595 1.34144 1.81171
S_f
 0.157992 1 1 1 1
 0.157992 1 1 1 1
 0.157992 1 1 1 1
 0.157992 1 1 1 1
 0.157992 1 1 1 1
 0.157992 1 1 1 1
 0.157992 1 1 1 1
 0.157992 1 1 1 1
 0.157992 1 1 1 1
 0.157992 1 1 1 1
 0.157992 1 1 1 1
 0.157992 1 1 1 1
 0.157992 1 1 1 1
 0.157992 1 1 1 1
 0.157992 1 1 1 1
 0.157992 1 1 1 1
 0.157992 1 1 1 1
 0.157992 1 1 1 1
 0.157992 1 1 1 1
 0.157992 1 1 1 1
 0.157992 1 1 1 1
 0.157992 1 1 1 1
 0.157992 1 1 1 1
 0.157992 1 1 1 1
Scru_reclas
 0.742162 1 1 1 1
 0.742162 1 1 1 1
 0.742162 1 1 1 1
 0.742162 1 1 1 1
 0.742162 1 1 1 1
 0.742162 1 1 1 1
 0.742162 1 1 1 1
 0.742162 1 1 1 1
 0.742162 1 1 1 1
 0.742162 1 1 1 1
 0.742162 1 1 1 1
 0.742162 1 1 1 1
 0.742162 1 1 1 1
 0.742162 1 1 1 1
 0.742162 1 1 1 1
 0.742162 1 1 1 1
 0.742162 1 1 1 1
 0.742162 1 1 1 1
 0.742162 1 1 1 1
 0.742162 1 1 1 1
 0.742162 1 1 1 1
 0.742162 1 1 1 1
 0.742162 1 1 1 1
 0.742162 1 1 1 1
Scru_pelaces
 0.881978 1 1 1 1
 0.881978 1 1 1 1
 0.881978 1 1 1 1
 0.881978 1 1 1 1
 0.881978 1 1 1 1
 0.881978 1 1 1 1
 0.881978 1 1 1 1
 0.881978 1 1 1 1
 0.881978 1 1 1 1
 0.881978 1 1 1 1
 0.881978 1 1 1 1
 0.881978 1 1 1 1
 0.881978 1 1 1 1
 0.881978 1 1 1 1
 0.881978 1 1 1 1
 0.881978 1 1 1 1
 0.881978 1 1 1 1
 0.881978 1 1 1 1
 0.881978 1 1 1 1
 0.881978 1 1 1 1
 0.881978 1 1 1 1
 0.881978 1 1 1 1
 0.881978 1 1 1 1
 0.881978 1 1 1 1
pf_obs 
 0.256992 0.487395 0.22802 0.0275931 0
 0.321318 0.546541 0.124235 0.00734118 0.000564706
 0.182869 0.594174 0.210203 0.0122559 0.00049798
 0.330522 0.361315 0.267642 0.0388342 0.00168674
 0.649043 0.306663 0.0425973 0.00169635 0
 0.582887 0.30429 0.105238 0.00758474 0
 0.465427 0.430635 0.0974691 0.00646863 0
 0.296916 0.608066 0.0921331 0.00288517 0
 0.311714 0.524322 0.152257 0.0117073 0
 0.15457 0.633149 0.183074 0.0267441 0.00246327
 0.131901 0.49318 0.331252 0.0422183 0.00144891
 0.196976 0.569456 0.194076 0.0375587 0.00193317
 0.518974 0.381816 0.0799577 0.0180837 0.00116848
 0.0928022 0.601141 0.25162 0.0475244 0.00691264
 0.122501 0.610282 0.24278 0.0234846 0.000952079
 0.383417 0.481906 0.127806 0.00687128 0
 0.0376549 0.599619 0.316969 0.0457579 0
 0.0361596 0.667082 0.258105 0.0386534 0
 0.158088 0.579412 0.248529 0.0139706 0
 0.0477256 0.309471 0.559284 0.082774 0.000745712
 0.0406174 0.521527 0.379366 0.0568643 0.0016247
 0.151134 0.462217 0.34131 0.0453401 0
 0.294876 0.26143 0.354403 0.0886775 0.000613685
 0.281977 0.475581 0.204845 0.0348837 0.00271318
pf_pred 
 0.285497 0.500412 0.190979 0.0231026 9.191e-06
 0.293001 0.545736 0.112942 0.0431037 0.00521631
 0.151871 0.658775 0.146164 0.0302492 0.0129415
 0.284137 0.468825 0.191884 0.0425737 0.0125803
 0.318319 0.503165 0.116912 0.0478504 0.0137539
 0.158893 0.631777 0.154511 0.0359012 0.0189174
 0.293292 0.420434 0.215027 0.0525884 0.0186577
 0.234845 0.574519 0.113413 0.0580042 0.0192188
 0.283841 0.513076 0.152485 0.0301014 0.020496
 0.278567 0.556243 0.118347 0.0351726 0.0116709
 0.147201 0.639932 0.164126 0.0349197 0.0138217
 0.171469 0.51109 0.238205 0.0610933 0.0181432
 0.260578 0.483644 0.15778 0.0735367 0.0244613
 0.234846 0.614491 0.0985461 0.0321488 0.0199678
 0.309432 0.596428 0.0756032 0.0121245 0.0064121
 0.358073 0.587319 0.0471634 0.00597843 0.00146581
 0.230059 0.657961 0.102454 0.00822738 0.0012986
 0.252663 0.546162 0.171915 0.0267698 0.002489
 0.257997 0.545661 0.143489 0.0451661 0.00768694
 0.321367 0.497374 0.133296 0.0350521 0.0129111
 0.273552 0.573445 0.112137 0.0300526 0.0108137
 0.257091 0.538703 0.161197 0.0315219 0.0114876
 0.283318 0.511028 0.149126 0.0446231 0.0119061
 0.207065 0.590043 0.144671 0.0422172 0.0160033
pobs_RECLAS
 0 0 0 0 0
 0 0 0 0 0
 0 0 0 0 0
 0 0 0 0 0
 0.835266 0.146461 0.0176864 0.000547809 3.91292e-05
 0.385257 0.428462 0.181853 0.0044286 0
 0.867414 0.0963971 0.0333333 0.00285562 0
 0.441836 0.489002 0.0689373 0.000224442 0
 0.779404 0.147425 0.0564933 0.0165055 0.000172143
 0.814271 0.122319 0.05973 0.00367925 0
 0.40263 0.566651 0.0304383 0.000280538 0
 0.475488 0.404961 0.113038 0.00651328 0
 0.955842 0.0263864 0.0167828 0.000988607 0
 0.975058 0.0227948 0.00214734 0 0
 0.738997 0.206755 0.0527124 0.00153531 0
 0.850938 0.134255 0.0134407 0.00136685 0
 0.542534 0.407297 0.0501686 0 0
 0.764087 0.199537 0.0359546 0.000420521 0
 0.470689 0.182191 0.310203 0.0369168 0
 0.84361 0.089868 0.0606195 0.00523954 0.000663233
 0.607945 0.314616 0.071237 0.00620181 0
 0.523733 0.453247 0.0230204 0 0
 0.530135 0.295979 0.169645 0.0042399 0
 0.562478 0.366248 0.0663022 0.0049721 0
ppred_RECLAS
 0.661971 0.236744 0.0903517 0.0109298 4.34824e-06
 0.669733 0.254935 0.0527597 0.0201354 0.00243674
 0.478974 0.404701 0.089792 0.0185828 0.00795027
 0.654067 0.226555 0.0927258 0.0205733 0.00607931
 0.68735 0.230775 0.0536212 0.0219464 0.00630816
 0.477052 0.3928 0.0960656 0.0223211 0.0117616
 0.664788 0.199424 0.101994 0.0249442 0.00884986
 0.599448 0.300756 0.0593709 0.0303647 0.0100609
 0.660277 0.243387 0.0723341 0.0142792 0.00972267
 0.650965 0.269114 0.0572572 0.0170168 0.00564648
 0.462924 0.403016 0.103363 0.0219917 0.00870464
 0.507179 0.304003 0.141687 0.0363391 0.0107918
 0.648791 0.22972 0.0749418 0.0349283 0.0116186
 0.654855 0.277184 0.0444521 0.0145016 0.00900706
 0.744227 0.220905 0.0280019 0.00449068 0.00237492
 0.740912 0.237048 0.0190356 0.00241296 0.000591615
 0.597458 0.343996 0.0535653 0.00430145 0.000678938
 0.62237 0.275976 0.0868691 0.0135268 0.00125769
 0.627309 0.274073 0.0720713 0.0226859 0.00386097
 0.696372 0.222531 0.0596382 0.0156827 0.00577659
 0.641635 0.282887 0.0553183 0.0148253 0.0053345
 0.622789 0.273526 0.0818476 0.0160052 0.00583283
 0.654299 0.246501 0.0719328 0.0215246 0.00574305
 0.55583 0.330518 0.0810389 0.0236484 0.00896441
pobs_PELACES
 0 0 0 0 0
 0 0 0 0 0
 0 0 0 0 0
 0 0 0 0 0
 0 0 0 0 0
 0 0 0 0 0
 0 0 0 0 0
 0 0 0 0 0
 0 0 0 0 0
 0 0 0 0 0
 0.450072 0.473896 0.0757376 0.000293798 0
 0 0 0 0 0
 0.463077 0.371075 0.160297 0.00555027 0
 0.529543 0.364841 0.0842815 0.0213345 0
 0.631943 0.363953 0.00410389 0 0
 0.735681 0.248677 0.0153453 0.000297389 0
 0.695825 0.281241 0.0229344 0 0
 0.275771 0.60734 0.115278 0.00161068 0
 0 0 0 0 0
 0.896147 0.0623911 0.0374545 0.00400742 0
 0.803859 0.145111 0.0509908 3.86294e-05 0
 0.739449 0.233085 0.0266225 0.000797448 4.60066e-05
 0.878498 0.100942 0.0204185 0.000141795 0
 0.694673 0.275183 0.0284847 0.00165964 0
ppred_PELACES
 0.732808 0.187132 0.0714177 0.00863936 3.43703e-06
 0.738663 0.201728 0.0417483 0.015933 0.00192817
 0.591468 0.317322 0.0704051 0.0145706 0.00623373
 0.706051 0.19251 0.0787916 0.0174817 0.00516575
 0.725655 0.202501 0.0470517 0.0192576 0.0055353
 0.549396 0.338461 0.082776 0.0192332 0.0101346
 0.71843 0.167512 0.0856723 0.0209526 0.00743368
 0.673612 0.24507 0.0483781 0.0247425 0.00819807
 0.731657 0.192248 0.0571359 0.011279 0.00767983
 0.713853 0.220626 0.0469409 0.0139507 0.00462912
 0.559617 0.330459 0.0847541 0.0180324 0.0071375
 0.60013 0.246665 0.114964 0.0294851 0.00875638
 0.75255 0.161853 0.0528015 0.0246093 0.00818604
 0.804085 0.157338 0.0252323 0.00823157 0.00511268
 0.870647 0.111719 0.0141615 0.00227108 0.00120107
 0.81784 0.166664 0.0133836 0.0016965 0.000415953
 0.683354 0.270593 0.0421354 0.00338359 0.000534064
 0.694295 0.223413 0.0703235 0.0109504 0.00101815
 0.694033 0.225005 0.0591681 0.0186243 0.00316973
 0.755842 0.178945 0.0479571 0.012611 0.00464515
 0.692973 0.242361 0.0473936 0.0127015 0.0045703
 0.678529 0.233107 0.069753 0.0136401 0.00497091
 0.71039 0.206505 0.0602614 0.0180321 0.00481122
 0.619395 0.283218 0.0694414 0.020264 0.00768151
pobs_pel_tallas
 0 0 0 0 0 0 0 0 0 0 0 0 0 0 0 0 0 0 0 0 0 0 0 0 0 0 0 0 0 0 0 0 0 0 0 0
 0 0 0 0 0 0 0 0 0 0 0 0 0 0 0 0 0 0 0 0 0 0 0 0 0 0 0 0 0 0 0 0 0 0 0 0
 0 0 0 0 0 0 0 0 0 0 0 0 0 0 0 0 0 0 0 0 0 0 0 0 0 0 0 0 0 0 0 0 0 0 0 0
 0 0 0 0 0 0 0 0 0 0 0 0 0 0 0 0 0 0 0 0 0 0 0 0 0 0 0 0 0 0 0 0 0 0 0 0
 0 0 0 0 0 0 0 0 0 0 0 0 0 0 0 0 0 0 0 0 0 0 0 0 0 0 0 0 0 0 0 0 0 0 0 0
 0 0 0 0 0 0 0 0 0 0 0 0 0 0 0 0 0 0 0 0 0 0 0 0 0 0 0 0 0 0 0 0 0 0 0 0
 0 0 0 0 0 0 0 0 0 0 0 0 0 0 0 0 0 0 0 0 0 0 0 0 0 0 0 0 0 0 0 0 0 0 0 0
 0 0 0 0 0 0 0 0 0 0 0 0 0 0 0 0 0 0 0 0 0 0 0 0 0 0 0 0 0 0 0 0 0 0 0 0
 0 0 0 0 0 0 0 0 0 0 0 0 0 0 0 0 0 0 0 0 0 0 0 0 0 0 0 0 0 0 0 0 0 0 0 0
 0 0 0 0 0 0 0 0 0 0 0 0 0 0 0 0 0 0 0 0 0 0 0 0 0 0 0 0 0 0 0 0 0 0 0 0
 0 0 0 0 0 0 0 0 1.78061e-05 0.00172719 0.00360574 0.0105946 0.0120993 0.0124554 0.0147524 0.0171206 0.0266825 0.0428682 0.0675386 0.121331 0.153587 0.119568 0.100827 0.0573624 0.0630603 0.0341343 0.0324427 0.0444173 0.0211091 0.0280891 0.0125444 0.00206551 0 0 0 0
 0 0 0 0 0 0 0 0 0 0 0 0 0 0 0 0 0 0 0 0 0 0 0 0 0 0 0 0 0 0 0 0 0 0 0 0
 0 0 0 0 0 0 0.0133647 0.0140871 0.0187388 0.0205184 0.03894 0.0496705 0.03968 0.0493445 0.0407372 0.0367815 0.0215668 0.0243155 0.0234873 0.0199281 0.019796 0.0243948 0.0301388 0.0376714 0.0412746 0.0863199 0.0771752 0.113111 0.0741005 0.0525337 0.0229764 0.00759418 0.00175318 0 0 0
 0 0 0 0 0 0 0 0 0 0 0.00219441 0.00772107 0.0458388 0.0604681 0.0671733 0.0775358 0.0609151 0.0617685 0.073594 0.0568108 0.0755445 0.0548602 0.0670107 0.0636378 0.0643287 0.046367 0.0373049 0.0286899 0.0247887 0.0153202 0.00654259 0.00121912 0.000365735 0 0 0
 0 0 0 0 0 0 0 0 0 0 0 0 0.000112435 0.00938835 0.0111873 0.0202946 0.0414886 0.0713402 0.111592 0.104902 0.108894 0.110636 0.117776 0.105296 0.107544 0.0401394 0.0192827 0.0124803 0.00416011 0.0028671 0.000618394 0 0 0 0 0
 0 0 0 0 0 0 0 0 0 0 0.00291406 0.0102884 0.027416 0.0768956 0.0749926 0.110853 0.0956884 0.0897413 0.0766577 0.0534642 0.0500743 0.0551293 0.0594112 0.0620874 0.0668451 0.0424026 0.0208742 0.0120726 0.0048766 0.00582813 0.00118941 0.000297354 0 0 0 0
 0 0.00264628 0.0354308 0.0461629 0.0458689 0.0383711 0.0214643 0.0164657 0.0346957 0.0420465 0.0363128 0.0245516 0.0311673 0.0291091 0.0169068 0.0133784 0.00837989 0.0085269 0.0148486 0.0160247 0.0276389 0.0546898 0.0760071 0.122758 0.109233 0.0665981 0.0333725 0.0166128 0.00676272 0.00308733 0.000882094 0 0 0 0 0
 0 0 0 0 0 0 0 0.000805153 0.000690131 0.00759144 0.0133425 0.0154129 0.00931677 0.000345066 0.00356568 0.00563607 0.00851162 0.0253048 0.0502646 0.0516448 0.0657925 0.0565908 0.0611916 0.0827007 0.0866115 0.110766 0.145733 0.0935128 0.0569358 0.0249597 0.0138026 0.00621118 0.00161031 0.00115022 0 0
 0 0 0 0 0 0 0 0 0 0 0 0 0 0 0 0 0 0 0 0 0 0 0 0 0 0 0 0 0 0 0 0 0 0 0 0
 0.00147267 0.00158595 0.00478618 0.00569244 0.00954404 0.0108468 0.00647125 0.017049 0.0510054 0.094081 0.124002 0.0959785 0.0687766 0.0820023 0.061753 0.0591476 0.0492212 0.0479892 0.0443925 0.0268479 0.0217502 0.0140895 0.0121071 0.0120363 0.00920419 0.00665534 0.0049561 0.00860946 0.00930331 0.0156896 0.0114698 0.00855282 0.00243557 0.00046729 0 2.83206e-05
 0 0 0 0 0.000772559 0.00158375 0.000888443 0.00281984 0.00712685 0.0440552 0.0773331 0.111326 0.0921469 0.0852325 0.0710754 0.0886704 0.0786465 0.0553345 0.0373146 0.0185414 0.00753245 0.00457741 0.012979 0.0271748 0.0457355 0.0583668 0.034881 0.0177882 0.00938659 0.00492506 0.0015258 0.00185414 0.000309023 5.79419e-05 3.86279e-05 0
 0 0.00173294 0.00326652 0 0.00397197 0.00683976 0.00946217 0.0152591 0.00757587 0.0136028 0.0228656 0.0392903 0.0559909 0.0764795 0.0681675 0.0726916 0.0566044 0.0477403 0.0527397 0.0444891 0.0609904 0.0582453 0.0661739 0.0445044 0.0529084 0.0360697 0.0280645 0.0235558 0.0158879 0.00826598 0.00280645 0.00217768 0.000904811 0.00058276 9.20147e-05 0
 0 0 0 0 0 0 0 0 0 0 0 0 0 0 0 0 0 0 0 0 0 0 0 0 0 0 0 0 0 0 0 0 0 0 0 0
 0 0 0 0 0 0 0 0 0 0 0 0 0 0 0 0 0 0 0 0 0 0 0 0 0 0 0 0 0 0 0 0 0 0 0 0
ppred_pel_tallas
 1.01372e-16 3.19742e-05 0.000187661 0.000892049 0.00343443 0.0107099 0.0270525 0.0553531 0.0917546 0.123226 0.134099 0.118296 0.0847057 0.0494859 0.0241123 0.0107862 0.00602875 0.00573906 0.00739923 0.00988957 0.0127255 0.0155846 0.0181553 0.0201439 0.0213266 0.0215969 0.0209843 0.0196374 0.0177792 0.0156506 0.013462 0.0113649 0.00944632 0.00774118 0.00625173 0.00496574
 1.01297e-16 3.22301e-05 0.000189161 0.000899181 0.00346188 0.0107956 0.0272688 0.0557957 0.0924886 0.124212 0.135175 0.119251 0.0854015 0.0499164 0.0243662 0.0109728 0.00623142 0.00600736 0.00775702 0.0103402 0.0132513 0.0161442 0.0186847 0.0205629 0.021551 0.0215541 0.0206293 0.0189635 0.0168214 0.0144803 0.0121744 0.0100624 0.00822239 0.00666775 0.00537246 0.00429529
 1.01895e-16 2.58164e-05 0.000151497 0.000720096 0.00277232 0.00864516 0.0218372 0.0446832 0.0740729 0.0994945 0.108314 0.0956446 0.0686929 0.0405485 0.0205366 0.0105079 0.0077271 0.00893435 0.0120997 0.0162504 0.0208434 0.0253932 0.0293841 0.0323285 0.033867 0.0338492 0.0323644 0.029707 0.026295 0.0225675 0.0188966 0.0155361 0.0126132 0.0101519 0.008113 0.00643153
 1.02024e-16 3.08077e-05 0.000180812 0.000859487 0.00330906 0.010319 0.0260649 0.0533326 0.0884057 0.118729 0.129209 0.113991 0.0816405 0.0477309 0.0233243 0.0105487 0.00606008 0.00591406 0.00768893 0.0103054 0.0132905 0.0163209 0.0190804 0.0212676 0.0226507 0.0231148 0.0226818 0.0214928 0.0197632 0.0177265 0.015586 0.0134878 0.0115162 0.00970744 0.00806919 0.00659881
 1.01655e-16 3.16629e-05 0.000185831 0.00088335 0.00340093 0.0106055 0.0267886 0.0548134 0.0908603 0.122026 0.132797 0.117157 0.0839081 0.0490574 0.0239729 0.0108403 0.00621992 0.00605296 0.00784297 0.0104707 0.0134381 0.0164018 0.0190283 0.0210063 0.0221057 0.0222272 0.021422 0.0198698 0.0178274 0.0155642 0.0133079 0.0112125 0.00935471 0.00774924 0.00637449 0.00519598
 1.0242e-16 2.39827e-05 0.00014073 0.000668903 0.00257521 0.00803045 0.0202845 0.0415065 0.0688082 0.0924271 0.100631 0.0888865 0.0638962 0.0378318 0.0193731 0.0102605 0.00797471 0.00950437 0.0129687 0.0174504 0.0224097 0.0273401 0.0316948 0.0349536 0.0367306 0.0368598 0.0354281 0.0327392 0.0292274 0.0253504 0.0214961 0.0179301 0.0147866 0.0120944 0.0098183 0.00789838
 1.02339e-16 3.13465e-05 0.000183977 0.000874541 0.00336702 0.0104997 0.0265215 0.0542666 0.0899532 0.120805 0.131462 0.115963 0.0830192 0.0484695 0.0235597 0.0104437 0.00570832 0.00533369 0.00685813 0.00919854 0.0119028 0.0146834 0.0172653 0.0193844 0.0208326 0.0214984 0.0213844 0.0205935 0.0192926 0.0176663 0.0158778 0.0140473 0.0122499 0.0105258 0.00889695 0.00737966
 1.02e-16 2.93953e-05 0.000172515 0.000820032 0.00315713 0.00984517 0.0248682 0.0508844 0.0843493 0.113287 0.1233 0.108811 0.0780026 0.0457489 0.0226252 0.0106862 0.00676413 0.00710926 0.00940583 0.0125922 0.0161551 0.0196995 0.0228261 0.0251607 0.0264279 0.0265127 0.0254828 0.0235619 0.0210661 0.0183253 0.0156159 0.0131228 0.0109342 0.00906166 0.00747201 0.00611682
 1.01621e-16 3.19242e-05 0.000187367 0.00089065 0.00342904 0.0106931 0.02701 0.0552663 0.0916108 0.123033 0.13389 0.118115 0.0845808 0.0494232 0.0241007 0.0108124 0.00608609 0.00582711 0.00751974 0.010042 0.0129039 0.0157758 0.01834 0.0202986 0.0214284 0.021629 0.020941 0.0195269 0.0176233 0.0154815 0.013316 0.0112754 0.00943817 0.00782619 0.00642783 0.00521865
 1.01434e-16 3.1149e-05 0.000182813 0.000868996 0.00334566 0.0104331 0.0263532 0.0539227 0.0893845 0.120046 0.130647 0.115272 0.0825841 0.0483355 0.0237172 0.0108886 0.00647436 0.00648707 0.00846983 0.011311 0.0144994 0.0176661 0.0204477 0.022505 0.0235888 0.023595 0.0225858 0.0207653 0.018423 0.0158623 0.0133393 0.011028 0.0090142 0.00731279 0.00589543 0.00471704
 1.02264e-16 2.44281e-05 0.000143345 0.000681338 0.00262309 0.00817978 0.0206617 0.0422782 0.070087 0.0941436 0.102496 0.090526 0.065057 0.0384834 0.019641 0.0102963 0.00787676 0.00931064 0.0126818 0.0170616 0.0219129 0.0267385 0.0310035 0.0341991 0.0359464 0.0360814 0.0346868 0.0320571 0.0286153 0.024808 0.0210153 0.0174988 0.0143931 0.0117299 0.00947839 0.00758262
 1.03135e-16 2.61914e-05 0.000153704 0.000730604 0.00281281 0.00877142 0.022156 0.0453351 0.0751515 0.100937 0.109868 0.0969783 0.0695667 0.0408959 0.0204033 0.00993966 0.00670573 0.00738328 0.00992625 0.0133952 0.0173242 0.0213353 0.0250312 0.0280255 0.030016 0.0308458 0.0305285 0.0292274 0.0272001 0.0247289 0.0220614 0.0193778 0.0167867 0.0143412 0.0120645 0.00996915
 1.02031e-16 3.2834e-05 0.000192711 0.000916063 0.0035269 0.0109983 0.0277808 0.0568432 0.0942237 0.126539 0.137697 0.121453 0.0869273 0.050706 0.0245615 0.0107405 0.00565671 0.00508919 0.00645165 0.00860727 0.0110876 0.0136054 0.0158936 0.0177025 0.0188421 0.0192222 0.0188672 0.0179004 0.016505 0.0148757 0.0131781 0.0115258 0.0099787 0.00855569 0.00725349 0.00606328
 1.00932e-16 3.50809e-05 0.000205903 0.000978781 0.00376838 0.0117514 0.029683 0.0607351 0.100674 0.1352 0.147117 0.12975 0.0928398 0.0541025 0.0261076 0.0112447 0.00566883 0.00485733 0.00603668 0.00798756 0.0102126 0.0124167 0.0143347 0.0157253 0.0164141 0.0163319 0.0155299 0.0141613 0.0124397 0.0105872 0.00878974 0.00717136 0.00579014 0.00465091 0.00372604 0.00297555
 1.00372e-16 3.79815e-05 0.000222936 0.00105977 0.00408021 0.0127238 0.0321392 0.0657604 0.109002 0.146379 0.159267 0.140431 0.100408 0.0583615 0.0278797 0.011522 0.00509825 0.00369118 0.00429404 0.0056077 0.00714395 0.00866 0.00996054 0.0108732 0.0112752 0.0111208 0.0104509 0.0093808 0.00806947 0.00668184 0.00535624 0.00418509 0.00321145 0.0024378 0.00184095 0.00138699
 1.00323e-16 3.56811e-05 0.000209425 0.000995525 0.00383285 0.0119524 0.0301908 0.0617742 0.102397 0.137513 0.149635 0.131973 0.0944363 0.0550435 0.026581 0.0114803 0.00583071 0.00503049 0.00625409 0.00825327 0.0105107 0.0127125 0.0145759 0.0158458 0.0163421 0.0160015 0.0148923 0.013195 0.0111553 0.00902702 0.00702204 0.00528074 0.00386634 0.00277835 0.00197557 0.00139936
 1.00828e-16 2.98211e-05 0.000175012 0.000831902 0.00320282 0.00998765 0.0252281 0.051621 0.0855709 0.114929 0.125092 0.110404 0.0791677 0.0464794 0.0230734 0.0110414 0.00717532 0.00767277 0.0101781 0.0135972 0.0173808 0.0210901 0.0242789 0.0265318 0.0275489 0.0272148 0.0256242 0.0230514 0.0198776 0.0165003 0.013255 0.0103686 0.00795032 0.00601237 0.00450509 0.00335183
 1.01495e-16 3.02964e-05 0.000177807 0.000845195 0.00325402 0.0101473 0.0256314 0.0524458 0.0869367 0.11676 0.127073 0.112125 0.0803439 0.0470532 0.0231424 0.0107178 0.0065032 0.00662697 0.00870401 0.0116541 0.0149759 0.018301 0.0212613 0.0235089 0.0247826 0.0249638 0.0240995 0.0223795 0.0200817 0.017503 0.014899 0.0124501 0.0102542 0.00834305 0.00670675 0.00531784
 1.01702e-16 3.0285e-05 0.00017774 0.000844877 0.00325279 0.0101435 0.0256217 0.052426 0.086904 0.116716 0.127026 0.112083 0.0803153 0.0470386 0.0231391 0.0107223 0.00651326 0.0066413 0.0087212 0.0116715 0.014989 0.0183037 0.0212463 0.0234694 0.0247144 0.0248677 0.0239823 0.0222545 0.0199676 0.0174207 0.0148685 0.0124861 0.010364 0.00852442 0.0069491 0.00560391
 1.0139e-16 3.29782e-05 0.000193556 0.000920078 0.00354235 0.0110465 0.0279026 0.0570924 0.0946372 0.127096 0.138306 0.121998 0.0873359 0.0509806 0.0247619 0.010942 0.00592366 0.0054693 0.00697752 0.00929501 0.0119313 0.0145708 0.0169161 0.0186902 0.0196874 0.0198168 0.0191204 0.0177538 0.0159419 0.0139221 0.0118966 0.0100045 0.00831759 0.00685378 0.00559848 0.00452478
 1.01402e-16 3.02394e-05 0.000177471 0.000843595 0.00324785 0.0101281 0.0255828 0.0523465 0.0867727 0.116541 0.126839 0.111928 0.0802232 0.0470237 0.0232041 0.0108727 0.00676497 0.00701822 0.00924725 0.0123606 0.0158354 0.0192749 0.0222806 0.0244807 0.0256028 0.0255357 0.0243522 0.0222819 0.0196487 0.016791 0.0139945 0.0114526 0.00925967 0.00742982 0.00592803 0.00469972
 1.01768e-16 2.96093e-05 0.000173772 0.000826012 0.00318015 0.00991698 0.0250496 0.0512554 0.0849639 0.114111 0.124195 0.109594 0.0785489 0.0460398 0.0227146 0.0106384 0.00661648 0.00687007 0.00906927 0.0121532 0.0156196 0.0190898 0.0221814 0.0245332 0.0258742 0.0260824 0.0252078 0.0234489 0.0210948 0.0184529 0.0157868 0.0132801 0.0110306 0.0090671 0.00737623 0.00592795
 1.01768e-16 3.09974e-05 0.000181924 0.000864774 0.00332941 0.0103824 0.0262252 0.0536607 0.0889499 0.119461 0.130008 0.114702 0.0821623 0.0480615 0.0235328 0.0107211 0.00626411 0.00619346 0.00806801 0.0107915 0.0138715 0.0169623 0.0197242 0.0218378 0.0230635 0.0232931 0.0225699 0.0210673 0.0190383 0.0167512 0.0144352 0.0122486 0.0102747 0.00853721 0.00702402 0.00571004
 1.02134e-16 2.70328e-05 0.000158641 0.000754068 0.00290313 0.00905309 0.0228675 0.0467912 0.0775659 0.104182 0.113405 0.100113 0.0718416 0.042286 0.0211929 0.0104792 0.0072597 0.00810695 0.0108959 0.01463 0.0187875 0.0229285 0.0265931 0.0293459 0.0308636 0.0310066 0.0298461 0.0276339 0.0247309 0.021517 0.0183143 0.0153427 0.0127134 0.0104503 0.00852495 0.00688925
pSPR Fmed_Fpbrs
0.509224   0.346196 0.346196
Fs Fmed_Fpbrs
0.509737   1.005 1.005
SSBpbr Bo_Bmed_Bpbrs
871868  400382  258244 258244
Ro
34891.6
SPR SPRFo_SPRFmed_SPRFpbrs
717845 365544 248515
log_Ro
10.28
likeval ReclasPelacesDesembMPH_pf_preclas_ppelaces_ptallas_desvR_qrecl_qpela
 63.7936 14.6501 0.0108341 0.000212836 285.827 163.234 81.5697 0 15.8315 7.61862e-06 6.18783e-05 0 0 0 0
q_reclas_q_pelaces
0.676292 3.0622
M
0.7
N
 36658.9 12479.1 4762.56 576.124 0.229201
 46096.9 16581.3 3431.57 1309.64 158.489
 21760.9 20907 4638.68 959.993 410.713
 32373 9207.36 3768.45 836.115 247.068
 60965 15477.5 3596.25 1471.9 423.074
 41173.3 30062.8 7352.35 1708.34 900.174
 76168 19124.8 9781.23 2392.16 848.705
 77497.6 36154.7 7137.13 3650.22 1209.45
 100529 35362 10509.5 2074.64 1412.62
 123767 45427.2 9665.18 2872.48 953.142
 64153.4 57463.2 14737.8 3135.64 1241.13
 46459.3 28182.4 13135 3368.79 1000.45
 47693.5 20536.2 6699.56 3122.48 1038.66
 25275.9 19677.4 3155.67 1029.48 639.415
 14774.9 8928.74 1131.81 181.508 95.9914
 13875.3 5023.97 403.439 51.1399 12.5386
 10138.5 5881.26 915.8 73.5414 11.6077
 10899.4 4488.99 1413 220.025 20.4575
 12682.4 4975.47 1308.37 411.836 70.0915
 20384.7 5863.32 1571.37 413.213 152.204
 26315.7 9415.72 1841.24 493.451 177.556
 34708.7 12637 3781.39 739.447 269.479
 51858 16534.9 4825.13 1443.83 385.234
 48455.7 24513.4 6010.36 1753.91 664.858
pred_Ctot
 2363.08 4141.93 1580.74 191.222 0.0760744
 2888.46 5379.97 1113.4 424.924 51.4233
 2336.88 10136.8 2249.07 465.453 199.135
 868.561 1433.12 586.557 130.141 38.456
 306.399 484.322 112.534 46.0584 13.2388
 1920.83 7637.47 1867.87 434.004 228.69
 2423.7 3474.38 1776.94 434.579 154.183
 4543.69 11115.6 2194.28 1122.24 371.839
 6544.12 11829.2 3515.63 694.005 472.547
 5812.1 11605.6 2469.23 733.851 243.506
 5360.36 23303.4 5976.7 1271.61 503.323
 3695.64 11015.5 5134 1316.74 391.039
 5864.54 10884.9 3550.98 1655.01 550.523
 5350.36 13999.6 2245.12 732.426 454.915
 3423.29 6598.37 836.409 134.135 70.938
 1474.64 2418.73 194.231 24.6207 6.03658
 795.447 2274.95 354.244 28.4468 4.49003
 635.954 1374.69 432.711 67.3796 6.26481
 631.998 1336.67 351.496 110.64 18.8302
 1028.22 1591.36 426.484 112.15 41.3094
 625.441 1311.11 256.386 68.7114 24.7241
 1017.58 2132.21 638.026 124.765 45.4686
 1798.84 3244.62 946.83 283.322 75.5941
 1745.99 4975.29 1219.88 355.978 134.941
F
 0.0933786 0.591034 0.591034 0.591034 0.591034
 0.0906631 0.573847 0.573847 0.573847 0.573847
 0.160112 1.01342 1.01342 1.01342 1.01342
 0.0379357 0.240112 0.240112 0.240112 0.240112
 0.0070101 0.04437 0.04437 0.04437 0.04437
 0.0668027 0.422824 0.422824 0.422824 0.422824
 0.0451346 0.285677 0.285677 0.285677 0.285677
 0.0846083 0.535523 0.535523 0.535523 0.535523
 0.0943383 0.597109 0.597109 0.597109 0.597109
 0.0672566 0.425697 0.425697 0.425697 0.425697
 0.12258 0.775863 0.775863 0.775863 0.775863
 0.116386 0.736655 0.736655 0.736655 0.736655
 0.185323 1.17299 1.17299 1.17299 1.17299
 0.340576 2.15566 2.15566 2.15566 2.15566
 0.378707 2.397 2.397 2.397 2.397
 0.158336 1.00218 1.00218 1.00218 1.00218
 0.114711 0.726056 0.726056 0.726056 0.726056
 0.0841853 0.532846 0.532846 0.532846 0.532846
 0.071503 0.452574 0.452574 0.452574 0.452574
 0.0724043 0.458279 0.458279 0.458279 0.458279
 0.03354 0.21229 0.21229 0.21229 0.21229
 0.0415186 0.26279 0.26279 0.26279 0.26279
 0.0492915 0.311987 0.311987 0.311987 0.311987
 0.0512463 0.32436 0.32436 0.32436 0.32436
nmprior
 10 10 8 0
nm_flota  nm_reclas  nm_pelaces    nm_pelaL
inf 22.0694 14.5119 24.7783
cv_recla  cv_pelaces  cv_mph
0.739461 0.450385 0.473326
 ------------------------------------------------
Talla a la edad & desviación 
 7.2 14.2025 17.0495 18.207 18.6776
 1.08 2.13037 2.55742 2.73105 2.80164
