years
 1997 1998 1999 2000 2001 2002 2003 2004 2005 2006 2007 2008 2009 2010 2011 2012 2013 2014 2015 2016 2017 2018 2019 2020
reclasobs
 0 0 0 370054 412103 1.49427e+06 250295 1.28982e+06 931140 785840 897777 1.04006e+06 184774 17550 25797 100020 73551 82996 120727 218422 84188 347160 605670 569463
reclaspred
 430386 126205 431468 311672 415884 491462 1.04664e+06 667143 695386 581926 445882 298968 182409 88249.8 65456.7 68683.9 87888.2 121034 128824 185070 265706 247038 439959 536578
pelacesobs
 0 0 0 0 0 0 0 0 0 2.06254e+06 1.5e+06 0 1.87456e+06 323000 250000 174000 83755 137374 0 501740 490994 745055 786931 1.00524e+06
pelacespred
 1.61592e+06 429236 871966 963847 1.08851e+06 1.09107e+06 2.53867e+06 2.10509e+06 1.90076e+06 1.62263e+06 1.12282e+06 773064 469995 194376 141013 156138 207274 286432 315843 439426 695856 631824 888521 1.27921e+06
mphobs
 0 0 0 0 0 112323 0 153150 637223 0 255016 313432 73983 77613 109348 50772 0 0 0 0 0 0 0 0
mphpred
 153719 105191 138570 189782 183506 263620 396936 451338 370271 347586 300279 209069 129637 68882.9 35534.9 31825.3 39002.9 54905.8 68312.3 79050 117655 138230 178054 257327
desembarqueobs
 350755 77701 442110 56441 14545 235359 269955 359681 431902 328805 639364 411747 362871 311530 167758 66681 60226 58785 57116 71774 51957 67425 138520 160799
desembarquepred
 350764 77704 442146 56442.5 14545.1 235390 269979 359706 431967 328861 639735 412084 363340 312117 167857 66697.8 60245.1 58788.7 57115.2 71776.8 51958.3 67422.6 138522 160802
Reclutas
 76725.3 96829.3 62932.4 92108.5 151614 113357 166896 146551 158674 142604 69477.5 41848.7 42081.3 24613.1 20231.8 26526 23012.9 25410 29715.5 52567.3 66443.3 89807.2 146787 151537
log_desv_Rt
 0.127987 0.360705 -0.0701839 0.310723 0.809096 0.518298 0.905127 0.775127 0.854605 0.747827 0.0287586 -0.478184 -0.472642 -1.00896 -1.20499 -0.934121 -1.07619 -0.9771 -0.820577 -0.250151 -0.0158955 0.285421 0.776739 0.808587
SSB
 942149 644718 849299 1.16318e+06 1.12471e+06 1.61574e+06 2.43283e+06 2.76627e+06 2.2694e+06 2.13037e+06 1.84042e+06 1.28139e+06 794551 422186 217795 195058 239050 336520 418688 484500 721114 847217 1.0913e+06 1.57717e+06
BT
 3.19067e+06 898844 1.80334e+06 1.78508e+06 1.95939e+06 2.13983e+06 4.72796e+06 4.18044e+06 3.80009e+06 3.22615e+06 2.59842e+06 1.7682e+06 1.20077e+06 651095 397038 335064 420808 559794 614802 845313 1.28826e+06 1.19416e+06 1.68543e+06 2.4217e+06
Ftot
 0.308876 0.227629 0.30737 0.0562561 0.0121865 0.128265 0.0801019 0.163975 0.191305 0.166124 0.37078 0.346901 0.540171 0.931725 0.815589 0.317898 0.227331 0.15184 0.129628 0.130432 0.0636368 0.0819214 0.0947231 0.0910837
BD_Bspro_t
 0.962654 0.822897 0.802365 0.71967 0.806952 0.888199 0.866144 0.86778 0.822475 0.782272 0.738109 0.594517 0.483973 0.371109 0.255169 0.277265 0.402819 0.57319 0.676171 0.750624 0.829954 0.881448 0.888228 0.892135
BD_Bspro
 0.678351 0.464199 0.611499 0.837493 0.809797 1.16334 1.75165 1.99172 1.63398 1.53387 1.32511 0.922607 0.57208 0.303976 0.156813 0.140443 0.172117 0.242296 0.301457 0.348842 0.519205 0.609999 0.78574 1.13557
BD_Bo
 0.602621 0.412377 0.543232 0.743997 0.719393 1.03346 1.5561 1.76937 1.45156 1.36263 1.17718 0.819609 0.508214 0.27004 0.139307 0.124764 0.152902 0.215246 0.267803 0.309898 0.461242 0.5419 0.698022 1.00879
BD_Brms
 2.14451 1.4675 1.93317 2.64761 2.56006 3.67773 5.5376 6.29655 5.16559 4.84912 4.18915 2.91669 1.80855 0.960976 0.495743 0.44399 0.544123 0.765983 0.953015 1.10281 1.64139 1.92843 2.48401 3.58993
S_f
 0.207762 1 1 1 1
 0.207762 1 1 1 1
 0.207762 1 1 1 1
 0.207762 1 1 1 1
 0.207762 1 1 1 1
 0.207762 1 1 1 1
 0.207762 1 1 1 1
 0.207762 1 1 1 1
 0.207762 1 1 1 1
 0.207762 1 1 1 1
 0.207762 1 1 1 1
 0.207762 1 1 1 1
 0.207762 1 1 1 1
 0.207762 1 1 1 1
 0.207762 1 1 1 1
 0.207762 1 1 1 1
 0.207762 1 1 1 1
 0.207762 1 1 1 1
 0.207762 1 1 1 1
 0.207762 1 1 1 1
 0.207762 1 1 1 1
 0.207762 1 1 1 1
 0.207762 1 1 1 1
 0.207762 1 1 1 1
Scru_reclas
 1 1 1 1 1
 1 1 1 1 1
 1 1 1 1 1
 1 1 1 1 1
 1 1 1 1 1
 1 1 1 1 1
 1 1 1 1 1
 1 1 1 1 1
 1 1 1 1 1
 1 1 1 1 1
 1 1 1 1 1
 1 1 1 1 1
 1 1 1 1 1
 1 1 1 1 1
 1 1 1 1 1
 1 1 1 1 1
 1 1 1 1 1
 1 1 1 1 1
 1 1 1 1 1
 1 1 1 1 1
 1 1 1 1 1
 1 1 1 1 1
 1 1 1 1 1
 1 1 1 1 1
Scru_pelaces
 1 1 1 1 1
 1 1 1 1 1
 1 1 1 1 1
 1 1 1 1 1
 1 1 1 1 1
 1 1 1 1 1
 1 1 1 1 1
 1 1 1 1 1
 1 1 1 1 1
 1 1 1 1 1
 1 1 1 1 1
 1 1 1 1 1
 1 1 1 1 1
 1 1 1 1 1
 1 1 1 1 1
 1 1 1 1 1
 1 1 1 1 1
 1 1 1 1 1
 1 1 1 1 1
 1 1 1 1 1
 1 1 1 1 1
 1 1 1 1 1
 1 1 1 1 1
 1 1 1 1 1
pf_obs 
 0.256992 0.487395 0.22802 0.0275931 0
 0.321318 0.546541 0.124235 0.00734118 0.000564706
 0.182869 0.594174 0.210203 0.0122559 0.00049798
 0.330522 0.361315 0.267642 0.0388342 0.00168674
 0.649043 0.306663 0.0425973 0.00169635 0
 0.582887 0.30429 0.105238 0.00758474 0
 0.465427 0.430635 0.0974691 0.00646863 0
 0.296916 0.608066 0.0921331 0.00288517 0
 0.311714 0.524322 0.152257 0.0117073 0
 0.15457 0.633149 0.183074 0.0267441 0.00246327
 0.131901 0.49318 0.331252 0.0422183 0.00144891
 0.196976 0.569456 0.194076 0.0375587 0.00193317
 0.518974 0.381816 0.0799577 0.0180837 0.00116848
 0.0928022 0.601141 0.25162 0.0475244 0.00691264
 0.122501 0.610282 0.24278 0.0234846 0.000952079
 0.383417 0.481906 0.127806 0.00687128 0
 0.0376549 0.599619 0.316969 0.0457579 0
 0.0361596 0.667082 0.258105 0.0386534 0
 0.158088 0.579412 0.248529 0.0139706 0
 0.0477256 0.309471 0.559284 0.082774 0.000745712
 0.0406174 0.521527 0.379366 0.0568643 0.0016247
 0.151134 0.462217 0.34131 0.0453401 0
 0.294876 0.26143 0.354403 0.0886775 0.000613685
 0.281977 0.475581 0.204845 0.0348837 0.00271318
pf_pred 
 0.384516 0.434461 0.161899 0.0191146 9.63404e-06
 0.320679 0.52699 0.107528 0.0400696 0.00473319
 0.184612 0.583587 0.179822 0.0366911 0.0152878
 0.270167 0.405877 0.231861 0.0714437 0.0206513
 0.311393 0.445008 0.135471 0.0773889 0.0307389
 0.183667 0.560295 0.165463 0.0503708 0.0402041
 0.25787 0.396442 0.237265 0.0700678 0.0383553
 0.200393 0.507048 0.156283 0.0935334 0.042742
 0.220399 0.440389 0.215102 0.0662989 0.0578112
 0.198339 0.478785 0.18239 0.0890855 0.0514009
 0.118402 0.495428 0.230637 0.0878595 0.0676741
 0.117119 0.382829 0.281012 0.13082 0.0882203
 0.187745 0.347513 0.201519 0.147923 0.115301
 0.177615 0.48373 0.144889 0.0840195 0.109746
 0.25091 0.463345 0.168077 0.050343 0.0673258
 0.337269 0.466132 0.121605 0.0441117 0.0308822
 0.236432 0.564202 0.140224 0.0365818 0.0225601
 0.241173 0.472604 0.211491 0.0525631 0.0221693
 0.246898 0.467553 0.177842 0.0795846 0.028122
 0.332309 0.417815 0.155132 0.0590072 0.0357365
 0.284977 0.513002 0.126417 0.0469378 0.0286663
 0.281235 0.477029 0.173436 0.0427392 0.0255603
 0.322216 0.448278 0.152319 0.0553792 0.0218085
 0.242655 0.53373 0.147896 0.050253 0.0254658
pobs_RECLAS
 0 0 0 0 0
 0 0 0 0 0
 0 0 0 0 0
 0 0 0 0 0
 0.835266 0.146461 0.0176864 0.000547809 3.91292e-05
 0.385257 0.428462 0.181853 0.0044286 0
 0.867414 0.0963971 0.0333333 0.00285562 0
 0.441836 0.489002 0.0689373 0.000224442 0
 0.779404 0.147425 0.0564933 0.0165055 0.000172143
 0.814271 0.122319 0.05973 0.00367925 0
 0.40263 0.566651 0.0304383 0.000280538 0
 0.475488 0.404961 0.113038 0.00651328 0
 0.955842 0.0263864 0.0167828 0.000988607 0
 0.975058 0.0227948 0.00214734 0 0
 0.738997 0.206755 0.0527124 0.00153531 0
 0.850938 0.134255 0.0134407 0.00136685 0
 0.542534 0.407297 0.0501686 0 0
 0.764087 0.199537 0.0359546 0.000420521 0
 0.470689 0.182191 0.310203 0.0369168 0
 0.84361 0.089868 0.0606195 0.00523954 0.000663233
 0.607945 0.314616 0.071237 0.00620181 0
 0.523733 0.453247 0.0230204 0 0
 0.530135 0.295979 0.169645 0.0042399 0
 0.562478 0.366248 0.0663022 0.0049721 0
ppred_RECLAS
 0.753762 0.173816 0.0647713 0.00764721 3.85431e-06
 0.69702 0.23504 0.0479578 0.0178712 0.00211102
 0.525899 0.339322 0.104556 0.0213337 0.00888896
 0.641133 0.199574 0.114008 0.0351296 0.0101545
 0.685316 0.203363 0.0619084 0.0353657 0.0140473
 0.521532 0.328399 0.0969809 0.0295233 0.0235644
 0.626729 0.199399 0.119338 0.0352421 0.0192917
 0.548864 0.286075 0.0881745 0.0527713 0.0241149
 0.578886 0.237883 0.11619 0.0358124 0.0312276
 0.545707 0.271323 0.103358 0.0504839 0.0291284
 0.397954 0.338329 0.157502 0.0599995 0.0462148
 0.394581 0.262518 0.192699 0.0897071 0.0604954
 0.535583 0.198695 0.115221 0.0845767 0.0659249
 0.528543 0.277313 0.0830619 0.0481667 0.0629154
 0.631867 0.227706 0.0825996 0.0247406 0.0330866
 0.713888 0.201237 0.0524988 0.0190438 0.0133324
 0.601432 0.294502 0.0731944 0.019095 0.0117759
 0.606578 0.245026 0.109649 0.0272518 0.0114939
 0.613662 0.239853 0.0912325 0.0408266 0.0144265
 0.706872 0.183428 0.0681056 0.0259052 0.015689
 0.65803 0.245351 0.0604609 0.0224487 0.0137101
 0.654082 0.229578 0.083469 0.020569 0.0123013
 0.696872 0.200485 0.0681221 0.0247675 0.0097535
 0.607706 0.276465 0.076608 0.0260303 0.0131909
pobs_PELACES
 0 0 0 0 0
 0 0 0 0 0
 0 0 0 0 0
 0 0 0 0 0
 0 0 0 0 0
 0 0 0 0 0
 0 0 0 0 0
 0 0 0 0 0
 0 0 0 0 0
 0 0 0 0 0
 0.450072 0.473896 0.0757376 0.000293798 0
 0 0 0 0 0
 0.463077 0.371075 0.160297 0.00555027 0
 0.529543 0.364841 0.0842815 0.0213345 0
 0.631943 0.363953 0.00410389 0 0
 0.735681 0.248677 0.0153453 0.000297389 0
 0.695825 0.281241 0.0229344 0 0
 0.275771 0.60734 0.115278 0.00161068 0
 0 0 0 0 0
 0.896147 0.0623911 0.0374545 0.00400742 0
 0.803859 0.145111 0.0509908 3.86294e-05 0
 0.739449 0.233085 0.0266225 0.000797448 4.60066e-05
 0.878498 0.100942 0.0204185 0.000141795 0
 0.694673 0.275183 0.0284847 0.00165964 0
ppred_PELACES
 0.768441 0.163454 0.0609101 0.00719133 3.62454e-06
 0.709438 0.225406 0.0459921 0.0171387 0.0020245
 0.545882 0.32502 0.100149 0.0204345 0.00851429
 0.64451 0.197696 0.112936 0.0347991 0.0100589
 0.686002 0.202919 0.0617734 0.0352885 0.0140166
 0.529893 0.32266 0.0952862 0.0290074 0.0231526
 0.631615 0.196789 0.117776 0.0347808 0.0190391
 0.559455 0.279359 0.0861045 0.0515324 0.0235488
 0.591028 0.231024 0.11284 0.0347798 0.0303272
 0.556451 0.264906 0.100914 0.0492899 0.0284395
 0.421392 0.325158 0.151371 0.0576637 0.0444156
 0.41644 0.253039 0.185741 0.0864681 0.0583112
 0.570476 0.183766 0.106564 0.0782222 0.0609717
 0.588528 0.242029 0.0724937 0.0420383 0.0549105
 0.679932 0.197976 0.0718149 0.0215103 0.0287666
 0.730558 0.189512 0.0494401 0.0179342 0.0125556
 0.61559 0.284042 0.0705945 0.0184167 0.0113576
 0.616011 0.239152 0.107021 0.0265985 0.0112183
 0.621665 0.234884 0.0893426 0.0399809 0.0141276
 0.713887 0.179038 0.0664756 0.0252852 0.0153135
 0.661764 0.242672 0.0598007 0.0222036 0.0135604
 0.658912 0.226373 0.0823036 0.0202818 0.0121296
 0.702077 0.197042 0.0669523 0.0243422 0.00958601
 0.613368 0.272474 0.0755023 0.0256546 0.0130005
pobs_pel_tallas
 0 0 0 0 0 0 0 0 0 0 0 0 0 0 0 0 0 0 0 0 0 0 0 0 0 0 0 0 0 0 0 0 0 0 0 0
 0 0 0 0 0 0 0 0 0 0 0 0 0 0 0 0 0 0 0 0 0 0 0 0 0 0 0 0 0 0 0 0 0 0 0 0
 0 0 0 0 0 0 0 0 0 0 0 0 0 0 0 0 0 0 0 0 0 0 0 0 0 0 0 0 0 0 0 0 0 0 0 0
 0 0 0 0 0 0 0 0 0 0 0 0 0 0 0 0 0 0 0 0 0 0 0 0 0 0 0 0 0 0 0 0 0 0 0 0
 0 0 0 0 0 0 0 0 0 0 0 0 0 0 0 0 0 0 0 0 0 0 0 0 0 0 0 0 0 0 0 0 0 0 0 0
 0 0 0 0 0 0 0 0 0 0 0 0 0 0 0 0 0 0 0 0 0 0 0 0 0 0 0 0 0 0 0 0 0 0 0 0
 0 0 0 0 0 0 0 0 0 0 0 0 0 0 0 0 0 0 0 0 0 0 0 0 0 0 0 0 0 0 0 0 0 0 0 0
 0 0 0 0 0 0 0 0 0 0 0 0 0 0 0 0 0 0 0 0 0 0 0 0 0 0 0 0 0 0 0 0 0 0 0 0
 0 0 0 0 0 0 0 0 0 0 0 0 0 0 0 0 0 0 0 0 0 0 0 0 0 0 0 0 0 0 0 0 0 0 0 0
 0 0 0 0 0 0 0 0 0 0 0 0 0 0 0 0 0 0 0 0 0 0 0 0 0 0 0 0 0 0 0 0 0 0 0 0
 0 0 0 0 0 0 0 0 1.78061e-05 0.00172719 0.00360574 0.0105946 0.0120993 0.0124554 0.0147524 0.0171206 0.0266825 0.0428682 0.0675386 0.121331 0.153587 0.119568 0.100827 0.0573624 0.0630603 0.0341343 0.0324427 0.0444173 0.0211091 0.0280891 0.0125444 0.00206551 0 0 0 0
 0 0 0 0 0 0 0 0 0 0 0 0 0 0 0 0 0 0 0 0 0 0 0 0 0 0 0 0 0 0 0 0 0 0 0 0
 0 0 0 0 0 0 0.0133647 0.0140871 0.0187388 0.0205184 0.03894 0.0496705 0.03968 0.0493445 0.0407372 0.0367815 0.0215668 0.0243155 0.0234873 0.0199281 0.019796 0.0243948 0.0301388 0.0376714 0.0412746 0.0863199 0.0771752 0.113111 0.0741005 0.0525337 0.0229764 0.00759418 0.00175318 0 0 0
 0 0 0 0 0 0 0 0 0 0 0.00219441 0.00772107 0.0458388 0.0604681 0.0671733 0.0775358 0.0609151 0.0617685 0.073594 0.0568108 0.0755445 0.0548602 0.0670107 0.0636378 0.0643287 0.046367 0.0373049 0.0286899 0.0247887 0.0153202 0.00654259 0.00121912 0.000365735 0 0 0
 0 0 0 0 0 0 0 0 0 0 0 0 0.000112435 0.00938835 0.0111873 0.0202946 0.0414886 0.0713402 0.111592 0.104902 0.108894 0.110636 0.117776 0.105296 0.107544 0.0401394 0.0192827 0.0124803 0.00416011 0.0028671 0.000618394 0 0 0 0 0
 0 0 0 0 0 0 0 0 0 0 0.00291406 0.0102884 0.027416 0.0768956 0.0749926 0.110853 0.0956884 0.0897413 0.0766577 0.0534642 0.0500743 0.0551293 0.0594112 0.0620874 0.0668451 0.0424026 0.0208742 0.0120726 0.0048766 0.00582813 0.00118941 0.000297354 0 0 0 0
 0 0.00264628 0.0354308 0.0461629 0.0458689 0.0383711 0.0214643 0.0164657 0.0346957 0.0420465 0.0363128 0.0245516 0.0311673 0.0291091 0.0169068 0.0133784 0.00837989 0.0085269 0.0148486 0.0160247 0.0276389 0.0546898 0.0760071 0.122758 0.109233 0.0665981 0.0333725 0.0166128 0.00676272 0.00308733 0.000882094 0 0 0 0 0
 0 0 0 0 0 0 0 0.000805153 0.000690131 0.00759144 0.0133425 0.0154129 0.00931677 0.000345066 0.00356568 0.00563607 0.00851162 0.0253048 0.0502646 0.0516448 0.0657925 0.0565908 0.0611916 0.0827007 0.0866115 0.110766 0.145733 0.0935128 0.0569358 0.0249597 0.0138026 0.00621118 0.00161031 0.00115022 0 0
 0 0 0 0 0 0 0 0 0 0 0 0 0 0 0 0 0 0 0 0 0 0 0 0 0 0 0 0 0 0 0 0 0 0 0 0
 0.00147267 0.00158595 0.00478618 0.00569244 0.00954404 0.0108468 0.00647125 0.017049 0.0510054 0.094081 0.124002 0.0959785 0.0687766 0.0820023 0.061753 0.0591476 0.0492212 0.0479892 0.0443925 0.0268479 0.0217502 0.0140895 0.0121071 0.0120363 0.00920419 0.00665534 0.0049561 0.00860946 0.00930331 0.0156896 0.0114698 0.00855282 0.00243557 0.00046729 0 2.83206e-05
 0 0 0 0 0.000772559 0.00158375 0.000888443 0.00281984 0.00712685 0.0440552 0.0773331 0.111326 0.0921469 0.0852325 0.0710754 0.0886704 0.0786465 0.0553345 0.0373146 0.0185414 0.00753245 0.00457741 0.012979 0.0271748 0.0457355 0.0583668 0.034881 0.0177882 0.00938659 0.00492506 0.0015258 0.00185414 0.000309023 5.79419e-05 3.86279e-05 0
 0 0.00173294 0.00326652 0 0.00397197 0.00683976 0.00946217 0.0152591 0.00757587 0.0136028 0.0228656 0.0392903 0.0559909 0.0764795 0.0681675 0.0726916 0.0566044 0.0477403 0.0527397 0.0444891 0.0609904 0.0582453 0.0661739 0.0445044 0.0529084 0.0360697 0.0280645 0.0235558 0.0158879 0.00826598 0.00280645 0.00217768 0.000904811 0.00058276 9.20147e-05 0
 0 0 0 0 0 0 0 0 0 0 0 0 0 0 0 0 0 0 0 0 0 0 0 0 0 0 0 0 0 0 0 0 0 0 0 0
 0 0 0 0 0 0 0 0 0 0 0 0 0 0 0 0 0 0 0 0 0 0 0 0 0 0 0 0 0 0 0 0 0 0 0 0
ppred_pel_tallas
 1.01166e-16 3.3527e-05 0.000196779 0.000935404 0.00360137 0.0112305 0.0283674 0.0580434 0.096213 0.12921 0.140603 0.124015 0.0887579 0.0517673 0.0250633 0.0109384 0.00572872 0.00512201 0.00647501 0.00862454 0.01109 0.013576 0.0158078 0.0175288 0.018544 0.0187611 0.0182076 0.0170145 0.0153781 0.0135103 0.0115956 0.00976662 0.00809915 0.0066227 0.00533797 0.00423278
 1.0141e-16 3.09567e-05 0.000181683 0.000863625 0.00332498 0.0103686 0.0261904 0.0535895 0.0888323 0.119305 0.129842 0.114565 0.0820853 0.0480587 0.0236097 0.0108868 0.00653812 0.00660276 0.00863887 0.011539 0.0147891 0.0180145 0.0208438 0.0229309 0.0240217 0.0240107 0.0229624 0.0210867 0.0186805 0.0160548 0.0134721 0.0111102 0.00905669 0.00732616 0.00588887 0.00469783
 1.02628e-16 2.38291e-05 0.000139828 0.000664621 0.00255873 0.00797906 0.0201547 0.0412408 0.0683674 0.0918342 0.099983 0.0883093 0.0634702 0.0375577 0.0191929 0.0101022 0.00778025 0.00923516 0.0126024 0.0169799 0.0218462 0.0267162 0.0310654 0.0343909 0.0363141 0.0366629 0.0355038 0.0331094 0.0298784 0.0262352 0.0225436 0.0190575 0.0159125 0.0131498 0.0107533 0.00868479
 1.03334e-16 2.81245e-05 0.000165058 0.000784593 0.00302069 0.00941971 0.0237935 0.0486851 0.0807027 0.108387 0.117961 0.104083 0.0745798 0.0436745 0.0214771 0.00994527 0.00604356 0.00618805 0.00818065 0.0110408 0.0143303 0.0177355 0.020938 0.0236263 0.0255504 0.0265695 0.0266731 0.0259661 0.024627 0.0228564 0.0208334 0.0186918 0.0165189 0.0143679 0.0122763 0.0102791
 1.02811e-16 2.99339e-05 0.000175681 0.000835092 0.00321512 0.010026 0.025325 0.0518188 0.0858968 0.115361 0.125548 0.11077 0.0793526 0.0464321 0.022762 0.0104167 0.00615381 0.00614575 0.00804007 0.0107825 0.0139007 0.0170625 0.0199396 0.0222213 0.0236716 0.0241789 0.0237748 0.0226137 0.0209237 0.0189456 0.0168823 0.0148705 0.0129796 0.0112284 0.00960949 0.00811065
 1.03537e-16 2.31317e-05 0.000135735 0.00064516 0.0024838 0.00774539 0.0195645 0.0400332 0.0663656 0.0891461 0.0970584 0.0857308 0.0616272 0.0364877 0.0186844 0.00989703 0.00769838 0.0091884 0.01256 0.0169384 0.0218148 0.0267136 0.0311188 0.0345352 0.0365896 0.037111 0.0361621 0.0340062 0.0310275 0.0276322 0.0241646 0.0208597 0.0178379 0.0151304 0.0127177 0.0105652
 1.03821e-16 2.75622e-05 0.000161757 0.000768899 0.00296027 0.00923128 0.0233175 0.0477112 0.0790885 0.106219 0.115603 0.102005 0.0730963 0.042817 0.0210766 0.00979628 0.00600425 0.00619151 0.00820685 0.0110914 0.0144164 0.0178735 0.0211481 0.0239308 0.0259713 0.0271257 0.0273772 0.0268214 0.0256261 0.0239805 0.0220532 0.0199703 0.0178147 0.0156392 0.0134846 0.0113924
 1.04185e-16 2.44189e-05 0.000143296 0.000681116 0.00262225 0.00817717 0.0206551 0.0422642 0.0700624 0.0941063 0.102444 0.0904534 0.0649464 0.0383011 0.0193334 0.0097902 0.00708271 0.00813179 0.0110304 0.0148828 0.019211 0.0235999 0.0276065 0.0308047 0.0328698 0.0336467 0.033176 0.0316658 0.0294245 0.0267774 0.0239976 0.0212683 0.0186812 0.0162609 0.013998 0.011879
 1.0429e-16 2.57938e-05 0.000151372 0.000719519 0.00277013 0.00863833 0.0218198 0.0446471 0.0740107 0.099404 0.108197 0.0954973 0.0684917 0.0402385 0.0200284 0.00968054 0.00643498 0.00702333 0.00943452 0.0127535 0.016538 0.0204384 0.024088 0.0271285 0.0292765 0.0303791 0.0304373 0.0295862 0.028044 0.0260494 0.023809 0.0214696 0.0191176 0.0167964 0.0145308 0.0123451
 1.04542e-16 2.42874e-05 0.000142525 0.000677453 0.00260815 0.00813321 0.020544 0.0420369 0.0696852 0.0935986 0.101889 0.089957 0.0645767 0.0380564 0.0191613 0.00962469 0.00686882 0.00783061 0.0106173 0.0143478 0.0185634 0.0228718 0.0268545 0.0301055 0.0323101 0.0333088 0.0331233 0.0319312 0.0300043 0.0276329 0.0250629 0.0224625 0.0199212 0.0174717 0.0151211 0.012875
 1.06312e-16 1.84007e-05 0.000107959 0.000513111 0.00197538 0.0061599 0.0155597 0.0318391 0.0527842 0.07091 0.077223 0.0682563 0.049166 0.0293122 0.0153855 0.00876275 0.00755794 0.00950496 0.0131917 0.017921 0.0232532 0.0287402 0.0338754 0.0381583 0.0411928 0.0427666 0.0428834 0.0417341 0.0396251 0.0368892 0.0338117 0.0305926 0.0273461 0.0241267 0.0209644 0.0178913
 1.08415e-16 1.81819e-05 0.000106681 0.000507049 0.00195206 0.00608721 0.015376 0.0314627 0.0521584 0.0700638 0.076287 0.0673947 0.0484709 0.0287491 0.0148201 0.00802106 0.00646839 0.00791544 0.0109824 0.0150281 0.0197001 0.0246654 0.0295429 0.0339406 0.0375257 0.0400827 0.0415394 0.0419501 0.0414505 0.0402017 0.0383467 0.0359929 0.0332189 0.0300958 0.0267088 0.0231684
 1.0711e-16 2.48956e-05 0.000146103 0.000694482 0.00267375 0.00833779 0.0210606 0.0430934 0.0714341 0.0959401 0.104418 0.0921427 0.066043 0.0387145 0.0191125 0.00897987 0.00564206 0.00594153 0.00794853 0.0108108 0.0141544 0.0177121 0.0212081 0.0243661 0.0269561 0.028835 0.0299628 0.0303876 0.0302099 0.0295401 0.0284663 0.027043 0.0252998 0.0232603 0.0209638 0.018476
 1.05119e-16 2.56851e-05 0.000150733 0.00071648 0.00275843 0.00860184 0.0217277 0.0444586 0.0736985 0.0989854 0.107743 0.095102 0.0682189 0.0400995 0.0199981 0.00972855 0.00654444 0.00719037 0.00965911 0.01303 0.016849 0.020752 0.0243598 0.0273088 0.029321 0.0302616 0.0301608 0.0291876 0.0275923 0.0256348 0.0235268 0.0214026 0.0193202 0.0172862 0.0152864 0.0133128
 1.03168e-16 2.9669e-05 0.000174126 0.000827702 0.00318667 0.00993732 0.0251009 0.0513602 0.0851366 0.11434 0.124436 0.109788 0.0786467 0.0460145 0.022549 0.010306 0.00607182 0.00605387 0.00792279 0.0106376 0.0137356 0.0168938 0.0197929 0.022129 0.0236687 0.0242975 0.0240386 0.0230334 0.0214947 0.0196488 0.0176871 0.0157396 0.0138739 0.0121113 0.0104502 0.00888588
 1.01967e-16 3.18761e-05 0.000187085 0.000889311 0.00342389 0.0106771 0.0269694 0.0551832 0.091473 0.122848 0.133688 0.117935 0.0844485 0.0493392 0.0240472 0.0107671 0.00603072 0.0057487 0.00740916 0.00989315 0.0127145 0.0155487 0.0180845 0.0200309 0.0211708 0.0214078 0.0207836 0.0194587 0.0176643 0.0156436 0.0136015 0.0116765 0.00993739 0.00839861 0.00704361 0.00584636
 1.02259e-16 2.68669e-05 0.000157667 0.000749436 0.0028853 0.00899748 0.0227271 0.0465038 0.0770896 0.103542 0.112709 0.0995003 0.0714057 0.0420364 0.0210809 0.0104456 0.00726437 0.00813205 0.0109372 0.0146889 0.0188669 0.0230312 0.0267211 0.0295001 0.0310441 0.0312124 0.0300756 0.027885 0.0250009 0.0218026 0.0186111 0.0156455 0.0130161 0.0107464 0.00880786 0.00715282
 1.03036e-16 2.68835e-05 0.000157769 0.000749928 0.00288721 0.00900344 0.0227421 0.0465341 0.0771387 0.103605 0.112768 0.0995293 0.0713777 0.041922 0.0208435 0.0100347 0.00661446 0.00717068 0.00960061 0.0129433 0.0167309 0.0205929 0.0241434 0.0270088 0.028898 0.0296615 0.0293164 0.0280249 0.0260404 0.0236391 0.0210625 0.0184845 0.016008 0.0136811 0.0115215 0.00953735
 1.03379e-16 2.71298e-05 0.000159215 0.000756806 0.00291369 0.00908603 0.0229507 0.046961 0.077846 0.104554 0.113799 0.100435 0.0720178 0.0422787 0.0209847 0.0100419 0.00653891 0.00702863 0.00938743 0.0126469 0.0163402 0.0201029 0.0235585 0.0263444 0.0281807 0.0289276 0.0286083 0.0273871 0.0255145 0.0232591 0.0208511 0.0184502 0.0161444 0.0139678 0.0119268 0.0100225
 1.02587e-16 3.11488e-05 0.000182816 0.000869017 0.00334575 0.0104334 0.026354 0.0539239 0.0893854 0.120044 0.130636 0.11524 0.0825154 0.0482023 0.0234797 0.0104921 0.00585138 0.00556441 0.00718245 0.0096213 0.012418 0.0152694 0.0178837 0.0199843 0.0213589 0.0219024 0.0216348 0.0206839 0.0192429 0.0175187 0.0156876 0.0138717 0.0121366 0.0105062 0.00898266 0.00756363
 1.02325e-16 2.88786e-05 0.000169481 0.000805612 0.0031016 0.00967203 0.0244309 0.0499895 0.082866 0.111295 0.121133 0.106901 0.0766376 0.0449574 0.0222511 0.0105393 0.00671298 0.00709136 0.00940257 0.0126063 0.0162 0.0197955 0.0229987 0.0254377 0.0268359 0.0270722 0.0262037 0.0244405 0.0220838 0.0194498 0.0168049 0.0143291 0.0121112 0.0101686 0.00847715 0.00699964
 1.02506e-16 2.87536e-05 0.000168749 0.000802134 0.00308822 0.00963029 0.0243254 0.0497737 0.0825078 0.110813 0.120605 0.106428 0.0762832 0.0447187 0.0220764 0.0103639 0.00648188 0.00676536 0.00895712 0.0120331 0.0155118 0.0190309 0.0222224 0.0247352 0.026301 0.0267907 0.0262371 0.0248129 0.0227768 0.0204062 0.0179399 0.0155455 0.013315 0.0112819 0.00944599 0.00779592
 1.023e-16 3.06346e-05 0.000179795 0.000854653 0.00329044 0.0102609 0.0259183 0.0530326 0.0879086 0.118062 0.128484 0.113354 0.0811904 0.0474798 0.0232237 0.0105404 0.00610596 0.00599908 0.00781067 0.0104644 0.0134842 0.0165419 0.0193156 0.0215005 0.0228647 0.0232977 0.0228292 0.0216104 0.0198663 0.0178369 0.0157274 0.0136801 0.0117714 0.010027 0.00844404 0.00701144
 1.0265e-16 2.67695e-05 0.000157097 0.000746727 0.00287487 0.00896497 0.0226449 0.0463356 0.0768105 0.103167 0.112298 0.0991321 0.0711301 0.0418514 0.0209462 0.0103106 0.00708589 0.0078783 0.0105867 0.0142314 0.0183072 0.022393 0.0260485 0.0288551 0.0304988 0.0308384 0.029932 0.0280083 0.0253991 0.0224548 0.0194724 0.016655 0.014106 0.0118511 0.00987072 0.00813034
pSPR Fmed_Fpbrs
0.753736   0.331006 0.331006
Fs Fmed_Fpbrs
0.170207   1.005 1.005
SSBpbr Bo_Bmed_Bpbrs
1.56342e+06  1.10023e+06  439330 439330
Ro
67507.9
SPR SPRFo_SPRFmed_SPRFpbrs
1.38888e+06 1.04685e+06 459728
log_Ro
10.94
likeval ReclasPelacesDesembMPH_pf_preclas_ppelaces_ptallas_desvR_qrecl_qpela
 62.9578 23.6277 0.0341148 0.000209589 291.457 175.335 81.6556 0 16.4779 0.000111222 0 0 0 0 0
q_reclas_q_pelaces
0.224375 1
M
0.7
N
 76725.3 19995.4 7451.16 879.72 0.443392
 96829.3 35732.4 7290.89 2716.91 320.932
 62932.4 45862.9 14131.8 2883.48 1201.44
 92108.5 29318 16748.1 5160.64 1491.72
 151614 45208.3 13762.5 7861.92 3122.75
 113357 75099.1 22177.8 6751.46 5388.75
 166896 54811.2 32803.8 9687.42 5302.93
 146551 81510.3 25123.2 15035.9 6870.97
 158674 70337.4 34355.2 10589 9233.39
 142604 75724.7 28846.8 14089.8 8129.57
 69477.5 68412.6 31848.2 12132.3 9344.98
 41848.7 31943.5 23447.8 10915.7 7361.16
 42081.3 19336.4 11212.9 8230.75 6415.61
 24613.1 18678.5 5594.68 3244.29 4237.7
 20231.8 10071.4 3653.37 1094.27 1463.42
 26526 8480.82 2212.48 802.569 561.871
 23012.9 12330.5 3064.57 799.488 493.045
 25410 10900.7 4878.05 1212.37 511.337
 29715.5 12226.4 4650.54 2081.12 735.384
 52567.3 14364.2 5333.3 2028.62 1228.59
 66443.3 25406.3 6260.77 2324.58 1419.69
 89807.2 32561.4 11838.5 2917.32 1744.71
 146787 43844.3 14897.7 5416.43 2133
 151537 71471.9 19804.8 6729.38 3410.13
pred_Ctot
 3442.46 3889.6 1449.44 171.127 0.0862507
 3225.43 5300.53 1081.53 403.025 47.607
 2810.22 8883.53 2737.3 558.522 232.715
 770.233 1157.14 661.024 203.683 58.876
 275.759 394.084 119.968 68.5329 27.2213
 2147.07 6549.83 1934.26 588.834 469.985
 1982.86 3048.4 1824.43 538.779 294.929
 3537.03 8949.61 2758.46 1650.9 754.414
 4456.78 8905.31 4349.66 1340.66 1169.03
 3486.2 8415.58 3205.86 1565.85 903.471
 3721.07 15570 7248.31 2761.19 2126.82
 2101.52 6869.28 5042.33 2347.36 1582.98
 3233.61 5985.35 3470.84 2547.74 1985.88
 3150.2 8579.46 2569.76 1490.17 1946.47
 2290.17 4229.16 1534.11 459.504 614.514
 1223.91 1691.54 441.289 160.076 112.068
 765.586 1826.94 454.059 118.455 73.0515
 568.519 1114.08 498.55 123.908 52.26
 568.744 1077.03 409.67 183.328 64.7807
 1012.29 1272.76 472.566 179.749 108.862
 628.086 1130.65 278.623 103.45 63.1804
 1091.04 1850.62 672.838 165.805 99.16
 2059.52 2865.28 973.582 353.97 139.394
 2045.16 4498.42 1246.51 423.546 214.633
F
 0.0641729 0.308876 0.308876 0.308876 0.308876
 0.0472928 0.227629 0.227629 0.227629 0.227629
 0.0638599 0.30737 0.30737 0.30737 0.30737
 0.0116879 0.0562561 0.0562561 0.0562561 0.0562561
 0.0025319 0.0121865 0.0121865 0.0121865 0.0121865
 0.0266486 0.128265 0.128265 0.128265 0.128265
 0.0166422 0.0801019 0.0801019 0.0801019 0.0801019
 0.0340678 0.163975 0.163975 0.163975 0.163975
 0.0397459 0.191305 0.191305 0.191305 0.191305
 0.0345143 0.166124 0.166124 0.166124 0.166124
 0.0770341 0.37078 0.37078 0.37078 0.37078
 0.0720729 0.346901 0.346901 0.346901 0.346901
 0.112227 0.540171 0.540171 0.540171 0.540171
 0.193577 0.931725 0.931725 0.931725 0.931725
 0.169449 0.815589 0.815589 0.815589 0.815589
 0.0660473 0.317898 0.317898 0.317898 0.317898
 0.0472308 0.227331 0.227331 0.227331 0.227331
 0.0315465 0.15184 0.15184 0.15184 0.15184
 0.0269318 0.129628 0.129628 0.129628 0.129628
 0.0270989 0.130432 0.130432 0.130432 0.130432
 0.0132213 0.0636368 0.0636368 0.0636368 0.0636368
 0.0170202 0.0819214 0.0819214 0.0819214 0.0819214
 0.0196799 0.0947231 0.0947231 0.0947231 0.0947231
 0.0189238 0.0910837 0.0910837 0.0910837 0.0910837
nmprior
 10 10 8 0
nm_flota  nm_reclas  nm_pelaces    nm_pelaL
inf 12.8439 19.8938 36.1795
cv_recla  cv_pelaces  cv_mph
0.7346 0.571973 0.469702
 ------------------------------------------------
Talla a la edad & desviación 
 7.2 14.2025 17.0495 18.207 18.6776
 1.08 2.13037 2.55742 2.73105 2.80164
