years
 1997 1998 1999 2000 2001 2002 2003 2004 2005 2006 2007 2008 2009 2010 2011 2012 2013 2014 2015 2016 2017 2018 2019 2020
reclasobs
 0 0 0 370054 412103 1.49427e+06 250295 1.28982e+06 931140 785840 897777 1.04006e+06 184774 17550 25797 100020 73551 82996 120727 218422 84188 347160 605670 569463
reclaspred
 2.7138e+06 334694 431148 109594 236979 237896 438503 470967 522129 1.1142e+06 1.03857e+06 642651 387156 169675 100674 95075.5 104801 120377 94134.8 166957 317379 296264 424812 276603
pelacesobs
 0 0 0 0 0 0 0 0 0 2.06254e+06 1.5e+06 0 1.87456e+06 323000 250000 174000 83755 137374 0 501740 490994 745055 786931 1.00524e+06
pelacespred
 1.42252e+06 566842 155430 94447.2 200629 125153 384355 397852 417547 976176 701943 420824 300507 100722 62905.7 62508.3 70872.4 81789 61025.4 122782 251928 218245 241820 177138
mphobs
 0 0 0 0 0 112323 0 153150 637223 0 255016 313432 73983 77613 109348 50772 0 0 0 0 0 0 0 0
mphpred
 1.00983e+06 434391 175570 79822.2 40951.6 128112 115707 157331 207248 253905 544661 359333 179861 111258 46404.4 36791.1 40167.4 46963.2 46730.1 40525.3 99833.9 135111 154600 156027
desembarqueobs
 350755 77701 442110 56441 14545 235359 269955 359681 431902 328805 639364 411747 362871 311530 167758 66681 60226 58785 57116 71774 51957 67425 138520 160799
desembarquepred
 350746 77685 441633 56419.8 14543.3 235144 269794 359000 431399 328515 638553 411289 362110 310913 167362 66620 60193.2 58733 57056.6 71685.4 51941.5 67380.5 138412 160673
Reclutas
 2077.97 3186.68 438.321 2324.28 56858.2 9357.1 46383.1 85657.1 67156.2 242615 41272.9 14675.7 60498.1 22100.4 14709.2 14298.9 9523.34 8739.42 5430.27 28942 30958.4 32770.5 33950 4407.08
log_desv_Rt
 -2.04085 -1.61327 -3.59705 -1.92883 1.26832 -0.53611 1.06469 1.67811 1.43478 2.71923 0.947962 -0.0860506 1.33037 0.32335 -0.0837702 -0.112059 -0.518499 -0.604401 -1.08026 0.593049 0.6604 0.717285 0.752645 -1.28903
SSB
 2.38154e+06 1.02444e+06 414055 188248 96578 302131 272876 371040 488762 598795 1.2845e+06 847431 424174 262385 109438 86766 94728.4 110755 110206 95572.4 235443 318639 364600 367965
BT
 2.7646e+06 1.18632e+06 531311 237655 372072 406981 893656 1.08479e+06 1.13575e+06 2.04905e+06 1.80684e+06 1.12037e+06 900834 475145 250475 166521 176327 194080 159641 279569 491593 454958 531698 462693
Ftot
 0.121134 0.193015 0.799979 0.43989 0.164033 1.01229 1.04835 1.67799 1.32058 0.7207 0.666246 0.569625 1.23017 2.07148 2.28628 0.999522 0.783575 0.61183 0.654832 0.876558 0.246473 0.271402 0.360157 0.539175
BD_Bspro_t
 0.98373 0.877432 0.664877 0.325584 0.347842 0.67994 0.455396 0.480535 0.49269 0.496133 0.64259 0.464368 0.309296 0.250128 0.140393 0.138549 0.196086 0.290291 0.341117 0.366282 0.611393 0.729054 0.720393 0.651845
BD_Bspro
 7.2373 3.1132 1.25828 0.57207 0.293493 0.918152 0.829249 1.12756 1.48531 1.81969 3.90348 2.57527 1.28903 0.797368 0.332572 0.263675 0.287872 0.336577 0.334906 0.290437 0.715491 0.968318 1.10799 1.11822
BD_Bo
 2.3879 1.02718 0.415161 0.188751 0.0968361 0.302939 0.273606 0.372032 0.490068 0.600395 1.28793 0.849696 0.425307 0.263087 0.10973 0.0869979 0.0949816 0.111051 0.1105 0.0958279 0.236072 0.319491 0.365575 0.368949
BD_Brms
 6.8907 2.9641 1.19802 0.544673 0.279437 0.874182 0.789536 1.07356 1.41417 1.73254 3.71654 2.45194 1.2273 0.759181 0.316645 0.251047 0.274086 0.320458 0.318867 0.276528 0.681225 0.921945 1.05493 1.06466
S_f
 0.116492 0.749691 0.985514 0.999353 0.999972
 0.116492 0.749691 0.985514 0.999353 0.999972
 0.116492 0.749691 0.985514 0.999353 0.999972
 0.116492 0.749691 0.985514 0.999353 0.999972
 0.116492 0.749691 0.985514 0.999353 0.999972
 0.116492 0.749691 0.985514 0.999353 0.999972
 0.116492 0.749691 0.985514 0.999353 0.999972
 0.116492 0.749691 0.985514 0.999353 0.999972
 0.116492 0.749691 0.985514 0.999353 0.999972
 0.116492 0.749691 0.985514 0.999353 0.999972
 0.116492 0.749691 0.985514 0.999353 0.999972
 0.116492 0.749691 0.985514 0.999353 0.999972
 0.116492 0.749691 0.985514 0.999353 0.999972
 0.116492 0.749691 0.985514 0.999353 0.999972
 0.116492 0.749691 0.985514 0.999353 0.999972
 0.116492 0.749691 0.985514 0.999353 0.999972
 0.116492 0.749691 0.985514 0.999353 0.999972
 0.116492 0.749691 0.985514 0.999353 0.999972
 0.116492 0.749691 0.985514 0.999353 0.999972
 0.116492 0.749691 0.985514 0.999353 0.999972
 0.116492 0.749691 0.985514 0.999353 0.999972
 0.116492 0.749691 0.985514 0.999353 0.999972
 0.116492 0.749691 0.985514 0.999353 0.999972
 0.116492 0.749691 0.985514 0.999353 0.999972
Scru_reclas
 0.713764 0.926196 0.984413 0.996864 0.999375
 0.713764 0.926196 0.984413 0.996864 0.999375
 0.713764 0.926196 0.984413 0.996864 0.999375
 0.713764 0.926196 0.984413 0.996864 0.999375
 0.713764 0.926196 0.984413 0.996864 0.999375
 0.713764 0.926196 0.984413 0.996864 0.999375
 0.713764 0.926196 0.984413 0.996864 0.999375
 0.713764 0.926196 0.984413 0.996864 0.999375
 0.713764 0.926196 0.984413 0.996864 0.999375
 0.713764 0.926196 0.984413 0.996864 0.999375
 0.713764 0.926196 0.984413 0.996864 0.999375
 0.713764 0.926196 0.984413 0.996864 0.999375
 0.713764 0.926196 0.984413 0.996864 0.999375
 0.713764 0.926196 0.984413 0.996864 0.999375
 0.713764 0.926196 0.984413 0.996864 0.999375
 0.713764 0.926196 0.984413 0.996864 0.999375
 0.713764 0.926196 0.984413 0.996864 0.999375
 0.713764 0.926196 0.984413 0.996864 0.999375
 0.713764 0.926196 0.984413 0.996864 0.999375
 0.713764 0.926196 0.984413 0.996864 0.999375
 0.713764 0.926196 0.984413 0.996864 0.999375
 0.713764 0.926196 0.984413 0.996864 0.999375
 0.713764 0.926196 0.984413 0.996864 0.999375
 0.713764 0.926196 0.984413 0.996864 0.999375
Scru_pelaces
 1 1 1 1 1
 1 1 1 1 1
 1 1 1 1 1
 1 1 1 1 1
 1 1 1 1 1
 1 1 1 1 1
 1 1 1 1 1
 1 1 1 1 1
 1 1 1 1 1
 1 1 1 1 1
 1 1 1 1 1
 1 1 1 1 1
 1 1 1 1 1
 1 1 1 1 1
 1 1 1 1 1
 1 1 1 1 1
 1 1 1 1 1
 1 1 1 1 1
 1 1 1 1 1
 1 1 1 1 1
 1 1 1 1 1
 1 1 1 1 1
 1 1 1 1 1
 1 1 1 1 1
pf_obs 
 0.256992 0.487395 0.22802 0.0275931 0
 0.321318 0.546541 0.124235 0.00734118 0.000564706
 0.182869 0.594174 0.210203 0.0122559 0.00049798
 0.330522 0.361315 0.267642 0.0388342 0.00168674
 0.649043 0.306663 0.0425973 0.00169635 0
 0.582887 0.30429 0.105238 0.00758474 0
 0.465427 0.430635 0.0974691 0.00646863 0
 0.296916 0.608066 0.0921331 0.00288517 0
 0.311714 0.524322 0.152257 0.0117073 0
 0.15457 0.633149 0.183074 0.0267441 0.00246327
 0.131901 0.49318 0.331252 0.0422183 0.00144891
 0.196976 0.569456 0.194076 0.0375587 0.00193317
 0.518974 0.381816 0.0799577 0.0180837 0.00116848
 0.0928022 0.601141 0.25162 0.0475244 0.00691264
 0.122501 0.610282 0.24278 0.0234846 0.000952079
 0.383417 0.481906 0.127806 0.00687128 0
 0.0376549 0.599619 0.316969 0.0457579 0
 0.0361596 0.667082 0.258105 0.0386534 0
 0.158088 0.579412 0.248529 0.0139706 0
 0.0477256 0.309471 0.559284 0.082774 0.000745712
 0.0406174 0.521527 0.379366 0.0568643 0.0016247
 0.151134 0.462217 0.34131 0.0453401 0
 0.294876 0.26143 0.354403 0.0886775 0.000613685
 0.281977 0.475581 0.204845 0.0348837 0.00271318
pf_pred 
 0.00312155 0.654433 0.303572 0.0388721 1.29883e-06
 0.00890032 0.0173402 0.697498 0.245298 0.0309643
 0.00342633 0.0630989 0.0217845 0.65583 0.25586
 0.0633837 0.0309004 0.0827918 0.0195941 0.80333
 0.748734 0.0888109 0.00741429 0.0144024 0.140638
 0.0609898 0.894991 0.0187063 0.00117242 0.0241404
 0.438163 0.191744 0.358593 0.00495256 0.00654645
 0.467606 0.475519 0.0251187 0.030792 0.00096447
 0.273642 0.658214 0.0637292 0.00198194 0.00243294
 0.551765 0.345958 0.0960385 0.00584377 0.000394383
 0.0585377 0.847311 0.0781529 0.0150402 0.000957904
 0.0399859 0.28556 0.625965 0.0403807 0.0081093
 0.328485 0.174509 0.186193 0.288848 0.0219657
 0.15619 0.72586 0.0424054 0.0287424 0.0468018
 0.245378 0.544577 0.193273 0.00616498 0.0106063
 0.299936 0.583672 0.0968066 0.0180745 0.00151102
 0.182593 0.634734 0.161415 0.017747 0.00351109
 0.18792 0.50747 0.254444 0.0444321 0.00573386
 0.135183 0.544116 0.225554 0.0797203 0.0154262
 0.551191 0.243655 0.145496 0.0421965 0.0174616
 0.265089 0.668335 0.0424774 0.0171965 0.00690281
 0.197426 0.537678 0.246694 0.0116787 0.00652349
 0.181433 0.491663 0.23947 0.0815143 0.00591991
 0.0282233 0.576618 0.266182 0.094894 0.0340826
pobs_RECLAS
 0 0 0 0 0
 0 0 0 0 0
 0 0 0 0 0
 0 0 0 0 0
 0.835266 0.146461 0.0176864 0.000547809 3.91292e-05
 0.385257 0.428462 0.181853 0.0044286 0
 0.867414 0.0963971 0.0333333 0.00285562 0
 0.441836 0.489002 0.0689373 0.000224442 0
 0.779404 0.147425 0.0564933 0.0165055 0.000172143
 0.814271 0.122319 0.05973 0.00367925 0
 0.40263 0.566651 0.0304383 0.000280538 0
 0.475488 0.404961 0.113038 0.00651328 0
 0.955842 0.0263864 0.0167828 0.000988607 0
 0.975058 0.0227948 0.00214734 0 0
 0.738997 0.206755 0.0527124 0.00153531 0
 0.850938 0.134255 0.0134407 0.00136685 0
 0.542534 0.407297 0.0501686 0 0
 0.764087 0.199537 0.0359546 0.000420521 0
 0.470689 0.182191 0.310203 0.0369168 0
 0.84361 0.089868 0.0606195 0.00523954 0.000663233
 0.607945 0.314616 0.071237 0.00620181 0
 0.523733 0.453247 0.0230204 0 0
 0.530135 0.295979 0.169645 0.0042399 0
 0.562478 0.366248 0.0663022 0.0049721 0
ppred_RECLAS
 0.0164382 0.691575 0.258885 0.0331006 1.10808e-06
 0.0525726 0.0204898 0.664216 0.233226 0.0294961
 0.0216901 0.0771242 0.021076 0.632786 0.247324
 0.297819 0.0286841 0.0615708 0.0145435 0.597382
 0.944457 0.0224394 0.00151058 0.00292982 0.0286636
 0.256701 0.715708 0.0117354 0.000733116 0.0151224
 0.827666 0.0686152 0.100503 0.00138338 0.0018319
 0.834776 0.151548 0.00605855 0.00738562 0.000231729
 0.675412 0.300552 0.0224844 0.000696285 0.000856242
 0.869339 0.105827 0.0233232 0.00141561 9.57131e-05
 0.245718 0.693048 0.0508491 0.00976231 0.00062291
 0.198455 0.27787 0.48609 0.031289 0.0062952
 0.758921 0.0752026 0.0622904 0.0962529 0.0073327
 0.529682 0.420185 0.0180959 0.0121768 0.0198601
 0.679362 0.250551 0.064528 0.00204138 0.0035176
 0.700274 0.259178 0.0337426 0.00627962 0.000525927
 0.547915 0.368183 0.0741585 0.00813181 0.00161177
 0.561616 0.296566 0.118502 0.0206464 0.00266932
 0.464509 0.364592 0.12027 0.0424079 0.00822134
 0.876248 0.0743719 0.0350447 0.0101342 0.00420137
 0.647907 0.325964 0.0166775 0.00674063 0.00271085
 0.568841 0.308775 0.113982 0.00538698 0.00301473
 0.548068 0.294693 0.115235 0.0391547 0.00284892
 0.138721 0.556695 0.20528 0.073027 0.0262777
pobs_PELACES
 0 0 0 0 0
 0 0 0 0 0
 0 0 0 0 0
 0 0 0 0 0
 0 0 0 0 0
 0 0 0 0 0
 0 0 0 0 0
 0 0 0 0 0
 0 0 0 0 0
 0 0 0 0 0
 0.450072 0.473896 0.0757376 0.000293798 0
 0 0 0 0 0
 0.463077 0.371075 0.160297 0.00555027 0
 0.529543 0.364841 0.0842815 0.0213345 0
 0.631943 0.363953 0.00410389 0 0
 0.735681 0.248677 0.0153453 0.000297389 0
 0.695825 0.281241 0.0229344 0 0
 0.275771 0.60734 0.115278 0.00161068 0
 0 0 0 0 0
 0.896147 0.0623911 0.0374545 0.00400742 0
 0.803859 0.145111 0.0509908 3.86294e-05 0
 0.739449 0.233085 0.0266225 0.000797448 4.60066e-05
 0.878498 0.100942 0.0204185 0.000141795 0
 0.694673 0.275183 0.0284847 0.00165964 0
ppred_PELACES
 0.0222062 0.70197 0.244916 0.0309064 1.032e-06
 0.0749775 0.0216294 0.649857 0.225136 0.0284003
 0.0372105 0.0862677 0.0208418 0.615684 0.239996
 0.401483 0.0271825 0.0530494 0.0123494 0.505935
 0.96008 0.0169865 0.00106222 0.00203297 0.0198387
 0.357574 0.621815 0.00886619 0.000544433 0.0111998
 0.894016 0.0458802 0.0582748 0.000788319 0.00104106
 0.904334 0.0891017 0.00294115 0.00351357 0.000109926
 0.782547 0.203644 0.0129338 0.000393147 0.00048212
 0.91114 0.0735259 0.0144146 0.000861131 5.80684e-05
 0.32895 0.62208 0.0407731 0.00770662 0.000490439
 0.279247 0.267503 0.421189 0.0267032 0.00535843
 0.85532 0.0505103 0.0357699 0.0542765 0.00412344
 0.697417 0.276558 0.00953761 0.00627806 0.0102093
 0.823031 0.145073 0.0294235 0.000909655 0.0015628
 0.791835 0.183278 0.0207699 0.0037997 0.000317366
 0.654386 0.287691 0.0512941 0.00553453 0.00109404
 0.661665 0.236946 0.0849378 0.0145729 0.00187913
 0.572223 0.301859 0.0890324 0.0309087 0.00597622
 0.920742 0.0501447 0.0207653 0.0059062 0.00244197
 0.716665 0.263911 0.0124628 0.00496863 0.00199309
 0.649595 0.256753 0.0873099 0.00406982 0.00227176
 0.636449 0.244605 0.0875055 0.029313 0.00212732
 0.195309 0.539659 0.179536 0.062916 0.02258
pobs_pel_tallas
 0 0 0 0 0 0 0 0 0 0 0 0 0 0 0 0 0 0 0 0 0 0 0 0 0 0 0 0 0 0 0 0 0 0 0 0
 0 0 0 0 0 0 0 0 0 0 0 0 0 0 0 0 0 0 0 0 0 0 0 0 0 0 0 0 0 0 0 0 0 0 0 0
 0 0 0 0 0 0 0 0 0 0 0 0 0 0 0 0 0 0 0 0 0 0 0 0 0 0 0 0 0 0 0 0 0 0 0 0
 0 0 0 0 0 0 0 0 0 0 0 0 0 0 0 0 0 0 0 0 0 0 0 0 0 0 0 0 0 0 0 0 0 0 0 0
 0 0 0 0 0 0 0 0 0 0 0 0 0 0 0 0 0 0 0 0 0 0 0 0 0 0 0 0 0 0 0 0 0 0 0 0
 0 0 0 0 0 0 0 0 0 0 0 0 0 0 0 0 0 0 0 0 0 0 0 0 0 0 0 0 0 0 0 0 0 0 0 0
 0 0 0 0 0 0 0 0 0 0 0 0 0 0 0 0 0 0 0 0 0 0 0 0 0 0 0 0 0 0 0 0 0 0 0 0
 0 0 0 0 0 0 0 0 0 0 0 0 0 0 0 0 0 0 0 0 0 0 0 0 0 0 0 0 0 0 0 0 0 0 0 0
 0 0 0 0 0 0 0 0 0 0 0 0 0 0 0 0 0 0 0 0 0 0 0 0 0 0 0 0 0 0 0 0 0 0 0 0
 0 0 0 0 0 0 0 0 0 0 0 0 0 0 0 0 0 0 0 0 0 0 0 0 0 0 0 0 0 0 0 0 0 0 0 0
 0 0 0 0 0 0 0 0 1.78061e-05 0.00172719 0.00360574 0.0105946 0.0120993 0.0124554 0.0147524 0.0171206 0.0266825 0.0428682 0.0675386 0.121331 0.153587 0.119568 0.100827 0.0573624 0.0630603 0.0341343 0.0324427 0.0444173 0.0211091 0.0280891 0.0125444 0.00206551 0 0 0 0
 0 0 0 0 0 0 0 0 0 0 0 0 0 0 0 0 0 0 0 0 0 0 0 0 0 0 0 0 0 0 0 0 0 0 0 0
 0 0 0 0 0 0 0.0133647 0.0140871 0.0187388 0.0205184 0.03894 0.0496705 0.03968 0.0493445 0.0407372 0.0367815 0.0215668 0.0243155 0.0234873 0.0199281 0.019796 0.0243948 0.0301388 0.0376714 0.0412746 0.0863199 0.0771752 0.113111 0.0741005 0.0525337 0.0229764 0.00759418 0.00175318 0 0 0
 0 0 0 0 0 0 0 0 0 0 0.00219441 0.00772107 0.0458388 0.0604681 0.0671733 0.0775358 0.0609151 0.0617685 0.073594 0.0568108 0.0755445 0.0548602 0.0670107 0.0636378 0.0643287 0.046367 0.0373049 0.0286899 0.0247887 0.0153202 0.00654259 0.00121912 0.000365735 0 0 0
 0 0 0 0 0 0 0 0 0 0 0 0 0.000112435 0.00938835 0.0111873 0.0202946 0.0414886 0.0713402 0.111592 0.104902 0.108894 0.110636 0.117776 0.105296 0.107544 0.0401394 0.0192827 0.0124803 0.00416011 0.0028671 0.000618394 0 0 0 0 0
 0 0 0 0 0 0 0 0 0 0 0.00291406 0.0102884 0.027416 0.0768956 0.0749926 0.110853 0.0956884 0.0897413 0.0766577 0.0534642 0.0500743 0.0551293 0.0594112 0.0620874 0.0668451 0.0424026 0.0208742 0.0120726 0.0048766 0.00582813 0.00118941 0.000297354 0 0 0 0
 0 0.00264628 0.0354308 0.0461629 0.0458689 0.0383711 0.0214643 0.0164657 0.0346957 0.0420465 0.0363128 0.0245516 0.0311673 0.0291091 0.0169068 0.0133784 0.00837989 0.0085269 0.0148486 0.0160247 0.0276389 0.0546898 0.0760071 0.122758 0.109233 0.0665981 0.0333725 0.0166128 0.00676272 0.00308733 0.000882094 0 0 0 0 0
 0 0 0 0 0 0 0 0.000805153 0.000690131 0.00759144 0.0133425 0.0154129 0.00931677 0.000345066 0.00356568 0.00563607 0.00851162 0.0253048 0.0502646 0.0516448 0.0657925 0.0565908 0.0611916 0.0827007 0.0866115 0.110766 0.145733 0.0935128 0.0569358 0.0249597 0.0138026 0.00621118 0.00161031 0.00115022 0 0
 0 0 0 0 0 0 0 0 0 0 0 0 0 0 0 0 0 0 0 0 0 0 0 0 0 0 0 0 0 0 0 0 0 0 0 0
 0.00147267 0.00158595 0.00478618 0.00569244 0.00954404 0.0108468 0.00647125 0.017049 0.0510054 0.094081 0.124002 0.0959785 0.0687766 0.0820023 0.061753 0.0591476 0.0492212 0.0479892 0.0443925 0.0268479 0.0217502 0.0140895 0.0121071 0.0120363 0.00920419 0.00665534 0.0049561 0.00860946 0.00930331 0.0156896 0.0114698 0.00855282 0.00243557 0.00046729 0 2.83206e-05
 0 0 0 0 0.000772559 0.00158375 0.000888443 0.00281984 0.00712685 0.0440552 0.0773331 0.111326 0.0921469 0.0852325 0.0710754 0.0886704 0.0786465 0.0553345 0.0373146 0.0185414 0.00753245 0.00457741 0.012979 0.0271748 0.0457355 0.0583668 0.034881 0.0177882 0.00938659 0.00492506 0.0015258 0.00185414 0.000309023 5.79419e-05 3.86279e-05 0
 0 0.00173294 0.00326652 0 0.00397197 0.00683976 0.00946217 0.0152591 0.00757587 0.0136028 0.0228656 0.0392903 0.0559909 0.0764795 0.0681675 0.0726916 0.0566044 0.0477403 0.0527397 0.0444891 0.0609904 0.0582453 0.0661739 0.0445044 0.0529084 0.0360697 0.0280645 0.0235558 0.0158879 0.00826598 0.00280645 0.00217768 0.000904811 0.00058276 9.20147e-05 0
 0 0 0 0 0 0 0 0 0 0 0 0 0 0 0 0 0 0 0 0 0 0 0 0 0 0 0 0 0 0 0 0 0 0 0 0
 0 0 0 0 0 0 0 0 0 0 0 0 0 0 0 0 0 0 0 0 0 0 0 0 0 0 0 0 0 0 0 0 0 0 0 0
ppred_pel_tallas
 1.04768e-16 1.00997e-06 5.82483e-06 2.74733e-05 0.000105413 0.000328397 0.000830285 0.00170456 0.0028471 0.00388895 0.00440434 0.00429512 0.0039699 0.00412493 0.00538495 0.00814511 0.0126287 0.0189543 0.0270943 0.0367669 0.0473583 0.0579398 0.0673952 0.074633 0.0788237 0.0795815 0.0770367 0.0717677 0.0646317 0.0565497 0.0483215 0.0405166 0.0334552 0.0272534 0.0219001 0.0173283
 1.18295e-16 3.28422e-06 1.92374e-05 9.13728e-05 0.00035167 0.0010965 0.00276965 0.00566773 0.00939773 0.0126298 0.0137674 0.0122007 0.00885996 0.00543351 0.00315051 0.00231831 0.00269623 0.00401597 0.00620372 0.00934796 0.013596 0.0190679 0.0257947 0.0336722 0.0424297 0.0516222 0.0606525 0.0688269 0.07544 0.0798755 0.0817013 0.0807412 0.0771045 0.0711648 0.0634985 0.0547909
 1.32694e-16 1.63744e-06 9.56985e-06 4.54131e-05 0.000174716 0.000544688 0.00137588 0.00281615 0.00467195 0.0062862 0.00687213 0.00613682 0.00455793 0.0029974 0.00209861 0.00205618 0.00279836 0.0042396 0.00638386 0.00930314 0.0130852 0.0177965 0.023463 0.0300583 0.0374931 0.0455999 0.0541166 0.0626737 0.0707973 0.0779365 0.0835183 0.0870252 0.0880796 0.0865122 0.0824025 0.076072
 1.24827e-16 1.75193e-05 0.000102815 0.000488722 0.00188159 0.00586751 0.0148208 0.0303249 0.0502658 0.0675024 0.0734478 0.0647666 0.0463199 0.02695 0.0129327 0.0054678 0.00265646 0.00228563 0.00304988 0.00446095 0.00643148 0.00900289 0.012233 0.0161557 0.0207597 0.0259719 0.0316422 0.037536 0.0433376 0.0486705 0.0531343 0.0563538 0.0580329 0.0580004 0.0562385 0.0528894
 1.01018e-16 4.18772e-05 0.000245816 0.00116856 0.00449914 0.0140302 0.035439 0.0725113 0.120189 0.161392 0.175576 0.154751 0.110515 0.0639711 0.0300617 0.0115631 0.00380966 0.00134848 0.000864812 0.000973324 0.00123672 0.00153595 0.00182976 0.00209321 0.00230924 0.00247003 0.00257756 0.00264112 0.0026728 0.00268259 0.00267487 0.00264755 0.00259372 0.00250498 0.00237503 0.00220246
 1.00871e-16 1.56298e-05 9.16646e-05 0.000435585 0.00167678 0.00522867 0.0132078 0.0270292 0.0448198 0.06024 0.0656803 0.0582372 0.0423475 0.0260439 0.0151214 0.0108815 0.0118451 0.0161545 0.0225679 0.0302954 0.038593 0.0465665 0.0532116 0.0575919 0.0590525 0.0573826 0.0528704 0.0462241 0.0383948 0.0303552 0.0229091 0.0165781 0.011581 0.00788651 0.00530432 0.00357812
 1.00919e-16 3.89979e-05 0.000228909 0.00108818 0.00418962 0.013065 0.033001 0.0675231 0.111922 0.150294 0.163512 0.144138 0.102981 0.0597003 0.0282269 0.0111633 0.00418427 0.0022295 0.00222218 0.00286956 0.0037451 0.00470132 0.00564934 0.00650882 0.0072093 0.0077 0.00795606 0.00797793 0.00778555 0.00741019 0.00688735 0.00625268 0.00554103 0.00478681 0.00402436 0.00328673
 1.00197e-16 3.94494e-05 0.000231556 0.00110075 0.00423803 0.013216 0.0333823 0.0683037 0.113217 0.152036 0.165415 0.145837 0.104238 0.0605172 0.0287769 0.0116629 0.00480976 0.00310049 0.00340974 0.00439739 0.00557925 0.00673859 0.00771547 0.0083732 0.00861688 0.00841473 0.00780575 0.00688863 0.00579659 0.00466622 0.00361049 0.00270299 0.00197507 0.00142347 0.00102311 0.000740112
 1.00287e-16 3.41436e-05 0.000200396 0.00095259 0.00366752 0.0114368 0.0288886 0.05911 0.0979819 0.131589 0.143199 0.126321 0.0904459 0.0528268 0.0257146 0.0114549 0.00632416 0.0059314 0.00757217 0.010032 0.0127739 0.0154361 0.0176766 0.0191849 0.0197423 0.0192736 0.0178661 0.0157439 0.0132116 0.010583 0.00811975 0.00599462 0.00428448 0.00298676 0.00204793 0.0013925
 1.00262e-16 3.97456e-05 0.000233296 0.00110903 0.0042699 0.0133154 0.0336334 0.0688173 0.114068 0.153177 0.166653 0.14692 0.104994 0.060919 0.0288987 0.0115928 0.00459762 0.00275483 0.00291802 0.00374655 0.00476997 0.00579365 0.00668239 0.00732084 0.00762614 0.00756511 0.0071612 0.00648634 0.00564167 0.00473327 0.00385123 0.00305718 0.00238187 0.00183057 0.00139226 0.00104873
 1.0107e-16 1.43817e-05 8.43371e-05 0.000400749 0.00154265 0.00481039 0.0121513 0.0248675 0.0412369 0.0554292 0.0604477 0.0536279 0.0390617 0.0241541 0.0142572 0.0105932 0.0118271 0.0162697 0.0227849 0.0306314 0.0390842 0.0472558 0.0541424 0.058801 0.0605637 0.0591994 0.0549709 0.0485587 0.040888 0.0329122 0.0254254 0.0189519 0.0137248 0.00973659 0.00682606 0.00476667
 1.07234e-16 1.2201e-05 7.15649e-05 0.000340095 0.00130923 0.00408256 0.0103125 0.0211026 0.0349874 0.0470098 0.0512162 0.0453198 0.0327554 0.0197539 0.0107893 0.00682803 0.00668559 0.00893128 0.0126957 0.0175653 0.0232643 0.0294668 0.0357557 0.0416661 0.0467575 0.0506803 0.053217 0.0542852 0.0539157 0.0522172 0.0493473 0.0454968 0.0408869 0.0357678 0.0304118 0.0250952
 1.02583e-16 3.73107e-05 0.000219003 0.00104108 0.0040083 0.0124996 0.0315727 0.0646008 0.107079 0.143791 0.156438 0.137907 0.0985384 0.0571447 0.0270557 0.010766 0.00414224 0.00234788 0.00244357 0.00319548 0.00419693 0.00530689 0.00643971 0.00751806 0.00847463 0.00926089 0.00985121 0.0102397 0.0104323 0.0104378 0.0102619 0.00990756 0.00937885 0.00868716 0.00785621 0.00692294
 1.00919e-16 3.04345e-05 0.000178613 0.000849019 0.00326872 0.0101932 0.0257473 0.0526832 0.0873316 0.117294 0.127665 0.112673 0.0807909 0.0474244 0.0235268 0.0112302 0.00725695 0.00772141 0.0102137 0.013611 0.0173474 0.020972 0.0240303 0.0261049 0.0269026 0.0263247 0.0244915 0.0217075 0.0183833 0.0149389 0.0117206 0.00895223 0.00672709 0.00503191 0.00378733 0.00288826
 1.0057e-16 3.59066e-05 0.000210751 0.00100183 0.00385714 0.0120282 0.0303821 0.0621655 0.103045 0.138382 0.150575 0.132791 0.094996 0.0553188 0.0266194 0.0113363 0.00552706 0.00455731 0.0055876 0.00737586 0.00942658 0.011458 0.0132223 0.0144946 0.0151115 0.0150069 0.0142265 0.0129109 0.0112587 0.00947812 0.00774589 0.00618299 0.0048499 0.00375714 0.00288349 0.00219381
 1.00501e-16 3.45478e-05 0.00020277 0.000963884 0.00371102 0.0115725 0.0292311 0.0598108 0.0991429 0.133146 0.144888 0.127799 0.0914778 0.0533762 0.025883 0.0113625 0.00603905 0.005465 0.00690639 0.0091471 0.0116677 0.0141357 0.0162425 0.0177073 0.0183298 0.0180361 0.0168961 0.0151017 0.0129166 0.0106144 0.00842406 0.00649868 0.00490906 0.00365831 0.00270657 0.00199567
 1.01064e-16 2.85587e-05 0.000167599 0.000796655 0.0030671 0.00956442 0.0241591 0.0494339 0.0819462 0.110064 0.119804 0.105753 0.0758697 0.0446177 0.0222878 0.0108968 0.00738653 0.00812592 0.0108617 0.0145365 0.0186003 0.0225958 0.0260505 0.0285224 0.0296901 0.0294265 0.0278266 0.0251746 0.0218685 0.0183248 0.0148953 0.0118195 0.00921438 0.00709674 0.00541948 0.00410796
 1.01872e-16 2.88741e-05 0.000169456 0.000805489 0.00310114 0.00967056 0.0244272 0.0499819 0.0828533 0.111278 0.121113 0.106881 0.0766191 0.0449378 0.0222254 0.0105017 0.00665759 0.00701404 0.00930247 0.012488 0.016075 0.0196832 0.0229246 0.0254293 0.0269163 0.0272531 0.0264799 0.0247868 0.022457 0.0197952 0.0170656 0.0144561 0.0120728 0.00995481 0.00810099 0.00649301
 1.02704e-16 2.49767e-05 0.000146568 0.000696667 0.00268212 0.00836386 0.0211266 0.0432293 0.0716627 0.0962569 0.104789 0.0925312 0.0664552 0.0392246 0.0198614 0.0101571 0.0074676 0.00864369 0.0117289 0.0157927 0.020323 0.024864 0.0289291 0.0320526 0.0338841 0.0342641 0.0332534 0.0311029 0.0281787 0.0248695 0.021507 0.0183207 0.0154313 0.0128737 0.0106322 0.00867272
 1.00629e-16 4.01634e-05 0.000235751 0.0011207 0.00431486 0.0134556 0.0339875 0.0695416 0.115268 0.154787 0.168399 0.148445 0.106056 0.0614786 0.0290581 0.0114728 0.00426406 0.00221463 0.00214778 0.00272246 0.00348915 0.0042872 0.00502047 0.00560873 0.00599131 0.00613783 0.00605304 0.00577222 0.00534965 0.00484407 0.00430644 0.00377301 0.0032646 0.00279014 0.002352 0.00195056
 1.00527e-16 3.12733e-05 0.000183539 0.000872438 0.0033589 0.0104744 0.0264576 0.0541365 0.08974 0.120527 0.131179 0.115762 0.0829812 0.0486595 0.0240455 0.0113213 0.00710971 0.00741183 0.00975073 0.0129808 0.016538 0.0199856 0.0228871 0.0248421 0.0255689 0.0249721 0.023166 0.0204417 0.0171938 0.0138272 0.0106781 0.00796652 0.00578796 0.00413516 0.00293584 0.00209069
 1.0157e-16 2.83487e-05 0.000166369 0.00079081 0.00304461 0.00949429 0.0239819 0.0490711 0.0813441 0.109253 0.118915 0.104955 0.0752676 0.0442042 0.0219724 0.0105652 0.00694009 0.00749142 0.00999095 0.0134108 0.0172405 0.0210716 0.0244826 0.0270725 0.0285388 0.0287428 0.0277364 0.0257362 0.0230615 0.0200551 0.0170141 0.0141501 0.011581 0.00934798 0.00744343 0.00583778
 1.02429e-16 2.77749e-05 0.000163001 0.000774804 0.00298299 0.00930212 0.0234965 0.0480778 0.0796975 0.107041 0.116506 0.102826 0.0737347 0.0432918 0.0214968 0.010301 0.00672324 0.00723212 0.00964905 0.0129755 0.0167236 0.0205088 0.023934 0.0266192 0.0282743 0.0287599 0.0281122 0.0265195 0.0242639 0.0216482 0.0189339 0.0163057 0.0138664 0.0116545 0.00967133 0.00790459
 1.05942e-16 8.55122e-06 5.01142e-05 0.000238064 0.0009163 0.00285716 0.00721751 0.014772 0.0245017 0.0329518 0.0359811 0.0320307 0.0235677 0.0150452 0.00971771 0.00840546 0.0104159 0.0148321 0.0210239 0.0285274 0.0368028 0.0451296 0.0526578 0.0585574 0.0621949 0.0632706 0.0618716 0.0584188 0.0535368 0.0478913 0.0420516 0.0364131 0.0311876 0.0264448 0.0221735 0.0183375
pSPR Fmed_Fpbrs
0.503336   0.39654 0.39654
Fs Fmed_Fpbrs
0.634414   1.005 1.005
SSBpbr Bo_Bmed_Bpbrs
997334  452128  345616 345616
Ro
15994.5
SPR SPRFo_SPRFmed_SPRFpbrs
329064 165630 130487
log_Ro
9.5
likeval ReclasPelacesDesembMPH_pf_preclas_ppelaces_ptallas_desvR_qrecl_qpela
 97.6944 96.8599 0.156638 0.00018157 391.791 179.484 88.8914 0 65.079 1.39566e-06 0 0 0 0 0
q_reclas_q_pelaces
0.845855 1
M
0.7
N
 2077.97 70005.7 25010.9 3160.56 0.105541
 3186.68 1017.43 31745.9 11022.4 1390.59
 438.321 1547.27 437.176 13033.8 5082.69
 2324.28 198.296 421.792 98.6862 4043.95
 56858.2 1096.55 70.8084 135.774 1325.06
 9357.1 27700.5 481.521 29.9138 615.692
 46383.1 4129.73 6440.09 88.1746 116.507
 85657.1 20385.2 934.515 1138.12 35.6381
 67156.2 34983.6 2877.24 88.7959 108.965
 242615 28593.6 6454.98 388.828 26.2294
 41272.9 110777 8272.04 1575.53 100.299
 14675.7 18965 33382.8 2130.35 427.615
 60498.1 6819.85 6144.47 9456.17 718.849
 22100.4 26031.5 1346.61 907.736 1477.73
 14709.2 8621.73 2735.57 86.8231 149.339
 14298.9 5596.51 771.271 142.727 11.9273
 9523.34 6320.19 1313.65 143.022 28.2833
 8739.42 4316.59 1744.23 301.37 38.8729
 5430.27 4041.32 1354.97 473.948 91.6689
 28942 2498.54 1228.32 352.902 145.976
 30958.4 12977 643.109 257.12 103.153
 32770.5 14938.4 5357 250.488 139.841
 33950 15766.9 6052.46 2035.89 147.777
 4407.08 16166.4 5976.93 2107.55 756.589
pred_Ctot
 20.9568 4393.58 2038.05 260.97 0.00871977
 51.0203 99.4008 3998.34 1406.15 177.5
 28.2002 519.33 179.296 5397.76 2105.84
 83.7457 40.8271 109.388 25.8886 1061.4
 774.788 91.9013 7.67229 14.9036 145.532
 753.654 11059.4 231.154 14.4877 298.304
 3861.9 1690 3160.58 43.651 57.6993
 11061.5 11248.7 594.198 728.402 22.8151
 6947.85 16712.2 1618.1 50.322 61.7731
 14118.8 8852.52 2457.47 149.533 10.0916
 2226.52 32228 2972.59 572.063 36.4345
 680.215 4857.77 10648.5 686.932 137.95
 5857 3111.54 3319.87 5150.25 391.656
 3455.32 16057.8 938.113 635.854 1035.37
 2511.57 5574.02 1978.25 63.1016 108.561
 1137.89 2214.32 367.262 68.5707 5.73248
 600.637 2087.95 530.97 58.3786 11.5497
 434.15 1172.4 587.839 102.651 13.2469
 288.09 1159.57 480.682 169.893 32.8751
 2032.39 898.422 536.482 155.59 64.3857
 631.206 1591.38 101.144 40.9469 16.4364
 734.795 2001.17 918.166 43.4667 24.2796
 1005.61 2725.1 1327.29 451.802 32.8117
 193.648 3956.33 1826.35 651.093 233.85
F
 0.0141111 0.0908133 0.11938 0.121056 0.121131
 0.0224846 0.144702 0.190219 0.19289 0.193009
 0.0931909 0.599737 0.788391 0.799462 0.799956
 0.0512435 0.329782 0.433518 0.439606 0.439878
 0.0191084 0.122974 0.161657 0.163927 0.164028
 0.117924 0.758908 0.997631 1.01164 1.01227
 0.122124 0.785938 1.03316 1.04767 1.04832
 0.195472 1.25798 1.65369 1.67691 1.67795
 0.153837 0.990028 1.30145 1.31973 1.32054
 0.0839555 0.540302 0.71026 0.720234 0.720679
 0.0776121 0.499479 0.656596 0.665816 0.666227
 0.0663565 0.427042 0.561373 0.569256 0.569608
 0.143305 0.92225 1.21235 1.22938 1.23014
 0.24131 1.55297 2.04147 2.07014 2.07142
 0.266332 1.714 2.25316 2.2848 2.28621
 0.116436 0.749333 0.985044 0.998876 0.999494
 0.0912799 0.587439 0.772225 0.783069 0.783553
 0.0712731 0.458684 0.602967 0.611434 0.611813
 0.0762825 0.490922 0.645347 0.654409 0.654814
 0.102112 0.657148 0.86386 0.875991 0.876533
 0.028712 0.184778 0.242903 0.246313 0.246466
 0.0316161 0.203468 0.267471 0.271227 0.271394
 0.0419553 0.270007 0.35494 0.359925 0.360147
 0.0628094 0.404215 0.531365 0.538827 0.53916
nmprior
 10 10 8 0
nm_flota  nm_reclas  nm_pelaces    nm_pelaL
inf 14.6341 11.9204 19.5682
cv_recla  cv_pelaces  cv_mph
0.915085 1.15807 0.43718
 ------------------------------------------------
Talla a la edad & desviación 
 7.2 14.2025 17.0495 18.207 18.6776
 1.08 2.13037 2.55742 2.73105 2.80164
