years
 1997 1998 1999 2000 2001 2002 2003 2004 2005 2006 2007 2008 2009 2010 2011 2012 2013 2014 2015 2016 2017 2018 2019 2020
reclasobs
 0 0 0 370054 412103 1.49427e+06 250295 1.28982e+06 931140 785840 897777 1.04006e+06 184774 17550 25797 100020 73551 82996 120727 218422 84188 347160 605670 569463
reclaspred
 1.79964e+06 546642 1.95272e+06 1.24969e+06 1.27957e+06 1.52908e+06 2.89713e+06 1.82312e+06 1.83212e+06 1.5387e+06 1.22989e+06 823153 477773 222623 159291 174905 236649 364085 428829 585317 889211 923815 1.79499e+06 2.85322e+06
pelacesobs
 0 0 0 0 0 0 0 0 0 2.06254e+06 1.5e+06 0 1.87456e+06 323000 250000 174000 83755 137374 0 501740 490994 745055 786931 1.00524e+06
pelacespred
 1.34867e+06 547457 757151 923182 804667 799857 1.46008e+06 1.3214e+06 1.09511e+06 961446 662575 452756 256255 97249.2 70107.2 87198.1 123491 191582 238914 314816 518115 557714 819954 1.51765e+06
mphobs
 0 0 0 0 0 112323 0 153150 637223 0 255016 313432 73983 77613 109348 50772 0 0 0 0 0 0 0 0
mphpred
 1.16211e+06 894839 1.05237e+06 1.37733e+06 1.11329e+06 1.31829e+06 1.86479e+06 2.08302e+06 1.6586e+06 1.51468e+06 1.28272e+06 870407 537475 281332 142321 138730 176959 271031 363050 438695 662640 834641 1.14953e+06 1.9524e+06
desembarqueobs
 350755 77701 442110 56441 14545 235359 269955 359681 431902 328805 639364 411747 362871 311530 167758 66681 60226 58785 57116 71774 51957 67425 138520 160799
desembarquepred
 350802 77720.1 442376 56449 14545.5 235482 270033 359854 432165 328995 640418 412490 363689 312479 167966 66726.5 60267.2 58804.5 57128.5 71790.2 51962.9 67431.1 138536 160808
Reclutas
 115387 103985 65811.6 71868.8 103671 90543.2 132290 113381 123113 111480 69916.2 45241.8 44218.7 29510.7 22241.3 22633.4 21413.6 24969.2 29071.2 48096.5 71393.1 98525.8 192276 348372
log_desv_Rt
 0.536049 0.432001 -0.0254481 0.0625982 0.428973 0.293582 0.672752 0.518507 0.600854 0.501603 0.0350525 -0.400223 -0.423096 -0.827491 -1.11029 -1.09282 -1.14822 -0.994603 -0.842495 -0.339035 0.0559569 0.378074 1.04669 1.64103
SSB
 1.16211e+06 894839 1.05237e+06 1.37733e+06 1.11329e+06 1.31829e+06 1.86479e+06 2.08302e+06 1.6586e+06 1.51468e+06 1.28272e+06 870407 537475 281332 142321 138730 176959 271031 363050 438695 662640 834641 1.14953e+06 1.9524e+06
BT
 4.48475e+06 1.18585e+06 2.06423e+06 1.92019e+06 1.72541e+06 1.74613e+06 3.67989e+06 3.17977e+06 2.8427e+06 2.36073e+06 1.96962e+06 1.32434e+06 917273 507023 317593 254697 339618 482147 548422 767569 1.25694e+06 1.20119e+06 1.88631e+06 3.65696e+06
Ftot
 0.189183 0.138278 0.219067 0.0441542 0.0111323 0.149564 0.0908829 0.191277 0.228062 0.206971 0.492772 0.474852 0.70729 1.23081 0.961961 0.365643 0.246123 0.1569 0.129588 0.119417 0.0570936 0.0712488 0.0753229 0.0550749
BD_Bspro_t
 0.975414 0.863305 0.828354 0.744521 0.79728 0.862221 0.82923 0.829212 0.768796 0.71293 0.6553 0.490433 0.378712 0.269472 0.170538 0.193145 0.300164 0.477656 0.60782 0.704543 0.799197 0.867926 0.884927 0.903969
BD_Bspro
 0.836726 0.644288 0.757713 0.991683 0.801575 0.949176 1.34266 1.49979 1.1942 1.09057 0.923564 0.626697 0.386985 0.20256 0.102471 0.0998863 0.127411 0.195143 0.261397 0.315862 0.477104 0.600945 0.827667 1.40574
BD_Bo
 0.809778 0.623538 0.73331 0.959745 0.77576 0.918607 1.29942 1.45148 1.15574 1.05545 0.89382 0.606514 0.374521 0.196036 0.0991713 0.0966693 0.123308 0.188859 0.252979 0.30569 0.461738 0.581591 0.801011 1.36047
BD_Brms
 3.94265 3.03588 3.57034 4.67281 3.77702 4.47252 6.3266 7.06699 5.62705 5.13878 4.35184 2.953 1.82347 0.954462 0.482846 0.470664 0.600362 0.919516 1.2317 1.48834 2.24811 2.83165 3.89997 6.62384
S_f
 0.5 1 1 1 1
 0.5 1 1 1 1
 0.5 1 1 1 1
 0.5 1 1 1 1
 0.5 1 1 1 1
 0.5 1 1 1 1
 0.5 1 1 1 1
 0.5 1 1 1 1
 0.5 1 1 1 1
 0.5 1 1 1 1
 0.5 1 1 1 1
 0.5 1 1 1 1
 0.5 1 1 1 1
 0.5 1 1 1 1
 0.5 1 1 1 1
 0.5 1 1 1 1
 0.5 1 1 1 1
 0.5 1 1 1 1
 0.5 1 1 1 1
 0.5 1 1 1 1
 0.5 1 1 1 1
 0.5 1 1 1 1
 0.5 1 1 1 1
 0.5 1 1 1 1
Scru_reclas
 0.5 1 1 1 1
 0.5 1 1 1 1
 0.5 1 1 1 1
 0.5 1 1 1 1
 0.5 1 1 1 1
 0.5 1 1 1 1
 0.5 1 1 1 1
 0.5 1 1 1 1
 0.5 1 1 1 1
 0.5 1 1 1 1
 0.5 1 1 1 1
 0.5 1 1 1 1
 0.5 1 1 1 1
 0.5 1 1 1 1
 0.5 1 1 1 1
 0.5 1 1 1 1
 0.5 1 1 1 1
 0.5 1 1 1 1
 0.5 1 1 1 1
 0.5 1 1 1 1
 0.5 1 1 1 1
 0.5 1 1 1 1
 0.5 1 1 1 1
 0.5 1 1 1 1
Scru_pelaces
 0.5 1 1 1 1
 0.5 1 1 1 1
 0.5 1 1 1 1
 0.5 1 1 1 1
 0.5 1 1 1 1
 0.5 1 1 1 1
 0.5 1 1 1 1
 0.5 1 1 1 1
 0.5 1 1 1 1
 0.5 1 1 1 1
 0.5 1 1 1 1
 0.5 1 1 1 1
 0.5 1 1 1 1
 0.5 1 1 1 1
 0.5 1 1 1 1
 0.5 1 1 1 1
 0.5 1 1 1 1
 0.5 1 1 1 1
 0.5 1 1 1 1
 0.5 1 1 1 1
 0.5 1 1 1 1
 0.5 1 1 1 1
 0.5 1 1 1 1
 0.5 1 1 1 1
pf_obs 
 0.256992 0.487395 0.22802 0.0275931 0
 0.321318 0.546541 0.124235 0.00734118 0.000564706
 0.182869 0.594174 0.210203 0.0122559 0.00049798
 0.330522 0.361315 0.267642 0.0388342 0.00168674
 0.649043 0.306663 0.0425973 0.00169635 0
 0.582887 0.30429 0.105238 0.00758474 0
 0.465427 0.430635 0.0974691 0.00646863 0
 0.296916 0.608066 0.0921331 0.00288517 0
 0.311714 0.524322 0.152257 0.0117073 0
 0.15457 0.633149 0.183074 0.0267441 0.00246327
 0.131901 0.49318 0.331252 0.0422183 0.00144891
 0.196976 0.569456 0.194076 0.0375587 0.00193317
 0.518974 0.381816 0.0799577 0.0180837 0.00116848
 0.0928022 0.601141 0.25162 0.0475244 0.00691264
 0.122501 0.610282 0.24278 0.0234846 0.000952079
 0.383417 0.481906 0.127806 0.00687128 0
 0.0376549 0.599619 0.316969 0.0457579 0
 0.0361596 0.667082 0.258105 0.0386534 0
 0.158088 0.579412 0.248529 0.0139706 0
 0.0477256 0.309471 0.559284 0.082774 0.000745712
 0.0406174 0.521527 0.379366 0.0568643 0.0016247
 0.151134 0.462217 0.34131 0.0453401 0
 0.294876 0.26143 0.354403 0.0886775 0.000613685
 0.281977 0.475581 0.204845 0.0348837 0.00271318
pf_pred 
 0.656418 0.246117 0.0874968 0.00996294 4.84344e-06
 0.451615 0.439415 0.0780581 0.0277503 0.00316136
 0.31124 0.43487 0.203439 0.0361391 0.0143114
 0.377891 0.305049 0.200186 0.0936501 0.0232241
 0.450853 0.302893 0.12075 0.0792414 0.0462633
 0.362384 0.396745 0.132857 0.0529643 0.0550498
 0.467328 0.288988 0.151628 0.0507753 0.0412808
 0.376935 0.400554 0.120718 0.0633388 0.0384542
 0.414732 0.328308 0.165193 0.0497855 0.0419807
 0.391414 0.366382 0.135865 0.0683626 0.0379759
 0.309098 0.398707 0.175908 0.0652317 0.0510554
 0.31857 0.34643 0.193322 0.0852931 0.0563845
 0.4268 0.296916 0.140459 0.0783819 0.0574427
 0.437898 0.364262 0.102481 0.0484794 0.0468799
 0.540711 0.31991 0.0903225 0.0254112 0.0236453
 0.576274 0.321975 0.0708732 0.0200101 0.010868
 0.475314 0.394305 0.0990719 0.0218078 0.00950125
 0.475636 0.346258 0.133848 0.0336302 0.0106279
 0.460606 0.353186 0.122961 0.0475312 0.0157167
 0.538309 0.295113 0.109072 0.0379733 0.0195324
 0.531763 0.331001 0.0877209 0.0324211 0.0170933
 0.503289 0.346558 0.106145 0.0281301 0.0158781
 0.5825 0.281395 0.0949613 0.029085 0.0120588
 0.586665 0.30598 0.0723574 0.0244182 0.0105797
pobs_RECLAS
 0 0 0 0 0
 0 0 0 0 0
 0 0 0 0 0
 0 0 0 0 0
 0.835266 0.146461 0.0176864 0.000547809 3.91292e-05
 0.385257 0.428462 0.181853 0.0044286 0
 0.867414 0.0963971 0.0333333 0.00285562 0
 0.441836 0.489002 0.0689373 0.000224442 0
 0.779404 0.147425 0.0564933 0.0165055 0.000172143
 0.814271 0.122319 0.05973 0.00367925 0
 0.40263 0.566651 0.0304383 0.000280538 0
 0.475488 0.404961 0.113038 0.00651328 0
 0.955842 0.0263864 0.0167828 0.000988607 0
 0.975058 0.0227948 0.00214734 0 0
 0.738997 0.206755 0.0527124 0.00153531 0
 0.850938 0.134255 0.0134407 0.00136685 0
 0.542534 0.407297 0.0501686 0 0
 0.764087 0.199537 0.0359546 0.000420521 0
 0.470689 0.182191 0.310203 0.0369168 0
 0.84361 0.089868 0.0606195 0.00523954 0.000663233
 0.607945 0.314616 0.071237 0.00620181 0
 0.523733 0.453247 0.0230204 0 0
 0.530135 0.295979 0.169645 0.0042399 0
 0.562478 0.366248 0.0663022 0.0049721 0
ppred_RECLAS
 0.657896 0.245059 0.0871204 0.00992009 4.82261e-06
 0.45275 0.438506 0.0778966 0.0276929 0.00315482
 0.312913 0.433814 0.202945 0.0360513 0.0142766
 0.378205 0.304895 0.200085 0.0936028 0.0232124
 0.450933 0.302848 0.120732 0.0792297 0.0462565
 0.363542 0.396024 0.132616 0.0528681 0.0549499
 0.468045 0.288599 0.151424 0.050707 0.0412252
 0.378497 0.39955 0.120415 0.06318 0.0383578
 0.416717 0.327195 0.164633 0.0496166 0.0418383
 0.393151 0.365337 0.135477 0.0681675 0.0378675
 0.313719 0.39604 0.174732 0.0647954 0.0507139
 0.32304 0.344157 0.192054 0.0847337 0.0560147
 0.435473 0.292424 0.138334 0.077196 0.0565736
 0.457601 0.351494 0.0988887 0.0467801 0.0452367
 0.55436 0.310403 0.0876383 0.024656 0.0229426
 0.579838 0.319267 0.0702771 0.0198418 0.0107766
 0.477547 0.392627 0.0986502 0.0217149 0.0094608
 0.476954 0.345388 0.133511 0.0335456 0.0106012
 0.461664 0.352492 0.12272 0.0474379 0.0156858
 0.539275 0.294496 0.108844 0.0378938 0.0194915
 0.532199 0.330693 0.0876392 0.0323909 0.0170773
 0.503843 0.346172 0.106026 0.0280988 0.0158604
 0.583072 0.281009 0.0948313 0.0290452 0.0120423
 0.587074 0.305677 0.0722858 0.0243941 0.0105692
pobs_PELACES
 0 0 0 0 0
 0 0 0 0 0
 0 0 0 0 0
 0 0 0 0 0
 0 0 0 0 0
 0 0 0 0 0
 0 0 0 0 0
 0 0 0 0 0
 0 0 0 0 0
 0 0 0 0 0
 0.450072 0.473896 0.0757376 0.000293798 0
 0 0 0 0 0
 0.463077 0.371075 0.160297 0.00555027 0
 0.529543 0.364841 0.0842815 0.0213345 0
 0.631943 0.363953 0.00410389 0 0
 0.735681 0.248677 0.0153453 0.000297389 0
 0.695825 0.281241 0.0229344 0 0
 0.275771 0.60734 0.115278 0.00161068 0
 0 0 0 0 0
 0.896147 0.0623911 0.0374545 0.00400742 0
 0.803859 0.145111 0.0509908 3.86294e-05 0
 0.739449 0.233085 0.0266225 0.000797448 4.60066e-05
 0.878498 0.100942 0.0204185 0.000141795 0
 0.694673 0.275183 0.0284847 0.00165964 0
ppred_PELACES
 0.664886 0.240051 0.0853402 0.00971738 4.72406e-06
 0.458408 0.433972 0.0770911 0.0274065 0.0031222
 0.320737 0.428875 0.200634 0.0356408 0.0141141
 0.37992 0.304054 0.199533 0.0933447 0.0231484
 0.451388 0.302597 0.120632 0.0791641 0.0462182
 0.369271 0.392459 0.131422 0.0523922 0.0544553
 0.47178 0.286573 0.15036 0.0503509 0.0409358
 0.385949 0.394759 0.118971 0.0624225 0.0378979
 0.425892 0.322048 0.162044 0.0488362 0.0411802
 0.401328 0.360414 0.133652 0.067249 0.0373573
 0.331483 0.385789 0.170209 0.0631182 0.0494012
 0.340406 0.335329 0.187128 0.08256 0.0545777
 0.464347 0.277467 0.131258 0.0732475 0.05368
 0.508269 0.318659 0.089651 0.0424102 0.0410109
 0.593156 0.283381 0.0800088 0.0225095 0.0209453
 0.594461 0.308155 0.0678312 0.0191513 0.0104016
 0.487687 0.385007 0.0967355 0.0212935 0.00927718
 0.483416 0.341121 0.131862 0.0331312 0.0104702
 0.466982 0.34901 0.121507 0.0469693 0.0155309
 0.544167 0.291369 0.107688 0.0374915 0.0192846
 0.534544 0.329036 0.0872 0.0322285 0.0169917
 0.506781 0.344121 0.105398 0.0279323 0.0157665
 0.58609 0.278975 0.0941448 0.0288349 0.0119551
 0.589275 0.304048 0.0719005 0.024264 0.0105129
pobs_pel_tallas
 0 0 0 0 0 0 0 0 0 0 0 0 0 0 0 0 0 0 0 0 0 0 0 0 0 0 0 0 0 0 0 0 0 0 0 0
 0 0 0 0 0 0 0 0 0 0 0 0 0 0 0 0 0 0 0 0 0 0 0 0 0 0 0 0 0 0 0 0 0 0 0 0
 0 0 0 0 0 0 0 0 0 0 0 0 0 0 0 0 0 0 0 0 0 0 0 0 0 0 0 0 0 0 0 0 0 0 0 0
 0 0 0 0 0 0 0 0 0 0 0 0 0 0 0 0 0 0 0 0 0 0 0 0 0 0 0 0 0 0 0 0 0 0 0 0
 0 0 0 0 0 0 0 0 0 0 0 0 0 0 0 0 0 0 0 0 0 0 0 0 0 0 0 0 0 0 0 0 0 0 0 0
 0 0 0 0 0 0 0 0 0 0 0 0 0 0 0 0 0 0 0 0 0 0 0 0 0 0 0 0 0 0 0 0 0 0 0 0
 0 0 0 0 0 0 0 0 0 0 0 0 0 0 0 0 0 0 0 0 0 0 0 0 0 0 0 0 0 0 0 0 0 0 0 0
 0 0 0 0 0 0 0 0 0 0 0 0 0 0 0 0 0 0 0 0 0 0 0 0 0 0 0 0 0 0 0 0 0 0 0 0
 0 0 0 0 0 0 0 0 0 0 0 0 0 0 0 0 0 0 0 0 0 0 0 0 0 0 0 0 0 0 0 0 0 0 0 0
 0 0 0 0 0 0 0 0 0 0 0 0 0 0 0 0 0 0 0 0 0 0 0 0 0 0 0 0 0 0 0 0 0 0 0 0
 0 0 0 0 0 0 0 0 1.78061e-05 0.00172719 0.00360574 0.0105946 0.0120993 0.0124554 0.0147524 0.0171206 0.0266825 0.0428682 0.0675386 0.121331 0.153587 0.119568 0.100827 0.0573624 0.0630603 0.0341343 0.0324427 0.0444173 0.0211091 0.0280891 0.0125444 0.00206551 0 0 0 0
 0 0 0 0 0 0 0 0 0 0 0 0 0 0 0 0 0 0 0 0 0 0 0 0 0 0 0 0 0 0 0 0 0 0 0 0
 0 0 0 0 0 0 0.0133647 0.0140871 0.0187388 0.0205184 0.03894 0.0496705 0.03968 0.0493445 0.0407372 0.0367815 0.0215668 0.0243155 0.0234873 0.0199281 0.019796 0.0243948 0.0301388 0.0376714 0.0412746 0.0863199 0.0771752 0.113111 0.0741005 0.0525337 0.0229764 0.00759418 0.00175318 0 0 0
 0 0 0 0 0 0 0 0 0 0 0.00219441 0.00772107 0.0458388 0.0604681 0.0671733 0.0775358 0.0609151 0.0617685 0.073594 0.0568108 0.0755445 0.0548602 0.0670107 0.0636378 0.0643287 0.046367 0.0373049 0.0286899 0.0247887 0.0153202 0.00654259 0.00121912 0.000365735 0 0 0
 0 0 0 0 0 0 0 0 0 0 0 0 0.000112435 0.00938835 0.0111873 0.0202946 0.0414886 0.0713402 0.111592 0.104902 0.108894 0.110636 0.117776 0.105296 0.107544 0.0401394 0.0192827 0.0124803 0.00416011 0.0028671 0.000618394 0 0 0 0 0
 0 0 0 0 0 0 0 0 0 0 0.00291406 0.0102884 0.027416 0.0768956 0.0749926 0.110853 0.0956884 0.0897413 0.0766577 0.0534642 0.0500743 0.0551293 0.0594112 0.0620874 0.0668451 0.0424026 0.0208742 0.0120726 0.0048766 0.00582813 0.00118941 0.000297354 0 0 0 0
 0 0.00264628 0.0354308 0.0461629 0.0458689 0.0383711 0.0214643 0.0164657 0.0346957 0.0420465 0.0363128 0.0245516 0.0311673 0.0291091 0.0169068 0.0133784 0.00837989 0.0085269 0.0148486 0.0160247 0.0276389 0.0546898 0.0760071 0.122758 0.109233 0.0665981 0.0333725 0.0166128 0.00676272 0.00308733 0.000882094 0 0 0 0 0
 0 0 0 0 0 0 0 0.000805153 0.000690131 0.00759144 0.0133425 0.0154129 0.00931677 0.000345066 0.00356568 0.00563607 0.00851162 0.0253048 0.0502646 0.0516448 0.0657925 0.0565908 0.0611916 0.0827007 0.0866115 0.110766 0.145733 0.0935128 0.0569358 0.0249597 0.0138026 0.00621118 0.00161031 0.00115022 0 0
 0 0 0 0 0 0 0 0 0 0 0 0 0 0 0 0 0 0 0 0 0 0 0 0 0 0 0 0 0 0 0 0 0 0 0 0
 0.00147267 0.00158595 0.00478618 0.00569244 0.00954404 0.0108468 0.00647125 0.017049 0.0510054 0.094081 0.124002 0.0959785 0.0687766 0.0820023 0.061753 0.0591476 0.0492212 0.0479892 0.0443925 0.0268479 0.0217502 0.0140895 0.0121071 0.0120363 0.00920419 0.00665534 0.0049561 0.00860946 0.00930331 0.0156896 0.0114698 0.00855282 0.00243557 0.00046729 0 2.83206e-05
 0 0 0 0 0.000772559 0.00158375 0.000888443 0.00281984 0.00712685 0.0440552 0.0773331 0.111326 0.0921469 0.0852325 0.0710754 0.0886704 0.0786465 0.0553345 0.0373146 0.0185414 0.00753245 0.00457741 0.012979 0.0271748 0.0457355 0.0583668 0.034881 0.0177882 0.00938659 0.00492506 0.0015258 0.00185414 0.000309023 5.79419e-05 3.86279e-05 0
 0 0.00173294 0.00326652 0 0.00397197 0.00683976 0.00946217 0.0152591 0.00757587 0.0136028 0.0228656 0.0392903 0.0559909 0.0764795 0.0681675 0.0726916 0.0566044 0.0477403 0.0527397 0.0444891 0.0609904 0.0582453 0.0661739 0.0445044 0.0529084 0.0360697 0.0280645 0.0235558 0.0158879 0.00826598 0.00280645 0.00217768 0.000904811 0.00058276 9.20147e-05 0
 0 0 0 0 0 0 0 0 0 0 0 0 0 0 0 0 0 0 0 0 0 0 0 0 0 0 0 0 0 0 0 0 0 0 0 0
 0 0 0 0 0 0 0 0 0 0 0 0 0 0 0 0 0 0 0 0 0 0 0 0 0 0 0 0 0 0 0 0 0 0 0 0
ppred_pel_tallas
 1.01624e-16 2.90147e-05 0.000170281 0.000809412 0.00311624 0.00971766 0.0245461 0.0502254 0.0832568 0.11182 0.121704 0.107403 0.0769951 0.045162 0.0223431 0.0105683 0.0067138 0.00708229 0.00939313 0.0126042 0.0162142 0.019837 0.0230779 0.0255616 0.0270037 0.0272713 0.026408 0.0246108 0.0221721 0.0194063 0.016587 0.0139095 0.011484 0.00935162 0.00750956 0.0059359
 1.02324e-16 2.00191e-05 0.000117451 0.000558214 0.002149 0.0067013 0.0169273 0.0346382 0.0574266 0.0771524 0.0840365 0.0743149 0.0536087 0.032117 0.0171393 0.0101947 0.0092461 0.0118255 0.016364 0.0220313 0.0282367 0.03435 0.0396727 0.0435417 0.0454724 0.0452697 0.0430694 0.0392892 0.0345152 0.029359 0.0243355 0.019792 0.0158961 0.0126696 0.0100446 0.00791778
 1.04872e-16 1.40161e-05 8.22076e-05 0.000390662 0.00150388 0.00468952 0.0118458 0.0242409 0.0401933 0.0540126 0.0588662 0.0521379 0.0377887 0.0229968 0.0129273 0.00871397 0.00900736 0.0121462 0.017068 0.0231767 0.0299789 0.03689 0.0432295 0.0483261 0.0516543 0.0529435 0.0522232 0.0497859 0.0460909 0.0416418 0.0368822 0.0321365 0.0276009 0.0233712 0.0194851 0.0159578
 1.07221e-16 1.65916e-05 9.73398e-05 0.000462629 0.00178101 0.00555379 0.0140287 0.0287064 0.0475913 0.0639357 0.0696326 0.0615588 0.0443671 0.0265029 0.0140078 0.00813601 0.00720319 0.00918438 0.0128247 0.0175111 0.0228566 0.0284574 0.0338454 0.0385449 0.0421615 0.0444554 0.0453733 0.0450273 0.0436366 0.0414541 0.038707 0.0355683 0.0321586 0.0285683 0.0248831 0.0212003
 1.06691e-16 1.97076e-05 0.000115635 0.000549605 0.0021159 0.00659811 0.0166665 0.0341036 0.0565369 0.075947 0.0826967 0.0730664 0.0525698 0.031219 0.0161615 0.00884914 0.00723791 0.00888183 0.0122622 0.0166458 0.021599 0.0267022 0.031488 0.035497 0.0383684 0.039912 0.0401365 0.0392211 0.0374469 0.0351133 0.0324701 0.0296834 0.0268388 0.0239688 0.0210884 0.0182227
 1.06339e-16 1.61306e-05 9.46259e-05 0.000449709 0.00173124 0.00539856 0.0136367 0.027905 0.0462653 0.0621622 0.067722 0.0599193 0.0432932 0.0260763 0.0141722 0.00883469 0.0084571 0.0110851 0.0154815 0.02099 0.0271266 0.0333531 0.0390565 0.0436391 0.0466427 0.0478454 0.0472985 0.0452877 0.0422388 0.0386021 0.0347554 0.0309527 0.0273216 0.0238972 0.0206692 0.0176226
 1.05871e-16 2.05963e-05 0.000120853 0.000574417 0.00221143 0.00689604 0.017419 0.0356432 0.0590884 0.0793718 0.0864189 0.0763388 0.0548885 0.0325243 0.016706 0.00893818 0.00707232 0.00854363 0.0117646 0.0159807 0.020764 0.025712 0.0303771 0.0343156 0.0371718 0.0387486 0.0390354 0.0381848 0.0364516 0.0341165 0.0314232 0.028546 0.0255904 0.0226147 0.0196591 0.0167674
 1.05734e-16 1.6858e-05 9.88959e-05 0.000470009 0.0018094 0.00564229 0.0142523 0.0291646 0.0483532 0.0649659 0.0707722 0.0626079 0.0452134 0.0271881 0.0146948 0.00903488 0.00851931 0.0110967 0.0154689 0.0209504 0.0270437 0.0332024 0.0388075 0.043258 0.0460968 0.0471078 0.0463535 0.0441344 0.0408933 0.0370969 0.0331364 0.0292742 0.0256407 0.0222682 0.019139 0.0162274
 1.06008e-16 1.85968e-05 0.000109111 0.000518586 0.00199646 0.00622564 0.0157257 0.0321788 0.0533472 0.0716658 0.0780446 0.0689789 0.0496789 0.0296026 0.01551 0.00878985 0.00753352 0.00944907 0.0131094 0.0178128 0.0231203 0.0285866 0.0337081 0.0379859 0.0410229 0.0426031 0.0427244 0.0415709 0.0394433 0.0366716 0.0335425 0.0302609 0.0269495 0.0236723 0.0204678 0.0173743
 1.06071e-16 1.75272e-05 0.000102828 0.000488709 0.00188141 0.00586686 0.0148195 0.0303249 0.0502754 0.0675443 0.0735694 0.065055 0.0469211 0.0280961 0.0149706 0.00887702 0.00803971 0.0103135 0.0143517 0.0194665 0.0251903 0.0310261 0.0364107 0.0407934 0.043747 0.0450571 0.0447564 0.04309 0.0404316 0.0371795 0.0336708 0.0301351 0.0266937 0.0233896 0.0202293 0.0172172
 1.07019e-16 1.44828e-05 8.49518e-05 0.000403718 0.00155416 0.00484635 0.0122418 0.025051 0.0415348 0.05581 0.0608113 0.0538279 0.0389423 0.0235568 0.0129877 0.00838121 0.0083181 0.0110651 0.0155256 0.0211111 0.0273708 0.0337873 0.0397608 0.0446982 0.0481331 0.0498206 0.049775 0.0482358 0.0455803 0.0422165 0.0384937 0.0346553 0.0308382 0.027103 0.0234767 0.0199861
 1.08153e-16 1.48698e-05 8.72286e-05 0.000414553 0.0015959 0.00497651 0.0125705 0.0257232 0.0426475 0.0572999 0.0624211 0.0552203 0.0398791 0.023983 0.0129703 0.00799439 0.00757592 0.0099229 0.0139162 0.0189861 0.0247344 0.0307209 0.0364319 0.0413508 0.0450575 0.0473096 0.0480755 0.0475077 0.0458735 0.0434694 0.0405524 0.0373052 0.0338407 0.0302283 0.0265283 0.0228143
 1.06979e-16 2.02717e-05 0.000118948 0.000565365 0.00217658 0.00678737 0.0171445 0.0350815 0.0581571 0.0781204 0.0850554 0.0751318 0.0540153 0.0319961 0.016415 0.00875108 0.00688845 0.00830247 0.0114325 0.0155407 0.0202142 0.0250688 0.0296779 0.033619 0.0365543 0.0382958 0.0388324 0.038305 0.0369462 0.0350075 0.0327001 0.0301665 0.0274846 0.0246927 0.021821 0.0189133
 1.0475e-16 2.21885e-05 0.000130198 0.000618839 0.00238246 0.00742937 0.0187662 0.0383998 0.0636583 0.0855104 0.0931026 0.0822428 0.0591333 0.0350382 0.0179923 0.00961254 0.00757679 0.00910927 0.0124809 0.0168541 0.0217388 0.0266729 0.0311533 0.0346964 0.0369363 0.0377032 0.0370534 0.0352354 0.0326114 0.0295615 0.0264019 0.0233419 0.0204816 0.0178399 0.0153944 0.013117
 1.02981e-16 2.58886e-05 0.000151924 0.000722133 0.00278018 0.00866966 0.021899 0.0448095 0.0742813 0.0997715 0.108608 0.0958859 0.0688267 0.0405481 0.0203905 0.0101971 0.00721305 0.00816384 0.0110196 0.0148268 0.0190806 0.0233488 0.0271752 0.0301249 0.0318716 0.0322678 0.0313725 0.0294217 0.0267576 0.0237416 0.0206794 0.017779 0.0151457 0.0128048 0.0107355 0.0089028
 1.02208e-16 2.59465e-05 0.000152262 0.000723734 0.00278633 0.00868885 0.0219475 0.0449089 0.0744468 0.0999957 0.108857 0.0961182 0.0690201 0.0407155 0.020573 0.0104482 0.00758762 0.00871238 0.0117831 0.0158276 0.0203116 0.0247634 0.0286838 0.0316005 0.0331648 0.0332299 0.0318801 0.0293971 0.026181 0.0226514 0.0191623 0.0159538 0.0131442 0.0107541 0.00874545 0.00705786
 1.02664e-16 2.12939e-05 0.000124939 0.000593824 0.00228612 0.00712893 0.0180074 0.0368478 0.0610876 0.0820643 0.0893689 0.0789883 0.0568883 0.0338986 0.0177573 0.0100486 0.00857518 0.0106924 0.0147354 0.0198584 0.0255083 0.0311229 0.0360825 0.0397951 0.0418202 0.0419681 0.040336 0.0372684 0.0332592 0.0288289 0.0244204 0.0203377 0.0167359 0.0136504 0.0110436 0.00884882
 1.03611e-16 2.11059e-05 0.00012384 0.000588605 0.00226604 0.00706632 0.0178492 0.0365238 0.0605495 0.0813382 0.0885698 0.0782623 0.0563226 0.0334761 0.017381 0.00959467 0.00792846 0.00975793 0.0134435 0.0181764 0.0234576 0.0287948 0.0336422 0.03747 0.0398704 0.0406443 0.0398354 0.0376989 0.0346208 0.0310175 0.0272497 0.0235739 0.0201354 0.0169924 0.0141524 0.011605
 1.04179e-16 2.03896e-05 0.000119634 0.000568608 0.00218904 0.00682621 0.0172427 0.0352829 0.0584929 0.0785773 0.0855682 0.0756212 0.0544464 0.0324102 0.0169179 0.00948303 0.00800027 0.00994106 0.013723 0.0185584 0.0239499 0.0293983 0.0343488 0.0382636 0.040731 0.0415525 0.0407778 0.0386701 0.0356236 0.0320596 0.0283382 0.0247101 0.0213109 0.0181877 0.0153391 0.0127495
 1.03813e-16 2.37529e-05 0.000139384 0.000662516 0.00255063 0.00795383 0.0200909 0.0411101 0.0681498 0.0915392 0.0996548 0.0880026 0.0632132 0.0373324 0.0189436 0.00975595 0.00726178 0.00847415 0.0115408 0.0155842 0.0201232 0.0247266 0.0289297 0.0322828 0.0344403 0.0352328 0.0346957 0.0330418 0.0305922 0.0276909 0.0246325 0.0216222 0.0187721 0.0161233 0.0136788 0.0114315
 1.03247e-16 2.33347e-05 0.000136926 0.000650823 0.0025056 0.00781338 0.0197362 0.0403846 0.0669483 0.0899289 0.0979113 0.0864854 0.0621725 0.036816 0.0188622 0.0100062 0.00779934 0.00931516 0.0127283 0.0171519 0.0220668 0.0269861 0.0313825 0.034752 0.036717 0.0371094 0.0360013 0.0336714 0.0305222 0.0269776 0.0233957 0.0200201 0.0169731 0.0142824 0.0119211 0.00984496
 1.03305e-16 2.21248e-05 0.000129821 0.000617042 0.00237553 0.00740776 0.0187117 0.0382884 0.0634744 0.0852657 0.0928423 0.0820276 0.0590105 0.0350295 0.0181056 0.0098619 0.00799344 0.00973864 0.0133711 0.0180405 0.0232286 0.0284323 0.0331 0.0367015 0.0388366 0.0393218 0.0382241 0.0358263 0.0325426 0.0288125 0.0250114 0.0213984 0.0181103 0.0151864 0.0126099 0.0103438
 1.02977e-16 2.55804e-05 0.000150115 0.000713533 0.00274706 0.0085664 0.0216382 0.0442758 0.0733966 0.0985833 0.107314 0.0947446 0.0680085 0.0400684 0.0201539 0.0100874 0.00714869 0.00810457 0.0109527 0.0147547 0.0190159 0.0233126 0.0271954 0.0302333 0.0320983 0.0326352 0.0318895 0.0300793 0.027529 0.0245846 0.0215426 0.0186093 0.0158963 0.0134407 0.0112372 0.00926661
 1.02445e-16 2.57202e-05 0.000150933 0.00071742 0.00276202 0.00861304 0.021756 0.0445171 0.0737972 0.0991232 0.107907 0.0952792 0.068417 0.0403587 0.020391 0.0103535 0.00751743 0.0086335 0.0116821 0.0157024 0.0201683 0.0246162 0.0285545 0.0315172 0.0331584 0.0333291 0.0321064 0.0297607 0.0266785 0.0232658 0.0198656 0.0167107 0.0139171 0.0115075 0.00944938 0.00769039
pSPR Fmed_Fpbrs
0.721883   0.255389 0.255389
Fs Fmed_Fpbrs
0.167841   1.005 1.005
SSBpbr Bo_Bmed_Bpbrs
1.4351e+06  964219  294754 294754
Ro
67507.9
SPR SPRFo_SPRFmed_SPRFpbrs
1.38888e+06 1.00261e+06 354705
log_Ro
10.94
likeval ReclasPelacesDesembMPH_pf_preclas_ppelaces_ptallas_desvR_qrecl_qpela
 207.5 52.6757 0.123778 0.00120583 315.311 189.452 83.8209 0 17.5027 0 0 0 0 0 0
q_reclas_q_pelaces
1 1
M
0.7
N
 115387 22531 8009.97 912.066 0.443397
 103985 52128 9260.07 3292.03 375.034
 65811.6 48187.8 22543 4004.56 1585.84
 71868.8 29290.5 19221.7 8992.2 2229.96
 103671 34909.7 13917 9132.92 5332.05
 90543.2 51195.5 17143.7 6834.46 7103.57
 132290 41722.7 21891.3 7330.69 5959.92
 113381 62774.9 18918.9 9926.46 6026.55
 123113 51168 25746 7759.24 6542.83
 111480 54547.3 20227.7 10177.9 5653.88
 69916.2 49917 22023.2 8166.83 6392
 45241.8 27137.4 15143.8 6681.38 4416.85
 44218.7 17718.3 8381.77 4677.38 3427.85
 29510.7 15417.5 4337.53 2051.91 1984.21
 22241.3 7919.68 2236.02 629.078 585.363
 22633.4 6827.58 1502.89 424.322 230.46
 21413.6 9361.52 2352.15 517.755 225.577
 24969.2 9402.41 3634.55 913.205 288.594
 29071.2 11463.8 3991.1 1542.78 510.134
 48096.5 13530.6 5000.83 1741.03 895.539
 71393.1 22499.7 5962.79 2203.81 1161.91
 98525.8 34455 10553 2796.71 1578.61
 192276 47214.2 15933.2 4880.07 2023.31
 348372 91952.6 21744.7 7338.12 3179.38
pred_Ctot
 7530.63 2823.53 1003.79 114.298 0.0555654
 5015.68 4880.2 866.922 308.198 35.1105
 4941.47 6904.3 3229.94 573.769 227.217
 1130 912.185 598.615 280.041 69.4469
 413.971 278.115 110.872 72.759 42.4787
 4712.17 5158.97 1727.57 688.707 715.826
 4237.58 2620.45 1374.91 460.415 374.321
 7478.2 7946.78 2394.98 1256.61 762.911
 9604.74 7603.26 3825.7 1152.98 972.227
 7929.08 7421.99 2752.29 1384.86 769.298
 11137.2 14365.9 6338.19 2350.38 1839.59
 6971.01 7580.64 4230.32 1866.4 1233.82
 9666.83 6725.02 3181.33 1775.31 1301.05
 10101.2 8402.63 2363.98 1118.3 1081.41
 6277.58 3714.11 1048.63 295.02 274.519
 2748.45 1535.61 338.019 95.4353 51.8334
 1795.88 1489.81 374.324 82.3964 35.8986
 1361.04 990.823 383.007 96.2332 30.4119
 1316.62 1009.56 351.478 135.865 44.9252
 2011.75 1102.89 407.62 141.912 72.9959
 1447.35 900.92 238.759 88.2437 46.5244
 2484.89 1711.06 524.069 138.887 78.3952
 5122.06 2474.37 835.016 255.751 106.036
 6815.86 3554.87 840.647 283.69 122.914
F
 0.0945913 0.189183 0.189183 0.189183 0.189183
 0.0691391 0.138278 0.138278 0.138278 0.138278
 0.109533 0.219067 0.219067 0.219067 0.219067
 0.0220771 0.0441542 0.0441542 0.0441542 0.0441542
 0.00556615 0.0111323 0.0111323 0.0111323 0.0111323
 0.0747822 0.149564 0.149564 0.149564 0.149564
 0.0454415 0.0908829 0.0908829 0.0908829 0.0908829
 0.0956386 0.191277 0.191277 0.191277 0.191277
 0.114031 0.228062 0.228062 0.228062 0.228062
 0.103485 0.206971 0.206971 0.206971 0.206971
 0.246386 0.492772 0.492772 0.492772 0.492772
 0.237426 0.474852 0.474852 0.474852 0.474852
 0.353645 0.70729 0.70729 0.70729 0.70729
 0.615403 1.23081 1.23081 1.23081 1.23081
 0.48098 0.961961 0.961961 0.961961 0.961961
 0.182821 0.365643 0.365643 0.365643 0.365643
 0.123062 0.246123 0.246123 0.246123 0.246123
 0.0784501 0.1569 0.1569 0.1569 0.1569
 0.0647941 0.129588 0.129588 0.129588 0.129588
 0.0597083 0.119417 0.119417 0.119417 0.119417
 0.0285468 0.0570936 0.0570936 0.0570936 0.0570936
 0.0356244 0.0712488 0.0712488 0.0712488 0.0712488
 0.0376614 0.0753229 0.0753229 0.0753229 0.0753229
 0.0275375 0.0550749 0.0550749 0.0550749 0.0550749
nmprior
 10 10 8 0
nm_flota  nm_reclas  nm_pelaces    nm_pelaL
inf 12.0344 14.8531 25.4788
cv_recla  cv_pelaces  cv_mph
1.33363 0.854023 1.12663
 ------------------------------------------------
Talla a la edad & desviación 
 7.2 14.2025 17.0495 18.207 18.6776
 1.08 2.13037 2.55742 2.73105 2.80164
