years
 1997 1998 1999 2000 2001 2002 2003 2004 2005 2006 2007 2008 2009 2010 2011 2012 2013 2014 2015 2016 2017 2018 2019 2020
reclasobs
 0 0 0 370054 412103 1.49427e+06 250295 1.28982e+06 931140 785840 897777 1.04006e+06 184774 17550 25797 100020 73551 82996 120727 218422 84188 347160 605670 569463
reclaspred
 1.82748e+06 298088 696802 332894 313303 323834 629122 814782 1.54476e+06 1.46138e+06 1.25599e+06 874077 489018 197770 109527 118534 165029 224083 215315 250466 462626 491434 734315 672156
pelacesobs
 0 0 0 0 0 0 0 0 0 2.06254e+06 1.5e+06 0 1.87456e+06 323000 250000 174000 83755 137374 0 501740 490994 745055 786931 1.00524e+06
pelacespred
 976707 340283 248069 239931 194354 139636 309512 490664 904543 891420 680203 479856 261251 84563.7 44220.7 55904.6 81477.9 114775 117293 131643 263402 290612 334219 366719
mphobs
 0 0 0 0 0 112323 0 153150 637223 0 255016 313432 73983 77613 109348 50772 0 0 0 0 0 0 0 0
mphpred
 1.39078e+06 617457 440452 397616 265343 309649 381900 579095 1.10551e+06 1.52453e+06 1.16755e+06 987808 532414 278612 106530 88734.3 125576 174961 203554 188531 309903 463775 537039 612894
desembarqueobs
 350755 77701 442110 56441 14545 235359 269955 359681 431902 328805 639364 411747 362871 311530 167758 66681 60226 58785 57116 71774 51957 67425 138520 160799
desembarquepred
 351293 77809 442903 56442.9 14569.2 235796 269349 360228 432625 329290 639338 410613 362508 311374 167497 66680.2 60114.9 58799.9 57284 71808.7 51926 67377.1 138571 160880
Reclutas
 33967.9 40490.3 24858.5 14743.3 30799.7 33132.3 51550.1 151944 199841 54998.8 123436 16889.6 48277.6 21656.2 18539.6 21162.2 14427.3 14797.2 9907.13 27635.8 50674.9 42341.5 53957.2 41362.2
log_desv_Rt
 -0.0268298 0.148817 -0.339043 -0.861458 -0.12474 -0.0517371 0.39031 1.47127 1.74528 0.455066 1.26348 -0.725548 0.324723 -0.476951 -0.632337 -0.50003 -0.883121 -0.857808 -1.25899 -0.233131 0.373187 0.193524 0.435946 0.170123
SSB
 1.39078e+06 617457 440452 397616 265343 309649 381900 579095 1.10551e+06 1.52453e+06 1.16755e+06 987808 532414 278612 106530 88734.3 125576 174961 203554 188531 309903 463775 537039 612894
BT
 2.52851e+06 782251 859690 532127 440897 471784 1.063e+06 1.73215e+06 2.78155e+06 2.06633e+06 2.14753e+06 1.2888e+06 931583 477666 257102 192233 238527 305181 282756 373780 713791 640257 782461 883614
Ftot
 0.186228 0.251883 0.596044 0.164495 0.0454597 0.677964 0.4096 0.424279 0.270571 0.217791 0.483307 0.445476 0.690296 1.3525 1.34194 0.533476 0.349531 0.25332 0.256495 0.276645 0.109388 0.133318 0.182903 0.231228
BD_Bspro_t
 0.971905 0.818959 0.689763 0.485198 0.520383 0.618557 0.509428 0.585011 0.682989 0.693725 0.612699 0.503692 0.363765 0.261086 0.132768 0.136202 0.236153 0.372877 0.463745 0.507817 0.653719 0.783928 0.779316 0.745337
BD_Bspro
 1.93744 0.860154 0.613576 0.553903 0.369639 0.431359 0.532009 0.806713 1.54003 2.12376 1.62646 1.37607 0.741684 0.388123 0.148403 0.123612 0.174935 0.243731 0.283563 0.262635 0.431714 0.646066 0.748126 0.853798
BD_Bo
 1.35476 0.601465 0.429044 0.387318 0.258471 0.301628 0.372008 0.564096 1.07687 1.48504 1.13731 0.962223 0.518624 0.271396 0.103771 0.086436 0.122324 0.17043 0.198282 0.183648 0.301877 0.451763 0.523129 0.59702
BD_Brms
 6.59606 2.92841 2.08893 1.88577 1.25844 1.46857 1.81124 2.74647 5.24308 7.23039 5.53733 4.68488 2.52508 1.32137 0.505242 0.42084 0.59557 0.829789 0.965395 0.894146 1.46978 2.19954 2.54701 2.90677
S_f
 0.5 1 1 1 1
 0.5 1 1 1 1
 0.5 1 1 1 1
 0.5 1 1 1 1
 0.5 1 1 1 1
 0.5 1 1 1 1
 0.5 1 1 1 1
 0.5 1 1 1 1
 0.5 1 1 1 1
 0.5 1 1 1 1
 0.5 1 1 1 1
 0.5 1 1 1 1
 0.5 1 1 1 1
 0.5 1 1 1 1
 0.5 1 1 1 1
 0.5 1 1 1 1
 0.5 1 1 1 1
 0.5 1 1 1 1
 0.5 1 1 1 1
 0.5 1 1 1 1
 0.5 1 1 1 1
 0.5 1 1 1 1
 0.5 1 1 1 1
 0.5 1 1 1 1
Scru_reclas
 0.5 1 1 1 1
 0.5 1 1 1 1
 0.5 1 1 1 1
 0.5 1 1 1 1
 0.5 1 1 1 1
 0.5 1 1 1 1
 0.5 1 1 1 1
 0.5 1 1 1 1
 0.5 1 1 1 1
 0.5 1 1 1 1
 0.5 1 1 1 1
 0.5 1 1 1 1
 0.5 1 1 1 1
 0.5 1 1 1 1
 0.5 1 1 1 1
 0.5 1 1 1 1
 0.5 1 1 1 1
 0.5 1 1 1 1
 0.5 1 1 1 1
 0.5 1 1 1 1
 0.5 1 1 1 1
 0.5 1 1 1 1
 0.5 1 1 1 1
 0.5 1 1 1 1
Scru_pelaces
 0.5 1 1 1 1
 0.5 1 1 1 1
 0.5 1 1 1 1
 0.5 1 1 1 1
 0.5 1 1 1 1
 0.5 1 1 1 1
 0.5 1 1 1 1
 0.5 1 1 1 1
 0.5 1 1 1 1
 0.5 1 1 1 1
 0.5 1 1 1 1
 0.5 1 1 1 1
 0.5 1 1 1 1
 0.5 1 1 1 1
 0.5 1 1 1 1
 0.5 1 1 1 1
 0.5 1 1 1 1
 0.5 1 1 1 1
 0.5 1 1 1 1
 0.5 1 1 1 1
 0.5 1 1 1 1
 0.5 1 1 1 1
 0.5 1 1 1 1
 0.5 1 1 1 1
pf_obs 
 0.256992 0.487395 0.22802 0.0275931 0
 0.321318 0.546541 0.124235 0.00734118 0.000564706
 0.182869 0.594174 0.210203 0.0122559 0.00049798
 0.330522 0.361315 0.267642 0.0388342 0.00168674
 0.649043 0.306663 0.0425973 0.00169635 0
 0.582887 0.30429 0.105238 0.00758474 0
 0.465427 0.430635 0.0974691 0.00646863 0
 0.296916 0.608066 0.0921331 0.00288517 0
 0.311714 0.524322 0.152257 0.0117073 0
 0.15457 0.633149 0.183074 0.0267441 0.00246327
 0.131901 0.49318 0.331252 0.0422183 0.00144891
 0.196976 0.569456 0.194076 0.0375587 0.00193317
 0.518974 0.381816 0.0799577 0.0180837 0.00116848
 0.0928022 0.601141 0.25162 0.0475244 0.00691264
 0.122501 0.610282 0.24278 0.0234846 0.000952079
 0.383417 0.481906 0.127806 0.00687128 0
 0.0376549 0.599619 0.316969 0.0457579 0
 0.0361596 0.667082 0.258105 0.0386534 0
 0.158088 0.579412 0.248529 0.0139706 0
 0.0477256 0.309471 0.559284 0.082774 0.000745712
 0.0406174 0.521527 0.379366 0.0568643 0.0016247
 0.151134 0.462217 0.34131 0.0453401 0
 0.294876 0.26143 0.354403 0.0886775 0.000613685
 0.281977 0.475581 0.204845 0.0348837 0.00271318
pf_pred 
 0.30023 0.352274 0.174934 0.0868698 0.0856913
 0.397702 0.286096 0.159181 0.079047 0.0779746
 0.317086 0.400655 0.134075 0.074598 0.073586
 0.304693 0.365513 0.193485 0.0647476 0.0715613
 0.524768 0.2275 0.130229 0.068937 0.0485657
 0.467351 0.368088 0.0787776 0.0450951 0.0406882
 0.620425 0.259051 0.0832885 0.0178252 0.0194105
 0.757825 0.190464 0.0352913 0.0113466 0.00507273
 0.603133 0.347768 0.0386149 0.00715498 0.00332887
 0.203086 0.610937 0.162969 0.0180954 0.00491287
 0.49472 0.177683 0.251145 0.0669935 0.00945831
 0.117654 0.611404 0.0952775 0.13467 0.0409952
 0.490385 0.118739 0.27085 0.0422076 0.077819
 0.364463 0.446756 0.0439853 0.100333 0.0444624
 0.580068 0.267972 0.106821 0.0105171 0.0346211
 0.669827 0.267064 0.0402719 0.0160535 0.00678354
 0.443488 0.459706 0.0783021 0.0118075 0.00669572
 0.453088 0.349008 0.163479 0.0278454 0.00658005
 0.341086 0.422036 0.151162 0.0708057 0.0149103
 0.640907 0.189253 0.108783 0.0389632 0.022094
 0.633021 0.291544 0.0397561 0.022852 0.0128262
 0.416571 0.45543 0.101688 0.0138665 0.0124442
 0.460068 0.322473 0.169751 0.0379017 0.0098067
 0.36336 0.408877 0.136031 0.071607 0.0201251
pobs_RECLAS
 0 0 0 0 0
 0 0 0 0 0
 0 0 0 0 0
 0 0 0 0 0
 0.835266 0.146461 0.0176864 0.000547809 3.91292e-05
 0.385257 0.428462 0.181853 0.0044286 0
 0.867414 0.0963971 0.0333333 0.00285562 0
 0.441836 0.489002 0.0689373 0.000224442 0
 0.779404 0.147425 0.0564933 0.0165055 0.000172143
 0.814271 0.122319 0.05973 0.00367925 0
 0.40263 0.566651 0.0304383 0.000280538 0
 0.475488 0.404961 0.113038 0.00651328 0
 0.955842 0.0263864 0.0167828 0.000988607 0
 0.975058 0.0227948 0.00214734 0 0
 0.738997 0.206755 0.0527124 0.00153531 0
 0.850938 0.134255 0.0134407 0.00136685 0
 0.542534 0.407297 0.0501686 0 0
 0.764087 0.199537 0.0359546 0.000420521 0
 0.470689 0.182191 0.310203 0.0369168 0
 0.84361 0.089868 0.0606195 0.00523954 0.000663233
 0.607945 0.314616 0.071237 0.00620181 0
 0.523733 0.453247 0.0230204 0 0
 0.530135 0.295979 0.169645 0.0042399 0
 0.562478 0.366248 0.0663022 0.0049721 0
ppred_RECLAS
 0.301585 0.351592 0.174596 0.0867016 0.0855254
 0.399909 0.285047 0.158598 0.0787572 0.0776888
 0.323152 0.397096 0.132884 0.0739354 0.0729324
 0.305877 0.364891 0.193155 0.0646374 0.0714395
 0.525111 0.227336 0.130135 0.0688872 0.0485306
 0.475653 0.362351 0.0775496 0.0443922 0.040054
 0.624397 0.25634 0.0824168 0.0176387 0.0192073
 0.761057 0.187922 0.0348202 0.0111952 0.00500502
 0.605535 0.345664 0.0383812 0.00711169 0.00330873
 0.204341 0.609975 0.162712 0.0180669 0.00490513
 0.499969 0.175837 0.248536 0.0662975 0.00936005
 0.119626 0.610038 0.0950646 0.134369 0.0409035
 0.498927 0.116749 0.26631 0.0415001 0.0765146
 0.386036 0.431591 0.0424922 0.0969272 0.0429531
 0.602045 0.253948 0.101231 0.00996666 0.0328093
 0.675106 0.262794 0.039628 0.0157968 0.00667508
 0.446897 0.456891 0.0778225 0.0117352 0.00665472
 0.455386 0.347541 0.162792 0.0277284 0.00655239
 0.343204 0.420679 0.150676 0.0705781 0.0148624
 0.643278 0.188003 0.108065 0.0387059 0.0219481
 0.633841 0.290893 0.0396673 0.0228009 0.0127976
 0.41764 0.454595 0.101502 0.0138411 0.0124214
 0.461635 0.321537 0.169258 0.0377917 0.00977824
 0.365284 0.407641 0.13562 0.0713905 0.0200643
pobs_PELACES
 0 0 0 0 0
 0 0 0 0 0
 0 0 0 0 0
 0 0 0 0 0
 0 0 0 0 0
 0 0 0 0 0
 0 0 0 0 0
 0 0 0 0 0
 0 0 0 0 0
 0 0 0 0 0
 0.450072 0.473896 0.0757376 0.000293798 0
 0 0 0 0 0
 0.463077 0.371075 0.160297 0.00555027 0
 0.529543 0.364841 0.0842815 0.0213345 0
 0.631943 0.363953 0.00410389 0 0
 0.735681 0.248677 0.0153453 0.000297389 0
 0.695825 0.281241 0.0229344 0 0
 0.275771 0.60734 0.115278 0.00161068 0
 0 0 0 0 0
 0.896147 0.0623911 0.0374545 0.00400742 0
 0.803859 0.145111 0.0509908 3.86294e-05 0
 0.739449 0.233085 0.0266225 0.000797448 4.60066e-05
 0.878498 0.100942 0.0204185 0.000141795 0
 0.694673 0.275183 0.0284847 0.00165964 0
ppred_PELACES
 0.308097 0.348314 0.172968 0.0858933 0.084728
 0.409923 0.28029 0.155951 0.077443 0.0763924
 0.345026 0.384263 0.12859 0.0715461 0.0705755
 0.31167 0.361846 0.191543 0.064098 0.0708433
 0.526982 0.22644 0.129623 0.0686159 0.0483395
 0.5036 0.343038 0.0734164 0.0420262 0.0379192
 0.640109 0.245617 0.0789692 0.0169008 0.0184038
 0.773554 0.178094 0.0329991 0.0106097 0.00474325
 0.616147 0.336364 0.0373487 0.00692036 0.00321972
 0.210246 0.605448 0.161504 0.0179329 0.00486873
 0.519895 0.16883 0.238632 0.0636556 0.00898705
 0.127586 0.604522 0.094205 0.133154 0.0405337
 0.527374 0.11012 0.251191 0.0391441 0.0721706
 0.440079 0.393601 0.0387519 0.0883954 0.0391722
 0.653716 0.220975 0.0880869 0.00867258 0.0285493
 0.694108 0.247424 0.0373103 0.0148729 0.00628469
 0.461192 0.445082 0.0758111 0.0114319 0.00648272
 0.46577 0.340915 0.159688 0.0271997 0.00642746
 0.352807 0.414529 0.148473 0.0695462 0.0146451
 0.653683 0.182519 0.104913 0.0375769 0.0213079
 0.638019 0.287574 0.0392146 0.0225407 0.0126515
 0.423 0.450412 0.100567 0.0137137 0.0123071
 0.469143 0.317053 0.166897 0.0372646 0.00964187
 0.374175 0.401931 0.13372 0.0703906 0.0197833
pobs_pel_tallas
 0 0 0 0 0 0 0 0 0 0 0 0 0 0 0 0 0 0 0 0 0 0 0 0 0 0 0 0 0 0 0 0 0 0 0 0
 0 0 0 0 0 0 0 0 0 0 0 0 0 0 0 0 0 0 0 0 0 0 0 0 0 0 0 0 0 0 0 0 0 0 0 0
 0 0 0 0 0 0 0 0 0 0 0 0 0 0 0 0 0 0 0 0 0 0 0 0 0 0 0 0 0 0 0 0 0 0 0 0
 0 0 0 0 0 0 0 0 0 0 0 0 0 0 0 0 0 0 0 0 0 0 0 0 0 0 0 0 0 0 0 0 0 0 0 0
 0 0 0 0 0 0 0 0 0 0 0 0 0 0 0 0 0 0 0 0 0 0 0 0 0 0 0 0 0 0 0 0 0 0 0 0
 0 0 0 0 0 0 0 0 0 0 0 0 0 0 0 0 0 0 0 0 0 0 0 0 0 0 0 0 0 0 0 0 0 0 0 0
 0 0 0 0 0 0 0 0 0 0 0 0 0 0 0 0 0 0 0 0 0 0 0 0 0 0 0 0 0 0 0 0 0 0 0 0
 0 0 0 0 0 0 0 0 0 0 0 0 0 0 0 0 0 0 0 0 0 0 0 0 0 0 0 0 0 0 0 0 0 0 0 0
 0 0 0 0 0 0 0 0 0 0 0 0 0 0 0 0 0 0 0 0 0 0 0 0 0 0 0 0 0 0 0 0 0 0 0 0
 0 0 0 0 0 0 0 0 0 0 0 0 0 0 0 0 0 0 0 0 0 0 0 0 0 0 0 0 0 0 0 0 0 0 0 0
 0 0 0 0 0 0 0 0 1.78061e-05 0.00172719 0.00360574 0.0105946 0.0120993 0.0124554 0.0147524 0.0171206 0.0266825 0.0428682 0.0675386 0.121331 0.153587 0.119568 0.100827 0.0573624 0.0630603 0.0341343 0.0324427 0.0444173 0.0211091 0.0280891 0.0125444 0.00206551 0 0 0 0
 0 0 0 0 0 0 0 0 0 0 0 0 0 0 0 0 0 0 0 0 0 0 0 0 0 0 0 0 0 0 0 0 0 0 0 0
 0 0 0 0 0 0 0.0133647 0.0140871 0.0187388 0.0205184 0.03894 0.0496705 0.03968 0.0493445 0.0407372 0.0367815 0.0215668 0.0243155 0.0234873 0.0199281 0.019796 0.0243948 0.0301388 0.0376714 0.0412746 0.0863199 0.0771752 0.113111 0.0741005 0.0525337 0.0229764 0.00759418 0.00175318 0 0 0
 0 0 0 0 0 0 0 0 0 0 0.00219441 0.00772107 0.0458388 0.0604681 0.0671733 0.0775358 0.0609151 0.0617685 0.073594 0.0568108 0.0755445 0.0548602 0.0670107 0.0636378 0.0643287 0.046367 0.0373049 0.0286899 0.0247887 0.0153202 0.00654259 0.00121912 0.000365735 0 0 0
 0 0 0 0 0 0 0 0 0 0 0 0 0.000112435 0.00938835 0.0111873 0.0202946 0.0414886 0.0713402 0.111592 0.104902 0.108894 0.110636 0.117776 0.105296 0.107544 0.0401394 0.0192827 0.0124803 0.00416011 0.0028671 0.000618394 0 0 0 0 0
 0 0 0 0 0 0 0 0 0 0 0.00291406 0.0102884 0.027416 0.0768956 0.0749926 0.110853 0.0956884 0.0897413 0.0766577 0.0534642 0.0500743 0.0551293 0.0594112 0.0620874 0.0668451 0.0424026 0.0208742 0.0120726 0.0048766 0.00582813 0.00118941 0.000297354 0 0 0 0
 0 0.00264628 0.0354308 0.0461629 0.0458689 0.0383711 0.0214643 0.0164657 0.0346957 0.0420465 0.0363128 0.0245516 0.0311673 0.0291091 0.0169068 0.0133784 0.00837989 0.0085269 0.0148486 0.0160247 0.0276389 0.0546898 0.0760071 0.122758 0.109233 0.0665981 0.0333725 0.0166128 0.00676272 0.00308733 0.000882094 0 0 0 0 0
 0 0 0 0 0 0 0 0.000805153 0.000690131 0.00759144 0.0133425 0.0154129 0.00931677 0.000345066 0.00356568 0.00563607 0.00851162 0.0253048 0.0502646 0.0516448 0.0657925 0.0565908 0.0611916 0.0827007 0.0866115 0.110766 0.145733 0.0935128 0.0569358 0.0249597 0.0138026 0.00621118 0.00161031 0.00115022 0 0
 0 0 0 0 0 0 0 0 0 0 0 0 0 0 0 0 0 0 0 0 0 0 0 0 0 0 0 0 0 0 0 0 0 0 0 0
 0.00147267 0.00158595 0.00478618 0.00569244 0.00954404 0.0108468 0.00647125 0.017049 0.0510054 0.094081 0.124002 0.0959785 0.0687766 0.0820023 0.061753 0.0591476 0.0492212 0.0479892 0.0443925 0.0268479 0.0217502 0.0140895 0.0121071 0.0120363 0.00920419 0.00665534 0.0049561 0.00860946 0.00930331 0.0156896 0.0114698 0.00855282 0.00243557 0.00046729 0 2.83206e-05
 0 0 0 0 0.000772559 0.00158375 0.000888443 0.00281984 0.00712685 0.0440552 0.0773331 0.111326 0.0921469 0.0852325 0.0710754 0.0886704 0.0786465 0.0553345 0.0373146 0.0185414 0.00753245 0.00457741 0.012979 0.0271748 0.0457355 0.0583668 0.034881 0.0177882 0.00938659 0.00492506 0.0015258 0.00185414 0.000309023 5.79419e-05 3.86279e-05 0
 0 0.00173294 0.00326652 0 0.00397197 0.00683976 0.00946217 0.0152591 0.00757587 0.0136028 0.0228656 0.0392903 0.0559909 0.0764795 0.0681675 0.0726916 0.0566044 0.0477403 0.0527397 0.0444891 0.0609904 0.0582453 0.0661739 0.0445044 0.0529084 0.0360697 0.0280645 0.0235558 0.0158879 0.00826598 0.00280645 0.00217768 0.000904811 0.00058276 9.20147e-05 0
 0 0 0 0 0 0 0 0 0 0 0 0 0 0 0 0 0 0 0 0 0 0 0 0 0 0 0 0 0 0 0 0 0 0 0 0
 0 0 0 0 0 0 0 0 0 0 0 0 0 0 0 0 0 0 0 0 0 0 0 0 0 0 0 0 0 0 0 0 0 0 0 0
ppred_pel_tallas
 1.0948e-16 1.34614e-05 7.8959e-05 0.000375236 0.00144451 0.00450442 0.0113781 0.0232835 0.038604 0.0518716 0.0565189 0.0500259 0.0361863 0.0218793 0.0120457 0.00775122 0.00767985 0.0102277 0.0143885 0.0196355 0.0255762 0.0317608 0.0376618 0.0427506 0.0466012 0.0489731 0.049844 0.0493795 0.0478587 0.0455837 0.0428073 0.0396987 0.0363501 0.0328089 0.0291165 0.0253361
 1.08536e-16 1.78987e-05 0.000105016 0.00049913 0.00192156 0.0059921 0.0151358 0.0309714 0.0513447 0.0689734 0.0751065 0.0663677 0.0477669 0.0284008 0.0147671 0.00819317 0.00683483 0.00848517 0.0117808 0.0160718 0.0209778 0.0261259 0.0310925 0.0354513 0.0388536 0.0410937 0.0421352 0.0420884 0.0411525 0.0395463 0.0374533 0.0349973 0.0322492 0.0292536 0.0260585 0.0227352
 1.07707e-16 1.5073e-05 8.84179e-05 0.000420198 0.00161762 0.00504423 0.0127417 0.0260736 0.0432296 0.0580854 0.0632855 0.0560056 0.0404909 0.0244396 0.0133762 0.00848235 0.00826863 0.0109196 0.0152867 0.0207578 0.0268741 0.0331188 0.0388992 0.0436351 0.0468791 0.0484092 0.0482641 0.0467048 0.0441234 0.0409317 0.03747 0.0339602 0.0305077 0.0271372 0.0238405 0.0206159
 1.0835e-16 1.36178e-05 7.9876e-05 0.000379592 0.00146128 0.00455671 0.0115102 0.0235539 0.0390526 0.0524751 0.0571787 0.050615 0.0366237 0.0221664 0.0122441 0.00793914 0.00792334 0.0105758 0.0148765 0.0202854 0.0263925 0.0327237 0.0387236 0.0438354 0.0476114 0.0497999 0.0503819 0.0495402 0.0475831 0.0448495 0.0416304 0.0381312 0.0344731 0.0307231 0.0269315 0.0231589
 1.06531e-16 2.30008e-05 0.000134975 0.000641569 0.00247 0.00770241 0.0194558 0.03981 0.0659932 0.0886381 0.0964849 0.0851758 0.0611231 0.0359787 0.0180383 0.0089389 0.00623721 0.00703681 0.00955958 0.0129983 0.0169583 0.0211169 0.0251265 0.02864 0.0313733 0.0331577 0.0339616 0.033873 0.0330534 0.031682 0.0299116 0.0278483 0.0255565 0.0230789 0.0204601 0.0177612
 1.0437e-16 2.19859e-05 0.000129006 0.000613169 0.00236062 0.00736126 0.0185942 0.0380481 0.0630759 0.0847303 0.0922592 0.081512 0.0586387 0.0348068 0.0179865 0.00978985 0.00792505 0.00964626 0.013236 0.0178479 0.0229665 0.0280931 0.0326844 0.0362218 0.03832 0.0388113 0.0377774 0.0355108 0.0324282 0.0289616 0.025469 0.0221834 0.0192106 0.0165589 0.014185 0.0120351
 1.02642e-16 2.79345e-05 0.000163938 0.000779259 0.00300014 0.00935561 0.0236316 0.0483543 0.0801557 0.107656 0.117176 0.103416 0.0741559 0.0435353 0.0216103 0.0103426 0.00673223 0.00722596 0.00963084 0.0129409 0.0166644 0.0204144 0.0237931 0.0264215 0.028013 0.0284344 0.0277302 0.0260976 0.0238268 0.0212264 0.0185591 0.0160065 0.0136642 0.0115602 0.00968431 0.00801342
 1.01113e-16 3.37505e-05 0.00019809 0.000941634 0.00362535 0.0113053 0.0285563 0.05843 0.0968542 0.130072 0.141544 0.12485 0.0893686 0.0521491 0.0252951 0.0111181 0.00593176 0.00539454 0.00684018 0.00908624 0.0116314 0.0141567 0.0163648 0.0179822 0.0188097 0.0187662 0.0179059 0.0163979 0.0144798 0.0123997 0.0103662 0.00851934 0.00692656 0.00559636 0.00450155 0.00360125
 1.01029e-16 2.68932e-05 0.000157817 0.00075014 0.00288799 0.00900586 0.0227483 0.0465476 0.0771636 0.103646 0.112833 0.0996358 0.0715601 0.0422417 0.0213943 0.010944 0.00803761 0.00927274 0.0125249 0.0167671 0.0214176 0.0259544 0.0298279 0.0325253 0.0336797 0.0331562 0.031083 0.0278117 0.0238255 0.019625 0.015629 0.0121163 0.00921487 0.00692901 0.00518458 0.00387463
 1.03334e-16 9.20526e-06 5.39478e-05 0.000256276 0.000986397 0.00307574 0.00776969 0.0159023 0.026377 0.0354752 0.0387404 0.0344961 0.0254011 0.0162529 0.0105595 0.00920714 0.0114504 0.0162949 0.0230445 0.0311682 0.0400398 0.0488295 0.0565689 0.0623235 0.0653972 0.0654889 0.0627525 0.0577343 0.0512196 0.0440406 0.0369099 0.0303228 0.0245394 0.0196274 0.0155332 0.0121514
 1.0605e-16 2.26899e-05 0.000133154 0.00063292 0.00243672 0.00759863 0.0191936 0.0392732 0.0651019 0.0874371 0.0951674 0.0839885 0.0602186 0.0353417 0.017528 0.00837814 0.00547188 0.00595298 0.00808713 0.011122 0.0147364 0.0186957 0.0227391 0.0265826 0.0299579 0.0326524 0.0345312 0.0355377 0.0356774 0.0349958 0.0335618 0.0314617 0.0288024 0.0257158 0.0223594 0.0189065
 1.08004e-16 5.60045e-06 3.27854e-05 0.00015567 0.000599043 0.00186779 0.00471854 0.00965941 0.0160292 0.0215803 0.0236247 0.0211743 0.0158896 0.0107518 0.00798346 0.00823374 0.011162 0.0162486 0.0230908 0.0312887 0.0402707 0.0492392 0.0572555 0.063416 0.0670521 0.0678806 0.0660571 0.062106 0.0567644 0.0507902 0.044802 0.0391938 0.0341308 0.0296079 0.0255336 0.0218041
 1.08319e-16 2.30135e-05 0.00013506 0.000641992 0.00247167 0.00770764 0.0194689 0.039836 0.0660331 0.0886825 0.0965091 0.0851399 0.0609727 0.0356407 0.0174105 0.00788176 0.0045775 0.00458839 0.00616277 0.0085731 0.0115607 0.0149819 0.0186791 0.0224624 0.0261254 0.0294678 0.0323114 0.0345078 0.0359403 0.0365259 0.0362199 0.0350257 0.0330042 0.0302765 0.0270174 0.0234375
 1.05547e-16 1.9218e-05 0.000112752 0.000535884 0.00206304 0.00643325 0.0162502 0.0332524 0.0551285 0.0740631 0.0806664 0.0713227 0.0514241 0.0307562 0.0163189 0.00956253 0.00852468 0.010834 0.0149914 0.0202198 0.0259865 0.0317344 0.0368478 0.040743 0.0429942 0.0434298 0.0421652 0.0395558 0.036092 0.0322721 0.0284963 0.0250109 0.0219074 0.0191627 0.016697 0.0144259
 1.02955e-16 2.85268e-05 0.000167418 0.000795808 0.00306386 0.00955434 0.0241336 0.0493811 0.0818569 0.109939 0.119653 0.105586 0.0756765 0.0443566 0.0218857 0.010255 0.00638921 0.00665271 0.00880802 0.011843 0.0152856 0.0187836 0.0219791 0.0245296 0.0261718 0.026776 0.0263684 0.0251099 0.0232445 0.0210344 0.0187048 0.0164136 0.0142476 0.0122391 0.0103905 0.00869567
 1.01416e-16 3.02891e-05 0.000177762 0.000844978 0.00325317 0.0101447 0.0256248 0.0524324 0.086915 0.116732 0.127048 0.112115 0.0803615 0.0471136 0.0232647 0.0109276 0.00683324 0.00711253 0.00937453 0.0125221 0.0160256 0.0194804 0.0224804 0.0246481 0.0257099 0.0255584 0.0242757 0.0221044 0.019382 0.0164592 0.0136293 0.0110874 0.00892453 0.00714705 0.00571013 0.00454933
 1.01917e-16 2.0141e-05 0.000118165 0.000561607 0.00216206 0.00674203 0.0170302 0.0348488 0.057776 0.0776225 0.0845502 0.0747733 0.0539483 0.0323383 0.0172896 0.0103331 0.00942173 0.0120727 0.016705 0.0224766 0.0287819 0.0349722 0.0403286 0.0441703 0.046002 0.0456286 0.0431973 0.0391477 0.0340935 0.0286755 0.0234336 0.0187325 0.0147481 0.0115016 0.00891734 0.00687886
 1.03613e-16 2.03366e-05 0.000119323 0.00056713 0.00218335 0.00680847 0.0171979 0.0351912 0.0583407 0.0783725 0.0853442 0.0754209 0.0542971 0.0323115 0.0168491 0.0094187 0.00792071 0.00983508 0.013588 0.0184011 0.0237878 0.0292598 0.034271 0.0382863 0.0408874 0.0418597 0.0412278 0.0392269 0.0362255 0.0326282 0.0287924 0.0249801 0.0213512 0.0179839 0.0149085 0.012136
 1.05317e-16 1.54137e-05 9.04147e-05 0.000429684 0.00165413 0.00515808 0.0130293 0.0266624 0.0442063 0.0593995 0.0647221 0.0572884 0.0414433 0.0250641 0.0138071 0.00888897 0.00879366 0.0116678 0.0163319 0.0221441 0.0286061 0.0351491 0.0411199 0.0458805 0.0489399 0.0500578 0.0492852 0.046925 0.0434342 0.0393019 0.0349464 0.0306591 0.0265988 0.0228241 0.0193395 0.0161362
 1.03836e-16 2.85239e-05 0.000167404 0.000795749 0.00306365 0.00955368 0.0241319 0.0493773 0.0818497 0.109926 0.119631 0.105547 0.0756058 0.0442296 0.0216651 0.00988952 0.00581627 0.00580506 0.00762647 0.0102941 0.013381 0.0165955 0.019646 0.0222474 0.0241691 0.0252791 0.0255626 0.0251075 0.0240671 0.0226127 0.0208956 0.0190264 0.0170759 0.0150884 0.0130986 0.0111442
 1.02017e-16 2.7845e-05 0.000163409 0.000776735 0.00299041 0.00932526 0.023555 0.0481978 0.0798974 0.107313 0.116811 0.103115 0.0739866 0.0435287 0.0217783 0.0107049 0.0073307 0.00811864 0.0108735 0.0145638 0.0186501 0.0226814 0.0261909 0.0287425 0.03002 0.0299001 0.028478 0.0260343 0.0229578 0.0196508 0.0164474 0.013567 0.0111083 0.00907327 0.00740669 0.00603354
 1.02621e-16 1.84759e-05 0.000108389 0.000515129 0.0019831 0.00618397 0.0156206 0.0319647 0.0529957 0.0712044 0.0775703 0.0686267 0.0495706 0.0298287 0.0161569 0.00998149 0.00944765 0.0122969 0.0170867 0.0230353 0.029556 0.0360024 0.0416503 0.0458083 0.0479664 0.047912 0.045773 0.0419694 0.0370968 0.031781 0.0265529 0.0217747 0.0176277 0.0141461 0.0112731 0.00891437
 1.04204e-16 2.04827e-05 0.000120183 0.000571223 0.00219912 0.00685765 0.0173221 0.0354451 0.058761 0.0789348 0.0859506 0.0759429 0.0546427 0.0324567 0.0168145 0.00922576 0.0075667 0.00929431 0.0128271 0.017397 0.0225427 0.0278128 0.0327023 0.0367124 0.0394473 0.0406937 0.0404547 0.0389241 0.0364182 0.0332881 0.0298463 0.0263254 0.0228724 0.019569 0.0164606 0.0135802
 1.05373e-16 1.63449e-05 9.58829e-05 0.000455683 0.00175423 0.00547027 0.0138178 0.0282757 0.04688 0.0629885 0.068623 0.0607185 0.043875 0.0264354 0.0143829 0.00898914 0.00862694 0.0113158 0.0158002 0.0214104 0.0276487 0.0339603 0.0397128 0.0442903 0.0472208 0.0482768 0.0475135 0.0452297 0.0418718 0.0379145 0.0337609 0.0296874 0.0258401 0.0222664 0.0189622 0.0159121
pSPR Fmed_Fpbrs
0.569122   0.255389 0.255389
Fs Fmed_Fpbrs
0.313454   1.005 1.005
SSBpbr Bo_Bmed_Bpbrs
1.02659e+06  532926  210850 210850
Ro
34891.6
SPR SPRFo_SPRFmed_SPRFpbrs
717845 408541 183330
log_Ro
10.28
likeval ReclasPelacesDesembMPH_pf_preclas_ppelaces_ptallas_desvR_qrecl_qpela
 101.577 89.7005 0.254486 0.000628698 324.612 196.08 88.7725 0 18.2287 0 0 0 0 0 0
q_reclas_q_pelaces
1 1
M
0.7
N
 33967.9 20743.7 10301 5115.34 5045.95
 40490.3 15368.2 8550.73 4246.17 4188.56
 24858.5 17727.6 5932.34 3300.7 3255.92
 14743.3 9163.06 4850.47 1623.16 1793.97
 30799.7 6743.24 3860.07 2043.33 1439.52
 33132.3 14950.9 3199.77 1831.66 1652.67
 51550.1 11722.7 3769 806.635 878.37
 151944 20858.4 3864.86 1242.61 555.531
 199841 61030.5 6776.6 1255.64 584.19
 54998.8 86681.3 23122.4 2567.43 697.051
 123436 24493.7 34620.5 9235.09 1303.83
 16889.6 48138 7501.54 10603 3227.7
 48277.6 6712.41 15311.4 2386.03 4399.17
 21656.2 16976.3 1671.4 3812.56 1689.53
 18539.6 5468.7 2179.98 214.629 706.539
 21162.2 4706.47 709.711 282.911 119.546
 14427.3 8048.43 1370.89 206.723 117.227
 14797.2 6015.61 2817.77 479.952 113.416
 9907.13 6473.89 2318.77 1086.13 228.719
 27635.8 4327.58 2487.51 890.958 505.216
 50674.9 11950.7 1629.64 936.726 525.76
 42341.5 23825.1 5319.63 725.405 650.998
 53957.2 19670.3 10354.5 2311.94 598.191
 41362.2 24452.7 8135.25 4282.41 1203.57
pred_Ctot
 2183.65 2562.18 1272.34 631.826 623.255
 3470.91 2496.88 1389.24 689.876 680.517
 4686.87 5922.1 1981.77 1102.64 1087.68
 841.144 1009.04 534.139 178.744 197.554
 498.443 216.088 123.696 65.4788 46.1294
 6985.17 5501.56 1177.43 674.005 608.139
 6947.04 2900.65 932.6 199.593 217.343
 21144.1 5314.16 984.664 316.583 141.535
 18327.8 10567.8 1173.41 217.423 101.156
 4106.68 12354 3295.45 365.915 99.3451
 19323.6 6940.23 9809.65 2616.74 369.438
 2456.64 12766.3 1989.42 2811.94 855.991
 10336.9 2502.91 5709.29 889.701 1640.36
 7954.11 9750.1 959.944 2189.69 970.355
 6770.09 3127.56 1246.73 122.747 404.07
 3618.28 1442.63 217.541 86.718 36.6434
 1680.54 1742 296.715 44.7431 25.3725
 1275.29 982.338 460.137 78.3753 18.5206
 863.951 1068.99 382.885 179.347 37.767
 2588.04 764.218 439.276 157.337 89.2174
 1945.85 896.182 122.207 70.2449 39.4267
 1971.2 2155.08 481.184 65.616 58.8856
 3409.22 2389.61 1257.9 280.861 72.6702
 3269.47 3679.03 1223.99 644.312 181.084
F
 0.0931139 0.186228 0.186228 0.186228 0.186228
 0.125941 0.251883 0.251883 0.251883 0.251883
 0.298022 0.596044 0.596044 0.596044 0.596044
 0.0822474 0.164495 0.164495 0.164495 0.164495
 0.0227298 0.0454597 0.0454597 0.0454597 0.0454597
 0.338982 0.677964 0.677964 0.677964 0.677964
 0.2048 0.4096 0.4096 0.4096 0.4096
 0.21214 0.424279 0.424279 0.424279 0.424279
 0.135286 0.270571 0.270571 0.270571 0.270571
 0.108896 0.217791 0.217791 0.217791 0.217791
 0.241654 0.483307 0.483307 0.483307 0.483307
 0.222738 0.445476 0.445476 0.445476 0.445476
 0.345148 0.690296 0.690296 0.690296 0.690296
 0.676252 1.3525 1.3525 1.3525 1.3525
 0.67097 1.34194 1.34194 1.34194 1.34194
 0.266738 0.533476 0.533476 0.533476 0.533476
 0.174766 0.349531 0.349531 0.349531 0.349531
 0.12666 0.25332 0.25332 0.25332 0.25332
 0.128248 0.256495 0.256495 0.256495 0.256495
 0.138323 0.276645 0.276645 0.276645 0.276645
 0.0546938 0.109388 0.109388 0.109388 0.109388
 0.0666589 0.133318 0.133318 0.133318 0.133318
 0.0914515 0.182903 0.182903 0.182903 0.182903
 0.115614 0.231228 0.231228 0.231228 0.231228
nmprior
 10 10 8 0
nm_flota  nm_reclas  nm_pelaces    nm_pelaL
inf 8.82524 9.6988 15.2778
cv_recla  cv_pelaces  cv_mph
0.933094 1.11445 0.813503
 ------------------------------------------------
Talla a la edad & desviación 
 7.2 14.2025 17.0495 18.207 18.6776
 1.08 2.13037 2.55742 2.73105 2.80164
