years
 1997 1998 1999 2000 2001 2002 2003 2004 2005 2006 2007 2008 2009 2010 2011 2012 2013 2014 2015 2016 2017 2018 2019 2020
reclasobs
 0 0 0 370054 412103 1.49427e+06 250295 1.28982e+06 931140 785840 897777 1.04006e+06 184774 17550 25797 100020 73551 82996 120727 218422 84188 347160 605670 569463
reclaspred
 561276 132084 287387 190691 328064 383110 826934 589224 698351 773301 645438 452873 294017 123508 69380.2 65204.4 78022.1 97838.4 101386 145717 216697 202171 341743 359707
pelacesobs
 0 0 0 0 0 0 0 0 0 2.06254e+06 1.5e+06 0 1.87456e+06 323000 250000 174000 83755 137374 0 501740 490994 745055 786931 1.00524e+06
pelacespred
 2.31119e+06 480925 624385 659870 1.01403e+06 892224 2.48315e+06 1.97022e+06 2.21237e+06 2.43006e+06 1.74919e+06 1.29646e+06 841624 274283 159570 159145 199547 260304 265090 385006 662788 569250 765106 946223
mphobs
 0 0 0 0 0 112323 0 153150 637223 0 255016 313432 73983 77613 109348 50772 0 0 0 0 0 0 0 0
mphpred
 223682 113172 111209 93574.2 112202 199305 273683 327580 296412 332960 376761 262546 169942 91902.1 37127.6 27572.9 32296.7 41195.7 48273.8 55130.6 85984.3 103919 131011 173475
desembarqueobs
 350755 77701 442110 56441 14545 235359 269955 359681 431902 328805 639364 411747 362871 311530 167758 66681 60226 58785 57116 71774 51957 67425 138520 160799
desembarquepred
 350748 77689.8 441967 56440.1 14545 235387 269981 359562 431825 328738 639007 411617 362762 311392 167480 66654.4 60233.8 58760.1 57088.1 71757.5 51954.4 67403.1 138499 160788
Reclutas
 32637.2 42532 17632.6 31385 57878.6 39077.4 66265.1 75995.4 98527.8 126873 64562.9 49096.8 48769.6 24201.8 13793.7 13805.1 9649.97 10211 11828 19666 23625.5 32666.8 47463.2 38386.1
log_desv_Rt
 -0.00679196 0.258012 -0.622493 -0.0459134 0.566102 0.173299 0.701419 0.838428 1.09809 1.35094 0.675396 0.401549 0.394862 -0.305816 -0.868034 -0.867208 -1.22529 -1.16878 -1.02178 -0.513354 -0.329917 -0.00588549 0.367709 0.155451
SSB
 534651 270507 265816 223664 268189 476383 654166 782991 708493 795851 900546 627545 406199 219667 88743.4 65905.5 77196.6 98467.1 115385 131775 205522 248391 313147 414644
BT
 1.53689e+06 399918 581103 422926 569030 675082 1.54892e+06 1.483e+06 1.60911e+06 1.64665e+06 1.52525e+06 1.08532e+06 810687 438532 223754 141503 157030 190098 193764 268246 406283 375930 513706 651188
Ftot
 0.580199 0.621243 1.19601 0.309096 0.0509369 0.465927 0.319282 0.62276 0.671975 0.458391 0.797025 0.747368 1.14808 2.03469 2.39838 1.0747 0.763567 0.575869 0.499377 0.509612 0.231089 0.293485 0.346344 0.370628
BD_Bspro_t
 0.926706 0.660161 0.553388 0.340708 0.509674 0.701555 0.635197 0.644304 0.586012 0.567138 0.565245 0.403331 0.307582 0.214904 0.110833 0.102848 0.16036 0.258156 0.342595 0.432104 0.570306 0.675407 0.689326 0.681419
BD_Bspro
 0.790857 0.400134 0.393195 0.330843 0.396705 0.704667 0.967642 1.1582 1.048 1.17722 1.33209 0.928265 0.60085 0.324931 0.131269 0.0974874 0.114189 0.145653 0.170678 0.194921 0.304008 0.36742 0.463207 0.613342
BD_Bo
 0.633991 0.320767 0.315205 0.265221 0.318019 0.564896 0.775711 0.928472 0.840132 0.943721 1.06787 0.744144 0.481671 0.260481 0.105232 0.0781508 0.0915398 0.116762 0.136824 0.156259 0.243708 0.294542 0.37133 0.491686
BD_Brms
 2.13292 1.07915 1.06043 0.892274 1.0699 1.90046 2.6097 3.12363 2.82643 3.17493 3.5926 2.5035 1.62047 0.87633 0.354029 0.26292 0.307965 0.392821 0.460314 0.525696 0.819901 0.990919 1.24925 1.65416
S_f
 0.154655 1 1 1 1
 0.154655 1 1 1 1
 0.154655 1 1 1 1
 0.154655 1 1 1 1
 0.154655 1 1 1 1
 0.154655 1 1 1 1
 0.154655 1 1 1 1
 0.154655 1 1 1 1
 0.154655 1 1 1 1
 0.154655 1 1 1 1
 0.154655 1 1 1 1
 0.154655 1 1 1 1
 0.154655 1 1 1 1
 0.154655 1 1 1 1
 0.154655 1 1 1 1
 0.154655 1 1 1 1
 0.154655 1 1 1 1
 0.154655 1 1 1 1
 0.154655 1 1 1 1
 0.154655 1 1 1 1
 0.154655 1 1 1 1
 0.154655 1 1 1 1
 0.154655 1 1 1 1
 0.154655 1 1 1 1
Scru_reclas
 0.875715 1 1 1 1
 0.875715 1 1 1 1
 0.875715 1 1 1 1
 0.875715 1 1 1 1
 0.875715 1 1 1 1
 0.875715 1 1 1 1
 0.875715 1 1 1 1
 0.875715 1 1 1 1
 0.875715 1 1 1 1
 0.875715 1 1 1 1
 0.875715 1 1 1 1
 0.875715 1 1 1 1
 0.875715 1 1 1 1
 0.875715 1 1 1 1
 0.875715 1 1 1 1
 0.875715 1 1 1 1
 0.875715 1 1 1 1
 0.875715 1 1 1 1
 0.875715 1 1 1 1
 0.875715 1 1 1 1
 0.875715 1 1 1 1
 0.875715 1 1 1 1
 0.875715 1 1 1 1
 0.875715 1 1 1 1
Scru_pelaces
 1 1 1 1 1
 1 1 1 1 1
 1 1 1 1 1
 1 1 1 1 1
 1 1 1 1 1
 1 1 1 1 1
 1 1 1 1 1
 1 1 1 1 1
 1 1 1 1 1
 1 1 1 1 1
 1 1 1 1 1
 1 1 1 1 1
 1 1 1 1 1
 1 1 1 1 1
 1 1 1 1 1
 1 1 1 1 1
 1 1 1 1 1
 1 1 1 1 1
 1 1 1 1 1
 1 1 1 1 1
 1 1 1 1 1
 1 1 1 1 1
 1 1 1 1 1
 1 1 1 1 1
pf_obs 
 0.256992 0.487395 0.22802 0.0275931 0
 0.321318 0.546541 0.124235 0.00734118 0.000564706
 0.182869 0.594174 0.210203 0.0122559 0.00049798
 0.330522 0.361315 0.267642 0.0388342 0.00168674
 0.649043 0.306663 0.0425973 0.00169635 0
 0.582887 0.30429 0.105238 0.00758474 0
 0.465427 0.430635 0.0974691 0.00646863 0
 0.296916 0.608066 0.0921331 0.00288517 0
 0.311714 0.524322 0.152257 0.0117073 0
 0.15457 0.633149 0.183074 0.0267441 0.00246327
 0.131901 0.49318 0.331252 0.0422183 0.00144891
 0.196976 0.569456 0.194076 0.0375587 0.00193317
 0.518974 0.381816 0.0799577 0.0180837 0.00116848
 0.0928022 0.601141 0.25162 0.0475244 0.00691264
 0.122501 0.610282 0.24278 0.0234846 0.000952079
 0.383417 0.481906 0.127806 0.00687128 0
 0.0376549 0.599619 0.316969 0.0457579 0
 0.0361596 0.667082 0.258105 0.0386534 0
 0.158088 0.579412 0.248529 0.0139706 0
 0.0477256 0.309471 0.559284 0.082774 0.000745712
 0.0406174 0.521527 0.379366 0.0568643 0.0016247
 0.151134 0.462217 0.34131 0.0453401 0
 0.294876 0.26143 0.354403 0.0886775 0.000613685
 0.281977 0.475581 0.204845 0.0348837 0.00271318
pf_pred 
 0.251279 0.521211 0.202707 0.024793 1.00588e-05
 0.290704 0.526993 0.126907 0.0493562 0.00603918
 0.141445 0.672158 0.13849 0.0333502 0.0145574
 0.33126 0.444145 0.175834 0.0362283 0.0125324
 0.326091 0.531117 0.0948354 0.0375447 0.0104116
 0.160111 0.640161 0.157408 0.0281065 0.0142129
 0.279038 0.438084 0.215609 0.0530157 0.0142533
 0.257891 0.552841 0.115007 0.0566021 0.0176596
 0.297386 0.529555 0.128921 0.0268193 0.0173177
 0.293382 0.560134 0.110404 0.0268781 0.00920187
 0.146982 0.657373 0.155087 0.030568 0.00998962
 0.177943 0.513353 0.237901 0.0561253 0.0146776
 0.253744 0.50035 0.153562 0.0711646 0.0211797
 0.213187 0.628613 0.10607 0.0325538 0.0195762
 0.289612 0.598075 0.0897316 0.0151409 0.00744131
 0.369985 0.573013 0.04799 0.00720013 0.00181202
 0.224964 0.67291 0.0928859 0.00777921 0.00146088
 0.249807 0.550245 0.173601 0.0239632 0.00238381
 0.258592 0.549422 0.140817 0.0444273 0.00674263
 0.332155 0.495813 0.127484 0.0326742 0.0118731
 0.261766 0.594366 0.106809 0.0274629 0.00959645
 0.263082 0.530042 0.16656 0.0299312 0.0103852
 0.280501 0.522917 0.141395 0.0444318 0.0107549
 0.18523 0.610163 0.148705 0.0402092 0.0156937
pobs_RECLAS
 0 0 0 0 0
 0 0 0 0 0
 0 0 0 0 0
 0 0 0 0 0
 0.835266 0.146461 0.0176864 0.000547809 3.91292e-05
 0.385257 0.428462 0.181853 0.0044286 0
 0.867414 0.0963971 0.0333333 0.00285562 0
 0.441836 0.489002 0.0689373 0.000224442 0
 0.779404 0.147425 0.0564933 0.0165055 0.000172143
 0.814271 0.122319 0.05973 0.00367925 0
 0.40263 0.566651 0.0304383 0.000280538 0
 0.475488 0.404961 0.113038 0.00651328 0
 0.955842 0.0263864 0.0167828 0.000988607 0
 0.975058 0.0227948 0.00214734 0 0
 0.738997 0.206755 0.0527124 0.00153531 0
 0.850938 0.134255 0.0134407 0.00136685 0
 0.542534 0.407297 0.0501686 0 0
 0.764087 0.199537 0.0359546 0.000420521 0
 0.470689 0.182191 0.310203 0.0369168 0
 0.84361 0.089868 0.0606195 0.00523954 0.000663233
 0.607945 0.314616 0.071237 0.00620181 0
 0.523733 0.453247 0.0230204 0 0
 0.530135 0.295979 0.169645 0.0042399 0
 0.562478 0.366248 0.0663022 0.0049721 0
ppred_RECLAS
 0.664535 0.233529 0.0908229 0.0111085 4.50683e-06
 0.708336 0.216701 0.0521845 0.0202953 0.00248332
 0.510903 0.382911 0.0788939 0.0189987 0.008293
 0.74082 0.172135 0.068147 0.0140408 0.00485713
 0.733122 0.21033 0.0375562 0.0148682 0.00412313
 0.52691 0.360588 0.0886643 0.0158317 0.00800577
 0.690881 0.187833 0.0924444 0.022731 0.00611126
 0.673151 0.243489 0.0506527 0.0249294 0.00777786
 0.715962 0.214077 0.0521176 0.0108419 0.00700082
 0.707959 0.2315 0.0456294 0.0111086 0.00380308
 0.509746 0.377812 0.0891329 0.0175683 0.00574133
 0.565066 0.271605 0.125868 0.0296947 0.00776565
 0.681719 0.213401 0.0654949 0.030352 0.00903322
 0.663671 0.268705 0.0453402 0.0139154 0.00836797
 0.761583 0.200723 0.0301153 0.00508153 0.00249742
 0.785573 0.195026 0.0163335 0.00245058 0.000616724
 0.635724 0.316276 0.0436574 0.00365632 0.000686629
 0.662694 0.247404 0.0780555 0.0107745 0.00107182
 0.671447 0.243475 0.0624026 0.0196879 0.00298798
 0.744689 0.189545 0.0487361 0.012491 0.00453899
 0.6705 0.265287 0.0476726 0.0122577 0.00428324
 0.672956 0.235233 0.0739192 0.0132835 0.00460894
 0.692861 0.223223 0.0603586 0.018967 0.00459103
 0.568581 0.32308 0.0787387 0.0212907 0.00830977
pobs_PELACES
 0 0 0 0 0
 0 0 0 0 0
 0 0 0 0 0
 0 0 0 0 0
 0 0 0 0 0
 0 0 0 0 0
 0 0 0 0 0
 0 0 0 0 0
 0 0 0 0 0
 0 0 0 0 0
 0.450072 0.473896 0.0757376 0.000293798 0
 0 0 0 0 0
 0.463077 0.371075 0.160297 0.00555027 0
 0.529543 0.364841 0.0842815 0.0213345 0
 0.631943 0.363953 0.00410389 0 0
 0.735681 0.248677 0.0153453 0.000297389 0
 0.695825 0.281241 0.0229344 0 0
 0.275771 0.60734 0.115278 0.00161068 0
 0 0 0 0 0
 0.896147 0.0623911 0.0374545 0.00400742 0
 0.803859 0.145111 0.0509908 3.86294e-05 0
 0.739449 0.233085 0.0266225 0.000797448 4.60066e-05
 0.878498 0.100942 0.0204185 0.000141795 0
 0.694673 0.275183 0.0284847 0.00165964 0
ppred_PELACES
 0.726739 0.190227 0.073982 0.00904871 3.67115e-06
 0.767337 0.172864 0.041628 0.0161898 0.00198097
 0.624801 0.293741 0.0605216 0.0145744 0.00636178
 0.780602 0.145714 0.0576871 0.0118857 0.00411161
 0.760868 0.188463 0.0336516 0.0133224 0.00369447
 0.591565 0.311309 0.0765471 0.0136681 0.00691168
 0.736144 0.160329 0.0789081 0.0194026 0.00521641
 0.736705 0.196144 0.0408035 0.020082 0.0062655
 0.77638 0.168541 0.0410318 0.00853576 0.00551168
 0.758794 0.191203 0.0376867 0.00917492 0.00314108
 0.597256 0.310373 0.0732228 0.0144324 0.00471651
 0.646331 0.220857 0.102351 0.0241464 0.00631468
 0.771124 0.153457 0.0470974 0.0218261 0.00649578
 0.798994 0.160591 0.0270975 0.0083165 0.0050011
 0.876874 0.10366 0.0155525 0.00262427 0.00128975
 0.849535 0.136851 0.0114613 0.00171959 0.000432759
 0.711478 0.250503 0.0345785 0.00289596 0.000543838
 0.724857 0.201809 0.0636704 0.00878881 0.000874292
 0.728447 0.201235 0.0515764 0.0162722 0.0024696
 0.79337 0.153404 0.0394433 0.0101093 0.00367352
 0.712514 0.23146 0.0415939 0.0106947 0.00373708
 0.718325 0.2026 0.0636647 0.0114407 0.00396956
 0.739401 0.189398 0.0512125 0.0160929 0.00389535
 0.625315 0.280593 0.0683841 0.0184908 0.00721699
pobs_pel_tallas
 0 0 0 0 0 0 0 0 0 0 0 0 0 0 0 0 0 0 0 0 0 0 0 0 0 0 0 0 0 0 0 0 0 0 0 0
 0 0 0 0 0 0 0 0 0 0 0 0 0 0 0 0 0 0 0 0 0 0 0 0 0 0 0 0 0 0 0 0 0 0 0 0
 0 0 0 0 0 0 0 0 0 0 0 0 0 0 0 0 0 0 0 0 0 0 0 0 0 0 0 0 0 0 0 0 0 0 0 0
 0 0 0 0 0 0 0 0 0 0 0 0 0 0 0 0 0 0 0 0 0 0 0 0 0 0 0 0 0 0 0 0 0 0 0 0
 0 0 0 0 0 0 0 0 0 0 0 0 0 0 0 0 0 0 0 0 0 0 0 0 0 0 0 0 0 0 0 0 0 0 0 0
 0 0 0 0 0 0 0 0 0 0 0 0 0 0 0 0 0 0 0 0 0 0 0 0 0 0 0 0 0 0 0 0 0 0 0 0
 0 0 0 0 0 0 0 0 0 0 0 0 0 0 0 0 0 0 0 0 0 0 0 0 0 0 0 0 0 0 0 0 0 0 0 0
 0 0 0 0 0 0 0 0 0 0 0 0 0 0 0 0 0 0 0 0 0 0 0 0 0 0 0 0 0 0 0 0 0 0 0 0
 0 0 0 0 0 0 0 0 0 0 0 0 0 0 0 0 0 0 0 0 0 0 0 0 0 0 0 0 0 0 0 0 0 0 0 0
 0 0 0 0 0 0 0 0 0 0 0 0 0 0 0 0 0 0 0 0 0 0 0 0 0 0 0 0 0 0 0 0 0 0 0 0
 0 0 0 0 0 0 0 0 1.78061e-05 0.00172719 0.00360574 0.0105946 0.0120993 0.0124554 0.0147524 0.0171206 0.0266825 0.0428682 0.0675386 0.121331 0.153587 0.119568 0.100827 0.0573624 0.0630603 0.0341343 0.0324427 0.0444173 0.0211091 0.0280891 0.0125444 0.00206551 0 0 0 0
 0 0 0 0 0 0 0 0 0 0 0 0 0 0 0 0 0 0 0 0 0 0 0 0 0 0 0 0 0 0 0 0 0 0 0 0
 0 0 0 0 0 0 0.0133647 0.0140871 0.0187388 0.0205184 0.03894 0.0496705 0.03968 0.0493445 0.0407372 0.0367815 0.0215668 0.0243155 0.0234873 0.0199281 0.019796 0.0243948 0.0301388 0.0376714 0.0412746 0.0863199 0.0771752 0.113111 0.0741005 0.0525337 0.0229764 0.00759418 0.00175318 0 0 0
 0 0 0 0 0 0 0 0 0 0 0.00219441 0.00772107 0.0458388 0.0604681 0.0671733 0.0775358 0.0609151 0.0617685 0.073594 0.0568108 0.0755445 0.0548602 0.0670107 0.0636378 0.0643287 0.046367 0.0373049 0.0286899 0.0247887 0.0153202 0.00654259 0.00121912 0.000365735 0 0 0
 0 0 0 0 0 0 0 0 0 0 0 0 0.000112435 0.00938835 0.0111873 0.0202946 0.0414886 0.0713402 0.111592 0.104902 0.108894 0.110636 0.117776 0.105296 0.107544 0.0401394 0.0192827 0.0124803 0.00416011 0.0028671 0.000618394 0 0 0 0 0
 0 0 0 0 0 0 0 0 0 0 0.00291406 0.0102884 0.027416 0.0768956 0.0749926 0.110853 0.0956884 0.0897413 0.0766577 0.0534642 0.0500743 0.0551293 0.0594112 0.0620874 0.0668451 0.0424026 0.0208742 0.0120726 0.0048766 0.00582813 0.00118941 0.000297354 0 0 0 0
 0 0.00264628 0.0354308 0.0461629 0.0458689 0.0383711 0.0214643 0.0164657 0.0346957 0.0420465 0.0363128 0.0245516 0.0311673 0.0291091 0.0169068 0.0133784 0.00837989 0.0085269 0.0148486 0.0160247 0.0276389 0.0546898 0.0760071 0.122758 0.109233 0.0665981 0.0333725 0.0166128 0.00676272 0.00308733 0.000882094 0 0 0 0 0
 0 0 0 0 0 0 0 0.000805153 0.000690131 0.00759144 0.0133425 0.0154129 0.00931677 0.000345066 0.00356568 0.00563607 0.00851162 0.0253048 0.0502646 0.0516448 0.0657925 0.0565908 0.0611916 0.0827007 0.0866115 0.110766 0.145733 0.0935128 0.0569358 0.0249597 0.0138026 0.00621118 0.00161031 0.00115022 0 0
 0 0 0 0 0 0 0 0 0 0 0 0 0 0 0 0 0 0 0 0 0 0 0 0 0 0 0 0 0 0 0 0 0 0 0 0
 0.00147267 0.00158595 0.00478618 0.00569244 0.00954404 0.0108468 0.00647125 0.017049 0.0510054 0.094081 0.124002 0.0959785 0.0687766 0.0820023 0.061753 0.0591476 0.0492212 0.0479892 0.0443925 0.0268479 0.0217502 0.0140895 0.0121071 0.0120363 0.00920419 0.00665534 0.0049561 0.00860946 0.00930331 0.0156896 0.0114698 0.00855282 0.00243557 0.00046729 0 2.83206e-05
 0 0 0 0 0.000772559 0.00158375 0.000888443 0.00281984 0.00712685 0.0440552 0.0773331 0.111326 0.0921469 0.0852325 0.0710754 0.0886704 0.0786465 0.0553345 0.0373146 0.0185414 0.00753245 0.00457741 0.012979 0.0271748 0.0457355 0.0583668 0.034881 0.0177882 0.00938659 0.00492506 0.0015258 0.00185414 0.000309023 5.79419e-05 3.86279e-05 0
 0 0.00173294 0.00326652 0 0.00397197 0.00683976 0.00946217 0.0152591 0.00757587 0.0136028 0.0228656 0.0392903 0.0559909 0.0764795 0.0681675 0.0726916 0.0566044 0.0477403 0.0527397 0.0444891 0.0609904 0.0582453 0.0661739 0.0445044 0.0529084 0.0360697 0.0280645 0.0235558 0.0158879 0.00826598 0.00280645 0.00217768 0.000904811 0.00058276 9.20147e-05 0
 0 0 0 0 0 0 0 0 0 0 0 0 0 0 0 0 0 0 0 0 0 0 0 0 0 0 0 0 0 0 0 0 0 0 0 0
 0 0 0 0 0 0 0 0 0 0 0 0 0 0 0 0 0 0 0 0 0 0 0 0 0 0 0 0 0 0 0 0 0 0 0 0
ppred_pel_tallas
 1.01424e-16 3.17098e-05 0.000186108 0.000884665 0.003406 0.0106213 0.0268285 0.0548949 0.0909952 0.122206 0.132991 0.117322 0.084014 0.0490944 0.0239451 0.0107516 0.00606627 0.0058241 0.00752878 0.0100687 0.0129596 0.0158759 0.0185015 0.0205376 0.0217562 0.022048 0.021442 0.0200878 0.0182106 0.0160543 0.0138319 0.0116971 0.00973888 0.00799351 0.00646447 0.00514071
 1.01297e-16 3.34792e-05 0.000196498 0.000934065 0.00359621 0.0112144 0.0283268 0.0579603 0.0960755 0.129026 0.140405 0.123844 0.0886456 0.0517213 0.0250769 0.0110047 0.00584818 0.00530155 0.00672261 0.00894292 0.0114715 0.0139992 0.0162379 0.017921 0.018851 0.0189426 0.0182391 0.0168937 0.0151263 0.0131682 0.0112153 0.00940164 0.00779472 0.00640928 0.00522837 0.00422317
 1.01753e-16 2.72689e-05 0.000160027 0.000760652 0.00292848 0.00913213 0.0230672 0.0471998 0.0782434 0.105092 0.114398 0.100993 0.0724809 0.0426778 0.0214177 0.0106361 0.00742418 0.00832408 0.0111889 0.0150059 0.0192377 0.0234262 0.0270929 0.029787 0.0311777 0.0311284 0.0297247 0.0272426 0.0240719 0.0206207 0.0172343 0.0141465 0.0114727 0.00923172 0.00738353 0.00586446
 1.01467e-16 3.40566e-05 0.00019989 0.000950196 0.00365832 0.0114082 0.0288161 0.0589612 0.0977338 0.131251 0.142819 0.125958 0.0901233 0.0525134 0.0253305 0.0108949 0.00547615 0.0046883 0.00584693 0.00778015 0.0100199 0.0122955 0.0143622 0.0159916 0.0170089 0.0173285 0.0169691 0.0160397 0.0147061 0.0131472 0.0115187 0.00993173 0.00845018 0.00710013 0.0058856 0.0048022
 1.0117e-16 3.31978e-05 0.000194844 0.000926199 0.00356592 0.01112 0.0280882 0.0574723 0.095267 0.127942 0.139229 0.122816 0.0879291 0.0513427 0.0249669 0.0110809 0.00606517 0.00565328 0.00722313 0.00960638 0.012298 0.0149666 0.0172985 0.0190049 0.0198751 0.019824 0.0189092 0.0173104 0.0152793 0.0130786 0.0109289 0.00897827 0.00729741 0.00589481 0.00474116 0.00379282
 1.01981e-16 2.58204e-05 0.000151521 0.000720211 0.00277277 0.00864654 0.0218407 0.0446903 0.0740845 0.0995096 0.108329 0.095655 0.0686939 0.0405361 0.0205064 0.0104541 0.00764144 0.00880763 0.0119238 0.0160212 0.0205637 0.025075 0.0290494 0.0320073 0.0335934 0.0336556 0.0322757 0.0297358 0.0264396 0.0228125 0.0192165 0.0159002 0.0129905 0.0105157 0.0084432 0.00671588
 1.02083e-16 3.21186e-05 0.000188511 0.000896096 0.00345002 0.0107586 0.0271753 0.0556042 0.09217 0.123781 0.134697 0.11881 0.0850418 0.0496188 0.0240591 0.0105638 0.00562894 0.0051304 0.00654328 0.00875991 0.0113248 0.0139567 0.0163906 0.0183741 0.0197087 0.0202899 0.0201232 0.0193113 0.018018 0.016424 0.0146889 0.0129297 0.0112187 0.00959334 0.00807206 0.006667
 1.01627e-16 3.21444e-05 0.000188659 0.000896795 0.0034527 0.0107669 0.0271964 0.0556477 0.092243 0.123882 0.134815 0.118931 0.0851662 0.0497675 0.0242723 0.010895 0.00613834 0.00587813 0.00757859 0.0101062 0.012963 0.0158125 0.0183313 0.0202191 0.0212545 0.0213443 0.0205408 0.0190213 0.0170369 0.0148502 0.0126817 0.0106792 0.00891413 0.00739719 0.00610361 0.00499657
 1.01189e-16 3.38733e-05 0.000198812 0.000945068 0.00363857 0.0113466 0.0286605 0.0586431 0.0972071 0.130545 0.142056 0.125297 0.0896771 0.0523061 0.0253287 0.0110608 0.00579964 0.00518611 0.00654598 0.00869872 0.0111523 0.0136018 0.015765 0.0173817 0.0182595 0.018316 0.017595 0.0162482 0.0144926 0.0125567 0.0106342 0.00885772 0.00729411 0.00595759 0.00483021 0.00388157
 1.0106e-16 3.31074e-05 0.000194313 0.000923676 0.0035562 0.0110897 0.0280117 0.0573157 0.0950076 0.127594 0.138851 0.122485 0.087696 0.0512152 0.024921 0.011088 0.00610798 0.00572739 0.00733141 0.00975355 0.012487 0.0151963 0.0175629 0.0192924 0.02017 0.0201078 0.0191634 0.0175184 0.0154289 0.0131628 0.0109464 0.00893305 0.00719804 0.00575303 0.00457049 0.00360714
 1.01857e-16 2.60685e-05 0.000152978 0.000727136 0.00279943 0.00872969 0.0220507 0.0451201 0.0747968 0.100466 0.109369 0.0965708 0.069346 0.0409097 0.0206746 0.0105056 0.00763619 0.00877228 0.0118644 0.015935 0.0204452 0.0249188 0.0288508 0.0317635 0.0333034 0.0333209 0.0319001 0.0293256 0.0260031 0.0223599 0.0187593 0.0154504 0.0125596 0.010114 0.00807879 0.0063943
 1.0265e-16 2.82049e-05 0.000165528 0.000786821 0.00302926 0.00944643 0.023861 0.0488234 0.0809326 0.108697 0.118303 0.104397 0.0748296 0.0438707 0.0216658 0.0101862 0.00639432 0.00669873 0.00889013 0.0119697 0.0154709 0.0190432 0.0223277 0.024978 0.0267236 0.0274246 0.0270952 0.0258838 0.0240243 0.0217726 0.0193538 0.0169318 0.0146056 0.0124234 0.010405 0.00855997
 1.01773e-16 3.36436e-05 0.000197464 0.000938664 0.00361392 0.0112697 0.0284663 0.0582457 0.096548 0.129659 0.141089 0.124437 0.0890466 0.0519084 0.0250805 0.0108587 0.00556157 0.00485856 0.0060974 0.00811611 0.0104438 0.0128008 0.0149325 0.0166017 0.0176297 0.0179329 0.0175376 0.0165648 0.0151926 0.0136098 0.0119767 0.0104033 0.00894667 0.00762358 0.00642831 0.00534884
 1.00957e-16 3.48591e-05 0.0002046 0.000972586 0.00374453 0.011677 0.0294951 0.0603506 0.100037 0.134345 0.146187 0.128932 0.0922606 0.0537761 0.0259711 0.0112219 0.00571016 0.00494326 0.00616572 0.00816453 0.0104419 0.012699 0.0146657 0.0160955 0.0168097 0.0167372 0.015929 0.0145404 0.0127887 0.0108996 0.00906281 0.00740502 0.00598614 0.00481206 0.00385572 0.00307741
 1.00406e-16 3.82527e-05 0.000224529 0.00106734 0.00410938 0.0128148 0.032369 0.0662304 0.109781 0.147424 0.160401 0.141427 0.101109 0.0587477 0.028024 0.0115123 0.00498899 0.00349946 0.00401597 0.00523446 0.00667201 0.00809665 0.00932604 0.0101998 0.010603 0.0104916 0.00990152 0.00893718 0.0077435 0.00647132 0.00524747 0.00415714 0.00324076 0.00250201 0.00192152 0.00147023
 1.00287e-16 3.70619e-05 0.000217535 0.00103409 0.00398132 0.0124154 0.0313603 0.0641668 0.106362 0.142835 0.155417 0.137052 0.0980258 0.0570451 0.0273783 0.0115348 0.00543732 0.00429493 0.00517267 0.00678959 0.00864214 0.0104542 0.0119902 0.0130401 0.0134559 0.0131851 0.0122835 0.0108985 0.00923112 0.00748922 0.00584623 0.0044171 0.00325372 0.00235591 0.00169026 0.00120925
 1.00698e-16 3.10467e-05 0.000182209 0.00086612 0.00333458 0.0103985 0.026266 0.0537443 0.0890897 0.119653 0.130226 0.114916 0.0823635 0.0482756 0.0238161 0.0111482 0.00691771 0.00715498 0.00940575 0.0125426 0.0160208 0.0194254 0.0223416 0.0243852 0.0252802 0.0249226 0.0234036 0.0209812 0.0180123 0.0148681 0.0118611 0.00920149 0.00698913 0.0052325 0.00388182 0.0028621
 1.01313e-16 3.16281e-05 0.000185627 0.00088238 0.00339719 0.0105938 0.0267592 0.0547532 0.0907605 0.121892 0.132651 0.117028 0.0838172 0.0490061 0.0239514 0.0108373 0.00622871 0.00607263 0.00787683 0.0105248 0.01352 0.0165194 0.0191882 0.0212118 0.0223541 0.0225082 0.0217169 0.020152 0.0180654 0.015726 0.0133656 0.0111477 0.00916165 0.0074361 0.00596214 0.00471455
 1.01473e-16 3.17846e-05 0.000186546 0.000886748 0.00341401 0.0106463 0.0268917 0.0550242 0.0912098 0.122495 0.133307 0.117606 0.0842274 0.0492395 0.0240533 0.0108623 0.0062128 0.00602993 0.00780776 0.0104236 0.0133791 0.0163318 0.0189489 0.0209199 0.0220137 0.0221297 0.0213165 0.0197514 0.0176892 0.0153991 0.01311 0.0109789 0.00908688 0.00745317 0.00606016 0.00487592
 1.0113e-16 3.46136e-05 0.000203159 0.000965739 0.00371816 0.0115948 0.0292874 0.0599257 0.0993326 0.133398 0.145156 0.128021 0.0916027 0.0533819 0.025761 0.0110983 0.00560166 0.00481096 0.00599308 0.00794945 0.0101945 0.012442 0.014434 0.0159327 0.0167623 0.0168461 0.0162218 0.0150247 0.0134498 0.0117025 0.00995763 0.00833527 0.00689686 0.00565687 0.00460132 0.00370525
 1.01209e-16 3.10911e-05 0.000182472 0.000867372 0.0033394 0.0104136 0.026304 0.0538219 0.0892178 0.119823 0.130407 0.115066 0.0824491 0.0482819 0.023738 0.0109768 0.00663286 0.00672802 0.00880794 0.011756 0.0150491 0.0183019 0.0211326 0.0231859 0.0242034 0.0240813 0.0228925 0.020861 0.0183003 0.015538 0.01285 0.0104226 0.00834554 0.00663057 0.00524093 0.00412038
 1.01549e-16 3.13433e-05 0.000183955 0.00087443 0.00336659 0.0104984 0.0265181 0.0542599 0.0899429 0.120794 0.131457 0.115977 0.0830678 0.0485754 0.0237551 0.0107726 0.00622559 0.006099 0.00792401 0.0105941 0.0136163 0.0166482 0.019355 0.0214219 0.022612 0.0228177 0.0220801 0.0205695 0.018535 0.0162423 0.01392 0.0117279 0.00975252 0.00802098 0.00652424 0.0052386
 1.01524e-16 3.22618e-05 0.000189349 0.000900074 0.00346533 0.0108063 0.0272959 0.0558511 0.09258 0.124334 0.135305 0.11936 0.0854653 0.0499261 0.0243198 0.0108661 0.00605308 0.00574041 0.00738454 0.00985246 0.0126524 0.0154572 0.0179533 0.0198482 0.0209234 0.0210824 0.0203683 0.0189443 0.0170466 0.0149247 0.0127912 0.0107922 0.00900334 0.00744382 0.00609926 0.00494268
 1.02035e-16 2.72908e-05 0.000160156 0.000761271 0.00293087 0.00913959 0.023086 0.0472382 0.0783067 0.105176 0.114486 0.101064 0.0725172 0.0426696 0.0213589 0.0105179 0.00723106 0.00803606 0.0107869 0.0144789 0.0185896 0.0226814 0.026298 0.0290079 0.030491 0.0306094 0.0294347 0.0272179 0.0243182 0.0211139 0.0179257 0.014973 0.0123667 0.0101306 0.00823585 0.00663365
pSPR Fmed_Fpbrs
0.489431   0.347241 0.347241
Fs Fmed_Fpbrs
0.553267   1.005 1.005
SSBpbr Bo_Bmed_Bpbrs
843311  370577  250667 250667
Ro
32859.6
SPR SPRFo_SPRFmed_SPRFpbrs
676041 330875 234749
log_Ro
10.22
likeval ReclasPelacesDesembMPH_pf_preclas_ppelaces_ptallas_desvR_qrecl_qpela
 68.9106 12.9293 0.0228712 0.000196804 285.879 162.826 82.1001 0 16.4557 1.02465e-05 6.89801e-05 0 0 0 0
q_reclas_q_pelaces
0.635339 3.25962
M
0.7
N
 32637.2 12835.2 4991.8 610.545 0.247704
 42532 14816.2 3567.95 1387.63 169.789
 17632.6 19185.9 3953.02 951.941 415.525
 31385 7277.47 2881.1 593.614 205.349
 57878.6 14857.8 2652.99 1050.3 291.26
 39077.4 28516.1 7011.78 1252.01 633.115
 66265.1 18056.1 8886.58 2185.1 587.468
 75995.4 31320.9 6515.63 3206.76 1000.49
 98527.8 34273.1 8343.86 1735.76 1120.81
 126873 44098 8691.84 2116.05 724.441
 64562.9 58691.3 13846.4 2729.16 891.889
 49096.8 28342.9 13134.8 3098.75 810.373
 48769.6 21719.5 6665.93 3089.16 919.381
 24201.8 20278.3 3421.67 1050.15 631.502
 13793.7 8773.67 1316.35 222.115 109.163
 13805.1 4727 395.887 59.3965 14.948
 9649.97 5805.64 801.387 67.1164 12.6039
 10211 4258.28 1343.48 185.448 18.448
 11828 4638.57 1188.86 375.084 56.9255
 19666 5437.04 1397.98 358.302 130.2
 23625.5 9025.7 1621.94 417.035 145.726
 32666.8 11320.2 3557.25 639.246 221.798
 47463.2 15502 4191.69 1317.19 318.831
 38386.1 22340.3 5444.61 1472.2 574.603
pred_Ctot
 2024.85 4200 1633.45 199.786 0.0810552
 2817.62 5107.83 1230.04 478.38 58.5342
 2164.34 10285.1 2119.12 510.314 222.753
 1056.5 1416.52 560.791 115.544 39.97
 326.761 532.208 95.0301 37.6218 10.4329
 1961.96 7844.35 1928.83 344.409 174.16
 2302.57 3614.97 1779.16 437.474 117.616
 5046.24 10817.7 2250.38 1107.55 345.552
 7036.19 12529.3 3050.3 634.548 409.738
 6270.05 11971 2359.51 574.429 196.659
 5423.07 24254.5 5722.1 1127.84 368.578
 3879.89 11193.2 5187.21 1223.76 320.033
 5764.65 11367.1 3488.69 1616.74 481.168
 4784.64 14108.2 2380.57 730.619 439.356
 3140.31 6485.03 972.976 164.176 80.6875
 1534.93 2377.22 199.093 29.8707 7.51739
 778.278 2327.98 321.345 26.9127 5.05401
 628.958 1385.4 437.089 60.3341 6.0019
 635.046 1349.26 345.815 109.104 16.5585
 1076.77 1607.31 413.274 105.922 38.4899
 597.741 1357.23 243.897 62.7112 21.9134
 1045.21 2105.83 661.734 118.915 41.2598
 1785.75 3329.04 900.16 282.865 68.4685
 1542.96 5082.64 1238.71 334.942 130.728
F
 0.0897306 0.580199 0.580199 0.580199 0.580199
 0.0960781 0.621243 0.621243 0.621243 0.621243
 0.184968 1.19601 1.19601 1.19601 1.19601
 0.0478031 0.309096 0.309096 0.309096 0.309096
 0.00787764 0.0509369 0.0509369 0.0509369 0.0509369
 0.0720579 0.465927 0.465927 0.465927 0.465927
 0.0493785 0.319282 0.319282 0.319282 0.319282
 0.0963127 0.62276 0.62276 0.62276 0.62276
 0.103924 0.671975 0.671975 0.671975 0.671975
 0.0708923 0.458391 0.458391 0.458391 0.458391
 0.123264 0.797025 0.797025 0.797025 0.797025
 0.115584 0.747368 0.747368 0.747368 0.747368
 0.177556 1.14808 1.14808 1.14808 1.14808
 0.314674 2.03469 2.03469 2.03469 2.03469
 0.370921 2.39838 2.39838 2.39838 2.39838
 0.166208 1.0747 1.0747 1.0747 1.0747
 0.118089 0.763567 0.763567 0.763567 0.763567
 0.0890608 0.575869 0.575869 0.575869 0.575869
 0.077231 0.499377 0.499377 0.499377 0.499377
 0.078814 0.509612 0.509612 0.509612 0.509612
 0.0357391 0.231089 0.231089 0.231089 0.231089
 0.0453889 0.293485 0.293485 0.293485 0.293485
 0.0535637 0.346344 0.346344 0.346344 0.346344
 0.0573193 0.370628 0.370628 0.370628 0.370628
nmprior
 10 10 8 0
nm_flota  nm_reclas  nm_pelaces    nm_pelaL
inf 20.1089 13.7013 23.1268
cv_recla  cv_pelaces  cv_mph
0.768546 0.423109 0.45515
 ------------------------------------------------
Talla a la edad & desviación 
 7.2 14.2025 17.0495 18.207 18.6776
 1.08 2.13037 2.55742 2.73105 2.80164
