years
 1997 1998 1999 2000 2001 2002 2003 2004 2005 2006 2007 2008 2009 2010 2011 2012 2013 2014 2015 2016 2017 2018 2019 2020
reclasobs
 0 0 0 370054 412103 1.49427e+06 250295 1.28982e+06 931140 785840 897777 1.04006e+06 184774 17550 25797 100020 73551 82996 120727 218422 84188 347160 605670 569463
reclaspred
 468281 136546 458946 327189 435234 511041 1.08341e+06 688694 717302 608234 466241 311220 188958 86823.9 61478.6 64341.2 83550.1 115543 124386 179271 257439 240508 430770 532830
pelacesobs
 0 0 0 0 0 0 0 0 0 2.06254e+06 1.5e+06 0 1.87456e+06 323000 250000 174000 83755 137374 0 501740 490994 745055 786931 1.00524e+06
pelacespred
 1.95084e+06 512071 1.02462e+06 1.12708e+06 1.26805e+06 1.26443e+06 2.91423e+06 2.40363e+06 2.1678e+06 1.8727e+06 1.28911e+06 884909 528910 201001 139749 157550 214121 301053 334951 467726 746634 680861 961627 1.4029e+06
mphobs
 0 0 0 0 0 112323 0 153150 637223 0 255016 313432 73983 77613 109348 50772 0 0 0 0 0 0 0 0
mphpred
 164302 111711 146129 196242 189389 270862 403980 457464 372999 350590 306466 211155 129914 67416.4 32258.1 28325.3 35648.2 50849.5 63842.7 74775 111609 131468 170209 247759
desembarqueobs
 350755 77701 442110 56441 14545 235359 269955 359681 431902 328805 639364 411747 362871 311530 167758 66681 60226 58785 57116 71774 51957 67425 138520 160799
desembarquepred
 350766 77705 442159 56443.1 14545.1 235397 269984 359714 431983 328871 639741 412082 363338 312097 167833 66698.4 60248.8 58789 57114.8 71778.2 51958.9 67422.6 138524 160803
Reclutas
 71306.8 88234.7 56662.8 80863.7 131903 99634.4 145432 129180 141865 132589 67043.2 42030 41623.4 23577.7 18363.4 22792 19204.5 21292.9 25220.2 43223.8 54435.3 74945.5 122848 130143
log_desv_Rt
 0.174747 0.387756 -0.0551262 0.300521 0.789823 0.509263 0.887465 0.768964 0.862634 0.79501 0.113093 -0.353861 -0.363582 -0.931944 -1.18188 -0.965834 -1.1371 -1.03387 -0.864599 -0.325853 -0.0952325 0.224516 0.718706 0.77639
SSB
 851385 578867 757217 1.01689e+06 981381 1.40356e+06 2.09336e+06 2.3705e+06 1.93282e+06 1.8167e+06 1.58806e+06 1.09417e+06 673191 349341 167156 146777 184723 263494 330822 387472 578339 681244 881996 1.28385e+06
BT
 2.94162e+06 812017 1.62024e+06 1.5638e+06 1.7082e+06 1.86701e+06 4.09446e+06 3.61914e+06 3.29856e+06 2.82064e+06 2.30297e+06 1.56069e+06 1.06392e+06 568625 330615 266229 336211 449887 495814 684809 1.04293e+06 969789 1.37849e+06 2.00429e+06
Ftot
 0.348997 0.255895 0.349274 0.0647163 0.0140574 0.148763 0.0936746 0.19302 0.226862 0.195819 0.433859 0.409826 0.647434 1.16123 1.0978 0.427082 0.295164 0.195716 0.164438 0.163822 0.0797763 0.102402 0.117595 0.112114
BD_Bspro_t
 0.958363 0.806569 0.783201 0.691963 0.784772 0.873259 0.847816 0.849006 0.797778 0.753887 0.707824 0.55491 0.440835 0.324289 0.205305 0.220031 0.336465 0.505051 0.616375 0.702334 0.794392 0.855512 0.864728 0.870492
BD_Bspro
 0.691157 0.469926 0.61471 0.825517 0.796688 1.13941 1.69939 1.92438 1.56907 1.4748 1.28919 0.888252 0.546498 0.283596 0.135698 0.119154 0.149959 0.213905 0.268562 0.31455 0.469497 0.553035 0.716007 1.04223
BD_Bo
 0.607616 0.413125 0.54041 0.725736 0.700391 1.00169 1.49399 1.69178 1.37942 1.29654 1.13336 0.780889 0.480442 0.249317 0.119296 0.104752 0.131833 0.18805 0.236101 0.27653 0.412748 0.486189 0.629462 0.916255
BD_Brms
 2.14234 1.4566 1.90538 2.55881 2.46945 3.53177 5.26751 5.96489 4.86355 4.57136 3.99602 2.75326 1.69395 0.879045 0.420615 0.369334 0.464818 0.663028 0.832447 0.974993 1.45527 1.71421 2.21936 3.23054
S_f
 0.199013 1 1 1 1
 0.199013 1 1 1 1
 0.199013 1 1 1 1
 0.199013 1 1 1 1
 0.199013 1 1 1 1
 0.199013 1 1 1 1
 0.199013 1 1 1 1
 0.199013 1 1 1 1
 0.199013 1 1 1 1
 0.199013 1 1 1 1
 0.199013 1 1 1 1
 0.199013 1 1 1 1
 0.199013 1 1 1 1
 0.199013 1 1 1 1
 0.199013 1 1 1 1
 0.199013 1 1 1 1
 0.199013 1 1 1 1
 0.199013 1 1 1 1
 0.199013 1 1 1 1
 0.199013 1 1 1 1
 0.199013 1 1 1 1
 0.199013 1 1 1 1
 0.199013 1 1 1 1
 0.199013 1 1 1 1
Scru_reclas
 1 1 1 1 1
 1 1 1 1 1
 1 1 1 1 1
 1 1 1 1 1
 1 1 1 1 1
 1 1 1 1 1
 1 1 1 1 1
 1 1 1 1 1
 1 1 1 1 1
 1 1 1 1 1
 1 1 1 1 1
 1 1 1 1 1
 1 1 1 1 1
 1 1 1 1 1
 1 1 1 1 1
 1 1 1 1 1
 1 1 1 1 1
 1 1 1 1 1
 1 1 1 1 1
 1 1 1 1 1
 1 1 1 1 1
 1 1 1 1 1
 1 1 1 1 1
 1 1 1 1 1
Scru_pelaces
 0.969237 1 1 1 1
 0.969237 1 1 1 1
 0.969237 1 1 1 1
 0.969237 1 1 1 1
 0.969237 1 1 1 1
 0.969237 1 1 1 1
 0.969237 1 1 1 1
 0.969237 1 1 1 1
 0.969237 1 1 1 1
 0.969237 1 1 1 1
 0.969237 1 1 1 1
 0.969237 1 1 1 1
 0.969237 1 1 1 1
 0.969237 1 1 1 1
 0.969237 1 1 1 1
 0.969237 1 1 1 1
 0.969237 1 1 1 1
 0.969237 1 1 1 1
 0.969237 1 1 1 1
 0.969237 1 1 1 1
 0.969237 1 1 1 1
 0.969237 1 1 1 1
 0.969237 1 1 1 1
 0.969237 1 1 1 1
pf_obs 
 0.256992 0.487395 0.22802 0.0275931 0
 0.321318 0.546541 0.124235 0.00734118 0.000564706
 0.182869 0.594174 0.210203 0.0122559 0.00049798
 0.330522 0.361315 0.267642 0.0388342 0.00168674
 0.649043 0.306663 0.0425973 0.00169635 0
 0.582887 0.30429 0.105238 0.00758474 0
 0.465427 0.430635 0.0974691 0.00646863 0
 0.296916 0.608066 0.0921331 0.00288517 0
 0.311714 0.524322 0.152257 0.0117073 0
 0.15457 0.633149 0.183074 0.0267441 0.00246327
 0.131901 0.49318 0.331252 0.0422183 0.00144891
 0.196976 0.569456 0.194076 0.0375587 0.00193317
 0.518974 0.381816 0.0799577 0.0180837 0.00116848
 0.0928022 0.601141 0.25162 0.0475244 0.00691264
 0.122501 0.610282 0.24278 0.0234846 0.000952079
 0.383417 0.481906 0.127806 0.00687128 0
 0.0376549 0.599619 0.316969 0.0457579 0
 0.0361596 0.667082 0.258105 0.0386534 0
 0.158088 0.579412 0.248529 0.0139706 0
 0.0477256 0.309471 0.559284 0.082774 0.000745712
 0.0406174 0.521527 0.379366 0.0568643 0.0016247
 0.151134 0.462217 0.34131 0.0453401 0
 0.294876 0.26143 0.354403 0.0886775 0.000613685
 0.281977 0.475581 0.204845 0.0348837 0.00271318
pf_pred 
 0.385488 0.434165 0.161341 0.0189962 9.48456e-06
 0.313677 0.540342 0.103138 0.0383275 0.00451491
 0.180228 0.590867 0.180217 0.034399 0.0142889
 0.261558 0.417019 0.231672 0.0706608 0.01909
 0.300956 0.452234 0.13938 0.0774318 0.0299974
 0.179709 0.562091 0.167038 0.0514818 0.0396803
 0.251896 0.404544 0.235419 0.0699601 0.0381812
 0.19841 0.511667 0.156778 0.091235 0.0419094
 0.221691 0.448202 0.210713 0.0645638 0.054831
 0.204626 0.487937 0.177042 0.0832328 0.0471617
 0.12498 0.512399 0.222456 0.0807158 0.0594484
 0.128207 0.407479 0.271896 0.118043 0.0743758
 0.200925 0.377006 0.197276 0.131635 0.0931573
 0.18957 0.511895 0.14085 0.0737026 0.0839828
 0.272331 0.491222 0.149348 0.0410937 0.0460055
 0.352848 0.493582 0.103669 0.031519 0.0183817
 0.238401 0.586082 0.133867 0.0281167 0.0135338
 0.244849 0.485524 0.207489 0.0473926 0.0147454
 0.250741 0.479817 0.173238 0.0740333 0.0221712
 0.32619 0.434163 0.153467 0.0554093 0.0307706
 0.279597 0.521395 0.128229 0.0453262 0.025453
 0.279927 0.481754 0.172485 0.04242 0.0234148
 0.319362 0.457161 0.149514 0.0535312 0.020432
 0.243767 0.539313 0.145698 0.0476502 0.0235722
pobs_RECLAS
 0 0 0 0 0
 0 0 0 0 0
 0 0 0 0 0
 0 0 0 0 0
 0.835266 0.146461 0.0176864 0.000547809 3.91292e-05
 0.385257 0.428462 0.181853 0.0044286 0
 0.867414 0.0963971 0.0333333 0.00285562 0
 0.441836 0.489002 0.0689373 0.000224442 0
 0.779404 0.147425 0.0564933 0.0165055 0.000172143
 0.814271 0.122319 0.05973 0.00367925 0
 0.40263 0.566651 0.0304383 0.000280538 0
 0.475488 0.404961 0.113038 0.00651328 0
 0.955842 0.0263864 0.0167828 0.000988607 0
 0.975058 0.0227948 0.00214734 0 0
 0.738997 0.206755 0.0527124 0.00153531 0
 0.850938 0.134255 0.0134407 0.00136685 0
 0.542534 0.407297 0.0501686 0 0
 0.764087 0.199537 0.0359546 0.000420521 0
 0.470689 0.182191 0.310203 0.0369168 0
 0.84361 0.089868 0.0606195 0.00523954 0.000663233
 0.607945 0.314616 0.071237 0.00620181 0
 0.523733 0.453247 0.0230204 0 0
 0.530135 0.295979 0.169645 0.0042399 0
 0.562478 0.366248 0.0663022 0.0049721 0
ppred_RECLAS
 0.762957 0.167476 0.0622362 0.00732766 3.6586e-06
 0.699686 0.236437 0.0451302 0.016771 0.00197559
 0.530087 0.3387 0.103305 0.0197183 0.00819077
 0.64099 0.202743 0.112633 0.0343533 0.00928101
 0.684018 0.204419 0.0630028 0.0350008 0.0135595
 0.525932 0.324847 0.0965358 0.0297527 0.0229323
 0.62961 0.200292 0.116557 0.0346376 0.0189037
 0.556883 0.282848 0.0866667 0.0504345 0.0231674
 0.591715 0.235117 0.110536 0.0338689 0.0287632
 0.566435 0.265978 0.0965072 0.0453708 0.0257082
 0.424499 0.337005 0.14631 0.0530868 0.0390993
 0.431179 0.265868 0.177404 0.0770196 0.0485281
 0.569531 0.203097 0.106275 0.0709132 0.0501847
 0.566137 0.274043 0.0754039 0.0394567 0.0449602
 0.674338 0.219842 0.0668394 0.0183911 0.0205894
 0.737822 0.199963 0.0419991 0.0127692 0.00744693
 0.615378 0.295982 0.0676052 0.0141994 0.00683483
 0.622146 0.242941 0.103821 0.0237137 0.00737815
 0.629109 0.237514 0.0857544 0.0366473 0.010975
 0.710446 0.186571 0.0659489 0.0238108 0.0132229
 0.661922 0.244686 0.0601766 0.0212711 0.0119448
 0.662558 0.22576 0.0808301 0.0198789 0.0109727
 0.703427 0.199198 0.0651473 0.0233251 0.0089028
 0.61962 0.271271 0.0732851 0.0239677 0.0118566
pobs_PELACES
 0 0 0 0 0
 0 0 0 0 0
 0 0 0 0 0
 0 0 0 0 0
 0 0 0 0 0
 0 0 0 0 0
 0 0 0 0 0
 0 0 0 0 0
 0 0 0 0 0
 0 0 0 0 0
 0.450072 0.473896 0.0757376 0.000293798 0
 0 0 0 0 0
 0.463077 0.371075 0.160297 0.00555027 0
 0.529543 0.364841 0.0842815 0.0213345 0
 0.631943 0.363953 0.00410389 0 0
 0.735681 0.248677 0.0153453 0.000297389 0
 0.695825 0.281241 0.0229344 0 0
 0.275771 0.60734 0.115278 0.00161068 0
 0 0 0 0 0
 0.896147 0.0623911 0.0374545 0.00400742 0
 0.803859 0.145111 0.0509908 3.86294e-05 0
 0.739449 0.233085 0.0266225 0.000797448 4.60066e-05
 0.878498 0.100942 0.0204185 0.000141795 0
 0.694673 0.275183 0.0284847 0.00165964 0
ppred_PELACES
 0.773812 0.159807 0.0593862 0.0069921 3.49106e-06
 0.707277 0.230461 0.0439894 0.016347 0.00192565
 0.545268 0.327758 0.0999672 0.0190813 0.00792616
 0.63773 0.204584 0.113655 0.0346653 0.00936529
 0.678037 0.208288 0.0641952 0.0356632 0.0138161
 0.527945 0.323468 0.0961259 0.0296264 0.0228349
 0.628096 0.20111 0.117033 0.0347792 0.0189809
 0.561757 0.279737 0.0857135 0.0498798 0.0229126
 0.598635 0.231133 0.108662 0.0332949 0.0282757
 0.571466 0.262892 0.0953874 0.0448444 0.0254099
 0.444999 0.325001 0.141098 0.0511958 0.0377065
 0.450176 0.256989 0.17148 0.0744474 0.0469074
 0.603441 0.187097 0.0979027 0.065327 0.0462314
 0.632232 0.232295 0.0639168 0.0334458 0.0381109
 0.728456 0.183309 0.0557322 0.0153349 0.0171679
 0.753306 0.188153 0.0395188 0.012015 0.00700712
 0.626388 0.28751 0.0656701 0.013793 0.00663919
 0.62695 0.239852 0.102501 0.0234123 0.00728434
 0.631955 0.235691 0.0850963 0.036366 0.0108907
 0.71292 0.184977 0.0653854 0.0236074 0.0131099
 0.659645 0.246334 0.0605819 0.0214144 0.0120253
 0.661624 0.226385 0.081054 0.019934 0.0110031
 0.703393 0.199221 0.0651548 0.0233277 0.00890382
 0.61924 0.271542 0.0733583 0.0239917 0.0118685
pobs_pel_tallas
 0 0 0 0 0 0 0 0 0 0 0 0 0 0 0 0 0 0 0 0 0 0 0 0 0 0 0 0 0 0 0 0 0 0 0 0
 0 0 0 0 0 0 0 0 0 0 0 0 0 0 0 0 0 0 0 0 0 0 0 0 0 0 0 0 0 0 0 0 0 0 0 0
 0 0 0 0 0 0 0 0 0 0 0 0 0 0 0 0 0 0 0 0 0 0 0 0 0 0 0 0 0 0 0 0 0 0 0 0
 0 0 0 0 0 0 0 0 0 0 0 0 0 0 0 0 0 0 0 0 0 0 0 0 0 0 0 0 0 0 0 0 0 0 0 0
 0 0 0 0 0 0 0 0 0 0 0 0 0 0 0 0 0 0 0 0 0 0 0 0 0 0 0 0 0 0 0 0 0 0 0 0
 0 0 0 0 0 0 0 0 0 0 0 0 0 0 0 0 0 0 0 0 0 0 0 0 0 0 0 0 0 0 0 0 0 0 0 0
 0 0 0 0 0 0 0 0 0 0 0 0 0 0 0 0 0 0 0 0 0 0 0 0 0 0 0 0 0 0 0 0 0 0 0 0
 0 0 0 0 0 0 0 0 0 0 0 0 0 0 0 0 0 0 0 0 0 0 0 0 0 0 0 0 0 0 0 0 0 0 0 0
 0 0 0 0 0 0 0 0 0 0 0 0 0 0 0 0 0 0 0 0 0 0 0 0 0 0 0 0 0 0 0 0 0 0 0 0
 0 0 0 0 0 0 0 0 0 0 0 0 0 0 0 0 0 0 0 0 0 0 0 0 0 0 0 0 0 0 0 0 0 0 0 0
 0 0 0 0 0 0 0 0 1.78061e-05 0.00172719 0.00360574 0.0105946 0.0120993 0.0124554 0.0147524 0.0171206 0.0266825 0.0428682 0.0675386 0.121331 0.153587 0.119568 0.100827 0.0573624 0.0630603 0.0341343 0.0324427 0.0444173 0.0211091 0.0280891 0.0125444 0.00206551 0 0 0 0
 0 0 0 0 0 0 0 0 0 0 0 0 0 0 0 0 0 0 0 0 0 0 0 0 0 0 0 0 0 0 0 0 0 0 0 0
 0 0 0 0 0 0 0.0133647 0.0140871 0.0187388 0.0205184 0.03894 0.0496705 0.03968 0.0493445 0.0407372 0.0367815 0.0215668 0.0243155 0.0234873 0.0199281 0.019796 0.0243948 0.0301388 0.0376714 0.0412746 0.0863199 0.0771752 0.113111 0.0741005 0.0525337 0.0229764 0.00759418 0.00175318 0 0 0
 0 0 0 0 0 0 0 0 0 0 0.00219441 0.00772107 0.0458388 0.0604681 0.0671733 0.0775358 0.0609151 0.0617685 0.073594 0.0568108 0.0755445 0.0548602 0.0670107 0.0636378 0.0643287 0.046367 0.0373049 0.0286899 0.0247887 0.0153202 0.00654259 0.00121912 0.000365735 0 0 0
 0 0 0 0 0 0 0 0 0 0 0 0 0.000112435 0.00938835 0.0111873 0.0202946 0.0414886 0.0713402 0.111592 0.104902 0.108894 0.110636 0.117776 0.105296 0.107544 0.0401394 0.0192827 0.0124803 0.00416011 0.0028671 0.000618394 0 0 0 0 0
 0 0 0 0 0 0 0 0 0 0 0.00291406 0.0102884 0.027416 0.0768956 0.0749926 0.110853 0.0956884 0.0897413 0.0766577 0.0534642 0.0500743 0.0551293 0.0594112 0.0620874 0.0668451 0.0424026 0.0208742 0.0120726 0.0048766 0.00582813 0.00118941 0.000297354 0 0 0 0
 0 0.00264628 0.0354308 0.0461629 0.0458689 0.0383711 0.0214643 0.0164657 0.0346957 0.0420465 0.0363128 0.0245516 0.0311673 0.0291091 0.0169068 0.0133784 0.00837989 0.0085269 0.0148486 0.0160247 0.0276389 0.0546898 0.0760071 0.122758 0.109233 0.0665981 0.0333725 0.0166128 0.00676272 0.00308733 0.000882094 0 0 0 0 0
 0 0 0 0 0 0 0 0.000805153 0.000690131 0.00759144 0.0133425 0.0154129 0.00931677 0.000345066 0.00356568 0.00563607 0.00851162 0.0253048 0.0502646 0.0516448 0.0657925 0.0565908 0.0611916 0.0827007 0.0866115 0.110766 0.145733 0.0935128 0.0569358 0.0249597 0.0138026 0.00621118 0.00161031 0.00115022 0 0
 0 0 0 0 0 0 0 0 0 0 0 0 0 0 0 0 0 0 0 0 0 0 0 0 0 0 0 0 0 0 0 0 0 0 0 0
 0.00147267 0.00158595 0.00478618 0.00569244 0.00954404 0.0108468 0.00647125 0.017049 0.0510054 0.094081 0.124002 0.0959785 0.0687766 0.0820023 0.061753 0.0591476 0.0492212 0.0479892 0.0443925 0.0268479 0.0217502 0.0140895 0.0121071 0.0120363 0.00920419 0.00665534 0.0049561 0.00860946 0.00930331 0.0156896 0.0114698 0.00855282 0.00243557 0.00046729 0 2.83206e-05
 0 0 0 0 0.000772559 0.00158375 0.000888443 0.00281984 0.00712685 0.0440552 0.0773331 0.111326 0.0921469 0.0852325 0.0710754 0.0886704 0.0786465 0.0553345 0.0373146 0.0185414 0.00753245 0.00457741 0.012979 0.0271748 0.0457355 0.0583668 0.034881 0.0177882 0.00938659 0.00492506 0.0015258 0.00185414 0.000309023 5.79419e-05 3.86279e-05 0
 0 0.00173294 0.00326652 0 0.00397197 0.00683976 0.00946217 0.0152591 0.00757587 0.0136028 0.0228656 0.0392903 0.0559909 0.0764795 0.0681675 0.0726916 0.0566044 0.0477403 0.0527397 0.0444891 0.0609904 0.0582453 0.0661739 0.0445044 0.0529084 0.0360697 0.0280645 0.0235558 0.0158879 0.00826598 0.00280645 0.00217768 0.000904811 0.00058276 9.20147e-05 0
 0 0 0 0 0 0 0 0 0 0 0 0 0 0 0 0 0 0 0 0 0 0 0 0 0 0 0 0 0 0 0 0 0 0 0 0
 0 0 0 0 0 0 0 0 0 0 0 0 0 0 0 0 0 0 0 0 0 0 0 0 0 0 0 0 0 0 0 0 0 0 0 0
ppred_pel_tallas
 1.01136e-16 3.37611e-05 0.000198153 0.000941939 0.00362653 0.011309 0.0285656 0.0584489 0.096885 0.130112 0.141584 0.124877 0.0893684 0.0521109 0.0252061 0.0109606 0.00568236 0.00502732 0.00633336 0.00843081 0.0108398 0.0132689 0.0154495 0.0171303 0.0181208 0.018331 0.0177877 0.0166194 0.0150181 0.0131909 0.0113187 0.00953083 0.0079015 0.00645944 0.00520519 0.00412668
 1.01352e-16 3.08627e-05 0.000181131 0.000860997 0.00331486 0.0103371 0.0261106 0.0534264 0.0885622 0.118943 0.129449 0.114221 0.0818457 0.0479318 0.0235723 0.0109113 0.00660917 0.00671826 0.00880351 0.0117577 0.0150622 0.0183351 0.0211968 0.0232937 0.0243671 0.0243113 0.0231951 0.0212366 0.0187429 0.016035 0.0133836 0.0109715 0.00888793 0.00714596 0.00571247 0.00453612
 1.02552e-16 2.38024e-05 0.000139671 0.000663874 0.00255585 0.00797008 0.020132 0.0411944 0.0682906 0.0917313 0.0998718 0.0882127 0.0634045 0.0375261 0.0191902 0.0101223 0.0078212 0.00929889 0.0126926 0.0170996 0.0219955 0.0268912 0.0312572 0.0345865 0.0364976 0.0368178 0.0356157 0.0331683 0.0298802 0.0261815 0.0224415 0.0189176 0.0157473 0.012972 0.0105745 0.00851417
 1.03309e-16 2.78292e-05 0.000163324 0.000776344 0.00298893 0.00932066 0.0235433 0.0481733 0.0798546 0.107249 0.116724 0.102997 0.0738129 0.0432481 0.0213097 0.00993895 0.00613617 0.00635804 0.00842983 0.0113777 0.0147598 0.0182538 0.02153 0.0242665 0.0262056 0.0272039 0.0272539 0.0264681 0.0250356 0.0231683 0.0210545 0.0188344 0.0165987 0.0144009 0.012277 0.0102595
 1.02851e-16 2.95868e-05 0.000173642 0.000825401 0.00317781 0.00990968 0.0250311 0.0512174 0.0849003 0.114024 0.124094 0.109491 0.078447 0.0459224 0.0225499 0.0103835 0.0062222 0.00628567 0.00824948 0.0110691 0.0142711 0.0175172 0.0204707 0.0228125 0.0243 0.0248184 0.0243997 0.0232024 0.0214606 0.0194218 0.0172949 0.0152209 0.0132721 0.0114684 0.00980284 0.00826328
 1.03555e-16 2.30468e-05 0.000135236 0.000642789 0.00247467 0.00771693 0.0194926 0.039886 0.0661218 0.0888188 0.0967025 0.0854177 0.0614048 0.0363614 0.0186296 0.00988416 0.00770765 0.00921161 0.0125959 0.0169884 0.0218808 0.0267967 0.0312188 0.0346508 0.0367181 0.037249 0.0363057 0.0341514 0.0311706 0.02777 0.0242943 0.0209791 0.0179453 0.0152245 0.0127979 0.0106316
 1.03809e-16 2.74089e-05 0.000160857 0.000764618 0.00294378 0.00917987 0.0231877 0.0474456 0.0786484 0.105629 0.114961 0.101442 0.0726995 0.0425979 0.0209937 0.0097995 0.00606245 0.00629459 0.00835664 0.0112927 0.0146711 0.018178 0.0214918 0.0242967 0.0263381 0.0274711 0.0276817 0.0270712 0.0258147 0.0241088 0.0221282 0.0200027 0.0178165 0.0156219 0.0134577 0.0113626
 1.04093e-16 2.45193e-05 0.000143885 0.000683917 0.00263304 0.00821081 0.02074 0.0424381 0.0703506 0.0944932 0.102865 0.0908245 0.0652116 0.0384549 0.0194063 0.0098191 0.00709337 0.00813661 0.0110334 0.0148839 0.0192085 0.0235903 0.0275854 0.0307671 0.0328102 0.03356 0.0330585 0.0315158 0.0292427 0.0265674 0.0237651 0.0210211 0.0184284 0.0160115 0.0137605 0.0116605
 1.04084e-16 2.61255e-05 0.000153319 0.000728776 0.00280577 0.00874949 0.0221006 0.0452216 0.0749629 0.100682 0.109587 0.0967226 0.0693657 0.0407424 0.0202613 0.00976276 0.00644907 0.00700743 0.00939902 0.0126961 0.0164514 0.0203128 0.0239124 0.026892 0.0289695 0.0299948 0.0299735 0.0290459 0.0274366 0.02539 0.0231173 0.0207681 0.0184293 0.0161428 0.0139296 0.0118092
 1.04168e-16 2.4942e-05 0.000146369 0.000695726 0.00267851 0.00835262 0.0210982 0.0431708 0.0715646 0.096122 0.104633 0.0923739 0.0662985 0.0390444 0.0196089 0.00976686 0.00686515 0.00775284 0.0104829 0.0141511 0.0182907 0.0225085 0.0263871 0.0295236 0.031607 0.032483 0.0321793 0.0308796 0.0288624 0.0264245 0.0238173 0.0212127 0.0187015 0.0163148 0.0140551 0.0119213
 1.0563e-16 1.94301e-05 0.000114003 0.000541842 0.00208599 0.00650486 0.016431 0.0336219 0.0557392 0.0748778 0.0815389 0.0720587 0.0518782 0.0308752 0.0161065 0.00901505 0.00759737 0.00944966 0.013074 0.0177344 0.0229759 0.0283435 0.0333277 0.0374277 0.0402513 0.041594 0.0414715 0.0400901 0.0377737 0.0348719 0.0316845 0.0284211 0.0251995 0.0220712 0.0190569 0.0161756
 1.07268e-16 1.96531e-05 0.000115318 0.000548109 0.00211015 0.00658021 0.0166212 0.0340106 0.0563816 0.0757349 0.0824565 0.0728325 0.0523544 0.0309969 0.0158755 0.00842326 0.00659034 0.00793397 0.0109511 0.0149424 0.0195287 0.0243606 0.0290449 0.0331828 0.0364419 0.0386169 0.0396561 0.0396426 0.0387462 0.037162 0.0350627 0.0325762 0.0297902 0.0267724 0.023594 0.0203429
 1.05856e-16 2.63332e-05 0.000154543 0.000734603 0.00282823 0.00881952 0.0222774 0.0455831 0.0755608 0.101482 0.110447 0.0974561 0.0698376 0.0409105 0.0201431 0.00937203 0.00576039 0.00595938 0.00791931 0.0107319 0.0139976 0.017434 0.0207533 0.0236717 0.0259581 0.0274768 0.0282044 0.0282143 0.0276376 0.0266174 0.0252715 0.0236774 0.0218778 0.0198984 0.0177691 0.0155376
 1.03914e-16 2.75903e-05 0.00016192 0.000769664 0.0029632 0.00924043 0.0233407 0.0477589 0.0791684 0.106329 0.115729 0.102134 0.0732243 0.042964 0.0212817 0.0101109 0.00648506 0.00689325 0.00917179 0.0123349 0.0159112 0.0195386 0.0228474 0.0254861 0.027189 0.0278325 0.0274557 0.0262362 0.0244326 0.0223147 0.0201051 0.0179485 0.0159112 0.0140022 0.0122037 0.0104968
 1.02181e-16 3.17842e-05 0.000186546 0.000886749 0.00341403 0.0106463 0.0268918 0.0550243 0.0912093 0.122493 0.133301 0.117591 0.0841964 0.0491802 0.0239481 0.0106867 0.00593634 0.00561936 0.00723283 0.00966543 0.0124395 0.0152411 0.0177692 0.0197419 0.0209466 0.0212852 0.0207915 0.0196126 0.0179638 0.0160729 0.0141325 0.0122736 0.0105632 0.00901857 0.00762934 0.00637748
 1.01363e-16 3.2868e-05 0.000192908 0.000916995 0.00353048 0.0110095 0.0278091 0.0569011 0.0943204 0.126671 0.137846 0.121598 0.0870598 0.0508413 0.0247347 0.0109982 0.00604974 0.00566719 0.00725614 0.00966102 0.0123822 0.0150907 0.0174743 0.019244 0.0201877 0.0202167 0.0193836 0.0178617 0.0158964 0.0137443 0.0116217 0.00967444 0.00797357 0.00653022 0.00531948 0.0043031
 1.01811e-16 2.73379e-05 0.000160432 0.00076258 0.00293591 0.00915529 0.0231257 0.0473194 0.0784415 0.105358 0.114685 0.101243 0.0726526 0.0427633 0.0214317 0.0105959 0.00733738 0.00818842 0.0109978 0.0147545 0.0189273 0.0230674 0.0267062 0.0294016 0.0308273 0.0308457 0.0295357 0.0271618 0.0240998 0.0207453 0.0174332 0.0143925 0.0117381 0.0094924 0.00762151 0.00606871
 1.02679e-16 2.73605e-05 0.000160569 0.000763242 0.00293847 0.0091633 0.0231459 0.0473603 0.0785081 0.105444 0.114768 0.101292 0.0726359 0.042649 0.0211824 0.0101595 0.00664521 0.00716366 0.00957225 0.0128916 0.0166458 0.02046 0.0239455 0.0267272 0.0285146 0.0291619 0.0286919 0.0272753 0.025175 0.0226771 0.0200313 0.0174174 0.0149409 0.012649 0.0105553 0.00866124
 1.03044e-16 2.75786e-05 0.00016185 0.000769331 0.00296192 0.00923642 0.0233306 0.0477382 0.0791342 0.106284 0.115681 0.102094 0.0732017 0.042963 0.0213043 0.0101607 0.00657001 0.00702524 0.00936521 0.0126041 0.0162672 0.019986 0.0233808 0.0260876 0.027827 0.0284623 0.0280228 0.0266807 0.0246961 0.0223471 0.019872 0.0174364 0.0151306 0.0129878 0.0110102 0.00919243
 1.02413e-16 3.11069e-05 0.000182569 0.000867843 0.00334123 0.0104193 0.0263184 0.0538511 0.0892648 0.119882 0.130462 0.11509 0.0824148 0.0481579 0.0234848 0.0105395 0.00594043 0.00570119 0.00737541 0.00987663 0.0127357 0.0156403 0.0182882 0.0203936 0.0217381 0.0222159 0.0218519 0.0207835 0.0192166 0.0173713 0.0154354 0.0135385 0.0117504 0.0100951 0.00857163 0.00717314
 1.02239e-16 2.87863e-05 0.000168939 0.000803034 0.00309168 0.00964108 0.0243527 0.0498296 0.0826011 0.11094 0.120747 0.106563 0.0764007 0.0448294 0.022208 0.0105528 0.00676632 0.00718085 0.00953163 0.0127795 0.0164191 0.0200571 0.0232929 0.0257489 0.027144 0.0273558 0.0264433 0.024621 0.0221967 0.0194936 0.0167847 0.0142545 0.0119948 0.0100239 0.00831741 0.00683641
 1.02424e-16 2.88719e-05 0.000169443 0.000805434 0.00310093 0.00966991 0.0244255 0.0499785 0.0828472 0.111269 0.121101 0.106865 0.0765947 0.0448984 0.0221594 0.0103931 0.00648689 0.00675974 0.00894463 0.0120131 0.0154817 0.0189874 0.0221618 0.0246537 0.0261952 0.0266581 0.0260766 0.0246251 0.0225644 0.020174 0.0176943 0.0152938 0.0130654 0.011042 0.00922243 0.0075939
 1.02208e-16 3.06921e-05 0.000180132 0.000856255 0.00329661 0.0102802 0.0259669 0.053132 0.0880734 0.118284 0.128726 0.113568 0.0813454 0.0475739 0.0232764 0.0105751 0.00614062 0.00604402 0.00787103 0.0105417 0.0135766 0.0166436 0.019417 0.0215888 0.0229255 0.023317 0.0227962 0.0215192 0.019717 0.0176358 0.0154857 0.013412 0.0114923 0.00975128 0.00818386 0.00677579
 1.02509e-16 2.70255e-05 0.0001586 0.000753873 0.00290239 0.00905077 0.0228617 0.0467791 0.0775455 0.104153 0.113371 0.100077 0.0718031 0.0422372 0.0211204 0.0103648 0.00708222 0.00784456 0.0105295 0.0141484 0.018193 0.0222421 0.0258562 0.028618 0.0302152 0.0305088 0.0295587 0.027596 0.0249549 0.0219878 0.0189937 0.0161768 0.013641 0.0114113 0.00946634 0.0077692
pSPR Fmed_Fpbrs
0.716497   0.333623 0.333623
Fs Fmed_Fpbrs
0.206374   1.005 1.005
SSBpbr Bo_Bmed_Bpbrs
1.40119e+06  933889  397410 397410
Ro
59874.1
SPR SPRFo_SPRFmed_SPRFpbrs
1.23183e+06 882600 410966
log_Ro
10.82
likeval ReclasPelacesDesembMPH_pf_preclas_ppelaces_ptallas_desvR_qrecl_qpela
 60.5803 22.4615 0.0326594 0.000230827 289.602 172.499 80.8454 0 16.3546 8.56493e-05 4.55421e-06 0 0 0 0
q_reclas_q_pelaces
0.269435 1.35474
M
0.7
N
 71306.8 18000.5 6689.24 787.587 0.393231
 88234.7 33034 6305.39 2343.17 276.021
 56662.8 41640.5 12700.5 2424.22 1006.99
 80863.7 26248.5 14582.2 4447.62 1201.58
 131903 39641.9 12217.8 6787.51 2629.51
 99634.4 65318.1 19410.8 5982.48 4611.08
 145432 48033.6 27952.5 8306.73 4533.45
 129180 70885.6 21719.9 12639.6 5806.07
 141865 61731.5 29021.8 8892.49 7551.96
 132589 67338.4 24433 11486.7 6508.61
 67043.2 63325.3 27492.5 9975.32 7346.98
 42030 30538.7 20377.4 8846.77 5574.13
 41623.4 19236.8 10066 6716.71 4753.36
 23577.7 18170.8 4999.76 2616.23 2981.15
 18363.4 9292.43 2825.21 777.368 870.286
 22792 7329.33 1539.41 468.034 272.956
 19204.5 10395.9 2374.54 498.735 240.064
 21292.9 8992.59 3842.99 877.777 273.106
 25220.2 10169.8 3671.81 1569.15 469.923
 43223.8 12120.8 4284.43 1546.89 859.039
 54435.3 20775.8 5109.48 1806.09 1014.21
 74945.5 26606 9525.88 2342.74 1293.14
 122848 36466.1 11926.2 4269.99 1629.79
 130143 59593.6 16099.5 5265.3 2604.7
pred_Ctot
 3454.7 3890.93 1445.92 170.242 0.0849994
 3159.93 5443.32 1039 386.105 45.4825
 2747.33 9006.97 2747.16 524.365 217.815
 744.742 1187.39 659.647 201.195 54.3554
 265.051 398.281 122.752 68.194 26.4186
 2093.84 6549.09 1946.21 599.83 462.327
 1933.83 3105.72 1807.33 537.09 293.12
 3508.79 9048.58 2772.55 1613.45 741.148
 4515.57 9129.31 4291.96 1315.09 1116.84
 3652.71 8710.02 3160.33 1485.76 841.869
 4008.34 16433.6 7134.58 2588.7 1906.62
 2378.62 7559.94 5044.48 2190.04 1379.89
 3645.8 6840.8 3579.59 2388.53 1690.35
 3545.61 9574.17 2634.37 1378.49 1570.76
 2624.65 4734.27 1439.38 396.05 443.389
 1342.18 1877.51 394.342 119.893 69.9213
 790.599 1943.6 443.937 93.2421 44.8816
 586.297 1162.6 496.839 113.483 35.3083
 585.053 1119.55 404.214 172.741 51.7318
 998.991 1329.67 470.011 169.697 94.2383
 617.19 1150.94 283.056 100.054 56.1856
 1088.57 1873.43 670.753 164.961 91.0545
 2046.37 2929.33 958.033 343.01 130.921
 2067.83 4574.9 1235.93 404.208 199.959
F
 0.0694548 0.348997 0.348997 0.348997 0.348997
 0.0509264 0.255895 0.255895 0.255895 0.255895
 0.0695099 0.349274 0.349274 0.349274 0.349274
 0.0128794 0.0647163 0.0647163 0.0647163 0.0647163
 0.00279759 0.0140574 0.0140574 0.0140574 0.0140574
 0.0296058 0.148763 0.148763 0.148763 0.148763
 0.0186424 0.0936746 0.0936746 0.0936746 0.0936746
 0.0384135 0.19302 0.19302 0.19302 0.19302
 0.0451483 0.226862 0.226862 0.226862 0.226862
 0.0389705 0.195819 0.195819 0.195819 0.195819
 0.0863436 0.433859 0.433859 0.433859 0.433859
 0.0815607 0.409826 0.409826 0.409826 0.409826
 0.128848 0.647434 0.647434 0.647434 0.647434
 0.2311 1.16123 1.16123 1.16123 1.16123
 0.218476 1.0978 1.0978 1.0978 1.0978
 0.0849949 0.427082 0.427082 0.427082 0.427082
 0.0587415 0.295164 0.295164 0.295164 0.295164
 0.0389499 0.195716 0.195716 0.195716 0.195716
 0.0327253 0.164438 0.164438 0.164438 0.164438
 0.0326026 0.163822 0.163822 0.163822 0.163822
 0.0158765 0.0797763 0.0797763 0.0797763 0.0797763
 0.0203793 0.102402 0.102402 0.102402 0.102402
 0.0234029 0.117595 0.117595 0.117595 0.117595
 0.0223122 0.112114 0.112114 0.112114 0.112114
nmprior
 10 10 8 0
nm_flota  nm_reclas  nm_pelaces    nm_pelaL
inf 13.7104 19.1065 34.4682
cv_recla  cv_pelaces  cv_mph
0.720597 0.557678 0.492926
 ------------------------------------------------
Talla a la edad & desviación 
 7.2 14.2025 17.0495 18.207 18.6776
 1.08 2.13037 2.55742 2.73105 2.80164
