years
 1997 1998 1999 2000 2001 2002 2003 2004 2005 2006 2007 2008 2009 2010 2011 2012 2013 2014 2015 2016 2017 2018 2019 2020
reclasobs
 0 0 0 370054 412103 1.49427e+06 250295 1.28982e+06 931140 785840 897777 1.04006e+06 184774 17550 25797 100020 73551 82996 120727 218422 84188 347160 605670 569463
reclaspred
 934708 196832 421094 202307 315617 391144 832122 627468 704856 835412 796342 570947 344321 135486 75037.5 69336.2 79149 105754 115994 140059 216803 216594 350640 359677
pelacesobs
 0 0 0 0 0 0 0 0 0 2.06254e+06 1.5e+06 0 1.87456e+06 323000 250000 174000 83755 137374 0 501740 490994 745055 786931 1.00524e+06
pelacespred
 2.94791e+06 871374 705461 700508 986255 892239 2.34188e+06 1.98342e+06 2.03134e+06 2.52199e+06 2.03738e+06 1.51724e+06 884101 268014 153094 156634 187178 265125 295546 343169 640670 626044 754848 904293
mphobs
 0 0 0 0 0 112323 0 153150 637223 0 255016 313432 73983 77613 109348 50772 0 0 0 0 0 0 0 0
mphpred
 312644 150292 139536 94790 93003 170534 217779 307997 278533 312189 380423 267437 169821 90596.2 40388.1 30200.5 30109.5 38050.2 47198.8 49802.3 71519 92260.1 111115 139123
desembarqueobs
 350755 77701 442110 56441 14545 235359 269955 359681 431902 328805 639364 411747 362871 311530 167758 66681 60226 58785 57116 71774 51957 67425 138520 160799
desembarquepred
 350741 77682 441861 56437.4 14544.8 235382 269979 359446 431743 328694 638790 411447 362579 311281 167405 66649.7 60235.4 58747.1 57075 71747.2 51954.9 67395 138490 160783
Reclutas
 29325.3 42197.1 12211.1 17545.7 42648.3 25582.2 64038.5 64175.8 80506.9 116147 67430.5 48908.8 51171.3 28268.4 13503.3 10702.6 8350.5 9470.73 9233.48 13249.7 19224.4 23415.9 33488.6 29880.1
log_desv_Rt
 0.0662057 0.430106 -0.809903 -0.447436 0.440744 -0.0703461 0.84724 0.849381 1.0761 1.44261 0.898853 0.577713 0.622933 0.0294987 -0.709314 -0.941759 -1.18992 -1.06404 -1.08941 -0.72827 -0.356062 -0.15883 0.19896 0.0849464
SSB
 562852 270569 251207 170650 167433 307012 392066 554486 501441 562033 684875 481465 305727 163100 72710.6 54369.8 54206.1 68501.6 84971.9 89658.9 128755 166096 200041 250462
BT
 1.47859e+06 400690 497684 293770 386137 454495 1.22958e+06 1.1501e+06 1.24956e+06 1.32851e+06 1.30923e+06 925941 718508 404199 207991 117610 124146 152061 148211 186475 289195 260249 345695 433375
Ftot
 0.544779 0.644976 1.28365 0.432204 0.0847792 0.777114 0.583399 0.914779 1.02674 0.684414 1.10712 1.02922 1.63866 2.95792 3.09457 1.40635 1.18013 0.882289 0.698704 0.801051 0.385403 0.452387 0.566319 0.639519
BD_Bspro_t
 0.929257 0.659585 0.539152 0.285229 0.399077 0.603654 0.516345 0.561634 0.49544 0.476843 0.491103 0.338086 0.246297 0.16346 0.0897479 0.0831231 0.113723 0.189155 0.271999 0.335797 0.451588 0.579441 0.583939 0.562277
BD_Bspro
 0.996768 0.479158 0.444868 0.302209 0.296511 0.543695 0.69432 0.981952 0.888015 0.995319 1.21286 0.852639 0.54142 0.288838 0.128765 0.0962848 0.0959948 0.121311 0.150479 0.158779 0.228016 0.294143 0.354257 0.443549
BD_Bo
 0.736604 0.354094 0.328754 0.22333 0.219119 0.401787 0.513097 0.725655 0.656236 0.735533 0.896296 0.630094 0.400105 0.213449 0.0951564 0.0711538 0.0709395 0.0896481 0.111203 0.117337 0.168502 0.217369 0.261793 0.32778
BD_Brms
 2.41915 1.16291 1.07969 0.733459 0.719631 1.31955 1.68511 2.38319 2.15521 2.41563 2.94361 2.06935 1.31402 0.701008 0.312512 0.233683 0.232979 0.294422 0.365211 0.385356 0.553394 0.713883 0.859781 1.07649
S_f
 0.131817 1 1 1 1
 0.131817 1 1 1 1
 0.131817 1 1 1 1
 0.131817 1 1 1 1
 0.131817 1 1 1 1
 0.131817 1 1 1 1
 0.131817 1 1 1 1
 0.131817 1 1 1 1
 0.131817 1 1 1 1
 0.131817 1 1 1 1
 0.131817 1 1 1 1
 0.131817 1 1 1 1
 0.131817 1 1 1 1
 0.131817 1 1 1 1
 0.131817 1 1 1 1
 0.131817 1 1 1 1
 0.131817 1 1 1 1
 0.131817 1 1 1 1
 0.131817 1 1 1 1
 0.131817 1 1 1 1
 0.131817 1 1 1 1
 0.131817 1 1 1 1
 0.131817 1 1 1 1
 0.131817 1 1 1 1
Scru_reclas
 0.389223 0.762306 0.941657 0.987839 0.99756
 0.389223 0.762306 0.941657 0.987839 0.99756
 0.389223 0.762306 0.941657 0.987839 0.99756
 0.389223 0.762306 0.941657 0.987839 0.99756
 0.389223 0.762306 0.941657 0.987839 0.99756
 0.389223 0.762306 0.941657 0.987839 0.99756
 0.389223 0.762306 0.941657 0.987839 0.99756
 0.389223 0.762306 0.941657 0.987839 0.99756
 0.389223 0.762306 0.941657 0.987839 0.99756
 0.389223 0.762306 0.941657 0.987839 0.99756
 0.389223 0.762306 0.941657 0.987839 0.99756
 0.389223 0.762306 0.941657 0.987839 0.99756
 0.389223 0.762306 0.941657 0.987839 0.99756
 0.389223 0.762306 0.941657 0.987839 0.99756
 0.389223 0.762306 0.941657 0.987839 0.99756
 0.389223 0.762306 0.941657 0.987839 0.99756
 0.389223 0.762306 0.941657 0.987839 0.99756
 0.389223 0.762306 0.941657 0.987839 0.99756
 0.389223 0.762306 0.941657 0.987839 0.99756
 0.389223 0.762306 0.941657 0.987839 0.99756
 0.389223 0.762306 0.941657 0.987839 0.99756
 0.389223 0.762306 0.941657 0.987839 0.99756
 0.389223 0.762306 0.941657 0.987839 0.99756
 0.389223 0.762306 0.941657 0.987839 0.99756
Scru_pelaces
 0.440273 0.918837 0.9939 0.999574 0.99997
 0.440273 0.918837 0.9939 0.999574 0.99997
 0.440273 0.918837 0.9939 0.999574 0.99997
 0.440273 0.918837 0.9939 0.999574 0.99997
 0.440273 0.918837 0.9939 0.999574 0.99997
 0.440273 0.918837 0.9939 0.999574 0.99997
 0.440273 0.918837 0.9939 0.999574 0.99997
 0.440273 0.918837 0.9939 0.999574 0.99997
 0.440273 0.918837 0.9939 0.999574 0.99997
 0.440273 0.918837 0.9939 0.999574 0.99997
 0.440273 0.918837 0.9939 0.999574 0.99997
 0.440273 0.918837 0.9939 0.999574 0.99997
 0.440273 0.918837 0.9939 0.999574 0.99997
 0.440273 0.918837 0.9939 0.999574 0.99997
 0.440273 0.918837 0.9939 0.999574 0.99997
 0.440273 0.918837 0.9939 0.999574 0.99997
 0.440273 0.918837 0.9939 0.999574 0.99997
 0.440273 0.918837 0.9939 0.999574 0.99997
 0.440273 0.918837 0.9939 0.999574 0.99997
 0.440273 0.918837 0.9939 0.999574 0.99997
 0.440273 0.918837 0.9939 0.999574 0.99997
 0.440273 0.918837 0.9939 0.999574 0.99997
 0.440273 0.918837 0.9939 0.999574 0.99997
 0.440273 0.918837 0.9939 0.999574 0.99997
pf_obs 
 0.256992 0.487395 0.22802 0.0275931 0
 0.321318 0.546541 0.124235 0.00734118 0.000564706
 0.182869 0.594174 0.210203 0.0122559 0.00049798
 0.330522 0.361315 0.267642 0.0388342 0.00168674
 0.649043 0.306663 0.0425973 0.00169635 0
 0.582887 0.30429 0.105238 0.00758474 0
 0.465427 0.430635 0.0974691 0.00646863 0
 0.296916 0.608066 0.0921331 0.00288517 0
 0.311714 0.524322 0.152257 0.0117073 0
 0.15457 0.633149 0.183074 0.0267441 0.00246327
 0.131901 0.49318 0.331252 0.0422183 0.00144891
 0.196976 0.569456 0.194076 0.0375587 0.00193317
 0.518974 0.381816 0.0799577 0.0180837 0.00116848
 0.0928022 0.601141 0.25162 0.0475244 0.00691264
 0.122501 0.610282 0.24278 0.0234846 0.000952079
 0.383417 0.481906 0.127806 0.00687128 0
 0.0376549 0.599619 0.316969 0.0457579 0
 0.0361596 0.667082 0.258105 0.0386534 0
 0.158088 0.579412 0.248529 0.0139706 0
 0.0477256 0.309471 0.559284 0.082774 0.000745712
 0.0406174 0.521527 0.379366 0.0568643 0.0016247
 0.151134 0.462217 0.34131 0.0453401 0
 0.294876 0.26143 0.354403 0.0886775 0.000613685
 0.281977 0.475581 0.204845 0.0348837 0.00271318
pf_pred 
 0.190653 0.558043 0.223323 0.0279739 7.30055e-06
 0.266312 0.514936 0.150829 0.0603602 0.00756282
 0.0924608 0.719458 0.132004 0.038665 0.0174121
 0.242629 0.458368 0.237037 0.0434908 0.0184755
 0.346358 0.49098 0.0984449 0.0509092 0.0133087
 0.146091 0.689366 0.123596 0.0247818 0.0161658
 0.37469 0.412342 0.171931 0.0308253 0.0102125
 0.253464 0.641556 0.069226 0.0288646 0.00688962
 0.301138 0.563005 0.116752 0.0125979 0.00650663
 0.32203 0.575227 0.0827703 0.0171643 0.00280866
 0.170676 0.69365 0.115113 0.0165638 0.00399694
 0.189539 0.597084 0.17847 0.0296176 0.00529009
 0.288665 0.535387 0.129624 0.0387451 0.00757831
 0.268681 0.645622 0.0645002 0.0156164 0.00558077
 0.2925 0.665621 0.0369712 0.00369357 0.00121384
 0.323856 0.643359 0.0308445 0.00171323 0.000227407
 0.247653 0.666292 0.0818827 0.0039257 0.000246991
 0.282784 0.590634 0.112103 0.0137766 0.000702049
 0.23537 0.631113 0.109953 0.0208691 0.00269536
 0.29888 0.539529 0.133375 0.0232366 0.00497994
 0.29057 0.588936 0.0927233 0.0229217 0.00484929
 0.240822 0.599918 0.13221 0.0208154 0.0062343
 0.270882 0.547757 0.143315 0.0315837 0.00646192
 0.202236 0.62999 0.126042 0.0329775 0.0087545
pobs_RECLAS
 0 0 0 0 0
 0 0 0 0 0
 0 0 0 0 0
 0 0 0 0 0
 0.835266 0.146461 0.0176864 0.000547809 3.91292e-05
 0.385257 0.428462 0.181853 0.0044286 0
 0.867414 0.0963971 0.0333333 0.00285562 0
 0.441836 0.489002 0.0689373 0.000224442 0
 0.779404 0.147425 0.0564933 0.0165055 0.000172143
 0.814271 0.122319 0.05973 0.00367925 0
 0.40263 0.566651 0.0304383 0.000280538 0
 0.475488 0.404961 0.113038 0.00651328 0
 0.955842 0.0263864 0.0167828 0.000988607 0
 0.975058 0.0227948 0.00214734 0 0
 0.738997 0.206755 0.0527124 0.00153531 0
 0.850938 0.134255 0.0134407 0.00136685 0
 0.542534 0.407297 0.0501686 0 0
 0.764087 0.199537 0.0359546 0.000420521 0
 0.470689 0.182191 0.310203 0.0369168 0
 0.84361 0.089868 0.0606195 0.00523954 0.000663233
 0.607945 0.314616 0.071237 0.00620181 0
 0.523733 0.453247 0.0230204 0 0
 0.530135 0.295979 0.169645 0.0042399 0
 0.562478 0.366248 0.0663022 0.0049721 0
ppred_RECLAS
 0.468782 0.340673 0.16841 0.0221299 5.83224e-06
 0.578424 0.275011 0.0995053 0.0417739 0.00528556
 0.298677 0.528122 0.119696 0.0367793 0.0167259
 0.537749 0.254754 0.162737 0.0313228 0.0134373
 0.659451 0.240243 0.0595036 0.0322804 0.0085218
 0.402233 0.460266 0.101936 0.0214412 0.0141242
 0.690773 0.188055 0.0968599 0.0182176 0.00609492
 0.578576 0.349542 0.0465906 0.0203792 0.00491213
 0.636041 0.279908 0.0717018 0.00811629 0.00423319
 0.651494 0.285006 0.0506585 0.0110204 0.00182105
 0.459324 0.434808 0.0891344 0.0134547 0.00327864
 0.482806 0.357894 0.132144 0.0230052 0.00414947
 0.640021 0.255055 0.0762809 0.0239188 0.00472441
 0.685841 0.269418 0.0332486 0.00844472 0.00304756
 0.720499 0.259232 0.0177864 0.00186408 0.000618632
 0.679732 0.301249 0.0178408 0.00103954 0.000139343
 0.581503 0.360796 0.0547712 0.00275468 0.00017502
 0.612111 0.306332 0.0718213 0.00925921 0.000476487
 0.54687 0.358588 0.0771719 0.0153656 0.00200408
 0.625179 0.272943 0.0833479 0.0152331 0.00329679
 0.609501 0.310982 0.0604811 0.0156845 0.00335085
 0.546476 0.340793 0.092774 0.0153229 0.00463443
 0.585428 0.293325 0.0948016 0.021917 0.00452827
 0.494625 0.379081 0.0936863 0.0257141 0.00689349
pobs_PELACES
 0 0 0 0 0
 0 0 0 0 0
 0 0 0 0 0
 0 0 0 0 0
 0 0 0 0 0
 0 0 0 0 0
 0 0 0 0 0
 0 0 0 0 0
 0 0 0 0 0
 0 0 0 0 0
 0.450072 0.473896 0.0757376 0.000293798 0
 0 0 0 0 0
 0.463077 0.371075 0.160297 0.00555027 0
 0.529543 0.364841 0.0842815 0.0213345 0
 0.631943 0.363953 0.00410389 0 0
 0.735681 0.248677 0.0153453 0.000297389 0
 0.695825 0.281241 0.0229344 0 0
 0.275771 0.60734 0.115278 0.00161068 0
 0 0 0 0 0
 0.896147 0.0623911 0.0374545 0.00400742 0
 0.803859 0.145111 0.0509908 3.86294e-05 0
 0.739449 0.233085 0.0266225 0.000797448 4.60066e-05
 0.878498 0.100942 0.0204185 0.000141795 0
 0.694673 0.275183 0.0284847 0.00165964 0
ppred_PELACES
 0.503682 0.333675 0.144442 0.0181964 4.75074e-06
 0.619186 0.260771 0.082622 0.0332532 0.00416811
 0.373993 0.487823 0.0968159 0.0285201 0.0128486
 0.567824 0.253258 0.141668 0.0261411 0.0111095
 0.660078 0.250092 0.0542417 0.0282104 0.00737768
 0.448776 0.437978 0.0849397 0.0171282 0.0111776
 0.723214 0.177506 0.0800594 0.0144357 0.00478449
 0.631637 0.312875 0.0365182 0.0153136 0.00365662
 0.694099 0.242541 0.0544052 0.00590401 0.00305054
 0.686219 0.262926 0.0409235 0.00853485 0.00139714
 0.52908 0.388626 0.0697622 0.0100955 0.00243707
 0.550735 0.323928 0.104733 0.0174799 0.00312339
 0.73525 0.19524 0.0511319 0.0153707 0.00300761
 0.829765 0.148835 0.0160839 0.00391636 0.00140013
 0.855625 0.13517 0.00812121 0.000815973 0.000268265
 0.750164 0.23678 0.0122793 0.000685933 9.10842e-05
 0.650466 0.306677 0.0407674 0.00196567 0.000123722
 0.662148 0.274236 0.0563023 0.00695865 0.000354749
 0.587209 0.335856 0.0632931 0.0120816 0.00156103
 0.671256 0.24824 0.0663795 0.0116307 0.00249361
 0.627063 0.305284 0.0519911 0.0129259 0.00273566
 0.570931 0.333273 0.0794469 0.0125797 0.00376916
 0.61854 0.280779 0.0794642 0.0176123 0.00360485
 0.533024 0.362423 0.0784333 0.0206384 0.00548103
pobs_pel_tallas
 0 0 0 0 0 0 0 0 0 0 0 0 0 0 0 0 0 0 0 0 0 0 0 0 0 0 0 0 0 0 0 0 0 0 0 0
 0 0 0 0 0 0 0 0 0 0 0 0 0 0 0 0 0 0 0 0 0 0 0 0 0 0 0 0 0 0 0 0 0 0 0 0
 0 0 0 0 0 0 0 0 0 0 0 0 0 0 0 0 0 0 0 0 0 0 0 0 0 0 0 0 0 0 0 0 0 0 0 0
 0 0 0 0 0 0 0 0 0 0 0 0 0 0 0 0 0 0 0 0 0 0 0 0 0 0 0 0 0 0 0 0 0 0 0 0
 0 0 0 0 0 0 0 0 0 0 0 0 0 0 0 0 0 0 0 0 0 0 0 0 0 0 0 0 0 0 0 0 0 0 0 0
 0 0 0 0 0 0 0 0 0 0 0 0 0 0 0 0 0 0 0 0 0 0 0 0 0 0 0 0 0 0 0 0 0 0 0 0
 0 0 0 0 0 0 0 0 0 0 0 0 0 0 0 0 0 0 0 0 0 0 0 0 0 0 0 0 0 0 0 0 0 0 0 0
 0 0 0 0 0 0 0 0 0 0 0 0 0 0 0 0 0 0 0 0 0 0 0 0 0 0 0 0 0 0 0 0 0 0 0 0
 0 0 0 0 0 0 0 0 0 0 0 0 0 0 0 0 0 0 0 0 0 0 0 0 0 0 0 0 0 0 0 0 0 0 0 0
 0 0 0 0 0 0 0 0 0 0 0 0 0 0 0 0 0 0 0 0 0 0 0 0 0 0 0 0 0 0 0 0 0 0 0 0
 0 0 0 0 0 0 0 0 1.78061e-05 0.00172719 0.00360574 0.0105946 0.0120993 0.0124554 0.0147524 0.0171206 0.0266825 0.0428682 0.0675386 0.121331 0.153587 0.119568 0.100827 0.0573624 0.0630603 0.0341343 0.0324427 0.0444173 0.0211091 0.0280891 0.0125444 0.00206551 0 0 0 0
 0 0 0 0 0 0 0 0 0 0 0 0 0 0 0 0 0 0 0 0 0 0 0 0 0 0 0 0 0 0 0 0 0 0 0 0
 0 0 0 0 0 0 0.0133647 0.0140871 0.0187388 0.0205184 0.03894 0.0496705 0.03968 0.0493445 0.0407372 0.0367815 0.0215668 0.0243155 0.0234873 0.0199281 0.019796 0.0243948 0.0301388 0.0376714 0.0412746 0.0863199 0.0771752 0.113111 0.0741005 0.0525337 0.0229764 0.00759418 0.00175318 0 0 0
 0 0 0 0 0 0 0 0 0 0 0.00219441 0.00772107 0.0458388 0.0604681 0.0671733 0.0775358 0.0609151 0.0617685 0.073594 0.0568108 0.0755445 0.0548602 0.0670107 0.0636378 0.0643287 0.046367 0.0373049 0.0286899 0.0247887 0.0153202 0.00654259 0.00121912 0.000365735 0 0 0
 0 0 0 0 0 0 0 0 0 0 0 0 0.000112435 0.00938835 0.0111873 0.0202946 0.0414886 0.0713402 0.111592 0.104902 0.108894 0.110636 0.117776 0.105296 0.107544 0.0401394 0.0192827 0.0124803 0.00416011 0.0028671 0.000618394 0 0 0 0 0
 0 0 0 0 0 0 0 0 0 0 0.00291406 0.0102884 0.027416 0.0768956 0.0749926 0.110853 0.0956884 0.0897413 0.0766577 0.0534642 0.0500743 0.0551293 0.0594112 0.0620874 0.0668451 0.0424026 0.0208742 0.0120726 0.0048766 0.00582813 0.00118941 0.000297354 0 0 0 0
 0 0.00264628 0.0354308 0.0461629 0.0458689 0.0383711 0.0214643 0.0164657 0.0346957 0.0420465 0.0363128 0.0245516 0.0311673 0.0291091 0.0169068 0.0133784 0.00837989 0.0085269 0.0148486 0.0160247 0.0276389 0.0546898 0.0760071 0.122758 0.109233 0.0665981 0.0333725 0.0166128 0.00676272 0.00308733 0.000882094 0 0 0 0 0
 0 0 0 0 0 0 0 0.000805153 0.000690131 0.00759144 0.0133425 0.0154129 0.00931677 0.000345066 0.00356568 0.00563607 0.00851162 0.0253048 0.0502646 0.0516448 0.0657925 0.0565908 0.0611916 0.0827007 0.0866115 0.110766 0.145733 0.0935128 0.0569358 0.0249597 0.0138026 0.00621118 0.00161031 0.00115022 0 0
 0 0 0 0 0 0 0 0 0 0 0 0 0 0 0 0 0 0 0 0 0 0 0 0 0 0 0 0 0 0 0 0 0 0 0 0
 0.00147267 0.00158595 0.00478618 0.00569244 0.00954404 0.0108468 0.00647125 0.017049 0.0510054 0.094081 0.124002 0.0959785 0.0687766 0.0820023 0.061753 0.0591476 0.0492212 0.0479892 0.0443925 0.0268479 0.0217502 0.0140895 0.0121071 0.0120363 0.00920419 0.00665534 0.0049561 0.00860946 0.00930331 0.0156896 0.0114698 0.00855282 0.00243557 0.00046729 0 2.83206e-05
 0 0 0 0 0.000772559 0.00158375 0.000888443 0.00281984 0.00712685 0.0440552 0.0773331 0.111326 0.0921469 0.0852325 0.0710754 0.0886704 0.0786465 0.0553345 0.0373146 0.0185414 0.00753245 0.00457741 0.012979 0.0271748 0.0457355 0.0583668 0.034881 0.0177882 0.00938659 0.00492506 0.0015258 0.00185414 0.000309023 5.79419e-05 3.86279e-05 0
 0 0.00173294 0.00326652 0 0.00397197 0.00683976 0.00946217 0.0152591 0.00757587 0.0136028 0.0228656 0.0392903 0.0559909 0.0764795 0.0681675 0.0726916 0.0566044 0.0477403 0.0527397 0.0444891 0.0609904 0.0582453 0.0661739 0.0445044 0.0529084 0.0360697 0.0280645 0.0235558 0.0158879 0.00826598 0.00280645 0.00217768 0.000904811 0.00058276 9.20147e-05 0
 0 0 0 0 0 0 0 0 0 0 0 0 0 0 0 0 0 0 0 0 0 0 0 0 0 0 0 0 0 0 0 0 0 0 0 0
 0 0 0 0 0 0 0 0 0 0 0 0 0 0 0 0 0 0 0 0 0 0 0 0 0 0 0 0 0 0 0 0 0 0 0 0
ppred_pel_tallas
 1.02785e-16 2.19894e-05 0.000129027 0.000613266 0.00236099 0.00736243 0.0185972 0.0380541 0.0630857 0.0847432 0.0922722 0.0815211 0.0586403 0.0347983 0.0179658 0.00975533 0.00787619 0.00958614 0.0131748 0.0178058 0.0229761 0.0281976 0.0329317 0.0366543 0.0389603 0.0396486 0.0387575 0.036535 0.0333619 0.0296539 0.0257771 0.021999 0.0184794 0.0152911 0.0124529 0.00995977
 1.02596e-16 2.70228e-05 0.000158584 0.000753802 0.00290212 0.00904993 0.0228595 0.0467746 0.0775378 0.104142 0.113357 0.100059 0.0717788 0.0422 0.0210595 0.0102661 0.00692869 0.00761864 0.0102165 0.0137411 0.0176973 0.0216803 0.0252685 0.0280591 0.0297469 0.0301893 0.0294324 0.0276843 0.0252523 0.0224637 0.0195984 0.0168508 0.0143251 0.0120544 0.0100313 0.00823454
 1.03114e-16 1.63404e-05 9.58487e-05 0.000455503 0.00175351 0.00546799 0.0138122 0.0282648 0.0468642 0.0629744 0.0686262 0.0607653 0.0440042 0.0267032 0.0148702 0.00980681 0.00991326 0.0132213 0.0184588 0.0248996 0.0319458 0.0389072 0.0450029 0.0494877 0.0518138 0.0517557 0.0494566 0.0453744 0.0401551 0.0344743 0.028901 0.0238197 0.019417 0.0157207 0.0126615 0.010133
 1.03511e-16 2.4783e-05 0.000145435 0.000691291 0.00266143 0.00829937 0.0209637 0.0428955 0.0711081 0.0955085 0.103965 0.0917812 0.0658682 0.0387814 0.01946 0.00966722 0.00676756 0.00763318 0.0103354 0.0139846 0.0181285 0.0223877 0.0263553 0.0296312 0.0318963 0.0329756 0.0328655 0.0317141 0.0297672 0.0273002 0.0245594 0.0217301 0.0189318 0.0162344 0.0136799 0.0113012
 1.02166e-16 2.88054e-05 0.000169051 0.000803564 0.00309372 0.00964743 0.0243688 0.0498625 0.0826556 0.111013 0.120828 0.106636 0.0764567 0.0448696 0.0222414 0.0105908 0.00681911 0.00725639 0.0096353 0.0129134 0.0165805 0.0202377 0.0234784 0.0259202 0.0272802 0.0274374 0.0264564 0.0245597 0.0220642 0.0193015 0.0165502 0.0139976 0.0117347 0.00977635 0.00809352 0.00664232
 1.0246e-16 1.95993e-05 0.000114986 0.000546493 0.00210386 0.00656056 0.0165718 0.0339109 0.0562212 0.0755342 0.0822772 0.0727671 0.0525093 0.031493 0.0168694 0.0101322 0.00929394 0.0119433 0.016546 0.0222851 0.0285714 0.0347712 0.0401794 0.0441261 0.0461201 0.0459619 0.0437846 0.0400065 0.0352153 0.0300262 0.0249578 0.0203612 0.0164073 0.0131209 0.0104367 0.00825314
 1.01914e-16 3.15555e-05 0.000185203 0.000880369 0.00338946 0.0105697 0.0266983 0.0546283 0.0905529 0.121611 0.132341 0.116743 0.0835866 0.0488191 0.0237637 0.0105912 0.00586758 0.00554661 0.0071472 0.00957185 0.0123535 0.0151877 0.017781 0.0198542 0.0211906 0.0216802 0.0213379 0.0202881 0.0187242 0.0168579 0.0148749 0.0129106 0.0110462 0.00931986 0.0077446 0.00632381
 1.01318e-16 2.75677e-05 0.000161779 0.00076898 0.00296054 0.0092321 0.0233198 0.0477166 0.0791006 0.106245 0.115655 0.10211 0.0732983 0.0431901 0.0217313 0.010883 0.00770734 0.00870832 0.0117094 0.0156734 0.0200356 0.0243069 0.0279764 0.0305682 0.03174 0.0313637 0.0295535 0.0266296 0.0230331 0.0192208 0.015574 0.0123456 0.00965103 0.00749388 0.00580831 0.0045008
 1.01197e-16 3.02886e-05 0.000177759 0.000844966 0.00325313 0.0101445 0.0256244 0.0524316 0.0869137 0.11673 0.127045 0.11211 0.0803538 0.0471006 0.0232428 0.0108921 0.00677908 0.00703498 0.00927101 0.0123941 0.0158806 0.0193327 0.0223501 0.0245586 0.0256832 0.0256096 0.0244078 0.0223062 0.0196284 0.0167153 0.0138563 0.0112505 0.00899835 0.00712013 0.00558548 0.00434247
 1.01026e-16 2.99457e-05 0.000175745 0.000835385 0.00321623 0.0100295 0.0253338 0.0518371 0.0859289 0.115409 0.125613 0.110858 0.0794831 0.0466434 0.0231157 0.0109965 0.00706132 0.00748961 0.00991661 0.0132484 0.0169427 0.0205722 0.023704 0.0259352 0.0269743 0.0267082 0.0252269 0.0227934 0.0197739 0.0165497 0.013442 0.0106671 0.00832832 0.00643649 0.00494421 0.00377965
 1.01578e-16 2.30989e-05 0.000135536 0.000644202 0.00248009 0.0077338 0.0195353 0.0399739 0.0662692 0.0890221 0.0969378 0.0856585 0.0616497 0.0366501 0.0190404 0.0105221 0.00869245 0.0106653 0.0146239 0.0196514 0.0251631 0.0305792 0.0352691 0.038637 0.0402486 0.0399317 0.0378126 0.0342733 0.0298484 0.0250973 0.0204924 0.0163545 0.0128403 0.00997195 0.00768656 0.0058852
 1.02339e-16 2.40406e-05 0.000141071 0.000670527 0.00258146 0.00804997 0.0203338 0.0416073 0.0689748 0.0926497 0.10087 0.0890904 0.0640267 0.0378771 0.019338 0.0101491 0.00778112 0.00921428 0.012567 0.0169306 0.0217816 0.0266348 0.0309659 0.0342717 0.0361727 0.0364951 0.0353036 0.0328695 0.0295911 0.0258944 0.0221466 0.0186064 0.0154153 0.0126201 0.0102089 0.0081454
 1.01459e-16 3.2081e-05 0.000188287 0.000895024 0.00344588 0.0107457 0.0271427 0.0555378 0.0920608 0.123638 0.134548 0.118696 0.0849986 0.0496704 0.0242267 0.0108779 0.00613443 0.00588103 0.00758816 0.0101258 0.0129983 0.0158702 0.0184187 0.0203419 0.0214154 0.0215409 0.0207648 0.0192581 0.017267 0.0150518 0.0128339 0.0107656 0.00892542 0.00733278 0.00597128 0.00481085
 1.00477e-16 3.62003e-05 0.000212475 0.00101003 0.0038887 0.0121266 0.0306307 0.0626742 0.103888 0.139514 0.151808 0.133878 0.0957753 0.0557751 0.0268432 0.011438 0.00558422 0.00460799 0.00564402 0.00743614 0.0094799 0.0114861 0.013201 0.0143963 0.0149096 0.0146814 0.0137683 0.012326 0.0105679 0.00871524 0.00695281 0.00540346 0.00412334 0.00311393 0.00234222 0.00176091
 1.00201e-16 3.73274e-05 0.000219093 0.0010415 0.00400985 0.0125044 0.031585 0.0646267 0.107124 0.143858 0.15653 0.138032 0.0987223 0.0574425 0.0275541 0.011583 0.00542084 0.00424091 0.00508632 0.0066671 0.00847761 0.0102427 0.0117289 0.0127294 0.0130989 0.0127879 0.0118543 0.010447 0.00876837 0.0070265 0.00539484 0.00398777 0.00285596 0.00199733 0.00137611 0.000941997
 1.0028e-16 3.27329e-05 0.000192111 0.000913195 0.00351583 0.0109638 0.0276937 0.0566655 0.0939311 0.126152 0.137292 0.121134 0.0867831 0.0507902 0.0249149 0.0114236 0.00676444 0.00673949 0.00875557 0.0116298 0.0148078 0.0178855 0.0204679 0.022195 0.0228133 0.0222374 0.0205707 0.0180764 0.0151112 0.0120421 0.00917439 0.00670941 0.0047358 0.00324894 0.0021844 0.00145193
 1.00752e-16 2.83885e-05 0.000166598 0.000791893 0.00304876 0.00950723 0.0240147 0.0491384 0.0814571 0.109409 0.119095 0.105138 0.075452 0.044419 0.0222753 0.0110331 0.00765927 0.00854799 0.0114561 0.01532 0.0195699 0.0237202 0.0272666 0.0297396 0.0308019 0.0303274 0.0284299 0.0254276 0.0217602 0.0178849 0.0141868 0.0109246 0.00822102 0.00608588 0.00445673 0.00323947
 1.01145e-16 2.88967e-05 0.000169585 0.000806096 0.00310346 0.0096778 0.0244455 0.0500197 0.0829168 0.111366 0.121217 0.106991 0.0767384 0.0450885 0.022449 0.0108537 0.00720174 0.00781534 0.0104158 0.013942 0.0178545 0.0217148 0.0250722 0.0275041 0.0287012 0.0285377 0.0270977 0.0246448 0.0215514 0.0182083 0.0149474 0.0119959 0.00946755 0.00738319 0.0057045 0.00436761
 1.01496e-16 2.56314e-05 0.000150409 0.000714921 0.00275239 0.00858299 0.0216802 0.0443621 0.0735412 0.0987821 0.107543 0.0949748 0.0682359 0.0403268 0.0205126 0.010639 0.0079972 0.00935484 0.0126937 0.0170359 0.0218195 0.0265312 0.0306239 0.0335821 0.0350295 0.0348147 0.0330433 0.030041 0.0262654 0.0221953 0.0182356 0.0146617 0.0116088 0.00909788 0.00707772 0.00546701
 1.0154e-16 2.92928e-05 0.000171912 0.000817168 0.0031461 0.00981077 0.0247813 0.0507067 0.0840548 0.112892 0.122872 0.108436 0.0777398 0.0456076 0.0225793 0.0107052 0.00683117 0.00722312 0.00957456 0.0128267 0.0164644 0.0200872 0.0232877 0.0256817 0.0269835 0.0270687 0.0259986 0.0239944 0.0213744 0.0184761 0.0155876 0.012909 0.0105447 0.00852184 0.00681934 0.00539621
 1.0141e-16 2.7368e-05 0.000160607 0.000763411 0.0029391 0.00916524 0.0231509 0.047371 0.0785275 0.105475 0.114816 0.101367 0.0727608 0.0428648 0.0215522 0.0107691 0.00759858 0.00857108 0.011529 0.0154483 0.0197763 0.0240365 0.0277303 0.0303902 0.0316762 0.0314536 0.0298218 0.0270802 0.0236472 0.0199593 0.0163844 0.0131704 0.0104369 0.00819858 0.00640447 0.00497689
 1.01845e-16 2.49216e-05 0.000146242 0.00069511 0.00267611 0.00834513 0.0210794 0.0431328 0.0715035 0.0960458 0.104566 0.0923511 0.066362 0.0392421 0.0200035 0.0104454 0.00793994 0.00934985 0.0127173 0.0170932 0.0219296 0.0267216 0.0309277 0.0340343 0.0356615 0.0356489 0.0340875 0.0312842 0.027677 0.0237275 0.0198286 0.0162508 0.0131323 0.0105034 0.00832715 0.00653853
 1.01994e-16 2.69954e-05 0.000158422 0.000753026 0.00289912 0.00904058 0.0228359 0.0467265 0.0774586 0.104038 0.113248 0.0999732 0.0717401 0.0422235 0.0211566 0.0104536 0.00723324 0.00807348 0.0108536 0.0145805 0.018736 0.0228839 0.0265671 0.0293514 0.030912 0.0311046 0.0299934 0.0278215 0.0249419 0.0217287 0.0185022 0.0154849 0.0127938 0.0104617 0.00846905 0.00677575
 1.02197e-16 2.32698e-05 0.000136542 0.00064899 0.00249853 0.00779133 0.0196806 0.040271 0.0667609 0.0896801 0.0976478 0.0862707 0.062057 0.0368257 0.0190101 0.0103135 0.00830529 0.0100728 0.0137901 0.0185511 0.023799 0.0289944 0.0335513 0.0369138 0.0386719 0.0386546 0.0369641 0.033937 0.0300504 0.0258051 0.0216251 0.0177991 0.0144709 0.0116668 0.00934122 0.00741986
pSPR Fmed_Fpbrs
0.406876   0.354489 0.354489
Fs Fmed_Fpbrs
0.796575   1.005 1.005
SSBpbr Bo_Bmed_Bpbrs
764117  272695  232665 232665
Ro
27446.7
SPR SPRFo_SPRFmed_SPRFpbrs
564677 229754 200171
log_Ro
10.04
likeval ReclasPelacesDesembMPH_pf_preclas_ppelaces_ptallas_desvR_qrecl_qpela
 68.7738 12.9039 0.0486143 0.000175438 292.706 162.311 82.2208 0 18.4831 8.53994e-06 0.000195769 0 0 0 0
q_reclas_q_pelaces
1.51302 7.31997
M
0.7
N
 29325.3 13784.2 5516.3 690.983 0.180331
 42197.1 13553.4 3969.91 1588.72 199.058
 12211.1 19246.5 3531.29 1034.34 465.798
 17545.7 5119.9 2647.67 485.786 206.369
 42648.3 8230.42 1650.26 853.403 223.097
 25582.2 20943.2 3754.88 752.88 491.121
 64038.5 11466.9 4781.24 857.224 284
 64175.8 29446.7 3177.4 1324.85 316.226
 80506.9 28248.6 5857.98 632.095 326.467
 116147 34918 5024.4 1041.92 170.494
 67430.5 52701.3 8745.92 1258.46 303.675
 48908.8 28938.1 8649.69 1435.44 256.389
 51171.3 21206.1 5134.28 1534.65 300.169
 28268.4 20474.4 2045.47 495.236 176.981
 13503.3 9505.2 527.956 52.7449 17.3339
 10702.6 4459.4 213.797 11.8751 1.57625
 8350.5 4415.43 542.626 26.0151 1.63678
 9470.73 3549.34 673.666 82.7889 4.21887
 9233.48 4186.67 729.404 138.441 17.8805
 13249.7 4181.77 1033.76 180.102 38.5984
 19224.4 5920.27 932.1 230.42 48.7474
 23415.9 9073.7 1999.66 314.831 94.2933
 33488.6 10954.8 2866.22 631.657 129.235
 29880.1 15433.7 3087.81 807.893 214.471
pred_Ctot
 1467.45 4295.24 1718.91 215.314 0.0561922
 2485.58 4806.06 1407.74 563.362 70.5862
 1380.42 10741.4 1970.79 577.262 259.959
 701.094 1324.49 684.938 125.67 53.3865
 341.073 483.489 96.9429 50.1325 13.1056
 1801.93 8502.84 1524.47 305.666 199.393
 3424.08 3768.17 1571.18 281.695 93.3263
 5279.45 13363.1 1441.93 601.227 143.506
 7386.29 13809.3 2863.68 309 159.594
 7243.48 12938.7 1861.77 386.08 63.1757
 6640.51 26987.9 4478.71 644.449 155.509
 4497.47 14167.9 4234.83 702.781 125.526
 7238.65 13425.5 3250.5 971.584 190.036
 6712.37 16129.4 1611.39 390.139 139.423
 3329.8 7577.38 420.877 42.0473 13.8183
 1316.41 2615.12 125.377 6.9639 0.92436
 872.964 2348.65 288.632 13.8379 0.870633
 752.836 1572.4 298.443 36.6765 1.86901
 587.385 1574.99 274.397 52.0806 6.7265
 960.697 1734.22 428.709 74.69 16.0071
 686.846 1392.12 219.179 54.1822 11.4627
 978.212 2436.84 537.032 84.5514 25.3235
 1739.89 3518.27 920.517 202.864 41.5052
 1745.71 5438.11 1088 284.663 75.5693
F
 0.0718112 0.544779 0.544779 0.544779 0.544779
 0.0850189 0.644976 0.644976 0.644976 0.644976
 0.169207 1.28365 1.28365 1.28365 1.28365
 0.0569719 0.432204 0.432204 0.432204 0.432204
 0.0111754 0.0847792 0.0847792 0.0847792 0.0847792
 0.102437 0.777114 0.777114 0.777114 0.777114
 0.0769019 0.583399 0.583399 0.583399 0.583399
 0.120584 0.914779 0.914779 0.914779 0.914779
 0.135341 1.02674 1.02674 1.02674 1.02674
 0.0902175 0.684414 0.684414 0.684414 0.684414
 0.145937 1.10712 1.10712 1.10712 1.10712
 0.135669 1.02922 1.02922 1.02922 1.02922
 0.216003 1.63866 1.63866 1.63866 1.63866
 0.389904 2.95792 2.95792 2.95792 2.95792
 0.407917 3.09457 3.09457 3.09457 3.09457
 0.185381 1.40635 1.40635 1.40635 1.40635
 0.155561 1.18013 1.18013 1.18013 1.18013
 0.116301 0.882289 0.882289 0.882289 0.882289
 0.0921012 0.698704 0.698704 0.698704 0.698704
 0.105592 0.801051 0.801051 0.801051 0.801051
 0.0508028 0.385403 0.385403 0.385403 0.385403
 0.0596324 0.452387 0.452387 0.452387 0.452387
 0.0746505 0.566319 0.566319 0.566319 0.566319
 0.0842995 0.639519 0.639519 0.639519 0.639519
nmprior
 10 10 8 0
nm_flota  nm_reclas  nm_pelaces    nm_pelaL
inf 26.2913 12.3305 20.3787
cv_recla  cv_pelaces  cv_mph
0.767782 0.422694 0.429734
 ------------------------------------------------
Talla a la edad & desviación 
 7.2 14.2025 17.0495 18.207 18.6776
 1.08 2.13037 2.55742 2.73105 2.80164
