years
 1997 1998 1999 2000 2001 2002 2003 2004 2005 2006 2007 2008 2009 2010 2011 2012 2013 2014 2015 2016 2017 2018 2019 2020
reclasobs
 0 0 0 370054 412103 1.49427e+06 250295 1.28982e+06 931140 785840 897777 1.04006e+06 184774 17550 25797 100020 73551 82996 120727 218422 84188 347160 605670 569463
reclaspred
 792216 175891 390890 206693 325833 402141 862521 631435 716253 823887 760932 540748 329879 131810 73708.7 67997.6 78892.7 105145 113957 143025 220881 216836 355186 380141
pelacesobs
 0 0 0 0 0 0 0 0 0 2.06254e+06 1.5e+06 0 1.87456e+06 323000 250000 174000 83755 137374 0 501740 490994 745055 786931 1.00524e+06
pelacespred
 2.64392e+06 739695 694235 712363 1.00354e+06 933362 2.3972e+06 2.01635e+06 2.0799e+06 2.48596e+06 1.96015e+06 1.44106e+06 850133 262078 150960 155272 188552 264930 291749 353421 652051 624775 768969 967199
mphobs
 0 0 0 0 0 112323 0 153150 637223 0 255016 313432 73983 77613 109348 50772 0 0 0 0 0 0 0 0
mphpred
 277551 137883 132856 99378.2 101490 179940 235991 318760 286132 319563 376170 263967 167540 88882.9 38985 29523.4 30345.5 38697.7 47812 51609.1 75559.5 96280.9 116967 150361
desembarqueobs
 350755 77701 442110 56441 14545 235359 269955 359681 431902 328805 639364 411747 362871 311530 167758 66681 60226 58785 57116 71774 51957 67425 138520 160799
desembarquepred
 350745 77686.3 441921 56439.5 14545 235400 269989 359506 431793 328721 638905 411526 362663 311350 167443 66657 60240.4 58755.3 57082.2 71754.6 51956.2 67400.8 138500 160791
Reclutas
 31416.2 42671.9 14593.8 20923.8 45943.8 29038.2 65884.7 66625.1 85206.1 117075 67161.5 48523.7 50213.8 27658.8 13793.1 11241.1 8707.33 9810.86 9860.66 14660.5 20637.1 25429.4 37034.3 34997.4
log_desv_Rt
 0.0750798 0.381296 -0.691649 -0.331359 0.455175 -0.00363113 0.815662 0.826837 1.07283 1.39057 0.834856 0.509807 0.544045 -0.0523001 -0.748078 -0.952666 -1.20808 -1.08875 -1.08369 -0.687087 -0.345153 -0.136338 0.2396 0.183029
SSB
 540604 268564 258772 193566 197679 350482 459656 620870 557319 622435 732692 514147 326329 173123 75933.8 57504.7 59106 75374.2 93126.7 100523 147172 187533 227824 292868
BT
 1.51073e+06 398635 535555 336365 435173 510760 1.32685e+06 1.23974e+06 1.34481e+06 1.40059e+06 1.35875e+06 958668 734330 409899 211997 122862 131575 161865 160060 206154 319803 289306 387238 501428
Ftot
 0.576545 0.639011 1.2385 0.372709 0.0711428 0.665415 0.481421 0.804513 0.89963 0.607602 1.01908 0.948529 1.50485 2.73751 2.91042 1.30027 1.05863 0.784799 0.62993 0.69996 0.332514 0.396392 0.490934 0.536812
BD_Bspro_t
 0.926705 0.658276 0.54652 0.310144 0.436533 0.633887 0.554005 0.589647 0.52347 0.503371 0.509871 0.354161 0.259927 0.173267 0.0941488 0.0882545 0.123756 0.205386 0.291487 0.362784 0.485146 0.609253 0.615789 0.601102
BD_Bspro
 0.901617 0.44791 0.431578 0.322828 0.329688 0.584531 0.766612 1.03548 0.929493 1.03809 1.22198 0.857491 0.54425 0.288734 0.126642 0.0959059 0.0985766 0.125709 0.155316 0.167651 0.245453 0.312766 0.379964 0.488444
BD_Bo
 0.691769 0.34366 0.33113 0.247691 0.252954 0.448484 0.588186 0.794479 0.713157 0.796481 0.937568 0.657913 0.417578 0.221532 0.0971665 0.0735842 0.0756333 0.0964504 0.119167 0.128631 0.188325 0.239971 0.291529 0.37476
BD_Brms
 2.28779 1.13654 1.0951 0.819153 0.83656 1.48321 1.94522 2.62747 2.35852 2.63409 3.10069 2.17582 1.381 0.732642 0.321345 0.243355 0.250131 0.318977 0.394104 0.425403 0.622821 0.793623 0.964132 1.23939
S_f
 0.138427 1 1 1 1
 0.138427 1 1 1 1
 0.138427 1 1 1 1
 0.138427 1 1 1 1
 0.138427 1 1 1 1
 0.138427 1 1 1 1
 0.138427 1 1 1 1
 0.138427 1 1 1 1
 0.138427 1 1 1 1
 0.138427 1 1 1 1
 0.138427 1 1 1 1
 0.138427 1 1 1 1
 0.138427 1 1 1 1
 0.138427 1 1 1 1
 0.138427 1 1 1 1
 0.138427 1 1 1 1
 0.138427 1 1 1 1
 0.138427 1 1 1 1
 0.138427 1 1 1 1
 0.138427 1 1 1 1
 0.138427 1 1 1 1
 0.138427 1 1 1 1
 0.138427 1 1 1 1
 0.138427 1 1 1 1
Scru_reclas
 0.464982 0.813913 0.956544 0.991054 0.99821
 0.464982 0.813913 0.956544 0.991054 0.99821
 0.464982 0.813913 0.956544 0.991054 0.99821
 0.464982 0.813913 0.956544 0.991054 0.99821
 0.464982 0.813913 0.956544 0.991054 0.99821
 0.464982 0.813913 0.956544 0.991054 0.99821
 0.464982 0.813913 0.956544 0.991054 0.99821
 0.464982 0.813913 0.956544 0.991054 0.99821
 0.464982 0.813913 0.956544 0.991054 0.99821
 0.464982 0.813913 0.956544 0.991054 0.99821
 0.464982 0.813913 0.956544 0.991054 0.99821
 0.464982 0.813913 0.956544 0.991054 0.99821
 0.464982 0.813913 0.956544 0.991054 0.99821
 0.464982 0.813913 0.956544 0.991054 0.99821
 0.464982 0.813913 0.956544 0.991054 0.99821
 0.464982 0.813913 0.956544 0.991054 0.99821
 0.464982 0.813913 0.956544 0.991054 0.99821
 0.464982 0.813913 0.956544 0.991054 0.99821
 0.464982 0.813913 0.956544 0.991054 0.99821
 0.464982 0.813913 0.956544 0.991054 0.99821
 0.464982 0.813913 0.956544 0.991054 0.99821
 0.464982 0.813913 0.956544 0.991054 0.99821
 0.464982 0.813913 0.956544 0.991054 0.99821
 0.464982 0.813913 0.956544 0.991054 0.99821
Scru_pelaces
 0.526758 1 1 1 1
 0.526758 1 1 1 1
 0.526758 1 1 1 1
 0.526758 1 1 1 1
 0.526758 1 1 1 1
 0.526758 1 1 1 1
 0.526758 1 1 1 1
 0.526758 1 1 1 1
 0.526758 1 1 1 1
 0.526758 1 1 1 1
 0.526758 1 1 1 1
 0.526758 1 1 1 1
 0.526758 1 1 1 1
 0.526758 1 1 1 1
 0.526758 1 1 1 1
 0.526758 1 1 1 1
 0.526758 1 1 1 1
 0.526758 1 1 1 1
 0.526758 1 1 1 1
 0.526758 1 1 1 1
 0.526758 1 1 1 1
 0.526758 1 1 1 1
 0.526758 1 1 1 1
 0.526758 1 1 1 1
pf_obs 
 0.256992 0.487395 0.22802 0.0275931 0
 0.321318 0.546541 0.124235 0.00734118 0.000564706
 0.182869 0.594174 0.210203 0.0122559 0.00049798
 0.330522 0.361315 0.267642 0.0388342 0.00168674
 0.649043 0.306663 0.0425973 0.00169635 0
 0.582887 0.30429 0.105238 0.00758474 0
 0.465427 0.430635 0.0974691 0.00646863 0
 0.296916 0.608066 0.0921331 0.00288517 0
 0.311714 0.524322 0.152257 0.0117073 0
 0.15457 0.633149 0.183074 0.0267441 0.00246327
 0.131901 0.49318 0.331252 0.0422183 0.00144891
 0.196976 0.569456 0.194076 0.0375587 0.00193317
 0.518974 0.381816 0.0799577 0.0180837 0.00116848
 0.0928022 0.601141 0.25162 0.0475244 0.00691264
 0.122501 0.610282 0.24278 0.0234846 0.000952079
 0.383417 0.481906 0.127806 0.00687128 0
 0.0376549 0.599619 0.316969 0.0457579 0
 0.0361596 0.667082 0.258105 0.0386534 0
 0.158088 0.579412 0.248529 0.0139706 0
 0.0477256 0.309471 0.559284 0.082774 0.000745712
 0.0406174 0.521527 0.379366 0.0568643 0.0016247
 0.151134 0.462217 0.34131 0.0453401 0
 0.294876 0.26143 0.354403 0.0886775 0.000613685
 0.281977 0.475581 0.204845 0.0348837 0.00271318
pf_pred 
 0.221054 0.54014 0.212539 0.0262589 7.9158e-06
 0.273871 0.531987 0.134622 0.0529723 0.00654663
 0.110614 0.702695 0.136776 0.0346118 0.0153025
 0.256204 0.471143 0.215421 0.0419304 0.0153019
 0.331666 0.500954 0.106024 0.0484773 0.0128793
 0.150734 0.668971 0.135141 0.0286018 0.016552
 0.346532 0.419775 0.184081 0.0371867 0.012425
 0.248802 0.62328 0.0821718 0.0360341 0.00971159
 0.298769 0.549189 0.126151 0.0166315 0.00925886
 0.309155 0.573638 0.0917939 0.0210854 0.00432742
 0.167135 0.67841 0.12825 0.0205227 0.00568163
 0.186077 0.578873 0.19146 0.0361946 0.00739534
 0.280964 0.524591 0.138292 0.0457396 0.0104136
 0.261936 0.637502 0.0733675 0.0193411 0.00785341
 0.297056 0.650793 0.0450451 0.00518406 0.00192153
 0.330338 0.631765 0.0350862 0.00242851 0.000383083
 0.245169 0.66166 0.0878981 0.00488158 0.000391181
 0.277672 0.580004 0.124757 0.0165733 0.000994183
 0.239524 0.612748 0.11862 0.0255147 0.00359282
 0.305019 0.526629 0.135648 0.0262597 0.00644373
 0.285777 0.584937 0.0979674 0.0252343 0.00608373
 0.243206 0.585041 0.140663 0.0235588 0.00753123
 0.27448 0.535904 0.146583 0.0352434 0.00778965
 0.210054 0.614141 0.129858 0.0355193 0.0104276
pobs_RECLAS
 0 0 0 0 0
 0 0 0 0 0
 0 0 0 0 0
 0 0 0 0 0
 0.835266 0.146461 0.0176864 0.000547809 3.91292e-05
 0.385257 0.428462 0.181853 0.0044286 0
 0.867414 0.0963971 0.0333333 0.00285562 0
 0.441836 0.489002 0.0689373 0.000224442 0
 0.779404 0.147425 0.0564933 0.0165055 0.000172143
 0.814271 0.122319 0.05973 0.00367925 0
 0.40263 0.566651 0.0304383 0.000280538 0
 0.475488 0.404961 0.113038 0.00651328 0
 0.955842 0.0263864 0.0167828 0.000988607 0
 0.975058 0.0227948 0.00214734 0 0
 0.738997 0.206755 0.0527124 0.00153531 0
 0.850938 0.134255 0.0134407 0.00136685 0
 0.542534 0.407297 0.0501686 0 0
 0.764087 0.199537 0.0359546 0.000420521 0
 0.470689 0.182191 0.310203 0.0369168 0
 0.84361 0.089868 0.0606195 0.00523954 0.000663233
 0.607945 0.314616 0.071237 0.00620181 0
 0.523733 0.453247 0.0230204 0 0
 0.530135 0.295979 0.169645 0.0042399 0
 0.562478 0.366248 0.0663022 0.0049721 0
ppred_RECLAS
 0.536466 0.304624 0.140872 0.0180324 5.47515e-06
 0.608536 0.273037 0.0812014 0.0331046 0.0041208
 0.357786 0.488213 0.111681 0.029281 0.0130391
 0.576968 0.250975 0.134863 0.0271973 0.00999692
 0.662355 0.241503 0.0600699 0.0284566 0.00761486
 0.425641 0.43518 0.103318 0.0226555 0.0132055
 0.679701 0.193005 0.0994686 0.0208189 0.00700633
 0.585609 0.332992 0.0515941 0.0234414 0.00636332
 0.646056 0.266623 0.0719769 0.00983161 0.00551286
 0.651897 0.28026 0.0527065 0.0125437 0.00259296
 0.46732 0.419671 0.0932398 0.0154586 0.00431055
 0.493099 0.342383 0.133086 0.026067 0.00536451
 0.643154 0.247753 0.076758 0.0263033 0.00603174
 0.68129 0.268432 0.0363064 0.00991638 0.00405559
 0.728423 0.248092 0.020181 0.00240634 0.00089838
 0.696412 0.283543 0.0185066 0.00132716 0.000210863
 0.590814 0.350981 0.0547968 0.00315303 0.000254489
 0.620035 0.294618 0.0744765 0.0102508 0.000619354
 0.568108 0.335997 0.0764429 0.0170358 0.00241619
 0.646692 0.25631 0.0775894 0.0155622 0.00384629
 0.619971 0.301104 0.0592675 0.0158168 0.0038408
 0.566499 0.321734 0.0909115 0.0157755 0.0050795
 0.606407 0.277303 0.0891409 0.0222056 0.00494343
 0.52256 0.356366 0.0885569 0.0250963 0.00742085
pobs_PELACES
 0 0 0 0 0
 0 0 0 0 0
 0 0 0 0 0
 0 0 0 0 0
 0 0 0 0 0
 0 0 0 0 0
 0 0 0 0 0
 0 0 0 0 0
 0 0 0 0 0
 0 0 0 0 0
 0.450072 0.473896 0.0757376 0.000293798 0
 0 0 0 0 0
 0.463077 0.371075 0.160297 0.00555027 0
 0.529543 0.364841 0.0842815 0.0213345 0
 0.631943 0.363953 0.00410389 0 0
 0.735681 0.248677 0.0153453 0.000297389 0
 0.695825 0.281241 0.0229344 0 0
 0.275771 0.60734 0.115278 0.00161068 0
 0 0 0 0 0
 0.896147 0.0623911 0.0374545 0.00400742 0
 0.803859 0.145111 0.0509908 3.86294e-05 0
 0.739449 0.233085 0.0266225 0.000797448 4.60066e-05
 0.878498 0.100942 0.0204185 0.000141795 0
 0.694673 0.275183 0.0284847 0.00165964 0
ppred_PELACES
 0.570178 0.298049 0.117279 0.0144897 4.36794e-06
 0.643564 0.261138 0.0660823 0.0260027 0.00321356
 0.431569 0.449112 0.0874172 0.0221214 0.00978027
 0.598841 0.254106 0.116185 0.0226147 0.00825292
 0.659196 0.255452 0.0540649 0.0247201 0.00656756
 0.461884 0.423877 0.0856288 0.0181228 0.0104878
 0.705179 0.189387 0.0830505 0.0167773 0.0056057
 0.628419 0.308306 0.0406464 0.0178243 0.00480384
 0.693233 0.240253 0.0551871 0.00727574 0.00405047
 0.679145 0.26642 0.0426326 0.00979289 0.00200982
 0.527724 0.384693 0.0727243 0.0116374 0.00322177
 0.552932 0.317961 0.105164 0.0198808 0.00406208
 0.72817 0.19832 0.0522812 0.0172918 0.00393684
 0.814887 0.159891 0.0184012 0.00485092 0.0019697
 0.851489 0.137493 0.00951667 0.00109524 0.000405962
 0.755627 0.230543 0.0128036 0.00088621 0.000139794
 0.64768 0.308832 0.0410267 0.00227849 0.000182585
 0.660747 0.272408 0.058594 0.00778391 0.000466934
 0.600407 0.321969 0.0623289 0.0134067 0.00188785
 0.682643 0.24048 0.0619426 0.0119912 0.00294247
 0.63086 0.30232 0.0506337 0.0130422 0.00314433
 0.584162 0.321464 0.0772907 0.0129449 0.00413821
 0.631331 0.272317 0.0744852 0.0179087 0.00395826
 0.550455 0.349497 0.0738998 0.0202134 0.00593414
pobs_pel_tallas
 0 0 0 0 0 0 0 0 0 0 0 0 0 0 0 0 0 0 0 0 0 0 0 0 0 0 0 0 0 0 0 0 0 0 0 0
 0 0 0 0 0 0 0 0 0 0 0 0 0 0 0 0 0 0 0 0 0 0 0 0 0 0 0 0 0 0 0 0 0 0 0 0
 0 0 0 0 0 0 0 0 0 0 0 0 0 0 0 0 0 0 0 0 0 0 0 0 0 0 0 0 0 0 0 0 0 0 0 0
 0 0 0 0 0 0 0 0 0 0 0 0 0 0 0 0 0 0 0 0 0 0 0 0 0 0 0 0 0 0 0 0 0 0 0 0
 0 0 0 0 0 0 0 0 0 0 0 0 0 0 0 0 0 0 0 0 0 0 0 0 0 0 0 0 0 0 0 0 0 0 0 0
 0 0 0 0 0 0 0 0 0 0 0 0 0 0 0 0 0 0 0 0 0 0 0 0 0 0 0 0 0 0 0 0 0 0 0 0
 0 0 0 0 0 0 0 0 0 0 0 0 0 0 0 0 0 0 0 0 0 0 0 0 0 0 0 0 0 0 0 0 0 0 0 0
 0 0 0 0 0 0 0 0 0 0 0 0 0 0 0 0 0 0 0 0 0 0 0 0 0 0 0 0 0 0 0 0 0 0 0 0
 0 0 0 0 0 0 0 0 0 0 0 0 0 0 0 0 0 0 0 0 0 0 0 0 0 0 0 0 0 0 0 0 0 0 0 0
 0 0 0 0 0 0 0 0 0 0 0 0 0 0 0 0 0 0 0 0 0 0 0 0 0 0 0 0 0 0 0 0 0 0 0 0
 0 0 0 0 0 0 0 0 1.78061e-05 0.00172719 0.00360574 0.0105946 0.0120993 0.0124554 0.0147524 0.0171206 0.0266825 0.0428682 0.0675386 0.121331 0.153587 0.119568 0.100827 0.0573624 0.0630603 0.0341343 0.0324427 0.0444173 0.0211091 0.0280891 0.0125444 0.00206551 0 0 0 0
 0 0 0 0 0 0 0 0 0 0 0 0 0 0 0 0 0 0 0 0 0 0 0 0 0 0 0 0 0 0 0 0 0 0 0 0
 0 0 0 0 0 0 0.0133647 0.0140871 0.0187388 0.0205184 0.03894 0.0496705 0.03968 0.0493445 0.0407372 0.0367815 0.0215668 0.0243155 0.0234873 0.0199281 0.019796 0.0243948 0.0301388 0.0376714 0.0412746 0.0863199 0.0771752 0.113111 0.0741005 0.0525337 0.0229764 0.00759418 0.00175318 0 0 0
 0 0 0 0 0 0 0 0 0 0 0.00219441 0.00772107 0.0458388 0.0604681 0.0671733 0.0775358 0.0609151 0.0617685 0.073594 0.0568108 0.0755445 0.0548602 0.0670107 0.0636378 0.0643287 0.046367 0.0373049 0.0286899 0.0247887 0.0153202 0.00654259 0.00121912 0.000365735 0 0 0
 0 0 0 0 0 0 0 0 0 0 0 0 0.000112435 0.00938835 0.0111873 0.0202946 0.0414886 0.0713402 0.111592 0.104902 0.108894 0.110636 0.117776 0.105296 0.107544 0.0401394 0.0192827 0.0124803 0.00416011 0.0028671 0.000618394 0 0 0 0 0
 0 0 0 0 0 0 0 0 0 0 0.00291406 0.0102884 0.027416 0.0768956 0.0749926 0.110853 0.0956884 0.0897413 0.0766577 0.0534642 0.0500743 0.0551293 0.0594112 0.0620874 0.0668451 0.0424026 0.0208742 0.0120726 0.0048766 0.00582813 0.00118941 0.000297354 0 0 0 0
 0 0.00264628 0.0354308 0.0461629 0.0458689 0.0383711 0.0214643 0.0164657 0.0346957 0.0420465 0.0363128 0.0245516 0.0311673 0.0291091 0.0169068 0.0133784 0.00837989 0.0085269 0.0148486 0.0160247 0.0276389 0.0546898 0.0760071 0.122758 0.109233 0.0665981 0.0333725 0.0166128 0.00676272 0.00308733 0.000882094 0 0 0 0 0
 0 0 0 0 0 0 0 0.000805153 0.000690131 0.00759144 0.0133425 0.0154129 0.00931677 0.000345066 0.00356568 0.00563607 0.00851162 0.0253048 0.0502646 0.0516448 0.0657925 0.0565908 0.0611916 0.0827007 0.0866115 0.110766 0.145733 0.0935128 0.0569358 0.0249597 0.0138026 0.00621118 0.00161031 0.00115022 0 0
 0 0 0 0 0 0 0 0 0 0 0 0 0 0 0 0 0 0 0 0 0 0 0 0 0 0 0 0 0 0 0 0 0 0 0 0
 0.00147267 0.00158595 0.00478618 0.00569244 0.00954404 0.0108468 0.00647125 0.017049 0.0510054 0.094081 0.124002 0.0959785 0.0687766 0.0820023 0.061753 0.0591476 0.0492212 0.0479892 0.0443925 0.0268479 0.0217502 0.0140895 0.0121071 0.0120363 0.00920419 0.00665534 0.0049561 0.00860946 0.00930331 0.0156896 0.0114698 0.00855282 0.00243557 0.00046729 0 2.83206e-05
 0 0 0 0 0.000772559 0.00158375 0.000888443 0.00281984 0.00712685 0.0440552 0.0773331 0.111326 0.0921469 0.0852325 0.0710754 0.0886704 0.0786465 0.0553345 0.0373146 0.0185414 0.00753245 0.00457741 0.012979 0.0271748 0.0457355 0.0583668 0.034881 0.0177882 0.00938659 0.00492506 0.0015258 0.00185414 0.000309023 5.79419e-05 3.86279e-05 0
 0 0.00173294 0.00326652 0 0.00397197 0.00683976 0.00946217 0.0152591 0.00757587 0.0136028 0.0228656 0.0392903 0.0559909 0.0764795 0.0681675 0.0726916 0.0566044 0.0477403 0.0527397 0.0444891 0.0609904 0.0582453 0.0661739 0.0445044 0.0529084 0.0360697 0.0280645 0.0235558 0.0158879 0.00826598 0.00280645 0.00217768 0.000904811 0.00058276 9.20147e-05 0
 0 0 0 0 0 0 0 0 0 0 0 0 0 0 0 0 0 0 0 0 0 0 0 0 0 0 0 0 0 0 0 0 0 0 0 0
 0 0 0 0 0 0 0 0 0 0 0 0 0 0 0 0 0 0 0 0 0 0 0 0 0 0 0 0 0 0 0 0 0 0 0 0
ppred_pel_tallas
 1.02261e-16 2.48874e-05 0.000146044 0.000694177 0.00267253 0.00833396 0.0210511 0.0430748 0.0714064 0.0959127 0.104414 0.0921998 0.0662166 0.0390827 0.019788 0.0101182 0.00743969 0.0086167 0.0117028 0.0157749 0.0203268 0.0249082 0.0290347 0.0322395 0.0341653 0.0346398 0.0337073 0.0316007 0.0286716 0.0253008 0.0218214 0.0184739 0.0153981 0.0126514 0.0102407 0.00815002
 1.02067e-16 2.80857e-05 0.000164825 0.000783471 0.00301635 0.00940616 0.0237593 0.0486157 0.0805894 0.10824 0.117814 0.103986 0.0745797 0.0438142 0.0218043 0.0105266 0.00696881 0.00755945 0.0100899 0.0135381 0.0173923 0.0212403 0.0246573 0.0272415 0.0286936 0.0288826 0.0278704 0.0258851 0.0232545 0.0203245 0.0173886 0.0146477 0.0122041 0.0100818 0.00825822 0.00669342
 1.02605e-16 1.88495e-05 0.000110582 0.000525557 0.00202325 0.00630917 0.0159369 0.0326118 0.0540682 0.0726443 0.0791361 0.0700053 0.0505518 0.0303898 0.0164075 0.0100542 0.00943144 0.01223 0.0169758 0.0228733 0.0293315 0.0357042 0.0412696 0.045341 0.0474144 0.0472842 0.0450856 0.0412449 0.0363626 0.0310666 0.0258865 0.0211804 0.017123 0.0137397 0.0109651 0.00869704
 1.02895e-16 2.61355e-05 0.000153376 0.00072904 0.00280678 0.00875262 0.0221085 0.045238 0.0749908 0.100722 0.109635 0.0967775 0.0694321 0.0408357 0.0204082 0.0099996 0.00681963 0.00755877 0.0101744 0.0137246 0.0177355 0.0218177 0.0255603 0.0285651 0.0305216 0.0312707 0.0308315 0.029379 0.0271866 0.0245533 0.0217421 0.0189442 0.0162745 0.0137879 0.0115047 0.00943227
 1.02008e-16 2.87671e-05 0.000168826 0.000802493 0.00308959 0.00963456 0.0243363 0.049796 0.0825456 0.110866 0.120669 0.106498 0.0763649 0.044829 0.0222459 0.0106338 0.00690011 0.00738087 0.00981105 0.0131462 0.0168704 0.0205766 0.0238487 0.0262958 0.0276293 0.0277274 0.0266587 0.0246546 0.0220435 0.0191689 0.01632 0.0136915 0.0113783 0.00939588 0.00771255 0.00628021
 1.02467e-16 2.01703e-05 0.000118339 0.000562439 0.00216526 0.00675204 0.0170555 0.0349003 0.0578608 0.0777347 0.0846677 0.074866 0.0539908 0.0323152 0.0171893 0.0101385 0.0091058 0.0116016 0.0160467 0.0216119 0.0277159 0.0337431 0.0390111 0.042871 0.0448461 0.0447408 0.0426809 0.0390673 0.0344651 0.0294661 0.0245701 0.0201158 0.0162693 0.0130569 0.0104183 0.0082593
 1.0208e-16 3.07696e-05 0.000180588 0.000858425 0.00330497 0.0103062 0.0260327 0.0532666 0.0882963 0.118582 0.129049 0.113848 0.0815352 0.0476635 0.0232807 0.0105114 0.00601482 0.00585166 0.00760411 0.0101966 0.0131601 0.0161768 0.0189352 0.0211382 0.0225555 0.0230709 0.0227016 0.0215813 0.0199173 0.0179353 0.0158333 0.0137544 0.0117834 0.00995916 0.00829392 0.00678984
 1.01515e-16 2.74272e-05 0.000160955 0.000765062 0.00294546 0.00918507 0.0232009 0.0474735 0.0786975 0.105703 0.115065 0.101588 0.0729207 0.0429622 0.021607 0.0108054 0.00763415 0.00861557 0.0115857 0.0155159 0.0198488 0.0241033 0.027777 0.0304004 0.0316348 0.0313503 0.0296545 0.0268568 0.0233852 0.0196833 0.016122 0.0129475 0.0102733 0.00810494 0.00638195 0.00501783
 1.01302e-16 3.02507e-05 0.000177537 0.000843911 0.00324907 0.0101319 0.0255924 0.0523661 0.0868051 0.116584 0.126886 0.111968 0.0802502 0.0470357 0.0232029 0.0108605 0.00674243 0.00698475 0.0092022 0.0123047 0.0157716 0.0192091 0.0222212 0.0244373 0.0255844 0.0255482 0.0243964 0.0223528 0.0197351 0.0168781 0.0140663 0.0114949 0.00926262 0.0073898 0.00584761 0.00458664
 1.01123e-16 2.96374e-05 0.000173934 0.000826777 0.00318309 0.00992612 0.0250727 0.051303 0.0850437 0.114221 0.124321 0.109722 0.0786764 0.0461864 0.0229195 0.0109541 0.0071016 0.00758338 0.0100597 0.013446 0.0172006 0.0208929 0.0240847 0.026368 0.0274471 0.0272062 0.025735 0.0232983 0.0202648 0.0170188 0.0138839 0.011078 0.00870528 0.0067771 0.00524657 0.00404261
 1.01709e-16 2.30396e-05 0.000135188 0.00064255 0.00247373 0.00771398 0.0194852 0.0398714 0.0660992 0.0887935 0.0966883 0.0854367 0.0614871 0.0365476 0.0189767 0.0104704 0.00863192 0.0105823 0.0145106 0.019505 0.0249859 0.0303805 0.0350649 0.038449 0.0401016 0.0398497 0.0378146 0.0343698 0.0300398 0.0253738 0.020836 0.0167421 0.0132472 0.0103751 0.00806682 0.00622866
 1.0247e-16 2.41362e-05 0.000141632 0.000673197 0.00259175 0.00808203 0.0204148 0.0417729 0.0692492 0.0930177 0.101269 0.0894388 0.0642685 0.0380028 0.0193703 0.0101147 0.00769391 0.00907433 0.0123676 0.0166652 0.0214491 0.0262431 0.0305329 0.0338249 0.0357455 0.0361221 0.0350153 0.0326871 0.029524 0.0259395 0.0222902 0.0188274 0.015689 0.0129216 0.0105159 0.00843996
 1.01585e-16 3.17724e-05 0.000186475 0.000886409 0.00341271 0.0106422 0.0268814 0.0550032 0.0911748 0.122448 0.133255 0.117558 0.0841904 0.0492114 0.0240277 0.0108309 0.00616753 0.00596406 0.00771605 0.0103031 0.0132305 0.0161604 0.0187654 0.0207394 0.0218543 0.0220096 0.0212515 0.019752 0.0177591 0.0155349 0.0133023 0.0112141 0.00934894 0.00772615 0.0063296 0.00513003
 1.00573e-16 3.55521e-05 0.000208668 0.000991928 0.003819 0.0119092 0.0300817 0.0615509 0.102027 0.137016 0.149093 0.131492 0.0940853 0.054826 0.0264522 0.0113844 0.00572495 0.00488823 0.00606093 0.00800418 0.0102105 0.0123776 0.0142345 0.0155364 0.0161082 0.0158853 0.0149273 0.0133997 0.0115302 0.00955488 0.00767082 0.0060092 0.00463016 0.00353573 0.00269145 0.00204792
 1.00237e-16 3.71471e-05 0.000218035 0.00103646 0.00399048 0.012444 0.0314324 0.0643144 0.106606 0.143164 0.155775 0.137368 0.0982513 0.0571763 0.0274413 0.0115613 0.00544926 0.00430304 0.00518034 0.00679652 0.00864596 0.0104511 0.0119748 0.0130067 0.0133986 0.0130992 0.0121663 0.0107502 0.00905511 0.0072917 0.00563555 0.00420267 0.00304482 0.00216062 0.00151474 0.00105733
 1.00294e-16 3.29709e-05 0.000193508 0.000919841 0.00354142 0.0110436 0.0278953 0.0570779 0.0946144 0.127069 0.138288 0.122009 0.0873999 0.0511317 0.0250462 0.0114228 0.00668066 0.00658912 0.00853637 0.0113347 0.0144333 0.0174363 0.0199589 0.0216501 0.022263 0.0217137 0.0201022 0.017684 0.0148053 0.0118225 0.00903271 0.00663146 0.00470527 0.00325015 0.0022041 0.00148014
 1.0077e-16 2.82672e-05 0.000165886 0.000788504 0.00303571 0.00946653 0.0239119 0.0489282 0.0811086 0.108941 0.118587 0.104691 0.0751357 0.0442416 0.0222025 0.0110237 0.00768672 0.00860208 0.0115364 0.0154292 0.0197101 0.0238908 0.0274639 0.0299565 0.031029 0.0305543 0.0286469 0.0256272 0.0219376 0.0180384 0.0143169 0.0110336 0.00831189 0.00616148 0.00451955 0.00329146
 1.0121e-16 2.88355e-05 0.000169226 0.000804389 0.00309689 0.00965731 0.0243937 0.0499138 0.0827412 0.11113 0.12096 0.106764 0.0765743 0.04499 0.0223961 0.0108219 0.00717308 0.0077798 0.0103689 0.0138829 0.0177853 0.021641 0.0250024 0.0274494 0.0286739 0.028549 0.0271556 0.0247531 0.021708 0.0184061 0.0151751 0.0122399 0.00971417 0.00761994 0.00592159 0.00455851
 1.01539e-16 2.62064e-05 0.000153786 0.000730978 0.00281422 0.0087758 0.0221672 0.0453585 0.0751922 0.100998 0.10995 0.0970885 0.0697279 0.0411553 0.0208358 0.010647 0.00781033 0.00901426 0.0121953 0.0163629 0.0209625 0.0254989 0.0294475 0.0323139 0.0337366 0.0335692 0.0319109 0.0290713 0.0254859 0.0216109 0.0178322 0.014412 0.0114797 0.00905575 0.00709296 0.00551573
 1.01508e-16 2.9789e-05 0.000174826 0.000831022 0.00319944 0.00997713 0.0252015 0.0515664 0.0854795 0.114804 0.12495 0.110263 0.0790342 0.0463357 0.0228816 0.0107511 0.00673089 0.00701921 0.00926946 0.012409 0.0159241 0.0194236 0.0225121 0.0248179 0.0260652 0.0261348 0.0250875 0.0231389 0.020599 0.0177949 0.015006 0.0124252 0.0101522 0.00821147 0.00658076 0.00521865
 1.01413e-16 2.75334e-05 0.000161579 0.000768029 0.00295688 0.0092207 0.0232909 0.0476576 0.0790025 0.106112 0.115509 0.101976 0.0731916 0.0431063 0.0216508 0.0107807 0.00755939 0.00849456 0.0114153 0.0152933 0.0195767 0.0237927 0.0274474 0.0300781 0.0313483 0.0311252 0.0295078 0.0267928 0.023395 0.0197467 0.0162119 0.0130358 0.0103362 0.00812678 0.00635637 0.00494749
 1.01841e-16 2.5498e-05 0.000149627 0.000711207 0.00273809 0.00853841 0.0215676 0.0441316 0.0731587 0.0982674 0.10698 0.0944717 0.0678614 0.0400795 0.0203395 0.0104734 0.00778385 0.00905462 0.012282 0.0165028 0.0211741 0.0258056 0.0298748 0.0328862 0.0344732 0.0344804 0.0329946 0.0303107 0.0268497 0.0230553 0.0193053 0.0158595 0.0128508 0.0103085 0.00819786 0.00645698
 1.01947e-16 2.75528e-05 0.000161695 0.000768589 0.00295905 0.00922746 0.023308 0.0476923 0.0790591 0.106186 0.115582 0.102026 0.0731947 0.0430423 0.0214977 0.0105077 0.00712456 0.00785033 0.0105191 0.0141222 0.0181428 0.0221543 0.025713 0.0283983 0.0298962 0.0300682 0.0289779 0.0268631 0.0240672 0.020954 0.0178341 0.0149224 0.0123311 0.0100897 0.00817751 0.00655366
 1.02135e-16 2.40294e-05 0.000141002 0.000670198 0.00258019 0.00804599 0.0203238 0.0415869 0.0689417 0.0926073 0.100829 0.0890668 0.0640369 0.0379373 0.0194676 0.0103751 0.00813835 0.00974111 0.0132963 0.0178775 0.0229315 0.027934 0.0323196 0.0355525 0.0372379 0.0372119 0.0355743 0.0326506 0.0289018 0.0248113 0.0207881 0.0171097 0.0139138 0.0112244 0.00899594 0.00715556
pSPR Fmed_Fpbrs
0.430325   0.352374 0.352374
Fs Fmed_Fpbrs
0.715753   1.005 1.005
SSBpbr Bo_Bmed_Bpbrs
781481  297217  236300 236300
Ro
29143.9
SPR SPRFo_SPRFmed_SPRFpbrs
599594 258020 211282
log_Ro
10.1
likeval ReclasPelacesDesembMPH_pf_preclas_ppelaces_ptallas_desvR_qrecl_qpela
 67.6695 13.1609 0.0332858 0.00018126 289.848 162.251 81.5612 0 17.5316 2.13384e-06 0.000153473 0 0 0 0
q_reclas_q_pelaces
1.22998 5.82699
M
0.7
N
 31416.2 13064.7 5140.81 635.139 0.191464
 42671.9 14404.1 3645.04 1434.28 177.257
 14593.8 19396.3 3775.39 955.381 422.392
 20923.8 6105.28 2791.51 543.353 198.289
 45943.8 9867.96 2088.5 954.923 253.701
 29038.2 22591.5 4563.78 965.897 558.97
 65884.7 13151.1 5767.03 1165.02 389.26
 66625.1 30608.1 4035.3 1769.57 476.918
 85206.1 29598.3 6798.84 896.343 499.002
 117075 37357.7 5978 1373.17 281.82
 67161.5 53447.9 10104.1 1616.86 447.622
 48523.7 28963.4 9579.51 1810.96 370.018
 50213.8 21131.2 5570.6 1842.45 419.473
 27658.8 20246.4 2330.08 614.255 249.416
 13793.1 9402.73 650.816 74.8998 27.7625
 11241.1 4578.11 254.253 17.5983 2.77603
 8707.33 4662.66 619.41 34.4 2.75661
 9810.86 3734.53 803.283 106.712 6.40135
 9860.66 4370.39 846.049 181.982 25.6256
 14660.5 4487.76 1155.95 223.777 54.9113
 20637.1 6607.89 1106.71 285.066 68.7264
 25429.4 9787.07 2353.14 394.112 125.989
 37034.3 11953.6 3269.61 786.123 173.752
 34997.4 17182.4 3633.16 993.756 291.742
pred_Ctot
 1741.1 4254.33 1674.03 206.824 0.0623476
 2611.27 5072.31 1283.57 505.073 62.4198
 1669.97 10608.8 2064.94 522.542 231.026
 758.924 1395.62 638.117 124.206 45.3271
 323.979 489.344 103.567 47.3539 12.5808
 1847.46 8199.14 1656.34 350.554 202.867
 3066.48 3714.61 1628.94 329.067 109.949
 5082.22 12731.6 1678.5 736.061 198.376
 7226.75 13284 3051.39 402.288 223.957
 6825.05 12663.9 2026.49 465.492 95.5342
 6406.78 26005.4 4916.2 786.692 217.793
 4326.57 13459.7 4451.74 841.581 171.953
 6872.69 12832.1 3382.79 1118.84 254.729
 6411.86 15605.2 1795.94 473.446 192.242
 3366.22 7374.74 510.448 58.7454 21.7747
 1345.55 2573.34 142.915 9.89197 1.5604
 860.832 2323.21 308.626 17.1401 1.3735
 730.906 1526.72 328.392 43.6252 2.61695
 595.164 1522.54 294.743 63.3982 8.92734
 979.108 1690.48 435.43 84.2934 20.6843
 669.432 1370.21 229.488 59.1113 14.2511
 979.55 2356.34 566.542 94.8866 30.3331
 1756.74 3429.92 938.166 225.566 49.8557
 1810.23 5292.64 1119.11 306.103 89.8642
F
 0.0798094 0.576545 0.576545 0.576545 0.576545
 0.0884564 0.639011 0.639011 0.639011 0.639011
 0.171442 1.2385 1.2385 1.2385 1.2385
 0.0515929 0.372709 0.372709 0.372709 0.372709
 0.00984808 0.0711428 0.0711428 0.0711428 0.0711428
 0.0921114 0.665415 0.665415 0.665415 0.665415
 0.0666417 0.481421 0.481421 0.481421 0.481421
 0.111366 0.804513 0.804513 0.804513 0.804513
 0.124533 0.89963 0.89963 0.89963 0.89963
 0.0841084 0.607602 0.607602 0.607602 0.607602
 0.141068 1.01908 1.01908 1.01908 1.01908
 0.131302 0.948529 0.948529 0.948529 0.948529
 0.208311 1.50485 1.50485 1.50485 1.50485
 0.378945 2.73751 2.73751 2.73751 2.73751
 0.402881 2.91042 2.91042 2.91042 2.91042
 0.179993 1.30027 1.30027 1.30027 1.30027
 0.146543 1.05863 1.05863 1.05863 1.05863
 0.108637 0.784799 0.784799 0.784799 0.784799
 0.0871992 0.62993 0.62993 0.62993 0.62993
 0.0968932 0.69996 0.69996 0.69996 0.69996
 0.0460289 0.332514 0.332514 0.332514 0.332514
 0.0548713 0.396392 0.396392 0.396392 0.396392
 0.0679585 0.490934 0.490934 0.490934 0.490934
 0.0743092 0.536812 0.536812 0.536812 0.536812
nmprior
 10 10 8 0
nm_flota  nm_reclas  nm_pelaces    nm_pelaL
inf 24.9008 12.3429 20.4034
cv_recla  cv_pelaces  cv_mph
0.761593 0.426881 0.436807
 ------------------------------------------------
Talla a la edad & desviación 
 7.2 14.2025 17.0495 18.207 18.6776
 1.08 2.13037 2.55742 2.73105 2.80164
