years
 1997 1998 1999 2000 2001 2002 2003 2004 2005 2006 2007 2008 2009 2010 2011 2012 2013 2014 2015 2016 2017 2018 2019 2020
reclasobs
 0 0 0 370054 412103 1.49427e+06 250295 1.28982e+06 931140 785840 897777 1.04006e+06 184774 17550 25797 100020 73551 82996 120727 218422 84188 347160 605670 569463
reclaspred
 460531 136959 477112 340923 439618 515827 1.0835e+06 677409 690527 564948 428937 287198 175210 85657.7 64293.8 67786.5 86990.6 120435 128893 184082 262580 244736 439234 545114
pelacesobs
 0 0 0 0 0 0 0 0 0 2.06254e+06 1.5e+06 0 1.87456e+06 323000 250000 174000 83755 137374 0 501740 490994 745055 786931 1.00524e+06
pelacespred
 1.89994e+06 518151 1.05278e+06 1.16087e+06 1.26361e+06 1.26365e+06 2.85918e+06 2.35825e+06 2.06808e+06 1.73225e+06 1.18883e+06 816156 495633 208249 152463 169135 224785 311866 346259 478368 751699 685268 969951 1.41919e+06
mphobs
 0 0 0 0 0 112323 0 153150 637223 0 255016 313432 73983 77613 109348 50772 0 0 0 0 0 0 0 0
mphpred
 165302 116812 155549 216961 203564 283665 424515 476136 383409 351625 296918 205718 127635 68022.2 35671.1 32193.6 39457.1 55722.2 69679.3 80942.8 119418 139616 180737 263855
desembarqueobs
 350755 77701 442110 56441 14545 235359 269955 359681 431902 328805 639364 411747 362871 311530 167758 66681 60226 58785 57116 71774 51957 67425 138520 160799
desembarquepred
 350788 77708.4 442162 56443.7 14545.7 235393 269987 359723 431991 328879 639795 412116 363387 312163 167874 66699.3 60246.6 58790.4 57116.8 71780.4 51960.3 67425.2 138527 160807
Reclutas
 88690.1 110681 72503 102442 165840 124962 179689 152698 160280 140970 69711.2 42287.7 42127.2 25045.5 20798.6 27654.4 24256.1 26992.9 31789.6 55062.2 69724.3 95498.3 157760 167916
log_desv_Rt
 0.212904 0.434409 0.0113832 0.357052 0.838777 0.555762 0.918984 0.756215 0.80468 0.6763 -0.0278842 -0.52775 -0.531552 -1.05155 -1.23736 -0.952459 -1.08358 -0.976672 -0.813106 -0.263782 -0.0276955 0.286864 0.788833 0.851219
SSB
 1.06226e+06 750649 999584 1.39422e+06 1.30814e+06 1.82287e+06 2.728e+06 3.05972e+06 2.46384e+06 2.2596e+06 1.90804e+06 1.32197e+06 820201 437121 229228 206881 253558 358079 447770 520151 767400 897194 1.16145e+06 1.69558e+06
BT
 3.65113e+06 1.03871e+06 2.09404e+06 2.09658e+06 2.23017e+06 2.40175e+06 5.20951e+06 4.551e+06 4.02977e+06 3.36198e+06 2.67557e+06 1.81622e+06 1.2294e+06 668952 412894 352752 444782 594745 656853 899058 1.36344e+06 1.26487e+06 1.79722e+06 2.62234e+06
Ftot
 0.271424 0.193616 0.257607 0.0469579 0.0105219 0.1136 0.0712703 0.148212 0.17604 0.156885 0.357981 0.336165 0.521329 0.893699 0.768378 0.298341 0.213436 0.142046 0.120756 0.12107 0.059728 0.0771363 0.0886124 0.0841737
BD_Bspro_t
 0.967316 0.843842 0.82688 0.754185 0.82915 0.899722 0.879114 0.879291 0.834519 0.792677 0.746035 0.603445 0.493592 0.380939 0.266006 0.290152 0.418266 0.58939 0.691442 0.764023 0.838644 0.887377 0.894292 0.898883
BD_Bspro
 0.720289 0.508996 0.677793 0.945386 0.887014 1.23604 1.84979 2.07472 1.67067 1.53218 1.29379 0.896396 0.556157 0.296401 0.155434 0.140281 0.171931 0.242804 0.303621 0.352701 0.520355 0.608364 0.787548 1.14973
BD_Bo
 0.635103 0.448798 0.597632 0.833578 0.782109 1.08986 1.63102 1.82935 1.47308 1.35097 1.14078 0.790382 0.490382 0.261346 0.137051 0.12369 0.151597 0.214089 0.267713 0.310988 0.458814 0.536414 0.694406 1.01375
BD_Brms
 2.27229 1.60573 2.13823 2.98241 2.79826 3.89935 5.83552 6.54512 5.27046 4.83355 4.08153 2.82786 1.75451 0.935054 0.490346 0.442543 0.54239 0.765974 0.957833 1.11266 1.64156 1.9192 2.48447 3.62704
S_f
 0.21284 1 1 1 1
 0.21284 1 1 1 1
 0.21284 1 1 1 1
 0.21284 1 1 1 1
 0.21284 1 1 1 1
 0.21284 1 1 1 1
 0.21284 1 1 1 1
 0.21284 1 1 1 1
 0.21284 1 1 1 1
 0.21284 1 1 1 1
 0.21284 1 1 1 1
 0.21284 1 1 1 1
 0.21284 1 1 1 1
 0.21284 1 1 1 1
 0.21284 1 1 1 1
 0.21284 1 1 1 1
 0.21284 1 1 1 1
 0.21284 1 1 1 1
 0.21284 1 1 1 1
 0.21284 1 1 1 1
 0.21284 1 1 1 1
 0.21284 1 1 1 1
 0.21284 1 1 1 1
 0.21284 1 1 1 1
Scru_reclas
 1 1 1 1 1
 1 1 1 1 1
 1 1 1 1 1
 1 1 1 1 1
 1 1 1 1 1
 1 1 1 1 1
 1 1 1 1 1
 1 1 1 1 1
 1 1 1 1 1
 1 1 1 1 1
 1 1 1 1 1
 1 1 1 1 1
 1 1 1 1 1
 1 1 1 1 1
 1 1 1 1 1
 1 1 1 1 1
 1 1 1 1 1
 1 1 1 1 1
 1 1 1 1 1
 1 1 1 1 1
 1 1 1 1 1
 1 1 1 1 1
 1 1 1 1 1
 1 1 1 1 1
Scru_pelaces
 0.990336 1 1 1 1
 0.990336 1 1 1 1
 0.990336 1 1 1 1
 0.990336 1 1 1 1
 0.990336 1 1 1 1
 0.990336 1 1 1 1
 0.990336 1 1 1 1
 0.990336 1 1 1 1
 0.990336 1 1 1 1
 0.990336 1 1 1 1
 0.990336 1 1 1 1
 0.990336 1 1 1 1
 0.990336 1 1 1 1
 0.990336 1 1 1 1
 0.990336 1 1 1 1
 0.990336 1 1 1 1
 0.990336 1 1 1 1
 0.990336 1 1 1 1
 0.990336 1 1 1 1
 0.990336 1 1 1 1
 0.990336 1 1 1 1
 0.990336 1 1 1 1
 0.990336 1 1 1 1
 0.990336 1 1 1 1
pf_obs 
 0.256992 0.487395 0.22802 0.0275931 0
 0.321318 0.546541 0.124235 0.00734118 0.000564706
 0.182869 0.594174 0.210203 0.0122559 0.00049798
 0.330522 0.361315 0.267642 0.0388342 0.00168674
 0.649043 0.306663 0.0425973 0.00169635 0
 0.582887 0.30429 0.105238 0.00758474 0
 0.465427 0.430635 0.0974691 0.00646863 0
 0.296916 0.608066 0.0921331 0.00288517 0
 0.311714 0.524322 0.152257 0.0117073 0
 0.15457 0.633149 0.183074 0.0267441 0.00246327
 0.131901 0.49318 0.331252 0.0422183 0.00144891
 0.196976 0.569456 0.194076 0.0375587 0.00193317
 0.518974 0.381816 0.0799577 0.0180837 0.00116848
 0.0928022 0.601141 0.25162 0.0475244 0.00691264
 0.122501 0.610282 0.24278 0.0234846 0.000952079
 0.383417 0.481906 0.127806 0.00687128 0
 0.0376549 0.599619 0.316969 0.0457579 0
 0.0361596 0.667082 0.258105 0.0386534 0
 0.158088 0.579412 0.248529 0.0139706 0
 0.0477256 0.309471 0.559284 0.082774 0.000745712
 0.0406174 0.521527 0.379366 0.0568643 0.0016247
 0.151134 0.462217 0.34131 0.0453401 0
 0.294876 0.26143 0.354403 0.0886775 0.000613685
 0.281977 0.475581 0.204845 0.0348837 0.00271318
pf_pred 
 0.397134 0.425727 0.158442 0.0186881 9.07787e-06
 0.320053 0.528737 0.10678 0.0397401 0.00468959
 0.184092 0.576729 0.185989 0.0375611 0.0156287
 0.261078 0.401529 0.238488 0.0769101 0.021995
 0.306698 0.436026 0.139804 0.0830364 0.0344366
 0.185388 0.550818 0.165903 0.0531938 0.0446972
 0.255136 0.394257 0.237071 0.0714041 0.042132
 0.195382 0.502221 0.160059 0.0962447 0.0460928
 0.213108 0.43222 0.221377 0.0705531 0.0627418
 0.193003 0.4674 0.186532 0.0955391 0.0575257
 0.118929 0.481485 0.231434 0.0923616 0.0757903
 0.118289 0.376671 0.275993 0.132661 0.0963866
 0.187204 0.343995 0.200274 0.146744 0.121783
 0.179166 0.475181 0.146288 0.085169 0.114195
 0.251263 0.45682 0.168991 0.0520252 0.0709006
 0.339662 0.457749 0.123604 0.0457245 0.0332605
 0.240294 0.557897 0.139895 0.0377751 0.0241389
 0.245368 0.468243 0.210313 0.0527367 0.02334
 0.251431 0.463646 0.176793 0.079407 0.028724
 0.331589 0.417598 0.155348 0.0592355 0.03623
 0.287843 0.506299 0.128612 0.0478441 0.0294015
 0.287543 0.470926 0.171714 0.0436194 0.0261982
 0.329557 0.444096 0.149613 0.0545534 0.022181
 0.252556 0.527728 0.145539 0.0490309 0.0251473
pobs_RECLAS
 0 0 0 0 0
 0 0 0 0 0
 0 0 0 0 0
 0 0 0 0 0
 0.835266 0.146461 0.0176864 0.000547809 3.91292e-05
 0.385257 0.428462 0.181853 0.0044286 0
 0.867414 0.0963971 0.0333333 0.00285562 0
 0.441836 0.489002 0.0689373 0.000224442 0
 0.779404 0.147425 0.0564933 0.0165055 0.000172143
 0.814271 0.122319 0.05973 0.00367925 0
 0.40263 0.566651 0.0304383 0.000280538 0
 0.475488 0.404961 0.113038 0.00651328 0
 0.955842 0.0263864 0.0167828 0.000988607 0
 0.975058 0.0227948 0.00214734 0 0
 0.738997 0.206755 0.0527124 0.00153531 0
 0.850938 0.134255 0.0134407 0.00136685 0
 0.542534 0.407297 0.0501686 0 0
 0.764087 0.199537 0.0359546 0.000420521 0
 0.470689 0.182191 0.310203 0.0369168 0
 0.84361 0.089868 0.0606195 0.00523954 0.000663233
 0.607945 0.314616 0.071237 0.00620181 0
 0.523733 0.453247 0.0230204 0 0
 0.530135 0.295979 0.169645 0.0042399 0
 0.562478 0.366248 0.0663022 0.0049721 0
ppred_RECLAS
 0.758596 0.170473 0.0634445 0.00748323 3.63503e-06
 0.69082 0.240423 0.0485542 0.0180703 0.00213241
 0.518153 0.340596 0.109839 0.0221823 0.00922975
 0.624588 0.203998 0.121165 0.0390745 0.0111746
 0.675265 0.204229 0.0654825 0.0388933 0.0161297
 0.518149 0.325814 0.0981332 0.0314646 0.0264388
 0.617571 0.20242 0.121717 0.0366603 0.0216314
 0.534796 0.290369 0.0925408 0.0556456 0.0266494
 0.562211 0.240466 0.123164 0.0392524 0.0349065
 0.531135 0.271559 0.108375 0.0555082 0.0334224
 0.393133 0.331639 0.159408 0.0636171 0.0522031
 0.391298 0.26004 0.190536 0.0915841 0.0665419
 0.52824 0.199661 0.116242 0.0851727 0.070685
 0.524002 0.275556 0.0848321 0.0493892 0.0662211
 0.625445 0.228524 0.0845374 0.0260255 0.0354679
 0.710833 0.200452 0.054127 0.0200231 0.014565
 0.600519 0.293362 0.0735617 0.0198635 0.0126931
 0.606111 0.244405 0.109775 0.0275265 0.0121826
 0.613556 0.239354 0.0912681 0.0409934 0.0148286
 0.701048 0.186774 0.0694805 0.0264936 0.0162042
 0.6557 0.244776 0.0621788 0.0231307 0.0142145
 0.655569 0.227665 0.0830135 0.0210874 0.0126653
 0.698753 0.199544 0.0672249 0.0245123 0.0099665
 0.614507 0.272175 0.0750613 0.0252876 0.0129697
pobs_PELACES
 0 0 0 0 0
 0 0 0 0 0
 0 0 0 0 0
 0 0 0 0 0
 0 0 0 0 0
 0 0 0 0 0
 0 0 0 0 0
 0 0 0 0 0
 0 0 0 0 0
 0 0 0 0 0
 0.450072 0.473896 0.0757376 0.000293798 0
 0 0 0 0 0
 0.463077 0.371075 0.160297 0.00555027 0
 0.529543 0.364841 0.0842815 0.0213345 0
 0.631943 0.363953 0.00410389 0 0
 0.735681 0.248677 0.0153453 0.000297389 0
 0.695825 0.281241 0.0229344 0 0
 0.275771 0.60734 0.115278 0.00161068 0
 0 0 0 0 0
 0.896147 0.0623911 0.0374545 0.00400742 0
 0.803859 0.145111 0.0509908 3.86294e-05 0
 0.739449 0.233085 0.0266225 0.000797448 4.60066e-05
 0.878498 0.100942 0.0204185 0.000141795 0
 0.694673 0.275183 0.0284847 0.00165964 0
ppred_PELACES
 0.769553 0.162735 0.0605647 0.00714356 3.47003e-06
 0.69942 0.233735 0.0472036 0.0175676 0.0020731
 0.532416 0.330514 0.106588 0.0215257 0.00895653
 0.625171 0.203682 0.120977 0.0390138 0.0111573
 0.673733 0.205193 0.0657915 0.0390768 0.0162058
 0.52309 0.322473 0.0971269 0.031142 0.0261677
 0.619648 0.201321 0.121056 0.0364613 0.021514
 0.54195 0.285903 0.0911176 0.0547898 0.0262395
 0.571055 0.235609 0.120675 0.0384594 0.0342013
 0.538857 0.267087 0.10659 0.054594 0.032872
 0.413168 0.32069 0.154145 0.0615168 0.0504796
 0.409932 0.25208 0.184703 0.0887805 0.0645049
 0.559415 0.186466 0.10856 0.0795442 0.0660139
 0.578963 0.243739 0.0750369 0.0436864 0.0585748
 0.668766 0.202093 0.0747598 0.0230154 0.0313657
 0.724565 0.190933 0.0515566 0.0190722 0.0138734
 0.611438 0.285344 0.0715511 0.0193206 0.0123462
 0.612583 0.240389 0.107972 0.0270743 0.0119824
 0.618678 0.236182 0.0900584 0.04045 0.014632
 0.705584 0.18394 0.0684263 0.0260916 0.0159583
 0.65701 0.243845 0.0619424 0.0230428 0.0141604
 0.657897 0.226126 0.0824524 0.0209449 0.0125797
 0.701546 0.197693 0.0666015 0.0242849 0.00987408
 0.617382 0.270145 0.0745015 0.025099 0.012873
pobs_pel_tallas
 0 0 0 0 0 0 0 0 0 0 0 0 0 0 0 0 0 0 0 0 0 0 0 0 0 0 0 0 0 0 0 0 0 0 0 0
 0 0 0 0 0 0 0 0 0 0 0 0 0 0 0 0 0 0 0 0 0 0 0 0 0 0 0 0 0 0 0 0 0 0 0 0
 0 0 0 0 0 0 0 0 0 0 0 0 0 0 0 0 0 0 0 0 0 0 0 0 0 0 0 0 0 0 0 0 0 0 0 0
 0 0 0 0 0 0 0 0 0 0 0 0 0 0 0 0 0 0 0 0 0 0 0 0 0 0 0 0 0 0 0 0 0 0 0 0
 0 0 0 0 0 0 0 0 0 0 0 0 0 0 0 0 0 0 0 0 0 0 0 0 0 0 0 0 0 0 0 0 0 0 0 0
 0 0 0 0 0 0 0 0 0 0 0 0 0 0 0 0 0 0 0 0 0 0 0 0 0 0 0 0 0 0 0 0 0 0 0 0
 0 0 0 0 0 0 0 0 0 0 0 0 0 0 0 0 0 0 0 0 0 0 0 0 0 0 0 0 0 0 0 0 0 0 0 0
 0 0 0 0 0 0 0 0 0 0 0 0 0 0 0 0 0 0 0 0 0 0 0 0 0 0 0 0 0 0 0 0 0 0 0 0
 0 0 0 0 0 0 0 0 0 0 0 0 0 0 0 0 0 0 0 0 0 0 0 0 0 0 0 0 0 0 0 0 0 0 0 0
 0 0 0 0 0 0 0 0 0 0 0 0 0 0 0 0 0 0 0 0 0 0 0 0 0 0 0 0 0 0 0 0 0 0 0 0
 0 0 0 0 0 0 0 0 1.78061e-05 0.00172719 0.00360574 0.0105946 0.0120993 0.0124554 0.0147524 0.0171206 0.0266825 0.0428682 0.0675386 0.121331 0.153587 0.119568 0.100827 0.0573624 0.0630603 0.0341343 0.0324427 0.0444173 0.0211091 0.0280891 0.0125444 0.00206551 0 0 0 0
 0 0 0 0 0 0 0 0 0 0 0 0 0 0 0 0 0 0 0 0 0 0 0 0 0 0 0 0 0 0 0 0 0 0 0 0
 0 0 0 0 0 0 0.0133647 0.0140871 0.0187388 0.0205184 0.03894 0.0496705 0.03968 0.0493445 0.0407372 0.0367815 0.0215668 0.0243155 0.0234873 0.0199281 0.019796 0.0243948 0.0301388 0.0376714 0.0412746 0.0863199 0.0771752 0.113111 0.0741005 0.0525337 0.0229764 0.00759418 0.00175318 0 0 0
 0 0 0 0 0 0 0 0 0 0 0.00219441 0.00772107 0.0458388 0.0604681 0.0671733 0.0775358 0.0609151 0.0617685 0.073594 0.0568108 0.0755445 0.0548602 0.0670107 0.0636378 0.0643287 0.046367 0.0373049 0.0286899 0.0247887 0.0153202 0.00654259 0.00121912 0.000365735 0 0 0
 0 0 0 0 0 0 0 0 0 0 0 0 0.000112435 0.00938835 0.0111873 0.0202946 0.0414886 0.0713402 0.111592 0.104902 0.108894 0.110636 0.117776 0.105296 0.107544 0.0401394 0.0192827 0.0124803 0.00416011 0.0028671 0.000618394 0 0 0 0 0
 0 0 0 0 0 0 0 0 0 0 0.00291406 0.0102884 0.027416 0.0768956 0.0749926 0.110853 0.0956884 0.0897413 0.0766577 0.0534642 0.0500743 0.0551293 0.0594112 0.0620874 0.0668451 0.0424026 0.0208742 0.0120726 0.0048766 0.00582813 0.00118941 0.000297354 0 0 0 0
 0 0.00264628 0.0354308 0.0461629 0.0458689 0.0383711 0.0214643 0.0164657 0.0346957 0.0420465 0.0363128 0.0245516 0.0311673 0.0291091 0.0169068 0.0133784 0.00837989 0.0085269 0.0148486 0.0160247 0.0276389 0.0546898 0.0760071 0.122758 0.109233 0.0665981 0.0333725 0.0166128 0.00676272 0.00308733 0.000882094 0 0 0 0 0
 0 0 0 0 0 0 0 0.000805153 0.000690131 0.00759144 0.0133425 0.0154129 0.00931677 0.000345066 0.00356568 0.00563607 0.00851162 0.0253048 0.0502646 0.0516448 0.0657925 0.0565908 0.0611916 0.0827007 0.0866115 0.110766 0.145733 0.0935128 0.0569358 0.0249597 0.0138026 0.00621118 0.00161031 0.00115022 0 0
 0 0 0 0 0 0 0 0 0 0 0 0 0 0 0 0 0 0 0 0 0 0 0 0 0 0 0 0 0 0 0 0 0 0 0 0
 0.00147267 0.00158595 0.00478618 0.00569244 0.00954404 0.0108468 0.00647125 0.017049 0.0510054 0.094081 0.124002 0.0959785 0.0687766 0.0820023 0.061753 0.0591476 0.0492212 0.0479892 0.0443925 0.0268479 0.0217502 0.0140895 0.0121071 0.0120363 0.00920419 0.00665534 0.0049561 0.00860946 0.00930331 0.0156896 0.0114698 0.00855282 0.00243557 0.00046729 0 2.83206e-05
 0 0 0 0 0.000772559 0.00158375 0.000888443 0.00281984 0.00712685 0.0440552 0.0773331 0.111326 0.0921469 0.0852325 0.0710754 0.0886704 0.0786465 0.0553345 0.0373146 0.0185414 0.00753245 0.00457741 0.012979 0.0271748 0.0457355 0.0583668 0.034881 0.0177882 0.00938659 0.00492506 0.0015258 0.00185414 0.000309023 5.79419e-05 3.86279e-05 0
 0 0.00173294 0.00326652 0 0.00397197 0.00683976 0.00946217 0.0152591 0.00757587 0.0136028 0.0228656 0.0392903 0.0559909 0.0764795 0.0681675 0.0726916 0.0566044 0.0477403 0.0527397 0.0444891 0.0609904 0.0582453 0.0661739 0.0445044 0.0529084 0.0360697 0.0280645 0.0235558 0.0158879 0.00826598 0.00280645 0.00217768 0.000904811 0.00058276 9.20147e-05 0
 0 0 0 0 0 0 0 0 0 0 0 0 0 0 0 0 0 0 0 0 0 0 0 0 0 0 0 0 0 0 0 0 0 0 0 0
 0 0 0 0 0 0 0 0 0 0 0 0 0 0 0 0 0 0 0 0 0 0 0 0 0 0 0 0 0 0 0 0 0 0 0 0
ppred_pel_tallas
 1.01159e-16 3.35755e-05 0.000197064 0.000936758 0.00360658 0.0112468 0.0284085 0.0581274 0.0963522 0.129397 0.140806 0.124193 0.0888844 0.0518386 0.0250931 0.0109433 0.00571965 0.00510318 0.00644676 0.00858583 0.0110399 0.0135143 0.0157357 0.0174483 0.0184581 0.0186733 0.0181212 0.0169325 0.0153027 0.0134426 0.0115362 0.00971545 0.00805575 0.00658648 0.00530824 0.00420884
 1.01447e-16 3.05202e-05 0.00017912 0.000851437 0.00327805 0.0102223 0.0258207 0.0528331 0.087579 0.117623 0.128014 0.112959 0.0809488 0.0474225 0.0233515 0.0108592 0.00664624 0.00681127 0.00894726 0.0119578 0.0153259 0.0186665 0.0215953 0.0237535 0.0248777 0.0248589 0.0237645 0.0218128 0.0193121 0.0165854 0.0139054 0.0114566 0.00932974 0.00753969 0.00605516 0.0048269
 1.02779e-16 2.32421e-05 0.000136382 0.000648235 0.00249563 0.00778231 0.0196577 0.040224 0.0666822 0.0895719 0.0975235 0.0861452 0.061933 0.0366845 0.0188141 0.0100124 0.00784302 0.00939356 0.0128476 0.0173219 0.0222974 0.0272843 0.0317499 0.0351823 0.0371948 0.0376093 0.0364892 0.034107 0.0308634 0.0271858 0.0234415 0.0198877 0.0166634 0.0138134 0.0113253 0.00916494
 1.03646e-16 2.72815e-05 0.000160108 0.000761059 0.00293008 0.00913713 0.0230797 0.0472247 0.0782824 0.105138 0.114427 0.100974 0.0723685 0.0424137 0.0209212 0.00979663 0.00610266 0.00636921 0.00846758 0.0114453 0.0148699 0.0184241 0.0217814 0.0246207 0.0266828 0.027819 0.0280137 0.0273686 0.0260608 0.0242908 0.0222381 0.0200376 0.0177788 0.0155191 0.0133014 0.0111673
 1.03101e-16 2.93989e-05 0.00017254 0.00082016 0.00315763 0.00984676 0.0248722 0.0508922 0.0843612 0.1133 0.123306 0.108795 0.0779467 0.0456268 0.0223998 0.0103064 0.00616601 0.0062229 0.00816877 0.0109681 0.0141539 0.0173941 0.0203584 0.0227327 0.0242774 0.0248766 0.0245581 0.0234722 0.0218431 0.0199076 0.0178653 0.0158506 0.0139321 0.0121295 0.0104385 0.00885183
 1.03777e-16 2.2835e-05 0.000133993 0.00063688 0.00245192 0.00764598 0.0193134 0.0395193 0.065514 0.0880025 0.0958144 0.0846347 0.060845 0.0360362 0.0184746 0.00982106 0.00768178 0.00919634 0.0125823 0.0169762 0.0218739 0.0268021 0.0312463 0.0347122 0.0368261 0.0374156 0.0365402 0.0344589 0.0315506 0.0282161 0.0247946 0.0215171 0.0185018 0.0157795 0.0133324 0.0111293
 1.04043e-16 2.70406e-05 0.000158694 0.000754336 0.0029042 0.00905642 0.0228759 0.0468076 0.0775909 0.104209 0.113417 0.100082 0.0717292 0.0420391 0.0207367 0.00971095 0.0060511 0.00631853 0.00840466 0.0113674 0.0147804 0.018332 0.0217013 0.0245722 0.0266886 0.0279026 0.0281959 0.0276643 0.0264772 0.0248255 0.0228792 0.020765 0.0185664 0.0163367 0.0141183 0.0119548
 1.04496e-16 2.36559e-05 0.000138816 0.000659815 0.00254024 0.00792141 0.020009 0.0409425 0.0678718 0.0911654 0.0992467 0.0876395 0.0629466 0.0371631 0.0188359 0.00966485 0.00715044 0.00831647 0.0113183 0.0152847 0.0197419 0.0242693 0.028415 0.0317435 0.0339212 0.0347871 0.034379 0.0329054 0.0306765 0.0280199 0.0252104 0.0224326 0.0197791 0.0172756 0.0149155 0.0126889
 1.0471e-16 2.49231e-05 0.000146259 0.000695213 0.00267654 0.00834649 0.0210827 0.0431389 0.071511 0.0960479 0.104547 0.0922842 0.0662049 0.0389308 0.0194445 0.00951054 0.00646998 0.00717157 0.00967607 0.0130984 0.0170041 0.0210422 0.0248408 0.0280345 0.0303324 0.0315744 0.0317553 0.0310045 0.029536 0.0275843 0.0253531 0.0229871 0.0205732 0.0181575 0.01577 0.0134427
 1.05012e-16 2.35203e-05 0.000138021 0.000656041 0.00252571 0.00787613 0.0198946 0.0407082 0.0674831 0.0906419 0.0986733 0.0871249 0.0625588 0.036898 0.0186354 0.00945564 0.00686915 0.00791567 0.0107659 0.0145663 0.0188671 0.023278 0.0273793 0.0307622 0.0331078 0.0342513 0.0342079 0.0331477 0.0313345 0.0290507 0.0265352 0.0239506 0.0213841 0.0188697 0.0164188 0.0140447
 1.06766e-16 1.80419e-05 0.000105853 0.0005031 0.00193683 0.0060397 0.0152561 0.0312178 0.0517544 0.0695268 0.0757175 0.0669274 0.0482128 0.0287522 0.015107 0.0086292 0.00747223 0.00941705 0.0130821 0.0177865 0.0231012 0.0285877 0.0337488 0.0380918 0.0412246 0.0429336 0.0432153 0.0422483 0.0403231 0.037756 0.0348175 0.0316963 0.0285006 0.025284 0.0220801 0.0189286
 1.08769e-16 1.7898e-05 0.000105015 0.000499128 0.00192156 0.0059921 0.0151357 0.0309711 0.0513436 0.0689697 0.0750966 0.0663452 0.0477208 0.0283138 0.0146135 0.00793817 0.00643614 0.00789814 0.0109679 0.0150151 0.0196929 0.0246718 0.029574 0.0340106 0.0376505 0.0402784 0.0418201 0.0423259 0.0419256 0.0407728 0.039003 0.0367166 0.0339866 0.0308806 0.0274831 0.0239062
 1.0742e-16 2.44134e-05 0.000143272 0.000681021 0.00262192 0.00817616 0.0206524 0.0422581 0.0700497 0.0940814 0.102397 0.0903632 0.0647766 0.0379902 0.0187889 0.00888518 0.00566032 0.00602146 0.00807839 0.0109952 0.0144018 0.0180305 0.0216023 0.0248378 0.0275037 0.0294543 0.0306475 0.03113 0.0310009 0.0303685 0.0293187 0.0279036 0.0261503 0.0240818 0.0217377 0.019186
 1.05383e-16 2.5268e-05 0.000148285 0.00070484 0.00271361 0.00846207 0.0213746 0.0437363 0.0725013 0.097378 0.105995 0.0935627 0.0671227 0.0394713 0.0197149 0.0096412 0.00655172 0.00724702 0.00975422 0.0131672 0.0170363 0.0209974 0.0246701 0.0276886 0.0297723 0.030784 0.0307508 0.0298393 0.0282968 0.0263801 0.024298 0.022182 0.0200888 0.0180248 0.0159772 0.0139412
 1.03384e-16 2.91823e-05 0.000171268 0.000814114 0.00313436 0.00977417 0.0246888 0.0505171 0.0837392 0.112464 0.122396 0.107993 0.0773709 0.0452883 0.0222311 0.0102251 0.00611359 0.00616947 0.00810322 0.0108895 0.0140682 0.0173132 0.0202997 0.0227176 0.0243284 0.025014 0.0247961 0.0238162 0.0222884 0.0204404 0.0184645 0.0164911 0.014588 0.012777 0.0110576 0.00942715
 1.02098e-16 3.16149e-05 0.000185551 0.000882018 0.00339581 0.0105895 0.0267483 0.0547307 0.0907229 0.121841 0.132593 0.116971 0.0837624 0.048947 0.0238721 0.0107164 0.00604159 0.00579368 0.00748226 0.00999734 0.012855 0.0157304 0.0183104 0.0203022 0.0214862 0.0217641 0.021176 0.0198808 0.0181085 0.0161012 0.0140629 0.0121314 0.0103755 0.00881017 0.00742024 0.0061818
 1.0235e-16 2.66859e-05 0.000156604 0.000744385 0.00286585 0.00893682 0.0225739 0.0461903 0.07657 0.102845 0.111951 0.0988327 0.0709309 0.0417657 0.0209613 0.0104132 0.0072762 0.00816951 0.0109965 0.0147722 0.0189777 0.023172 0.0268929 0.0297021 0.0312737 0.0314659 0.0303485 0.0281727 0.0252985 0.0221053 0.0189139 0.0159432 0.0133031 0.0110173 0.00905752 0.0073772
 1.03102e-16 2.67341e-05 0.000156891 0.000745756 0.00287115 0.00895335 0.0226156 0.0462753 0.0767097 0.103029 0.112142 0.0989782 0.0709859 0.041699 0.0207458 0.0100096 0.00662693 0.00720566 0.0096553 0.0130198 0.0168319 0.0207205 0.0242978 0.0271885 0.0290997 0.0298811 0.029549 0.0282658 0.026285 0.0238835 0.0213026 0.0187166 0.0162284 0.0138864 0.0117085 0.0097037
 1.0343e-16 2.69996e-05 0.000158451 0.000753172 0.0028997 0.00904239 0.0228405 0.0467354 0.0774722 0.104052 0.113254 0.0999553 0.0716769 0.0420851 0.0209008 0.0100222 0.00655308 0.00706401 0.00944193 0.0127225 0.0164393 0.0202269 0.0237068 0.0265145 0.0283686 0.0291282 0.0288164 0.0275978 0.0257236 0.0234635 0.0210479 0.0186373 0.0163196 0.0141292 0.0120726 0.0101513
 1.02674e-16 3.07869e-05 0.000180691 0.000858914 0.00330685 0.0103121 0.0260476 0.053297 0.0883464 0.118649 0.12912 0.113907 0.08157 0.0476684 0.0232542 0.0104502 0.00591098 0.00569278 0.00737605 0.00988705 0.0127627 0.0156944 0.018383 0.0205445 0.0219607 0.0225237 0.0222536 0.0212815 0.0198056 0.0180381 0.0161599 0.014296 0.0125138 0.0108377 0.00927007 0.00780879
 1.02413e-16 2.86713e-05 0.000168264 0.000799826 0.00307933 0.00960256 0.0242554 0.0496305 0.082271 0.110496 0.120265 0.106136 0.0760935 0.0446465 0.0221127 0.0104999 0.006723 0.00712921 0.00946377 0.0126935 0.0163174 0.0199472 0.0231871 0.0256635 0.0270975 0.0273663 0.0265255 0.0247838 0.0224413 0.0198137 0.0171668 0.0146806 0.0124442 0.010476 0.00875334 0.00724098
 1.02552e-16 2.87094e-05 0.000168489 0.000800898 0.00308346 0.00961546 0.024288 0.049697 0.0823807 0.110642 0.12042 0.106264 0.0761661 0.0446506 0.0220438 0.0103503 0.00647585 0.00676126 0.00895302 0.0120289 0.0155083 0.0190297 0.0222257 0.0247456 0.0263214 0.026824 0.0262854 0.0248774 0.0228573 0.0205015 0.0180472 0.0156609 0.0134344 0.0114008 0.00956014 0.00790179
 1.02306e-16 3.06115e-05 0.000179659 0.000854007 0.00328795 0.0102532 0.0258987 0.0529925 0.0878422 0.117973 0.128388 0.113269 0.0811305 0.0474466 0.0232111 0.0105406 0.00611435 0.00601401 0.00783231 0.0104933 0.0135207 0.0165852 0.019364 0.0215515 0.0229152 0.0233446 0.02287 0.0216436 0.0198914 0.0178547 0.0157394 0.0136883 0.0117777 0.0100328 0.00845042 0.00701878
 1.0261e-16 2.69444e-05 0.000158124 0.000751611 0.00289368 0.00902361 0.0227931 0.0466387 0.0773127 0.103841 0.113031 0.0997765 0.0715871 0.0421095 0.0210554 0.0103312 0.00705757 0.00781697 0.0104941 0.0141042 0.0181421 0.0221892 0.0258087 0.0285855 0.0302086 0.0305382 0.0296322 0.027718 0.0251251 0.0222015 0.019242 0.016448 0.0139225 0.0116904 0.00973216 0.008013
pSPR Fmed_Fpbrs
0.769288   0.329498 0.329498
Fs Fmed_Fpbrs
0.156037   1.005 1.005
SSBpbr Bo_Bmed_Bpbrs
1.67258e+06  1.20306e+06  467482 467482
Ro
71682.4
SPR SPRFo_SPRFmed_SPRFpbrs
1.47476e+06 1.13452e+06 485932
log_Ro
11
likeval ReclasPelacesDesembMPH_pf_preclas_ppelaces_ptallas_desvR_qrecl_qpela
 62.9266 23.8465 0.0413485 0.000219028 292.812 176.636 81.9333 0 17.0692 0.000121647 2.55625e-08 0 0 0 0
q_reclas_q_pelaces
0.209526 1.02301
M
0.7
N
 88690.1 22177.6 8253.78 973.528 0.472898
 110681 41570 8395.19 3124.42 368.702
 72503 52743.7 17009.3 3435.09 1429.29
 102442 34083 20243.6 6528.36 1867
 165840 50365.3 16148.7 9591.53 3977.77
 124962 82169.4 24748.9 7935.28 6667.78
 179689 60571.7 36422.3 10970.2 6472.95
 152698 87887.6 28009.9 16842.6 8066.14
 160280 73472.7 37631.7 11993.3 10665.4
 140970 76665.9 30596.1 15670.9 9435.73
 69711.2 67704.5 32543.3 12987.5 10657.3
 42287.7 32077.9 23504.1 11297.6 8208.45
 42127.2 19549.4 11381.7 8339.54 6921
 25045.5 18722.6 5763.92 3355.75 4499.39
 20798.6 10282.9 3803.93 1171.07 1595.95
 27654.4 8770.07 2368.14 876.04 637.241
 24256.1 12887.9 3231.68 872.635 557.629
 26992.9 11510.3 5169.89 1296.37 573.741
 31789.6 13005.1 4958.96 2227.33 805.696
 55062.2 15385.7 5723.52 2182.43 1334.83
 69724.3 26647.5 6769.09 2518.12 1547.46
 95498.3 34186.7 12465.5 3166.54 1901.85
 157760 46650.8 15716.3 5730.66 2330.04
 167916 76877.9 21201.6 7142.68 3663.39
pred_Ctot
 3592.28 3850.92 1433.19 169.043 0.082114
 3221.17 5321.46 1074.68 399.963 47.1982
 2790.74 8742.9 2819.5 569.407 236.922
 733.078 1127.45 669.647 215.955 61.7594
 266.83 379.346 121.631 72.2425 29.9602
 2149.83 6387.49 1923.87 616.855 518.325
 1947.16 3008.92 1809.29 544.947 321.546
 3416.31 8781.47 2798.66 1682.86 805.944
 4248.18 8616.04 4413.01 1406.43 1250.72
 3335.77 8078.3 3223.92 1651.25 994.244
 3694.15 14955.8 7188.74 2868.91 2354.18
 2108.62 6714.52 4919.85 2364.8 1718.19
 3202.32 5884.4 3425.89 2510.21 2083.23
 3154.38 8365.96 2575.53 1499.47 2010.49
 2278.02 4141.66 1532.12 471.675 642.804
 1228.11 1655.07 446.911 165.325 120.259
 776.755 1803.41 452.212 122.108 78.0294
 579.12 1105.15 496.383 124.47 55.0873
 580.966 1071.32 408.504 183.481 66.3709
 1008.87 1270.55 472.649 180.225 110.231
 633.877 1114.95 283.224 105.36 64.7469
 1119.41 1833.32 668.483 169.811 101.99
 2122.06 2859.6 963.378 351.277 142.827
 2146.42 4485.05 1236.9 416.704 213.722
F
 0.0577698 0.271424 0.271424 0.271424 0.271424
 0.0412092 0.193616 0.193616 0.193616 0.193616
 0.054829 0.257607 0.257607 0.257607 0.257607
 0.00999451 0.0469579 0.0469579 0.0469579 0.0469579
 0.00223948 0.0105219 0.0105219 0.0105219 0.0105219
 0.0241786 0.1136 0.1136 0.1136 0.1136
 0.0151692 0.0712703 0.0712703 0.0712703 0.0712703
 0.0315455 0.148212 0.148212 0.148212 0.148212
 0.0374683 0.17604 0.17604 0.17604 0.17604
 0.0333914 0.156885 0.156885 0.156885 0.156885
 0.0761925 0.357981 0.357981 0.357981 0.357981
 0.0715492 0.336165 0.336165 0.336165 0.336165
 0.11096 0.521329 0.521329 0.521329 0.521329
 0.190215 0.893699 0.893699 0.893699 0.893699
 0.163541 0.768378 0.768378 0.768378 0.768378
 0.0634988 0.298341 0.298341 0.298341 0.298341
 0.0454277 0.213436 0.213436 0.213436 0.213436
 0.030233 0.142046 0.142046 0.142046 0.142046
 0.0257017 0.120756 0.120756 0.120756 0.120756
 0.0257685 0.12107 0.12107 0.12107 0.12107
 0.0127125 0.059728 0.059728 0.059728 0.059728
 0.0164177 0.0771363 0.0771363 0.0771363 0.0771363
 0.0188602 0.0886124 0.0886124 0.0886124 0.0886124
 0.0179155 0.0841737 0.0841737 0.0841737 0.0841737
nmprior
 10 10 8 0
nm_flota  nm_reclas  nm_pelaces    nm_pelaL
inf 12.3919 19.8659 36.1186
cv_recla  cv_pelaces  cv_mph
0.734419 0.574615 0.480162
 ------------------------------------------------
Talla a la edad & desviación 
 7.2 14.2025 17.0495 18.207 18.6776
 1.08 2.13037 2.55742 2.73105 2.80164
