years
 1997 1998 1999 2000 2001 2002 2003 2004 2005 2006 2007 2008 2009 2010 2011 2012 2013 2014 2015 2016 2017 2018 2019 2020
reclasobs
 0 0 0 370054 412103 1.49427e+06 250295 1.28982e+06 931140 785840 897777 1.04006e+06 184774 17550 25797 100020 73551 82996 120727 218422 84188 347160 605670 569463
reclaspred
 479311 104434 195162 144888 277181 309722 679516 511350 690141 835230 697394 470022 294026 129812 83709.5 81125.2 96704.3 121192 116874 184906 289650 262056 422234 397186
pelacesobs
 0 0 0 0 0 0 0 0 0 2.06254e+06 1.5e+06 0 1.87456e+06 323000 250000 174000 83755 137374 0 501740 490994 745055 786931 1.00524e+06
pelacespred
 696116 162080 159507 196502 336274 302927 825138 690409 886628 1.06671e+06 809755 568456 356960 128024 81171.5 84931.1 106130 135773 134081 205726 362875 320234 408863 459982
mphobs
 0 0 0 0 0 112323 0 153150 637223 0 255016 313432 73983 77613 109348 50772 0 0 0 0 0 0 0 0
mphpred
 194461 89791.4 78358.5 58826.4 81774.4 158000 213273 257004 252579 322386 400173 291164 177351 94450.9 41662.9 33490.4 39246.2 51021.9 58001.9 62512.8 107514 134636 163477 205326
desembarqueobs
 350755 77701 442110 56441 14545 235359 269955 359681 431902 328805 639364 411747 362871 311530 167758 66681 60226 58785 57116 71774 51957 67425 138520 160799
desembarquepred
 350738 77678.9 441798 56434.4 14544.8 235358 269958 359515 431757 328701 639092 411689 362762 311497 167608 66666.6 60231.1 58771.5 57098.3 71751.8 51952 67406.7 138492 160777
Reclutas
 26527.9 41157.3 13248.5 35296.4 66518.8 37279.4 70629.4 86569.3 128746 174959 66207.5 36791 45379.9 22101.1 15762.9 17614.2 13209.2 13189.1 13708 32817.7 39637.1 46775.9 65427.3 39784.4
log_desv_Rt
 -0.334048 0.105156 -1.02836 -0.0484641 0.585239 0.00619518 0.645202 0.848701 1.24559 1.55231 0.580549 -0.00699266 0.202825 -0.516619 -0.854588 -0.743537 -1.03133 -1.03286 -0.994263 -0.121276 0.067521 0.233123 0.568695 0.071231
SSB
 648616 299495 261361 196213 272755 527003 711364 857224 842466 1.0753e+06 1.33476e+06 971164 591546 315037 138965 111706 130904 170181 193463 208508 358608 449074 545270 684857
BT
 1.49695e+06 431058 521283 411942 613895 726311 1.6647e+06 1.63648e+06 1.98061e+06 2.21993e+06 2.01257e+06 1.39109e+06 995730 527946 286572 207017 239057 290375 289686 426964 691510 636949 828015 959636
Ftot
 0.444212 0.576916 1.21788 0.348881 0.0489822 0.414171 0.294499 0.558403 0.545736 0.32744 0.507863 0.459686 0.759219 1.33817 1.41445 0.593955 0.438746 0.319081 0.295322 0.318976 0.129084 0.159261 0.198714 0.226282
BD_Bspro_t
 0.939429 0.682038 0.55082 0.316108 0.521712 0.727345 0.65572 0.665957 0.629094 0.639314 0.659395 0.509645 0.39342 0.289705 0.171479 0.173153 0.259553 0.393716 0.482473 0.559774 0.706639 0.795375 0.797331 0.781249
BD_Bspro
 0.85094 0.392917 0.342888 0.257418 0.357836 0.691392 0.933262 1.12462 1.10526 1.41073 1.75111 1.2741 0.776068 0.413307 0.182312 0.146551 0.171737 0.223267 0.25381 0.273549 0.47047 0.589155 0.715358 0.898486
BD_Bo
 0.687945 0.317655 0.277209 0.20811 0.289294 0.558958 0.754498 0.909202 0.89355 1.1405 1.41569 1.03005 0.627414 0.334139 0.147391 0.118479 0.138842 0.1805 0.205193 0.221152 0.380353 0.476304 0.578333 0.726383
BD_Brms
 2.32714 1.07454 0.937725 0.703982 0.978604 1.89081 2.55227 3.07559 3.02264 3.85803 4.78892 3.48439 2.12238 1.1303 0.498585 0.400784 0.469664 0.610585 0.694115 0.748097 1.28663 1.61121 1.95635 2.45716
S_f
 0.15984 1 1 1 1
 0.15984 1 1 1 1
 0.15984 1 1 1 1
 0.15984 1 1 1 1
 0.15984 1 1 1 1
 0.15984 1 1 1 1
 0.15984 1 1 1 1
 0.15984 1 1 1 1
 0.15984 1 1 1 1
 0.15984 1 1 1 1
 0.15984 1 1 1 1
 0.15984 1 1 1 1
 0.15984 1 1 1 1
 0.15984 1 1 1 1
 0.15984 1 1 1 1
 0.15984 1 1 1 1
 0.15984 1 1 1 1
 0.15984 1 1 1 1
 0.15984 1 1 1 1
 0.15984 1 1 1 1
 0.15984 1 1 1 1
 0.15984 1 1 1 1
 0.15984 1 1 1 1
 0.15984 1 1 1 1
Scru_reclas
 1 1 1 1 1
 1 1 1 1 1
 1 1 1 1 1
 1 1 1 1 1
 1 1 1 1 1
 1 1 1 1 1
 1 1 1 1 1
 1 1 1 1 1
 1 1 1 1 1
 1 1 1 1 1
 1 1 1 1 1
 1 1 1 1 1
 1 1 1 1 1
 1 1 1 1 1
 1 1 1 1 1
 1 1 1 1 1
 1 1 1 1 1
 1 1 1 1 1
 1 1 1 1 1
 1 1 1 1 1
 1 1 1 1 1
 1 1 1 1 1
 1 1 1 1 1
 1 1 1 1 1
Scru_pelaces
 1 1 1 1 1
 1 1 1 1 1
 1 1 1 1 1
 1 1 1 1 1
 1 1 1 1 1
 1 1 1 1 1
 1 1 1 1 1
 1 1 1 1 1
 1 1 1 1 1
 1 1 1 1 1
 1 1 1 1 1
 1 1 1 1 1
 1 1 1 1 1
 1 1 1 1 1
 1 1 1 1 1
 1 1 1 1 1
 1 1 1 1 1
 1 1 1 1 1
 1 1 1 1 1
 1 1 1 1 1
 1 1 1 1 1
 1 1 1 1 1
 1 1 1 1 1
 1 1 1 1 1
pf_obs 
 0.256992 0.487395 0.22802 0.0275931 0
 0.321318 0.546541 0.124235 0.00734118 0.000564706
 0.182869 0.594174 0.210203 0.0122559 0.00049798
 0.330522 0.361315 0.267642 0.0388342 0.00168674
 0.649043 0.306663 0.0425973 0.00169635 0
 0.582887 0.30429 0.105238 0.00758474 0
 0.465427 0.430635 0.0974691 0.00646863 0
 0.296916 0.608066 0.0921331 0.00288517 0
 0.311714 0.524322 0.152257 0.0117073 0
 0.15457 0.633149 0.183074 0.0267441 0.00246327
 0.131901 0.49318 0.331252 0.0422183 0.00144891
 0.196976 0.569456 0.194076 0.0375587 0.00193317
 0.518974 0.381816 0.0799577 0.0180837 0.00116848
 0.0928022 0.601141 0.25162 0.0475244 0.00691264
 0.122501 0.610282 0.24278 0.0234846 0.000952079
 0.383417 0.481906 0.127806 0.00687128 0
 0.0376549 0.599619 0.316969 0.0457579 0
 0.0361596 0.667082 0.258105 0.0386534 0
 0.158088 0.579412 0.248529 0.0139706 0
 0.0477256 0.309471 0.559284 0.082774 0.000745712
 0.0406174 0.521527 0.379366 0.0568643 0.0016247
 0.151134 0.462217 0.34131 0.0453401 0
 0.294876 0.26143 0.354403 0.0886775 0.000613685
 0.281977 0.475581 0.204845 0.0348837 0.00271318
pf_pred 
 0.173076 0.565616 0.231782 0.0295171 8.48934e-06
 0.288719 0.440321 0.185337 0.0759488 0.00967475
 0.115197 0.682398 0.125299 0.0527402 0.0243653
 0.416202 0.352614 0.178299 0.0327385 0.0201463
 0.354452 0.542717 0.0621101 0.0314059 0.00931524
 0.140877 0.668851 0.159963 0.0183066 0.0120023
 0.28726 0.396541 0.24617 0.0588741 0.0111552
 0.272176 0.541422 0.103707 0.0643805 0.0183146
 0.323492 0.510563 0.123445 0.0236452 0.0188546
 0.299428 0.557853 0.10771 0.0260423 0.00896589
 0.10418 0.67895 0.172691 0.033343 0.0108372
 0.0991966 0.434661 0.353293 0.08986 0.0229893
 0.204085 0.368389 0.206292 0.167675 0.0535589
 0.160022 0.588603 0.116349 0.0651536 0.0698726
 0.239113 0.536321 0.157362 0.0311056 0.036099
 0.308505 0.556295 0.0952979 0.0279613 0.0119415
 0.196541 0.633888 0.136417 0.0233694 0.00978514
 0.201911 0.522318 0.217569 0.0468225 0.0113796
 0.202505 0.517228 0.183423 0.0764043 0.020439
 0.369417 0.407821 0.144476 0.0512353 0.027051
 0.257924 0.60135 0.0910123 0.0322424 0.017471
 0.222929 0.542423 0.19015 0.0287785 0.0157196
 0.246615 0.49677 0.179126 0.0627938 0.0146948
 0.13184 0.601145 0.176066 0.0634859 0.0274635
pobs_RECLAS
 0 0 0 0 0
 0 0 0 0 0
 0 0 0 0 0
 0 0 0 0 0
 0.835266 0.146461 0.0176864 0.000547809 3.91292e-05
 0.385257 0.428462 0.181853 0.0044286 0
 0.867414 0.0963971 0.0333333 0.00285562 0
 0.441836 0.489002 0.0689373 0.000224442 0
 0.779404 0.147425 0.0564933 0.0165055 0.000172143
 0.814271 0.122319 0.05973 0.00367925 0
 0.40263 0.566651 0.0304383 0.000280538 0
 0.475488 0.404961 0.113038 0.00651328 0
 0.955842 0.0263864 0.0167828 0.000988607 0
 0.975058 0.0227948 0.00214734 0 0
 0.738997 0.206755 0.0527124 0.00153531 0
 0.850938 0.134255 0.0134407 0.00136685 0
 0.542534 0.407297 0.0501686 0 0
 0.764087 0.199537 0.0359546 0.000420521 0
 0.470689 0.182191 0.310203 0.0369168 0
 0.84361 0.089868 0.0606195 0.00523954 0.000663233
 0.607945 0.314616 0.071237 0.00620181 0
 0.523733 0.453247 0.0230204 0 0
 0.530135 0.295979 0.169645 0.0042399 0
 0.562478 0.366248 0.0663022 0.0049721 0
ppred_RECLAS
 0.57418 0.291261 0.119355 0.0151997 4.37154e-06
 0.725716 0.169797 0.0714697 0.0292874 0.00373078
 0.477653 0.402856 0.0739709 0.0311354 0.0143842
 0.820088 0.108667 0.0549474 0.0100892 0.00620862
 0.77496 0.189193 0.0216518 0.0109482 0.00324732
 0.513102 0.379064 0.090657 0.0103751 0.00680217
 0.719621 0.155992 0.0968389 0.02316 0.00438824
 0.708743 0.216664 0.0415008 0.0257635 0.00732907
 0.756571 0.183717 0.0444194 0.0085083 0.00678448
 0.731784 0.213576 0.0412371 0.00997037 0.00343261
 0.429652 0.432271 0.109948 0.0212287 0.00689981
 0.415328 0.282119 0.229307 0.0583242 0.0149213
 0.62992 0.171291 0.0959207 0.0779646 0.0249035
 0.5765 0.296762 0.0586606 0.0328491 0.0352283
 0.694312 0.215468 0.0632205 0.0124968 0.0145029
 0.744423 0.205607 0.0352221 0.0103345 0.00441356
 0.611684 0.306361 0.0659311 0.0112945 0.00472921
 0.617441 0.250369 0.10429 0.022444 0.00545475
 0.617904 0.247814 0.0878819 0.0366069 0.00979272
 0.78891 0.136519 0.0483639 0.0171512 0.00905542
 0.686484 0.254061 0.0384513 0.0136219 0.00738122
 0.644202 0.248359 0.087064 0.0131768 0.00719755
 0.674379 0.21471 0.0774202 0.0271402 0.00635124
 0.490455 0.352827 0.103337 0.0372615 0.016119
pobs_PELACES
 0 0 0 0 0
 0 0 0 0 0
 0 0 0 0 0
 0 0 0 0 0
 0 0 0 0 0
 0 0 0 0 0
 0 0 0 0 0
 0 0 0 0 0
 0 0 0 0 0
 0 0 0 0 0
 0.450072 0.473896 0.0757376 0.000293798 0
 0 0 0 0 0
 0.463077 0.371075 0.160297 0.00555027 0
 0.529543 0.364841 0.0842815 0.0213345 0
 0.631943 0.363953 0.00410389 0 0
 0.735681 0.248677 0.0153453 0.000297389 0
 0.695825 0.281241 0.0229344 0 0
 0.275771 0.60734 0.115278 0.00161068 0
 0 0 0 0 0
 0.896147 0.0623911 0.0374545 0.00400742 0
 0.803859 0.145111 0.0509908 3.86294e-05 0
 0.739449 0.233085 0.0266225 0.000797448 4.60066e-05
 0.878498 0.100942 0.0204185 0.000141795 0
 0.694673 0.275183 0.0284847 0.00165964 0
ppred_PELACES
 0.603982 0.270876 0.111002 0.0141359 4.06559e-06
 0.756382 0.150812 0.0634791 0.0260129 0.00331366
 0.561737 0.338007 0.0620635 0.0261234 0.0120687
 0.83392 0.100312 0.0507227 0.00931351 0.00573126
 0.777319 0.187209 0.0214248 0.0108334 0.00321327
 0.541715 0.356787 0.0853294 0.00976534 0.00640243
 0.735796 0.146993 0.0912522 0.0218239 0.00413508
 0.739641 0.193679 0.0370981 0.0230303 0.00655155
 0.783347 0.163509 0.0395335 0.00757243 0.00603822
 0.749224 0.199689 0.0385558 0.00932208 0.00320942
 0.464444 0.405902 0.103241 0.0199337 0.00647891
 0.446572 0.267043 0.217054 0.0552075 0.014124
 0.677514 0.149263 0.0835849 0.067938 0.0217008
 0.663612 0.235719 0.0465944 0.0260922 0.027982
 0.770744 0.161594 0.0474133 0.00937215 0.0108767
 0.774477 0.181429 0.0310803 0.00911928 0.00389457
 0.640155 0.283899 0.061097 0.0104664 0.00438246
 0.63811 0.236843 0.098656 0.0212315 0.00516005
 0.63704 0.235403 0.0834806 0.0347735 0.00930228
 0.803262 0.127238 0.0450758 0.0159851 0.00843976
 0.694135 0.247862 0.037513 0.0132895 0.0072011
 0.654257 0.24134 0.0846035 0.0128045 0.00699414
 0.686359 0.20681 0.0745718 0.0261417 0.00611757
 0.506138 0.341968 0.100157 0.0361146 0.0156229
pobs_pel_tallas
 0 0 0 0 0 0 0 0 0 0 0 0 0 0 0 0 0 0 0 0 0 0 0 0 0 0 0 0 0 0 0 0 0 0 0 0
 0 0 0 0 0 0 0 0 0 0 0 0 0 0 0 0 0 0 0 0 0 0 0 0 0 0 0 0 0 0 0 0 0 0 0 0
 0 0 0 0 0 0 0 0 0 0 0 0 0 0 0 0 0 0 0 0 0 0 0 0 0 0 0 0 0 0 0 0 0 0 0 0
 0 0 0 0 0 0 0 0 0 0 0 0 0 0 0 0 0 0 0 0 0 0 0 0 0 0 0 0 0 0 0 0 0 0 0 0
 0 0 0 0 0 0 0 0 0 0 0 0 0 0 0 0 0 0 0 0 0 0 0 0 0 0 0 0 0 0 0 0 0 0 0 0
 0 0 0 0 0 0 0 0 0 0 0 0 0 0 0 0 0 0 0 0 0 0 0 0 0 0 0 0 0 0 0 0 0 0 0 0
 0 0 0 0 0 0 0 0 0 0 0 0 0 0 0 0 0 0 0 0 0 0 0 0 0 0 0 0 0 0 0 0 0 0 0 0
 0 0 0 0 0 0 0 0 0 0 0 0 0 0 0 0 0 0 0 0 0 0 0 0 0 0 0 0 0 0 0 0 0 0 0 0
 0 0 0 0 0 0 0 0 0 0 0 0 0 0 0 0 0 0 0 0 0 0 0 0 0 0 0 0 0 0 0 0 0 0 0 0
 0 0 0 0 0 0 0 0 0 0 0 0 0 0 0 0 0 0 0 0 0 0 0 0 0 0 0 0 0 0 0 0 0 0 0 0
 0 0 0 0 0 0 0 0 1.78061e-05 0.00172719 0.00360574 0.0105946 0.0120993 0.0124554 0.0147524 0.0171206 0.0266825 0.0428682 0.0675386 0.121331 0.153587 0.119568 0.100827 0.0573624 0.0630603 0.0341343 0.0324427 0.0444173 0.0211091 0.0280891 0.0125444 0.00206551 0 0 0 0
 0 0 0 0 0 0 0 0 0 0 0 0 0 0 0 0 0 0 0 0 0 0 0 0 0 0 0 0 0 0 0 0 0 0 0 0
 0 0 0 0 0 0 0.0133647 0.0140871 0.0187388 0.0205184 0.03894 0.0496705 0.03968 0.0493445 0.0407372 0.0367815 0.0215668 0.0243155 0.0234873 0.0199281 0.019796 0.0243948 0.0301388 0.0376714 0.0412746 0.0863199 0.0771752 0.113111 0.0741005 0.0525337 0.0229764 0.00759418 0.00175318 0 0 0
 0 0 0 0 0 0 0 0 0 0 0.00219441 0.00772107 0.0458388 0.0604681 0.0671733 0.0775358 0.0609151 0.0617685 0.073594 0.0568108 0.0755445 0.0548602 0.0670107 0.0636378 0.0643287 0.046367 0.0373049 0.0286899 0.0247887 0.0153202 0.00654259 0.00121912 0.000365735 0 0 0
 0 0 0 0 0 0 0 0 0 0 0 0 0.000112435 0.00938835 0.0111873 0.0202946 0.0414886 0.0713402 0.111592 0.104902 0.108894 0.110636 0.117776 0.105296 0.107544 0.0401394 0.0192827 0.0124803 0.00416011 0.0028671 0.000618394 0 0 0 0 0
 0 0 0 0 0 0 0 0 0 0 0.00291406 0.0102884 0.027416 0.0768956 0.0749926 0.110853 0.0956884 0.0897413 0.0766577 0.0534642 0.0500743 0.0551293 0.0594112 0.0620874 0.0668451 0.0424026 0.0208742 0.0120726 0.0048766 0.00582813 0.00118941 0.000297354 0 0 0 0
 0 0.00264628 0.0354308 0.0461629 0.0458689 0.0383711 0.0214643 0.0164657 0.0346957 0.0420465 0.0363128 0.0245516 0.0311673 0.0291091 0.0169068 0.0133784 0.00837989 0.0085269 0.0148486 0.0160247 0.0276389 0.0546898 0.0760071 0.122758 0.109233 0.0665981 0.0333725 0.0166128 0.00676272 0.00308733 0.000882094 0 0 0 0 0
 0 0 0 0 0 0 0 0.000805153 0.000690131 0.00759144 0.0133425 0.0154129 0.00931677 0.000345066 0.00356568 0.00563607 0.00851162 0.0253048 0.0502646 0.0516448 0.0657925 0.0565908 0.0611916 0.0827007 0.0866115 0.110766 0.145733 0.0935128 0.0569358 0.0249597 0.0138026 0.00621118 0.00161031 0.00115022 0 0
 0 0 0 0 0 0 0 0 0 0 0 0 0 0 0 0 0 0 0 0 0 0 0 0 0 0 0 0 0 0 0 0 0 0 0 0
 0.00147267 0.00158595 0.00478618 0.00569244 0.00954404 0.0108468 0.00647125 0.017049 0.0510054 0.094081 0.124002 0.0959785 0.0687766 0.0820023 0.061753 0.0591476 0.0492212 0.0479892 0.0443925 0.0268479 0.0217502 0.0140895 0.0121071 0.0120363 0.00920419 0.00665534 0.0049561 0.00860946 0.00930331 0.0156896 0.0114698 0.00855282 0.00243557 0.00046729 0 2.83206e-05
 0 0 0 0 0.000772559 0.00158375 0.000888443 0.00281984 0.00712685 0.0440552 0.0773331 0.111326 0.0921469 0.0852325 0.0710754 0.0886704 0.0786465 0.0553345 0.0373146 0.0185414 0.00753245 0.00457741 0.012979 0.0271748 0.0457355 0.0583668 0.034881 0.0177882 0.00938659 0.00492506 0.0015258 0.00185414 0.000309023 5.79419e-05 3.86279e-05 0
 0 0.00173294 0.00326652 0 0.00397197 0.00683976 0.00946217 0.0152591 0.00757587 0.0136028 0.0228656 0.0392903 0.0559909 0.0764795 0.0681675 0.0726916 0.0566044 0.0477403 0.0527397 0.0444891 0.0609904 0.0582453 0.0661739 0.0445044 0.0529084 0.0360697 0.0280645 0.0235558 0.0158879 0.00826598 0.00280645 0.00217768 0.000904811 0.00058276 9.20147e-05 0
 0 0 0 0 0 0 0 0 0 0 0 0 0 0 0 0 0 0 0 0 0 0 0 0 0 0 0 0 0 0 0 0 0 0 0 0
 0 0 0 0 0 0 0 0 0 0 0 0 0 0 0 0 0 0 0 0 0 0 0 0 0 0 0 0 0 0 0 0 0 0 0 0
ppred_pel_tallas
 1.0215e-16 2.63603e-05 0.000154694 0.000735304 0.00283089 0.00882781 0.0222985 0.0456268 0.0756356 0.101589 0.110582 0.0976207 0.0700527 0.041232 0.0206638 0.0102188 0.00708661 0.00793026 0.0106856 0.0143913 0.0185507 0.0227463 0.0265366 0.0294967 0.0312998 0.0317868 0.0309938 0.0291282 0.026505 0.0234664 0.0203126 0.0172614 0.0144408 0.0119059 0.00966669 0.00771305
 1.01999e-16 3.30007e-05 0.00019369 0.000920721 0.00354484 0.0110543 0.0279221 0.0571322 0.0947024 0.127181 0.138393 0.122061 0.0873492 0.0509257 0.0246188 0.0106825 0.00550854 0.00485279 0.00611787 0.00816844 0.0105466 0.0129807 0.0152213 0.0170327 0.0182322 0.0187267 0.0185274 0.0177365 0.0165129 0.0150288 0.0134338 0.0118345 0.0102929 0.00883701 0.00747677 0.00621737
 1.02453e-16 2.45208e-05 0.000143889 0.000683922 0.00263304 0.00821079 0.02074 0.0424385 0.0703529 0.0945012 0.102886 0.0908731 0.0653115 0.0386441 0.0197411 0.0103769 0.00796963 0.00943467 0.0128453 0.0172633 0.022141 0.02697 0.0312049 0.0343307 0.0359696 0.0359671 0.0344233 0.0316551 0.0281077 0.0242454 0.0204569 0.017002 0.0140038 0.0114761 0.00936766 0.00760378
 1.01341e-16 3.63796e-05 0.000213532 0.00101506 0.0039081 0.0121871 0.0307835 0.0629864 0.104404 0.140204 0.152547 0.134506 0.0961697 0.0558955 0.026698 0.0110305 0.00488297 0.00355212 0.00416825 0.00550121 0.00710059 0.00875155 0.0102811 0.0115301 0.0123741 0.0127471 0.0126521 0.0121525 0.0113504 0.0103584 0.0092759 0.00817619 0.00710448 0.00608453 0.00512819 0.00424341
 1.00888e-16 3.3915e-05 0.000199055 0.00094622 0.003643 0.0113604 0.0286954 0.0587147 0.0973262 0.130707 0.142236 0.125465 0.0898164 0.0524268 0.0254601 0.0112412 0.00606769 0.00557669 0.00708605 0.00940079 0.0120064 0.0145688 0.0167753 0.0183402 0.0190591 0.018855 0.0177957 0.0160719 0.0139461 0.0116897 0.00952895 0.00761324 0.00601019 0.00472103 0.00370621 0.00291038
 1.01963e-16 2.36486e-05 0.000138766 0.000659565 0.00253925 0.00791831 0.0200013 0.0409271 0.0678483 0.0911398 0.0992346 0.087666 0.0630466 0.0373846 0.0192466 0.0103586 0.00824538 0.00994349 0.0135969 0.0182894 0.0234649 0.02859 0.0330859 0.036403 0.038135 0.0381102 0.0364267 0.0334141 0.0295422 0.0253063 0.021128 0.0172972 0.0139623 0.0111554 0.00883627 0.00693417
 1.02287e-16 3.2103e-05 0.00018842 0.000895667 0.00344837 0.0107534 0.0271623 0.0555775 0.0921254 0.12372 0.134628 0.118742 0.0849793 0.0495538 0.0239747 0.0104377 0.00543692 0.00484891 0.00615324 0.00825201 0.0107056 0.0132536 0.015653 0.0176695 0.019114 0.0198784 0.0199515 0.0194083 0.0183804 0.0170176 0.0154559 0.0137999 0.0121207 0.0104644 0.00886474 0.00735144
 1.01688e-16 3.22724e-05 0.000189411 0.000900368 0.00346646 0.0108098 0.0273048 0.0558694 0.0926103 0.124375 0.13535 0.119401 0.0854988 0.0499531 0.0243465 0.0109004 0.00610217 0.00580982 0.00747717 0.00996728 0.012783 0.0155913 0.018073 0.0199324 0.0209522 0.0210416 0.0202537 0.0187641 0.0168213 0.0146838 0.0125677 0.0106169 0.00889897 0.00742205 0.00615954 0.00507381
 1.01157e-16 3.41769e-05 0.000200595 0.000953545 0.00367121 0.0114483 0.0289176 0.0591691 0.0980788 0.131715 0.143328 0.126415 0.0904687 0.052751 0.0255125 0.0110869 0.00573527 0.00505705 0.0063536 0.00843618 0.010814 0.013188 0.0152839 0.0168491 0.0176973 0.0177487 0.0170461 0.0157372 0.0140326 0.0121544 0.0102906 0.00856965 0.00705641 0.00576422 0.00467525 0.00375955
 1.01083e-16 3.26905e-05 0.000191865 0.000912033 0.00351137 0.0109499 0.0276585 0.0565933 0.0938104 0.125987 0.137105 0.120951 0.0866114 0.0506092 0.0246773 0.0110666 0.00621909 0.00593815 0.00764213 0.0101748 0.0130257 0.015849 0.0183125 0.0201091 0.0210147 0.0209382 0.0199403 0.0182117 0.0160207 0.013648 0.0113304 0.00922852 0.00742066 0.00591863 0.00469297 0.00369761
 1.02586e-16 2.02813e-05 0.000118992 0.000565547 0.00217724 0.00678938 0.0171498 0.0350931 0.0581799 0.0781618 0.0851285 0.0752632 0.054255 0.0324288 0.0171693 0.0100031 0.00885559 0.0112208 0.0155146 0.0209163 0.0268638 0.0327687 0.0379773 0.0418646 0.0439657 0.0440802 0.0423116 0.0390248 0.0347428 0.0300185 0.0253226 0.0209797 0.0171572 0.0138948 0.0111536 0.00886268
 1.05726e-16 1.94965e-05 0.000114397 0.00054373 0.00209328 0.0065276 0.0164884 0.0337389 0.0559316 0.0751317 0.0818033 0.072264 0.0519641 0.0308032 0.0158454 0.00852018 0.00680179 0.00827374 0.0114481 0.015628 0.0204258 0.0254745 0.0303558 0.0346411 0.037968 0.0401057 0.0409857 0.0406871 0.0393896 0.0373125 0.034665 0.0316196 0.0283117 0.0248534 0.0213508 0.0179127
 1.04584e-16 2.95615e-05 0.0001735 0.000824734 0.00317526 0.00990176 0.025011 0.0511759 0.0848298 0.113924 0.123973 0.109354 0.0782828 0.0456939 0.0221924 0.0098097 0.00532874 0.00496413 0.00640467 0.00864531 0.0112819 0.0140696 0.016775 0.0191696 0.0210656 0.0223492 0.022995 0.0230541 0.0226239 0.0218133 0.0207138 0.0193882 0.0178751 0.0162024 0.0144033 0.0125252
 1.02943e-16 2.89588e-05 0.000169953 0.000807857 0.00311026 0.00969901 0.024499 0.0501289 0.0830967 0.111604 0.121468 0.107191 0.0768357 0.0450531 0.0222602 0.0104796 0.00658962 0.00689665 0.00912209 0.0122261 0.0157126 0.0192048 0.0223231 0.024711 0.026105 0.0263928 0.025634 0.0240342 0.0218834 0.0194824 0.0170791 0.0148342 0.0128191 0.0110367 0.0094532 0.00802722
 1.01557e-16 3.36273e-05 0.000197368 0.000938205 0.00361215 0.0112642 0.0284524 0.0582172 0.096501 0.129597 0.141023 0.124383 0.0890174 0.0519103 0.0251166 0.0109341 0.00568582 0.00504472 0.00635841 0.00846023 0.01087 0.0132951 0.0154665 0.017134 0.0181107 0.0183122 0.0177721 0.0166259 0.0150704 0.0133139 0.0115337 0.00985137 0.00832979 0.00698533 0.00580715 0.00477501
 1.00996e-16 3.37909e-05 0.000198327 0.000942758 0.00362967 0.0113188 0.0285904 0.0584998 0.0969699 0.130228 0.141714 0.125002 0.0894804 0.052221 0.0253425 0.0111598 0.00598335 0.0054665 0.00693898 0.00921464 0.0117877 0.0143336 0.0165491 0.0181558 0.0189516 0.0188558 0.0179264 0.0163393 0.0143407 0.012187 0.0100938 0.00820575 0.00659197 0.00526012 0.00418017 0.0033072
 1.01525e-16 2.7938e-05 0.000163956 0.000779334 0.00300042 0.00935646 0.0236338 0.048359 0.0801646 0.107671 0.117201 0.103457 0.0742282 0.0436633 0.0218318 0.0107092 0.00730715 0.00807728 0.0108189 0.0145009 0.0185868 0.0226296 0.0261651 0.0287565 0.0300829 0.0300114 0.0286246 0.0261896 0.0230845 0.0197064 0.0163921 0.0133712 0.0107589 0.00857612 0.0067859 0.00532696
 1.02449e-16 2.7847e-05 0.000163426 0.000776822 0.00299076 0.00932636 0.0235577 0.048203 0.0799048 0.107319 0.116807 0.103087 0.0739129 0.0433782 0.0215062 0.0102504 0.00661935 0.00707155 0.00942444 0.0126822 0.0163651 0.0200997 0.0235009 0.0261982 0.0279057 0.0284811 0.0279505 0.0264864 0.0243534 0.0218386 0.0191928 0.0165964 0.014155 0.0119144 0.00988587 0.00806716
 1.02892e-16 2.78003e-05 0.000163151 0.000775519 0.00298574 0.00931072 0.0235182 0.0481222 0.0797707 0.107138 0.11661 0.102913 0.0737855 0.043299 0.0214583 0.010213 0.00657533 0.00700871 0.00933357 0.0125559 0.0161981 0.0198904 0.0232528 0.0259217 0.0276184 0.0282078 0.0277211 0.0263333 0.0243074 0.0219249 0.0194266 0.0169804 0.0146776 0.0125511 0.0106018 0.00882194
 1.01626e-16 3.50438e-05 0.000205688 0.000977764 0.00376448 0.0117392 0.0296522 0.0606719 0.100569 0.135056 0.146954 0.129591 0.0926933 0.0539512 0.0259123 0.0109531 0.00522413 0.00420386 0.0051283 0.0067997 0.00875641 0.0107507 0.0125685 0.0140122 0.0149315 0.0152535 0.0149955 0.0142523 0.013166 0.0118887 0.0105498 0.00923951 0.00800614 0.00686646 0.00582005 0.00486196
 1.01407e-16 3.02903e-05 0.000177769 0.000845011 0.0032533 0.0101451 0.0256258 0.0524344 0.0869185 0.116737 0.127054 0.112119 0.0803654 0.0471169 0.0232681 0.0109322 0.00684005 0.00712251 0.00938844 0.0125404 0.0160482 0.0195064 0.0225082 0.0246754 0.0257338 0.0255762 0.024285 0.0221035 0.0193706 0.016438 0.0136001 0.0110526 0.00888683 0.00710919 0.00567444 0.0045176
 1.02047e-16 2.85513e-05 0.00016756 0.000796476 0.00306643 0.00956234 0.0241538 0.0494227 0.0819264 0.110034 0.119761 0.105692 0.0757754 0.044461 0.0220231 0.0104623 0.00670736 0.00712297 0.0094664 0.0127118 0.0163635 0.0200364 0.0233362 0.0258873 0.0274045 0.0277541 0.0269783 0.0252712 0.0229216 0.0202389 0.0174905 0.0148655 0.0124687 0.0103371 0.00846712 0.00683828
 1.02311e-16 2.99496e-05 0.000175773 0.000835528 0.0032168 0.0100313 0.0253382 0.0518458 0.0859418 0.115422 0.125615 0.110831 0.0794021 0.0464719 0.0228018 0.0104693 0.00623238 0.00626309 0.00820803 0.0110107 0.0141942 0.0174192 0.0203483 0.0226606 0.0241106 0.0245799 0.0240971 0.0228181 0.0209774 0.0188264 0.0165815 0.0143944 0.012349 0.0104765 0.00877812 0.0072455
 1.03505e-16 2.20966e-05 0.000129656 0.000616258 0.00237251 0.00739835 0.0186879 0.0382397 0.0633936 0.0851571 0.0927236 0.0819217 0.058932 0.0349785 0.018071 0.00982992 0.00795243 0.00968 0.0132885 0.0179299 0.0230889 0.0282662 0.032915 0.0365102 0.0386555 0.03917 0.0381207 0.0357881 0.0325816 0.0289345 0.0252149 0.0216752 0.0184461 0.0155628 0.0130062 0.0107394
pSPR Fmed_Fpbrs
0.575715   0.345619 0.345619
Fs Fmed_Fpbrs
0.390459   1.005 1.005
SSBpbr Bo_Bmed_Bpbrs
942831  495660  278718 278718
Ro
37049.1
SPR SPRFo_SPRFmed_SPRFpbrs
762234 438829 263442
log_Ro
10.34
likeval ReclasPelacesDesembMPH_pf_preclas_ppelaces_ptallas_desvR_qrecl_qpela
 77.3157 49.4281 0.0128049 0.000167818 287.536 165.129 80.4103 0 16.7669 3.07294e-05 0 0 0 0 0
q_reclas_q_pelaces
0.45588 1
M
0.7
N
 26527.9 16217.3 6645.65 846.313 0.243406
 41157.3 12270.5 5164.81 2116.47 269.607
 13248.5 18637.7 3422.18 1440.44 665.468
 35296.4 5415.24 2738.21 502.779 309.396
 66518.8 16577 1897.12 959.275 284.529
 37279.4 32774.6 7838.39 897.048 588.13
 70629.4 17326.5 10756.2 2572.46 487.416
 86569.3 33460.8 6409.24 3978.82 1131.87
 128746 39318.3 9506.45 1820.91 1451.99
 174959 58592.6 11313 2735.28 941.707
 66207.5 82451.8 20971.6 4049.18 1316.07
 36791 30314.2 24639.5 6267.04 1603.33
 45379.9 16975.6 9506.08 7726.57 2468.03
 22101.1 19959.7 3945.43 2209.38 2369.4
 15762.9 8861.65 2600.1 513.959 596.465
 17614.2 6243.69 1069.6 313.83 134.027
 13209.2 7954.76 1711.92 293.266 122.795
 13189.1 6115.23 2547.27 548.192 133.231
 13708 6223.84 2207.15 919.379 245.943
 32817.7 6493.34 2300.36 815.771 430.708
 39637.1 15486.7 2343.87 830.348 449.935
 46775.9 19281.2 6759.17 1022.98 558.778
 65427.3 22644.4 8165.13 2862.34 669.834
 39784.4 31474.5 9218.36 3323.97 1437.92
pred_Ctot
 1312.99 4290.86 1758.34 223.922 0.0644016
 2621.29 3997.69 1682.68 689.542 87.8374
 1704.4 10096.4 1853.86 780.316 360.497
 1381.23 1170.21 591.713 108.648 66.8588
 373.243 571.49 65.403 33.0709 9.8091
 1723.95 8184.91 1957.51 224.023 146.875
 2341.97 3232.92 2006.98 479.989 90.9459
 5343.5 10629.5 2036.02 1263.95 359.562
 7773.41 12268.7 2966.34 568.186 453.069
 6435.45 11989.6 2314.95 559.713 192.699
 3729.88 24308 6182.72 1193.76 387.998
 1882.35 8248.11 6704.08 1705.18 436.244
 3755.78 6779.48 3796.41 3085.73 985.648
 3098.62 11397.5 2252.94 1261.62 1352.99
 2323.92 5212.46 1529.39 302.313 350.843
 1153.61 2080.19 356.353 104.557 44.6534
 645.984 2083.44 448.372 76.8098 32.1615
 473.021 1223.65 509.705 109.692 26.6594
 455.783 1164.14 412.836 171.965 46.0025
 1176.61 1298.93 460.166 163.188 86.1592
 582.816 1358.83 205.655 72.8562 39.4781
 846.771 2060.33 722.263 109.312 59.7092
 1473.73 2968.61 1070.43 375.245 87.8134
 1018.48 4643.93 1360.13 490.437 212.159
F
 0.0710026 0.444212 0.444212 0.444212 0.444212
 0.092214 0.576916 0.576916 0.576916 0.576916
 0.194666 1.21788 1.21788 1.21788 1.21788
 0.055765 0.348881 0.348881 0.348881 0.348881
 0.00782929 0.0489822 0.0489822 0.0489822 0.0489822
 0.0662009 0.414171 0.414171 0.414171 0.414171
 0.0470726 0.294499 0.294499 0.294499 0.294499
 0.0892549 0.558403 0.558403 0.558403 0.558403
 0.0872302 0.545736 0.545736 0.545736 0.545736
 0.0523379 0.32744 0.32744 0.32744 0.32744
 0.0811766 0.507863 0.507863 0.507863 0.507863
 0.0734759 0.459686 0.459686 0.459686 0.459686
 0.121353 0.759219 0.759219 0.759219 0.759219
 0.213892 1.33817 1.33817 1.33817 1.33817
 0.226086 1.41445 1.41445 1.41445 1.41445
 0.0949375 0.593955 0.593955 0.593955 0.593955
 0.070129 0.438746 0.438746 0.438746 0.438746
 0.0510018 0.319081 0.319081 0.319081 0.319081
 0.0472042 0.295322 0.295322 0.295322 0.295322
 0.0509849 0.318976 0.318976 0.318976 0.318976
 0.0206327 0.129084 0.129084 0.129084 0.129084
 0.0254561 0.159261 0.159261 0.159261 0.159261
 0.0317623 0.198714 0.198714 0.198714 0.198714
 0.0361688 0.226282 0.226282 0.226282 0.226282
nmprior
 10 10 8 0
nm_flota  nm_reclas  nm_pelaces    nm_pelaL
inf 22.0049 18.29 32.7082
cv_recla  cv_pelaces  cv_mph
0.814068 0.827278 0.420298
 ------------------------------------------------
Talla a la edad & desviación 
 7.2 14.2025 17.0495 18.207 18.6776
 1.08 2.13037 2.55742 2.73105 2.80164
