years
 1997 1998 1999 2000 2001 2002 2003 2004 2005 2006 2007 2008 2009 2010 2011 2012 2013 2014 2015 2016 2017 2018 2019 2020
reclasobs
 0 0 0 370054 412103 1.49427e+06 250295 1.28982e+06 931140 785840 897777 1.04006e+06 184774 17550 25797 100020 73551 82996 120727 218422 84188 347160 605670 569463
reclaspred
 5.32368e+06 841228 1.01386e+06 201348 230636 333696 642582 595704 636741 892189 1.00968e+06 677458 362240 140170 76469.2 79761 90737.2 110056 118437 133309 212677 234904 392477 309236
pelacesobs
 0 0 0 0 0 0 0 0 0 2.06254e+06 1.5e+06 0 1.87456e+06 323000 250000 174000 83755 137374 0 501740 490994 745055 786931 1.00524e+06
pelacespred
 6.23048e+06 2.29174e+06 540724 274343 675587 421408 2.12803e+06 1.56752e+06 1.64094e+06 2.54992e+06 1.79735e+06 1.28936e+06 895144 291282 175124 157640 176333 219209 207554 246087 506093 426521 536672 398556
mphobs
 0 0 0 0 0 112323 0 153150 637223 0 255016 313432 73983 77613 109348 50772 0 0 0 0 0 0 0 0
mphpred
 1.2563e+06 532122 214819 76631.8 47941.1 153108 162942 296143 268472 307830 469293 281709 178700 101856 46114.2 35279.4 35393.4 39912.5 45493.2 46698.5 66317.3 89010.9 110819 124399
desembarqueobs
 350755 77701 442110 56441 14545 235359 269955 359681 431902 328805 639364 411747 362871 311530 167758 66681 60226 58785 57116 71774 51957 67425 138520 160799
desembarquepred
 350744 77680.8 441552 56411.1 14542.7 235155 269847 359056 431344 328476 638001 410933 362039 310846 167160 66578.9 60166.8 58679.4 57016.1 71678.5 51933.1 67344.9 138382 160648
Reclutas
 6836.16 9574.8 1335.22 4195.68 42534.4 12131.1 64092.4 58568 66505.3 133271 51223.6 49894.1 55089.2 28790.9 13272.1 10694.6 7159.66 7880.87 8252.4 10667.1 16284 21129.4 27754.9 8147.85
log_desv_Rt
 -0.970019 -0.63311 -2.60315 -1.45819 0.858068 -0.396473 1.26808 1.17794 1.30504 2.00014 1.04396 1.01766 1.11671 0.467814 -0.306583 -0.522506 -0.923783 -0.827806 -0.78174 -0.525082 -0.102065 0.158422 0.431168 -0.794491
SSB
 1.74369e+06 738564 298159 106362 66540.2 212508 226156 411035 372629 427256 651359 391001 248028 141371 64004.6 48966.4 49124.7 55396.9 63142.7 64815.6 92045.7 123543 153812 172661
BT
 2.18175e+06 877036 418731 157049 272413 318936 1.04728e+06 955335 1.01109e+06 1.27078e+06 1.17974e+06 838165 683823 389639 199962 112129 111720 127504 120147 145542 227491 207350 277730 260944
Ftot
 0.17044 0.272614 1.2111 0.852741 0.268662 1.5856 1.50657 1.70182 1.92834 1.21583 1.53274 1.60841 2.70502 4.64148 4.87024 2.17022 1.75533 1.47895 1.27219 1.47747 0.719474 0.787097 0.938777 1.24775
BD_Bspro_t
 0.977616 0.837482 0.582485 0.21381 0.259945 0.577706 0.408013 0.493848 0.416965 0.4083 0.474097 0.289009 0.207692 0.14385 0.0794528 0.0746258 0.102508 0.156561 0.215507 0.266155 0.37095 0.504716 0.517034 0.46406
BD_Bspro
 4.69974 1.99064 0.803623 0.286675 0.179345 0.572769 0.609554 1.10785 1.00434 1.15157 1.7556 1.05386 0.668504 0.381035 0.17251 0.131978 0.132405 0.14931 0.170187 0.174696 0.248089 0.332984 0.414567 0.465369
BD_Bo
 1.91299 0.810272 0.327108 0.116689 0.0730007 0.233141 0.248114 0.450943 0.408808 0.468738 0.7146 0.428964 0.272109 0.155097 0.0702189 0.0537206 0.0538942 0.0607754 0.0692732 0.0711087 0.100983 0.135538 0.168746 0.189424
BD_Brms
 5.33945 2.26159 0.913008 0.325696 0.203756 0.650731 0.692524 1.25865 1.14104 1.30832 1.99456 1.1973 0.759498 0.4329 0.195992 0.149942 0.150427 0.169633 0.193352 0.198475 0.281858 0.378308 0.470995 0.528712
S_f
 0.0910653 0.734882 0.987128 0.999529 0.999983
 0.0910653 0.734882 0.987128 0.999529 0.999983
 0.0910653 0.734882 0.987128 0.999529 0.999983
 0.0910653 0.734882 0.987128 0.999529 0.999983
 0.0910653 0.734882 0.987128 0.999529 0.999983
 0.0910653 0.734882 0.987128 0.999529 0.999983
 0.0910653 0.734882 0.987128 0.999529 0.999983
 0.0910653 0.734882 0.987128 0.999529 0.999983
 0.0910653 0.734882 0.987128 0.999529 0.999983
 0.0910653 0.734882 0.987128 0.999529 0.999983
 0.0910653 0.734882 0.987128 0.999529 0.999983
 0.0910653 0.734882 0.987128 0.999529 0.999983
 0.0910653 0.734882 0.987128 0.999529 0.999983
 0.0910653 0.734882 0.987128 0.999529 0.999983
 0.0910653 0.734882 0.987128 0.999529 0.999983
 0.0910653 0.734882 0.987128 0.999529 0.999983
 0.0910653 0.734882 0.987128 0.999529 0.999983
 0.0910653 0.734882 0.987128 0.999529 0.999983
 0.0910653 0.734882 0.987128 0.999529 0.999983
 0.0910653 0.734882 0.987128 0.999529 0.999983
 0.0910653 0.734882 0.987128 0.999529 0.999983
 0.0910653 0.734882 0.987128 0.999529 0.999983
 0.0910653 0.734882 0.987128 0.999529 0.999983
 0.0910653 0.734882 0.987128 0.999529 0.999983
Scru_reclas
 0.170991 0.50933 0.839332 0.963357 0.992499
 0.170991 0.50933 0.839332 0.963357 0.992499
 0.170991 0.50933 0.839332 0.963357 0.992499
 0.170991 0.50933 0.839332 0.963357 0.992499
 0.170991 0.50933 0.839332 0.963357 0.992499
 0.170991 0.50933 0.839332 0.963357 0.992499
 0.170991 0.50933 0.839332 0.963357 0.992499
 0.170991 0.50933 0.839332 0.963357 0.992499
 0.170991 0.50933 0.839332 0.963357 0.992499
 0.170991 0.50933 0.839332 0.963357 0.992499
 0.170991 0.50933 0.839332 0.963357 0.992499
 0.170991 0.50933 0.839332 0.963357 0.992499
 0.170991 0.50933 0.839332 0.963357 0.992499
 0.170991 0.50933 0.839332 0.963357 0.992499
 0.170991 0.50933 0.839332 0.963357 0.992499
 0.170991 0.50933 0.839332 0.963357 0.992499
 0.170991 0.50933 0.839332 0.963357 0.992499
 0.170991 0.50933 0.839332 0.963357 0.992499
 0.170991 0.50933 0.839332 0.963357 0.992499
 0.170991 0.50933 0.839332 0.963357 0.992499
 0.170991 0.50933 0.839332 0.963357 0.992499
 0.170991 0.50933 0.839332 0.963357 0.992499
 0.170991 0.50933 0.839332 0.963357 0.992499
 0.170991 0.50933 0.839332 0.963357 0.992499
Scru_pelaces
 0.761861 1 1 1 1
 0.761861 1 1 1 1
 0.761861 1 1 1 1
 0.761861 1 1 1 1
 0.761861 1 1 1 1
 0.761861 1 1 1 1
 0.761861 1 1 1 1
 0.761861 1 1 1 1
 0.761861 1 1 1 1
 0.761861 1 1 1 1
 0.761861 1 1 1 1
 0.761861 1 1 1 1
 0.761861 1 1 1 1
 0.761861 1 1 1 1
 0.761861 1 1 1 1
 0.761861 1 1 1 1
 0.761861 1 1 1 1
 0.761861 1 1 1 1
 0.761861 1 1 1 1
 0.761861 1 1 1 1
 0.761861 1 1 1 1
 0.761861 1 1 1 1
 0.761861 1 1 1 1
 0.761861 1 1 1 1
pf_obs 
 0.256992 0.487395 0.22802 0.0275931 0
 0.321318 0.546541 0.124235 0.00734118 0.000564706
 0.182869 0.594174 0.210203 0.0122559 0.00049798
 0.330522 0.361315 0.267642 0.0388342 0.00168674
 0.649043 0.306663 0.0425973 0.00169635 0
 0.582887 0.30429 0.105238 0.00758474 0
 0.465427 0.430635 0.0974691 0.00646863 0
 0.296916 0.608066 0.0921331 0.00288517 0
 0.311714 0.524322 0.152257 0.0117073 0
 0.15457 0.633149 0.183074 0.0267441 0.00246327
 0.131901 0.49318 0.331252 0.0422183 0.00144891
 0.196976 0.569456 0.194076 0.0375587 0.00193317
 0.518974 0.381816 0.0799577 0.0180837 0.00116848
 0.0928022 0.601141 0.25162 0.0475244 0.00691264
 0.122501 0.610282 0.24278 0.0234846 0.000952079
 0.383417 0.481906 0.127806 0.00687128 0
 0.0376549 0.599619 0.316969 0.0457579 0
 0.0361596 0.667082 0.258105 0.0386534 0
 0.158088 0.579412 0.248529 0.0139706 0
 0.0477256 0.309471 0.559284 0.082774 0.000745712
 0.0406174 0.521527 0.379366 0.0568643 0.0016247
 0.151134 0.462217 0.34131 0.0453401 0
 0.294876 0.26143 0.354403 0.0886775 0.000613685
 0.281977 0.475581 0.204845 0.0348837 0.00271318
pf_pred 
 0.0112531 0.645024 0.304165 0.0395556 2.01933e-06
 0.0283723 0.0740778 0.645336 0.223527 0.0286866
 0.0109353 0.223962 0.0788963 0.495349 0.190858
 0.134943 0.122787 0.241856 0.0526366 0.447777
 0.658753 0.223552 0.0238499 0.0309771 0.0628681
 0.0928858 0.854576 0.0382135 0.00293662 0.0113882
 0.560802 0.251412 0.181416 0.00466583 0.00170369
 0.27547 0.689004 0.0247486 0.0104204 0.000356816
 0.308842 0.582098 0.106013 0.0021396 0.000907152
 0.416705 0.510213 0.0663882 0.00651166 0.000181755
 0.123343 0.781553 0.0874082 0.00700464 0.0006908
 0.213658 0.510422 0.257741 0.0167414 0.00143736
 0.326202 0.548428 0.0958303 0.0276404 0.00189963
 0.279625 0.667359 0.0480475 0.00383046 0.0011375
 0.303734 0.669261 0.0263921 0.000558238 5.43631e-05
 0.337655 0.639793 0.0223011 0.000245402 5.35242e-06
 0.220051 0.69913 0.0793855 0.00141724 1.54423e-05
 0.273317 0.58269 0.135291 0.00855262 0.00015021
 0.256461 0.617849 0.109781 0.0149691 0.000939612
 0.297805 0.565159 0.121953 0.0132121 0.00187179
 0.30794 0.582135 0.0962274 0.0122223 0.00147514
 0.254461 0.596099 0.132629 0.0147479 0.00206243
 0.256424 0.56793 0.150599 0.0222755 0.00277213
 0.0794283 0.721061 0.166313 0.0285432 0.00465496
pobs_RECLAS
 0 0 0 0 0
 0 0 0 0 0
 0 0 0 0 0
 0 0 0 0 0
 0.835266 0.146461 0.0176864 0.000547809 3.91292e-05
 0.385257 0.428462 0.181853 0.0044286 0
 0.867414 0.0963971 0.0333333 0.00285562 0
 0.441836 0.489002 0.0689373 0.000224442 0
 0.779404 0.147425 0.0564933 0.0165055 0.000172143
 0.814271 0.122319 0.05973 0.00367925 0
 0.40263 0.566651 0.0304383 0.000280538 0
 0.475488 0.404961 0.113038 0.00651328 0
 0.955842 0.0263864 0.0167828 0.000988607 0
 0.975058 0.0227948 0.00214734 0 0
 0.738997 0.206755 0.0527124 0.00153531 0
 0.850938 0.134255 0.0134407 0.00136685 0
 0.542534 0.407297 0.0501686 0 0
 0.764087 0.199537 0.0359546 0.000420521 0
 0.470689 0.182191 0.310203 0.0369168 0
 0.84361 0.089868 0.0606195 0.00523954 0.000663233
 0.607945 0.314616 0.071237 0.00620181 0
 0.523733 0.453247 0.0230204 0 0
 0.530135 0.295979 0.169645 0.0042399 0
 0.562478 0.366248 0.0663022 0.0049721 0
ppred_RECLAS
 0.0278435 0.585003 0.337419 0.0497318 2.61443e-06
 0.0603202 0.0574528 0.610795 0.239748 0.0316844
 0.0251898 0.176492 0.0731193 0.519208 0.205991
 0.256978 0.082329 0.19406 0.0478113 0.418821
 0.82422 0.102056 0.0132884 0.0195589 0.0408767
 0.234641 0.7128 0.036666 0.00318296 0.0127095
 0.782075 0.116689 0.097344 0.00282889 0.00106359
 0.535941 0.437301 0.0179321 0.00852562 0.000300586
 0.579226 0.347359 0.0710897 0.00161871 0.000706622
 0.671113 0.280993 0.0429882 0.00476869 0.000137058
 0.293947 0.618282 0.0798111 0.00722625 0.000733792
 0.438618 0.345181 0.200213 0.0146893 0.00129857
 0.623135 0.301858 0.0556731 0.0180562 0.00127752
 0.653099 0.324292 0.0202611 0.00179787 0.000549435
 0.688028 0.301649 0.0100626 0.000236595 2.37096e-05
 0.621637 0.364177 0.0140078 0.000173736 3.90136e-06
 0.461606 0.475699 0.0614423 0.00123835 1.3893e-05
 0.521736 0.371197 0.0998083 0.00713001 0.000128939
 0.495426 0.406111 0.0845791 0.013041 0.000842886
 0.551294 0.349195 0.0872687 0.010684 0.00155853
 0.54731 0.367724 0.0731394 0.0105195 0.00130738
 0.480347 0.398065 0.10628 0.0133805 0.00192685
 0.484028 0.375029 0.118553 0.0198468 0.0025433
 0.195174 0.604187 0.163564 0.0317448 0.0053308
pobs_PELACES
 0 0 0 0 0
 0 0 0 0 0
 0 0 0 0 0
 0 0 0 0 0
 0 0 0 0 0
 0 0 0 0 0
 0 0 0 0 0
 0 0 0 0 0
 0 0 0 0 0
 0 0 0 0 0
 0.450072 0.473896 0.0757376 0.000293798 0
 0 0 0 0 0
 0.463077 0.371075 0.160297 0.00555027 0
 0.529543 0.364841 0.0842815 0.0213345 0
 0.631943 0.363953 0.00410389 0 0
 0.735681 0.248677 0.0153453 0.000297389 0
 0.695825 0.281241 0.0229344 0 0
 0.275771 0.60734 0.115278 0.00161068 0
 0 0 0 0 0
 0.896147 0.0623911 0.0374545 0.00400742 0
 0.803859 0.145111 0.0509908 3.86294e-05 0
 0.739449 0.233085 0.0266225 0.000797448 4.60066e-05
 0.878498 0.100942 0.0204185 0.000141795 0
 0.694673 0.275183 0.0284847 0.00165964 0
ppred_PELACES
 0.0745951 0.666066 0.229843 0.0294944 1.50497e-06
 0.205896 0.0815531 0.514321 0.175694 0.0225365
 0.116884 0.279001 0.0634156 0.39039 0.150309
 0.62749 0.073906 0.0984694 0.0210633 0.179071
 0.933738 0.0481205 0.00371807 0.00476275 0.00966113
 0.502133 0.479929 0.0131286 0.000986537 0.00382267
 0.934764 0.0446242 0.0199274 0.00050145 0.000182955
 0.794806 0.199065 0.00429922 0.0017685 6.05057e-05
 0.837167 0.146863 0.0155344 0.000305756 0.000129517
 0.865324 0.123308 0.0103456 0.000994931 2.77508e-05
 0.581607 0.389243 0.0268382 0.0021039 0.000207321
 0.753297 0.185617 0.0571456 0.00362894 0.000311313
 0.881762 0.105945 0.00946666 0.00264555 0.00018161
 0.922571 0.0752986 0.00193991 0.000147156 4.36203e-05
 0.934935 0.0641798 0.000866179 1.73938e-05 1.69065e-06
 0.857635 0.139615 0.00272018 2.91344e-05 6.34817e-07
 0.749455 0.234391 0.0158739 0.00027675 3.01288e-06
 0.791084 0.181139 0.0261321 0.00161665 2.83708e-05
 0.762514 0.210197 0.0238957 0.00319338 0.000200302
 0.809996 0.165173 0.0221505 0.00234843 0.000332446
 0.776984 0.19743 0.0224439 0.0028042 0.000338242
 0.734398 0.226883 0.0344281 0.00376427 0.000526091
 0.747713 0.209125 0.0371007 0.00539061 0.000670411
 0.448085 0.468899 0.0694309 0.0116807 0.00190355
pobs_pel_tallas
 0 0 0 0 0 0 0 0 0 0 0 0 0 0 0 0 0 0 0 0 0 0 0 0 0 0 0 0 0 0 0 0 0 0 0 0
 0 0 0 0 0 0 0 0 0 0 0 0 0 0 0 0 0 0 0 0 0 0 0 0 0 0 0 0 0 0 0 0 0 0 0 0
 0 0 0 0 0 0 0 0 0 0 0 0 0 0 0 0 0 0 0 0 0 0 0 0 0 0 0 0 0 0 0 0 0 0 0 0
 0 0 0 0 0 0 0 0 0 0 0 0 0 0 0 0 0 0 0 0 0 0 0 0 0 0 0 0 0 0 0 0 0 0 0 0
 0 0 0 0 0 0 0 0 0 0 0 0 0 0 0 0 0 0 0 0 0 0 0 0 0 0 0 0 0 0 0 0 0 0 0 0
 0 0 0 0 0 0 0 0 0 0 0 0 0 0 0 0 0 0 0 0 0 0 0 0 0 0 0 0 0 0 0 0 0 0 0 0
 0 0 0 0 0 0 0 0 0 0 0 0 0 0 0 0 0 0 0 0 0 0 0 0 0 0 0 0 0 0 0 0 0 0 0 0
 0 0 0 0 0 0 0 0 0 0 0 0 0 0 0 0 0 0 0 0 0 0 0 0 0 0 0 0 0 0 0 0 0 0 0 0
 0 0 0 0 0 0 0 0 0 0 0 0 0 0 0 0 0 0 0 0 0 0 0 0 0 0 0 0 0 0 0 0 0 0 0 0
 0 0 0 0 0 0 0 0 0 0 0 0 0 0 0 0 0 0 0 0 0 0 0 0 0 0 0 0 0 0 0 0 0 0 0 0
 0 0 0 0 0 0 0 0 1.78061e-05 0.00172719 0.00360574 0.0105946 0.0120993 0.0124554 0.0147524 0.0171206 0.0266825 0.0428682 0.0675386 0.121331 0.153587 0.119568 0.100827 0.0573624 0.0630603 0.0341343 0.0324427 0.0444173 0.0211091 0.0280891 0.0125444 0.00206551 0 0 0 0
 0 0 0 0 0 0 0 0 0 0 0 0 0 0 0 0 0 0 0 0 0 0 0 0 0 0 0 0 0 0 0 0 0 0 0 0
 0 0 0 0 0 0 0.0133647 0.0140871 0.0187388 0.0205184 0.03894 0.0496705 0.03968 0.0493445 0.0407372 0.0367815 0.0215668 0.0243155 0.0234873 0.0199281 0.019796 0.0243948 0.0301388 0.0376714 0.0412746 0.0863199 0.0771752 0.113111 0.0741005 0.0525337 0.0229764 0.00759418 0.00175318 0 0 0
 0 0 0 0 0 0 0 0 0 0 0.00219441 0.00772107 0.0458388 0.0604681 0.0671733 0.0775358 0.0609151 0.0617685 0.073594 0.0568108 0.0755445 0.0548602 0.0670107 0.0636378 0.0643287 0.046367 0.0373049 0.0286899 0.0247887 0.0153202 0.00654259 0.00121912 0.000365735 0 0 0
 0 0 0 0 0 0 0 0 0 0 0 0 0.000112435 0.00938835 0.0111873 0.0202946 0.0414886 0.0713402 0.111592 0.104902 0.108894 0.110636 0.117776 0.105296 0.107544 0.0401394 0.0192827 0.0124803 0.00416011 0.0028671 0.000618394 0 0 0 0 0
 0 0 0 0 0 0 0 0 0 0 0.00291406 0.0102884 0.027416 0.0768956 0.0749926 0.110853 0.0956884 0.0897413 0.0766577 0.0534642 0.0500743 0.0551293 0.0594112 0.0620874 0.0668451 0.0424026 0.0208742 0.0120726 0.0048766 0.00582813 0.00118941 0.000297354 0 0 0 0
 0 0.00264628 0.0354308 0.0461629 0.0458689 0.0383711 0.0214643 0.0164657 0.0346957 0.0420465 0.0363128 0.0245516 0.0311673 0.0291091 0.0169068 0.0133784 0.00837989 0.0085269 0.0148486 0.0160247 0.0276389 0.0546898 0.0760071 0.122758 0.109233 0.0665981 0.0333725 0.0166128 0.00676272 0.00308733 0.000882094 0 0 0 0 0
 0 0 0 0 0 0 0 0.000805153 0.000690131 0.00759144 0.0133425 0.0154129 0.00931677 0.000345066 0.00356568 0.00563607 0.00851162 0.0253048 0.0502646 0.0516448 0.0657925 0.0565908 0.0611916 0.0827007 0.0866115 0.110766 0.145733 0.0935128 0.0569358 0.0249597 0.0138026 0.00621118 0.00161031 0.00115022 0 0
 0 0 0 0 0 0 0 0 0 0 0 0 0 0 0 0 0 0 0 0 0 0 0 0 0 0 0 0 0 0 0 0 0 0 0 0
 0.00147267 0.00158595 0.00478618 0.00569244 0.00954404 0.0108468 0.00647125 0.017049 0.0510054 0.094081 0.124002 0.0959785 0.0687766 0.0820023 0.061753 0.0591476 0.0492212 0.0479892 0.0443925 0.0268479 0.0217502 0.0140895 0.0121071 0.0120363 0.00920419 0.00665534 0.0049561 0.00860946 0.00930331 0.0156896 0.0114698 0.00855282 0.00243557 0.00046729 0 2.83206e-05
 0 0 0 0 0.000772559 0.00158375 0.000888443 0.00281984 0.00712685 0.0440552 0.0773331 0.111326 0.0921469 0.0852325 0.0710754 0.0886704 0.0786465 0.0553345 0.0373146 0.0185414 0.00753245 0.00457741 0.012979 0.0271748 0.0457355 0.0583668 0.034881 0.0177882 0.00938659 0.00492506 0.0015258 0.00185414 0.000309023 5.79419e-05 3.86279e-05 0
 0 0.00173294 0.00326652 0 0.00397197 0.00683976 0.00946217 0.0152591 0.00757587 0.0136028 0.0228656 0.0392903 0.0559909 0.0764795 0.0681675 0.0726916 0.0566044 0.0477403 0.0527397 0.0444891 0.0609904 0.0582453 0.0661739 0.0445044 0.0529084 0.0360697 0.0280645 0.0235558 0.0158879 0.00826598 0.00280645 0.00217768 0.000904811 0.00058276 9.20147e-05 0
 0 0 0 0 0 0 0 0 0 0 0 0 0 0 0 0 0 0 0 0 0 0 0 0 0 0 0 0 0 0 0 0 0 0 0 0
 0 0 0 0 0 0 0 0 0 0 0 0 0 0 0 0 0 0 0 0 0 0 0 0 0 0 0 0 0 0 0 0 0 0 0 0
ppred_pel_tallas
 1.04494e-16 3.29288e-06 1.92309e-05 9.12148e-05 0.000350846 0.00109378 0.00276353 0.00565985 0.00940194 0.0126874 0.0139669 0.0127016 0.00992555 0.00747553 0.00677681 0.00835838 0.0121711 0.0180228 0.0257015 0.0348623 0.0448986 0.0549232 0.0638759 0.0707213 0.0746732 0.0753672 0.0729287 0.0679089 0.0611231 0.0534469 0.0456398 0.0382426 0.0315578 0.0256941 0.0206389 0.0163262
 1.14418e-16 8.99502e-06 5.276e-05 0.000250732 0.000965226 0.00300984 0.00760264 0.0155568 0.0257902 0.0346451 0.0377264 0.0333387 0.0240005 0.0142865 0.00747333 0.00425448 0.00375258 0.00493948 0.00724889 0.0105105 0.0147143 0.0198501 0.0258358 0.032491 0.0395341 0.0465921 0.053224 0.0589571 0.0633349 0.0659738 0.0666186 0.0651862 0.0617874 0.0567149 0.050404 0.0433681
 1.21429e-16 5.11999e-06 2.99963e-05 0.00014248 0.000548376 0.00170988 0.00431927 0.00884002 0.0146619 0.0197168 0.0215249 0.0191512 0.014069 0.00893998 0.00571026 0.00487441 0.00603351 0.00867443 0.0124848 0.0172872 0.0228941 0.0290348 0.0353644 0.0415201 0.047191 0.0521664 0.0563483 0.0597185 0.062283 0.0640153 0.0648282 0.0645845 0.0631433 0.0604184 0.0564314 0.0513346
 1.10513e-16 2.7377e-05 0.000160682 0.000763814 0.00294073 0.0091704 0.0231636 0.0473954 0.0785615 0.105501 0.114793 0.101226 0.0723953 0.0421198 0.0202019 0.00850249 0.0040259 0.00326334 0.00409496 0.00564309 0.00762213 0.00992318 0.0124595 0.0151343 0.0178457 0.020495 0.0229903 0.0252427 0.0271597 0.0286416 0.0295862 0.0299014 0.029525 0.0284417 0.0266948 0.0243864
 1.00684e-16 4.07299e-05 0.000239077 0.00113652 0.00437575 0.0136454 0.0344671 0.070523 0.116894 0.15697 0.170774 0.150536 0.107544 0.0623296 0.029438 0.0115827 0.00423907 0.00211257 0.00197861 0.00247522 0.00314641 0.00383157 0.00443836 0.00489327 0.00514478 0.00517331 0.00499496 0.00465548 0.00421716 0.00374288 0.00328289 0.00286755 0.00250726 0.00219739 0.00192567 0.00167896
 1.00556e-16 2.19275e-05 0.000128651 0.00061145 0.00235395 0.00734044 0.0185418 0.0379418 0.0629035 0.08451 0.0920491 0.0813971 0.0587097 0.0351564 0.0187284 0.0110827 0.00997718 0.0126926 0.0174898 0.0234346 0.0298531 0.0360313 0.0411892 0.0446015 0.0457602 0.0444988 0.0410356 0.0359134 0.0298633 0.0236348 0.0178492 0.0129122 0.00899757 0.00608693 0.00403939 0.00266205
 1.00324e-16 4.07746e-05 0.00023934 0.00113777 0.00438056 0.0136604 0.034505 0.0706004 0.117023 0.157142 0.17096 0.150699 0.107658 0.0623899 0.0294563 0.0115727 0.00420934 0.0020665 0.00191777 0.00240279 0.00306924 0.00376083 0.00438853 0.00487956 0.00517925 0.00526068 0.00512915 0.00481832 0.00437988 0.00387042 0.00334005 0.00282563 0.00234947 0.00192188 0.0015455 0.00121931
 1.0019e-16 3.4678e-05 0.000203533 0.000967508 0.00372496 0.011616 0.029341 0.0600357 0.0995161 0.133648 0.145438 0.128292 0.0918458 0.0536225 0.0260609 0.0115388 0.00627023 0.00579154 0.00735424 0.00972642 0.0123681 0.0149216 0.0170519 0.0184567 0.0189253 0.0183893 0.01694 0.0148033 0.0122833 0.00969197 0.00728741 0.00523828 0.00361661 0.00241453 0.00157302 0.00101141
 1.00286e-16 3.6523e-05 0.00021437 0.00101904 0.00392338 0.0122347 0.0309039 0.0632331 0.104814 0.140758 0.153161 0.135069 0.0966226 0.0562593 0.027059 0.0115 0.00556981 0.00455128 0.00555266 0.00730698 0.00930722 0.011265 0.0129286 0.0140722 0.0145356 0.014261 0.0133063 0.0118277 0.0100396 0.0081643 0.00638808 0.00483547 0.00356409 0.00257616 0.00183829 0.00130156
 1.00223e-16 3.77498e-05 0.000221575 0.00105329 0.00405528 0.0126461 0.0319429 0.0653588 0.108337 0.145486 0.158298 0.139583 0.0998161 0.0580465 0.0277831 0.0115748 0.00526153 0.00395846 0.00467588 0.00611572 0.00777978 0.00940865 0.0107879 0.0117279 0.0120952 0.0118428 0.011021 0.00976318 0.00825112 0.00667272 0.00518501 0.00389221 0.00284153 0.00203304 0.0014366 0.00100906
 1.0059e-16 2.53893e-05 0.000148983 0.000708129 0.00272622 0.00850138 0.0214741 0.0439408 0.0728444 0.0978507 0.106541 0.094119 0.0676837 0.0401262 0.0206411 0.0110767 0.00876752 0.0105198 0.0143238 0.0191746 0.0244517 0.0295601 0.0338637 0.0367712 0.0378639 0.0369969 0.0343347 0.0303035 0.0254831 0.0204713 0.0157669 0.0116995 0.00841684 0.00591533 0.00409481 0.00281336
 1.01012e-16 3.28676e-05 0.000192906 0.000916985 0.00353044 0.0110093 0.0278087 0.0569005 0.0943192 0.126669 0.137844 0.121595 0.0870565 0.0508364 0.0247272 0.0109868 0.0060335 0.00564618 0.00723222 0.00963874 0.0123693 0.015098 0.0175143 0.0193282 0.0203231 0.0204024 0.0196083 0.0181029 0.0161227 0.0139197 0.0117118 0.00965277 0.00782639 0.00625899 0.00494039 0.00384392
 1.00269e-16 3.84659e-05 0.00022578 0.00107329 0.00413228 0.0128862 0.0325494 0.0665996 0.110393 0.148246 0.161296 0.142216 0.101674 0.0590782 0.0281853 0.0115845 0.00502818 0.00353345 0.00405408 0.00527631 0.00671127 0.00812214 0.00932238 0.0101489 0.0104867 0.0102946 0.00961487 0.00856033 0.00728535 0.00594942 0.00468565 0.00358227 0.00267918 0.0019765 0.00144913 0.00106141
 1.0006e-16 4.02441e-05 0.000236223 0.00112294 0.00432347 0.0134824 0.0340553 0.0696806 0.115499 0.155099 0.168744 0.148762 0.106309 0.0616802 0.0292554 0.0117273 0.00463542 0.0027545 0.00289569 0.00369792 0.00468102 0.00564456 0.00644979 0.00698051 0.00715673 0.00695241 0.00640203 0.00559111 0.00463477 0.00365113 0.00273815 0.00195993 0.00134402 0.000887723 0.000568869 0.000356978
 1.00035e-16 4.07828e-05 0.000239386 0.00113798 0.00438139 0.013663 0.0345115 0.070614 0.117046 0.157175 0.171 0.150744 0.10771 0.0624626 0.0295693 0.0117534 0.00448949 0.0024787 0.00248934 0.00314724 0.00397704 0.00479218 0.00547148 0.00591562 0.00605663 0.00587285 0.00539433 0.00469474 0.00387297 0.00303035 0.00225082 0.00158913 0.00106859 0.000686393 0.000422991 0.000251633
 1.00086e-16 3.74152e-05 0.000219609 0.00104394 0.00401928 0.0125338 0.0316593 0.0647787 0.107376 0.144197 0.156899 0.138359 0.0989608 0.0575896 0.02764 0.0116451 0.00548767 0.00432972 0.00520594 0.00681998 0.00865962 0.0104423 0.011927 0.0129008 0.0132159 0.0128248 0.0117921 0.0102774 0.00849505 0.00666496 0.00496939 0.00352741 0.00239001 0.00155164 0.000970455 0.000589015
 1.00312e-16 3.27019e-05 0.000191929 0.000912331 0.00351251 0.0109534 0.0276675 0.0566119 0.0938421 0.126032 0.137162 0.121018 0.0866977 0.0507359 0.0248805 0.0113949 0.00673026 0.00669267 0.00869217 0.0115487 0.0147113 0.0177795 0.0203625 0.022103 0.0227487 0.022213 0.0205953 0.0181533 0.015237 0.0122076 0.00936645 0.00691279 0.00493591 0.0034337 0.00234544 0.0015849
 1.00487e-16 3.4515e-05 0.000202578 0.000962969 0.00370749 0.0115615 0.0292034 0.059754 0.0990487 0.133019 0.14475 0.127677 0.0913882 0.0533204 0.0258495 0.011337 0.00601081 0.0054275 0.00685661 0.00908492 0.011596 0.0140607 0.0161737 0.0176562 0.018308 0.0180533 0.0169575 0.0152065 0.0130579 0.0107801 0.00859933 0.00666808 0.00505935 0.00378019 0.00279554 0.00205186
 1.00527e-16 3.32704e-05 0.000195268 0.000928212 0.00357366 0.0111441 0.0281492 0.0575973 0.0954748 0.128223 0.139539 0.1231 0.0881562 0.0515226 0.0251421 0.0113065 0.00639439 0.00613293 0.00788966 0.0104792 0.01337 0.016196 0.0186056 0.0202771 0.0209806 0.0206319 0.0193113 0.0172395 0.0147201 0.0120675 0.00954566 0.00733092 0.00550509 0.00407203 0.00298588 0.00217942
 1.00465e-16 3.5339e-05 0.000207417 0.000985978 0.00379609 0.0118378 0.0299012 0.0611817 0.101415 0.136195 0.148201 0.130709 0.093533 0.0545202 0.0263347 0.0113854 0.0058008 0.00502485 0.00626128 0.00827603 0.0105587 0.0128001 0.0147199 0.0160644 0.0166514 0.0164128 0.0154091 0.0138107 0.0118531 0.00978131 0.00780126 0.00605134 0.00459696 0.00344325 0.00255694 0.00188819
 1.00496e-16 3.39008e-05 0.000198971 0.000945817 0.00364145 0.0113555 0.0286832 0.0586897 0.0972851 0.130652 0.142179 0.12542 0.0897964 0.0524391 0.0255108 0.0113392 0.00622713 0.00581533 0.00742127 0.00984405 0.0125575 0.0152113 0.0174742 0.0190437 0.0197041 0.0193759 0.0181351 0.0161887 0.0138219 0.0113302 0.00896159 0.00688157 0.00516704 0.00382157 0.00280205 0.00204526
 1.00717e-16 3.20451e-05 0.000188073 0.000894003 0.00344194 0.0107334 0.0271117 0.0554745 0.0919568 0.1235 0.134406 0.118587 0.0849556 0.0497163 0.0243809 0.0111683 0.00660284 0.00657813 0.00856115 0.0114022 0.0145691 0.0176771 0.0203492 0.0222369 0.023089 0.0228091 0.021477 0.0193228 0.0166663 0.0138407 0.0111267 0.00871391 0.00669323 0.00507416 0.00381446 0.00284953
 1.00812e-16 3.2625e-05 0.000191479 0.000910199 0.0035043 0.0109278 0.0276029 0.0564795 0.093622 0.125735 0.136833 0.120716 0.0864545 0.0505404 0.0246863 0.0111422 0.00636073 0.00615556 0.00794878 0.0105805 0.0135305 0.016438 0.0189548 0.0207587 0.0216162 0.0214348 0.020283 0.0183671 0.0159755 0.0134101 0.0109257 0.00869562 0.00680436 0.00526383 0.00403992 0.00307883
 1.01629e-16 1.95704e-05 0.000114813 0.000545668 0.00210068 0.00655061 0.0165467 0.0338597 0.0561373 0.0754241 0.0821641 0.0726832 0.0524839 0.0315478 0.0170253 0.0104192 0.00975484 0.012629 0.0175036 0.0235425 0.030121 0.0365567 0.0420918 0.0460098 0.0477925 0.0472411 0.0445202 0.0401046 0.034653 0.0288514 0.0232773 0.0183192 0.0141621 0.0108239 0.00821637 0.00620649
pSPR Fmed_Fpbrs
0.366427   0.408275 0.408275
Fs Fmed_Fpbrs
1.22489   1.005 1.005
SSBpbr Bo_Bmed_Bpbrs
911502  288424  326568 326568
Ro
18033.7
SPR SPRFo_SPRFmed_SPRFpbrs
371019 135952 151478
log_Ro
9.62
likeval ReclasPelacesDesembMPH_pf_preclas_ppelaces_ptallas_desvR_qrecl_qpela
 70.7856 18.6986 0.273831 0.000169545 343.397 170.322 91.5377 0 37.6023 7.60087e-05 0.000153787 0 0 0 0
q_reclas_q_pelaces
3.43982 5.8375
M
0.7
N
 6836.16 50938.9 18216.3 2341.7 0.119494
 9574.8 3342.45 22317.6 7645.16 980.756
 1335.22 4638.12 1358.48 8467.78 3261.78
 4195.68 593.812 945.817 204.1 1735.73
 42534.4 1927.84 157.575 202.408 410.621
 12131.1 20611.5 785.814 60.0211 232.711
 64092.4 5214.17 3191.92 81.5759 29.78
 58568 27747.1 855.756 358.239 12.2643
 66505.3 24908.6 3945.18 79.2076 33.5763
 133271 27706.8 2998.49 291.993 8.14807
 51223.6 59244 5630.42 448.398 44.2112
 49894.1 22123.1 9538 615.806 52.8596
 55089.2 21400.9 3369.03 968.092 66.5245
 28790.9 21383.5 1455.81 115.837 34.3969
 13272.1 9368.76 350.527 7.40079 0.720666
 10694.6 4229.79 129.812 1.42175 0.0310043
 7159.66 4358.41 426.26 7.56702 0.0824339
 7880.87 3030.15 595.8 37.4242 0.65713
 8252.4 3420.4 507.51 68.7169 4.31227
 10667.1 3649.73 666.874 71.7867 10.1678
 16284 4630.28 611.943 77.0262 9.2934
 21129.4 7573.54 1355.12 149.37 20.882
 27754.9 9766.81 2109.05 309.413 38.4942
 8147.85 12653.4 2432.94 414.594 67.5964
pred_Ctot
 75.7858 4344.01 2048.45 266.393 0.0135995
 169.084 441.464 3845.85 1332.1 170.957
 100.914 2066.78 728.074 4571.2 1761.28
 226.462 206.061 405.883 88.3348 751.46
 740.354 251.244 26.8042 34.8143 70.6556
 1182.81 10882.2 486.611 37.3949 145.018
 5956.12 2670.18 1926.77 49.5544 18.0944
 6101.24 15260.4 548.143 230.797 7.90294
 7781.15 14665.7 2670.96 53.9063 22.8553
 10109.9 12378.5 1610.67 157.982 4.40965
 4837.93 30655.1 3428.44 274.745 27.0955
 4930.38 11778.6 5947.66 386.325 33.1686
 8773.69 14750.8 2577.5 743.43 51.0933
 7312.25 17451.6 1256.45 100.167 29.7459
 3507.04 7727.57 304.735 6.44566 0.627699
 1395.04 2643.34 92.1383 1.01389 0.0221138
 767.691 2439.05 276.952 4.94431 0.0538736
 719.724 1534.39 356.262 22.5216 0.395547
 653.59 1574.58 279.775 38.1486 2.39459
 973.262 1847.01 398.557 43.1787 6.11724
 745.505 1409.32 232.961 29.5896 3.57122
 1055.42 2472.41 550.098 61.1694 8.55423
 1643.6 3640.26 965.296 142.779 17.7685
 633.518 5751.16 1326.51 227.66 37.1278
F
 0.0155212 0.125253 0.168246 0.170359 0.170437
 0.0248256 0.200339 0.269105 0.272485 0.272609
 0.110289 0.890015 1.19551 1.21053 1.21108
 0.0776551 0.626664 0.841765 0.852339 0.852726
 0.0244657 0.197435 0.265203 0.268535 0.268657
 0.144393 1.16523 1.56519 1.58485 1.58557
 0.137196 1.10715 1.48718 1.50586 1.50654
 0.154977 1.25064 1.67991 1.70102 1.70179
 0.175605 1.4171 1.90352 1.92743 1.92831
 0.11072 0.893493 1.20018 1.21526 1.21581
 0.139579 1.12638 1.51301 1.53201 1.53271
 0.146471 1.182 1.58771 1.60766 1.60839
 0.246333 1.98787 2.6702 2.70374 2.70497
 0.422678 3.41094 4.58173 4.63929 4.6414
 0.44351 3.57905 4.80755 4.86794 4.87016
 0.197632 1.59486 2.14229 2.1692 2.17018
 0.159849 1.28996 1.73273 1.7545 1.7553
 0.134681 1.08685 1.45991 1.47825 1.47892
 0.115853 0.934912 1.25582 1.27159 1.27217
 0.134547 1.08577 1.45846 1.47678 1.47745
 0.0655191 0.528728 0.710213 0.719135 0.719462
 0.0716772 0.578423 0.776966 0.786726 0.787084
 0.0854901 0.689891 0.926694 0.938335 0.938761
 0.113626 0.916946 1.23168 1.24716 1.24772
nmprior
 10 10 8 0
nm_flota  nm_reclas  nm_pelaces    nm_pelaL
inf 14.3259 10.0172 15.8816
cv_recla  cv_pelaces  cv_mph
0.778931 0.508826 0.422455
 ------------------------------------------------
Talla a la edad & desviación 
 7.2 14.2025 17.0495 18.207 18.6776
 1.08 2.13037 2.55742 2.73105 2.80164
