    unsorted:	 1.727211418e-06 1.665498428e-05 0.0002474747389 0.0008999959084 0.006871922636 0.6065648623 1.961122136 58.17478343 80.31750205 119.9941246 193.8494011 203.2599483 459.7361438 611.5928941 636.1372503 811.2936241 890.1556854 1090.915010 1200.996065 1505.362894 1365.057579 1789.172846 1952.482276 2224.471678 2613.496928 2683.235218 3074.107375 3334.630973 3668.737682 3969.736363 4429.113406 4788.023034 5325.372673 5236.812326 6086.521015 6363.244056 6826.985337 17144.03767 204560.6587 350104.7661 361610.1994 318142.8007 393568.8703 414541.6402 465694.9523 456367.3354 480448.8378 492609.4104 542582.0637 553970.2175 606786.9268 650756.4476 699125.6079 810321.8657 971445.1873 1023492.043 1183410.573 1420073.972 1818768.745 2013707.544 2196211.724 2632687.853 6252370.337
      sorted:	 1.727211418e-06 1.665498428e-05 0.0002474747389 0.0008999959084 0.006871922636 0.6065648623 1.961122136 58.17478343 80.31750205 119.9941246 193.8494011 203.2599483 459.7361438 611.5928941 636.1372503 811.2936241 890.1556854 1090.915010 1200.996065 1365.057579 1505.362894 1789.172846 1952.482276 2224.471678 2613.496928 2683.235218 3074.107375 3334.630973 3668.737682 3969.736363 4429.113406 4788.023034 5236.812326 5325.372673 6086.521015 6363.244056 6826.985337 17144.03767 204560.6587 318142.8007 350104.7661 361610.1994 393568.8703 414541.6402 456367.3354 465694.9523 480448.8378 492609.4104 542582.0637 553970.2175 606786.9268 650756.4476 699125.6079 810321.8657 971445.1873 1023492.043 1183410.573 1420073.972 1818768.745 2013707.544 2196211.724 2632687.853 6252370.337
