years
 1997 1998 1999 2000 2001 2002 2003 2004 2005 2006 2007 2008 2009 2010 2011 2012 2013 2014 2015 2016 2017 2018 2019 2020
reclasobs
 0 0 0 370054 412103 1.49427e+06 250295 1.28982e+06 931140 785840 897777 1.04006e+06 184774 17550 25797 100020 73551 82996 120727 218422 84188 347160 605670 569463
reclaspred
 455577 136027 477740 341880 438115 514167 1.07805e+06 671526 681273 552712 419170 281582 172625 86321.7 65941.1 69399.2 88329.9 121973 130086 185202 263668 245459 440375 545930
pelacesobs
 0 0 0 0 0 0 0 0 0 2.06254e+06 1.5e+06 0 1.87456e+06 323000 250000 174000 83755 137374 0 501740 490994 745055 786931 1.00524e+06
pelacespred
 1.86984e+06 514369 1.0486e+06 1.15688e+06 1.25131e+06 1.25204e+06 2.82461e+06 2.32936e+06 2.03044e+06 1.6885e+06 1.16028e+06 798645 489386 213065 158381 173931 228472 314636 348429 479741 750509 683444 967293 1.41377e+06
mphobs
 0 0 0 0 0 112323 0 153150 637223 0 255016 313432 73983 77613 109348 50772 0 0 0 0 0 0 0 0
mphpred
 160717 114521 152996 215315 200856 278485 417297 467137 375247 342287 286779 199465 124412 67115.4 36327.8 32975.4 39862.8 55871 69636.4 80590.6 118480 138212 178798 260923
desembarqueobs
 350755 77701 442110 56441 14545 235359 269955 359681 431902 328805 639364 411747 362871 311530 167758 66681 60226 58785 57116 71774 51957 67425 138520 160799
desembarquepred
 350764 77704.3 442150 56442.5 14545.1 235388 269977 359712 431976 328872 639793 412116 363386 312166 167879 66699.3 60244.3 58789.3 57116.1 71777.6 51958.5 67423.6 138523 160802
Reclutas
 94635.9 118527 77984.8 110253 178383 134129 192355 161566 167570 144949 71187.6 42810 42791.9 25854.8 21829.2 29558.9 26215.7 29179.1 34264.4 59605.6 75579.9 103238 170709 181307
log_desv_Rt
 0.217792 0.4429 0.0242689 0.370533 0.851688 0.566559 0.927098 0.752671 0.789159 0.644136 -0.0669262 -0.575473 -0.575895 -1.07975 -1.249 -0.945858 -1.06588 -0.958793 -0.798139 -0.244496 -0.0070538 0.304795 0.807718 0.867946
SSB
 1.1394e+06 811897 1.08467e+06 1.52647e+06 1.42397e+06 1.97431e+06 2.95842e+06 3.31176e+06 2.6603e+06 2.42664e+06 2.03311e+06 1.4141e+06 882015 475813 257545 233779 282606 396096 493686 571346 839962 979852 1.26759e+06 1.84981e+06
BT
 3.89953e+06 1.11936e+06 2.25949e+06 2.28459e+06 2.41756e+06 2.59496e+06 5.61706e+06 4.89366e+06 4.30388e+06 3.57061e+06 2.82386e+06 1.92215e+06 1.30163e+06 714370 450284 390438 489545 652268 719611 981599 1.48637e+06 1.3775e+06 1.95533e+06 2.85072e+06
Ftot
 0.250673 0.178107 0.235777 0.0428146 0.00965168 0.104621 0.06555 0.136559 0.162519 0.145903 0.334957 0.313307 0.481663 0.810666 0.676022 0.263308 0.191321 0.127974 0.109388 0.109985 0.0544528 0.0704649 0.0810167 0.0769891
BD_Bspro_t
 0.969691 0.853896 0.838332 0.77046 0.840819 0.906766 0.887503 0.887519 0.844922 0.804283 0.758325 0.620084 0.512772 0.402842 0.290692 0.317791 0.447428 0.616323 0.713982 0.781825 0.851103 0.896206 0.902418 0.906557
BD_Bspro
 0.727604 0.518466 0.692652 0.974785 0.909327 1.26077 1.88921 2.11485 1.69883 1.54962 1.29832 0.903025 0.563243 0.303848 0.164465 0.149288 0.180469 0.252942 0.315261 0.364854 0.536388 0.62572 0.809464 1.18126
BD_Bo
 0.642058 0.457508 0.611215 0.860176 0.802414 1.11254 1.66709 1.8662 1.4991 1.36742 1.14567 0.796854 0.49702 0.268123 0.145128 0.131736 0.15925 0.223203 0.278195 0.321957 0.473323 0.552152 0.714293 1.04238
BD_Brms
 2.30809 1.64467 2.19722 3.09219 2.88454 3.99938 5.99289 6.70866 5.389 4.91566 4.11849 2.86455 1.7867 0.963859 0.521712 0.473567 0.572478 0.802376 1.00006 1.15738 1.70152 1.9849 2.56776 3.74717
S_f
 0.217309 1 1 1 1
 0.217309 1 1 1 1
 0.217309 1 1 1 1
 0.217309 1 1 1 1
 0.217309 1 1 1 1
 0.217309 1 1 1 1
 0.217309 1 1 1 1
 0.217309 1 1 1 1
 0.217309 1 1 1 1
 0.217309 1 1 1 1
 0.217309 1 1 1 1
 0.217309 1 1 1 1
 0.217309 1 1 1 1
 0.217309 1 1 1 1
 0.217309 1 1 1 1
 0.217309 1 1 1 1
 0.217309 1 1 1 1
 0.217309 1 1 1 1
 0.217309 1 1 1 1
 0.217309 1 1 1 1
 0.217309 1 1 1 1
 0.217309 1 1 1 1
 0.217309 1 1 1 1
 0.217309 1 1 1 1
Scru_reclas
 1 1 1 1 1
 1 1 1 1 1
 1 1 1 1 1
 1 1 1 1 1
 1 1 1 1 1
 1 1 1 1 1
 1 1 1 1 1
 1 1 1 1 1
 1 1 1 1 1
 1 1 1 1 1
 1 1 1 1 1
 1 1 1 1 1
 1 1 1 1 1
 1 1 1 1 1
 1 1 1 1 1
 1 1 1 1 1
 1 1 1 1 1
 1 1 1 1 1
 1 1 1 1 1
 1 1 1 1 1
 1 1 1 1 1
 1 1 1 1 1
 1 1 1 1 1
 1 1 1 1 1
Scru_pelaces
 0.999099 1 1 1 1
 0.999099 1 1 1 1
 0.999099 1 1 1 1
 0.999099 1 1 1 1
 0.999099 1 1 1 1
 0.999099 1 1 1 1
 0.999099 1 1 1 1
 0.999099 1 1 1 1
 0.999099 1 1 1 1
 0.999099 1 1 1 1
 0.999099 1 1 1 1
 0.999099 1 1 1 1
 0.999099 1 1 1 1
 0.999099 1 1 1 1
 0.999099 1 1 1 1
 0.999099 1 1 1 1
 0.999099 1 1 1 1
 0.999099 1 1 1 1
 0.999099 1 1 1 1
 0.999099 1 1 1 1
 0.999099 1 1 1 1
 0.999099 1 1 1 1
 0.999099 1 1 1 1
 0.999099 1 1 1 1
pf_obs 
 0.256992 0.487395 0.22802 0.0275931 0
 0.321318 0.546541 0.124235 0.00734118 0.000564706
 0.182869 0.594174 0.210203 0.0122559 0.00049798
 0.330522 0.361315 0.267642 0.0388342 0.00168674
 0.649043 0.306663 0.0425973 0.00169635 0
 0.582887 0.30429 0.105238 0.00758474 0
 0.465427 0.430635 0.0974691 0.00646863 0
 0.296916 0.608066 0.0921331 0.00288517 0
 0.311714 0.524322 0.152257 0.0117073 0
 0.15457 0.633149 0.183074 0.0267441 0.00246327
 0.131901 0.49318 0.331252 0.0422183 0.00144891
 0.196976 0.569456 0.194076 0.0375587 0.00193317
 0.518974 0.381816 0.0799577 0.0180837 0.00116848
 0.0928022 0.601141 0.25162 0.0475244 0.00691264
 0.122501 0.610282 0.24278 0.0234846 0.000952079
 0.383417 0.481906 0.127806 0.00687128 0
 0.0376549 0.599619 0.316969 0.0457579 0
 0.0361596 0.667082 0.258105 0.0386534 0
 0.158088 0.579412 0.248529 0.0139706 0
 0.0477256 0.309471 0.559284 0.082774 0.000745712
 0.0406174 0.521527 0.379366 0.0568643 0.0016247
 0.151134 0.462217 0.34131 0.0453401 0
 0.294876 0.26143 0.354403 0.0886775 0.000613685
 0.281977 0.475581 0.204845 0.0348837 0.00271318
pf_pred 
 0.399461 0.423961 0.157925 0.0186438 8.92543e-06
 0.322408 0.524404 0.108146 0.0402843 0.00475803
 0.18558 0.57272 0.187057 0.0385761 0.0160668
 0.262314 0.396919 0.239635 0.0782677 0.0228635
 0.309492 0.431632 0.139291 0.0840951 0.0354899
 0.187305 0.548082 0.165407 0.0533781 0.0458267
 0.256793 0.391081 0.237474 0.0716681 0.0429837
 0.195134 0.49958 0.160644 0.097547 0.0470953
 0.211334 0.42773 0.224032 0.0720393 0.0648636
 0.190196 0.461522 0.18889 0.0989349 0.0604577
 0.117249 0.472711 0.233689 0.0956435 0.0807077
 0.115465 0.367422 0.276912 0.136894 0.103306
 0.183085 0.333924 0.200627 0.151205 0.131159
 0.175686 0.463417 0.147521 0.0886331 0.124743
 0.24371 0.445375 0.174792 0.0556422 0.0804814
 0.334263 0.445799 0.12952 0.0508316 0.0395864
 0.240493 0.548471 0.141316 0.0410574 0.0286621
 0.245467 0.462791 0.210679 0.0542826 0.0267807
 0.251629 0.458763 0.17763 0.0808637 0.031114
 0.333743 0.41232 0.155667 0.0602732 0.0379961
 0.29064 0.501924 0.128374 0.0484663 0.0305958
 0.289901 0.467828 0.171424 0.0438441 0.0270024
 0.332582 0.440232 0.149675 0.0548447 0.0226664
 0.254752 0.524517 0.145595 0.0495012 0.0256348
pobs_RECLAS
 0 0 0 0 0
 0 0 0 0 0
 0 0 0 0 0
 0 0 0 0 0
 0.835266 0.146461 0.0176864 0.000547809 3.91292e-05
 0.385257 0.428462 0.181853 0.0044286 0
 0.867414 0.0963971 0.0333333 0.00285562 0
 0.441836 0.489002 0.0689373 0.000224442 0
 0.779404 0.147425 0.0564933 0.0165055 0.000172143
 0.814271 0.122319 0.05973 0.00367925 0
 0.40263 0.566651 0.0304383 0.000280538 0
 0.475488 0.404961 0.113038 0.00651328 0
 0.955842 0.0263864 0.0167828 0.000988607 0
 0.975058 0.0227948 0.00214734 0 0
 0.738997 0.206755 0.0527124 0.00153531 0
 0.850938 0.134255 0.0134407 0.00136685 0
 0.542534 0.407297 0.0501686 0 0
 0.764087 0.199537 0.0359546 0.000420521 0
 0.470689 0.182191 0.310203 0.0369168 0
 0.84361 0.089868 0.0606195 0.00523954 0.000663233
 0.607945 0.314616 0.071237 0.00620181 0
 0.523733 0.453247 0.0230204 0 0
 0.530135 0.295979 0.169645 0.0042399 0
 0.562478 0.366248 0.0663022 0.0049721 0
ppred_RECLAS
 0.756299 0.172045 0.0640866 0.00756573 3.62197e-06
 0.688475 0.241096 0.0497204 0.0185208 0.00218752
 0.515062 0.341021 0.111381 0.0229698 0.00956681
 0.621159 0.203839 0.123066 0.0401946 0.0117416
 0.673571 0.204048 0.0658478 0.0397549 0.0167774
 0.51599 0.326417 0.0985104 0.03179 0.0272926
 0.614642 0.202778 0.123132 0.0371604 0.0222873
 0.529055 0.292315 0.0939962 0.0570769 0.0275565
 0.554264 0.241743 0.126618 0.040715 0.0366595
 0.521269 0.272837 0.111666 0.0584872 0.0357407
 0.383946 0.329895 0.163087 0.0667476 0.0563242
 0.379494 0.257749 0.194255 0.0960321 0.0724696
 0.515379 0.198095 0.119019 0.0896997 0.0778077
 0.510534 0.27517 0.0875959 0.0526291 0.0740705
 0.608727 0.230418 0.0904302 0.028787 0.0416378
 0.701 0.20022 0.058171 0.0228298 0.0177793
 0.595447 0.292144 0.0752724 0.0218693 0.0152669
 0.60107 0.244683 0.111388 0.0286998 0.0141593
 0.608714 0.239865 0.092874 0.0422796 0.016268
 0.698588 0.186532 0.0704233 0.0272674 0.0171893
 0.654016 0.244809 0.0626135 0.023639 0.0149228
 0.653386 0.228357 0.0836756 0.0214012 0.0131804
 0.697163 0.199752 0.0679141 0.0248854 0.0102847
 0.612236 0.272914 0.0757554 0.0257562 0.0133381
pobs_PELACES
 0 0 0 0 0
 0 0 0 0 0
 0 0 0 0 0
 0 0 0 0 0
 0 0 0 0 0
 0 0 0 0 0
 0 0 0 0 0
 0 0 0 0 0
 0 0 0 0 0
 0 0 0 0 0
 0.450072 0.473896 0.0757376 0.000293798 0
 0 0 0 0 0
 0.463077 0.371075 0.160297 0.00555027 0
 0.529543 0.364841 0.0842815 0.0213345 0
 0.631943 0.363953 0.00410389 0 0
 0.735681 0.248677 0.0153453 0.000297389 0
 0.695825 0.281241 0.0229344 0 0
 0.275771 0.60734 0.115278 0.00161068 0
 0 0 0 0 0
 0.896147 0.0623911 0.0374545 0.00400742 0
 0.803859 0.145111 0.0509908 3.86294e-05 0
 0.739449 0.233085 0.0266225 0.000797448 4.60066e-05
 0.878498 0.100942 0.0204185 0.000141795 0
 0.694673 0.275183 0.0284847 0.00165964 0
ppred_PELACES
 0.767873 0.163874 0.061043 0.00720642 3.44996e-06
 0.698065 0.233674 0.0481898 0.0179507 0.00212018
 0.530029 0.330495 0.107943 0.0222608 0.00927152
 0.623546 0.202555 0.12229 0.0399413 0.0116676
 0.673921 0.20383 0.0657773 0.0397123 0.0167594
 0.522511 0.32202 0.0971833 0.0313617 0.0269249
 0.618431 0.200784 0.121921 0.036795 0.0220682
 0.537609 0.287006 0.0922888 0.0560401 0.027056
 0.564388 0.236253 0.123742 0.0397902 0.0358268
 0.530441 0.26761 0.109526 0.0573668 0.035056
 0.404387 0.318949 0.157676 0.0645329 0.0544554
 0.398511 0.249849 0.188302 0.093089 0.0702486
 0.546129 0.185525 0.111467 0.0840081 0.0728707
 0.562331 0.246051 0.0783263 0.0470597 0.0662322
 0.649233 0.206564 0.0810684 0.0258068 0.0373272
 0.714873 0.19093 0.0554719 0.0217706 0.0169544
 0.607078 0.283745 0.0731084 0.0212406 0.014828
 0.608754 0.239969 0.109243 0.028147 0.0138865
 0.615209 0.235883 0.0913323 0.0415778 0.0159979
 0.704348 0.182968 0.0690775 0.0267463 0.0168608
 0.656988 0.242706 0.0620755 0.0234359 0.0147946
 0.657293 0.225783 0.0827323 0.02116 0.0130318
 0.701374 0.196975 0.0669698 0.0245394 0.0101417
 0.616734 0.269749 0.0748768 0.0254575 0.0131834
pobs_pel_tallas
 0 0 0 0 0 0 0 0 0 0 0 0 0 0 0 0 0 0 0 0 0 0 0 0 0 0 0 0 0 0 0 0 0 0 0 0
 0 0 0 0 0 0 0 0 0 0 0 0 0 0 0 0 0 0 0 0 0 0 0 0 0 0 0 0 0 0 0 0 0 0 0 0
 0 0 0 0 0 0 0 0 0 0 0 0 0 0 0 0 0 0 0 0 0 0 0 0 0 0 0 0 0 0 0 0 0 0 0 0
 0 0 0 0 0 0 0 0 0 0 0 0 0 0 0 0 0 0 0 0 0 0 0 0 0 0 0 0 0 0 0 0 0 0 0 0
 0 0 0 0 0 0 0 0 0 0 0 0 0 0 0 0 0 0 0 0 0 0 0 0 0 0 0 0 0 0 0 0 0 0 0 0
 0 0 0 0 0 0 0 0 0 0 0 0 0 0 0 0 0 0 0 0 0 0 0 0 0 0 0 0 0 0 0 0 0 0 0 0
 0 0 0 0 0 0 0 0 0 0 0 0 0 0 0 0 0 0 0 0 0 0 0 0 0 0 0 0 0 0 0 0 0 0 0 0
 0 0 0 0 0 0 0 0 0 0 0 0 0 0 0 0 0 0 0 0 0 0 0 0 0 0 0 0 0 0 0 0 0 0 0 0
 0 0 0 0 0 0 0 0 0 0 0 0 0 0 0 0 0 0 0 0 0 0 0 0 0 0 0 0 0 0 0 0 0 0 0 0
 0 0 0 0 0 0 0 0 0 0 0 0 0 0 0 0 0 0 0 0 0 0 0 0 0 0 0 0 0 0 0 0 0 0 0 0
 0 0 0 0 0 0 0 0 1.78061e-05 0.00172719 0.00360574 0.0105946 0.0120993 0.0124554 0.0147524 0.0171206 0.0266825 0.0428682 0.0675386 0.121331 0.153587 0.119568 0.100827 0.0573624 0.0630603 0.0341343 0.0324427 0.0444173 0.0211091 0.0280891 0.0125444 0.00206551 0 0 0 0
 0 0 0 0 0 0 0 0 0 0 0 0 0 0 0 0 0 0 0 0 0 0 0 0 0 0 0 0 0 0 0 0 0 0 0 0
 0 0 0 0 0 0 0.0133647 0.0140871 0.0187388 0.0205184 0.03894 0.0496705 0.03968 0.0493445 0.0407372 0.0367815 0.0215668 0.0243155 0.0234873 0.0199281 0.019796 0.0243948 0.0301388 0.0376714 0.0412746 0.0863199 0.0771752 0.113111 0.0741005 0.0525337 0.0229764 0.00759418 0.00175318 0 0 0
 0 0 0 0 0 0 0 0 0 0 0.00219441 0.00772107 0.0458388 0.0604681 0.0671733 0.0775358 0.0609151 0.0617685 0.073594 0.0568108 0.0755445 0.0548602 0.0670107 0.0636378 0.0643287 0.046367 0.0373049 0.0286899 0.0247887 0.0153202 0.00654259 0.00121912 0.000365735 0 0 0
 0 0 0 0 0 0 0 0 0 0 0 0 0.000112435 0.00938835 0.0111873 0.0202946 0.0414886 0.0713402 0.111592 0.104902 0.108894 0.110636 0.117776 0.105296 0.107544 0.0401394 0.0192827 0.0124803 0.00416011 0.0028671 0.000618394 0 0 0 0 0
 0 0 0 0 0 0 0 0 0 0 0.00291406 0.0102884 0.027416 0.0768956 0.0749926 0.110853 0.0956884 0.0897413 0.0766577 0.0534642 0.0500743 0.0551293 0.0594112 0.0620874 0.0668451 0.0424026 0.0208742 0.0120726 0.0048766 0.00582813 0.00118941 0.000297354 0 0 0 0
 0 0.00264628 0.0354308 0.0461629 0.0458689 0.0383711 0.0214643 0.0164657 0.0346957 0.0420465 0.0363128 0.0245516 0.0311673 0.0291091 0.0169068 0.0133784 0.00837989 0.0085269 0.0148486 0.0160247 0.0276389 0.0546898 0.0760071 0.122758 0.109233 0.0665981 0.0333725 0.0166128 0.00676272 0.00308733 0.000882094 0 0 0 0 0
 0 0 0 0 0 0 0 0.000805153 0.000690131 0.00759144 0.0133425 0.0154129 0.00931677 0.000345066 0.00356568 0.00563607 0.00851162 0.0253048 0.0502646 0.0516448 0.0657925 0.0565908 0.0611916 0.0827007 0.0866115 0.110766 0.145733 0.0935128 0.0569358 0.0249597 0.0138026 0.00621118 0.00161031 0.00115022 0 0
 0 0 0 0 0 0 0 0 0 0 0 0 0 0 0 0 0 0 0 0 0 0 0 0 0 0 0 0 0 0 0 0 0 0 0 0
 0.00147267 0.00158595 0.00478618 0.00569244 0.00954404 0.0108468 0.00647125 0.017049 0.0510054 0.094081 0.124002 0.0959785 0.0687766 0.0820023 0.061753 0.0591476 0.0492212 0.0479892 0.0443925 0.0268479 0.0217502 0.0140895 0.0121071 0.0120363 0.00920419 0.00665534 0.0049561 0.00860946 0.00930331 0.0156896 0.0114698 0.00855282 0.00243557 0.00046729 0 2.83206e-05
 0 0 0 0 0.000772559 0.00158375 0.000888443 0.00281984 0.00712685 0.0440552 0.0773331 0.111326 0.0921469 0.0852325 0.0710754 0.0886704 0.0786465 0.0553345 0.0373146 0.0185414 0.00753245 0.00457741 0.012979 0.0271748 0.0457355 0.0583668 0.034881 0.0177882 0.00938659 0.00492506 0.0015258 0.00185414 0.000309023 5.79419e-05 3.86279e-05 0
 0 0.00173294 0.00326652 0 0.00397197 0.00683976 0.00946217 0.0152591 0.00757587 0.0136028 0.0228656 0.0392903 0.0559909 0.0764795 0.0681675 0.0726916 0.0566044 0.0477403 0.0527397 0.0444891 0.0609904 0.0582453 0.0661739 0.0445044 0.0529084 0.0360697 0.0280645 0.0235558 0.0158879 0.00826598 0.00280645 0.00217768 0.000904811 0.00058276 9.20147e-05 0
 0 0 0 0 0 0 0 0 0 0 0 0 0 0 0 0 0 0 0 0 0 0 0 0 0 0 0 0 0 0 0 0 0 0 0 0
 0 0 0 0 0 0 0 0 0 0 0 0 0 0 0 0 0 0 0 0 0 0 0 0 0 0 0 0 0 0 0 0 0 0 0 0
ppred_pel_tallas
 1.01168e-16 3.35023e-05 0.000196634 0.000934713 0.0035987 0.0112222 0.0283465 0.0580005 0.0961419 0.129115 0.1405 0.123924 0.0886933 0.051731 0.0250483 0.0109363 0.00573413 0.00513277 0.00649102 0.00864637 0.0111181 0.0136103 0.0158477 0.0175729 0.0185904 0.0188078 0.0182525 0.0170561 0.0154154 0.0135426 0.011623 0.00978936 0.00811773 0.0066377 0.00534991 0.00424215
 1.01477e-16 3.04611e-05 0.000178773 0.000849788 0.0032717 0.0102025 0.0257707 0.0527308 0.0874093 0.117395 0.127766 0.11274 0.080793 0.0473326 0.0233098 0.0108444 0.00664346 0.00681375 0.00895319 0.0119677 0.0153411 0.018689 0.0216273 0.0237971 0.0249348 0.0249307 0.0238512 0.0219134 0.0194244 0.0167062 0.0140304 0.0115813 0.00944976 0.00765117 0.00615517 0.0049136
 1.02839e-16 2.3138e-05 0.000135771 0.00064533 0.00248445 0.00774742 0.0195696 0.0400437 0.0663834 0.0891707 0.0970871 0.0857607 0.0616587 0.0365264 0.0187412 0.00998684 0.00783898 0.00939913 0.0128596 0.0173411 0.0223262 0.0273257 0.0318074 0.0352593 0.0372942 0.0377329 0.0366375 0.0342788 0.0310555 0.0273931 0.0236577 0.0201055 0.0168757 0.0140134 0.0115078 0.00932604
 1.0372e-16 2.72106e-05 0.000159692 0.000759081 0.00292246 0.00911339 0.0230198 0.047102 0.078079 0.104864 0.11413 0.100711 0.0721799 0.0423025 0.0208651 0.0097685 0.00608305 0.00634803 0.00844085 0.0114125 0.0148329 0.018387 0.0217504 0.0246039 0.0266887 0.0278557 0.0280872 0.0274816 0.0262123 0.0244759 0.0224487 0.0202636 0.0180095 0.0157442 0.0135123 0.0113577
 1.03148e-16 2.94071e-05 0.000172588 0.000820389 0.00315851 0.00984951 0.0248791 0.0509064 0.0843846 0.113331 0.123339 0.108824 0.0779659 0.0456347 0.0223975 0.010295 0.00614517 0.00619102 0.00812377 0.0109084 0.0140796 0.0173072 0.0202633 0.0226361 0.0241874 0.0248018 0.0245059 0.023448 0.0218491 0.0199433 0.0179272 0.0159334 0.0140291 0.012234 0.0105443 0.00895353
 1.03821e-16 2.28097e-05 0.000133845 0.000636174 0.0024492 0.00763751 0.019292 0.0394756 0.0654414 0.0879051 0.0957083 0.0845409 0.0607776 0.0359962 0.0184541 0.00981013 0.00767333 0.00918653 0.0125695 0.0169598 0.0218545 0.026781 0.0312258 0.0346954 0.0368166 0.0374171 0.0365559 0.0344908 0.0315995 0.0282813 0.0248739 0.0216072 0.0185988 0.0158792 0.0134307 0.0112226
 1.04092e-16 2.69875e-05 0.000158383 0.000752855 0.00289849 0.00903864 0.0228309 0.0467157 0.0774385 0.104004 0.113194 0.0998852 0.0715885 0.0419568 0.0206964 0.00969279 0.00604098 0.00630942 0.00839406 0.0113551 0.0147679 0.0183216 0.0216966 0.0245776 0.0267088 0.0279418 0.028257 0.0277487 0.0265838 0.0249513 0.0230193 0.0209135 0.0187168 0.0164831 0.0142555 0.0120788
 1.04594e-16 2.34667e-05 0.000137705 0.000654532 0.0025199 0.00785798 0.0198488 0.0406147 0.0673285 0.0904359 0.0984535 0.0869412 0.0624497 0.0368792 0.0187094 0.00962858 0.00715906 0.00835012 0.0113727 0.0153619 0.0198455 0.0244026 0.0285801 0.0319407 0.0341494 0.0350438 0.0346607 0.0332078 0.0309944 0.0283477 0.0255417 0.0227604 0.0200962 0.0175752 0.0151912 0.0129359
 1.04875e-16 2.46324e-05 0.000144553 0.000687099 0.0026453 0.00824907 0.0208366 0.0426354 0.0706765 0.0949274 0.103328 0.0912108 0.06544 0.0384915 0.0192445 0.00944535 0.0064684 0.00720141 0.00972931 0.0131775 0.0171154 0.0211928 0.0250375 0.0282834 0.0306375 0.0319374 0.032175 0.0314762 0.0300514 0.0281319 0.0259184 0.0235542 0.0211256 0.0186799 0.0162496 0.0138701
 1.05252e-16 2.31533e-05 0.000135867 0.000645798 0.00248627 0.00775314 0.019584 0.0400726 0.0664296 0.0892274 0.0971348 0.0857696 0.0615926 0.0363422 0.0183808 0.0093698 0.00686152 0.00794481 0.0108209 0.0146497 0.0189863 0.0234423 0.0275982 0.0310448 0.0334615 0.034681 0.0347149 0.0337287 0.0319812 0.0297499 0.027269 0.0246982 0.0221232 0.0195785 0.0170782 0.0146397
 1.07105e-16 1.76589e-05 0.000103605 0.000492412 0.00189568 0.00591138 0.0149319 0.0305546 0.050655 0.0680506 0.0741113 0.0655113 0.0472007 0.0281646 0.0148279 0.0085172 0.00742895 0.00939503 0.013066 0.0177767 0.0231056 0.0286198 0.0338266 0.0382362 0.0414574 0.0432742 0.0436773 0.0428369 0.0410331 0.0385717 0.035714 0.0326419 0.0294603 0.0262234 0.0229682 0.0197408
 1.09236e-16 1.73999e-05 0.000102091 0.000485227 0.00186804 0.0058252 0.0147141 0.0301085 0.0499137 0.0670496 0.0730075 0.0645033 0.0464043 0.0275495 0.0142503 0.00779205 0.00637904 0.0078681 0.0109447 0.0149988 0.0196934 0.0247061 0.0296652 0.0341859 0.0379384 0.0407049 0.0424043 0.0430762 0.0428374 0.0418276 0.0401702 0.0379561 0.0352532 0.0321287 0.0286711 0.0249998
 1.07935e-16 2.3834e-05 0.000139871 0.000664851 0.00255966 0.00798201 0.020162 0.0412547 0.0683865 0.0918481 0.0999674 0.0882221 0.0632479 0.0371063 0.0183756 0.00873052 0.00561789 0.00602195 0.00810067 0.0110404 0.014481 0.0181602 0.0218032 0.0251332 0.0279173 0.0300069 0.0313542 0.0319966 0.0320219 0.0315264 0.0305845 0.029239 0.0275118 0.0254241 0.0230184 0.0203692
 1.05904e-16 2.45429e-05 0.000144027 0.000684598 0.00263567 0.00821904 0.0207608 0.0424803 0.0704195 0.0945829 0.102955 0.0908854 0.0652152 0.0383764 0.0192181 0.00948181 0.00655245 0.00732757 0.00989405 0.0133714 0.0173182 0.0213718 0.0251506 0.0282866 0.030496 0.0316377 0.0317345 0.0309474 0.0295175 0.0276947 0.0256806 0.0236006 0.0215071 0.0194046 0.0172825 0.0151409
 1.0385e-16 2.83307e-05 0.000166268 0.000790344 0.00304283 0.00948876 0.0239679 0.049042 0.0812945 0.109182 0.118827 0.10485 0.0751343 0.0440091 0.0216592 0.0100574 0.0061454 0.00631056 0.00833345 0.011218 0.0145116 0.017887 0.0210144 0.0235776 0.0253312 0.026151 0.0260533 0.0251753 0.0237268 0.0219318 0.0199788 0.0179956 0.0160485 0.0141604 0.0123346 0.0105747
 1.0239e-16 3.11923e-05 0.00018307 0.000870223 0.00335039 0.0104479 0.0263905 0.0539987 0.0895098 0.120212 0.130821 0.115409 0.0826488 0.048305 0.0235756 0.0106119 0.0060239 0.0058141 0.00752728 0.0100694 0.0129629 0.0158859 0.0185267 0.0205926 0.0218629 0.0222362 0.0217476 0.0205498 0.0188657 0.0169302 0.014941 0.0130318 0.0112695 0.00967005 0.00822165 0.00690582
 1.02553e-16 2.64957e-05 0.000155488 0.000739077 0.00284542 0.0088731 0.0224129 0.045861 0.0760241 0.102112 0.111153 0.0981288 0.070427 0.0414714 0.0208183 0.0103501 0.00724297 0.00814109 0.010964 0.0147348 0.0189393 0.0231405 0.0268796 0.0297212 0.0313407 0.0315953 0.0305515 0.0284551 0.0256595 0.022537 0.0194023 0.0164696 0.0138464 0.0115562 0.00957265 0.00785266
 1.03245e-16 2.65671e-05 0.000155911 0.000741097 0.00285321 0.0088974 0.0224742 0.0459861 0.0762304 0.102385 0.111441 0.0983611 0.0705452 0.0414439 0.020626 0.00996391 0.00661295 0.00720326 0.0096583 0.0130285 0.0168498 0.0207526 0.0243507 0.0272697 0.0292167 0.0300404 0.0297553 0.0285204 0.0265859 0.0242245 0.0216745 0.0191074 0.0166247 0.0142746 0.0120766 0.0100415
 1.0355e-16 2.68483e-05 0.000157563 0.000748949 0.00288344 0.0089917 0.0227124 0.0464734 0.0770379 0.103469 0.112619 0.0993962 0.0712777 0.0418542 0.0207928 0.00998174 0.00654192 0.00706412 0.0094479 0.0127348 0.0164611 0.0202628 0.0237625 0.0265963 0.0284828 0.0292801 0.0290093 0.0278324 0.0259974 0.0237707 0.0213799 0.0189833 0.0166679 0.014468 0.0123915 0.010442
 1.02748e-16 3.0733e-05 0.000180374 0.000857409 0.00330106 0.010294 0.0260019 0.0532036 0.0881916 0.118441 0.128893 0.113707 0.0814262 0.0475833 0.0232106 0.0104273 0.00589372 0.00567311 0.0073506 0.00985512 0.0127255 0.0156551 0.0183467 0.0205178 0.0219511 0.0225384 0.0222984 0.0213598 0.0199176 0.018181 0.0163278 0.0144812 0.0127077 0.0110318 0.00945641 0.00798114
 1.02457e-16 2.86703e-05 0.000168259 0.0007998 0.00307923 0.00960224 0.0242546 0.0496289 0.0822682 0.110492 0.12026 0.106132 0.076089 0.0446413 0.0221053 0.0104885 0.00670531 0.00710303 0.00942714 0.0126452 0.0162576 0.0198778 0.0231121 0.0255886 0.0270299 0.0273131 0.026493 0.0247762 0.0224605 0.0198587 0.0172344 0.0147658 0.012541 0.0105783 0.00885562 0.00733848
 1.02585e-16 2.8683e-05 0.000168335 0.000800163 0.00308063 0.00960663 0.0242657 0.0496514 0.0823051 0.110541 0.120309 0.106166 0.076096 0.0446095 0.0220233 0.0103404 0.00646942 0.00675461 0.00894471 0.0120187 0.0154968 0.0190182 0.0222162 0.0247406 0.0263239 0.0268367 0.0263105 0.024916 0.0229095 0.0205659 0.0181216 0.0157423 0.0135191 0.0114852 0.00964119 0.00797679
 1.02332e-16 3.06039e-05 0.000179615 0.000853797 0.00328715 0.0102506 0.0258924 0.0529795 0.0878206 0.117944 0.128356 0.113241 0.0811095 0.0474329 0.0232017 0.0105319 0.00610322 0.00599834 0.00781073 0.0104652 0.0134863 0.0165461 0.019323 0.0215125 0.0228827 0.0233231 0.0228631 0.0216534 0.0199186 0.0178979 0.0157957 0.0137539 0.0118484 0.0101045 0.00851948 0.00708249
 1.02642e-16 2.69162e-05 0.000157958 0.000750822 0.00289064 0.00901414 0.0227691 0.0465897 0.0772316 0.103732 0.112912 0.0996718 0.071512 0.0420653 0.0210333 0.0103204 0.00705037 0.0078094 0.0104846 0.0140926 0.018129 0.0221761 0.0257979 0.02858 0.0302115 0.0305525 0.0296603 0.0277611 0.0251829 0.0222724 0.0193233 0.0165361 0.0140133 0.0117802 0.00981736 0.00809095
pSPR Fmed_Fpbrs
0.784791   0.328177 0.328177
Fs Fmed_Fpbrs
0.142562   1.005 1.005
SSBpbr Bo_Bmed_Bpbrs
1.7746e+06  1.30396e+06  493655 493655
Ro
76115
SPR SPRFo_SPRFmed_SPRFpbrs
1.56596e+06 1.22895e+06 513912
log_Ro
11.06
likeval ReclasPelacesDesembMPH_pf_preclas_ppelaces_ptallas_desvR_qrecl_qpela
 63.9641 24.0735 0.0411818 0.00021292 293.935 178.024 82.3878 0 17.2642 0.000134918 2.53709e-07 0 0 0 0
q_reclas_q_pelaces
0.192829 0.930847
M
0.7
N
 94635.9 23747 8845.74 1044.28 0.499933
 118527 44503.3 9177.76 3418.71 403.788
 77984.8 56624.4 18494.2 3813.99 1588.51
 110253 36791.9 22212.7 7254.92 2119.3
 178383 54243 17504.6 10568.2 4460
 134129 88396.8 26677.5 8609.02 7391.1
 192355 65109.4 39536.1 11931.7 7156.17
 161566 94169.7 30281 18387.4 8877.36
 167570 77885.5 40794.2 13117.7 11811
 144949 80325.5 32875.3 17219.1 10522.3
 71187.6 69733.1 34473.2 14109.1 11905.8
 42810 32869 24772.1 12246.3 9241.57
 42791.9 19859.6 11932 8992.68 7800.46
 25854.8 19138.1 6092.3 3660.35 5151.6
 21829.2 10765.3 4224.98 1344.95 1945.35
 29558.9 9359.02 2719.13 1067.15 831.07
 26215.7 13862.2 3571.67 1037.7 724.415
 29179.1 12488.2 5685.09 1464.79 722.666
 34264.4 14092.5 5456.51 2484.01 955.773
 59605.6 16615.5 6273 2428.86 1531.15
 75579.9 28900.2 7391.64 2790.64 1761.67
 103238 37090.4 13590.8 3476.05 2140.8
 170709 50487.6 17165.4 6289.81 2599.47
 181307 83292.4 23120.3 7860.7 4070.76
pred_Ctot
 3619.61 3841.61 1431 168.936 0.0808754
 3243.39 5275.44 1087.94 405.255 47.8652
 2809.47 8670.33 2831.83 583.998 243.233
 734.687 1111.69 671.168 219.211 64.0358
 268.818 374.906 120.985 73.0431 30.8257
 2171.17 6353.14 1917.33 618.737 531.204
 1958.17 2982.17 1810.85 546.503 327.77
 3403.26 8712.97 2801.72 1701.28 821.37
 4190.31 8480.98 4442.09 1428.39 1286.11
 3259.22 7908.69 3236.84 1695.36 1036.01
 3609.23 14551.3 7193.59 2944.16 2484.4
 2034.37 6473.57 4878.88 2411.92 1820.13
 3076.84 5611.75 3371.63 2541.07 2204.19
 3033.95 8002.79 2547.56 1530.62 2154.2
 2163.09 3953.01 1551.4 493.863 714.328
 1186.12 1581.9 459.597 180.374 140.471
 769.621 1755.21 452.238 131.391 91.7241
 576.466 1086.84 494.769 127.48 62.8931
 579.645 1056.79 409.184 186.275 71.6733
 1013.79 1252.47 472.857 183.087 115.418
 639.827 1104.96 282.608 106.696 67.3548
 1129.23 1822.3 667.735 170.783 105.18
 2144.68 2838.87 965.193 353.671 146.166
 2165.41 4458.45 1237.58 420.765 217.898
F
 0.0544735 0.250673 0.250673 0.250673 0.250673
 0.0387042 0.178107 0.178107 0.178107 0.178107
 0.0512364 0.235777 0.235777 0.235777 0.235777
 0.00930399 0.0428146 0.0428146 0.0428146 0.0428146
 0.0020974 0.00965168 0.00965168 0.00965168 0.00965168
 0.0227352 0.104621 0.104621 0.104621 0.104621
 0.0142446 0.06555 0.06555 0.06555 0.06555
 0.0296755 0.136559 0.136559 0.136559 0.136559
 0.0353168 0.162519 0.162519 0.162519 0.162519
 0.0317061 0.145903 0.145903 0.145903 0.145903
 0.0727891 0.334957 0.334957 0.334957 0.334957
 0.0680845 0.313307 0.313307 0.313307 0.313307
 0.10467 0.481663 0.481663 0.481663 0.481663
 0.176165 0.810666 0.810666 0.810666 0.810666
 0.146906 0.676022 0.676022 0.676022 0.676022
 0.0572191 0.263308 0.263308 0.263308 0.263308
 0.0415757 0.191321 0.191321 0.191321 0.191321
 0.02781 0.127974 0.127974 0.127974 0.127974
 0.0237709 0.109388 0.109388 0.109388 0.109388
 0.0239007 0.109985 0.109985 0.109985 0.109985
 0.0118331 0.0544528 0.0544528 0.0544528 0.0544528
 0.0153127 0.0704649 0.0704649 0.0704649 0.0704649
 0.0176057 0.0810167 0.0810167 0.0810167 0.0810167
 0.0167304 0.0769891 0.0769891 0.0769891 0.0769891
nmprior
 10 10 8 0
nm_flota  nm_reclas  nm_pelaces    nm_pelaL
inf 12.0675 19.7138 35.7869
cv_recla  cv_pelaces  cv_mph
0.740448 0.577344 0.473419
 ------------------------------------------------
Talla a la edad & desviación 
 7.2 14.2025 17.0495 18.207 18.6776
 1.08 2.13037 2.55742 2.73105 2.80164
