years
 1997 1998 1999 2000 2001 2002 2003 2004 2005 2006 2007 2008 2009 2010 2011 2012 2013 2014 2015 2016 2017 2018 2019 2020
reclasobs
 0 0 0 370054 412103 1.49427e+06 250295 1.28982e+06 931140 785840 897777 1.04006e+06 184774 17550 25797 100020 73551 82996 120727 218422 84188 347160 605670 569463
reclaspred
 3.05195e+06 390219 589597 186187 242203 314019 574171 490684 767703 1.15106e+06 1.23517e+06 818059 450144 201728 129393 119787 129410 164948 156016 211027 388687 387881 555919 419028
pelacesobs
 0 0 0 0 0 0 0 0 0 2.06254e+06 1.5e+06 0 1.87456e+06 323000 250000 174000 83755 137374 0 501740 490994 745055 786931 1.00524e+06
pelacespred
 1.33855e+06 528819 182865 135032 140811 131022 297412 283117 427340 668549 636435 436187 241443 86216.5 54086 57035.9 64367.6 82337.1 81681.7 106430 216334 227704 248087 223148
mphobs
 0 0 0 0 0 112323 0 153150 637223 0 255016 313432 73983 77613 109348 50772 0 0 0 0 0 0 0 0
mphpred
 2.17606e+06 952058 445014 246351 144343 308802 343756 476394 544000 850620 1.23252e+06 882458 501177 266204 120969 102915 105515 131345 145481 145622 268850 370651 415793 429762
desembarqueobs
 350755 77701 442110 56441 14545 235359 269955 359681 431902 328805 639364 411747 362871 311530 167758 66681 60226 58785 57116 71774 51957 67425 138520 160799
desembarquepred
 350736 77682 441696 56423.4 14543.9 235195 269834 359274 431555 328600 638687 411396 362356 311069 167486 66645.8 60207.7 58753.6 57077.8 71724.2 51944.2 67392.1 138442 160713
Reclutas
 12003 15151.3 3164.83 7371.81 50091.3 19420.8 56398.4 72099.8 125665 188638 65911.4 27857 48924.4 27533.2 19569.1 14571.2 11787.2 11531.8 9855.56 27748 38097.1 34876.7 39585.2 14424.6
log_desv_Rt
 -0.767091 -0.534156 -2.10014 -1.25458 0.661603 -0.285898 0.780196 1.02581 1.58137 1.98758 0.936067 0.07484 0.638032 0.0631476 -0.278293 -0.573196 -0.785228 -0.807136 -0.964209 0.0709178 0.387893 0.299573 0.426211 -0.583309
SSB
 2.17606e+06 952058 445014 246351 144343 308802 343756 476394 544000 850620 1.23252e+06 882458 501177 266204 120969 102915 105515 131345 145481 145622 268850 370651 415793 429762
BT
 2.80536e+06 1.1219e+06 596478 326400 393781 436241 1.07679e+06 1.08613e+06 1.5969e+06 2.02483e+06 1.88417e+06 1.23381e+06 901556 483997 278605 183165 200133 234098 217358 325521 578396 516756 603494 569688
Ftot
 0.111836 0.192687 0.692472 0.291316 0.0586934 0.694379 0.448971 0.687125 0.534688 0.275764 0.489382 0.475943 0.746079 1.33403 1.1575 0.526334 0.443391 0.341789 0.350425 0.32715 0.130074 0.168576 0.240412 0.366421
BD_Bspro_t
 0.98244 0.870446 0.682633 0.382448 0.419494 0.664546 0.505573 0.53469 0.519857 0.571008 0.623272 0.466488 0.340839 0.246593 0.145813 0.149651 0.201614 0.306235 0.383188 0.445611 0.617787 0.738818 0.729507 0.668952
BD_Bspro
 4.09194 1.79028 0.836819 0.463246 0.271427 0.580681 0.646409 0.895827 1.02295 1.59953 2.31766 1.6594 0.94243 0.500579 0.227475 0.193526 0.198413 0.246985 0.273568 0.273832 0.505554 0.696985 0.78187 0.808138
BD_Bo
 2.13727 0.935087 0.437081 0.241959 0.14177 0.303297 0.337628 0.467902 0.534302 0.835457 1.21054 0.866728 0.492244 0.261459 0.118813 0.101081 0.103634 0.129004 0.142888 0.143026 0.264058 0.364044 0.408381 0.422101
BD_Brms
 10.406 4.55275 2.12806 1.17805 0.69025 1.47669 1.64384 2.27812 2.60141 4.06768 5.89391 4.21993 2.39664 1.27299 0.578477 0.492143 0.504573 0.628093 0.695693 0.696365 1.28565 1.77246 1.98833 2.05513
S_f
 0.5 1 1 1 1
 0.5 1 1 1 1
 0.5 1 1 1 1
 0.5 1 1 1 1
 0.5 1 1 1 1
 0.5 1 1 1 1
 0.5 1 1 1 1
 0.5 1 1 1 1
 0.5 1 1 1 1
 0.5 1 1 1 1
 0.5 1 1 1 1
 0.5 1 1 1 1
 0.5 1 1 1 1
 0.5 1 1 1 1
 0.5 1 1 1 1
 0.5 1 1 1 1
 0.5 1 1 1 1
 0.5 1 1 1 1
 0.5 1 1 1 1
 0.5 1 1 1 1
 0.5 1 1 1 1
 0.5 1 1 1 1
 0.5 1 1 1 1
 0.5 1 1 1 1
Scru_reclas
 0.5 1 1 1 1
 0.5 1 1 1 1
 0.5 1 1 1 1
 0.5 1 1 1 1
 0.5 1 1 1 1
 0.5 1 1 1 1
 0.5 1 1 1 1
 0.5 1 1 1 1
 0.5 1 1 1 1
 0.5 1 1 1 1
 0.5 1 1 1 1
 0.5 1 1 1 1
 0.5 1 1 1 1
 0.5 1 1 1 1
 0.5 1 1 1 1
 0.5 1 1 1 1
 0.5 1 1 1 1
 0.5 1 1 1 1
 0.5 1 1 1 1
 0.5 1 1 1 1
 0.5 1 1 1 1
 0.5 1 1 1 1
 0.5 1 1 1 1
 0.5 1 1 1 1
Scru_pelaces
 0.5 1 1 1 1
 0.5 1 1 1 1
 0.5 1 1 1 1
 0.5 1 1 1 1
 0.5 1 1 1 1
 0.5 1 1 1 1
 0.5 1 1 1 1
 0.5 1 1 1 1
 0.5 1 1 1 1
 0.5 1 1 1 1
 0.5 1 1 1 1
 0.5 1 1 1 1
 0.5 1 1 1 1
 0.5 1 1 1 1
 0.5 1 1 1 1
 0.5 1 1 1 1
 0.5 1 1 1 1
 0.5 1 1 1 1
 0.5 1 1 1 1
 0.5 1 1 1 1
 0.5 1 1 1 1
 0.5 1 1 1 1
 0.5 1 1 1 1
 0.5 1 1 1 1
pf_obs 
 0.256992 0.487395 0.22802 0.0275931 0
 0.321318 0.546541 0.124235 0.00734118 0.000564706
 0.182869 0.594174 0.210203 0.0122559 0.00049798
 0.330522 0.361315 0.267642 0.0388342 0.00168674
 0.649043 0.306663 0.0425973 0.00169635 0
 0.582887 0.30429 0.105238 0.00758474 0
 0.465427 0.430635 0.0974691 0.00646863 0
 0.296916 0.608066 0.0921331 0.00288517 0
 0.311714 0.524322 0.152257 0.0117073 0
 0.15457 0.633149 0.183074 0.0267441 0.00246327
 0.131901 0.49318 0.331252 0.0422183 0.00144891
 0.196976 0.569456 0.194076 0.0375587 0.00193317
 0.518974 0.381816 0.0799577 0.0180837 0.00116848
 0.0928022 0.601141 0.25162 0.0475244 0.00691264
 0.122501 0.610282 0.24278 0.0234846 0.000952079
 0.383417 0.481906 0.127806 0.00687128 0
 0.0376549 0.599619 0.316969 0.0457579 0
 0.0361596 0.667082 0.258105 0.0386534 0
 0.158088 0.579412 0.248529 0.0139706 0
 0.0477256 0.309471 0.559284 0.082774 0.000745712
 0.0406174 0.521527 0.379366 0.0568643 0.0016247
 0.151134 0.462217 0.34131 0.0453401 0
 0.294876 0.26143 0.354403 0.0886775 0.000613685
 0.281977 0.475581 0.204845 0.0348837 0.00271318
pf_pred 
 0.0675178 0.607548 0.28681 0.0381219 1.87031e-06
 0.154093 0.109989 0.479479 0.226351 0.0300874
 0.0688532 0.258779 0.0874247 0.381113 0.20383
 0.351932 0.0997785 0.152378 0.0514785 0.344433
 0.812779 0.101382 0.0132161 0.0201831 0.0524403
 0.293285 0.634798 0.0389437 0.0050767 0.0278968
 0.696562 0.153366 0.1348 0.00826975 0.00700197
 0.608253 0.32892 0.0317548 0.0279107 0.00316204
 0.686283 0.248558 0.0547085 0.00528172 0.00516826
 0.636625 0.304025 0.047023 0.0103499 0.00197696
 0.261189 0.584662 0.128972 0.0199479 0.00522925
 0.212313 0.354014 0.343189 0.0757049 0.0147787
 0.498939 0.19173 0.139024 0.134773 0.0355337
 0.428284 0.40805 0.0626264 0.0454109 0.055629
 0.546529 0.315577 0.0984189 0.0151051 0.0243701
 0.536183 0.359865 0.0723421 0.0225613 0.00904921
 0.458846 0.394896 0.113478 0.022812 0.00996791
 0.465373 0.352188 0.133131 0.0382568 0.0110511
 0.41958 0.38177 0.130861 0.049467 0.0183211
 0.690148 0.190685 0.0783817 0.0268672 0.0139177
 0.581709 0.347348 0.0436591 0.0179462 0.00933807
 0.43105 0.422525 0.121591 0.0152831 0.009551
 0.445504 0.340369 0.159019 0.0457613 0.00934642
 0.220367 0.493144 0.175857 0.0821597 0.0284722
pobs_RECLAS
 0 0 0 0 0
 0 0 0 0 0
 0 0 0 0 0
 0 0 0 0 0
 0.835266 0.146461 0.0176864 0.000547809 3.91292e-05
 0.385257 0.428462 0.181853 0.0044286 0
 0.867414 0.0963971 0.0333333 0.00285562 0
 0.441836 0.489002 0.0689373 0.000224442 0
 0.779404 0.147425 0.0564933 0.0165055 0.000172143
 0.814271 0.122319 0.05973 0.00367925 0
 0.40263 0.566651 0.0304383 0.000280538 0
 0.475488 0.404961 0.113038 0.00651328 0
 0.955842 0.0263864 0.0167828 0.000988607 0
 0.975058 0.0227948 0.00214734 0 0
 0.738997 0.206755 0.0527124 0.00153531 0
 0.850938 0.134255 0.0134407 0.00136685 0
 0.542534 0.407297 0.0501686 0 0
 0.764087 0.199537 0.0359546 0.000420521 0
 0.470689 0.182191 0.310203 0.0369168 0
 0.84361 0.089868 0.0606195 0.00523954 0.000663233
 0.607945 0.314616 0.071237 0.00620181 0
 0.523733 0.453247 0.0230204 0 0
 0.530135 0.295979 0.169645 0.0042399 0
 0.562478 0.366248 0.0663022 0.0049721 0
ppred_RECLAS
 0.0677458 0.607399 0.28674 0.0381126 1.86986e-06
 0.154969 0.109875 0.478982 0.226117 0.0300563
 0.0710866 0.258158 0.087215 0.380199 0.203341
 0.354444 0.0993918 0.151787 0.051279 0.343099
 0.813053 0.101233 0.0131968 0.0201535 0.0523635
 0.300477 0.628338 0.0385474 0.00502503 0.0276129
 0.700573 0.151339 0.133018 0.00816042 0.0069094
 0.616313 0.322152 0.0311015 0.0273365 0.00309699
 0.691436 0.244476 0.05381 0.00519497 0.00508338
 0.639 0.302038 0.0467158 0.0102823 0.00196404
 0.26533 0.581385 0.128249 0.0198361 0.00519994
 0.215775 0.352458 0.341681 0.0753723 0.0147137
 0.508473 0.188082 0.136379 0.132209 0.0348576
 0.450478 0.392209 0.0601952 0.043648 0.0534694
 0.564457 0.3031 0.094528 0.0145079 0.0234067
 0.542031 0.355327 0.07143 0.0222769 0.00893512
 0.463504 0.391497 0.112501 0.0226157 0.00988213
 0.468712 0.349988 0.1323 0.0380179 0.0109821
 0.422956 0.37955 0.1301 0.0491794 0.0182146
 0.692857 0.189018 0.0776965 0.0266324 0.013796
 0.582749 0.346484 0.0435505 0.0179016 0.00931485
 0.432458 0.421479 0.12129 0.0152453 0.00952736
 0.447656 0.339048 0.158402 0.0455837 0.00931016
 0.222895 0.491545 0.175287 0.0818933 0.0283799
pobs_PELACES
 0 0 0 0 0
 0 0 0 0 0
 0 0 0 0 0
 0 0 0 0 0
 0 0 0 0 0
 0 0 0 0 0
 0 0 0 0 0
 0 0 0 0 0
 0 0 0 0 0
 0 0 0 0 0
 0.450072 0.473896 0.0757376 0.000293798 0
 0 0 0 0 0
 0.463077 0.371075 0.160297 0.00555027 0
 0.529543 0.364841 0.0842815 0.0213345 0
 0.631943 0.363953 0.00410389 0 0
 0.735681 0.248677 0.0153453 0.000297389 0
 0.695825 0.281241 0.0229344 0 0
 0.275771 0.60734 0.115278 0.00161068 0
 0 0 0 0 0
 0.896147 0.0623911 0.0374545 0.00400742 0
 0.803859 0.145111 0.0509908 3.86294e-05 0
 0.739449 0.233085 0.0266225 0.000797448 4.60066e-05
 0.878498 0.100942 0.0204185 0.000141795 0
 0.694673 0.275183 0.0284847 0.00165964 0
ppred_PELACES
 0.0689206 0.606634 0.286379 0.0380646 1.8675e-06
 0.159178 0.109328 0.476596 0.224991 0.0299066
 0.0790112 0.255956 0.086471 0.376955 0.201607
 0.365517 0.0976868 0.149183 0.0503994 0.337213
 0.814521 0.100439 0.0130932 0.0199953 0.0519525
 0.325095 0.606225 0.0371908 0.00484819 0.0266411
 0.715879 0.143603 0.126219 0.00774329 0.00655622
 0.642746 0.299958 0.0289588 0.0254532 0.00288363
 0.709934 0.22982 0.0505841 0.00488353 0.00477863
 0.649428 0.293313 0.0453663 0.00998526 0.0019073
 0.281366 0.568695 0.12545 0.0194031 0.00508644
 0.22936 0.346353 0.335762 0.0740666 0.0144588
 0.539169 0.176336 0.127862 0.123953 0.0326807
 0.505344 0.35305 0.0541852 0.0392901 0.0481309
 0.610701 0.270919 0.0844915 0.0129675 0.0209215
 0.563497 0.338672 0.0680819 0.0212327 0.00851631
 0.481737 0.378192 0.108678 0.0218471 0.00954628
 0.482777 0.340723 0.128797 0.0370114 0.0106913
 0.437127 0.370229 0.126905 0.0479716 0.0177673
 0.704223 0.182023 0.0748212 0.0256468 0.0132855
 0.587959 0.342158 0.0430068 0.0176781 0.00919856
 0.439297 0.4164 0.119828 0.0150616 0.00941255
 0.457483 0.333016 0.155584 0.0447727 0.00914451
 0.233542 0.484811 0.172885 0.0807713 0.0279911
pobs_pel_tallas
 0 0 0 0 0 0 0 0 0 0 0 0 0 0 0 0 0 0 0 0 0 0 0 0 0 0 0 0 0 0 0 0 0 0 0 0
 0 0 0 0 0 0 0 0 0 0 0 0 0 0 0 0 0 0 0 0 0 0 0 0 0 0 0 0 0 0 0 0 0 0 0 0
 0 0 0 0 0 0 0 0 0 0 0 0 0 0 0 0 0 0 0 0 0 0 0 0 0 0 0 0 0 0 0 0 0 0 0 0
 0 0 0 0 0 0 0 0 0 0 0 0 0 0 0 0 0 0 0 0 0 0 0 0 0 0 0 0 0 0 0 0 0 0 0 0
 0 0 0 0 0 0 0 0 0 0 0 0 0 0 0 0 0 0 0 0 0 0 0 0 0 0 0 0 0 0 0 0 0 0 0 0
 0 0 0 0 0 0 0 0 0 0 0 0 0 0 0 0 0 0 0 0 0 0 0 0 0 0 0 0 0 0 0 0 0 0 0 0
 0 0 0 0 0 0 0 0 0 0 0 0 0 0 0 0 0 0 0 0 0 0 0 0 0 0 0 0 0 0 0 0 0 0 0 0
 0 0 0 0 0 0 0 0 0 0 0 0 0 0 0 0 0 0 0 0 0 0 0 0 0 0 0 0 0 0 0 0 0 0 0 0
 0 0 0 0 0 0 0 0 0 0 0 0 0 0 0 0 0 0 0 0 0 0 0 0 0 0 0 0 0 0 0 0 0 0 0 0
 0 0 0 0 0 0 0 0 0 0 0 0 0 0 0 0 0 0 0 0 0 0 0 0 0 0 0 0 0 0 0 0 0 0 0 0
 0 0 0 0 0 0 0 0 1.78061e-05 0.00172719 0.00360574 0.0105946 0.0120993 0.0124554 0.0147524 0.0171206 0.0266825 0.0428682 0.0675386 0.121331 0.153587 0.119568 0.100827 0.0573624 0.0630603 0.0341343 0.0324427 0.0444173 0.0211091 0.0280891 0.0125444 0.00206551 0 0 0 0
 0 0 0 0 0 0 0 0 0 0 0 0 0 0 0 0 0 0 0 0 0 0 0 0 0 0 0 0 0 0 0 0 0 0 0 0
 0 0 0 0 0 0 0.0133647 0.0140871 0.0187388 0.0205184 0.03894 0.0496705 0.03968 0.0493445 0.0407372 0.0367815 0.0215668 0.0243155 0.0234873 0.0199281 0.019796 0.0243948 0.0301388 0.0376714 0.0412746 0.0863199 0.0771752 0.113111 0.0741005 0.0525337 0.0229764 0.00759418 0.00175318 0 0 0
 0 0 0 0 0 0 0 0 0 0 0.00219441 0.00772107 0.0458388 0.0604681 0.0671733 0.0775358 0.0609151 0.0617685 0.073594 0.0568108 0.0755445 0.0548602 0.0670107 0.0636378 0.0643287 0.046367 0.0373049 0.0286899 0.0247887 0.0153202 0.00654259 0.00121912 0.000365735 0 0 0
 0 0 0 0 0 0 0 0 0 0 0 0 0.000112435 0.00938835 0.0111873 0.0202946 0.0414886 0.0713402 0.111592 0.104902 0.108894 0.110636 0.117776 0.105296 0.107544 0.0401394 0.0192827 0.0124803 0.00416011 0.0028671 0.000618394 0 0 0 0 0
 0 0 0 0 0 0 0 0 0 0 0.00291406 0.0102884 0.027416 0.0768956 0.0749926 0.110853 0.0956884 0.0897413 0.0766577 0.0534642 0.0500743 0.0551293 0.0594112 0.0620874 0.0668451 0.0424026 0.0208742 0.0120726 0.0048766 0.00582813 0.00118941 0.000297354 0 0 0 0
 0 0.00264628 0.0354308 0.0461629 0.0458689 0.0383711 0.0214643 0.0164657 0.0346957 0.0420465 0.0363128 0.0245516 0.0311673 0.0291091 0.0169068 0.0133784 0.00837989 0.0085269 0.0148486 0.0160247 0.0276389 0.0546898 0.0760071 0.122758 0.109233 0.0665981 0.0333725 0.0166128 0.00676272 0.00308733 0.000882094 0 0 0 0 0
 0 0 0 0 0 0 0 0.000805153 0.000690131 0.00759144 0.0133425 0.0154129 0.00931677 0.000345066 0.00356568 0.00563607 0.00851162 0.0253048 0.0502646 0.0516448 0.0657925 0.0565908 0.0611916 0.0827007 0.0866115 0.110766 0.145733 0.0935128 0.0569358 0.0249597 0.0138026 0.00621118 0.00161031 0.00115022 0 0
 0 0 0 0 0 0 0 0 0 0 0 0 0 0 0 0 0 0 0 0 0 0 0 0 0 0 0 0 0 0 0 0 0 0 0 0
 0.00147267 0.00158595 0.00478618 0.00569244 0.00954404 0.0108468 0.00647125 0.017049 0.0510054 0.094081 0.124002 0.0959785 0.0687766 0.0820023 0.061753 0.0591476 0.0492212 0.0479892 0.0443925 0.0268479 0.0217502 0.0140895 0.0121071 0.0120363 0.00920419 0.00665534 0.0049561 0.00860946 0.00930331 0.0156896 0.0114698 0.00855282 0.00243557 0.00046729 0 2.83206e-05
 0 0 0 0 0.000772559 0.00158375 0.000888443 0.00281984 0.00712685 0.0440552 0.0773331 0.111326 0.0921469 0.0852325 0.0710754 0.0886704 0.0786465 0.0553345 0.0373146 0.0185414 0.00753245 0.00457741 0.012979 0.0271748 0.0457355 0.0583668 0.034881 0.0177882 0.00938659 0.00492506 0.0015258 0.00185414 0.000309023 5.79419e-05 3.86279e-05 0
 0 0.00173294 0.00326652 0 0.00397197 0.00683976 0.00946217 0.0152591 0.00757587 0.0136028 0.0228656 0.0392903 0.0559909 0.0764795 0.0681675 0.0726916 0.0566044 0.0477403 0.0527397 0.0444891 0.0609904 0.0582453 0.0661739 0.0445044 0.0529084 0.0360697 0.0280645 0.0235558 0.0158879 0.00826598 0.00280645 0.00217768 0.000904811 0.00058276 9.20147e-05 0
 0 0 0 0 0 0 0 0 0 0 0 0 0 0 0 0 0 0 0 0 0 0 0 0 0 0 0 0 0 0 0 0 0 0 0 0
 0 0 0 0 0 0 0 0 0 0 0 0 0 0 0 0 0 0 0 0 0 0 0 0 0 0 0 0 0 0 0 0 0 0 0 0
ppred_pel_tallas
 1.05571e-16 3.04318e-06 1.777e-05 8.4281e-05 0.000324169 0.0010106 0.00255336 0.0052294 0.00868691 0.0117226 0.012905 0.0117366 0.00917306 0.00691259 0.00627434 0.00775153 0.0113068 0.0167752 0.0239796 0.0326252 0.042179 0.0518474 0.0606692 0.0676906 0.0721663 0.0737153 0.0723865 0.0686069 0.0630447 0.0564352 0.0494305 0.0425127 0.0359784 0.0299742 0.0245553 0.019736
 1.1593e-16 6.95886e-06 4.08038e-05 0.000193887 0.000746348 0.00232727 0.00587857 0.0120294 0.0199443 0.0267977 0.0291958 0.0258354 0.018676 0.0112729 0.00618579 0.00398497 0.00403145 0.00557004 0.00819572 0.0117945 0.0163543 0.0218379 0.0281288 0.0350177 0.0422078 0.0493306 0.0559681 0.0616822 0.066052 0.0687187 0.0694339 0.0681015 0.0648039 0.0597985 0.0534889 0.0463677
 1.23684e-16 3.46758e-06 2.02974e-05 9.63753e-05 0.000370869 0.00115634 0.00292105 0.00597899 0.00991918 0.0133466 0.0145907 0.0130295 0.00967567 0.00635383 0.00441499 0.0042386 0.00560639 0.00822208 0.0119146 0.0165831 0.0220914 0.0282166 0.0346603 0.041098 0.0472381 0.052863 0.0578385 0.0620855 0.0655332 0.0680756 0.0695555 0.0697849 0.0685955 0.0658986 0.061734 0.0562886
 1.19638e-16 1.59545e-05 9.36201e-05 0.000444991 0.00171318 0.00534232 0.0134943 0.0276114 0.0457703 0.0614727 0.0669062 0.0590441 0.0423275 0.0248303 0.0122979 0.00586081 0.00383009 0.00422241 0.00586029 0.00827741 0.0113314 0.0149567 0.0190733 0.0235705 0.0283137 0.0331509 0.037914 0.0424135 0.046434 0.0497387 0.0520862 0.0532623 0.0531179 0.0516022 0.0487812 0.0448376
 1.03334e-16 3.55335e-05 0.000208565 0.000991451 0.00381719 0.0119036 0.0300674 0.0615212 0.101976 0.136942 0.148999 0.131378 0.0939345 0.054599 0.0260832 0.0107838 0.00478388 0.0034895 0.00409743 0.00540619 0.00697696 0.0086032 0.0101226 0.0113905 0.0122997 0.0128026 0.0129175 0.012716 0.0122972 0.0117572 0.0111653 0.0105536 0.00992133 0.00924819 0.00851139 0.00769939
 1.02137e-16 1.42129e-05 8.33478e-05 0.000396049 0.00152456 0.00475398 0.0120088 0.0245758 0.0407529 0.054778 0.0597358 0.0529919 0.0385891 0.0238433 0.0140413 0.010388 0.0115616 0.0158921 0.0222593 0.0299375 0.0382224 0.0462533 0.0530567 0.0577182 0.0595897 0.0584465 0.0545417 0.0485314 0.0413056 0.033778 0.0267046 0.0205781 0.0156096 0.0117799 0.00892645 0.00683018
 1.02411e-16 3.12344e-05 0.000183321 0.000871426 0.00335504 0.0104624 0.0264271 0.0540732 0.089632 0.120372 0.130986 0.115533 0.0826877 0.0482292 0.0233565 0.0102095 0.00538164 0.00486715 0.00622041 0.00837992 0.0109234 0.0136003 0.0161723 0.0184036 0.0200959 0.0211234 0.02145 0.0211229 0.020247 0.0189521 0.0173652 0.0155938 0.013724 0.0118256 0.00995957 0.00818225
 1.01519e-16 2.80516e-05 0.000164621 0.000782494 0.00301258 0.00939438 0.0237296 0.0485552 0.0804901 0.10811 0.11768 0.103887 0.0745512 0.0438819 0.0219934 0.0108731 0.00752322 0.00838081 0.0112309 0.0150261 0.0192094 0.0233091 0.0268366 0.0293374 0.0304854 0.0301597 0.0284705 0.0257245 0.0223422 0.0187575 0.0153305 0.0122971 0.00976176 0.00772291 0.00611444 0.00484625
 1.01185e-16 3.09785e-05 0.000181811 0.000864231 0.00332731 0.0103759 0.0262087 0.053627 0.0888948 0.119389 0.129935 0.114649 0.0821506 0.0481072 0.0236526 0.0109385 0.00661227 0.0067111 0.00879084 0.0117406 0.0150408 0.0183093 0.021166 0.0232567 0.024321 0.0242515 0.023115 0.0211283 0.0185985 0.0158482 0.0131513 0.0106953 0.00857435 0.00680627 0.00536118 0.00418904
 1.01172e-16 2.83427e-05 0.000166331 0.000790623 0.00304388 0.009492 0.0239762 0.0490596 0.081326 0.109232 0.1189 0.104959 0.0753092 0.0443064 0.0221662 0.0108932 0.00745519 0.00825054 0.0110424 0.0147777 0.0189028 0.0229536 0.0264495 0.0289413 0.0301043 0.0298121 0.0281652 0.0254568 0.0220951 0.0185053 0.0150449 0.0119547 0.00934943 0.00724087 0.0055759 0.00427444
 1.02871e-16 1.23048e-05 7.21485e-05 0.000342813 0.0013196 0.00411482 0.0103943 0.0212721 0.0352763 0.0474216 0.0517267 0.0459182 0.0335059 0.0208382 0.0125135 0.00960345 0.0109959 0.0152754 0.0214925 0.029022 0.0372333 0.0453347 0.0524147 0.0575998 0.0602461 0.0600862 0.0572844 0.0523756 0.0461179 0.0393085 0.032625 0.0265314 0.0212619 0.0168626 0.0132619 0.0103383
 1.081e-16 1.00286e-05 5.88043e-05 0.000279415 0.00107557 0.0033539 0.00847199 0.0173374 0.0287487 0.038639 0.0421269 0.0373496 0.0271527 0.0166905 0.00968653 0.00699174 0.00769001 0.0106468 0.0151533 0.0208221 0.0273178 0.0342091 0.0409615 0.0470113 0.0518678 0.0551982 0.0568708 0.0569399 0.0555925 0.0530765 0.0496427 0.045514 0.0408855 0.0359386 0.0308572 0.0258314
 1.07659e-16 2.35302e-05 0.000138088 0.000656376 0.00252703 0.00788026 0.019905 0.0407287 0.0675145 0.0906767 0.0986914 0.0870938 0.0624342 0.0366195 0.0181177 0.00858164 0.00549112 0.00587122 0.00790868 0.0108088 0.0142273 0.0179181 0.021621 0.025068 0.0280262 0.0303352 0.0319239 0.0327985 0.0330137 0.0326371 0.0317253 0.0303172 0.0284448 0.0261511 0.0235072 0.0206172
 1.04484e-16 2.20623e-05 0.000129454 0.000615295 0.0023688 0.00738678 0.0186587 0.03818 0.0632949 0.0850251 0.0925818 0.0818008 0.0588546 0.0349513 0.0180905 0.00989219 0.00805791 0.00983176 0.0134868 0.018166 0.0233408 0.0284972 0.0330767 0.03655 0.0385294 0.0388555 0.0376287 0.0351677 0.0319169 0.0283323 0.0247866 0.0215163 0.0186189 0.0160862 0.0138541 0.0118478
 1.02711e-16 2.66532e-05 0.000156414 0.00074348 0.00286237 0.00892598 0.0225465 0.0461341 0.0764765 0.102718 0.11181 0.0987014 0.0708215 0.0416709 0.0208579 0.010271 0.00706451 0.00786032 0.0105677 0.0142126 0.0182933 0.0223916 0.0260692 0.0289085 0.0305943 0.0309825 0.0301261 0.0282479 0.0256742 0.0227509 0.0197733 0.0169447 0.0143717 0.0120844 0.0100678 0.00829168
 1.02205e-16 2.45976e-05 0.000144339 0.000686064 0.00264128 0.00823651 0.020805 0.0425715 0.0705733 0.0947971 0.103209 0.0911576 0.0655157 0.0387645 0.0198019 0.0104077 0.00799204 0.00946066 0.0128808 0.0173114 0.022203 0.0270451 0.0312898 0.0344189 0.0360515 0.0360305 0.0344539 0.0316385 0.028031 0.024099 0.0202365 0.0167097 0.0136481 0.0110715 0.00893288 0.00715966
 1.02863e-16 2.10342e-05 0.000123415 0.000586579 0.00225823 0.00704195 0.0177877 0.0363982 0.0603422 0.0810629 0.0882782 0.0780241 0.0561934 0.0334838 0.017539 0.00992444 0.00847081 0.0105677 0.0145736 0.0196576 0.0252784 0.0308862 0.0358727 0.0396542 0.0417933 0.0420948 0.040643 0.0377636 0.0339287 0.0296395 0.0253242 0.0212801 0.0176635 0.0145175 0.0118168 0.00950854
 1.03711e-16 2.1078e-05 0.000123676 0.000587826 0.00226304 0.00705697 0.0178256 0.0364755 0.0604694 0.0812305 0.0884526 0.0781587 0.056248 0.0334316 0.0173577 0.00958149 0.00791715 0.00974369 0.0134237 0.0181495 0.0234232 0.0287531 0.033595 0.0374204 0.0398233 0.0406058 0.0398124 0.0376981 0.034648 0.0310767 0.0273425 0.0236988 0.0202881 0.0171658 0.0143379 0.0117932
 1.04401e-16 1.90886e-05 0.000111994 0.000532283 0.00204917 0.00639003 0.016141 0.0330289 0.0547575 0.0735633 0.0801189 0.070831 0.0510533 0.0305024 0.0161277 0.00936631 0.0082683 0.0104821 0.01453 0.0196594 0.0253681 0.031132 0.0363638 0.0404935 0.043085 0.0439295 0.0430814 0.0408225 0.037573 0.0337819 0.0298323 0.0259905 0.0223996 0.0191082 0.0161125 0.0133935
 1.02624e-16 3.07276e-05 0.000180342 0.000857257 0.00330047 0.0102922 0.0259973 0.0531942 0.088176 0.11842 0.12887 0.113687 0.0814109 0.0475733 0.0232039 0.0104213 0.00588673 0.00566438 0.00734047 0.00984512 0.0127184 0.015655 0.0183583 0.0205458 0.0219985 0.0226056 0.0223822 0.0214525 0.0200083 0.0182567 0.016376 0.0144916 0.0126743 0.0109538 0.00933865 0.00783249
 1.0176e-16 2.56643e-05 0.000150602 0.000715836 0.00275591 0.00859397 0.0217079 0.0444189 0.0736355 0.0989091 0.107682 0.0951002 0.0683309 0.0403928 0.020564 0.0106935 0.0080699 0.0094557 0.0128275 0.0172007 0.0220055 0.0267192 0.0307869 0.0336885 0.0350491 0.0347263 0.0328409 0.0297377 0.0258927 0.0217986 0.0178663 0.0143677 0.0114264 0.00904609 0.00715689 0.00566077
 1.02794e-16 1.91852e-05 0.000112556 0.000534947 0.00205942 0.00642196 0.0162217 0.0331944 0.055033 0.0739372 0.0805357 0.0712224 0.0513851 0.0307999 0.0164649 0.00984067 0.00898141 0.01153 0.0159924 0.0215829 0.0277441 0.0338776 0.0393137 0.043409 0.0456816 0.0459183 0.0442155 0.040937 0.0366099 0.0317938 0.0269683 0.0224671 0.0184672 0.0150178 0.0120895 0.00961979
 1.04283e-16 1.99749e-05 0.0001172 0.00055704 0.00214451 0.00668733 0.0168919 0.034565 0.0573027 0.0769779 0.0838254 0.0740784 0.0533299 0.0317345 0.0165459 0.00924635 0.00777442 0.00965659 0.01335 0.0180947 0.0234185 0.0288488 0.0338562 0.0379203 0.0406327 0.0417804 0.0413805 0.0396514 0.0369385 0.0336206 0.0300301 0.026409 0.0229035 0.0195864 0.0164899 0.0136336
 1.06696e-16 1.02161e-05 5.98936e-05 0.000284568 0.00109537 0.0034156 0.00862802 0.0176576 0.029283 0.0393672 0.0429474 0.0381398 0.0278631 0.0173952 0.0105656 0.00828157 0.00964244 0.0134999 0.0190948 0.0259355 0.0335207 0.0412058 0.0482327 0.0538574 0.0575069 0.0589 0.0580947 0.0554418 0.0514703 0.046745 0.0417474 0.0368103 0.0321126 0.027718 0.02363 0.0198394
pSPR Fmed_Fpbrs
0.52499   0.255389 0.255389
Fs Fmed_Fpbrs
0.368059   1.005 1.005
SSBpbr Bo_Bmed_Bpbrs
1.01815e+06  483611  209117 209117
Ro
25848.3
SPR SPRFo_SPRFmed_SPRFpbrs
531793 279186 135814
log_Ro
9.98
likeval ReclasPelacesDesembMPH_pf_preclas_ppelaces_ptallas_desvR_qrecl_qpela
 99.1878 110.819 0.0761525 0.000578894 344.503 179.563 88.2529 0 27.9914 0 0 0 0 0 0
q_reclas_q_pelaces
1 1
M
0.7
N
 12003 55334.1 26122 3472.06 0.170344
 15151.3 5636.34 24570.7 11599.3 1541.82
 3164.83 6832.87 2308.39 10063 5381.99
 7371.81 1111.67 1697.7 573.543 3837.47
 50091.3 3164.53 412.528 629.996 1636.87
 19420.8 24155.2 1481.88 193.178 1061.52
 56398.4 6815.22 5990.19 367.487 311.15
 72099.8 22375.2 2160.17 1898.67 215.103
 125665 25393.4 5589.17 539.594 528.003
 188638 47764 7387.58 1626.03 310.591
 65911.4 81609.6 18002.5 2784.41 729.922
 27857 25626.3 24842.7 5480.12 1069.8
 48924.4 10903.8 7906.44 7664.68 2020.83
 27533.2 16730.6 2567.76 1861.9 2280.86
 19569.1 7017.31 2188.49 335.883 541.906
 14571.2 5447.75 1095.14 341.541 136.99
 11787.2 5561.58 1598.18 321.276 140.385
 11531.8 4689.48 1772.68 509.399 147.148
 9855.56 4826.95 1654.56 625.441 231.645
 27748 4107.53 1688.41 578.745 299.799
 38097.1 11700 1470.6 604.496 314.542
 34876.7 17727.2 5101.39 641.208 400.716
 39585.2 15919.3 7437.42 2140.28 437.138
 14424.6 17431 6215.95 2904.07 1006.4
pred_Ctot
 470.963 4237.89 2000.61 265.916 0.0130462
 1006.39 718.342 3131.49 1478.31 196.502
 679.463 2553.71 862.732 3760.93 2011.45
 724.67 205.456 313.763 106 709.23
 1043.59 130.172 16.9692 25.9146 67.3322
 4179.32 9045.91 554.95 72.3433 397.531
 8261.57 1819 1598.8 98.0834 83.0469
 15376.7 8315.14 802.767 705.587 79.937
 21529.3 7797.5 1716.26 165.692 162.133
 17612.6 8411.01 1300.92 286.336 54.6936
 10434.5 23357.3 5152.44 796.919 208.909
 4301.17 7171.82 6952.52 1533.67 299.395
 11192.1 4300.85 3118.57 3023.21 797.087
 10010.4 9537.48 1463.79 1061.4 1300.23
 6391.18 3690.39 1150.92 176.641 284.988
 2461.72 1652.21 332.136 103.583 41.5466
 1707.22 1469.28 422.216 84.8763 37.0875
 1315.68 995.692 376.383 108.158 31.2432
 1150.72 1047.03 358.894 135.666 50.2467
 3039.74 839.869 345.23 118.336 61.3
 1731.67 1034.01 129.968 53.4236 27.7983
 2037.37 1997.08 574.702 72.2359 45.1431
 3246.83 2480.61 1158.93 333.508 68.1166
 1755.06 3927.53 1400.57 654.341 226.76
F
 0.0559182 0.111836 0.111836 0.111836 0.111836
 0.0963435 0.192687 0.192687 0.192687 0.192687
 0.346236 0.692472 0.692472 0.692472 0.692472
 0.145658 0.291316 0.291316 0.291316 0.291316
 0.0293467 0.0586934 0.0586934 0.0586934 0.0586934
 0.347189 0.694379 0.694379 0.694379 0.694379
 0.224485 0.448971 0.448971 0.448971 0.448971
 0.343563 0.687125 0.687125 0.687125 0.687125
 0.267344 0.534688 0.534688 0.534688 0.534688
 0.137882 0.275764 0.275764 0.275764 0.275764
 0.244691 0.489382 0.489382 0.489382 0.489382
 0.237971 0.475943 0.475943 0.475943 0.475943
 0.37304 0.746079 0.746079 0.746079 0.746079
 0.667013 1.33403 1.33403 1.33403 1.33403
 0.578749 1.1575 1.1575 1.1575 1.1575
 0.263167 0.526334 0.526334 0.526334 0.526334
 0.221696 0.443391 0.443391 0.443391 0.443391
 0.170894 0.341789 0.341789 0.341789 0.341789
 0.175213 0.350425 0.350425 0.350425 0.350425
 0.163575 0.32715 0.32715 0.32715 0.32715
 0.065037 0.130074 0.130074 0.130074 0.130074
 0.0842881 0.168576 0.168576 0.168576 0.168576
 0.120206 0.240412 0.240412 0.240412 0.240412
 0.18321 0.366421 0.366421 0.366421 0.366421
nmprior
 10 10 8 0
nm_flota  nm_reclas  nm_pelaces    nm_pelaL
inf 12.788 9.87222 15.6062
cv_recla  cv_pelaces  cv_mph
0.922053 1.23872 0.780616
 ------------------------------------------------
Talla a la edad & desviación 
 7.2 14.2025 17.0495 18.207 18.6776
 1.08 2.13037 2.55742 2.73105 2.80164
