years
 1997 1998 1999 2000 2001 2002 2003 2004 2005 2006 2007 2008 2009 2010 2011 2012 2013 2014 2015 2016 2017 2018 2019 2020
reclasobs
 0 0 0 370054 412103 1.49427e+06 250295 1.28982e+06 931140 785840 897777 1.04006e+06 184774 17550 25797 100020 73551 82996 120727 218422 84188 347160 605670 569463
reclaspred
 468798 123252 329905 231998 368136 447883 969595 660551 743845 745994 624605 434269 267704 111808 67328.9 64440 78569 105030 112689 156967 235956 223196 390733 474445
pelacesobs
 0 0 0 0 0 0 0 0 0 2.06254e+06 1.5e+06 0 1.87456e+06 323000 250000 174000 83755 137374 0 501740 490994 745055 786931 1.00524e+06
pelacespred
 1.88766e+06 437892 706925 795847 1.10244e+06 1.10046e+06 2.69142e+06 2.22003e+06 2.22601e+06 2.26776e+06 1.66695e+06 1.21301e+06 720551 232392 139792 149176 191853 270500 296345 401377 696171 647197 876136 1.25414e+06
mphobs
 0 0 0 0 0 112323 0 153150 637223 0 255016 313432 73983 77613 109348 50772 0 0 0 0 0 0 0 0
mphpred
 170967 96180.6 110299 114335 132037 219450 314553 378858 325536 342716 350793 248058 156983 80783.7 34133.5 27398 31295.4 41944.7 52105.2 59822.3 91001.3 111642 141781 201453
desembarqueobs
 350755 77701 442110 56441 14545 235359 269955 359681 431902 328805 639364 411747 362871 311530 167758 66681 60226 58785 57116 71774 51957 67425 138520 160799
desembarquepred
 350763 77701.3 442112 56443.9 14545.2 235429 270012 359684 431955 328823 639373 411817 362983 311668 167613 66681.3 60254.1 58781.3 57104.1 71773.7 51960 67417.4 138524 160807
Reclutas
 38128.7 46285.1 25509.9 38578.6 66775.4 47582.4 81001 80735.8 102831 117952 67340.2 46338 44481.8 24152.2 14702 13894.5 10764.9 12013.3 13317.4 21684.6 28205.5 37417.4 59942.8 63170.2
log_desv_Rt
 0.0287214 0.222575 -0.373178 0.0404522 0.589089 0.250218 0.782217 0.778937 1.02085 1.15803 0.597513 0.223717 0.182836 -0.427871 -0.92426 -0.980749 -1.23595 -1.12623 -1.02317 -0.535644 -0.272729 0.00989115 0.481145 0.533588
SSB
 463640 260829 299116 310060 358066 595118 853024 1.02741e+06 882809 929400 951302 672698 425716 219074 92565.4 74299.5 84868.7 113748 141302 162230 246783 302758 384490 546312
BT
 1.60867e+06 394647 717171 556534 710699 829974 1.94675e+06 1.79064e+06 1.83772e+06 1.74968e+06 1.60136e+06 1.12015e+06 811092 439769 233045 151127 172831 219519 229699 314025 485351 449350 632058 901924
Ftot
 0.907754 0.80552 1.33186 0.270052 0.0477416 0.456369 0.286965 0.578773 0.653239 0.492348 0.935113 0.820952 1.2934 2.55308 2.96518 1.25905 0.913935 0.617043 0.504321 0.513004 0.245283 0.294086 0.346355 0.342054
BD_Bspro_t
 0.914497 0.652048 0.582807 0.413765 0.576189 0.744042 0.694091 0.706434 0.641553 0.609357 0.585389 0.427879 0.324425 0.220101 0.118809 0.118163 0.178587 0.292409 0.394863 0.487814 0.618479 0.72176 0.734766 0.74153
BD_Bspro
 0.608264 0.34219 0.392421 0.406778 0.469758 0.780755 1.11911 1.34789 1.15819 1.21931 1.24805 0.882535 0.558511 0.287411 0.12144 0.097476 0.111342 0.14923 0.185379 0.212835 0.323763 0.397198 0.504425 0.716725
BD_Bo
 0.510396 0.287132 0.329281 0.341329 0.394176 0.655134 0.939049 1.13102 0.971838 1.02313 1.04724 0.740538 0.468648 0.241167 0.1019 0.0817924 0.0934275 0.125219 0.155552 0.17859 0.27167 0.33329 0.423265 0.601406
BD_Brms
 1.44018 0.810199 0.92913 0.963124 1.11224 1.84858 2.64971 3.19139 2.74223 2.88695 2.95498 2.08957 1.32238 0.6805 0.287531 0.230793 0.263623 0.353331 0.43892 0.503927 0.76657 0.940442 1.19432 1.69698
S_f
 0.113917 0.709529 0.978908 0.998867 0.99994
 0.113917 0.709529 0.978908 0.998867 0.99994
 0.113917 0.709529 0.978908 0.998867 0.99994
 0.113917 0.709529 0.978908 0.998867 0.99994
 0.113917 0.709529 0.978908 0.998867 0.99994
 0.113917 0.709529 0.978908 0.998867 0.99994
 0.113917 0.709529 0.978908 0.998867 0.99994
 0.113917 0.709529 0.978908 0.998867 0.99994
 0.113917 0.709529 0.978908 0.998867 0.99994
 0.113917 0.709529 0.978908 0.998867 0.99994
 0.113917 0.709529 0.978908 0.998867 0.99994
 0.113917 0.709529 0.978908 0.998867 0.99994
 0.113917 0.709529 0.978908 0.998867 0.99994
 0.113917 0.709529 0.978908 0.998867 0.99994
 0.113917 0.709529 0.978908 0.998867 0.99994
 0.113917 0.709529 0.978908 0.998867 0.99994
 0.113917 0.709529 0.978908 0.998867 0.99994
 0.113917 0.709529 0.978908 0.998867 0.99994
 0.113917 0.709529 0.978908 0.998867 0.99994
 0.113917 0.709529 0.978908 0.998867 0.99994
 0.113917 0.709529 0.978908 0.998867 0.99994
 0.113917 0.709529 0.978908 0.998867 0.99994
 0.113917 0.709529 0.978908 0.998867 0.99994
 0.113917 0.709529 0.978908 0.998867 0.99994
Scru_reclas
 0.806535 1 1 1 1
 0.806535 1 1 1 1
 0.806535 1 1 1 1
 0.806535 1 1 1 1
 0.806535 1 1 1 1
 0.806535 1 1 1 1
 0.806535 1 1 1 1
 0.806535 1 1 1 1
 0.806535 1 1 1 1
 0.806535 1 1 1 1
 0.806535 1 1 1 1
 0.806535 1 1 1 1
 0.806535 1 1 1 1
 0.806535 1 1 1 1
 0.806535 1 1 1 1
 0.806535 1 1 1 1
 0.806535 1 1 1 1
 0.806535 1 1 1 1
 0.806535 1 1 1 1
 0.806535 1 1 1 1
 0.806535 1 1 1 1
 0.806535 1 1 1 1
 0.806535 1 1 1 1
 0.806535 1 1 1 1
Scru_pelaces
 0.741893 1 1 1 1
 0.741893 1 1 1 1
 0.741893 1 1 1 1
 0.741893 1 1 1 1
 0.741893 1 1 1 1
 0.741893 1 1 1 1
 0.741893 1 1 1 1
 0.741893 1 1 1 1
 0.741893 1 1 1 1
 0.741893 1 1 1 1
 0.741893 1 1 1 1
 0.741893 1 1 1 1
 0.741893 1 1 1 1
 0.741893 1 1 1 1
 0.741893 1 1 1 1
 0.741893 1 1 1 1
 0.741893 1 1 1 1
 0.741893 1 1 1 1
 0.741893 1 1 1 1
 0.741893 1 1 1 1
 0.741893 1 1 1 1
 0.741893 1 1 1 1
 0.741893 1 1 1 1
 0.741893 1 1 1 1
pf_obs 
 0.256992 0.487395 0.22802 0.0275931 0
 0.321318 0.546541 0.124235 0.00734118 0.000564706
 0.182869 0.594174 0.210203 0.0122559 0.00049798
 0.330522 0.361315 0.267642 0.0388342 0.00168674
 0.649043 0.306663 0.0425973 0.00169635 0
 0.582887 0.30429 0.105238 0.00758474 0
 0.465427 0.430635 0.0974691 0.00646863 0
 0.296916 0.608066 0.0921331 0.00288517 0
 0.311714 0.524322 0.152257 0.0117073 0
 0.15457 0.633149 0.183074 0.0267441 0.00246327
 0.131901 0.49318 0.331252 0.0422183 0.00144891
 0.196976 0.569456 0.194076 0.0375587 0.00193317
 0.518974 0.381816 0.0799577 0.0180837 0.00116848
 0.0928022 0.601141 0.25162 0.0475244 0.00691264
 0.122501 0.610282 0.24278 0.0234846 0.000952079
 0.383417 0.481906 0.127806 0.00687128 0
 0.0376549 0.599619 0.316969 0.0457579 0
 0.0361596 0.667082 0.258105 0.0386534 0
 0.158088 0.579412 0.248529 0.0139706 0
 0.0477256 0.309471 0.559284 0.082774 0.000745712
 0.0406174 0.521527 0.379366 0.0568643 0.0016247
 0.151134 0.462217 0.34131 0.0453401 0
 0.294876 0.26143 0.354403 0.0886775 0.000613685
 0.281977 0.475581 0.204845 0.0348837 0.00271318
pf_pred 
 0.320543 0.465589 0.191107 0.0227468 1.29942e-05
 0.29372 0.552859 0.11899 0.0308671 0.00356455
 0.168102 0.627235 0.173894 0.0240214 0.00674732
 0.277061 0.454113 0.225895 0.0366779 0.00625303
 0.28482 0.487388 0.160622 0.0566443 0.0105263
 0.149909 0.576243 0.204377 0.0492738 0.0201974
 0.244032 0.390921 0.275693 0.0671076 0.0222468
 0.204325 0.530397 0.160403 0.0796469 0.0252274
 0.246314 0.475458 0.208906 0.0423578 0.0269646
 0.238182 0.526209 0.170099 0.0495262 0.0159832
 0.141526 0.576461 0.216611 0.0475523 0.0178492
 0.145614 0.480293 0.286576 0.0677099 0.0198065
 0.211951 0.456999 0.221414 0.0845747 0.0250612
 0.207257 0.587451 0.144831 0.0409334 0.0195284
 0.285876 0.584735 0.112158 0.0123623 0.00486927
 0.336931 0.582264 0.0741459 0.0058209 0.000837978
 0.225803 0.624057 0.138785 0.0104502 0.000905215
 0.240186 0.513741 0.213657 0.0300335 0.00238242
 0.228196 0.522281 0.189283 0.0524879 0.00775205
 0.292819 0.46119 0.185972 0.0458082 0.0142112
 0.255095 0.537007 0.152812 0.0419049 0.0131812
 0.237354 0.498894 0.207128 0.0418655 0.014758
 0.273405 0.467079 0.189342 0.055379 0.0147949
 0.210806 0.544797 0.176373 0.0499452 0.0180793
pobs_RECLAS
 0 0 0 0 0
 0 0 0 0 0
 0 0 0 0 0
 0 0 0 0 0
 0.835266 0.146461 0.0176864 0.000547809 3.91292e-05
 0.385257 0.428462 0.181853 0.0044286 0
 0.867414 0.0963971 0.0333333 0.00285562 0
 0.441836 0.489002 0.0689373 0.000224442 0
 0.779404 0.147425 0.0564933 0.0165055 0.000172143
 0.814271 0.122319 0.05973 0.00367925 0
 0.40263 0.566651 0.0304383 0.000280538 0
 0.475488 0.404961 0.113038 0.00651328 0
 0.955842 0.0263864 0.0167828 0.000988607 0
 0.975058 0.0227948 0.00214734 0 0
 0.738997 0.206755 0.0527124 0.00153531 0
 0.850938 0.134255 0.0134407 0.00136685 0
 0.542534 0.407297 0.0501686 0 0
 0.764087 0.199537 0.0359546 0.000420521 0
 0.470689 0.182191 0.310203 0.0369168 0
 0.84361 0.089868 0.0606195 0.00523954 0.000663233
 0.607945 0.314616 0.071237 0.00620181 0
 0.523733 0.453247 0.0230204 0 0
 0.530135 0.295979 0.169645 0.0042399 0
 0.562478 0.366248 0.0663022 0.0049721 0
ppred_RECLAS
 0.732741 0.202054 0.0584036 0.00679689 3.8781e-06
 0.699242 0.251603 0.0383119 0.00972108 0.00112127
 0.543815 0.372773 0.0711324 0.00958944 0.00269006
 0.6849 0.221076 0.0792692 0.0126081 0.00214713
 0.687525 0.233805 0.0558047 0.0192855 0.00357999
 0.498907 0.37426 0.0951682 0.0224666 0.00919883
 0.6552 0.206542 0.104948 0.0250238 0.00828652
 0.594754 0.299281 0.0646199 0.0314079 0.00993684
 0.65491 0.24399 0.0763255 0.015145 0.00963009
 0.637964 0.27453 0.0635501 0.0181163 0.00583997
 0.491175 0.379085 0.100179 0.0215006 0.00806071
 0.506339 0.318939 0.134545 0.0310921 0.00908434
 0.627194 0.249246 0.0833072 0.0310609 0.00919211
 0.642331 0.293875 0.0454346 0.0124371 0.00592331
 0.738414 0.230906 0.0267184 0.00284343 0.00111786
 0.740738 0.236609 0.0208276 0.00159628 0.000229507
 0.619911 0.325116 0.0509012 0.00374738 0.000324215
 0.643255 0.266122 0.0789069 0.010856 0.000860171
 0.626136 0.278951 0.0723675 0.0196471 0.00289845
 0.702841 0.215376 0.0621506 0.0149878 0.00464445
 0.653471 0.271213 0.0556642 0.0149538 0.0046986
 0.63684 0.263324 0.0787536 0.0155924 0.00549047
 0.680976 0.228294 0.0665704 0.0190703 0.00508915
 0.598801 0.30374 0.0707429 0.0196213 0.00709473
pobs_PELACES
 0 0 0 0 0
 0 0 0 0 0
 0 0 0 0 0
 0 0 0 0 0
 0 0 0 0 0
 0 0 0 0 0
 0 0 0 0 0
 0 0 0 0 0
 0 0 0 0 0
 0 0 0 0 0
 0.450072 0.473896 0.0757376 0.000293798 0
 0 0 0 0 0
 0.463077 0.371075 0.160297 0.00555027 0
 0.529543 0.364841 0.0842815 0.0213345 0
 0.631943 0.363953 0.00410389 0 0
 0.735681 0.248677 0.0153453 0.000297389 0
 0.695825 0.281241 0.0229344 0 0
 0.275771 0.60734 0.115278 0.00161068 0
 0 0 0 0 0
 0.896147 0.0623911 0.0374545 0.00400742 0
 0.803859 0.145111 0.0509908 3.86294e-05 0
 0.739449 0.233085 0.0266225 0.000797448 4.60066e-05
 0.878498 0.100942 0.0204185 0.000141795 0
 0.694673 0.275183 0.0284847 0.00165964 0
ppred_PELACES
 0.754488 0.189219 0.0504534 0.00583667 3.32916e-06
 0.717078 0.239429 0.0339388 0.00856589 0.000987746
 0.592616 0.339907 0.0576187 0.0076998 0.00215896
 0.679855 0.226235 0.079195 0.0125739 0.00214111
 0.671616 0.245976 0.0584611 0.0201972 0.00374916
 0.503021 0.37503 0.0915727 0.021553 0.0088233
 0.651394 0.210991 0.104508 0.024872 0.00823539
 0.605264 0.295505 0.0606048 0.0293443 0.00928205
 0.668744 0.238216 0.0703153 0.0138925 0.00883165
 0.643452 0.273253 0.0605458 0.017204 0.0055449
 0.521447 0.364057 0.0885336 0.0188846 0.00707761
 0.532161 0.310109 0.121613 0.027952 0.00816452
 0.674453 0.225971 0.0673246 0.0248889 0.00736221
 0.739115 0.222568 0.0274234 0.00738159 0.0035124
 0.827041 0.156976 0.0139551 0.0014564 0.000571969
 0.772605 0.209475 0.0164867 0.00125315 0.000180092
 0.644895 0.307231 0.0443477 0.00324531 0.000280686
 0.654988 0.260941 0.0732409 0.0100356 0.000794994
 0.632427 0.277398 0.0688095 0.0186192 0.00274632
 0.709038 0.213551 0.0588768 0.0141504 0.00438416
 0.646523 0.277979 0.0558224 0.0149721 0.00470393
 0.632548 0.268369 0.0781914 0.0154512 0.00544016
 0.679533 0.231361 0.0654192 0.0186978 0.00498913
 0.59667 0.307637 0.0695046 0.0192344 0.00695401
pobs_pel_tallas
 0 0 0 0 0 0 0 0 0 0 0 0 0 0 0 0 0 0 0 0 0 0 0 0 0 0 0 0 0 0 0 0 0 0 0 0
 0 0 0 0 0 0 0 0 0 0 0 0 0 0 0 0 0 0 0 0 0 0 0 0 0 0 0 0 0 0 0 0 0 0 0 0
 0 0 0 0 0 0 0 0 0 0 0 0 0 0 0 0 0 0 0 0 0 0 0 0 0 0 0 0 0 0 0 0 0 0 0 0
 0 0 0 0 0 0 0 0 0 0 0 0 0 0 0 0 0 0 0 0 0 0 0 0 0 0 0 0 0 0 0 0 0 0 0 0
 0 0 0 0 0 0 0 0 0 0 0 0 0 0 0 0 0 0 0 0 0 0 0 0 0 0 0 0 0 0 0 0 0 0 0 0
 0 0 0 0 0 0 0 0 0 0 0 0 0 0 0 0 0 0 0 0 0 0 0 0 0 0 0 0 0 0 0 0 0 0 0 0
 0 0 0 0 0 0 0 0 0 0 0 0 0 0 0 0 0 0 0 0 0 0 0 0 0 0 0 0 0 0 0 0 0 0 0 0
 0 0 0 0 0 0 0 0 0 0 0 0 0 0 0 0 0 0 0 0 0 0 0 0 0 0 0 0 0 0 0 0 0 0 0 0
 0 0 0 0 0 0 0 0 0 0 0 0 0 0 0 0 0 0 0 0 0 0 0 0 0 0 0 0 0 0 0 0 0 0 0 0
 0 0 0 0 0 0 0 0 0 0 0 0 0 0 0 0 0 0 0 0 0 0 0 0 0 0 0 0 0 0 0 0 0 0 0 0
 0 0 0 0 0 0 0 0 1.78061e-05 0.00172719 0.00360574 0.0105946 0.0120993 0.0124554 0.0147524 0.0171206 0.0266825 0.0428682 0.0675386 0.121331 0.153587 0.119568 0.100827 0.0573624 0.0630603 0.0341343 0.0324427 0.0444173 0.0211091 0.0280891 0.0125444 0.00206551 0 0 0 0
 0 0 0 0 0 0 0 0 0 0 0 0 0 0 0 0 0 0 0 0 0 0 0 0 0 0 0 0 0 0 0 0 0 0 0 0
 0 0 0 0 0 0 0.0133647 0.0140871 0.0187388 0.0205184 0.03894 0.0496705 0.03968 0.0493445 0.0407372 0.0367815 0.0215668 0.0243155 0.0234873 0.0199281 0.019796 0.0243948 0.0301388 0.0376714 0.0412746 0.0863199 0.0771752 0.113111 0.0741005 0.0525337 0.0229764 0.00759418 0.00175318 0 0 0
 0 0 0 0 0 0 0 0 0 0 0.00219441 0.00772107 0.0458388 0.0604681 0.0671733 0.0775358 0.0609151 0.0617685 0.073594 0.0568108 0.0755445 0.0548602 0.0670107 0.0636378 0.0643287 0.046367 0.0373049 0.0286899 0.0247887 0.0153202 0.00654259 0.00121912 0.000365735 0 0 0
 0 0 0 0 0 0 0 0 0 0 0 0 0.000112435 0.00938835 0.0111873 0.0202946 0.0414886 0.0713402 0.111592 0.104902 0.108894 0.110636 0.117776 0.105296 0.107544 0.0401394 0.0192827 0.0124803 0.00416011 0.0028671 0.000618394 0 0 0 0 0
 0 0 0 0 0 0 0 0 0 0 0.00291406 0.0102884 0.027416 0.0768956 0.0749926 0.110853 0.0956884 0.0897413 0.0766577 0.0534642 0.0500743 0.0551293 0.0594112 0.0620874 0.0668451 0.0424026 0.0208742 0.0120726 0.0048766 0.00582813 0.00118941 0.000297354 0 0 0 0
 0 0.00264628 0.0354308 0.0461629 0.0458689 0.0383711 0.0214643 0.0164657 0.0346957 0.0420465 0.0363128 0.0245516 0.0311673 0.0291091 0.0169068 0.0133784 0.00837989 0.0085269 0.0148486 0.0160247 0.0276389 0.0546898 0.0760071 0.122758 0.109233 0.0665981 0.0333725 0.0166128 0.00676272 0.00308733 0.000882094 0 0 0 0 0
 0 0 0 0 0 0 0 0.000805153 0.000690131 0.00759144 0.0133425 0.0154129 0.00931677 0.000345066 0.00356568 0.00563607 0.00851162 0.0253048 0.0502646 0.0516448 0.0657925 0.0565908 0.0611916 0.0827007 0.0866115 0.110766 0.145733 0.0935128 0.0569358 0.0249597 0.0138026 0.00621118 0.00161031 0.00115022 0 0
 0 0 0 0 0 0 0 0 0 0 0 0 0 0 0 0 0 0 0 0 0 0 0 0 0 0 0 0 0 0 0 0 0 0 0 0
 0.00147267 0.00158595 0.00478618 0.00569244 0.00954404 0.0108468 0.00647125 0.017049 0.0510054 0.094081 0.124002 0.0959785 0.0687766 0.0820023 0.061753 0.0591476 0.0492212 0.0479892 0.0443925 0.0268479 0.0217502 0.0140895 0.0121071 0.0120363 0.00920419 0.00665534 0.0049561 0.00860946 0.00930331 0.0156896 0.0114698 0.00855282 0.00243557 0.00046729 0 2.83206e-05
 0 0 0 0 0.000772559 0.00158375 0.000888443 0.00281984 0.00712685 0.0440552 0.0773331 0.111326 0.0921469 0.0852325 0.0710754 0.0886704 0.0786465 0.0553345 0.0373146 0.0185414 0.00753245 0.00457741 0.012979 0.0271748 0.0457355 0.0583668 0.034881 0.0177882 0.00938659 0.00492506 0.0015258 0.00185414 0.000309023 5.79419e-05 3.86279e-05 0
 0 0.00173294 0.00326652 0 0.00397197 0.00683976 0.00946217 0.0152591 0.00757587 0.0136028 0.0228656 0.0392903 0.0559909 0.0764795 0.0681675 0.0726916 0.0566044 0.0477403 0.0527397 0.0444891 0.0609904 0.0582453 0.0661739 0.0445044 0.0529084 0.0360697 0.0280645 0.0235558 0.0158879 0.00826598 0.00280645 0.00217768 0.000904811 0.00058276 9.20147e-05 0
 0 0 0 0 0 0 0 0 0 0 0 0 0 0 0 0 0 0 0 0 0 0 0 0 0 0 0 0 0 0 0 0 0 0 0 0
 0 0 0 0 0 0 0 0 0 0 0 0 0 0 0 0 0 0 0 0 0 0 0 0 0 0 0 0 0 0 0 0 0 0 0 0
ppred_pel_tallas
 1.00979e-16 3.29196e-05 0.000193211 0.000918435 0.00353602 0.0110267 0.0278527 0.0569905 0.0944685 0.12687 0.138063 0.12179 0.087199 0.050926 0.0247824 0.0110306 0.00608393 0.00571435 0.00732391 0.00975514 0.0125066 0.0152465 0.0176587 0.0194491 0.0203998 0.0204166 0.019548 0.0179652 0.0159144 0.0136567 0.0114157 0.00934736 0.00753374 0.00599654 0.00471928 0.00366874
 1.00901e-16 3.12904e-05 0.000183641 0.00087293 0.0033608 0.0104803 0.0264725 0.0541669 0.0897898 0.120592 0.131245 0.115808 0.0829873 0.0486097 0.0239225 0.0111005 0.00675787 0.00689081 0.00902662 0.0120358 0.0153829 0.0186689 0.0214977 0.0235027 0.0244197 0.0241475 0.0227706 0.020531 0.0177647 0.0148209 0.0119929 0.00947739 0.00736736 0.0056705 0.00434102 0.00331088
 1.01295e-16 2.58674e-05 0.000151794 0.000721504 0.00277774 0.00866203 0.0218798 0.0447706 0.0742184 0.0996917 0.108533 0.0958493 0.068864 0.0406976 0.0207004 0.0107342 0.0080649 0.00942867 0.0127868 0.0171495 0.0219467 0.0266571 0.0307261 0.0336328 0.0349986 0.034675 0.0327758 0.0296387 0.025735 0.0215571 0.0175205 0.0139067 0.010852 0.00837371 0.00641385 0.00488229
 1.01731e-16 2.96668e-05 0.000174111 0.000827622 0.00318636 0.00993632 0.0250984 0.0513553 0.0851294 0.114333 0.124434 0.109802 0.0786901 0.0461069 0.0227188 0.0105926 0.00652521 0.00672983 0.00887365 0.0118986 0.0153097 0.0187381 0.0218122 0.024179 0.0255708 0.0258626 0.0250947 0.0234508 0.0212039 0.0186469 0.0160337 0.0135444 0.0112798 0.00927644 0.00753108 0.00602403
 1.0178e-16 2.93083e-05 0.000172004 0.000817604 0.00314778 0.00981602 0.0247946 0.0507337 0.0840996 0.112952 0.122936 0.108491 0.0777761 0.045622 0.0225737 0.010681 0.00678708 0.00715464 0.00947577 0.0126921 0.0162908 0.0198755 0.0230439 0.0254176 0.0267164 0.0268196 0.0257904 0.0238488 0.0213097 0.0185045 0.0157138 0.0131292 0.0108475 0.00888904 0.0072284 0.00582275
 1.02575e-16 2.19621e-05 0.000128863 0.000612481 0.00235796 0.00735296 0.0185733 0.0380055 0.0630062 0.0846396 0.092168 0.0814492 0.0586323 0.034881 0.0181676 0.0101158 0.00844872 0.0104308 0.0143429 0.0193207 0.0248124 0.0302672 0.0350809 0.0386771 0.0406281 0.0407501 0.0391399 0.0361352 0.0322186 0.0278987 0.0236074 0.0196404 0.016148 0.0131629 0.0106462 0.00853112
 1.02792e-16 2.84252e-05 0.000166822 0.000792977 0.00305297 0.00952036 0.0240477 0.0492054 0.0815655 0.109546 0.119225 0.105204 0.075394 0.0441737 0.0217638 0.0101462 0.00625493 0.00646786 0.00855918 0.0115282 0.0149165 0.0183876 0.021599 0.0242192 0.0259874 0.0267653 0.0265599 0.0255052 0.023816 0.0217293 0.0194541 0.0171439 0.0148933 0.0127516 0.0107435 0.0088853
 1.02399e-16 2.64171e-05 0.000155025 0.000736875 0.00283693 0.00884665 0.0223461 0.0457244 0.075798 0.101809 0.110826 0.0978467 0.0702383 0.041388 0.0208275 0.0104378 0.00740745 0.00839225 0.0113155 0.0151953 0.0195048 0.0237895 0.0275719 0.0304006 0.0319429 0.0320587 0.0308282 0.0285198 0.0255133 0.0222057 0.0189305 0.015911 0.0132551 0.0109785 0.00904304 0.00739201
 1.01966e-16 2.91828e-05 0.000171268 0.000814106 0.00313431 0.00977402 0.0246885 0.0505166 0.0837395 0.112468 0.122408 0.108022 0.0774333 0.045408 0.0224439 0.0105807 0.00667346 0.00700124 0.0092685 0.0124271 0.015975 0.0195286 0.0226984 0.0251159 0.0265051 0.0267415 0.0258762 0.0241113 0.0217409 0.0190771 0.0163867 0.0138545 0.0115777 0.0095837 0.00785759 0.00636852
 1.01799e-16 2.80814e-05 0.000164798 0.000783341 0.00301585 0.00940459 0.0237554 0.0486077 0.0805764 0.108223 0.117799 0.103979 0.074588 0.0438461 0.0218699 0.0106402 0.00714874 0.00782619 0.0104618 0.0140257 0.0179919 0.0219292 0.025392 0.0279605 0.0293251 0.0293557 0.0281271 0.0258905 0.0230023 0.0198367 0.0167105 0.013839 0.0113295 0.00920211 0.0074237 0.00594055
 1.02355e-16 2.27651e-05 0.000133579 0.0006349 0.00244428 0.00762216 0.0192532 0.0393966 0.0653118 0.0877345 0.095532 0.0844075 0.0607303 0.0360655 0.0186679 0.010209 0.00831661 0.0101464 0.0139144 0.018733 0.0240511 0.0293299 0.0339813 0.0374455 0.039307 0.0393884 0.0377849 0.0348264 0.0309841 0.0267548 0.0225606 0.0186911 0.0152938 0.0124012 0.00997495 0.00794859
 1.0317e-16 2.32302e-05 0.000136314 0.000647915 0.00249441 0.00777849 0.0196481 0.0402041 0.0666487 0.0895252 0.0974684 0.0860865 0.0618688 0.0366026 0.0186919 0.00981973 0.00754497 0.00895458 0.0122376 0.0165251 0.0213221 0.0261707 0.0305725 0.0340445 0.0362156 0.0369041 0.0361495 0.0341839 0.0313592 0.0280554 0.0246027 0.0212365 0.0180915 0.0152222 0.0126369 0.0103263
 1.02229e-16 2.94312e-05 0.000172727 0.000821047 0.00316104 0.00985738 0.024899 0.0509473 0.084453 0.113425 0.123446 0.10893 0.0780672 0.0457449 0.022546 0.0105212 0.00649345 0.00670632 0.00884565 0.0118617 0.0152629 0.0186837 0.0217558 0.0241306 0.0255456 0.0258805 0.0251789 0.0236258 0.0214917 0.0190637 0.0165861 0.0142272 0.0120751 0.0101549 0.00845539 0.00695325
 1.0088e-16 3.22506e-05 0.00018928 0.000899741 0.00346403 0.0108023 0.0272857 0.0558306 0.0925468 0.124292 0.135266 0.119342 0.0854891 0.050013 0.0244972 0.0111723 0.00653727 0.00645705 0.00838182 0.0111565 0.0142508 0.0172858 0.0198923 0.0217303 0.022556 0.0222778 0.020977 0.0188816 0.0163063 0.0135771 0.0109668 0.00865667 0.00673042 0.00519159 0.00399379 0.00307029
 1.00327e-16 3.60819e-05 0.000211779 0.00100672 0.00387595 0.0120868 0.0305303 0.0624687 0.103548 0.139058 0.151313 0.133447 0.0954765 0.0556213 0.0268068 0.0114867 0.00570183 0.00479534 0.00591019 0.00778937 0.00992073 0.0120031 0.0137688 0.0149774 0.0154588 0.0151524 0.0141216 0.0125352 0.0106234 0.0086243 0.00673698 0.0050935 0.00375384 0.00271832 0.00194923 0.00139251
 1.00354e-16 3.37104e-05 0.000197851 0.000940494 0.00362095 0.0112916 0.0285217 0.0583594 0.0967379 0.129919 0.141384 0.124725 0.089314 0.0521878 0.025445 0.0114053 0.0063967 0.00608709 0.00780716 0.0103552 0.0131938 0.015955 0.018288 0.0198727 0.020483 0.0200397 0.0186295 0.01648 0.0139011 0.0112132 0.00868367 0.00648972 0.00471133 0.00334794 0.00234732 0.00163503
 1.00855e-16 2.81456e-05 0.000165173 0.000785114 0.00302266 0.00942583 0.0238091 0.0487178 0.0807598 0.108472 0.118077 0.104241 0.0748131 0.0440523 0.0221088 0.0109797 0.00765974 0.00857581 0.011505 0.0153926 0.019672 0.0238581 0.0274463 0.029966 0.0310778 0.030653 0.0288023 0.0258407 0.0222045 0.0183484 0.0146553 0.0113835 0.00865647 0.00648599 0.00481269 0.00354606
 1.01507e-16 2.85839e-05 0.00016775 0.000797375 0.00306988 0.0095731 0.024181 0.0494785 0.0820194 0.11016 0.119903 0.105827 0.0758934 0.0445728 0.0221573 0.010656 0.00700036 0.00755306 0.0100648 0.0134955 0.017326 0.0211405 0.0245109 0.0270325 0.0284035 0.0284916 0.0273596 0.0252391 0.0224643 0.0193907 0.0163231 0.0134743 0.0109574 0.00880415 0.00699513 0.00548892
 1.01836e-16 2.76008e-05 0.000161977 0.000769926 0.00296419 0.0092435 0.0233485 0.0477752 0.0791967 0.106371 0.115785 0.102207 0.0733292 0.0431308 0.0215592 0.0105659 0.00719914 0.00795501 0.0106624 0.0143074 0.0183664 0.0224047 0.0259701 0.0286352 0.0300826 0.0301755 0.0289846 0.0267587 0.0238541 0.020647 0.0174573 0.0145049 0.0119025 0.00967596 0.00779857 0.00622227
 1.01597e-16 3.09388e-05 0.000181579 0.000863132 0.00332308 0.0103627 0.0261754 0.0535588 0.0887813 0.119235 0.129764 0.11449 0.0820194 0.0479951 0.0235323 0.0107745 0.0063686 0.00635486 0.00829581 0.0110929 0.0142462 0.0173994 0.0202005 0.0223193 0.0235095 0.0236619 0.0228259 0.0211869 0.0190128 0.0165878 0.0141539 0.0118787 0.00984954 0.00808927 0.00658192 0.00529616
 1.01618e-16 2.82154e-05 0.000165585 0.00078708 0.00303024 0.00944948 0.0238688 0.0488397 0.0809611 0.10874 0.118362 0.104477 0.0749489 0.0440645 0.0219904 0.0107173 0.00722324 0.00792148 0.010589 0.0141878 0.0181841 0.0221387 0.0255973 0.0281336 0.0294347 0.0293722 0.0280282 0.0256648 0.0226523 0.0193779 0.0161689 0.013247 0.0107212 0.00860885 0.00687107 0.00544666
 1.01983e-16 2.76058e-05 0.000162006 0.000770069 0.00296475 0.00924523 0.0233529 0.0477841 0.0792112 0.10639 0.115803 0.102219 0.0733279 0.0431105 0.0215131 0.0104846 0.00707021 0.00776434 0.0103977 0.0139622 0.0179449 0.021925 0.0254649 0.0281495 0.0296676 0.0298801 0.0288464 0.0267971 0.0240674 0.0210129 0.0179384 0.0150557 0.012477 0.0102342 0.00831023 0.00666837
 1.0188e-16 2.9653e-05 0.000174029 0.000827233 0.00318486 0.00993164 0.0250866 0.0513312 0.0850895 0.11428 0.124377 0.109754 0.0786607 0.0460996 0.0227334 0.0106292 0.00658647 0.00682005 0.00899639 0.0120539 0.0154917 0.0189336 0.0220012 0.0243369 0.0256731 0.0258901 0.0250388 0.0233163 0.0210093 0.0184214 0.0158114 0.0133583 0.0111557 0.00922886 0.0075625 0.00612576
 1.02073e-16 2.60429e-05 0.000152827 0.000726423 0.00279668 0.00872113 0.0220291 0.0450758 0.0747233 0.100367 0.10926 0.0964738 0.0692734 0.0408608 0.0206388 0.0104692 0.00758747 0.00870204 0.0117658 0.0158035 0.0202801 0.0247238 0.0286356 0.0315431 0.0330975 0.0331511 0.0317874 0.0292874 0.0260511 0.0224984 0.0189848 0.0157525 0.0129221 0.0105169 0.00850069 0.00681418
pSPR Fmed_Fpbrs
0.526924   0.404397 0.404397
Fs Fmed_Fpbrs
0.593252   1.005 1.005
SSBpbr Bo_Bmed_Bpbrs
908392  433234  321932 321932
Ro
37049.1
SPR SPRFo_SPRFmed_SPRFpbrs
762234 401640 308245
log_Ro
10.34
likeval ReclasPelacesDesembMPH_pf_preclas_ppelaces_ptallas_desvR_qrecl_qpela
 62.4893 15.5687 0.007549 0.000209001 281.694 163.974 79.2163 0 15.7817 1.32903e-05 6.86027e-05 0 0 0 0
q_reclas_q_pelaces
0.596548 3.24909
M
0.7
N
 38128.7 11112.1 3629.67 426.258 0.243329
 46285.1 17074 2897.82 741.214 85.5319
 25509.9 20969.3 4787.54 654.05 183.607
 38578.6 10884.6 4047.35 645.485 109.941
 66775.4 18577.2 4462.61 1542.96 286.43
 47582.4 32979.8 8917.89 2114.88 866.138
 81001 22431.7 11847.2 2832.94 938.26
 80735.8 38930.2 9087.18 4442.32 1405.9
 102831 37534.1 12821.4 2560.75 1628.84
 117952 47402.5 11725.4 3359.04 1083.1
 67340.2 55378.6 16599 3595.9 1348.8
 46338 30061.1 14164 3300.09 964.63
 44481.8 20956.3 8337.33 3148.94 932.539
 24152.2 19062.8 4156.75 1167.21 556.663
 14702 8966.84 1546.9 169.568 66.7701
 13894.5 5208.02 543.162 42.1557 6.06507
 10764.9 5977.89 1058.52 78.6429 6.80733
 12013.3 4817.15 1552.09 214.856 17.0297
 13317.4 5560.7 1543.99 421.294 62.1687
 21684.6 6244.01 1930.72 467.989 145.061
 28205.5 10157 2154.66 580.254 182.344
 37417.4 13620.5 4238.14 841.576 296.386
 59942.8 17968.8 5489.91 1578.13 421.222
 63170.2 28615.1 6978.86 1942.28 702.424
pred_Ctot
 2710 3936.27 1615.7 192.31 0.109858
 2934.02 5522.6 1188.61 308.337 35.6069
 2605.29 9721.08 2695.07 372.29 104.572
 842.015 1380.1 686.519 111.468 19.0036
 260.547 445.852 146.933 51.8169 9.6292
 1738.78 6683.78 2370.55 571.521 234.268
 1877.06 3006.91 2120.59 516.182 171.119
 3718.84 9653.54 2919.43 1449.62 459.154
 5326.27 10281.2 4517.34 915.938 583.077
 4641.74 10254.8 3314.93 965.174 311.484
 4923.8 20055.5 7536.04 1654.38 620.985
 2991.36 9866.66 5887.12 1390.96 406.886
 4420.01 9530.22 4617.33 1763.71 522.623
 4457.32 12633.9 3114.78 880.326 419.984
 3090.16 6320.68 1212.37 133.63 52.6343
 1346.24 2326.5 296.258 23.258 3.34823
 770.093 2128.33 473.324 35.6402 3.08721
 588.824 1259.46 523.788 73.6283 5.84059
 536.501 1227.91 445.014 123.402 18.2255
 888.232 1398.97 564.126 138.954 43.1079
 559.844 1178.54 335.369 91.9666 28.9282
 888.283 1867.08 775.164 156.679 55.231
 1671.58 2855.68 1157.62 338.583 90.4548
 1740.08 4496.97 1455.85 412.268 149.234
F
 0.103409 0.644078 0.888608 0.906726 0.9077
 0.0917625 0.57154 0.78853 0.804608 0.805472
 0.151722 0.944996 1.30377 1.33035 1.33178
 0.0307635 0.19161 0.264356 0.269746 0.270036
 0.00543858 0.033874 0.0467346 0.0476875 0.0477387
 0.0519882 0.323807 0.446743 0.455852 0.456342
 0.0326902 0.20361 0.280912 0.28664 0.286948
 0.0659321 0.410656 0.566565 0.578117 0.578738
 0.0744151 0.463492 0.639461 0.652499 0.6532
 0.0560868 0.349335 0.481963 0.49179 0.492319
 0.106525 0.66349 0.915389 0.934054 0.935057
 0.0935205 0.58249 0.803637 0.820022 0.820903
 0.147341 0.917708 1.26612 1.29194 1.29333
 0.29084 1.81149 2.49923 2.55019 2.55293
 0.337784 2.10388 2.90264 2.96182 2.965
 0.143427 0.893331 1.23249 1.25762 1.25897
 0.104113 0.648464 0.894658 0.9129 0.91388
 0.0702917 0.43781 0.604028 0.616344 0.617006
 0.0574508 0.35783 0.493684 0.50375 0.504291
 0.0584399 0.363991 0.502184 0.512423 0.512973
 0.027942 0.174036 0.24011 0.245006 0.245269
 0.0335014 0.208663 0.287883 0.293753 0.294068
 0.0394558 0.245749 0.33905 0.345963 0.346335
 0.0389658 0.242698 0.33484 0.341667 0.342034
nmprior
 10 10 8 0
nm_flota  nm_reclas  nm_pelaces    nm_pelaL
inf 18.4808 15.1618 26.1156
cv_recla  cv_pelaces  cv_mph
0.731863 0.464292 0.469043
 ------------------------------------------------
Talla a la edad & desviación 
 7.2 14.2025 17.0495 18.207 18.6776
 1.08 2.13037 2.55742 2.73105 2.80164
