    unsorted:	 0.003622349578 0.0008999978957 12.87655731 60.67591837 57.33393745 59.80395737 44.80376123 16.57174942 15.63437506 6.946129784 35.49079656 85.52782019 185.3008799 256.8204616 314.0951668 419.2204168 466.4408710 501.5454264 556.6280562 684.1085286 701.1024396 711.9551246 770.7830374 809.5597110 820.8576815 839.8426108 894.9462998 964.1965498 1111.438337 1189.924027 1275.891515 1438.198112 1627.571569 1784.938891 1976.323211 2138.519415 2865.375077 4089.912458 204291.7640 188941.0953 301833.4899 310634.2001 367768.3418 449871.9468 438118.4523 470758.6228 533390.3344 613293.4922 645793.2554 696802.2590 857715.0615 945743.3324 1119074.218 1302833.942 1514754.313 1505313.241 1660265.190 1807278.580 2097924.751 2181469.633 2390299.932 2510454.095 2659862.989
      sorted:	 0.0008999978957 0.003622349578 6.946129784 12.87655731 15.63437506 16.57174942 35.49079656 44.80376123 57.33393745 59.80395737 60.67591837 85.52782019 185.3008799 256.8204616 314.0951668 419.2204168 466.4408710 501.5454264 556.6280562 684.1085286 701.1024396 711.9551246 770.7830374 809.5597110 820.8576815 839.8426108 894.9462998 964.1965498 1111.438337 1189.924027 1275.891515 1438.198112 1627.571569 1784.938891 1976.323211 2138.519415 2865.375077 4089.912458 188941.0953 204291.7640 301833.4899 310634.2001 367768.3418 438118.4523 449871.9468 470758.6228 533390.3344 613293.4922 645793.2554 696802.2590 857715.0615 945743.3324 1119074.218 1302833.942 1505313.241 1514754.313 1660265.190 1807278.580 2097924.751 2181469.633 2390299.932 2510454.095 2659862.989
