years
 1997 1998 1999 2000 2001 2002 2003 2004 2005 2006 2007 2008 2009 2010 2011 2012 2013 2014 2015 2016 2017 2018 2019 2020
reclasobs
 0 0 0 370054 412103 1.49427e+06 250295 1.28982e+06 931140 785840 897777 1.04006e+06 184774 17550 25797 100020 73551 82996 120727 218422 84188 347160 605670 569463
reclaspred
 1.21916e+06 218826 484829 154069 230454 303763 534785 501104 712127 1.17632e+06 1.19096e+06 645410 390053 221035 145248 125150 128579 187812 197021 229579 409255 420968 606599 385236
pelacesobs
 0 0 0 0 0 0 0 0 0 2.06254e+06 1.5e+06 0 1.87456e+06 323000 250000 174000 83755 137374 0 501740 490994 745055 786931 1.00524e+06
pelacespred
 584524 203818 131316 106022 132620 126133 275394 287985 388263 680508 601029 331225 208433 96109.5 61491.9 60395.9 64436.4 95094.9 104341 120184 229199 246069 270058 214577
mphobs
 0 0 0 0 0 112323 0 153150 637223 0 255016 313432 73983 77613 109348 50772 0 0 0 0 0 0 0 0
mphpred
 973309 368540 344555 200513 131639 302361 323904 452936 549987 783675 1.3006e+06 728728 381192 274481 140396 110289 106893 135015 185881 168318 285798 391141 466238 422748
desembarqueobs
 350755 77701 442110 56441 14545 235359 269955 359681 431902 328805 639364 411747 362871 311530 167758 66681 60226 58785 57116 71774 51957 67425 138520 160799
desembarquepred
 350371 77692 441960 56399.8 14531 234668 270098 359271 432525 328507 638677 411492 361976 310539 167708 66767.1 60234 58604.6 56921.3 71740.9 51955.2 67357.5 138317 160520
Reclutas
 13150.7 60721.9 3253.32 6213.59 49770 18010.4 53028.9 81343.2 103617 225955 17311.1 21196.3 73476.4 30768.1 17359.9 13772.3 11432 17452.3 7753.74 28240.3 39511.3 43136.7 27156.4 13503.4
log_desv_Rt
 -0.67577 0.85406 -2.07257 -1.42551 0.655168 -0.361294 0.718593 1.14643 1.38846 2.16809 -0.400899 -0.198416 1.04472 0.174233 -0.39808 -0.629589 -0.815825 -0.392773 -1.20407 0.0885038 0.424343 0.512129 0.0493675 -0.649306
SSB
 973309 368540 344555 200513 131639 302361 323904 452936 549987 783675 1.3006e+06 728728 381192 274481 140396 110289 106893 135015 185881 168318 285798 391141 466238 422748
BT
 1.49595e+06 530049 481550 268963 378019 425752 1.01506e+06 1.1188e+06 1.44427e+06 2.14968e+06 1.68058e+06 1.02485e+06 893836 503088 288349 188524 199632 277970 253000 354229 607508 560887 622677 559982
Ftot
 0.276479 0.341287 0.829532 0.35027 0.061626 0.714557 0.481433 0.674614 0.575117 0.270074 0.50558 0.596437 0.857392 1.23283 1.04085 0.505298 0.446289 0.300605 0.278039 0.301188 0.123605 0.155399 0.220338 0.397067
BD_Bspro_t
 0.957738 0.740384 0.6272 0.320699 0.348877 0.605186 0.471836 0.518082 0.517466 0.551173 0.63153 0.417542 0.28731 0.257565 0.165806 0.154552 0.195311 0.306702 0.437993 0.477932 0.632419 0.751664 0.751616 0.666156
BD_Bspro
 1.83024 0.693015 0.647912 0.377051 0.247538 0.56857 0.60908 0.851716 1.03421 1.47365 2.44568 1.37032 0.716805 0.516143 0.264004 0.207391 0.201005 0.253886 0.349536 0.316511 0.537423 0.735514 0.876729 0.794949
BD_Bo
 1.11816 0.423388 0.395833 0.230354 0.15123 0.34736 0.372109 0.520344 0.631838 0.900305 1.49415 0.83718 0.437922 0.31533 0.16129 0.126703 0.122801 0.155108 0.213544 0.193368 0.328331 0.449352 0.535625 0.485663
BD_Brms
 5.4441 2.06139 1.92723 1.12155 0.736309 1.69123 1.81172 2.53345 3.0763 4.38341 7.27475 4.07607 2.13216 1.53528 0.785288 0.616891 0.597895 0.75519 1.0397 0.94147 1.59858 2.18781 2.60785 2.3646
S_f
 0.5 1 1 1 1
 0.5 1 1 1 1
 0.5 1 1 1 1
 0.5 1 1 1 1
 0.5 1 1 1 1
 0.5 1 1 1 1
 0.5 1 1 1 1
 0.5 1 1 1 1
 0.5 1 1 1 1
 0.5 1 1 1 1
 0.5 1 1 1 1
 0.5 1 1 1 1
 0.5 1 1 1 1
 0.5 1 1 1 1
 0.5 1 1 1 1
 0.5 1 1 1 1
 0.5 1 1 1 1
 0.5 1 1 1 1
 0.5 1 1 1 1
 0.5 1 1 1 1
 0.5 1 1 1 1
 0.5 1 1 1 1
 0.5 1 1 1 1
 0.5 1 1 1 1
Scru_reclas
 0.5 1 1 1 1
 0.5 1 1 1 1
 0.5 1 1 1 1
 0.5 1 1 1 1
 0.5 1 1 1 1
 0.5 1 1 1 1
 0.5 1 1 1 1
 0.5 1 1 1 1
 0.5 1 1 1 1
 0.5 1 1 1 1
 0.5 1 1 1 1
 0.5 1 1 1 1
 0.5 1 1 1 1
 0.5 1 1 1 1
 0.5 1 1 1 1
 0.5 1 1 1 1
 0.5 1 1 1 1
 0.5 1 1 1 1
 0.5 1 1 1 1
 0.5 1 1 1 1
 0.5 1 1 1 1
 0.5 1 1 1 1
 0.5 1 1 1 1
 0.5 1 1 1 1
Scru_pelaces
 0.5 1 1 1 1
 0.5 1 1 1 1
 0.5 1 1 1 1
 0.5 1 1 1 1
 0.5 1 1 1 1
 0.5 1 1 1 1
 0.5 1 1 1 1
 0.5 1 1 1 1
 0.5 1 1 1 1
 0.5 1 1 1 1
 0.5 1 1 1 1
 0.5 1 1 1 1
 0.5 1 1 1 1
 0.5 1 1 1 1
 0.5 1 1 1 1
 0.5 1 1 1 1
 0.5 1 1 1 1
 0.5 1 1 1 1
 0.5 1 1 1 1
 0.5 1 1 1 1
 0.5 1 1 1 1
 0.5 1 1 1 1
 0.5 1 1 1 1
 0.5 1 1 1 1
pf_obs 
 0.256992 0.487395 0.22802 0.0275931 0
 0.321318 0.546541 0.124235 0.00734118 0.000564706
 0.182869 0.594174 0.210203 0.0122559 0.00049798
 0.330522 0.361315 0.267642 0.0388342 0.00168674
 0.649043 0.306663 0.0425973 0.00169635 0
 0.582887 0.30429 0.105238 0.00758474 0
 0.465427 0.430635 0.0974691 0.00646863 0
 0.296916 0.608066 0.0921331 0.00288517 0
 0.311714 0.524322 0.152257 0.0117073 0
 0.15457 0.633149 0.183074 0.0267441 0.00246327
 0.131901 0.49318 0.331252 0.0422183 0.00144891
 0.196976 0.569456 0.194076 0.0375587 0.00193317
 0.518974 0.381816 0.0799577 0.0180837 0.00116848
 0.0928022 0.601141 0.25162 0.0475244 0.00691264
 0.122501 0.610282 0.24278 0.0234846 0.000952079
 0.383417 0.481906 0.127806 0.00687128 0
 0.0376549 0.599619 0.316969 0.0457579 0
 0.0361596 0.667082 0.258105 0.0386534 0
 0.158088 0.579412 0.248529 0.0139706 0
 0.0477256 0.309471 0.559284 0.082774 0.000745712
 0.0406174 0.521527 0.379366 0.0568643 0.0016247
 0.151134 0.462217 0.34131 0.0453401 0
 0.294876 0.26143 0.354403 0.0886775 0.000613685
 0.281977 0.475581 0.204845 0.0348837 0.00271318
pf_pred 
 0.185964 0.409798 0.203499 0.101055 0.0996839
 0.654998 0.11418 0.116199 0.0577029 0.0569201
 0.0573172 0.761083 0.0601012 0.0611641 0.0603343
 0.297732 0.0949906 0.490291 0.0387173 0.0782694
 0.825019 0.0847103 0.0122102 0.0630226 0.0150376
 0.281875 0.650341 0.0328147 0.00472994 0.0302386
 0.697725 0.149058 0.138755 0.00700124 0.00746078
 0.654445 0.290852 0.0269756 0.0251109 0.00261724
 0.624347 0.308982 0.056116 0.00520458 0.00534977
 0.712063 0.229665 0.0479296 0.00870475 0.0016372
 0.0762433 0.778163 0.116129 0.0242354 0.00522937
 0.223639 0.124798 0.548869 0.0819107 0.0207827
 0.693855 0.124745 0.0291595 0.128246 0.0239947
 0.410093 0.504216 0.0349164 0.0081618 0.0426123
 0.46304 0.360887 0.150497 0.0104217 0.0151548
 0.512262 0.343444 0.0969792 0.040442 0.00687304
 0.455646 0.385978 0.111521 0.0314906 0.0153639
 0.573282 0.279948 0.104068 0.0300686 0.012633
 0.291387 0.528301 0.118293 0.0439745 0.0180438
 0.679105 0.151183 0.126528 0.0283312 0.0148534
 0.580314 0.344958 0.0352067 0.0294652 0.0100566
 0.472668 0.390852 0.112179 0.0114491 0.0128523
 0.318928 0.44405 0.175677 0.0504213 0.0109228
 0.232708 0.383143 0.25046 0.0990884 0.0346003
pobs_RECLAS
 0 0 0 0 0
 0 0 0 0 0
 0 0 0 0 0
 0 0 0 0 0
 0.835266 0.146461 0.0176864 0.000547809 3.91292e-05
 0.385257 0.428462 0.181853 0.0044286 0
 0.867414 0.0963971 0.0333333 0.00285562 0
 0.441836 0.489002 0.0689373 0.000224442 0
 0.779404 0.147425 0.0564933 0.0165055 0.000172143
 0.814271 0.122319 0.05973 0.00367925 0
 0.40263 0.566651 0.0304383 0.000280538 0
 0.475488 0.404961 0.113038 0.00651328 0
 0.955842 0.0263864 0.0167828 0.000988607 0
 0.975058 0.0227948 0.00214734 0 0
 0.738997 0.206755 0.0527124 0.00153531 0
 0.850938 0.134255 0.0134407 0.00136685 0
 0.542534 0.407297 0.0501686 0 0
 0.764087 0.199537 0.0359546 0.000420521 0
 0.470689 0.182191 0.310203 0.0369168 0
 0.84361 0.089868 0.0606195 0.00523954 0.000663233
 0.607945 0.314616 0.071237 0.00620181 0
 0.523733 0.453247 0.0230204 0 0
 0.530135 0.295979 0.169645 0.0042399 0
 0.562478 0.366248 0.0663022 0.0049721 0
ppred_RECLAS
 0.18753 0.409009 0.203108 0.10086 0.0994921
 0.658017 0.113181 0.115182 0.0571979 0.0564219
 0.0597634 0.759108 0.0599452 0.0610053 0.0601777
 0.300633 0.0945982 0.488266 0.0385574 0.0779461
 0.825293 0.0845777 0.0121911 0.062924 0.0150141
 0.289194 0.643714 0.0324803 0.00468173 0.0299304
 0.702112 0.146895 0.136741 0.00689962 0.00735249
 0.661889 0.284586 0.0263944 0.0245699 0.00256085
 0.630551 0.303879 0.0551892 0.00511862 0.00526142
 0.714113 0.22803 0.0475883 0.00864277 0.00162554
 0.0778288 0.776827 0.11593 0.0241938 0.00522039
 0.22852 0.124013 0.545419 0.0813958 0.020652
 0.703656 0.120752 0.028226 0.12414 0.0232265
 0.42955 0.487586 0.0337647 0.00789261 0.0412068
 0.478466 0.350519 0.146173 0.0101223 0.0147195
 0.517827 0.339525 0.0958725 0.0399806 0.00679461
 0.460338 0.382651 0.11056 0.0312191 0.0152315
 0.576075 0.278116 0.103387 0.0298718 0.0125503
 0.293536 0.5267 0.117935 0.0438412 0.0179891
 0.681596 0.150009 0.125546 0.0281113 0.014738
 0.581297 0.344149 0.0351241 0.0293961 0.010033
 0.473971 0.389886 0.111902 0.0114208 0.0128206
 0.320635 0.442937 0.175237 0.0502949 0.0108954
 0.23562 0.381689 0.24951 0.0987124 0.034469
pobs_PELACES
 0 0 0 0 0
 0 0 0 0 0
 0 0 0 0 0
 0 0 0 0 0
 0 0 0 0 0
 0 0 0 0 0
 0 0 0 0 0
 0 0 0 0 0
 0 0 0 0 0
 0 0 0 0 0
 0.450072 0.473896 0.0757376 0.000293798 0
 0 0 0 0 0
 0.463077 0.371075 0.160297 0.00555027 0
 0.529543 0.364841 0.0842815 0.0213345 0
 0.631943 0.363953 0.00410389 0 0
 0.735681 0.248677 0.0153453 0.000297389 0
 0.695825 0.281241 0.0229344 0 0
 0.275771 0.60734 0.115278 0.00161068 0
 0 0 0 0 0
 0.896147 0.0623911 0.0374545 0.00400742 0
 0.803859 0.145111 0.0509908 3.86294e-05 0
 0.739449 0.233085 0.0266225 0.000797448 4.60066e-05
 0.878498 0.100942 0.0204185 0.000141795 0
 0.694673 0.275183 0.0284847 0.00165964 0
ppred_PELACES
 0.19458 0.40546 0.201346 0.0999852 0.0986288
 0.670574 0.109025 0.110953 0.0550977 0.0543502
 0.0679341 0.752512 0.0594243 0.0604752 0.0596548
 0.312922 0.0929359 0.479686 0.0378798 0.0765764
 0.826754 0.0838703 0.0120891 0.0623977 0.0148885
 0.314018 0.621233 0.0313459 0.00451823 0.0288851
 0.718456 0.138836 0.129239 0.00652108 0.0069491
 0.686334 0.264011 0.0244861 0.0227936 0.00237571
 0.652371 0.285932 0.0519297 0.00481632 0.00495068
 0.723124 0.220843 0.0460885 0.00837038 0.00157431
 0.0840308 0.771602 0.11515 0.0240311 0.00518528
 0.246332 0.12115 0.532826 0.0795165 0.0201752
 0.732283 0.109087 0.0254993 0.112148 0.0209828
 0.479943 0.444513 0.030782 0.00719538 0.0375666
 0.521375 0.321681 0.134147 0.0092895 0.0135084
 0.538601 0.324897 0.0917419 0.038258 0.00650187
 0.478677 0.369648 0.106803 0.0301582 0.0147139
 0.58814 0.270201 0.100445 0.0290217 0.0121931
 0.303138 0.51954 0.116332 0.0432453 0.0177445
 0.692283 0.144974 0.121332 0.0271678 0.0142434
 0.586253 0.340076 0.0347084 0.0290482 0.00991429
 0.480368 0.385145 0.110541 0.0112819 0.0126647
 0.328605 0.437741 0.173181 0.0497049 0.0107676
 0.247623 0.375695 0.245592 0.0971622 0.0339277
pobs_pel_tallas
 0 0 0 0 0 0 0 0 0 0 0 0 0 0 0 0 0 0 0 0 0 0 0 0 0 0 0 0 0 0 0 0 0 0 0 0
 0 0 0 0 0 0 0 0 0 0 0 0 0 0 0 0 0 0 0 0 0 0 0 0 0 0 0 0 0 0 0 0 0 0 0 0
 0 0 0 0 0 0 0 0 0 0 0 0 0 0 0 0 0 0 0 0 0 0 0 0 0 0 0 0 0 0 0 0 0 0 0 0
 0 0 0 0 0 0 0 0 0 0 0 0 0 0 0 0 0 0 0 0 0 0 0 0 0 0 0 0 0 0 0 0 0 0 0 0
 0 0 0 0 0 0 0 0 0 0 0 0 0 0 0 0 0 0 0 0 0 0 0 0 0 0 0 0 0 0 0 0 0 0 0 0
 0 0 0 0 0 0 0 0 0 0 0 0 0 0 0 0 0 0 0 0 0 0 0 0 0 0 0 0 0 0 0 0 0 0 0 0
 0 0 0 0 0 0 0 0 0 0 0 0 0 0 0 0 0 0 0 0 0 0 0 0 0 0 0 0 0 0 0 0 0 0 0 0
 0 0 0 0 0 0 0 0 0 0 0 0 0 0 0 0 0 0 0 0 0 0 0 0 0 0 0 0 0 0 0 0 0 0 0 0
 0 0 0 0 0 0 0 0 0 0 0 0 0 0 0 0 0 0 0 0 0 0 0 0 0 0 0 0 0 0 0 0 0 0 0 0
 0 0 0 0 0 0 0 0 0 0 0 0 0 0 0 0 0 0 0 0 0 0 0 0 0 0 0 0 0 0 0 0 0 0 0 0
 0 0 0 0 0 0 0 0 1.78061e-05 0.00172719 0.00360574 0.0105946 0.0120993 0.0124554 0.0147524 0.0171206 0.0266825 0.0428682 0.0675386 0.121331 0.153587 0.119568 0.100827 0.0573624 0.0630603 0.0341343 0.0324427 0.0444173 0.0211091 0.0280891 0.0125444 0.00206551 0 0 0 0
 0 0 0 0 0 0 0 0 0 0 0 0 0 0 0 0 0 0 0 0 0 0 0 0 0 0 0 0 0 0 0 0 0 0 0 0
 0 0 0 0 0 0 0.0133647 0.0140871 0.0187388 0.0205184 0.03894 0.0496705 0.03968 0.0493445 0.0407372 0.0367815 0.0215668 0.0243155 0.0234873 0.0199281 0.019796 0.0243948 0.0301388 0.0376714 0.0412746 0.0863199 0.0771752 0.113111 0.0741005 0.0525337 0.0229764 0.00759418 0.00175318 0 0 0
 0 0 0 0 0 0 0 0 0 0 0.00219441 0.00772107 0.0458388 0.0604681 0.0671733 0.0775358 0.0609151 0.0617685 0.073594 0.0568108 0.0755445 0.0548602 0.0670107 0.0636378 0.0643287 0.046367 0.0373049 0.0286899 0.0247887 0.0153202 0.00654259 0.00121912 0.000365735 0 0 0
 0 0 0 0 0 0 0 0 0 0 0 0 0.000112435 0.00938835 0.0111873 0.0202946 0.0414886 0.0713402 0.111592 0.104902 0.108894 0.110636 0.117776 0.105296 0.107544 0.0401394 0.0192827 0.0124803 0.00416011 0.0028671 0.000618394 0 0 0 0 0
 0 0 0 0 0 0 0 0 0 0 0.00291406 0.0102884 0.027416 0.0768956 0.0749926 0.110853 0.0956884 0.0897413 0.0766577 0.0534642 0.0500743 0.0551293 0.0594112 0.0620874 0.0668451 0.0424026 0.0208742 0.0120726 0.0048766 0.00582813 0.00118941 0.000297354 0 0 0 0
 0 0.00264628 0.0354308 0.0461629 0.0458689 0.0383711 0.0214643 0.0164657 0.0346957 0.0420465 0.0363128 0.0245516 0.0311673 0.0291091 0.0169068 0.0133784 0.00837989 0.0085269 0.0148486 0.0160247 0.0276389 0.0546898 0.0760071 0.122758 0.109233 0.0665981 0.0333725 0.0166128 0.00676272 0.00308733 0.000882094 0 0 0 0 0
 0 0 0 0 0 0 0 0.000805153 0.000690131 0.00759144 0.0133425 0.0154129 0.00931677 0.000345066 0.00356568 0.00563607 0.00851162 0.0253048 0.0502646 0.0516448 0.0657925 0.0565908 0.0611916 0.0827007 0.0866115 0.110766 0.145733 0.0935128 0.0569358 0.0249597 0.0138026 0.00621118 0.00161031 0.00115022 0 0
 0 0 0 0 0 0 0 0 0 0 0 0 0 0 0 0 0 0 0 0 0 0 0 0 0 0 0 0 0 0 0 0 0 0 0 0
 0.00147267 0.00158595 0.00478618 0.00569244 0.00954404 0.0108468 0.00647125 0.017049 0.0510054 0.094081 0.124002 0.0959785 0.0687766 0.0820023 0.061753 0.0591476 0.0492212 0.0479892 0.0443925 0.0268479 0.0217502 0.0140895 0.0121071 0.0120363 0.00920419 0.00665534 0.0049561 0.00860946 0.00930331 0.0156896 0.0114698 0.00855282 0.00243557 0.00046729 0 2.83206e-05
 0 0 0 0 0.000772559 0.00158375 0.000888443 0.00281984 0.00712685 0.0440552 0.0773331 0.111326 0.0921469 0.0852325 0.0710754 0.0886704 0.0786465 0.0553345 0.0373146 0.0185414 0.00753245 0.00457741 0.012979 0.0271748 0.0457355 0.0583668 0.034881 0.0177882 0.00938659 0.00492506 0.0015258 0.00185414 0.000309023 5.79419e-05 3.86279e-05 0
 0 0.00173294 0.00326652 0 0.00397197 0.00683976 0.00946217 0.0152591 0.00757587 0.0136028 0.0228656 0.0392903 0.0559909 0.0764795 0.0681675 0.0726916 0.0566044 0.0477403 0.0527397 0.0444891 0.0609904 0.0582453 0.0661739 0.0445044 0.0529084 0.0360697 0.0280645 0.0235558 0.0158879 0.00826598 0.00280645 0.00217768 0.000904811 0.00058276 9.20147e-05 0
 0 0 0 0 0 0 0 0 0 0 0 0 0 0 0 0 0 0 0 0 0 0 0 0 0 0 0 0 0 0 0 0 0 0 0 0
 0 0 0 0 0 0 0 0 0 0 0 0 0 0 0 0 0 0 0 0 0 0 0 0 0 0 0 0 0 0 0 0 0 0 0 0
ppred_pel_tallas
 1.11035e-16 8.51386e-06 4.99075e-05 0.00023711 0.000912674 0.00284589 0.00718888 0.0147125 0.0243992 0.0328029 0.0357896 0.0317916 0.0232437 0.0145485 0.00890486 0.00708067 0.00834272 0.011757 0.0167192 0.0228521 0.0297717 0.0369715 0.0438407 0.0497644 0.0542468 0.0570079 0.0580216 0.0574808 0.0557105 0.0530623 0.0498305 0.0462118 0.0423139 0.0381917 0.0338935 0.0294928
 1.06044e-16 2.92573e-05 0.000171717 0.000816269 0.00314268 0.00980016 0.0247544 0.0506505 0.0839578 0.11275 0.122687 0.108201 0.0774152 0.0451034 0.0217496 0.00935166 0.00471451 0.00408796 0.00519401 0.00706545 0.00934931 0.0118659 0.0144517 0.0169387 0.0191733 0.0210389 0.0224664 0.0234294 0.0239291 0.0239778 0.0235872 0.0227682 0.0215389 0.0199357 0.0180213 0.0158853
 1.05954e-16 3.00533e-06 1.75363e-05 8.3144e-05 0.000319748 0.000996787 0.00251863 0.00515933 0.00857443 0.0115826 0.0127817 0.0116967 0.00929415 0.00728304 0.00700834 0.00900433 0.0132728 0.019661 0.0279535 0.0377506 0.048347 0.0587293 0.0677115 0.0741677 0.0772899 0.0767796 0.0729137 0.0664528 0.0584347 0.049921 0.0417806 0.0345684 0.0285103 0.0235735 0.0195745 0.0162843
 1.1172e-16 1.36623e-05 8.01601e-05 0.000380993 0.00146676 0.00457385 0.0115532 0.02364 0.0391882 0.0526362 0.0572984 0.0505886 0.0363177 0.0214118 0.0108106 0.00551208 0.00410939 0.00495127 0.00707929 0.0101384 0.0140334 0.0187037 0.024031 0.0298168 0.0357866 0.0416066 0.0469084 0.0513191 0.054497 0.0561719 0.0561828 0.0545072 0.0512735 0.0467485 0.0413031 0.0353601
 1.03039e-16 3.60663e-05 0.000211695 0.00100633 0.00387449 0.0120823 0.0305187 0.0624446 0.103506 0.138995 0.151229 0.133334 0.0953119 0.0553564 0.0263643 0.0107609 0.0045637 0.00310572 0.00354311 0.0046658 0.00604674 0.00750208 0.00889609 0.0101077 0.0110442 0.0116584 0.011954 0.0119757 0.0117893 0.0114583 0.0110269 0.0105137 0.00991651 0.00922454 0.00843143 0.00754464
 1.02153e-16 1.37305e-05 8.05142e-05 0.000382575 0.00147268 0.00459219 0.0116001 0.0237397 0.0393676 0.0529191 0.0577169 0.0512207 0.0373421 0.0231576 0.013787 0.0104091 0.0117617 0.016241 0.0227637 0.0306124 0.0390724 0.047263 0.0541869 0.0589082 0.0607658 0.0595335 0.0554756 0.0492703 0.0418347 0.0341089 0.0268696 0.020621 0.0155763 0.0117108 0.00885233 0.00677019
 1.02429e-16 3.13466e-05 0.00018398 0.000874559 0.00336711 0.0105 0.0265221 0.0542677 0.0899542 0.120805 0.131455 0.115944 0.0829757 0.0483847 0.0234088 0.0101931 0.0053171 0.00475948 0.00606632 0.00817512 0.0106675 0.0132994 0.0158403 0.0180609 0.0197668 0.020832 0.0212164 0.0209592 0.0201561 0.018928 0.0173949 0.0156608 0.0138113 0.0119183 0.0100467 0.00825696
 1.01328e-16 2.99507e-05 0.000175774 0.000835524 0.00321677 0.0100312 0.025338 0.0518458 0.0859433 0.115429 0.125634 0.110877 0.0794964 0.0466511 0.0231189 0.0109966 0.00705835 0.00748203 0.00990112 0.01322 0.0168947 0.0204974 0.0235956 0.0257892 0.0267915 0.0264966 0.0250022 0.022579 0.0195978 0.0164409 0.0134255 0.0107592 0.00853358 0.0067465 0.00533907 0.00423125
 1.01228e-16 2.84708e-05 0.000167083 0.000794202 0.00305766 0.00953497 0.0240847 0.0492816 0.0816938 0.109725 0.119435 0.105427 0.0756349 0.0444781 0.0222154 0.0108572 0.00735454 0.00808794 0.0108116 0.0144726 0.0185241 0.0225123 0.0259683 0.0284532 0.0296474 0.0294241 0.0278761 0.0252839 0.0220405 0.0185567 0.0151794 0.012144 0.00956501 0.00745823 0.00577709 0.00444871
 1.01088e-16 3.15533e-05 0.000185186 0.000880279 0.0033891 0.0105686 0.0266954 0.0546228 0.090545 0.121604 0.132342 0.116765 0.0836501 0.048951 0.0240034 0.0109928 0.00649809 0.00647812 0.00844241 0.0112641 0.0144256 0.0175548 0.020286 0.0222787 0.0232837 0.0231984 0.0220887 0.0201641 0.0177211 0.0150707 0.0124767 0.010119 0.00808783 0.0063993 0.00502362 0.00391161
 1.02954e-16 3.7083e-06 2.16608e-05 0.000102747 0.000395215 0.00123212 0.00311308 0.00637579 0.0105914 0.0142928 0.0157349 0.0143111 0.0111864 0.00842928 0.00764315 0.00941792 0.0136859 0.020209 0.028715 0.0387698 0.0496366 0.0602629 0.0694152 0.0759174 0.0789165 0.0780838 0.0736874 0.0665038 0.0576118 0.0481342 0.0390153 0.0308898 0.0240592 0.0185517 0.0142238 0.01086
 1.11278e-16 1.076e-05 6.31178e-05 0.000299966 0.00115477 0.00360092 0.00909569 0.018612 0.0308553 0.0414497 0.0451372 0.0398901 0.0287216 0.0171047 0.0089574 0.00510295 0.00447787 0.00582672 0.00843163 0.0120319 0.016545 0.0218831 0.0278817 0.034287 0.04077 0.0469509 0.05243 0.0568196 0.0597799 0.0610568 0.0605175 0.0581772 0.0542098 0.0489318 0.0427635 0.0361718
 1.05232e-16 3.19479e-05 0.000187514 0.000891369 0.00343184 0.0107019 0.0270321 0.0553108 0.0916821 0.123122 0.133968 0.118138 0.0844996 0.0491787 0.0236149 0.00997671 0.00475889 0.00384775 0.00473722 0.00635571 0.00830915 0.010403 0.0124737 0.0143668 0.0159579 0.017174 0.018 0.0184671 0.0186289 0.0185352 0.0182138 0.0176667 0.0168803 0.0158418 0.0145567 0.0130587
 1.02585e-16 2.09584e-05 0.000122965 0.000584426 0.00224992 0.00701602 0.0177223 0.0362648 0.0601229 0.0807735 0.0879769 0.0777907 0.0560967 0.0335685 0.0178415 0.010497 0.00939177 0.0119303 0.0164604 0.0221067 0.028251 0.0342422 0.0393662 0.0429547 0.0445325 0.043931 0.0413273 0.0371898 0.0321546 0.026873 0.0218808 0.0175227 0.0139417 0.0111185 0.00893545 0.00724032
 1.0296e-16 2.27604e-05 0.000133554 0.000634793 0.00244388 0.00762092 0.0192501 0.0393899 0.0652994 0.0877145 0.0955015 0.0843598 0.0606509 0.0359285 0.0184333 0.00982276 0.0077137 0.00925828 0.0126833 0.0171304 0.0220985 0.0271137 0.0316572 0.0352257 0.0374316 0.038085 0.0372268 0.0350997 0.0320732 0.0285481 0.0248751 0.0213074 0.0179924 0.0149928 0.0123193 0.00996121
 1.03027e-16 2.35115e-05 0.000137964 0.000655759 0.0025246 0.00787265 0.0198859 0.0406909 0.0674559 0.0906102 0.0986515 0.0871357 0.0626322 0.0370727 0.0189652 0.0100151 0.00775266 0.00922768 0.0126014 0.0169834 0.0218571 0.0267404 0.0311117 0.0344715 0.036444 0.036859 0.0357835 0.0334881 0.0303668 0.0268368 0.0232526 0.0198581 0.0167797 0.0140515 0.0116543 0.00955005
 1.03361e-16 2.09004e-05 0.00012263 0.000582851 0.00224387 0.0069972 0.0176746 0.0361668 0.0599585 0.0805469 0.087715 0.0775232 0.0558261 0.0332516 0.0173933 0.00980453 0.00832812 0.0103699 0.0143006 0.0192996 0.0248375 0.0303791 0.0353327 0.0391296 0.0413421 0.0417772 0.0405123 0.0378579 0.0342655 0.0302133 0.0261086 0.0222317 0.0187286 0.0156384 0.0129379 0.0105813
 1.03081e-16 2.56694e-05 0.000150638 0.000716023 0.00275666 0.00859631 0.0217137 0.0444303 0.0736525 0.0989261 0.107685 0.0950672 0.068229 0.0401763 0.0201676 0.0100282 0.00702496 0.00791204 0.0106816 0.0143977 0.0185749 0.0228022 0.0266447 0.0296837 0.031598 0.0322315 0.0316201 0.0299662 0.0275746 0.0247729 0.0218431 0.0189837 0.0163047 0.0138477 0.0116156 0.00959853
 1.04136e-16 1.32521e-05 7.77149e-05 0.000369286 0.00142154 0.00443275 0.0111973 0.0229148 0.0379976 0.0510714 0.0556858 0.0493804 0.0359189 0.0221148 0.0128875 0.0093513 0.0102691 0.0140903 0.0197945 0.0267518 0.0343741 0.041942 0.0486295 0.0536431 0.0563945 0.056633 0.0544947 0.0504466 0.0451535 0.0393124 0.0335108 0.0281459 0.0234128 0.0193462 0.0158854 0.0129358
 1.03369e-16 3.02055e-05 0.00017728 0.000842708 0.00324447 0.0101176 0.0255562 0.0522912 0.0866784 0.116406 0.126672 0.111732 0.0799772 0.0466676 0.0226369 0.00995829 0.00534254 0.00492047 0.00633099 0.00854981 0.0111685 0.013942 0.0166357 0.0190157 0.0208844 0.0221145 0.0226656 0.0225763 0.0219393 0.0208687 0.0194734 0.017844 0.016052 0.0141584 0.0122225 0.0103063
 1.02065e-16 2.55898e-05 0.000150165 0.000713759 0.00274792 0.00856904 0.0216449 0.04429 0.0734218 0.0986219 0.107369 0.094823 0.0681301 0.0402709 0.0204959 0.0106483 0.00802374 0.00939394 0.0127413 0.0170851 0.0218588 0.0265442 0.0305917 0.033487 0.0348606 0.0345735 0.0327478 0.0297263 0.0259805 0.0219957 0.0181739 0.0147773 0.0119208 0.00960104 0.00774395 0.00625049
 1.02675e-16 2.09748e-05 0.000123066 0.000584917 0.00225182 0.00702198 0.0177373 0.036295 0.0601715 0.0808342 0.088031 0.07781 0.0560487 0.0334166 0.0175384 0.00997857 0.00857674 0.0107317 0.0148057 0.0199656 0.0256631 0.0313372 0.0363674 0.0401588 0.0422661 0.0424924 0.0409274 0.0379075 0.0339202 0.0294824 0.0250367 0.0208906 0.0172063 0.014028 0.0113271 0.00904525
 1.04812e-16 1.43595e-05 8.4223e-05 0.000400242 0.00154076 0.00480454 0.0121363 0.0248355 0.0411789 0.0553366 0.0603081 0.0534122 0.0387061 0.0235425 0.0132107 0.00886888 0.00912996 0.0122866 0.0172445 0.0233877 0.0302073 0.0371033 0.0433822 0.0483643 0.051525 0.0526049 0.0516552 0.0489965 0.0451172 0.0405452 0.0357382 0.0310224 0.0265843 0.0225011 0.0187876 0.0154368
 1.08533e-16 1.08258e-05 6.34829e-05 0.000301654 0.00116119 0.00362089 0.00914642 0.0187175 0.0310369 0.0417134 0.0454764 0.0403132 0.0292939 0.0179792 0.0103829 0.00741423 0.00807084 0.0111102 0.015746 0.021537 0.0281006 0.034958 0.0415327 0.0472365 0.0515834 0.0542805 0.0552683 0.0546945 0.0528405 0.0500302 0.0465551 0.0426365 0.0384278 0.0340402 0.0295751 0.025144
pSPR Fmed_Fpbrs
0.506137   0.255389 0.255389
Fs Fmed_Fpbrs
0.393739   1.005 1.005
SSBpbr Bo_Bmed_Bpbrs
870456  397047  178782 178782
Ro
25848.3
SPR SPRFo_SPRFmed_SPRFpbrs
531793 269160 135814
log_Ro
9.98
likeval ReclasPelacesDesembMPH_pf_preclas_ppelaces_ptallas_desvR_qrecl_qpela
 108.78 105.72 0.314825 0.000524601 342.903 187.706 97.7667 0 29.9349 0 0 0 0 0 0
q_reclas_q_pelaces
1 1
M
0.7
N
 13150.7 15367.3 7631.2 3789.54 3738.13
 60721.9 5687.3 5787.88 2874.17 2835.18
 3253.32 25423.2 2007.62 2043.12 2015.4
 6213.59 1067.06 5507.61 434.924 879.227
 49770 2589.86 373.305 1926.8 459.747
 18010.4 23965.1 1209.22 174.298 1114.29
 53028.9 6256.82 5824.32 293.881 313.171
 81343.2 20699.7 1919.83 1787.13 186.267
 103617 28828.7 5235.73 485.597 499.145
 225955 38595.8 8054.68 1462.85 275.135
 17311.1 98032.6 14629.9 3053.17 658.793
 21196.3 6676.25 29362.6 4381.93 1111.8
 73476.4 7811.6 1825.98 8030.79 1502.56
 30768.1 23766.3 1645.79 384.707 2008.53
 17359.9 8248.75 3439.88 238.207 346.392
 13772.3 5123 1446.59 603.255 102.522
 11432 5312.21 1534.86 433.404 211.453
 17452.3 4541.58 1688.29 487.801 204.944
 7753.74 7457.12 1669.74 620.713 254.693
 28240.3 3350.65 2804.23 627.903 329.194
 39511.3 12063.1 1231.17 1030.39 351.678
 43136.7 18444.8 5293.87 540.296 606.518
 27156.4 19819.7 7841.15 2250.5 487.526
 13503.4 12078.7 7895.84 3123.79 1090.79
pred_Ctot
 1230.84 2712.32 1346.9 668.85 659.776
 6918.45 1206.03 1227.36 609.49 601.221
 813.43 10801.1 852.94 868.024 856.248
 725.192 231.371 1194.21 94.3047 190.643
 1088 111.713 16.1023 83.1117 19.831
 3971.81 9163.75 462.381 66.648 426.082
 8272.6 1767.32 1645.15 83.0105 88.4591
 17076.5 7589.21 703.875 655.22 68.2917
 18933 9369.71 1701.68 157.826 162.229
 20686.9 6672.23 1392.45 252.89 47.5639
 2821.58 28797.9 4297.66 896.893 193.526
 3998.7 2231.4 9813.86 1464.57 371.597
 18880.6 3394.47 793.467 3489.72 652.926
 10544.7 12964.9 897.806 209.865 1095.69
 5218.19 4066.99 1696.01 117.447 170.786
 2243.66 1504.26 424.76 177.133 30.1033
 1665.58 1410.91 407.657 115.111 56.1615
 1766.79 862.767 320.726 92.668 38.9334
 729.558 1322.73 296.176 110.101 45.1769
 2864.09 637.605 533.625 119.485 62.6433
 1709.05 1015.92 103.685 86.7765 29.6172
 2329.59 1926.36 552.885 56.4278 63.344
 2050.3 2854.68 1129.38 324.145 70.2197
 1768.78 2912.22 1903.72 753.158 262.992
F
 0.13824 0.276479 0.276479 0.276479 0.276479
 0.170643 0.341287 0.341287 0.341287 0.341287
 0.414766 0.829532 0.829532 0.829532 0.829532
 0.175135 0.35027 0.35027 0.35027 0.35027
 0.030813 0.061626 0.061626 0.061626 0.061626
 0.357279 0.714557 0.714557 0.714557 0.714557
 0.240717 0.481433 0.481433 0.481433 0.481433
 0.337307 0.674614 0.674614 0.674614 0.674614
 0.287559 0.575117 0.575117 0.575117 0.575117
 0.135037 0.270074 0.270074 0.270074 0.270074
 0.25279 0.50558 0.50558 0.50558 0.50558
 0.298218 0.596437 0.596437 0.596437 0.596437
 0.428696 0.857392 0.857392 0.857392 0.857392
 0.616416 1.23283 1.23283 1.23283 1.23283
 0.520425 1.04085 1.04085 1.04085 1.04085
 0.252649 0.505298 0.505298 0.505298 0.505298
 0.223145 0.446289 0.446289 0.446289 0.446289
 0.150303 0.300605 0.300605 0.300605 0.300605
 0.139019 0.278039 0.278039 0.278039 0.278039
 0.150594 0.301188 0.301188 0.301188 0.301188
 0.0618025 0.123605 0.123605 0.123605 0.123605
 0.0776995 0.155399 0.155399 0.155399 0.155399
 0.110169 0.220338 0.220338 0.220338 0.220338
 0.198534 0.397067 0.397067 0.397067 0.397067
nmprior
 10 10 8 0
nm_flota  nm_reclas  nm_pelaces    nm_pelaL
inf 9.19309 5.82143 8.28009
cv_recla  cv_pelaces  cv_mph
0.965608 1.20988 0.743109
 ------------------------------------------------
Talla a la edad & desviación 
 7.2 14.2025 17.0495 18.207 18.6776
 1.08 2.13037 2.55742 2.73105 2.80164
