    unsorted:	 8.963895873e-06 9.223654810e-06 6.869082680e-06 0.0008999965506 0.006827598095 15.33523645 48.47939464 61.09464465 103.8936886 173.3705902 202.6360114 377.8101696 499.0970675 565.6012143 756.6566921 776.6245353 863.2919357 1018.611155 1133.957487 1291.732476 1345.832094 1537.776130 1657.976498 1952.003474 2025.855843 2319.151341 2370.884036 2756.462697 2918.172057 3085.674181 3518.233727 3489.367770 4024.196004 4413.331685 4667.320885 5086.476925 5197.154937 24283.64441 204646.6706 539037.8734 525584.8330 505125.4023 486039.5422 480443.9487 425365.1510 397661.9666 387972.6836 568423.6539 318712.0928 631902.2166 675057.4700 790722.6345 816863.8987 915792.8253 1128285.873 1181601.245 1342838.605 1531842.400 1916924.592 2006768.957 2323465.283 2568966.795 4955364.952
      sorted:	 6.869082680e-06 8.963895873e-06 9.223654810e-06 0.0008999965506 0.006827598095 15.33523645 48.47939464 61.09464465 103.8936886 173.3705902 202.6360114 377.8101696 499.0970675 565.6012143 756.6566921 776.6245353 863.2919357 1018.611155 1133.957487 1291.732476 1345.832094 1537.776130 1657.976498 1952.003474 2025.855843 2319.151341 2370.884036 2756.462697 2918.172057 3085.674181 3489.367770 3518.233727 4024.196004 4413.331685 4667.320885 5086.476925 5197.154937 24283.64441 204646.6706 318712.0928 387972.6836 397661.9666 425365.1510 480443.9487 486039.5422 505125.4023 525584.8330 539037.8734 568423.6539 631902.2166 675057.4700 790722.6345 816863.8987 915792.8253 1128285.873 1181601.245 1342838.605 1531842.400 1916924.592 2006768.957 2323465.283 2568966.795 4955364.952
