years
 1997 1998 1999 2000 2001 2002 2003 2004 2005 2006 2007 2008 2009 2010 2011 2012 2013 2014 2015 2016 2017 2018 2019 2020
reclasobs
 0 0 0 370054 412103 1.49427e+06 250295 1.28982e+06 931140 785840 897777 1.04006e+06 184774 17550 25797 100020 73551 82996 120727 218422 84188 347160 605670 569463
reclaspred
 1.09046e+06 261030 765258 448873 542475 694585 1.43052e+06 1.05314e+06 1.25893e+06 1.27677e+06 1.14354e+06 783242 455858 209258 140660 142042 175420 251326 278170 372549 582616 589854 1.03129e+06 1.31248e+06
pelacesobs
 0 0 0 0 0 0 0 0 0 2.06254e+06 1.5e+06 0 1.87456e+06 323000 250000 174000 83755 137374 0 501740 490994 745055 786931 1.00524e+06
pelacespred
 699119 252474 276757 318571 328332 333163 729054 702520 728786 768958 597698 422873 242145 89618.7 60041.8 69164.5 89571.6 129646 151713 195814 334406 352438 467529 703381
mphobs
 0 0 0 0 0 112323 0 153150 637223 0 255016 313432 73983 77613 109348 50772 0 0 0 0 0 0 0 0
mphpred
 754007 454108 454658 481678 425050 605126 872749 1.11903e+06 1.04155e+06 1.15782e+06 1.15994e+06 823821 509344 268877 129272 116603 135666 191598 240923 276921 427624 545471 695069 1.0088e+06
desembarqueobs
 350755 77701 442110 56441 14545 235359 269955 359681 431902 328805 639364 411747 362871 311530 167758 66681 60226 58785 57116 71774 51957 67425 138520 160799
desembarquepred
 350782 77712.1 442279 56447.2 14545.3 235458 270005 359704 431938 328813 639627 412037 363154 311931 167791 66702.4 60254 58793.6 57118.3 71775.9 51958.5 67422.6 138523 160802
Reclutas
 53402.6 52875.5 30663.5 34788.2 61603 51060.2 92403 95092.5 128246 128872 72746.2 43128.6 45562.1 28619 20481.2 18211.4 15986.8 17450.2 19158 34312.5 49608.1 59456.3 99251.7 125960
log_desv_Rt
 0.125615 0.115695 -0.429173 -0.302967 0.268466 0.0807606 0.673914 0.702606 1.00171 1.00657 0.434732 -0.0880589 -0.0331675 -0.498174 -0.832737 -0.950195 -1.08048 -0.992894 -0.899524 -0.316736 0.051909 0.232996 0.745415 0.983718
SSB
 754007 454108 454658 481678 425050 605126 872749 1.11903e+06 1.04155e+06 1.15782e+06 1.15994e+06 823821 509344 268877 129272 116603 135666 191598 240923 276921 427624 545471 695069 1.0088e+06
BT
 2.33958e+06 614298 947057 727721 761386 845736 2.09611e+06 1.97011e+06 2.18383e+06 2.05185e+06 1.84563e+06 1.25886e+06 892531 490075 293048 212583 259715 341813 366313 509762 838542 776053 1.09561e+06 1.67535e+06
Ftot
 0.309577 0.286866 0.54485 0.122382 0.0262392 0.325221 0.183123 0.328237 0.329854 0.248769 0.527889 0.497501 0.738353 1.29639 1.07576 0.447275 0.330099 0.226269 0.198866 0.186863 0.0869945 0.111311 0.130656 0.119278
BD_Bspro_t
 0.957581 0.765042 0.678642 0.511907 0.607263 0.743303 0.692666 0.718066 0.671292 0.647292 0.621134 0.464672 0.355677 0.253407 0.154129 0.165127 0.244685 0.390504 0.505775 0.60071 0.719421 0.809732 0.82183 0.829017
BD_Bspro
 0.778137 0.468641 0.469209 0.497093 0.438652 0.624492 0.900679 1.15484 1.07488 1.19487 1.19706 0.850186 0.525644 0.277482 0.133409 0.120335 0.140008 0.197729 0.248633 0.285783 0.441309 0.562927 0.717314 1.04109
BD_Bo
 0.735798 0.443142 0.443678 0.470045 0.414785 0.590513 0.851672 1.092 1.0164 1.12986 1.13192 0.803926 0.497043 0.262384 0.12615 0.113787 0.13239 0.186971 0.235104 0.270233 0.417297 0.532298 0.678284 0.984439
BD_Brms
 3.58246 2.15757 2.16018 2.28856 2.01951 2.87509 4.14663 5.31675 4.94865 5.50107 5.51112 3.91416 2.42001 1.2775 0.614201 0.554007 0.644581 0.910324 1.14468 1.31571 2.03174 2.59165 3.30243 4.79304
S_f
 0.5 1 1 1 1
 0.5 1 1 1 1
 0.5 1 1 1 1
 0.5 1 1 1 1
 0.5 1 1 1 1
 0.5 1 1 1 1
 0.5 1 1 1 1
 0.5 1 1 1 1
 0.5 1 1 1 1
 0.5 1 1 1 1
 0.5 1 1 1 1
 0.5 1 1 1 1
 0.5 1 1 1 1
 0.5 1 1 1 1
 0.5 1 1 1 1
 0.5 1 1 1 1
 0.5 1 1 1 1
 0.5 1 1 1 1
 0.5 1 1 1 1
 0.5 1 1 1 1
 0.5 1 1 1 1
 0.5 1 1 1 1
 0.5 1 1 1 1
 0.5 1 1 1 1
Scru_reclas
 0.5 1 1 1 1
 0.5 1 1 1 1
 0.5 1 1 1 1
 0.5 1 1 1 1
 0.5 1 1 1 1
 0.5 1 1 1 1
 0.5 1 1 1 1
 0.5 1 1 1 1
 0.5 1 1 1 1
 0.5 1 1 1 1
 0.5 1 1 1 1
 0.5 1 1 1 1
 0.5 1 1 1 1
 0.5 1 1 1 1
 0.5 1 1 1 1
 0.5 1 1 1 1
 0.5 1 1 1 1
 0.5 1 1 1 1
 0.5 1 1 1 1
 0.5 1 1 1 1
 0.5 1 1 1 1
 0.5 1 1 1 1
 0.5 1 1 1 1
 0.5 1 1 1 1
Scru_pelaces
 0.5 1 1 1 1
 0.5 1 1 1 1
 0.5 1 1 1 1
 0.5 1 1 1 1
 0.5 1 1 1 1
 0.5 1 1 1 1
 0.5 1 1 1 1
 0.5 1 1 1 1
 0.5 1 1 1 1
 0.5 1 1 1 1
 0.5 1 1 1 1
 0.5 1 1 1 1
 0.5 1 1 1 1
 0.5 1 1 1 1
 0.5 1 1 1 1
 0.5 1 1 1 1
 0.5 1 1 1 1
 0.5 1 1 1 1
 0.5 1 1 1 1
 0.5 1 1 1 1
 0.5 1 1 1 1
 0.5 1 1 1 1
 0.5 1 1 1 1
 0.5 1 1 1 1
pf_obs 
 0.256992 0.487395 0.22802 0.0275931 0
 0.321318 0.546541 0.124235 0.00734118 0.000564706
 0.182869 0.594174 0.210203 0.0122559 0.00049798
 0.330522 0.361315 0.267642 0.0388342 0.00168674
 0.649043 0.306663 0.0425973 0.00169635 0
 0.582887 0.30429 0.105238 0.00758474 0
 0.465427 0.430635 0.0974691 0.00646863 0
 0.296916 0.608066 0.0921331 0.00288517 0
 0.311714 0.524322 0.152257 0.0117073 0
 0.15457 0.633149 0.183074 0.0267441 0.00246327
 0.131901 0.49318 0.331252 0.0422183 0.00144891
 0.196976 0.569456 0.194076 0.0375587 0.00193317
 0.518974 0.381816 0.0799577 0.0180837 0.00116848
 0.0928022 0.601141 0.25162 0.0475244 0.00691264
 0.122501 0.610282 0.24278 0.0234846 0.000952079
 0.383417 0.481906 0.127806 0.00687128 0
 0.0376549 0.599619 0.316969 0.0457579 0
 0.0361596 0.667082 0.258105 0.0386534 0
 0.158088 0.579412 0.248529 0.0139706 0
 0.0477256 0.309471 0.559284 0.082774 0.000745712
 0.0406174 0.521527 0.379366 0.0568643 0.0016247
 0.151134 0.462217 0.34131 0.0453401 0
 0.294876 0.26143 0.354403 0.0886775 0.000613685
 0.281977 0.475581 0.204845 0.0348837 0.00271318
pf_pred 
 0.54157 0.326709 0.118081 0.0136344 5.87659e-06
 0.471389 0.381089 0.105134 0.0379982 0.0043894
 0.331968 0.440569 0.163984 0.0452395 0.0182395
 0.453462 0.294367 0.166307 0.061901 0.0239622
 0.546485 0.286647 0.0898758 0.0507767 0.0262156
 0.390795 0.431477 0.112333 0.0352213 0.0301724
 0.56607 0.253823 0.127563 0.0332106 0.0193332
 0.471561 0.387468 0.0824596 0.0414415 0.0170699
 0.531918 0.310065 0.115863 0.0246576 0.0174965
 0.473348 0.376179 0.0996753 0.0372461 0.0135511
 0.320891 0.447359 0.165535 0.0438615 0.022353
 0.31125 0.361419 0.215627 0.0797881 0.0319154
 0.446861 0.2828 0.14186 0.0846351 0.0438444
 0.436919 0.376487 0.0953987 0.0478543 0.0433407
 0.542016 0.320832 0.0917028 0.0232367 0.0222128
 0.563611 0.335033 0.0710028 0.0202946 0.0100584
 0.469403 0.396063 0.103287 0.0218895 0.00935751
 0.473363 0.347896 0.13342 0.034794 0.0105261
 0.459207 0.355448 0.122439 0.0469559 0.0159499
 0.57125 0.275477 0.100742 0.0347019 0.017829
 0.54575 0.335033 0.0765985 0.0280122 0.0146066
 0.478725 0.370724 0.111039 0.0253869 0.0141251
 0.544779 0.297998 0.111815 0.0334909 0.0119173
 0.499516 0.356815 0.094049 0.0352892 0.014331
pobs_RECLAS
 0 0 0 0 0
 0 0 0 0 0
 0 0 0 0 0
 0 0 0 0 0
 0.835266 0.146461 0.0176864 0.000547809 3.91292e-05
 0.385257 0.428462 0.181853 0.0044286 0
 0.867414 0.0963971 0.0333333 0.00285562 0
 0.441836 0.489002 0.0689373 0.000224442 0
 0.779404 0.147425 0.0564933 0.0165055 0.000172143
 0.814271 0.122319 0.05973 0.00367925 0
 0.40263 0.566651 0.0304383 0.000280538 0
 0.475488 0.404961 0.113038 0.00651328 0
 0.955842 0.0263864 0.0167828 0.000988607 0
 0.975058 0.0227948 0.00214734 0 0
 0.738997 0.206755 0.0527124 0.00153531 0
 0.850938 0.134255 0.0134407 0.00136685 0
 0.542534 0.407297 0.0501686 0 0
 0.764087 0.199537 0.0359546 0.000420521 0
 0.470689 0.182191 0.310203 0.0369168 0
 0.84361 0.089868 0.0606195 0.00523954 0.000663233
 0.607945 0.314616 0.071237 0.00620181 0
 0.523733 0.453247 0.0230204 0 0
 0.530135 0.295979 0.169645 0.0042399 0
 0.562478 0.366248 0.0663022 0.0049721 0
ppred_RECLAS
 0.544511 0.324613 0.117324 0.0135469 5.83889e-06
 0.474078 0.379151 0.104599 0.037805 0.00436707
 0.337459 0.436948 0.162636 0.0448677 0.0180896
 0.454453 0.293834 0.166006 0.0617888 0.0239188
 0.546678 0.286525 0.0898375 0.0507551 0.0262045
 0.3938 0.429349 0.111779 0.0350475 0.0300236
 0.567621 0.252916 0.127107 0.0330919 0.0192641
 0.474739 0.385138 0.0819636 0.0411923 0.0169673
 0.535111 0.30795 0.115073 0.0244894 0.0173771
 0.47561 0.374564 0.0992472 0.0370861 0.0134929
 0.326062 0.443953 0.164275 0.0435276 0.0221828
 0.315948 0.358954 0.214156 0.0792439 0.0316977
 0.456167 0.278043 0.139473 0.0832112 0.0431067
 0.458243 0.36223 0.091786 0.0460421 0.0416994
 0.558113 0.309555 0.0884796 0.02242 0.0214321
 0.568268 0.331458 0.0702452 0.020078 0.00995103
 0.472602 0.393675 0.102665 0.0217575 0.00930109
 0.475382 0.346563 0.132909 0.0346606 0.0104857
 0.460934 0.354313 0.122048 0.0468059 0.015899
 0.572833 0.27446 0.10037 0.0345738 0.0177631
 0.54643 0.334531 0.0764836 0.0279702 0.0145847
 0.479623 0.370086 0.110848 0.0253431 0.0141007
 0.545844 0.2973 0.111553 0.0334125 0.0118894
 0.500486 0.356123 0.0938666 0.0352207 0.0143032
pobs_PELACES
 0 0 0 0 0
 0 0 0 0 0
 0 0 0 0 0
 0 0 0 0 0
 0 0 0 0 0
 0 0 0 0 0
 0 0 0 0 0
 0 0 0 0 0
 0 0 0 0 0
 0 0 0 0 0
 0.450072 0.473896 0.0757376 0.000293798 0
 0 0 0 0 0
 0.463077 0.371075 0.160297 0.00555027 0
 0.529543 0.364841 0.0842815 0.0213345 0
 0.631943 0.363953 0.00410389 0 0
 0.735681 0.248677 0.0153453 0.000297389 0
 0.695825 0.281241 0.0229344 0 0
 0.275771 0.60734 0.115278 0.00161068 0
 0 0 0 0 0
 0.896147 0.0623911 0.0374545 0.00400742 0
 0.803859 0.145111 0.0509908 3.86294e-05 0
 0.739449 0.233085 0.0266225 0.000797448 4.60066e-05
 0.878498 0.100942 0.0204185 0.000141795 0
 0.694673 0.275183 0.0284847 0.00165964 0
ppred_PELACES
 0.557148 0.315607 0.114068 0.013171 5.67689e-06
 0.485892 0.370634 0.10225 0.0369557 0.00426897
 0.357843 0.423505 0.157632 0.0434872 0.017533
 0.459463 0.291135 0.164481 0.0612213 0.0236991
 0.547751 0.285847 0.0896249 0.050635 0.0261425
 0.40668 0.420227 0.109404 0.0343029 0.0293857
 0.575021 0.248587 0.124932 0.0325255 0.0189344
 0.48826 0.375224 0.0798538 0.040132 0.0165305
 0.548621 0.299 0.111729 0.0237777 0.0168721
 0.485856 0.367245 0.097308 0.0363615 0.0132293
 0.345484 0.431159 0.159541 0.0422731 0.0215435
 0.333951 0.349507 0.20852 0.0771583 0.0308635
 0.486514 0.262527 0.13169 0.0785678 0.0407012
 0.511619 0.326541 0.0827428 0.0415058 0.037591
 0.601329 0.279281 0.0798264 0.0202273 0.019336
 0.586275 0.317633 0.0673153 0.0192406 0.00953598
 0.486195 0.383528 0.100019 0.0211967 0.00906137
 0.484701 0.340407 0.130548 0.034045 0.0102994
 0.469097 0.348948 0.120199 0.0460972 0.0156583
 0.58036 0.269623 0.0986018 0.0339646 0.0174501
 0.549986 0.331909 0.0758841 0.027751 0.0144704
 0.484208 0.366824 0.109871 0.0251198 0.0139765
 0.551183 0.293805 0.110242 0.0330197 0.0117496
 0.505406 0.352615 0.092942 0.0348738 0.0141623
pobs_pel_tallas
 0 0 0 0 0 0 0 0 0 0 0 0 0 0 0 0 0 0 0 0 0 0 0 0 0 0 0 0 0 0 0 0 0 0 0 0
 0 0 0 0 0 0 0 0 0 0 0 0 0 0 0 0 0 0 0 0 0 0 0 0 0 0 0 0 0 0 0 0 0 0 0 0
 0 0 0 0 0 0 0 0 0 0 0 0 0 0 0 0 0 0 0 0 0 0 0 0 0 0 0 0 0 0 0 0 0 0 0 0
 0 0 0 0 0 0 0 0 0 0 0 0 0 0 0 0 0 0 0 0 0 0 0 0 0 0 0 0 0 0 0 0 0 0 0 0
 0 0 0 0 0 0 0 0 0 0 0 0 0 0 0 0 0 0 0 0 0 0 0 0 0 0 0 0 0 0 0 0 0 0 0 0
 0 0 0 0 0 0 0 0 0 0 0 0 0 0 0 0 0 0 0 0 0 0 0 0 0 0 0 0 0 0 0 0 0 0 0 0
 0 0 0 0 0 0 0 0 0 0 0 0 0 0 0 0 0 0 0 0 0 0 0 0 0 0 0 0 0 0 0 0 0 0 0 0
 0 0 0 0 0 0 0 0 0 0 0 0 0 0 0 0 0 0 0 0 0 0 0 0 0 0 0 0 0 0 0 0 0 0 0 0
 0 0 0 0 0 0 0 0 0 0 0 0 0 0 0 0 0 0 0 0 0 0 0 0 0 0 0 0 0 0 0 0 0 0 0 0
 0 0 0 0 0 0 0 0 0 0 0 0 0 0 0 0 0 0 0 0 0 0 0 0 0 0 0 0 0 0 0 0 0 0 0 0
 0 0 0 0 0 0 0 0 1.78061e-05 0.00172719 0.00360574 0.0105946 0.0120993 0.0124554 0.0147524 0.0171206 0.0266825 0.0428682 0.0675386 0.121331 0.153587 0.119568 0.100827 0.0573624 0.0630603 0.0341343 0.0324427 0.0444173 0.0211091 0.0280891 0.0125444 0.00206551 0 0 0 0
 0 0 0 0 0 0 0 0 0 0 0 0 0 0 0 0 0 0 0 0 0 0 0 0 0 0 0 0 0 0 0 0 0 0 0 0
 0 0 0 0 0 0 0.0133647 0.0140871 0.0187388 0.0205184 0.03894 0.0496705 0.03968 0.0493445 0.0407372 0.0367815 0.0215668 0.0243155 0.0234873 0.0199281 0.019796 0.0243948 0.0301388 0.0376714 0.0412746 0.0863199 0.0771752 0.113111 0.0741005 0.0525337 0.0229764 0.00759418 0.00175318 0 0 0
 0 0 0 0 0 0 0 0 0 0 0.00219441 0.00772107 0.0458388 0.0604681 0.0671733 0.0775358 0.0609151 0.0617685 0.073594 0.0568108 0.0755445 0.0548602 0.0670107 0.0636378 0.0643287 0.046367 0.0373049 0.0286899 0.0247887 0.0153202 0.00654259 0.00121912 0.000365735 0 0 0
 0 0 0 0 0 0 0 0 0 0 0 0 0.000112435 0.00938835 0.0111873 0.0202946 0.0414886 0.0713402 0.111592 0.104902 0.108894 0.110636 0.117776 0.105296 0.107544 0.0401394 0.0192827 0.0124803 0.00416011 0.0028671 0.000618394 0 0 0 0 0
 0 0 0 0 0 0 0 0 0 0 0.00291406 0.0102884 0.027416 0.0768956 0.0749926 0.110853 0.0956884 0.0897413 0.0766577 0.0534642 0.0500743 0.0551293 0.0594112 0.0620874 0.0668451 0.0424026 0.0208742 0.0120726 0.0048766 0.00582813 0.00118941 0.000297354 0 0 0 0
 0 0.00264628 0.0354308 0.0461629 0.0458689 0.0383711 0.0214643 0.0164657 0.0346957 0.0420465 0.0363128 0.0245516 0.0311673 0.0291091 0.0169068 0.0133784 0.00837989 0.0085269 0.0148486 0.0160247 0.0276389 0.0546898 0.0760071 0.122758 0.109233 0.0665981 0.0333725 0.0166128 0.00676272 0.00308733 0.000882094 0 0 0 0 0
 0 0 0 0 0 0 0 0.000805153 0.000690131 0.00759144 0.0133425 0.0154129 0.00931677 0.000345066 0.00356568 0.00563607 0.00851162 0.0253048 0.0502646 0.0516448 0.0657925 0.0565908 0.0611916 0.0827007 0.0866115 0.110766 0.145733 0.0935128 0.0569358 0.0249597 0.0138026 0.00621118 0.00161031 0.00115022 0 0
 0 0 0 0 0 0 0 0 0 0 0 0 0 0 0 0 0 0 0 0 0 0 0 0 0 0 0 0 0 0 0 0 0 0 0 0
 0.00147267 0.00158595 0.00478618 0.00569244 0.00954404 0.0108468 0.00647125 0.017049 0.0510054 0.094081 0.124002 0.0959785 0.0687766 0.0820023 0.061753 0.0591476 0.0492212 0.0479892 0.0443925 0.0268479 0.0217502 0.0140895 0.0121071 0.0120363 0.00920419 0.00665534 0.0049561 0.00860946 0.00930331 0.0156896 0.0114698 0.00855282 0.00243557 0.00046729 0 2.83206e-05
 0 0 0 0 0.000772559 0.00158375 0.000888443 0.00281984 0.00712685 0.0440552 0.0773331 0.111326 0.0921469 0.0852325 0.0710754 0.0886704 0.0786465 0.0553345 0.0373146 0.0185414 0.00753245 0.00457741 0.012979 0.0271748 0.0457355 0.0583668 0.034881 0.0177882 0.00938659 0.00492506 0.0015258 0.00185414 0.000309023 5.79419e-05 3.86279e-05 0
 0 0.00173294 0.00326652 0 0.00397197 0.00683976 0.00946217 0.0152591 0.00757587 0.0136028 0.0228656 0.0392903 0.0559909 0.0764795 0.0681675 0.0726916 0.0566044 0.0477403 0.0527397 0.0444891 0.0609904 0.0582453 0.0661739 0.0445044 0.0529084 0.0360697 0.0280645 0.0235558 0.0158879 0.00826598 0.00280645 0.00217768 0.000904811 0.00058276 9.20147e-05 0
 0 0 0 0 0 0 0 0 0 0 0 0 0 0 0 0 0 0 0 0 0 0 0 0 0 0 0 0 0 0 0 0 0 0 0 0
 0 0 0 0 0 0 0 0 0 0 0 0 0 0 0 0 0 0 0 0 0 0 0 0 0 0 0 0 0 0 0 0 0 0 0 0
ppred_pel_tallas
 1.02175e-16 2.432e-05 0.000142711 0.000678328 0.0026115 0.00814364 0.0205704 0.0420913 0.0697769 0.0937261 0.102039 0.0901165 0.0647501 0.0382767 0.0194899 0.010145 0.00767864 0.00903314 0.012306 0.0165838 0.0213487 0.0261264 0.0304044 0.0336898 0.035608 0.0359832 0.0348712 0.0325289 0.0293388 0.0257129 0.0220096 0.0184855 0.0152861 0.0124662 0.010024 0.00793246
 1.03042e-16 2.1215e-05 0.000124478 0.000591632 0.00227768 0.00710263 0.017941 0.0367117 0.0608617 0.0817597 0.0890345 0.0786863 0.0566568 0.0337329 0.0176199 0.00989216 0.00835681 0.0103778 0.0142997 0.0192893 0.0248115 0.0303276 0.0352428 0.0389869 0.0411319 0.0414867 0.0401326 0.0373858 0.0337045 0.029574 0.0254075 0.0214901 0.0179701 0.014887 0.0122158 0.00990738
 1.0469e-16 1.56338e-05 9.17056e-05 0.000435818 0.00167774 0.00523172 0.0132153 0.0270431 0.0448376 0.060248 0.0656471 0.0581085 0.0420393 0.02543 0.0140183 0.00903879 0.00895392 0.011883 0.0166276 0.022532 0.0290843 0.0356991 0.0417048 0.0464459 0.0494193 0.0503804 0.0493868 0.0467571 0.0429714 0.0385457 0.0339248 0.0294222 0.0252125 0.0213619 0.0178746 0.0147343
 1.05641e-16 2.00595e-05 0.000117701 0.000559429 0.00215372 0.00671608 0.0169645 0.0347132 0.0575471 0.0773026 0.0841694 0.0743597 0.053483 0.0317268 0.0163617 0.00886021 0.00713736 0.00870191 0.0120114 0.0163295 0.0212316 0.0263109 0.0311116 0.0351792 0.0381469 0.039806 0.0401369 0.0392861 0.0375057 0.0350778 0.0322516 0.0292111 0.0260741 0.0229131 0.0197829 0.0167394
 1.04327e-16 2.39088e-05 0.000140301 0.000666875 0.00256742 0.00800618 0.0202231 0.0413806 0.0685979 0.0921404 0.100307 0.0885739 0.0636131 0.0375473 0.0190132 0.00972716 0.00716066 0.00830377 0.0112908 0.015241 0.0196768 0.0241759 0.0282857 0.0315703 0.033697 0.0345063 0.0340389 0.0325068 0.0302246 0.0275242 0.0246843 0.0218923 0.0192421 0.0167592 0.0144349 0.0122559
 1.04242e-16 1.7763e-05 0.000104207 0.000495252 0.00190658 0.00594535 0.0150178 0.0307312 0.0509504 0.0684554 0.0745735 0.0659704 0.0476412 0.0286465 0.0154792 0.00950833 0.00895024 0.0116367 0.0161896 0.0218733 0.0281466 0.0344166 0.0400153 0.0443006 0.0467918 0.047276 0.045848 0.0428661 0.0388462 0.0343309 0.029778 0.0254967 0.0216412 0.0182432 0.0152646 0.0126454
 1.03857e-16 2.50966e-05 0.000147277 0.000700046 0.00269515 0.00840451 0.0212292 0.0434389 0.0720085 0.0967171 0.105278 0.0929353 0.0666849 0.039239 0.0196461 0.00968739 0.00668896 0.00747918 0.0101029 0.0136606 0.0177007 0.0218496 0.0257104 0.0288944 0.0310942 0.0321451 0.0320503 0.0309604 0.0291191 0.0267948 0.0242234 0.0215763 0.0189583 0.0164247 0.0140054 0.011725
 1.03408e-16 2.13184e-05 0.000125084 0.000594515 0.00228878 0.00713724 0.0180284 0.0368906 0.0611584 0.0821583 0.0894688 0.0790705 0.0569344 0.0338998 0.0177097 0.00994547 0.00840278 0.0104307 0.0143627 0.0193573 0.0248722 0.0303618 0.0352265 0.0388948 0.0409434 0.0411919 0.0397379 0.0369155 0.0331999 0.0290874 0.024994 0.0211979 0.0178326 0.0149178 0.0124073 0.0102342
 1.03289e-16 2.39474e-05 0.000140526 0.000667941 0.00257152 0.00801896 0.0202554 0.0414468 0.068708 0.0922895 0.100473 0.0887274 0.0637394 0.0376543 0.0191274 0.00988335 0.00739527 0.00865188 0.0117838 0.0159017 0.0205125 0.0251713 0.029398 0.0327289 0.0348088 0.0354661 0.0347422 0.0328641 0.0301726 0.0270339 0.0237638 0.0205847 0.0176201 0.0149163 0.0124748 0.010282
 1.03369e-16 2.12133e-05 0.000124468 0.000591587 0.00227751 0.00710209 0.0179396 0.0367089 0.060857 0.081753 0.0890264 0.0786771 0.0566459 0.0337177 0.017596 0.00985347 0.00829586 0.0102863 0.0141695 0.0191141 0.0245888 0.0300605 0.0349416 0.0386691 0.0408211 0.0412102 0.0399183 0.0372585 0.0336832 0.0296694 0.0256212 0.0218145 0.0183894 0.0153789 0.0127539 0.0104637
 1.04865e-16 1.50951e-05 8.85428e-05 0.000420781 0.00161984 0.00505115 0.0127592 0.0261099 0.0432911 0.0581721 0.0633908 0.0561244 0.0406325 0.0246362 0.0136841 0.00897862 0.00904614 0.012079 0.0169221 0.022935 0.0296051 0.0363384 0.042452 0.0472793 0.0503085 0.0512916 0.0502875 0.0476213 0.0437817 0.0392936 0.0346087 0.0300449 0.0257782 0.0218739 0.018335 0.0151437
 1.07168e-16 1.4589e-05 8.55786e-05 0.000406705 0.00156567 0.00488225 0.0123325 0.0252362 0.0418408 0.0562181 0.0612478 0.0541948 0.0391656 0.0236083 0.0128665 0.0080818 0.0078133 0.0103106 0.0144774 0.0197469 0.0257094 0.0319026 0.037785 0.0428107 0.046535 0.0487003 0.0492722 0.0484135 0.0464133 0.0435979 0.0402573 0.0366076 0.0327908 0.0288998 0.0250096 0.0211999
 1.06557e-16 2.12377e-05 0.000124621 0.000592336 0.00228043 0.00711122 0.0179625 0.0367551 0.0609306 0.0818433 0.0891018 0.0786895 0.0565368 0.0334168 0.0170093 0.00885074 0.00671053 0.00793323 0.010881 0.0147898 0.0192497 0.0238931 0.0283156 0.0321153 0.0349689 0.0366929 0.0372697 0.0368247 0.035571 0.0337415 0.0315336 0.0290834 0.0264696 0.0237362 0.0209205 0.0180734
 1.04464e-16 2.23349e-05 0.000131057 0.000622921 0.00239817 0.00747837 0.01889 0.0386532 0.0640784 0.0860751 0.0937185 0.0827895 0.0595319 0.0352854 0.0181393 0.00972262 0.00769884 0.00927359 0.012704 0.0171415 0.0220848 0.0270584 0.0315455 0.035051 0.0372029 0.0378337 0.0370099 0.0349971 0.0321788 0.0289552 0.0256594 0.0225107 0.0196124 0.0169799 0.0145829 0.0123826
 1.02823e-16 2.62449e-05 0.000154016 0.000732079 0.00281847 0.00878908 0.0222007 0.0454267 0.0753041 0.101145 0.1101 0.097199 0.0697588 0.0410765 0.0206176 0.010247 0.00716797 0.00805797 0.0108583 0.0146047 0.0187919 0.0229915 0.0267529 0.029647 0.0313517 0.0317215 0.0308149 0.0288651 0.0262109 0.0232103 0.0201666 0.0172872 0.0146779 0.0123649 0.0103284 0.00853353
 1.02166e-16 2.559e-05 0.000150167 0.000713776 0.00274799 0.00856927 0.0216455 0.044291 0.0734228 0.0986216 0.107364 0.094808 0.0680961 0.0402043 0.0203773 0.010451 0.00771577 0.00894165 0.0121172 0.0162775 0.0208827 0.0254486 0.0294605 0.0324321 0.0340047 0.0340289 0.032594 0.0299934 0.0266429 0.0229781 0.0193663 0.0160562 0.0131699 0.0107276 0.00868777 0.00698546
 1.02697e-16 2.12288e-05 0.000124557 0.000592007 0.00227912 0.00710712 0.0179523 0.036735 0.0609007 0.0818132 0.0890955 0.0787467 0.0567145 0.0337954 0.0177041 0.01002 0.00855301 0.0106672 0.0147033 0.0198194 0.025465 0.0310807 0.036049 0.0397796 0.0418326 0.0420164 0.0404253 0.0373992 0.0334269 0.0290249 0.0246328 0.0205534 0.0169428 0.0138385 0.0112061 0.00898254
 1.03616e-16 2.11619e-05 0.000124169 0.000590168 0.00227206 0.00708509 0.0178966 0.0366208 0.0607102 0.081554 0.0888044 0.0784685 0.0564688 0.0335586 0.0174157 0.00960089 0.00791873 0.00973716 0.013412 0.0181327 0.0234005 0.0287235 0.0335574 0.0373735 0.0397655 0.040535 0.0397263 0.0375942 0.0345244 0.0309323 0.0271777 0.0235159 0.0200916 0.0169617 0.0141333 0.0115955
 1.04136e-16 2.04818e-05 0.000120175 0.000571182 0.00219895 0.00685711 0.0173208 0.0354426 0.0587576 0.0789328 0.0859548 0.0759618 0.0546892 0.0325499 0.016982 0.00950477 0.00800239 0.00993391 0.0137092 0.0185372 0.023919 0.029355 0.0342903 0.0381874 0.0406349 0.0414357 0.0406404 0.0385139 0.0354521 0.0318775 0.0281514 0.0245249 0.0211334 0.0180232 0.0151918 0.012622
 1.0347e-16 2.53302e-05 0.000148646 0.000706554 0.0027202 0.00848262 0.0214266 0.0438427 0.0726785 0.0976183 0.106263 0.0938131 0.0673334 0.0396578 0.0199239 0.00993462 0.00699511 0.00790428 0.0106822 0.0144061 0.0185958 0.0228442 0.0267193 0.029805 0.0317817 0.0324933 0.0319741 0.0304222 0.0281365 0.0254371 0.0225977 0.0198091 0.0171753 0.0147339 0.0124866 0.0104256
 1.02816e-16 2.40082e-05 0.00014088 0.000669617 0.00257796 0.00803904 0.0203062 0.0415509 0.0688814 0.0925249 0.100736 0.0889751 0.0639513 0.0378473 0.0193494 0.0101969 0.00786515 0.00933759 0.0127319 0.0171337 0.0220102 0.0268656 0.031166 0.0344038 0.0362027 0.0364013 0.0350845 0.032548 0.0292132 0.0255218 0.0218459 0.0184367 0.0154174 0.0128098 0.0105762 0.00865818
 1.03196e-16 2.11415e-05 0.000124046 0.000589581 0.00226979 0.00707801 0.0178788 0.0365844 0.0606506 0.0814761 0.0887252 0.0784119 0.0564571 0.0336097 0.0175479 0.00983999 0.00830058 0.0103031 0.0141992 0.0191609 0.0246588 0.0301602 0.0350766 0.0388426 0.0410322 0.0414525 0.0401792 0.0375199 0.0339232 0.0298653 0.025753 0.0218682 0.0183594 0.0152689 0.0125759 0.0102361
 1.03345e-16 2.40589e-05 0.000141181 0.000671057 0.00258352 0.00805637 0.0203499 0.0416401 0.0690283 0.0927191 0.100939 0.0891354 0.0640246 0.0378067 0.0191753 0.00986025 0.0073202 0.00852818 0.0116065 0.015665 0.0202149 0.0248191 0.0290062 0.0323209 0.0344135 0.0351134 0.0344587 0.0326684 0.0300729 0.0270275 0.0238385 0.020722 0.0177983 0.0151136 0.0126724 0.0104652
 1.03295e-16 2.20652e-05 0.000129471 0.000615373 0.0023691 0.00738771 0.018661 0.0381849 0.0633029 0.0850362 0.0925943 0.0818131 0.0588663 0.0349641 0.0181086 0.00992169 0.00810732 0.00991241 0.0136132 0.0183557 0.0236126 0.0288682 0.0335579 0.0371412 0.0392135 0.0395949 0.0383642 0.0358218 0.0324017 0.0285612 0.0246874 0.021044 0.0177645 0.0148799 0.0123613 0.0101602
pSPR Fmed_Fpbrs
0.615005   0.255389 0.255389
Fs Fmed_Fpbrs
0.263565   1.005 1.005
SSBpbr Bo_Bmed_Bpbrs
1.02475e+06  578988  210472 210472
Ro
47098.7
SPR SPRFo_SPRFmed_SPRFpbrs
968989 595934 247469
log_Ro
10.58
likeval ReclasPelacesDesembMPH_pf_preclas_ppelaces_ptallas_desvR_qrecl_qpela
 123.176 69.655 0.0185709 0.000812328 311.322 180.945 83.7017 0 13.9355 0 0 0 0 0 0
q_reclas_q_pelaces
1 1
M
0.7
N
 53402.6 17199 6216.17 717.757 0.309363
 52875.5 22716 6266.86 2265.01 261.644
 30663.5 22748.7 8467.24 2335.93 941.791
 34788.2 11595.8 6551.25 2438.43 943.931
 61603 16249.9 5095.03 2878.52 1486.16
 51060.2 30192.4 7860.48 2464.59 2111.3
 92403 21550.4 10830.5 2819.69 1641.45
 95092.5 41871.2 8910.87 4478.32 1844.64
 128246 40074.2 14974.7 3186.86 2261.32
 128872 54002.2 14308.8 5346.85 1945.32
 72746.2 56510.9 20910.6 5540.64 2823.65
 43128.6 27744.4 16552.6 6124.93 2449.99
 45562.1 16700.4 8377.34 4998.02 2589.18
 28619 15641.1 3963.32 1988.1 1800.58
 20481.2 7432.6 2124.44 538.317 514.596
 18211.4 5939.53 1258.75 359.786 178.316
 15986.8 7231.25 1885.81 399.654 170.848
 17450.2 6730.94 2581.35 673.179 203.653
 19158 7738.56 2665.64 1022.29 347.25
 34312.5 8613.13 3149.84 1085 557.445
 49608.1 15519.2 3548.14 1297.56 676.599
 59456.3 23586.1 7064.51 1615.15 898.66
 99251.7 27926.8 10478.7 3138.58 1116.83
 125960 46170 12169.5 4566.24 1854.35
pred_Ctot
 5556.84 3352.24 1211.59 139.897 0.0602974
 5123.33 4141.9 1142.66 412.987 47.7065
 5341.79 7089.33 2638.71 727.963 293.497
 1490.26 967.411 546.554 203.432 78.7497
 577.876 303.112 95.0384 53.6934 27.7215
 5562.88 6141.98 1599.04 501.366 429.497
 5845.1 2620.91 1317.19 342.924 199.63
 10449.4 8585.98 1827.24 918.311 378.256
 14157.1 8252.42 3083.72 656.266 465.671
 10917.9 8676.68 2299.04 859.092 312.56
 12322.3 17178.7 6356.6 1684.29 858.361
 6929.13 8046.01 4800.35 1776.26 710.509
 10331.5 6538.38 3279.81 1956.77 1013.69
 10186.2 8777.26 2224.08 1115.65 1010.43
 6318.59 3740.13 1069.03 270.884 258.948
 2658.6 1580.38 334.926 95.7312 47.4461
 1766 1490.08 388.591 82.3531 35.2051
 1351.22 993.071 380.848 99.3197 30.0467
 1311.56 1015.21 349.703 134.113 45.5554
 2213.02 1067.2 390.275 134.435 69.0694
 1522.38 934.582 213.673 78.1406 40.7455
 2322.21 1798.32 538.632 123.147 68.5181
 4531.04 2478.52 929.991 278.551 99.1188
 5262.62 3759.21 990.849 371.787 150.983
F
 0.154788 0.309577 0.309577 0.309577 0.309577
 0.143433 0.286866 0.286866 0.286866 0.286866
 0.272425 0.54485 0.54485 0.54485 0.54485
 0.0611908 0.122382 0.122382 0.122382 0.122382
 0.0131196 0.0262392 0.0262392 0.0262392 0.0262392
 0.16261 0.325221 0.325221 0.325221 0.325221
 0.0915614 0.183123 0.183123 0.183123 0.183123
 0.164118 0.328237 0.328237 0.328237 0.328237
 0.164927 0.329854 0.329854 0.329854 0.329854
 0.124384 0.248769 0.248769 0.248769 0.248769
 0.263945 0.527889 0.527889 0.527889 0.527889
 0.248751 0.497501 0.497501 0.497501 0.497501
 0.369177 0.738353 0.738353 0.738353 0.738353
 0.648195 1.29639 1.29639 1.29639 1.29639
 0.537878 1.07576 1.07576 1.07576 1.07576
 0.223637 0.447275 0.447275 0.447275 0.447275
 0.16505 0.330099 0.330099 0.330099 0.330099
 0.113135 0.226269 0.226269 0.226269 0.226269
 0.0994329 0.198866 0.198866 0.198866 0.198866
 0.0934314 0.186863 0.186863 0.186863 0.186863
 0.0434972 0.0869945 0.0869945 0.0869945 0.0869945
 0.0556555 0.111311 0.111311 0.111311 0.111311
 0.0653282 0.130656 0.130656 0.130656 0.130656
 0.0596391 0.119278 0.119278 0.119278 0.119278
nmprior
 10 10 8 0
nm_flota  nm_reclas  nm_pelaces    nm_pelaL
inf 14.4599 13.8469 23.422
cv_recla  cv_pelaces  cv_mph
1.02752 0.982066 0.924707
 ------------------------------------------------
Talla a la edad & desviación 
 7.2 14.2025 17.0495 18.207 18.6776
 1.08 2.13037 2.55742 2.73105 2.80164
