years
 1997 1998 1999 2000 2001 2002 2003 2004 2005 2006 2007 2008 2009 2010 2011 2012 2013 2014 2015 2016 2017 2018 2019 2020
reclasobs
 0 0 0 370054 412103 1.49427e+06 250295 1.28982e+06 931140 785840 897777 1.04006e+06 184774 17550 25797 100020 73551 82996 120727 218422 84188 347160 605670 569463
reclaspred
 410385 118467 396045 288661 397415 471835 1.01552e+06 658226 700423 599373 463068 310800 189633 90648.4 66341.7 69276 88442.8 121199 128397 185512 267943 248628 439810 528205
pelacesobs
 0 0 0 0 0 0 0 0 0 2.06254e+06 1.5e+06 0 1.87456e+06 323000 250000 174000 83755 137374 0 501740 490994 745055 786931 1.00524e+06
pelacespred
 1.42013e+06 368828 742857 824590 962945 967004 2.29756e+06 1.91518e+06 1.77582e+06 1.54588e+06 1.07807e+06 744135 452300 183613 131610 145602 193197 266252 292022 408646 651975 590755 825523 1.17163e+06
mphobs
 0 0 0 0 0 112323 0 153150 637223 0 255016 313432 73983 77613 109348 50772 0 0 0 0 0 0 0 0
mphpred
 147835 98017.1 127335 170654 169845 250756 378715 435338 362976 348318 307736 215105 133244 70541.6 35715.7 31721.9 38907.6 54627.5 67666 78061.7 117169 138301 177389 254090
desembarqueobs
 350755 77701 442110 56441 14545 235359 269955 359681 431902 328805 639364 411747 362871 311530 167758 66681 60226 58785 57116 71774 51957 67425 138520 160799
desembarquepred
 350764 77703.4 442137 56442.4 14545.1 235391 269979 359699 431956 328850 639684 412055 363298 312073 167840 66696.2 60244.9 58788.1 57114.5 71775.8 51958 67421.8 138521 160801
Reclutas
 67560 85918 55165.4 83343.1 138976 102998 154690 140004 156166 143668 69146 41470.2 42050 24190 19640.3 25344.3 21731.2 23827.7 27700.7 49882 62921.3 84128.8 136181 136807
log_desv_Rt
 0.0607718 0.301149 -0.141909 0.270721 0.782058 0.482463 0.889179 0.789429 0.898673 0.815258 0.0839761 -0.427269 -0.413385 -0.966304 -1.17466 -0.919692 -1.0735 -0.981395 -0.830786 -0.242584 -0.0103605 0.280104 0.761738 0.766327
SSB
 849583 563288 731770 980721 976068 1.44105e+06 2.17641e+06 2.50181e+06 2.08596e+06 2.00172e+06 1.76851e+06 1.23617e+06 765733 405390 205252 182300 223595 313935 388865 448607 673351 794793 1.01942e+06 1.46021e+06
BT
 2.83748e+06 791012 1.57259e+06 1.53598e+06 1.73484e+06 1.9175e+06 4.29672e+06 3.83967e+06 3.57605e+06 3.08788e+06 2.51598e+06 1.7154e+06 1.16873e+06 631310 379846 316120 395533 523701 572192 790240 1.20971e+06 1.12074e+06 1.57282e+06 2.22956e+06
Ftot
 0.345678 0.263267 0.361987 0.0667272 0.0139954 0.144048 0.0898057 0.18154 0.208514 0.176602 0.385732 0.359839 0.562871 0.977944 0.873707 0.341829 0.24403 0.163533 0.140071 0.141365 0.0682426 0.0875736 0.101821 0.0989655
BD_Bspro_t
 0.958052 0.802477 0.777668 0.684659 0.784237 0.876225 0.852461 0.855448 0.809497 0.77098 0.729353 0.58445 0.473121 0.359979 0.243037 0.262875 0.38545 0.554727 0.658764 0.735396 0.819869 0.874476 0.881221 0.884497
BD_Bspro
 0.649529 0.430649 0.559458 0.749788 0.74623 1.10172 1.66393 1.9127 1.59477 1.53037 1.35207 0.945086 0.585423 0.309932 0.156921 0.139373 0.170945 0.240012 0.297297 0.342972 0.514795 0.607641 0.779375 1.11637
BD_Bo
 0.579196 0.384016 0.498878 0.668598 0.665426 0.982426 1.48375 1.70559 1.42208 1.36466 1.20566 0.842749 0.522032 0.276371 0.139929 0.124282 0.152434 0.214022 0.265105 0.305834 0.459051 0.541843 0.694981 0.995486
BD_Brms
 2.05036 1.35943 1.76604 2.36685 2.35562 3.47781 5.2525 6.03782 5.0342 4.83092 4.26807 2.98335 1.848 0.978359 0.495351 0.439959 0.53962 0.757643 0.938477 1.08266 1.62505 1.91814 2.46025 3.52404
S_f
 0.202811 1 1 1 1
 0.202811 1 1 1 1
 0.202811 1 1 1 1
 0.202811 1 1 1 1
 0.202811 1 1 1 1
 0.202811 1 1 1 1
 0.202811 1 1 1 1
 0.202811 1 1 1 1
 0.202811 1 1 1 1
 0.202811 1 1 1 1
 0.202811 1 1 1 1
 0.202811 1 1 1 1
 0.202811 1 1 1 1
 0.202811 1 1 1 1
 0.202811 1 1 1 1
 0.202811 1 1 1 1
 0.202811 1 1 1 1
 0.202811 1 1 1 1
 0.202811 1 1 1 1
 0.202811 1 1 1 1
 0.202811 1 1 1 1
 0.202811 1 1 1 1
 0.202811 1 1 1 1
 0.202811 1 1 1 1
Scru_reclas
 1 1 1 1 1
 1 1 1 1 1
 1 1 1 1 1
 1 1 1 1 1
 1 1 1 1 1
 1 1 1 1 1
 1 1 1 1 1
 1 1 1 1 1
 1 1 1 1 1
 1 1 1 1 1
 1 1 1 1 1
 1 1 1 1 1
 1 1 1 1 1
 1 1 1 1 1
 1 1 1 1 1
 1 1 1 1 1
 1 1 1 1 1
 1 1 1 1 1
 1 1 1 1 1
 1 1 1 1 1
 1 1 1 1 1
 1 1 1 1 1
 1 1 1 1 1
 1 1 1 1 1
Scru_pelaces
 1 1 1 1 1
 1 1 1 1 1
 1 1 1 1 1
 1 1 1 1 1
 1 1 1 1 1
 1 1 1 1 1
 1 1 1 1 1
 1 1 1 1 1
 1 1 1 1 1
 1 1 1 1 1
 1 1 1 1 1
 1 1 1 1 1
 1 1 1 1 1
 1 1 1 1 1
 1 1 1 1 1
 1 1 1 1 1
 1 1 1 1 1
 1 1 1 1 1
 1 1 1 1 1
 1 1 1 1 1
 1 1 1 1 1
 1 1 1 1 1
 1 1 1 1 1
 1 1 1 1 1
pf_obs 
 0.256992 0.487395 0.22802 0.0275931 0
 0.321318 0.546541 0.124235 0.00734118 0.000564706
 0.182869 0.594174 0.210203 0.0122559 0.00049798
 0.330522 0.361315 0.267642 0.0388342 0.00168674
 0.649043 0.306663 0.0425973 0.00169635 0
 0.582887 0.30429 0.105238 0.00758474 0
 0.465427 0.430635 0.0974691 0.00646863 0
 0.296916 0.608066 0.0921331 0.00288517 0
 0.311714 0.524322 0.152257 0.0117073 0
 0.15457 0.633149 0.183074 0.0267441 0.00246327
 0.131901 0.49318 0.331252 0.0422183 0.00144891
 0.196976 0.569456 0.194076 0.0375587 0.00193317
 0.518974 0.381816 0.0799577 0.0180837 0.00116848
 0.0928022 0.601141 0.25162 0.0475244 0.00691264
 0.122501 0.610282 0.24278 0.0234846 0.000952079
 0.383417 0.481906 0.127806 0.00687128 0
 0.0376549 0.599619 0.316969 0.0457579 0
 0.0361596 0.667082 0.258105 0.0386534 0
 0.158088 0.579412 0.248529 0.0139706 0
 0.0477256 0.309471 0.559284 0.082774 0.000745712
 0.0406174 0.521527 0.379366 0.0568643 0.0016247
 0.151134 0.462217 0.34131 0.0453401 0
 0.294876 0.26143 0.354403 0.0886775 0.000613685
 0.281977 0.475581 0.204845 0.0348837 0.00271318
pf_pred 
 0.372527 0.442683 0.165246 0.0195348 1.0097e-05
 0.320657 0.525978 0.108199 0.0403888 0.0047771
 0.18459 0.590373 0.174234 0.0358417 0.0149615
 0.278735 0.410081 0.225303 0.0664925 0.019388
 0.314885 0.453909 0.131454 0.0722224 0.0275295
 0.181548 0.568952 0.165301 0.0478719 0.0363269
 0.259781 0.398636 0.237454 0.0689889 0.0351406
 0.204917 0.511278 0.15284 0.0910414 0.039924
 0.227442 0.447872 0.208789 0.0624147 0.0534818
 0.203882 0.489369 0.17783 0.0829008 0.0460174
 0.118203 0.509348 0.228943 0.0831948 0.0603121
 0.116582 0.389655 0.28521 0.128197 0.0803568
 0.188986 0.352151 0.202394 0.148143 0.108326
 0.176799 0.493108 0.14333 0.0823769 0.104386
 0.25162 0.470808 0.166269 0.0483289 0.0629739
 0.335838 0.475314 0.118805 0.0419568 0.0280865
 0.233055 0.571082 0.140171 0.0350359 0.0206559
 0.23764 0.477252 0.212297 0.0521079 0.0207032
 0.243088 0.471785 0.178495 0.0794004 0.0272318
 0.332836 0.418833 0.154785 0.0585613 0.0349842
 0.282142 0.519636 0.12444 0.0459882 0.0277934
 0.275598 0.482775 0.174907 0.0418859 0.0248346
 0.315525 0.452525 0.154582 0.0560043 0.0213636
 0.233864 0.539413 0.149892 0.0512031 0.025627
pobs_RECLAS
 0 0 0 0 0
 0 0 0 0 0
 0 0 0 0 0
 0 0 0 0 0
 0.835266 0.146461 0.0176864 0.000547809 3.91292e-05
 0.385257 0.428462 0.181853 0.0044286 0
 0.867414 0.0963971 0.0333333 0.00285562 0
 0.441836 0.489002 0.0689373 0.000224442 0
 0.779404 0.147425 0.0564933 0.0165055 0.000172143
 0.814271 0.122319 0.05973 0.00367925 0
 0.40263 0.566651 0.0304383 0.000280538 0
 0.475488 0.404961 0.113038 0.00651328 0
 0.955842 0.0263864 0.0167828 0.000988607 0
 0.975058 0.0227948 0.00214734 0 0
 0.738997 0.206755 0.0527124 0.00153531 0
 0.850938 0.134255 0.0134407 0.00136685 0
 0.542534 0.407297 0.0501686 0 0
 0.764087 0.199537 0.0359546 0.000420521 0
 0.470689 0.182191 0.310203 0.0369168 0
 0.84361 0.089868 0.0606195 0.00523954 0.000663233
 0.607945 0.314616 0.071237 0.00620181 0
 0.523733 0.453247 0.0230204 0 0
 0.530135 0.295979 0.169645 0.0042399 0
 0.562478 0.366248 0.0663022 0.0049721 0
ppred_RECLAS
 0.749257 0.1769 0.0660334 0.00780625 4.03485e-06
 0.702567 0.230286 0.0473722 0.0176832 0.00209153
 0.532874 0.338209 0.0998137 0.0205327 0.00857104
 0.656557 0.195267 0.107282 0.0316616 0.00923191
 0.693973 0.202752 0.0587179 0.0322603 0.0122969
 0.524241 0.330727 0.096088 0.0278275 0.0211165
 0.634792 0.196679 0.117154 0.0340376 0.0173376
 0.562002 0.281654 0.0841969 0.0501532 0.0219934
 0.594832 0.234887 0.109499 0.0327334 0.0280486
 0.560363 0.270242 0.0982025 0.04578 0.025412
 0.403586 0.344503 0.154848 0.0562698 0.0407928
 0.399363 0.264927 0.193915 0.0871612 0.0546347
 0.544134 0.197942 0.113764 0.0832703 0.0608897
 0.534587 0.278788 0.0810346 0.0465734 0.059017
 0.639864 0.226562 0.080012 0.0232568 0.0303044
 0.717859 0.201917 0.0504693 0.0178236 0.0119314
 0.602982 0.295627 0.0725612 0.0181367 0.0106928
 0.607878 0.245476 0.109195 0.0268018 0.0106487
 0.614646 0.240192 0.0908744 0.0404238 0.0138641
 0.712467 0.180508 0.0667088 0.0252387 0.0150775
 0.660372 0.245847 0.0588743 0.0217577 0.0131494
 0.653263 0.231081 0.0837196 0.0200488 0.0118871
 0.695545 0.201284 0.0687583 0.0249108 0.00950254
 0.602001 0.280219 0.0778674 0.0265994 0.013313
pobs_PELACES
 0 0 0 0 0
 0 0 0 0 0
 0 0 0 0 0
 0 0 0 0 0
 0 0 0 0 0
 0 0 0 0 0
 0 0 0 0 0
 0 0 0 0 0
 0 0 0 0 0
 0 0 0 0 0
 0.450072 0.473896 0.0757376 0.000293798 0
 0 0 0 0 0
 0.463077 0.371075 0.160297 0.00555027 0
 0.529543 0.364841 0.0842815 0.0213345 0
 0.631943 0.363953 0.00410389 0 0
 0.735681 0.248677 0.0153453 0.000297389 0
 0.695825 0.281241 0.0229344 0 0
 0.275771 0.60734 0.115278 0.00161068 0
 0 0 0 0 0
 0.896147 0.0623911 0.0374545 0.00400742 0
 0.803859 0.145111 0.0509908 3.86294e-05 0
 0.739449 0.233085 0.0266225 0.000797448 4.60066e-05
 0.878498 0.100942 0.0204185 0.000141795 0
 0.694673 0.275183 0.0284847 0.00165964 0
ppred_PELACES
 0.765952 0.165121 0.0616368 0.0072865 3.76621e-06
 0.716834 0.21924 0.0450999 0.016835 0.0019912
 0.556486 0.321113 0.0947683 0.0194948 0.00813779
 0.660505 0.193023 0.106049 0.0312977 0.0091258
 0.694754 0.202234 0.058568 0.032178 0.0122655
 0.533683 0.324163 0.0941811 0.0272753 0.0206974
 0.640251 0.193738 0.115403 0.0335288 0.0170784
 0.573721 0.274119 0.0819442 0.0488113 0.021405
 0.60798 0.227264 0.105946 0.0316711 0.0271383
 0.571775 0.263228 0.0956535 0.0445917 0.0247524
 0.428232 0.330267 0.148449 0.0539445 0.0391071
 0.422271 0.254823 0.186519 0.0838369 0.052551
 0.58056 0.182126 0.104674 0.0766166 0.0560243
 0.597687 0.24099 0.0700479 0.040259 0.0510155
 0.690963 0.194416 0.0686594 0.019957 0.0260046
 0.735711 0.189141 0.047276 0.0166958 0.0111764
 0.618245 0.284262 0.0697717 0.0174395 0.0102817
 0.618084 0.239087 0.106353 0.0261043 0.0103716
 0.623336 0.234775 0.0888251 0.0395122 0.0135514
 0.720025 0.175763 0.0649554 0.0245752 0.0146811
 0.664387 0.242941 0.0581783 0.0215005 0.012994
 0.658463 0.227616 0.0824641 0.0197481 0.0117088
 0.701187 0.197553 0.067484 0.0244492 0.00932644
 0.608222 0.275839 0.0766503 0.0261837 0.0131049
pobs_pel_tallas
 0 0 0 0 0 0 0 0 0 0 0 0 0 0 0 0 0 0 0 0 0 0 0 0 0 0 0 0 0 0 0 0 0 0 0 0
 0 0 0 0 0 0 0 0 0 0 0 0 0 0 0 0 0 0 0 0 0 0 0 0 0 0 0 0 0 0 0 0 0 0 0 0
 0 0 0 0 0 0 0 0 0 0 0 0 0 0 0 0 0 0 0 0 0 0 0 0 0 0 0 0 0 0 0 0 0 0 0 0
 0 0 0 0 0 0 0 0 0 0 0 0 0 0 0 0 0 0 0 0 0 0 0 0 0 0 0 0 0 0 0 0 0 0 0 0
 0 0 0 0 0 0 0 0 0 0 0 0 0 0 0 0 0 0 0 0 0 0 0 0 0 0 0 0 0 0 0 0 0 0 0 0
 0 0 0 0 0 0 0 0 0 0 0 0 0 0 0 0 0 0 0 0 0 0 0 0 0 0 0 0 0 0 0 0 0 0 0 0
 0 0 0 0 0 0 0 0 0 0 0 0 0 0 0 0 0 0 0 0 0 0 0 0 0 0 0 0 0 0 0 0 0 0 0 0
 0 0 0 0 0 0 0 0 0 0 0 0 0 0 0 0 0 0 0 0 0 0 0 0 0 0 0 0 0 0 0 0 0 0 0 0
 0 0 0 0 0 0 0 0 0 0 0 0 0 0 0 0 0 0 0 0 0 0 0 0 0 0 0 0 0 0 0 0 0 0 0 0
 0 0 0 0 0 0 0 0 0 0 0 0 0 0 0 0 0 0 0 0 0 0 0 0 0 0 0 0 0 0 0 0 0 0 0 0
 0 0 0 0 0 0 0 0 1.78061e-05 0.00172719 0.00360574 0.0105946 0.0120993 0.0124554 0.0147524 0.0171206 0.0266825 0.0428682 0.0675386 0.121331 0.153587 0.119568 0.100827 0.0573624 0.0630603 0.0341343 0.0324427 0.0444173 0.0211091 0.0280891 0.0125444 0.00206551 0 0 0 0
 0 0 0 0 0 0 0 0 0 0 0 0 0 0 0 0 0 0 0 0 0 0 0 0 0 0 0 0 0 0 0 0 0 0 0 0
 0 0 0 0 0 0 0.0133647 0.0140871 0.0187388 0.0205184 0.03894 0.0496705 0.03968 0.0493445 0.0407372 0.0367815 0.0215668 0.0243155 0.0234873 0.0199281 0.019796 0.0243948 0.0301388 0.0376714 0.0412746 0.0863199 0.0771752 0.113111 0.0741005 0.0525337 0.0229764 0.00759418 0.00175318 0 0 0
 0 0 0 0 0 0 0 0 0 0 0.00219441 0.00772107 0.0458388 0.0604681 0.0671733 0.0775358 0.0609151 0.0617685 0.073594 0.0568108 0.0755445 0.0548602 0.0670107 0.0636378 0.0643287 0.046367 0.0373049 0.0286899 0.0247887 0.0153202 0.00654259 0.00121912 0.000365735 0 0 0
 0 0 0 0 0 0 0 0 0 0 0 0 0.000112435 0.00938835 0.0111873 0.0202946 0.0414886 0.0713402 0.111592 0.104902 0.108894 0.110636 0.117776 0.105296 0.107544 0.0401394 0.0192827 0.0124803 0.00416011 0.0028671 0.000618394 0 0 0 0 0
 0 0 0 0 0 0 0 0 0 0 0.00291406 0.0102884 0.027416 0.0768956 0.0749926 0.110853 0.0956884 0.0897413 0.0766577 0.0534642 0.0500743 0.0551293 0.0594112 0.0620874 0.0668451 0.0424026 0.0208742 0.0120726 0.0048766 0.00582813 0.00118941 0.000297354 0 0 0 0
 0 0.00264628 0.0354308 0.0461629 0.0458689 0.0383711 0.0214643 0.0164657 0.0346957 0.0420465 0.0363128 0.0245516 0.0311673 0.0291091 0.0169068 0.0133784 0.00837989 0.0085269 0.0148486 0.0160247 0.0276389 0.0546898 0.0760071 0.122758 0.109233 0.0665981 0.0333725 0.0166128 0.00676272 0.00308733 0.000882094 0 0 0 0 0
 0 0 0 0 0 0 0 0.000805153 0.000690131 0.00759144 0.0133425 0.0154129 0.00931677 0.000345066 0.00356568 0.00563607 0.00851162 0.0253048 0.0502646 0.0516448 0.0657925 0.0565908 0.0611916 0.0827007 0.0866115 0.110766 0.145733 0.0935128 0.0569358 0.0249597 0.0138026 0.00621118 0.00161031 0.00115022 0 0
 0 0 0 0 0 0 0 0 0 0 0 0 0 0 0 0 0 0 0 0 0 0 0 0 0 0 0 0 0 0 0 0 0 0 0 0
 0.00147267 0.00158595 0.00478618 0.00569244 0.00954404 0.0108468 0.00647125 0.017049 0.0510054 0.094081 0.124002 0.0959785 0.0687766 0.0820023 0.061753 0.0591476 0.0492212 0.0479892 0.0443925 0.0268479 0.0217502 0.0140895 0.0121071 0.0120363 0.00920419 0.00665534 0.0049561 0.00860946 0.00930331 0.0156896 0.0114698 0.00855282 0.00243557 0.00046729 0 2.83206e-05
 0 0 0 0 0.000772559 0.00158375 0.000888443 0.00281984 0.00712685 0.0440552 0.0773331 0.111326 0.0921469 0.0852325 0.0710754 0.0886704 0.0786465 0.0553345 0.0373146 0.0185414 0.00753245 0.00457741 0.012979 0.0271748 0.0457355 0.0583668 0.034881 0.0177882 0.00938659 0.00492506 0.0015258 0.00185414 0.000309023 5.79419e-05 3.86279e-05 0
 0 0.00173294 0.00326652 0 0.00397197 0.00683976 0.00946217 0.0152591 0.00757587 0.0136028 0.0228656 0.0392903 0.0559909 0.0764795 0.0681675 0.0726916 0.0566044 0.0477403 0.0527397 0.0444891 0.0609904 0.0582453 0.0661739 0.0445044 0.0529084 0.0360697 0.0280645 0.0235558 0.0158879 0.00826598 0.00280645 0.00217768 0.000904811 0.00058276 9.20147e-05 0
 0 0 0 0 0 0 0 0 0 0 0 0 0 0 0 0 0 0 0 0 0 0 0 0 0 0 0 0 0 0 0 0 0 0 0 0
 0 0 0 0 0 0 0 0 0 0 0 0 0 0 0 0 0 0 0 0 0 0 0 0 0 0 0 0 0 0 0 0 0 0 0 0
ppred_pel_tallas
 1.0118e-16 3.34185e-05 0.000196142 0.000932375 0.0035897 0.0111942 0.0282756 0.0578555 0.0959015 0.128792 0.140149 0.123615 0.0884748 0.0516079 0.0249969 0.0109279 0.00574988 0.00516541 0.00653999 0.00871345 0.0112049 0.013717 0.0159726 0.0177123 0.0187391 0.0189598 0.0184018 0.0171977 0.0155456 0.0136593 0.0117252 0.0098774 0.00819232 0.00669989 0.0054009 0.00428317
 1.01384e-16 3.12789e-05 0.000183576 0.000872623 0.00335963 0.0104767 0.0264633 0.0541478 0.0897576 0.120547 0.131192 0.115751 0.0829242 0.0485283 0.0238002 0.010907 0.00645803 0.00644844 0.00841065 0.011229 0.0143919 0.0175321 0.0202879 0.0223226 0.0233888 0.0233837 0.0223697 0.0205506 0.0182146 0.0156638 0.0131532 0.0108558 0.00885655 0.00717002 0.00576757 0.00460393
 1.02501e-16 2.42913e-05 0.000142542 0.000677524 0.00260841 0.00813399 0.020546 0.0420415 0.0696944 0.0936156 0.10192 0.0900137 0.0646815 0.0382466 0.0194936 0.0101768 0.00773694 0.00911947 0.0124218 0.0167271 0.021511 0.0262919 0.0305507 0.0337913 0.0356411 0.0359326 0.0347353 0.0323228 0.0290931 0.0254693 0.0218132 0.0183764 0.0152921 0.0125985 0.010276 0.00828273
 1.03071e-16 2.88218e-05 0.000169152 0.000804056 0.00309563 0.00965342 0.0243838 0.0498929 0.0827045 0.111074 0.120883 0.106655 0.0764092 0.044718 0.0219383 0.0100708 0.00599868 0.00604412 0.00795156 0.0107171 0.0138971 0.0171809 0.0202562 0.0228192 0.024627 0.0255454 0.0255689 0.0248051 0.0234345 0.0216586 0.0196564 0.0175612 0.0154582 0.0133975 0.0114117 0.00952967
 1.02577e-16 3.03154e-05 0.000177921 0.000845742 0.00325613 0.0101539 0.0256481 0.0524797 0.0869923 0.116832 0.127147 0.112179 0.080357 0.0470095 0.0230257 0.0105044 0.00615925 0.00611169 0.00797756 0.0106886 0.0137676 0.0168806 0.0196995 0.0219143 0.023291 0.0237206 0.0232386 0.0220041 0.0202501 0.0182223 0.0161277 0.0141062 0.0122282 0.0105116 0.00894611 0.00751514
 1.03347e-16 2.3297e-05 0.000136705 0.000649773 0.00250156 0.00780078 0.0197044 0.0403194 0.0668402 0.0897834 0.0977519 0.0863427 0.0620655 0.0367439 0.0188095 0.00995317 0.00772939 0.00921632 0.0125929 0.0169771 0.0218562 0.0267507 0.0311413 0.0345303 0.036543 0.0370091 0.0359942 0.0337661 0.0307153 0.0272541 0.0237328 0.0203906 0.0173503 0.0146437 0.0122497 0.0101308
 1.03652e-16 2.79387e-05 0.000163967 0.000779407 0.00300073 0.00935746 0.0236362 0.0483633 0.0801693 0.10767 0.11718 0.103394 0.0740833 0.043379 0.0213232 0.00986004 0.00597388 0.00610496 0.00807128 0.0109018 0.0141655 0.0175563 0.0207638 0.0234829 0.0254674 0.026576 0.0267935 0.0262154 0.025009 0.0233626 0.0214445 0.0193805 0.0172533 0.0151155 0.0130068 0.0109668
 1.0393e-16 2.50408e-05 0.000146947 0.000698475 0.00268909 0.00838562 0.0211816 0.0433415 0.0718477 0.0965031 0.10505 0.0927467 0.0665764 0.0392287 0.0197394 0.0098932 0.00702884 0.00798323 0.0107985 0.0145587 0.0187827 0.0230594 0.0269527 0.0300446 0.0320172 0.0327203 0.0321967 0.0306549 0.0284017 0.0257609 0.0230041 0.0203136 0.0177806 0.0154282 0.0132451 0.0112147
 1.03935e-16 2.65328e-05 0.000155711 0.000740148 0.00284956 0.00888604 0.0224455 0.0459273 0.0761325 0.102253 0.111294 0.0982246 0.0704328 0.0413487 0.0205247 0.00982592 0.00640698 0.0069 0.00923291 0.0124651 0.0161476 0.0199316 0.0234547 0.0263646 0.028384 0.0293664 0.0293183 0.0283796 0.0267728 0.0247404 0.0224916 0.0201749 0.0178763 0.0156368 0.0134762 0.0114122
 1.04133e-16 2.49555e-05 0.000146448 0.000696102 0.00267996 0.00835713 0.0211096 0.0431941 0.0716033 0.0961739 0.10469 0.0924239 0.0663346 0.039066 0.0196205 0.00977385 0.00687153 0.00776092 0.0104939 0.0141653 0.0183082 0.0225285 0.0264081 0.0295434 0.031623 0.0324924 0.0321794 0.0308683 0.0288384 0.0263878 0.0237687 0.0211541 0.0186353 0.0162442 0.0139831 0.011851
 1.05896e-16 1.86992e-05 0.000109711 0.000521437 0.00200743 0.00625986 0.0158122 0.0323558 0.0536407 0.0720605 0.0784756 0.0693626 0.0499611 0.0297824 0.0156252 0.00888713 0.00765014 0.00960905 0.013326 0.0180895 0.0234495 0.0289474 0.0340667 0.0382982 0.0412412 0.0426846 0.0426393 0.0413093 0.0390171 0.0361126 0.0328963 0.0295791 0.0262809 0.0230569 0.0199327 0.0169331
 1.08067e-16 1.84362e-05 0.000108174 0.000514146 0.00197938 0.00617242 0.0155912 0.0319031 0.0528884 0.0710442 0.0773539 0.0683357 0.0491445 0.0291422 0.0150107 0.00810432 0.00651145 0.00795195 0.0110249 0.0150785 0.0197545 0.0247153 0.0295749 0.0339374 0.0374674 0.0399492 0.0413129 0.0416185 0.041009 0.039654 0.0377055 0.0352783 0.0324568 0.029315 0.0259385 0.0224352
 1.06796e-16 2.53352e-05 0.000148684 0.000706753 0.00272099 0.00848512 0.0214328 0.0438548 0.0726961 0.0976346 0.106261 0.0937656 0.067199 0.0393775 0.0194124 0.00907428 0.00563814 0.00588755 0.00785662 0.0106777 0.0139721 0.0174722 0.0209031 0.0239904 0.0265061 0.0283095 0.0293628 0.029717 0.029476 0.0287535 0.0276418 0.0261986 0.0244562 0.0224393 0.0201863 0.0177603
 1.0484e-16 2.60844e-05 0.000153077 0.000727626 0.00280134 0.00873567 0.0220657 0.0451503 0.0748449 0.100525 0.109417 0.0965765 0.0692696 0.040703 0.0202728 0.00981812 0.00654681 0.00715002 0.00958753 0.0129244 0.0167016 0.0205541 0.024103 0.0269856 0.0289258 0.0297911 0.0296147 0.0285693 0.0269092 0.0248988 0.0227538 0.0206119 0.0185332 0.0165245 0.01457 0.0126583
 1.02939e-16 3.01498e-05 0.000176949 0.000841124 0.00323835 0.0100985 0.025508 0.0521931 0.086517 0.116194 0.126451 0.111561 0.0799079 0.0467335 0.0228659 0.0103907 0.00603817 0.00595094 0.00776028 0.0104094 0.0134324 0.0165088 0.0193237 0.0215784 0.0230443 0.0236105 0.0233021 0.0222613 0.0207007 0.0188467 0.0168905 0.0149624 0.0131301 0.0114143 0.00981197 0.00831582
 1.01829e-16 3.21008e-05 0.000188404 0.000895582 0.00344803 0.0107524 0.0271596 0.0555724 0.092118 0.123714 0.13463 0.118764 0.0850399 0.0496793 0.0242026 0.0108189 0.00603418 0.00572899 0.00737279 0.00983838 0.0126366 0.0154421 0.0179434 0.01985 0.0209461 0.0211369 0.0204665 0.0190982 0.0172661 0.0152164 0.0131565 0.0112264 0.00949562 0.0079778 0.00665465 0.00549753
 1.02163e-16 2.69827e-05 0.000158347 0.000752668 0.00289774 0.00903629 0.0228251 0.0467043 0.077422 0.103989 0.113195 0.0999282 0.0717112 0.0422131 0.0211636 0.0104766 0.00727299 0.0081321 0.0109329 0.0146798 0.0188508 0.0230046 0.0266797 0.0294391 0.0309585 0.0310983 0.0299302 0.0277075 0.024793 0.0215683 0.0183569 0.0153795 0.0127473 0.0104838 0.00855955 0.00692554
 1.0297e-16 2.69739e-05 0.000158299 0.000752451 0.00289692 0.00903374 0.0228186 0.0466907 0.0773982 0.103953 0.113147 0.0998633 0.0716158 0.0420592 0.0209067 0.0100565 0.00661748 0.00716521 0.0095895 0.012926 0.0167057 0.0205574 0.0240952 0.0269452 0.0288168 0.029561 0.0291957 0.0278844 0.0258817 0.0234654 0.020878 0.0182944 0.0158181 0.0134971 0.0113486 0.00937968
 1.03329e-16 2.72027e-05 0.000159643 0.00075884 0.00292152 0.00911046 0.0230124 0.0470872 0.0780552 0.104835 0.114105 0.100704 0.0722097 0.042389 0.0210352 0.010059 0.00654047 0.00702293 0.00937666 0.0126306 0.0163169 0.0200709 0.0235158 0.0262893 0.0281118 0.0288437 0.0285092 0.0272732 0.0253873 0.0231211 0.0207055 0.0183011 0.0159962 0.0138247 0.0117928 0.00990069
 1.0251e-16 3.14163e-05 0.000184386 0.000876485 0.00337451 0.0105231 0.0265805 0.0543873 0.0901534 0.121075 0.131756 0.116226 0.0832148 0.048598 0.0236484 0.0105266 0.00581265 0.00547744 0.00705044 0.00943946 0.0121814 0.0149763 0.0175372 0.0195927 0.0209342 0.021459 0.021187 0.0202442 0.0188211 0.0171213 0.0153186 0.0135332 0.0118298 0.0102318 0.0087411 0.00735492
 1.02252e-16 2.89929e-05 0.000170153 0.000808804 0.0031139 0.00971036 0.0245277 0.0501876 0.0831944 0.111736 0.121613 0.107323 0.0769394 0.0451319 0.0223326 0.0105698 0.00672117 0.00709078 0.00939713 0.0125954 0.0161809 0.0197645 0.022951 0.0253685 0.0267405 0.0269469 0.0260469 0.0242527 0.0218683 0.0192124 0.0165534 0.0140726 0.0118588 0.0099288 0.00825699 0.00680404
 1.02471e-16 2.87341e-05 0.000168634 0.000801588 0.00308612 0.00962373 0.0243089 0.0497398 0.0824517 0.110738 0.120524 0.106357 0.0762338 0.0446932 0.02207 0.0103713 0.00650042 0.00679509 0.00899954 0.0120897 0.0155829 0.019115 0.0223157 0.0248321 0.0263943 0.026873 0.0263016 0.0248546 0.0227932 0.0203975 0.0179085 0.0154954 0.0132514 0.0112102 0.00937137 0.00772269
 1.02299e-16 3.05958e-05 0.000179567 0.00085357 0.00328627 0.0102479 0.0258855 0.0529654 0.0877972 0.117913 0.128322 0.113211 0.0810891 0.0474226 0.0231996 0.010536 0.0061126 0.00601328 0.00783217 0.0104941 0.013523 0.01659 0.0193725 0.0215649 0.0229345 0.0233702 0.0229016 0.0216801 0.019931 0.0178951 0.0157779 0.0137224 0.0118055 0.0100531 0.00846289 0.00702397
 1.02691e-16 2.65453e-05 0.00015578 0.000740466 0.00285076 0.00888978 0.022455 0.0459471 0.0761666 0.102302 0.111359 0.0983062 0.0705447 0.0415216 0.0208084 0.0102878 0.0071279 0.00796539 0.0107172 0.0144101 0.0185381 0.0226764 0.0263797 0.0292241 0.0308916 0.0312392 0.0303254 0.0283815 0.025743 0.0227645 0.0197464 0.0168941 0.0143124 0.0120274 0.0100195 0.00825403
pSPR Fmed_Fpbrs
0.737267   0.332484 0.332484
Fs Fmed_Fpbrs
0.185865   1.005 1.005
SSBpbr Bo_Bmed_Bpbrs
1.46683e+06  1.00811e+06  414357 414357
Ro
63576.6
SPR SPRFo_SPRFmed_SPRFpbrs
1.308e+06 964344 434889
log_Ro
10.88
likeval ReclasPelacesDesembMPH_pf_preclas_ppelaces_ptallas_desvR_qrecl_qpela
 63.0497 23.9709 0.0284264 0.000202934 290.226 174.05 81.3866 0 16.0401 0.000100845 0 0 0 0 0
q_reclas_q_pelaces
0.240986 1
M
0.7
N
 67560 18307.3 6833.8 807.869 0.417567
 85918 31277.8 6434.18 2401.76 284.075
 55165.4 40447.3 11937 2455.57 1025.03
 83343.1 25455.2 13985.4 4127.43 1203.48
 138976 40830.6 11824.7 6496.65 2476.37
 102998 68817.9 19994.1 5790.38 4393.94
 154690 49674.6 29589.4 8596.79 4378.92
 140004 75430.4 22548.9 13431.6 5890.1
 156166 67010.9 31239.1 9338.51 8001.98
 143668 74338.5 27013.6 12593.2 6990.35
 69146 68833.2 30939.3 11242.9 8150.57
 41470.2 31753.1 23241.8 10446.8 6548.3
 42050 19144.1 11002.8 8053.56 5889
 24190 18628.7 5414.74 3112.04 3943.52
 19640.3 9851.3 3479.05 1011.24 1317.68
 25344.3 8169.33 2041.93 721.122 482.729
 21731.2 11742.6 2882.21 720.411 424.729
 23827.7 10270.3 4568.55 1121.34 445.525
 27700.7 11446.5 4330.67 1926.42 660.701
 49882 13370.5 4941.22 1869.46 1116.81
 62921.3 24070.6 5764.31 2130.27 1287.45
 84128.8 30816.3 11164.6 2673.65 1585.23
 136181 41041.7 14019.8 5079.31 1937.57
 136807 66243.2 18407.7 6288.04 3147.15
pred_Ctot
 3302.98 3925.01 1465.14 173.203 0.0895245
 3222.53 5285.96 1087.38 405.899 48.0088
 2820.18 9019.76 2661.95 547.592 228.583
 806.298 1186.24 651.735 192.343 56.0836
 283.334 408.427 118.282 64.9857 24.7711
 2136.29 6694.87 1945.1 563.31 427.46
 2009.99 3084.35 1837.24 533.784 271.892
 3647.43 9100.53 2720.49 1620.5 710.63
 4661.76 9179.8 4279.43 1279.28 1096.19
 3642.65 8743.28 3177.19 1481.14 822.166
 3758.88 16197.4 7280.45 2645.62 1917.94
 2107.87 7045.19 5156.76 2317.87 1452.9
 3284 6119.29 3516.97 2574.27 1882.38
 3165.74 8829.56 2566.46 1475.03 1869.14
 2317.18 4335.68 1531.18 445.062 579.929
 1225.69 1734.73 433.597 153.128 102.506
 756.805 1854.48 455.18 113.773 67.0764
 560.088 1124.82 500.357 122.812 48.7948
 558.877 1084.67 410.374 182.547 62.608
 1015.58 1277.98 472.292 178.687 106.747
 622.469 1146.43 274.542 101.46 61.3185
 1066.18 1867.67 676.65 162.041 96.0755
 2004.07 2874.22 981.831 355.713 135.691
 1957.33 4514.63 1254.53 428.545 214.486
F
 0.0701072 0.345678 0.345678 0.345678 0.345678
 0.0533933 0.263267 0.263267 0.263267 0.263267
 0.0734148 0.361987 0.361987 0.361987 0.361987
 0.013533 0.0667272 0.0667272 0.0667272 0.0667272
 0.00283841 0.0139954 0.0139954 0.0139954 0.0139954
 0.0292145 0.144048 0.144048 0.144048 0.144048
 0.0182136 0.0898057 0.0898057 0.0898057 0.0898057
 0.0368182 0.18154 0.18154 0.18154 0.18154
 0.0422888 0.208514 0.208514 0.208514 0.208514
 0.0358167 0.176602 0.176602 0.176602 0.176602
 0.0782306 0.385732 0.385732 0.385732 0.385732
 0.0729792 0.359839 0.359839 0.359839 0.359839
 0.114156 0.562871 0.562871 0.562871 0.562871
 0.198337 0.977944 0.977944 0.977944 0.977944
 0.177197 0.873707 0.873707 0.873707 0.873707
 0.0693266 0.341829 0.341829 0.341829 0.341829
 0.0494918 0.24403 0.24403 0.24403 0.24403
 0.0331662 0.163533 0.163533 0.163533 0.163533
 0.0284078 0.140071 0.140071 0.140071 0.140071
 0.0286703 0.141365 0.141365 0.141365 0.141365
 0.0138403 0.0682426 0.0682426 0.0682426 0.0682426
 0.0177609 0.0875736 0.0875736 0.0875736 0.0875736
 0.0206503 0.101821 0.101821 0.101821 0.101821
 0.0200713 0.0989655 0.0989655 0.0989655 0.0989655
nmprior
 10 10 8 0
nm_flota  nm_reclas  nm_pelaces    nm_pelaL
inf 13.3265 19.7776 35.926
cv_recla  cv_pelaces  cv_mph
0.735137 0.576111 0.462185
 ------------------------------------------------
Talla a la edad & desviación 
 7.2 14.2025 17.0495 18.207 18.6776
 1.08 2.13037 2.55742 2.73105 2.80164
