years
 1997 1998 1999 2000 2001 2002 2003 2004 2005 2006 2007 2008 2009 2010 2011 2012 2013 2014 2015 2016 2017 2018 2019 2020
reclasobs
 0 0 0 370054 412103 1.49427e+06 250295 1.28982e+06 931140 785840 897777 1.04006e+06 184774 17550 25797 100020 73551 82996 120727 218422 84188 347160 605670 569463
reclaspred
 410697 97257.5 219834 166489 294535 340576 754017 548900 703620 767053 631833 427216 265004 118587 78619.7 77606.2 94442.7 121555 120988 185749 284265 258832 428212 434822
pelacesobs
 0 0 0 0 0 0 0 0 0 2.06254e+06 1.5e+06 0 1.87456e+06 323000 250000 174000 83755 137374 0 501740 490994 745055 786931 1.00524e+06
pelacespred
 745854 168100 224204 265608 413709 391512 1.04381e+06 879992 1.04595e+06 1.13712e+06 848916 596784 370359 135653 88454.8 94136.4 120033 157337 160920 239447 410509 364640 477808 578595
mphobs
 0 0 0 0 0 112323 0 153150 637223 0 255016 313432 73983 77613 109348 50772 0 0 0 0 0 0 0 0
mphpred
 161171 80672.2 80394.7 73802 95425.2 173338 246574 296715 280395 333315 374297 270791 166401 87995.5 39810.1 32781.1 39007.6 51954.3 60684.2 66976.1 110180 135763 167231 218397
desembarqueobs
 350755 77701 442110 56441 14545 235359 269955 359681 431902 328805 639364 411747 362871 311530 167758 66681 60226 58785 57116 71774 51957 67425 138520 160799
desembarquepred
 350745 77686.8 441919 56438.2 14544.9 235376 269971 359588 431823 328742 639238 411784 362902 311647 167671 66676 60236.7 58777.5 57104.1 71760.5 51954 67411.7 138503 160787
Reclutas
 32234.1 45264.2 19543.5 42236.8 76457.4 47595.2 84042.9 96194.1 136791 164162 67473.9 38506 44109 22375.4 16445.5 18878.6 14645.6 15007.7 16225.9 35424.1 43472.2 52879 77354.5 56004.8
log_desv_Rt
 -0.259219 0.0802709 -0.759602 0.0110474 0.604489 0.130488 0.699083 0.834124 1.18621 1.36861 0.479496 -0.0814309 0.0544201 -0.624284 -0.932192 -0.794217 -1.0481 -1.02368 -0.945636 -0.164851 0.0398771 0.235761 0.616154 0.293193
SSB
 600639 300642 299608 275039 355622 645982 918910 1.10577e+06 1.04495e+06 1.24217e+06 1.3949e+06 1.00916e+06 620130 327934 148361 122166 145370 193619 226153 249600 410608 505949 623221 813904
BT
 1.5988e+06 437394 640975 535584 752452 885361 2.055e+06 1.97914e+06 2.26666e+06 2.34838e+06 2.08761e+06 1.44389e+06 1.01986e+06 542214 300218 223569 264081 328931 337688 487365 777058 716403 951272 1.17099e+06
Ftot
 0.494839 0.551916 1.02478 0.243352 0.0376487 0.332144 0.222503 0.424468 0.430897 0.283135 0.486889 0.442193 0.716906 1.27009 1.29898 0.534732 0.390125 0.276486 0.249285 0.262824 0.112706 0.140516 0.172108 0.186878
BD_Bspro_t
 0.935394 0.683835 0.585622 0.388456 0.580169 0.76267 0.709237 0.720225 0.6781 0.672585 0.671701 0.522828 0.408366 0.301021 0.182347 0.187481 0.281947 0.42653 0.522689 0.603982 0.734024 0.814606 0.818467 0.809721
BD_Bspro
 0.698891 0.349821 0.348618 0.32003 0.413795 0.751652 1.06923 1.28665 1.21588 1.44537 1.62308 1.17424 0.721571 0.381577 0.17263 0.14215 0.16915 0.225291 0.263147 0.29043 0.477776 0.588713 0.725168 0.947043
BD_Bo
 0.594073 0.297356 0.296333 0.272032 0.351735 0.638921 0.908865 1.09369 1.03353 1.22859 1.37965 0.998127 0.613351 0.324349 0.146739 0.12083 0.143781 0.191502 0.223681 0.246872 0.40612 0.500419 0.616408 0.805007
BD_Brms
 2.02842 1.0153 1.0118 0.928832 1.20097 2.18154 3.10325 3.7343 3.5289 4.19493 4.71071 3.40803 2.09424 1.10746 0.501029 0.412566 0.490929 0.65387 0.76374 0.842925 1.38666 1.70864 2.10468 2.74863
S_f
 0.168665 1 1 1 1
 0.168665 1 1 1 1
 0.168665 1 1 1 1
 0.168665 1 1 1 1
 0.168665 1 1 1 1
 0.168665 1 1 1 1
 0.168665 1 1 1 1
 0.168665 1 1 1 1
 0.168665 1 1 1 1
 0.168665 1 1 1 1
 0.168665 1 1 1 1
 0.168665 1 1 1 1
 0.168665 1 1 1 1
 0.168665 1 1 1 1
 0.168665 1 1 1 1
 0.168665 1 1 1 1
 0.168665 1 1 1 1
 0.168665 1 1 1 1
 0.168665 1 1 1 1
 0.168665 1 1 1 1
 0.168665 1 1 1 1
 0.168665 1 1 1 1
 0.168665 1 1 1 1
 0.168665 1 1 1 1
Scru_reclas
 1 1 1 1 1
 1 1 1 1 1
 1 1 1 1 1
 1 1 1 1 1
 1 1 1 1 1
 1 1 1 1 1
 1 1 1 1 1
 1 1 1 1 1
 1 1 1 1 1
 1 1 1 1 1
 1 1 1 1 1
 1 1 1 1 1
 1 1 1 1 1
 1 1 1 1 1
 1 1 1 1 1
 1 1 1 1 1
 1 1 1 1 1
 1 1 1 1 1
 1 1 1 1 1
 1 1 1 1 1
 1 1 1 1 1
 1 1 1 1 1
 1 1 1 1 1
 1 1 1 1 1
Scru_pelaces
 1 1 1 1 1
 1 1 1 1 1
 1 1 1 1 1
 1 1 1 1 1
 1 1 1 1 1
 1 1 1 1 1
 1 1 1 1 1
 1 1 1 1 1
 1 1 1 1 1
 1 1 1 1 1
 1 1 1 1 1
 1 1 1 1 1
 1 1 1 1 1
 1 1 1 1 1
 1 1 1 1 1
 1 1 1 1 1
 1 1 1 1 1
 1 1 1 1 1
 1 1 1 1 1
 1 1 1 1 1
 1 1 1 1 1
 1 1 1 1 1
 1 1 1 1 1
 1 1 1 1 1
pf_obs 
 0.256992 0.487395 0.22802 0.0275931 0
 0.321318 0.546541 0.124235 0.00734118 0.000564706
 0.182869 0.594174 0.210203 0.0122559 0.00049798
 0.330522 0.361315 0.267642 0.0388342 0.00168674
 0.649043 0.306663 0.0425973 0.00169635 0
 0.582887 0.30429 0.105238 0.00758474 0
 0.465427 0.430635 0.0974691 0.00646863 0
 0.296916 0.608066 0.0921331 0.00288517 0
 0.311714 0.524322 0.152257 0.0117073 0
 0.15457 0.633149 0.183074 0.0267441 0.00246327
 0.131901 0.49318 0.331252 0.0422183 0.00144891
 0.196976 0.569456 0.194076 0.0375587 0.00193317
 0.518974 0.381816 0.0799577 0.0180837 0.00116848
 0.0928022 0.601141 0.25162 0.0475244 0.00691264
 0.122501 0.610282 0.24278 0.0234846 0.000952079
 0.383417 0.481906 0.127806 0.00687128 0
 0.0376549 0.599619 0.316969 0.0457579 0
 0.0361596 0.667082 0.258105 0.0386534 0
 0.158088 0.579412 0.248529 0.0139706 0
 0.0477256 0.309471 0.559284 0.082774 0.000745712
 0.0406174 0.521527 0.379366 0.0568643 0.0016247
 0.151134 0.462217 0.34131 0.0453401 0
 0.294876 0.26143 0.354403 0.0886775 0.000613685
 0.281977 0.475581 0.204845 0.0348837 0.00271318
pf_pred 
 0.234582 0.530386 0.209162 0.0258596 9.96513e-06
 0.304518 0.485222 0.145697 0.0574569 0.00710637
 0.148248 0.657874 0.135265 0.0406157 0.0179982
 0.376164 0.395144 0.176637 0.0363181 0.0157376
 0.342057 0.526656 0.0831584 0.0371734 0.0109552
 0.153625 0.64178 0.16377 0.025859 0.0149661
 0.277008 0.403199 0.24249 0.0618785 0.0154253
 0.251222 0.536265 0.118515 0.0712764 0.0227224
 0.299724 0.496654 0.145831 0.0322287 0.0255619
 0.268599 0.553942 0.125859 0.0369556 0.0146449
 0.110169 0.634914 0.193067 0.0438659 0.0179845
 0.105775 0.430548 0.330844 0.100604 0.0322293
 0.199009 0.372089 0.206506 0.158684 0.0637115
 0.164918 0.565293 0.125326 0.069555 0.0749071
 0.244425 0.522602 0.157707 0.0349638 0.0403023
 0.315477 0.539932 0.100008 0.0301795 0.0144033
 0.205079 0.619856 0.138086 0.0255767 0.0114019
 0.210105 0.512142 0.216583 0.0482486 0.0129207
 0.212794 0.505878 0.182404 0.0771379 0.0217859
 0.353371 0.415978 0.148222 0.0534443 0.0289847
 0.262924 0.579243 0.101534 0.0361789 0.0201197
 0.234222 0.52866 0.186343 0.0326637 0.0181113
 0.263105 0.485998 0.173208 0.0610529 0.0166358
 0.158682 0.586022 0.168373 0.0600078 0.0269152
pobs_RECLAS
 0 0 0 0 0
 0 0 0 0 0
 0 0 0 0 0
 0 0 0 0 0
 0.835266 0.146461 0.0176864 0.000547809 3.91292e-05
 0.385257 0.428462 0.181853 0.0044286 0
 0.867414 0.0963971 0.0333333 0.00285562 0
 0.441836 0.489002 0.0689373 0.000224442 0
 0.779404 0.147425 0.0564933 0.0165055 0.000172143
 0.814271 0.122319 0.05973 0.00367925 0
 0.40263 0.566651 0.0304383 0.000280538 0
 0.475488 0.404961 0.113038 0.00651328 0
 0.955842 0.0263864 0.0167828 0.000988607 0
 0.975058 0.0227948 0.00214734 0 0
 0.738997 0.206755 0.0527124 0.00153531 0
 0.850938 0.134255 0.0134407 0.00136685 0
 0.542534 0.407297 0.0501686 0 0
 0.764087 0.199537 0.0359546 0.000420521 0
 0.470689 0.182191 0.310203 0.0369168 0
 0.84361 0.089868 0.0606195 0.00523954 0.000663233
 0.607945 0.314616 0.071237 0.00620181 0
 0.523733 0.453247 0.0230204 0 0
 0.530135 0.295979 0.169645 0.0042399 0
 0.562478 0.366248 0.0663022 0.0049721 0
ppred_RECLAS
 0.652619 0.240713 0.0949273 0.0117362 4.52262e-06
 0.729555 0.188683 0.0566556 0.0223427 0.00276338
 0.530189 0.362871 0.0746096 0.0224029 0.0099275
 0.78381 0.136937 0.0612134 0.012586 0.00545387
 0.755389 0.195801 0.0309167 0.0138204 0.00407293
 0.523406 0.361386 0.0922187 0.0145612 0.00842742
 0.697017 0.168968 0.101619 0.0259313 0.00646425
 0.671547 0.235233 0.0519866 0.0312655 0.00996721
 0.722963 0.196482 0.0576924 0.01275 0.0101126
 0.688874 0.235637 0.0535382 0.0157203 0.0062297
 0.431308 0.405774 0.123389 0.0280347 0.0114939
 0.419239 0.279623 0.214869 0.0653381 0.0209315
 0.608667 0.181788 0.100891 0.0775271 0.031127
 0.569537 0.291394 0.0646025 0.0358537 0.0386126
 0.685162 0.217762 0.0657143 0.014569 0.0167934
 0.739247 0.205675 0.0380956 0.0114962 0.00548659
 0.61057 0.303666 0.0676482 0.01253 0.00558578
 0.615821 0.249089 0.105339 0.0234665 0.00628418
 0.619189 0.244719 0.0882379 0.0373155 0.010539
 0.766909 0.149948 0.0534298 0.0192651 0.0104481
 0.680254 0.251278 0.044046 0.0156945 0.00872801
 0.646286 0.244189 0.0860722 0.0150874 0.00836565
 0.681222 0.210241 0.0749293 0.0264113 0.00719658
 0.530496 0.327034 0.0939622 0.0334878 0.0150202
pobs_PELACES
 0 0 0 0 0
 0 0 0 0 0
 0 0 0 0 0
 0 0 0 0 0
 0 0 0 0 0
 0 0 0 0 0
 0 0 0 0 0
 0 0 0 0 0
 0 0 0 0 0
 0 0 0 0 0
 0.450072 0.473896 0.0757376 0.000293798 0
 0 0 0 0 0
 0.463077 0.371075 0.160297 0.00555027 0
 0.529543 0.364841 0.0842815 0.0213345 0
 0.631943 0.363953 0.00410389 0 0
 0.735681 0.248677 0.0153453 0.000297389 0
 0.695825 0.281241 0.0229344 0 0
 0.275771 0.60734 0.115278 0.00161068 0
 0 0 0 0 0
 0.896147 0.0623911 0.0374545 0.00400742 0
 0.803859 0.145111 0.0509908 3.86294e-05 0
 0.739449 0.233085 0.0266225 0.000797448 4.60066e-05
 0.878498 0.100942 0.0204185 0.000141795 0
 0.694673 0.275183 0.0284847 0.00165964 0
ppred_PELACES
 0.682726 0.219851 0.0867002 0.0107191 4.13066e-06
 0.758373 0.168578 0.0506186 0.0199619 0.00246892
 0.599178 0.309586 0.0636536 0.0191132 0.0084697
 0.794908 0.129907 0.0580709 0.0119399 0.00517389
 0.757293 0.194277 0.0306761 0.0137128 0.00404124
 0.546072 0.344199 0.0878329 0.0138687 0.00802663
 0.709751 0.161866 0.0973485 0.0248414 0.00619257
 0.696702 0.217218 0.0480053 0.028871 0.00920388
 0.746006 0.18014 0.0528939 0.0116896 0.00927147
 0.705273 0.223217 0.0507163 0.0148917 0.00590134
 0.464325 0.382216 0.116225 0.0264071 0.0108266
 0.449031 0.265278 0.203847 0.0619864 0.0198578
 0.654389 0.160549 0.089103 0.068469 0.0274902
 0.652127 0.235486 0.0522077 0.0289748 0.0312043
 0.756569 0.168372 0.0508099 0.0112647 0.0129846
 0.766519 0.184163 0.0341112 0.0102938 0.00491276
 0.635697 0.284073 0.0632833 0.0117215 0.00522537
 0.633602 0.237561 0.100464 0.0223804 0.00599334
 0.635178 0.234444 0.084533 0.0357487 0.0100965
 0.779549 0.141817 0.0505323 0.0182204 0.00988153
 0.686941 0.246022 0.0431248 0.0153663 0.00854546
 0.655048 0.23814 0.0839401 0.0147137 0.00815842
 0.691386 0.203537 0.0725401 0.0255691 0.00696711
 0.543242 0.318156 0.0914112 0.0325787 0.0146124
pobs_pel_tallas
 0 0 0 0 0 0 0 0 0 0 0 0 0 0 0 0 0 0 0 0 0 0 0 0 0 0 0 0 0 0 0 0 0 0 0 0
 0 0 0 0 0 0 0 0 0 0 0 0 0 0 0 0 0 0 0 0 0 0 0 0 0 0 0 0 0 0 0 0 0 0 0 0
 0 0 0 0 0 0 0 0 0 0 0 0 0 0 0 0 0 0 0 0 0 0 0 0 0 0 0 0 0 0 0 0 0 0 0 0
 0 0 0 0 0 0 0 0 0 0 0 0 0 0 0 0 0 0 0 0 0 0 0 0 0 0 0 0 0 0 0 0 0 0 0 0
 0 0 0 0 0 0 0 0 0 0 0 0 0 0 0 0 0 0 0 0 0 0 0 0 0 0 0 0 0 0 0 0 0 0 0 0
 0 0 0 0 0 0 0 0 0 0 0 0 0 0 0 0 0 0 0 0 0 0 0 0 0 0 0 0 0 0 0 0 0 0 0 0
 0 0 0 0 0 0 0 0 0 0 0 0 0 0 0 0 0 0 0 0 0 0 0 0 0 0 0 0 0 0 0 0 0 0 0 0
 0 0 0 0 0 0 0 0 0 0 0 0 0 0 0 0 0 0 0 0 0 0 0 0 0 0 0 0 0 0 0 0 0 0 0 0
 0 0 0 0 0 0 0 0 0 0 0 0 0 0 0 0 0 0 0 0 0 0 0 0 0 0 0 0 0 0 0 0 0 0 0 0
 0 0 0 0 0 0 0 0 0 0 0 0 0 0 0 0 0 0 0 0 0 0 0 0 0 0 0 0 0 0 0 0 0 0 0 0
 0 0 0 0 0 0 0 0 1.78061e-05 0.00172719 0.00360574 0.0105946 0.0120993 0.0124554 0.0147524 0.0171206 0.0266825 0.0428682 0.0675386 0.121331 0.153587 0.119568 0.100827 0.0573624 0.0630603 0.0341343 0.0324427 0.0444173 0.0211091 0.0280891 0.0125444 0.00206551 0 0 0 0
 0 0 0 0 0 0 0 0 0 0 0 0 0 0 0 0 0 0 0 0 0 0 0 0 0 0 0 0 0 0 0 0 0 0 0 0
 0 0 0 0 0 0 0.0133647 0.0140871 0.0187388 0.0205184 0.03894 0.0496705 0.03968 0.0493445 0.0407372 0.0367815 0.0215668 0.0243155 0.0234873 0.0199281 0.019796 0.0243948 0.0301388 0.0376714 0.0412746 0.0863199 0.0771752 0.113111 0.0741005 0.0525337 0.0229764 0.00759418 0.00175318 0 0 0
 0 0 0 0 0 0 0 0 0 0 0.00219441 0.00772107 0.0458388 0.0604681 0.0671733 0.0775358 0.0609151 0.0617685 0.073594 0.0568108 0.0755445 0.0548602 0.0670107 0.0636378 0.0643287 0.046367 0.0373049 0.0286899 0.0247887 0.0153202 0.00654259 0.00121912 0.000365735 0 0 0
 0 0 0 0 0 0 0 0 0 0 0 0 0.000112435 0.00938835 0.0111873 0.0202946 0.0414886 0.0713402 0.111592 0.104902 0.108894 0.110636 0.117776 0.105296 0.107544 0.0401394 0.0192827 0.0124803 0.00416011 0.0028671 0.000618394 0 0 0 0 0
 0 0 0 0 0 0 0 0 0 0 0.00291406 0.0102884 0.027416 0.0768956 0.0749926 0.110853 0.0956884 0.0897413 0.0766577 0.0534642 0.0500743 0.0551293 0.0594112 0.0620874 0.0668451 0.0424026 0.0208742 0.0120726 0.0048766 0.00582813 0.00118941 0.000297354 0 0 0 0
 0 0.00264628 0.0354308 0.0461629 0.0458689 0.0383711 0.0214643 0.0164657 0.0346957 0.0420465 0.0363128 0.0245516 0.0311673 0.0291091 0.0169068 0.0133784 0.00837989 0.0085269 0.0148486 0.0160247 0.0276389 0.0546898 0.0760071 0.122758 0.109233 0.0665981 0.0333725 0.0166128 0.00676272 0.00308733 0.000882094 0 0 0 0 0
 0 0 0 0 0 0 0 0.000805153 0.000690131 0.00759144 0.0133425 0.0154129 0.00931677 0.000345066 0.00356568 0.00563607 0.00851162 0.0253048 0.0502646 0.0516448 0.0657925 0.0565908 0.0611916 0.0827007 0.0866115 0.110766 0.145733 0.0935128 0.0569358 0.0249597 0.0138026 0.00621118 0.00161031 0.00115022 0 0
 0 0 0 0 0 0 0 0 0 0 0 0 0 0 0 0 0 0 0 0 0 0 0 0 0 0 0 0 0 0 0 0 0 0 0 0
 0.00147267 0.00158595 0.00478618 0.00569244 0.00954404 0.0108468 0.00647125 0.017049 0.0510054 0.094081 0.124002 0.0959785 0.0687766 0.0820023 0.061753 0.0591476 0.0492212 0.0479892 0.0443925 0.0268479 0.0217502 0.0140895 0.0121071 0.0120363 0.00920419 0.00665534 0.0049561 0.00860946 0.00930331 0.0156896 0.0114698 0.00855282 0.00243557 0.00046729 0 2.83206e-05
 0 0 0 0 0.000772559 0.00158375 0.000888443 0.00281984 0.00712685 0.0440552 0.0773331 0.111326 0.0921469 0.0852325 0.0710754 0.0886704 0.0786465 0.0553345 0.0373146 0.0185414 0.00753245 0.00457741 0.012979 0.0271748 0.0457355 0.0583668 0.034881 0.0177882 0.00938659 0.00492506 0.0015258 0.00185414 0.000309023 5.79419e-05 3.86279e-05 0
 0 0.00173294 0.00326652 0 0.00397197 0.00683976 0.00946217 0.0152591 0.00757587 0.0136028 0.0228656 0.0392903 0.0559909 0.0764795 0.0681675 0.0726916 0.0566044 0.0477403 0.0527397 0.0444891 0.0609904 0.0582453 0.0661739 0.0445044 0.0529084 0.0360697 0.0280645 0.0235558 0.0158879 0.00826598 0.00280645 0.00217768 0.000904811 0.00058276 9.20147e-05 0
 0 0 0 0 0 0 0 0 0 0 0 0 0 0 0 0 0 0 0 0 0 0 0 0 0 0 0 0 0 0 0 0 0 0 0 0
 0 0 0 0 0 0 0 0 0 0 0 0 0 0 0 0 0 0 0 0 0 0 0 0 0 0 0 0 0 0 0 0 0 0 0 0
ppred_pel_tallas
 1.01671e-16 2.97918e-05 0.000174845 0.000831113 0.0031998 0.00997825 0.0252043 0.0515719 0.0854882 0.114814 0.124957 0.110259 0.0790095 0.0462776 0.0227726 0.0105671 0.00644239 0.00659444 0.00868173 0.0116461 0.014998 0.0183778 0.0214232 0.0237892 0.0252119 0.0255642 0.0248786 0.0233268 0.0211678 0.0186823 0.0161161 0.0136465 0.0113765 0.00934882 0.00756858 0.00602416
 1.01575e-16 3.30882e-05 0.000194202 0.000923153 0.00355419 0.0110834 0.0279959 0.0572832 0.0949531 0.127519 0.138764 0.122397 0.0876085 0.0511144 0.0247797 0.0108701 0.00577264 0.00523351 0.00664422 0.00885416 0.0113833 0.0139318 0.0162197 0.0179858 0.0190338 0.0192736 0.0187377 0.0175642 0.0159553 0.014126 0.0122598 0.0104835 0.00886437 0.00742241 0.00615018 0.00503064
 1.02057e-16 2.61523e-05 0.000153469 0.000729475 0.00280844 0.00875778 0.0221216 0.0452652 0.0750373 0.100789 0.10972 0.0968792 0.0695644 0.0410323 0.0207249 0.0105116 0.00761574 0.00873108 0.0118006 0.0158436 0.0203208 0.0247569 0.0286498 0.0315254 0.0330351 0.0330341 0.0316111 0.0290542 0.0257704 0.0221858 0.0186598 0.0154352 0.0126306 0.0102648 0.00829592 0.00665881
 1.01519e-16 3.46798e-05 0.00020355 0.0009676 0.00372534 0.0116171 0.0293439 0.0600412 0.0995233 0.133652 0.145428 0.128248 0.0917394 0.0534092 0.0256769 0.0108971 0.00526343 0.00430423 0.00528617 0.00702417 0.00905915 0.011141 0.0130505 0.014583 0.0155803 0.0159618 0.0157377 0.0149983 0.0138835 0.0125461 0.01112 0.00970212 0.0083499 0.00709013 0.00593206 0.00487863
 1.01159e-16 3.30421e-05 0.000193929 0.00092185 0.00354917 0.0110678 0.0279563 0.0572024 0.0948199 0.127342 0.138578 0.122245 0.0875282 0.0511244 0.0248901 0.0110966 0.00614354 0.00578622 0.00741416 0.00986097 0.0126172 0.0153433 0.0177167 0.0194401 0.0202981 0.0202052 0.0192241 0.0175433 0.0154258 0.013145 0.0109297 0.00893243 0.00722472 0.00581262 0.00466255 0.00372593
 1.02211e-16 2.38381e-05 0.00013988 0.000664861 0.00255964 0.00798192 0.0201619 0.0412558 0.0683927 0.0918697 0.100026 0.0883566 0.0635251 0.0376318 0.0193071 0.0102843 0.0080628 0.00965192 0.0131822 0.0177385 0.0227765 0.0277814 0.0321958 0.0354894 0.0372679 0.0373618 0.0358591 0.0330695 0.0294372 0.0254311 0.021451 0.0177719 0.0145357 0.0117755 0.0094579 0.00752197
 1.02578e-16 3.09679e-05 0.000181755 0.000863976 0.00332635 0.0103729 0.0262011 0.053611 0.0888664 0.119346 0.129873 0.11456 0.0820129 0.0478777 0.0232645 0.0103011 0.00561609 0.00523999 0.00674425 0.00906417 0.01176 0.0145556 0.0171857 0.0193933 0.0209716 0.0218032 0.0218776 0.021279 0.0201535 0.0186663 0.0169665 0.0151677 0.0133455 0.0115482 0.00981006 0.00816186
 1.02175e-16 3.0401e-05 0.000178422 0.00084812 0.00326528 0.0101825 0.0257201 0.0526273 0.0872373 0.117162 0.12751 0.112506 0.0806066 0.0471867 0.0231701 0.0106662 0.0063836 0.00643403 0.00842305 0.0112692 0.0144763 0.0176867 0.0205464 0.0227235 0.0239723 0.024186 0.0234178 0.0218564 0.0197716 0.0174451 0.0151129 0.0129326 0.0109798 0.0092664 0.00776838 0.00645107
 1.01645e-16 3.25494e-05 0.000191038 0.000908107 0.00349626 0.0109028 0.0275395 0.0563496 0.0934059 0.125442 0.136508 0.120415 0.0862078 0.0503332 0.0244682 0.0108481 0.00592498 0.00551874 0.00706357 0.00942159 0.0121074 0.0148065 0.0172204 0.0190705 0.0201482 0.0203591 0.0197412 0.0184457 0.0166928 0.0147159 0.0127138 0.0108235 0.00911631 0.00761152 0.00629762 0.00515209
 1.01581e-16 3.0775e-05 0.000180617 0.000858555 0.00330546 0.0103077 0.0260366 0.0532748 0.0883108 0.118604 0.12908 0.113892 0.081603 0.047776 0.0234703 0.0108221 0.00649961 0.006566 0.00859511 0.0114878 0.0147354 0.0179677 0.0208175 0.0229417 0.0240869 0.0241457 0.0231777 0.0213859 0.0190588 0.0164997 0.013965 0.0116291 0.00957869 0.00783036 0.00635816 0.00511996
 1.03188e-16 2.02751e-05 0.000118958 0.000565391 0.00217664 0.00678754 0.0171451 0.0350834 0.0581631 0.0781372 0.0850968 0.0752232 0.0542001 0.0323442 0.0170306 0.00977737 0.00850319 0.0106999 0.0147887 0.0199649 0.025694 0.0314249 0.0365444 0.0404627 0.042735 0.0431594 0.0418142 0.0390197 0.0352439 0.0309844 0.0266672 0.0225886 0.0189062 0.0156667 0.0128503 0.0104117
 1.06038e-16 1.96036e-05 0.000115027 0.000546721 0.0021048 0.00656352 0.0165791 0.0339245 0.0562391 0.0755445 0.0822518 0.0726577 0.052242 0.0309572 0.0159047 0.00851959 0.00676247 0.0082013 0.0113385 0.0154736 0.0202192 0.0252111 0.0300357 0.034271 0.0375617 0.039684 0.0405753 0.0403181 0.0390922 0.0371138 0.0345849 0.0316682 0.0284875 0.0251435 0.0217323 0.018356
 1.04955e-16 2.85537e-05 0.000167581 0.000796596 0.00306692 0.00956389 0.0241576 0.0494299 0.0819361 0.11004 0.11975 0.105639 0.0756455 0.0441991 0.0215501 0.00966895 0.00545715 0.00526565 0.00686511 0.00928111 0.0121116 0.0151007 0.0179989 0.0205609 0.0225852 0.0239508 0.0246316 0.0246841 0.0242149 0.023342 0.0221646 0.0207502 0.0191392 0.0173604 0.0154472 0.0134487
 1.03272e-16 2.8458e-05 0.000167013 0.000793879 0.00305643 0.00953117 0.0240751 0.0492615 0.081659 0.109674 0.119368 0.105341 0.0755157 0.0442918 0.0219078 0.0103542 0.00656641 0.00691766 0.00917129 0.0123065 0.0158351 0.0193842 0.0225759 0.0250541 0.0265538 0.0269585 0.0263216 0.02484 0.022795 0.0204781 0.0181299 0.0159064 0.0138775 0.0120479 0.0103889 0.00886623
 1.0177e-16 3.30095e-05 0.00019374 0.000920957 0.00354574 0.0110571 0.0279292 0.0571469 0.0947272 0.127216 0.138434 0.122106 0.0874005 0.0509936 0.0247222 0.0108467 0.00576277 0.00522701 0.00663722 0.00884566 0.0113736 0.0139219 0.0162118 0.0179831 0.0190404 0.0192947 0.018779 0.0176315 0.016054 0.0142603 0.0124319 0.0106932 0.00910861 0.0076951 0.0064427 0.00533261
 1.01128e-16 3.3444e-05 0.00019629 0.000933074 0.00359239 0.0112025 0.0282967 0.0578989 0.095974 0.128891 0.14026 0.123722 0.0885709 0.0517031 0.0251152 0.011101 0.00601138 0.00554648 0.00706453 0.00939074 0.0120213 0.0146299 0.0169094 0.0185772 0.0194271 0.0193755 0.0184787 0.0169119 0.0149214 0.0127642 0.0106566 0.00874392 0.00709605 0.00572192 0.00459327 0.00366749
 1.01638e-16 2.77437e-05 0.000162815 0.000773908 0.00297952 0.00929132 0.0234693 0.0480224 0.0796066 0.106922 0.116386 0.102739 0.0737163 0.0433687 0.0216966 0.0106632 0.00730235 0.00809171 0.0108468 0.0145438 0.018649 0.0227163 0.0262819 0.0289087 0.0302747 0.0302454 0.0289012 0.0265062 0.0234356 0.0200837 0.0167847 0.0137672 0.0111457 0.00894228 0.00712182 0.00562569
 1.02553e-16 2.76505e-05 0.000162272 0.000771336 0.00296964 0.00926049 0.0233914 0.0478626 0.0793406 0.106561 0.115983 0.102362 0.0733962 0.0430821 0.0213726 0.010209 0.00662241 0.00709782 0.00946891 0.0127468 0.0164539 0.0202171 0.0236505 0.0263825 0.0281259 0.0287369 0.0282397 0.0268052 0.0246959 0.0221976 0.0195596 0.0169615 0.0145087 0.0122477 0.010191 0.00833851
 1.02977e-16 2.7719e-05 0.000162675 0.000773253 0.00297702 0.00928351 0.0234495 0.0479815 0.0795375 0.106825 0.11627 0.102612 0.0735699 0.0431725 0.0213958 0.0101837 0.00655739 0.00699108 0.00931211 0.0125301 0.01617 0.0198638 0.0232338 0.0259176 0.0276374 0.0282574 0.027807 0.0264583 0.0244707 0.0221221 0.0196501 0.0172206 0.014924 0.0127934 0.010831 0.00903107
 1.01852e-16 3.40105e-05 0.000199619 0.000948912 0.00365338 0.0113928 0.0287771 0.0588816 0.0976016 0.131073 0.142625 0.125784 0.0899944 0.0524287 0.0252718 0.0108389 0.00540331 0.00458378 0.00569979 0.00758319 0.00977104 0.0119995 0.0140325 0.0156502 0.0166848 0.017055 0.0167795 0.0159633 0.014764 0.0133501 0.0118652 0.0104091 0.00903525 0.00776233 0.00659015 0.00551371
 1.0162e-16 2.99765e-05 0.000175927 0.000836255 0.00321959 0.01004 0.0253602 0.0518911 0.0860179 0.115527 0.125738 0.110959 0.0795358 0.0466349 0.0230383 0.0108386 0.00680201 0.00710114 0.00937154 0.0125289 0.0160501 0.0195345 0.0225792 0.0248084 0.0259479 0.0258871 0.024702 0.0226271 0.0199911 0.0171365 0.01435 0.0118235 0.0096475 0.00783144 0.00633556 0.00510192
 1.02156e-16 2.85856e-05 0.000167762 0.000797437 0.00307013 0.00957388 0.024183 0.0494823 0.0820251 0.110166 0.119904 0.105816 0.0758604 0.0445025 0.0220282 0.0104388 0.00665846 0.00704644 0.00935768 0.0125671 0.016182 0.0198225 0.0230999 0.0256438 0.0271728 0.0275542 0.0268281 0.0251841 0.0229044 0.0202913 0.017606 0.0150327 0.0126732 0.0105636 0.00870092 0.00706665
 1.02301e-16 3.01687e-05 0.000177059 0.000841645 0.00324036 0.0101047 0.0255238 0.0522254 0.0865709 0.116267 0.126533 0.111638 0.0799739 0.0467939 0.0229361 0.0104909 0.0061902 0.00617614 0.00807756 0.0108317 0.0139622 0.0171335 0.0200133 0.0222859 0.0237104 0.0241704 0.0236947 0.0224373 0.0206291 0.0185177 0.0163157 0.0141718 0.0121678 0.0103334 0.00866906 0.0071659
 1.03204e-16 2.37136e-05 0.000139151 0.000661404 0.00254634 0.00794044 0.0200571 0.0410411 0.0680362 0.0913889 0.099497 0.0878771 0.0631533 0.0373574 0.0190672 0.00999841 0.00765598 0.00906158 0.0123606 0.0166593 0.0214455 0.0262466 0.0305525 0.0338743 0.0358443 0.0362952 0.0352912 0.0330954 0.0300909 0.0266828 0.023215 0.0199231 0.0169284 0.0142627 0.0119065 0.00982341
pSPR Fmed_Fpbrs
0.609665   0.342875 0.342875
Fs Fmed_Fpbrs
0.337617   1.005 1.005
SSBpbr Bo_Bmed_Bpbrs
1.01105e+06  565850  296112 296112
Ro
41772.8
SPR SPRFo_SPRFmed_SPRFpbrs
859416 523956 294673
log_Ro
10.46
likeval ReclasPelacesDesembMPH_pf_preclas_ppelaces_ptallas_desvR_qrecl_qpela
 71.9916 40.6094 0.0051393 0.000167665 285.889 166.456 80.2983 0 15.5798 4.22049e-05 0 0 0 0 0
q_reclas_q_pelaces
0.398286 1
M
0.7
N
 32234.1 14604.4 5759.39 712.057 0.274395
 45264.2 14725.3 4421.53 1743.67 215.66
 19543.5 20479.5 4210.78 1264.36 560.283
 42236.8 8164.52 3649.7 750.411 325.174
 76457.4 20130.7 3178.62 1420.9 418.747
 47595.2 37727.3 9627.26 1520.13 879.789
 84042.9 22347.4 13440.1 3429.64 854.954
 96194.1 40197.3 8883.61 5342.73 1703.22
 136791 44468.3 13057.1 2885.62 2288.7
 164162 63166.7 14351.9 4214.1 1669.98
 67473.9 77718.8 23633 5369.55 2201.45
 38506 30864.9 23717.4 7212.05 2310.44
 44109 17747.3 9849.55 7568.66 3038.8
 22375.4 19409.2 4303.06 2388.15 2571.92
 16445.5 8968.7 2706.5 600.035 691.652
 18878.6 6559.81 1215.02 366.66 174.99
 14645.6 8566.31 1908.33 353.466 157.573
 15007.7 6809.65 2879.78 641.533 171.798
 16225.9 7113.02 2564.73 1084.62 306.327
 35424.1 7725.78 2752.86 992.596 538.319
 43472.2 16828.3 2949.8 1051.08 584.523
 52879 21181.2 7465.99 1308.7 725.645
 77354.5 25643.9 9139.41 3221.48 877.794
 56004.8 37314.1 10720.9 3820.91 1713.78
pred_Ctot
 1865.22 4217.22 1663.1 205.616 0.079235
 2909.1 4635.38 1391.86 548.893 67.888
 2253.32 9999.48 2055.98 617.347 273.568
 1224.41 1286.19 574.952 118.215 51.226
 348.18 536.084 84.647 37.8388 11.1513
 1870.86 7815.62 1994.39 314.912 182.258
 2231.05 3247.41 1953.04 498.377 124.237
 4799.43 10245 2264.14 1361.69 434.095
 6925.03 11475 3369.38 744.633 590.599
 5520.63 11385.4 2586.83 759.563 301.003
 3843.87 22152.6 6736.23 1530.51 627.491
 1998.8 8135.96 6251.88 1901.09 609.029
 3638.16 6802.31 3775.21 2900.97 1164.74
 3141.45 10768 2387.29 1324.92 1426.87
 2356.54 5038.5 1520.48 337.092 388.561
 1177.02 2014.44 373.119 112.597 53.7373
 673.295 2035.05 453.352 83.971 37.4337
 493.087 1201.92 508.289 113.232 30.3229
 481.633 1144.99 412.848 174.592 49.3097
 1107.49 1303.71 464.54 167.498 90.8402
 589.34 1298.36 227.588 81.0944 45.098
 891.912 2013.12 709.591 124.383 68.9676
 1594.34 2945.01 1049.59 369.963 100.808
 1251.99 4623.68 1328.46 473.458 212.359
F
 0.083462 0.494839 0.494839 0.494839 0.494839
 0.093089 0.551916 0.551916 0.551916 0.551916
 0.172845 1.02478 1.02478 1.02478 1.02478
 0.041045 0.243352 0.243352 0.243352 0.243352
 0.00635001 0.0376487 0.0376487 0.0376487 0.0376487
 0.056021 0.332144 0.332144 0.332144 0.332144
 0.0375285 0.222503 0.222503 0.222503 0.222503
 0.0715929 0.424468 0.424468 0.424468 0.424468
 0.0726772 0.430897 0.430897 0.430897 0.430897
 0.0477549 0.283135 0.283135 0.283135 0.283135
 0.0821211 0.486889 0.486889 0.486889 0.486889
 0.0745825 0.442193 0.442193 0.442193 0.442193
 0.120917 0.716906 0.716906 0.716906 0.716906
 0.21422 1.27009 1.27009 1.27009 1.27009
 0.219092 1.29898 1.29898 1.29898 1.29898
 0.0901905 0.534732 0.534732 0.534732 0.534732
 0.0658004 0.390125 0.390125 0.390125 0.390125
 0.0466336 0.276486 0.276486 0.276486 0.276486
 0.0420457 0.249285 0.249285 0.249285 0.249285
 0.0443293 0.262824 0.262824 0.262824 0.262824
 0.0190095 0.112706 0.112706 0.112706 0.112706
 0.0237002 0.140516 0.140516 0.140516 0.140516
 0.0290286 0.172108 0.172108 0.172108 0.172108
 0.0315197 0.186878 0.186878 0.186878 0.186878
nmprior
 10 10 8 0
nm_flota  nm_reclas  nm_pelaces    nm_pelaL
inf 19.2885 18.3328 32.8
cv_recla  cv_pelaces  cv_mph
0.785538 0.749856 0.420106
 ------------------------------------------------
Talla a la edad & desviación 
 7.2 14.2025 17.0495 18.207 18.6776
 1.08 2.13037 2.55742 2.73105 2.80164
