    unsorted:	 2.267753067e-06 2.375852464e-06 -1.608317727e-05 5.009961725e-05 0.0008999954841 0.006893477323 48.75578754 60.78562127 104.0295616 188.5128652 175.3377187 385.1141552 509.6914271 575.4690650 768.3701404 790.7595686 897.9744339 1053.258119 1183.973572 1310.020986 1408.777185 1612.160337 1750.579291 2031.963229 2134.258388 2167.626073 2444.551903 2915.655004 2965.336137 3244.549309 3537.118525 3731.020939 4204.254214 4707.900007 4795.336798 5321.697267 5427.093324 22432.22999 204638.9941 316480.9754 382908.5240 394711.2109 418770.1020 467980.1370 484159.9654 499373.1132 516649.5696 529994.3168 556847.7293 619753.0673 656242.8861 775980.2370 785793.0307 890618.2147 1099218.247 1152682.710 1319357.956 1514103.886 1898569.448 1992984.036 2308781.743 2578306.682 4446583.078
      sorted:	 -1.608317727e-05 2.267753067e-06 2.375852464e-06 5.009961725e-05 0.0008999954841 0.006893477323 48.75578754 60.78562127 104.0295616 175.3377187 188.5128652 385.1141552 509.6914271 575.4690650 768.3701404 790.7595686 897.9744339 1053.258119 1183.973572 1310.020986 1408.777185 1612.160337 1750.579291 2031.963229 2134.258388 2167.626073 2444.551903 2915.655004 2965.336137 3244.549309 3537.118525 3731.020939 4204.254214 4707.900007 4795.336798 5321.697267 5427.093324 22432.22999 204638.9941 316480.9754 382908.5240 394711.2109 418770.1020 467980.1370 484159.9654 499373.1132 516649.5696 529994.3168 556847.7293 619753.0673 656242.8861 775980.2370 785793.0307 890618.2147 1099218.247 1152682.710 1319357.956 1514103.886 1898569.448 1992984.036 2308781.743 2578306.682 4446583.078
