years
 1997 1998 1999 2000 2001 2002 2003 2004 2005 2006 2007 2008 2009 2010 2011 2012 2013 2014 2015 2016 2017 2018 2019 2020
reclasobs
 0 0 0 370054 412103 1.49427e+06 250295 1.28982e+06 931140 785840 897777 1.04006e+06 184774 17550 25797 100020 73551 82996 120727 218422 84188 347160 605670 569463
reclaspred
 528559 128871 304203 206795 341541 401514 868352 607387 709379 755032 624274 435079 279572 117613 67671.6 64287.9 77846.5 99145.9 103677 149703 221700 206909 353198 385495
pelacesobs
 0 0 0 0 0 0 0 0 0 2.06254e+06 1.5e+06 0 1.87456e+06 323000 250000 174000 83755 137374 0 501740 490994 745055 786931 1.00524e+06
pelacespred
 2.23119e+06 466965 678026 718588 1.05083e+06 950016 2.57658e+06 2.05194e+06 2.23776e+06 2.36565e+06 1.69713e+06 1.24351e+06 795837 260384 154556 156766 199481 264028 273231 396465 676731 586522 795935 1.02377e+06
mphobs
 0 0 0 0 0 112323 0 153150 637223 0 255016 313432 73983 77613 109348 50772 0 0 0 0 0 0 0 0
mphpred
 209551 110327 114219 105258 122850 211089 296038 351985 312445 342637 373413 260445 167064 89309.3 36355.9 27544.6 32636.3 42416.6 50356.4 57987.9 90135.5 108750 137593 185722
desembarqueobs
 350755 77701 442110 56441 14545 235359 269955 359681 431902 328805 639364 411747 362871 311530 167758 66681 60226 58785 57116 71774 51957 67425 138520 160799
desembarquepred
 350756 77693.8 442018 56441.7 14545.1 235400 269989 359601 431863 328767 639118 411692 362846 311486 167529 66663.7 60239.1 58767.3 57094.5 71763.3 51955.3 67407.3 138507 160794
Reclutas
 35285.9 44688 20638.9 34909.2 62578.8 43591.1 71831.2 79316.9 102273 126212 65061.4 48167.2 47786.9 23994.1 14152.3 14304.3 10212.1 10873.9 12676.2 21173.6 25614.1 35283.5 52440.3 45260.3
log_desv_Rt
 0.0112385 0.24746 -0.525066 0.00050546 0.584182 0.222608 0.722074 0.821207 1.07541 1.28572 0.623086 0.322434 0.314508 -0.374436 -0.902368 -0.891685 -1.22867 -1.16588 -1.01252 -0.499491 -0.3091 0.0111713 0.407431 0.260186
SSB
 531862 280020 289898 267156 311805 535766 751375 893374 793018 869647 947761 661036 424027 226676 92275.1 69911.1 82834.3 107658 127810 147179 228773 276018 349226 471381
BT
 1.60571e+06 413317 644545 489548 639510 752679 1.7233e+06 1.62839e+06 1.73081e+06 1.72568e+06 1.58013e+06 1.11659e+06 824500 444372 228939 147746 166717 204783 211454 293756 446451 413564 569056 742906
Ftot
 0.588592 0.589741 1.07258 0.255682 0.0438522 0.409794 0.274581 0.539708 0.591652 0.41731 0.752865 0.704611 1.09067 1.95556 2.27497 0.997536 0.703974 0.519617 0.446549 0.451912 0.206692 0.262412 0.308626 0.322326
BD_Bspro_t
 0.926954 0.668153 0.575705 0.379749 0.54471 0.724755 0.666107 0.674475 0.613751 0.589515 0.579558 0.417594 0.318432 0.221895 0.115698 0.109313 0.171352 0.276994 0.367148 0.460323 0.596867 0.698822 0.71271 0.709117
BD_Bspro
 0.740915 0.390085 0.403846 0.372164 0.434363 0.746353 1.04671 1.24452 1.10472 1.21147 1.32029 0.920863 0.590694 0.315773 0.128545 0.0973903 0.115393 0.149974 0.178046 0.205029 0.318695 0.38451 0.486492 0.656661
BD_Bo
 0.607042 0.319602 0.330876 0.30492 0.35588 0.611498 0.857584 1.01966 0.905113 0.992574 1.08173 0.754476 0.483964 0.258718 0.105319 0.0797933 0.0945432 0.122875 0.145876 0.167983 0.261111 0.315034 0.39859 0.538012
BD_Brms
 2.05222 1.08047 1.11859 1.03084 1.20312 2.06728 2.89922 3.44713 3.0599 3.35558 3.65698 2.55064 1.63613 0.874642 0.356048 0.269755 0.31962 0.415403 0.49316 0.567898 0.882733 1.06503 1.34751 1.81885
S_f
 0.159263 1 1 1 1
 0.159263 1 1 1 1
 0.159263 1 1 1 1
 0.159263 1 1 1 1
 0.159263 1 1 1 1
 0.159263 1 1 1 1
 0.159263 1 1 1 1
 0.159263 1 1 1 1
 0.159263 1 1 1 1
 0.159263 1 1 1 1
 0.159263 1 1 1 1
 0.159263 1 1 1 1
 0.159263 1 1 1 1
 0.159263 1 1 1 1
 0.159263 1 1 1 1
 0.159263 1 1 1 1
 0.159263 1 1 1 1
 0.159263 1 1 1 1
 0.159263 1 1 1 1
 0.159263 1 1 1 1
 0.159263 1 1 1 1
 0.159263 1 1 1 1
 0.159263 1 1 1 1
 0.159263 1 1 1 1
Scru_reclas
 0.894428 1 1 1 1
 0.894428 1 1 1 1
 0.894428 1 1 1 1
 0.894428 1 1 1 1
 0.894428 1 1 1 1
 0.894428 1 1 1 1
 0.894428 1 1 1 1
 0.894428 1 1 1 1
 0.894428 1 1 1 1
 0.894428 1 1 1 1
 0.894428 1 1 1 1
 0.894428 1 1 1 1
 0.894428 1 1 1 1
 0.894428 1 1 1 1
 0.894428 1 1 1 1
 0.894428 1 1 1 1
 0.894428 1 1 1 1
 0.894428 1 1 1 1
 0.894428 1 1 1 1
 0.894428 1 1 1 1
 0.894428 1 1 1 1
 0.894428 1 1 1 1
 0.894428 1 1 1 1
 0.894428 1 1 1 1
Scru_pelaces
 1 1 1 1 1
 1 1 1 1 1
 1 1 1 1 1
 1 1 1 1 1
 1 1 1 1 1
 1 1 1 1 1
 1 1 1 1 1
 1 1 1 1 1
 1 1 1 1 1
 1 1 1 1 1
 1 1 1 1 1
 1 1 1 1 1
 1 1 1 1 1
 1 1 1 1 1
 1 1 1 1 1
 1 1 1 1 1
 1 1 1 1 1
 1 1 1 1 1
 1 1 1 1 1
 1 1 1 1 1
 1 1 1 1 1
 1 1 1 1 1
 1 1 1 1 1
 1 1 1 1 1
pf_obs 
 0.256992 0.487395 0.22802 0.0275931 0
 0.321318 0.546541 0.124235 0.00734118 0.000564706
 0.182869 0.594174 0.210203 0.0122559 0.00049798
 0.330522 0.361315 0.267642 0.0388342 0.00168674
 0.649043 0.306663 0.0425973 0.00169635 0
 0.582887 0.30429 0.105238 0.00758474 0
 0.465427 0.430635 0.0974691 0.00646863 0
 0.296916 0.608066 0.0921331 0.00288517 0
 0.311714 0.524322 0.152257 0.0117073 0
 0.15457 0.633149 0.183074 0.0267441 0.00246327
 0.131901 0.49318 0.331252 0.0422183 0.00144891
 0.196976 0.569456 0.194076 0.0375587 0.00193317
 0.518974 0.381816 0.0799577 0.0180837 0.00116848
 0.0928022 0.601141 0.25162 0.0475244 0.00691264
 0.122501 0.610282 0.24278 0.0234846 0.000952079
 0.383417 0.481906 0.127806 0.00687128 0
 0.0376549 0.599619 0.316969 0.0457579 0
 0.0361596 0.667082 0.258105 0.0386534 0
 0.158088 0.579412 0.248529 0.0139706 0
 0.0477256 0.309471 0.559284 0.082774 0.000745712
 0.0406174 0.521527 0.379366 0.0568643 0.0016247
 0.151134 0.462217 0.34131 0.0453401 0
 0.294876 0.26143 0.354403 0.0886775 0.000613685
 0.281977 0.475581 0.204845 0.0348837 0.00271318
pf_pred 
 0.277554 0.505285 0.193701 0.0234503 9.70032e-06
 0.29487 0.538134 0.116799 0.0447748 0.00542287
 0.15292 0.659241 0.143353 0.0311139 0.0133721
 0.318485 0.451199 0.179244 0.038977 0.0120955
 0.318624 0.523526 0.104505 0.0415158 0.0118292
 0.163291 0.627395 0.160824 0.0321031 0.0163872
 0.271789 0.436327 0.218865 0.056103 0.0169157
 0.245484 0.549121 0.123068 0.0617318 0.0205952
 0.287051 0.518229 0.141713 0.0317604 0.0212463
 0.280221 0.555536 0.119385 0.0326466 0.0122112
 0.146324 0.639899 0.164996 0.0354578 0.0133229
 0.172342 0.505115 0.241772 0.0623401 0.0184307
 0.248949 0.487977 0.160553 0.0768483 0.0256733
 0.212565 0.617472 0.110429 0.0363331 0.0232006
 0.292777 0.587005 0.0942697 0.0168592 0.00908904
 0.369182 0.568449 0.0517666 0.00831343 0.00228832
 0.227096 0.663977 0.098158 0.00893889 0.00183068
 0.249111 0.54326 0.178367 0.0263687 0.00289308
 0.25743 0.54112 0.145747 0.0478529 0.00785043
 0.330118 0.489073 0.131757 0.035488 0.0135632
 0.263026 0.585192 0.110814 0.0298536 0.011114
 0.26333 0.524571 0.168417 0.0318921 0.0117904
 0.285052 0.513288 0.143599 0.0461035 0.0119579
 0.195375 0.598532 0.147962 0.0413943 0.016737
pobs_RECLAS
 0 0 0 0 0
 0 0 0 0 0
 0 0 0 0 0
 0 0 0 0 0
 0.835266 0.146461 0.0176864 0.000547809 3.91292e-05
 0.385257 0.428462 0.181853 0.0044286 0
 0.867414 0.0963971 0.0333333 0.00285562 0
 0.441836 0.489002 0.0689373 0.000224442 0
 0.779404 0.147425 0.0564933 0.0165055 0.000172143
 0.814271 0.122319 0.05973 0.00367925 0
 0.40263 0.566651 0.0304383 0.000280538 0
 0.475488 0.404961 0.113038 0.00651328 0
 0.955842 0.0263864 0.0167828 0.000988607 0
 0.975058 0.0227948 0.00214734 0 0
 0.738997 0.206755 0.0527124 0.00153531 0
 0.850938 0.134255 0.0134407 0.00136685 0
 0.542534 0.407297 0.0501686 0 0
 0.764087 0.199537 0.0359546 0.000420521 0
 0.470689 0.182191 0.310203 0.0369168 0
 0.84361 0.089868 0.0606195 0.00523954 0.000663233
 0.607945 0.314616 0.071237 0.00620181 0
 0.523733 0.453247 0.0230204 0 0
 0.530135 0.295979 0.169645 0.0042399 0
 0.562478 0.366248 0.0663022 0.0049721 0
ppred_RECLAS
 0.692352 0.215172 0.082486 0.00998611 4.13081e-06
 0.710132 0.221218 0.0480141 0.0184062 0.00222926
 0.527472 0.367745 0.0799667 0.0173563 0.00745937
 0.727087 0.180683 0.0717784 0.0156083 0.00484365
 0.724668 0.211548 0.0422285 0.0167758 0.00477997
 0.529516 0.352786 0.0904317 0.0180517 0.00921459
 0.680569 0.191396 0.0960055 0.0246097 0.00742012
 0.654846 0.251196 0.0562975 0.0282392 0.0094213
 0.702306 0.216388 0.0591726 0.0132617 0.00887146
 0.691978 0.237736 0.0510896 0.0139707 0.00522566
 0.505124 0.37095 0.095648 0.0205549 0.00772328
 0.552323 0.273214 0.130774 0.0337195 0.0099691
 0.672607 0.212716 0.0699871 0.0334992 0.0111914
 0.657483 0.268587 0.0480342 0.0158041 0.0100918
 0.758039 0.200831 0.0322523 0.00576803 0.00310962
 0.781881 0.196554 0.0178995 0.00287455 0.000791238
 0.635141 0.313439 0.0463368 0.00421972 0.000864194
 0.658832 0.246831 0.0810416 0.0119807 0.00131448
 0.667253 0.242477 0.0653095 0.021443 0.00351779
 0.740382 0.189544 0.0510636 0.0137537 0.00525653
 0.669753 0.262232 0.0496573 0.0133778 0.00498034
 0.670924 0.234329 0.075233 0.0142464 0.00526685
 0.695264 0.218781 0.0612071 0.019651 0.00509689
 0.581744 0.311126 0.0769128 0.0215174 0.00870013
pobs_PELACES
 0 0 0 0 0
 0 0 0 0 0
 0 0 0 0 0
 0 0 0 0 0
 0 0 0 0 0
 0 0 0 0 0
 0 0 0 0 0
 0 0 0 0 0
 0 0 0 0 0
 0 0 0 0 0
 0.450072 0.473896 0.0757376 0.000293798 0
 0 0 0 0 0
 0.463077 0.371075 0.160297 0.00555027 0
 0.529543 0.364841 0.0842815 0.0213345 0
 0.631943 0.363953 0.00410389 0 0
 0.735681 0.248677 0.0153453 0.000297389 0
 0.695825 0.281241 0.0229344 0 0
 0.275771 0.60734 0.115278 0.00161068 0
 0 0 0 0 0
 0.896147 0.0623911 0.0374545 0.00400742 0
 0.803859 0.145111 0.0509908 3.86294e-05 0
 0.739449 0.233085 0.0266225 0.000797448 4.60066e-05
 0.878498 0.100942 0.0204185 0.000141795 0
 0.694673 0.275183 0.0284847 0.00165964 0
ppred_PELACES
 0.74763 0.17651 0.0676651 0.00819183 3.38859e-06
 0.763365 0.180593 0.0391966 0.015026 0.00181987
 0.62695 0.290327 0.063132 0.0137024 0.00588902
 0.761769 0.157721 0.0626568 0.0136248 0.00422812
 0.748659 0.193115 0.038549 0.0153141 0.00436347
 0.585033 0.311158 0.0797609 0.0159216 0.00812728
 0.719935 0.167809 0.084174 0.0215768 0.00650568
 0.711303 0.210108 0.047089 0.0236202 0.00788027
 0.756581 0.176937 0.0483844 0.0108438 0.00725404
 0.73822 0.202046 0.0434199 0.0118734 0.00444117
 0.58442 0.311511 0.080322 0.0172613 0.00648575
 0.626475 0.22796 0.109113 0.0281343 0.00831786
 0.756608 0.158138 0.0520302 0.0249042 0.00831994
 0.786881 0.167119 0.0298876 0.00983354 0.00627924
 0.86815 0.109437 0.017575 0.00314312 0.00169449
 0.840907 0.143364 0.0130556 0.00209666 0.000577118
 0.702915 0.255216 0.0377295 0.00343589 0.000703666
 0.713783 0.207075 0.0679884 0.010051 0.00110276
 0.717329 0.205986 0.055481 0.018216 0.00298839
 0.783284 0.158222 0.0426254 0.0114809 0.00438789
 0.705989 0.233458 0.0442086 0.0119099 0.00443387
 0.71028 0.206305 0.0662356 0.0125426 0.00463696
 0.73537 0.189988 0.0531517 0.0170647 0.00442609
 0.629701 0.275452 0.068094 0.0190502 0.00770257
pobs_pel_tallas
 0 0 0 0 0 0 0 0 0 0 0 0 0 0 0 0 0 0 0 0 0 0 0 0 0 0 0 0 0 0 0 0 0 0 0 0
 0 0 0 0 0 0 0 0 0 0 0 0 0 0 0 0 0 0 0 0 0 0 0 0 0 0 0 0 0 0 0 0 0 0 0 0
 0 0 0 0 0 0 0 0 0 0 0 0 0 0 0 0 0 0 0 0 0 0 0 0 0 0 0 0 0 0 0 0 0 0 0 0
 0 0 0 0 0 0 0 0 0 0 0 0 0 0 0 0 0 0 0 0 0 0 0 0 0 0 0 0 0 0 0 0 0 0 0 0
 0 0 0 0 0 0 0 0 0 0 0 0 0 0 0 0 0 0 0 0 0 0 0 0 0 0 0 0 0 0 0 0 0 0 0 0
 0 0 0 0 0 0 0 0 0 0 0 0 0 0 0 0 0 0 0 0 0 0 0 0 0 0 0 0 0 0 0 0 0 0 0 0
 0 0 0 0 0 0 0 0 0 0 0 0 0 0 0 0 0 0 0 0 0 0 0 0 0 0 0 0 0 0 0 0 0 0 0 0
 0 0 0 0 0 0 0 0 0 0 0 0 0 0 0 0 0 0 0 0 0 0 0 0 0 0 0 0 0 0 0 0 0 0 0 0
 0 0 0 0 0 0 0 0 0 0 0 0 0 0 0 0 0 0 0 0 0 0 0 0 0 0 0 0 0 0 0 0 0 0 0 0
 0 0 0 0 0 0 0 0 0 0 0 0 0 0 0 0 0 0 0 0 0 0 0 0 0 0 0 0 0 0 0 0 0 0 0 0
 0 0 0 0 0 0 0 0 1.78061e-05 0.00172719 0.00360574 0.0105946 0.0120993 0.0124554 0.0147524 0.0171206 0.0266825 0.0428682 0.0675386 0.121331 0.153587 0.119568 0.100827 0.0573624 0.0630603 0.0341343 0.0324427 0.0444173 0.0211091 0.0280891 0.0125444 0.00206551 0 0 0 0
 0 0 0 0 0 0 0 0 0 0 0 0 0 0 0 0 0 0 0 0 0 0 0 0 0 0 0 0 0 0 0 0 0 0 0 0
 0 0 0 0 0 0 0.0133647 0.0140871 0.0187388 0.0205184 0.03894 0.0496705 0.03968 0.0493445 0.0407372 0.0367815 0.0215668 0.0243155 0.0234873 0.0199281 0.019796 0.0243948 0.0301388 0.0376714 0.0412746 0.0863199 0.0771752 0.113111 0.0741005 0.0525337 0.0229764 0.00759418 0.00175318 0 0 0
 0 0 0 0 0 0 0 0 0 0 0.00219441 0.00772107 0.0458388 0.0604681 0.0671733 0.0775358 0.0609151 0.0617685 0.073594 0.0568108 0.0755445 0.0548602 0.0670107 0.0636378 0.0643287 0.046367 0.0373049 0.0286899 0.0247887 0.0153202 0.00654259 0.00121912 0.000365735 0 0 0
 0 0 0 0 0 0 0 0 0 0 0 0 0.000112435 0.00938835 0.0111873 0.0202946 0.0414886 0.0713402 0.111592 0.104902 0.108894 0.110636 0.117776 0.105296 0.107544 0.0401394 0.0192827 0.0124803 0.00416011 0.0028671 0.000618394 0 0 0 0 0
 0 0 0 0 0 0 0 0 0 0 0.00291406 0.0102884 0.027416 0.0768956 0.0749926 0.110853 0.0956884 0.0897413 0.0766577 0.0534642 0.0500743 0.0551293 0.0594112 0.0620874 0.0668451 0.0424026 0.0208742 0.0120726 0.0048766 0.00582813 0.00118941 0.000297354 0 0 0 0
 0 0.00264628 0.0354308 0.0461629 0.0458689 0.0383711 0.0214643 0.0164657 0.0346957 0.0420465 0.0363128 0.0245516 0.0311673 0.0291091 0.0169068 0.0133784 0.00837989 0.0085269 0.0148486 0.0160247 0.0276389 0.0546898 0.0760071 0.122758 0.109233 0.0665981 0.0333725 0.0166128 0.00676272 0.00308733 0.000882094 0 0 0 0 0
 0 0 0 0 0 0 0 0.000805153 0.000690131 0.00759144 0.0133425 0.0154129 0.00931677 0.000345066 0.00356568 0.00563607 0.00851162 0.0253048 0.0502646 0.0516448 0.0657925 0.0565908 0.0611916 0.0827007 0.0866115 0.110766 0.145733 0.0935128 0.0569358 0.0249597 0.0138026 0.00621118 0.00161031 0.00115022 0 0
 0 0 0 0 0 0 0 0 0 0 0 0 0 0 0 0 0 0 0 0 0 0 0 0 0 0 0 0 0 0 0 0 0 0 0 0
 0.00147267 0.00158595 0.00478618 0.00569244 0.00954404 0.0108468 0.00647125 0.017049 0.0510054 0.094081 0.124002 0.0959785 0.0687766 0.0820023 0.061753 0.0591476 0.0492212 0.0479892 0.0443925 0.0268479 0.0217502 0.0140895 0.0121071 0.0120363 0.00920419 0.00665534 0.0049561 0.00860946 0.00930331 0.0156896 0.0114698 0.00855282 0.00243557 0.00046729 0 2.83206e-05
 0 0 0 0 0.000772559 0.00158375 0.000888443 0.00281984 0.00712685 0.0440552 0.0773331 0.111326 0.0921469 0.0852325 0.0710754 0.0886704 0.0786465 0.0553345 0.0373146 0.0185414 0.00753245 0.00457741 0.012979 0.0271748 0.0457355 0.0583668 0.034881 0.0177882 0.00938659 0.00492506 0.0015258 0.00185414 0.000309023 5.79419e-05 3.86279e-05 0
 0 0.00173294 0.00326652 0 0.00397197 0.00683976 0.00946217 0.0152591 0.00757587 0.0136028 0.0228656 0.0392903 0.0559909 0.0764795 0.0681675 0.0726916 0.0566044 0.0477403 0.0527397 0.0444891 0.0609904 0.0582453 0.0661739 0.0445044 0.0529084 0.0360697 0.0280645 0.0235558 0.0158879 0.00826598 0.00280645 0.00217768 0.000904811 0.00058276 9.20147e-05 0
 0 0 0 0 0 0 0 0 0 0 0 0 0 0 0 0 0 0 0 0 0 0 0 0 0 0 0 0 0 0 0 0 0 0 0 0
 0 0 0 0 0 0 0 0 0 0 0 0 0 0 0 0 0 0 0 0 0 0 0 0 0 0 0 0 0 0 0 0 0 0 0 0
ppred_pel_tallas
 1.013e-16 3.26201e-05 0.000191453 0.000910083 0.00350387 0.0109265 0.0275994 0.0564721 0.093609 0.125715 0.136804 0.120674 0.0863899 0.0504324 0.0245035 0.0108423 0.00589274 0.00546584 0.00699178 0.00933332 0.0120085 0.0147071 0.0171345 0.0190133 0.0201323 0.0203908 0.0198165 0.0185491 0.0167988 0.0147925 0.0127286 0.0107497 0.00893834 0.0073274 0.00591931 0.00470284
 1.01217e-16 3.33063e-05 0.000195482 0.000929234 0.0035776 0.0111564 0.0281802 0.0576606 0.0955789 0.12836 0.139682 0.123211 0.0882026 0.0514832 0.0249995 0.0110353 0.0059561 0.00548037 0.0069787 0.00928408 0.0118991 0.0145037 0.0167971 0.0185011 0.0194113 0.0194415 0.0186408 0.0171747 0.0152779 0.0131967 0.0111393 0.00924719 0.00759049 0.0061822 0.00500067 0.00401103
 1.01737e-16 2.73625e-05 0.000160576 0.000763265 0.00293854 0.00916351 0.0231465 0.0473619 0.0785121 0.105453 0.114789 0.101336 0.072722 0.0428094 0.0214646 0.0106281 0.00737938 0.00824774 0.0110793 0.0148603 0.0190556 0.0232121 0.0268563 0.0295422 0.0309414 0.0309169 0.0295514 0.027115 0.0239909 0.0205812 0.0172264 0.0141587 0.0114934 0.00925173 0.0073967 0.00586795
 1.01607e-16 3.32358e-05 0.00019507 0.000927281 0.00357009 0.011133 0.0281211 0.0575393 0.0953773 0.128088 0.139381 0.122935 0.0879807 0.0513058 0.0248247 0.010809 0.00562615 0.00500159 0.00631726 0.00842455 0.0108539 0.0133211 0.015563 0.0173326 0.0184405 0.0187941 0.0184129 0.0174147 0.015978 0.014296 0.0125367 0.0108201 0.00921525 0.00775045 0.00643041 0.00525088
 1.01341e-16 3.26656e-05 0.000191719 0.000911342 0.00350871 0.0109416 0.0276376 0.0565504 0.0937391 0.125891 0.136999 0.120854 0.0865345 0.0505496 0.024621 0.0109956 0.00611578 0.00578738 0.00743184 0.009898 0.0126835 0.0154531 0.0178866 0.0196878 0.0206392 0.0206509 0.0197779 0.0181994 0.0161685 0.0139496 0.0117654 0.00976601 0.00802407 0.00655045 0.00531879 0.0042889
 1.02161e-16 2.55356e-05 0.000149849 0.000712261 0.00274216 0.00855109 0.0215996 0.044197 0.0732668 0.0984117 0.107134 0.0946027 0.0679431 0.040103 0.020306 0.0103827 0.00762815 0.00881948 0.0119517 0.0160669 0.0206335 0.0251774 0.0291939 0.0322038 0.0338506 0.0339799 0.0326697 0.0301973 0.026961 0.0233812 0.0198154 0.0165098 0.0135904 0.0110868 0.0089695 0.00718557
 1.02296e-16 3.14121e-05 0.000184362 0.000876373 0.00337408 0.0105217 0.0265771 0.0543803 0.0901416 0.121058 0.131737 0.116206 0.0831926 0.04857 0.0236071 0.0104623 0.00571471 0.00533581 0.00685833 0.00919647 0.0118967 0.0146709 0.017243 0.019349 0.0207807 0.0214275 0.0212932 0.0204825 0.0191641 0.0175242 0.0157275 0.0138946 0.0121006 0.010385 0.00876858 0.00726636
 1.01917e-16 3.10374e-05 0.000182158 0.000865887 0.00333369 0.0103958 0.026259 0.0537297 0.0890644 0.119615 0.130176 0.114851 0.0822721 0.048131 0.0235765 0.0107567 0.00630521 0.00624792 0.00813885 0.0108772 0.0139656 0.0170529 0.0197951 0.0218705 0.0230408 0.0232034 0.022411 0.0208485 0.0187799 0.0164816 0.0141857 0.0120483 0.0101452 0.00848946 0.00705754 0.0058143
 1.01457e-16 3.30104e-05 0.000193745 0.000920976 0.00354581 0.0110573 0.0279298 0.0571481 0.0947294 0.127219 0.13844 0.122116 0.0874171 0.0510228 0.0247727 0.0109302 0.00589401 0.00542171 0.00690962 0.00920446 0.0118176 0.0144364 0.0167668 0.0185351 0.0195377 0.0196844 0.0190158 0.0176848 0.0159124 0.0139321 0.0119427 0.0100807 0.00841631 0.00696708 0.00571879 0.00464545
 1.01298e-16 3.22107e-05 0.000189048 0.000898642 0.00345981 0.0107891 0.0272524 0.0557623 0.0924331 0.124138 0.135094 0.11918 0.0853512 0.0498884 0.0243549 0.0109719 0.00623667 0.00601742 0.00777208 0.0103611 0.0132785 0.0161779 0.0187246 0.0206075 0.0215984 0.0216017 0.0206744 0.0190035 0.0168541 0.0145044 0.0121895 0.010069 0.00822188 0.00666211 0.0053639 0.00428599
 1.02138e-16 2.55089e-05 0.000149692 0.000711516 0.00273929 0.00854214 0.021577 0.0441508 0.0731902 0.0983088 0.107023 0.0945044 0.0678735 0.0400638 0.0202896 0.0103801 0.00763338 0.00883034 0.0119682 0.0160898 0.0206637 0.0252154 0.0292396 0.0322561 0.0339079 0.0340401 0.03273 0.030255 0.0270133 0.0234256 0.0198502 0.0165335 0.0136026 0.0110878 0.00896037 0.0071681
 1.02979e-16 2.73393e-05 0.000160446 0.000762658 0.00293623 0.0091563 0.0231282 0.0473241 0.0784476 0.105361 0.114676 0.101205 0.0725607 0.0425791 0.0211001 0.0100418 0.00646779 0.00690345 0.00921044 0.0124181 0.0160647 0.0197942 0.0232383 0.0260395 0.0279174 0.028725 0.0284722 0.0273068 0.0254637 0.0232007 0.0207449 0.0182618 0.0158521 0.0135668 0.0114296 0.00945527
 1.02035e-16 3.30108e-05 0.000193749 0.000920999 0.00354591 0.0110576 0.0279306 0.0571495 0.0947312 0.12722 0.138437 0.122103 0.0873869 0.0509624 0.0246639 0.0107481 0.00560725 0.00499629 0.00631482 0.00842174 0.0108503 0.0133178 0.0155633 0.0173427 0.0184705 0.0188577 0.0185277 0.0175998 0.0162518 0.0146728 0.0130234 0.0114139 0.00990221 0.00850692 0.00722532 0.00604965
 1.01111e-16 3.43312e-05 0.0002015 0.000957847 0.00368778 0.0115 0.0290481 0.0594361 0.0985215 0.13231 0.143976 0.126987 0.0908803 0.0529953 0.0256385 0.0111545 0.00578731 0.00511595 0.00642767 0.00852514 0.010911 0.0132797 0.0153514 0.0168698 0.0176485 0.0176119 0.0168113 0.0154057 0.0136181 0.0116806 0.00978808 0.00807077 0.00659037 0.00535351 0.00433353 0.00349142
 1.00473e-16 3.78725e-05 0.000222296 0.00105673 0.00406851 0.0126873 0.0320471 0.0655718 0.10869 0.145959 0.158809 0.140027 0.100117 0.058189 0.0277908 0.0114744 0.00506137 0.00364882 0.00423966 0.00554045 0.0070673 0.0085817 0.00989241 0.0108301 0.0112733 0.0111744 0.0105705 0.00957016 0.00832509 0.00699316 0.00570723 0.00455671 0.00358429 0.00279442 0.00216763 0.00167454
 1.00332e-16 3.66859e-05 0.000215327 0.00102359 0.0039409 0.0122894 0.0310419 0.0635154 0.105282 0.141386 0.153843 0.135668 0.0970458 0.056495 0.0271522 0.0115049 0.00552085 0.00446034 0.00541859 0.00712462 0.00907299 0.0109799 0.0125995 0.0137118 0.0141615 0.0138928 0.0129632 0.011526 0.00979055 0.00797357 0.006256 0.00475792 0.00353383 0.00258413 0.00187474 0.00135698
 1.0077e-16 3.06735e-05 0.000180018 0.000855701 0.00329446 0.0102734 0.02595 0.0530978 0.0880182 0.118214 0.128662 0.113541 0.081388 0.0477242 0.023582 0.0111024 0.00697539 0.00728194 0.00959815 0.0128077 0.0163661 0.0198534 0.0228475 0.0249569 0.0258994 0.0255673 0.0240515 0.0216123 0.0186105 0.0154222 0.0123643 0.00965048 0.00738284 0.00557156 0.00416812 0.00309858
 1.0143e-16 3.11455e-05 0.000182793 0.000868905 0.00334531 0.010432 0.0263505 0.053917 0.0893748 0.120032 0.130629 0.115249 0.0825543 0.0482903 0.0236439 0.0107701 0.00629076 0.00621822 0.00809969 0.0108335 0.0139244 0.0170242 0.0197903 0.0218996 0.023109 0.023307 0.0225347 0.0209656 0.0188549 0.0164757 0.0140639 0.0117863 0.00973478 0.00794033 0.00639618 0.00507935
 1.01621e-16 3.13e-05 0.000183701 0.000873219 0.00336192 0.0104838 0.0264814 0.0541847 0.0898185 0.120627 0.131277 0.115819 0.0829584 0.0485189 0.0237412 0.0107893 0.00626622 0.00616284 0.00801278 0.0107086 0.0137539 0.0168018 0.0195128 0.0215688 0.0227324 0.0228986 0.0221144 0.0205577 0.0184858 0.0161706 0.0138436 0.0116645 0.0097158 0.00801869 0.0065576 0.00530311
 1.01257e-16 3.4174e-05 0.000200578 0.000953465 0.00367091 0.0114474 0.0289152 0.0591641 0.0980704 0.131704 0.143314 0.1264 0.0904523 0.0527298 0.0254807 0.0110367 0.00565749 0.00494242 0.00619419 0.00822776 0.0105586 0.0128959 0.0149745 0.0165493 0.0174382 0.0175607 0.0169535 0.0157538 0.0141597 0.0123807 0.0105947 0.00892457 0.00743337 0.00613693 0.00502258 0.00406694
 1.01321e-16 3.08066e-05 0.000180802 0.000859431 0.00330883 0.0103182 0.0260632 0.0533292 0.0884012 0.118727 0.129215 0.114016 0.081703 0.0478564 0.0235503 0.0109263 0.00665226 0.00678832 0.00890354 0.0118908 0.0152289 0.0185315 0.0214138 0.0235176 0.0245813 0.0244988 0.0233411 0.0213312 0.0187822 0.0160216 0.0133254 0.0108799 0.00877587 0.00702593 0.00559508 0.00442931
 1.01656e-16 3.09927e-05 0.000181896 0.000864641 0.00332889 0.0103808 0.0262212 0.0536524 0.0889362 0.119443 0.129988 0.114684 0.0821499 0.0480548 0.0235307 0.0107221 0.00626799 0.00620069 0.00807999 0.0108103 0.0138995 0.0170018 0.0197771 0.0219047 0.023143 0.0233812 0.0226598 0.0211501 0.0191035 0.0167885 0.014436 0.0122079 0.0101918 0.00841582 0.00687216 0.00553845
 1.0161e-16 3.2086e-05 0.000188317 0.000895168 0.00344644 0.0107474 0.0271471 0.0555467 0.0920754 0.123657 0.134568 0.118711 0.0850031 0.0496611 0.0242001 0.0108288 0.00605545 0.00576343 0.00742375 0.00990969 0.0127314 0.0155621 0.0180877 0.0200145 0.021123 0.0213148 0.0206314 0.0192342 0.0173575 0.0152495 0.0131213 0.0111186 0.00931696 0.0077366 0.00636465 0.00517618
 1.02071e-16 2.74818e-05 0.000161278 0.000766606 0.00295141 0.00920365 0.0232478 0.0475692 0.0788553 0.105912 0.115286 0.101766 0.0730121 0.0429431 0.0214632 0.0105154 0.00716076 0.00791068 0.0106041 0.0142327 0.0182767 0.0223057 0.0258716 0.0285509 0.0300289 0.0301696 0.0290419 0.0268907 0.0240667 0.0209393 0.0178221 0.014929 0.0123685 0.0101644 0.00828913 0.00669621
pSPR Fmed_Fpbrs
0.513032   0.345799 0.345799
Fs Fmed_Fpbrs
0.501488   1.005 1.005
SSBpbr Bo_Bmed_Bpbrs
876153  405687  259165 259165
Ro
34891.6
SPR SPRFo_SPRFmed_SPRFpbrs
717845 368277 248230
log_Ro
10.28
likeval ReclasPelacesDesembMPH_pf_preclas_ppelaces_ptallas_desvR_qrecl_qpela
 66.3757 13.6262 0.0134047 0.000202398 285.296 163.4 81.6343 0 16.0373 1.45111e-05 5.95684e-05 0 0 0 0
q_reclas_q_pelaces
0.582865 2.9983
M
0.7
N
 35285.9 12562 4815.65 583.004 0.241163
 44688 15954.5 3462.83 1327.48 160.777
 20638.9 20202 4392.95 953.464 409.779
 34909.2 8639.59 3432.19 746.334 231.606
 62578.8 16643.7 3322.35 1319.85 376.067
 43591.1 30859.4 7910.39 1579.05 806.033
 71831.2 20279 10172.1 2607.48 786.186
 79316.9 34144 7652.3 3838.45 1280.6
 102273 36143.5 9883.63 2215.1 1481.8
 126212 46220.4 9932.81 2716.18 1015.97
 65061.4 58645 15121.4 3249.61 1221.01
 48167.2 28657.9 13717 3536.89 1045.67
 47786.9 21380.1 7034.43 3367.01 1124.85
 23994.1 19946.4 3567.22 1173.68 749.458
 14152.3 8726.46 1401.42 250.631 135.118
 14304.3 4891.78 445.477 71.5411 19.6921
 10212.1 6059.87 895.853 81.582 16.7079
 10873.9 4533.33 1488.42 220.039 24.1419
 12676.2 4970.93 1338.89 439.595 72.117
 21173.6 5862.69 1579.42 425.407 162.587
 25614.1 9784.31 1852.8 499.147 185.825
 35283.5 12307.7 3951.47 748.267 276.631
 52440.3 16804.1 4701.18 1509.35 391.481
 45260.3 24792.1 6128.79 1714.61 693.269
pred_Ctot
 2283.04 4156.25 1593.3 192.892 0.0797907
 2896.78 5286.59 1147.42 439.864 53.2739
 2353.82 10147.3 2206.55 478.919 205.83
 1004.14 1422.57 565.133 122.889 38.1355
 313.344 514.851 102.773 40.8278 11.6331
 1988.15 7638.85 1958.11 390.872 199.523
 2215.97 3557.49 1784.46 457.422 137.918
 4721.64 10561.8 2367.09 1187.35 396.129
 6650.21 12006 3283.11 735.805 492.221
 5858.94 11615.3 2496.15 682.585 255.316
 5323.7 23281.4 6003.02 1290.06 484.725
 3700.99 10847.2 5191.99 1338.74 395.795
 5535.08 10849.6 3569.7 1708.63 570.815
 4701.27 13656.6 2442.35 803.575 513.126
 3158.43 6332.49 1016.96 181.874 98.0508
 1525.02 2348.16 213.838 34.3412 9.45263
 783.986 2292.2 338.864 30.8591 6.3199
 624.082 1360.99 446.852 66.0597 7.24784
 628.398 1320.9 355.775 116.811 19.1633
 1061.85 1573.14 423.807 114.15 43.6271
 597.647 1329.67 251.792 67.8331 25.2532
 1041.13 2074.01 665.874 126.093 46.6159
 1814.03 3266.5 913.849 293.397 76.0988
 1633.6 5004.53 1237.16 346.112 139.943
F
 0.0937411 0.588592 0.588592 0.588592 0.588592
 0.093924 0.589741 0.589741 0.589741 0.589741
 0.170823 1.07258 1.07258 1.07258 1.07258
 0.0407207 0.255682 0.255682 0.255682 0.255682
 0.00698404 0.0438522 0.0438522 0.0438522 0.0438522
 0.0652651 0.409794 0.409794 0.409794 0.409794
 0.0437307 0.274581 0.274581 0.274581 0.274581
 0.0859556 0.539708 0.539708 0.539708 0.539708
 0.0942285 0.591652 0.591652 0.591652 0.591652
 0.0664621 0.41731 0.41731 0.41731 0.41731
 0.119904 0.752865 0.752865 0.752865 0.752865
 0.112219 0.704611 0.704611 0.704611 0.704611
 0.173704 1.09067 1.09067 1.09067 1.09067
 0.311449 1.95556 1.95556 1.95556 1.95556
 0.362319 2.27497 2.27497 2.27497 2.27497
 0.158871 0.997536 0.997536 0.997536 0.997536
 0.112117 0.703974 0.703974 0.703974 0.703974
 0.082756 0.519617 0.519617 0.519617 0.519617
 0.0711188 0.446549 0.446549 0.446549 0.446549
 0.071973 0.451912 0.451912 0.451912 0.451912
 0.0329184 0.206692 0.206692 0.206692 0.206692
 0.0417927 0.262412 0.262412 0.262412 0.262412
 0.0491528 0.308626 0.308626 0.308626 0.308626
 0.0513347 0.322326 0.322326 0.322326 0.322326
nmprior
 10 10 8 0
nm_flota  nm_reclas  nm_pelaces    nm_pelaL
inf 19.3149 14.7058 25.176
cv_recla  cv_pelaces  cv_mph
0.754278 0.434362 0.461574
 ------------------------------------------------
Talla a la edad & desviación 
 7.2 14.2025 17.0495 18.207 18.6776
 1.08 2.13037 2.55742 2.73105 2.80164
