years
 1997 1998 1999 2000 2001 2002 2003 2004 2005 2006 2007 2008 2009 2010 2011 2012 2013 2014 2015 2016 2017 2018 2019 2020
reclasobs
 0 0 0 370054 412103 1.49427e+06 250295 1.28982e+06 931140 785840 897777 1.04006e+06 184774 17550 25797 100020 73551 82996 120727 218422 84188 347160 605670 569463
reclaspred
 7.09141e+06 1.28927e+06 1.54134e+06 261826 240626 354690 666718 649857 655149 811000 923772 730702 394496 140111 76300.2 74989.3 76440.2 107075 139435 132030 187308 219434 362982 276426
pelacesobs
 0 0 0 0 0 0 0 0 0 2.06254e+06 1.5e+06 0 1.87456e+06 323000 250000 174000 83755 137374 0 501740 490994 745055 786931 1.00524e+06
pelacespred
 1.96145e+07 1.12618e+07 2.44243e+06 951932 868594 757622 2.1274e+06 2.09383e+06 1.82836e+06 2.55467e+06 2.3589e+06 1.96801e+06 1.02274e+06 289049 159314 167539 177020 272378 369371 311906 577791 665534 786479 629419
mphobs
 0 0 0 0 0 112323 0 153150 637223 0 255016 313432 73983 77613 109348 50772 0 0 0 0 0 0 0 0
mphpred
 1.15488e+06 484737 198849 63054.4 43013.8 140130 153188 295792 254022 266661 380399 273246 173984 97002.4 46351.9 32624.7 28087.8 34973.6 46394.9 41444.7 50919.3 71980.1 87015.5 95790.4
desembarqueobs
 350755 77701 442110 56441 14545 235359 269955 359681 431902 328805 639364 411747 362871 311530 167758 66681 60226 58785 57116 71774 51957 67425 138520 160799
desembarquepred
 350744 77678.4 441529 56407.2 14542.2 235163 269869 359063 431353 328482 638156 410991 362092 310924 167227 66599.3 60191.1 58692.9 57026.5 71679.2 51938.1 67346.5 138385 160655
Reclutas
 9123.45 12714.2 1683.45 4509.09 38853 12440.3 64654.4 55916.6 59652.7 111192 68987.9 50735.4 55024.8 29632.2 12099.7 8849.29 7187.73 8733.45 7124.4 8126.97 14728.8 17996.3 24847.3 9376.88
log_desv_Rt
 -0.681397 -0.349528 -2.3714 -1.38615 0.767542 -0.371303 1.27681 1.13162 1.19629 1.81901 1.34169 1.03438 1.11554 0.496616 -0.399067 -0.711908 -0.91987 -0.725084 -0.92872 -0.797057 -0.202441 -0.00207663 0.320504 -0.653998
SSB
 1.53496e+06 644268 264292 83806.1 57170 186248 203603 393139 337623 354421 505591 363173 231243 128927 61606.7 43361.8 37331.7 46483.7 61663.8 55084.4 67677.2 95669.3 115653 127316
BT
 2.01109e+06 776682 387510 134474 244957 293204 1.02904e+06 921872 929325 1.07532e+06 1.13524e+06 815363 670386 387814 194402 100155 100007 123814 113371 122133 189589 168670 227312 217089
Ftot
 0.185309 0.312531 1.39634 1.13716 0.322077 1.73829 1.77767 1.71964 2.12475 1.49657 2.00695 1.78268 2.88707 4.95303 4.89948 2.4267 2.36907 1.78963 1.2359 1.75239 0.991207 1.00829 1.24445 1.68023
BD_Bspro_t
 0.974471 0.817965 0.550771 0.176199 0.227345 0.53351 0.381001 0.479214 0.389371 0.362579 0.409882 0.275797 0.194889 0.129801 0.0750736 0.0658553 0.0793805 0.135164 0.212469 0.234635 0.303778 0.442826 0.44603 0.388874
BD_Bspro
 4.13715 1.73648 0.712342 0.225881 0.154089 0.501991 0.548768 1.05962 0.909989 0.955265 1.36271 0.978854 0.623265 0.347493 0.166047 0.116872 0.100619 0.125287 0.166201 0.148468 0.182409 0.257856 0.311717 0.343151
BD_Bo
 1.70677 0.716381 0.293875 0.0931866 0.0635691 0.207095 0.226393 0.437144 0.375414 0.394092 0.562182 0.403824 0.257126 0.143358 0.0685025 0.0482153 0.0415103 0.0516867 0.0685659 0.0612501 0.0752524 0.106378 0.128598 0.141566
BD_Brms
 4.87523 2.04628 0.839426 0.266179 0.181579 0.591547 0.64667 1.24866 1.07233 1.12569 1.60582 1.15348 0.734457 0.409488 0.195671 0.137722 0.11857 0.147638 0.195852 0.174955 0.214951 0.303858 0.367329 0.404371
S_f
 0.0810186 0.805599 0.994892 0.999891 0.999998
 0.0810186 0.805599 0.994892 0.999891 0.999998
 0.0810186 0.805599 0.994892 0.999891 0.999998
 0.0810186 0.805599 0.994892 0.999891 0.999998
 0.0810186 0.805599 0.994892 0.999891 0.999998
 0.0810186 0.805599 0.994892 0.999891 0.999998
 0.0810186 0.805599 0.994892 0.999891 0.999998
 0.0810186 0.805599 0.994892 0.999891 0.999998
 0.0810186 0.805599 0.994892 0.999891 0.999998
 0.0810186 0.805599 0.994892 0.999891 0.999998
 0.0810186 0.805599 0.994892 0.999891 0.999998
 0.0810186 0.805599 0.994892 0.999891 0.999998
 0.0810186 0.805599 0.994892 0.999891 0.999998
 0.0810186 0.805599 0.994892 0.999891 0.999998
 0.0810186 0.805599 0.994892 0.999891 0.999998
 0.0810186 0.805599 0.994892 0.999891 0.999998
 0.0810186 0.805599 0.994892 0.999891 0.999998
 0.0810186 0.805599 0.994892 0.999891 0.999998
 0.0810186 0.805599 0.994892 0.999891 0.999998
 0.0810186 0.805599 0.994892 0.999891 0.999998
 0.0810186 0.805599 0.994892 0.999891 0.999998
 0.0810186 0.805599 0.994892 0.999891 0.999998
 0.0810186 0.805599 0.994892 0.999891 0.999998
 0.0810186 0.805599 0.994892 0.999891 0.999998
Scru_reclas
 0.0813674 0.308323 0.691677 0.918633 0.982704
 0.0813674 0.308323 0.691677 0.918633 0.982704
 0.0813674 0.308323 0.691677 0.918633 0.982704
 0.0813674 0.308323 0.691677 0.918633 0.982704
 0.0813674 0.308323 0.691677 0.918633 0.982704
 0.0813674 0.308323 0.691677 0.918633 0.982704
 0.0813674 0.308323 0.691677 0.918633 0.982704
 0.0813674 0.308323 0.691677 0.918633 0.982704
 0.0813674 0.308323 0.691677 0.918633 0.982704
 0.0813674 0.308323 0.691677 0.918633 0.982704
 0.0813674 0.308323 0.691677 0.918633 0.982704
 0.0813674 0.308323 0.691677 0.918633 0.982704
 0.0813674 0.308323 0.691677 0.918633 0.982704
 0.0813674 0.308323 0.691677 0.918633 0.982704
 0.0813674 0.308323 0.691677 0.918633 0.982704
 0.0813674 0.308323 0.691677 0.918633 0.982704
 0.0813674 0.308323 0.691677 0.918633 0.982704
 0.0813674 0.308323 0.691677 0.918633 0.982704
 0.0813674 0.308323 0.691677 0.918633 0.982704
 0.0813674 0.308323 0.691677 0.918633 0.982704
 0.0813674 0.308323 0.691677 0.918633 0.982704
 0.0813674 0.308323 0.691677 0.918633 0.982704
 0.0813674 0.308323 0.691677 0.918633 0.982704
 0.0813674 0.308323 0.691677 0.918633 0.982704
Scru_pelaces
 0.0813674 0.308323 0.691677 0.918633 0.982704
 0.0813674 0.308323 0.691677 0.918633 0.982704
 0.0813674 0.308323 0.691677 0.918633 0.982704
 0.0813674 0.308323 0.691677 0.918633 0.982704
 0.0813674 0.308323 0.691677 0.918633 0.982704
 0.0813674 0.308323 0.691677 0.918633 0.982704
 0.0813674 0.308323 0.691677 0.918633 0.982704
 0.0813674 0.308323 0.691677 0.918633 0.982704
 0.0813674 0.308323 0.691677 0.918633 0.982704
 0.0813674 0.308323 0.691677 0.918633 0.982704
 0.0813674 0.308323 0.691677 0.918633 0.982704
 0.0813674 0.308323 0.691677 0.918633 0.982704
 0.0813674 0.308323 0.691677 0.918633 0.982704
 0.0813674 0.308323 0.691677 0.918633 0.982704
 0.0813674 0.308323 0.691677 0.918633 0.982704
 0.0813674 0.308323 0.691677 0.918633 0.982704
 0.0813674 0.308323 0.691677 0.918633 0.982704
 0.0813674 0.308323 0.691677 0.918633 0.982704
 0.0813674 0.308323 0.691677 0.918633 0.982704
 0.0813674 0.308323 0.691677 0.918633 0.982704
 0.0813674 0.308323 0.691677 0.918633 0.982704
 0.0813674 0.308323 0.691677 0.918633 0.982704
 0.0813674 0.308323 0.691677 0.918633 0.982704
 0.0813674 0.308323 0.691677 0.918633 0.982704
pf_obs 
 0.256992 0.487395 0.22802 0.0275931 0
 0.321318 0.546541 0.124235 0.00734118 0.000564706
 0.182869 0.594174 0.210203 0.0122559 0.00049798
 0.330522 0.361315 0.267642 0.0388342 0.00168674
 0.649043 0.306663 0.0425973 0.00169635 0
 0.582887 0.30429 0.105238 0.00758474 0
 0.465427 0.430635 0.0974691 0.00646863 0
 0.296916 0.608066 0.0921331 0.00288517 0
 0.311714 0.524322 0.152257 0.0117073 0
 0.15457 0.633149 0.183074 0.0267441 0.00246327
 0.131901 0.49318 0.331252 0.0422183 0.00144891
 0.196976 0.569456 0.194076 0.0375587 0.00193317
 0.518974 0.381816 0.0799577 0.0180837 0.00116848
 0.0928022 0.601141 0.25162 0.0475244 0.00691264
 0.122501 0.610282 0.24278 0.0234846 0.000952079
 0.383417 0.481906 0.127806 0.00687128 0
 0.0376549 0.599619 0.316969 0.0457579 0
 0.0361596 0.667082 0.258105 0.0386534 0
 0.158088 0.579412 0.248529 0.0139706 0
 0.0477256 0.309471 0.559284 0.082774 0.000745712
 0.0406174 0.521527 0.379366 0.0568643 0.0016247
 0.151134 0.462217 0.34131 0.0453401 0
 0.294876 0.26143 0.354403 0.0886775 0.000613685
 0.281977 0.475581 0.204845 0.0348837 0.00271318
pf_pred 
 0.0145289 0.638771 0.30625 0.0404479 2.16883e-06
 0.0376534 0.119207 0.588628 0.22496 0.0295516
 0.013197 0.322231 0.101636 0.393704 0.169232
 0.154201 0.182243 0.27673 0.0596434 0.327182
 0.617235 0.291735 0.0255085 0.0274645 0.0380568
 0.0924632 0.858262 0.0396302 0.00271436 0.00693056
 0.570117 0.288003 0.136786 0.00410586 0.000988237
 0.239779 0.735574 0.0186959 0.00573918 0.000211371
 0.274605 0.625497 0.0977688 0.0016193 0.000509826
 0.382137 0.55817 0.0543673 0.00521351 0.000112119
 0.18318 0.749911 0.0624207 0.00409216 0.000396872
 0.193631 0.675573 0.123898 0.00644006 0.000457605
 0.306007 0.583405 0.0983125 0.0116345 0.000640548
 0.272461 0.689066 0.0348923 0.00318829 0.000391829
 0.256285 0.728189 0.015205 0.000291494 2.91553e-05
 0.288291 0.694003 0.0175622 0.000140316 2.88533e-06
 0.255586 0.68511 0.0584319 0.000864643 6.95375e-06
 0.306527 0.62757 0.0627 0.0031572 4.64617e-05
 0.197123 0.722086 0.0756639 0.00488012 0.000246595
 0.248056 0.598173 0.142636 0.0104349 0.000700698
 0.330388 0.582954 0.0742698 0.0114997 0.000887991
 0.239235 0.66288 0.0884061 0.00813314 0.00134561
 0.261593 0.601832 0.123456 0.0118588 0.00126112
 0.103157 0.764385 0.114372 0.0163622 0.0017232
pobs_RECLAS
 0 0 0 0 0
 0 0 0 0 0
 0 0 0 0 0
 0 0 0 0 0
 0.835266 0.146461 0.0176864 0.000547809 3.91292e-05
 0.385257 0.428462 0.181853 0.0044286 0
 0.867414 0.0963971 0.0333333 0.00285562 0
 0.441836 0.489002 0.0689373 0.000224442 0
 0.779404 0.147425 0.0564933 0.0165055 0.000172143
 0.814271 0.122319 0.05973 0.00367925 0
 0.40263 0.566651 0.0304383 0.000280538 0
 0.475488 0.404961 0.113038 0.00651328 0
 0.955842 0.0263864 0.0167828 0.000988607 0
 0.975058 0.0227948 0.00214734 0 0
 0.738997 0.206755 0.0527124 0.00153531 0
 0.850938 0.134255 0.0134407 0.00136685 0
 0.542534 0.407297 0.0501686 0 0
 0.764087 0.199537 0.0359546 0.000420521 0
 0.470689 0.182191 0.310203 0.0369168 0
 0.84361 0.089868 0.0606195 0.00523954 0.000663233
 0.607945 0.314616 0.071237 0.00620181 0
 0.523733 0.453247 0.0230204 0 0
 0.530135 0.295979 0.169645 0.0042399 0
 0.562478 0.366248 0.0663022 0.0049721 0
ppred_RECLAS
 0.0289366 0.480641 0.417547 0.0728715 4.17946e-06
 0.0529165 0.0628519 0.561086 0.283334 0.0398115
 0.0207207 0.173119 0.0952454 0.487006 0.223908
 0.212612 0.0883479 0.236611 0.0673357 0.395093
 0.766787 0.135894 0.0214777 0.0305546 0.0452868
 0.228672 0.697462 0.0552409 0.00499188 0.0136328
 0.765623 0.126455 0.102804 0.00407107 0.00104806
 0.482382 0.487394 0.0212694 0.00861459 0.000339352
 0.525617 0.37352 0.0980026 0.00214024 0.00072073
 0.629503 0.31108 0.0526056 0.00665788 0.000153147
 0.400237 0.519676 0.0731108 0.00632103 0.000655695
 0.396168 0.451634 0.14174 0.00971969 0.000738706
 0.590632 0.311631 0.0838938 0.0130727 0.000769792
 0.668664 0.307366 0.0211094 0.00252846 0.000332319
 0.650136 0.339924 0.00967089 0.000243062 2.59995e-05
 0.571953 0.410737 0.0171256 0.000180322 3.96594e-06
 0.520087 0.419572 0.0591769 0.00115413 9.92769e-06
 0.558564 0.373327 0.063804 0.0042385 6.67151e-05
 0.395112 0.503827 0.0927377 0.00789682 0.000426807
 0.465616 0.368289 0.150523 0.0145283 0.00104346
 0.554731 0.348961 0.0788523 0.0161236 0.00133172
 0.443892 0.437813 0.103496 0.0125737 0.00222512
 0.469684 0.375821 0.135374 0.0171678 0.00195279
 0.237165 0.581655 0.149732 0.028264 0.00318382
pobs_PELACES
 0 0 0 0 0
 0 0 0 0 0
 0 0 0 0 0
 0 0 0 0 0
 0 0 0 0 0
 0 0 0 0 0
 0 0 0 0 0
 0 0 0 0 0
 0 0 0 0 0
 0 0 0 0 0
 0.450072 0.473896 0.0757376 0.000293798 0
 0 0 0 0 0
 0.463077 0.371075 0.160297 0.00555027 0
 0.529543 0.364841 0.0842815 0.0213345 0
 0.631943 0.363953 0.00410389 0 0
 0.735681 0.248677 0.0153453 0.000297389 0
 0.695825 0.281241 0.0229344 0 0
 0.275771 0.60734 0.115278 0.00161068 0
 0 0 0 0 0
 0.896147 0.0623911 0.0374545 0.00400742 0
 0.803859 0.145111 0.0509908 3.86294e-05 0
 0.739449 0.233085 0.0266225 0.000797448 4.60066e-05
 0.878498 0.100942 0.0204185 0.000141795 0
 0.694673 0.275183 0.0284847 0.00165964 0
ppred_PELACES
 0.0303799 0.482744 0.414547 0.0723258 4.14814e-06
 0.0577824 0.0636896 0.557572 0.281414 0.0395413
 0.0308014 0.184294 0.0929239 0.474043 0.217938
 0.274199 0.0868131 0.216558 0.0615134 0.360916
 0.781732 0.128274 0.0198696 0.0282518 0.0418732
 0.312123 0.628233 0.0446378 0.00402217 0.0109839
 0.840035 0.0907016 0.0659877 0.00260549 0.000670715
 0.585816 0.392351 0.0153779 0.00621076 0.000244644
 0.654168 0.279698 0.0642645 0.00139854 0.000470924
 0.711441 0.245812 0.0378583 0.00477961 0.000109937
 0.522809 0.420095 0.0521374 0.00449281 0.000466017
 0.507941 0.378093 0.106155 0.00725814 0.000551592
 0.749744 0.198349 0.0445856 0.00691454 0.000407123
 0.870565 0.122434 0.00617094 0.000733136 9.63402e-05
 0.857988 0.139019 0.00291233 7.26074e-05 7.76523e-06
 0.705948 0.283776 0.0101677 0.000106632 2.34503e-06
 0.66023 0.30228 0.0367693 0.000714319 6.14396e-06
 0.66368 0.289156 0.0441915 0.00292699 4.60687e-05
 0.470574 0.446527 0.0760841 0.00646554 0.000349434
 0.577885 0.300626 0.110128 0.0105988 0.000761188
 0.615371 0.305422 0.0648705 0.0132429 0.00109375
 0.507206 0.393088 0.0872508 0.0105825 0.00187267
 0.5494 0.326464 0.1088 0.0137694 0.00156617
 0.322465 0.529192 0.122653 0.0230885 0.00260066
pobs_pel_tallas
 0 0 0 0 0 0 0 0 0 0 0 0 0 0 0 0 0 0 0 0 0 0 0 0 0 0 0 0 0 0 0 0 0 0 0 0
 0 0 0 0 0 0 0 0 0 0 0 0 0 0 0 0 0 0 0 0 0 0 0 0 0 0 0 0 0 0 0 0 0 0 0 0
 0 0 0 0 0 0 0 0 0 0 0 0 0 0 0 0 0 0 0 0 0 0 0 0 0 0 0 0 0 0 0 0 0 0 0 0
 0 0 0 0 0 0 0 0 0 0 0 0 0 0 0 0 0 0 0 0 0 0 0 0 0 0 0 0 0 0 0 0 0 0 0 0
 0 0 0 0 0 0 0 0 0 0 0 0 0 0 0 0 0 0 0 0 0 0 0 0 0 0 0 0 0 0 0 0 0 0 0 0
 0 0 0 0 0 0 0 0 0 0 0 0 0 0 0 0 0 0 0 0 0 0 0 0 0 0 0 0 0 0 0 0 0 0 0 0
 0 0 0 0 0 0 0 0 0 0 0 0 0 0 0 0 0 0 0 0 0 0 0 0 0 0 0 0 0 0 0 0 0 0 0 0
 0 0 0 0 0 0 0 0 0 0 0 0 0 0 0 0 0 0 0 0 0 0 0 0 0 0 0 0 0 0 0 0 0 0 0 0
 0 0 0 0 0 0 0 0 0 0 0 0 0 0 0 0 0 0 0 0 0 0 0 0 0 0 0 0 0 0 0 0 0 0 0 0
 0 0 0 0 0 0 0 0 0 0 0 0 0 0 0 0 0 0 0 0 0 0 0 0 0 0 0 0 0 0 0 0 0 0 0 0
 0 0 0 0 0 0 0 0 1.78061e-05 0.00172719 0.00360574 0.0105946 0.0120993 0.0124554 0.0147524 0.0171206 0.0266825 0.0428682 0.0675386 0.121331 0.153587 0.119568 0.100827 0.0573624 0.0630603 0.0341343 0.0324427 0.0444173 0.0211091 0.0280891 0.0125444 0.00206551 0 0 0 0
 0 0 0 0 0 0 0 0 0 0 0 0 0 0 0 0 0 0 0 0 0 0 0 0 0 0 0 0 0 0 0 0 0 0 0 0
 0 0 0 0 0 0 0.0133647 0.0140871 0.0187388 0.0205184 0.03894 0.0496705 0.03968 0.0493445 0.0407372 0.0367815 0.0215668 0.0243155 0.0234873 0.0199281 0.019796 0.0243948 0.0301388 0.0376714 0.0412746 0.0863199 0.0771752 0.113111 0.0741005 0.0525337 0.0229764 0.00759418 0.00175318 0 0 0
 0 0 0 0 0 0 0 0 0 0 0.00219441 0.00772107 0.0458388 0.0604681 0.0671733 0.0775358 0.0609151 0.0617685 0.073594 0.0568108 0.0755445 0.0548602 0.0670107 0.0636378 0.0643287 0.046367 0.0373049 0.0286899 0.0247887 0.0153202 0.00654259 0.00121912 0.000365735 0 0 0
 0 0 0 0 0 0 0 0 0 0 0 0 0.000112435 0.00938835 0.0111873 0.0202946 0.0414886 0.0713402 0.111592 0.104902 0.108894 0.110636 0.117776 0.105296 0.107544 0.0401394 0.0192827 0.0124803 0.00416011 0.0028671 0.000618394 0 0 0 0 0
 0 0 0 0 0 0 0 0 0 0 0.00291406 0.0102884 0.027416 0.0768956 0.0749926 0.110853 0.0956884 0.0897413 0.0766577 0.0534642 0.0500743 0.0551293 0.0594112 0.0620874 0.0668451 0.0424026 0.0208742 0.0120726 0.0048766 0.00582813 0.00118941 0.000297354 0 0 0 0
 0 0.00264628 0.0354308 0.0461629 0.0458689 0.0383711 0.0214643 0.0164657 0.0346957 0.0420465 0.0363128 0.0245516 0.0311673 0.0291091 0.0169068 0.0133784 0.00837989 0.0085269 0.0148486 0.0160247 0.0276389 0.0546898 0.0760071 0.122758 0.109233 0.0665981 0.0333725 0.0166128 0.00676272 0.00308733 0.000882094 0 0 0 0 0
 0 0 0 0 0 0 0 0.000805153 0.000690131 0.00759144 0.0133425 0.0154129 0.00931677 0.000345066 0.00356568 0.00563607 0.00851162 0.0253048 0.0502646 0.0516448 0.0657925 0.0565908 0.0611916 0.0827007 0.0866115 0.110766 0.145733 0.0935128 0.0569358 0.0249597 0.0138026 0.00621118 0.00161031 0.00115022 0 0
 0 0 0 0 0 0 0 0 0 0 0 0 0 0 0 0 0 0 0 0 0 0 0 0 0 0 0 0 0 0 0 0 0 0 0 0
 0.00147267 0.00158595 0.00478618 0.00569244 0.00954404 0.0108468 0.00647125 0.017049 0.0510054 0.094081 0.124002 0.0959785 0.0687766 0.0820023 0.061753 0.0591476 0.0492212 0.0479892 0.0443925 0.0268479 0.0217502 0.0140895 0.0121071 0.0120363 0.00920419 0.00665534 0.0049561 0.00860946 0.00930331 0.0156896 0.0114698 0.00855282 0.00243557 0.00046729 0 2.83206e-05
 0 0 0 0 0.000772559 0.00158375 0.000888443 0.00281984 0.00712685 0.0440552 0.0773331 0.111326 0.0921469 0.0852325 0.0710754 0.0886704 0.0786465 0.0553345 0.0373146 0.0185414 0.00753245 0.00457741 0.012979 0.0271748 0.0457355 0.0583668 0.034881 0.0177882 0.00938659 0.00492506 0.0015258 0.00185414 0.000309023 5.79419e-05 3.86279e-05 0
 0 0.00173294 0.00326652 0 0.00397197 0.00683976 0.00946217 0.0152591 0.00757587 0.0136028 0.0228656 0.0392903 0.0559909 0.0764795 0.0681675 0.0726916 0.0566044 0.0477403 0.0527397 0.0444891 0.0609904 0.0582453 0.0661739 0.0445044 0.0529084 0.0360697 0.0280645 0.0235558 0.0158879 0.00826598 0.00280645 0.00217768 0.000904811 0.00058276 9.20147e-05 0
 0 0 0 0 0 0 0 0 0 0 0 0 0 0 0 0 0 0 0 0 0 0 0 0 0 0 0 0 0 0 0 0 0 0 0 0
 0 0 0 0 0 0 0 0 0 0 0 0 0 0 0 0 0 0 0 0 0 0 0 0 0 0 0 0 0 0 0 0 0 0 0 0
ppred_pel_tallas
 1.08528e-16 1.35789e-06 7.8866e-06 3.73177e-05 0.000143388 0.000446873 0.00112929 0.00231478 0.00385271 0.00522171 0.00580792 0.0054222 0.00453526 0.00397001 0.00441019 0.00619958 0.00945812 0.0142339 0.0205191 0.0281679 0.0368181 0.0458794 0.0546007 0.0621989 0.0680093 0.0716075 0.0728685 0.0719417 0.069168 0.0649698 0.0597583 0.0538824 0.0476219 0.0412077 0.0348478 0.0287405
 1.19453e-16 2.5358e-06 1.48405e-05 7.04628e-05 0.00027115 0.000845396 0.00213543 0.00437033 0.00724833 0.00974671 0.0106393 0.00946339 0.00694819 0.00441333 0.0028322 0.00247511 0.00319502 0.00482364 0.00733548 0.0108151 0.0153712 0.0210675 0.0278778 0.0356569 0.0441251 0.0528689 0.0613605 0.0690008 0.0751815 0.079363 0.0811523 0.0803666 0.0770687 0.0715588 0.0643322 0.0560023
 1.27852e-16 1.36236e-06 7.94484e-06 3.76654e-05 0.000144847 0.000451516 0.00114065 0.00233563 0.00387835 0.00522921 0.00574507 0.00519779 0.00400594 0.00291749 0.0025115 0.00300459 0.00439378 0.00665154 0.00979345 0.0138433 0.0187798 0.0245102 0.030874 0.037667 0.04467 0.0516667 0.0584429 0.0647685 0.0703759 0.0749504 0.0781485 0.079644 0.0791931 0.0766956 0.0722357 0.0660862
 1.22081e-16 1.19722e-05 7.02417e-05 0.000333849 0.00128526 0.00400786 0.0101235 0.0207146 0.0343387 0.0461223 0.0502069 0.0443262 0.0318186 0.0187518 0.00945248 0.00479194 0.00353372 0.00422718 0.00603071 0.00863686 0.0119765 0.0160269 0.0207362 0.026005 0.0316863 0.0375872 0.0434712 0.0490598 0.0540409 0.0580871 0.0608883 0.0621929 0.0618505 0.0598431 0.0562962 0.0514672
 1.03252e-16 3.41049e-05 0.000200176 0.00095156 0.00366358 0.0114246 0.0288575 0.0590458 0.0978735 0.131437 0.143017 0.126121 0.0902166 0.0525198 0.0252436 0.0107028 0.00515286 0.00419524 0.00514104 0.00682499 0.00879769 0.0108182 0.0126797 0.0141938 0.0152209 0.0156991 0.0156538 0.0151825 0.0144217 0.0135078 0.0125454 0.0115926 0.0106636 0.00974383 0.00881012 0.00784695
 1.0149e-16 1.36482e-05 8.00303e-05 0.000380273 0.00146381 0.00456453 0.0115303 0.0235968 0.039131 0.0526021 0.0573739 0.0509227 0.0371387 0.0230592 0.013777 0.0104694 0.0118867 0.0164386 0.0230487 0.0309992 0.0395688 0.0478656 0.0548775 0.0596532 0.0615177 0.0602356 0.0560684 0.0496983 0.0420528 0.0340878 0.0265985 0.0201085 0.0148495 0.0108124 0.00783542 0.00569322
 1.01088e-16 3.66459e-05 0.000215096 0.0010225 0.00393674 0.0122764 0.0310091 0.0634479 0.105169 0.14123 0.153662 0.135483 0.0968571 0.0562724 0.0268358 0.011015 0.00476755 0.0033542 0.00388597 0.00512982 0.0066427 0.00822227 0.00970909 0.0109544 0.0118379 0.0122889 0.0122974 0.011908 0.0112026 0.0102772 0.00922175 0.00810912 0.0069922 0.00590794 0.00488332 0.00393989
 1.00571e-16 2.55729e-05 0.00015006 0.000713252 0.00274595 0.00856289 0.0216295 0.0442588 0.0733714 0.0985585 0.107311 0.0947991 0.0681717 0.0404131 0.0207842 0.0111454 0.00881116 0.0105627 0.0143739 0.0192304 0.0245051 0.0295974 0.0338666 0.0367189 0.0377366 0.0367801 0.0340228 0.0299025 0.0250106 0.0199544 0.015238 0.0111916 0.00795829 0.00552642 0.00378603 0.00258558
 1.01074e-16 2.85489e-05 0.000167543 0.000796386 0.00306607 0.00956121 0.024151 0.0494172 0.0819184 0.110026 0.119761 0.105711 0.0758318 0.0445793 0.0222392 0.0108251 0.00727811 0.00796802 0.0106446 0.0142568 0.0182639 0.022221 0.0256677 0.0281717 0.0294148 0.0292658 0.0278068 0.0253041 0.0221356 0.0186996 0.0153363 0.0122808 0.00965404 0.00748208 0.00573058 0.00433786
 1.00787e-16 3.10448e-05 0.000182199 0.000866072 0.00333439 0.010398 0.0262645 0.0537413 0.0890846 0.119645 0.130217 0.114906 0.0823512 0.0482581 0.0237886 0.0111041 0.00684908 0.00705379 0.00926507 0.0123587 0.0157957 0.0191682 0.0220693 0.0241217 0.0250529 0.024758 0.023323 0.0209966 0.0181242 0.0150664 0.0121269 0.009511 0.00731735 0.00555669 0.0041839 0.00312972
 1.01054e-16 2.28267e-05 0.000133935 0.000636585 0.00245075 0.00764231 0.0193042 0.0395013 0.0654868 0.087974 0.0958045 0.0846759 0.0609834 0.0363358 0.0190266 0.0107503 0.0091449 0.0113644 0.015608 0.0209483 0.0267677 0.0324392 0.0372796 0.0406477 0.0420827 0.041414 0.0387995 0.0346773 0.0296515 0.0243494 0.0192979 0.0148505 0.011173 0.00827605 0.00607137 0.00442763
 1.01906e-16 2.21768e-05 0.000130124 0.000618472 0.00238102 0.00742488 0.0187549 0.0383772 0.0636225 0.0854675 0.0930694 0.0822456 0.0592053 0.0352211 0.0183435 0.0102118 0.00852685 0.010526 0.0144731 0.0194946 0.0250323 0.0305281 0.0353686 0.0389678 0.0408886 0.0409406 0.0392178 0.0360599 0.0319571 0.0274305 0.022928 0.0187633 0.0151039 0.0119968 0.00941265 0.00728794
 1.00955e-16 3.27131e-05 0.000191998 0.000912666 0.0035138 0.0109575 0.0276777 0.0566325 0.0938754 0.126074 0.1372 0.121033 0.0866695 0.0506406 0.0246881 0.0110639 0.00620754 0.00591957 0.00761721 0.0101446 0.0129926 0.0158168 0.0182866 0.0200952 0.0210173 0.0209592 0.0199778 0.0182594 0.0160685 0.0136833 0.0113409 0.009204 0.00735539 0.0058122 0.00455032 0.00352793
 1.00158e-16 3.79783e-05 0.000222916 0.00105967 0.00407985 0.0127227 0.0321364 0.0657546 0.108993 0.146367 0.159256 0.140427 0.100417 0.0583902 0.0279373 0.011621 0.00525459 0.00392252 0.00461595 0.00602862 0.00765985 0.00925017 0.0105863 0.0114806 0.0118021 0.0115066 0.0106474 0.00936079 0.00783087 0.0062472 0.00476748 0.00349546 0.00247673 0.00170873 0.00115806 0.000778068
 1.0009e-16 3.74306e-05 0.000219699 0.00104437 0.00402094 0.012539 0.0316723 0.0648053 0.10742 0.144256 0.156964 0.138416 0.0990003 0.057611 0.0276474 0.0116433 0.00547946 0.00431588 0.00518605 0.00679343 0.00862626 0.0104028 0.011883 0.0128549 0.0131712 0.0127844 0.0117587 0.0102527 0.00847987 0.00665881 0.00497092 0.00353473 0.00240105 0.00156449 0.000983543 0.000601231
 1.00241e-16 3.08068e-05 0.000180798 0.000859405 0.00330871 0.0103179 0.0260622 0.0533277 0.0884001 0.118729 0.129228 0.114054 0.0817847 0.0480149 0.0238327 0.0113973 0.00739115 0.00788057 0.0104238 0.0138799 0.0176689 0.0213256 0.0243805 0.0264028 0.0270909 0.0263451 0.0242932 0.0212553 0.0176633 0.0139608 0.0105163 0.00757175 0.00523221 0.0034894 0.00226216 0.00143791
 1.00646e-16 2.88141e-05 0.000169097 0.000803774 0.00309451 0.00964989 0.024375 0.0498757 0.0826789 0.111049 0.120878 0.106707 0.076566 0.0450509 0.0225478 0.0110945 0.0076081 0.00842485 0.0112669 0.0150572 0.0192249 0.0232882 0.0267495 0.0291464 0.0301477 0.0296313 0.0277126 0.024709 0.0210579 0.0172135 0.0135574 0.0103459 0.00769936 0.00562549 0.00405965 0.00290543
 1.00825e-16 2.8964e-05 0.000169979 0.000807967 0.00311066 0.00970024 0.0245022 0.0501358 0.0831097 0.111626 0.121504 0.107251 0.0769398 0.0452374 0.0225793 0.0110087 0.00742155 0.00813255 0.0108541 0.0145125 0.0185497 0.0225036 0.0258982 0.0282899 0.0293585 0.0289812 0.0272605 0.0244906 0.0210806 0.0174567 0.0139788 0.01089 0.00830765 0.00624441 0.00464647 0.00343077
 1.01464e-16 2.05502e-05 0.000120567 0.000573027 0.00220602 0.00687914 0.0173765 0.0355574 0.0589505 0.0791998 0.0862663 0.0762862 0.0550295 0.0329657 0.0175871 0.0104519 0.00946692 0.0120953 0.0167222 0.0224895 0.0287835 0.0349504 0.0402666 0.0440475 0.0457957 0.0453168 0.0427617 0.0385769 0.0333853 0.0278384 0.0224867 0.0177041 0.0136732 0.0104183 0.00786316 0.00588755
 1.02062e-16 2.52236e-05 0.000148018 0.000703559 0.00270865 0.00844661 0.0213356 0.0436569 0.0723715 0.0972087 0.105824 0.0934435 0.0671063 0.0396008 0.0200371 0.0102232 0.00748786 0.00865032 0.0117354 0.0158054 0.0203461 0.0249007 0.02898 0.0321141 0.0339456 0.0343066 0.0332495 0.0310184 0.0279776 0.0245193 0.0209854 0.0176209 0.0145652 0.0118714 0.00953861 0.00754171
 1.01527e-16 2.68582e-05 0.000157614 0.000749181 0.00288431 0.00899438 0.0227193 0.046488 0.077064 0.10351 0.112679 0.0994843 0.0714185 0.0420928 0.0211991 0.0106511 0.00759072 0.00861725 0.0116162 0.0155831 0.0199732 0.0243126 0.0281029 0.0308741 0.0322811 0.0321813 0.0306643 0.0280186 0.0246525 0.0209949 0.0174096 0.0141454 0.011327 0.00897796 0.00705829 0.00550161
 1.01818e-16 2.21453e-05 0.000129937 0.000617583 0.0023776 0.00741419 0.018728 0.0383221 0.0635316 0.0853466 0.0929409 0.0821397 0.0591455 0.0352183 0.0184017 0.0103375 0.00873418 0.0108343 0.0149006 0.0200501 0.0257073 0.0312914 0.0361655 0.0397244 0.0415224 0.0413752 0.0393972 0.03596 0.0315903 0.0268421 0.0221871 0.0179492 0.0142927 0.0112508 0.00877416 0.00677762
 1.02198e-16 2.39826e-05 0.000140729 0.000668903 0.00257521 0.00803047 0.0202846 0.0415065 0.0688079 0.0924259 0.100627 0.0888779 0.0638783 0.0377981 0.0193137 0.0101625 0.00782272 0.00928312 0.0126668 0.0170659 0.0219548 0.0268447 0.031206 0.0345307 0.0364349 0.0367422 0.0355172 0.0330331 0.0296925 0.0259264 0.0221082 0.0185022 0.0152547 0.0124159 0.00997625 0.00789987
 1.02829e-16 1.40954e-05 8.26641e-05 0.000392813 0.00151213 0.00471522 0.0119108 0.0243747 0.0404177 0.0543219 0.0592239 0.0525033 0.0381588 0.0234309 0.0135423 0.0096661 0.0104731 0.0143027 0.020064 0.0270897 0.0347681 0.0423579 0.0490102 0.0539115 0.0564601 0.0564026 0.053886 0.0494006 0.0436445 0.037353 0.0311519 0.0254711 0.0205298 0.0163747 0.0129453 0.0101359
pSPR Fmed_Fpbrs
0.327997   0.40009 0.40009
Fs Fmed_Fpbrs
1.43529   1.005 1.005
SSBpbr Bo_Bmed_Bpbrs
899336  250013  314849 314849
Ro
18033.7
SPR SPRFo_SPRFmed_SPRFpbrs
371019 121693 148441
log_Ro
9.62
likeval ReclasPelacesDesembMPH_pf_preclas_ppelaces_ptallas_desvR_qrecl_qpela
 68.233 13.0424 0.228502 0.000161 344.138 171.092 87.1906 0 34.6909 0.000193037 0.000724911 0 0 0 0
q_reclas_q_pelaces
7.16211 46.0855
M
0.7
N
 9123.45 42769.4 16855.3 2215.91 0.118806
 12714.2 4463.06 18293.4 6960.86 914.323
 1683.45 6155.81 1722.99 6656.56 2861.13
 4509.09 746.555 992.538 213.281 1169.91
 38853 2042.07 148.32 159.001 220.303
 12440.3 18796.9 782.313 53.4604 136.494
 64654.4 5366.14 2300.96 68.9129 16.5858
 55916.6 27799.9 636.365 194.9 7.17774
 59652.7 24156.2 3454.55 57.1064 17.9789
 111192 24938 2165.91 207.172 4.4551
 68987.9 48911.1 3708.98 242.661 23.5332
 50735.4 29117.2 4822.08 250.087 17.7694
 55024.8 21806.2 3439.09 406.421 22.3753
 29632.2 21625.6 1057.99 96.6055 11.8723
 12099.7 9851 198.637 3.8053 0.380601
 8849.29 4039.93 94.4733 0.753539 0.0154946
 7187.73 3610.08 284.017 4.19548 0.0337402
 8733.45 2945.97 265.859 13.3573 0.196559
 7124.4 3751.54 346.01 22.253 1.12439
 8126.97 3200.78 688.341 50.2435 3.37366
 14728.8 3501.57 387.388 59.7904 4.61661
 17996.3 6749.7 782.468 71.7568 11.8712
 24847.3 8235.69 1487.68 142.495 15.1527
 9376.88 11155.4 1500.73 214.194 22.5569
pred_Ctot
 97.8566 4302.33 2062.69 272.43 0.0146078
 228.951 724.835 3579.14 1367.86 179.688
 130.348 3182.71 1003.87 3888.66 1671.52
 286.934 339.114 514.933 110.983 608.812
 720.773 340.672 29.7874 32.0715 44.4406
 1184.87 10998.2 507.844 34.7833 88.8121
 6288.87 3176.91 1508.86 45.291 10.9011
 5272.05 16173.1 411.068 126.188 4.64745
 6852 15607.5 2439.55 40.405 12.7213
 9195.16 13431 1308.21 125.45 2.69787
 7515.63 30767.9 2561.05 167.896 16.2832
 4948.02 17263.5 3166.07 164.568 11.6936
 8365.18 15948.3 2687.52 318.046 17.5104
 7207.87 18229 923.063 84.345 10.3657
 2916.54 8286.85 173.034 3.31722 0.331789
 1148.85 2765.64 69.9861 0.559166 0.0114982
 912.797 2446.79 208.683 3.08797 0.0248345
 854.851 1750.19 174.86 8.8049 0.129574
 491.014 1798.64 188.471 12.1559 0.614242
 779.947 1880.8 448.482 32.8099 2.20316
 821.178 1448.93 184.597 28.5825 2.2071
 1020.03 2826.35 376.941 34.6776 5.73733
 1723.8 3965.85 813.528 78.145 8.31032
 865.023 6409.74 959.068 137.205 14.4498
F
 0.0150135 0.149285 0.184363 0.185289 0.185309
 0.0253208 0.251774 0.310934 0.312496 0.31253
 0.113129 1.12489 1.3892 1.39618 1.39633
 0.0921313 0.916096 1.13135 1.13704 1.13716
 0.0260942 0.259464 0.320432 0.322041 0.322076
 0.140834 1.40036 1.72941 1.7381 1.73829
 0.144025 1.43209 1.76859 1.77748 1.77767
 0.139323 1.38534 1.71085 1.71945 1.71963
 0.172145 1.7117 2.1139 2.12452 2.12475
 0.12125 1.20564 1.48893 1.49641 1.49657
 0.162601 1.6168 1.9967 2.00673 2.00695
 0.14443 1.43612 1.77357 1.78248 1.78267
 0.233907 2.32582 2.87233 2.88676 2.88707
 0.401288 3.99016 4.92773 4.95249 4.95302
 0.396949 3.94701 4.87445 4.89894 4.89946
 0.196608 1.95495 2.41431 2.42644 2.4267
 0.191939 1.90852 2.35697 2.36881 2.36906
 0.144993 1.44172 1.78049 1.78943 1.78963
 0.100131 0.995638 1.22959 1.23576 1.2359
 0.141976 1.41172 1.74344 1.7522 1.75239
 0.0803062 0.798515 0.986144 0.991098 0.991204
 0.0816905 0.812279 1.00314 1.00818 1.00829
 0.100823 1.00252 1.23809 1.24431 1.24444
 0.13613 1.35359 1.67165 1.68005 1.68023
nmprior
 10 10 8 0
nm_flota  nm_reclas  nm_pelaces    nm_pelaL
inf 17.2035 8.30033 12.674
cv_recla  cv_pelaces  cv_mph
0.764758 0.424955 0.411672
 ------------------------------------------------
Talla a la edad & desviación 
 7.2 14.2025 17.0495 18.207 18.6776
 1.08 2.13037 2.55742 2.73105 2.80164
