years
 1997 1998 1999 2000 2001 2002 2003 2004 2005 2006 2007 2008 2009 2010 2011 2012 2013 2014 2015 2016 2017 2018 2019 2020
reclasobs
 0 0 0 370054 412103 1.49427e+06 250295 1.28982e+06 931140 785840 897777 1.04006e+06 184774 17550 25797 100020 73551 82996 120727 218422 84188 347160 605670 569463
reclaspred
 621769 149357 362883 220632 348118 426496 915948 644781 732819 792699 696216 486075 299734 123028 70746.6 65907.4 78786.1 104813 112216 149079 227592 217547 365876 417017
pelacesobs
 0 0 0 0 0 0 0 0 0 2.06254e+06 1.5e+06 0 1.87456e+06 323000 250000 174000 83755 137374 0 501740 490994 745055 786931 1.00524e+06
pelacespred
 2.27471e+06 592942 711466 770383 1.06111e+06 1.03027e+06 2.54921e+06 2.11785e+06 2.16286e+06 2.39514e+06 1.82939e+06 1.33327e+06 791890 248287 144710 150742 190449 267016 291906 377287 671958 631849 813561 1.093e+06
mphobs
 0 0 0 0 0 112323 0 153150 637223 0 255016 313432 73983 77613 109348 50772 0 0 0 0 0 0 0 0
mphpred
 227536 119837 123950 109834 117792 200216 274385 345604 303543 330794 365976 257595 162860 85043.4 36253.6 28092.6 30653.3 40125.6 49503.1 55270.9 82732.7 103233 127932 171988
desembarqueobs
 350755 77701 442110 56441 14545 235359 269955 359681 431902 328805 639364 411747 362871 311530 167758 66681 60226 58785 57116 71774 51957 67425 138520 160799
desembarquepred
 350752 77693.6 442019 56441.9 14545.1 235415 269998 359598 431871 328769 639116 411663 362815 311486 167520 66669.8 60247.8 58768.4 57093.9 71765.2 51957.9 67409.3 138513 160800
Reclutas
 35191.4 44662.2 19582.4 28520.4 55352.5 37017.9 72107 72946.5 94147.5 119657 67445.9 47457.3 47921.7 26254 14340.9 12489.8 9647.01 10744.4 11369.8 17810.2 23983.1 30477.4 45981.3 46307.7
log_desv_Rt
 0.068556 0.306882 -0.517614 -0.141627 0.521476 0.119156 0.785907 0.797482 1.05262 1.29238 0.719081 0.367586 0.377324 -0.224428 -0.829129 -0.967336 -1.2256 -1.11786 -1.06128 -0.612472 -0.314897 -0.0752603 0.33599 0.343063
SSB
 524323 276146 285624 253095 271435 461369 632278 796394 699469 762265 843336 593589 375287 195970 83540.9 64735.3 70635.9 92463.4 114072 127364 190645 237884 294801 396320
BT
 1.59506e+06 409206 626764 441394 561062 653442 1.59332e+06 1.47716e+06 1.56729e+06 1.57043e+06 1.48021e+06 1.03852e+06 773199 424368 221445 135226 149869 187019 190166 253230 392204 358511 488842 663305
Ftot
 0.604233 0.602992 1.09532 0.275173 0.0511397 0.486404 0.334339 0.61117 0.686257 0.483971 0.862413 0.798769 1.26389 2.33943 2.55826 1.10832 0.85218 0.616138 0.503421 0.534603 0.251603 0.30699 0.371121 0.385305
BD_Bspro_t
 0.925459 0.664984 0.571788 0.367343 0.510811 0.693814 0.628224 0.649071 0.582172 0.555987 0.548973 0.390593 0.29076 0.195183 0.104563 0.100313 0.14733 0.244105 0.337975 0.421684 0.550863 0.66569 0.675999 0.67208
BD_Bspro
 0.775579 0.408475 0.422495 0.374378 0.401507 0.682457 0.935267 1.17803 1.03465 1.12754 1.24746 0.878038 0.555125 0.289879 0.123574 0.0957565 0.104485 0.136772 0.168736 0.188396 0.282002 0.351878 0.436069 0.586237
BD_Bo
 0.627505 0.330489 0.341832 0.302902 0.324851 0.552162 0.756705 0.953117 0.837118 0.912273 1.0093 0.710403 0.44914 0.234535 0.099981 0.0774746 0.0845365 0.110659 0.136521 0.152428 0.228162 0.284697 0.352815 0.474312
BD_Brms
 2.10239 1.10727 1.14527 1.01484 1.08838 1.84996 2.53526 3.19331 2.80467 3.05647 3.38154 2.38012 1.50479 0.785783 0.334975 0.25957 0.28323 0.370752 0.457398 0.510691 0.764432 0.953846 1.18207 1.58913
S_f
 0.150737 1 1 1 1
 0.150737 1 1 1 1
 0.150737 1 1 1 1
 0.150737 1 1 1 1
 0.150737 1 1 1 1
 0.150737 1 1 1 1
 0.150737 1 1 1 1
 0.150737 1 1 1 1
 0.150737 1 1 1 1
 0.150737 1 1 1 1
 0.150737 1 1 1 1
 0.150737 1 1 1 1
 0.150737 1 1 1 1
 0.150737 1 1 1 1
 0.150737 1 1 1 1
 0.150737 1 1 1 1
 0.150737 1 1 1 1
 0.150737 1 1 1 1
 0.150737 1 1 1 1
 0.150737 1 1 1 1
 0.150737 1 1 1 1
 0.150737 1 1 1 1
 0.150737 1 1 1 1
 0.150737 1 1 1 1
Scru_reclas
 0.650086 0.950384 0.994962 0.999509 0.999952
 0.650086 0.950384 0.994962 0.999509 0.999952
 0.650086 0.950384 0.994962 0.999509 0.999952
 0.650086 0.950384 0.994962 0.999509 0.999952
 0.650086 0.950384 0.994962 0.999509 0.999952
 0.650086 0.950384 0.994962 0.999509 0.999952
 0.650086 0.950384 0.994962 0.999509 0.999952
 0.650086 0.950384 0.994962 0.999509 0.999952
 0.650086 0.950384 0.994962 0.999509 0.999952
 0.650086 0.950384 0.994962 0.999509 0.999952
 0.650086 0.950384 0.994962 0.999509 0.999952
 0.650086 0.950384 0.994962 0.999509 0.999952
 0.650086 0.950384 0.994962 0.999509 0.999952
 0.650086 0.950384 0.994962 0.999509 0.999952
 0.650086 0.950384 0.994962 0.999509 0.999952
 0.650086 0.950384 0.994962 0.999509 0.999952
 0.650086 0.950384 0.994962 0.999509 0.999952
 0.650086 0.950384 0.994962 0.999509 0.999952
 0.650086 0.950384 0.994962 0.999509 0.999952
 0.650086 0.950384 0.994962 0.999509 0.999952
 0.650086 0.950384 0.994962 0.999509 0.999952
 0.650086 0.950384 0.994962 0.999509 0.999952
 0.650086 0.950384 0.994962 0.999509 0.999952
 0.650086 0.950384 0.994962 0.999509 0.999952
Scru_pelaces
 0.633599 1 1 1 1
 0.633599 1 1 1 1
 0.633599 1 1 1 1
 0.633599 1 1 1 1
 0.633599 1 1 1 1
 0.633599 1 1 1 1
 0.633599 1 1 1 1
 0.633599 1 1 1 1
 0.633599 1 1 1 1
 0.633599 1 1 1 1
 0.633599 1 1 1 1
 0.633599 1 1 1 1
 0.633599 1 1 1 1
 0.633599 1 1 1 1
 0.633599 1 1 1 1
 0.633599 1 1 1 1
 0.633599 1 1 1 1
 0.633599 1 1 1 1
 0.633599 1 1 1 1
 0.633599 1 1 1 1
 0.633599 1 1 1 1
 0.633599 1 1 1 1
 0.633599 1 1 1 1
 0.633599 1 1 1 1
pf_obs 
 0.256992 0.487395 0.22802 0.0275931 0
 0.321318 0.546541 0.124235 0.00734118 0.000564706
 0.182869 0.594174 0.210203 0.0122559 0.00049798
 0.330522 0.361315 0.267642 0.0388342 0.00168674
 0.649043 0.306663 0.0425973 0.00169635 0
 0.582887 0.30429 0.105238 0.00758474 0
 0.465427 0.430635 0.0974691 0.00646863 0
 0.296916 0.608066 0.0921331 0.00288517 0
 0.311714 0.524322 0.152257 0.0117073 0
 0.15457 0.633149 0.183074 0.0267441 0.00246327
 0.131901 0.49318 0.331252 0.0422183 0.00144891
 0.196976 0.569456 0.194076 0.0375587 0.00193317
 0.518974 0.381816 0.0799577 0.0180837 0.00116848
 0.0928022 0.601141 0.25162 0.0475244 0.00691264
 0.122501 0.610282 0.24278 0.0234846 0.000952079
 0.383417 0.481906 0.127806 0.00687128 0
 0.0376549 0.599619 0.316969 0.0457579 0
 0.0361596 0.667082 0.258105 0.0386534 0
 0.158088 0.579412 0.248529 0.0139706 0
 0.0477256 0.309471 0.559284 0.082774 0.000745712
 0.0406174 0.521527 0.379366 0.0568643 0.0016247
 0.151134 0.462217 0.34131 0.0453401 0
 0.294876 0.26143 0.354403 0.0886775 0.000613685
 0.281977 0.475581 0.204845 0.0348837 0.00271318
pf_pred 
 0.270665 0.509887 0.195748 0.0236909 8.90404e-06
 0.286277 0.548705 0.115366 0.0442898 0.0053623
 0.141095 0.671841 0.143813 0.0302371 0.0130136
 0.274778 0.476637 0.194444 0.0416225 0.0125176
 0.317066 0.506564 0.115916 0.0472879 0.0131666
 0.155943 0.640957 0.150649 0.0344725 0.0179787
 0.304299 0.423699 0.206552 0.0485472 0.0169027
 0.236459 0.59059 0.105331 0.0513486 0.0162708
 0.2865 0.524982 0.145816 0.0260062 0.0166952
 0.28648 0.563483 0.110395 0.0306627 0.00897938
 0.160212 0.648097 0.151383 0.0296582 0.0106501
 0.174972 0.546305 0.215101 0.0502436 0.0133782
 0.261731 0.500551 0.157408 0.0619778 0.0183315
 0.245637 0.618419 0.0921709 0.028985 0.0147881
 0.302351 0.619953 0.0636941 0.00949315 0.00450841
 0.341984 0.608215 0.0442546 0.00454673 0.000999485
 0.241746 0.651612 0.0985709 0.00717216 0.000898852
 0.267523 0.560433 0.147847 0.0223652 0.00183127
 0.24437 0.579606 0.134679 0.0355297 0.00581474
 0.31258 0.504134 0.14059 0.032668 0.0100285
 0.279128 0.574647 0.107237 0.0299057 0.00908224
 0.249879 0.557842 0.153276 0.0286035 0.0103993
 0.28294 0.515944 0.149563 0.0410949 0.0104571
 0.219771 0.591671 0.135673 0.0393293 0.0135561
pobs_RECLAS
 0 0 0 0 0
 0 0 0 0 0
 0 0 0 0 0
 0 0 0 0 0
 0.835266 0.146461 0.0176864 0.000547809 3.91292e-05
 0.385257 0.428462 0.181853 0.0044286 0
 0.867414 0.0963971 0.0333333 0.00285562 0
 0.441836 0.489002 0.0689373 0.000224442 0
 0.779404 0.147425 0.0564933 0.0165055 0.000172143
 0.814271 0.122319 0.05973 0.00367925 0
 0.40263 0.566651 0.0304383 0.000280538 0
 0.475488 0.404961 0.113038 0.00651328 0
 0.955842 0.0263864 0.0167828 0.000988607 0
 0.975058 0.0227948 0.00214734 0 0
 0.738997 0.206755 0.0527124 0.00153531 0
 0.850938 0.134255 0.0134407 0.00136685 0
 0.542534 0.407297 0.0501686 0 0
 0.764087 0.199537 0.0359546 0.000420521 0
 0.470689 0.182191 0.310203 0.0369168 0
 0.84361 0.089868 0.0606195 0.00523954 0.000663233
 0.607945 0.314616 0.071237 0.00620181 0
 0.523733 0.453247 0.0230204 0 0
 0.530135 0.295979 0.169645 0.0042399 0
 0.562478 0.366248 0.0663022 0.0049721 0
ppred_RECLAS
 0.634367 0.252023 0.101291 0.012315 4.63055e-06
 0.652861 0.263926 0.058094 0.0224045 0.00271379
 0.449101 0.426455 0.095568 0.0201852 0.00869129
 0.632312 0.237746 0.101538 0.0218344 0.00656944
 0.675972 0.237369 0.0568643 0.0233038 0.00649148
 0.461423 0.404295 0.0994815 0.0228681 0.0119319
 0.665468 0.199979 0.102061 0.0240979 0.00839387
 0.592399 0.311827 0.0582226 0.028513 0.00903891
 0.654636 0.250929 0.072966 0.0130729 0.00839611
 0.650855 0.272961 0.0559856 0.0156213 0.00457664
 0.479039 0.397694 0.097251 0.01914 0.0068761
 0.502398 0.324235 0.133652 0.0313612 0.00835416
 0.641748 0.239158 0.0787356 0.031143 0.00921542
 0.667075 0.270564 0.042217 0.0133367 0.00680735
 0.737131 0.232357 0.0249921 0.00374192 0.00177787
 0.72232 0.255746 0.0194813 0.00201066 0.000442189
 0.606521 0.335907 0.0531968 0.00388837 0.000487526
 0.631631 0.278731 0.0769809 0.0116983 0.000958285
 0.6004 0.303121 0.073738 0.0195417 0.00319958
 0.678984 0.232446 0.0678636 0.0158411 0.00486513
 0.638486 0.285392 0.0557563 0.01562 0.00474584
 0.603435 0.291337 0.083804 0.0157105 0.00571435
 0.644002 0.252737 0.0767006 0.021171 0.00538959
 0.564299 0.326594 0.0784022 0.0228314 0.00787306
pobs_PELACES
 0 0 0 0 0
 0 0 0 0 0
 0 0 0 0 0
 0 0 0 0 0
 0 0 0 0 0
 0 0 0 0 0
 0 0 0 0 0
 0 0 0 0 0
 0 0 0 0 0
 0 0 0 0 0
 0.450072 0.473896 0.0757376 0.000293798 0
 0 0 0 0 0
 0.463077 0.371075 0.160297 0.00555027 0
 0.529543 0.364841 0.0842815 0.0213345 0
 0.631943 0.363953 0.00410389 0 0
 0.735681 0.248677 0.0153453 0.000297389 0
 0.695825 0.281241 0.0229344 0 0
 0.275771 0.60734 0.115278 0.00161068 0
 0 0 0 0 0
 0.896147 0.0623911 0.0374545 0.00400742 0
 0.803859 0.145111 0.0509908 3.86294e-05 0
 0.739449 0.233085 0.0266225 0.000797448 4.60066e-05
 0.878498 0.100942 0.0204185 0.000141795 0
 0.694673 0.275183 0.0284847 0.00165964 0
ppred_PELACES
 0.658795 0.238541 0.091577 0.0110834 4.16558e-06
 0.67594 0.249135 0.0523812 0.0201094 0.00243471
 0.509124 0.383967 0.0821914 0.0172809 0.00743746
 0.636221 0.239087 0.0975355 0.0208783 0.00627898
 0.664975 0.248504 0.0568645 0.0231979 0.00645911
 0.479175 0.395502 0.0929576 0.0212713 0.0110938
 0.673379 0.19892 0.0969729 0.0227922 0.00793556
 0.617653 0.295741 0.0527452 0.0257131 0.0081477
 0.683053 0.233204 0.0647736 0.0115523 0.00741623
 0.666399 0.263453 0.0516143 0.0143361 0.00419824
 0.523011 0.368111 0.0859837 0.0168455 0.00604911
 0.543134 0.302521 0.119114 0.0278228 0.00740828
 0.706016 0.199323 0.0626812 0.02468 0.00729976
 0.782918 0.177962 0.0265239 0.00834098 0.00425554
 0.842482 0.139976 0.0143811 0.00214341 0.00101793
 0.767388 0.215007 0.0156442 0.00160729 0.000353323
 0.64602 0.304196 0.0460165 0.00334822 0.000419617
 0.656207 0.263043 0.0693932 0.0104973 0.00085952
 0.618402 0.292704 0.0680139 0.0179427 0.00293648
 0.697429 0.221897 0.0618812 0.014379 0.00441411
 0.639332 0.287508 0.0536532 0.0149625 0.00454404
 0.608607 0.291067 0.0799753 0.0149245 0.00542607
 0.653311 0.249452 0.072312 0.0198689 0.00505585
 0.574842 0.32241 0.07393 0.0214311 0.00738692
pobs_pel_tallas
 0 0 0 0 0 0 0 0 0 0 0 0 0 0 0 0 0 0 0 0 0 0 0 0 0 0 0 0 0 0 0 0 0 0 0 0
 0 0 0 0 0 0 0 0 0 0 0 0 0 0 0 0 0 0 0 0 0 0 0 0 0 0 0 0 0 0 0 0 0 0 0 0
 0 0 0 0 0 0 0 0 0 0 0 0 0 0 0 0 0 0 0 0 0 0 0 0 0 0 0 0 0 0 0 0 0 0 0 0
 0 0 0 0 0 0 0 0 0 0 0 0 0 0 0 0 0 0 0 0 0 0 0 0 0 0 0 0 0 0 0 0 0 0 0 0
 0 0 0 0 0 0 0 0 0 0 0 0 0 0 0 0 0 0 0 0 0 0 0 0 0 0 0 0 0 0 0 0 0 0 0 0
 0 0 0 0 0 0 0 0 0 0 0 0 0 0 0 0 0 0 0 0 0 0 0 0 0 0 0 0 0 0 0 0 0 0 0 0
 0 0 0 0 0 0 0 0 0 0 0 0 0 0 0 0 0 0 0 0 0 0 0 0 0 0 0 0 0 0 0 0 0 0 0 0
 0 0 0 0 0 0 0 0 0 0 0 0 0 0 0 0 0 0 0 0 0 0 0 0 0 0 0 0 0 0 0 0 0 0 0 0
 0 0 0 0 0 0 0 0 0 0 0 0 0 0 0 0 0 0 0 0 0 0 0 0 0 0 0 0 0 0 0 0 0 0 0 0
 0 0 0 0 0 0 0 0 0 0 0 0 0 0 0 0 0 0 0 0 0 0 0 0 0 0 0 0 0 0 0 0 0 0 0 0
 0 0 0 0 0 0 0 0 1.78061e-05 0.00172719 0.00360574 0.0105946 0.0120993 0.0124554 0.0147524 0.0171206 0.0266825 0.0428682 0.0675386 0.121331 0.153587 0.119568 0.100827 0.0573624 0.0630603 0.0341343 0.0324427 0.0444173 0.0211091 0.0280891 0.0125444 0.00206551 0 0 0 0
 0 0 0 0 0 0 0 0 0 0 0 0 0 0 0 0 0 0 0 0 0 0 0 0 0 0 0 0 0 0 0 0 0 0 0 0
 0 0 0 0 0 0 0.0133647 0.0140871 0.0187388 0.0205184 0.03894 0.0496705 0.03968 0.0493445 0.0407372 0.0367815 0.0215668 0.0243155 0.0234873 0.0199281 0.019796 0.0243948 0.0301388 0.0376714 0.0412746 0.0863199 0.0771752 0.113111 0.0741005 0.0525337 0.0229764 0.00759418 0.00175318 0 0 0
 0 0 0 0 0 0 0 0 0 0 0.00219441 0.00772107 0.0458388 0.0604681 0.0671733 0.0775358 0.0609151 0.0617685 0.073594 0.0568108 0.0755445 0.0548602 0.0670107 0.0636378 0.0643287 0.046367 0.0373049 0.0286899 0.0247887 0.0153202 0.00654259 0.00121912 0.000365735 0 0 0
 0 0 0 0 0 0 0 0 0 0 0 0 0.000112435 0.00938835 0.0111873 0.0202946 0.0414886 0.0713402 0.111592 0.104902 0.108894 0.110636 0.117776 0.105296 0.107544 0.0401394 0.0192827 0.0124803 0.00416011 0.0028671 0.000618394 0 0 0 0 0
 0 0 0 0 0 0 0 0 0 0 0.00291406 0.0102884 0.027416 0.0768956 0.0749926 0.110853 0.0956884 0.0897413 0.0766577 0.0534642 0.0500743 0.0551293 0.0594112 0.0620874 0.0668451 0.0424026 0.0208742 0.0120726 0.0048766 0.00582813 0.00118941 0.000297354 0 0 0 0
 0 0.00264628 0.0354308 0.0461629 0.0458689 0.0383711 0.0214643 0.0164657 0.0346957 0.0420465 0.0363128 0.0245516 0.0311673 0.0291091 0.0169068 0.0133784 0.00837989 0.0085269 0.0148486 0.0160247 0.0276389 0.0546898 0.0760071 0.122758 0.109233 0.0665981 0.0333725 0.0166128 0.00676272 0.00308733 0.000882094 0 0 0 0 0
 0 0 0 0 0 0 0 0.000805153 0.000690131 0.00759144 0.0133425 0.0154129 0.00931677 0.000345066 0.00356568 0.00563607 0.00851162 0.0253048 0.0502646 0.0516448 0.0657925 0.0565908 0.0611916 0.0827007 0.0866115 0.110766 0.145733 0.0935128 0.0569358 0.0249597 0.0138026 0.00621118 0.00161031 0.00115022 0 0
 0 0 0 0 0 0 0 0 0 0 0 0 0 0 0 0 0 0 0 0 0 0 0 0 0 0 0 0 0 0 0 0 0 0 0 0
 0.00147267 0.00158595 0.00478618 0.00569244 0.00954404 0.0108468 0.00647125 0.017049 0.0510054 0.094081 0.124002 0.0959785 0.0687766 0.0820023 0.061753 0.0591476 0.0492212 0.0479892 0.0443925 0.0268479 0.0217502 0.0140895 0.0121071 0.0120363 0.00920419 0.00665534 0.0049561 0.00860946 0.00930331 0.0156896 0.0114698 0.00855282 0.00243557 0.00046729 0 2.83206e-05
 0 0 0 0 0.000772559 0.00158375 0.000888443 0.00281984 0.00712685 0.0440552 0.0773331 0.111326 0.0921469 0.0852325 0.0710754 0.0886704 0.0786465 0.0553345 0.0373146 0.0185414 0.00753245 0.00457741 0.012979 0.0271748 0.0457355 0.0583668 0.034881 0.0177882 0.00938659 0.00492506 0.0015258 0.00185414 0.000309023 5.79419e-05 3.86279e-05 0
 0 0.00173294 0.00326652 0 0.00397197 0.00683976 0.00946217 0.0152591 0.00757587 0.0136028 0.0228656 0.0392903 0.0559909 0.0764795 0.0681675 0.0726916 0.0566044 0.0477403 0.0527397 0.0444891 0.0609904 0.0582453 0.0661739 0.0445044 0.0529084 0.0360697 0.0280645 0.0235558 0.0158879 0.00826598 0.00280645 0.00217768 0.000904811 0.00058276 9.20147e-05 0
 0 0 0 0 0 0 0 0 0 0 0 0 0 0 0 0 0 0 0 0 0 0 0 0 0 0 0 0 0 0 0 0 0 0 0 0
 0 0 0 0 0 0 0 0 0 0 0 0 0 0 0 0 0 0 0 0 0 0 0 0 0 0 0 0 0 0 0 0 0 0 0 0
ppred_pel_tallas
 1.01759e-16 2.87491e-05 0.000168721 0.000801998 0.00308769 0.00962864 0.0243213 0.0497653 0.0824942 0.110796 0.12059 0.106421 0.0762929 0.0447543 0.0221495 0.0104908 0.00668441 0.00706867 0.0093856 0.0126043 0.0162294 0.0198785 0.0231602 0.0257006 0.0272143 0.0275651 0.0267904 0.025079 0.0227145 0.0200038 0.0172146 0.0145401 0.0120913 0.00991308 0.00800878 0.00636332
 1.0163e-16 2.9497e-05 0.000173111 0.000822868 0.00316804 0.00987921 0.0249542 0.0510604 0.0846411 0.113679 0.123728 0.10919 0.0782781 0.0459181 0.0227229 0.0107556 0.0068386 0.00720964 0.00954423 0.0127747 0.0163815 0.0199623 0.0231091 0.0254396 0.0266723 0.0266894 0.0255606 0.0235158 0.0208807 0.017997 0.0151531 0.0125445 0.010268 0.00834042 0.00673037 0.00538792
 1.02234e-16 2.22285e-05 0.000130427 0.000619912 0.00238657 0.00744217 0.0187986 0.0384666 0.0637708 0.085667 0.0932874 0.0824399 0.0593488 0.0353136 0.0184042 0.0102644 0.00858966 0.0106095 0.0145809 0.0196232 0.0251701 0.0306551 0.0354582 0.0389903 0.0408177 0.0407604 0.0389288 0.0356823 0.0315293 0.0270037 0.0225573 0.0184977 0.014978 0.0120254 0.00958977 0.00758977
 1.02474e-16 2.77647e-05 0.000162942 0.000774524 0.00298191 0.00929876 0.023488 0.0480604 0.0796685 0.107002 0.116463 0.102785 0.0736996 0.0432602 0.0214608 0.0102507 0.00664823 0.00712321 0.0094994 0.0127826 0.0164915 0.02025 0.0236694 0.0263761 0.0280825 0.0286463 0.0280951 0.0266052 0.0244448 0.021905 0.0192394 0.0166297 0.0141814 0.011939 0.00991199 0.00809619
 1.01988e-16 2.90188e-05 0.000170304 0.000809522 0.00311666 0.00971898 0.0245495 0.0502322 0.0832684 0.111836 0.121723 0.107423 0.077017 0.0451896 0.0223836 0.0106311 0.0068088 0.00721818 0.00957474 0.0128292 0.0164701 0.0200992 0.0233114 0.0257257 0.0270597 0.0271923 0.0261874 0.0242666 0.0217462 0.0189582 0.0161828 0.0136097 0.0113331 0.00937062 0.00769506 0.00626301
 1.02698e-16 2.09231e-05 0.000122762 0.00058347 0.00224625 0.00700459 0.0176934 0.0362053 0.060023 0.0806356 0.087817 0.0776263 0.0559282 0.0333684 0.017556 0.010055 0.00871368 0.010938 0.0150917 0.0203361 0.0261113 0.0318413 0.03689 0.0406503 0.0426726 0.0427655 0.0410342 0.037838 0.0336889 0.0291258 0.0246052 0.0204388 0.0167832 0.0136701 0.0110551 0.00886407
 1.02596e-16 2.93834e-05 0.000172449 0.000819728 0.00315597 0.00984157 0.0248591 0.0508654 0.0843165 0.113239 0.123239 0.108734 0.0778986 0.0455896 0.0223652 0.0102643 0.00610792 0.00614358 0.00806769 0.0108511 0.0140348 0.017295 0.0203076 0.0227601 0.024407 0.0251193 0.0249049 0.0238917 0.0222841 0.0203069 0.0181583 0.0159832 0.0138705 0.0118658 0.00999077 0.00825929
 1.0211e-16 2.69572e-05 0.000158197 0.000751952 0.00289499 0.00902768 0.0228034 0.04666 0.0773487 0.103891 0.113091 0.0998423 0.0716619 0.0422087 0.0212065 0.0105712 0.00742945 0.00836468 0.0112549 0.0150974 0.0193569 0.023575 0.0272723 0.0299978 0.0314214 0.0314085 0.0300474 0.027616 0.0245047 0.0211202 0.017803 0.0147804 0.0121598 0.00995289 0.00811435 0.00657834
 1.0174e-16 2.98066e-05 0.00017493 0.000831518 0.00320135 0.00998309 0.0252166 0.0515971 0.0855303 0.114872 0.125022 0.110322 0.0790685 0.0463389 0.022852 0.0106853 0.00662136 0.00685486 0.0090391 0.0121055 0.0155485 0.0189882 0.022042 0.0243493 0.0256412 0.025799 0.0248769 0.0230779 0.0206958 0.0180415 0.0153804 0.0128957 0.010683 0.00876725 0.00713024 0.0057369
 1.01508e-16 2.90815e-05 0.000170671 0.000811263 0.00312336 0.00973986 0.0246022 0.0503403 0.0834479 0.112078 0.12199 0.107666 0.077207 0.0453331 0.0225137 0.0107905 0.0070376 0.00755042 0.0100364 0.0134341 0.0172136 0.0209528 0.0242201 0.0266114 0.0278306 0.0277568 0.0264689 0.0242166 0.0213516 0.0182423 0.0151992 0.0124327 0.0100456 0.00805384 0.00641941 0.00508321
 1.02202e-16 2.28335e-05 0.00013398 0.000636806 0.00245162 0.00764503 0.019311 0.0395149 0.0655079 0.0879981 0.0958197 0.084663 0.0609171 0.0361823 0.018739 0.0102644 0.00838002 0.0102327 0.0140321 0.0188854 0.0242356 0.0295371 0.0341946 0.0376421 0.039461 0.0394743 0.0377823 0.0347235 0.0307796 0.0264579 0.0221895 0.0182696 0.0148478 0.0119554 0.0095505 0.00756135
 1.03092e-16 2.37083e-05 0.000139122 0.000661265 0.00254581 0.0079388 0.020053 0.0410325 0.0680215 0.091368 0.0994712 0.0878471 0.0631161 0.0373043 0.0189834 0.00986431 0.00744908 0.00875952 0.0119462 0.016127 0.0208087 0.0255419 0.02984 0.0332319 0.0353551 0.036032 0.0353008 0.0333873 0.0306344 0.0274124 0.0240431 0.0207564 0.0176838 0.014879 0.0123507 0.0100903
 1.02144e-16 3.08064e-05 0.000180803 0.000859447 0.0033089 0.0103185 0.0260637 0.0533301 0.0884017 0.118725 0.129205 0.113991 0.0816468 0.0477477 0.0233567 0.0106035 0.00614549 0.00603844 0.00785845 0.0105211 0.0135452 0.0165976 0.0193524 0.0215016 0.0228124 0.0231761 0.0226274 0.0213246 0.0195011 0.0174049 0.0152475 0.0131748 0.0112639 0.00953846 0.00799169 0.0066074
 1.00921e-16 3.41588e-05 0.000200487 0.000953029 0.00366922 0.0114421 0.0289019 0.0591372 0.0980262 0.131646 0.143256 0.126358 0.0904439 0.0527681 0.0255795 0.0112154 0.00594283 0.00536536 0.00678249 0.00899628 0.0114993 0.0139703 0.0161111 0.0176491 0.0183877 0.0182503 0.017297 0.0157041 0.0137164 0.0115886 0.00953381 0.00769412 0.00613598 0.00486429 0.00384609 0.00303361
 1.00372e-16 3.67545e-05 0.00021573 0.0010255 0.00394828 0.0123124 0.0311 0.0636343 0.105479 0.14165 0.154129 0.135919 0.0972209 0.0565884 0.0271811 0.0114898 0.00547338 0.00438254 0.00530744 0.00697681 0.00888809 0.0107623 0.0123592 0.0134638 0.0139237 0.0136836 0.0127981 0.0114151 0.00973748 0.00797509 0.00630355 0.00483965 0.00363682 0.00269628 0.00198612 0.00146039
 1.00364e-16 3.34831e-05 0.000196517 0.000934147 0.00359651 0.0112154 0.0283292 0.0579655 0.0960853 0.129043 0.140432 0.12389 0.0887242 0.0518602 0.025317 0.0114016 0.00646968 0.00622019 0.00800167 0.0106173 0.0135267 0.0163548 0.0187419 0.02036 0.0209775 0.0205137 0.0190586 0.0168465 0.0141965 0.0114377 0.00884475 0.00659931 0.00478277 0.00339361 0.00237722 0.0016562
 1.00888e-16 2.81946e-05 0.00016546 0.000786481 0.00302792 0.00944224 0.0238505 0.0488026 0.0809003 0.108661 0.118281 0.10442 0.0749371 0.044117 0.0221261 0.0109634 0.00761723 0.00850759 0.0114081 0.0152643 0.0195124 0.0236716 0.0272424 0.0297583 0.0308828 0.0304869 0.0286786 0.0257676 0.022184 0.0183764 0.0147227 0.0114786 0.00876666 0.00659997 0.00492147 0.00364353
 1.01472e-16 2.86371e-05 0.000168062 0.000798859 0.0030756 0.00959092 0.024226 0.0495706 0.0821722 0.110365 0.120126 0.106025 0.0760368 0.0446599 0.0222056 0.0106874 0.00703096 0.00759208 0.0101164 0.0135602 0.0174013 0.0212201 0.0245852 0.0270893 0.02843 0.0284765 0.0272954 0.0251239 0.0223025 0.0191922 0.0161016 0.0132452 0.0107354 0.00860115 0.00681927 0.00534422
 1.01815e-16 2.69899e-05 0.000158388 0.000752864 0.0028985 0.00903863 0.022831 0.0467165 0.0774424 0.104017 0.113227 0.0999612 0.0717445 0.0422518 0.0212182 0.0105613 0.0074039 0.0083258 0.0112039 0.0150373 0.0192938 0.0235187 0.0272356 0.0299937 0.0314603 0.031494 0.0301737 0.0277669 0.0246549 0.021239 0.01786 0.014751 0.0120303 0.00972257 0.00779521 0.00619269
 1.01652e-16 3.04329e-05 0.000178609 0.000849008 0.0032687 0.0101931 0.0257471 0.0526824 0.0873288 0.117286 0.127645 0.112628 0.0807003 0.0472539 0.0232261 0.0107309 0.00647561 0.00656958 0.00861597 0.0115299 0.0148096 0.0180887 0.0210024 0.0232073 0.0244473 0.0246087 0.0237422 0.0220401 0.0197807 0.0172589 0.0147266 0.0123579 0.0102441 0.00840968 0.00683839 0.00549819
 1.01582e-16 2.79023e-05 0.000163746 0.000778334 0.00299656 0.00934445 0.0236035 0.048297 0.0800618 0.107534 0.117051 0.103328 0.0741392 0.0436191 0.0218248 0.0107303 0.0073522 0.00814692 0.0109157 0.0146258 0.0187374 0.0227982 0.0263389 0.0289189 0.0302163 0.0301008 0.0286608 0.0261717 0.0230203 0.0196106 0.0162835 0.0132691 0.0106791 0.00852895 0.00677511 0.00535025
 1.01997e-16 2.65627e-05 0.000155881 0.000740942 0.00285259 0.00889548 0.0224694 0.0459767 0.0762161 0.10237 0.111436 0.0983823 0.0706169 0.0415992 0.0209121 0.0104454 0.00737053 0.00832471 0.0112213 0.0150769 0.0193678 0.0236445 0.0274334 0.0302849 0.0318632 0.0320209 0.0308271 0.0285373 0.0255208 0.0221686 0.018815 0.0156913 0.0129189 0.0105297 0.00850063 0.00678679
 1.02027e-16 2.85103e-05 0.000167319 0.000795328 0.00306201 0.00954854 0.024119 0.0493514 0.0818085 0.109876 0.119591 0.105546 0.0756798 0.0444228 0.0220372 0.0105232 0.00681656 0.0072878 0.00969542 0.0130094 0.016725 0.0204453 0.0237635 0.0262941 0.0277479 0.0279948 0.0270883 0.0252399 0.0227575 0.0199674 0.0171489 0.014495 0.0121077 0.0100156 0.00820357 0.00663974
 1.02237e-16 2.50917e-05 0.000147242 0.000699864 0.00269442 0.00840223 0.0212236 0.0434278 0.0719922 0.096701 0.105276 0.0929709 0.0667914 0.0394637 0.020057 0.0103771 0.00777288 0.00908209 0.0123342 0.0165805 0.0212828 0.0259529 0.0300686 0.0331353 0.0347868 0.0348677 0.0334638 0.0308682 0.0274979 0.0237912 0.0201193 0.0167349 0.0137642 0.0112322 0.00910189 0.00731288
pSPR Fmed_Fpbrs
0.480997   0.348473 0.348473
Fs Fmed_Fpbrs
0.574501   1.005 1.005
SSBpbr Bo_Bmed_Bpbrs
835568  360127  249394 249394
Ro
32859.6
SPR SPRFo_SPRFmed_SPRFpbrs
676041 325173 235582
log_Ro
10.22
likeval ReclasPelacesDesembMPH_pf_preclas_ppelaces_ptallas_desvR_qrecl_qpela
 65.1078 14.0252 0.0145589 0.000195775 286.58 162.83 80.6249 0 16.3355 2.13109e-06 0.000105087 0 0 0 0
q_reclas_q_pelaces
0.813131 4.29922
M
0.7
N
 35191.4 12360.5 4745.26 574.308 0.215849
 44662.2 15954.2 3354.4 1287.77 155.915
 19582.4 20251.6 4335.03 911.45 392.275
 28520.4 8244.33 3363.28 719.939 216.516
 55352.5 13587.4 3109.16 1268.38 353.162
 37017.9 27276.1 6410.9 1466.99 765.092
 72107 17083 8327.87 1957.36 681.493
 72946.5 34047.4 6072.33 2960.23 938.009
 94147.5 33036.1 9175.94 1636.52 1050.59
 119657 42157.7 8259.33 2294.07 671.804
 67445.9 55239.3 12902.8 2527.86 907.738
 47457.3 29409.8 11579.8 2704.82 720.203
 47921.7 20893.3 6570.3 2586.98 765.167
 26254 19669.2 2931.55 921.885 470.343
 14340.9 9163.05 941.414 140.311 66.6353
 12489.8 4842.8 352.369 36.2025 7.95821
 9647.01 5247.98 793.875 57.7635 7.23921
 10744.4 4213.08 1111.45 168.131 13.7666
 11369.8 4862.27 1129.82 298.056 48.7794
 17810.2 5233.5 1459.49 339.132 104.108
 23983.1 8159.54 1522.69 424.638 128.961
 30477.4 11466.4 3150.58 587.943 213.757
 45981.3 14450.2 4188.88 1150.96 292.874
 46307.7 21591.3 4950.99 1435.21 494.692
pred_Ctot
 2214.86 4172.41 1601.81 193.863 0.0728618
 2805.38 5377.05 1130.54 434.019 52.5481
 2163.86 10303.5 2205.55 463.723 199.58
 835.359 1449.03 591.134 126.537 38.0551
 305.818 488.593 111.804 45.6103 12.6995
 1890.05 7768.45 1825.87 417.81 217.904
 2556.11 3559.07 1735.03 407.797 141.983
 4641.66 11593.2 2067.64 1007.97 319.394
 6693.74 12265.6 3406.82 607.604 390.063
 6079.8 11958.5 2342.85 650.738 190.564
 5957.37 24099 5629.06 1102.82 396.014
 3898.59 12172.3 4792.72 1119.49 298.082
 6044.3 11559.5 3635.12 1431.29 423.341
 5725.53 14414.6 2148.4 675.607 344.693
 3373.82 6917.81 710.737 105.93 50.3075
 1395.34 2481.59 180.564 18.5512 4.07801
 842.551 2271.05 343.546 24.9969 3.13274
 689.008 1443.4 380.782 57.6018 4.71645
 600.155 1423.47 330.763 87.2583 14.2806
 996.298 1606.84 448.106 104.124 31.9643
 643.296 1324.37 247.146 68.9225 20.9315
 993.805 2218.62 609.601 113.76 41.3595
 1804.92 3291.29 954.088 262.151 66.7072
 1885.44 5076.02 1163.95 337.41 116.3
F
 0.0910803 0.604233 0.604233 0.604233 0.604233
 0.0908932 0.602992 0.602992 0.602992 0.602992
 0.165105 1.09532 1.09532 1.09532 1.09532
 0.0414787 0.275173 0.275173 0.275173 0.275173
 0.00770864 0.0511397 0.0511397 0.0511397 0.0511397
 0.0733191 0.486404 0.486404 0.486404 0.486404
 0.0503973 0.334339 0.334339 0.334339 0.334339
 0.0921258 0.61117 0.61117 0.61117 0.61117
 0.103444 0.686257 0.686257 0.686257 0.686257
 0.0729523 0.483971 0.483971 0.483971 0.483971
 0.129998 0.862413 0.862413 0.862413 0.862413
 0.120404 0.798769 0.798769 0.798769 0.798769
 0.190515 1.26389 1.26389 1.26389 1.26389
 0.352638 2.33943 2.33943 2.33943 2.33943
 0.385624 2.55826 2.55826 2.55826 2.55826
 0.167065 1.10832 1.10832 1.10832 1.10832
 0.128455 0.85218 0.85218 0.85218 0.85218
 0.0928748 0.616138 0.616138 0.616138 0.616138
 0.0758841 0.503421 0.503421 0.503421 0.503421
 0.0805844 0.534603 0.534603 0.534603 0.534603
 0.0379258 0.251603 0.251603 0.251603 0.251603
 0.0462747 0.30699 0.30699 0.30699 0.30699
 0.0559417 0.371121 0.371121 0.371121 0.371121
 0.0580797 0.385305 0.385305 0.385305 0.385305
nmprior
 10 10 8 0
nm_flota  nm_reclas  nm_pelaces    nm_pelaL
inf 21.9459 12.9813 21.6761
cv_recla  cv_pelaces  cv_mph
0.747039 0.440676 0.45396
 ------------------------------------------------
Talla a la edad & desviación 
 7.2 14.2025 17.0495 18.207 18.6776
 1.08 2.13037 2.55742 2.73105 2.80164
