years
 1997 1998 1999 2000 2001 2002 2003 2004 2005 2006 2007 2008 2009 2010 2011 2012 2013 2014 2015 2016 2017 2018 2019 2020
reclasobs
 0 0 0 370054 412103 1.49427e+06 250295 1.28982e+06 931140 785840 897777 1.04006e+06 184774 17550 25797 100020 73551 82996 120727 218422 84188 347160 605670 569463
reclaspred
 394126 111619 362606 266727 379590 452187 982469 647647 704683 618096 481731 323734 197664 93421.9 67445.9 70018.3 89074.4 121347 127847 185854 270162 250149 439271 518703
pelacesobs
 0 0 0 0 0 0 0 0 0 2.06254e+06 1.5e+06 0 1.87456e+06 323000 250000 174000 83755 137374 0 501740 490994 745055 786931 1.00524e+06
pelacespred
 1.25473e+06 317843 630147 703018 851122 854932 2.07286e+06 1.73615e+06 1.6567e+06 1.47397e+06 1.03671e+06 717635 436474 174099 123243 136048 180184 247381 269631 379663 610599 552011 766075 1.07023e+06
mphobs
 0 0 0 0 0 112323 0 153150 637223 0 255016 313432 73983 77613 109348 50772 0 0 0 0 0 0 0 0
mphpred
 143338 91768.3 116983 152535 156738 238114 360015 418073 354452 348400 315539 221539 137127 72398.2 35999 31684.6 38836.7 54316.2 66924.9 76921.1 116522 138218 176468 250322
desembarqueobs
 350755 77701 442110 56441 14545 235359 269955 359681 431902 328805 639364 411747 362871 311530 167758 66681 60226 58785 57116 71774 51957 67425 138520 160799
desembarquepred
 350762 77702.5 442125 56442.3 14545.1 235391 269979 359691 431944 328838 639630 412024 363252 312024 167821 66694.3 60244.5 58787.3 57113.7 71774.6 51957.7 67420.9 138520 160800
Reclutas
 59717 76490.6 48219 75445.7 127355 93276.9 142943 133501 153725 145151 68892.4 41123.8 42110.6 23819.8 19091.7 24233.3 20523.7 22334 25791.8 47355.4 59594.8 78771.7 126169 122951
log_desv_Rt
 -0.00262753 0.244923 -0.216491 0.231168 0.754731 0.443328 0.870201 0.801862 0.942918 0.88553 0.140302 -0.375657 -0.351944 -0.921728 -1.14299 -0.904517 -1.07067 -0.986136 -0.84219 -0.234563 -0.00467657 0.274309 0.745374 0.719545
SSB
 772944 494857 630826 822541 845202 1.28402e+06 1.94137e+06 2.25444e+06 1.91137e+06 1.87873e+06 1.70153e+06 1.19464e+06 739451 390404 194123 170858 209425 292898 360890 414794 628338 745332 951595 1.34985e+06
BT
 2.53828e+06 700099 1.37112e+06 1.31848e+06 1.53486e+06 1.7166e+06 3.89484e+06 3.51834e+06 3.36241e+06 2.95821e+06 2.43951e+06 1.66691e+06 1.14003e+06 613765 364512 298939 372166 489952 532142 738377 1.13564e+06 1.05147e+06 1.46656e+06 2.04845e+06
Ftot
 0.383215 0.303287 0.427006 0.079588 0.0161062 0.162021 0.101042 0.201841 0.228098 0.187956 0.40075 0.372579 0.58534 1.02326 0.932913 0.366719 0.261709 0.176162 0.151514 0.153469 0.0732278 0.0936568 0.109544 0.107723
BD_Bspro_t
 0.953272 0.781244 0.750878 0.64635 0.759355 0.863083 0.837268 0.841696 0.795315 0.759088 0.720643 0.574678 0.462731 0.349622 0.231917 0.249508 0.368709 0.536199 0.640801 0.719346 0.809243 0.867113 0.873754 0.876218
BD_Bspro
 0.627478 0.401726 0.512106 0.667741 0.686137 1.04237 1.57601 1.83016 1.55165 1.52516 1.38131 0.969812 0.600288 0.316931 0.15759 0.138703 0.170012 0.237775 0.292971 0.336731 0.510086 0.605063 0.772507 1.09581
BD_Bo
 0.56044 0.358806 0.457394 0.596401 0.612832 0.931007 1.40763 1.63463 1.38588 1.36221 1.23373 0.866199 0.536155 0.283071 0.140753 0.123884 0.151848 0.212372 0.261671 0.300755 0.45559 0.540419 0.689974 0.97874
BD_Brms
 1.97356 1.26352 1.61069 2.10019 2.15806 3.27849 4.95689 5.75627 4.88029 4.79697 4.34452 3.05028 1.88804 0.99682 0.495655 0.436252 0.534726 0.747856 0.921461 1.05909 1.60434 1.90306 2.42971 3.44658
S_f
 0.197844 1 1 1 1
 0.197844 1 1 1 1
 0.197844 1 1 1 1
 0.197844 1 1 1 1
 0.197844 1 1 1 1
 0.197844 1 1 1 1
 0.197844 1 1 1 1
 0.197844 1 1 1 1
 0.197844 1 1 1 1
 0.197844 1 1 1 1
 0.197844 1 1 1 1
 0.197844 1 1 1 1
 0.197844 1 1 1 1
 0.197844 1 1 1 1
 0.197844 1 1 1 1
 0.197844 1 1 1 1
 0.197844 1 1 1 1
 0.197844 1 1 1 1
 0.197844 1 1 1 1
 0.197844 1 1 1 1
 0.197844 1 1 1 1
 0.197844 1 1 1 1
 0.197844 1 1 1 1
 0.197844 1 1 1 1
Scru_reclas
 1 1 1 1 1
 1 1 1 1 1
 1 1 1 1 1
 1 1 1 1 1
 1 1 1 1 1
 1 1 1 1 1
 1 1 1 1 1
 1 1 1 1 1
 1 1 1 1 1
 1 1 1 1 1
 1 1 1 1 1
 1 1 1 1 1
 1 1 1 1 1
 1 1 1 1 1
 1 1 1 1 1
 1 1 1 1 1
 1 1 1 1 1
 1 1 1 1 1
 1 1 1 1 1
 1 1 1 1 1
 1 1 1 1 1
 1 1 1 1 1
 1 1 1 1 1
 1 1 1 1 1
Scru_pelaces
 1 1 1 1 1
 1 1 1 1 1
 1 1 1 1 1
 1 1 1 1 1
 1 1 1 1 1
 1 1 1 1 1
 1 1 1 1 1
 1 1 1 1 1
 1 1 1 1 1
 1 1 1 1 1
 1 1 1 1 1
 1 1 1 1 1
 1 1 1 1 1
 1 1 1 1 1
 1 1 1 1 1
 1 1 1 1 1
 1 1 1 1 1
 1 1 1 1 1
 1 1 1 1 1
 1 1 1 1 1
 1 1 1 1 1
 1 1 1 1 1
 1 1 1 1 1
 1 1 1 1 1
pf_obs 
 0.256992 0.487395 0.22802 0.0275931 0
 0.321318 0.546541 0.124235 0.00734118 0.000564706
 0.182869 0.594174 0.210203 0.0122559 0.00049798
 0.330522 0.361315 0.267642 0.0388342 0.00168674
 0.649043 0.306663 0.0425973 0.00169635 0
 0.582887 0.30429 0.105238 0.00758474 0
 0.465427 0.430635 0.0974691 0.00646863 0
 0.296916 0.608066 0.0921331 0.00288517 0
 0.311714 0.524322 0.152257 0.0117073 0
 0.15457 0.633149 0.183074 0.0267441 0.00246327
 0.131901 0.49318 0.331252 0.0422183 0.00144891
 0.196976 0.569456 0.194076 0.0375587 0.00193317
 0.518974 0.381816 0.0799577 0.0180837 0.00116848
 0.0928022 0.601141 0.25162 0.0475244 0.00691264
 0.122501 0.610282 0.24278 0.0234846 0.000952079
 0.383417 0.481906 0.127806 0.00687128 0
 0.0376549 0.599619 0.316969 0.0457579 0
 0.0361596 0.667082 0.258105 0.0386534 0
 0.158088 0.579412 0.248529 0.0139706 0
 0.0477256 0.309471 0.559284 0.082774 0.000745712
 0.0406174 0.521527 0.379366 0.0568643 0.0016247
 0.151134 0.462217 0.34131 0.0453401 0
 0.294876 0.26143 0.354403 0.0886775 0.000613685
 0.281977 0.475581 0.204845 0.0348837 0.00271318
pf_pred 
 0.359079 0.45178 0.169097 0.0200326 1.04924e-05
 0.320378 0.524481 0.109358 0.0409316 0.00485162
 0.184143 0.597644 0.1684 0.0351125 0.0147001
 0.288659 0.413807 0.217954 0.0614138 0.0181661
 0.318477 0.463504 0.126828 0.066801 0.0243905
 0.179029 0.578014 0.165235 0.0452131 0.032509
 0.261677 0.400622 0.237762 0.0679683 0.0319704
 0.209811 0.515342 0.149135 0.0885088 0.037203
 0.235229 0.455305 0.201826 0.0584066 0.0492333
 0.21008 0.500064 0.172565 0.0764944 0.0407967
 0.11785 0.524165 0.226625 0.0782053 0.0531554
 0.115859 0.39645 0.289781 0.125288 0.072622
 0.190205 0.356567 0.203228 0.148548 0.101453
 0.175739 0.502679 0.141598 0.0807049 0.0992789
 0.251872 0.478273 0.164572 0.0463578 0.0589249
 0.333929 0.484587 0.116022 0.0399226 0.0255399
 0.229477 0.577965 0.140092 0.0335413 0.0189249
 0.233974 0.481982 0.213059 0.0516432 0.019341
 0.239152 0.47615 0.179131 0.0791845 0.0263816
 0.33372 0.419667 0.154335 0.0580618 0.0342172
 0.279299 0.526656 0.122222 0.0449478 0.0268749
 0.269856 0.488733 0.176413 0.0409404 0.0240583
 0.308638 0.456901 0.15694 0.0566491 0.0208722
 0.224682 0.545315 0.152003 0.0522112 0.0257899
pobs_RECLAS
 0 0 0 0 0
 0 0 0 0 0
 0 0 0 0 0
 0 0 0 0 0
 0.835266 0.146461 0.0176864 0.000547809 3.91292e-05
 0.385257 0.428462 0.181853 0.0044286 0
 0.867414 0.0963971 0.0333333 0.00285562 0
 0.441836 0.489002 0.0689373 0.000224442 0
 0.779404 0.147425 0.0564933 0.0165055 0.000172143
 0.814271 0.122319 0.05973 0.00367925 0
 0.40263 0.566651 0.0304383 0.000280538 0
 0.475488 0.404961 0.113038 0.00651328 0
 0.955842 0.0263864 0.0167828 0.000988607 0
 0.975058 0.0227948 0.00214734 0 0
 0.738997 0.206755 0.0527124 0.00153531 0
 0.850938 0.134255 0.0134407 0.00136685 0
 0.542534 0.407297 0.0501686 0 0
 0.764087 0.199537 0.0359546 0.000420521 0
 0.470689 0.182191 0.310203 0.0369168 0
 0.84361 0.089868 0.0606195 0.00523954 0.000663233
 0.607945 0.314616 0.071237 0.00620181 0
 0.523733 0.453247 0.0230204 0 0
 0.530135 0.295979 0.169645 0.0042399 0
 0.562478 0.366248 0.0663022 0.0049721 0
ppred_RECLAS
 0.743526 0.180786 0.0676667 0.00801634 4.1987e-06
 0.70804 0.225313 0.0469791 0.0175839 0.00208422
 0.539569 0.337282 0.0950372 0.0198158 0.00829601
 0.673115 0.190158 0.100157 0.0282217 0.00834792
 0.702714 0.202184 0.0553235 0.0291392 0.0106394
 0.526444 0.333412 0.0953115 0.02608 0.018752
 0.642927 0.193752 0.114988 0.0328713 0.0154618
 0.575704 0.276715 0.0800787 0.0475252 0.0199763
 0.611558 0.231258 0.102512 0.0296659 0.0250065
 0.575891 0.268485 0.0926505 0.0410699 0.0219038
 0.409057 0.351133 0.151814 0.0523889 0.0356082
 0.403884 0.267299 0.19538 0.0844733 0.048964
 0.552786 0.196916 0.112234 0.0820364 0.0560278
 0.540385 0.280298 0.0789563 0.0450017 0.0553588
 0.647475 0.225367 0.0775479 0.0218442 0.027766
 0.721523 0.2026 0.0485072 0.0166912 0.0106779
 0.604396 0.29674 0.0719265 0.0172209 0.00971649
 0.609129 0.245935 0.108715 0.0263513 0.0098689
 0.615589 0.24057 0.0905042 0.0400072 0.013329
 0.718474 0.177323 0.0652116 0.024533 0.0144579
 0.662833 0.246387 0.0571794 0.021028 0.012573
 0.652401 0.23267 0.0839846 0.0194904 0.0114534
 0.694094 0.202164 0.069441 0.0250654 0.00923526
 0.595594 0.284436 0.0792846 0.0272334 0.013452
pobs_PELACES
 0 0 0 0 0
 0 0 0 0 0
 0 0 0 0 0
 0 0 0 0 0
 0 0 0 0 0
 0 0 0 0 0
 0 0 0 0 0
 0 0 0 0 0
 0 0 0 0 0
 0 0 0 0 0
 0.450072 0.473896 0.0757376 0.000293798 0
 0 0 0 0 0
 0.463077 0.371075 0.160297 0.00555027 0
 0.529543 0.364841 0.0842815 0.0213345 0
 0.631943 0.363953 0.00410389 0 0
 0.735681 0.248677 0.0153453 0.000297389 0
 0.695825 0.281241 0.0229344 0 0
 0.275771 0.60734 0.115278 0.00161068 0
 0 0 0 0 0
 0.896147 0.0623911 0.0374545 0.00400742 0
 0.803859 0.145111 0.0509908 3.86294e-05 0
 0.739449 0.233085 0.0266225 0.000797448 4.60066e-05
 0.878498 0.100942 0.0204185 0.000141795 0
 0.694673 0.275183 0.0284847 0.00165964 0
ppred_PELACES
 0.762389 0.167491 0.0626902 0.00742679 3.88991e-06
 0.724355 0.212722 0.0443539 0.0166013 0.00196775
 0.567496 0.316825 0.0892728 0.0186139 0.00779283
 0.677734 0.187471 0.0987421 0.0278229 0.00822997
 0.703603 0.201579 0.0551579 0.029052 0.0106075
 0.537123 0.325894 0.0931623 0.0254919 0.0183291
 0.649044 0.190433 0.113018 0.0323082 0.0151969
 0.5887 0.26824 0.077626 0.0460696 0.0193645
 0.625801 0.222779 0.0987528 0.0285781 0.0240896
 0.587995 0.260822 0.0900064 0.0398978 0.0212786
 0.434925 0.335762 0.145168 0.0500956 0.0340495
 0.427837 0.256558 0.187529 0.081079 0.0469966
 0.590705 0.18022 0.102718 0.0750806 0.0512773
 0.606533 0.239958 0.067593 0.0385251 0.0473916
 0.701597 0.190767 0.0656423 0.0184906 0.0235032
 0.740603 0.188719 0.0451838 0.0155476 0.00994634
 0.620835 0.28441 0.0689377 0.0165053 0.00931273
 0.620174 0.238986 0.105643 0.0256067 0.00959005
 0.625035 0.234659 0.0882803 0.0390241 0.0130015
 0.726618 0.172194 0.0633252 0.0238234 0.0140397
 0.667151 0.243231 0.0564471 0.0207587 0.0124119
 0.658002 0.228921 0.0826314 0.0191764 0.0112689
 0.700217 0.198118 0.0680513 0.0245638 0.00905044
 0.602443 0.279619 0.0779418 0.0267722 0.0132242
pobs_pel_tallas
 0 0 0 0 0 0 0 0 0 0 0 0 0 0 0 0 0 0 0 0 0 0 0 0 0 0 0 0 0 0 0 0 0 0 0 0
 0 0 0 0 0 0 0 0 0 0 0 0 0 0 0 0 0 0 0 0 0 0 0 0 0 0 0 0 0 0 0 0 0 0 0 0
 0 0 0 0 0 0 0 0 0 0 0 0 0 0 0 0 0 0 0 0 0 0 0 0 0 0 0 0 0 0 0 0 0 0 0 0
 0 0 0 0 0 0 0 0 0 0 0 0 0 0 0 0 0 0 0 0 0 0 0 0 0 0 0 0 0 0 0 0 0 0 0 0
 0 0 0 0 0 0 0 0 0 0 0 0 0 0 0 0 0 0 0 0 0 0 0 0 0 0 0 0 0 0 0 0 0 0 0 0
 0 0 0 0 0 0 0 0 0 0 0 0 0 0 0 0 0 0 0 0 0 0 0 0 0 0 0 0 0 0 0 0 0 0 0 0
 0 0 0 0 0 0 0 0 0 0 0 0 0 0 0 0 0 0 0 0 0 0 0 0 0 0 0 0 0 0 0 0 0 0 0 0
 0 0 0 0 0 0 0 0 0 0 0 0 0 0 0 0 0 0 0 0 0 0 0 0 0 0 0 0 0 0 0 0 0 0 0 0
 0 0 0 0 0 0 0 0 0 0 0 0 0 0 0 0 0 0 0 0 0 0 0 0 0 0 0 0 0 0 0 0 0 0 0 0
 0 0 0 0 0 0 0 0 0 0 0 0 0 0 0 0 0 0 0 0 0 0 0 0 0 0 0 0 0 0 0 0 0 0 0 0
 0 0 0 0 0 0 0 0 1.78061e-05 0.00172719 0.00360574 0.0105946 0.0120993 0.0124554 0.0147524 0.0171206 0.0266825 0.0428682 0.0675386 0.121331 0.153587 0.119568 0.100827 0.0573624 0.0630603 0.0341343 0.0324427 0.0444173 0.0211091 0.0280891 0.0125444 0.00206551 0 0 0 0
 0 0 0 0 0 0 0 0 0 0 0 0 0 0 0 0 0 0 0 0 0 0 0 0 0 0 0 0 0 0 0 0 0 0 0 0
 0 0 0 0 0 0 0.0133647 0.0140871 0.0187388 0.0205184 0.03894 0.0496705 0.03968 0.0493445 0.0407372 0.0367815 0.0215668 0.0243155 0.0234873 0.0199281 0.019796 0.0243948 0.0301388 0.0376714 0.0412746 0.0863199 0.0771752 0.113111 0.0741005 0.0525337 0.0229764 0.00759418 0.00175318 0 0 0
 0 0 0 0 0 0 0 0 0 0 0.00219441 0.00772107 0.0458388 0.0604681 0.0671733 0.0775358 0.0609151 0.0617685 0.073594 0.0568108 0.0755445 0.0548602 0.0670107 0.0636378 0.0643287 0.046367 0.0373049 0.0286899 0.0247887 0.0153202 0.00654259 0.00121912 0.000365735 0 0 0
 0 0 0 0 0 0 0 0 0 0 0 0 0.000112435 0.00938835 0.0111873 0.0202946 0.0414886 0.0713402 0.111592 0.104902 0.108894 0.110636 0.117776 0.105296 0.107544 0.0401394 0.0192827 0.0124803 0.00416011 0.0028671 0.000618394 0 0 0 0 0
 0 0 0 0 0 0 0 0 0 0 0.00291406 0.0102884 0.027416 0.0768956 0.0749926 0.110853 0.0956884 0.0897413 0.0766577 0.0534642 0.0500743 0.0551293 0.0594112 0.0620874 0.0668451 0.0424026 0.0208742 0.0120726 0.0048766 0.00582813 0.00118941 0.000297354 0 0 0 0
 0 0.00264628 0.0354308 0.0461629 0.0458689 0.0383711 0.0214643 0.0164657 0.0346957 0.0420465 0.0363128 0.0245516 0.0311673 0.0291091 0.0169068 0.0133784 0.00837989 0.0085269 0.0148486 0.0160247 0.0276389 0.0546898 0.0760071 0.122758 0.109233 0.0665981 0.0333725 0.0166128 0.00676272 0.00308733 0.000882094 0 0 0 0 0
 0 0 0 0 0 0 0 0.000805153 0.000690131 0.00759144 0.0133425 0.0154129 0.00931677 0.000345066 0.00356568 0.00563607 0.00851162 0.0253048 0.0502646 0.0516448 0.0657925 0.0565908 0.0611916 0.0827007 0.0866115 0.110766 0.145733 0.0935128 0.0569358 0.0249597 0.0138026 0.00621118 0.00161031 0.00115022 0 0
 0 0 0 0 0 0 0 0 0 0 0 0 0 0 0 0 0 0 0 0 0 0 0 0 0 0 0 0 0 0 0 0 0 0 0 0
 0.00147267 0.00158595 0.00478618 0.00569244 0.00954404 0.0108468 0.00647125 0.017049 0.0510054 0.094081 0.124002 0.0959785 0.0687766 0.0820023 0.061753 0.0591476 0.0492212 0.0479892 0.0443925 0.0268479 0.0217502 0.0140895 0.0121071 0.0120363 0.00920419 0.00665534 0.0049561 0.00860946 0.00930331 0.0156896 0.0114698 0.00855282 0.00243557 0.00046729 0 2.83206e-05
 0 0 0 0 0.000772559 0.00158375 0.000888443 0.00281984 0.00712685 0.0440552 0.0773331 0.111326 0.0921469 0.0852325 0.0710754 0.0886704 0.0786465 0.0553345 0.0373146 0.0185414 0.00753245 0.00457741 0.012979 0.0271748 0.0457355 0.0583668 0.034881 0.0177882 0.00938659 0.00492506 0.0015258 0.00185414 0.000309023 5.79419e-05 3.86279e-05 0
 0 0.00173294 0.00326652 0 0.00397197 0.00683976 0.00946217 0.0152591 0.00757587 0.0136028 0.0228656 0.0392903 0.0559909 0.0764795 0.0681675 0.0726916 0.0566044 0.0477403 0.0527397 0.0444891 0.0609904 0.0582453 0.0661739 0.0445044 0.0529084 0.0360697 0.0280645 0.0235558 0.0158879 0.00826598 0.00280645 0.00217768 0.000904811 0.00058276 9.20147e-05 0
 0 0 0 0 0 0 0 0 0 0 0 0 0 0 0 0 0 0 0 0 0 0 0 0 0 0 0 0 0 0 0 0 0 0 0 0
 0 0 0 0 0 0 0 0 0 0 0 0 0 0 0 0 0 0 0 0 0 0 0 0 0 0 0 0 0 0 0 0 0 0 0 0
ppred_pel_tallas
 1.012e-16 3.32633e-05 0.00019523 0.00092804 0.00357301 0.0111421 0.0281441 0.0575865 0.0954557 0.128194 0.139499 0.123044 0.0880696 0.0513798 0.0249018 0.0109127 0.00577991 0.00522715 0.00663246 0.00884002 0.0113686 0.013918 0.0162075 0.0179739 0.0190174 0.0192434 0.0186796 0.01746 0.0157856 0.0138732 0.0119118 0.0100371 0.00832684 0.00681152 0.00549205 0.00435624
 1.01362e-16 3.16066e-05 0.0001855 0.000881773 0.00339485 0.0105865 0.0267408 0.0547155 0.0906984 0.12181 0.132564 0.116956 0.0837768 0.049005 0.0239925 0.0109252 0.00637296 0.00628615 0.00817111 0.0109041 0.0139761 0.0170278 0.019708 0.0216898 0.0227329 0.0227371 0.0217624 0.0200058 0.0177463 0.0152763 0.0128428 0.0106133 0.00867048 0.00702866 0.00566065 0.00452316
 1.02375e-16 2.47711e-05 0.00014536 0.000690921 0.00265999 0.00829485 0.0209523 0.0428728 0.0710721 0.0954653 0.103931 0.0917832 0.0659386 0.0389612 0.0198044 0.0102521 0.00768848 0.00899418 0.0122272 0.0164551 0.0211514 0.0258379 0.030002 0.0331546 0.0349297 0.0351648 0.033932 0.0315055 0.0282823 0.0246833 0.021068 0.0176854 0.0146657 0.0120442 0.009798 0.00788156
 1.02804e-16 2.95728e-05 0.000173562 0.000825022 0.00317636 0.00990515 0.0250197 0.0511939 0.0848607 0.113969 0.12403 0.109426 0.0783788 0.0458404 0.0224321 0.0102009 0.00594245 0.00587737 0.0076884 0.0103467 0.0134038 0.0165527 0.0194887 0.0219167 0.0236028 0.0244194 0.0243658 0.023552 0.0221592 0.0203886 0.0184183 0.0163801 0.0143568 0.012395 0.0105224 0.00876183
 1.02343e-16 3.07013e-05 0.000180186 0.000856512 0.0032976 0.0102832 0.0259747 0.053148 0.0880999 0.11832 0.128765 0.113604 0.0813726 0.0475935 0.0232926 0.0105933 0.0061651 0.00607772 0.00791495 0.0105944 0.0136337 0.0166974 0.0194571 0.0216038 0.0229053 0.0232558 0.0226945 0.0213853 0.0195664 0.0174885 0.0153631 0.0133327 0.011469 0.00978869 0.00827841 0.00691703
 1.03162e-16 2.34471e-05 0.000137586 0.00065396 0.00251768 0.00785105 0.0198314 0.0405792 0.0672709 0.0903619 0.0983816 0.0868984 0.0624639 0.0369777 0.0189252 0.0100077 0.00776323 0.00925012 0.0126346 0.017028 0.0219131 0.0268069 0.0311862 0.0345503 0.0365228 0.0369342 0.0358527 0.0335512 0.0304262 0.026897 0.0233196 0.0199378 0.0168771 0.0141694 0.0117925 0.00970568
 1.03487e-16 2.83219e-05 0.000166218 0.000790107 0.00304192 0.00948593 0.0239607 0.0490272 0.0812696 0.109147 0.118786 0.104807 0.0750878 0.0439506 0.0215731 0.009923 0.00593988 0.00601226 0.00792684 0.0107002 0.0138995 0.0172213 0.0203594 0.0230138 0.0249425 0.026007 0.0261934 0.0255969 0.0243838 0.0227411 0.0208363 0.0187945 0.0166983 0.0145998 0.0125378 0.0105501
 1.03678e-16 2.56937e-05 0.000150781 0.000716703 0.00275927 0.00860447 0.0217344 0.0444725 0.0737223 0.0990196 0.107786 0.0951542 0.0682871 0.0402015 0.0201634 0.00999766 0.00696646 0.0078186 0.0105428 0.0142024 0.0183132 0.0224688 0.0262413 0.0292216 0.0310994 0.0317297 0.0311575 0.0295906 0.0273337 0.0247079 0.0219825 0.0193386 0.0168661 0.0145868 0.0124876 0.0105485
 1.03583e-16 2.73097e-05 0.000160272 0.000761834 0.00293306 0.00914642 0.0231032 0.047273 0.0783628 0.105247 0.11455 0.101091 0.0724723 0.042514 0.0210432 0.0099735 0.00636928 0.00675807 0.00900377 0.0121393 0.015709 0.0193661 0.0227536 0.0255261 0.0274138 0.0282764 0.0281261 0.0271069 0.0254447 0.0233846 0.0211376 0.0188529 0.016616 0.014465 0.0124148 0.0104767
 1.03728e-16 2.56627e-05 0.0001506 0.000715841 0.00275596 0.00859414 0.0217083 0.044419 0.0736335 0.0988998 0.107654 0.0950346 0.0681941 0.0401325 0.0201028 0.00992543 0.00686445 0.00767234 0.0103425 0.0139447 0.0180039 0.0221251 0.0258921 0.0289045 0.0308554 0.0315957 0.0311589 0.0297358 0.0276124 0.025093 0.0224356 0.0198169 0.0173298 0.0150047 0.0128395 0.0108261
 1.05483e-16 1.89913e-05 0.000111425 0.000529587 0.00203881 0.00635771 0.0160593 0.0328615 0.0544791 0.0731867 0.0797018 0.0704459 0.0507401 0.0302443 0.0158624 0.0090134 0.00774747 0.00972137 0.013472 0.0182734 0.0236646 0.0291765 0.0342816 0.0384616 0.0413111 0.0426201 0.0424075 0.0408906 0.0384094 0.0353315 0.031973 0.0285559 0.0252061 0.0219788 0.018895 0.0159711
 1.07728e-16 1.8679e-05 0.000109599 0.000520922 0.00200547 0.00625377 0.0157967 0.0323235 0.0535853 0.0719802 0.0783724 0.0692342 0.0497877 0.0295176 0.0151929 0.00818433 0.0065534 0.00798812 0.0110673 0.0151292 0.01981 0.0247672 0.0296106 0.0339401 0.0374178 0.0398276 0.041102 0.0413059 0.0405896 0.039131 0.0370905 0.0345906 0.0317212 0.0285597 0.0251917 0.0217232
 1.06493e-16 2.57775e-05 0.000151281 0.000719099 0.00276853 0.00863336 0.0218072 0.0446209 0.0739659 0.0993394 0.108115 0.0953982 0.0683616 0.0400436 0.0197125 0.00916668 0.00563011 0.00582717 0.0077556 0.0105325 0.0137745 0.0172143 0.0205782 0.0235941 0.0260364 0.0277668 0.0287498 0.0290389 0.0287404 0.0279714 0.0268271 0.0253688 0.0236306 0.0216386 0.0194301 0.0170657
 1.04576e-16 2.647e-05 0.000155342 0.000738391 0.00284279 0.00886493 0.0223922 0.0458183 0.0759521 0.102011 0.111034 0.0980005 0.0702843 0.0412858 0.0205378 0.00990425 0.0065485 0.00711013 0.00951706 0.0128205 0.016557 0.0203602 0.0238516 0.0266699 0.0285404 0.0293333 0.0290844 0.0279701 0.0262486 0.0241884 0.0220092 0.0198517 0.017778 0.0157948 0.0138848 0.0120334
 1.02728e-16 3.06134e-05 0.000179671 0.000854064 0.00328818 0.0102539 0.0259005 0.0529961 0.0878478 0.11798 0.128394 0.113271 0.0811234 0.0474259 0.0231701 0.0104702 0.00600235 0.0058467 0.00759658 0.0101801 0.0131287 0.0161242 0.0188569 0.0210331 0.0224292 0.0229377 0.0225855 0.021515 0.0199385 0.0180816 0.0161351 0.0142291 0.0124313 0.0107619 0.00921632 0.00778506
 1.01702e-16 3.23141e-05 0.000189656 0.000901536 0.00347096 0.0108239 0.0273402 0.0559418 0.0927304 0.124536 0.135524 0.119552 0.0856013 0.0500019 0.0243497 0.0108674 0.00603632 0.00570858 0.00733586 0.00978317 0.0125586 0.0153361 0.0178041 0.0196729 0.0207277 0.0208755 0.0201625 0.0187546 0.0168886 0.0148132 0.0127381 0.0108048 0.00908299 0.00758582 0.00629327 0.00517418
 1.02074e-16 2.70956e-05 0.00015901 0.00075582 0.00290988 0.00907413 0.0229207 0.0468999 0.0777461 0.104424 0.113668 0.100345 0.0720091 0.0423852 0.0212438 0.0105062 0.00728028 0.00813049 0.0109263 0.0146679 0.0188313 0.0229741 0.0266342 0.0293743 0.0308703 0.030983 0.0297855 0.0275331 0.0245907 0.0213422 0.018113 0.0151255 0.0124917 0.0102349 0.00832498 0.00671142
 1.02906e-16 2.7065e-05 0.000158834 0.000754994 0.00290672 0.00906427 0.0228957 0.0468485 0.0776598 0.104304 0.113529 0.1002 0.0718558 0.0421973 0.0209701 0.0100782 0.00661992 0.0071588 0.00957703 0.0129069 0.0166781 0.0205191 0.0240436 0.0268781 0.028732 0.0294571 0.0290722 0.0277418 0.0257218 0.0232914 0.0206941 0.0181059 0.0156306 0.0133161 0.0111791 0.00922577
 1.03279e-16 2.72768e-05 0.000160078 0.000760908 0.00292949 0.00913529 0.0230751 0.0472155 0.0782679 0.10512 0.114415 0.100978 0.0724048 0.0425013 0.0210866 0.0100763 0.00654193 0.00701693 0.00936542 0.0126136 0.0162927 0.0200377 0.0234717 0.0262326 0.0280409 0.0287577 0.0284078 0.027157 0.0252577 0.0229808 0.0205578 0.0181502 0.0158464 0.0136805 0.011658 0.0097784
 1.0243e-16 3.17037e-05 0.000186074 0.000884508 0.0034054 0.0106194 0.0268238 0.0548851 0.0909784 0.122182 0.13296 0.117285 0.0839661 0.0490229 0.0238293 0.010563 0.00577025 0.00538281 0.00690694 0.0092419 0.0119244 0.0146581 0.0171616 0.0191685 0.0204748 0.0209801 0.0207043 0.0197714 0.0183687 0.0166963 0.0149252 0.0131733 0.0115046 0.00994176 0.00848634 0.00713526
 1.02174e-16 2.91135e-05 0.000170861 0.000812168 0.00312685 0.00975075 0.0246297 0.0503964 0.0835404 0.112201 0.122118 0.107769 0.0772575 0.0453159 0.0224187 0.010602 0.00672988 0.00709028 0.00939156 0.0125841 0.0161611 0.019732 0.0229011 0.0252958 0.02664 0.0268149 0.0258815 0.0240545 0.0216408 0.0189618 0.0162881 0.0138019 0.0115927 0.00967614 0.00802514 0.00659822
 1.02434e-16 2.8714e-05 0.000168517 0.000801027 0.00308396 0.009617 0.0242919 0.049705 0.0823941 0.11066 0.12044 0.106284 0.0761832 0.044667 0.0220637 0.0103793 0.00651993 0.0068263 0.00904406 0.0121491 0.0156575 0.0192031 0.0224136 0.0249335 0.0264919 0.0269589 0.0263687 0.0248977 0.0228097 0.0203875 0.0178745 0.0154418 0.0131836 0.011134 0.00929208 0.00764496
 1.02298e-16 3.05535e-05 0.000179319 0.000852389 0.00328172 0.0102337 0.0258496 0.0528921 0.0876758 0.11775 0.128145 0.113056 0.0809786 0.0473602 0.0231734 0.0105313 0.00611995 0.00602892 0.00785579 0.0105266 0.0135655 0.0166428 0.019435 0.0216355 0.0230108 0.0234493 0.0229806 0.0217559 0.0200014 0.0179581 0.0158325 0.0137681 0.0118422 0.0100813 0.00848325 0.00703754
 1.02736e-16 2.62934e-05 0.000154301 0.000733434 0.00282369 0.00880535 0.0222418 0.0455108 0.0754435 0.101332 0.110304 0.0973787 0.0698874 0.0411513 0.0206536 0.0102622 0.0071751 0.00806322 0.0108639 0.0146107 0.0187974 0.0229948 0.0267517 0.0296385 0.0313328 0.0316894 0.0307673 0.0288007 0.0261293 0.0231123 0.0200541 0.0171625 0.014544 0.0122252 0.0101864 0.00839279
pSPR Fmed_Fpbrs
0.7201   0.333974 0.333974
Fs Fmed_Fpbrs
0.202979   1.005 1.005
SSBpbr Bo_Bmed_Bpbrs
1.37917e+06  924184  391650 391650
Ro
59874.1
SPR SPRFo_SPRFmed_SPRFpbrs
1.23183e+06 887038 411398
log_Ro
10.82
likeval ReclasPelacesDesembMPH_pf_preclas_ppelaces_ptallas_desvR_qrecl_qpela
 63.4026 24.827 0.0228402 0.00019626 289.088 172.8 81.1413 0 15.6812 9.09559e-05 0 0 0 0 0
q_reclas_q_pelaces
0.258866 1
M
0.7
N
 59717 16932.4 6337.64 750.808 0.393248
 76490.6 27489.4 5731.71 2145.33 254.286
 48219 35772 10079.6 2101.66 879.871
 75445.7 22005.1 11590.2 3265.81 966.021
 127355 36879.9 10091.4 5315.2 1940.7
 93276.9 63041.3 18021.4 4931.18 3545.6
 142943 44858.7 26622.8 7610.58 3579.81
 133501 69578.5 20135.3 11949.9 5022.93
 153725 63699.3 28236.5 8171.35 6887.97
 145151 72969 25180.6 11162 5953.02
 68892.4 69448.7 30026.4 10361.7 7042.77
 41123.8 31603.3 23100.1 9987.44 5789.11
 42110.6 18970.3 10812.3 7903.13 5397.55
 23819.8 18624.8 5246.36 2990.2 3678.39
 19091.7 9660.75 3324.23 936.392 1190.24
 24233.3 7882.78 1887.32 649.42 415.458
 20523.7 11191.7 2712.74 649.494 366.462
 22334 9677.48 4277.91 1036.92 388.338
 25791.8 10710.8 4029.49 1781.23 593.445
 47355.4 12429.6 4571.04 1719.66 1013.43
 59594.8 22812.7 5294.19 1946.97 1164.12
 78771.7 29168.2 10528.6 2443.38 1435.83
 126169 38398.7 13189.5 4760.89 1754.13
 122951 61310.2 17089.8 5870.15 2899.58
pred_Ctot
 3149.46 3962.53 1483.14 175.705 0.0920283
 3214.81 5262.87 1097.34 410.724 48.6832
 2822.98 9162.12 2581.64 538.288 225.358
 848.427 1216.26 640.612 180.508 53.3939
 291.44 424.154 116.061 61.1298 22.3198
 2120.11 6845.01 1956.76 535.427 384.981
 2036.98 3118.57 1850.82 529.087 248.868
 3767.07 9252.74 2677.65 1589.14 667.964
 4890.87 9466.68 4196.37 1214.39 1023.66
 3818.67 9089.78 3136.76 1390.46 741.571
 3793.87 16874.1 7295.59 2517.61 1711.2
 2110.6 7222.12 5278.94 2282.37 1322.95
 3333.88 6249.84 3562.14 2603.72 1778.24
 3176.3 9085.36 2559.23 1458.65 1794.36
 2338.81 4441.1 1528.17 430.465 547.159
 1224.78 1777.37 425.543 146.428 93.6751
 747.017 1881.45 456.042 109.187 61.6063
 551.261 1135.59 501.984 121.675 45.5689
 548.714 1092.48 411 181.682 60.5302
 1020.3 1283.07 471.857 177.516 104.614
 616.961 1163.36 269.983 99.2878 59.3656
 1041.14 1885.59 680.623 157.953 92.82
 1947.76 2883.42 990.424 357.503 131.721
 1866.85 4530.94 1262.97 433.815 214.285
F
 0.075817 0.383215 0.383215 0.383215 0.383215
 0.0600036 0.303287 0.303287 0.303287 0.303287
 0.0844807 0.427006 0.427006 0.427006 0.427006
 0.015746 0.079588 0.079588 0.079588 0.079588
 0.00318653 0.0161062 0.0161062 0.0161062 0.0161062
 0.0320549 0.162021 0.162021 0.162021 0.162021
 0.0199906 0.101042 0.101042 0.101042 0.101042
 0.039933 0.201841 0.201841 0.201841 0.201841
 0.0451278 0.228098 0.228098 0.228098 0.228098
 0.0371861 0.187956 0.187956 0.187956 0.187956
 0.0792861 0.40075 0.40075 0.40075 0.40075
 0.0737127 0.372579 0.372579 0.372579 0.372579
 0.115806 0.58534 0.58534 0.58534 0.58534
 0.202446 1.02326 1.02326 1.02326 1.02326
 0.184571 0.932913 0.932913 0.932913 0.932913
 0.0725533 0.366719 0.366719 0.366719 0.366719
 0.0517777 0.261709 0.261709 0.261709 0.261709
 0.0348526 0.176162 0.176162 0.176162 0.176162
 0.0299762 0.151514 0.151514 0.151514 0.151514
 0.030363 0.153469 0.153469 0.153469 0.153469
 0.0144877 0.0732278 0.0732278 0.0732278 0.0732278
 0.0185295 0.0936568 0.0936568 0.0936568 0.0936568
 0.0216726 0.109544 0.109544 0.109544 0.109544
 0.0213124 0.107723 0.107723 0.107723 0.107723
nmprior
 10 10 8 0
nm_flota  nm_reclas  nm_pelaces    nm_pelaL
inf 13.8679 19.612 35.5653
cv_recla  cv_pelaces  cv_mph
0.737191 0.586309 0.454521
 ------------------------------------------------
Talla a la edad & desviación 
 7.2 14.2025 17.0495 18.207 18.6776
 1.08 2.13037 2.55742 2.73105 2.80164
