years
 1997 1998 1999 2000 2001 2002 2003 2004 2005 2006 2007 2008 2009 2010 2011 2012 2013 2014 2015 2016 2017 2018 2019 2020
reclasobs
 0 0 0 370054 412103 1.49427e+06 250295 1.28982e+06 931140 785840 897777 1.04006e+06 184774 17550 25797 100020 73551 82996 120727 218422 84188 347160 605670 569463
reclaspred
 375388 101252 303211 226964 346568 413312 910921 621115 710131 659939 523982 353160 216332 100153 70315.1 71954.7 90567.5 121574 126320 186236 274628 253051 437042 496071
pelacesobs
 0 0 0 0 0 0 0 0 0 2.06254e+06 1.5e+06 0 1.87456e+06 323000 250000 174000 83755 137374 0 501740 490994 745055 786931 1.00524e+06
pelacespred
 1.00446e+06 241218 448794 507463 664691 663479 1.66994e+06 1.40889e+06 1.43387e+06 1.34356e+06 963012 670778 409523 158172 109076 119432 156954 213169 228738 326689 534895 481093 657186 884683
mphobs
 0 0 0 0 0 112323 0 153150 637223 0 255016 313432 73983 77613 109348 50772 0 0 0 0 0 0 0 0
mphpred
 663720 392945 473639 571658 631350 1.01788e+06 1.53033e+06 1.80817e+06 1.58716e+06 1.64762e+06 1.58112e+06 1.12126e+06 693204 364957 175368 151266 184408 254955 309955 352854 546009 654775 827391 1.14767e+06
desembarqueobs
 350755 77701 442110 56441 14545 235359 269955 359681 431902 328805 639364 411747 362871 311530 167758 66681 60226 58785 57116 71774 51957 67425 138520 160799
desembarquepred
 350759 77699.3 442085 56441.6 14545.1 235390 269979 359670 431914 328811 639511 411953 363149 311914 167779 66689.7 60243 58785.1 57111.4 71771.4 51956.8 67418.7 138516 160797
Reclutas
 47453.6 61712.9 36488.7 61951.8 106925 75662 120890 120575 148787 149440 68518.1 40447.4 42478.9 23210 18100.6 22205.1 18312.8 19591 22262.7 42760.1 53498.1 68966.3 107808 97664.8
log_desv_Rt
 -0.112492 0.150248 -0.375243 0.154111 0.699884 0.354031 0.822639 0.820026 1.03027 1.03465 0.254853 -0.272242 -0.223238 -0.82766 -1.0763 -0.871925 -1.06465 -0.997176 -0.869334 -0.21664 0.00740085 0.261374 0.708109 0.609296
SSB
 663720 392945 473639 571658 631350 1.01788e+06 1.53033e+06 1.80817e+06 1.58716e+06 1.64762e+06 1.58112e+06 1.12126e+06 693204 364957 175368 151266 184408 254955 309955 352854 546009 654775 827391 1.14767e+06
BT
 2.08269e+06 563931 1.04661e+06 968543 1.20142e+06 1.37329e+06 3.17426e+06 2.93065e+06 2.96272e+06 2.72267e+06 2.30248e+06 1.58085e+06 1.09106e+06 584254 338455 269057 330442 428768 458996 643567 1.00005e+06 924675 1.27192e+06 1.71715e+06
Ftot
 0.452114 0.393096 0.591862 0.114788 0.0214143 0.205728 0.129409 0.253189 0.276535 0.213889 0.430808 0.397381 0.629734 1.11079 1.05392 0.41938 0.300241 0.204617 0.177952 0.181945 0.0844759 0.107248 0.127121 0.128401
BD_Bspro_t
 0.94408 0.739382 0.693078 0.561849 0.703753 0.833287 0.801826 0.809192 0.762736 0.733252 0.703435 0.555992 0.443167 0.330986 0.212368 0.225561 0.337094 0.499067 0.603209 0.684588 0.786286 0.851154 0.857332 0.857474
BD_Bspro
 0.607506 0.359664 0.433524 0.523241 0.577878 0.93167 1.40072 1.65503 1.45274 1.50808 1.44721 1.02629 0.634493 0.334047 0.160515 0.138455 0.168789 0.233362 0.283703 0.322969 0.499764 0.599319 0.757315 1.05047
BD_Bo
 0.540391 0.31993 0.38563 0.465436 0.514036 0.828743 1.24597 1.47219 1.29225 1.34147 1.28733 0.912913 0.564397 0.297142 0.142782 0.123159 0.150142 0.207581 0.252361 0.287289 0.444552 0.533109 0.67365 0.934417
BD_Brms
 1.88309 1.11485 1.3438 1.62189 1.79125 2.8879 4.34182 5.1301 4.50306 4.67459 4.48591 3.18121 1.96674 1.03545 0.497549 0.429168 0.523197 0.723353 0.879397 1.00111 1.54912 1.85771 2.34745 3.25614
S_f
 0.187927 1 1 1 1
 0.187927 1 1 1 1
 0.187927 1 1 1 1
 0.187927 1 1 1 1
 0.187927 1 1 1 1
 0.187927 1 1 1 1
 0.187927 1 1 1 1
 0.187927 1 1 1 1
 0.187927 1 1 1 1
 0.187927 1 1 1 1
 0.187927 1 1 1 1
 0.187927 1 1 1 1
 0.187927 1 1 1 1
 0.187927 1 1 1 1
 0.187927 1 1 1 1
 0.187927 1 1 1 1
 0.187927 1 1 1 1
 0.187927 1 1 1 1
 0.187927 1 1 1 1
 0.187927 1 1 1 1
 0.187927 1 1 1 1
 0.187927 1 1 1 1
 0.187927 1 1 1 1
 0.187927 1 1 1 1
Scru_reclas
 1 1 1 1 1
 1 1 1 1 1
 1 1 1 1 1
 1 1 1 1 1
 1 1 1 1 1
 1 1 1 1 1
 1 1 1 1 1
 1 1 1 1 1
 1 1 1 1 1
 1 1 1 1 1
 1 1 1 1 1
 1 1 1 1 1
 1 1 1 1 1
 1 1 1 1 1
 1 1 1 1 1
 1 1 1 1 1
 1 1 1 1 1
 1 1 1 1 1
 1 1 1 1 1
 1 1 1 1 1
 1 1 1 1 1
 1 1 1 1 1
 1 1 1 1 1
 1 1 1 1 1
Scru_pelaces
 1 1 1 1 1
 1 1 1 1 1
 1 1 1 1 1
 1 1 1 1 1
 1 1 1 1 1
 1 1 1 1 1
 1 1 1 1 1
 1 1 1 1 1
 1 1 1 1 1
 1 1 1 1 1
 1 1 1 1 1
 1 1 1 1 1
 1 1 1 1 1
 1 1 1 1 1
 1 1 1 1 1
 1 1 1 1 1
 1 1 1 1 1
 1 1 1 1 1
 1 1 1 1 1
 1 1 1 1 1
 1 1 1 1 1
 1 1 1 1 1
 1 1 1 1 1
 1 1 1 1 1
pf_obs 
 0.256992 0.487395 0.22802 0.0275931 0
 0.321318 0.546541 0.124235 0.00734118 0.000564706
 0.182869 0.594174 0.210203 0.0122559 0.00049798
 0.330522 0.361315 0.267642 0.0388342 0.00168674
 0.649043 0.306663 0.0425973 0.00169635 0
 0.582887 0.30429 0.105238 0.00758474 0
 0.465427 0.430635 0.0974691 0.00646863 0
 0.296916 0.608066 0.0921331 0.00288517 0
 0.311714 0.524322 0.152257 0.0117073 0
 0.15457 0.633149 0.183074 0.0267441 0.00246327
 0.131901 0.49318 0.331252 0.0422183 0.00144891
 0.196976 0.569456 0.194076 0.0375587 0.00193317
 0.518974 0.381816 0.0799577 0.0180837 0.00116848
 0.0928022 0.601141 0.25162 0.0475244 0.00691264
 0.122501 0.610282 0.24278 0.0234846 0.000952079
 0.383417 0.481906 0.127806 0.00687128 0
 0.0376549 0.599619 0.316969 0.0457579 0
 0.0361596 0.667082 0.258105 0.0386534 0
 0.158088 0.579412 0.248529 0.0139706 0
 0.0477256 0.309471 0.559284 0.082774 0.000745712
 0.0406174 0.521527 0.379366 0.0568643 0.0016247
 0.151134 0.462217 0.34131 0.0453401 0
 0.294876 0.26143 0.354403 0.0886775 0.000613685
 0.281977 0.475581 0.204845 0.0348837 0.00271318
pf_pred 
 0.326823 0.473081 0.178747 0.0213388 1.09534e-05
 0.318408 0.519147 0.114159 0.0431334 0.00515193
 0.180496 0.614024 0.156508 0.0344158 0.0145566
 0.312719 0.418102 0.201685 0.0514073 0.0160857
 0.325777 0.484394 0.115481 0.0557058 0.0186417
 0.172625 0.59731 0.16529 0.0394055 0.0253696
 0.265608 0.403688 0.238747 0.066067 0.0258908
 0.220946 0.52296 0.140772 0.0832549 0.0320672
 0.253339 0.469791 0.185856 0.0500295 0.0409847
 0.224916 0.521169 0.159761 0.0632037 0.030951
 0.11655 0.556763 0.219665 0.0673368 0.0396848
 0.113748 0.409635 0.300371 0.118508 0.0577377
 0.192682 0.364393 0.204724 0.150117 0.088083
 0.172935 0.522471 0.137482 0.0772408 0.089871
 0.251035 0.4932 0.161571 0.0425157 0.0516784
 0.328871 0.503294 0.110521 0.0362064 0.0211079
 0.221811 0.591783 0.13979 0.0306971 0.015919
 0.226313 0.491713 0.21443 0.0506522 0.0168912
 0.230925 0.485336 0.180329 0.0786395 0.0247707
 0.336964 0.420525 0.15304 0.0568629 0.0326081
 0.273657 0.542013 0.11691 0.0425465 0.0248737
 0.258114 0.501296 0.179534 0.0387245 0.0223319
 0.294266 0.466046 0.161959 0.0580038 0.0197261
 0.204975 0.557829 0.156637 0.0544341 0.0261249
pobs_RECLAS
 0 0 0 0 0
 0 0 0 0 0
 0 0 0 0 0
 0 0 0 0 0
 0.835266 0.146461 0.0176864 0.000547809 3.91292e-05
 0.385257 0.428462 0.181853 0.0044286 0
 0.867414 0.0963971 0.0333333 0.00285562 0
 0.441836 0.489002 0.0689373 0.000224442 0
 0.779404 0.147425 0.0564933 0.0165055 0.000172143
 0.814271 0.122319 0.05973 0.00367925 0
 0.40263 0.566651 0.0304383 0.000280538 0
 0.475488 0.404961 0.113038 0.00651328 0
 0.955842 0.0263864 0.0167828 0.000988607 0
 0.975058 0.0227948 0.00214734 0 0
 0.738997 0.206755 0.0527124 0.00153531 0
 0.850938 0.134255 0.0134407 0.00136685 0
 0.542534 0.407297 0.0501686 0 0
 0.764087 0.199537 0.0359546 0.000420521 0
 0.470689 0.182191 0.310203 0.0369168 0
 0.84361 0.089868 0.0606195 0.00523954 0.000663233
 0.607945 0.314616 0.071237 0.00620181 0
 0.523733 0.453247 0.0230204 0 0
 0.530135 0.295979 0.169645 0.0042399 0
 0.562478 0.366248 0.0663022 0.0049721 0
ppred_RECLAS
 0.726766 0.192018 0.072551 0.00866117 4.44585e-06
 0.718103 0.214712 0.0472147 0.0178394 0.00213077
 0.549842 0.337286 0.0859705 0.0189047 0.00799603
 0.708926 0.177073 0.0854169 0.0217718 0.00681256
 0.720185 0.201033 0.0479266 0.023119 0.00773666
 0.528938 0.340075 0.0941071 0.0224353 0.0144441
 0.659578 0.187126 0.110669 0.0306249 0.0120015
 0.604902 0.265219 0.0713928 0.0422228 0.0162629
 0.647208 0.221973 0.0878157 0.0236386 0.019365
 0.609757 0.2624 0.0804371 0.0318221 0.0155833
 0.419124 0.366077 0.144432 0.0442746 0.0260931
 0.411803 0.271871 0.199354 0.0786529 0.03832
 0.570501 0.19386 0.108915 0.0798637 0.0468608
 0.551227 0.283497 0.0745991 0.0419115 0.0487648
 0.661562 0.222864 0.0730099 0.0192118 0.0233522
 0.728086 0.203914 0.0447785 0.0146694 0.00855206
 0.606869 0.298961 0.0706198 0.0155077 0.00804207
 0.611519 0.246897 0.107669 0.0254333 0.00848132
 0.617323 0.241494 0.0897283 0.0391295 0.0123254
 0.731979 0.16999 0.0618638 0.0229858 0.0131813
 0.668144 0.247638 0.0534144 0.0194389 0.0113645
 0.650536 0.236135 0.084569 0.0182411 0.0105194
 0.690733 0.20423 0.0709735 0.0254184 0.00864438
 0.580029 0.294673 0.0827434 0.0287547 0.0138004
pobs_PELACES
 0 0 0 0 0
 0 0 0 0 0
 0 0 0 0 0
 0 0 0 0 0
 0 0 0 0 0
 0 0 0 0 0
 0 0 0 0 0
 0 0 0 0 0
 0 0 0 0 0
 0 0 0 0 0
 0.450072 0.473896 0.0757376 0.000293798 0
 0 0 0 0 0
 0.463077 0.371075 0.160297 0.00555027 0
 0.529543 0.364841 0.0842815 0.0213345 0
 0.631943 0.363953 0.00410389 0 0
 0.735681 0.248677 0.0153453 0.000297389 0
 0.695825 0.281241 0.0229344 0 0
 0.275771 0.60734 0.115278 0.00161068 0
 0 0 0 0 0
 0.896147 0.0623911 0.0374545 0.00400742 0
 0.803859 0.145111 0.0509908 3.86294e-05 0
 0.739449 0.233085 0.0266225 0.000797448 4.60066e-05
 0.878498 0.100942 0.0204185 0.000141795 0
 0.694673 0.275183 0.0284847 0.00165964 0
ppred_PELACES
 0.750154 0.175581 0.0663408 0.00791979 4.06529e-06
 0.73893 0.198849 0.0437264 0.0165214 0.00197334
 0.588712 0.308163 0.0785472 0.0172724 0.0073056
 0.715232 0.173236 0.0835662 0.0213001 0.00666495
 0.72134 0.200203 0.0477288 0.0230235 0.00770472
 0.54265 0.330177 0.0913678 0.0217823 0.0140236
 0.667321 0.18287 0.108152 0.0299283 0.0117285
 0.620998 0.254415 0.0684844 0.0405027 0.0156004
 0.663939 0.211446 0.0836512 0.0225176 0.0184466
 0.623307 0.253289 0.0776441 0.0307171 0.0150423
 0.447464 0.348216 0.137385 0.0421145 0.0248201
 0.437817 0.259847 0.190537 0.0751743 0.0366252
 0.61127 0.175458 0.0985765 0.0722828 0.0424127
 0.623236 0.238008 0.0626292 0.0351866 0.0409402
 0.721657 0.183291 0.0600458 0.0158004 0.0192056
 0.749757 0.187662 0.0412097 0.0135002 0.00787046
 0.625892 0.284495 0.0672028 0.0147574 0.00765294
 0.624463 0.238671 0.104081 0.0245859 0.00819873
 0.628524 0.234425 0.087102 0.0379842 0.0119646
 0.741436 0.163992 0.059681 0.0221748 0.0127162
 0.673144 0.243907 0.0526096 0.019146 0.0111932
 0.657041 0.231739 0.0829947 0.0179016 0.0103236
 0.697963 0.199456 0.0693144 0.0248242 0.0084423
 0.588387 0.288808 0.0810966 0.0281825 0.0135258
pobs_pel_tallas
 0 0 0 0 0 0 0 0 0 0 0 0 0 0 0 0 0 0 0 0 0 0 0 0 0 0 0 0 0 0 0 0 0 0 0 0
 0 0 0 0 0 0 0 0 0 0 0 0 0 0 0 0 0 0 0 0 0 0 0 0 0 0 0 0 0 0 0 0 0 0 0 0
 0 0 0 0 0 0 0 0 0 0 0 0 0 0 0 0 0 0 0 0 0 0 0 0 0 0 0 0 0 0 0 0 0 0 0 0
 0 0 0 0 0 0 0 0 0 0 0 0 0 0 0 0 0 0 0 0 0 0 0 0 0 0 0 0 0 0 0 0 0 0 0 0
 0 0 0 0 0 0 0 0 0 0 0 0 0 0 0 0 0 0 0 0 0 0 0 0 0 0 0 0 0 0 0 0 0 0 0 0
 0 0 0 0 0 0 0 0 0 0 0 0 0 0 0 0 0 0 0 0 0 0 0 0 0 0 0 0 0 0 0 0 0 0 0 0
 0 0 0 0 0 0 0 0 0 0 0 0 0 0 0 0 0 0 0 0 0 0 0 0 0 0 0 0 0 0 0 0 0 0 0 0
 0 0 0 0 0 0 0 0 0 0 0 0 0 0 0 0 0 0 0 0 0 0 0 0 0 0 0 0 0 0 0 0 0 0 0 0
 0 0 0 0 0 0 0 0 0 0 0 0 0 0 0 0 0 0 0 0 0 0 0 0 0 0 0 0 0 0 0 0 0 0 0 0
 0 0 0 0 0 0 0 0 0 0 0 0 0 0 0 0 0 0 0 0 0 0 0 0 0 0 0 0 0 0 0 0 0 0 0 0
 0 0 0 0 0 0 0 0 1.78061e-05 0.00172719 0.00360574 0.0105946 0.0120993 0.0124554 0.0147524 0.0171206 0.0266825 0.0428682 0.0675386 0.121331 0.153587 0.119568 0.100827 0.0573624 0.0630603 0.0341343 0.0324427 0.0444173 0.0211091 0.0280891 0.0125444 0.00206551 0 0 0 0
 0 0 0 0 0 0 0 0 0 0 0 0 0 0 0 0 0 0 0 0 0 0 0 0 0 0 0 0 0 0 0 0 0 0 0 0
 0 0 0 0 0 0 0.0133647 0.0140871 0.0187388 0.0205184 0.03894 0.0496705 0.03968 0.0493445 0.0407372 0.0367815 0.0215668 0.0243155 0.0234873 0.0199281 0.019796 0.0243948 0.0301388 0.0376714 0.0412746 0.0863199 0.0771752 0.113111 0.0741005 0.0525337 0.0229764 0.00759418 0.00175318 0 0 0
 0 0 0 0 0 0 0 0 0 0 0.00219441 0.00772107 0.0458388 0.0604681 0.0671733 0.0775358 0.0609151 0.0617685 0.073594 0.0568108 0.0755445 0.0548602 0.0670107 0.0636378 0.0643287 0.046367 0.0373049 0.0286899 0.0247887 0.0153202 0.00654259 0.00121912 0.000365735 0 0 0
 0 0 0 0 0 0 0 0 0 0 0 0 0.000112435 0.00938835 0.0111873 0.0202946 0.0414886 0.0713402 0.111592 0.104902 0.108894 0.110636 0.117776 0.105296 0.107544 0.0401394 0.0192827 0.0124803 0.00416011 0.0028671 0.000618394 0 0 0 0 0
 0 0 0 0 0 0 0 0 0 0 0.00291406 0.0102884 0.027416 0.0768956 0.0749926 0.110853 0.0956884 0.0897413 0.0766577 0.0534642 0.0500743 0.0551293 0.0594112 0.0620874 0.0668451 0.0424026 0.0208742 0.0120726 0.0048766 0.00582813 0.00118941 0.000297354 0 0 0 0
 0 0.00264628 0.0354308 0.0461629 0.0458689 0.0383711 0.0214643 0.0164657 0.0346957 0.0420465 0.0363128 0.0245516 0.0311673 0.0291091 0.0169068 0.0133784 0.00837989 0.0085269 0.0148486 0.0160247 0.0276389 0.0546898 0.0760071 0.122758 0.109233 0.0665981 0.0333725 0.0166128 0.00676272 0.00308733 0.000882094 0 0 0 0 0
 0 0 0 0 0 0 0 0.000805153 0.000690131 0.00759144 0.0133425 0.0154129 0.00931677 0.000345066 0.00356568 0.00563607 0.00851162 0.0253048 0.0502646 0.0516448 0.0657925 0.0565908 0.0611916 0.0827007 0.0866115 0.110766 0.145733 0.0935128 0.0569358 0.0249597 0.0138026 0.00621118 0.00161031 0.00115022 0 0
 0 0 0 0 0 0 0 0 0 0 0 0 0 0 0 0 0 0 0 0 0 0 0 0 0 0 0 0 0 0 0 0 0 0 0 0
 0.00147267 0.00158595 0.00478618 0.00569244 0.00954404 0.0108468 0.00647125 0.017049 0.0510054 0.094081 0.124002 0.0959785 0.0687766 0.0820023 0.061753 0.0591476 0.0492212 0.0479892 0.0443925 0.0268479 0.0217502 0.0140895 0.0121071 0.0120363 0.00920419 0.00665534 0.0049561 0.00860946 0.00930331 0.0156896 0.0114698 0.00855282 0.00243557 0.00046729 0 2.83206e-05
 0 0 0 0 0.000772559 0.00158375 0.000888443 0.00281984 0.00712685 0.0440552 0.0773331 0.111326 0.0921469 0.0852325 0.0710754 0.0886704 0.0786465 0.0553345 0.0373146 0.0185414 0.00753245 0.00457741 0.012979 0.0271748 0.0457355 0.0583668 0.034881 0.0177882 0.00938659 0.00492506 0.0015258 0.00185414 0.000309023 5.79419e-05 3.86279e-05 0
 0 0.00173294 0.00326652 0 0.00397197 0.00683976 0.00946217 0.0152591 0.00757587 0.0136028 0.0228656 0.0392903 0.0559909 0.0764795 0.0681675 0.0726916 0.0566044 0.0477403 0.0527397 0.0444891 0.0609904 0.0582453 0.0661739 0.0445044 0.0529084 0.0360697 0.0280645 0.0235558 0.0158879 0.00826598 0.00280645 0.00217768 0.000904811 0.00058276 9.20147e-05 0
 0 0 0 0 0 0 0 0 0 0 0 0 0 0 0 0 0 0 0 0 0 0 0 0 0 0 0 0 0 0 0 0 0 0 0 0
 0 0 0 0 0 0 0 0 0 0 0 0 0 0 0 0 0 0 0 0 0 0 0 0 0 0 0 0 0 0 0 0 0 0 0 0
ppred_pel_tallas
 1.01272e-16 3.27301e-05 0.0001921 0.000913154 0.00351569 0.0109634 0.0276926 0.0566628 0.0939249 0.126139 0.137265 0.12108 0.0866782 0.0505964 0.0245751 0.0108601 0.00588237 0.0054382 0.00694866 0.0092729 0.0119283 0.0146056 0.0170114 0.0188698 0.0199712 0.0202159 0.0196325 0.0183609 0.0166111 0.0146097 0.0125547 0.0105882 0.0087918 0.00719784 0.00580784 0.00460963
 1.01346e-16 3.22416e-05 0.000189229 0.000899505 0.00346313 0.0107995 0.0272786 0.0558158 0.0925218 0.124257 0.135223 0.119292 0.0854273 0.049925 0.0243582 0.0109489 0.00618983 0.00594462 0.0076693 0.0102252 0.0131098 0.0159814 0.0185109 0.0203921 0.0213996 0.0214382 0.0205618 0.0189519 0.0168664 0.0145764 0.0123107 0.0102253 0.00839755 0.00684218 0.00553581 0.00444052
 1.02151e-16 2.56959e-05 0.00015079 0.000716738 0.00275939 0.00860484 0.0217353 0.0444748 0.0737272 0.0990295 0.107806 0.0951927 0.0683606 0.0403368 0.020401 0.0103931 0.00758873 0.00874325 0.0118388 0.0159133 0.0204362 0.0249372 0.0289163 0.031899 0.0335323 0.0336635 0.0323696 0.0299252 0.0267245 0.0231834 0.0196557 0.0163846 0.0134948 0.0110153 0.00891683 0.00714727
 1.02287e-16 3.12073e-05 0.000183159 0.000870652 0.00335205 0.010453 0.0264036 0.0540253 0.0895534 0.120269 0.13088 0.115453 0.0826618 0.0482762 0.0234944 0.0104635 0.00578751 0.00546622 0.0070483 0.00945213 0.0122209 0.0150594 0.0176829 0.0198192 0.0212548 0.0218777 0.0216947 0.0208177 0.0194243 0.0177098 0.0158464 0.0139595 0.0121258 0.0103843 0.00875339 0.00724508
 1.01894e-16 3.14746e-05 0.000184726 0.000878097 0.00338071 0.0105424 0.0266293 0.0544874 0.09032 0.1213 0.132007 0.116459 0.0834081 0.0487636 0.0238268 0.0107703 0.00617501 0.00600685 0.00778535 0.0103998 0.0133576 0.0163204 0.0189596 0.0209682 0.0221182 0.02231 0.0215911 0.0201349 0.0181901 0.0160173 0.0138361 0.0117946 0.00996567 0.00836336 0.00696779 0.00574829
 1.02809e-16 2.36883e-05 0.000139001 0.000660688 0.00254358 0.00793184 0.0200354 0.0409968 0.0679631 0.0912917 0.0993939 0.0877926 0.0631067 0.0373584 0.01912 0.0101102 0.0078408 0.00933887 0.0127499 0.0171732 0.0220833 0.0269885 0.031357 0.0346807 0.0365794 0.0368838 0.0356683 0.0332161 0.0299373 0.0262653 0.0225689 0.0191013 0.0159932 0.0132775 0.0109287 0.0089003
 1.03172e-16 2.91186e-05 0.000170896 0.000812347 0.00312756 0.00975297 0.0246353 0.0504073 0.0835569 0.112218 0.122125 0.107744 0.0771746 0.0451364 0.0220884 0.0100471 0.00585849 0.00580366 0.00760429 0.0102519 0.0133102 0.0164824 0.0194729 0.0219928 0.0238097 0.0247912 0.0249253 0.0243057 0.0230947 0.0214753 0.0196116 0.0176267 0.0156021 0.0135889 0.011624 0.00974235
 1.03176e-16 2.71014e-05 0.000159047 0.000756003 0.0029106 0.00907637 0.0229263 0.0469112 0.077764 0.104445 0.113685 0.100344 0.0719738 0.0422952 0.021071 0.0102116 0.00681419 0.00743725 0.00995469 0.0133856 0.0172405 0.0211253 0.0246318 0.0273715 0.0290521 0.0295398 0.0288833 0.0272872 0.0250488 0.022481 0.019846 0.0173198 0.0149891 0.0128731 0.0109544 0.00920753
 1.02893e-16 2.89722e-05 0.000170034 0.000808244 0.00311175 0.00970367 0.0245108 0.0501528 0.0831357 0.111655 0.121518 0.107224 0.0768341 0.0450021 0.0221427 0.0102723 0.00626189 0.00641467 0.00845786 0.0113687 0.0146798 0.0180508 0.0211396 0.0236185 0.0252349 0.025863 0.0255249 0.0243711 0.0226303 0.0205492 0.0183393 0.016149 0.0140608 0.0121068 0.0102925 0.00861626
 1.02944e-16 2.72022e-05 0.000159638 0.000758814 0.00292142 0.00911012 0.0230116 0.0470856 0.0780531 0.104834 0.114107 0.100716 0.0722383 0.0424466 0.021139 0.0102326 0.00681305 0.00742601 0.00993785 0.0133651 0.0172182 0.0211035 0.0246129 0.0273571 0.0290414 0.0295289 0.0288641 0.0272479 0.0249756 0.0223601 0.0196668 0.0170771 0.014685 0.0125171 0.0105624 0.00879918
 1.04671e-16 1.95385e-05 0.000114637 0.000544853 0.00209758 0.00654099 0.0165223 0.0338089 0.0560497 0.0752967 0.0819997 0.0724769 0.0522031 0.0311162 0.016319 0.00926999 0.00796121 0.00997817 0.01381 0.0187021 0.0241708 0.0297234 0.0348085 0.0388879 0.0415455 0.0425739 0.0420092 0.0400987 0.0372196 0.0337779 0.0301229 0.0264999 0.0230458 0.019815 0.0168175 0.014052
 1.07084e-16 1.91144e-05 0.000112155 0.00053307 0.00205224 0.00639962 0.0161651 0.0330774 0.0548349 0.0736583 0.0801987 0.0708452 0.0509413 0.0301916 0.0155211 0.00833044 0.00663291 0.00805954 0.011153 0.0152334 0.0199268 0.024882 0.0297002 0.0339734 0.0373586 0.0396382 0.0407488 0.0407639 0.0398469 0.0381913 0.0359735 0.0333307 0.0303639 0.0271571 0.0237977 0.0203879
 1.05923e-16 2.6674e-05 0.000156545 0.000744125 0.00286489 0.00893386 0.0225662 0.0461739 0.0765398 0.102795 0.111873 0.0987068 0.0707167 0.041391 0.0203155 0.00934489 0.0055995 0.00568343 0.00752084 0.0101983 0.0133246 0.0166335 0.0198562 0.0227266 0.0250252 0.0266184 0.0274751 0.0276522 0.0272596 0.0264183 0.0252284 0.0237558 0.0220384 0.0201036 0.0179875 0.0157457
 1.04089e-16 2.71983e-05 0.000159617 0.000758719 0.00292106 0.009109 0.0230087 0.0470797 0.0780427 0.104818 0.114087 0.100689 0.0722003 0.0423862 0.0210382 0.0100666 0.00655119 0.00703401 0.00938276 0.0126226 0.0162812 0.0199904 0.0233724 0.026068 0.0278062 0.0284617 0.028076 0.0268325 0.0249967 0.0228449 0.0206041 0.0184206 0.0163597 0.0144281 0.012605 0.0108693
 1.02353e-16 3.14878e-05 0.000184805 0.000878475 0.00338217 0.010547 0.0266408 0.0545108 0.0903584 0.121351 0.132058 0.116496 0.0834153 0.0487302 0.0237406 0.0106144 0.0059256 0.00563641 0.00726867 0.00972235 0.0125243 0.0153625 0.0179369 0.0199651 0.0212332 0.0216402 0.0212159 0.0201023 0.0185096 0.0166606 0.014744 0.012889 0.0111624 0.00958337 0.00814508 0.00683398
 1.01478e-16 3.27132e-05 0.000191999 0.000912676 0.00351385 0.0109576 0.0276781 0.0566331 0.0938762 0.126074 0.137197 0.121026 0.0866513 0.0506047 0.0246234 0.0109554 0.00603607 0.00566403 0.00725782 0.00966803 0.0123979 0.0151204 0.0175247 0.0193224 0.0203014 0.0203719 0.0195841 0.018108 0.0161852 0.0140685 0.011971 0.0100365 0.00833522 0.00687883 0.00564418 0.00459564
 1.01912e-16 2.73161e-05 0.000160304 0.000761975 0.00293358 0.00914803 0.0231074 0.0472818 0.0783792 0.105274 0.114593 0.10116 0.0725904 0.0427206 0.0213992 0.0105617 0.00729119 0.00812239 0.0109065 0.0146353 0.0187814 0.0229008 0.0265303 0.0292324 0.0306834 0.0307456 0.0294945 0.0271888 0.0241971 0.0209075 0.0176489 0.0146461 0.0120123 0.00977088 0.00788992 0.00631614
 1.02784e-16 2.72521e-05 0.000159932 0.000760215 0.00292682 0.00912696 0.0230541 0.0471725 0.0781967 0.105025 0.114313 0.100891 0.0723481 0.0424805 0.0210995 0.0101214 0.00662305 0.00714282 0.00954744 0.0128624 0.0166148 0.0204325 0.0239289 0.0267311 0.0285491 0.0292362 0.0288129 0.0274459 0.0253936 0.0229375 0.0203234 0.0177286 0.0152577 0.0129584 0.0108461 0.00892483
 1.03178e-16 2.74289e-05 0.000160971 0.000765154 0.00294584 0.00918627 0.0232039 0.047479 0.0787046 0.105707 0.115053 0.10154 0.0728052 0.0427316 0.0211921 0.0101117 0.00654492 0.0070046 0.00934231 0.0125787 0.0162428 0.0199691 0.0233806 0.0261153 0.0278944 0.0285801 0.0281984 0.0269172 0.0249908 0.0226921 0.0202546 0.0178408 0.0155401 0.0133861 0.0113835 0.00953007
 1.02257e-16 3.23495e-05 0.000189866 0.000902538 0.00347482 0.0108359 0.0273706 0.0560039 0.0928326 0.124671 0.135666 0.119665 0.0856543 0.0499774 0.0242349 0.0106432 0.00567217 0.00516602 0.00657865 0.00879027 0.0113373 0.0139321 0.0163053 0.0182032 0.0194315 0.0198952 0.0196141 0.0187073 0.0173546 0.015748 0.0140512 0.0123777 0.0107887 0.00930577 0.00792979 0.00665692
 1.02008e-16 2.93748e-05 0.000172395 0.000819463 0.00315493 0.00983833 0.0248509 0.0508491 0.0842906 0.113208 0.123214 0.108735 0.0779472 0.0457148 0.0226054 0.0106721 0.00674935 0.00709008 0.00938067 0.0125611 0.0161199 0.0196636 0.0227947 0.0251398 0.0264235 0.0265293 0.0255226 0.0236239 0.021146 0.0184164 0.0157104 0.0132129 0.0110138 0.00912688 0.00752158 0.00615166
 1.02352e-16 2.86723e-05 0.000168271 0.00079986 0.00307946 0.00960298 0.0242564 0.0496326 0.0822741 0.1105 0.120266 0.106131 0.0760779 0.0446129 0.022051 0.0103968 0.00656209 0.00689359 0.00914001 0.012277 0.0158181 0.0193929 0.022624 0.0251516 0.0267014 0.0271428 0.0265117 0.0249886 0.0228427 0.0203629 0.0177979 0.0153228 0.013034 0.0109662 0.00911782 0.00747431
 1.02297e-16 3.04553e-05 0.000178742 0.000849647 0.00327117 0.0102008 0.0257665 0.052722 0.0873938 0.117371 0.127733 0.112694 0.0807221 0.0472156 0.0231126 0.0105207 0.00613734 0.00606572 0.00791135 0.0106032 0.0136652 0.0167664 0.0195811 0.0218003 0.0231887 0.0236335 0.0231637 0.0219314 0.0201637 0.0181033 0.0159581 0.0138729 0.0119265 0.010146 0.00853018 0.00706905
 1.02846e-16 2.56809e-05 0.000150704 0.000716332 0.00275784 0.0086 0.0217231 0.0444496 0.0736848 0.0989711 0.107738 0.0951228 0.0682886 0.0402507 0.0202772 0.0101999 0.00728984 0.0083011 0.0112204 0.0150986 0.019428 0.023769 0.0276563 0.0306463 0.0324058 0.0327842 0.031842 0.0298202 0.027069 0.0239584 0.0208024 0.0178155 0.0151075 0.0127064 0.0105924 0.00873031
pSPR Fmed_Fpbrs
0.684036   0.336971 0.336971
Fs Fmed_Fpbrs
0.241859   1.005 1.005
SSBpbr Bo_Bmed_Bpbrs
1.22822e+06  778736  352463 352463
Ro
53103.6
SPR SPRFo_SPRFmed_SPRFpbrs
1.09253e+06 747331 368151
log_Ro
10.7
likeval ReclasPelacesDesembMPH_pf_preclas_ppelaces_ptallas_desvR_qrecl_qpela
 64.978 28.0683 0.0128406 0.00127783 287.186 170.429 80.7267 0 15.2225 7.2628e-05 0 0 0 0 0
q_reclas_q_pelaces
0.298904 1
M
0.7
N
 47453.6 15064 5691.72 679.481 0.348783
 61712.9 21645.3 4759.76 1798.4 214.804
 36488.7 28463.4 7255.01 1595.36 674.781
 61951.8 16212.4 7820.57 1993.38 623.741
 106925 30107.8 7177.76 3462.43 1158.68
 75662 52884.2 14634.3 3488.85 2246.16
 120890 36147.7 21378.3 5915.89 2318.36
 120575 58590 15771.5 9327.5 3592.66
 148787 57093.4 22587 6080.06 4980.85
 149440 70144 21502.2 8506.58 4165.69
 68518.1 71285.8 28125.1 8621.55 5081.1
 40447.4 31378.9 23009.1 9078 4422.84
 42478.9 18640.3 10472.5 7679.15 4505.82
 23210 18740 4931.23 2770.48 3223.5
 18100.6 9354.31 3064.45 806.377 980.163
 22205.1 7373.45 1619.17 530.437 309.238
 18312.8 10191 2407.3 528.63 274.139
 19591 8594.96 3748.16 885.382 295.251
 22262.7 9361.59 3478.35 1516.87 477.799
 42760.1 10691.7 3890.99 1445.72 829.051
 53498.1 20520.3 4426.12 1610.78 941.702
 68966.3 26147.9 9364.6 2019.9 1164.85
 107808 33564.3 11664.2 4177.4 1420.66
 97664.8 52272.2 14677.9 5100.82 2448.07
pred_Ctot
 2793.49 4043.62 1527.82 182.392 0.0936233
 3173.98 5175 1137.97 429.965 51.3558
 2780.08 9457.45 2410.6 530.086 224.207
 951.994 1272.81 613.979 156.496 48.9689
 308.908 459.312 109.501 52.8213 17.6764
 2068.19 7156.28 1980.31 472.111 303.95
 2091.77 3179.21 1880.23 520.306 203.901
 4040.39 9563.24 2574.27 1522.46 586.405
 5435.05 10078.7 3987.3 1073.32 879.272
 4244.06 9834.2 3014.61 1192.62 584.031
 3850.14 18392.2 7256.43 2224.41 1310.95
 2102.2 7570.58 5551.25 2190.19 1067.07
 3432.97 6492.3 3647.53 2674.61 1569.35
 3182.8 9615.86 2530.31 1421.59 1654.04
 2365.8 4648 1522.68 400.676 487.027
 1215.77 1860.59 408.575 133.848 78.032
 724.877 1933.95 456.832 100.318 52.0233
 532.668 1157.33 504.7 119.219 39.7563
 527.589 1108.84 411.994 179.666 56.593
 1035.74 1292.59 470.407 174.783 100.229
 606.519 1201.29 259.113 94.2978 55.1289
 990.791 1924.26 689.154 148.647 85.7227
 1832.77 2902.66 1008.73 361.264 122.86
 1676.88 4563.55 1281.43 445.321 213.725
F
 0.0849645 0.452114 0.452114 0.452114 0.452114
 0.0738735 0.393096 0.393096 0.393096 0.393096
 0.111227 0.591862 0.591862 0.591862 0.591862
 0.0215718 0.114788 0.114788 0.114788 0.114788
 0.00402434 0.0214143 0.0214143 0.0214143 0.0214143
 0.0386619 0.205728 0.205728 0.205728 0.205728
 0.0243195 0.129409 0.129409 0.129409 0.129409
 0.0475812 0.253189 0.253189 0.253189 0.253189
 0.0519685 0.276535 0.276535 0.276535 0.276535
 0.0401955 0.213889 0.213889 0.213889 0.213889
 0.0809605 0.430808 0.430808 0.430808 0.430808
 0.0746787 0.397381 0.397381 0.397381 0.397381
 0.118344 0.629734 0.629734 0.629734 0.629734
 0.208748 1.11079 1.11079 1.11079 1.11079
 0.198061 1.05392 1.05392 1.05392 1.05392
 0.0788129 0.41938 0.41938 0.41938 0.41938
 0.0564235 0.300241 0.300241 0.300241 0.300241
 0.038453 0.204617 0.204617 0.204617 0.204617
 0.033442 0.177952 0.177952 0.177952 0.177952
 0.0341925 0.181945 0.181945 0.181945 0.181945
 0.0158753 0.0844759 0.0844759 0.0844759 0.0844759
 0.0201549 0.107248 0.107248 0.107248 0.107248
 0.0238894 0.127121 0.127121 0.127121 0.127121
 0.0241301 0.128401 0.128401 0.128401 0.128401
nmprior
 10 10 8 0
nm_flota  nm_reclas  nm_pelaces    nm_pelaL
inf 15.192 19.1824 34.6326
cv_recla  cv_pelaces  cv_mph
0.746294 0.623408 1.15978
 ------------------------------------------------
Talla a la edad & desviación 
 7.2 14.2025 17.0495 18.207 18.6776
 1.08 2.13037 2.55742 2.73105 2.80164
