years
 1997 1998 1999 2000 2001 2002 2003 2004 2005 2006 2007 2008 2009 2010 2011 2012 2013 2014 2015 2016 2017 2018 2019 2020
reclasobs
 0 0 0 370054 412103 1.49427e+06 250295 1.28982e+06 931140 785840 897777 1.04006e+06 184774 17550 25797 100020 73551 82996 120727 218422 84188 347160 605670 569463
reclaspred
 468787 136731 459644 327635 435673 511489 1.0841e+06 688891 717233 607823 466508 311489 188980 86801.2 61356.7 64059.5 83421.9 115831 124504 178937 257137 240081 430368 535770
pelacesobs
 0 0 0 0 0 0 0 0 0 2.06254e+06 1.5e+06 0 1.87456e+06 323000 250000 174000 83755 137374 0 501740 490994 745055 786931 1.00524e+06
pelacespred
 1.94981e+06 521829 1.03225e+06 1.14531e+06 1.28394e+06 1.29021e+06 2.94071e+06 2.44029e+06 2.19276e+06 1.89836e+06 1.31138e+06 901034 536228 203549 140272 158315 215796 305228 340524 472129 753616 691310 974281 1.4292e+06
mphobs
 0 0 0 0 0 112323 0 153150 637223 0 255016 313432 73983 77613 109348 50772 0 0 0 0 0 0 0 0
mphpred
 167305 113800 148901 199988 192952 275864 411372 465719 379579 356619 311609 214994 132310 68574.2 32789.8 28730.8 36105.7 51701.2 65151.2 76075 113336 133601 172871 252184
desembarqueobs
 350755 77701 442110 56441 14545 235359 269955 359681 431902 328805 639364 411747 362871 311530 167758 66681 60226 58785 57116 71774 51957 67425 138520 160799
desembarquepred
 350766 77705.1 442160 56443 14545.1 235397 269984 359714 431984 328871 639742 412081 363337 312096 167833 66698.7 60249.3 58789.3 57115 71778.3 51959 67422.7 138524 160804
Reclutas
 71357.2 88276.6 56693.3 80862.3 131864 99613.5 145344 129045 141677 132297 67410 42047 41479 23588.1 18309.3 22654.1 19261.6 21444.8 25060.8 43045 54425.4 74656.2 122926 131981
log_desv_Rt
 0.175454 0.38823 -0.0545884 0.300503 0.789527 0.509053 0.886856 0.767917 0.861308 0.792804 0.118548 -0.353457 -0.367059 -0.931504 -1.18484 -0.971903 -1.13413 -1.02676 -0.87094 -0.329998 -0.0954146 0.220648 0.719338 0.79041
SSB
 851231 579003 757594 1.01752e+06 981718 1.40357e+06 2.09302e+06 2.36953e+06 1.93126e+06 1.81444e+06 1.58543e+06 1.09387e+06 673182 348899 166831 146179 183702 263051 331483 387062 576642 679748 879550 1.28309e+06
BT
 2.94282e+06 812237 1.62105e+06 1.5645e+06 1.7084e+06 1.86697e+06 4.09303e+06 3.61714e+06 3.29542e+06 2.81653e+06 2.30223e+06 1.56045e+06 1.06312e+06 568212 329959 265020 335422 450426 495819 683370 1.04097e+06 967363 1.37599e+06 2.01107e+06
Ftot
 0.349198 0.255865 0.349124 0.0646863 0.014056 0.14878 0.0937038 0.193141 0.227097 0.196111 0.434624 0.409926 0.647459 1.16316 1.1007 0.429143 0.296839 0.195961 0.16408 0.164182 0.0800347 0.102646 0.117945 0.112065
BD_Bspro_t
 0.958354 0.806603 0.783283 0.69209 0.784827 0.87326 0.847801 0.848961 0.797655 0.753667 0.707505 0.554866 0.440816 0.323948 0.204952 0.219336 0.335282 0.504675 0.616851 0.702078 0.793909 0.855268 0.864425 0.870452
BD_Bspro
 0.691032 0.470036 0.615017 0.826026 0.796961 1.13942 1.69912 1.92359 1.5678 1.47297 1.28706 0.888006 0.546491 0.283237 0.135434 0.118669 0.14913 0.213545 0.269099 0.314218 0.468119 0.551821 0.714021 1.04161
BD_Bo
 0.607732 0.413376 0.54088 0.726453 0.700892 1.00207 1.4943 1.69171 1.37881 1.29541 1.13191 0.780962 0.480614 0.249094 0.119108 0.104364 0.131153 0.187803 0.23666 0.276341 0.41169 0.485302 0.62795 0.916053
BD_Brms
 1.10497 0.751593 0.983419 1.32082 1.27435 1.82195 2.71691 3.07584 2.50693 2.35529 2.05802 1.41993 0.873844 0.452899 0.21656 0.189753 0.23846 0.341461 0.430292 0.502438 0.748528 0.882367 1.14173 1.66555
S_f
 0.198769 1 1 1 1
 0.198769 1 1 1 1
 0.198769 1 1 1 1
 0.198769 1 1 1 1
 0.198769 1 1 1 1
 0.198769 1 1 1 1
 0.198769 1 1 1 1
 0.198769 1 1 1 1
 0.198769 1 1 1 1
 0.198769 1 1 1 1
 0.198769 1 1 1 1
 0.198769 1 1 1 1
 0.198769 1 1 1 1
 0.198769 1 1 1 1
 0.198769 1 1 1 1
 0.198769 1 1 1 1
 0.198769 1 1 1 1
 0.198769 1 1 1 1
 0.198769 1 1 1 1
 0.198769 1 1 1 1
 0.198769 1 1 1 1
 0.198769 1 1 1 1
 0.198769 1 1 1 1
 0.198769 1 1 1 1
Scru_reclas
 1 1 1 1 1
 1 1 1 1 1
 1 1 1 1 1
 1 1 1 1 1
 1 1 1 1 1
 1 1 1 1 1
 1 1 1 1 1
 1 1 1 1 1
 1 1 1 1 1
 1 1 1 1 1
 1 1 1 1 1
 1 1 1 1 1
 1 1 1 1 1
 1 1 1 1 1
 1 1 1 1 1
 1 1 1 1 1
 1 1 1 1 1
 1 1 1 1 1
 1 1 1 1 1
 1 1 1 1 1
 1 1 1 1 1
 1 1 1 1 1
 1 1 1 1 1
 1 1 1 1 1
Scru_pelaces
 0.936993 1 1 1 1
 0.936993 1 1 1 1
 0.936993 1 1 1 1
 0.936993 1 1 1 1
 0.936993 1 1 1 1
 0.936993 1 1 1 1
 0.936993 1 1 1 1
 0.936993 1 1 1 1
 0.936993 1 1 1 1
 0.936993 1 1 1 1
 0.936993 1 1 1 1
 0.936993 1 1 1 1
 0.936993 1 1 1 1
 0.936993 1 1 1 1
 0.936993 1 1 1 1
 0.936993 1 1 1 1
 0.936993 1 1 1 1
 0.936993 1 1 1 1
 0.936993 1 1 1 1
 0.936993 1 1 1 1
 0.936993 1 1 1 1
 0.936993 1 1 1 1
 0.936993 1 1 1 1
 0.936993 1 1 1 1
pf_obs 
 0.256992 0.487395 0.22802 0.0275931 0
 0.321318 0.546541 0.124235 0.00734118 0.000564706
 0.182869 0.594174 0.210203 0.0122559 0.00049798
 0.330522 0.361315 0.267642 0.0388342 0.00168674
 0.649043 0.306663 0.0425973 0.00169635 0
 0.582887 0.30429 0.105238 0.00758474 0
 0.465427 0.430635 0.0974691 0.00646863 0
 0.296916 0.608066 0.0921331 0.00288517 0
 0.311714 0.524322 0.152257 0.0117073 0
 0.15457 0.633149 0.183074 0.0267441 0.00246327
 0.131901 0.49318 0.331252 0.0422183 0.00144891
 0.196976 0.569456 0.194076 0.0375587 0.00193317
 0.518974 0.381816 0.0799577 0.0180837 0.00116848
 0.0928022 0.601141 0.25162 0.0475244 0.00691264
 0.122501 0.610282 0.24278 0.0234846 0.000952079
 0.383417 0.481906 0.127806 0.00687128 0
 0.0376549 0.599619 0.316969 0.0457579 0
 0.0361596 0.667082 0.258105 0.0386534 0
 0.158088 0.579412 0.248529 0.0139706 0
 0.0477256 0.309471 0.559284 0.082774 0.000745712
 0.0406174 0.521527 0.379366 0.0568643 0.0016247
 0.151134 0.462217 0.34131 0.0453401 0
 0.294876 0.26143 0.354403 0.0886775 0.000613685
 0.281977 0.475581 0.204845 0.0348837 0.00271318
pf_pred 
 0.3855 0.434226 0.161278 0.0189867 9.48934e-06
 0.313422 0.540706 0.103078 0.0382847 0.00450938
 0.180047 0.591008 0.180303 0.0343722 0.01427
 0.26119 0.417223 0.231795 0.0707151 0.0190776
 0.300585 0.452364 0.139515 0.0775098 0.0300258
 0.179519 0.562126 0.167098 0.0515353 0.0397224
 0.251584 0.404706 0.235482 0.0699995 0.038229
 0.19813 0.511771 0.156871 0.0912768 0.0419513
 0.221412 0.448275 0.210813 0.0646195 0.0548804
 0.204286 0.488098 0.177111 0.0832911 0.0472138
 0.125687 0.511836 0.222347 0.0806807 0.0594498
 0.128 0.409334 0.270852 0.117661 0.0741538
 0.200062 0.377309 0.19839 0.131273 0.0929659
 0.189829 0.510966 0.141127 0.0742049 0.0838731
 0.271879 0.49218 0.148805 0.0410995 0.046036
 0.352123 0.494209 0.103873 0.031405 0.0183897
 0.239947 0.58477 0.133708 0.0281029 0.0134719
 0.246151 0.48651 0.205686 0.0470301 0.0146234
 0.248538 0.482679 0.173464 0.0733368 0.0219824
 0.325572 0.432908 0.155133 0.0557514 0.0306356
 0.280097 0.520832 0.127782 0.0457908 0.0254989
 0.279219 0.482839 0.172145 0.0422344 0.0235627
 0.319954 0.456439 0.149791 0.0534046 0.0204122
 0.246242 0.538183 0.144692 0.0474839 0.0234
pobs_RECLAS
 0 0 0 0 0
 0 0 0 0 0
 0 0 0 0 0
 0 0 0 0 0
 0.835266 0.146461 0.0176864 0.000547809 3.91292e-05
 0.385257 0.428462 0.181853 0.0044286 0
 0.867414 0.0963971 0.0333333 0.00285562 0
 0.441836 0.489002 0.0689373 0.000224442 0
 0.779404 0.147425 0.0564933 0.0165055 0.000172143
 0.814271 0.122319 0.05973 0.00367925 0
 0.40263 0.566651 0.0304383 0.000280538 0
 0.475488 0.404961 0.113038 0.00651328 0
 0.955842 0.0263864 0.0167828 0.000988607 0
 0.975058 0.0227948 0.00214734 0 0
 0.738997 0.206755 0.0527124 0.00153531 0
 0.850938 0.134255 0.0134407 0.00136685 0
 0.542534 0.407297 0.0501686 0 0
 0.764087 0.199537 0.0359546 0.000420521 0
 0.470689 0.182191 0.310203 0.0369168 0
 0.84361 0.089868 0.0606195 0.00523954 0.000663233
 0.607945 0.314616 0.071237 0.00620181 0
 0.523733 0.453247 0.0230204 0 0
 0.530135 0.295979 0.169645 0.0042399 0
 0.562478 0.366248 0.0663022 0.0049721 0
ppred_RECLAS
 0.76319 0.167338 0.0621515 0.0073169 3.6569e-06
 0.699695 0.236502 0.0450858 0.0167455 0.00197238
 0.530085 0.338706 0.103331 0.0196987 0.00817814
 0.640833 0.20283 0.112685 0.0343777 0.00927444
 0.683901 0.204445 0.0630536 0.0350304 0.0135701
 0.525916 0.324803 0.0965513 0.0297777 0.0229521
 0.62951 0.200342 0.116571 0.034652 0.0189246
 0.556753 0.28289 0.0867131 0.0504548 0.0231893
 0.591625 0.235124 0.110573 0.0338934 0.0287852
 0.566228 0.26608 0.0965496 0.0454049 0.0257379
 0.426391 0.335799 0.145875 0.0529321 0.0390031
 0.43103 0.267086 0.176728 0.0767723 0.0483845
 0.568514 0.20352 0.107011 0.0708083 0.0501457
 0.566918 0.27314 0.0754404 0.0396667 0.0448349
 0.674191 0.220233 0.0665852 0.0183906 0.0205995
 0.737477 0.200256 0.04209 0.0127255 0.00745161
 0.617705 0.29413 0.067253 0.0141353 0.00677617
 0.624089 0.242601 0.102566 0.0234518 0.00729205
 0.626642 0.239815 0.0861841 0.0364368 0.0109218
 0.710125 0.186068 0.0666777 0.0239624 0.0131675
 0.662754 0.243989 0.0598606 0.0214512 0.0119452
 0.662049 0.226387 0.0807133 0.0198023 0.0110478
 0.704254 0.198501 0.0651428 0.0232252 0.0088771
 0.623055 0.269138 0.0723584 0.0237461 0.011702
pobs_PELACES
 0 0 0 0 0
 0 0 0 0 0
 0 0 0 0 0
 0 0 0 0 0
 0 0 0 0 0
 0 0 0 0 0
 0 0 0 0 0
 0 0 0 0 0
 0 0 0 0 0
 0 0 0 0 0
 0.450072 0.473896 0.0757376 0.000293798 0
 0 0 0 0 0
 0.463077 0.371075 0.160297 0.00555027 0
 0.529543 0.364841 0.0842815 0.0213345 0
 0.631943 0.363953 0.00410389 0 0
 0.735681 0.248677 0.0153453 0.000297389 0
 0.695825 0.281241 0.0229344 0 0
 0.275771 0.60734 0.115278 0.00161068 0
 0 0 0 0 0
 0.896147 0.0623911 0.0374545 0.00400742 0
 0.803859 0.145111 0.0509908 3.86294e-05 0
 0.739449 0.233085 0.0266225 0.000797448 4.60066e-05
 0.878498 0.100942 0.0204185 0.000141795 0
 0.694673 0.275183 0.0284847 0.00165964 0
ppred_PELACES
 0.76808 0.163882 0.0608682 0.00716582 3.5814e-06
 0.700235 0.236076 0.0450046 0.0167154 0.00196883
 0.536862 0.333822 0.101841 0.0194146 0.00806019
 0.629717 0.209107 0.116173 0.0354416 0.00956146
 0.670488 0.21312 0.0657291 0.0365168 0.0141459
 0.519494 0.329203 0.0978591 0.0301811 0.023263
 0.620062 0.205451 0.119544 0.0355357 0.0194072
 0.553292 0.285099 0.0873901 0.0508487 0.0233703
 0.590408 0.235824 0.110902 0.0339944 0.0288709
 0.562976 0.268074 0.0972733 0.0457453 0.0259308
 0.438622 0.328639 0.142764 0.0518033 0.0381714
 0.441681 0.262086 0.173419 0.0753352 0.0474788
 0.594332 0.191343 0.100608 0.0665714 0.0471452
 0.625217 0.236372 0.065285 0.034327 0.0387995
 0.72175 0.188086 0.0568657 0.0157061 0.0175926
 0.746737 0.193192 0.0406054 0.0122766 0.00718877
 0.620866 0.291698 0.0666969 0.0140184 0.00672015
 0.620972 0.244612 0.103417 0.0236463 0.00735253
 0.621552 0.243084 0.087359 0.0369335 0.0110707
 0.705644 0.188944 0.0677083 0.0243328 0.013371
 0.652869 0.251141 0.0616153 0.0220799 0.0122954
 0.653509 0.232108 0.082753 0.0203027 0.0113269
 0.697145 0.203272 0.0667085 0.0237834 0.00909045
 0.614694 0.275108 0.0739634 0.0242728 0.0119616
pobs_pel_tallas
 0 0 0 0 0 0 0 0 0 0 0 0 0 0 0 0 0 0 0 0 0 0 0 0 0 0 0 0 0 0 0 0 0 0 0 0
 0 0 0 0 0 0 0 0 0 0 0 0 0 0 0 0 0 0 0 0 0 0 0 0 0 0 0 0 0 0 0 0 0 0 0 0
 0 0 0 0 0 0 0 0 0 0 0 0 0 0 0 0 0 0 0 0 0 0 0 0 0 0 0 0 0 0 0 0 0 0 0 0
 0 0 0 0 0 0 0 0 0 0 0 0 0 0 0 0 0 0 0 0 0 0 0 0 0 0 0 0 0 0 0 0 0 0 0 0
 0 0 0 0 0 0 0 0 0 0 0 0 0 0 0 0 0 0 0 0 0 0 0 0 0 0 0 0 0 0 0 0 0 0 0 0
 0 0 0 0 0 0 0 0 0 0 0 0 0 0 0 0 0 0 0 0 0 0 0 0 0 0 0 0 0 0 0 0 0 0 0 0
 0 0 0 0 0 0 0 0 0 0 0 0 0 0 0 0 0 0 0 0 0 0 0 0 0 0 0 0 0 0 0 0 0 0 0 0
 0 0 0 0 0 0 0 0 0 0 0 0 0 0 0 0 0 0 0 0 0 0 0 0 0 0 0 0 0 0 0 0 0 0 0 0
 0 0 0 0 0 0 0 0 0 0 0 0 0 0 0 0 0 0 0 0 0 0 0 0 0 0 0 0 0 0 0 0 0 0 0 0
 0 0 0 0 0 0 0 0 0 0 0 0 0 0 0 0 0 0 0 0 0 0 0 0 0 0 0 0 0 0 0 0 0 0 0 0
 0 0 0 0 0 0 0 0 1.78061e-05 0.00172719 0.00360574 0.0105946 0.0120993 0.0124554 0.0147524 0.0171206 0.0266825 0.0428682 0.0675386 0.121331 0.153587 0.119568 0.100827 0.0573624 0.0630603 0.0341343 0.0324427 0.0444173 0.0211091 0.0280891 0.0125444 0.00206551 0 0 0 0
 0 0 0 0 0 0 0 0 0 0 0 0 0 0 0 0 0 0 0 0 0 0 0 0 0 0 0 0 0 0 0 0 0 0 0 0
 0 0 0 0 0 0 0.0133647 0.0140871 0.0187388 0.0205184 0.03894 0.0496705 0.03968 0.0493445 0.0407372 0.0367815 0.0215668 0.0243155 0.0234873 0.0199281 0.019796 0.0243948 0.0301388 0.0376714 0.0412746 0.0863199 0.0771752 0.113111 0.0741005 0.0525337 0.0229764 0.00759418 0.00175318 0 0 0
 0 0 0 0 0 0 0 0 0 0 0.00219441 0.00772107 0.0458388 0.0604681 0.0671733 0.0775358 0.0609151 0.0617685 0.073594 0.0568108 0.0755445 0.0548602 0.0670107 0.0636378 0.0643287 0.046367 0.0373049 0.0286899 0.0247887 0.0153202 0.00654259 0.00121912 0.000365735 0 0 0
 0 0 0 0 0 0 0 0 0 0 0 0 0.000112435 0.00938835 0.0111873 0.0202946 0.0414886 0.0713402 0.111592 0.104902 0.108894 0.110636 0.117776 0.105296 0.107544 0.0401394 0.0192827 0.0124803 0.00416011 0.0028671 0.000618394 0 0 0 0 0
 0 0 0 0 0 0 0 0 0 0 0.00291406 0.0102884 0.027416 0.0768956 0.0749926 0.110853 0.0956884 0.0897413 0.0766577 0.0534642 0.0500743 0.0551293 0.0594112 0.0620874 0.0668451 0.0424026 0.0208742 0.0120726 0.0048766 0.00582813 0.00118941 0.000297354 0 0 0 0
 0 0.00264628 0.0354308 0.0461629 0.0458689 0.0383711 0.0214643 0.0164657 0.0346957 0.0420465 0.0363128 0.0245516 0.0311673 0.0291091 0.0169068 0.0133784 0.00837989 0.0085269 0.0148486 0.0160247 0.0276389 0.0546898 0.0760071 0.122758 0.109233 0.0665981 0.0333725 0.0166128 0.00676272 0.00308733 0.000882094 0 0 0 0 0
 0 0 0 0 0 0 0 0.000805153 0.000690131 0.00759144 0.0133425 0.0154129 0.00931677 0.000345066 0.00356568 0.00563607 0.00851162 0.0253048 0.0502646 0.0516448 0.0657925 0.0565908 0.0611916 0.0827007 0.0866115 0.110766 0.145733 0.0935128 0.0569358 0.0249597 0.0138026 0.00621118 0.00161031 0.00115022 0 0
 0 0 0 0 0 0 0 0 0 0 0 0 0 0 0 0 0 0 0 0 0 0 0 0 0 0 0 0 0 0 0 0 0 0 0 0
 0.00147267 0.00158595 0.00478618 0.00569244 0.00954404 0.0108468 0.00647125 0.017049 0.0510054 0.094081 0.124002 0.0959785 0.0687766 0.0820023 0.061753 0.0591476 0.0492212 0.0479892 0.0443925 0.0268479 0.0217502 0.0140895 0.0121071 0.0120363 0.00920419 0.00665534 0.0049561 0.00860946 0.00930331 0.0156896 0.0114698 0.00855282 0.00243557 0.00046729 0 2.83206e-05
 0 0 0 0 0.000772559 0.00158375 0.000888443 0.00281984 0.00712685 0.0440552 0.0773331 0.111326 0.0921469 0.0852325 0.0710754 0.0886704 0.0786465 0.0553345 0.0373146 0.0185414 0.00753245 0.00457741 0.012979 0.0271748 0.0457355 0.0583668 0.034881 0.0177882 0.00938659 0.00492506 0.0015258 0.00185414 0.000309023 5.79419e-05 3.86279e-05 0
 0 0.00173294 0.00326652 0 0.00397197 0.00683976 0.00946217 0.0152591 0.00757587 0.0136028 0.0228656 0.0392903 0.0559909 0.0764795 0.0681675 0.0726916 0.0566044 0.0477403 0.0527397 0.0444891 0.0609904 0.0582453 0.0661739 0.0445044 0.0529084 0.0360697 0.0280645 0.0235558 0.0158879 0.00826598 0.00280645 0.00217768 0.000904811 0.00058276 9.20147e-05 0
 0 0 0 0 0 0 0 0 0 0 0 0 0 0 0 0 0 0 0 0 0 0 0 0 0 0 0 0 0 0 0 0 0 0 0 0
 0 0 0 0 0 0 0 0 0 0 0 0 0 0 0 0 0 0 0 0 0 0 0 0 0 0 0 0 0 0 0 0 0 0 0 0
ppred_pel_tallas
 1.01164e-16 3.35113e-05 0.000196687 0.000934965 0.00359967 0.0112253 0.0283541 0.0580162 0.0961679 0.12915 0.140538 0.123957 0.0887171 0.0517448 0.0250547 0.0109386 0.0057345 0.00513231 0.00649 0.0086447 0.0111156 0.0136066 0.0158425 0.0175658 0.0185812 0.0187964 0.0182389 0.0170404 0.015398 0.0135241 0.011604 0.00977067 0.00809997 0.00662142 0.00533552 0.00422988
 1.01383e-16 3.05558e-05 0.000179329 0.00085243 0.00328187 0.0102342 0.0258508 0.0528948 0.0876812 0.11776 0.128164 0.113092 0.0810464 0.0474839 0.0233894 0.0108896 0.00668166 0.00685963 0.00901306 0.0120426 0.0154279 0.0187802 0.021711 0.0238582 0.0249569 0.0248988 0.0237545 0.0217474 0.0191922 0.0164178 0.0137015 0.0112308 0.00909666 0.00731277 0.00584506 0.00464089
 1.02599e-16 2.34361e-05 0.000137521 0.000653647 0.00251647 0.00784729 0.0198219 0.0405599 0.067239 0.0903198 0.0983377 0.0868642 0.0624494 0.0369894 0.0189684 0.0100907 0.00789861 0.00945421 0.0129241 0.0174155 0.0224025 0.0273888 0.0318356 0.0352265 0.0371729 0.037499 0.0362746 0.0337818 0.0304326 0.0266653 0.0228559 0.0192665 0.0160374 0.0132106 0.0107685 0.00867006
 1.03382e-16 2.748e-05 0.000161273 0.000766595 0.00295139 0.0092036 0.0232476 0.0475683 0.078852 0.105903 0.115261 0.101711 0.0729003 0.0427324 0.0210912 0.00989692 0.00619137 0.00647858 0.00861219 0.0116287 0.0150861 0.0186574 0.0220062 0.0248032 0.0267852 0.0278056 0.0278567 0.0270536 0.0255895 0.0236809 0.0215203 0.0192511 0.0169658 0.0147194 0.0125485 0.0104863
 1.02919e-16 2.92578e-05 0.00017171 0.000816215 0.00314244 0.00979938 0.0247525 0.0506474 0.0839556 0.112756 0.122716 0.10828 0.077588 0.0454383 0.022347 0.0103489 0.00628199 0.00641066 0.00843704 0.0113258 0.0146031 0.017925 0.0209476 0.0233443 0.0248671 0.0253983 0.0249708 0.0237465 0.0219649 0.0198793 0.0177033 0.0155813 0.0135871 0.0117411 0.0100363 0.00846035
 1.03621e-16 2.26785e-05 0.000133074 0.000632507 0.00243508 0.00759346 0.0191807 0.039248 0.0650645 0.0873995 0.09516 0.0840616 0.0604439 0.0358206 0.0184044 0.00984863 0.00777962 0.00935902 0.0128164 0.0172896 0.0222695 0.027273 0.031774 0.0352675 0.0373722 0.0379133 0.0369541 0.0347624 0.0317295 0.0282693 0.0247324 0.0213587 0.018271 0.0155017 0.0130317 0.0108263
 1.03892e-16 2.70588e-05 0.000158801 0.000754842 0.00290614 0.00906249 0.0228912 0.046839 0.0776431 0.104279 0.113494 0.100152 0.0717841 0.0420802 0.0207734 0.0097554 0.0061147 0.00641086 0.00853303 0.0115357 0.0149876 0.0185703 0.0219556 0.024821 0.0269065 0.028064 0.0282793 0.0276557 0.0263722 0.0246296 0.0226065 0.0204353 0.0182021 0.0159603 0.0137494 0.0116092
 1.04173e-16 2.41504e-05 0.000141719 0.000673618 0.00259338 0.00808714 0.0204276 0.041799 0.0692914 0.0930715 0.10132 0.0894658 0.0642484 0.0379119 0.0191784 0.0097797 0.00715946 0.00827535 0.0112417 0.0151692 0.0195773 0.0240436 0.0281157 0.0313588 0.0334417 0.0342065 0.0336961 0.0321244 0.0298084 0.0270822 0.0242265 0.02143 0.0187875 0.016324 0.0140294 0.0118886
 1.04169e-16 2.57669e-05 0.000151214 0.000718766 0.00276723 0.00862929 0.021797 0.0446004 0.0739335 0.0993006 0.108085 0.0954017 0.0684288 0.040213 0.0200371 0.00971977 0.00650596 0.00713145 0.00958648 0.0129538 0.0167862 0.0207264 0.0243996 0.0274403 0.0295607 0.0306076 0.0305866 0.0296411 0.0279998 0.0259122 0.0235938 0.021197 0.0188107 0.0164774 0.0142188 0.0120547
 1.04252e-16 2.4572e-05 0.000144196 0.000685396 0.00263874 0.00822858 0.0207849 0.0425298 0.0705023 0.0946961 0.103083 0.091011 0.0653321 0.0384991 0.0193793 0.00972556 0.00692864 0.00788786 0.0106861 0.0144297 0.0186516 0.0229527 0.0269081 0.0301066 0.0322315 0.0331252 0.0328159 0.031491 0.0294345 0.0269489 0.0242907 0.021635 0.0190743 0.0166405 0.0143361 0.0121599
 1.05698e-16 1.91522e-05 0.000112371 0.000534083 0.00205612 0.0064117 0.0161957 0.0331404 0.0549413 0.0738067 0.0803746 0.0710348 0.0511519 0.0304648 0.0159326 0.00898169 0.00764141 0.00954569 0.0132191 0.0179339 0.023235 0.0286636 0.0337046 0.0378519 0.0407086 0.042068 0.0419457 0.0405505 0.0382096 0.0352764 0.032054 0.0287543 0.0254963 0.0223322 0.0192831 0.0163681
 1.07355e-16 1.92829e-05 0.000113144 0.000537773 0.00207035 0.00645609 0.0163077 0.0333692 0.0553186 0.074308 0.0809056 0.0714686 0.0513873 0.0304511 0.0156452 0.00838109 0.00665255 0.00806712 0.0111517 0.0152176 0.0198854 0.0248001 0.0295608 0.0337609 0.0370621 0.0392559 0.0402911 0.0402543 0.0393204 0.0376903 0.0355414 0.0330048 0.0301699 0.0271051 0.0238818 0.0205878
 1.05981e-16 2.59361e-05 0.000152212 0.00072352 0.00278555 0.00868643 0.0219413 0.0448953 0.0744209 0.0999514 0.108783 0.0959927 0.0687984 0.0403212 0.0198892 0.00931521 0.00580888 0.0060752 0.00809681 0.0109777 0.0143194 0.0178354 0.0212318 0.0242184 0.0265585 0.0281132 0.0288583 0.0288685 0.028278 0.0272327 0.0258535 0.0242198 0.0223756 0.0203475 0.0181666 0.0158819
 1.03997e-16 2.72846e-05 0.000160124 0.000761129 0.00293034 0.00913794 0.0230818 0.0472292 0.0782906 0.105151 0.114449 0.101007 0.0724254 0.0425127 0.0210907 0.0100746 0.00653404 0.00699961 0.00933233 0.0125553 0.016197 0.019891 0.0232615 0.025951 0.027689 0.0283494 0.0279717 0.0267363 0.024906 0.0227547 0.0205087 0.018315 0.0162409 0.0142958 0.0124619 0.0107201
 1.02231e-16 3.1492e-05 0.00018483 0.00087859 0.00338261 0.0105483 0.0266443 0.054518 0.0903703 0.121367 0.132077 0.116515 0.0834342 0.0487517 0.0237706 0.0106605 0.00599664 0.00574102 0.00741424 0.0099129 0.0127583 0.0156306 0.0182219 0.0202427 0.0214752 0.0218187 0.0213084 0.0200955 0.0184012 0.0164593 0.0144678 0.0125612 0.010808 0.00922575 0.00780364 0.00652284
 1.01398e-16 3.25818e-05 0.000191227 0.000909004 0.00349971 0.0109135 0.0275667 0.0564053 0.0934986 0.125568 0.136647 0.120544 0.086314 0.0504228 0.024563 0.0109762 0.0061144 0.00579469 0.00744551 0.00991883 0.0127135 0.0154945 0.0179418 0.0197587 0.0207274 0.0207568 0.019901 0.018338 0.0163195 0.0141093 0.0119293 0.00992952 0.00818284 0.00670071 0.00545757 0.00441417
 1.01838e-16 2.70973e-05 0.000159019 0.000755862 0.00291004 0.00907463 0.0229219 0.0469026 0.0777507 0.104431 0.113677 0.100357 0.0720256 0.0424114 0.0212871 0.010577 0.00739116 0.00829476 0.0111558 0.0149698 0.0192042 0.0234051 0.0270975 0.0298329 0.0312802 0.0312997 0.0299714 0.0275636 0.0244576 0.0210544 0.0176942 0.014609 0.0119154 0.0096364 0.00773747 0.00616122
 1.02704e-16 2.71001e-05 0.000159039 0.000755969 0.00291047 0.00907596 0.0229253 0.046909 0.0777602 0.10444 0.113677 0.100333 0.0719574 0.0422687 0.0210271 0.0101411 0.0067067 0.0072836 0.00975006 0.0131334 0.0169562 0.0208378 0.024382 0.0272065 0.0290156 0.029661 0.0291673 0.0277094 0.025557 0.0230025 0.0203014 0.0176374 0.0151178 0.0127901 0.0106672 0.00874939
 1.03106e-16 2.71252e-05 0.000159188 0.000756674 0.00291318 0.00908443 0.0229467 0.0469528 0.0778326 0.104537 0.113782 0.100425 0.0720195 0.0422984 0.0210291 0.0101204 0.00666402 0.00721477 0.00964794 0.01299 0.0167647 0.0205946 0.0240887 0.0268716 0.0286553 0.0292993 0.0288342 0.0274385 0.0253812 0.0229501 0.0203916 0.0178771 0.0155 0.0132943 0.0112618 0.00939645
 1.02484e-16 3.07898e-05 0.000180707 0.00085899 0.00330714 0.010313 0.0260499 0.0533017 0.0883544 0.11866 0.129133 0.113922 0.0815859 0.0476891 0.0232855 0.0104999 0.0059884 0.00580746 0.00753654 0.0100986 0.0130247 0.0159984 0.0187114 0.0208718 0.0222562 0.0227559 0.0223955 0.0213143 0.0197219 0.0178422 0.0158664 0.0139269 0.0120952 0.0103962 0.00882998 0.00739031
 1.0229e-16 2.84911e-05 0.000167206 0.00079479 0.00305994 0.00954209 0.0241027 0.0493181 0.0817533 0.109802 0.119511 0.105476 0.0756306 0.0443964 0.0220286 0.0105261 0.00682685 0.00730318 0.00971409 0.0130284 0.0167397 0.0204489 0.0237483 0.0262528 0.027676 0.0278931 0.0269642 0.0251081 0.0226385 0.0198848 0.0171251 0.0145473 0.0122449 0.0102364 0.00849675 0.00698635
 1.02478e-16 2.85183e-05 0.000167367 0.000795561 0.00306291 0.00955136 0.0241261 0.0493658 0.081832 0.109906 0.11962 0.105563 0.0756725 0.0443798 0.0219445 0.0103612 0.00655941 0.00690636 0.00916342 0.0123117 0.0158667 0.0194585 0.0227098 0.0252608 0.0268369 0.027307 0.0267064 0.0252142 0.0230982 0.0206454 0.0181023 0.0156419 0.0133592 0.0112879 0.0094264 0.00776115
 1.02256e-16 3.04198e-05 0.000178533 0.000848654 0.00326734 0.0101889 0.0257363 0.0526604 0.0872918 0.117235 0.127585 0.112565 0.0806347 0.0471735 0.0231089 0.0105472 0.00619127 0.00614926 0.00802886 0.0107578 0.013856 0.0169869 0.0198184 0.0220364 0.0234024 0.0238042 0.0232749 0.0219738 0.0201363 0.0180136 0.0158197 0.0137031 0.011743 0.00996468 0.00836321 0.00692422
 1.02533e-16 2.68275e-05 0.000157437 0.000748343 0.00288109 0.00898436 0.0226939 0.0464359 0.0769768 0.10339 0.112542 0.0993481 0.0712871 0.0419479 0.021002 0.0103502 0.00712802 0.00793435 0.0106627 0.0143295 0.0184256 0.0225253 0.0261835 0.0289777 0.0305915 0.0308842 0.029917 0.0279244 0.0252452 0.0222369 0.0192025 0.0163491 0.0137818 0.0115257 0.00955912 0.00784404
pSPR Fmed_Fpbrs
0.716277   0.6 0.325
Fs Fmed_Fpbrs
0.206625   0.342942 1.04535
SSBpbr Bo_Bmed_Bpbrs
1.40067e+06  933234  770368 385184
Ro
59874.1
SPR SPRFo_SPRFmed_SPRFpbrs
1.23183e+06 882329 400344
log_Ro
10.82
likeval ReclasPelacesDesembMPH_pf_preclas_ppelaces_ptallas_desvR_qrecl_qpela
 60.5651 22.4603 0.0326167 0.00023115 289.577 172.485 80.841 0 16.3912 8.55256e-05 5.36304e-06 5.0195e-16 0 0 0
q_reclas_q_pelaces
0.26969 1.39023
M
0.7
N
 71357.2 17995.1 6683.63 786.842 0.393255
 88276.6 33058.8 6302.21 2340.73 275.704
 56693.3 41663.1 12710.4 2423.07 1005.97
 80862.3 26265.6 14592.3 4451.76 1201
 131864 39642 12226.1 6792.42 2631.25
 99613.5 65299.1 19410.9 5986.57 4614.34
 145344 48025.2 27943.9 8306.63 4536.52
 129045 70843.6 21715.4 12635.3 5807.25
 141677 61668.4 29001.1 8889.59 7549.79
 132297 67249.7 24402.2 11475.8 6505.08
 67410 63185.1 27448.2 9959.86 7338.95
 42047 30704.3 20316.7 8825.79 5562.31
 41479 19246.1 10119.6 6696.05 4742.08
 23588.1 18110.5 5002.05 2630.09 2972.77
 18309.3 9295.6 2810.42 776.229 869.463
 22654.1 7305.47 1535.47 464.233 271.84
 19261.6 10329.9 2361.93 496.434 237.98
 21444.8 9016.98 3812.18 871.656 271.031
 25060.8 10242.3 3680.87 1556.19 466.462
 43045 12045.5 4316.52 1551.26 852.425
 54425.4 20689.2 5075.93 1818.97 1012.9
 74656.2 26600.3 9483.73 2326.75 1298.1
 122926 36324.4 11920.7 4250.06 1624.45
 131981 59628.8 16031.3 5261.05 2592.64
pred_Ctot
 3454.97 3891.67 1445.42 170.165 0.0850464
 3157.28 5446.83 1038.36 385.663 45.4255
 2744.4 9008.54 2748.29 523.924 217.513
 743.479 1187.63 659.806 201.291 54.3045
 264.624 398.245 122.824 68.2369 26.4336
 2091.1 6547.86 1946.43 600.303 462.702
 1930.9 3106.1 1807.31 537.245 293.407
 3503.05 9048.39 2773.56 1613.82 741.721
 4508.76 9128.53 4292.92 1315.89 1117.57
 3645.62 8710.44 3160.67 1486.38 842.562
 4032.35 16421 7133.43 2588.44 1907.3
 2377.33 7602.49 5030.48 2185.29 1377.25
 3629.08 6844.31 3598.75 2381.25 1686.38
 3548.55 9551.73 2638.15 1387.15 1567.88
 2620.29 4743.48 1434.14 396.104 443.681
 1338.68 1878.84 394.898 119.393 69.9127
 796.383 1940.85 443.775 93.2732 44.7132
 590.494 1167.09 493.421 112.821 35.0803
 579.408 1125.25 404.391 170.968 51.2469
 995.812 1324.11 474.499 170.524 93.7038
 618.31 1149.73 282.076 101.082 56.2884
 1085.61 1877.28 669.304 164.208 91.612
 2051.2 2926.19 960.297 342.373 130.861
 2093.57 4575.67 1230.18 403.712 198.949
F
 0.0694099 0.349198 0.349198 0.349198 0.349198
 0.050858 0.255865 0.255865 0.255865 0.255865
 0.069395 0.349124 0.349124 0.349124 0.349124
 0.0128576 0.0646863 0.0646863 0.0646863 0.0646863
 0.00279391 0.014056 0.014056 0.014056 0.014056
 0.0295728 0.14878 0.14878 0.14878 0.14878
 0.0186254 0.0937038 0.0937038 0.0937038 0.0937038
 0.0383904 0.193141 0.193141 0.193141 0.193141
 0.0451399 0.227097 0.227097 0.227097 0.227097
 0.0389809 0.196111 0.196111 0.196111 0.196111
 0.0863899 0.434624 0.434624 0.434624 0.434624
 0.0814807 0.409926 0.409926 0.409926 0.409926
 0.128695 0.647459 0.647459 0.647459 0.647459
 0.2312 1.16316 1.16316 1.16316 1.16316
 0.218786 1.1007 1.1007 1.1007 1.1007
 0.0853005 0.429143 0.429143 0.429143 0.429143
 0.0590025 0.296839 0.296839 0.296839 0.296839
 0.038951 0.195961 0.195961 0.195961 0.195961
 0.0326141 0.16408 0.16408 0.16408 0.16408
 0.0326343 0.164182 0.164182 0.164182 0.164182
 0.0159084 0.0800347 0.0800347 0.0800347 0.0800347
 0.0204028 0.102646 0.102646 0.102646 0.102646
 0.0234438 0.117945 0.117945 0.117945 0.117945
 0.022275 0.112065 0.112065 0.112065 0.112065
nmprior
 10 10 8 0
nm_flota  nm_reclas  nm_pelaces    nm_pelaL
inf 13.6376 19.0766 34.4035
cv_recla  cv_pelaces  cv_mph
0.720506 0.557664 0.49327
 ------------------------------------------------
Talla a la edad & desviación 
 7.2 14.2025 17.0495 18.207 18.6776
 1.08 2.13037 2.55742 2.73105 2.80164
