years
 1997 1998 1999 2000 2001 2002 2003 2004 2005 2006 2007 2008 2009 2010 2011 2012 2013 2014 2015 2016 2017 2018 2019 2020
reclasobs
 0 0 0 370054 412103 1.49427e+06 250295 1.28982e+06 931140 785840 897777 1.04006e+06 184774 17550 25797 100020 73551 82996 120727 218422 84188 347160 605670 569463
reclaspred
 382248 105828 331549 246099 362590 432644 947559 635300 707985 638228 501990 337834 206547 96585.2 68770.1 70911 89782.7 121474 127161 186096 272383 251617 438348 508015
pelacesobs
 0 0 0 0 0 0 0 0 0 2.06254e+06 1.5e+06 0 1.87456e+06 323000 250000 174000 83755 137374 0 501740 490994 745055 786931 1.00524e+06
pelacespred
 1.11709e+06 275556 532561 597779 752041 754025 1.86385e+06 1.56749e+06 1.54285e+06 1.40659e+06 998432 693264 422281 165665 115771 127357 168131 229716 248566 352373 571605 515486 710008 974670
mphobs
 0 0 0 0 0 112323 0 153150 637223 0 255016 313432 73983 77613 109348 50772 0 0 0 0 0 0 0 0
mphpred
 140491 86594.4 107689 135657 144337 225835 340992 399655 344699 347792 323755 228413 141296 74462 36385.5 31713.4 38792.3 53975.9 66093.7 75632 115730 138003 175322 246058
desembarqueobs
 350755 77701 442110 56441 14545 235359 269955 359681 431902 328805 639364 411747 362871 311530 167758 66681 60226 58785 57116 71774 51957 67425 138520 160799
desembarquepred
 350761 77701.1 442108 56442 14545.1 235391 269979 359682 431930 328825 639572 411990 363202 311971 167801 66692.2 60243.9 58786.3 57112.6 71773.1 51957.3 67419.9 138518 160799
Reclutas
 53062.5 68454.9 42018.7 68341 116689 84170.9 131667 127023 151287 147067 68691.8 40789.8 42255.5 23495.2 18580 23188.1 19385.5 20923.3 23981.3 44982.5 56455.8 73721.4 116720 109919
log_desv_Rt
 -0.0607739 0.193931 -0.294129 0.192264 0.727266 0.400604 0.848034 0.812125 0.986933 0.958645 0.197385 -0.323813 -0.288511 -0.87545 -1.11016 -0.888606 -1.06772 -0.991383 -0.854971 -0.225971 0.00121369 0.268048 0.727531 0.667501
SSB
 711289 438418 545216 686818 730761 1.14338e+06 1.7264e+06 2.02341e+06 1.74518e+06 1.76083e+06 1.63914e+06 1.15643e+06 715368 376993 184216 160561 196401 273274 334625 382916 585929 698696 887634 1.24576e+06
BT
 2.28833e+06 624840 1.19659e+06 1.13017e+06 1.35766e+06 1.53567e+06 3.52102e+06 3.21552e+06 3.15821e+06 2.83658e+06 2.36847e+06 1.6222e+06 1.11425e+06 598162 350786 283309 350520 458359 494463 689537 1.06581e+06 986169 1.36634e+06 1.87782e+06
Ftot
 0.419526 0.347021 0.503499 0.0953944 0.0185637 0.182475 0.114118 0.225475 0.250563 0.200331 0.415798 0.385104 0.607614 1.06757 0.993042 0.392571 0.280429 0.189823 0.164091 0.166925 0.0786272 0.100205 0.117955 0.117485
BD_Bspro_t
 0.948522 0.759913 0.722447 0.605171 0.732442 0.848762 0.820431 0.826341 0.779779 0.746532 0.711993 0.565192 0.452759 0.339976 0.221721 0.237092 0.35259 0.517634 0.622281 0.702426 0.798053 0.859343 0.8658 0.867234
BD_Bspro
 0.613132 0.377917 0.469977 0.592039 0.629917 0.985593 1.48816 1.74418 1.50434 1.51784 1.41294 0.996843 0.616649 0.324968 0.158794 0.138404 0.169298 0.235563 0.288447 0.330075 0.505072 0.602277 0.765142 1.07385
BD_Bo
 0.547217 0.337288 0.419452 0.528391 0.562197 0.879636 1.32818 1.55667 1.34262 1.35466 1.26104 0.889676 0.550355 0.290032 0.141723 0.123525 0.151098 0.210238 0.257437 0.294589 0.450774 0.537528 0.682884 0.958404
BD_Brms
 1.91689 1.18151 1.46933 1.85094 1.96936 3.08135 4.65258 5.45299 4.70316 4.74536 4.41739 3.11652 1.92788 1.01598 0.496452 0.432705 0.529292 0.736461 0.901798 1.03194 1.57905 1.88295 2.39213 3.35727
S_f
 0.192878 1 1 1 1
 0.192878 1 1 1 1
 0.192878 1 1 1 1
 0.192878 1 1 1 1
 0.192878 1 1 1 1
 0.192878 1 1 1 1
 0.192878 1 1 1 1
 0.192878 1 1 1 1
 0.192878 1 1 1 1
 0.192878 1 1 1 1
 0.192878 1 1 1 1
 0.192878 1 1 1 1
 0.192878 1 1 1 1
 0.192878 1 1 1 1
 0.192878 1 1 1 1
 0.192878 1 1 1 1
 0.192878 1 1 1 1
 0.192878 1 1 1 1
 0.192878 1 1 1 1
 0.192878 1 1 1 1
 0.192878 1 1 1 1
 0.192878 1 1 1 1
 0.192878 1 1 1 1
 0.192878 1 1 1 1
Scru_reclas
 1 1 1 1 1
 1 1 1 1 1
 1 1 1 1 1
 1 1 1 1 1
 1 1 1 1 1
 1 1 1 1 1
 1 1 1 1 1
 1 1 1 1 1
 1 1 1 1 1
 1 1 1 1 1
 1 1 1 1 1
 1 1 1 1 1
 1 1 1 1 1
 1 1 1 1 1
 1 1 1 1 1
 1 1 1 1 1
 1 1 1 1 1
 1 1 1 1 1
 1 1 1 1 1
 1 1 1 1 1
 1 1 1 1 1
 1 1 1 1 1
 1 1 1 1 1
 1 1 1 1 1
Scru_pelaces
 1 1 1 1 1
 1 1 1 1 1
 1 1 1 1 1
 1 1 1 1 1
 1 1 1 1 1
 1 1 1 1 1
 1 1 1 1 1
 1 1 1 1 1
 1 1 1 1 1
 1 1 1 1 1
 1 1 1 1 1
 1 1 1 1 1
 1 1 1 1 1
 1 1 1 1 1
 1 1 1 1 1
 1 1 1 1 1
 1 1 1 1 1
 1 1 1 1 1
 1 1 1 1 1
 1 1 1 1 1
 1 1 1 1 1
 1 1 1 1 1
 1 1 1 1 1
 1 1 1 1 1
pf_obs 
 0.256992 0.487395 0.22802 0.0275931 0
 0.321318 0.546541 0.124235 0.00734118 0.000564706
 0.182869 0.594174 0.210203 0.0122559 0.00049798
 0.330522 0.361315 0.267642 0.0388342 0.00168674
 0.649043 0.306663 0.0425973 0.00169635 0
 0.582887 0.30429 0.105238 0.00758474 0
 0.465427 0.430635 0.0974691 0.00646863 0
 0.296916 0.608066 0.0921331 0.00288517 0
 0.311714 0.524322 0.152257 0.0117073 0
 0.15457 0.633149 0.183074 0.0267441 0.00246327
 0.131901 0.49318 0.331252 0.0422183 0.00144891
 0.196976 0.569456 0.194076 0.0375587 0.00193317
 0.518974 0.381816 0.0799577 0.0180837 0.00116848
 0.0928022 0.601141 0.25162 0.0475244 0.00691264
 0.122501 0.610282 0.24278 0.0234846 0.000952079
 0.383417 0.481906 0.127806 0.00687128 0
 0.0376549 0.599619 0.316969 0.0457579 0
 0.0361596 0.667082 0.258105 0.0386534 0
 0.158088 0.579412 0.248529 0.0139706 0
 0.0477256 0.309471 0.559284 0.082774 0.000745712
 0.0406174 0.521527 0.379366 0.0568643 0.0016247
 0.151134 0.462217 0.34131 0.0453401 0
 0.294876 0.26143 0.354403 0.0886775 0.000613685
 0.281977 0.475581 0.204845 0.0348837 0.00271318
pf_pred 
 0.343928 0.461875 0.17356 0.0206269 1.07882e-05
 0.319685 0.522303 0.111241 0.0418012 0.00497052
 0.182928 0.605486 0.162442 0.0345972 0.0145465
 0.299991 0.416655 0.209978 0.0563335 0.0170426
 0.322118 0.473715 0.121523 0.0612427 0.0214011
 0.176066 0.587468 0.165246 0.042391 0.0288287
 0.263597 0.402333 0.238193 0.0670004 0.0288766
 0.21513 0.519235 0.145129 0.0859209 0.0345846
 0.243836 0.462629 0.19419 0.0542772 0.0450681
 0.217045 0.510728 0.166551 0.0699105 0.0357654
 0.117312 0.539946 0.223573 0.0729085 0.04626
 0.114924 0.403141 0.294803 0.122068 0.0650644
 0.191426 0.360681 0.20401 0.149185 0.0946983
 0.174447 0.512459 0.139662 0.078996 0.0944358
 0.251672 0.485739 0.163001 0.0444231 0.0551646
 0.331588 0.493926 0.113259 0.0380067 0.0232207
 0.225721 0.584861 0.139971 0.0320959 0.0173509
 0.230192 0.486802 0.213772 0.0511606 0.0180732
 0.235097 0.480663 0.179744 0.078932 0.0255635
 0.335056 0.420257 0.153761 0.057499 0.0334274
 0.276465 0.534101 0.119726 0.0438046 0.0259038
 0.264023 0.494906 0.177954 0.0398908 0.0232258
 0.301552 0.461407 0.159398 0.0573149 0.0203284
 0.215068 0.551448 0.154244 0.053285 0.0259553
pobs_RECLAS
 0 0 0 0 0
 0 0 0 0 0
 0 0 0 0 0
 0 0 0 0 0
 0.835266 0.146461 0.0176864 0.000547809 3.91292e-05
 0.385257 0.428462 0.181853 0.0044286 0
 0.867414 0.0963971 0.0333333 0.00285562 0
 0.441836 0.489002 0.0689373 0.000224442 0
 0.779404 0.147425 0.0564933 0.0165055 0.000172143
 0.814271 0.122319 0.05973 0.00367925 0
 0.40263 0.566651 0.0304383 0.000280538 0
 0.475488 0.404961 0.113038 0.00651328 0
 0.955842 0.0263864 0.0167828 0.000988607 0
 0.975058 0.0227948 0.00214734 0 0
 0.738997 0.206755 0.0527124 0.00153531 0
 0.850938 0.134255 0.0134407 0.00136685 0
 0.542534 0.407297 0.0501686 0 0
 0.764087 0.199537 0.0359546 0.000420521 0
 0.470689 0.182191 0.310203 0.0369168 0
 0.84361 0.089868 0.0606195 0.00523954 0.000663233
 0.607945 0.314616 0.071237 0.00620181 0
 0.523733 0.453247 0.0230204 0 0
 0.530135 0.295979 0.169645 0.0042399 0
 0.562478 0.366248 0.0663022 0.0049721 0
ppred_RECLAS
 0.736192 0.185721 0.0697888 0.00829414 4.33795e-06
 0.713278 0.220127 0.0468831 0.0176173 0.00209485
 0.545467 0.336829 0.0903658 0.0192463 0.00809218
 0.690652 0.184128 0.0927932 0.0248949 0.00753148
 0.711468 0.201631 0.0517247 0.0260672 0.00910913
 0.528043 0.336507 0.0946547 0.0242819 0.0165134
 0.651169 0.190584 0.112831 0.0317378 0.0136787
 0.589992 0.271243 0.075814 0.0448841 0.0180666
 0.629035 0.22696 0.0952671 0.0266277 0.0221099
 0.59234 0.26592 0.0867181 0.0364002 0.0186219
 0.414274 0.358292 0.148356 0.0483799 0.0306968
 0.408064 0.269619 0.197163 0.0816385 0.0435148
 0.561564 0.195573 0.110621 0.0808933 0.0513486
 0.545933 0.28186 0.076816 0.043449 0.0519411
 0.654705 0.224131 0.0752124 0.0204978 0.0254541
 0.724919 0.203272 0.0466111 0.0156414 0.00955634
 0.605687 0.297849 0.0712823 0.0163453 0.0088362
 0.610341 0.246408 0.108207 0.0258964 0.00914826
 0.616487 0.240999 0.0901215 0.0395756 0.0128173
 0.724955 0.173833 0.0636011 0.0237836 0.0138268
 0.665421 0.24698 0.055364 0.0202563 0.0119785
 0.651493 0.234353 0.0842666 0.0188895 0.0109981
 0.6925 0.20314 0.0701768 0.0252336 0.00894983
 0.588334 0.289213 0.0808946 0.0279459 0.0136126
pobs_PELACES
 0 0 0 0 0
 0 0 0 0 0
 0 0 0 0 0
 0 0 0 0 0
 0 0 0 0 0
 0 0 0 0 0
 0 0 0 0 0
 0 0 0 0 0
 0 0 0 0 0
 0 0 0 0 0
 0.450072 0.473896 0.0757376 0.000293798 0
 0 0 0 0 0
 0.463077 0.371075 0.160297 0.00555027 0
 0.529543 0.364841 0.0842815 0.0213345 0
 0.631943 0.363953 0.00410389 0 0
 0.735681 0.248677 0.0153453 0.000297389 0
 0.695825 0.281241 0.0229344 0 0
 0.275771 0.60734 0.115278 0.00161068 0
 0 0 0 0 0
 0.896147 0.0623911 0.0374545 0.00400742 0
 0.803859 0.145111 0.0509908 3.86294e-05 0
 0.739449 0.233085 0.0266225 0.000797448 4.60066e-05
 0.878498 0.100942 0.0204185 0.000141795 0
 0.694673 0.275183 0.0284847 0.00165964 0
ppred_PELACES
 0.757314 0.170851 0.0642011 0.00763006 3.99063e-06
 0.731802 0.205905 0.0438541 0.0164791 0.00195951
 0.578466 0.312376 0.0838053 0.017849 0.00750469
 0.696054 0.180913 0.0911728 0.0244602 0.00739996
 0.712482 0.200922 0.051543 0.0259756 0.00907712
 0.540136 0.327884 0.0922292 0.0236597 0.0160902
 0.658041 0.186829 0.110608 0.0311125 0.0134092
 0.604437 0.261687 0.0731429 0.0433028 0.0174301
 0.64447 0.217517 0.0913034 0.0255198 0.0211899
 0.605158 0.257558 0.0839913 0.0352556 0.0180364
 0.441377 0.341714 0.141492 0.0461413 0.0292764
 0.433054 0.258237 0.18884 0.0781919 0.0416777
 0.600932 0.178013 0.100688 0.0736297 0.0467379
 0.615052 0.238955 0.0651229 0.0368351 0.0440345
 0.711829 0.187052 0.0627696 0.0171067 0.0212431
 0.745272 0.188232 0.0431623 0.0144841 0.00884925
 0.623378 0.284486 0.0680842 0.0156119 0.00843976
 0.622296 0.238848 0.104887 0.0251019 0.00886759
 0.626766 0.234539 0.087706 0.0385148 0.0124737
 0.733731 0.168287 0.0615717 0.0230247 0.0133856
 0.670067 0.24355 0.0545951 0.019975 0.0118122
 0.657528 0.230295 0.0828073 0.0185624 0.0108076
 0.699149 0.198747 0.0686593 0.0246879 0.00875629
 0.595892 0.283903 0.0794096 0.0274329 0.0133627
pobs_pel_tallas
 0 0 0 0 0 0 0 0 0 0 0 0 0 0 0 0 0 0 0 0 0 0 0 0 0 0 0 0 0 0 0 0 0 0 0 0
 0 0 0 0 0 0 0 0 0 0 0 0 0 0 0 0 0 0 0 0 0 0 0 0 0 0 0 0 0 0 0 0 0 0 0 0
 0 0 0 0 0 0 0 0 0 0 0 0 0 0 0 0 0 0 0 0 0 0 0 0 0 0 0 0 0 0 0 0 0 0 0 0
 0 0 0 0 0 0 0 0 0 0 0 0 0 0 0 0 0 0 0 0 0 0 0 0 0 0 0 0 0 0 0 0 0 0 0 0
 0 0 0 0 0 0 0 0 0 0 0 0 0 0 0 0 0 0 0 0 0 0 0 0 0 0 0 0 0 0 0 0 0 0 0 0
 0 0 0 0 0 0 0 0 0 0 0 0 0 0 0 0 0 0 0 0 0 0 0 0 0 0 0 0 0 0 0 0 0 0 0 0
 0 0 0 0 0 0 0 0 0 0 0 0 0 0 0 0 0 0 0 0 0 0 0 0 0 0 0 0 0 0 0 0 0 0 0 0
 0 0 0 0 0 0 0 0 0 0 0 0 0 0 0 0 0 0 0 0 0 0 0 0 0 0 0 0 0 0 0 0 0 0 0 0
 0 0 0 0 0 0 0 0 0 0 0 0 0 0 0 0 0 0 0 0 0 0 0 0 0 0 0 0 0 0 0 0 0 0 0 0
 0 0 0 0 0 0 0 0 0 0 0 0 0 0 0 0 0 0 0 0 0 0 0 0 0 0 0 0 0 0 0 0 0 0 0 0
 0 0 0 0 0 0 0 0 1.78061e-05 0.00172719 0.00360574 0.0105946 0.0120993 0.0124554 0.0147524 0.0171206 0.0266825 0.0428682 0.0675386 0.121331 0.153587 0.119568 0.100827 0.0573624 0.0630603 0.0341343 0.0324427 0.0444173 0.0211091 0.0280891 0.0125444 0.00206551 0 0 0 0
 0 0 0 0 0 0 0 0 0 0 0 0 0 0 0 0 0 0 0 0 0 0 0 0 0 0 0 0 0 0 0 0 0 0 0 0
 0 0 0 0 0 0 0.0133647 0.0140871 0.0187388 0.0205184 0.03894 0.0496705 0.03968 0.0493445 0.0407372 0.0367815 0.0215668 0.0243155 0.0234873 0.0199281 0.019796 0.0243948 0.0301388 0.0376714 0.0412746 0.0863199 0.0771752 0.113111 0.0741005 0.0525337 0.0229764 0.00759418 0.00175318 0 0 0
 0 0 0 0 0 0 0 0 0 0 0.00219441 0.00772107 0.0458388 0.0604681 0.0671733 0.0775358 0.0609151 0.0617685 0.073594 0.0568108 0.0755445 0.0548602 0.0670107 0.0636378 0.0643287 0.046367 0.0373049 0.0286899 0.0247887 0.0153202 0.00654259 0.00121912 0.000365735 0 0 0
 0 0 0 0 0 0 0 0 0 0 0 0 0.000112435 0.00938835 0.0111873 0.0202946 0.0414886 0.0713402 0.111592 0.104902 0.108894 0.110636 0.117776 0.105296 0.107544 0.0401394 0.0192827 0.0124803 0.00416011 0.0028671 0.000618394 0 0 0 0 0
 0 0 0 0 0 0 0 0 0 0 0.00291406 0.0102884 0.027416 0.0768956 0.0749926 0.110853 0.0956884 0.0897413 0.0766577 0.0534642 0.0500743 0.0551293 0.0594112 0.0620874 0.0668451 0.0424026 0.0208742 0.0120726 0.0048766 0.00582813 0.00118941 0.000297354 0 0 0 0
 0 0.00264628 0.0354308 0.0461629 0.0458689 0.0383711 0.0214643 0.0164657 0.0346957 0.0420465 0.0363128 0.0245516 0.0311673 0.0291091 0.0169068 0.0133784 0.00837989 0.0085269 0.0148486 0.0160247 0.0276389 0.0546898 0.0760071 0.122758 0.109233 0.0665981 0.0333725 0.0166128 0.00676272 0.00308733 0.000882094 0 0 0 0 0
 0 0 0 0 0 0 0 0.000805153 0.000690131 0.00759144 0.0133425 0.0154129 0.00931677 0.000345066 0.00356568 0.00563607 0.00851162 0.0253048 0.0502646 0.0516448 0.0657925 0.0565908 0.0611916 0.0827007 0.0866115 0.110766 0.145733 0.0935128 0.0569358 0.0249597 0.0138026 0.00621118 0.00161031 0.00115022 0 0
 0 0 0 0 0 0 0 0 0 0 0 0 0 0 0 0 0 0 0 0 0 0 0 0 0 0 0 0 0 0 0 0 0 0 0 0
 0.00147267 0.00158595 0.00478618 0.00569244 0.00954404 0.0108468 0.00647125 0.017049 0.0510054 0.094081 0.124002 0.0959785 0.0687766 0.0820023 0.061753 0.0591476 0.0492212 0.0479892 0.0443925 0.0268479 0.0217502 0.0140895 0.0121071 0.0120363 0.00920419 0.00665534 0.0049561 0.00860946 0.00930331 0.0156896 0.0114698 0.00855282 0.00243557 0.00046729 0 2.83206e-05
 0 0 0 0 0.000772559 0.00158375 0.000888443 0.00281984 0.00712685 0.0440552 0.0773331 0.111326 0.0921469 0.0852325 0.0710754 0.0886704 0.0786465 0.0553345 0.0373146 0.0185414 0.00753245 0.00457741 0.012979 0.0271748 0.0457355 0.0583668 0.034881 0.0177882 0.00938659 0.00492506 0.0015258 0.00185414 0.000309023 5.79419e-05 3.86279e-05 0
 0 0.00173294 0.00326652 0 0.00397197 0.00683976 0.00946217 0.0152591 0.00757587 0.0136028 0.0228656 0.0392903 0.0559909 0.0764795 0.0681675 0.0726916 0.0566044 0.0477403 0.0527397 0.0444891 0.0609904 0.0582453 0.0661739 0.0445044 0.0529084 0.0360697 0.0280645 0.0235558 0.0158879 0.00826598 0.00280645 0.00217768 0.000904811 0.00058276 9.20147e-05 0
 0 0 0 0 0 0 0 0 0 0 0 0 0 0 0 0 0 0 0 0 0 0 0 0 0 0 0 0 0 0 0 0 0 0 0 0
 0 0 0 0 0 0 0 0 0 0 0 0 0 0 0 0 0 0 0 0 0 0 0 0 0 0 0 0 0 0 0 0 0 0 0 0
ppred_pel_tallas
 1.0123e-16 3.30421e-05 0.000193932 0.000921865 0.00354924 0.011068 0.0279568 0.0572033 0.0948208 0.127341 0.138572 0.122229 0.0874925 0.0510549 0.0247663 0.0108909 0.00582248 0.0053148 0.00676376 0.00901976 0.011601 0.0142035 0.0165412 0.0183458 0.0194133 0.019647 0.0190749 0.0178337 0.0161279 0.0141785 0.0121782 0.0102654 0.00851939 0.00697145 0.00562275 0.00446109
 1.01348e-16 3.19311e-05 0.000187406 0.000890833 0.00342974 0.0106953 0.0270156 0.0552778 0.0916301 0.12306 0.133922 0.11815 0.0846206 0.0494759 0.0241809 0.0109398 0.00628338 0.00611754 0.00792291 0.010568 0.0135466 0.0165082 0.0191124 0.0210423 0.0220652 0.0220834 0.0211541 0.0194669 0.0172906 0.0149075 0.0125557 0.0103971 0.00851185 0.00691425 0.00557885 0.00446479
 1.02256e-16 2.52493e-05 0.000148168 0.000704269 0.00271139 0.00845513 0.0213572 0.0437011 0.0724449 0.0973081 0.105934 0.0935461 0.0671909 0.0396725 0.0201131 0.0103253 0.00763747 0.00886529 0.0120276 0.0161766 0.0207837 0.0253747 0.0294435 0.0325085 0.0342102 0.0343913 0.0331264 0.0306898 0.0274772 0.023907 0.0203358 0.0170097 0.0140563 0.0115074 0.00933717 0.0074965
 1.0254e-16 3.03714e-05 0.000178251 0.000847316 0.0032622 0.0101728 0.0256958 0.0525772 0.0871534 0.117047 0.127377 0.112371 0.080472 0.0470318 0.0229534 0.010333 0.00587271 0.00568533 0.007388 0.00992584 0.0128459 0.0158461 0.0186311 0.0209162 0.0224772 0.023194 0.0230701 0.0222171 0.0208153 0.019064 0.0171392 0.0151701 0.0132367 0.0113817 0.00962817 0.00799313
 1.02114e-16 3.10884e-05 0.000182459 0.000867318 0.0033392 0.010413 0.0263024 0.0538185 0.0892113 0.119812 0.130388 0.115033 0.0823916 0.0481794 0.0235602 0.0106823 0.0061707 0.00604321 0.00785146 0.0104989 0.0134979 0.0165116 0.0192115 0.0212894 0.0225151 0.0227858 0.022145 0.0207613 0.0188781 0.0167513 0.0145965 0.0125591 0.0107115 0.00906922 0.00761567 0.00632499
 1.02981e-16 2.35786e-05 0.000138358 0.000657629 0.0025318 0.0078951 0.0199426 0.0408069 0.0676483 0.0908688 0.0989334 0.0873856 0.0628138 0.0371841 0.0190294 0.0100602 0.00780022 0.00929063 0.0126864 0.0170926 0.0219879 0.026885 0.0312568 0.0345989 0.0365334 0.0368908 0.0357424 0.0333662 0.0301653 0.0265659 0.0229301 0.0195066 0.0164233 0.0137126 0.0113508 0.00929422
 1.03327e-16 2.87141e-05 0.000168521 0.000801055 0.00308408 0.00961738 0.0242928 0.0497066 0.0823956 0.110659 0.12043 0.106253 0.0761153 0.0445347 0.0218275 0.00998525 0.00590166 0.00591232 0.0077719 0.0104846 0.0136157 0.0168649 0.0199309 0.0225192 0.024392 0.0254143 0.0255727 0.0249623 0.0237474 0.0221135 0.0202265 0.0182109 0.0161488 0.0140916 0.0120773 0.0101423
 1.03426e-16 2.63796e-05 0.000154809 0.000735853 0.00283301 0.00883441 0.0223152 0.0456608 0.0756917 0.101663 0.110661 0.0976834 0.0700838 0.0412223 0.0206067 0.0101037 0.00689509 0.00763698 0.0102621 0.0138122 0.0178001 0.0218253 0.0254691 0.0283321 0.0301127 0.0306712 0.0300547 0.0284696 0.0262175 0.0236158 0.0209309 0.0183416 0.0159364 0.0137358 0.0117246 0.00987997
 1.03235e-16 2.81235e-05 0.000165051 0.000784553 0.00302053 0.00941921 0.0237922 0.0486827 0.0806993 0.108384 0.117961 0.104094 0.074608 0.0437329 0.0215831 0.0101226 0.00632111 0.00659649 0.00874566 0.0117741 0.01522 0.0187395 0.0219822 0.0246109 0.0263639 0.0271081 0.0268608 0.0257695 0.0240623 0.0219856 0.0197514 0.0175088 0.015342 0.0132862 0.0113517 0.00954305
 1.03331e-16 2.64109e-05 0.000154993 0.000736728 0.00283638 0.00884493 0.0223417 0.0457151 0.0757816 0.101784 0.110791 0.0977964 0.0701605 0.0412586 0.0206088 0.0100787 0.00684567 0.00756183 0.0101587 0.01368 0.0176432 0.0216532 0.0252971 0.0281792 0.0299981 0.0306106 0.0300558 0.0285302 0.026325 0.0237497 0.0210668 0.0184558 0.0160106 0.0137597 0.0116966 0.00980635
 1.05074e-16 1.92728e-05 0.000113078 0.000537442 0.00206905 0.00645201 0.0162975 0.0333489 0.0552872 0.0742723 0.080884 0.0714905 0.0514921 0.0306915 0.0160948 0.00914117 0.00785078 0.00984366 0.0136323 0.0184761 0.0239032 0.0294329 0.0345262 0.0386553 0.0414095 0.0425802 0.0421946 0.0404845 0.0378078 0.0345511 0.0310465 0.0275277 0.0241261 0.0208966 0.017855 0.0150093
 1.07399e-16 1.89066e-05 0.000110935 0.000527272 0.00202992 0.00633001 0.0159893 0.0327176 0.0542385 0.0728574 0.0793271 0.0700763 0.0503907 0.0298698 0.0153641 0.0082601 0.00659399 0.00802397 0.0111099 0.0151807 0.0198671 0.0248224 0.0296516 0.0339511 0.0373802 0.0397222 0.0409118 0.0410185 0.0401993 0.0386402 0.0365098 0.033938 0.0310204 0.0278373 0.0244754 0.0210383
 1.06202e-16 2.62234e-05 0.000153899 0.000731545 0.00281645 0.0087828 0.0221847 0.0453932 0.0752459 0.101058 0.109984 0.0970437 0.0695331 0.0407142 0.0200134 0.00925692 0.00561745 0.0057595 0.0076442 0.0103734 0.0135596 0.0169358 0.0202304 0.0231741 0.0255441 0.0272043 0.0281216 0.0283514 0.0280021 0.0271932 0.0260227 0.0245543 0.0228243 0.0208596 0.0186966 0.0163936
 1.04326e-16 2.68415e-05 0.000157523 0.000748759 0.00288271 0.00898942 0.0227067 0.0464617 0.0770185 0.103443 0.112591 0.099372 0.0712616 0.041847 0.020793 0.00998703 0.00654984 0.00707126 0.00944853 0.0127195 0.0164164 0.0201717 0.0236075 0.0263634 0.0281666 0.0288896 0.0285711 0.0273909 0.025611 0.0235038 0.0212928 0.0191215 0.0170538 0.0150963 0.0132302 0.0114374
 1.02533e-16 3.10594e-05 0.00018229 0.000866516 0.00333612 0.0104034 0.0262781 0.0537687 0.0891284 0.119699 0.130263 0.114916 0.0822926 0.0480915 0.0234617 0.0105447 0.00596471 0.00574168 0.00743246 0.00995075 0.0128255 0.0157417 0.0183941 0.0204948 0.021825 0.0222805 0.0218897 0.0207952 0.0192082 0.0173531 0.0154199 0.0135385 0.011776 0.0101522 0.00866135 0.00729177
 1.01586e-16 3.25177e-05 0.000190851 0.000907218 0.00349284 0.0108921 0.0275125 0.0562945 0.0933148 0.125321 0.136378 0.120304 0.086137 0.0503095 0.0244896 0.0109128 0.00603701 0.00568708 0.00729777 0.00972671 0.0124795 0.0152294 0.0176652 0.0194978 0.0205136 0.0206213 0.0198692 0.0184254 0.0165291 0.0144315 0.0123438 0.010409 0.00869701 0.00722028 0.00595717 0.00487423
 1.01991e-16 2.72065e-05 0.000159661 0.000758916 0.0029218 0.0091113 0.0230146 0.047092 0.0780645 0.104852 0.114133 0.100755 0.0723015 0.042554 0.0213221 0.0105345 0.00728631 0.00812723 0.0109175 0.014653 0.0188081 0.0229395 0.0265845 0.0293055 0.0307787 0.0308656 0.0296406 0.0273606 0.0243925 0.0211224 0.0178776 0.0148817 0.0122473 0.00999784 0.00810233 0.0065088
 1.02844e-16 2.71575e-05 0.000159377 0.000757577 0.00291666 0.00909528 0.0229741 0.0470088 0.0779254 0.104661 0.113917 0.100541 0.0720994 0.0423374 0.0210342 0.0100998 0.00662178 0.00715136 0.00956305 0.0128858 0.0166479 0.0204776 0.0239884 0.0268069 0.028643 0.0293491 0.0289448 0.0275959 0.0255595 0.0231158 0.0205096 0.0179177 0.0154442 0.0131369 0.011012 0.00907447
 1.03228e-16 2.73522e-05 0.000160521 0.000763015 0.0029376 0.00916058 0.023139 0.0473462 0.0784846 0.105411 0.114732 0.101257 0.0726034 0.0426155 0.0211389 0.0100938 0.00654337 0.00701076 0.00935388 0.0125962 0.0162678 0.0200036 0.0234264 0.0261743 0.0279682 0.0286696 0.028304 0.0270382 0.0251255 0.0228378 0.0204075 0.0179968 0.0156945 0.0135344 0.0115216 0.00965497
 1.02346e-16 3.20137e-05 0.000187894 0.000893163 0.00343873 0.0107233 0.0270863 0.0554222 0.0918685 0.123377 0.134259 0.118427 0.0847766 0.0494812 0.0240242 0.0106018 0.00572363 0.00527943 0.00675032 0.00902638 0.0116441 0.0143114 0.0167525 0.0187071 0.0199758 0.0204607 0.0201818 0.0192608 0.0178814 0.0162399 0.0145039 0.0127892 0.0111584 0.00963381 0.00821652 0.00690311
 1.02093e-16 2.92407e-05 0.000171607 0.000815718 0.00314052 0.00979337 0.0247374 0.0506167 0.0839055 0.112691 0.122652 0.108239 0.0775931 0.04551 0.0225095 0.010636 0.00673922 0.00708999 0.009386 0.0125726 0.0161406 0.0196983 0.0228488 0.0252194 0.0265343 0.0266758 0.0257068 0.0238451 0.0214004 0.0186969 0.0160075 0.0135158 0.0113115 0.00940927 0.0077804 0.00638111
 1.02394e-16 2.86934e-05 0.000168395 0.000800451 0.00308174 0.00961008 0.0242744 0.0496693 0.0823349 0.110581 0.120354 0.106208 0.0761312 0.0446403 0.0220573 0.0103878 0.00654046 0.0068591 0.00909085 0.0122115 0.0157358 0.0192957 0.0225163 0.02504 0.0265942 0.0270488 0.0264387 0.0249424 0.0228262 0.020376 0.0178377 0.0153843 0.0131113 0.0110528 0.0092077 0.00756229
 1.02297e-16 3.0507e-05 0.000179046 0.00085109 0.00327672 0.0102181 0.0258102 0.0528115 0.0875422 0.11757 0.12795 0.112884 0.0808571 0.0472917 0.0231446 0.0105262 0.00612813 0.00604627 0.007882 0.0105628 0.0136125 0.0167012 0.019504 0.0217134 0.023095 0.0235365 0.0230673 0.0218392 0.0200784 0.0180271 0.0158922 0.013818 0.0118823 0.010112 0.0085055 0.00705242
 1.02787e-16 2.60079e-05 0.000152624 0.000725463 0.002793 0.00870964 0.022 0.0450162 0.0746238 0.100232 0.109108 0.0963272 0.0691422 0.0407316 0.0204782 0.0102332 0.0072286 0.00817412 0.0110301 0.0148382 0.0190914 0.0233557 0.0271734 0.0301083 0.0318329 0.0321997 0.0312682 0.0292758 0.0265672 0.0235066 0.0204028 0.0174667 0.0148066 0.0124494 0.0103755 0.00855005
pSPR Fmed_Fpbrs
0.702317   0.335471 0.335471
Fs Fmed_Fpbrs
0.221627   1.005 1.005
SSBpbr Bo_Bmed_Bpbrs
1.29983e+06  847902  371064 371064
Ro
56387.3
SPR SPRFo_SPRFmed_SPRFpbrs
1.16009e+06 814751 389177
log_Ro
10.76
likeval ReclasPelacesDesembMPH_pf_preclas_ppelaces_ptallas_desvR_qrecl_qpela
 64.0389 26.1925 0.0175683 0.000189755 288.065 171.591 80.9208 0 15.407 8.15495e-05 0 0 0 0 0
q_reclas_q_pelaces
0.278133 1
M
0.7
N
 53062.5 15855.7 5958.14 708.103 0.370348
 68454.9 24301.9 5175.86 1944.94 231.27
 42018.7 31792.9 8529.52 1816.63 763.811
 68341 18934.8 9542.39 2560.07 774.5
 116689 33318.4 8547.24 4307.46 1505.23
 84170.9 57738.9 16241.1 4166.37 2833.41
 131667 40352.5 23889.9 6719.89 2896.21
 127023 63960.6 17877.4 10583.9 4260.22
 151287 60393.5 25350.4 7085.57 5883.38
 147067 71582.4 23343.5 9798.5 5012.8
 68691.8 70263.4 29093.6 9487.61 6019.83
 40789.8 31482.5 23022.1 9532.63 5081.07
 42255.5 18805.6 10636.9 7778.39 4937.48
 23495.2 18662.9 5086.25 2876.9 3439.19
 18580 9496.14 3186.65 868.466 1078.46
 23188.1 7618.29 1746.9 586.214 358.155
 19385.5 10675.2 2554.82 585.829 316.697
 20923.3 9119.72 4004.79 958.441 338.583
 23981.3 10016.7 3745.73 1644.88 532.725
 44982.5 11537.7 4221.36 1578.58 917.719
 56455.8 21629.9 4848.64 1773.99 1049.05
 73721.4 27613.2 9928.9 2225.7 1295.88
 116720 35908.2 12404.9 4460.43 1582.02
 109919 56657.5 15847.5 5474.68 2666.74
pred_Ctot
 2980.12 4002.13 1503.89 178.731 0.093479
 3199.61 5227.54 1113.37 418.373 49.7481
 2812.35 9308.78 2497.4 531.9 223.64
 896.987 1245.82 627.842 168.44 50.9583
 299.996 441.181 113.177 57.0367 19.9314
 2097.67 6999.16 1968.76 505.051 343.469
 2064.07 3150.42 1865.14 524.639 226.115
 3897.39 9406.68 2629.22 1556.58 626.55
 5147.42 9766.18 4099.38 1145.8 951.396
 4017.73 9454.11 3083.04 1294.12 662.056
 3824.81 17604.3 7289.32 2377.09 1508.25
 2108.99 7398.11 5409.99 2240.09 1194.01
 3383.44 6375.02 3605.86 2636.84 1673.79
 3181.93 9347.29 2547.44 1440.89 1722.51
 2355 4545.26 1525.27 415.685 516.197
 1221.39 1819.35 417.184 139.996 85.5322
 736.336 1907.91 456.607 104.702 56.6014
 542.101 1146.41 503.431 120.483 42.5623
 538.279 1100.53 411.543 180.723 58.5304
 1026.86 1287.98 471.238 176.22 102.447
 611.622 1181.59 264.87 96.9089 57.307
 1015.98 1904.44 684.782 153.503 89.3747
 1890.65 2892.9 999.383 359.349 127.454
 1773.47 4547.28 1271.9 439.393 214.03
F
 0.0809171 0.419526 0.419526 0.419526 0.419526
 0.0669326 0.347021 0.347021 0.347021 0.347021
 0.0971137 0.503499 0.503499 0.503499 0.503499
 0.0183994 0.0953944 0.0953944 0.0953944 0.0953944
 0.00358051 0.0185637 0.0185637 0.0185637 0.0185637
 0.0351953 0.182475 0.182475 0.182475 0.182475
 0.0220108 0.114118 0.114118 0.114118 0.114118
 0.0434891 0.225475 0.225475 0.225475 0.225475
 0.0483281 0.250563 0.250563 0.250563 0.250563
 0.0386394 0.200331 0.200331 0.200331 0.200331
 0.080198 0.415798 0.415798 0.415798 0.415798
 0.0742779 0.385104 0.385104 0.385104 0.385104
 0.117195 0.607614 0.607614 0.607614 0.607614
 0.20591 1.06757 1.06757 1.06757 1.06757
 0.191535 0.993042 0.993042 0.993042 0.993042
 0.075718 0.392571 0.392571 0.392571 0.392571
 0.0540885 0.280429 0.280429 0.280429 0.280429
 0.0366125 0.189823 0.189823 0.189823 0.189823
 0.0316495 0.164091 0.164091 0.164091 0.164091
 0.0321962 0.166925 0.166925 0.166925 0.166925
 0.0151654 0.0786272 0.0786272 0.0786272 0.0786272
 0.0193272 0.100205 0.100205 0.100205 0.100205
 0.0227509 0.117955 0.117955 0.117955 0.117955
 0.0226602 0.117485 0.117485 0.117485 0.117485
nmprior
 10 10 8 0
nm_flota  nm_reclas  nm_pelaces    nm_pelaL
inf 14.4833 19.4094 35.1249
cv_recla  cv_pelaces  cv_mph
0.740881 0.602217 0.446925
 ------------------------------------------------
Talla a la edad & desviación 
 7.2 14.2025 17.0495 18.207 18.6776
 1.08 2.13037 2.55742 2.73105 2.80164
