years
 1997 1998 1999 2000 2001 2002 2003 2004 2005 2006 2007 2008 2009 2010 2011 2012 2013 2014 2015 2016 2017 2018 2019 2020
reclasobs
 0 0 0 370054 412103 1.49427e+06 250295 1.28982e+06 931140 785840 897777 1.04006e+06 184774 17550 25797 100020 73551 82996 120727 218422 84188 347160 605670 569463
reclaspred
 1.33932e+06 201874 346813 100451 237030 392660 706629 705174 682597 1.0668e+06 1.1297e+06 678734 434306 240792 162620 141125 165369 263917 275413 298815 495214 511057 688393 417704
pelacesobs
 0 0 0 0 0 0 0 0 0 2.06254e+06 1.5e+06 0 1.87456e+06 323000 250000 174000 83755 137374 0 501740 490994 745055 786931 1.00524e+06
pelacespred
 667559 214106 98201.3 64851.2 130146 167821 354855 427599 353402 612475 562541 354088 234393 106844 71248.4 69590.4 85967.4 135867 151592 161127 285745 304851 316370 240001
mphobs
 0 0 0 0 0 112323 0 153150 637223 0 255016 313432 73983 77613 109348 50772 0 0 0 0 0 0 0 0
mphpred
 1.0534e+06 413227 266959 137208 101427 360017 440504 596047 713609 613033 1.25815e+06 695282 448180 296914 153524 127217 122739 194488 255624 238637 343877 486441 542614 471749
desembarqueobs
 350755 77701 442110 56441 14545 235359 269955 359681 431902 328805 639364 411747 362871 311530 167758 66681 60226 58785 57116 71774 51957 67425 138520 160799
desembarquepred
 349894 77425.8 442273 56485.6 14488.4 234476 270882 359375 431301 328187 636872 411913 363214 310822 167860 66598.2 60035.6 58700.9 56969.4 71306.5 51929.1 67426.9 138205 160127
Reclutas
 18414.5 35967.2 9133.09 4495.98 64208.6 25253 55454.4 112585 35988.4 250454 8815.01 47240.5 65236.9 29197.7 18999.4 12865.7 18803 19935.6 11372.8 26898.1 51554.7 42844.8 26852.7 10206.4
log_desv_Rt
 -0.399105 0.270363 -1.10034 -1.80906 0.849893 -0.0832999 0.703317 1.41147 0.270953 2.21103 -1.13579 0.543006 0.865781 0.0618441 -0.367836 -0.757678 -0.378228 -0.319737 -0.881018 -0.0201894 0.6304 0.44534 -0.0218792 -0.989234
SSB
 1.0534e+06 413227 266959 137208 101427 360017 440504 596047 713609 613033 1.25815e+06 695282 448180 296914 153524 127217 122739 194488 255624 238637 343877 486441 542614 471749
BT
 1.7282e+06 546248 473306 189973 410391 505970 1.17578e+06 1.48984e+06 1.14488e+06 2.08691e+06 1.58437e+06 1.13772e+06 927310 521444 312331 204092 262449 361824 347539 426311 758314 667030 707664 601922
Ftot
 0.251848 0.367269 1.12281 0.529762 0.0597626 0.561157 0.367741 0.486256 0.592636 0.297448 0.529999 0.570637 0.775799 1.14316 0.940667 0.448701 0.348809 0.215326 0.2002 0.2308 0.102227 0.128331 0.19434 0.366114
BD_Bspro_t
 0.961705 0.754779 0.566162 0.249281 0.300359 0.657869 0.543385 0.583666 0.57062 0.496243 0.629201 0.412343 0.323385 0.269361 0.175929 0.172664 0.220295 0.392279 0.520135 0.565341 0.677322 0.794494 0.781842 0.69373
BD_Bspro
 1.86548 0.731795 0.472764 0.242985 0.17962 0.637563 0.780099 1.05555 1.26375 1.08563 2.22808 1.23129 0.793693 0.525812 0.271879 0.225291 0.217362 0.344423 0.452691 0.422608 0.60898 0.86145 0.960928 0.835432
BD_Bo
 1.1789 0.462461 0.298765 0.153556 0.113512 0.402911 0.492987 0.667062 0.798631 0.686072 1.40805 0.778121 0.501578 0.33229 0.171815 0.142374 0.137363 0.21766 0.28608 0.267069 0.384848 0.544397 0.607263 0.527955
BD_Brms
 5.73984 2.25163 1.45463 0.747633 0.552665 1.96169 2.40026 3.24779 3.88838 3.34035 6.85551 3.78852 2.44209 1.61785 0.836535 0.69319 0.668793 1.05974 1.39287 1.30031 1.87375 2.65056 2.95664 2.57051
S_f
 0.5 1 1 1 1
 0.5 1 1 1 1
 0.5 1 1 1 1
 0.5 1 1 1 1
 0.5 1 1 1 1
 0.5 1 1 1 1
 0.5 1 1 1 1
 0.5 1 1 1 1
 0.5 1 1 1 1
 0.5 1 1 1 1
 0.5 1 1 1 1
 0.5 1 1 1 1
 0.5 1 1 1 1
 0.5 1 1 1 1
 0.5 1 1 1 1
 0.5 1 1 1 1
 0.5 1 1 1 1
 0.5 1 1 1 1
 0.5 1 1 1 1
 0.5 1 1 1 1
 0.5 1 1 1 1
 0.5 1 1 1 1
 0.5 1 1 1 1
 0.5 1 1 1 1
Scru_reclas
 0.5 1 1 1 1
 0.5 1 1 1 1
 0.5 1 1 1 1
 0.5 1 1 1 1
 0.5 1 1 1 1
 0.5 1 1 1 1
 0.5 1 1 1 1
 0.5 1 1 1 1
 0.5 1 1 1 1
 0.5 1 1 1 1
 0.5 1 1 1 1
 0.5 1 1 1 1
 0.5 1 1 1 1
 0.5 1 1 1 1
 0.5 1 1 1 1
 0.5 1 1 1 1
 0.5 1 1 1 1
 0.5 1 1 1 1
 0.5 1 1 1 1
 0.5 1 1 1 1
 0.5 1 1 1 1
 0.5 1 1 1 1
 0.5 1 1 1 1
 0.5 1 1 1 1
Scru_pelaces
 0.5 1 1 1 1
 0.5 1 1 1 1
 0.5 1 1 1 1
 0.5 1 1 1 1
 0.5 1 1 1 1
 0.5 1 1 1 1
 0.5 1 1 1 1
 0.5 1 1 1 1
 0.5 1 1 1 1
 0.5 1 1 1 1
 0.5 1 1 1 1
 0.5 1 1 1 1
 0.5 1 1 1 1
 0.5 1 1 1 1
 0.5 1 1 1 1
 0.5 1 1 1 1
 0.5 1 1 1 1
 0.5 1 1 1 1
 0.5 1 1 1 1
 0.5 1 1 1 1
 0.5 1 1 1 1
 0.5 1 1 1 1
 0.5 1 1 1 1
 0.5 1 1 1 1
pf_obs 
 0.256992 0.487395 0.22802 0.0275931 0
 0.321318 0.546541 0.124235 0.00734118 0.000564706
 0.182869 0.594174 0.210203 0.0122559 0.00049798
 0.330522 0.361315 0.267642 0.0388342 0.00168674
 0.649043 0.306663 0.0425973 0.00169635 0
 0.582887 0.30429 0.105238 0.00758474 0
 0.465427 0.430635 0.0974691 0.00646863 0
 0.296916 0.608066 0.0921331 0.00288517 0
 0.311714 0.524322 0.152257 0.0117073 0
 0.15457 0.633149 0.183074 0.0267441 0.00246327
 0.131901 0.49318 0.331252 0.0422183 0.00144891
 0.196976 0.569456 0.194076 0.0375587 0.00193317
 0.518974 0.381816 0.0799577 0.0180837 0.00116848
 0.0928022 0.601141 0.25162 0.0475244 0.00691264
 0.122501 0.610282 0.24278 0.0234846 0.000952079
 0.383417 0.481906 0.127806 0.00687128 0
 0.0376549 0.599619 0.316969 0.0457579 0
 0.0361596 0.667082 0.258105 0.0386534 0
 0.158088 0.579412 0.248529 0.0139706 0
 0.0477256 0.309471 0.559284 0.082774 0.000745712
 0.0406174 0.521527 0.379366 0.0568643 0.0016247
 0.151134 0.462217 0.34131 0.0453401 0
 0.294876 0.26143 0.354403 0.0886775 0.000613685
 0.281977 0.475581 0.204845 0.0348837 0.00271318
pf_pred 
 0.230616 0.387319 0.192337 0.0955118 0.0942161
 0.48563 0.201558 0.157474 0.0781993 0.0771384
 0.204522 0.538911 0.100537 0.0785477 0.0774821
 0.290121 0.299484 0.278029 0.0518679 0.0804972
 0.902705 0.0475416 0.0209899 0.0194861 0.00927703
 0.302911 0.662007 0.0171425 0.00756849 0.0103714
 0.615585 0.19467 0.180195 0.00466611 0.00488315
 0.679592 0.250192 0.0355579 0.0329139 0.00174424
 0.277682 0.599744 0.0957131 0.013603 0.0132588
 0.827601 0.0824508 0.0746842 0.0119189 0.00334501
 0.0401633 0.876078 0.0400583 0.036285 0.00741587
 0.413212 0.0522956 0.487851 0.0223068 0.0243351
 0.574142 0.266215 0.0142277 0.132726 0.0126895
 0.3889 0.472472 0.0866595 0.00463147 0.0473363
 0.473151 0.339954 0.144498 0.0265035 0.0158935
 0.458044 0.382406 0.102951 0.0437596 0.0128394
 0.566145 0.285647 0.104576 0.0281538 0.0154781
 0.497134 0.373498 0.085175 0.0311828 0.0130103
 0.311568 0.466539 0.164808 0.037584 0.0195004
 0.575058 0.207947 0.147054 0.0519479 0.0179931
 0.622007 0.280852 0.0475366 0.0336165 0.0159885
 0.411468 0.45439 0.0996688 0.0168698 0.0176038
 0.293402 0.418187 0.222674 0.0488428 0.0168938
 0.175532 0.385391 0.25986 0.138369 0.0408485
pobs_RECLAS
 0 0 0 0 0
 0 0 0 0 0
 0 0 0 0 0
 0 0 0 0 0
 0.835266 0.146461 0.0176864 0.000547809 3.91292e-05
 0.385257 0.428462 0.181853 0.0044286 0
 0.867414 0.0963971 0.0333333 0.00285562 0
 0.441836 0.489002 0.0689373 0.000224442 0
 0.779404 0.147425 0.0564933 0.0165055 0.000172143
 0.814271 0.122319 0.05973 0.00367925 0
 0.40263 0.566651 0.0304383 0.000280538 0
 0.475488 0.404961 0.113038 0.00651328 0
 0.955842 0.0263864 0.0167828 0.000988607 0
 0.975058 0.0227948 0.00214734 0 0
 0.738997 0.206755 0.0527124 0.00153531 0
 0.850938 0.134255 0.0134407 0.00136685 0
 0.542534 0.407297 0.0501686 0 0
 0.764087 0.199537 0.0359546 0.000420521 0
 0.470689 0.182191 0.310203 0.0369168 0
 0.84361 0.089868 0.0606195 0.00523954 0.000663233
 0.607945 0.314616 0.071237 0.00620181 0
 0.523733 0.453247 0.0230204 0 0
 0.530135 0.295979 0.169645 0.0042399 0
 0.562478 0.366248 0.0663022 0.0049721 0
ppred_RECLAS
 0.232253 0.386495 0.191928 0.0953085 0.0940155
 0.489301 0.20012 0.15635 0.0776411 0.0765879
 0.216038 0.53111 0.0990814 0.0774106 0.0763604
 0.295035 0.297411 0.276105 0.0515089 0.07994
 0.902867 0.0474628 0.0209551 0.0194538 0.00926165
 0.308358 0.656834 0.0170085 0.00750935 0.0102903
 0.619062 0.19291 0.178565 0.0046239 0.00483898
 0.684184 0.246606 0.0350482 0.0324422 0.00171924
 0.283262 0.59511 0.0949736 0.0134979 0.0131563
 0.829205 0.0816839 0.0739896 0.011808 0.0033139
 0.0410893 0.875232 0.0400196 0.03625 0.00740872
 0.419593 0.0517269 0.482545 0.0220642 0.0240705
 0.58397 0.260071 0.0138993 0.129663 0.0123967
 0.405964 0.45928 0.0842397 0.00450214 0.0460146
 0.486456 0.331368 0.140849 0.0258341 0.0154922
 0.462774 0.379069 0.102052 0.0433777 0.0127274
 0.569522 0.283423 0.103762 0.0279347 0.0153576
 0.499042 0.372081 0.0848517 0.0310644 0.0129609
 0.313073 0.465519 0.164448 0.0375018 0.0194578
 0.577083 0.206956 0.146353 0.0517003 0.0179074
 0.622776 0.28028 0.0474398 0.033548 0.0159559
 0.412489 0.453601 0.0994959 0.0168405 0.0175733
 0.294807 0.417355 0.222231 0.0487456 0.0168602
 0.17766 0.384396 0.259189 0.138012 0.040743
pobs_PELACES
 0 0 0 0 0
 0 0 0 0 0
 0 0 0 0 0
 0 0 0 0 0
 0 0 0 0 0
 0 0 0 0 0
 0 0 0 0 0
 0 0 0 0 0
 0 0 0 0 0
 0 0 0 0 0
 0.450072 0.473896 0.0757376 0.000293798 0
 0 0 0 0 0
 0.463077 0.371075 0.160297 0.00555027 0
 0.529543 0.364841 0.0842815 0.0213345 0
 0.631943 0.363953 0.00410389 0 0
 0.735681 0.248677 0.0153453 0.000297389 0
 0.695825 0.281241 0.0229344 0 0
 0.275771 0.60734 0.115278 0.00161068 0
 0 0 0 0 0
 0.896147 0.0623911 0.0374545 0.00400742 0
 0.803859 0.145111 0.0509908 3.86294e-05 0
 0.739449 0.233085 0.0266225 0.000797448 4.60066e-05
 0.878498 0.100942 0.0204185 0.000141795 0
 0.694673 0.275183 0.0284847 0.00165964 0
ppred_PELACES
 0.239745 0.382723 0.190055 0.0943784 0.0930981
 0.504449 0.194184 0.151713 0.0753382 0.0743162
 0.249058 0.508739 0.0949082 0.0741501 0.0731442
 0.313535 0.289606 0.268859 0.0501571 0.0778421
 0.903728 0.0470419 0.0207692 0.0192813 0.00917952
 0.328447 0.637755 0.0165145 0.00729124 0.00999145
 0.633264 0.185718 0.171908 0.00445151 0.00465858
 0.701259 0.233273 0.0331533 0.0306881 0.00162629
 0.303528 0.578283 0.0922882 0.0131162 0.0127843
 0.836044 0.0784131 0.071027 0.0113352 0.00318121
 0.0446765 0.871958 0.0398699 0.0361143 0.00738101
 0.442681 0.0496693 0.46335 0.0211865 0.023113
 0.614697 0.240863 0.0128728 0.120086 0.0114811
 0.452133 0.423584 0.0776925 0.00415223 0.0424383
 0.525234 0.306346 0.130214 0.0238834 0.0143223
 0.481222 0.366051 0.0985479 0.0418881 0.0122903
 0.583572 0.274173 0.100375 0.0270229 0.0148563
 0.507924 0.365484 0.0833474 0.0305137 0.0127311
 0.320221 0.460675 0.162737 0.0371116 0.0192553
 0.586349 0.202421 0.143147 0.0505676 0.017515
 0.626731 0.277342 0.0469425 0.0331964 0.0157887
 0.41763 0.449632 0.0986253 0.0166932 0.0174195
 0.301517 0.413384 0.220117 0.0482818 0.0166998
 0.186658 0.38019 0.256353 0.136502 0.0402972
pobs_pel_tallas
 0 0 0 0 0 0 0 0 0 0 0 0 0 0 0 0 0 0 0 0 0 0 0 0 0 0 0 0 0 0 0 0 0 0 0 0
 0 0 0 0 0 0 0 0 0 0 0 0 0 0 0 0 0 0 0 0 0 0 0 0 0 0 0 0 0 0 0 0 0 0 0 0
 0 0 0 0 0 0 0 0 0 0 0 0 0 0 0 0 0 0 0 0 0 0 0 0 0 0 0 0 0 0 0 0 0 0 0 0
 0 0 0 0 0 0 0 0 0 0 0 0 0 0 0 0 0 0 0 0 0 0 0 0 0 0 0 0 0 0 0 0 0 0 0 0
 0 0 0 0 0 0 0 0 0 0 0 0 0 0 0 0 0 0 0 0 0 0 0 0 0 0 0 0 0 0 0 0 0 0 0 0
 0 0 0 0 0 0 0 0 0 0 0 0 0 0 0 0 0 0 0 0 0 0 0 0 0 0 0 0 0 0 0 0 0 0 0 0
 0 0 0 0 0 0 0 0 0 0 0 0 0 0 0 0 0 0 0 0 0 0 0 0 0 0 0 0 0 0 0 0 0 0 0 0
 0 0 0 0 0 0 0 0 0 0 0 0 0 0 0 0 0 0 0 0 0 0 0 0 0 0 0 0 0 0 0 0 0 0 0 0
 0 0 0 0 0 0 0 0 0 0 0 0 0 0 0 0 0 0 0 0 0 0 0 0 0 0 0 0 0 0 0 0 0 0 0 0
 0 0 0 0 0 0 0 0 0 0 0 0 0 0 0 0 0 0 0 0 0 0 0 0 0 0 0 0 0 0 0 0 0 0 0 0
 0 0 0 0 0 0 0 0 1.78061e-05 0.00172719 0.00360574 0.0105946 0.0120993 0.0124554 0.0147524 0.0171206 0.0266825 0.0428682 0.0675386 0.121331 0.153587 0.119568 0.100827 0.0573624 0.0630603 0.0341343 0.0324427 0.0444173 0.0211091 0.0280891 0.0125444 0.00206551 0 0 0 0
 0 0 0 0 0 0 0 0 0 0 0 0 0 0 0 0 0 0 0 0 0 0 0 0 0 0 0 0 0 0 0 0 0 0 0 0
 0 0 0 0 0 0 0.0133647 0.0140871 0.0187388 0.0205184 0.03894 0.0496705 0.03968 0.0493445 0.0407372 0.0367815 0.0215668 0.0243155 0.0234873 0.0199281 0.019796 0.0243948 0.0301388 0.0376714 0.0412746 0.0863199 0.0771752 0.113111 0.0741005 0.0525337 0.0229764 0.00759418 0.00175318 0 0 0
 0 0 0 0 0 0 0 0 0 0 0.00219441 0.00772107 0.0458388 0.0604681 0.0671733 0.0775358 0.0609151 0.0617685 0.073594 0.0568108 0.0755445 0.0548602 0.0670107 0.0636378 0.0643287 0.046367 0.0373049 0.0286899 0.0247887 0.0153202 0.00654259 0.00121912 0.000365735 0 0 0
 0 0 0 0 0 0 0 0 0 0 0 0 0.000112435 0.00938835 0.0111873 0.0202946 0.0414886 0.0713402 0.111592 0.104902 0.108894 0.110636 0.117776 0.105296 0.107544 0.0401394 0.0192827 0.0124803 0.00416011 0.0028671 0.000618394 0 0 0 0 0
 0 0 0 0 0 0 0 0 0 0 0.00291406 0.0102884 0.027416 0.0768956 0.0749926 0.110853 0.0956884 0.0897413 0.0766577 0.0534642 0.0500743 0.0551293 0.0594112 0.0620874 0.0668451 0.0424026 0.0208742 0.0120726 0.0048766 0.00582813 0.00118941 0.000297354 0 0 0 0
 0 0.00264628 0.0354308 0.0461629 0.0458689 0.0383711 0.0214643 0.0164657 0.0346957 0.0420465 0.0363128 0.0245516 0.0311673 0.0291091 0.0169068 0.0133784 0.00837989 0.0085269 0.0148486 0.0160247 0.0276389 0.0546898 0.0760071 0.122758 0.109233 0.0665981 0.0333725 0.0166128 0.00676272 0.00308733 0.000882094 0 0 0 0 0
 0 0 0 0 0 0 0 0.000805153 0.000690131 0.00759144 0.0133425 0.0154129 0.00931677 0.000345066 0.00356568 0.00563607 0.00851162 0.0253048 0.0502646 0.0516448 0.0657925 0.0565908 0.0611916 0.0827007 0.0866115 0.110766 0.145733 0.0935128 0.0569358 0.0249597 0.0138026 0.00621118 0.00161031 0.00115022 0 0
 0 0 0 0 0 0 0 0 0 0 0 0 0 0 0 0 0 0 0 0 0 0 0 0 0 0 0 0 0 0 0 0 0 0 0 0
 0.00147267 0.00158595 0.00478618 0.00569244 0.00954404 0.0108468 0.00647125 0.017049 0.0510054 0.094081 0.124002 0.0959785 0.0687766 0.0820023 0.061753 0.0591476 0.0492212 0.0479892 0.0443925 0.0268479 0.0217502 0.0140895 0.0121071 0.0120363 0.00920419 0.00665534 0.0049561 0.00860946 0.00930331 0.0156896 0.0114698 0.00855282 0.00243557 0.00046729 0 2.83206e-05
 0 0 0 0 0.000772559 0.00158375 0.000888443 0.00281984 0.00712685 0.0440552 0.0773331 0.111326 0.0921469 0.0852325 0.0710754 0.0886704 0.0786465 0.0553345 0.0373146 0.0185414 0.00753245 0.00457741 0.012979 0.0271748 0.0457355 0.0583668 0.034881 0.0177882 0.00938659 0.00492506 0.0015258 0.00185414 0.000309023 5.79419e-05 3.86279e-05 0
 0 0.00173294 0.00326652 0 0.00397197 0.00683976 0.00946217 0.0152591 0.00757587 0.0136028 0.0228656 0.0392903 0.0559909 0.0764795 0.0681675 0.0726916 0.0566044 0.0477403 0.0527397 0.0444891 0.0609904 0.0582453 0.0661739 0.0445044 0.0529084 0.0360697 0.0280645 0.0235558 0.0158879 0.00826598 0.00280645 0.00217768 0.000904811 0.00058276 9.20147e-05 0
 0 0 0 0 0 0 0 0 0 0 0 0 0 0 0 0 0 0 0 0 0 0 0 0 0 0 0 0 0 0 0 0 0 0 0 0
 0 0 0 0 0 0 0 0 0 0 0 0 0 0 0 0 0 0 0 0 0 0 0 0 0 0 0 0 0 0 0 0 0 0 0 0
ppred_pel_tallas
 1.10416e-16 1.04823e-05 6.14663e-05 0.000292067 0.00112428 0.00350577 0.00885566 0.0181226 0.0300509 0.0403898 0.0440372 0.0390465 0.0283932 0.0174652 0.0101545 0.00734746 0.00807898 0.0111485 0.0157919 0.0215723 0.0281024 0.0348983 0.0413823 0.0469738 0.0512048 0.0538111 0.054768 0.0542575 0.0525865 0.0500868 0.0470361 0.0436204 0.039941 0.03605 0.0319929 0.027839
 1.08279e-16 2.2017e-05 0.000129202 0.00061413 0.00236437 0.007373 0.0186237 0.0381073 0.06317 0.0848446 0.0923516 0.0815174 0.0584771 0.03438 0.017162 0.00838491 0.00570742 0.00635984 0.00865196 0.0118346 0.0155653 0.0195791 0.0235879 0.027295 0.0304433 0.0328586 0.034468 0.0352875 0.0353891 0.0348611 0.0337789 0.0321957 0.0301526 0.0276969 0.0249002 0.0218656
 1.07479e-16 1.08933e-05 6.38682e-05 0.000303461 0.00116811 0.00364242 0.00920096 0.0188301 0.0312268 0.0419789 0.0457924 0.0406563 0.0296795 0.0184849 0.0111481 0.00862506 0.00994092 0.013855 0.0195414 0.0264632 0.0340794 0.0417068 0.0485543 0.0538607 0.0570608 0.0579116 0.0565367 0.0533689 0.049019 0.0441158 0.0391725 0.0345149 0.0302791 0.0264603 0.022983 0.0197637
 1.09272e-16 1.36964e-05 8.03438e-05 0.00038183 0.00146992 0.00458366 0.0115782 0.0236925 0.0392804 0.0527754 0.0574904 0.0508542 0.0367172 0.0220648 0.0119055 0.00730304 0.00690053 0.00905988 0.012772 0.017544 0.0230492 0.0289242 0.0347308 0.0400086 0.044357 0.0475032 0.0493357 0.0498899 0.0493012 0.0477463 0.0453963 0.0423953 0.0388661 0.0349282 0.0307159 0.0263849
 1.01402e-16 3.94213e-05 0.000231395 0.0011 0.00423513 0.0132069 0.0333594 0.0682566 0.113138 0.151926 0.165287 0.145702 0.104095 0.0603397 0.0285163 0.0112537 0.00417646 0.00216536 0.00210558 0.00268569 0.0034709 0.004311 0.00511909 0.00582221 0.00636328 0.00671008 0.0068593 0.00683218 0.00666444 0.00639415 0.00605223 0.00565829 0.00522206 0.00474815 0.00424169 0.00371207
 1.0116e-16 1.43603e-05 8.42105e-05 0.000400144 0.00154032 0.00480311 0.0121329 0.02483 0.0411751 0.0553475 0.060362 0.0535597 0.0390291 0.0241675 0.0143237 0.0107231 0.0120368 0.0165792 0.0232115 0.0311817 0.0397465 0.047995 0.054899 0.0594976 0.0611163 0.0595329 0.0550351 0.0483396 0.0404111 0.0322381 0.0246379 0.0181418 0.0129747 0.00910906 0.00635731 0.00446611
 1.02872e-16 2.76339e-05 0.000162178 0.000770902 0.00296798 0.00925534 0.0233783 0.0478355 0.0792943 0.106495 0.115901 0.102264 0.0732725 0.0429018 0.021085 0.00974639 0.0059056 0.00604629 0.00801722 0.010867 0.0141794 0.01766 0.021005 0.0239076 0.0261078 0.0274389 0.0278505 0.0274004 0.0262233 0.0244885 0.0223638 0.019995 0.0175009 0.0149795 0.0125164 0.0101889
 1.01678e-16 3.06003e-05 0.000179591 0.000853674 0.00328666 0.0102491 0.0258886 0.052972 0.0878091 0.117932 0.12835 0.113254 0.0811578 0.0475398 0.0233996 0.010865 0.00662641 0.00677086 0.00888382 0.0118655 0.015198 0.0184973 0.0213818 0.0234968 0.0245847 0.0245427 0.0234444 0.0215126 0.019058 0.0164021 0.0138126 0.0114659 0.00944262 0.00774696 0.00633856 0.00516195
 1.02547e-16 1.32715e-05 7.78232e-05 0.000369789 0.00142346 0.00443872 0.0112124 0.0229462 0.0380512 0.0511482 0.055782 0.0494953 0.0360666 0.0223323 0.0132371 0.00991707 0.0111515 0.0153951 0.0216147 0.0291406 0.037316 0.0453288 0.0522511 0.0572005 0.0595364 0.059009 0.0558144 0.0505281 0.0439519 0.0369203 0.0301356 0.0240695 0.0189465 0.0147886 0.0114915 0.00889847
 1.01573e-16 3.64714e-05 0.000214073 0.00101764 0.00391802 0.012218 0.0308616 0.0631461 0.104668 0.140556 0.152927 0.134829 0.0963768 0.0559676 0.0266424 0.0108534 0.0045739 0.00308635 0.00351854 0.00465203 0.00606072 0.00756296 0.00902144 0.0103065 0.0113088 0.0119571 0.0122274 0.0121397 0.0117446 0.0111062 0.0102874 0.00934271 0.00831698 0.00724883 0.00617472 0.00513062
 1.02436e-16 1.99612e-06 1.16001e-05 5.4898e-05 0.000210952 0.000657479 0.00166171 0.0034069 0.00567311 0.00769679 0.00858115 0.00805798 0.00683431 0.006139 0.00699574 0.00991753 0.0150606 0.022426 0.0318612 0.0429281 0.0547983 0.0662756 0.0759663 0.0825567 0.0851172 0.0833296 0.0775646 0.0687746 0.0582488 0.04731 0.037053 0.0281916 0.0210315 0.015545 0.0114959 0.00856448
 1.08402e-16 1.93187e-05 0.000113372 0.000538895 0.00207474 0.00646981 0.0163422 0.0334382 0.0554275 0.0744379 0.0810039 0.0714533 0.0511546 0.0298708 0.014541 0.00651306 0.00372276 0.00375837 0.00520018 0.00750946 0.0105566 0.0143092 0.0187016 0.0235919 0.0287534 0.0338826 0.0386221 0.0425949 0.0454507 0.0469145 0.0468311 0.0451936 0.0421503 0.0379835 0.0330667 0.0278081
 1.04925e-16 2.68259e-05 0.000157431 0.000748326 0.00288105 0.00898422 0.0226935 0.0464348 0.0769739 0.103383 0.112526 0.099314 0.071219 0.04182 0.0207753 0.00996999 0.00652485 0.00702909 0.00937802 0.0126069 0.0162459 0.0199278 0.0232787 0.0259473 0.0276751 0.0283524 0.0280365 0.0269221 0.0252785 0.0233738 0.0214154 0.0195204 0.0177208 0.0159915 0.0142884 0.0125792
 1.03367e-16 1.9745e-05 0.000115843 0.000550571 0.00211957 0.00660955 0.0166956 0.0341639 0.0566401 0.0760955 0.0828844 0.073294 0.0528678 0.0316643 0.0168818 0.0100174 0.00906124 0.0115793 0.0160262 0.0215881 0.0276896 0.0337194 0.0389994 0.0428862 0.0449089 0.0448776 0.0429223 0.0394449 0.035008 0.0301961 0.0254973 0.0212349 0.0175583 0.0144777 0.0119203 0.00978431
 1.03439e-16 2.2928e-05 0.00013454 0.000639482 0.00246194 0.00767725 0.0193923 0.0396808 0.0657812 0.0883602 0.0962004 0.0849675 0.0610666 0.0361322 0.0184597 0.00971153 0.00748001 0.00889222 0.0121633 0.0164384 0.0212315 0.0260923 0.0305295 0.034065 0.0363289 0.0371358 0.0365167 0.0346915 0.0319981 0.0288034 0.0254272 0.0220997 0.0189546 0.0160505 0.0134026 0.0110101
 1.03532e-16 2.10112e-05 0.000123281 0.000585946 0.0022558 0.00703437 0.0177685 0.0363589 0.0602768 0.0809739 0.0881786 0.0779296 0.0561113 0.0334067 0.0174472 0.00979171 0.00826887 0.0102686 0.0141525 0.0190978 0.0245776 0.0300621 0.0349667 0.0387304 0.0409319 0.0413825 0.0401607 0.0375744 0.0340695 0.0301166 0.0261141 0.0223339 0.0189143 0.0158889 0.0132309 0.010894
 1.03137e-16 2.54704e-05 0.000149469 0.000710466 0.00273526 0.00852958 0.0215452 0.0440855 0.073081 0.0981592 0.106852 0.0943349 0.0677111 0.0398866 0.0200505 0.0100164 0.00707548 0.00800871 0.010824 0.0145905 0.0188208 0.0230991 0.0269846 0.0300526 0.031978 0.0326038 0.0319679 0.0302774 0.0278433 0.024999 0.0220313 0.0191413 0.0164397 0.013967 0.0117241 0.00969895
 1.02946e-16 2.21755e-05 0.000130117 0.000618443 0.00238091 0.00742455 0.0187541 0.0383754 0.0636191 0.0854617 0.09306 0.0822299 0.0591777 0.0351721 0.0182582 0.0100694 0.0083009 0.0101864 0.0139903 0.0188456 0.0242084 0.0295422 0.0342601 0.0378031 0.0397567 0.0399435 0.0384579 0.0356271 0.0319171 0.027817 0.0237392 0.0199627 0.0166253 0.0137521 0.0113016 0.00920881
 1.04636e-16 1.39948e-05 8.20798e-05 0.000390049 0.00150151 0.00468212 0.0118271 0.024203 0.0401312 0.0539317 0.0587847 0.0520816 0.0377821 0.0230606 0.0130835 0.00899328 0.00945136 0.0128018 0.0179758 0.0243556 0.0314108 0.0385082 0.0449164 0.0499232 0.0529843 0.0538413 0.0525672 0.0495222 0.0452435 0.0403062 0.0352056 0.0302898 0.02575 0.0216537 0.0179966 0.0147481
 1.04654e-16 2.55887e-05 0.00015017 0.000713811 0.00274816 0.00856984 0.0216468 0.0442929 0.0734228 0.0986123 0.10733 0.0947194 0.0679063 0.0398397 0.0197292 0.0093713 0.00602196 0.00643764 0.00863148 0.0117162 0.0152865 0.0190382 0.0226518 0.0258072 0.0282381 0.0297807 0.030395 0.0301523 0.0291967 0.0276973 0.0258087 0.0236516 0.0213135 0.0188617 0.0163597 0.0138764
 1.02636e-16 2.73523e-05 0.000160518 0.000762991 0.00293749 0.00916025 0.0231382 0.0473449 0.0784835 0.105413 0.114743 0.101288 0.0726715 0.0427474 0.0213738 0.0104849 0.00715576 0.00791374 0.0106066 0.0142283 0.0182586 0.0222663 0.0258039 0.0284513 0.0299003 0.030024 0.0289019 0.0267884 0.0240403 0.0210272 0.0180559 0.0153274 0.0129326 0.0108763 0.00911472 0.00758975
 1.02935e-16 1.82417e-05 0.000107014 0.000508593 0.00195793 0.00610548 0.0154224 0.031559 0.0523234 0.0703015 0.076588 0.0677606 0.0489516 0.0294692 0.015986 0.00991245 0.00941993 0.0122808 0.0170719 0.0230203 0.0295439 0.0359994 0.0416653 0.0458529 0.0480543 0.0480574 0.0459889 0.0422658 0.037479 0.0322482 0.0270976 0.0223829 0.01828 0.0148195 0.0119431 0.00955761
 1.05699e-16 1.31774e-05 7.72853e-05 0.000367264 0.00141379 0.00440861 0.0111362 0.022789 0.0377863 0.0507793 0.055346 0.0490287 0.0355539 0.0216746 0.0122529 0.00836333 0.00874773 0.0118552 0.0166967 0.0227183 0.0294576 0.0363598 0.0427731 0.0480484 0.051669 0.0533551 0.0531081 0.0511768 0.0479689 0.043938 0.0394874 0.0349173 0.0304177 0.0260951 0.0220103 0.0182093
 1.10337e-16 8.16761e-06 4.78765e-05 0.000227458 0.000875519 0.00273002 0.00689619 0.0141134 0.0234058 0.0314672 0.034332 0.0304962 0.0222954 0.0139534 0.0085397 0.00679345 0.0080164 0.0113214 0.0161422 0.0221346 0.0289509 0.0361241 0.0430807 0.0492297 0.054076 0.0573113 0.0588534 0.0588204 0.0574594 0.0550574 0.0518714 0.0480953 0.0438667 0.0392958 0.0344981 0.029613
pSPR Fmed_Fpbrs
0.531738   0.255389 0.255389
Fs Fmed_Fpbrs
0.359231   1.005 1.005
SSBpbr Bo_Bmed_Bpbrs
893540  430452  183524 183524
Ro
27446.7
SPR SPRFo_SPRFmed_SPRFpbrs
564677 300260 144212
log_Ro
10.04
likeval ReclasPelacesDesembMPH_pf_preclas_ppelaces_ptallas_desvR_qrecl_qpela
 127.395 87.0164 0.872285 0.000620115 343.622 202.757 101.725 0 25.7478 0 0 0 0 0 0
q_reclas_q_pelaces
1 1
M
0.7
N
 18414.5 16317.6 8103.08 4023.87 3969.28
 35967.2 8062.44 6299.04 3128.01 3085.58
 9133.09 14864.5 2773.05 2166.53 2137.14
 4495.98 2587 2401.67 448.044 695.349
 64208.6 1713.1 756.341 702.156 334.285
 25253 30946.4 801.348 353.799 484.824
 55454.4 9472.25 8767.92 227.043 237.604
 112585 22912.7 3256.41 3014.27 159.738
 35988.4 43841.6 6996.68 994.386 969.224
 250454 13288.2 12036.5 1920.91 539.102
 8815.01 107184 4900.96 4439.31 907.301
 47240.5 3358.37 31329.3 1432.52 1562.78
 65236.9 17635.8 942.536 8792.64 840.638
 29197.7 21979.8 4031.48 215.46 2202.13
 18999.4 8186.7 3479.79 638.252 382.746
 12865.7 5894.83 1587 674.559 197.921
 18803 5104.98 1868.94 503.155 276.618
 19935.6 7842.93 1788.55 654.794 273.197
 11372.8 8889.27 3140.2 716.112 371.554
 26898.1 5109.63 3613.38 1276.45 442.124
 51554.7 11901.4 2014.41 1424.53 677.529
 42844.8 24325.6 5335.74 903.119 942.416
 26852.7 19953.8 10624.9 2330.53 806.089
 10206.4 12099.9 8158.66 4344.28 1282.49
pred_Ctot
 1578.32 2650.79 1316.35 653.678 644.81
 4385.51 1820.18 1422.08 706.183 696.603
 2913.43 7676.81 1432.15 1118.91 1103.73
 763.962 788.618 732.122 136.581 211.97
 1361.75 71.7178 31.6638 29.3953 13.9946
 4515.44 9868.4 255.54 112.822 154.604
 6769.62 2140.8 1981.61 51.3134 53.7002
 17721.3 6524.1 927.222 858.276 45.4834
 6751.33 14581.7 2327.09 330.732 322.363
 25105.4 2501.16 2265.56 361.561 101.472
 1498.45 32685.5 1494.53 1353.75 276.678
 8572.62 1084.94 10121.1 462.783 504.864
 15423.7 7151.54 382.21 3565.52 340.889
 9444.49 11474 2104.53 112.476 1149.57
 5266.48 3783.9 1608.36 295.001 176.905
 1883.62 1572.58 423.367 179.953 52.7998
 2186.05 1102.97 403.798 108.71 59.7652
 1472.5 1106.3 252.287 92.3628 38.5362
 783.586 1173.33 414.488 94.5226 49.043
 2122.41 767.485 542.744 191.728 66.4086
 1852.96 836.658 141.611 100.144 47.6297
 1922.12 2122.62 465.589 78.8048 82.2338
 1798.27 2563.08 1364.78 299.359 103.543
 1240.86 2724.39 1836.99 978.152 288.765
F
 0.125924 0.251848 0.251848 0.251848 0.251848
 0.183634 0.367269 0.367269 0.367269 0.367269
 0.561405 1.12281 1.12281 1.12281 1.12281
 0.264881 0.529762 0.529762 0.529762 0.529762
 0.0298813 0.0597626 0.0597626 0.0597626 0.0597626
 0.280579 0.561157 0.561157 0.561157 0.561157
 0.18387 0.367741 0.367741 0.367741 0.367741
 0.243128 0.486256 0.486256 0.486256 0.486256
 0.296318 0.592636 0.592636 0.592636 0.592636
 0.148724 0.297448 0.297448 0.297448 0.297448
 0.264999 0.529999 0.529999 0.529999 0.529999
 0.285319 0.570637 0.570637 0.570637 0.570637
 0.3879 0.775799 0.775799 0.775799 0.775799
 0.571578 1.14316 1.14316 1.14316 1.14316
 0.470334 0.940667 0.940667 0.940667 0.940667
 0.224351 0.448701 0.448701 0.448701 0.448701
 0.174405 0.348809 0.348809 0.348809 0.348809
 0.107663 0.215326 0.215326 0.215326 0.215326
 0.1001 0.2002 0.2002 0.2002 0.2002
 0.1154 0.2308 0.2308 0.2308 0.2308
 0.0511137 0.102227 0.102227 0.102227 0.102227
 0.0641655 0.128331 0.128331 0.128331 0.128331
 0.09717 0.19434 0.19434 0.19434 0.19434
 0.183057 0.366114 0.366114 0.366114 0.366114
nmprior
 10 10 8 0
nm_flota  nm_reclas  nm_pelaces    nm_pelaL
inf 6.78793 6.24279 9.00439
cv_recla  cv_pelaces  cv_mph
1.04497 1.09765 0.807931
 ------------------------------------------------
Talla a la edad & desviación 
 7.2 14.2025 17.0495 18.207 18.6776
 1.08 2.13037 2.55742 2.73105 2.80164
