    unsorted:	 2.313613563e-06 1.319533361e-06 4.156945785e-06 5.645797383e-05 0.0008999972193 0.006829678863 46.76009879 59.92733070 103.9053371 178.5889933 191.6411615 306.1271254 486.4293924 598.7949028 661.7388655 792.6411142 850.6479696 1010.195801 1143.955892 1360.729446 1341.523443 1623.578927 1807.818525 2022.958023 2409.832301 2438.658312 2786.555954 3114.660505 3403.731639 3634.962672 3988.155782 4360.214424 4704.214948 5109.581069 5552.333798 5916.077364 6108.615962 20026.70907 204602.3028 404732.1371 377486.7805 367792.7287 435601.0515 314086.2553 473490.3228 483864.0227 500813.7424 512591.4139 559929.7092 583103.0317 620123.4696 717303.6616 735780.6639 843827.2877 1028677.548 1083900.300 1251442.016 1476451.932 1856873.805 2018183.498 2260686.858 2620357.349 6236644.276
      sorted:	 1.319533361e-06 2.313613563e-06 4.156945785e-06 5.645797383e-05 0.0008999972193 0.006829678863 46.76009879 59.92733070 103.9053371 178.5889933 191.6411615 306.1271254 486.4293924 598.7949028 661.7388655 792.6411142 850.6479696 1010.195801 1143.955892 1341.523443 1360.729446 1623.578927 1807.818525 2022.958023 2409.832301 2438.658312 2786.555954 3114.660505 3403.731639 3634.962672 3988.155782 4360.214424 4704.214948 5109.581069 5552.333798 5916.077364 6108.615962 20026.70907 204602.3028 314086.2553 367792.7287 377486.7805 404732.1371 435601.0515 473490.3228 483864.0227 500813.7424 512591.4139 559929.7092 583103.0317 620123.4696 717303.6616 735780.6639 843827.2877 1028677.548 1083900.300 1251442.016 1476451.932 1856873.805 2018183.498 2260686.858 2620357.349 6236644.276
