    unsorted:	 3.521845053e-06 3.611341549e-06 0.0008999977693 0.007809294452 95.26627755 96.30228690 89.91018325 42.09428028 63.85200355 35.63750545 247.8329130 275.6056856 424.9472300 536.6467814 581.9665523 697.1988081 776.3042876 814.5951110 918.5073180 1002.662656 1128.503345 1197.060210 1489.536478 1544.475617 1908.888546 2032.246390 2334.314148 2506.623139 3113.975777 3008.040374 3269.165243 3587.043349 4062.658935 4701.743528 4852.044895 5048.996026 58442.08559 59381.67830 204638.1282 226545.3461 279781.8186 342184.4690 373665.1916 394190.9229 428602.1849 429888.8975 460432.6567 509072.1826 542771.0878 590748.6264 686387.5353 722289.5620 815516.6015 967490.5365 1158503.449 1260123.857 1373476.672 1511906.336 1798327.990 1985381.464 2323323.736 2393817.543 2665858.918
      sorted:	 3.521845053e-06 3.611341549e-06 0.0008999977693 0.007809294452 35.63750545 42.09428028 63.85200355 89.91018325 95.26627755 96.30228690 247.8329130 275.6056856 424.9472300 536.6467814 581.9665523 697.1988081 776.3042876 814.5951110 918.5073180 1002.662656 1128.503345 1197.060210 1489.536478 1544.475617 1908.888546 2032.246390 2334.314148 2506.623139 3008.040374 3113.975777 3269.165243 3587.043349 4062.658935 4701.743528 4852.044895 5048.996026 58442.08559 59381.67830 204638.1282 226545.3461 279781.8186 342184.4690 373665.1916 394190.9229 428602.1849 429888.8975 460432.6567 509072.1826 542771.0878 590748.6264 686387.5353 722289.5620 815516.6015 967490.5365 1158503.449 1260123.857 1373476.672 1511906.336 1798327.990 1985381.464 2323323.736 2393817.543 2665858.918
