years
 1997 1998 1999 2000 2001 2002 2003 2004 2005 2006 2007 2008 2009 2010 2011 2012 2013 2014 2015 2016 2017 2018 2019 2020
reclasobs
 0 0 0 370054 412103 1.49427e+06 250295 1.28982e+06 931140 785840 897777 1.04006e+06 184774 17550 25797 100020 73551 82996 120727 218422 84188 347160 605670 569463
reclaspred
 474503 133505 421074 299650 419264 492177 1.0568e+06 687560 738225 659268 515743 347067 212826 93453.1 61985.8 62756.4 81017.3 111156 119062 172017 249246 232552 413781 509444
pelacesobs
 0 0 0 0 0 0 0 0 0 2.06254e+06 1.5e+06 0 1.87456e+06 323000 250000 174000 83755 137374 0 501740 490994 745055 786931 1.00524e+06
pelacespred
 1.95147e+06 503302 945167 1.05398e+06 1.24605e+06 1.25435e+06 2.91203e+06 2.42491e+06 2.26182e+06 2.05653e+06 1.4459e+06 1.00668e+06 597697 209922 135347 151379 206561 293170 325727 452884 737452 677969 945951 1.37294e+06
mphobs
 0 0 0 0 0 112323 0 153150 637223 0 255016 313432 73983 77613 109348 50772 0 0 0 0 0 0 0 0
mphpred
 170022 108689 136854 172224 173996 259639 384735 441552 366666 357275 328866 227948 140931 72433.8 32172.6 26986.8 33731.2 47859.1 60133.3 70206.8 105757 125797 162090 234255
desembarqueobs
 350755 77701 442110 56441 14545 235359 269955 359681 431902 328805 639364 411747 362871 311530 167758 66681 60226 58785 57116 71774 51957 67425 138520 160799
desembarquepred
 350766 77704.7 442155 56443.3 14545.1 235405 269990 359707 431976 328857 639623 411999 363225 311949 167761 66694.6 60251.9 58787.4 57112.4 71777.6 51959.2 67421 138524 160804
Reclutas
 56218.3 69082.4 42588.7 62458.3 103511 77706.9 116186 109131 126537 127522 66903.3 43354.7 42559.5 23241.1 16550.8 18815.5 15363.6 17025.1 19701.7 33587 42249.5 57822.8 93914 99341.8
log_desv_Rt
 0.116997 0.323056 -0.160655 0.222255 0.727432 0.440699 0.842946 0.780309 0.928287 0.93604 0.291004 -0.142829 -0.161341 -0.766325 -1.10581 -0.977562 -1.18024 -1.07755 -0.931541 -0.398106 -0.168653 0.145139 0.630135 0.686321
SSB
 685775 438392 551997 694658 701806 1.04725e+06 1.55182e+06 1.78098e+06 1.47893e+06 1.44105e+06 1.32647e+06 919419 568439 292159 129767 108850 136053 193038 242546 283177 426568 507397 653786 944860
BT
 2.34588e+06 625776 1.21152e+06 1.10892e+06 1.26456e+06 1.41175e+06 3.14283e+06 2.82284e+06 2.67687e+06 2.37258e+06 2.01087e+06 1.37407e+06 953582 507243 280157 208255 257877 341911 371737 514625 786276 730786 1.03533e+06 1.49678e+06
Ftot
 0.44664 0.347 0.498198 0.0953231 0.0196426 0.2015 0.127736 0.259899 0.30087 0.247927 0.524239 0.492253 0.780737 1.43636 1.48126 0.592562 0.407246 0.272253 0.226431 0.22699 0.108961 0.138856 0.16026 0.153875
BD_Bspro_t
 0.946842 0.759595 0.724205 0.607042 0.723574 0.836788 0.804665 0.807662 0.750315 0.70736 0.6666 0.508342 0.395328 0.280617 0.16328 0.168774 0.265539 0.420108 0.534305 0.628377 0.737858 0.813582 0.824948 0.831551
BD_Bspro
 0.666508 0.426075 0.536488 0.675141 0.682088 1.01782 1.50822 1.73094 1.43738 1.40057 1.2892 0.893587 0.552468 0.28395 0.126121 0.105792 0.132231 0.187614 0.235731 0.27522 0.414583 0.493142 0.635417 0.918313
BD_Bo
 0.581488 0.371725 0.468053 0.58902 0.595081 0.887989 1.31583 1.51015 1.25403 1.22191 1.12475 0.779601 0.481995 0.24773 0.110033 0.0922971 0.115364 0.163682 0.205661 0.240113 0.361699 0.430236 0.554363 0.801173
BD_Brms
 2.02067 1.29174 1.62649 2.04685 2.06791 3.08576 4.57251 5.24776 4.35776 4.24614 3.90852 2.70912 1.67493 0.860862 0.382365 0.320733 0.400889 0.568797 0.714673 0.834395 1.25691 1.49507 1.92641 2.78408
S_f
 0.1853 1 1 1 1
 0.1853 1 1 1 1
 0.1853 1 1 1 1
 0.1853 1 1 1 1
 0.1853 1 1 1 1
 0.1853 1 1 1 1
 0.1853 1 1 1 1
 0.1853 1 1 1 1
 0.1853 1 1 1 1
 0.1853 1 1 1 1
 0.1853 1 1 1 1
 0.1853 1 1 1 1
 0.1853 1 1 1 1
 0.1853 1 1 1 1
 0.1853 1 1 1 1
 0.1853 1 1 1 1
 0.1853 1 1 1 1
 0.1853 1 1 1 1
 0.1853 1 1 1 1
 0.1853 1 1 1 1
 0.1853 1 1 1 1
 0.1853 1 1 1 1
 0.1853 1 1 1 1
 0.1853 1 1 1 1
Scru_reclas
 1 1 1 1 1
 1 1 1 1 1
 1 1 1 1 1
 1 1 1 1 1
 1 1 1 1 1
 1 1 1 1 1
 1 1 1 1 1
 1 1 1 1 1
 1 1 1 1 1
 1 1 1 1 1
 1 1 1 1 1
 1 1 1 1 1
 1 1 1 1 1
 1 1 1 1 1
 1 1 1 1 1
 1 1 1 1 1
 1 1 1 1 1
 1 1 1 1 1
 1 1 1 1 1
 1 1 1 1 1
 1 1 1 1 1
 1 1 1 1 1
 1 1 1 1 1
 1 1 1 1 1
Scru_pelaces
 0.887418 1 1 1 1
 0.887418 1 1 1 1
 0.887418 1 1 1 1
 0.887418 1 1 1 1
 0.887418 1 1 1 1
 0.887418 1 1 1 1
 0.887418 1 1 1 1
 0.887418 1 1 1 1
 0.887418 1 1 1 1
 0.887418 1 1 1 1
 0.887418 1 1 1 1
 0.887418 1 1 1 1
 0.887418 1 1 1 1
 0.887418 1 1 1 1
 0.887418 1 1 1 1
 0.887418 1 1 1 1
 0.887418 1 1 1 1
 0.887418 1 1 1 1
 0.887418 1 1 1 1
 0.887418 1 1 1 1
 0.887418 1 1 1 1
 0.887418 1 1 1 1
 0.887418 1 1 1 1
 0.887418 1 1 1 1
pf_obs 
 0.256992 0.487395 0.22802 0.0275931 0
 0.321318 0.546541 0.124235 0.00734118 0.000564706
 0.182869 0.594174 0.210203 0.0122559 0.00049798
 0.330522 0.361315 0.267642 0.0388342 0.00168674
 0.649043 0.306663 0.0425973 0.00169635 0
 0.582887 0.30429 0.105238 0.00758474 0
 0.465427 0.430635 0.0974691 0.00646863 0
 0.296916 0.608066 0.0921331 0.00288517 0
 0.311714 0.524322 0.152257 0.0117073 0
 0.15457 0.633149 0.183074 0.0267441 0.00246327
 0.131901 0.49318 0.331252 0.0422183 0.00144891
 0.196976 0.569456 0.194076 0.0375587 0.00193317
 0.518974 0.381816 0.0799577 0.0180837 0.00116848
 0.0928022 0.601141 0.25162 0.0475244 0.00691264
 0.122501 0.610282 0.24278 0.0234846 0.000952079
 0.383417 0.481906 0.127806 0.00687128 0
 0.0376549 0.599619 0.316969 0.0457579 0
 0.0361596 0.667082 0.258105 0.0386534 0
 0.158088 0.579412 0.248529 0.0139706 0
 0.0477256 0.309471 0.559284 0.082774 0.000745712
 0.0406174 0.521527 0.379366 0.0568643 0.0016247
 0.151134 0.462217 0.34131 0.0453401 0
 0.294876 0.26143 0.354403 0.0886775 0.000613685
 0.281977 0.475581 0.204845 0.0348837 0.00271318
pf_pred 
 0.365752 0.448053 0.166565 0.0196192 9.89517e-06
 0.308322 0.548833 0.100911 0.037514 0.00442089
 0.176832 0.608228 0.17055 0.0313581 0.0130313
 0.26971 0.43438 0.218645 0.061309 0.015957
 0.299828 0.472996 0.135125 0.0680152 0.0240356
 0.1744 0.5778 0.1674 0.0478226 0.032578
 0.251968 0.415766 0.232538 0.0673707 0.0323576
 0.2056 0.52306 0.150814 0.0843502 0.0361752
 0.235747 0.46757 0.195347 0.0563242 0.0450125
 0.221758 0.511297 0.163317 0.0682326 0.0353958
 0.134255 0.548076 0.208705 0.0666641 0.0422998
 0.140288 0.445072 0.262496 0.0999573 0.0521872
 0.214706 0.413435 0.192511 0.11354 0.0658084
 0.199856 0.546432 0.133572 0.0621962 0.0579435
 0.286374 0.525676 0.128354 0.0313755 0.0282203
 0.359032 0.526672 0.0841936 0.0205576 0.00954501
 0.238487 0.60955 0.124865 0.0199609 0.00713684
 0.247824 0.505308 0.197604 0.0404788 0.00878456
 0.247456 0.5032 0.167508 0.0655051 0.0163307
 0.322782 0.449264 0.152425 0.0507402 0.024789
 0.273775 0.537961 0.124894 0.0423738 0.0209969
 0.271675 0.49628 0.17189 0.0399063 0.0202483
 0.309835 0.470771 0.149495 0.0517786 0.0181204
 0.236869 0.551643 0.144259 0.04581 0.0214193
pobs_RECLAS
 0 0 0 0 0
 0 0 0 0 0
 0 0 0 0 0
 0 0 0 0 0
 0.835266 0.146461 0.0176864 0.000547809 3.91292e-05
 0.385257 0.428462 0.181853 0.0044286 0
 0.867414 0.0963971 0.0333333 0.00285562 0
 0.441836 0.489002 0.0689373 0.000224442 0
 0.779404 0.147425 0.0564933 0.0165055 0.000172143
 0.814271 0.122319 0.05973 0.00367925 0
 0.40263 0.566651 0.0304383 0.000280538 0
 0.475488 0.404961 0.113038 0.00651328 0
 0.955842 0.0263864 0.0167828 0.000988607 0
 0.975058 0.0227948 0.00214734 0 0
 0.738997 0.206755 0.0527124 0.00153531 0
 0.850938 0.134255 0.0134407 0.00136685 0
 0.542534 0.407297 0.0501686 0 0
 0.764087 0.199537 0.0359546 0.000420521 0
 0.470689 0.182191 0.310203 0.0369168 0
 0.84361 0.089868 0.0606195 0.00523954 0.000663233
 0.607945 0.314616 0.071237 0.00620181 0
 0.523733 0.453247 0.0230204 0 0
 0.530135 0.295979 0.169645 0.0042399 0
 0.562478 0.366248 0.0663022 0.0049721 0
ppred_RECLAS
 0.762075 0.168078 0.0624836 0.00735975 3.71197e-06
 0.710712 0.229544 0.0422051 0.0156899 0.001849
 0.545107 0.336115 0.0942481 0.0173289 0.00720125
 0.666974 0.198085 0.099706 0.027958 0.00727669
 0.698171 0.203898 0.0582496 0.0293199 0.0103612
 0.535467 0.325106 0.0941894 0.026908 0.0183304
 0.646638 0.196403 0.109848 0.0318251 0.0152853
 0.586378 0.272343 0.0785245 0.0439188 0.0188354
 0.628864 0.227061 0.0948642 0.0273521 0.0218589
 0.609309 0.256679 0.0819879 0.0342539 0.0177693
 0.46438 0.339084 0.129122 0.0412438 0.0261701
 0.476384 0.271075 0.159875 0.0608799 0.0317851
 0.610444 0.20509 0.0954978 0.0563229 0.0326452
 0.60907 0.266973 0.0652598 0.0303874 0.0283097
 0.715936 0.209249 0.0510924 0.0124892 0.0112333
 0.759091 0.19795 0.0316443 0.00772661 0.00358751
 0.634234 0.292776 0.0599746 0.00958753 0.00342793
 0.643653 0.239393 0.093616 0.0191771 0.00416174
 0.642499 0.239049 0.0795758 0.0311186 0.00775799
 0.722615 0.184016 0.0624325 0.0207829 0.0101534
 0.671687 0.243202 0.0564623 0.0191564 0.00949231
 0.669724 0.22505 0.0779475 0.0180964 0.00918206
 0.709601 0.198085 0.0629026 0.0217868 0.00762449
 0.628091 0.268841 0.0703042 0.0223254 0.0104386
pobs_PELACES
 0 0 0 0 0
 0 0 0 0 0
 0 0 0 0 0
 0 0 0 0 0
 0 0 0 0 0
 0 0 0 0 0
 0 0 0 0 0
 0 0 0 0 0
 0 0 0 0 0
 0 0 0 0 0
 0.450072 0.473896 0.0757376 0.000293798 0
 0 0 0 0 0
 0.463077 0.371075 0.160297 0.00555027 0
 0.529543 0.364841 0.0842815 0.0213345 0
 0.631943 0.363953 0.00410389 0 0
 0.735681 0.248677 0.0153453 0.000297389 0
 0.695825 0.281241 0.0229344 0 0
 0.275771 0.60734 0.115278 0.00161068 0
 0 0 0 0 0
 0.896147 0.0623911 0.0374545 0.00400742 0
 0.803859 0.145111 0.0509908 3.86294e-05 0
 0.739449 0.233085 0.0266225 0.000797448 4.60066e-05
 0.878498 0.100942 0.0204185 0.000141795 0
 0.694673 0.275183 0.0284847 0.00165964 0
ppred_PELACES
 0.762191 0.167996 0.0624531 0.00735616 3.71016e-06
 0.705306 0.233833 0.0429937 0.015983 0.00188354
 0.548701 0.333459 0.0935035 0.017192 0.00714436
 0.645821 0.210667 0.106039 0.0297338 0.00773889
 0.673585 0.220507 0.0629944 0.0317082 0.0112052
 0.5192 0.33649 0.0974875 0.0278502 0.0189723
 0.62696 0.20734 0.115965 0.0335974 0.0161366
 0.574308 0.280291 0.0808161 0.0452004 0.0193851
 0.619823 0.232592 0.0971751 0.0280184 0.0223914
 0.596674 0.264981 0.0846394 0.0353617 0.018344
 0.469732 0.335696 0.127832 0.0408317 0.0259086
 0.479604 0.269409 0.158892 0.0605056 0.0315897
 0.631729 0.193884 0.0902798 0.0532454 0.0308615
 0.670431 0.225069 0.0550166 0.0256178 0.0238662
 0.769092 0.170093 0.0415317 0.0101522 0.00913123
 0.766307 0.192021 0.0306965 0.00749517 0.00348005
 0.631923 0.294626 0.0603536 0.00964812 0.00344959
 0.632977 0.246564 0.0964206 0.0197516 0.00428642
 0.628938 0.248116 0.0825943 0.032299 0.00805227
 0.710756 0.191883 0.0651017 0.0216714 0.0105875
 0.651509 0.258149 0.0599323 0.0203337 0.0100757
 0.651317 0.237593 0.0822919 0.019105 0.00969382
 0.693619 0.208986 0.0663644 0.0229858 0.0080441
 0.609679 0.28215 0.0737846 0.0234306 0.0109554
pobs_pel_tallas
 0 0 0 0 0 0 0 0 0 0 0 0 0 0 0 0 0 0 0 0 0 0 0 0 0 0 0 0 0 0 0 0 0 0 0 0
 0 0 0 0 0 0 0 0 0 0 0 0 0 0 0 0 0 0 0 0 0 0 0 0 0 0 0 0 0 0 0 0 0 0 0 0
 0 0 0 0 0 0 0 0 0 0 0 0 0 0 0 0 0 0 0 0 0 0 0 0 0 0 0 0 0 0 0 0 0 0 0 0
 0 0 0 0 0 0 0 0 0 0 0 0 0 0 0 0 0 0 0 0 0 0 0 0 0 0 0 0 0 0 0 0 0 0 0 0
 0 0 0 0 0 0 0 0 0 0 0 0 0 0 0 0 0 0 0 0 0 0 0 0 0 0 0 0 0 0 0 0 0 0 0 0
 0 0 0 0 0 0 0 0 0 0 0 0 0 0 0 0 0 0 0 0 0 0 0 0 0 0 0 0 0 0 0 0 0 0 0 0
 0 0 0 0 0 0 0 0 0 0 0 0 0 0 0 0 0 0 0 0 0 0 0 0 0 0 0 0 0 0 0 0 0 0 0 0
 0 0 0 0 0 0 0 0 0 0 0 0 0 0 0 0 0 0 0 0 0 0 0 0 0 0 0 0 0 0 0 0 0 0 0 0
 0 0 0 0 0 0 0 0 0 0 0 0 0 0 0 0 0 0 0 0 0 0 0 0 0 0 0 0 0 0 0 0 0 0 0 0
 0 0 0 0 0 0 0 0 0 0 0 0 0 0 0 0 0 0 0 0 0 0 0 0 0 0 0 0 0 0 0 0 0 0 0 0
 0 0 0 0 0 0 0 0 1.78061e-05 0.00172719 0.00360574 0.0105946 0.0120993 0.0124554 0.0147524 0.0171206 0.0266825 0.0428682 0.0675386 0.121331 0.153587 0.119568 0.100827 0.0573624 0.0630603 0.0341343 0.0324427 0.0444173 0.0211091 0.0280891 0.0125444 0.00206551 0 0 0 0
 0 0 0 0 0 0 0 0 0 0 0 0 0 0 0 0 0 0 0 0 0 0 0 0 0 0 0 0 0 0 0 0 0 0 0 0
 0 0 0 0 0 0 0.0133647 0.0140871 0.0187388 0.0205184 0.03894 0.0496705 0.03968 0.0493445 0.0407372 0.0367815 0.0215668 0.0243155 0.0234873 0.0199281 0.019796 0.0243948 0.0301388 0.0376714 0.0412746 0.0863199 0.0771752 0.113111 0.0741005 0.0525337 0.0229764 0.00759418 0.00175318 0 0 0
 0 0 0 0 0 0 0 0 0 0 0.00219441 0.00772107 0.0458388 0.0604681 0.0671733 0.0775358 0.0609151 0.0617685 0.073594 0.0568108 0.0755445 0.0548602 0.0670107 0.0636378 0.0643287 0.046367 0.0373049 0.0286899 0.0247887 0.0153202 0.00654259 0.00121912 0.000365735 0 0 0
 0 0 0 0 0 0 0 0 0 0 0 0 0.000112435 0.00938835 0.0111873 0.0202946 0.0414886 0.0713402 0.111592 0.104902 0.108894 0.110636 0.117776 0.105296 0.107544 0.0401394 0.0192827 0.0124803 0.00416011 0.0028671 0.000618394 0 0 0 0 0
 0 0 0 0 0 0 0 0 0 0 0.00291406 0.0102884 0.027416 0.0768956 0.0749926 0.110853 0.0956884 0.0897413 0.0766577 0.0534642 0.0500743 0.0551293 0.0594112 0.0620874 0.0668451 0.0424026 0.0208742 0.0120726 0.0048766 0.00582813 0.00118941 0.000297354 0 0 0 0
 0 0.00264628 0.0354308 0.0461629 0.0458689 0.0383711 0.0214643 0.0164657 0.0346957 0.0420465 0.0363128 0.0245516 0.0311673 0.0291091 0.0169068 0.0133784 0.00837989 0.0085269 0.0148486 0.0160247 0.0276389 0.0546898 0.0760071 0.122758 0.109233 0.0665981 0.0333725 0.0166128 0.00676272 0.00308733 0.000882094 0 0 0 0 0
 0 0 0 0 0 0 0 0.000805153 0.000690131 0.00759144 0.0133425 0.0154129 0.00931677 0.000345066 0.00356568 0.00563607 0.00851162 0.0253048 0.0502646 0.0516448 0.0657925 0.0565908 0.0611916 0.0827007 0.0866115 0.110766 0.145733 0.0935128 0.0569358 0.0249597 0.0138026 0.00621118 0.00161031 0.00115022 0 0
 0 0 0 0 0 0 0 0 0 0 0 0 0 0 0 0 0 0 0 0 0 0 0 0 0 0 0 0 0 0 0 0 0 0 0 0
 0.00147267 0.00158595 0.00478618 0.00569244 0.00954404 0.0108468 0.00647125 0.017049 0.0510054 0.094081 0.124002 0.0959785 0.0687766 0.0820023 0.061753 0.0591476 0.0492212 0.0479892 0.0443925 0.0268479 0.0217502 0.0140895 0.0121071 0.0120363 0.00920419 0.00665534 0.0049561 0.00860946 0.00930331 0.0156896 0.0114698 0.00855282 0.00243557 0.00046729 0 2.83206e-05
 0 0 0 0 0.000772559 0.00158375 0.000888443 0.00281984 0.00712685 0.0440552 0.0773331 0.111326 0.0921469 0.0852325 0.0710754 0.0886704 0.0786465 0.0553345 0.0373146 0.0185414 0.00753245 0.00457741 0.012979 0.0271748 0.0457355 0.0583668 0.034881 0.0177882 0.00938659 0.00492506 0.0015258 0.00185414 0.000309023 5.79419e-05 3.86279e-05 0
 0 0.00173294 0.00326652 0 0.00397197 0.00683976 0.00946217 0.0152591 0.00757587 0.0136028 0.0228656 0.0392903 0.0559909 0.0764795 0.0681675 0.0726916 0.0566044 0.0477403 0.0527397 0.0444891 0.0609904 0.0582453 0.0661739 0.0445044 0.0529084 0.0360697 0.0280645 0.0235558 0.0158879 0.00826598 0.00280645 0.00217768 0.000904811 0.00058276 9.20147e-05 0
 0 0 0 0 0 0 0 0 0 0 0 0 0 0 0 0 0 0 0 0 0 0 0 0 0 0 0 0 0 0 0 0 0 0 0 0
 0 0 0 0 0 0 0 0 0 0 0 0 0 0 0 0 0 0 0 0 0 0 0 0 0 0 0 0 0 0 0 0 0 0 0 0
ppred_pel_tallas
 1.01195e-16 3.32547e-05 0.00019518 0.0009278 0.00357209 0.0111392 0.0281368 0.0575716 0.095431 0.128161 0.139463 0.123012 0.0880478 0.0513684 0.0248986 0.0109153 0.00578701 0.0052386 0.00664874 0.0088616 0.0113955 0.0139495 0.016242 0.0180092 0.0190508 0.0192721 0.0187012 0.0174733 0.0157901 0.0138695 0.0119013 0.0100218 0.00830886 0.0067927 0.00547391 0.00433984
 1.01324e-16 3.07769e-05 0.000180627 0.000858601 0.00330563 0.0103083 0.026038 0.0532777 0.0883158 0.118612 0.12909 0.113907 0.0816251 0.0478122 0.0235312 0.010922 0.0066558 0.00679675 0.00891631 0.0119082 0.0152513 0.0185589 0.0214459 0.0235537 0.0246206 0.0245403 0.0233842 0.0213754 0.0188275 0.0160677 0.013372 0.0109264 0.00882101 0.00706828 0.00563311 0.00446164
 1.02361e-16 2.39523e-05 0.000140551 0.000668055 0.00257194 0.00802028 0.0202588 0.0414539 0.0687208 0.0923094 0.100502 0.0887706 0.0638086 0.0377715 0.0193268 0.0102118 0.00790949 0.00941266 0.0128446 0.0172931 0.0222248 0.0271406 0.0315013 0.0347917 0.036627 0.0368368 0.0354985 0.0329029 0.0294707 0.0256478 0.0218156 0.0182385 0.0150552 0.0123032 0.00995768 0.007969
 1.02958e-16 2.81822e-05 0.000165396 0.000786195 0.00302685 0.00943893 0.023842 0.0487845 0.0808679 0.10861 0.118206 0.104306 0.0747531 0.0438035 0.0215914 0.0100828 0.00623954 0.00647184 0.00857417 0.0115553 0.0149607 0.0184563 0.0217011 0.0243642 0.0261843 0.0270218 0.0268803 0.0258897 0.0242597 0.0222221 0.0199815 0.0176882 0.0154354 0.0132731 0.011228 0.00932055
 1.0258e-16 2.93931e-05 0.000172504 0.000819988 0.00315696 0.00984467 0.0248669 0.0508816 0.0843439 0.113278 0.123285 0.108785 0.077957 0.045668 0.022485 0.0104542 0.0064007 0.00657188 0.00865727 0.0116117 0.0149506 0.0183175 0.021355 0.0237247 0.0251717 0.0255786 0.0249865 0.0235723 0.0215947 0.0193264 0.0169981 0.014766 0.0127096 0.010849 0.00917189 0.00765746
 1.03337e-16 2.2666e-05 0.000132999 0.000632153 0.00243371 0.00758921 0.01917 0.0392261 0.0650283 0.0873516 0.0951095 0.0840209 0.0604233 0.0358256 0.0184387 0.0099175 0.00789248 0.00952814 0.0130539 0.0176036 0.0226597 0.0277276 0.0322682 0.0357646 0.0378278 0.0382813 0.0371943 0.0348463 0.0316446 0.0280199 0.024338 0.0208495 0.0176838 0.0148744 0.0123998 0.0102198
 1.03623e-16 2.73597e-05 0.000160567 0.000763238 0.00293847 0.0091633 0.0231458 0.04736 0.0785067 0.105439 0.114756 0.101265 0.07258 0.0425433 0.0209954 0.00984796 0.00615584 0.00643865 0.00856011 0.0115622 0.0150068 0.0185704 0.0219207 0.024732 0.0267435 0.0278092 0.02792 0.0271872 0.0257992 0.0239662 0.0218748 0.019663 0.0174192 0.015196 0.0130294 0.0109535
 1.03698e-16 2.50666e-05 0.000147098 0.000699192 0.00269185 0.00839422 0.0212033 0.043386 0.0719217 0.0966029 0.10516 0.0928467 0.0666548 0.0392881 0.0197936 0.0099599 0.00712486 0.00812292 0.010993 0.0148142 0.0190979 0.0234229 0.0273421 0.0304276 0.0323554 0.0329747 0.0323341 0.0306529 0.0282526 0.0254717 0.022595 0.019814 0.0172245 0.01485 0.0126757 0.0106792
 1.03465e-16 2.70494e-05 0.000158743 0.000754564 0.00290506 0.00905911 0.0228827 0.0468218 0.0776153 0.104244 0.113462 0.100137 0.0718027 0.0421502 0.020917 0.0100033 0.00650647 0.00699011 0.00933797 0.0125864 0.0162723 0.0200351 0.0235017 0.0263119 0.0281858 0.0289815 0.0287174 0.0275514 0.0257276 0.0235091 0.0211226 0.0187273 0.0164129 0.0142168 0.0121496 0.0102163
 1.03361e-16 2.60413e-05 0.000152822 0.000726406 0.00279664 0.00872099 0.0220287 0.0450746 0.0747202 0.100359 0.109243 0.0964364 0.0691987 0.040721 0.0203921 0.0100586 0.00694241 0.00774602 0.0104304 0.0140484 0.0181144 0.0222241 0.025953 0.0288941 0.0307382 0.031339 0.0307386 0.0291414 0.0268493 0.0241827 0.0214134 0.0187269 0.0162197 0.0139202 0.0118201 0.0099019
 1.04538e-16 2.0509e-05 0.000120336 0.000571948 0.00220191 0.00686633 0.0173441 0.0354901 0.058836 0.079037 0.0860653 0.0760524 0.0547391 0.0325488 0.0169254 0.00938519 0.00780505 0.00963859 0.013296 0.0179937 0.023248 0.0285797 0.0334565 0.0373609 0.0398934 0.0408567 0.0402888 0.0384313 0.0356503 0.0323388 0.0288337 0.0253699 0.0220766 0.0190022 0.0161527 0.0135228
 1.05899e-16 2.09368e-05 0.000122853 0.00058393 0.00224807 0.00701029 0.0177076 0.0362335 0.0600663 0.0806835 0.0878422 0.0775842 0.0557582 0.032988 0.0168494 0.00886313 0.0068369 0.00815851 0.0112159 0.0152535 0.0198584 0.0246524 0.0292158 0.0331288 0.0360499 0.0377808 0.0382943 0.0377139 0.0362583 0.034174 0.031678 0.0289303 0.0260346 0.0230578 0.0200557 0.0170899
 1.04617e-16 2.75669e-05 0.000161785 0.000769034 0.00296079 0.00923291 0.0233217 0.0477197 0.0791024 0.106238 0.115621 0.102019 0.0731008 0.0428082 0.0210508 0.00974748 0.00592324 0.00606583 0.00802202 0.010833 0.0140727 0.0174392 0.0206277 0.0233413 0.0253438 0.0265049 0.0268186 0.0263863 0.0253743 0.0239626 0.0223029 0.0204987 0.0186071 0.0166566 0.0146679 0.0126702
 1.0285e-16 2.92557e-05 0.000171697 0.000816151 0.00314219 0.0097986 0.0247506 0.0506435 0.0839494 0.112748 0.12271 0.108281 0.0776014 0.0454717 0.0224106 0.0104566 0.00645119 0.00666008 0.00878258 0.0117751 0.0151495 0.0185435 0.0215937 0.0239575 0.0253793 0.0257454 0.0251047 0.0236449 0.0216352 0.0193569 0.0170443 0.0148522 0.0128537 0.0110593 0.00944621 0.00798392
 1.01421e-16 3.35556e-05 0.000196946 0.000936199 0.00360442 0.0112401 0.0283915 0.0580928 0.0962949 0.129321 0.140725 0.124125 0.0888421 0.051828 0.0251138 0.0109956 0.00580709 0.00523184 0.00662156 0.00880659 0.0112979 0.0137902 0.0160003 0.017666 0.0185936 0.0186994 0.018026 0.016724 0.0150091 0.0131079 0.0112118 0.00945087 0.00788971 0.00654111 0.00538698 0.00439816
 1.00919e-16 3.34351e-05 0.000196237 0.00093282 0.00359141 0.0111995 0.028289 0.0578832 0.0959481 0.128857 0.140225 0.123695 0.0885603 0.0517147 0.0251538 0.0111738 0.0061288 0.00572138 0.00730893 0.00971182 0.0124173 0.0150865 0.017399 0.0190602 0.0198569 0.0197057 0.0186706 0.0169413 0.0147821 0.0124681 0.0102305 0.00822468 0.00652415 0.00513623 0.00402694 0.00314565
 1.01446e-16 2.75795e-05 0.00016185 0.00076932 0.00296186 0.00923621 0.0233301 0.0477377 0.079135 0.10629 0.1157 0.102141 0.0733011 0.0431532 0.0216419 0.0107236 0.00745427 0.0083349 0.0111928 0.0150031 0.0192227 0.0233898 0.0270228 0.0296687 0.0309954 0.0308674 0.0293734 0.0267946 0.0235273 0.0199878 0.0165283 0.0133892 0.01069 0.00845125 0.0066318 0.00516458
 1.02329e-16 2.76236e-05 0.000162113 0.00077058 0.00296672 0.0092514 0.0233684 0.0478157 0.0792631 0.106458 0.115873 0.102269 0.0733401 0.04307 0.021405 0.0102881 0.00675597 0.00729857 0.00975002 0.0131165 0.0169104 0.0207444 0.0242175 0.0269445 0.02863 0.0291305 0.028479 0.0268626 0.0245645 0.0218905 0.0191071 0.0164048 0.0138929 0.011616 0.00958005 0.0077759
 1.0274e-16 2.74475e-05 0.000161079 0.000765665 0.0029478 0.00919238 0.0232193 0.0475107 0.0787576 0.105779 0.115135 0.101619 0.072877 0.0428041 0.0212842 0.0102484 0.00675337 0.00731163 0.00977061 0.0131413 0.0169367 0.0207694 0.0242383 0.0269602 0.0286435 0.02915 0.0285189 0.0269426 0.0247073 0.022118 0.0194357 0.0168416 0.0144332 0.0122431 0.010267 0.00848947
 1.02227e-16 3.10128e-05 0.000182016 0.000865213 0.0033311 0.0103877 0.0262386 0.0536879 0.0889946 0.11952 0.130069 0.114748 0.0821785 0.0480376 0.0234592 0.0105838 0.00604286 0.00586367 0.00760652 0.0101841 0.0131207 0.0160935 0.0187885 0.0209089 0.0222289 0.0226413 0.0221756 0.0209796 0.0192734 0.0172915 0.0152343 0.0132407 0.0113854 0.00969275 0.00815963 0.0067744
 1.02105e-16 2.84321e-05 0.000166859 0.000793139 0.00305358 0.00952225 0.0240526 0.0492156 0.0815837 0.109575 0.119265 0.105263 0.0754868 0.0443294 0.0220277 0.0105793 0.00693088 0.00746398 0.00994113 0.0133289 0.0171134 0.0208853 0.0242244 0.0267349 0.0281236 0.0282648 0.0272245 0.025233 0.022619 0.0197272 0.0168487 0.0141803 0.0118197 0.00978505 0.00804753 0.00656178
 1.02356e-16 2.84229e-05 0.000166806 0.000792895 0.00305265 0.00951935 0.0240452 0.0492004 0.081558 0.109538 0.119222 0.105214 0.0754303 0.0442527 0.0219095 0.0103909 0.00663932 0.00703547 0.00934773 0.0125573 0.0161747 0.019822 0.0231126 0.025678 0.027238 0.0276603 0.0269839 0.0253962 0.0231757 0.0206205 0.0179869 0.0154546 0.013122 0.0110228 0.00915349 0.00749674
 1.02176e-16 3.02663e-05 0.000177632 0.000844365 0.00325083 0.0101374 0.0256063 0.0523943 0.0868509 0.116643 0.126943 0.112003 0.0802397 0.0469588 0.0230343 0.0105645 0.00627176 0.00628557 0.00822539 0.011021 0.014188 0.0173819 0.0202611 0.0225026 0.0238621 0.0242258 0.0236305 0.0222432 0.0203098 0.018092 0.0158132 0.0136279 0.0116183 0.00980981 0.00819522 0.00675686
 1.02457e-16 2.66091e-05 0.000156154 0.000742243 0.0028576 0.00891111 0.0225089 0.0460574 0.0763496 0.102549 0.111628 0.0985466 0.0707233 0.0416389 0.0208895 0.0103642 0.00722594 0.00810368 0.0109079 0.0146587 0.018842 0.0230225 0.0267436 0.0295718 0.0311834 0.0314357 0.030394 0.028302 0.0255107 0.0223905 0.0192552 0.016319 0.0136907 0.0113955 0.00940894 0.00768953
pSPR Fmed_Fpbrs
0.654332   0.337769 0.337769
Fs Fmed_Fpbrs
0.276234   1.005 1.005
SSBpbr Bo_Bmed_Bpbrs
1.17935e+06  712716  339380 339380
Ro
50011.1
SPR SPRFo_SPRFmed_SPRFpbrs
1.02891e+06 673247 347534
log_Ro
10.64
likeval ReclasPelacesDesembMPH_pf_preclas_ppelaces_ptallas_desvR_qrecl_qpela
 59.9772 19.9718 0.0183287 0.000230555 286.911 168.722 80.1701 0 15.7899 5.55355e-05 1.94372e-05 0 0 0 0
q_reclas_q_pelaces
0.347841 1.87243
M
0.7
N
 56218.3 14873.3 5529.18 651.266 0.328473
 69082.4 25699.7 4725.27 1756.63 207.013
 42588.7 32168.9 9020.32 1658.52 689.219
 62458.3 19284 9706.57 2721.77 708.4
 103511 30472.8 8705.46 4381.89 1548.5
 77706.9 51215.2 14838 4238.92 2887.66
 116186 37173.9 20791.3 6023.65 2893.11
 109131 56346.5 16246.4 9086.6 3896.96
 126537 51645 21576.9 6221.25 4971.81
 127522 59428.9 18982.6 7930.78 4114.11
 66903.3 60481.9 23031.3 7356.59 4667.92
 43354.7 30147.7 17780.5 6770.76 3534.98
 42559.5 19652.4 9150.92 5397.05 3128.17
 23241.1 18287.8 4470.34 2081.56 1939.23
 16550.8 8844.21 2159.49 527.875 474.79
 18815.5 6246.1 998.5 243.804 113.2
 15363.6 8371.9 1714.97 274.155 98.0214
 17025.1 7074.8 2766.64 566.742 122.992
 19701.7 8038.5 2675.9 1046.43 260.878
 33587 9381.56 3182.96 1059.56 517.647
 42249.5 15991.8 3712.69 1259.63 624.17
 57822.8 20561.1 7121.48 1653.34 838.897
 93914 27984.6 8886.61 3077.94 1077.16
 99341.8 45271.8 11838.9 3759.5 1757.82
pred_Ctot
 3226.77 3952.85 1469.49 173.086 0.087298
 3105.47 5527.93 1016.39 377.847 44.5279
 2715.34 9339.61 2618.87 481.518 200.101
 787.237 1267.88 638.187 178.951 46.5759
 270.514 426.751 121.914 61.3653 21.6857
 2052.55 6800.23 1970.16 562.833 383.417
 1957.2 3229.53 1806.28 523.314 251.343
 3700.43 9414.12 2714.37 1518.15 651.086
 4950.5 9818.61 4102.13 1182.77 945.227
 4128.83 9519.66 3040.75 1270.4 659.023
 4479.14 18285.4 6963.02 2224.11 1411.25
 2732.5 8669.06 5112.86 1946.96 1016.5
 4157.14 8004.95 3727.41 2198.36 1274.19
 3966.05 10843.7 2650.67 1234.25 1149.86
 2902.5 5327.9 1300.92 318.001 286.022
 1416.06 2077.25 332.069 81.0814 37.6466
 806.61 2061.62 422.319 67.5118 24.1382
 604.122 1231.79 481.7 98.6754 21.4142
 583.602 1186.75 395.052 154.488 38.5144
 997.321 1388.12 470.96 156.776 76.5925
 608.031 1194.77 277.379 94.1087 46.6324
 1057.88 1932.48 669.327 155.392 78.8454
 1979.58 3007.81 955.142 330.82 115.774
 2011.61 4684.82 1225.12 389.041 181.903
F
 0.0827625 0.44664 0.44664 0.44664 0.44664
 0.0642991 0.347 0.347 0.347 0.347
 0.0923162 0.498198 0.498198 0.498198 0.498198
 0.0176634 0.0953231 0.0953231 0.0953231 0.0953231
 0.00363978 0.0196426 0.0196426 0.0196426 0.0196426
 0.037338 0.2015 0.2015 0.2015 0.2015
 0.0236696 0.127736 0.127736 0.127736 0.127736
 0.0481593 0.259899 0.259899 0.259899 0.259899
 0.0557513 0.30087 0.30087 0.30087 0.30087
 0.0459409 0.247927 0.247927 0.247927 0.247927
 0.0971416 0.524239 0.524239 0.524239 0.524239
 0.0912146 0.492253 0.492253 0.492253 0.492253
 0.144671 0.780737 0.780737 0.780737 0.780737
 0.266158 1.43636 1.43636 1.43636 1.43636
 0.274478 1.48126 1.48126 1.48126 1.48126
 0.109802 0.592562 0.592562 0.592562 0.592562
 0.0754627 0.407246 0.407246 0.407246 0.407246
 0.0504485 0.272253 0.272253 0.272253 0.272253
 0.0419576 0.226431 0.226431 0.226431 0.226431
 0.0420612 0.22699 0.22699 0.22699 0.22699
 0.0201905 0.108961 0.108961 0.108961 0.108961
 0.02573 0.138856 0.138856 0.138856 0.138856
 0.0296962 0.16026 0.16026 0.16026 0.16026
 0.0285131 0.153875 0.153875 0.153875 0.153875
nmprior
 10 10 8 0
nm_flota  nm_reclas  nm_pelaces    nm_pelaL
inf 15.7254 17.3444 30.6895
cv_recla  cv_pelaces  cv_mph
0.717001 0.525863 0.492636
 ------------------------------------------------
Talla a la edad & desviación 
 7.2 14.2025 17.0495 18.207 18.6776
 1.08 2.13037 2.55742 2.73105 2.80164
