    unsorted:	 2.309016049e-06 1.740183406e-06 7.261404136e-06 5.595338260e-05 0.0008999966292 0.006537701944 0.06113815955 57.58079510 79.82337031 120.3050395 195.8583318 204.5221732 459.4282017 617.0265736 644.7987781 812.2025984 901.5377174 1110.238836 1214.602448 1372.900186 1545.898717 1829.697734 1990.605899 2272.229912 2652.276097 2754.125911 3135.531045 3416.494189 3726.404485 4074.814252 4522.944438 4904.682579 5313.046977 5473.173064 6192.576769 6493.897361 7054.870971 16519.05903 204548.6890 320727.3472 341534.2470 360662.5579 390629.6895 410221.5152 459838.1889 451042.5005 474649.3535 486060.4051 531217.7272 548711.2426 605246.9290 634207.6688 688237.5319 804248.0379 959136.5964 1006905.796 1162785.357 1402339.341 1809689.359 2014403.780 2183766.401 2634241.098 7010654.516
      sorted:	 1.740183406e-06 2.309016049e-06 7.261404136e-06 5.595338260e-05 0.0008999966292 0.006537701944 0.06113815955 57.58079510 79.82337031 120.3050395 195.8583318 204.5221732 459.4282017 617.0265736 644.7987781 812.2025984 901.5377174 1110.238836 1214.602448 1372.900186 1545.898717 1829.697734 1990.605899 2272.229912 2652.276097 2754.125911 3135.531045 3416.494189 3726.404485 4074.814252 4522.944438 4904.682579 5313.046977 5473.173064 6192.576769 6493.897361 7054.870971 16519.05903 204548.6890 320727.3472 341534.2470 360662.5579 390629.6895 410221.5152 451042.5005 459838.1889 474649.3535 486060.4051 531217.7272 548711.2426 605246.9290 634207.6688 688237.5319 804248.0379 959136.5964 1006905.796 1162785.357 1402339.341 1809689.359 2014403.780 2183766.401 2634241.098 7010654.516
