years
 1997 1998 1999 2000 2001 2002 2003 2004 2005 2006 2007 2008 2009 2010 2011 2012 2013 2014 2015 2016 2017 2018 2019 2020
reclasobs
 0 0 0 370054 412103 1.49427e+06 250295 1.28982e+06 931140 785840 897777 1.04006e+06 184774 17550 25797 100020 73551 82996 120727 218422 84188 347160 605670 569463
reclaspred
 3.82371e+06 648585 885681 219001 260292 358339 687503 641198 661927 826376 916273 717963 392991 142470 78361.4 75273.1 77599.8 107664 135250 131916 193003 218381 355413 285589
pelacesobs
 0 0 0 0 0 0 0 0 0 2.06254e+06 1.5e+06 0 1.87456e+06 323000 250000 174000 83755 137374 0 501740 490994 745055 786931 1.00524e+06
pelacespred
 1.03329e+07 5.02759e+06 1.32166e+06 812450 922304 769907 2.12239e+06 2.03073e+06 1.85304e+06 2.56521e+06 2.33088e+06 1.93515e+06 1.00948e+06 286452 159278 166897 178023 271110 353392 313194 587570 656780 765318 663410
mphobs
 0 0 0 0 0 112323 0 153150 637223 0 255016 313432 73983 77613 109348 50772 0 0 0 0 0 0 0 0
mphpred
 761696 320512 176782 68314.8 51848.1 141661 158815 291713 256413 274984 380259 277905 174881 96250.6 45782.8 32368 28377.6 35266.7 46510.9 42605.9 53872.3 74621.8 89706.1 100682
desembarqueobs
 350755 77701 442110 56441 14545 235359 269955 359681 431902 328805 639364 411747 362871 311530 167758 66681 60226 58785 57116 71774 51957 67425 138520 160799
desembarquepred
 350739 77673.1 441536 56415.6 14543.2 235203 269901 359126 431432 328526 638258 411071 362165 310959 167253 66609.5 60199.1 58703.6 57034.7 71692.5 51942.5 67357 138407 160686
Reclutas
 14423 28218.5 2910.62 6341.22 38385.6 14133.9 64030.9 57215.7 63295.4 111415 70748.3 49475.9 53745.8 29606.6 12418 9103.25 7330.19 8921.87 7350.1 8796.5 15280 18597.9 25586.4 12234.1
log_desv_Rt
 -0.343422 0.327733 -1.94388 -1.16517 0.635438 -0.363669 1.14712 1.03458 1.13557 1.70102 1.24688 0.889241 0.97202 0.375753 -0.493097 -0.803614 -1.02024 -0.823739 -1.01753 -0.837891 -0.285697 -0.0891962 0.229814 -0.508021
SSB
 1.06687e+06 448924 247609 95684.8 72620.8 198417 222444 408586 359144 385155 532608 389246 244946 134813 64125.5 45336.1 39747 49396.2 65145.2 59675.7 75455.9 104519 125646 141020
BT
 1.63326e+06 582388 381469 155685 260257 310128 1.04253e+06 945900 976296 1.10926e+06 1.17182e+06 834160 675680 390105 197007 102814 103205 128025 118144 130556 202075 179920 240525 243224
Ftot
 0.291992 0.461092 1.55783 0.962561 0.254177 1.70806 1.58583 1.73672 2.05443 1.41513 1.98261 1.70536 2.77523 4.95303 4.95303 2.43342 2.31257 1.74225 1.23021 1.66463 0.91633 0.961196 1.19154 1.57164
BD_Bspro_t
 0.962925 0.758335 0.536227 0.191839 0.251374 0.524103 0.393177 0.487371 0.405719 0.382198 0.423531 0.290197 0.204568 0.135809 0.078399 0.0690052 0.0844652 0.142628 0.221714 0.249409 0.326681 0.464487 0.466658 0.414483
BD_Bspro
 2.55034 1.07315 0.591909 0.228734 0.1736 0.474316 0.531751 0.976724 0.858532 0.920711 1.2732 0.930491 0.585542 0.32227 0.153292 0.108376 0.0950151 0.118081 0.15573 0.142655 0.180377 0.249851 0.300357 0.337109
BD_Bo
 1.32161 0.556118 0.306733 0.118532 0.0899612 0.245795 0.275559 0.506148 0.4449 0.477122 0.659784 0.48219 0.303434 0.167004 0.0794374 0.0561615 0.0492378 0.061191 0.0807006 0.0739251 0.0934733 0.129476 0.155648 0.174693
BD_Brms
 3.67119 1.54479 0.852046 0.32926 0.249895 0.682772 0.765449 1.40598 1.23585 1.32535 1.83275 1.33943 0.842881 0.463904 0.220662 0.156006 0.136773 0.169977 0.224171 0.20535 0.259651 0.359658 0.432361 0.485264
S_f
 0.0823072 0.743582 0.989447 0.99967 0.99999
 0.0823072 0.743582 0.989447 0.99967 0.99999
 0.0823072 0.743582 0.989447 0.99967 0.99999
 0.0823072 0.743582 0.989447 0.99967 0.99999
 0.0823072 0.743582 0.989447 0.99967 0.99999
 0.0823072 0.743582 0.989447 0.99967 0.99999
 0.0823072 0.743582 0.989447 0.99967 0.99999
 0.0823072 0.743582 0.989447 0.99967 0.99999
 0.0823072 0.743582 0.989447 0.99967 0.99999
 0.0823072 0.743582 0.989447 0.99967 0.99999
 0.0823072 0.743582 0.989447 0.99967 0.99999
 0.0823072 0.743582 0.989447 0.99967 0.99999
 0.0823072 0.743582 0.989447 0.99967 0.99999
 0.0823072 0.743582 0.989447 0.99967 0.99999
 0.0823072 0.743582 0.989447 0.99967 0.99999
 0.0823072 0.743582 0.989447 0.99967 0.99999
 0.0823072 0.743582 0.989447 0.99967 0.99999
 0.0823072 0.743582 0.989447 0.99967 0.99999
 0.0823072 0.743582 0.989447 0.99967 0.99999
 0.0823072 0.743582 0.989447 0.99967 0.99999
 0.0823072 0.743582 0.989447 0.99967 0.99999
 0.0823072 0.743582 0.989447 0.99967 0.99999
 0.0823072 0.743582 0.989447 0.99967 0.99999
 0.0823072 0.743582 0.989447 0.99967 0.99999
Scru_reclas
 0.118758 0.404126 0.773405 0.944986 0.988564
 0.118758 0.404126 0.773405 0.944986 0.988564
 0.118758 0.404126 0.773405 0.944986 0.988564
 0.118758 0.404126 0.773405 0.944986 0.988564
 0.118758 0.404126 0.773405 0.944986 0.988564
 0.118758 0.404126 0.773405 0.944986 0.988564
 0.118758 0.404126 0.773405 0.944986 0.988564
 0.118758 0.404126 0.773405 0.944986 0.988564
 0.118758 0.404126 0.773405 0.944986 0.988564
 0.118758 0.404126 0.773405 0.944986 0.988564
 0.118758 0.404126 0.773405 0.944986 0.988564
 0.118758 0.404126 0.773405 0.944986 0.988564
 0.118758 0.404126 0.773405 0.944986 0.988564
 0.118758 0.404126 0.773405 0.944986 0.988564
 0.118758 0.404126 0.773405 0.944986 0.988564
 0.118758 0.404126 0.773405 0.944986 0.988564
 0.118758 0.404126 0.773405 0.944986 0.988564
 0.118758 0.404126 0.773405 0.944986 0.988564
 0.118758 0.404126 0.773405 0.944986 0.988564
 0.118758 0.404126 0.773405 0.944986 0.988564
 0.118758 0.404126 0.773405 0.944986 0.988564
 0.118758 0.404126 0.773405 0.944986 0.988564
 0.118758 0.404126 0.773405 0.944986 0.988564
 0.118758 0.404126 0.773405 0.944986 0.988564
Scru_pelaces
 0.113389 0.391589 0.764103 0.942201 0.987957
 0.113389 0.391589 0.764103 0.942201 0.987957
 0.113389 0.391589 0.764103 0.942201 0.987957
 0.113389 0.391589 0.764103 0.942201 0.987957
 0.113389 0.391589 0.764103 0.942201 0.987957
 0.113389 0.391589 0.764103 0.942201 0.987957
 0.113389 0.391589 0.764103 0.942201 0.987957
 0.113389 0.391589 0.764103 0.942201 0.987957
 0.113389 0.391589 0.764103 0.942201 0.987957
 0.113389 0.391589 0.764103 0.942201 0.987957
 0.113389 0.391589 0.764103 0.942201 0.987957
 0.113389 0.391589 0.764103 0.942201 0.987957
 0.113389 0.391589 0.764103 0.942201 0.987957
 0.113389 0.391589 0.764103 0.942201 0.987957
 0.113389 0.391589 0.764103 0.942201 0.987957
 0.113389 0.391589 0.764103 0.942201 0.987957
 0.113389 0.391589 0.764103 0.942201 0.987957
 0.113389 0.391589 0.764103 0.942201 0.987957
 0.113389 0.391589 0.764103 0.942201 0.987957
 0.113389 0.391589 0.764103 0.942201 0.987957
 0.113389 0.391589 0.764103 0.942201 0.987957
 0.113389 0.391589 0.764103 0.942201 0.987957
 0.113389 0.391589 0.764103 0.942201 0.987957
 0.113389 0.391589 0.764103 0.942201 0.987957
pf_obs 
 0.256992 0.487395 0.22802 0.0275931 0
 0.321318 0.546541 0.124235 0.00734118 0.000564706
 0.182869 0.594174 0.210203 0.0122559 0.00049798
 0.330522 0.361315 0.267642 0.0388342 0.00168674
 0.649043 0.306663 0.0425973 0.00169635 0
 0.582887 0.30429 0.105238 0.00758474 0
 0.465427 0.430635 0.0974691 0.00646863 0
 0.296916 0.608066 0.0921331 0.00288517 0
 0.311714 0.524322 0.152257 0.0117073 0
 0.15457 0.633149 0.183074 0.0267441 0.00246327
 0.131901 0.49318 0.331252 0.0422183 0.00144891
 0.196976 0.569456 0.194076 0.0375587 0.00193317
 0.518974 0.381816 0.0799577 0.0180837 0.00116848
 0.0928022 0.601141 0.25162 0.0475244 0.00691264
 0.122501 0.610282 0.24278 0.0234846 0.000952079
 0.383417 0.481906 0.127806 0.00687128 0
 0.0376549 0.599619 0.316969 0.0457579 0
 0.0361596 0.667082 0.258105 0.0386534 0
 0.158088 0.579412 0.248529 0.0139706 0
 0.0477256 0.309471 0.559284 0.082774 0.000745712
 0.0406174 0.521527 0.379366 0.0568643 0.0016247
 0.151134 0.462217 0.34131 0.0453401 0
 0.294876 0.26143 0.354403 0.0886775 0.000613685
 0.281977 0.475581 0.204845 0.0348837 0.00271318
pf_pred 
 0.035942 0.637299 0.288502 0.0382537 3.60957e-06
 0.111221 0.218595 0.488384 0.160734 0.0210654
 0.0209114 0.584906 0.124804 0.196993 0.0723852
 0.158723 0.221402 0.445836 0.0558963 0.118143
 0.530881 0.337928 0.0464575 0.0612257 0.0235078
 0.105957 0.816488 0.0605584 0.00606428 0.0109315
 0.534568 0.30528 0.151959 0.00642858 0.00176406
 0.25188 0.712246 0.0274746 0.00797837 0.000421108
 0.286678 0.604098 0.106208 0.00232198 0.000694184
 0.373479 0.554813 0.0654 0.00613733 0.000169975
 0.18988 0.726645 0.0774625 0.00549366 0.000519448
 0.187483 0.660195 0.143425 0.00827113 0.000626588
 0.300952 0.562112 0.12105 0.0149771 0.000908795
 0.27824 0.672013 0.0447596 0.0044246 0.000562719
 0.268195 0.711122 0.0202618 0.000380635 4.02536e-05
 0.299731 0.677545 0.0225392 0.000181493 3.57852e-06
 0.259049 0.671809 0.0680158 0.00111734 8.91917e-06
 0.311257 0.607902 0.0768364 0.00394109 6.35123e-05
 0.205444 0.698966 0.0888925 0.00637291 0.000324818
 0.259533 0.573314 0.15406 0.0121918 0.000901905
 0.326091 0.572132 0.0871624 0.0134932 0.00112219
 0.242725 0.639125 0.105797 0.0106038 0.00174983
 0.264408 0.579821 0.139029 0.0150173 0.00172506
 0.127632 0.722901 0.127966 0.0192271 0.00227391
pobs_RECLAS
 0 0 0 0 0
 0 0 0 0 0
 0 0 0 0 0
 0 0 0 0 0
 0.835266 0.146461 0.0176864 0.000547809 3.91292e-05
 0.385257 0.428462 0.181853 0.0044286 0
 0.867414 0.0963971 0.0333333 0.00285562 0
 0.441836 0.489002 0.0689373 0.000224442 0
 0.779404 0.147425 0.0564933 0.0165055 0.000172143
 0.814271 0.122319 0.05973 0.00367925 0
 0.40263 0.566651 0.0304383 0.000280538 0
 0.475488 0.404961 0.113038 0.00651328 0
 0.955842 0.0263864 0.0167828 0.000988607 0
 0.975058 0.0227948 0.00214734 0 0
 0.738997 0.206755 0.0527124 0.00153531 0
 0.850938 0.134255 0.0134407 0.00136685 0
 0.542534 0.407297 0.0501686 0 0
 0.764087 0.199537 0.0359546 0.000420521 0
 0.470689 0.182191 0.310203 0.0369168 0
 0.84361 0.089868 0.0606195 0.00523954 0.000663233
 0.607945 0.314616 0.071237 0.00620181 0
 0.523733 0.453247 0.0230204 0 0
 0.530135 0.295979 0.169645 0.0042399 0
 0.562478 0.366248 0.0663022 0.0049721 0
ppred_RECLAS
 0.0797158 0.525507 0.340229 0.0545436 5.38225e-06
 0.197301 0.14284 0.454334 0.180752 0.024773
 0.0492329 0.463954 0.133922 0.254935 0.0979559
 0.280023 0.13898 0.39095 0.0591995 0.130848
 0.720474 0.17083 0.0336178 0.0535689 0.0215095
 0.256581 0.655579 0.0651505 0.00786482 0.0148248
 0.752292 0.144323 0.0970153 0.00494936 0.0014202
 0.499829 0.46717 0.0241003 0.00843595 0.000465597
 0.546155 0.366627 0.0843041 0.00221944 0.00069381
 0.625426 0.317549 0.0510741 0.00578266 0.000167472
 0.413525 0.508513 0.0712722 0.00608813 0.000601936
 0.394714 0.461002 0.134215 0.00933062 0.000739137
 0.586091 0.316517 0.0841021 0.0124975 0.000792884
 0.662185 0.314308 0.0207434 0.00243924 0.000324257
 0.650972 0.339213 0.00957684 0.000214014 2.36566e-05
 0.583052 0.399887 0.0168943 0.000163598 3.37277e-06
 0.524802 0.419632 0.054481 0.00107678 8.98741e-06
 0.567851 0.366353 0.0619043 0.00382729 6.44954e-05
 0.415001 0.491057 0.0860948 0.00745037 0.000397096
 0.492867 0.362707 0.130964 0.0124954 0.000966592
 0.559498 0.350549 0.0747582 0.013979 0.00121577
 0.457787 0.428939 0.099194 0.0120079 0.00207216
 0.486416 0.372268 0.123307 0.0160784 0.00193139
 0.289495 0.551642 0.131988 0.0239162 0.0029577
pobs_PELACES
 0 0 0 0 0
 0 0 0 0 0
 0 0 0 0 0
 0 0 0 0 0
 0 0 0 0 0
 0 0 0 0 0
 0 0 0 0 0
 0 0 0 0 0
 0 0 0 0 0
 0 0 0 0 0
 0.450072 0.473896 0.0757376 0.000293798 0
 0 0 0 0 0
 0.463077 0.371075 0.160297 0.00555027 0
 0.529543 0.364841 0.0842815 0.0213345 0
 0.631943 0.363953 0.00410389 0 0
 0.735681 0.248677 0.0153453 0.000297389 0
 0.695825 0.281241 0.0229344 0 0
 0.275771 0.60734 0.115278 0.00161068 0
 0 0 0 0 0
 0.896147 0.0623911 0.0374545 0.00400742 0
 0.803859 0.145111 0.0509908 3.86294e-05 0
 0.739449 0.233085 0.0266225 0.000797448 4.60066e-05
 0.878498 0.100942 0.0204185 0.000141795 0
 0.694673 0.275183 0.0284847 0.00165964 0
ppred_PELACES
 0.0834862 0.52406 0.337843 0.0546052 5.40077e-06
 0.213388 0.141775 0.442901 0.177547 0.0243894
 0.0701922 0.477831 0.123934 0.236841 0.0912017
 0.330947 0.135113 0.35841 0.0545934 0.120937
 0.728216 0.165776 0.0325838 0.0523536 0.0210701
 0.333455 0.595617 0.0525417 0.00636423 0.0120222
 0.815513 0.112329 0.0676938 0.00346663 0.000996896
 0.591719 0.384222 0.0175535 0.0061646 0.00034097
 0.655967 0.285426 0.0566444 0.00149456 0.000468202
 0.694362 0.262731 0.038412 0.00436812 0.000126782
 0.521524 0.422263 0.0513773 0.0043995 0.000435907
 0.489227 0.399682 0.103312 0.00720671 0.000572122
 0.72779 0.217685 0.0470847 0.00699526 0.000444711
 0.853405 0.139485 0.00627991 0.000732902 9.7604e-05
 0.845326 0.151681 0.00292134 6.47915e-05 7.17493e-06
 0.702302 0.287435 0.0101631 9.85086e-05 2.0351e-06
 0.647361 0.317145 0.0347998 0.00068872 5.76051e-06
 0.658393 0.29474 0.0440859 0.00273458 4.6181e-05
 0.480709 0.441347 0.0714017 0.00620983 0.000331708
 0.586977 0.304854 0.0980532 0.00938848 0.000727825
 0.607093 0.316059 0.0637999 0.0120024 0.0010462
 0.509387 0.392726 0.0856527 0.0104301 0.00180391
 0.552657 0.330966 0.101475 0.0132998 0.00160115
 0.366657 0.503192 0.10806 0.0196557 0.0024361
pobs_pel_tallas
 0 0 0 0 0 0 0 0 0 0 0 0 0 0 0 0 0 0 0 0 0 0 0 0 0 0 0 0 0 0 0 0 0 0 0 0
 0 0 0 0 0 0 0 0 0 0 0 0 0 0 0 0 0 0 0 0 0 0 0 0 0 0 0 0 0 0 0 0 0 0 0 0
 0 0 0 0 0 0 0 0 0 0 0 0 0 0 0 0 0 0 0 0 0 0 0 0 0 0 0 0 0 0 0 0 0 0 0 0
 0 0 0 0 0 0 0 0 0 0 0 0 0 0 0 0 0 0 0 0 0 0 0 0 0 0 0 0 0 0 0 0 0 0 0 0
 0 0 0 0 0 0 0 0 0 0 0 0 0 0 0 0 0 0 0 0 0 0 0 0 0 0 0 0 0 0 0 0 0 0 0 0
 0 0 0 0 0 0 0 0 0 0 0 0 0 0 0 0 0 0 0 0 0 0 0 0 0 0 0 0 0 0 0 0 0 0 0 0
 0 0 0 0 0 0 0 0 0 0 0 0 0 0 0 0 0 0 0 0 0 0 0 0 0 0 0 0 0 0 0 0 0 0 0 0
 0 0 0 0 0 0 0 0 0 0 0 0 0 0 0 0 0 0 0 0 0 0 0 0 0 0 0 0 0 0 0 0 0 0 0 0
 0 0 0 0 0 0 0 0 0 0 0 0 0 0 0 0 0 0 0 0 0 0 0 0 0 0 0 0 0 0 0 0 0 0 0 0
 0 0 0 0 0 0 0 0 0 0 0 0 0 0 0 0 0 0 0 0 0 0 0 0 0 0 0 0 0 0 0 0 0 0 0 0
 0 0 0 0 0 0 0 0 1.78061e-05 0.00172719 0.00360574 0.0105946 0.0120993 0.0124554 0.0147524 0.0171206 0.0266825 0.0428682 0.0675386 0.121331 0.153587 0.119568 0.100827 0.0573624 0.0630603 0.0341343 0.0324427 0.0444173 0.0211091 0.0280891 0.0125444 0.00206551 0 0 0 0
 0 0 0 0 0 0 0 0 0 0 0 0 0 0 0 0 0 0 0 0 0 0 0 0 0 0 0 0 0 0 0 0 0 0 0 0
 0 0 0 0 0 0 0.0133647 0.0140871 0.0187388 0.0205184 0.03894 0.0496705 0.03968 0.0493445 0.0407372 0.0367815 0.0215668 0.0243155 0.0234873 0.0199281 0.019796 0.0243948 0.0301388 0.0376714 0.0412746 0.0863199 0.0771752 0.113111 0.0741005 0.0525337 0.0229764 0.00759418 0.00175318 0 0 0
 0 0 0 0 0 0 0 0 0 0 0.00219441 0.00772107 0.0458388 0.0604681 0.0671733 0.0775358 0.0609151 0.0617685 0.073594 0.0568108 0.0755445 0.0548602 0.0670107 0.0636378 0.0643287 0.046367 0.0373049 0.0286899 0.0247887 0.0153202 0.00654259 0.00121912 0.000365735 0 0 0
 0 0 0 0 0 0 0 0 0 0 0 0 0.000112435 0.00938835 0.0111873 0.0202946 0.0414886 0.0713402 0.111592 0.104902 0.108894 0.110636 0.117776 0.105296 0.107544 0.0401394 0.0192827 0.0124803 0.00416011 0.0028671 0.000618394 0 0 0 0 0
 0 0 0 0 0 0 0 0 0 0 0.00291406 0.0102884 0.027416 0.0768956 0.0749926 0.110853 0.0956884 0.0897413 0.0766577 0.0534642 0.0500743 0.0551293 0.0594112 0.0620874 0.0668451 0.0424026 0.0208742 0.0120726 0.0048766 0.00582813 0.00118941 0.000297354 0 0 0 0
 0 0.00264628 0.0354308 0.0461629 0.0458689 0.0383711 0.0214643 0.0164657 0.0346957 0.0420465 0.0363128 0.0245516 0.0311673 0.0291091 0.0169068 0.0133784 0.00837989 0.0085269 0.0148486 0.0160247 0.0276389 0.0546898 0.0760071 0.122758 0.109233 0.0665981 0.0333725 0.0166128 0.00676272 0.00308733 0.000882094 0 0 0 0 0
 0 0 0 0 0 0 0 0.000805153 0.000690131 0.00759144 0.0133425 0.0154129 0.00931677 0.000345066 0.00356568 0.00563607 0.00851162 0.0253048 0.0502646 0.0516448 0.0657925 0.0565908 0.0611916 0.0827007 0.0866115 0.110766 0.145733 0.0935128 0.0569358 0.0249597 0.0138026 0.00621118 0.00161031 0.00115022 0 0
 0 0 0 0 0 0 0 0 0 0 0 0 0 0 0 0 0 0 0 0 0 0 0 0 0 0 0 0 0 0 0 0 0 0 0 0
 0.00147267 0.00158595 0.00478618 0.00569244 0.00954404 0.0108468 0.00647125 0.017049 0.0510054 0.094081 0.124002 0.0959785 0.0687766 0.0820023 0.061753 0.0591476 0.0492212 0.0479892 0.0443925 0.0268479 0.0217502 0.0140895 0.0121071 0.0120363 0.00920419 0.00665534 0.0049561 0.00860946 0.00930331 0.0156896 0.0114698 0.00855282 0.00243557 0.00046729 0 2.83206e-05
 0 0 0 0 0.000772559 0.00158375 0.000888443 0.00281984 0.00712685 0.0440552 0.0773331 0.111326 0.0921469 0.0852325 0.0710754 0.0886704 0.0786465 0.0553345 0.0373146 0.0185414 0.00753245 0.00457741 0.012979 0.0271748 0.0457355 0.0583668 0.034881 0.0177882 0.00938659 0.00492506 0.0015258 0.00185414 0.000309023 5.79419e-05 3.86279e-05 0
 0 0.00173294 0.00326652 0 0.00397197 0.00683976 0.00946217 0.0152591 0.00757587 0.0136028 0.0228656 0.0392903 0.0559909 0.0764795 0.0681675 0.0726916 0.0566044 0.0477403 0.0527397 0.0444891 0.0609904 0.0582453 0.0661739 0.0445044 0.0529084 0.0360697 0.0280645 0.0235558 0.0158879 0.00826598 0.00280645 0.00217768 0.000904811 0.00058276 9.20147e-05 0
 0 0 0 0 0 0 0 0 0 0 0 0 0 0 0 0 0 0 0 0 0 0 0 0 0 0 0 0 0 0 0 0 0 0 0 0
 0 0 0 0 0 0 0 0 0 0 0 0 0 0 0 0 0 0 0 0 0 0 0 0 0 0 0 0 0 0 0 0 0 0 0 0
ppred_pel_tallas
 1.06843e-16 3.67507e-06 2.14871e-05 0.000101969 0.000392299 0.00122308 0.00308997 0.00632674 0.0105035 0.0141552 0.0155336 0.0140109 0.010705 0.00761326 0.00625517 0.00713643 0.0101231 0.0149561 0.0214235 0.0292623 0.0380265 0.0470471 0.0555 0.0625495 0.067517 0.0700146 0.0700044 0.0677623 0.0637721 0.058589 0.0527232 0.0465734 0.0404164 0.0344341 0.0287538 0.0234793
 1.13574e-16 9.32398e-06 5.46862e-05 0.000259879 0.00100042 0.00311959 0.00787992 0.0161245 0.0267328 0.0359155 0.0391206 0.0345965 0.0249617 0.0149693 0.00803017 0.00487823 0.00461479 0.00617279 0.00894358 0.0127023 0.0173631 0.0228214 0.0288963 0.0353287 0.0418009 0.047963 0.0534587 0.0579467 0.061123 0.0627462 0.0626657 0.06085 0.0574056 0.0525754 0.0467161 0.0402525
 1.14315e-16 3.09253e-06 1.80738e-05 8.57564e-05 0.000329902 0.00102852 0.00259847 0.00532065 0.00883427 0.0119087 0.0130765 0.011814 0.00906726 0.00652559 0.00547912 0.00636831 0.00909593 0.0134566 0.0192778 0.026335 0.0342415 0.0424193 0.0501655 0.0567824 0.0617251 0.0647124 0.0657647 0.0651529 0.0632862 0.0605797 0.0573515 0.0537788 0.049915 0.0457467 0.0412608 0.036494
 1.12659e-16 1.44496e-05 8.47791e-05 0.000402946 0.00155127 0.0048374 0.0122189 0.0250024 0.0414474 0.0556726 0.0606088 0.0535233 0.0384503 0.0227196 0.0115606 0.00603201 0.00464401 0.00563823 0.0079746 0.0112344 0.0152598 0.0199239 0.025049 0.030401 0.0357103 0.0406973 0.0450937 0.0486553 0.0511716 0.0524769 0.0524652 0.0511097 0.0484784 0.0447384 0.0401438 0.0350076
 1.03301e-16 3.1773e-05 0.000186481 0.000886448 0.00341287 0.0106427 0.0268827 0.0550055 0.0911777 0.122449 0.133249 0.117535 0.0841346 0.0491003 0.0238275 0.0104945 0.00563561 0.00517012 0.00659736 0.00881638 0.0113698 0.0139732 0.016361 0.0182857 0.0195617 0.0201039 0.0199412 0.0191982 0.0180539 0.0166913 0.0152569 0.0138402 0.012476 0.011161 0.00987755 0.00861281
 1.01721e-16 1.45771e-05 8.54866e-05 0.000406219 0.00156372 0.00487611 0.0123172 0.0252068 0.0417986 0.0561814 0.0612602 0.0543301 0.0395331 0.0243663 0.0142431 0.0103891 0.0114385 0.0156725 0.0219439 0.0295211 0.0377072 0.0456549 0.0524051 0.0570548 0.0589602 0.0578913 0.0540866 0.0481816 0.0410442 0.0335702 0.0265063 0.0203455 0.0153088 0.0113931 0.0084539 0.00628825
 1.01164e-16 3.55776e-05 0.000208822 0.000992669 0.00382187 0.0119182 0.0301043 0.0615967 0.102101 0.137112 0.149188 0.131552 0.0940775 0.0547191 0.0262106 0.0109588 0.00504983 0.00389051 0.00467679 0.00620183 0.00801358 0.00988286 0.0116162 0.0130323 0.0139873 0.0144025 0.0142763 0.0136764 0.0127158 0.0115228 0.0102143 0.00888059 0.00758237 0.00635628 0.00522403 0.00419989
 1.00603e-16 2.583e-05 0.000151571 0.000720433 0.0027736 0.00864912 0.0218473 0.0447043 0.0741097 0.0995492 0.108387 0.0957429 0.068836 0.0407779 0.0209185 0.011132 0.00870104 0.0103714 0.0140971 0.0188596 0.0240373 0.0290406 0.0332419 0.0360592 0.0370827 0.0361739 0.0335007 0.0294895 0.0247171 0.0197766 0.0151603 0.0111914 0.00801067 0.00560835 0.00387883 0.00267598
 1.00971e-16 2.86276e-05 0.000168004 0.000798578 0.00307451 0.00958752 0.0242175 0.0495532 0.082144 0.110329 0.120092 0.106006 0.076048 0.0447161 0.0223253 0.0108959 0.00736158 0.0080822 0.0107995 0.0144552 0.0185011 0.0224825 0.02593 0.0284034 0.0295818 0.0293365 0.0277584 0.0251273 0.0218362 0.018298 0.0148632 0.0117721 0.00914505 0.00700299 0.00530337 0.00397527
 1.00787e-16 3.03008e-05 0.000177829 0.000845295 0.00325439 0.0101485 0.0256344 0.0524521 0.0869482 0.116778 0.127102 0.11217 0.0804185 0.0471823 0.0233638 0.0110827 0.0070737 0.00746884 0.00987383 0.0131815 0.0168444 0.0204331 0.0235137 0.0256834 0.0266517 0.0263079 0.0247458 0.0222334 0.0191424 0.01586 0.0127123 0.00991923 0.00758591 0.00572258 0.00427918 0.00317947
 1.01039e-16 2.27708e-05 0.000133607 0.000635022 0.00244473 0.00762355 0.0192568 0.0394044 0.0653262 0.0877585 0.0955705 0.0844709 0.0608396 0.0362577 0.0189996 0.0107569 0.0091747 0.0114147 0.0156803 0.0210447 0.0268887 0.0325823 0.0374388 0.0408138 0.0422446 0.0415601 0.0389202 0.0347662 0.0297062 0.0243716 0.0192926 0.0148245 0.0111339 0.00823076 0.00602548 0.00438509
 1.01872e-16 2.13617e-05 0.000125336 0.000595705 0.00229336 0.0071515 0.0180644 0.0369646 0.0612816 0.082326 0.0896569 0.0792501 0.0570925 0.0340517 0.0178947 0.010216 0.00881602 0.0110441 0.0152279 0.0205103 0.0263203 0.0320712 0.0371155 0.040835 0.0427712 0.0427281 0.0408124 0.0373915 0.0329915 0.0281698 0.0234038 0.0190258 0.01521 0.0120006 0.00935902 0.00720983
 1.01001e-16 3.17566e-05 0.00018638 0.000885957 0.00341096 0.0106368 0.0268677 0.0549752 0.0911289 0.122388 0.133194 0.117514 0.084181 0.0492501 0.0241286 0.011014 0.00646107 0.00640111 0.00832745 0.0111077 0.0142249 0.0173106 0.0200033 0.0219671 0.0229553 0.0228664 0.0217645 0.019856 0.0174333 0.0148034 0.0122278 0.00988545 0.00786688 0.00618978 0.00482603 0.00372782
 1.00165e-16 3.72307e-05 0.000218526 0.0010388 0.00399946 0.012472 0.0315032 0.0644592 0.106846 0.143486 0.156126 0.137678 0.0984747 0.0573094 0.0275107 0.0115997 0.00548053 0.00433984 0.00522791 0.00685553 0.00871347 0.0105205 0.0120362 0.0130474 0.0134051 0.0130594 0.0120719 0.0105983 0.00884922 0.00704123 0.00535434 0.00390688 0.00275058 0.00188206 0.00126262 0.000838413
 1.00094e-16 3.6879e-05 0.000216459 0.00102897 0.00396162 0.012354 0.0312051 0.0638494 0.105836 0.14213 0.154654 0.136387 0.0975676 0.0568137 0.027333 0.0116283 0.00564734 0.00462553 0.00563999 0.0074067 0.00940752 0.0113445 0.0129575 0.0140154 0.0143578 0.0139329 0.012811 0.0111655 0.00922934 0.00724134 0.00539951 0.00383321 0.00259778 0.00168718 0.00105592 0.000641588
 1.00242e-16 3.06479e-05 0.000179865 0.000854969 0.00329163 0.0102646 0.0259277 0.0530525 0.087944 0.118117 0.128563 0.11347 0.0813722 0.0477854 0.0237423 0.0113931 0.00743968 0.00797002 0.0105549 0.014057 0.0178945 0.0215975 0.0246907 0.0267378 0.0274332 0.0266763 0.0245965 0.0215181 0.0178788 0.014128 0.010639 0.0076568 0.00528789 0.00352376 0.00228209 0.0014487
 1.00622e-16 2.82536e-05 0.000165805 0.000788119 0.00303423 0.0094619 0.0239002 0.0489043 0.0810693 0.108889 0.118532 0.104647 0.0751133 0.0442469 0.0222393 0.0110976 0.00780722 0.00878157 0.0117865 0.0157564 0.0201114 0.0243504 0.0279519 0.0304315 0.0314432 0.0308611 0.0288095 0.0256247 0.0217688 0.0177211 0.0138835 0.0105251 0.00777096 0.00562672 0.00402141 0.00285045
 1.00819e-16 2.87337e-05 0.000168626 0.000801535 0.00308589 0.00962302 0.0243071 0.0497368 0.0824484 0.110739 0.120539 0.106404 0.0763422 0.0449055 0.0224498 0.0110054 0.00749612 0.00826847 0.0110529 0.0147807 0.0188909 0.022914 0.0263653 0.0287926 0.0298699 0.0294729 0.0277067 0.0248723 0.0213876 0.0176879 0.0141407 0.0109941 0.0083672 0.00627258 0.00465447 0.00342721
 1.01387e-16 2.09919e-05 0.000123161 0.000585359 0.00225351 0.00702722 0.0177506 0.0363226 0.0602188 0.0809022 0.088117 0.077914 0.0561847 0.0336194 0.0178661 0.0105093 0.00940362 0.0119523 0.0165043 0.0221882 0.0283895 0.0344599 0.0396834 0.0433842 0.0450719 0.0445568 0.0419911 0.0378196 0.0326615 0.0271634 0.0218711 0.0171545 0.0131927 0.0100076 0.00752045 0.00560899
 1.01848e-16 2.56202e-05 0.000150346 0.000714624 0.00275126 0.00857947 0.0216712 0.0443436 0.0735097 0.0987374 0.107488 0.0949113 0.0681575 0.0402152 0.0203366 0.0103564 0.00755894 0.00871064 0.0118019 0.0158768 0.0204101 0.024936 0.0289579 0.032001 0.0337082 0.0339177 0.032694 0.0302978 0.0271108 0.0235416 0.0199434 0.0165659 0.0135467 0.0109312 0.00870669 0.00683489
 1.0147e-16 2.64977e-05 0.000155497 0.000739111 0.00284554 0.00887347 0.0224139 0.0458632 0.0760286 0.10212 0.11117 0.0981603 0.070486 0.0415792 0.021007 0.0106637 0.00773569 0.00887182 0.0119856 0.0160794 0.0206013 0.0250632 0.0289494 0.031774 0.0331812 0.0330257 0.0314036 0.0286175 0.0250938 0.0212802 0.017556 0.0141799 0.0112806 0.00888064 0.00693555 0.00537282
 1.01787e-16 2.22404e-05 0.000130495 0.000620237 0.00238781 0.00744606 0.0188085 0.0384868 0.0638045 0.085713 0.0933394 0.0824906 0.0593953 0.0353614 0.0184659 0.0103569 0.00873152 0.0108197 0.0148763 0.0200147 0.0256585 0.031227 0.0360836 0.0396237 0.041403 0.041238 0.0392444 0.0357949 0.031417 0.0266657 0.0220128 0.0177822 0.0141377 0.0111115 0.00865292 0.00667554
 1.02081e-16 2.41247e-05 0.000141564 0.000672869 0.00259048 0.00807809 0.0204048 0.0417527 0.069216 0.0929741 0.101224 0.0894063 0.06426 0.0380275 0.0194374 0.0102374 0.0078908 0.00936754 0.0127778 0.0172049 0.022116 0.0270144 0.0313629 0.0346478 0.0364832 0.0366959 0.0353585 0.0327563 0.0293054 0.0254496 0.0215711 0.0179389 0.0146986 0.0118956 0.00951246 0.00750479
 1.02488e-16 1.60212e-05 9.39732e-05 0.000446583 0.00171916 0.00536087 0.0135416 0.0277113 0.0459473 0.0617445 0.067292 0.0595982 0.0431901 0.0262712 0.014741 0.00988685 0.0101512 0.0136118 0.0190215 0.0256568 0.0329071 0.0400593 0.0463045 0.0508699 0.0531865 0.0530194 0.0505157 0.0461508 0.0405974 0.0345626 0.0286465 0.02326 0.0186094 0.0147342 0.0115693 0.00900521
pSPR Fmed_Fpbrs
0.337868   0.409996 0.409996
Fs Fmed_Fpbrs
1.43004   1.005 1.005
SSBpbr Bo_Bmed_Bpbrs
807246  232380  290605 290605
Ro
20333
SPR SPRFo_SPRFmed_SPRFpbrs
418323 141338 171511
log_Ro
9.74
likeval ReclasPelacesDesembMPH_pf_preclas_ppelaces_ptallas_desvR_qrecl_qpela
 69.7933 12.8819 0.187936 0.000160943 320.282 169.292 85.7518 0 28.6732 0.000127259 0.000591376 0 0 0 0
q_reclas_q_pelaces
4.94588 31.8091
M
0.7
N
 14423 30772.5 10790.8 1417.94 0.133758
 28218.5 6992.16 12298.8 4013.99 525.925
 2910.62 13491 2464.36 3870.09 1421.84
 6341.22 1271.43 2103.6 261.987 553.624
 38385.6 2909.1 308.634 403.027 154.7
 14133.9 18667.1 1195.83 119.183 214.81
 64030.9 6098.18 2603.04 109.57 30.0623
 57215.7 27906 931.273 269.169 14.205
 63295.4 24628 3809.32 82.9438 24.7939
 111415 26541.7 2654.49 247.76 6.86063
 70748.3 49244 4601.84 324.996 30.7257
 49475.9 29842.8 5598.8 321.346 24.3403
 53745.8 21351.5 4169.8 514.369 31.2086
 29606.6 21239.1 1346.5 132.911 16.9028
 12418 9779.88 265.235 4.97539 0.526141
 9103.25 4102.01 122.132 0.980054 0.0193217
 7330.19 3700.04 333.548 5.45953 0.0435758
 8921.87 3009.16 329.149 16.804 0.270764
 7350.1 3838.59 409.079 29.1555 1.48574
 8796.5 3298.47 763.643 60.1404 4.44831
 15280 3808.91 475.053 73.0424 6.07344
 18597.9 7036.62 956.932 95.275 15.7189
 25586.4 8532.95 1709.84 183.585 21.0848
 12234.1 11518.9 1747.05 261.176 30.8833
pred_Ctot
 246.653 4373.49 1979.86 262.518 0.0247708
 757.399 1488.6 3325.82 1094.58 143.452
 253.77 7098.1 1514.56 2390.6 878.427
 348.951 486.753 980.169 122.888 259.737
 572.216 364.24 50.0747 65.9928 25.3382
 1343.95 10356.3 768.117 76.9187 138.655
 5677.38 3242.23 1613.88 68.2748 18.7352
 5526.14 15626.4 602.781 175.042 9.23894
 7150.92 15068.7 2649.25 57.9198 17.3158
 8869.09 13175.3 1553.07 145.744 4.03644
 7733.11 29593.5 3154.76 223.737 21.1552
 4697.54 16541.7 3593.63 207.24 15.6997
 7997.69 14937.9 3216.85 398.009 24.1509
 7297.08 17624.2 1173.86 116.039 14.7578
 3060.64 8115.33 231.227 4.34381 0.459373
 1202.06 2717.26 90.3924 0.727871 0.0143515
 923.771 2395.67 242.545 3.98444 0.0318058
 864.29 1688 213.357 10.9435 0.176359
 512.006 1741.96 221.537 15.8825 0.80951
 816.421 1803.49 484.632 38.3521 2.83716
 801.789 1406.75 214.314 33.177 2.75923
 1022.02 2691.12 445.469 44.6488 7.36788
 1728.7 3790.87 908.97 98.1831 11.2784
 1075.58 6092.07 1078.4 162.031 19.1628
F
 0.0240331 0.21712 0.288911 0.291896 0.291989
 0.0379511 0.342859 0.456226 0.46094 0.461087
 0.128221 1.15837 1.54139 1.55732 1.55782
 0.0792257 0.715743 0.952404 0.962244 0.962552
 0.0209206 0.189001 0.251494 0.254093 0.254174
 0.140586 1.27008 1.69004 1.7075 1.70805
 0.130525 1.17919 1.56909 1.58531 1.58581
 0.142944 1.29139 1.71839 1.73614 1.7367
 0.169094 1.52763 2.03275 2.05375 2.0544
 0.116475 1.05226 1.40019 1.41466 1.41511
 0.163183 1.47424 1.96169 1.98196 1.98259
 0.140364 1.26808 1.68737 1.7048 1.70535
 0.228422 2.06361 2.74595 2.77432 2.7752
 0.40767 3.68298 4.90076 4.9514 4.95298
 0.40767 3.68298 4.90076 4.9514 4.95298
 0.200288 1.80944 2.40774 2.43261 2.43339
 0.190341 1.71959 2.28817 2.31181 2.31255
 0.1434 1.29551 1.72387 1.74168 1.74224
 0.101255 0.914761 1.21723 1.2298 1.2302
 0.137011 1.23779 1.64706 1.66408 1.66461
 0.0754205 0.681366 0.90666 0.916027 0.91632
 0.0791133 0.714728 0.951053 0.960879 0.961186
 0.0980719 0.886004 1.17896 1.19114 1.19152
 0.129357 1.16864 1.55505 1.57112 1.57162
nmprior
 10 10 8 0
nm_flota  nm_reclas  nm_pelaces    nm_pelaL
inf 17.4889 8.30803 12.6881
cv_recla  cv_pelaces  cv_mph
0.773452 0.422332 0.411599
 ------------------------------------------------
Talla a la edad & desviación 
 7.2 14.2025 17.0495 18.207 18.6776
 1.08 2.13037 2.55742 2.73105 2.80164
