years
 1997 1998 1999 2000 2001 2002 2003 2004 2005 2006 2007 2008 2009 2010 2011 2012 2013 2014 2015 2016 2017 2018 2019 2020
reclasobs
 0 0 0 370054 412103 1.49427e+06 250295 1.28982e+06 931140 785840 897777 1.04006e+06 184774 17550 25797 100020 73551 82996 120727 218422 84188 347160 605670 569463
reclaspred
 492696 126444 319934 219173 356705 436023 942659 651362 740322 766962 655143 459283 282941 117244 69338.7 65641.1 78785.7 104565 112067 153294 232328 220336 381670 457102
pelacesobs
 0 0 0 0 0 0 0 0 0 2.06254e+06 1.5e+06 0 1.87456e+06 323000 250000 174000 83755 137374 0 501740 490994 745055 786931 1.00524e+06
pelacespred
 1.93867e+06 451423 666772 748235 1.07002e+06 1.05991e+06 2.61421e+06 2.1543e+06 2.19505e+06 2.31513e+06 1.73046e+06 1.27384e+06 755234 240725 142570 150440 190034 267007 291630 387829 682866 637413 849076 1.19816e+06
mphobs
 0 0 0 0 0 112323 0 153150 637223 0 255016 313432 73983 77613 109348 50772 0 0 0 0 0 0 0 0
mphpred
 179743 98153.8 108519 105325 123228 209365 295244 361424 313845 337193 355586 253125 161164 82942.7 35114.4 27838.3 30985.5 40880.1 50597.6 57459 87060.6 107549 135522 190048
desembarqueobs
 350755 77701 442110 56441 14545 235359 269955 359681 431902 328805 639364 411747 362871 311530 167758 66681 60226 58785 57116 71774 51957 67425 138520 160799
desembarquepred
 350760 77698.6 442079 56443.6 14545.2 235430 270014 359661 431931 328804 639278 411756 362909 311591 167572 66675.8 60251.9 58777.2 57100.1 71770.6 51959.7 67415.2 138521 160806
Reclutas
 35998 43951.7 22692 34306.2 60957.9 42381.1 75775.2 76390.4 98807.1 117222 67864 47104.4 45003.9 24615.1 14396.8 13154 10115.3 11315.3 12315.8 19724 25971.9 34002.5 53772.2 56113.6
log_desv_Rt
 0.031218 0.230846 -0.430233 -0.0169188 0.557938 0.194458 0.775526 0.783613 1.04092 1.21182 0.665261 0.300122 0.254504 -0.348883 -0.885236 -0.97552 -1.23819 -1.12609 -1.04136 -0.57041 -0.29523 -0.0258094 0.432513 0.475133
SSB
 451155 246366 272383 264365 309302 525505 741063 907174 787751 846355 892521 635344 404521 208186 88137.3 69874.2 77773.7 102609 127000 144222 218522 269948 340161 477021
BT
 1.53736e+06 375547 653226 483648 629328 739247 1.75999e+06 1.62749e+06 1.70253e+06 1.65307e+06 1.54022e+06 1.08389e+06 791594 431689 227319 143513 161047 202440 209217 283174 437860 403878 563950 795360
Ftot
 0.953059 0.881701 1.53071 0.326924 0.0565521 0.533306 0.340346 0.678591 0.762066 0.559175 1.03029 0.895243 1.40601 2.79191 3.25609 1.39923 1.03642 0.710446 0.579039 0.595789 0.284792 0.338396 0.401618 0.402603
BD_Bspro_t
 0.910926 0.638693 0.558655 0.37721 0.541704 0.719797 0.663786 0.679427 0.614142 0.586052 0.568012 0.412399 0.311604 0.209619 0.112778 0.11094 0.164822 0.270047 0.36841 0.457415 0.588934 0.697529 0.709774 0.714478
BD_Bspro
 0.628485 0.343203 0.379445 0.368276 0.430876 0.73206 1.03234 1.26375 1.09738 1.17902 1.24333 0.885072 0.563522 0.290016 0.12278 0.0973389 0.108343 0.14294 0.176918 0.20091 0.304414 0.376053 0.473864 0.664518
BD_Bo
 0.519283 0.283569 0.313515 0.304286 0.356009 0.604861 0.85297 1.04416 0.906708 0.974162 1.0273 0.731286 0.465607 0.239624 0.101447 0.0804258 0.0895182 0.118104 0.146178 0.166001 0.251521 0.310712 0.391528 0.549055
BD_Brms
 1.44239 0.78766 0.870837 0.845204 0.988872 1.6801 2.36926 2.90034 2.51853 2.70589 2.85349 2.03127 1.2933 0.665595 0.281785 0.223396 0.248651 0.328052 0.406033 0.461094 0.69864 0.863053 1.08753 1.52509
S_f
 0.106386 0.693438 0.977261 0.998777 0.999936
 0.106386 0.693438 0.977261 0.998777 0.999936
 0.106386 0.693438 0.977261 0.998777 0.999936
 0.106386 0.693438 0.977261 0.998777 0.999936
 0.106386 0.693438 0.977261 0.998777 0.999936
 0.106386 0.693438 0.977261 0.998777 0.999936
 0.106386 0.693438 0.977261 0.998777 0.999936
 0.106386 0.693438 0.977261 0.998777 0.999936
 0.106386 0.693438 0.977261 0.998777 0.999936
 0.106386 0.693438 0.977261 0.998777 0.999936
 0.106386 0.693438 0.977261 0.998777 0.999936
 0.106386 0.693438 0.977261 0.998777 0.999936
 0.106386 0.693438 0.977261 0.998777 0.999936
 0.106386 0.693438 0.977261 0.998777 0.999936
 0.106386 0.693438 0.977261 0.998777 0.999936
 0.106386 0.693438 0.977261 0.998777 0.999936
 0.106386 0.693438 0.977261 0.998777 0.999936
 0.106386 0.693438 0.977261 0.998777 0.999936
 0.106386 0.693438 0.977261 0.998777 0.999936
 0.106386 0.693438 0.977261 0.998777 0.999936
 0.106386 0.693438 0.977261 0.998777 0.999936
 0.106386 0.693438 0.977261 0.998777 0.999936
 0.106386 0.693438 0.977261 0.998777 0.999936
 0.106386 0.693438 0.977261 0.998777 0.999936
Scru_reclas
 0.756265 1 1 1 1
 0.756265 1 1 1 1
 0.756265 1 1 1 1
 0.756265 1 1 1 1
 0.756265 1 1 1 1
 0.756265 1 1 1 1
 0.756265 1 1 1 1
 0.756265 1 1 1 1
 0.756265 1 1 1 1
 0.756265 1 1 1 1
 0.756265 1 1 1 1
 0.756265 1 1 1 1
 0.756265 1 1 1 1
 0.756265 1 1 1 1
 0.756265 1 1 1 1
 0.756265 1 1 1 1
 0.756265 1 1 1 1
 0.756265 1 1 1 1
 0.756265 1 1 1 1
 0.756265 1 1 1 1
 0.756265 1 1 1 1
 0.756265 1 1 1 1
 0.756265 1 1 1 1
 0.756265 1 1 1 1
Scru_pelaces
 0.695373 1 1 1 1
 0.695373 1 1 1 1
 0.695373 1 1 1 1
 0.695373 1 1 1 1
 0.695373 1 1 1 1
 0.695373 1 1 1 1
 0.695373 1 1 1 1
 0.695373 1 1 1 1
 0.695373 1 1 1 1
 0.695373 1 1 1 1
 0.695373 1 1 1 1
 0.695373 1 1 1 1
 0.695373 1 1 1 1
 0.695373 1 1 1 1
 0.695373 1 1 1 1
 0.695373 1 1 1 1
 0.695373 1 1 1 1
 0.695373 1 1 1 1
 0.695373 1 1 1 1
 0.695373 1 1 1 1
 0.695373 1 1 1 1
 0.695373 1 1 1 1
 0.695373 1 1 1 1
 0.695373 1 1 1 1
pf_obs 
 0.256992 0.487395 0.22802 0.0275931 0
 0.321318 0.546541 0.124235 0.00734118 0.000564706
 0.182869 0.594174 0.210203 0.0122559 0.00049798
 0.330522 0.361315 0.267642 0.0388342 0.00168674
 0.649043 0.306663 0.0425973 0.00169635 0
 0.582887 0.30429 0.105238 0.00758474 0
 0.465427 0.430635 0.0974691 0.00646863 0
 0.296916 0.608066 0.0921331 0.00288517 0
 0.311714 0.524322 0.152257 0.0117073 0
 0.15457 0.633149 0.183074 0.0267441 0.00246327
 0.131901 0.49318 0.331252 0.0422183 0.00144891
 0.196976 0.569456 0.194076 0.0375587 0.00193317
 0.518974 0.381816 0.0799577 0.0180837 0.00116848
 0.0928022 0.601141 0.25162 0.0475244 0.00691264
 0.122501 0.610282 0.24278 0.0234846 0.000952079
 0.383417 0.481906 0.127806 0.00687128 0
 0.0376549 0.599619 0.316969 0.0457579 0
 0.0361596 0.667082 0.258105 0.0386534 0
 0.158088 0.579412 0.248529 0.0139706 0
 0.0477256 0.309471 0.559284 0.082774 0.000745712
 0.0406174 0.521527 0.379366 0.0568643 0.0016247
 0.151134 0.462217 0.34131 0.0453401 0
 0.294876 0.26143 0.354403 0.0886775 0.000613685
 0.281977 0.475581 0.204845 0.0348837 0.00271318
pf_pred 
 0.301534 0.477332 0.197473 0.0236485 1.28283e-05
 0.286737 0.554391 0.124016 0.0312375 0.00361799
 0.159828 0.640292 0.170117 0.023401 0.00636184
 0.276207 0.462547 0.223526 0.0323076 0.00541247
 0.284994 0.494131 0.159298 0.0528737 0.00870257
 0.14496 0.587255 0.203197 0.0468629 0.0177256
 0.249881 0.392143 0.275505 0.0630004 0.0194709
 0.207963 0.54468 0.15281 0.0731911 0.0213571
 0.252605 0.487865 0.201486 0.0362708 0.0217734
 0.245685 0.537774 0.162292 0.0424118 0.0118376
 0.144208 0.593092 0.208212 0.0411282 0.0133599
 0.147904 0.497379 0.280694 0.0590981 0.014925
 0.212985 0.47242 0.219279 0.075949 0.019367
 0.211027 0.598363 0.139882 0.0358046 0.0149242
 0.283381 0.602385 0.101435 0.00955726 0.00324073
 0.330322 0.596831 0.0682034 0.00415686 0.000486191
 0.223614 0.632319 0.13493 0.0085775 0.000560346
 0.240967 0.524261 0.206601 0.026442 0.00172869
 0.224829 0.536816 0.185487 0.0466914 0.00617613
 0.287657 0.471476 0.186916 0.0422494 0.0117025
 0.253417 0.543853 0.152212 0.0394543 0.0110644
 0.231356 0.509366 0.206485 0.0398787 0.0129136
 0.266069 0.474772 0.192525 0.0533385 0.013295
 0.205527 0.551913 0.177497 0.0486578 0.0164053
pobs_RECLAS
 0 0 0 0 0
 0 0 0 0 0
 0 0 0 0 0
 0 0 0 0 0
 0.835266 0.146461 0.0176864 0.000547809 3.91292e-05
 0.385257 0.428462 0.181853 0.0044286 0
 0.867414 0.0963971 0.0333333 0.00285562 0
 0.441836 0.489002 0.0689373 0.000224442 0
 0.779404 0.147425 0.0564933 0.0165055 0.000172143
 0.814271 0.122319 0.05973 0.00367925 0
 0.40263 0.566651 0.0304383 0.000280538 0
 0.475488 0.404961 0.113038 0.00651328 0
 0.955842 0.0263864 0.0167828 0.000988607 0
 0.975058 0.0227948 0.00214734 0 0
 0.738997 0.206755 0.0527124 0.00153531 0
 0.850938 0.134255 0.0134407 0.00136685 0
 0.542534 0.407297 0.0501686 0 0
 0.764087 0.199537 0.0359546 0.000420521 0
 0.470689 0.182191 0.310203 0.0369168 0
 0.84361 0.089868 0.0606195 0.00523954 0.000663233
 0.607945 0.314616 0.071237 0.00620181 0
 0.523733 0.453247 0.0230204 0 0
 0.530135 0.295979 0.169645 0.0042399 0
 0.562478 0.366248 0.0663022 0.0049721 0
ppred_RECLAS
 0.712926 0.217912 0.0619216 0.00723625 3.92023e-06
 0.690202 0.258921 0.0399251 0.00981632 0.00113548
 0.528756 0.390671 0.0688559 0.00921567 0.00250172
 0.681086 0.228362 0.0777276 0.0109859 0.00183828
 0.684188 0.240173 0.0548856 0.0178237 0.00293022
 0.486045 0.390173 0.09445 0.0212892 0.00804267
 0.660161 0.207295 0.102538 0.0229282 0.00707772
 0.596698 0.307138 0.0599429 0.0280469 0.00817387
 0.659569 0.249076 0.0713039 0.0125353 0.00751543
 0.643371 0.278657 0.058777 0.015011 0.00418458
 0.493126 0.389469 0.0935351 0.0180234 0.00584691
 0.507478 0.330819 0.128607 0.0264294 0.00666603
 0.626449 0.259072 0.0804434 0.0271282 0.00690782
 0.648872 0.295571 0.0411688 0.0101611 0.00422712
 0.737924 0.236699 0.0226357 0.00204841 0.000693084
 0.732838 0.247018 0.0188919 0.00112113 0.000130942
 0.614542 0.333565 0.0486774 0.00301854 0.000196932
 0.641372 0.273712 0.074936 0.00936791 0.000611677
 0.618222 0.291761 0.0704097 0.0173196 0.00228815
 0.695182 0.225002 0.0622601 0.0137513 0.00380424
 0.64807 0.278998 0.0550632 0.0139584 0.00390978
 0.62588 0.275745 0.0787046 0.0148637 0.00480744
 0.670349 0.238639 0.0680053 0.0184206 0.00458596
 0.58818 0.315095 0.0712111 0.019086 0.00642725
pobs_PELACES
 0 0 0 0 0
 0 0 0 0 0
 0 0 0 0 0
 0 0 0 0 0
 0 0 0 0 0
 0 0 0 0 0
 0 0 0 0 0
 0 0 0 0 0
 0 0 0 0 0
 0 0 0 0 0
 0.450072 0.473896 0.0757376 0.000293798 0
 0 0 0 0 0
 0.463077 0.371075 0.160297 0.00555027 0
 0.529543 0.364841 0.0842815 0.0213345 0
 0.631943 0.363953 0.00410389 0 0
 0.735681 0.248677 0.0153453 0.000297389 0
 0.695825 0.281241 0.0229344 0 0
 0.275771 0.60734 0.115278 0.00161068 0
 0 0 0 0 0
 0.896147 0.0623911 0.0374545 0.00400742 0
 0.803859 0.145111 0.0509908 3.86294e-05 0
 0.739449 0.233085 0.0266225 0.000797448 4.60066e-05
 0.878498 0.100942 0.0204185 0.000141795 0
 0.694673 0.275183 0.0284847 0.00165964 0
ppred_PELACES
 0.737163 0.203738 0.0529499 0.00614606 3.32841e-06
 0.711204 0.244602 0.0347275 0.00848512 0.000981167
 0.586882 0.350572 0.0535356 0.00708775 0.00192294
 0.678492 0.232229 0.0766602 0.01081 0.00180861
 0.668496 0.252433 0.0573826 0.018627 0.00306223
 0.493889 0.388862 0.0895464 0.0201077 0.00759474
 0.65893 0.210668 0.100937 0.0225157 0.0069495
 0.611698 0.300247 0.0549895 0.0256056 0.00746045
 0.677877 0.240194 0.0640244 0.0111948 0.0067098
 0.651544 0.275399 0.0551258 0.0140227 0.00390825
 0.527476 0.371099 0.0809251 0.0154799 0.00501981
 0.536578 0.319846 0.114341 0.0233486 0.00588698
 0.678051 0.232252 0.0632175 0.0211073 0.00537179
 0.751896 0.216881 0.0232574 0.0056276 0.00233865
 0.833136 0.154671 0.0109033 0.000964143 0.000325813
 0.76951 0.215113 0.014431 0.000847938 9.89816e-05
 0.644712 0.311352 0.0412326 0.00253813 0.000165524
 0.657125 0.265775 0.068079 0.00846787 0.000552759
 0.627841 0.288053 0.0658451 0.0161303 0.00213056
 0.704847 0.221061 0.0578497 0.0127233 0.00351903
 0.642761 0.284789 0.0547268 0.0138451 0.00387762
 0.623529 0.279807 0.0773725 0.0145771 0.00471412
 0.671299 0.240449 0.0659914 0.0178242 0.0044368
 0.588896 0.317361 0.0690689 0.018459 0.00621515
pobs_pel_tallas
 0 0 0 0 0 0 0 0 0 0 0 0 0 0 0 0 0 0 0 0 0 0 0 0 0 0 0 0 0 0 0 0 0 0 0 0
 0 0 0 0 0 0 0 0 0 0 0 0 0 0 0 0 0 0 0 0 0 0 0 0 0 0 0 0 0 0 0 0 0 0 0 0
 0 0 0 0 0 0 0 0 0 0 0 0 0 0 0 0 0 0 0 0 0 0 0 0 0 0 0 0 0 0 0 0 0 0 0 0
 0 0 0 0 0 0 0 0 0 0 0 0 0 0 0 0 0 0 0 0 0 0 0 0 0 0 0 0 0 0 0 0 0 0 0 0
 0 0 0 0 0 0 0 0 0 0 0 0 0 0 0 0 0 0 0 0 0 0 0 0 0 0 0 0 0 0 0 0 0 0 0 0
 0 0 0 0 0 0 0 0 0 0 0 0 0 0 0 0 0 0 0 0 0 0 0 0 0 0 0 0 0 0 0 0 0 0 0 0
 0 0 0 0 0 0 0 0 0 0 0 0 0 0 0 0 0 0 0 0 0 0 0 0 0 0 0 0 0 0 0 0 0 0 0 0
 0 0 0 0 0 0 0 0 0 0 0 0 0 0 0 0 0 0 0 0 0 0 0 0 0 0 0 0 0 0 0 0 0 0 0 0
 0 0 0 0 0 0 0 0 0 0 0 0 0 0 0 0 0 0 0 0 0 0 0 0 0 0 0 0 0 0 0 0 0 0 0 0
 0 0 0 0 0 0 0 0 0 0 0 0 0 0 0 0 0 0 0 0 0 0 0 0 0 0 0 0 0 0 0 0 0 0 0 0
 0 0 0 0 0 0 0 0 1.78061e-05 0.00172719 0.00360574 0.0105946 0.0120993 0.0124554 0.0147524 0.0171206 0.0266825 0.0428682 0.0675386 0.121331 0.153587 0.119568 0.100827 0.0573624 0.0630603 0.0341343 0.0324427 0.0444173 0.0211091 0.0280891 0.0125444 0.00206551 0 0 0 0
 0 0 0 0 0 0 0 0 0 0 0 0 0 0 0 0 0 0 0 0 0 0 0 0 0 0 0 0 0 0 0 0 0 0 0 0
 0 0 0 0 0 0 0.0133647 0.0140871 0.0187388 0.0205184 0.03894 0.0496705 0.03968 0.0493445 0.0407372 0.0367815 0.0215668 0.0243155 0.0234873 0.0199281 0.019796 0.0243948 0.0301388 0.0376714 0.0412746 0.0863199 0.0771752 0.113111 0.0741005 0.0525337 0.0229764 0.00759418 0.00175318 0 0 0
 0 0 0 0 0 0 0 0 0 0 0.00219441 0.00772107 0.0458388 0.0604681 0.0671733 0.0775358 0.0609151 0.0617685 0.073594 0.0568108 0.0755445 0.0548602 0.0670107 0.0636378 0.0643287 0.046367 0.0373049 0.0286899 0.0247887 0.0153202 0.00654259 0.00121912 0.000365735 0 0 0
 0 0 0 0 0 0 0 0 0 0 0 0 0.000112435 0.00938835 0.0111873 0.0202946 0.0414886 0.0713402 0.111592 0.104902 0.108894 0.110636 0.117776 0.105296 0.107544 0.0401394 0.0192827 0.0124803 0.00416011 0.0028671 0.000618394 0 0 0 0 0
 0 0 0 0 0 0 0 0 0 0 0.00291406 0.0102884 0.027416 0.0768956 0.0749926 0.110853 0.0956884 0.0897413 0.0766577 0.0534642 0.0500743 0.0551293 0.0594112 0.0620874 0.0668451 0.0424026 0.0208742 0.0120726 0.0048766 0.00582813 0.00118941 0.000297354 0 0 0 0
 0 0.00264628 0.0354308 0.0461629 0.0458689 0.0383711 0.0214643 0.0164657 0.0346957 0.0420465 0.0363128 0.0245516 0.0311673 0.0291091 0.0169068 0.0133784 0.00837989 0.0085269 0.0148486 0.0160247 0.0276389 0.0546898 0.0760071 0.122758 0.109233 0.0665981 0.0333725 0.0166128 0.00676272 0.00308733 0.000882094 0 0 0 0 0
 0 0 0 0 0 0 0 0.000805153 0.000690131 0.00759144 0.0133425 0.0154129 0.00931677 0.000345066 0.00356568 0.00563607 0.00851162 0.0253048 0.0502646 0.0516448 0.0657925 0.0565908 0.0611916 0.0827007 0.0866115 0.110766 0.145733 0.0935128 0.0569358 0.0249597 0.0138026 0.00621118 0.00161031 0.00115022 0 0
 0 0 0 0 0 0 0 0 0 0 0 0 0 0 0 0 0 0 0 0 0 0 0 0 0 0 0 0 0 0 0 0 0 0 0 0
 0.00147267 0.00158595 0.00478618 0.00569244 0.00954404 0.0108468 0.00647125 0.017049 0.0510054 0.094081 0.124002 0.0959785 0.0687766 0.0820023 0.061753 0.0591476 0.0492212 0.0479892 0.0443925 0.0268479 0.0217502 0.0140895 0.0121071 0.0120363 0.00920419 0.00665534 0.0049561 0.00860946 0.00930331 0.0156896 0.0114698 0.00855282 0.00243557 0.00046729 0 2.83206e-05
 0 0 0 0 0.000772559 0.00158375 0.000888443 0.00281984 0.00712685 0.0440552 0.0773331 0.111326 0.0921469 0.0852325 0.0710754 0.0886704 0.0786465 0.0553345 0.0373146 0.0185414 0.00753245 0.00457741 0.012979 0.0271748 0.0457355 0.0583668 0.034881 0.0177882 0.00938659 0.00492506 0.0015258 0.00185414 0.000309023 5.79419e-05 3.86279e-05 0
 0 0.00173294 0.00326652 0 0.00397197 0.00683976 0.00946217 0.0152591 0.00757587 0.0136028 0.0228656 0.0392903 0.0559909 0.0764795 0.0681675 0.0726916 0.0566044 0.0477403 0.0527397 0.0444891 0.0609904 0.0582453 0.0661739 0.0445044 0.0529084 0.0360697 0.0280645 0.0235558 0.0158879 0.00826598 0.00280645 0.00217768 0.000904811 0.00058276 9.20147e-05 0
 0 0 0 0 0 0 0 0 0 0 0 0 0 0 0 0 0 0 0 0 0 0 0 0 0 0 0 0 0 0 0 0 0 0 0 0
 0 0 0 0 0 0 0 0 0 0 0 0 0 0 0 0 0 0 0 0 0 0 0 0 0 0 0 0 0 0 0 0 0 0 0 0
ppred_pel_tallas
 1.0103e-16 3.21648e-05 0.000188778 0.000897357 0.00345486 0.0107737 0.0272134 0.0556826 0.092301 0.123961 0.134902 0.119012 0.085234 0.0498263 0.0243367 0.0109844 0.0062732 0.00607838 0.00786218 0.0104862 0.0134435 0.0163846 0.0189704 0.0208845 0.021893 0.0218954 0.0209448 0.0192271 0.0170086 0.0145713 0.012157 0.00993341 0.00798867 0.00634524 0.00498422 0.00386851
 1.00911e-16 3.10344e-05 0.000182138 0.000865783 0.00333328 0.0103945 0.0262558 0.0537234 0.0890549 0.119605 0.130173 0.114866 0.0823214 0.0482376 0.0237728 0.0110872 0.00682584 0.00701988 0.00921702 0.0122941 0.0157134 0.0190696 0.0219583 0.0240051 0.02494 0.0246598 0.0232505 0.0209599 0.0181311 0.0151211 0.0122298 0.00965847 0.00750204 0.00576852 0.00441115 0.00336032
 1.01208e-16 2.56178e-05 0.000150328 0.00071453 0.00275088 0.00857828 0.0216683 0.0443379 0.0735015 0.0987299 0.107489 0.094935 0.0682236 0.0403522 0.0205855 0.0107731 0.00821239 0.00967439 0.0131389 0.0176186 0.0225346 0.0273506 0.0314948 0.0344306 0.03577 0.0353634 0.0333333 0.0300338 0.025957 0.0216156 0.0174415 0.0137259 0.0106081 0.00810248 0.00614406 0.00463416
 1.0162e-16 2.96077e-05 0.000173763 0.000825967 0.00317998 0.00991644 0.0250482 0.0512526 0.0849593 0.114105 0.124188 0.109587 0.0785439 0.0460361 0.0227113 0.0106348 0.00661199 0.00686481 0.00906416 0.0121502 0.0156219 0.0191014 0.022207 0.0245767 0.0259377 0.0261648 0.0253038 0.0235491 0.0211863 0.0185214 0.0158187 0.0132653 0.0109639 0.0089496 0.00721488 0.00573428
 1.0168e-16 2.91725e-05 0.000171206 0.00081381 0.00313317 0.00977045 0.0246795 0.0504983 0.0837095 0.112429 0.122368 0.107994 0.0774289 0.0454365 0.0225155 0.0107095 0.00687897 0.00730582 0.00969223 0.0129807 0.016653 0.0203034 0.0235189 0.0259113 0.0271939 0.027245 0.0261322 0.0240855 0.0214321 0.0185161 0.015629 0.0129694 0.0106372 0.00865223 0.00698583 0.00559059
 1.02444e-16 2.15644e-05 0.000126527 0.000601373 0.00231518 0.00721957 0.0182364 0.0373162 0.0618642 0.0831073 0.0905042 0.0799905 0.0576073 0.0343213 0.0179679 0.01015 0.00864043 0.0107587 0.0148164 0.0199548 0.0256121 0.0312187 0.0361474 0.0398012 0.0417384 0.0417723 0.0400089 0.0368048 0.0326678 0.0281319 0.0236501 0.0195319 0.0159333 0.0128856 0.0103437 0.00823218
 1.026e-16 2.87538e-05 0.000168752 0.000802148 0.00308828 0.00963048 0.0243259 0.0497745 0.0825088 0.110813 0.120602 0.106417 0.0762593 0.0446717 0.0219922 0.0102237 0.00626271 0.00644299 0.00851135 0.0114549 0.0148105 0.0182401 0.0214006 0.0239613 0.0256627 0.0263696 0.0260926 0.0249706 0.0232234 0.0210927 0.0187915 0.0164756 0.0142402 0.0121332 0.0101759 0.00838044
 1.02107e-16 2.66978e-05 0.000156673 0.000744707 0.00286709 0.00894068 0.0225836 0.0462104 0.0766037 0.102891 0.112004 0.0988872 0.0709857 0.0418294 0.0210511 0.0105516 0.00748885 0.00848166 0.0114289 0.015335 0.0196632 0.0239497 0.0277079 0.0304796 0.0319291 0.0319189 0.0305378 0.0280676 0.024904 0.0214599 0.0180816 0.0150006 0.0123272 0.0100747 0.00819816 0.00663164
 1.01686e-16 2.95811e-05 0.000173606 0.000825221 0.00317711 0.00990748 0.0250256 0.0512064 0.0848828 0.114003 0.124078 0.109495 0.0784859 0.0460189 0.0227339 0.0106966 0.00671735 0.00702199 0.00928129 0.0124306 0.0159597 0.0194791 0.0225948 0.0249358 0.026226 0.026345 0.0253512 0.023457 0.0209682 0.0182083 0.0154528 0.0128919 0.0106241 0.00867359 0.00701949 0.00562271
 1.01537e-16 2.84343e-05 0.00016687 0.00079319 0.00305377 0.00952284 0.0240541 0.0492188 0.0815895 0.109584 0.119279 0.105284 0.0755214 0.0443888 0.0221292 0.0107469 0.00719384 0.0078538 0.0104861 0.014046 0.0179996 0.0219101 0.0253271 0.0278278 0.0291024 0.0290238 0.0276742 0.0253141 0.0223115 0.0190514 0.0158594 0.0129562 0.0104505 0.00835991 0.00664563 0.00524634
 1.02037e-16 2.30283e-05 0.000135123 0.000642242 0.00247254 0.00771029 0.0194759 0.0398522 0.0660671 0.0887492 0.0966372 0.0853848 0.0614351 0.0364874 0.0188919 0.0103396 0.00843038 0.0102854 0.0140975 0.0189641 0.024322 0.0296195 0.034256 0.0376613 0.0394155 0.0393441 0.0375537 0.0343916 0.0303505 0.0259477 0.0216219 0.0176731 0.0142513 0.011385 0.00902699 0.00709893
 1.02805e-16 2.34232e-05 0.000137446 0.000653295 0.00251512 0.00784307 0.0198112 0.0405379 0.0672023 0.0902694 0.09828 0.0868064 0.0623931 0.0369266 0.0188824 0.00995935 0.00769733 0.00915874 0.0125145 0.016882 0.0217518 0.0266496 0.0310595 0.0344843 0.0365453 0.0370628 0.0360892 0.0338779 0.0308068 0.0272819 0.0236545 0.0201733 0.0169774 0.014118 0.0115934 0.00938091
 1.0195e-16 2.95884e-05 0.00017365 0.00082543 0.00317791 0.00990999 0.0250319 0.0512193 0.084904 0.114031 0.124107 0.109516 0.0784917 0.0460038 0.0226922 0.01062 0.00659423 0.00683827 0.00902364 0.0120905 0.0155377 0.0189886 0.0220635 0.0244043 0.0257432 0.0259613 0.0251104 0.0233893 0.0210859 0.0185043 0.0159035 0.0134613 0.0112696 0.00935187 0.0076909 0.00625479
 1.00704e-16 3.28076e-05 0.000192551 0.000915293 0.00352391 0.010989 0.0277574 0.0567956 0.0941462 0.126439 0.1376 0.121396 0.0869476 0.0508406 0.0248548 0.0112544 0.00647292 0.00629997 0.00814025 0.0108213 0.013811 0.0167357 0.0192343 0.0209758 0.0217236 0.0213911 0.0200611 0.0179601 0.0153996 0.0127017 0.0101357 0.00788028 0.00601717 0.00454826 0.00342527 0.00257911
 1.00254e-16 3.63476e-05 0.000213339 0.00101414 0.0039045 0.0121759 0.0307552 0.0629289 0.10431 0.140082 0.152427 0.134427 0.0961727 0.0560171 0.0269793 0.0115291 0.00567608 0.00472756 0.00580466 0.00764173 0.00972526 0.0117559 0.0134696 0.0146295 0.0150691 0.0147306 0.013679 0.0120833 0.0101734 0.00818658 0.00632046 0.00470584 0.00340122 0.00240527 0.00167836 0.00116442
 1.00309e-16 3.35756e-05 0.00019706 0.000936729 0.00360645 0.0112464 0.0284075 0.0581258 0.0963509 0.129399 0.14082 0.124231 0.0889681 0.0520009 0.0253823 0.0114252 0.00647463 0.00621725 0.00799382 0.0106039 0.0135057 0.0163232 0.0186965 0.0202972 0.0208943 0.0204078 0.018929 0.0166941 0.0140241 0.0112499 0.00864746 0.00639936 0.00458711 0.00320859 0.00220804 0.00150651
 1.00782e-16 2.81378e-05 0.000165126 0.000784893 0.00302181 0.00942317 0.0238024 0.0487041 0.0807372 0.108442 0.118045 0.104215 0.0747991 0.0440532 0.0221263 0.011016 0.00771939 0.00866478 0.011629 0.0155549 0.019871 0.024086 0.0276885 0.0302018 0.0312836 0.0308059 0.028884 0.0258409 0.0221226 0.0181932 0.0144428 0.0111341 0.00839115 0.00622379 0.00456857 0.00333009
 1.0137e-16 2.86773e-05 0.000168297 0.000799978 0.00307991 0.00960436 0.02426 0.04964 0.0822874 0.11052 0.120296 0.106175 0.0761471 0.0447296 0.0222494 0.0107235 0.00707378 0.0076511 0.0101972 0.0136651 0.0175288 0.0213641 0.0247347 0.0272292 0.0285427 0.0285447 0.0273051 0.0250666 0.0221769 0.0190039 0.0158624 0.0129706 0.0104427 0.00830691 0.00653785 0.00508658
 1.01683e-16 2.74013e-05 0.000160804 0.000764349 0.00294272 0.00917654 0.0231794 0.0474292 0.0786235 0.105602 0.114951 0.101478 0.0728208 0.0428617 0.02148 0.0106181 0.00735046 0.00820114 0.0110137 0.0147745 0.0189508 0.0230924 0.0267294 0.0294183 0.0308317 0.0308318 0.0294976 0.0270947 0.0240006 0.0206129 0.0172693 0.0142008 0.0115245 0.00926452 0.00738769 0.0058375
 1.01495e-16 3.07563e-05 0.000180508 0.000858036 0.00330346 0.0103015 0.0260208 0.0532426 0.0882573 0.118532 0.129001 0.113822 0.081551 0.0477422 0.0234476 0.0108016 0.00647453 0.00653202 0.0085504 0.0114331 0.0146742 0.0179067 0.0207664 0.0229114 0.0240878 0.0241852 0.0232579 0.0215021 0.0192 0.0166499 0.0141062 0.0117444 0.0096554 0.00786152 0.00634338 0.00506467
 1.01527e-16 2.80517e-05 0.000164623 0.000782505 0.00301263 0.00939454 0.02373 0.0485559 0.0804908 0.108109 0.117677 0.103878 0.0745286 0.0438377 0.0219146 0.0107422 0.0073192 0.00808178 0.0108193 0.0144954 0.0185709 0.022597 0.0261081 0.0286675 0.0299557 0.0298427 0.0284155 0.0259463 0.0228177 0.0194305 0.0161226 0.0131232 0.0105441 0.0084023 0.00665562 0.00523828
 1.01911e-16 2.72129e-05 0.000159699 0.000759098 0.0029225 0.00911349 0.0230201 0.0471033 0.0780831 0.104876 0.114159 0.100776 0.0723117 0.0425506 0.0213033 0.0104973 0.00722644 0.00803922 0.0107969 0.0144988 0.0186245 0.0227379 0.026383 0.0291271 0.0306474 0.0308018 0.0296563 0.0274564 0.0245565 0.0213326 0.0181058 0.015099 0.012429 0.0101271 0.00817162 0.00651982
 1.01835e-16 2.92943e-05 0.000171922 0.000817215 0.00314628 0.00981135 0.0247828 0.0507096 0.0840594 0.112897 0.122876 0.108435 0.0777305 0.0455841 0.0225343 0.0106284 0.0067097 0.0070424 0.00932118 0.0124921 0.016049 0.0196041 0.0227638 0.0251569 0.026506 0.0266882 0.0257587 0.0239255 0.0214898 0.0187702 0.0160386 0.0134826 0.0112 0.00921632 0.00751374 0.00605751
 1.02009e-16 2.57043e-05 0.000150838 0.000716966 0.00276027 0.00860757 0.0217422 0.044489 0.0737509 0.0990621 0.107843 0.0952301 0.0683972 0.0403778 0.0204572 0.010479 0.00772039 0.00893645 0.0121064 0.0162616 0.0208607 0.0254188 0.0294212 0.0323808 0.0339384 0.033944 0.0324863 0.0298588 0.0264778 0.0227804 0.0191361 0.0157965 0.0128864 0.0104286 0.00838349 0.00668668
pSPR Fmed_Fpbrs
0.50116   0.410015 0.410015
Fs Fmed_Fpbrs
0.67551   1.005 1.005
SSBpbr Bo_Bmed_Bpbrs
868804  391969  312782 312782
Ro
34891.6
SPR SPRFo_SPRFmed_SPRFpbrs
717845 359755 294327
log_Ro
10.28
likeval ReclasPelacesDesembMPH_pf_preclas_ppelaces_ptallas_desvR_qrecl_qpela
 63.8291 14.6236 0.00881459 0.000202241 281.37 163.338 79.3856 0 16.0032 7.73033e-06 8.42539e-05 0 0 0 0
q_reclas_q_pelaces
0.674363 3.69099
M
0.7
N
 35998 11007.3 3580.81 422.771 0.229162
 43951.7 16152.4 2822.65 700.614 81.0834
 22692 19871.6 4352.13 592.16 160.893
 34306.2 9575.09 3413.84 484.209 81.0381
 60957.9 16453.6 3790.37 1231.64 202.489
 42381.1 30089.2 7856.41 1781.04 673.052
 75775.2 19885 10322.8 2316.72 715.29
 76390.4 36290.7 7798.71 3675.7 1071.65
 98807.1 35292.3 11257.1 1995.31 1196.8
 117222 45245.2 10331.7 2654.52 740.237
 67864 54848.7 15246.4 2970.59 964.255
 47104.4 30201.7 13331.6 2766.21 698.057
 45003.9 21266.3 8061.52 2760.05 703.381
 24615.1 19243.4 3983.43 1013.15 422.163
 14396.8 9082.43 1378.72 129.215 43.8027
 13154 5056.16 471.634 28.4135 3.32123
 10115.3 5628.63 951.539 59.6674 3.8951
 11315.3 4498.72 1362.3 171.61 11.2099
 12315.8 5209.97 1364.98 337.861 44.6509
 19724 5750.49 1731.6 384.916 106.522
 25971.9 9193.08 1889.18 480.372 134.576
 34002.5 12512.4 3747.04 710.225 229.757
 53772.2 16288.1 4913.86 1336.78 332.88
 56113.6 25585.6 6122.3 1648.02 555.104
pred_Ctot
 2510.86 3974.73 1644.35 196.92 0.106821
 2845.46 5501.55 1230.69 309.988 35.9034
 2475.57 9917.44 2634.92 362.457 98.5381
 845.036 1415.13 683.863 98.8429 16.5591
 263.049 456.082 147.032 48.8023 8.03245
 1686.65 6832.88 2364.25 545.264 206.242
 1941.92 3047.49 2141.05 489.599 151.315
 3842.28 10063.4 2823.28 1352.27 394.59
 5559.58 10737.4 4434.5 798.283 479.21
 4885.49 10693.7 3227.19 843.365 235.392
 5098.91 20970.5 7361.95 1454.21 472.381
 3094.47 10406.2 5872.72 1236.46 312.264
 4535.48 10060.1 4669.51 1617.32 412.416
 4627.31 13120.7 3067.28 785.11 327.253
 3092.15 6573.01 1106.82 104.285 35.3616
 1319.67 2384.41 272.48 16.6071 1.94239
 764.315 2161.28 461.192 29.3181 1.91527
 594.973 1294.46 510.121 65.2881 4.26833
 531.035 1267.93 438.111 110.283 14.5877
 874.378 1433.12 568.159 128.423 35.5715
 558.396 1198.36 335.395 86.9365 24.38
 866.482 1907.69 773.333 149.355 48.3642
 1621.48 2893.36 1173.28 325.056 81.0226
 1696.16 4554.79 1464.83 401.559 135.389
F
 0.101392 0.660887 0.931388 0.951893 0.952998
 0.0938007 0.611405 0.861652 0.880623 0.881644
 0.162846 1.06145 1.4959 1.52884 1.53061
 0.0347802 0.226701 0.31949 0.326524 0.326903
 0.00601636 0.0392154 0.0552662 0.0564829 0.0565485
 0.0567364 0.369815 0.52118 0.532654 0.533272
 0.0362081 0.236009 0.332607 0.33993 0.340324
 0.0721926 0.47056 0.663161 0.677761 0.678547
 0.0810732 0.528446 0.744738 0.761134 0.762017
 0.0594884 0.387753 0.54646 0.558491 0.559139
 0.109609 0.714444 1.00687 1.02903 1.03023
 0.0952414 0.620795 0.874886 0.894148 0.895185
 0.14958 0.974981 1.37404 1.40429 1.40592
 0.29702 1.93601 2.72842 2.78849 2.79173
 0.346402 2.25789 3.18205 3.25211 3.25588
 0.148859 0.970281 1.36742 1.39752 1.39914
 0.110261 0.718694 1.01286 1.03516 1.03636
 0.0755816 0.49265 0.694292 0.709577 0.710401
 0.0616017 0.401527 0.565872 0.578331 0.579002
 0.0633836 0.413142 0.582241 0.59506 0.59575
 0.0302979 0.197486 0.278316 0.284444 0.284774
 0.0360006 0.234657 0.330701 0.337982 0.338374
 0.0427265 0.278497 0.392485 0.401127 0.401592
 0.0428314 0.27918 0.393449 0.402111 0.402577
nmprior
 10 10 8 0
nm_flota  nm_reclas  nm_pelaces    nm_pelaL
inf 19.4891 14.5266 24.8083
cv_recla  cv_pelaces  cv_mph
0.739666 0.449979 0.461394
 ------------------------------------------------
Talla a la edad & desviación 
 7.2 14.2025 17.0495 18.207 18.6776
 1.08 2.13037 2.55742 2.73105 2.80164
