years
 1997 1998 1999 2000 2001 2002 2003 2004 2005 2006 2007 2008 2009 2010 2011 2012 2013 2014 2015 2016 2017 2018 2019 2020
reclasobs
 0 0 0 370054 412103 1.49427e+06 250295 1.28982e+06 931140 785840 897777 1.04006e+06 184774 17550 25797 100020 73551 82996 120727 218422 84188 347160 605670 569463
reclaspred
 3.80737e+06 453580 615771 165601 222555 288630 420131 429693 619550 1.16572e+06 1.37271e+06 860858 446498 198218 127582 116800 121395 148205 123425 179854 379976 373996 498137 307454
pelacesobs
 0 0 0 0 0 0 0 0 0 2.06254e+06 1.5e+06 0 1.87456e+06 323000 250000 174000 83755 137374 0 501740 490994 745055 786931 1.00524e+06
pelacespred
 1.61624e+06 651799 194081 123119 127608 118670 214372 237913 330976 669762 707861 457038 242987 84958.4 53138.3 55381.1 60069.6 73185.4 63523.2 89861 207747 219996 222662 162355
mphobs
 0 0 0 0 0 112323 0 153150 637223 0 255016 313432 73983 77613 109348 50772 0 0 0 0 0 0 0 0
mphpred
 2.71858e+06 1.16228e+06 481112 240655 114154 300607 269656 356667 483894 710551 1.38976e+06 948456 498019 265732 118356 101500 100573 120373 124185 110215 256401 362087 387802 352211
desembarqueobs
 350755 77701 442110 56441 14545 235359 269955 359681 431902 328805 639364 411747 362871 311530 167758 66681 60226 58785 57116 71774 51957 67425 138520 160799
desembarquepred
 350737 77681.8 441646 56417.5 14543.4 235090 269731 359133 431401 328566 638498 411204 362085 310778 167385 66624.7 60186.8 58734.3 57054.7 71703.2 51940.1 67380.3 138395 160636
Reclutas
 2323.31 3377.18 499.219 1922.68 54995.7 9836.36 43786.6 82817.6 93691.9 249544 49018.5 14986.3 52326.7 27291.5 19807.4 13815 11015.7 10149.6 5884.76 31008.7 37421 31392.3 29754.8 4690.2
log_desv_Rt
 -1.98925 -1.6152 -3.52695 -2.17852 1.17501 -0.546159 0.947084 1.5844 1.70777 2.68739 1.05995 -0.125106 1.12526 0.474329 0.153809 -0.206491 -0.43292 -0.514813 -1.05988 0.602022 0.789987 0.614318 0.560746 -1.28677
SSB
 2.71858e+06 1.16228e+06 481112 240655 114154 300607 269656 356667 483894 710551 1.38976e+06 948456 498019 265732 118356 101500 100573 120373 124185 110215 256401 362087 387802 352211
BT
 3.14816e+06 1.34031e+06 604876 293432 382386 404488 846586 1.01584e+06 1.29645e+06 2.19345e+06 1.96096e+06 1.2313e+06 916895 483421 276846 178677 189913 212498 176005 302923 559492 498243 543049 445763
Ftot
 0.0897705 0.166037 0.664543 0.326303 0.0638728 0.749189 0.606552 0.782249 0.655471 0.27271 0.441641 0.452626 0.751757 1.35302 1.17209 0.538946 0.47145 0.379186 0.439258 0.383089 0.133024 0.174722 0.267618 0.493124
BD_Bspro_t
 0.985761 0.890635 0.700084 0.383817 0.387908 0.67933 0.456524 0.477178 0.490446 0.529775 0.648123 0.479681 0.337584 0.246834 0.145554 0.149967 0.195037 0.28898 0.346985 0.382109 0.606744 0.731088 0.712933 0.620479
BD_Bspro
 7.78044 3.3264 1.37692 0.688741 0.326704 0.860321 0.771741 1.02076 1.38488 2.03356 3.97743 2.71443 1.4253 0.76051 0.338728 0.290487 0.287835 0.344502 0.355409 0.315429 0.733806 1.03627 1.10987 1.00801
BD_Bo
 2.4992 1.06849 0.442288 0.221235 0.104943 0.276349 0.247896 0.327885 0.444845 0.653213 1.27762 0.871919 0.457831 0.244288 0.108805 0.0933092 0.0924574 0.11066 0.114163 0.101321 0.23571 0.332868 0.356508 0.323789
BD_Brms
 12.1681 5.20228 2.15341 1.07715 0.510945 1.34549 1.20696 1.59641 2.16587 3.18036 6.22046 4.24521 2.22909 1.18939 0.52975 0.454304 0.450157 0.538781 0.555839 0.493311 1.14763 1.62067 1.73577 1.57647
S_f
 0.5 1 1 1 1
 0.5 1 1 1 1
 0.5 1 1 1 1
 0.5 1 1 1 1
 0.5 1 1 1 1
 0.5 1 1 1 1
 0.5 1 1 1 1
 0.5 1 1 1 1
 0.5 1 1 1 1
 0.5 1 1 1 1
 0.5 1 1 1 1
 0.5 1 1 1 1
 0.5 1 1 1 1
 0.5 1 1 1 1
 0.5 1 1 1 1
 0.5 1 1 1 1
 0.5 1 1 1 1
 0.5 1 1 1 1
 0.5 1 1 1 1
 0.5 1 1 1 1
 0.5 1 1 1 1
 0.5 1 1 1 1
 0.5 1 1 1 1
 0.5 1 1 1 1
Scru_reclas
 0.5 1 1 1 1
 0.5 1 1 1 1
 0.5 1 1 1 1
 0.5 1 1 1 1
 0.5 1 1 1 1
 0.5 1 1 1 1
 0.5 1 1 1 1
 0.5 1 1 1 1
 0.5 1 1 1 1
 0.5 1 1 1 1
 0.5 1 1 1 1
 0.5 1 1 1 1
 0.5 1 1 1 1
 0.5 1 1 1 1
 0.5 1 1 1 1
 0.5 1 1 1 1
 0.5 1 1 1 1
 0.5 1 1 1 1
 0.5 1 1 1 1
 0.5 1 1 1 1
 0.5 1 1 1 1
 0.5 1 1 1 1
 0.5 1 1 1 1
 0.5 1 1 1 1
Scru_pelaces
 0.5 1 1 1 1
 0.5 1 1 1 1
 0.5 1 1 1 1
 0.5 1 1 1 1
 0.5 1 1 1 1
 0.5 1 1 1 1
 0.5 1 1 1 1
 0.5 1 1 1 1
 0.5 1 1 1 1
 0.5 1 1 1 1
 0.5 1 1 1 1
 0.5 1 1 1 1
 0.5 1 1 1 1
 0.5 1 1 1 1
 0.5 1 1 1 1
 0.5 1 1 1 1
 0.5 1 1 1 1
 0.5 1 1 1 1
 0.5 1 1 1 1
 0.5 1 1 1 1
 0.5 1 1 1 1
 0.5 1 1 1 1
 0.5 1 1 1 1
 0.5 1 1 1 1
pf_obs 
 0.256992 0.487395 0.22802 0.0275931 0
 0.321318 0.546541 0.124235 0.00734118 0.000564706
 0.182869 0.594174 0.210203 0.0122559 0.00049798
 0.330522 0.361315 0.267642 0.0388342 0.00168674
 0.649043 0.306663 0.0425973 0.00169635 0
 0.582887 0.30429 0.105238 0.00758474 0
 0.465427 0.430635 0.0974691 0.00646863 0
 0.296916 0.608066 0.0921331 0.00288517 0
 0.311714 0.524322 0.152257 0.0117073 0
 0.15457 0.633149 0.183074 0.0267441 0.00246327
 0.131901 0.49318 0.331252 0.0422183 0.00144891
 0.196976 0.569456 0.194076 0.0375587 0.00193317
 0.518974 0.381816 0.0799577 0.0180837 0.00116848
 0.0928022 0.601141 0.25162 0.0475244 0.00691264
 0.122501 0.610282 0.24278 0.0234846 0.000952079
 0.383417 0.481906 0.127806 0.00687128 0
 0.0376549 0.599619 0.316969 0.0457579 0
 0.0361596 0.667082 0.258105 0.0386534 0
 0.158088 0.579412 0.248529 0.0139706 0
 0.0477256 0.309471 0.559284 0.082774 0.000745712
 0.0406174 0.521527 0.379366 0.0568643 0.0016247
 0.151134 0.462217 0.34131 0.0453401 0
 0.294876 0.26143 0.354403 0.0886775 0.000613685
 0.281977 0.475581 0.204845 0.0348837 0.00271318
pf_pred 
 0.010997 0.629556 0.316787 0.0426588 1.04287e-06
 0.0341731 0.0215373 0.601093 0.302465 0.0407311
 0.0126053 0.0681876 0.0204977 0.572079 0.326631
 0.148874 0.0257035 0.0570021 0.0171353 0.751285
 0.905183 0.0263272 0.00206835 0.00458692 0.0618343
 0.170285 0.78912 0.0112717 0.000885542 0.0284376
 0.714629 0.0969296 0.179222 0.00255998 0.00665973
 0.72071 0.239376 0.0135573 0.0250672 0.00128953
 0.625061 0.325193 0.0426363 0.00241474 0.00469451
 0.759841 0.192647 0.0412079 0.00540279 0.000900872
 0.178162 0.717057 0.0840524 0.0179791 0.00275031
 0.122269 0.289949 0.512842 0.0601147 0.0148257
 0.552608 0.107956 0.112129 0.198326 0.0289809
 0.425127 0.434602 0.0338476 0.035156 0.0712679
 0.55415 0.309689 0.102937 0.00801691 0.0252068
 0.524279 0.372035 0.0720206 0.0239387 0.00772642
 0.455198 0.392797 0.118875 0.0230125 0.0101178
 0.45529 0.358081 0.134557 0.0407221 0.0113492
 0.334836 0.433096 0.152557 0.0573267 0.0221844
 0.792615 0.110685 0.0629622 0.0221782 0.0115591
 0.575553 0.379973 0.0237368 0.0135024 0.00723506
 0.408907 0.436196 0.138666 0.00866244 0.00756789
 0.395139 0.358382 0.181889 0.0578223 0.00676786
 0.105182 0.523656 0.219914 0.111613 0.0396345
pobs_RECLAS
 0 0 0 0 0
 0 0 0 0 0
 0 0 0 0 0
 0 0 0 0 0
 0.835266 0.146461 0.0176864 0.000547809 3.91292e-05
 0.385257 0.428462 0.181853 0.0044286 0
 0.867414 0.0963971 0.0333333 0.00285562 0
 0.441836 0.489002 0.0689373 0.000224442 0
 0.779404 0.147425 0.0564933 0.0165055 0.000172143
 0.814271 0.122319 0.05973 0.00367925 0
 0.40263 0.566651 0.0304383 0.000280538 0
 0.475488 0.404961 0.113038 0.00651328 0
 0.955842 0.0263864 0.0167828 0.000988607 0
 0.975058 0.0227948 0.00214734 0 0
 0.738997 0.206755 0.0527124 0.00153531 0
 0.850938 0.134255 0.0134407 0.00136685 0
 0.542534 0.407297 0.0501686 0 0
 0.764087 0.199537 0.0359546 0.000420521 0
 0.470689 0.182191 0.310203 0.0369168 0
 0.84361 0.089868 0.0606195 0.00523954 0.000663233
 0.607945 0.314616 0.071237 0.00620181 0
 0.523733 0.453247 0.0230204 0 0
 0.530135 0.295979 0.169645 0.0042399 0
 0.562478 0.366248 0.0663022 0.0049721 0
ppred_RECLAS
 0.0110279 0.629536 0.316778 0.0426574 1.04284e-06
 0.0343598 0.0215331 0.600977 0.302407 0.0407232
 0.013015 0.0681593 0.0204892 0.571842 0.326495
 0.150485 0.0256549 0.0568942 0.0171028 0.749863
 0.905352 0.0262802 0.00206466 0.00457874 0.061724
 0.175774 0.7839 0.0111971 0.000879683 0.0282494
 0.720416 0.0949642 0.175588 0.00250807 0.0065247
 0.728848 0.232401 0.0131622 0.0243367 0.00125196
 0.632481 0.318758 0.0417926 0.00236696 0.00460162
 0.761687 0.191167 0.0408912 0.00536128 0.000893949
 0.180908 0.71466 0.0837716 0.017919 0.00274111
 0.12435 0.289262 0.511626 0.0599721 0.0147906
 0.562118 0.105661 0.109745 0.19411 0.0283649
 0.447775 0.41748 0.0325142 0.033771 0.0684602
 0.572352 0.297046 0.0987342 0.00768962 0.0241777
 0.530336 0.367299 0.0711037 0.0236339 0.00762805
 0.460241 0.38916 0.117775 0.0227995 0.0100242
 0.459089 0.355584 0.133619 0.0404382 0.0112701
 0.338972 0.430403 0.151608 0.0569703 0.0220465
 0.795153 0.109331 0.0621918 0.0219068 0.0114177
 0.576624 0.379014 0.0236768 0.0134683 0.0072168
 0.410354 0.435129 0.138327 0.00864124 0.00754937
 0.39751 0.356978 0.181176 0.0575956 0.00674133
 0.10723 0.522458 0.219411 0.111357 0.0395438
pobs_PELACES
 0 0 0 0 0
 0 0 0 0 0
 0 0 0 0 0
 0 0 0 0 0
 0 0 0 0 0
 0 0 0 0 0
 0 0 0 0 0
 0 0 0 0 0
 0 0 0 0 0
 0 0 0 0 0
 0.450072 0.473896 0.0757376 0.000293798 0
 0 0 0 0 0
 0.463077 0.371075 0.160297 0.00555027 0
 0.529543 0.364841 0.0842815 0.0213345 0
 0.631943 0.363953 0.00410389 0 0
 0.735681 0.248677 0.0153453 0.000297389 0
 0.695825 0.281241 0.0229344 0 0
 0.275771 0.60734 0.115278 0.00161068 0
 0 0 0 0 0
 0.896147 0.0623911 0.0374545 0.00400742 0
 0.803859 0.145111 0.0509908 3.86294e-05 0
 0.739449 0.233085 0.0266225 0.000797448 4.60066e-05
 0.878498 0.100942 0.0204185 0.000141795 0
 0.694673 0.275183 0.0284847 0.00165964 0
ppred_PELACES
 0.0111906 0.629433 0.316725 0.0426504 1.04267e-06
 0.0352804 0.0215126 0.600404 0.302118 0.0406844
 0.0145014 0.0680566 0.0204583 0.57098 0.326003
 0.157498 0.0254431 0.0564245 0.0169616 0.743673
 0.906252 0.0260305 0.00204504 0.00453524 0.0611376
 0.194406 0.766179 0.010944 0.000859797 0.0276108
 0.740122 0.0882705 0.163211 0.00233129 0.0060648
 0.753591 0.211194 0.0119611 0.022116 0.00113772
 0.657242 0.297282 0.0389769 0.00220749 0.00429159
 0.769758 0.184692 0.0395062 0.00517969 0.000863672
 0.191958 0.705019 0.0826414 0.0176773 0.00270414
 0.132713 0.286499 0.506739 0.0593993 0.0146493
 0.592378 0.0983596 0.102162 0.180696 0.0264047
 0.503396 0.375431 0.0292393 0.0303695 0.0615648
 0.618892 0.264719 0.0879891 0.00685277 0.0215465
 0.552411 0.350034 0.0677616 0.022523 0.00726951
 0.479616 0.375192 0.113547 0.0219811 0.00966436
 0.47466 0.345348 0.129773 0.0392741 0.0109456
 0.355396 0.419709 0.147841 0.0555547 0.0214987
 0.805257 0.103938 0.0591242 0.0208263 0.0108545
 0.581973 0.374225 0.0233777 0.0132982 0.00712562
 0.417347 0.429968 0.136686 0.00853875 0.00745983
 0.408131 0.350684 0.177982 0.0565802 0.00662248
 0.115271 0.517752 0.217435 0.110354 0.0391876
pobs_pel_tallas
 0 0 0 0 0 0 0 0 0 0 0 0 0 0 0 0 0 0 0 0 0 0 0 0 0 0 0 0 0 0 0 0 0 0 0 0
 0 0 0 0 0 0 0 0 0 0 0 0 0 0 0 0 0 0 0 0 0 0 0 0 0 0 0 0 0 0 0 0 0 0 0 0
 0 0 0 0 0 0 0 0 0 0 0 0 0 0 0 0 0 0 0 0 0 0 0 0 0 0 0 0 0 0 0 0 0 0 0 0
 0 0 0 0 0 0 0 0 0 0 0 0 0 0 0 0 0 0 0 0 0 0 0 0 0 0 0 0 0 0 0 0 0 0 0 0
 0 0 0 0 0 0 0 0 0 0 0 0 0 0 0 0 0 0 0 0 0 0 0 0 0 0 0 0 0 0 0 0 0 0 0 0
 0 0 0 0 0 0 0 0 0 0 0 0 0 0 0 0 0 0 0 0 0 0 0 0 0 0 0 0 0 0 0 0 0 0 0 0
 0 0 0 0 0 0 0 0 0 0 0 0 0 0 0 0 0 0 0 0 0 0 0 0 0 0 0 0 0 0 0 0 0 0 0 0
 0 0 0 0 0 0 0 0 0 0 0 0 0 0 0 0 0 0 0 0 0 0 0 0 0 0 0 0 0 0 0 0 0 0 0 0
 0 0 0 0 0 0 0 0 0 0 0 0 0 0 0 0 0 0 0 0 0 0 0 0 0 0 0 0 0 0 0 0 0 0 0 0
 0 0 0 0 0 0 0 0 0 0 0 0 0 0 0 0 0 0 0 0 0 0 0 0 0 0 0 0 0 0 0 0 0 0 0 0
 0 0 0 0 0 0 0 0 1.78061e-05 0.00172719 0.00360574 0.0105946 0.0120993 0.0124554 0.0147524 0.0171206 0.0266825 0.0428682 0.0675386 0.121331 0.153587 0.119568 0.100827 0.0573624 0.0630603 0.0341343 0.0324427 0.0444173 0.0211091 0.0280891 0.0125444 0.00206551 0 0 0 0
 0 0 0 0 0 0 0 0 0 0 0 0 0 0 0 0 0 0 0 0 0 0 0 0 0 0 0 0 0 0 0 0 0 0 0 0
 0 0 0 0 0 0 0.0133647 0.0140871 0.0187388 0.0205184 0.03894 0.0496705 0.03968 0.0493445 0.0407372 0.0367815 0.0215668 0.0243155 0.0234873 0.0199281 0.019796 0.0243948 0.0301388 0.0376714 0.0412746 0.0863199 0.0771752 0.113111 0.0741005 0.0525337 0.0229764 0.00759418 0.00175318 0 0 0
 0 0 0 0 0 0 0 0 0 0 0.00219441 0.00772107 0.0458388 0.0604681 0.0671733 0.0775358 0.0609151 0.0617685 0.073594 0.0568108 0.0755445 0.0548602 0.0670107 0.0636378 0.0643287 0.046367 0.0373049 0.0286899 0.0247887 0.0153202 0.00654259 0.00121912 0.000365735 0 0 0
 0 0 0 0 0 0 0 0 0 0 0 0 0.000112435 0.00938835 0.0111873 0.0202946 0.0414886 0.0713402 0.111592 0.104902 0.108894 0.110636 0.117776 0.105296 0.107544 0.0401394 0.0192827 0.0124803 0.00416011 0.0028671 0.000618394 0 0 0 0 0
 0 0 0 0 0 0 0 0 0 0 0.00291406 0.0102884 0.027416 0.0768956 0.0749926 0.110853 0.0956884 0.0897413 0.0766577 0.0534642 0.0500743 0.0551293 0.0594112 0.0620874 0.0668451 0.0424026 0.0208742 0.0120726 0.0048766 0.00582813 0.00118941 0.000297354 0 0 0 0
 0 0.00264628 0.0354308 0.0461629 0.0458689 0.0383711 0.0214643 0.0164657 0.0346957 0.0420465 0.0363128 0.0245516 0.0311673 0.0291091 0.0169068 0.0133784 0.00837989 0.0085269 0.0148486 0.0160247 0.0276389 0.0546898 0.0760071 0.122758 0.109233 0.0665981 0.0333725 0.0166128 0.00676272 0.00308733 0.000882094 0 0 0 0 0
 0 0 0 0 0 0 0 0.000805153 0.000690131 0.00759144 0.0133425 0.0154129 0.00931677 0.000345066 0.00356568 0.00563607 0.00851162 0.0253048 0.0502646 0.0516448 0.0657925 0.0565908 0.0611916 0.0827007 0.0866115 0.110766 0.145733 0.0935128 0.0569358 0.0249597 0.0138026 0.00621118 0.00161031 0.00115022 0 0
 0 0 0 0 0 0 0 0 0 0 0 0 0 0 0 0 0 0 0 0 0 0 0 0 0 0 0 0 0 0 0 0 0 0 0 0
 0.00147267 0.00158595 0.00478618 0.00569244 0.00954404 0.0108468 0.00647125 0.017049 0.0510054 0.094081 0.124002 0.0959785 0.0687766 0.0820023 0.061753 0.0591476 0.0492212 0.0479892 0.0443925 0.0268479 0.0217502 0.0140895 0.0121071 0.0120363 0.00920419 0.00665534 0.0049561 0.00860946 0.00930331 0.0156896 0.0114698 0.00855282 0.00243557 0.00046729 0 2.83206e-05
 0 0 0 0 0.000772559 0.00158375 0.000888443 0.00281984 0.00712685 0.0440552 0.0773331 0.111326 0.0921469 0.0852325 0.0710754 0.0886704 0.0786465 0.0553345 0.0373146 0.0185414 0.00753245 0.00457741 0.012979 0.0271748 0.0457355 0.0583668 0.034881 0.0177882 0.00938659 0.00492506 0.0015258 0.00185414 0.000309023 5.79419e-05 3.86279e-05 0
 0 0.00173294 0.00326652 0 0.00397197 0.00683976 0.00946217 0.0152591 0.00757587 0.0136028 0.0228656 0.0392903 0.0559909 0.0764795 0.0681675 0.0726916 0.0566044 0.0477403 0.0527397 0.0444891 0.0609904 0.0582453 0.0661739 0.0445044 0.0529084 0.0360697 0.0280645 0.0235558 0.0158879 0.00826598 0.00280645 0.00217768 0.000904811 0.00058276 9.20147e-05 0
 0 0 0 0 0 0 0 0 0 0 0 0 0 0 0 0 0 0 0 0 0 0 0 0 0 0 0 0 0 0 0 0 0 0 0 0
 0 0 0 0 0 0 0 0 0 0 0 0 0 0 0 0 0 0 0 0 0 0 0 0 0 0 0 0 0 0 0 0 0 0 0 0
ppred_pel_tallas
 1.06167e-16 5.26876e-07 2.99487e-06 1.40331e-05 5.36882e-05 0.000167112 0.000422813 0.000870329 0.00146247 0.00202401 0.00236066 0.0024586 0.00258171 0.00316727 0.00464712 0.00736138 0.011568 0.0174431 0.0250161 0.0340734 0.0440938 0.0542639 0.0635887 0.0710762 0.0759454 0.0777887 0.0766399 0.072923 0.0673121 0.060554 0.0533152 0.0460929 0.0392 0.0328008 0.0269697 0.0217404
 1.20812e-16 1.55298e-06 9.07418e-06 4.30571e-05 0.000165644 0.000516392 0.00130435 0.00266958 0.00442824 0.00595671 0.00650788 0.00580233 0.00429086 0.00278922 0.00190886 0.00184266 0.0025436 0.00397026 0.00618864 0.00934925 0.0136251 0.0191521 0.0259779 0.0340165 0.0430161 0.0525469 0.0620192 0.0707343 0.077966 0.0830606 0.0855352 0.0851552 0.0819724 0.0763137 0.0687274 0.0598932
 1.35165e-16 6.46346e-07 3.75328e-06 1.77649e-05 6.82708e-05 0.00021275 0.000537408 0.00110045 0.00182764 0.00246536 0.00271164 0.00246068 0.00191275 0.00142618 0.00128525 0.00161266 0.00244186 0.00381461 0.00581818 0.00857146 0.0121971 0.0167981 0.0224396 0.029132 0.0368124 0.0453224 0.0543887 0.0636103 0.0724664 0.0803499 0.0866304 0.0907384 0.0922548 0.0909827 0.0869889 0.0805985
 1.36141e-16 6.87983e-06 4.03535e-05 0.000191776 0.000738273 0.00230214 0.00581495 0.0118983 0.0197238 0.0264916 0.0288365 0.0254557 0.0182664 0.0107536 0.00540446 0.00272667 0.00202664 0.00250353 0.00372874 0.0056083 0.00821434 0.0116694 0.0160894 0.0215502 0.028059 0.0355263 0.0437423 0.0523649 0.0609271 0.0688682 0.0755902 0.0805308 0.0832428 0.0834618 0.0811479 0.0764964
 1.03051e-16 3.95304e-05 0.000232037 0.00110306 0.00424691 0.0132437 0.0334523 0.0684464 0.113452 0.152346 0.165738 0.146087 0.104343 0.06043 0.0284575 0.0110531 0.00381999 0.00161875 0.00132668 0.00163963 0.00214469 0.00272559 0.00333667 0.0039464 0.00453093 0.00507598 0.00557666 0.00603313 0.00644413 0.00680086 0.00708413 0.00726619 0.00731666 0.00721047 0.00693518 0.00649577
 1.01725e-16 8.52068e-06 4.99149e-05 0.000237073 0.000912408 0.00284497 0.00718698 0.0147112 0.0244069 0.0328426 0.0359101 0.0320816 0.0238512 0.0157067 0.0109589 0.0105027 0.0137153 0.0197091 0.0278065 0.0373912 0.0476584 0.0575351 0.0657914 0.0712765 0.0731846 0.0712551 0.0658398 0.0578055 0.0483156 0.0385583 0.0295128 0.0218111 0.015714 0.0111774 0.00796537 0.00576494
 1.0271e-16 3.22894e-05 0.00018952 0.000900905 0.00346856 0.0108164 0.0273213 0.0559024 0.0926624 0.124437 0.135396 0.11939 0.0853793 0.0496597 0.0237898 0.00995872 0.00462372 0.00363193 0.00446228 0.0060511 0.00802494 0.0102118 0.0124619 0.0146164 0.0165208 0.018046 0.0191024 0.0196432 0.0196598 0.0191734 0.018228 0.0168866 0.0152303 0.0133565 0.0113734 0.00939187
 1.01052e-16 3.28813e-05 0.000192984 0.000917353 0.00353185 0.0110137 0.0278199 0.0569234 0.0943579 0.126723 0.137908 0.121663 0.087131 0.0509316 0.0248689 0.0112093 0.00637544 0.00614541 0.00791804 0.0105212 0.0134281 0.0162745 0.0187108 0.0204178 0.0211692 0.0208838 0.0196448 0.0176736 0.015271 0.0127455 0.0103515 0.00825334 0.0065205 0.00514625 0.00407789 0.00324624
 1.00927e-16 2.86836e-05 0.000168332 0.000800135 0.0030805 0.0096062 0.0242647 0.0496499 0.0823044 0.110546 0.12033 0.106221 0.0762137 0.0448363 0.022427 0.0110133 0.00752559 0.00831673 0.0111206 0.0148682 0.0189965 0.0230325 0.0264879 0.0289084 0.0299675 0.0295428 0.0277441 0.0248785 0.0213699 0.0176586 0.0141144 0.0109848 0.0083858 0.0063249 0.00474068 0.0035424
 1.0084e-16 3.35853e-05 0.000197119 0.000937017 0.00360757 0.0112499 0.0284163 0.0581436 0.0963796 0.129436 0.140853 0.124245 0.0889449 0.051921 0.0252204 0.0111464 0.00603435 0.00556617 0.00708874 0.00942199 0.0120595 0.0146727 0.016952 0.0186118 0.0194431 0.0193601 0.0184179 0.016792 0.0147312 0.0124966 0.0103103 0.00832436 0.00661547 0.00519825 0.00404827 0.0031243
 1.02137e-16 8.41166e-06 4.928e-05 0.000234066 0.000900848 0.00280894 0.00709589 0.0145244 0.0240957 0.03242 0.035438 0.031636 0.0234688 0.0153564 0.0105538 0.00992927 0.0128565 0.0184578 0.0260806 0.0351556 0.0449523 0.054492 0.0626433 0.0683342 0.0707936 0.0697359 0.065426 0.0585969 0.0502578 0.0414554 0.0330665 0.0256761 0.0195554 0.0147171 0.0110107 0.00821648
 1.10013e-16 5.81236e-06 3.40558e-05 0.000161768 0.000622618 0.00194138 0.00490404 0.0100368 0.0166465 0.0223846 0.024435 0.0217349 0.0159558 0.0101185 0.0064321 0.00545994 0.00675487 0.00974572 0.0140949 0.0196197 0.0261199 0.0332809 0.0406688 0.0477821 0.0541282 0.0592929 0.0629852 0.0650461 0.065433 0.0641928 0.0614403 0.0573507 0.0521606 0.0461659 0.0397097 0.033154
 1.08926e-16 2.5847e-05 0.000151697 0.000721094 0.00277624 0.00865743 0.0218679 0.0447445 0.0741685 0.0996046 0.108385 0.0955936 0.0684076 0.0398816 0.0192827 0.00838359 0.00437331 0.00395393 0.0051318 0.00707425 0.00949265 0.0122501 0.0152194 0.0182589 0.021226 0.0239916 0.0264477 0.0285033 0.0300767 0.0310884 0.0314629 0.0311411 0.0300978 0.0283587 0.0260094 0.02319
 1.04458e-16 2.19782e-05 0.000128958 0.000612934 0.0023597 0.00735841 0.018587 0.0380336 0.0630528 0.0847018 0.0922346 0.0815057 0.0586677 0.0348909 0.0181515 0.0100709 0.00836622 0.0102944 0.0141296 0.0190021 0.0243583 0.0296502 0.0342838 0.0377013 0.039502 0.0395353 0.0379323 0.0350594 0.0314155 0.0275069 0.0237416 0.0203719 0.0174904 0.0150677 0.0130083 0.0112042
 1.02578e-16 2.70101e-05 0.00015851 0.000753447 0.00290075 0.00904566 0.0228488 0.0467526 0.0775014 0.104094 0.113305 0.100016 0.0717524 0.0421941 0.0210744 0.0103027 0.00699076 0.00771228 0.0103482 0.0139152 0.0179134 0.0219317 0.0255408 0.0283311 0.0299929 0.030383 0.0295508 0.0277122 0.0251845 0.0223062 0.0193671 0.0165689 0.0140193 0.0117514 0.00975392 0.00799977
 1.0219e-16 2.41147e-05 0.000141503 0.000672578 0.00258936 0.00807457 0.020396 0.0417347 0.0691866 0.0929361 0.101187 0.089382 0.0642619 0.0380674 0.0195283 0.0103973 0.00814325 0.00973805 0.013287 0.01786 0.0229015 0.0278864 0.0322488 0.0354534 0.0371074 0.0370499 0.0353846 0.0324413 0.0286847 0.0246003 0.0205974 0.0169517 0.0137971 0.0111529 0.00896852 0.0071667
 1.02941e-16 2.09416e-05 0.000122872 0.000583996 0.00224828 0.00701094 0.0177094 0.0362379 0.0600765 0.0807059 0.0878893 0.07768 0.0559448 0.0333342 0.0174581 0.00987501 0.0084255 0.0105113 0.0144994 0.0195644 0.0251703 0.030772 0.0357666 0.0395743 0.0417586 0.0421226 0.0407452 0.037944 0.0341822 0.0299526 0.0256775 0.0216511 0.0180301 0.014861 0.0121232 0.00976996
 1.03816e-16 2.07243e-05 0.000121599 0.000577951 0.00222502 0.00693839 0.0175261 0.0358626 0.0594537 0.0798672 0.0869706 0.0768553 0.0553234 0.0329091 0.017136 0.00953822 0.00797182 0.00986371 0.013605 0.0183985 0.023746 0.0291513 0.0340632 0.0379465 0.0403898 0.0411929 0.0404006 0.0382711 0.0351942 0.0315889 0.0278174 0.0241352 0.0206856 0.0175242 0.0146565 0.0120715
 1.05149e-16 1.55269e-05 9.10784e-05 0.000432838 0.00166627 0.00519594 0.0131249 0.0268581 0.0445309 0.0598358 0.0651978 0.0577103 0.04175 0.0252527 0.0139163 0.00896689 0.0088769 0.0117786 0.0164822 0.022338 0.0288399 0.0354099 0.0413854 0.0461202 0.0491188 0.0501416 0.0492464 0.0467479 0.0431175 0.0388592 0.0344042 0.0300519 0.0259648 0.0221997 0.0187557 0.0156158
 1.02097e-16 3.51299e-05 0.000206195 0.000980181 0.00377379 0.0117682 0.0297256 0.0608218 0.100817 0.135387 0.147309 0.129892 0.0928823 0.0540085 0.0258415 0.0107555 0.00488421 0.00369169 0.00441168 0.00585879 0.00759729 0.00941528 0.011138 0.0126016 0.013675 0.0142834 0.0144194 0.0141345 0.0135176 0.0126683 0.0116743 0.0106 0.00948668 0.0083596 0.00723813 0.00614268
 1.01244e-16 2.54046e-05 0.000149074 0.000708567 0.00272791 0.00850666 0.0214874 0.043968 0.0728889 0.0979092 0.106601 0.094164 0.0676983 0.0400991 0.0205617 0.0109294 0.00852985 0.0101642 0.0138239 0.0185124 0.0236265 0.0285953 0.0328103 0.0357057 0.0368802 0.0361936 0.0337999 0.030102 0.0256468 0.0209967 0.0166177 0.0128142 0.00971798 0.00731987 0.0055229 0.00419519
 1.02723e-16 1.82287e-05 0.000106939 0.00050824 0.00195658 0.00610127 0.0154117 0.0315371 0.0522866 0.0702506 0.0765288 0.0676995 0.0488883 0.0293934 0.0158775 0.00974461 0.0091635 0.0119077 0.0165615 0.0223671 0.0287658 0.0351439 0.0408089 0.0450934 0.0474949 0.0477867 0.0460614 0.0426879 0.0382058 0.0331913 0.0281418 0.0234079 0.0191808 0.0155217 0.0124099 0.00978874
 1.04895e-16 1.78237e-05 0.000104569 0.000496986 0.00191328 0.00596625 0.0150706 0.0308385 0.0511265 0.0686865 0.0748105 0.0661451 0.0476915 0.0285259 0.0151429 0.00889279 0.00796602 0.01018 0.0141687 0.0192425 0.0249415 0.0307794 0.0362016 0.0406587 0.0437149 0.0451357 0.0449252 0.0432964 0.040596 0.0372078 0.033471 0.0296362 0.0258597 0.0222272 0.0187866 0.0155751
 1.08879e-16 5.06033e-06 2.96216e-05 0.000140645 0.000541217 0.00168748 0.00426299 0.00872674 0.0144811 0.0194949 0.0213388 0.0191185 0.0143325 0.00967166 0.00714256 0.00733253 0.0099404 0.0145127 0.0207146 0.0282283 0.0365925 0.0451453 0.0530869 0.0596225 0.0641278 0.0662777 0.0660971 0.0639135 0.0602407 0.055633 0.0505651 0.045368 0.0402277 0.035226 0.0303979 0.0257759
pSPR Fmed_Fpbrs
0.50865   0.255389 0.255389
Fs Fmed_Fpbrs
0.390227   1.005 1.005
SSBpbr Bo_Bmed_Bpbrs
1.08778e+06  498910  223418 223418
Ro
16983.5
SPR SPRFo_SPRFmed_SPRFpbrs
349413 177729 89236.2
log_Ro
9.56
likeval ReclasPelacesDesembMPH_pf_preclas_ppelaces_ptallas_desvR_qrecl_qpela
 101.661 122.812 0.165147 0.000574862 411.556 192.882 95.3559 0 64.6982 0 0 0 0 0 0
q_reclas_q_pelaces
1 1
M
0.7
N
 2323.31 67819.1 34126 4595.42 0.112344
 3377.18 1103.08 30786.4 15491.5 2086.14
 499.219 1543.45 463.973 12949.2 7393.41
 1922.68 177.82 394.348 118.544 5197.49
 54995.7 811.045 63.7183 141.306 1904.89
 9836.36 26451.6 377.832 29.6837 953.239
 43786.6 3358.49 6209.8 88.7001 230.751
 82817.6 16055.5 909.317 1681.32 86.4921
 93691.9 27813.3 3646.63 206.53 401.516
 249544 33524.5 7171 940.195 156.77
 49018.5 108124 12674.2 2711.05 414.715
 14986.3 19518.8 34523.5 4046.79 998.039
 52326.7 5934.75 6164.15 10902.7 1593.19
 27291.5 17843.3 1389.67 1443.39 2926.02
 19807.4 6889.95 2290.13 178.359 560.799
 13815 5473.99 1059.69 352.225 113.684
 11015.7 5239.79 1585.76 306.98 134.969
 10149.6 4321.49 1623.9 491.454 136.967
 5884.76 4169.68 1468.75 551.919 213.583
 31008.7 2346.06 1334.53 470.084 245.004
 37421 12714.2 794.254 451.803 242.092
 31392.3 17386.9 5527.29 345.288 301.659
 29754.8 14284.9 7249.97 2304.76 269.762
 4690.2 12925.2 5428.07 2754.89 978.284
pred_Ctot
 73.5285 4209.37 2118.12 285.228 0.00697293
 194.418 122.53 3419.75 1720.79 231.728
 103.453 559.623 168.227 4695.11 2680.69
 210.119 36.2776 80.452 24.1845 1060.35
 1245.45 36.224 2.84587 6.31121 85.0787
 2258.13 10464.5 149.473 11.7431 377.108
 8382.72 1137 2102.3 30.029 78.1198
 19716.8 6548.72 370.892 685.775 35.2784
 19186.8 9982.1 1308.76 74.1228 144.102
 23056.4 5845.62 1250.4 163.941 27.3357
 7074.28 28472.2 3337.48 713.898 109.207
 2211.45 5244.25 9275.66 1087.28 268.15
 12047.4 2353.56 2444.53 4323.72 631.815
 10026.7 10250.2 798.303 829.16 1680.87
 6531.66 3650.25 1213.29 94.4937 297.107
 2383.55 1691.4 327.429 108.833 35.1269
 1686.39 1455.21 440.403 85.2555 37.4841
 1274.46 1002.35 376.655 113.99 31.7689
 845.124 1093.13 385.052 144.692 55.9934
 3930.48 548.874 312.222 109.979 57.32
 1738.4 1147.67 71.6947 40.7828 21.8528
 1898.14 2024.82 643.688 40.2109 35.13
 2700.8 2449.57 1243.22 395.219 46.2588
 747.597 3721.96 1563.07 793.301 281.707
F
 0.0448852 0.0897705 0.0897705 0.0897705 0.0897705
 0.0830185 0.166037 0.166037 0.166037 0.166037
 0.332272 0.664543 0.664543 0.664543 0.664543
 0.163151 0.326303 0.326303 0.326303 0.326303
 0.0319364 0.0638728 0.0638728 0.0638728 0.0638728
 0.374595 0.749189 0.749189 0.749189 0.749189
 0.303276 0.606552 0.606552 0.606552 0.606552
 0.391125 0.782249 0.782249 0.782249 0.782249
 0.327735 0.655471 0.655471 0.655471 0.655471
 0.136355 0.27271 0.27271 0.27271 0.27271
 0.220821 0.441641 0.441641 0.441641 0.441641
 0.226313 0.452626 0.452626 0.452626 0.452626
 0.375879 0.751757 0.751757 0.751757 0.751757
 0.676511 1.35302 1.35302 1.35302 1.35302
 0.586046 1.17209 1.17209 1.17209 1.17209
 0.269473 0.538946 0.538946 0.538946 0.538946
 0.235725 0.47145 0.47145 0.47145 0.47145
 0.189593 0.379186 0.379186 0.379186 0.379186
 0.219629 0.439258 0.439258 0.439258 0.439258
 0.191544 0.383089 0.383089 0.383089 0.383089
 0.0665122 0.133024 0.133024 0.133024 0.133024
 0.0873611 0.174722 0.174722 0.174722 0.174722
 0.133809 0.267618 0.267618 0.267618 0.267618
 0.246562 0.493124 0.493124 0.493124 0.493124
nmprior
 10 10 8 0
nm_flota  nm_reclas  nm_pelaces    nm_pelaL
inf 8.93113 7.89192 11.9294
cv_recla  cv_pelaces  cv_mph
0.933479 1.30402 0.777893
 ------------------------------------------------
Talla a la edad & desviación 
 7.2 14.2025 17.0495 18.207 18.6776
 1.08 2.13037 2.55742 2.73105 2.80164
