years
 1997 1998 1999 2000 2001 2002 2003 2004 2005 2006 2007 2008 2009 2010 2011 2012 2013 2014 2015 2016 2017 2018 2019 2020
reclasobs
 0 0 0 370054 412103 1.49427e+06 250295 1.28982e+06 931140 785840 897777 1.04006e+06 184774 17550 25797 100020 73551 82996 120727 218422 84188 347160 605670 569463
reclaspred
 1.46992e+06 268735 424959 116583 208099 307096 617591 328787 1.14203e+06 1.63598e+06 1.25281e+06 603475 425146 277085 175125 132046 127709 156870 143803 196214 405007 439503 588179 377794
pelacesobs
 0 0 0 0 0 0 0 0 0 2.06254e+06 1.5e+06 0 1.87456e+06 323000 250000 174000 83755 137374 0 501740 490994 745055 786931 1.00524e+06
pelacespred
 926921 305876 114716 78869.9 117051 125248 319267 178823 687568 982878 651055 315476 232295 127993 77205.2 65422.7 65084.1 77907.1 74772.2 97615.1 228303 257674 266881 208185
mphobs
 0 0 0 0 0 112323 0 153150 637223 0 255016 313432 73983 77613 109348 50772 0 0 0 0 0 0 0 0
mphpred
 1.08349e+06 571959 325808 159768 103796 291420 360218 452998 483441 1.50583e+06 1.40913e+06 723899 365230 335853 177411 123660 106004 128093 133689 136048 259215 417458 460380 415075
desembarqueobs
 350755 77701 442110 56441 14545 235359 269955 359681 431902 328805 639364 411747 362871 311530 167758 66681 60226 58785 57116 71774 51957 67425 138520 160799
desembarquepred
 350707 77654.9 441209 56332.2 14533.9 235492 270276 359739 432541 328970 637978 411071 362462 311670 167225 66407.4 60290.1 58927.2 57207.1 71775 51894 67490.2 138928 160878
Reclutas
 57122.8 25960 2455.79 5033.53 51191.8 24125.6 60244.4 27322.4 283370 126969 10037.1 16343.6 95258.8 28938.1 14167.4 11219.3 12352.6 10201.5 10188.5 25525.2 48415.9 35951.7 29114.3 11714.8
log_desv_Rt
 0.852959 0.0643133 -2.2938 -1.57612 0.743336 -0.00897005 0.906164 0.115461 2.45451 1.6517 -0.885959 -0.398409 1.36435 0.172915 -0.541302 -0.774605 -0.67838 -0.869706 -0.870988 0.0474208 0.687584 0.389932 0.178986 -0.731394
SSB
 1.08349e+06 571959 325808 159768 103796 291420 360218 452998 483441 1.50583e+06 1.40913e+06 723899 365230 335853 177411 123660 106004 128093 133689 136048 259215 417458 460380 415075
BT
 2.8136e+06 709376 454315 217987 353224 427618 1.14002e+06 778895 2.6841e+06 2.4319e+06 1.76213e+06 994963 989129 563400 312290 193922 204368 221574 205676 302494 640663 571876 622493 544062
Ftot
 0.23068 0.27816 0.932542 0.45817 0.0682527 0.710513 0.41894 0.987542 0.365846 0.194825 0.481029 0.634482 0.795089 1.01067 0.872406 0.476907 0.449851 0.359874 0.380283 0.351511 0.124788 0.149166 0.228132 0.405433
BD_Bspro_t
 0.967104 0.802735 0.601832 0.273817 0.302846 0.618249 0.501493 0.498186 0.501554 0.697722 0.648303 0.419073 0.28545 0.310926 0.204707 0.171575 0.194023 0.300179 0.367271 0.4319 0.610921 0.760607 0.746647 0.6606
BD_Bspro
 2.16342 1.14204 0.650544 0.31901 0.20725 0.581881 0.719251 0.904507 0.965292 3.0067 2.81363 1.44542 0.729259 0.670601 0.354239 0.246914 0.21166 0.255764 0.266938 0.271649 0.517577 0.833544 0.919246 0.828785
BD_Bo
 1.13386 0.59855 0.340954 0.167195 0.108621 0.304968 0.376964 0.474058 0.505916 1.57583 1.47464 0.757553 0.382209 0.351466 0.185659 0.129409 0.110932 0.134048 0.139904 0.142373 0.271265 0.436866 0.481783 0.434372
BD_Brms
 5.52056 2.91422 1.66004 0.814041 0.528854 1.48483 1.83537 2.3081 2.46321 7.67242 7.17974 3.68838 1.8609 1.71122 0.903938 0.630067 0.540108 0.652652 0.681166 0.693185 1.32074 2.12701 2.34571 2.11487
S_f
 0.5 1 1 1 1
 0.5 1 1 1 1
 0.5 1 1 1 1
 0.5 1 1 1 1
 0.5 1 1 1 1
 0.5 1 1 1 1
 0.5 1 1 1 1
 0.5 1 1 1 1
 0.5 1 1 1 1
 0.5 1 1 1 1
 0.5 1 1 1 1
 0.5 1 1 1 1
 0.5 1 1 1 1
 0.5 1 1 1 1
 0.5 1 1 1 1
 0.5 1 1 1 1
 0.5 1 1 1 1
 0.5 1 1 1 1
 0.5 1 1 1 1
 0.5 1 1 1 1
 0.5 1 1 1 1
 0.5 1 1 1 1
 0.5 1 1 1 1
 0.5 1 1 1 1
Scru_reclas
 0.5 1 1 1 1
 0.5 1 1 1 1
 0.5 1 1 1 1
 0.5 1 1 1 1
 0.5 1 1 1 1
 0.5 1 1 1 1
 0.5 1 1 1 1
 0.5 1 1 1 1
 0.5 1 1 1 1
 0.5 1 1 1 1
 0.5 1 1 1 1
 0.5 1 1 1 1
 0.5 1 1 1 1
 0.5 1 1 1 1
 0.5 1 1 1 1
 0.5 1 1 1 1
 0.5 1 1 1 1
 0.5 1 1 1 1
 0.5 1 1 1 1
 0.5 1 1 1 1
 0.5 1 1 1 1
 0.5 1 1 1 1
 0.5 1 1 1 1
 0.5 1 1 1 1
Scru_pelaces
 0.5 1 1 1 1
 0.5 1 1 1 1
 0.5 1 1 1 1
 0.5 1 1 1 1
 0.5 1 1 1 1
 0.5 1 1 1 1
 0.5 1 1 1 1
 0.5 1 1 1 1
 0.5 1 1 1 1
 0.5 1 1 1 1
 0.5 1 1 1 1
 0.5 1 1 1 1
 0.5 1 1 1 1
 0.5 1 1 1 1
 0.5 1 1 1 1
 0.5 1 1 1 1
 0.5 1 1 1 1
 0.5 1 1 1 1
 0.5 1 1 1 1
 0.5 1 1 1 1
 0.5 1 1 1 1
 0.5 1 1 1 1
 0.5 1 1 1 1
 0.5 1 1 1 1
pf_obs 
 0.256992 0.487395 0.22802 0.0275931 0
 0.321318 0.546541 0.124235 0.00734118 0.000564706
 0.182869 0.594174 0.210203 0.0122559 0.00049798
 0.330522 0.361315 0.267642 0.0388342 0.00168674
 0.649043 0.306663 0.0425973 0.00169635 0
 0.582887 0.30429 0.105238 0.00758474 0
 0.465427 0.430635 0.0974691 0.00646863 0
 0.296916 0.608066 0.0921331 0.00288517 0
 0.311714 0.524322 0.152257 0.0117073 0
 0.15457 0.633149 0.183074 0.0267441 0.00246327
 0.131901 0.49318 0.331252 0.0422183 0.00144891
 0.196976 0.569456 0.194076 0.0375587 0.00193317
 0.518974 0.381816 0.0799577 0.0180837 0.00116848
 0.0928022 0.601141 0.25162 0.0475244 0.00691264
 0.122501 0.610282 0.24278 0.0234846 0.000952079
 0.383417 0.481906 0.127806 0.00687128 0
 0.0376549 0.599619 0.316969 0.0457579 0
 0.0361596 0.667082 0.258105 0.0386534 0
 0.158088 0.579412 0.248529 0.0139706 0
 0.0477256 0.309471 0.559284 0.082774 0.000745712
 0.0406174 0.521527 0.379366 0.0568643 0.0016247
 0.151134 0.462217 0.34131 0.0453401 0
 0.294876 0.26143 0.354403 0.0886775 0.000613685
 0.281977 0.475581 0.204845 0.0348837 0.00271318
pf_pred 
 0.510712 0.246315 0.122316 0.0607405 0.0599165
 0.27333 0.501688 0.113259 0.0562429 0.0554799
 0.0555974 0.424035 0.359258 0.0811048 0.0800045
 0.328874 0.0909127 0.260515 0.220718 0.0989809
 0.873532 0.0668334 0.00807822 0.0231485 0.0284074
 0.345723 0.610895 0.0229256 0.00277105 0.0176851
 0.689264 0.1761 0.125709 0.00471761 0.00420944
 0.362006 0.531886 0.0601336 0.0429266 0.00304836
 0.918015 0.0496849 0.0269279 0.00304439 0.00232758
 0.351948 0.623032 0.0151629 0.00821792 0.00163943
 0.0492445 0.508163 0.425505 0.0103557 0.00673216
 0.201696 0.0850812 0.381205 0.319198 0.0128187
 0.781389 0.0828647 0.0144675 0.0648215 0.0564573
 0.332259 0.60158 0.0250785 0.00437851 0.0367043
 0.358237 0.369769 0.245044 0.0102153 0.0167344
 0.44661 0.328106 0.129803 0.0860198 0.0094604
 0.500992 0.324309 0.10358 0.0409775 0.0301421
 0.43876 0.390665 0.110858 0.0354064 0.0243106
 0.452686 0.347228 0.139274 0.0395214 0.0212895
 0.680647 0.207195 0.0711553 0.0285406 0.0124616
 0.658744 0.281589 0.0387118 0.0132945 0.00766074
 0.396689 0.482633 0.0995782 0.0136896 0.00741037
 0.347926 0.37715 0.219932 0.045377 0.0096151
 0.208341 0.421559 0.21406 0.124828 0.031212
pobs_RECLAS
 0 0 0 0 0
 0 0 0 0 0
 0 0 0 0 0
 0 0 0 0 0
 0.835266 0.146461 0.0176864 0.000547809 3.91292e-05
 0.385257 0.428462 0.181853 0.0044286 0
 0.867414 0.0963971 0.0333333 0.00285562 0
 0.441836 0.489002 0.0689373 0.000224442 0
 0.779404 0.147425 0.0564933 0.0165055 0.000172143
 0.814271 0.122319 0.05973 0.00367925 0
 0.40263 0.566651 0.0304383 0.000280538 0
 0.475488 0.404961 0.113038 0.00651328 0
 0.955842 0.0263864 0.0167828 0.000988607 0
 0.975058 0.0227948 0.00214734 0 0
 0.738997 0.206755 0.0527124 0.00153531 0
 0.850938 0.134255 0.0134407 0.00136685 0
 0.542534 0.407297 0.0501686 0 0
 0.764087 0.199537 0.0359546 0.000420521 0
 0.470689 0.182191 0.310203 0.0369168 0
 0.84361 0.089868 0.0606195 0.00523954 0.000663233
 0.607945 0.314616 0.071237 0.00620181 0
 0.523733 0.453247 0.0230204 0 0
 0.530135 0.295979 0.169645 0.0042399 0
 0.562478 0.366248 0.0663022 0.0049721 0
ppred_RECLAS
 0.512782 0.245272 0.121799 0.0604835 0.0596629
 0.275398 0.50026 0.112937 0.0560828 0.055322
 0.0584267 0.422765 0.358182 0.0808618 0.0797649
 0.333207 0.0903257 0.258833 0.219293 0.0983418
 0.873766 0.0667099 0.0080633 0.0231058 0.028355
 0.353817 0.603338 0.022642 0.00273677 0.0174663
 0.692979 0.173994 0.124206 0.00466121 0.00415911
 0.375335 0.520773 0.0588772 0.0420297 0.00298467
 0.919109 0.049022 0.0265687 0.00300378 0.00229653
 0.353497 0.621542 0.0151267 0.00819827 0.00163551
 0.0502308 0.507636 0.425064 0.0103449 0.00672517
 0.206632 0.0845551 0.378848 0.317225 0.0127394
 0.788439 0.0801923 0.0140009 0.062731 0.0546366
 0.345537 0.589617 0.0245798 0.00429144 0.0359744
 0.369289 0.363401 0.240824 0.0100394 0.0164463
 0.451715 0.32508 0.128606 0.0852263 0.00937314
 0.505767 0.321206 0.102589 0.0405854 0.0298537
 0.442289 0.388209 0.110161 0.0351838 0.0241578
 0.456495 0.344812 0.138305 0.0392464 0.0211413
 0.683661 0.20524 0.0704839 0.0282713 0.012344
 0.659661 0.280832 0.0386077 0.0132587 0.00764014
 0.397884 0.481677 0.099381 0.0136625 0.00739569
 0.349783 0.376076 0.219306 0.0452478 0.00958771
 0.211106 0.420087 0.213313 0.124392 0.031103
pobs_PELACES
 0 0 0 0 0
 0 0 0 0 0
 0 0 0 0 0
 0 0 0 0 0
 0 0 0 0 0
 0 0 0 0 0
 0 0 0 0 0
 0 0 0 0 0
 0 0 0 0 0
 0 0 0 0 0
 0.450072 0.473896 0.0757376 0.000293798 0
 0 0 0 0 0
 0.463077 0.371075 0.160297 0.00555027 0
 0.529543 0.364841 0.0842815 0.0213345 0
 0.631943 0.363953 0.00410389 0 0
 0.735681 0.248677 0.0153453 0.000297389 0
 0.695825 0.281241 0.0229344 0 0
 0.275771 0.60734 0.115278 0.00161068 0
 0 0 0 0 0
 0.896147 0.0623911 0.0374545 0.00400742 0
 0.803859 0.145111 0.0509908 3.86294e-05 0
 0.739449 0.233085 0.0266225 0.000797448 4.60066e-05
 0.878498 0.100942 0.0204185 0.000141795 0
 0.694673 0.275183 0.0284847 0.00165964 0
ppred_PELACES
 0.522286 0.240488 0.119423 0.0593037 0.0584992
 0.28465 0.493873 0.111495 0.0553667 0.0546156
 0.0674894 0.418695 0.354734 0.0800835 0.0789971
 0.35021 0.0880225 0.252233 0.213701 0.0958342
 0.875003 0.0660562 0.00798429 0.0228794 0.0280771
 0.381056 0.577905 0.0216876 0.0026214 0.01673
 0.707487 0.165772 0.118337 0.00444095 0.00396258
 0.414243 0.488336 0.0552099 0.0394118 0.00279877
 0.923485 0.0463701 0.0251314 0.00284129 0.0021723
 0.360878 0.614446 0.014954 0.00810467 0.00161684
 0.0541553 0.505538 0.423307 0.0103022 0.00669739
 0.224322 0.0826698 0.370401 0.310152 0.0124554
 0.809495 0.0722111 0.0126075 0.0564876 0.0491988
 0.384154 0.554827 0.0231295 0.00403822 0.0338518
 0.403399 0.343748 0.2278 0.00949647 0.0155568
 0.471268 0.313487 0.124019 0.082187 0.00903887
 0.524304 0.309158 0.0987409 0.0390631 0.028734
 0.456982 0.377981 0.107258 0.0342569 0.0235213
 0.4721 0.334912 0.134334 0.0381195 0.0205343
 0.696068 0.19719 0.0677193 0.0271624 0.0118598
 0.664269 0.27703 0.038085 0.0130792 0.00753671
 0.403795 0.476948 0.0984054 0.0135284 0.00732309
 0.358392 0.371097 0.216402 0.0446487 0.00946077
 0.222462 0.41404 0.210242 0.122601 0.0306553
pobs_pel_tallas
 0 0 0 0 0 0 0 0 0 0 0 0 0 0 0 0 0 0 0 0 0 0 0 0 0 0 0 0 0 0 0 0 0 0 0 0
 0 0 0 0 0 0 0 0 0 0 0 0 0 0 0 0 0 0 0 0 0 0 0 0 0 0 0 0 0 0 0 0 0 0 0 0
 0 0 0 0 0 0 0 0 0 0 0 0 0 0 0 0 0 0 0 0 0 0 0 0 0 0 0 0 0 0 0 0 0 0 0 0
 0 0 0 0 0 0 0 0 0 0 0 0 0 0 0 0 0 0 0 0 0 0 0 0 0 0 0 0 0 0 0 0 0 0 0 0
 0 0 0 0 0 0 0 0 0 0 0 0 0 0 0 0 0 0 0 0 0 0 0 0 0 0 0 0 0 0 0 0 0 0 0 0
 0 0 0 0 0 0 0 0 0 0 0 0 0 0 0 0 0 0 0 0 0 0 0 0 0 0 0 0 0 0 0 0 0 0 0 0
 0 0 0 0 0 0 0 0 0 0 0 0 0 0 0 0 0 0 0 0 0 0 0 0 0 0 0 0 0 0 0 0 0 0 0 0
 0 0 0 0 0 0 0 0 0 0 0 0 0 0 0 0 0 0 0 0 0 0 0 0 0 0 0 0 0 0 0 0 0 0 0 0
 0 0 0 0 0 0 0 0 0 0 0 0 0 0 0 0 0 0 0 0 0 0 0 0 0 0 0 0 0 0 0 0 0 0 0 0
 0 0 0 0 0 0 0 0 0 0 0 0 0 0 0 0 0 0 0 0 0 0 0 0 0 0 0 0 0 0 0 0 0 0 0 0
 0 0 0 0 0 0 0 0 1.78061e-05 0.00172719 0.00360574 0.0105946 0.0120993 0.0124554 0.0147524 0.0171206 0.0266825 0.0428682 0.0675386 0.121331 0.153587 0.119568 0.100827 0.0573624 0.0630603 0.0341343 0.0324427 0.0444173 0.0211091 0.0280891 0.0125444 0.00206551 0 0 0 0
 0 0 0 0 0 0 0 0 0 0 0 0 0 0 0 0 0 0 0 0 0 0 0 0 0 0 0 0 0 0 0 0 0 0 0 0
 0 0 0 0 0 0 0.0133647 0.0140871 0.0187388 0.0205184 0.03894 0.0496705 0.03968 0.0493445 0.0407372 0.0367815 0.0215668 0.0243155 0.0234873 0.0199281 0.019796 0.0243948 0.0301388 0.0376714 0.0412746 0.0863199 0.0771752 0.113111 0.0741005 0.0525337 0.0229764 0.00759418 0.00175318 0 0 0
 0 0 0 0 0 0 0 0 0 0 0.00219441 0.00772107 0.0458388 0.0604681 0.0671733 0.0775358 0.0609151 0.0617685 0.073594 0.0568108 0.0755445 0.0548602 0.0670107 0.0636378 0.0643287 0.046367 0.0373049 0.0286899 0.0247887 0.0153202 0.00654259 0.00121912 0.000365735 0 0 0
 0 0 0 0 0 0 0 0 0 0 0 0 0.000112435 0.00938835 0.0111873 0.0202946 0.0414886 0.0713402 0.111592 0.104902 0.108894 0.110636 0.117776 0.105296 0.107544 0.0401394 0.0192827 0.0124803 0.00416011 0.0028671 0.000618394 0 0 0 0 0
 0 0 0 0 0 0 0 0 0 0 0.00291406 0.0102884 0.027416 0.0768956 0.0749926 0.110853 0.0956884 0.0897413 0.0766577 0.0534642 0.0500743 0.0551293 0.0594112 0.0620874 0.0668451 0.0424026 0.0208742 0.0120726 0.0048766 0.00582813 0.00118941 0.000297354 0 0 0 0
 0 0.00264628 0.0354308 0.0461629 0.0458689 0.0383711 0.0214643 0.0164657 0.0346957 0.0420465 0.0363128 0.0245516 0.0311673 0.0291091 0.0169068 0.0133784 0.00837989 0.0085269 0.0148486 0.0160247 0.0276389 0.0546898 0.0760071 0.122758 0.109233 0.0665981 0.0333725 0.0166128 0.00676272 0.00308733 0.000882094 0 0 0 0 0
 0 0 0 0 0 0 0 0.000805153 0.000690131 0.00759144 0.0133425 0.0154129 0.00931677 0.000345066 0.00356568 0.00563607 0.00851162 0.0253048 0.0502646 0.0516448 0.0657925 0.0565908 0.0611916 0.0827007 0.0866115 0.110766 0.145733 0.0935128 0.0569358 0.0249597 0.0138026 0.00621118 0.00161031 0.00115022 0 0
 0 0 0 0 0 0 0 0 0 0 0 0 0 0 0 0 0 0 0 0 0 0 0 0 0 0 0 0 0 0 0 0 0 0 0 0
 0.00147267 0.00158595 0.00478618 0.00569244 0.00954404 0.0108468 0.00647125 0.017049 0.0510054 0.094081 0.124002 0.0959785 0.0687766 0.0820023 0.061753 0.0591476 0.0492212 0.0479892 0.0443925 0.0268479 0.0217502 0.0140895 0.0121071 0.0120363 0.00920419 0.00665534 0.0049561 0.00860946 0.00930331 0.0156896 0.0114698 0.00855282 0.00243557 0.00046729 0 2.83206e-05
 0 0 0 0 0.000772559 0.00158375 0.000888443 0.00281984 0.00712685 0.0440552 0.0773331 0.111326 0.0921469 0.0852325 0.0710754 0.0886704 0.0786465 0.0553345 0.0373146 0.0185414 0.00753245 0.00457741 0.012979 0.0271748 0.0457355 0.0583668 0.034881 0.0177882 0.00938659 0.00492506 0.0015258 0.00185414 0.000309023 5.79419e-05 3.86279e-05 0
 0 0.00173294 0.00326652 0 0.00397197 0.00683976 0.00946217 0.0152591 0.00757587 0.0136028 0.0228656 0.0392903 0.0559909 0.0764795 0.0681675 0.0726916 0.0566044 0.0477403 0.0527397 0.0444891 0.0609904 0.0582453 0.0661739 0.0445044 0.0529084 0.0360697 0.0280645 0.0235558 0.0158879 0.00826598 0.00280645 0.00217768 0.000904811 0.00058276 9.20147e-05 0
 0 0 0 0 0 0 0 0 0 0 0 0 0 0 0 0 0 0 0 0 0 0 0 0 0 0 0 0 0 0 0 0 0 0 0 0
 0 0 0 0 0 0 0 0 0 0 0 0 0 0 0 0 0 0 0 0 0 0 0 0 0 0 0 0 0 0 0 0 0 0 0 0
ppred_pel_tallas
 1.06545e-16 2.27966e-05 0.000133775 0.00063586 0.00244802 0.00763385 0.0192826 0.0394559 0.0654065 0.0878514 0.0956322 0.0844315 0.0606072 0.0357116 0.0179719 0.00901644 0.00642911 0.00734211 0.00999092 0.0135663 0.0176599 0.0219289 0.026003 0.0295165 0.0321751 0.0338127 0.034414 0.0340933 0.0330433 0.0314726 0.0295557 0.0274094 0.0250974 0.0226524 0.0201031 0.0174929
 1.06198e-16 1.24448e-05 7.29779e-05 0.000346772 0.00133487 0.00416247 0.0105145 0.0215176 0.035681 0.0479587 0.052294 0.0463779 0.0337463 0.0208 0.0121625 0.00888574 0.00981484 0.0135015 0.0189955 0.0257123 0.0331055 0.040503 0.0471302 0.0522405 0.0552769 0.0559957 0.0545114 0.0512434 0.0467897 0.0417731 0.0367101 0.0319398 0.0276184 0.0237622 0.0203128 0.0171954
 1.11615e-16 2.97311e-06 1.73761e-05 8.24467e-05 0.000317172 0.000988829 0.00249814 0.00511504 0.0084922 0.0114456 0.0125629 0.011338 0.00867703 0.00619946 0.00514111 0.00592307 0.00845548 0.0125553 0.0180858 0.024877 0.0326152 0.0408042 0.0488113 0.0559728 0.0617196 0.0656789 0.0677211 0.0679374 0.0665675 0.0639089 0.0602433 0.0558012 0.0507667 0.0453031 0.0395812 0.0337928
 1.15431e-16 1.52872e-05 8.97019e-05 0.000426362 0.00164145 0.00511863 0.0129292 0.0264553 0.0438541 0.0588997 0.0641074 0.056578 0.0405685 0.0238172 0.011834 0.00570959 0.00383744 0.00433315 0.00608846 0.00867857 0.0119871 0.0159627 0.0205246 0.0255391 0.0308223 0.036147 0.0412526 0.0458548 0.0496611 0.0523943 0.0538238 0.0538006 0.0522882 0.0493768 0.0452791 0.0403039
 1.02234e-16 3.81695e-05 0.000224044 0.00106504 0.00410055 0.0127872 0.0322994 0.0660878 0.109544 0.147102 0.160043 0.14109 0.100825 0.0584947 0.027739 0.0111121 0.00438641 0.00261121 0.00277092 0.00358771 0.00462319 0.00570672 0.00672557 0.00758375 0.00821043 0.00857316 0.00868218 0.00858223 0.0083356 0.00800255 0.00762611 0.00722574 0.00680029 0.00633718 0.0058234 0.0052542
 1.01368e-16 1.66519e-05 9.76695e-05 0.000464142 0.00178674 0.0055716 0.014074 0.0288011 0.0477556 0.0641784 0.0699548 0.0619808 0.0449691 0.0274566 0.0155884 0.0107166 0.0112316 0.0151333 0.0211033 0.0283422 0.0361417 0.0436696 0.0499937 0.0542426 0.0558032 0.0544705 0.0504994 0.0445325 0.0374365 0.0301001 0.0232579 0.0173882 0.0126938 0.00915145 0.00659523 0.00480124
 1.02072e-16 3.08694e-05 0.000181176 0.000861223 0.00331575 0.0103398 0.0261176 0.0534402 0.0885834 0.118966 0.129461 0.1142 0.0817621 0.0477453 0.0232266 0.0103299 0.00569735 0.00537484 0.00694278 0.00933879 0.0121203 0.0150043 0.0177157 0.0199859 0.021596 0.0224184 0.0224359 0.0217314 0.0204548 0.0187813 0.0168746 0.0148659 0.0128496 0.0108907 0.00903613 0.00732376
 1.02428e-16 1.80955e-05 0.000106153 0.000504489 0.00194212 0.00605617 0.0152978 0.0313045 0.0519026 0.0697395 0.0759846 0.067248 0.0486272 0.0293655 0.0160943 0.0102273 0.00996326 0.0130975 0.01821 0.0245065 0.0313617 0.0380742 0.0438601 0.0479795 0.0498987 0.0494161 0.0467063 0.0422629 0.0367667 0.0309213 0.0253127 0.0203275 0.0161408 0.0127559 0.0100719 0.00794794
 1.00572e-16 4.02828e-05 0.000236453 0.00112404 0.00432771 0.0134956 0.0340887 0.0697487 0.115611 0.155247 0.168899 0.148884 0.106365 0.0616489 0.0291219 0.011469 0.00421705 0.00213244 0.00202954 0.00256546 0.00329333 0.00405738 0.004767 0.00534657 0.00573776 0.00590934 0.005862 0.00562461 0.00524421 0.00477322 0.00425852 0.0037352 0.00322567 0.00274237 0.00229197 0.00187886
 1.00767e-16 1.57735e-05 9.25093e-05 0.000439602 0.00169225 0.00527691 0.0133297 0.0272784 0.0452328 0.060794 0.0662813 0.0587631 0.042715 0.0262401 0.0151828 0.0108513 0.0117484 0.0159965 0.0223438 0.0300003 0.0382286 0.0461448 0.0527561 0.0571354 0.0586324 0.0570342 0.05262 0.0460839 0.0383604 0.0304073 0.023018 0.01671 0.0117041 0.00797631 0.00534614 0.00356759
 1.06841e-16 2.39562e-06 1.39767e-05 6.62655e-05 0.000254836 0.000794412 0.00200717 0.00411115 0.00683083 0.00922254 0.010165 0.0092736 0.00730985 0.00562457 0.00527832 0.00669085 0.00987223 0.0147366 0.0211867 0.0290236 0.0378429 0.0470095 0.0557255 0.0631661 0.0686408 0.0717234 0.0723145 0.0706148 0.0670339 0.0620694 0.0562027 0.0498374 0.043287 0.0367924 0.0305491 0.0247258
 1.16524e-16 9.79801e-06 5.74754e-05 0.000273153 0.00105155 0.00327906 0.00828265 0.0169481 0.028096 0.0377407 0.041092 0.0363002 0.0261044 0.0154811 0.00798904 0.0043677 0.00364063 0.00466325 0.00679293 0.00982142 0.013724 0.0184915 0.0240582 0.0302777 0.0369188 0.043672 0.0501628 0.0559757 0.0606882 0.0639168 0.0653673 0.0648821 0.0624731 0.0583266 0.0527837 0.0462902
 1.04443e-16 3.53132e-05 0.000207275 0.000985321 0.00379359 0.01183 0.0298815 0.0611407 0.101344 0.136092 0.148068 0.130542 0.0933063 0.0541712 0.0257622 0.0104509 0.00433611 0.0028486 0.00320818 0.00423971 0.00554061 0.00695121 0.00836095 0.00967116 0.0108039 0.0117146 0.0123953 0.0128656 0.0131565 0.0132921 0.0132782 0.0131011 0.0127356 0.0121588 0.0113637 0.010367
 1.0223e-16 1.6786e-05 9.8459e-05 0.0004679 0.00180122 0.00561676 0.014188 0.0290343 0.0481414 0.0646945 0.0705111 0.0624588 0.0452835 0.0275842 0.0155464 0.0105219 0.0108783 0.0145934 0.0203413 0.0273322 0.0348823 0.0421953 0.04838 0.0526023 0.0542742 0.053196 0.0496061 0.0441108 0.0375288 0.030697 0.0243046 0.0187958 0.0143544 0.0109522 0.00843014 0.0065796
 1.04399e-16 1.76172e-05 0.000103357 0.000491225 0.0018911 0.00589708 0.0148958 0.030481 0.0505338 0.0678903 0.0739435 0.0653791 0.0471406 0.0281994 0.0149758 0.00880643 0.00790555 0.0101202 0.0141058 0.0191874 0.0249164 0.0308163 0.0363383 0.040932 0.0441513 0.0457419 0.0456803 0.0441505 0.0414742 0.0380211 0.0341317 0.0300726 0.026029 0.0221216 0.0184323 0.0150254
 1.0511e-16 2.0575e-05 0.000120726 0.000573806 0.00220907 0.00688867 0.0174005 0.0356054 0.0590264 0.0792907 0.0863364 0.0762796 0.0548757 0.0325763 0.0168415 0.00918369 0.00746489 0.00912629 0.0125765 0.0170439 0.0220696 0.02721 0.0319726 0.0358755 0.0385422 0.0397784 0.039603 0.0382185 0.0359401 0.0331072 0.0300099 0.02685 0.0237402 0.020729 0.0178357 0.0150776
 1.04188e-16 2.28874e-05 0.000134302 0.000638351 0.00245758 0.00766366 0.019358 0.0396106 0.0656649 0.088204 0.0960307 0.0848182 0.0609608 0.0360723 0.0184338 0.0097042 0.00747964 0.00889053 0.0121524 0.0164083 0.0211689 0.0259817 0.0303557 0.0338175 0.0360071 0.0367536 0.0361055 0.0342992 0.0316843 0.0286311 0.0254524 0.0223604 0.0194642 0.0167941 0.0143394 0.0120799
 1.03922e-16 1.99547e-05 0.000117078 0.000556451 0.00214223 0.00668021 0.016874 0.0345286 0.0572435 0.076902 0.083752 0.0740357 0.0533472 0.0318405 0.0167752 0.00964639 0.00840708 0.0105902 0.0146434 0.0197758 0.0254626 0.0311622 0.0362724 0.0402139 0.0425507 0.0430855 0.0418959 0.0392955 0.0357401 0.0317111 0.0276161 0.0237332 0.0202042 0.0170641 0.0142871 0.0118279
 1.04286e-16 2.06123e-05 0.000120942 0.00057483 0.00221301 0.00690094 0.0174315 0.035669 0.0591325 0.079435 0.0864982 0.0764336 0.0550108 0.0327049 0.0169967 0.00940906 0.00780747 0.00963215 0.0132854 0.0179809 0.0232342 0.0285662 0.0334448 0.0373509 0.0398834 0.040842 0.0402615 0.0383804 0.0355633 0.0322036 0.028641 0.0251155 0.0217625 0.0186374 0.0157517 0.0131041
 1.02514e-16 3.03726e-05 0.000178257 0.00084734 0.00326228 0.0101731 0.0256965 0.0525788 0.0871564 0.117052 0.127386 0.112386 0.0805 0.0470818 0.0230401 0.0104758 0.00609521 0.00601178 0.00783815 0.0105077 0.0135481 0.0166328 0.0194408 0.0216677 0.0230814 0.02357 0.0231613 0.0220032 0.0203171 0.0183386 0.0162688 0.0142464 0.0123457 0.0105913 0.00898137 0.00750726
 1.01433e-16 2.89891e-05 0.000170128 0.000808677 0.00311339 0.00970879 0.0245238 0.0501799 0.0831823 0.111723 0.121606 0.107334 0.0769849 0.0452341 0.0225227 0.0108904 0.00722581 0.00783779 0.0104381 0.0139594 0.0178572 0.0216889 0.0250014 0.0273727 0.0284977 0.0282594 0.0267536 0.0242571 0.0211534 0.0178401 0.0146494 0.0118021 0.00939985 0.00744782 0.00589199 0.0046553
 1.0236e-16 1.76395e-05 0.000103477 0.000491769 0.00189315 0.00590344 0.0149121 0.0305151 0.0505939 0.0679815 0.0740704 0.0655567 0.0474106 0.0286437 0.0157229 0.0100302 0.0098145 0.012933 0.0180082 0.0242723 0.0311206 0.0378706 0.0437543 0.0480403 0.050191 0.0499868 0.0475713 0.0433992 0.0381124 0.0323844 0.0267855 0.0217049 0.0173358 0.0137118 0.0107662 0.00839037
 1.05169e-16 1.56557e-05 9.18389e-05 0.000436462 0.00168024 0.00523951 0.0132349 0.0270828 0.0449021 0.0603306 0.0657262 0.0581527 0.0420152 0.0253041 0.0137501 0.00857248 0.00821698 0.0107957 0.0151213 0.0205742 0.0267037 0.0330047 0.0388901 0.0437731 0.0471825 0.0488556 0.0487795 0.0471625 0.0443567 0.0407593 0.0367284 0.0325359 0.0283618 0.0243157 0.0204687 0.0168785
 1.08765e-16 9.73012e-06 5.70469e-05 0.000271049 0.00104334 0.00325337 0.00821815 0.0168185 0.0278902 0.0374914 0.0408918 0.0362925 0.0264666 0.0164315 0.0098221 0.00748957 0.00856687 0.0119613 0.0169685 0.0231621 0.0301308 0.0373449 0.0441696 0.0499669 0.0542232 0.0566502 0.0572261 0.0561613 0.0538107 0.0505654 0.046764 0.0426475 0.0383625 0.0339935 0.0296052 0.0252725
pSPR Fmed_Fpbrs
0.509142   0.255389 0.255389
Fs Fmed_Fpbrs
0.389543   1.005 1.005
SSBpbr Bo_Bmed_Bpbrs
955575  438745  196265 196265
Ro
24343
SPR SPRFo_SPRFmed_SPRFpbrs
500823 254990 127905
log_Ro
9.92
likeval ReclasPelacesDesembMPH_pf_preclas_ppelaces_ptallas_desvR_qrecl_qpela
 130.404 95.7114 0.348604 0.000575307 347.8 202.077 103.149 0 35.4367 0 0 0 0 0 0
q_reclas_q_pelaces
1 1
M
0.7
N
 57122.8 14472.4 7186.79 3568.85 3520.44
 25960 25276.2 5706.26 2833.65 2795.2
 2455.79 11217.5 9503.91 2145.57 2116.46
 5033.53 765.043 2192.27 1857.37 832.938
 51191.8 1987.82 240.27 688.504 844.919
 24125.6 24568.2 921.995 111.443 711.237
 60244.4 8398.21 5995.09 224.983 200.749
 27322.4 24262.7 2743.07 1958.15 139.055
 283370 8280.76 4487.95 507.396 387.928
 126969 117194 2852.19 1545.81 308.382
 10037.1 57198.8 47894.8 1165.63 757.771
 16343.6 3918.75 17557.9 14701.9 590.414
 95258.8 5909.7 1031.78 4622.9 4026.39
 28938.1 31786.8 1325.12 231.356 1939.42
 14167.4 8669.63 5745.32 239.51 392.357
 11219.3 4548.23 1799.34 1192.41 131.141
 12352.6 4389.37 1401.91 554.611 407.96
 10201.5 4898.55 1390.04 443.961 304.831
 10188.5 4231.69 1697.35 481.65 259.456
 25525.2 4183.36 1436.66 576.248 251.605
 48415.9 10632.4 1461.71 501.981 289.259
 35951.7 22588.4 4660.5 640.706 346.823
 29114.3 16570 9662.67 1993.63 422.437
 11714.8 12899.2 6549.98 3819.57 955.05
pred_Ctot
 4505.11 2172.8 1078.98 535.805 528.536
 2443.61 4485.18 1012.56 502.821 496
 675.954 5155.42 4367.86 986.073 972.696
 750.984 207.599 594.886 504.01 226.023
 1237.62 94.6891 11.4452 32.7967 40.2475
 5294.7 9355.78 351.103 42.4382 270.845
 8287.34 2117.33 1511.46 56.722 50.6121
 7876.05 11572.1 1308.31 933.94 66.3223
 34428.2 1863.33 1009.87 114.174 87.2911
 8523.2 15088.1 367.205 199.015 39.7025
 1564.62 16145.6 13519.3 329.025 213.897
 3253.96 1372.61 6149.97 5149.61 206.803
 22990.3 2438.08 425.669 1907.2 1661.11
 8497.52 15385.4 641.384 111.98 938.714
 3692.92 3811.79 2526.05 105.306 172.508
 1735.44 1274.96 504.389 334.256 36.7613
 1812.69 1173.41 374.772 148.265 109.06
 1220.76 1086.95 308.44 98.5114 67.6396
 1282.74 983.913 394.651 111.989 60.3263
 2988.83 909.827 312.454 125.326 54.7208
 2113.72 903.539 124.215 42.6581 24.5811
 1866.22 2270.55 468.465 64.4028 34.8621
 2272.05 2462.89 1436.21 296.324 62.7891
 1564.04 3164.69 1606.97 937.094 234.312
F
 0.11534 0.23068 0.23068 0.23068 0.23068
 0.13908 0.27816 0.27816 0.27816 0.27816
 0.466271 0.932542 0.932542 0.932542 0.932542
 0.229085 0.45817 0.45817 0.45817 0.45817
 0.0341263 0.0682527 0.0682527 0.0682527 0.0682527
 0.355257 0.710513 0.710513 0.710513 0.710513
 0.20947 0.41894 0.41894 0.41894 0.41894
 0.493771 0.987542 0.987542 0.987542 0.987542
 0.182923 0.365846 0.365846 0.365846 0.365846
 0.0974123 0.194825 0.194825 0.194825 0.194825
 0.240514 0.481029 0.481029 0.481029 0.481029
 0.317241 0.634482 0.634482 0.634482 0.634482
 0.397545 0.795089 0.795089 0.795089 0.795089
 0.505334 1.01067 1.01067 1.01067 1.01067
 0.436203 0.872406 0.872406 0.872406 0.872406
 0.238453 0.476907 0.476907 0.476907 0.476907
 0.224925 0.449851 0.449851 0.449851 0.449851
 0.179937 0.359874 0.359874 0.359874 0.359874
 0.190141 0.380283 0.380283 0.380283 0.380283
 0.175756 0.351511 0.351511 0.351511 0.351511
 0.0623941 0.124788 0.124788 0.124788 0.124788
 0.0745828 0.149166 0.149166 0.149166 0.149166
 0.114066 0.228132 0.228132 0.228132 0.228132
 0.202716 0.405433 0.405433 0.405433 0.405433
nmprior
 10 10 8 0
nm_flota  nm_reclas  nm_pelaces    nm_pelaL
inf 8.10471 4.92206 6.76981
cv_recla  cv_pelaces  cv_mph
1.05723 1.15119 0.778194
 ------------------------------------------------
Talla a la edad & desviación 
 7.2 14.2025 17.0495 18.207 18.6776
 1.08 2.13037 2.55742 2.73105 2.80164
