years
 1997 1998 1999 2000 2001 2002 2003 2004 2005 2006 2007 2008 2009 2010 2011 2012 2013 2014 2015 2016 2017 2018 2019 2020
reclasobs
 0 0 0 370054 412103 1.49427e+06 250295 1.28982e+06 931140 785840 897777 1.04006e+06 184774 17550 25797 100020 73551 82996 120727 218422 84188 347160 605670 569463
reclaspred
 1.43764e+06 411846 1.41013e+06 890376 959049 1.17948e+06 2.31528e+06 1.53502e+06 1.62182e+06 1.43756e+06 1.1901e+06 803813 467756 216746 151719 162088 213323 321305 371831 504307 770990 794351 1.49746e+06 2.23934e+06
pelacesobs
 0 0 0 0 0 0 0 0 0 2.06254e+06 1.5e+06 0 1.87456e+06 323000 250000 174000 83755 137374 0 501740 490994 745055 786931 1.00524e+06
pelacespred
 1.03579e+06 405755 538811 650610 596126 601969 1.17067e+06 1.08559e+06 959068 887220 633894 438970 249707 93839.7 65993.4 80141.9 110533 168068 205892 269468 447316 478218 682807 1.19439e+06
mphobs
 0 0 0 0 0 112323 0 153150 637223 0 255016 313432 73983 77613 109348 50772 0 0 0 0 0 0 0 0
mphpred
 947981 681575 776870 971125 809780 1.01458e+06 1.46258e+06 1.71423e+06 1.43232e+06 1.3825e+06 1.22975e+06 847552 524912 275524 136868 129933 161113 240853 316768 377402 572439 722718 972947 1.58137e+06
desembarqueobs
 350755 77701 442110 56441 14545 235359 269955 359681 431902 328805 639364 411747 362871 311530 167758 66681 60226 58785 57116 71774 51957 67425 138520 160799
desembarquepred
 350802 77720.3 442381 56449.3 14545.5 235483 270029 359817 432099 328937 640157 412344 363517 312307 167914 66720.3 60264.5 58802.2 57126.4 71787.2 51962 67429.3 138534 160808
Reclutas
 87530.1 81027.5 50722.9 56508.8 86555.9 75720.6 118627 107592 124419 116047 71011.4 44917.8 44658.9 29211.8 21569.7 20981.1 19365.2 22124.3 25341.5 42717.9 62881.3 83325.8 155747 257452
log_desv_Rt
 0.379738 0.302544 -0.165867 -0.0578479 0.368546 0.234806 0.683737 0.586106 0.731413 0.661749 0.170596 -0.287411 -0.293191 -0.717673 -1.02096 -1.04862 -1.12877 -0.995566 -0.8598 -0.337626 0.0490046 0.330514 0.955989 1.45859
SSB
 947981 681575 776870 971125 809780 1.01458e+06 1.46258e+06 1.71423e+06 1.43232e+06 1.3825e+06 1.22975e+06 847552 524912 275524 136868 129933 161113 240853 316768 377402 572439 722718 972947 1.58137e+06
BT
 3.48549e+06 911618 1.56263e+06 1.38687e+06 1.30694e+06 1.36764e+06 3.0676e+06 2.72567e+06 2.59737e+06 2.23644e+06 1.9157e+06 1.29653e+06 905393 499515 307667 238347 309144 428896 479513 669041 1.0953e+06 1.03642e+06 1.57781e+06 2.86295e+06
Ftot
 0.236131 0.183053 0.301619 0.0619122 0.0148501 0.193343 0.113582 0.226673 0.257166 0.221322 0.50842 0.485665 0.721258 1.25911 1.00534 0.3937 0.272557 0.17756 0.149267 0.138445 0.0658169 0.0828036 0.09021 0.0701145
BD_Bspro_t
 0.968919 0.828596 0.781413 0.673989 0.74193 0.827979 0.791144 0.798236 0.739983 0.691345 0.64216 0.479931 0.369683 0.262798 0.163792 0.182072 0.27955 0.447259 0.574209 0.672034 0.77451 0.850181 0.866568 0.883999
BD_Bspro
 0.769574 0.553304 0.630665 0.788362 0.657382 0.823636 1.18733 1.39162 1.16276 1.12232 0.998315 0.688045 0.426125 0.223671 0.11111 0.10548 0.130792 0.195525 0.257153 0.306375 0.464708 0.586704 0.789841 1.28376
BD_Bo
 0.752065 0.540716 0.616317 0.770426 0.642426 0.804898 1.16032 1.35996 1.13631 1.09678 0.975603 0.672392 0.41643 0.218582 0.108582 0.103081 0.127817 0.191077 0.251303 0.299405 0.454135 0.573357 0.771871 1.25455
BD_Brms
 3.66166 2.63264 3.00073 3.75105 3.12785 3.91889 5.64935 6.62137 5.53245 5.34002 4.75002 3.27374 2.02752 1.06423 0.528664 0.501879 0.622314 0.930317 1.22354 1.45775 2.2111 2.79156 3.75809 6.10816
S_f
 0.5 1 1 1 1
 0.5 1 1 1 1
 0.5 1 1 1 1
 0.5 1 1 1 1
 0.5 1 1 1 1
 0.5 1 1 1 1
 0.5 1 1 1 1
 0.5 1 1 1 1
 0.5 1 1 1 1
 0.5 1 1 1 1
 0.5 1 1 1 1
 0.5 1 1 1 1
 0.5 1 1 1 1
 0.5 1 1 1 1
 0.5 1 1 1 1
 0.5 1 1 1 1
 0.5 1 1 1 1
 0.5 1 1 1 1
 0.5 1 1 1 1
 0.5 1 1 1 1
 0.5 1 1 1 1
 0.5 1 1 1 1
 0.5 1 1 1 1
 0.5 1 1 1 1
Scru_reclas
 0.5 1 1 1 1
 0.5 1 1 1 1
 0.5 1 1 1 1
 0.5 1 1 1 1
 0.5 1 1 1 1
 0.5 1 1 1 1
 0.5 1 1 1 1
 0.5 1 1 1 1
 0.5 1 1 1 1
 0.5 1 1 1 1
 0.5 1 1 1 1
 0.5 1 1 1 1
 0.5 1 1 1 1
 0.5 1 1 1 1
 0.5 1 1 1 1
 0.5 1 1 1 1
 0.5 1 1 1 1
 0.5 1 1 1 1
 0.5 1 1 1 1
 0.5 1 1 1 1
 0.5 1 1 1 1
 0.5 1 1 1 1
 0.5 1 1 1 1
 0.5 1 1 1 1
Scru_pelaces
 0.5 1 1 1 1
 0.5 1 1 1 1
 0.5 1 1 1 1
 0.5 1 1 1 1
 0.5 1 1 1 1
 0.5 1 1 1 1
 0.5 1 1 1 1
 0.5 1 1 1 1
 0.5 1 1 1 1
 0.5 1 1 1 1
 0.5 1 1 1 1
 0.5 1 1 1 1
 0.5 1 1 1 1
 0.5 1 1 1 1
 0.5 1 1 1 1
 0.5 1 1 1 1
 0.5 1 1 1 1
 0.5 1 1 1 1
 0.5 1 1 1 1
 0.5 1 1 1 1
 0.5 1 1 1 1
 0.5 1 1 1 1
 0.5 1 1 1 1
 0.5 1 1 1 1
pf_obs 
 0.256992 0.487395 0.22802 0.0275931 0
 0.321318 0.546541 0.124235 0.00734118 0.000564706
 0.182869 0.594174 0.210203 0.0122559 0.00049798
 0.330522 0.361315 0.267642 0.0388342 0.00168674
 0.649043 0.306663 0.0425973 0.00169635 0
 0.582887 0.30429 0.105238 0.00758474 0
 0.465427 0.430635 0.0974691 0.00646863 0
 0.296916 0.608066 0.0921331 0.00288517 0
 0.311714 0.524322 0.152257 0.0117073 0
 0.15457 0.633149 0.183074 0.0267441 0.00246327
 0.131901 0.49318 0.331252 0.0422183 0.00144891
 0.196976 0.569456 0.194076 0.0375587 0.00193317
 0.518974 0.381816 0.0799577 0.0180837 0.00116848
 0.0928022 0.601141 0.25162 0.0475244 0.00691264
 0.122501 0.610282 0.24278 0.0234846 0.000952079
 0.383417 0.481906 0.127806 0.00687128 0
 0.0376549 0.599619 0.316969 0.0457579 0
 0.0361596 0.667082 0.258105 0.0386534 0
 0.158088 0.579412 0.248529 0.0139706 0
 0.0477256 0.309471 0.559284 0.082774 0.000745712
 0.0406174 0.521527 0.379366 0.0568643 0.0016247
 0.151134 0.462217 0.34131 0.0453401 0
 0.294876 0.26143 0.354403 0.0886775 0.000613685
 0.281977 0.475581 0.204845 0.0348837 0.00271318
pf_pred 
 0.630999 0.264579 0.0937639 0.0106528 5.39057e-06
 0.461468 0.422943 0.0828784 0.0293712 0.00333862
 0.321505 0.436643 0.189942 0.0372203 0.0146898
 0.401925 0.303996 0.189254 0.0823263 0.0224994
 0.479679 0.300557 0.111704 0.0695418 0.0385185
 0.375261 0.405643 0.126558 0.0470361 0.0455018
 0.499045 0.280206 0.143333 0.0447187 0.0326979
 0.405749 0.399881 0.10872 0.055613 0.0300376
 0.449616 0.326375 0.150739 0.040983 0.0322868
 0.416553 0.371965 0.125408 0.0579207 0.0281536
 0.315557 0.412956 0.173081 0.0583544 0.0400518
 0.319479 0.351902 0.198271 0.0831009 0.0472474
 0.433814 0.294344 0.140571 0.0792015 0.052069
 0.43856 0.36805 0.100538 0.0480144 0.0448376
 0.541854 0.320329 0.090346 0.0246793 0.0227926
 0.573019 0.325934 0.070651 0.0199265 0.0104703
 0.473694 0.395045 0.100197 0.0217193 0.00934449
 0.475038 0.346805 0.133725 0.0339173 0.0105152
 0.460458 0.353718 0.122761 0.0473354 0.0157281
 0.546855 0.29018 0.106839 0.0370793 0.019048
 0.535391 0.332245 0.0847617 0.0312077 0.0163948
 0.496133 0.353356 0.107632 0.0274588 0.0154209
 0.572134 0.285988 0.0994972 0.0303067 0.012074
 0.564412 0.31922 0.077781 0.0270606 0.0115264
pobs_RECLAS
 0 0 0 0 0
 0 0 0 0 0
 0 0 0 0 0
 0 0 0 0 0
 0.835266 0.146461 0.0176864 0.000547809 3.91292e-05
 0.385257 0.428462 0.181853 0.0044286 0
 0.867414 0.0963971 0.0333333 0.00285562 0
 0.441836 0.489002 0.0689373 0.000224442 0
 0.779404 0.147425 0.0564933 0.0165055 0.000172143
 0.814271 0.122319 0.05973 0.00367925 0
 0.40263 0.566651 0.0304383 0.000280538 0
 0.475488 0.404961 0.113038 0.00651328 0
 0.955842 0.0263864 0.0167828 0.000988607 0
 0.975058 0.0227948 0.00214734 0 0
 0.738997 0.206755 0.0527124 0.00153531 0
 0.850938 0.134255 0.0134407 0.00136685 0
 0.542534 0.407297 0.0501686 0 0
 0.764087 0.199537 0.0359546 0.000420521 0
 0.470689 0.182191 0.310203 0.0369168 0
 0.84361 0.089868 0.0606195 0.00523954 0.000663233
 0.607945 0.314616 0.071237 0.00620181 0
 0.523733 0.453247 0.0230204 0 0
 0.530135 0.295979 0.169645 0.0042399 0
 0.562478 0.366248 0.0663022 0.0049721 0
ppred_RECLAS
 0.63298 0.263158 0.0932604 0.0105955 5.36162e-06
 0.463038 0.421711 0.0826369 0.0292856 0.0033289
 0.324013 0.435029 0.18924 0.0370827 0.0146355
 0.402384 0.303762 0.189109 0.0822632 0.0224821
 0.479788 0.300494 0.111681 0.0695273 0.0385104
 0.376839 0.404619 0.126238 0.0469172 0.0453868
 0.499965 0.279691 0.143069 0.0446366 0.0326379
 0.407707 0.398563 0.108362 0.0554297 0.0299387
 0.451954 0.324989 0.150099 0.0408089 0.0321497
 0.418471 0.370742 0.124996 0.0577303 0.028061
 0.320429 0.410016 0.171849 0.0579389 0.0397666
 0.324091 0.349517 0.196927 0.0825377 0.0469272
 0.442764 0.289692 0.138349 0.0779496 0.051246
 0.458965 0.354673 0.0968842 0.0462693 0.0432081
 0.556413 0.310149 0.0874749 0.023895 0.0220683
 0.576943 0.322938 0.0700016 0.0197434 0.0103741
 0.476221 0.393148 0.0997164 0.021615 0.00929963
 0.476557 0.345801 0.133338 0.0338191 0.0104848
 0.461699 0.352904 0.122478 0.0472265 0.0156919
 0.547991 0.289452 0.106571 0.0369863 0.0190002
 0.535897 0.331883 0.0846693 0.0311736 0.0163769
 0.496784 0.3529 0.107493 0.0274233 0.015401
 0.572834 0.28552 0.0993346 0.0302571 0.0120542
 0.564948 0.318827 0.0776854 0.0270273 0.0115122
pobs_PELACES
 0 0 0 0 0
 0 0 0 0 0
 0 0 0 0 0
 0 0 0 0 0
 0 0 0 0 0
 0 0 0 0 0
 0 0 0 0 0
 0 0 0 0 0
 0 0 0 0 0
 0 0 0 0 0
 0.450072 0.473896 0.0757376 0.000293798 0
 0 0 0 0 0
 0.463077 0.371075 0.160297 0.00555027 0
 0.529543 0.364841 0.0842815 0.0213345 0
 0.631943 0.363953 0.00410389 0 0
 0.735681 0.248677 0.0153453 0.000297389 0
 0.695825 0.281241 0.0229344 0 0
 0.275771 0.60734 0.115278 0.00161068 0
 0 0 0 0 0
 0.896147 0.0623911 0.0374545 0.00400742 0
 0.803859 0.145111 0.0509908 3.86294e-05 0
 0.739449 0.233085 0.0266225 0.000797448 4.60066e-05
 0.878498 0.100942 0.0204185 0.000141795 0
 0.694673 0.275183 0.0284847 0.00165964 0
ppred_PELACES
 0.641984 0.256703 0.0909725 0.0103356 5.23009e-06
 0.470555 0.415807 0.08148 0.0288756 0.00328229
 0.335008 0.427953 0.186162 0.0364796 0.0143975
 0.404843 0.302513 0.188331 0.0819247 0.0223896
 0.480399 0.300141 0.111549 0.0694455 0.0384652
 0.38436 0.399736 0.124715 0.046351 0.0448391
 0.50465 0.277071 0.141729 0.0442184 0.0323321
 0.416769 0.392466 0.106704 0.0545817 0.0294806
 0.462484 0.318745 0.147215 0.0400248 0.031532
 0.427383 0.36506 0.12308 0.0568456 0.0276309
 0.338965 0.398833 0.167162 0.0563586 0.038682
 0.341886 0.340315 0.191743 0.0803646 0.0456917
 0.472292 0.274341 0.131018 0.073819 0.0485305
 0.510809 0.320687 0.0876004 0.0418356 0.0390677
 0.596884 0.281852 0.079494 0.021715 0.0200549
 0.592715 0.310899 0.067392 0.0190073 0.00998733
 0.487448 0.384721 0.0975789 0.0211517 0.00910028
 0.48387 0.34097 0.131475 0.0333466 0.0103383
 0.467825 0.348888 0.121085 0.046689 0.0155133
 0.553643 0.285832 0.105238 0.0365238 0.0187626
 0.538597 0.329952 0.0841767 0.0309923 0.0162817
 0.500199 0.350504 0.106763 0.0272371 0.0152965
 0.576472 0.283088 0.0984885 0.0299994 0.0119516
 0.567789 0.316745 0.077178 0.0268508 0.011437
pobs_pel_tallas
 0 0 0 0 0 0 0 0 0 0 0 0 0 0 0 0 0 0 0 0 0 0 0 0 0 0 0 0 0 0 0 0 0 0 0 0
 0 0 0 0 0 0 0 0 0 0 0 0 0 0 0 0 0 0 0 0 0 0 0 0 0 0 0 0 0 0 0 0 0 0 0 0
 0 0 0 0 0 0 0 0 0 0 0 0 0 0 0 0 0 0 0 0 0 0 0 0 0 0 0 0 0 0 0 0 0 0 0 0
 0 0 0 0 0 0 0 0 0 0 0 0 0 0 0 0 0 0 0 0 0 0 0 0 0 0 0 0 0 0 0 0 0 0 0 0
 0 0 0 0 0 0 0 0 0 0 0 0 0 0 0 0 0 0 0 0 0 0 0 0 0 0 0 0 0 0 0 0 0 0 0 0
 0 0 0 0 0 0 0 0 0 0 0 0 0 0 0 0 0 0 0 0 0 0 0 0 0 0 0 0 0 0 0 0 0 0 0 0
 0 0 0 0 0 0 0 0 0 0 0 0 0 0 0 0 0 0 0 0 0 0 0 0 0 0 0 0 0 0 0 0 0 0 0 0
 0 0 0 0 0 0 0 0 0 0 0 0 0 0 0 0 0 0 0 0 0 0 0 0 0 0 0 0 0 0 0 0 0 0 0 0
 0 0 0 0 0 0 0 0 0 0 0 0 0 0 0 0 0 0 0 0 0 0 0 0 0 0 0 0 0 0 0 0 0 0 0 0
 0 0 0 0 0 0 0 0 0 0 0 0 0 0 0 0 0 0 0 0 0 0 0 0 0 0 0 0 0 0 0 0 0 0 0 0
 0 0 0 0 0 0 0 0 1.78061e-05 0.00172719 0.00360574 0.0105946 0.0120993 0.0124554 0.0147524 0.0171206 0.0266825 0.0428682 0.0675386 0.121331 0.153587 0.119568 0.100827 0.0573624 0.0630603 0.0341343 0.0324427 0.0444173 0.0211091 0.0280891 0.0125444 0.00206551 0 0 0 0
 0 0 0 0 0 0 0 0 0 0 0 0 0 0 0 0 0 0 0 0 0 0 0 0 0 0 0 0 0 0 0 0 0 0 0 0
 0 0 0 0 0 0 0.0133647 0.0140871 0.0187388 0.0205184 0.03894 0.0496705 0.03968 0.0493445 0.0407372 0.0367815 0.0215668 0.0243155 0.0234873 0.0199281 0.019796 0.0243948 0.0301388 0.0376714 0.0412746 0.0863199 0.0771752 0.113111 0.0741005 0.0525337 0.0229764 0.00759418 0.00175318 0 0 0
 0 0 0 0 0 0 0 0 0 0 0.00219441 0.00772107 0.0458388 0.0604681 0.0671733 0.0775358 0.0609151 0.0617685 0.073594 0.0568108 0.0755445 0.0548602 0.0670107 0.0636378 0.0643287 0.046367 0.0373049 0.0286899 0.0247887 0.0153202 0.00654259 0.00121912 0.000365735 0 0 0
 0 0 0 0 0 0 0 0 0 0 0 0 0.000112435 0.00938835 0.0111873 0.0202946 0.0414886 0.0713402 0.111592 0.104902 0.108894 0.110636 0.117776 0.105296 0.107544 0.0401394 0.0192827 0.0124803 0.00416011 0.0028671 0.000618394 0 0 0 0 0
 0 0 0 0 0 0 0 0 0 0 0.00291406 0.0102884 0.027416 0.0768956 0.0749926 0.110853 0.0956884 0.0897413 0.0766577 0.0534642 0.0500743 0.0551293 0.0594112 0.0620874 0.0668451 0.0424026 0.0208742 0.0120726 0.0048766 0.00582813 0.00118941 0.000297354 0 0 0 0
 0 0.00264628 0.0354308 0.0461629 0.0458689 0.0383711 0.0214643 0.0164657 0.0346957 0.0420465 0.0363128 0.0245516 0.0311673 0.0291091 0.0169068 0.0133784 0.00837989 0.0085269 0.0148486 0.0160247 0.0276389 0.0546898 0.0760071 0.122758 0.109233 0.0665981 0.0333725 0.0166128 0.00676272 0.00308733 0.000882094 0 0 0 0 0
 0 0 0 0 0 0 0 0.000805153 0.000690131 0.00759144 0.0133425 0.0154129 0.00931677 0.000345066 0.00356568 0.00563607 0.00851162 0.0253048 0.0502646 0.0516448 0.0657925 0.0565908 0.0611916 0.0827007 0.0866115 0.110766 0.145733 0.0935128 0.0569358 0.0249597 0.0138026 0.00621118 0.00161031 0.00115022 0 0
 0 0 0 0 0 0 0 0 0 0 0 0 0 0 0 0 0 0 0 0 0 0 0 0 0 0 0 0 0 0 0 0 0 0 0 0
 0.00147267 0.00158595 0.00478618 0.00569244 0.00954404 0.0108468 0.00647125 0.017049 0.0510054 0.094081 0.124002 0.0959785 0.0687766 0.0820023 0.061753 0.0591476 0.0492212 0.0479892 0.0443925 0.0268479 0.0217502 0.0140895 0.0121071 0.0120363 0.00920419 0.00665534 0.0049561 0.00860946 0.00930331 0.0156896 0.0114698 0.00855282 0.00243557 0.00046729 0 2.83206e-05
 0 0 0 0 0.000772559 0.00158375 0.000888443 0.00281984 0.00712685 0.0440552 0.0773331 0.111326 0.0921469 0.0852325 0.0710754 0.0886704 0.0786465 0.0553345 0.0373146 0.0185414 0.00753245 0.00457741 0.012979 0.0271748 0.0457355 0.0583668 0.034881 0.0177882 0.00938659 0.00492506 0.0015258 0.00185414 0.000309023 5.79419e-05 3.86279e-05 0
 0 0.00173294 0.00326652 0 0.00397197 0.00683976 0.00946217 0.0152591 0.00757587 0.0136028 0.0228656 0.0392903 0.0559909 0.0764795 0.0681675 0.0726916 0.0566044 0.0477403 0.0527397 0.0444891 0.0609904 0.0582453 0.0661739 0.0445044 0.0529084 0.0360697 0.0280645 0.0235558 0.0158879 0.00826598 0.00280645 0.00217768 0.000904811 0.00058276 9.20147e-05 0
 0 0 0 0 0 0 0 0 0 0 0 0 0 0 0 0 0 0 0 0 0 0 0 0 0 0 0 0 0 0 0 0 0 0 0 0
 0 0 0 0 0 0 0 0 0 0 0 0 0 0 0 0 0 0 0 0 0 0 0 0 0 0 0 0 0 0 0 0 0 0 0 0
ppred_pel_tallas
 1.01731e-16 2.80168e-05 0.00016442 0.000781547 0.00300894 0.00938307 0.023701 0.0484963 0.0803914 0.107974 0.117524 0.103729 0.0743931 0.0437002 0.0217399 0.0104838 0.00692746 0.00750963 0.0100299 0.0134731 0.0173337 0.021206 0.0246692 0.0273221 0.0288608 0.0291434 0.0282168 0.0262919 0.0236815 0.0207223 0.0177069 0.0148443 0.0122523 0.00997445 0.00800772 0.00632834
 1.02438e-16 2.05481e-05 0.000120558 0.000572988 0.00220589 0.00687872 0.0173754 0.0355549 0.0589456 0.0791905 0.0862495 0.0762554 0.0549727 0.0328626 0.0174071 0.0101529 0.00899717 0.0113986 0.0157479 0.021207 0.0271981 0.0331161 0.0382918 0.0420891 0.0440405 0.0439542 0.0419531 0.038429 0.0339349 0.0290491 0.0242599 0.0198975 0.0161239 0.0129643 0.0103606 0.00822172
 1.04709e-16 1.46383e-05 8.58607e-05 0.00040803 0.00157075 0.00489806 0.0123725 0.0253187 0.0419796 0.0564109 0.0614747 0.0544354 0.0394258 0.023937 0.0133546 0.00885179 0.00900728 0.0120757 0.0169424 0.0229875 0.0297095 0.0365213 0.0427435 0.0477084 0.0508971 0.0520479 0.0512009 0.04866 0.0448946 0.0404159 0.0356713 0.0309841 0.0265448 0.02244 0.0186953 0.0153142
 1.06634e-16 1.76783e-05 0.00010372 0.00049296 0.00189779 0.00591797 0.0149485 0.0305885 0.0507108 0.0681243 0.0741884 0.0655719 0.0472278 0.028148 0.0147601 0.00838756 0.00722135 0.00909081 0.0126505 0.0172473 0.0224793 0.0279379 0.0331544 0.0376556 0.0410531 0.0431167 0.0438055 0.0432468 0.0416757 0.0393601 0.0365395 0.0333937 0.0300448 0.0265777 0.0230673 0.0195958
 1.05865e-16 2.09726e-05 0.000123061 0.000584912 0.00225183 0.00702204 0.0177373 0.0362945 0.0601682 0.0808227 0.0879996 0.0777374 0.0558992 0.033133 0.0170356 0.00913937 0.00725545 0.00876851 0.0120549 0.0163356 0.0211605 0.0261052 0.030702 0.0344942 0.0371266 0.0384174 0.038387 0.0372285 0.0352387 0.0327329 0.0299753 0.0271424 0.0243252 0.0215546 0.0188381 0.0161874
 1.05589e-16 1.67889e-05 9.84897e-05 0.000468077 0.00180196 0.00561908 0.0141937 0.0290448 0.0481546 0.0646998 0.0704839 0.0623565 0.0450401 0.0271003 0.014677 0.00906927 0.00859776 0.0112214 0.015647 0.0211889 0.0273445 0.0335599 0.0392064 0.0436743 0.0464996 0.0474638 0.0466315 0.0443102 0.040953 0.0370383 0.0329688 0.029016 0.0253167 0.0219059 0.0187654 0.0158663
 1.05133e-16 2.20292e-05 0.000129266 0.000614416 0.00236544 0.00737631 0.0186322 0.0381253 0.0632021 0.0848947 0.0924243 0.0816251 0.0586489 0.0346708 0.0176573 0.00920208 0.00699017 0.00826398 0.0113185 0.0153514 0.0199241 0.0246394 0.0290611 0.0327588 0.0353898 0.0367667 0.0368856 0.0359029 0.0340757 0.0316867 0.0289824 0.02614 0.0232668 0.0204201 0.017636 0.0149497
 1.04896e-16 1.82017e-05 0.000106785 0.000507516 0.00195381 0.00609263 0.0153898 0.0314921 0.0522108 0.0701456 0.0764058 0.0675702 0.0487506 0.0292219 0.0156242 0.00934448 0.00853974 0.0109786 0.0152512 0.0206229 0.0265784 0.032566 0.037966 0.0421805 0.044759 0.0454954 0.0444659 0.0419872 0.0385198 0.0345476 0.0304769 0.02658 0.0229913 0.0197395 0.016797 0.0141227
 1.05043e-16 2.01923e-05 0.000118478 0.000563118 0.00216792 0.00676034 0.0170763 0.0349422 0.0579273 0.0778155 0.0847331 0.0748702 0.0538775 0.0320153 0.0166099 0.00915148 0.00754839 0.00929481 0.0128312 0.0173978 0.0225352 0.0277926 0.032667 0.0366639 0.0393948 0.040656 0.0404611 0.0390126 0.0366311 0.0336657 0.0304194 0.0271082 0.0238583 0.0207295 0.0177483 0.0149351
 1.05111e-16 1.86635e-05 0.000109499 0.000520422 0.00200351 0.00624763 0.0157813 0.0322929 0.0535374 0.0719246 0.0783351 0.0692563 0.0499235 0.0298377 0.0157953 0.00920381 0.00815937 0.0103658 0.0143808 0.0194709 0.025146 0.0308936 0.0361386 0.0403219 0.0430149 0.0440107 0.0433586 0.0413286 0.038324 0.0347735 0.0310403 0.0273729 0.0239012 0.0206665 0.0176641 0.01488
 1.06247e-16 1.48095e-05 8.6869e-05 0.00041283 0.00158924 0.00495574 0.0125182 0.0256165 0.0424724 0.05707 0.0621849 0.055045 0.0398256 0.0240965 0.0132944 0.0085915 0.00853585 0.0113528 0.0159164 0.0216178 0.027986 0.0344806 0.0404771 0.0453607 0.0486518 0.0501048 0.0497479 0.0478465 0.0448123 0.0410895 0.0370595 0.0329898 0.0290304 0.0252448 0.021653 0.0182681
 1.0773e-16 1.49346e-05 8.76085e-05 0.000416357 0.00160284 0.00499817 0.0126253 0.0258352 0.0428333 0.0575499 0.0626942 0.0554638 0.040059 0.0240993 0.0130479 0.00806447 0.00766437 0.0100483 0.0140915 0.0192188 0.0250257 0.0310631 0.0368073 0.0417314 0.0454082 0.0475914 0.0482511 0.0475464 0.0457553 0.0431876 0.0401134 0.0367282 0.0331544 0.0294682 0.0257326 0.0220205
 1.06754e-16 2.0618e-05 0.000120982 0.000575033 0.00221381 0.00690345 0.0174378 0.0356814 0.0591513 0.0794551 0.0865066 0.0764089 0.054923 0.0325127 0.0166411 0.00880851 0.00685882 0.00822079 0.0113057 0.0153649 0.019984 0.0247811 0.0293337 0.0332232 0.0361146 0.0378216 0.0383325 0.0377866 0.0364147 0.0344668 0.0321537 0.0296188 0.0269418 0.0241631 0.0213142 0.0184394
 1.04611e-16 2.22994e-05 0.000130849 0.000621932 0.00239436 0.0074665 0.01886 0.0385918 0.0639765 0.0859378 0.0935679 0.0826539 0.0594288 0.0352131 0.0180817 0.00965933 0.00761188 0.00914903 0.0125321 0.0169179 0.0218124 0.0267497 0.0312226 0.0347444 0.0369478 0.0376639 0.036952 0.035066 0.0323748 0.0292647 0.0260577 0.0229666 0.0200931 0.0174554 0.015029 0.0127824
 1.02904e-16 2.60511e-05 0.000152878 0.00072667 0.00279765 0.00872413 0.0220366 0.045091 0.0747479 0.100398 0.109288 0.0964852 0.0692524 0.0407902 0.020496 0.0102229 0.0071973 0.00812263 0.0109559 0.0147383 0.0189644 0.0232034 0.0270009 0.0299244 0.0316491 0.0320287 0.0311223 0.0291653 0.0264994 0.0234849 0.0204272 0.0175341 0.0149113 0.012584 0.0105317 0.00871887
 1.02178e-16 2.58705e-05 0.000151815 0.00072161 0.00277815 0.00866334 0.0218831 0.0447771 0.0742284 0.0997027 0.108539 0.0958393 0.0688242 0.0406088 0.0205354 0.0104557 0.0076258 0.00877734 0.0118767 0.015953 0.0204697 0.0249514 0.0288942 0.0318219 0.033383 0.0334301 0.0320493 0.0295261 0.0262656 0.0226924 0.019165 0.0159261 0.013095 0.0106924 0.00867874 0.00699206
 1.02663e-16 2.12835e-05 0.000124878 0.000593533 0.002285 0.00712544 0.0179986 0.0368297 0.0610577 0.0820241 0.0893251 0.0789495 0.0568604 0.033882 0.0177486 0.0100438 0.0085713 0.010688 0.0147297 0.0198516 0.025501 0.0311161 0.0360777 0.039794 0.0418246 0.0419791 0.0403543 0.0372938 0.0332903 0.0288636 0.0244563 0.020372 0.0167665 0.0136758 0.0110628 0.00886192
 1.03607e-16 2.11257e-05 0.000123956 0.000589158 0.00226817 0.00707296 0.017866 0.0365581 0.0606063 0.0814144 0.0886527 0.0783352 0.0563744 0.0335056 0.0173939 0.00959793 0.00792671 0.00975311 0.0134359 0.0181657 0.0234434 0.0287766 0.03362 0.0374438 0.0398408 0.0406119 0.0398013 0.037664 0.034586 0.0309839 0.0272181 0.023545 0.0201097 0.0169702 0.0141339 0.01159
 1.04162e-16 2.04264e-05 0.00011985 0.000569634 0.00219299 0.00683853 0.0172739 0.0353466 0.0585985 0.078719 0.0857223 0.075757 0.0545431 0.0324656 0.0169429 0.00949082 0.00799974 0.00993618 0.0137147 0.0185463 0.0239332 0.029376 0.0343203 0.0382283 0.0406886 0.0415032 0.040722 0.0386088 0.035558 0.0319913 0.0282691 0.0246422 0.021246 0.0181276 0.015285 0.0127024
 1.03719e-16 2.41658e-05 0.000141809 0.000674046 0.00259503 0.00809228 0.0204406 0.0418256 0.0693355 0.0931309 0.101385 0.089524 0.0642922 0.0379417 0.0192012 0.00980423 0.00719431 0.00832843 0.0113208 0.0152822 0.0197311 0.0242428 0.0283606 0.0316436 0.0337527 0.034522 0.0339868 0.0323563 0.0299462 0.0270946 0.0240909 0.0211367 0.0183422 0.0157474 0.0133549 0.0111573
 1.03129e-16 2.35115e-05 0.000137964 0.000655756 0.00252459 0.00787262 0.0198858 0.0406907 0.0674557 0.0906104 0.0986527 0.0871391 0.0626397 0.0370872 0.018991 0.0100578 0.00781908 0.0093247 0.0127343 0.0171538 0.0220602 0.026964 0.031336 0.0346708 0.0365911 0.0369305 0.0357647 0.0333772 0.0301756 0.0265891 0.0229797 0.0195931 0.0165521 0.0138827 0.0115553 0.00952149
 1.03281e-16 2.18381e-05 0.000128137 0.000609035 0.0023447 0.00731161 0.0184688 0.0377916 0.062651 0.0841607 0.0916417 0.0809731 0.0582655 0.0346147 0.0179416 0.00985321 0.00807939 0.00989788 0.013605 0.0183573 0.0236335 0.0289221 0.0336612 0.0373108 0.0394634 0.0399327 0.038788 0.0363191 0.0329494 0.0291288 0.0252412 0.0215522 0.0182016 0.0152299 0.012619 0.0103302
 1.0308e-16 2.51612e-05 0.000147653 0.000701829 0.002702 0.00842586 0.0212832 0.0435496 0.072193 0.0969675 0.105558 0.0931991 0.0669108 0.0394453 0.0198844 0.010025 0.00719624 0.00822171 0.0111334 0.0150062 0.0193471 0.0237284 0.027695 0.0308089 0.0327362 0.0333177 0.0325965 0.0307915 0.0282285 0.0252562 0.0221739 0.0191905 0.0164201 0.013902 0.0116336 0.00959837
 1.02656e-16 2.47839e-05 0.000145435 0.000691277 0.00266136 0.00829913 0.0209632 0.0428949 0.0711088 0.0955144 0.103984 0.0918296 0.0659707 0.0389775 0.0198077 0.0102453 0.00767236 0.00896678 0.0121847 0.0163925 0.0210634 0.0257201 0.0298519 0.0329733 0.0347231 0.0349445 0.0337152 0.0313138 0.0281395 0.0246121 0.0210864 0.0178034 0.0148837 0.0123521 0.0101768 0.00830615
pSPR Fmed_Fpbrs
0.687433   0.255389 0.255389
Fs Fmed_Fpbrs
0.196047   1.005 1.005
SSBpbr Bo_Bmed_Bpbrs
1.2605e+06  803487  258894 258894
Ro
59874.1
SPR SPRFo_SPRFmed_SPRFpbrs
1.23183e+06 846799 314595
log_Ro
10.82
likeval ReclasPelacesDesembMPH_pf_preclas_ppelaces_ptallas_desvR_qrecl_qpela
 172.818 56.5512 0.0806538 0.00105879 313.54 186.329 83.6596 0 15.7884 0 0 0 0 0 0
q_reclas_q_pelaces
1 1
M
0.7
N
 87530.1 19301.5 6840.25 777.138 0.393252
 81027.5 38625.7 7568.95 2682.35 304.903
 50722.9 36717.8 15972.4 3129.9 1235.28
 56508.8 21662.2 13485.9 5866.43 1603.26
 86555.9 27206.1 10111.3 6294.85 3486.65
 75720.6 42664.4 13311 4947.12 4785.75
 118627 34136.9 17461.9 5448 3983.52
 107592 55656 15131.8 7740.3 4180.68
 124419 47704 22032.5 5990.2 4719.14
 116047 54329.9 18317.3 8460.02 4112.16
 71011.4 51590.3 21622.9 7290.17 5003.64
 44917.8 27347.6 15408.4 6458.09 3671.77
 44658.9 17496.5 8355.88 4707.93 3095.11
 29211.8 15462.6 4223.84 2017.19 1883.73
 21569.7 7729.3 2179.98 595.494 549.969
 20981.1 6479.33 1404.49 396.125 208.142
 19365.2 8557.21 2170.41 470.469 202.414
 22124.3 8391.31 3235.61 820.665 254.427
 25341.5 10053.3 3489.08 1345.35 447.019
 42717.9 11679.2 4300.07 1492.38 766.649
 62881.3 19794.3 5049.89 1859.27 976.763
 83325.8 30215.1 9203.45 2347.97 1318.63
 155747 39700.2 13812 4207.11 1676.08
 257452 73930.7 18014 6267.18 2669.49
pred_Ctot
 7058.01 2959.44 1048.79 119.156 0.0602961
 5123.65 4695.91 920.194 326.106 37.0685
 5151.13 6995.87 3043.24 596.342 235.36
 1240.98 938.612 584.337 254.189 69.4686
 460.678 288.652 107.279 66.7873 36.9928
 5045.95 5454.49 1701.76 632.471 611.84
 4725.45 2653.26 1357.21 423.441 309.616
 8345.32 8224.64 2236.12 1143.83 617.805
 10876.8 7895.44 3646.58 991.432 781.061
 8798.76 7856.94 2648.97 1223.45 594.682
 11632.4 15222.8 6380.31 2151.12 1476.43
 7062.53 7779.29 4383.06 1837.06 1044.47
 9927.16 6735.6 3216.75 1812.4 1191.52
 10172.1 8536.67 2331.91 1113.66 1039.98
 6307.19 3728.63 1051.63 287.268 265.306
 2726.94 1551.08 336.221 94.8283 49.8271
 1788.28 1491.36 378.263 81.9942 35.2771
 1358.64 991.889 382.463 97.006 30.0744
 1316.32 1011.18 350.939 135.319 44.9621
 2062.9 1094.65 403.028 139.874 71.8549
 1466.75 910.217 232.213 85.4963 44.9152
 2436.17 1735.09 528.505 134.831 75.7216
 4952.77 2475.69 861.312 262.354 104.52
 6391.33 3614.8 880.781 306.43 130.523
F
 0.118065 0.236131 0.236131 0.236131 0.236131
 0.0915264 0.183053 0.183053 0.183053 0.183053
 0.15081 0.301619 0.301619 0.301619 0.301619
 0.0309561 0.0619122 0.0619122 0.0619122 0.0619122
 0.00742503 0.0148501 0.0148501 0.0148501 0.0148501
 0.0966715 0.193343 0.193343 0.193343 0.193343
 0.0567912 0.113582 0.113582 0.113582 0.113582
 0.113336 0.226673 0.226673 0.226673 0.226673
 0.128583 0.257166 0.257166 0.257166 0.257166
 0.110661 0.221322 0.221322 0.221322 0.221322
 0.25421 0.50842 0.50842 0.50842 0.50842
 0.242833 0.485665 0.485665 0.485665 0.485665
 0.360629 0.721258 0.721258 0.721258 0.721258
 0.629554 1.25911 1.25911 1.25911 1.25911
 0.502671 1.00534 1.00534 1.00534 1.00534
 0.19685 0.3937 0.3937 0.3937 0.3937
 0.136278 0.272557 0.272557 0.272557 0.272557
 0.0887801 0.17756 0.17756 0.17756 0.17756
 0.0746333 0.149267 0.149267 0.149267 0.149267
 0.0692227 0.138445 0.138445 0.138445 0.138445
 0.0329085 0.0658169 0.0658169 0.0658169 0.0658169
 0.0414018 0.0828036 0.0828036 0.0828036 0.0828036
 0.045105 0.09021 0.09021 0.09021 0.09021
 0.0350572 0.0701145 0.0701145 0.0701145 0.0701145
nmprior
 10 10 8 0
nm_flota  nm_reclas  nm_pelaces    nm_pelaL
inf 13.2433 14.6335 25.0275
cv_recla  cv_pelaces  cv_mph
1.21708 0.884882 1.05571
 ------------------------------------------------
Talla a la edad & desviación 
 7.2 14.2025 17.0495 18.207 18.6776
 1.08 2.13037 2.55742 2.73105 2.80164
