years
 1997 1998 1999 2000 2001 2002 2003 2004 2005 2006 2007 2008 2009 2010 2011 2012 2013 2014 2015 2016 2017 2018 2019 2020
reclasobs
 0 0 0 370054 412103 1.49427e+06 250295 1.28982e+06 931140 785840 897777 1.04006e+06 184774 17550 25797 100020 73551 82996 120727 218422 84188 347160 605670 569463
reclaspred
 452508 121624 342278 245061 379479 458938 993864 668917 745717 725718 596730 411701 253707 106782 65598 63551.5 78613.1 105821 113675 160598 239407 225925 398900 488829
pelacesobs
 0 0 0 0 0 0 0 0 0 2.06254e+06 1.5e+06 0 1.87456e+06 323000 250000 174000 83755 137374 0 501740 490994 745055 786931 1.00524e+06
pelacespred
 1.85395e+06 431923 749829 844696 1.13485e+06 1.13875e+06 2.76064e+06 2.27991e+06 2.24949e+06 2.22139e+06 1.60958e+06 1.15883e+06 688684 224847 137460 148534 194125 274644 301961 414428 708603 656552 900405 1.30103e+06
mphobs
 0 0 0 0 0 112323 0 153150 637223 0 255016 313432 73983 77613 109348 50772 0 0 0 0 0 0 0 0
mphpred
 164474 95284.9 113014 124090 140861 229222 332805 395463 336666 347631 346082 243332 153088 78700.1 33313.5 27066.4 31672.8 43088.8 53732.3 62208.5 94769.6 115478 147594 211802
desembarqueobs
 350755 77701 442110 56441 14545 235359 269955 359681 431902 328805 639364 411747 362871 311530 167758 66681 60226 58785 57116 71774 51957 67425 138520 160799
desembarquepred
 350766 77703.3 442136 56444 14545.2 235426 270009 359700 431971 328838 639456 411871 363050 311741 167651 66685.8 60255.2 58784.3 57107.2 71775.7 51960.1 67419 138525 160807
Reclutas
 40538.8 49182.9 28558.9 43121.7 73150.7 53150.7 86840.4 85541.8 106974 118814 66926 45568.6 43914.7 23732.6 15021.3 14711.3 11495.7 12811.9 14422 23792.6 30629 41123 66541.8 70412.6
log_desv_Rt
 0.0300149 0.223301 -0.320275 0.0917813 0.620277 0.300887 0.791827 0.776761 1.00034 1.10532 0.531343 0.146975 0.110004 -0.505394 -0.962774 -0.98363 -1.23027 -1.12187 -1.00349 -0.502868 -0.250298 0.0443226 0.525586 0.582128
SSB
 482005 279241 331197 363657 412806 671757 975315 1.15894e+06 986630 1.01876e+06 1.01422e+06 713105 448638 230638 97628.1 79320.6 92820.1 126276 157467 182308 277731 338417 432539 620706
BT
 1.69412e+06 419081 790268 639688 801328 929636 2.15236e+06 1.96973e+06 1.9838e+06 1.85412e+06 1.66793e+06 1.1599e+06 832378 448923 239579 159731 186101 238859 252754 348044 537210 498782 705664 1.01504e+06
Ftot
 0.852332 0.727995 1.15042 0.223812 0.0405631 0.393357 0.244663 0.497947 0.564539 0.436128 0.851596 0.75443 1.19161 2.33973 2.69373 1.13085 0.806427 0.537125 0.439982 0.443655 0.212603 0.25714 0.300914 0.293876
BD_Bspro_t
 0.918951 0.667583 0.60841 0.451432 0.609217 0.766368 0.721591 0.73127 0.667345 0.631652 0.602451 0.44369 0.337739 0.230992 0.125584 0.126253 0.193645 0.316227 0.422444 0.518099 0.646426 0.744109 0.757419 0.765356
BD_Bspro
 0.595533 0.345011 0.409205 0.44931 0.510035 0.829977 1.20503 1.43191 1.21901 1.25872 1.25311 0.881064 0.554307 0.28496 0.120623 0.0980031 0.114682 0.156018 0.194556 0.225247 0.343145 0.418126 0.534416 0.766902
BD_Bo
 0.505991 0.293137 0.347679 0.381754 0.433348 0.705185 1.02385 1.21661 1.03573 1.06946 1.06469 0.748591 0.470964 0.242115 0.102486 0.0832678 0.0974391 0.13256 0.165303 0.19138 0.291551 0.355258 0.454063 0.651594
BD_Brms
 0.919984 0.532976 0.632143 0.694098 0.787906 1.28216 1.86155 2.21202 1.88314 1.94447 1.93581 1.36107 0.856297 0.440209 0.186339 0.151396 0.177162 0.241017 0.300552 0.347963 0.530094 0.645924 0.82557 1.18472
S_f
 0.121693 0.72471 0.980399 0.998949 0.999945
 0.121693 0.72471 0.980399 0.998949 0.999945
 0.121693 0.72471 0.980399 0.998949 0.999945
 0.121693 0.72471 0.980399 0.998949 0.999945
 0.121693 0.72471 0.980399 0.998949 0.999945
 0.121693 0.72471 0.980399 0.998949 0.999945
 0.121693 0.72471 0.980399 0.998949 0.999945
 0.121693 0.72471 0.980399 0.998949 0.999945
 0.121693 0.72471 0.980399 0.998949 0.999945
 0.121693 0.72471 0.980399 0.998949 0.999945
 0.121693 0.72471 0.980399 0.998949 0.999945
 0.121693 0.72471 0.980399 0.998949 0.999945
 0.121693 0.72471 0.980399 0.998949 0.999945
 0.121693 0.72471 0.980399 0.998949 0.999945
 0.121693 0.72471 0.980399 0.998949 0.999945
 0.121693 0.72471 0.980399 0.998949 0.999945
 0.121693 0.72471 0.980399 0.998949 0.999945
 0.121693 0.72471 0.980399 0.998949 0.999945
 0.121693 0.72471 0.980399 0.998949 0.999945
 0.121693 0.72471 0.980399 0.998949 0.999945
 0.121693 0.72471 0.980399 0.998949 0.999945
 0.121693 0.72471 0.980399 0.998949 0.999945
 0.121693 0.72471 0.980399 0.998949 0.999945
 0.121693 0.72471 0.980399 0.998949 0.999945
Scru_reclas
 0.855443 1 1 1 1
 0.855443 1 1 1 1
 0.855443 1 1 1 1
 0.855443 1 1 1 1
 0.855443 1 1 1 1
 0.855443 1 1 1 1
 0.855443 1 1 1 1
 0.855443 1 1 1 1
 0.855443 1 1 1 1
 0.855443 1 1 1 1
 0.855443 1 1 1 1
 0.855443 1 1 1 1
 0.855443 1 1 1 1
 0.855443 1 1 1 1
 0.855443 1 1 1 1
 0.855443 1 1 1 1
 0.855443 1 1 1 1
 0.855443 1 1 1 1
 0.855443 1 1 1 1
 0.855443 1 1 1 1
 0.855443 1 1 1 1
 0.855443 1 1 1 1
 0.855443 1 1 1 1
 0.855443 1 1 1 1
Scru_pelaces
 0.783941 1 1 1 1
 0.783941 1 1 1 1
 0.783941 1 1 1 1
 0.783941 1 1 1 1
 0.783941 1 1 1 1
 0.783941 1 1 1 1
 0.783941 1 1 1 1
 0.783941 1 1 1 1
 0.783941 1 1 1 1
 0.783941 1 1 1 1
 0.783941 1 1 1 1
 0.783941 1 1 1 1
 0.783941 1 1 1 1
 0.783941 1 1 1 1
 0.783941 1 1 1 1
 0.783941 1 1 1 1
 0.783941 1 1 1 1
 0.783941 1 1 1 1
 0.783941 1 1 1 1
 0.783941 1 1 1 1
 0.783941 1 1 1 1
 0.783941 1 1 1 1
 0.783941 1 1 1 1
 0.783941 1 1 1 1
pf_obs 
 0.256992 0.487395 0.22802 0.0275931 0
 0.321318 0.546541 0.124235 0.00734118 0.000564706
 0.182869 0.594174 0.210203 0.0122559 0.00049798
 0.330522 0.361315 0.267642 0.0388342 0.00168674
 0.649043 0.306663 0.0425973 0.00169635 0
 0.582887 0.30429 0.105238 0.00758474 0
 0.465427 0.430635 0.0974691 0.00646863 0
 0.296916 0.608066 0.0921331 0.00288517 0
 0.311714 0.524322 0.152257 0.0117073 0
 0.15457 0.633149 0.183074 0.0267441 0.00246327
 0.131901 0.49318 0.331252 0.0422183 0.00144891
 0.196976 0.569456 0.194076 0.0375587 0.00193317
 0.518974 0.381816 0.0799577 0.0180837 0.00116848
 0.0928022 0.601141 0.25162 0.0475244 0.00691264
 0.122501 0.610282 0.24278 0.0234846 0.000952079
 0.383417 0.481906 0.127806 0.00687128 0
 0.0376549 0.599619 0.316969 0.0457579 0
 0.0361596 0.667082 0.258105 0.0386534 0
 0.158088 0.579412 0.248529 0.0139706 0
 0.0477256 0.309471 0.559284 0.082774 0.000745712
 0.0406174 0.521527 0.379366 0.0568643 0.0016247
 0.151134 0.462217 0.34131 0.0453401 0
 0.294876 0.26143 0.354403 0.0886775 0.000613685
 0.281977 0.475581 0.204845 0.0348837 0.00271318
pf_pred 
 0.337218 0.455246 0.185541 0.0219813 1.30491e-05
 0.300298 0.549374 0.115828 0.0309342 0.00356613
 0.174646 0.615286 0.177784 0.0250256 0.0072584
 0.276961 0.444724 0.229633 0.0414013 0.00728133
 0.285762 0.479583 0.161343 0.0607022 0.0126101
 0.154866 0.566566 0.204349 0.0513253 0.022894
 0.240476 0.389198 0.275042 0.0703146 0.0249694
 0.201919 0.51789 0.166273 0.0850594 0.028859
 0.240908 0.4643 0.214746 0.0479602 0.0320856
 0.231673 0.514686 0.176824 0.0563328 0.0204842
 0.139169 0.560371 0.223695 0.053891 0.0228749
 0.143223 0.464008 0.291192 0.0761686 0.0254085
 0.210616 0.441632 0.223114 0.0930487 0.0315888
 0.203925 0.575656 0.149235 0.0462115 0.0249728
 0.287711 0.567171 0.122551 0.0155268 0.00704058
 0.343385 0.567116 0.0802237 0.00789969 0.0013755
 0.228401 0.615642 0.142023 0.0125309 0.00140341
 0.2402 0.503673 0.219454 0.0334762 0.0031957
 0.231639 0.508968 0.192055 0.0578931 0.00944462
 0.297915 0.451546 0.184766 0.0489869 0.0167861
 0.257535 0.530126 0.152989 0.0440329 0.0153179
 0.24378 0.48924 0.206928 0.0435123 0.0165392
 0.280898 0.460055 0.185964 0.056909 0.0161729
 0.215822 0.53861 0.175118 0.050878 0.0195716
pobs_RECLAS
 0 0 0 0 0
 0 0 0 0 0
 0 0 0 0 0
 0 0 0 0 0
 0.835266 0.146461 0.0176864 0.000547809 3.91292e-05
 0.385257 0.428462 0.181853 0.0044286 0
 0.867414 0.0963971 0.0333333 0.00285562 0
 0.441836 0.489002 0.0689373 0.000224442 0
 0.779404 0.147425 0.0564933 0.0165055 0.000172143
 0.814271 0.122319 0.05973 0.00367925 0
 0.40263 0.566651 0.0304383 0.000280538 0
 0.475488 0.404961 0.113038 0.00651328 0
 0.955842 0.0263864 0.0167828 0.000988607 0
 0.975058 0.0227948 0.00214734 0 0
 0.738997 0.206755 0.0527124 0.00153531 0
 0.850938 0.134255 0.0134407 0.00136685 0
 0.542534 0.407297 0.0501686 0 0
 0.764087 0.199537 0.0359546 0.000420521 0
 0.470689 0.182191 0.310203 0.0369168 0
 0.84361 0.089868 0.0606195 0.00523954 0.000663233
 0.607945 0.314616 0.071237 0.00620181 0
 0.523733 0.453247 0.0230204 0 0
 0.530135 0.295979 0.169645 0.0042399 0
 0.562478 0.366248 0.0663022 0.0049721 0
ppred_RECLAS
 0.748186 0.189629 0.0557153 0.00646541 3.83394e-06
 0.706873 0.24481 0.0374015 0.00978817 0.00112717
 0.554573 0.35869 0.0736542 0.0101439 0.0029387
 0.686876 0.214595 0.0815652 0.014428 0.00253492
 0.691007 0.227312 0.0564933 0.0208589 0.00432883
 0.510408 0.360395 0.0952704 0.023469 0.0104577
 0.651991 0.205119 0.106651 0.0267498 0.00948944
 0.593363 0.292101 0.0685179 0.0343696 0.0116488
 0.650125 0.239585 0.0807821 0.0176875 0.0118205
 0.632412 0.270564 0.0680432 0.0212588 0.0077223
 0.4886 0.369377 0.106302 0.0250848 0.0106359
 0.50367 0.308378 0.140085 0.0359038 0.0119639
 0.626488 0.240362 0.0861084 0.0351291 0.0119119
 0.635727 0.291734 0.0495668 0.0149206 0.00805091
 0.737559 0.225868 0.0310334 0.00381307 0.00172619
 0.747553 0.227018 0.0228453 0.00220117 0.000382824
 0.624861 0.317203 0.052856 0.00456872 0.000511121
 0.645091 0.259056 0.0823607 0.012318 0.00117466
 0.632887 0.267743 0.073947 0.0218601 0.00356254
 0.709404 0.206981 0.0619825 0.0161159 0.00551663
 0.658653 0.263927 0.0560807 0.0158366 0.00550356
 0.646951 0.252241 0.0784724 0.0161885 0.00614707
 0.690512 0.219266 0.0651221 0.0195497 0.00555016
 0.607794 0.294184 0.0702896 0.0200335 0.00769857
pobs_PELACES
 0 0 0 0 0
 0 0 0 0 0
 0 0 0 0 0
 0 0 0 0 0
 0 0 0 0 0
 0 0 0 0 0
 0 0 0 0 0
 0 0 0 0 0
 0 0 0 0 0
 0 0 0 0 0
 0.450072 0.473896 0.0757376 0.000293798 0
 0 0 0 0 0
 0.463077 0.371075 0.160297 0.00555027 0
 0.529543 0.364841 0.0842815 0.0213345 0
 0.631943 0.363953 0.00410389 0 0
 0.735681 0.248677 0.0153453 0.000297389 0
 0.695825 0.281241 0.0229344 0 0
 0.275771 0.60734 0.115278 0.00161068 0
 0 0 0 0 0
 0.896147 0.0623911 0.0374545 0.00400742 0
 0.803859 0.145111 0.0509908 3.86294e-05 0
 0.739449 0.233085 0.0266225 0.000797448 4.60066e-05
 0.878498 0.100942 0.0204185 0.000141795 0
 0.694673 0.275183 0.0284847 0.00165964 0
ppred_PELACES
 0.766508 0.17892 0.0489209 0.00564743 3.34794e-06
 0.720684 0.235627 0.0338538 0.00882032 0.00101548
 0.593675 0.333269 0.0621035 0.00849304 0.00245952
 0.678914 0.221372 0.0825667 0.0145852 0.00256234
 0.674046 0.240011 0.0594455 0.0219435 0.00455386
 0.51036 0.363622 0.0929855 0.0228511 0.0101811
 0.645149 0.210954 0.107444 0.0269083 0.0095449
 0.599092 0.291461 0.0655547 0.0327831 0.0111093
 0.659194 0.236916 0.0761663 0.0166193 0.0111046
 0.634569 0.271622 0.0658413 0.0205161 0.00745141
 0.514087 0.357984 0.0958798 0.0225078 0.00954063
 0.525375 0.302074 0.128759 0.0328488 0.0109432
 0.66876 0.220876 0.0715587 0.0289812 0.00982334
 0.725574 0.228087 0.0318101 0.00943928 0.00508938
 0.819225 0.160166 0.0175321 0.00211893 0.000958399
 0.774278 0.204876 0.0187408 0.00179324 0.000311762
 0.644213 0.303947 0.0473155 0.00406968 0.00045517
 0.652328 0.256878 0.0780496 0.0116349 0.00110932
 0.635292 0.268688 0.0715036 0.021081 0.00343506
 0.711836 0.207483 0.0598499 0.0155192 0.0053116
 0.649408 0.272194 0.0568091 0.0160214 0.0055674
 0.640099 0.258748 0.078769 0.0162242 0.00616007
 0.686239 0.223964 0.0648496 0.0194321 0.00551622
 0.602409 0.300098 0.0699466 0.0198999 0.0076465
pobs_pel_tallas
 0 0 0 0 0 0 0 0 0 0 0 0 0 0 0 0 0 0 0 0 0 0 0 0 0 0 0 0 0 0 0 0 0 0 0 0
 0 0 0 0 0 0 0 0 0 0 0 0 0 0 0 0 0 0 0 0 0 0 0 0 0 0 0 0 0 0 0 0 0 0 0 0
 0 0 0 0 0 0 0 0 0 0 0 0 0 0 0 0 0 0 0 0 0 0 0 0 0 0 0 0 0 0 0 0 0 0 0 0
 0 0 0 0 0 0 0 0 0 0 0 0 0 0 0 0 0 0 0 0 0 0 0 0 0 0 0 0 0 0 0 0 0 0 0 0
 0 0 0 0 0 0 0 0 0 0 0 0 0 0 0 0 0 0 0 0 0 0 0 0 0 0 0 0 0 0 0 0 0 0 0 0
 0 0 0 0 0 0 0 0 0 0 0 0 0 0 0 0 0 0 0 0 0 0 0 0 0 0 0 0 0 0 0 0 0 0 0 0
 0 0 0 0 0 0 0 0 0 0 0 0 0 0 0 0 0 0 0 0 0 0 0 0 0 0 0 0 0 0 0 0 0 0 0 0
 0 0 0 0 0 0 0 0 0 0 0 0 0 0 0 0 0 0 0 0 0 0 0 0 0 0 0 0 0 0 0 0 0 0 0 0
 0 0 0 0 0 0 0 0 0 0 0 0 0 0 0 0 0 0 0 0 0 0 0 0 0 0 0 0 0 0 0 0 0 0 0 0
 0 0 0 0 0 0 0 0 0 0 0 0 0 0 0 0 0 0 0 0 0 0 0 0 0 0 0 0 0 0 0 0 0 0 0 0
 0 0 0 0 0 0 0 0 1.78061e-05 0.00172719 0.00360574 0.0105946 0.0120993 0.0124554 0.0147524 0.0171206 0.0266825 0.0428682 0.0675386 0.121331 0.153587 0.119568 0.100827 0.0573624 0.0630603 0.0341343 0.0324427 0.0444173 0.0211091 0.0280891 0.0125444 0.00206551 0 0 0 0
 0 0 0 0 0 0 0 0 0 0 0 0 0 0 0 0 0 0 0 0 0 0 0 0 0 0 0 0 0 0 0 0 0 0 0 0
 0 0 0 0 0 0 0.0133647 0.0140871 0.0187388 0.0205184 0.03894 0.0496705 0.03968 0.0493445 0.0407372 0.0367815 0.0215668 0.0243155 0.0234873 0.0199281 0.019796 0.0243948 0.0301388 0.0376714 0.0412746 0.0863199 0.0771752 0.113111 0.0741005 0.0525337 0.0229764 0.00759418 0.00175318 0 0 0
 0 0 0 0 0 0 0 0 0 0 0.00219441 0.00772107 0.0458388 0.0604681 0.0671733 0.0775358 0.0609151 0.0617685 0.073594 0.0568108 0.0755445 0.0548602 0.0670107 0.0636378 0.0643287 0.046367 0.0373049 0.0286899 0.0247887 0.0153202 0.00654259 0.00121912 0.000365735 0 0 0
 0 0 0 0 0 0 0 0 0 0 0 0 0.000112435 0.00938835 0.0111873 0.0202946 0.0414886 0.0713402 0.111592 0.104902 0.108894 0.110636 0.117776 0.105296 0.107544 0.0401394 0.0192827 0.0124803 0.00416011 0.0028671 0.000618394 0 0 0 0 0
 0 0 0 0 0 0 0 0 0 0 0.00291406 0.0102884 0.027416 0.0768956 0.0749926 0.110853 0.0956884 0.0897413 0.0766577 0.0534642 0.0500743 0.0551293 0.0594112 0.0620874 0.0668451 0.0424026 0.0208742 0.0120726 0.0048766 0.00582813 0.00118941 0.000297354 0 0 0 0
 0 0.00264628 0.0354308 0.0461629 0.0458689 0.0383711 0.0214643 0.0164657 0.0346957 0.0420465 0.0363128 0.0245516 0.0311673 0.0291091 0.0169068 0.0133784 0.00837989 0.0085269 0.0148486 0.0160247 0.0276389 0.0546898 0.0760071 0.122758 0.109233 0.0665981 0.0333725 0.0166128 0.00676272 0.00308733 0.000882094 0 0 0 0 0
 0 0 0 0 0 0 0 0.000805153 0.000690131 0.00759144 0.0133425 0.0154129 0.00931677 0.000345066 0.00356568 0.00563607 0.00851162 0.0253048 0.0502646 0.0516448 0.0657925 0.0565908 0.0611916 0.0827007 0.0866115 0.110766 0.145733 0.0935128 0.0569358 0.0249597 0.0138026 0.00621118 0.00161031 0.00115022 0 0
 0 0 0 0 0 0 0 0 0 0 0 0 0 0 0 0 0 0 0 0 0 0 0 0 0 0 0 0 0 0 0 0 0 0 0 0
 0.00147267 0.00158595 0.00478618 0.00569244 0.00954404 0.0108468 0.00647125 0.017049 0.0510054 0.094081 0.124002 0.0959785 0.0687766 0.0820023 0.061753 0.0591476 0.0492212 0.0479892 0.0443925 0.0268479 0.0217502 0.0140895 0.0121071 0.0120363 0.00920419 0.00665534 0.0049561 0.00860946 0.00930331 0.0156896 0.0114698 0.00855282 0.00243557 0.00046729 0 2.83206e-05
 0 0 0 0 0.000772559 0.00158375 0.000888443 0.00281984 0.00712685 0.0440552 0.0773331 0.111326 0.0921469 0.0852325 0.0710754 0.0886704 0.0786465 0.0553345 0.0373146 0.0185414 0.00753245 0.00457741 0.012979 0.0271748 0.0457355 0.0583668 0.034881 0.0177882 0.00938659 0.00492506 0.0015258 0.00185414 0.000309023 5.79419e-05 3.86279e-05 0
 0 0.00173294 0.00326652 0 0.00397197 0.00683976 0.00946217 0.0152591 0.00757587 0.0136028 0.0228656 0.0392903 0.0559909 0.0764795 0.0681675 0.0726916 0.0566044 0.0477403 0.0527397 0.0444891 0.0609904 0.0582453 0.0661739 0.0445044 0.0529084 0.0360697 0.0280645 0.0235558 0.0158879 0.00826598 0.00280645 0.00217768 0.000904811 0.00058276 9.20147e-05 0
 0 0 0 0 0 0 0 0 0 0 0 0 0 0 0 0 0 0 0 0 0 0 0 0 0 0 0 0 0 0 0 0 0 0 0 0
 0 0 0 0 0 0 0 0 0 0 0 0 0 0 0 0 0 0 0 0 0 0 0 0 0 0 0 0 0 0 0 0 0 0 0 0
ppred_pel_tallas
 1.00948e-16 3.34433e-05 0.000196286 0.000933059 0.00359233 0.0112024 0.0282963 0.0578979 0.0959723 0.128888 0.140256 0.123717 0.088562 0.0516883 0.0250903 0.0110607 0.00594937 0.005457 0.0069438 0.00923924 0.0118459 0.0144448 0.016736 0.018441 0.0193533 0.0193832 0.0185754 0.0170907 0.0151608 0.0130315 0.0109138 0.00895499 0.007233 0.0057691 0.00454876 0.00354172
 1.00908e-16 3.14474e-05 0.000184564 0.000877316 0.00337769 0.010533 0.0266056 0.054439 0.0902408 0.121197 0.131902 0.116385 0.0833948 0.048836 0.0240108 0.0111027 0.00670691 0.00679793 0.00889076 0.0118524 0.0151495 0.018388 0.0211778 0.0231581 0.0240688 0.0238099 0.022464 0.0202687 0.0175538 0.0146624 0.0118826 0.00940779 0.00732927 0.00565488 0.00434002 0.00331831
 1.01397e-16 2.59133e-05 0.000152064 0.00072279 0.00278269 0.00867748 0.0219188 0.0448504 0.0743505 0.0998685 0.108724 0.0960142 0.0689744 0.0407466 0.0206955 0.0106838 0.00796983 0.00928313 0.0125825 0.0168811 0.0216156 0.0262749 0.0303155 0.0332257 0.0346324 0.0343863 0.032594 0.029581 0.0258038 0.0217401 0.0177941 0.0142407 0.0112149 0.0087368 0.00675454 0.00518522
 1.01866e-16 2.96256e-05 0.000173869 0.000826475 0.00318194 0.00992256 0.0250637 0.0512841 0.0850112 0.114174 0.12426 0.109646 0.0785736 0.046029 0.0226625 0.0105368 0.0064518 0.00662581 0.00873042 0.0117124 0.015083 0.0184814 0.0215443 0.0239257 0.0253619 0.0257271 0.0250555 0.0235211 0.0213845 0.0189267 0.016392 0.0139545 0.0117134 0.00970697 0.00793683 0.00638939
 1.01889e-16 2.9414e-05 0.000172625 0.000820558 0.00315915 0.00985149 0.0248842 0.050917 0.0844032 0.113359 0.123378 0.108877 0.0780448 0.0457634 0.0226135 0.0106497 0.00670112 0.00701553 0.00927729 0.0124279 0.0159599 0.0194857 0.0226129 0.0249725 0.0262899 0.0264457 0.0254983 0.0236589 0.0212303 0.0185318 0.0158339 0.0133212 0.0110873 0.00915311 0.00749608 0.00607783
 1.027e-16 2.22817e-05 0.00013074 0.000621407 0.00239233 0.00746015 0.018844 0.0385594 0.063924 0.085871 0.0935049 0.0826213 0.0594556 0.0353297 0.0183262 0.0100852 0.00828978 0.0101599 0.0139522 0.0187974 0.0241524 0.0294821 0.0342012 0.0377505 0.0397137 0.0399098 0.0384282 0.0355906 0.031859 0.027721 0.0235906 0.0197521 0.0163505 0.0134194 0.0109247 0.00880678
 1.02965e-16 2.81529e-05 0.000165224 0.000785377 0.0030237 0.00942911 0.0238172 0.0487338 0.0807838 0.108497 0.118083 0.104198 0.0746764 0.0437601 0.0215728 0.0100789 0.00624368 0.00648132 0.00858878 0.0115757 0.0149879 0.0184906 0.0217424 0.0244119 0.026237 0.0270775 0.0269368 0.0259446 0.0243109 0.0222679 0.0200208 0.0177206 0.0154612 0.0132929 0.0112431 0.00933212
 1.02672e-16 2.61478e-05 0.000153445 0.000729362 0.00280801 0.00875644 0.0221182 0.0452581 0.0750251 0.100771 0.109696 0.096849 0.0695222 0.0409662 0.0206158 0.0103333 0.00733662 0.0083172 0.0112216 0.0150807 0.0193766 0.0236629 0.0274698 0.0303521 0.0319794 0.0322093 0.0311143 0.028951 0.0260852 0.0228999 0.0197169 0.0167525 0.014112 0.0118134 0.00982427 0.00809616
 1.02249e-16 2.87663e-05 0.000168823 0.000802482 0.00308956 0.00963446 0.024336 0.0497953 0.0825439 0.110862 0.120661 0.106482 0.0763338 0.0447715 0.0221449 0.0104665 0.00663856 0.00699577 0.00927765 0.0124527 0.0160267 0.019621 0.0228494 0.0253453 0.0268317 0.0271805 0.026436 0.0247911 0.0225295 0.0199532 0.0173211 0.0148131 0.0125253 0.0104875 0.0086906 0.00711114
 1.02077e-16 2.7694e-05 0.000162524 0.00077253 0.00297422 0.00927478 0.0234275 0.0479368 0.0794644 0.10673 0.116174 0.102546 0.0735646 0.0432526 0.0215893 0.0105298 0.00710964 0.00781122 0.0104564 0.0140312 0.0180173 0.0219887 0.0255037 0.028145 0.0296027 0.0297431 0.0286347 0.0265192 0.0237424 0.0206681 0.0176048 0.0147626 0.0122472 0.0100811 0.00823657 0.00666716
 1.02697e-16 2.2444e-05 0.000131694 0.000625941 0.00240979 0.00751459 0.0189815 0.0388407 0.0643901 0.0864964 0.094184 0.0832167 0.0598742 0.0355586 0.0184087 0.010073 0.00821446 0.0100308 0.0137662 0.0185494 0.0238411 0.029114 0.0337917 0.0373229 0.0392961 0.0395304 0.0381104 0.0353493 0.0316985 0.0276353 0.0235661 0.0197707 0.0163938 0.0134714 0.0109737 0.00884555
 1.03567e-16 2.29339e-05 0.000134575 0.000639651 0.00246259 0.00767928 0.0193975 0.0396913 0.0657985 0.088383 0.0962242 0.0849862 0.061075 0.0361271 0.0184386 0.00967057 0.0074134 0.00879256 0.0120234 0.0162536 0.021002 0.0258252 0.0302397 0.0337746 0.0360644 0.0369248 0.0363832 0.0346522 0.0320598 0.0289623 0.0256704 0.022407 0.0193023 0.0164143 0.0137603 0.0113438
 1.02543e-16 2.91828e-05 0.000171269 0.000814117 0.00313436 0.00977417 0.0246889 0.0505172 0.0837401 0.112467 0.122403 0.108009 0.0774041 0.0453512 0.0223425 0.010411 0.00640639 0.00660473 0.00871354 0.0116958 0.0150697 0.0184792 0.0215659 0.0239891 0.0254901 0.0259468 0.0253949 0.0240064 0.0220359 0.0197541 0.0173918 0.0151083 0.012988 0.0110574 0.0093109 0.0077336
 1.01089e-16 3.16604e-05 0.000185814 0.000883264 0.00340059 0.0106044 0.026786 0.0548081 0.0908523 0.122017 0.132793 0.117166 0.0839431 0.0491344 0.0241153 0.0110803 0.00659749 0.00661164 0.00862114 0.0114897 0.0146894 0.0178367 0.0205547 0.0224949 0.0234059 0.0231915 0.0219308 0.0198525 0.0172737 0.0145234 0.0118767 0.0095172 0.00752999 0.00592028 0.00464379 0.00363668
 1.00419e-16 3.57412e-05 0.000209779 0.000997207 0.00383933 0.0119726 0.0302418 0.0618785 0.10257 0.137745 0.149886 0.132191 0.0945843 0.0551144 0.0265869 0.0114345 0.00573806 0.00488693 0.00605198 0.00798705 0.0101815 0.0123312 0.0141641 0.0154343 0.0159671 0.0156986 0.0146905 0.0131115 0.0111931 0.00917514 0.00725855 0.00557732 0.0041932 0.00310842 0.00228731 0.00167806
 1.0041e-16 3.37831e-05 0.000198279 0.000942527 0.00362878 0.011316 0.0285834 0.0584856 0.096947 0.130199 0.141687 0.12499 0.0894983 0.0522838 0.0254702 0.01138 0.00633191 0.00598326 0.00765971 0.0101598 0.0129506 0.0156707 0.0179768 0.0195556 0.020185 0.0197856 0.01844 0.0163681 0.0138703 0.0112576 0.00878971 0.00663959 0.00488595 0.00352975 0.00252222 0.00179318
 1.00932e-16 2.81158e-05 0.000164997 0.000784282 0.00301946 0.00941584 0.0237838 0.0486661 0.0806741 0.108357 0.117951 0.104128 0.0747291 0.0439967 0.0220697 0.0109419 0.00761092 0.00850703 0.0114106 0.0152703 0.0195238 0.0236913 0.0272739 0.0298054 0.0309489 0.0305747 0.0287893 0.0259005 0.0223366 0.0185439 0.0148992 0.0116572 0.00894065 0.00676325 0.00506928 0.00377274
 1.01644e-16 2.84678e-05 0.000167068 0.000794136 0.00305742 0.00953422 0.0240828 0.0492775 0.0816862 0.109712 0.119415 0.105395 0.0755809 0.0443839 0.0220535 0.0105901 0.00693728 0.00747282 0.009958 0.01336 0.0171662 0.0209678 0.0243439 0.0268953 0.0283226 0.0284918 0.0274591 0.0254459 0.0227751 0.0197904 0.0167881 0.013976 0.0114665 0.00929422 0.00744535 0.00588534
 1.01988e-16 2.77254e-05 0.000162709 0.000773408 0.0029776 0.00928532 0.0234541 0.0479912 0.0795546 0.106851 0.116305 0.102661 0.0736431 0.0432922 0.0215968 0.0105136 0.00707376 0.00775557 0.0103793 0.0139319 0.0178981 0.0218563 0.0253687 0.0280209 0.0295038 0.0296813 0.0286166 0.0265444 0.0238031 0.0207504 0.0176915 0.0148363 0.012294 0.010092 0.00820899 0.00660432
 1.01699e-16 3.10605e-05 0.000182295 0.000866535 0.00333619 0.0104036 0.0262786 0.0537699 0.089131 0.119705 0.130273 0.114936 0.0823302 0.0481605 0.0235828 0.0107462 0.00628182 0.00621277 0.00809256 0.010822 0.0139064 0.016998 0.0197553 0.0218573 0.0230635 0.0232662 0.02251 0.0209714 0.0189066 0.0165874 0.014246 0.0120429 0.0100625 0.00832808 0.00682646 0.00553069
 1.01706e-16 2.8341e-05 0.000166323 0.000790589 0.00304375 0.00949162 0.0239752 0.0490574 0.0813218 0.109224 0.118887 0.104937 0.0752703 0.0442367 0.0220452 0.0106928 0.00714106 0.00778581 0.0103946 0.0139285 0.0178585 0.0217536 0.0251694 0.0276882 0.029003 0.0289863 0.027716 0.025446 0.022535 0.0193593 0.0162364 0.0133819 0.0109018 0.00881398 0.00708242 0.00564988
 1.02048e-16 2.79346e-05 0.000163938 0.000779254 0.00300011 0.00935553 0.0236314 0.048354 0.0801555 0.107657 0.11718 0.103426 0.0741786 0.0435791 0.0216885 0.0104735 0.00693856 0.00753291 0.0100616 0.0135105 0.0173727 0.0212405 0.0246919 0.0273264 0.0288426 0.0291041 0.0281649 0.026243 0.0236572 0.0207464 0.0178012 0.0150241 0.0125234 0.0103314 0.00843458 0.0068014
 1.0192e-16 2.99451e-05 0.000175744 0.00083539 0.00321626 0.0100296 0.025334 0.0518373 0.0859282 0.115405 0.1256 0.110827 0.079418 0.0465193 0.0228955 0.0106299 0.00648604 0.00663884 0.00873168 0.0116968 0.0150372 0.0183869 0.0213791 0.0236677 0.0249932 0.0252384 0.0244507 0.0228186 0.0206169 0.0181367 0.0156265 0.0132581 0.0111216 0.00924198 0.00760583 0.00618546
 1.02132e-16 2.62928e-05 0.000154295 0.000733402 0.00282356 0.00880494 0.0222408 0.0455089 0.0754409 0.10133 0.110306 0.0973914 0.0699194 0.0412162 0.0207707 0.0104585 0.00748388 0.0085209 0.011503 0.0154504 0.0198331 0.0241895 0.0280328 0.0309022 0.0324565 0.0325502 0.0312623 0.0288641 0.0257426 0.0223043 0.0188937 0.0157453 0.0129768 0.0106115 0.00861604 0.00693533
pSPR Fmed_Fpbrs
0.552667   0.6 0.325
Fs Fmed_Fpbrs
0.522388   0.427906 1.42604
SSBpbr Bo_Bmed_Bpbrs
952596  478839  523928 261964
Ro
39340.1
SPR SPRFo_SPRFmed_SPRFpbrs
809368 447311 263045
log_Ro
10.4
likeval ReclasPelacesDesembMPH_pf_preclas_ppelaces_ptallas_desvR_qrecl_qpela
 61.4348 16.5863 0.00835399 0.000215527 282.269 164.727 79.1221 0 15.6493 2.00713e-05 5.52452e-05 6.54712e-15 0 0 0
q_reclas_q_pelaces
0.530015 2.87902
M
0.7
N
 40538.8 11364.9 3723.55 435.524 0.258372
 49182.9 18147.6 3042.97 801.758 92.3612
 28558.9 22352.8 5317.23 740.159 214.548
 43121.7 12329.2 4822.21 854.772 150.195
 73150.7 20838.2 5205.79 1922.85 399.055
 53150.7 36146.7 10048.2 2484.33 1107.23
 86840.4 25160.2 13497.6 3393.11 1203.85
 85541.8 41858.6 10464.1 5273.26 1787.69
 106974 39981.2 14489.6 3189.19 2131.93
 118814 49594.9 13187.7 4136.94 1503.08
 66926 55951.7 17954.2 4270.38 1811.4
 45568.6 29962.7 14989.2 3868.7 1289.62
 43914.7 20643.7 8612.47 3552.62 1205.37
 23732.6 18863.7 4322.52 1329.7 718.325
 15021.3 8865.09 1718.77 216.528 98.1545
 14711.3 5374.48 624.972 60.8516 10.5892
 11495.7 6366.17 1176.01 102.414 11.462
 12811.9 5175 1762.22 264.875 25.2657
 14422 5959.64 1741.21 516.839 84.2476
 23792.6 6788.36 2151.47 561.706 192.32
 30629 11194.1 2444.13 691.559 240.357
 41123 14821.4 4765.07 985.361 374.207
 66541.8 19791.9 6108.76 1838.98 522.164
 70412.6 31855.5 7902.67 2258.52 868.041
pred_Ctot
 2889.66 3901.05 1589.92 188.36 0.111819
 3014.14 5514.16 1162.59 310.492 35.7938
 2704.93 9529.55 2753.52 387.597 112.418
 834.557 1340.07 691.946 124.753 21.9406
 259.117 434.865 146.299 55.0422 11.4343
 1791.59 6554.41 2364.04 593.765 264.853
 1835.2 2970.17 2098.98 536.606 190.554
 3629.82 9309.92 2989.04 1529.08 518.789
 5128.13 9883.4 4571.23 1020.91 682.996
 4430.32 9842.44 3381.44 1077.26 391.723
 4766.64 19193.1 7661.73 1845.81 783.483
 2890 9362.88 5875.75 1536.95 512.7
 4298.96 9014.31 4554.05 1899.25 644.769
 4298.87 12135.2 3145.96 974.167 526.441
 3076.75 6065.26 1310.55 166.042 75.2912
 1371.07 2264.38 320.317 31.5419 5.49208
 777.18 2094.84 483.261 42.6388 4.77539
 585.204 1227.11 534.66 81.5586 7.78574
 542.403 1191.79 449.715 135.562 22.1154
 902.125 1367.34 559.494 148.338 50.8304
 563.43 1159.8 334.707 96.3344 33.5122
 912.759 1831.8 774.776 162.918 61.9258
 1724.34 2824.12 1141.57 349.345 99.2801
 1782.64 4448.8 1446.44 420.242 161.657
F
 0.103723 0.617694 0.835626 0.851437 0.852285
 0.0885919 0.527585 0.713725 0.727229 0.727954
 0.139998 0.833722 1.12787 1.14921 1.15036
 0.0272364 0.162199 0.219425 0.223577 0.2238
 0.00493625 0.0293965 0.039768 0.0405205 0.0405609
 0.0478688 0.285069 0.385647 0.392943 0.393335
 0.0297738 0.17731 0.239868 0.244406 0.24465
 0.0605968 0.360867 0.488187 0.497424 0.49792
 0.0687005 0.409127 0.553474 0.563946 0.564508
 0.0530737 0.316066 0.427579 0.435669 0.436104
 0.103633 0.61716 0.834904 0.8507 0.851548
 0.091809 0.546743 0.739643 0.753637 0.754389
 0.145011 0.863573 1.16825 1.19036 1.19155
 0.284729 1.69563 2.29387 2.33727 2.3396
 0.327808 1.95217 2.64093 2.69089 2.69358
 0.137617 0.819539 1.10869 1.12966 1.13079
 0.0981366 0.584425 0.79062 0.805579 0.806382
 0.0653644 0.38926 0.526597 0.53656 0.537095
 0.0535427 0.318859 0.431357 0.439519 0.439957
 0.0539898 0.321521 0.434959 0.443189 0.443631
 0.0258723 0.154076 0.208436 0.21238 0.212591
 0.0312921 0.186352 0.252099 0.256869 0.257125
 0.0366191 0.218075 0.295015 0.300597 0.300897
 0.0357627 0.212975 0.288116 0.293567 0.29386
nmprior
 10 10 8 0
nm_flota  nm_reclas  nm_pelaces    nm_pelaL
inf 17.8192 15.8242 27.4907
cv_recla  cv_pelaces  cv_mph
0.725661 0.479225 0.476309
 ------------------------------------------------
Talla a la edad & desviación 
 7.2 14.2025 17.0495 18.207 18.6776
 1.08 2.13037 2.55742 2.73105 2.80164
