years
 1997 1998 1999 2000 2001 2002 2003 2004 2005 2006 2007 2008 2009 2010 2011 2012 2013 2014 2015 2016 2017 2018 2019 2020
reclasobs
 0 0 0 370054 412103 1.49427e+06 250295 1.28982e+06 931140 785840 897777 1.04006e+06 184774 17550 25797 100020 73551 82996 120727 218422 84188 347160 605670 569463
reclaspred
 2.02582e+06 255062 324670 101432 241005 245315 505959 458376 587658 1.05203e+06 945149 607248 375926 161652 97941.4 92684.2 103267 120459 100804 174130 310686 285156 423961 305664
pelacesobs
 0 0 0 0 0 0 0 0 0 2.06254e+06 1.5e+06 0 1.87456e+06 323000 250000 174000 83755 137374 0 501740 490994 745055 786931 1.00524e+06
pelacespred
 1.23542e+06 467259 131227 96668.5 210208 145315 457572 404262 519356 952276 713059 459379 309183 104231 65223.5 65641 75680.6 89449.7 73407.4 133842 265565 230257 267731 222520
mphobs
 0 0 0 0 0 112323 0 153150 637223 0 255016 313432 73983 77613 109348 50772 0 0 0 0 0 0 0 0
mphpred
 799940 344185 145112 65250.9 46832.4 129395 135096 176941 205654 279236 499476 347682 189679 108688 45582.9 36350.2 40158.6 47972.3 49378.6 46379.2 100972 134488 155962 170072
desembarqueobs
 350755 77701 442110 56441 14545 235359 269955 359681 431902 328805 639364 411747 362871 311530 167758 66681 60226 58785 57116 71774 51957 67425 138520 160799
desembarquepred
 350744 77683 441604 56419.8 14543.8 235210 269860 359136 431480 328563 638668 411400 362295 311040 167422 66632.6 60205.1 58746 57070.7 71707.5 51944 67387.9 138438 160712
Reclutas
 5996.12 9275.64 1348.73 8561.54 55690.3 15314 51156.6 76953.3 89103.2 215202 53185.3 23263.7 53542.6 21785.7 14832 14747.2 10043.8 9379.93 7279.81 28525.3 32028.9 34434.2 40919.7 9133.23
log_desv_Rt
 -1.28113 -0.844853 -2.77308 -0.924964 0.947561 -0.343479 0.862646 1.27095 1.41755 2.29933 0.901537 0.0746512 0.908232 0.00900793 -0.375456 -0.381193 -0.765287 -0.833672 -1.08714 0.278548 0.394395 0.466805 0.639366 -0.860325
SSB
 1.98768e+06 855230 360572 162135 116369 321520 335685 439662 511007 693843 1.24109e+06 863918 471313 270067 113264 90322.8 99785.7 119201 122696 115243 250895 334174 387534 422594
BT
 2.43136e+06 1.00664e+06 484511 240071 388883 443350 1.01833e+06 1.10645e+06 1.3201e+06 2.00895e+06 1.83051e+06 1.19065e+06 912709 482128 255359 172210 185211 207834 181890 299402 516651 476692 578457 542325
Ftot
 0.152235 0.234173 0.955125 0.515119 0.143155 0.970751 0.829833 1.48252 1.27871 0.660219 0.716564 0.578748 1.10371 2.03099 2.27378 0.993814 0.770154 0.581613 0.596986 0.738143 0.241813 0.267012 0.347515 0.471722
BD_Bspro_t
 0.980461 0.856664 0.631621 0.292382 0.380843 0.682959 0.50264 0.517207 0.506494 0.533175 0.636706 0.472303 0.334318 0.255861 0.144356 0.144297 0.207398 0.308796 0.36839 0.412006 0.628036 0.740957 0.734422 0.684838
BD_Bspro
 4.47485 1.92537 0.811751 0.365013 0.26198 0.723834 0.755724 0.989805 1.15042 1.56204 2.79406 1.94493 1.06106 0.607998 0.25499 0.203342 0.224646 0.268356 0.276223 0.259444 0.564836 0.752322 0.87245 0.951381
BD_Bo
 2.08185 0.895747 0.377655 0.169816 0.121882 0.336753 0.351589 0.460491 0.535217 0.726715 1.29989 0.904848 0.493642 0.282862 0.11863 0.094602 0.104513 0.124849 0.128508 0.120702 0.262781 0.350006 0.405894 0.442615
BD_Brms
 5.86384 2.523 1.06372 0.478312 0.343298 0.948512 0.9903 1.29704 1.50751 2.0469 3.66133 2.54863 1.39041 0.796721 0.334139 0.26646 0.294376 0.351654 0.361962 0.339975 0.740161 0.985843 1.14326 1.24669
S_f
 0.113041 0.707732 0.978727 0.998857 0.99994
 0.113041 0.707732 0.978727 0.998857 0.99994
 0.113041 0.707732 0.978727 0.998857 0.99994
 0.113041 0.707732 0.978727 0.998857 0.99994
 0.113041 0.707732 0.978727 0.998857 0.99994
 0.113041 0.707732 0.978727 0.998857 0.99994
 0.113041 0.707732 0.978727 0.998857 0.99994
 0.113041 0.707732 0.978727 0.998857 0.99994
 0.113041 0.707732 0.978727 0.998857 0.99994
 0.113041 0.707732 0.978727 0.998857 0.99994
 0.113041 0.707732 0.978727 0.998857 0.99994
 0.113041 0.707732 0.978727 0.998857 0.99994
 0.113041 0.707732 0.978727 0.998857 0.99994
 0.113041 0.707732 0.978727 0.998857 0.99994
 0.113041 0.707732 0.978727 0.998857 0.99994
 0.113041 0.707732 0.978727 0.998857 0.99994
 0.113041 0.707732 0.978727 0.998857 0.99994
 0.113041 0.707732 0.978727 0.998857 0.99994
 0.113041 0.707732 0.978727 0.998857 0.99994
 0.113041 0.707732 0.978727 0.998857 0.99994
 0.113041 0.707732 0.978727 0.998857 0.99994
 0.113041 0.707732 0.978727 0.998857 0.99994
 0.113041 0.707732 0.978727 0.998857 0.99994
 0.113041 0.707732 0.978727 0.998857 0.99994
Scru_reclas
 0.805032 0.954086 0.990528 0.998104 0.999623
 0.805032 0.954086 0.990528 0.998104 0.999623
 0.805032 0.954086 0.990528 0.998104 0.999623
 0.805032 0.954086 0.990528 0.998104 0.999623
 0.805032 0.954086 0.990528 0.998104 0.999623
 0.805032 0.954086 0.990528 0.998104 0.999623
 0.805032 0.954086 0.990528 0.998104 0.999623
 0.805032 0.954086 0.990528 0.998104 0.999623
 0.805032 0.954086 0.990528 0.998104 0.999623
 0.805032 0.954086 0.990528 0.998104 0.999623
 0.805032 0.954086 0.990528 0.998104 0.999623
 0.805032 0.954086 0.990528 0.998104 0.999623
 0.805032 0.954086 0.990528 0.998104 0.999623
 0.805032 0.954086 0.990528 0.998104 0.999623
 0.805032 0.954086 0.990528 0.998104 0.999623
 0.805032 0.954086 0.990528 0.998104 0.999623
 0.805032 0.954086 0.990528 0.998104 0.999623
 0.805032 0.954086 0.990528 0.998104 0.999623
 0.805032 0.954086 0.990528 0.998104 0.999623
 0.805032 0.954086 0.990528 0.998104 0.999623
 0.805032 0.954086 0.990528 0.998104 0.999623
 0.805032 0.954086 0.990528 0.998104 0.999623
 0.805032 0.954086 0.990528 0.998104 0.999623
 0.805032 0.954086 0.990528 0.998104 0.999623
Scru_pelaces
 1 1 1 1 1
 1 1 1 1 1
 1 1 1 1 1
 1 1 1 1 1
 1 1 1 1 1
 1 1 1 1 1
 1 1 1 1 1
 1 1 1 1 1
 1 1 1 1 1
 1 1 1 1 1
 1 1 1 1 1
 1 1 1 1 1
 1 1 1 1 1
 1 1 1 1 1
 1 1 1 1 1
 1 1 1 1 1
 1 1 1 1 1
 1 1 1 1 1
 1 1 1 1 1
 1 1 1 1 1
 1 1 1 1 1
 1 1 1 1 1
 1 1 1 1 1
 1 1 1 1 1
pf_obs 
 0.256992 0.487395 0.22802 0.0275931 0
 0.321318 0.546541 0.124235 0.00734118 0.000564706
 0.182869 0.594174 0.210203 0.0122559 0.00049798
 0.330522 0.361315 0.267642 0.0388342 0.00168674
 0.649043 0.306663 0.0425973 0.00169635 0
 0.582887 0.30429 0.105238 0.00758474 0
 0.465427 0.430635 0.0974691 0.00646863 0
 0.296916 0.608066 0.0921331 0.00288517 0
 0.311714 0.524322 0.152257 0.0117073 0
 0.15457 0.633149 0.183074 0.0267441 0.00246327
 0.131901 0.49318 0.331252 0.0422183 0.00144891
 0.196976 0.569456 0.194076 0.0375587 0.00193317
 0.518974 0.381816 0.0799577 0.0180837 0.00116848
 0.0928022 0.601141 0.25162 0.0475244 0.00691264
 0.122501 0.610282 0.24278 0.0234846 0.000952079
 0.383417 0.481906 0.127806 0.00687128 0
 0.0376549 0.599619 0.316969 0.0457579 0
 0.0361596 0.667082 0.258105 0.0386534 0
 0.158088 0.579412 0.248529 0.0139706 0
 0.0477256 0.309471 0.559284 0.082774 0.000745712
 0.0406174 0.521527 0.379366 0.0568643 0.0016247
 0.151134 0.462217 0.34131 0.0453401 0
 0.294876 0.26143 0.354403 0.0886775 0.000613685
 0.281977 0.475581 0.204845 0.0348837 0.00271318
pf_pred 
 0.0109051 0.65199 0.298732 0.0383699 2.15733e-06
 0.0294089 0.0546875 0.668007 0.220203 0.0276936
 0.0111221 0.183392 0.0631144 0.544725 0.197647
 0.205237 0.079215 0.195045 0.0420073 0.478495
 0.606583 0.263529 0.0185256 0.0309519 0.0804106
 0.0929621 0.816034 0.0675786 0.00340501 0.0200201
 0.384898 0.261566 0.330763 0.0170558 0.00571755
 0.388964 0.517023 0.0505774 0.0407163 0.00271884
 0.338467 0.566746 0.0861332 0.00474095 0.00391253
 0.46062 0.43507 0.0949998 0.00848892 0.000821634
 0.0799457 0.780914 0.120197 0.0172944 0.00164847
 0.0600121 0.340069 0.537602 0.0540395 0.00827714
 0.256135 0.24825 0.228086 0.240403 0.0271262
 0.155966 0.666703 0.0812149 0.0450552 0.0510609
 0.242889 0.53427 0.197297 0.0120169 0.0135272
 0.300818 0.57102 0.107003 0.0188471 0.00231198
 0.184603 0.622266 0.16964 0.0197169 0.00377431
 0.187666 0.494733 0.264654 0.0466712 0.0062759
 0.159032 0.513456 0.229465 0.0820635 0.0159841
 0.478775 0.295583 0.158736 0.0472547 0.0196517
 0.265938 0.636423 0.0653671 0.0228965 0.00937499
 0.199912 0.525131 0.248158 0.0180744 0.00872416
 0.202315 0.469844 0.23952 0.0798895 0.0084315
 0.0487674 0.579479 0.25075 0.0889666 0.0320373
pobs_RECLAS
 0 0 0 0 0
 0 0 0 0 0
 0 0 0 0 0
 0 0 0 0 0
 0.835266 0.146461 0.0176864 0.000547809 3.91292e-05
 0.385257 0.428462 0.181853 0.0044286 0
 0.867414 0.0963971 0.0333333 0.00285562 0
 0.441836 0.489002 0.0689373 0.000224442 0
 0.779404 0.147425 0.0564933 0.0165055 0.000172143
 0.814271 0.122319 0.05973 0.00367925 0
 0.40263 0.566651 0.0304383 0.000280538 0
 0.475488 0.404961 0.113038 0.00651328 0
 0.955842 0.0263864 0.0167828 0.000988607 0
 0.975058 0.0227948 0.00214734 0 0
 0.738997 0.206755 0.0527124 0.00153531 0
 0.850938 0.134255 0.0134407 0.00136685 0
 0.542534 0.407297 0.0501686 0 0
 0.764087 0.199537 0.0359546 0.000420521 0
 0.470689 0.182191 0.310203 0.0369168 0
 0.84361 0.089868 0.0606195 0.00523954 0.000663233
 0.607945 0.314616 0.071237 0.00620181 0
 0.523733 0.453247 0.0230204 0 0
 0.530135 0.295979 0.169645 0.0042399 0
 0.562478 0.366248 0.0663022 0.0049721 0
ppred_RECLAS
 0.0602312 0.677799 0.232491 0.0294773 1.65805e-06
 0.175482 0.0612088 0.558675 0.181765 0.0228691
 0.0750864 0.222799 0.0557896 0.474212 0.172114
 0.64734 0.0462235 0.0843462 0.0179176 0.204173
 0.89955 0.0735853 0.00387331 0.00638816 0.016603
 0.369642 0.58325 0.0351168 0.00174248 0.0102481
 0.803047 0.0990552 0.091678 0.00465802 0.001562
 0.794654 0.182153 0.0125798 0.00994901 0.000664459
 0.752453 0.221143 0.0240293 0.00130071 0.00107367
 0.830646 0.143945 0.0231695 0.00204119 0.000197635
 0.331173 0.591469 0.0669566 0.00949641 0.000905497
 0.293656 0.306764 0.358588 0.0355459 0.00544654
 0.704685 0.121564 0.0806469 0.0836617 0.00944261
 0.54869 0.382972 0.0316546 0.0171958 0.0194878
 0.691483 0.24165 0.0593549 0.00353428 0.00397807
 0.716321 0.244008 0.0332053 0.00575916 0.000706684
 0.570163 0.350214 0.0700612 0.00802532 0.00153677
 0.582749 0.283161 0.111994 0.0194762 0.00261995
 0.533718 0.317332 0.104793 0.0369562 0.00720087
 0.850561 0.0958815 0.0378367 0.0111021 0.00461861
 0.666689 0.299168 0.0229562 0.00793622 0.00325084
 0.593789 0.292147 0.103076 0.00740929 0.00357781
 0.603201 0.261399 0.0992765 0.032674 0.00344979
 0.235407 0.518704 0.166583 0.058303 0.0210033
pobs_PELACES
 0 0 0 0 0
 0 0 0 0 0
 0 0 0 0 0
 0 0 0 0 0
 0 0 0 0 0
 0 0 0 0 0
 0 0 0 0 0
 0 0 0 0 0
 0 0 0 0 0
 0 0 0 0 0
 0.450072 0.473896 0.0757376 0.000293798 0
 0 0 0 0 0
 0.463077 0.371075 0.160297 0.00555027 0
 0.529543 0.364841 0.0842815 0.0213345 0
 0.631943 0.363953 0.00410389 0 0
 0.735681 0.248677 0.0153453 0.000297389 0
 0.695825 0.281241 0.0229344 0 0
 0.275771 0.60734 0.115278 0.00161068 0
 0 0 0 0 0
 0.896147 0.0623911 0.0374545 0.00400742 0
 0.803859 0.145111 0.0509908 3.86294e-05 0
 0.739449 0.233085 0.0266225 0.000797448 4.60066e-05
 0.878498 0.100942 0.0204185 0.000141795 0
 0.694673 0.275183 0.0284847 0.00165964 0
ppred_PELACES
 0.0735461 0.677782 0.220903 0.0277675 1.55942e-06
 0.218375 0.0613834 0.528472 0.170369 0.0214008
 0.113841 0.236304 0.0523284 0.438625 0.158901
 0.722793 0.039361 0.0660668 0.0138804 0.157899
 0.917249 0.061557 0.00308127 0.0050385 0.0130746
 0.459008 0.505107 0.0268572 0.00131403 0.00771382
 0.857238 0.0758119 0.0627504 0.00314666 0.00105327
 0.862074 0.124644 0.00726198 0.00564382 0.000376159
 0.824601 0.159103 0.0148527 0.000791129 0.000651746
 0.87031 0.111792 0.0163384 0.0014222 0.000137461
 0.405891 0.531422 0.054349 0.00761346 0.000724666
 0.367236 0.288941 0.308919 0.0302733 0.00463064
 0.792248 0.0928595 0.0537607 0.0549428 0.00618935
 0.689024 0.272395 0.0180846 0.00961898 0.0108766
 0.813229 0.15348 0.02963 0.00172468 0.00193671
 0.787216 0.186172 0.0223275 0.00381782 0.000467592
 0.650823 0.28999 0.0521599 0.00589917 0.00112761
 0.656235 0.24003 0.0868075 0.0149239 0.0020041
 0.610947 0.272616 0.0822063 0.0286568 0.00557408
 0.890014 0.0732387 0.0260598 0.00755136 0.00313585
 0.714385 0.257953 0.0186575 0.0063909 0.00261364
 0.649999 0.256065 0.0849686 0.00605057 0.00291699
 0.663881 0.226745 0.0804091 0.0262029 0.00276202
 0.291203 0.493533 0.146361 0.0506778 0.0182256
pobs_pel_tallas
 0 0 0 0 0 0 0 0 0 0 0 0 0 0 0 0 0 0 0 0 0 0 0 0 0 0 0 0 0 0 0 0 0 0 0 0
 0 0 0 0 0 0 0 0 0 0 0 0 0 0 0 0 0 0 0 0 0 0 0 0 0 0 0 0 0 0 0 0 0 0 0 0
 0 0 0 0 0 0 0 0 0 0 0 0 0 0 0 0 0 0 0 0 0 0 0 0 0 0 0 0 0 0 0 0 0 0 0 0
 0 0 0 0 0 0 0 0 0 0 0 0 0 0 0 0 0 0 0 0 0 0 0 0 0 0 0 0 0 0 0 0 0 0 0 0
 0 0 0 0 0 0 0 0 0 0 0 0 0 0 0 0 0 0 0 0 0 0 0 0 0 0 0 0 0 0 0 0 0 0 0 0
 0 0 0 0 0 0 0 0 0 0 0 0 0 0 0 0 0 0 0 0 0 0 0 0 0 0 0 0 0 0 0 0 0 0 0 0
 0 0 0 0 0 0 0 0 0 0 0 0 0 0 0 0 0 0 0 0 0 0 0 0 0 0 0 0 0 0 0 0 0 0 0 0
 0 0 0 0 0 0 0 0 0 0 0 0 0 0 0 0 0 0 0 0 0 0 0 0 0 0 0 0 0 0 0 0 0 0 0 0
 0 0 0 0 0 0 0 0 0 0 0 0 0 0 0 0 0 0 0 0 0 0 0 0 0 0 0 0 0 0 0 0 0 0 0 0
 0 0 0 0 0 0 0 0 0 0 0 0 0 0 0 0 0 0 0 0 0 0 0 0 0 0 0 0 0 0 0 0 0 0 0 0
 0 0 0 0 0 0 0 0 1.78061e-05 0.00172719 0.00360574 0.0105946 0.0120993 0.0124554 0.0147524 0.0171206 0.0266825 0.0428682 0.0675386 0.121331 0.153587 0.119568 0.100827 0.0573624 0.0630603 0.0341343 0.0324427 0.0444173 0.0211091 0.0280891 0.0125444 0.00206551 0 0 0 0
 0 0 0 0 0 0 0 0 0 0 0 0 0 0 0 0 0 0 0 0 0 0 0 0 0 0 0 0 0 0 0 0 0 0 0 0
 0 0 0 0 0 0 0.0133647 0.0140871 0.0187388 0.0205184 0.03894 0.0496705 0.03968 0.0493445 0.0407372 0.0367815 0.0215668 0.0243155 0.0234873 0.0199281 0.019796 0.0243948 0.0301388 0.0376714 0.0412746 0.0863199 0.0771752 0.113111 0.0741005 0.0525337 0.0229764 0.00759418 0.00175318 0 0 0
 0 0 0 0 0 0 0 0 0 0 0.00219441 0.00772107 0.0458388 0.0604681 0.0671733 0.0775358 0.0609151 0.0617685 0.073594 0.0568108 0.0755445 0.0548602 0.0670107 0.0636378 0.0643287 0.046367 0.0373049 0.0286899 0.0247887 0.0153202 0.00654259 0.00121912 0.000365735 0 0 0
 0 0 0 0 0 0 0 0 0 0 0 0 0.000112435 0.00938835 0.0111873 0.0202946 0.0414886 0.0713402 0.111592 0.104902 0.108894 0.110636 0.117776 0.105296 0.107544 0.0401394 0.0192827 0.0124803 0.00416011 0.0028671 0.000618394 0 0 0 0 0
 0 0 0 0 0 0 0 0 0 0 0.00291406 0.0102884 0.027416 0.0768956 0.0749926 0.110853 0.0956884 0.0897413 0.0766577 0.0534642 0.0500743 0.0551293 0.0594112 0.0620874 0.0668451 0.0424026 0.0208742 0.0120726 0.0048766 0.00582813 0.00118941 0.000297354 0 0 0 0
 0 0.00264628 0.0354308 0.0461629 0.0458689 0.0383711 0.0214643 0.0164657 0.0346957 0.0420465 0.0363128 0.0245516 0.0311673 0.0291091 0.0169068 0.0133784 0.00837989 0.0085269 0.0148486 0.0160247 0.0276389 0.0546898 0.0760071 0.122758 0.109233 0.0665981 0.0333725 0.0166128 0.00676272 0.00308733 0.000882094 0 0 0 0 0
 0 0 0 0 0 0 0 0.000805153 0.000690131 0.00759144 0.0133425 0.0154129 0.00931677 0.000345066 0.00356568 0.00563607 0.00851162 0.0253048 0.0502646 0.0516448 0.0657925 0.0565908 0.0611916 0.0827007 0.0866115 0.110766 0.145733 0.0935128 0.0569358 0.0249597 0.0138026 0.00621118 0.00161031 0.00115022 0 0
 0 0 0 0 0 0 0 0 0 0 0 0 0 0 0 0 0 0 0 0 0 0 0 0 0 0 0 0 0 0 0 0 0 0 0 0
 0.00147267 0.00158595 0.00478618 0.00569244 0.00954404 0.0108468 0.00647125 0.017049 0.0510054 0.094081 0.124002 0.0959785 0.0687766 0.0820023 0.061753 0.0591476 0.0492212 0.0479892 0.0443925 0.0268479 0.0217502 0.0140895 0.0121071 0.0120363 0.00920419 0.00665534 0.0049561 0.00860946 0.00930331 0.0156896 0.0114698 0.00855282 0.00243557 0.00046729 0 2.83206e-05
 0 0 0 0 0.000772559 0.00158375 0.000888443 0.00281984 0.00712685 0.0440552 0.0773331 0.111326 0.0921469 0.0852325 0.0710754 0.0886704 0.0786465 0.0553345 0.0373146 0.0185414 0.00753245 0.00457741 0.012979 0.0271748 0.0457355 0.0583668 0.034881 0.0177882 0.00938659 0.00492506 0.0015258 0.00185414 0.000309023 5.79419e-05 3.86279e-05 0
 0 0.00173294 0.00326652 0 0.00397197 0.00683976 0.00946217 0.0152591 0.00757587 0.0136028 0.0228656 0.0392903 0.0559909 0.0764795 0.0681675 0.0726916 0.0566044 0.0477403 0.0527397 0.0444891 0.0609904 0.0582453 0.0661739 0.0445044 0.0529084 0.0360697 0.0280645 0.0235558 0.0158879 0.00826598 0.00280645 0.00217768 0.000904811 0.00058276 9.20147e-05 0
 0 0 0 0 0 0 0 0 0 0 0 0 0 0 0 0 0 0 0 0 0 0 0 0 0 0 0 0 0 0 0 0 0 0 0 0
 0 0 0 0 0 0 0 0 0 0 0 0 0 0 0 0 0 0 0 0 0 0 0 0 0 0 0 0 0 0 0 0 0 0 0 0
ppred_pel_tallas
 1.04311e-16 3.2476e-06 1.8964e-05 8.99437e-05 0.000345948 0.0010785 0.00272496 0.00558101 0.00927157 0.0125133 0.0137799 0.0125427 0.00982498 0.00744324 0.00681014 0.00845569 0.0123393 0.0182762 0.0260555 0.0353261 0.0454683 0.055577 0.0645726 0.0714033 0.075274 0.0758223 0.0731868 0.0679413 0.0609282 0.0530494 0.0450846 0.0375861 0.0308584 0.0250041 0.019999 0.0157634
 1.14376e-16 9.5384e-06 5.59519e-05 0.000265911 0.00102367 0.00319211 0.00806301 0.0164986 0.0273507 0.0367389 0.0399997 0.0353316 0.0254004 0.0150497 0.00774355 0.00420383 0.00348545 0.00448558 0.00659733 0.00964372 0.0136301 0.0185739 0.0244241 0.031028 0.0381195 0.0453247 0.0521842 0.0581925 0.0628544 0.0657495 0.0665955 0.0652961 0.0619625 0.0568986 0.0505571 0.0434701
 1.23317e-16 4.98546e-06 2.92107e-05 0.000138755 0.000534048 0.00166521 0.00420639 0.00860873 0.0142774 0.0191967 0.0209496 0.0186214 0.0136411 0.00859237 0.00535942 0.00441166 0.00535036 0.00767238 0.0110828 0.0154357 0.0205952 0.0263606 0.0324661 0.0386217 0.0445653 0.050098 0.0550896 0.0594516 0.0630929 0.0658816 0.0676338 0.0681382 0.0672085 0.0647438 0.0607781 0.0554967
 1.08806e-16 3.15312e-05 0.000185074 0.000879784 0.00338726 0.0105629 0.0266809 0.0545916 0.0904882 0.121513 0.132202 0.116546 0.0832847 0.048318 0.0229155 0.009193 0.00366957 0.00227574 0.00255156 0.00348484 0.00476735 0.00631675 0.00809328 0.0100528 0.0121402 0.0142906 0.0164289 0.0184678 0.0203069 0.0218355 0.0229416 0.0235258 0.023519 0.0228966 0.0216866 0.0199691
 1.00848e-16 4.00114e-05 0.000234858 0.00111646 0.0042985 0.0134046 0.0338587 0.0692781 0.114832 0.154202 0.167765 0.147892 0.105673 0.0612808 0.02901 0.0115322 0.00440872 0.00244285 0.00246712 0.00313775 0.00399391 0.00485881 0.00561959 0.00618321 0.00648458 0.00649984 0.00625113 0.00579877 0.00522422 0.0046094 0.0040195 0.00349361 0.00304443 0.00266484 0.00233747 0.00204365
 1.00952e-16 2.00481e-05 0.000117615 0.000558978 0.00215191 0.00671038 0.0169503 0.0346858 0.0575074 0.0772666 0.0841757 0.0744733 0.0537994 0.0323837 0.017557 0.0108644 0.0102866 0.0133596 0.0184966 0.0248183 0.0316498 0.03825 0.0438004 0.0475367 0.0489193 0.0477649 0.044292 0.0390585 0.0328201 0.0263539 0.0203053 0.0150979 0.0109162 0.00774792 0.0054553 0.00384785
 1.01073e-16 3.73954e-05 0.000219498 0.00104343 0.00401733 0.0125277 0.0316439 0.0647466 0.107321 0.144118 0.1568 0.138241 0.0988074 0.0573626 0.0272752 0.0110557 0.00457128 0.00298022 0.00333373 0.00438007 0.00568216 0.00705616 0.00836633 0.00948694 0.0103144 0.010785 0.0108837 0.0106403 0.0101158 0.00938387 0.00851574 0.00757085 0.00659528 0.00562441 0.00468731 0.00380932
 1.00356e-16 3.76081e-05 0.000220743 0.00104934 0.00404006 0.0125986 0.0318229 0.0651134 0.10793 0.14494 0.157704 0.139061 0.0994446 0.0578347 0.0276898 0.0115499 0.0052712 0.00398782 0.00472131 0.00617791 0.00785995 0.00950712 0.0109037 0.0118593 0.01224 0.0119993 0.011189 0.00994377 0.00844669 0.00688586 0.00541733 0.00414324 0.00310806 0.00230904 0.00171389 0.00127838
 1.00321e-16 3.59756e-05 0.000211155 0.00100375 0.00386452 0.0120512 0.0304402 0.0622845 0.103242 0.138648 0.150868 0.133056 0.0952 0.0554668 0.0267447 0.0114814 0.0057304 0.00484952 0.00599023 0.00789815 0.0100603 0.0121728 0.0139645 0.0151917 0.0156815 0.0153724 0.0143284 0.01272 0.0107805 0.00875143 0.00683454 0.00516414 0.00380147 0.0027474 0.00196414 0.00139726
 1.00324e-16 3.79668e-05 0.000222849 0.00105936 0.00407863 0.0127189 0.0321268 0.065735 0.10896 0.146322 0.159205 0.140377 0.100369 0.0583399 0.0278707 0.0115207 0.00510154 0.00369806 0.00430492 0.00562362 0.00716611 0.00868949 0.00999801 0.0109186 0.0113275 0.0111777 0.0105092 0.00943634 0.00811747 0.00671766 0.00537597 0.0041862 0.00319318 0.00240131 0.00178919 0.00132418
 1.01241e-16 1.7733e-05 0.000104021 0.000494345 0.00190305 0.00593431 0.0149901 0.0306752 0.0508606 0.068344 0.0744762 0.0659415 0.0477444 0.0289558 0.0160918 0.0105588 0.010611 0.0140992 0.0196259 0.026383 0.0337005 0.0408107 0.0468542 0.0510224 0.0527374 0.0517895 0.0483873 0.0430941 0.0366825 0.0299524 0.0235734 0.0179917 0.0134123 0.00984089 0.00715645 0.00518339
 1.05736e-16 1.60383e-05 9.40919e-05 0.000447189 0.00172156 0.0053684 0.0135604 0.0277482 0.0460028 0.0618021 0.06731 0.0595081 0.042895 0.025636 0.0135746 0.00792846 0.00707775 0.00907657 0.0127263 0.0174503 0.0228889 0.02866 0.0343077 0.0393521 0.0433727 0.0460808 0.0473568 0.0472417 0.0458938 0.0435311 0.040382 0.036658 0.0325495 0.0282336 0.0238827 0.0196646
 1.02971e-16 3.45622e-05 0.000202863 0.000964342 0.00371281 0.0115781 0.0292452 0.0598389 0.0991871 0.133198 0.144925 0.127785 0.0913666 0.0531077 0.0253746 0.0105002 0.00467878 0.00344802 0.00409027 0.00544828 0.00710784 0.0088793 0.0106112 0.0121603 0.0134082 0.0142811 0.0147589 0.0148674 0.0146612 0.0142017 0.013541 0.0127156 0.011749 0.010661 0.00947701 0.00823256
 1.01185e-16 3.00684e-05 0.000176464 0.000838803 0.00322939 0.0100705 0.0254374 0.0520493 0.0862807 0.115883 0.126129 0.111317 0.0798197 0.0468557 0.0232477 0.0111028 0.00718402 0.00765443 0.0101357 0.0135219 0.0172575 0.0209005 0.0240042 0.0261567 0.0270658 0.0266286 0.024955 0.0223349 0.0191622 0.0158414 0.0127066 0.00997505 0.00773956 0.00599187 0.00466161 0.00365485
 1.00621e-16 3.54795e-05 0.000208243 0.000989907 0.00381122 0.011885 0.0300204 0.0614255 0.101818 0.136736 0.148787 0.131219 0.0938844 0.054697 0.0263679 0.0113111 0.00563556 0.00476517 0.00589444 0.00779188 0.00995867 0.0121027 0.0139631 0.0153025 0.0159485 0.0158322 0.0150024 0.013609 0.0118624 0.00998317 0.00815813 0.00651458 0.00511546 0.00397075 0.00305686 0.00233568
 1.00531e-16 3.43465e-05 0.000201588 0.000958264 0.00368937 0.011505 0.0290607 0.059462 0.0985649 0.13237 0.144045 0.127058 0.0909522 0.0530799 0.0257587 0.0113411 0.00607542 0.00554126 0.00702101 0.00930432 0.0118714 0.0143866 0.0165369 0.0180367 0.0186822 0.0183978 0.0172532 0.0154423 0.0132319 0.0108989 0.00867551 0.00671691 0.00509541 0.00381491 0.00283592 0.00210048
 1.01091e-16 2.84034e-05 0.000166688 0.00079232 0.00305041 0.00951237 0.0240277 0.0491649 0.0815004 0.109465 0.119153 0.105181 0.0754644 0.0443893 0.0221923 0.0108808 0.00741524 0.00818567 0.0109513 0.0146592 0.018759 0.0227908 0.0262786 0.0287769 0.0299614 0.0297039 0.0280993 0.0254339 0.022108 0.0185408 0.0150866 0.0119864 0.00935829 0.00721935 0.00552255 0.00419323
 1.01917e-16 2.86375e-05 0.000168066 0.000798882 0.0030757 0.00959123 0.0242268 0.049572 0.0821738 0.110366 0.120122 0.106009 0.0760007 0.0445884 0.0220775 0.0104735 0.0066955 0.0070965 0.00942717 0.0126596 0.0162981 0.0199594 0.0232503 0.0257964 0.0273126 0.0276643 0.0268915 0.0251858 0.0228335 0.0201424 0.0173795 0.0147353 0.012317 0.0101649 0.00827838 0.00663973
 1.02501e-16 2.6664e-05 0.000156477 0.000743781 0.00286353 0.00892959 0.0225556 0.0461528 0.0765075 0.10276 0.111856 0.0987427 0.070853 0.0416931 0.020876 0.0102913 0.00709283 0.00790152 0.0106256 0.0142897 0.0183903 0.0225063 0.0261967 0.0290404 0.0307204 0.0310913 0.0302062 0.0282897 0.0256702 0.0226968 0.0196676 0.0167892 0.0141707 0.0118447 0.00979849 0.00800351
 1.008e-16 3.88244e-05 0.000227888 0.00108332 0.00417091 0.0130066 0.0328536 0.0672218 0.111424 0.149626 0.162791 0.143516 0.102566 0.0595194 0.0282522 0.011365 0.00455948 0.00280059 0.00301906 0.00390943 0.00501558 0.00614945 0.00717897 0.00798868 0.00849176 0.00864663 0.00846413 0.00800039 0.00733939 0.00657107 0.00577273 0.00499854 0.00427822 0.00362238 0.00303077 0.0024995
 1.00691e-16 3.11737e-05 0.000182954 0.000869661 0.00334821 0.010441 0.0263733 0.0539641 0.0894541 0.120142 0.13076 0.11539 0.0827091 0.0484897 0.0239428 0.0112418 0.00701973 0.00729003 0.00958554 0.0127684 0.0162833 0.0197033 0.0226019 0.0245872 0.0253815 0.024887 0.0232097 0.0206273 0.0175183 0.0142723 0.0112136 0.00855547 0.00639229 0.00472066 0.00347558 0.00256665
 1.01634e-16 2.83662e-05 0.000166472 0.000791301 0.0030465 0.00950018 0.0239968 0.0491016 0.0813946 0.109321 0.118989 0.105019 0.0753125 0.0442281 0.0219797 0.0105611 0.00692735 0.00747017 0.00995984 0.0133681 0.017185 0.0210032 0.0244028 0.0269845 0.0284472 0.0286539 0.0276566 0.0256722 0.023019 0.0200382 0.017025 0.0141885 0.0116444 0.00943189 0.00754195 0.00594426
 1.02245e-16 2.89703e-05 0.000170021 0.000808181 0.0031115 0.0097029 0.0245088 0.0501489 0.0831298 0.111648 0.121514 0.107229 0.076855 0.0450495 0.0222314 0.0104224 0.00649898 0.00676719 0.00895192 0.0120209 0.015489 0.0189918 0.0221598 0.0246406 0.0261656 0.0266061 0.0259966 0.0245122 0.0224154 0.0199877 0.0174718 0.0150389 0.012784 0.0107423 0.00891405 0.00728692
 1.04832e-16 1.27307e-05 7.46558e-05 0.000354748 0.00136558 0.00425823 0.0107564 0.0220126 0.0365015 0.0490605 0.053493 0.0474356 0.0345037 0.0212428 0.0123792 0.00898529 0.0098761 0.0135683 0.0190912 0.0258525 0.0333025 0.0407657 0.0474603 0.0526284 0.0556974 0.0564056 0.0548498 0.0514357 0.0467562 0.04144 0.0360221 0.0308709 0.0261791 0.0220004 0.0183091 0.0150521
pSPR Fmed_Fpbrs
0.516336   0.405033 0.405033
Fs Fmed_Fpbrs
0.621687   1.005 1.005
SSBpbr Bo_Bmed_Bpbrs
954766  445242  338973 338973
Ro
21590.3
SPR SPRFo_SPRFmed_SPRFpbrs
444190 229352 179912
log_Ro
9.8
likeval ReclasPelacesDesembMPH_pf_preclas_ppelaces_ptallas_desvR_qrecl_qpela
 95.5474 86.4814 0.101634 0.000182981 339.808 168.699 83.6073 0 38.284 4.62206e-06 0 0 0 0 0
q_reclas_q_pelaces
0.737382 1
M
0.7
N
 5996.12 59570.9 20091.7 2531.96 0.142214
 9275.64 2926.78 26560.5 8596.13 1080.03
 1348.73 4485.82 1231.43 10488 3802.78
 8561.54 601.212 1133.09 240.116 2732.75
 55690.3 4011.04 207.345 339.863 882.04
 15314 27211.1 1799.91 89.503 525.874
 51156.6 6814.35 6797.75 345.637 115.78
 76953.3 23129 1880.86 1498.42 100.002
 89103.2 32317.6 4022.32 218.875 180.52
 215202 38292.3 6492.37 571.407 55.2614
 53185.3 99180.9 11917.3 1689.53 160.917
 23263.7 24356.1 29660.3 2934.89 449.157
 53542.6 10820.8 8029.98 8359.29 942.614
 21785.7 23469.7 2460.45 1353.85 1533.65
 14832 8599.19 2768.54 167.388 188.352
 14747.2 5695.96 854.227 148.512 18.2054
 10043.8 6545.06 1399.91 160.377 30.6767
 9379.93 4571.76 1884.47 327.14 43.954
 7279.81 4361.55 1504.22 529.621 103.073
 28525.3 3379.14 1419.52 416.44 173.05
 32028.9 13031.3 995.226 342.282 140.011
 34434.2 15476.2 5453.26 390.06 188.094
 40919.7 16591.1 6361.93 2085.24 219.871
 9133.23 19537.3 6442.51 2248.38 808.943
pred_Ctot
 73.6461 4403.13 2017.45 259.126 0.0145692
 174.531 324.551 3964.39 1306.82 164.352
 99.89 1647.09 566.846 4892.3 1775.11
 349.464 134.882 332.11 71.5273 814.749
 643.497 279.567 19.653 32.8355 85.304
 1151.86 10111.2 837.345 42.1904 248.062
 3312.07 2250.78 2846.23 146.766 49.1998
 8621.99 11460.6 1121.12 902.539 60.2674
 8696.46 14561.8 2213.08 121.813 100.527
 11178 10558 2305.4 206.004 19.9389
 2990.01 29206.6 4495.43 646.819 61.6536
 1063.52 6026.63 9527.28 957.676 146.686
 4549.2 4409.17 4051.03 4269.79 481.788
 3256.74 13921.5 1695.86 940.805 1066.21
 2453.68 5397.22 1993.1 121.396 136.652
 1134.3 2153.16 403.48 71.0675 8.71786
 605.281 2040.31 556.222 64.6484 12.3753
 430.873 1135.89 607.636 107.155 14.4092
 342.981 1107.36 494.884 176.985 34.4726
 1650.2 1018.79 547.118 162.873 67.7338
 622.085 1488.73 152.907 53.5598 21.9301
 737.572 1937.46 915.575 66.6851 32.1876
 1136.2 2638.64 1345.14 448.659 47.3513
 342.125 4065.31 1759.13 624.142 224.756
F
 0.0172088 0.107741 0.148996 0.152061 0.152226
 0.0264711 0.165731 0.229191 0.233905 0.234159
 0.107968 0.675972 0.934807 0.954034 0.955068
 0.0582296 0.364566 0.504161 0.514531 0.515088
 0.0161824 0.101315 0.140109 0.142991 0.143146
 0.109735 0.687031 0.950101 0.969642 0.970693
 0.0938053 0.587299 0.812181 0.828885 0.829783
 0.167586 1.04923 1.45099 1.48083 1.48243
 0.144547 0.904986 1.25151 1.27725 1.27864
 0.0746319 0.467258 0.646174 0.659464 0.660179
 0.0810012 0.507135 0.701321 0.715745 0.716521
 0.0654223 0.409598 0.566437 0.578087 0.578713
 0.124765 0.78113 1.08023 1.10245 1.10364
 0.229585 1.43739 1.98778 2.02867 2.03086
 0.25703 1.60923 2.22541 2.27118 2.27364
 0.112342 0.703353 0.972673 0.992678 0.993754
 0.087059 0.545062 0.753771 0.769274 0.770107
 0.0657462 0.411626 0.569241 0.580948 0.581578
 0.0674839 0.422506 0.584286 0.596303 0.59695
 0.0834405 0.522407 0.722441 0.7373 0.738099
 0.0273347 0.171138 0.236669 0.241536 0.241798
 0.0301833 0.188973 0.261332 0.266707 0.266996
 0.0392835 0.245948 0.340123 0.347118 0.347494
 0.0533239 0.333852 0.461687 0.471183 0.471693
nmprior
 10 10 8 0
nm_flota  nm_reclas  nm_pelaces    nm_pelaL
inf 22.6166 18.3126 32.7566
cv_recla  cv_pelaces  cv_mph
0.904974 1.09427 0.438875
 ------------------------------------------------
Talla a la edad & desviación 
 7.2 14.2025 17.0495 18.207 18.6776
 1.08 2.13037 2.55742 2.73105 2.80164
