years
 1997 1998 1999 2000 2001 2002 2003 2004 2005 2006 2007 2008 2009 2010 2011 2012 2013 2014 2015 2016 2017 2018 2019 2020
reclasobs
 0 0 0 370054 412103 1.49427e+06 250295 1.28982e+06 931140 785840 897777 1.04006e+06 184774 17550 25797 100020 73551 82996 120727 218422 84188 347160 605670 569463
reclaspred
 478595 132535 406467 288251 411285 483719 1.04239e+06 684330 742965 677941 535314 361791 222867 96757.2 62778.9 62713.7 80407.4 109739 117327 169256 246323 229852 407248 498562
pelacesobs
 0 0 0 0 0 0 0 0 0 2.06254e+06 1.5e+06 0 1.87456e+06 323000 250000 174000 83755 137374 0 501740 490994 745055 786931 1.00524e+06
pelacespred
 1.95362e+06 497892 907024 1.01309e+06 1.22415e+06 1.23215e+06 2.88143e+06 2.40067e+06 2.27062e+06 2.10723e+06 1.4937e+06 1.04645e+06 622121 214022 135084 149912 203650 288750 319979 444280 729698 671491 931693 1.34487e+06
mphobs
 0 0 0 0 0 112323 0 153150 637223 0 255016 313432 73983 77613 109348 50772 0 0 0 0 0 0 0 0
mphpred
 172149 107300 132530 161703 166260 252433 372482 430203 359772 355605 334269 232277 144085 74090 32303.2 26700.3 33073.6 46586.6 58392 68049.9 102830 122814 157828 226917
desembarqueobs
 350755 77701 442110 56441 14545 235359 269955 359681 431902 328805 639364 411747 362871 311530 167758 66681 60226 58785 57116 71774 51957 67425 138520 160799
desembarquepred
 350765 77704.2 442149 56443.3 14545.1 235407 269992 359701 431970 328850 639571 411963 363178 311888 167731 66692.4 60252.4 58786.2 57111.1 71777 51959.2 67420.2 138524 160805
Reclutas
 51986 63753.7 38429.4 56911.3 95186 70989.1 107799 103054 121797 126301 66922.2 43958.3 43148 23351 16100.3 17719.3 14284.1 15805.6 18182 30868.6 38865.6 52984.1 85494.9 89914.5
log_desv_Rt
 0.0987303 0.302783 -0.203421 0.189249 0.703589 0.410282 0.82802 0.783009 0.950115 0.986425 0.351286 -0.0690037 -0.0876096 -0.701605 -1.0734 -0.977588 -1.1931 -1.09188 -0.951814 -0.422506 -0.192135 0.117747 0.596213 0.646615
SSB
 643084 400833 495084 604064 621088 942997 1.39146e+06 1.60708e+06 1.34397e+06 1.32841e+06 1.24871e+06 867702 538248 276773 120673 99742.6 123551 174031 218131 254209 384133 458787 589586 847679
BT
 2.18316e+06 575787 1.09524e+06 979136 1.13588e+06 1.27784e+06 2.86428e+06 2.58692e+06 2.49077e+06 2.23985e+06 1.92454e+06 1.32021e+06 923650 491840 268079 193840 237214 312342 337470 467140 714683 663839 937969 1.34884e+06
Ftot
 0.480701 0.383632 0.564548 0.109941 0.0221817 0.224813 0.143122 0.289366 0.333152 0.269469 0.558969 0.523571 0.82989 1.53259 1.61738 0.654293 0.451843 0.304414 0.252838 0.254088 0.121322 0.154139 0.178432 0.172288
BD_Bspro_t
 0.94272 0.742867 0.701631 0.574012 0.698941 0.821862 0.786837 0.79081 0.731583 0.689766 0.651956 0.492616 0.380799 0.267853 0.152326 0.155473 0.245088 0.392638 0.505764 0.60138 0.7163 0.797227 0.809187 0.815645
BD_Bspro
 0.663665 0.413661 0.510928 0.623396 0.640964 0.973176 1.43599 1.65851 1.38699 1.37092 1.28867 0.895471 0.555473 0.285631 0.124535 0.102935 0.127505 0.1796 0.225112 0.262345 0.396427 0.47347 0.608454 0.874808
BD_Bo
 0.576276 0.359192 0.443651 0.54131 0.556565 0.845032 1.2469 1.44012 1.20435 1.19041 1.11898 0.777559 0.482331 0.24802 0.108137 0.0893806 0.110716 0.155951 0.19547 0.2278 0.344227 0.411125 0.528335 0.759617
BD_Brms
 1.04777 0.653076 0.806638 0.9842 1.01194 1.53642 2.2671 2.61841 2.18973 2.16438 2.03452 1.41374 0.876965 0.450946 0.196612 0.16251 0.201301 0.283547 0.3554 0.414182 0.625867 0.747501 0.96061 1.38112
S_f
 0.180782 1 1 1 1
 0.180782 1 1 1 1
 0.180782 1 1 1 1
 0.180782 1 1 1 1
 0.180782 1 1 1 1
 0.180782 1 1 1 1
 0.180782 1 1 1 1
 0.180782 1 1 1 1
 0.180782 1 1 1 1
 0.180782 1 1 1 1
 0.180782 1 1 1 1
 0.180782 1 1 1 1
 0.180782 1 1 1 1
 0.180782 1 1 1 1
 0.180782 1 1 1 1
 0.180782 1 1 1 1
 0.180782 1 1 1 1
 0.180782 1 1 1 1
 0.180782 1 1 1 1
 0.180782 1 1 1 1
 0.180782 1 1 1 1
 0.180782 1 1 1 1
 0.180782 1 1 1 1
 0.180782 1 1 1 1
Scru_reclas
 0.984949 1 1 1 1
 0.984949 1 1 1 1
 0.984949 1 1 1 1
 0.984949 1 1 1 1
 0.984949 1 1 1 1
 0.984949 1 1 1 1
 0.984949 1 1 1 1
 0.984949 1 1 1 1
 0.984949 1 1 1 1
 0.984949 1 1 1 1
 0.984949 1 1 1 1
 0.984949 1 1 1 1
 0.984949 1 1 1 1
 0.984949 1 1 1 1
 0.984949 1 1 1 1
 0.984949 1 1 1 1
 0.984949 1 1 1 1
 0.984949 1 1 1 1
 0.984949 1 1 1 1
 0.984949 1 1 1 1
 0.984949 1 1 1 1
 0.984949 1 1 1 1
 0.984949 1 1 1 1
 0.984949 1 1 1 1
Scru_pelaces
 0.865055 1 1 1 1
 0.865055 1 1 1 1
 0.865055 1 1 1 1
 0.865055 1 1 1 1
 0.865055 1 1 1 1
 0.865055 1 1 1 1
 0.865055 1 1 1 1
 0.865055 1 1 1 1
 0.865055 1 1 1 1
 0.865055 1 1 1 1
 0.865055 1 1 1 1
 0.865055 1 1 1 1
 0.865055 1 1 1 1
 0.865055 1 1 1 1
 0.865055 1 1 1 1
 0.865055 1 1 1 1
 0.865055 1 1 1 1
 0.865055 1 1 1 1
 0.865055 1 1 1 1
 0.865055 1 1 1 1
 0.865055 1 1 1 1
 0.865055 1 1 1 1
 0.865055 1 1 1 1
 0.865055 1 1 1 1
pf_obs 
 0.256992 0.487395 0.22802 0.0275931 0
 0.321318 0.546541 0.124235 0.00734118 0.000564706
 0.182869 0.594174 0.210203 0.0122559 0.00049798
 0.330522 0.361315 0.267642 0.0388342 0.00168674
 0.649043 0.306663 0.0425973 0.00169635 0
 0.582887 0.30429 0.105238 0.00758474 0
 0.465427 0.430635 0.0974691 0.00646863 0
 0.296916 0.608066 0.0921331 0.00288517 0
 0.311714 0.524322 0.152257 0.0117073 0
 0.15457 0.633149 0.183074 0.0267441 0.00246327
 0.131901 0.49318 0.331252 0.0422183 0.00144891
 0.196976 0.569456 0.194076 0.0375587 0.00193317
 0.518974 0.381816 0.0799577 0.0180837 0.00116848
 0.0928022 0.601141 0.25162 0.0475244 0.00691264
 0.122501 0.610282 0.24278 0.0234846 0.000952079
 0.383417 0.481906 0.127806 0.00687128 0
 0.0376549 0.599619 0.316969 0.0457579 0
 0.0361596 0.667082 0.258105 0.0386534 0
 0.158088 0.579412 0.248529 0.0139706 0
 0.0477256 0.309471 0.559284 0.082774 0.000745712
 0.0406174 0.521527 0.379366 0.0568643 0.0016247
 0.151134 0.462217 0.34131 0.0453401 0
 0.294876 0.26143 0.354403 0.0886775 0.000613685
 0.281977 0.475581 0.204845 0.0348837 0.00271318
pf_pred 
 0.356986 0.45404 0.169031 0.0199323 9.96167e-06
 0.306473 0.550824 0.100764 0.0375128 0.00442575
 0.175254 0.614865 0.166696 0.0304943 0.0126918
 0.273548 0.440479 0.213199 0.0578002 0.0149744
 0.300658 0.480201 0.132875 0.0643136 0.0219532
 0.172455 0.584318 0.167011 0.0462131 0.030003
 0.253816 0.41891 0.231084 0.0660488 0.0301417
 0.208861 0.528333 0.14754 0.0813877 0.0338783
 0.241687 0.47454 0.189508 0.052921 0.0413447
 0.228892 0.519262 0.157601 0.062938 0.0313069
 0.137488 0.561189 0.20291 0.0615853 0.0368278
 0.144861 0.457813 0.258518 0.0934731 0.0453352
 0.220076 0.425907 0.189529 0.107023 0.0574649
 0.203839 0.55792 0.130101 0.0578948 0.0502458
 0.29008 0.537366 0.120919 0.0281969 0.0234375
 0.359582 0.537395 0.0779822 0.0175476 0.00749313
 0.23814 0.616968 0.121583 0.0176431 0.00566537
 0.249 0.512021 0.19353 0.0381382 0.00731139
 0.247238 0.511136 0.164737 0.0622661 0.0146229
 0.322101 0.455229 0.151196 0.0487297 0.022744
 0.272515 0.543747 0.123386 0.0409802 0.0193723
 0.26901 0.501947 0.171194 0.038847 0.0190015
 0.306314 0.475973 0.149496 0.0509873 0.0172292
 0.233908 0.5564 0.14388 0.0451908 0.020621
pobs_RECLAS
 0 0 0 0 0
 0 0 0 0 0
 0 0 0 0 0
 0 0 0 0 0
 0.835266 0.146461 0.0176864 0.000547809 3.91292e-05
 0.385257 0.428462 0.181853 0.0044286 0
 0.867414 0.0963971 0.0333333 0.00285562 0
 0.441836 0.489002 0.0689373 0.000224442 0
 0.779404 0.147425 0.0564933 0.0165055 0.000172143
 0.814271 0.122319 0.05973 0.00367925 0
 0.40263 0.566651 0.0304383 0.000280538 0
 0.475488 0.404961 0.113038 0.00651328 0
 0.955842 0.0263864 0.0167828 0.000988607 0
 0.975058 0.0227948 0.00214734 0 0
 0.738997 0.206755 0.0527124 0.00153531 0
 0.850938 0.134255 0.0134407 0.00136685 0
 0.542534 0.407297 0.0501686 0 0
 0.764087 0.199537 0.0359546 0.000420521 0
 0.470689 0.182191 0.310203 0.0369168 0
 0.84361 0.089868 0.0606195 0.00523954 0.000663233
 0.607945 0.314616 0.071237 0.00620181 0
 0.523733 0.453247 0.0230204 0 0
 0.530135 0.295979 0.169645 0.0042399 0
 0.562478 0.366248 0.0663022 0.0049721 0
ppred_RECLAS
 0.75742 0.171289 0.0637678 0.00751956 3.75809e-06
 0.711474 0.229158 0.0419207 0.0156063 0.00184123
 0.546256 0.338275 0.0917095 0.0167768 0.00698256
 0.67355 0.19794 0.0958062 0.025974 0.00672912
 0.701028 0.205288 0.0568046 0.0274943 0.00938508
 0.534845 0.32844 0.0938752 0.025976 0.0168644
 0.651246 0.195791 0.108005 0.0308701 0.0140877
 0.593988 0.27114 0.0757173 0.0417681 0.0173863
 0.639216 0.225773 0.0901623 0.0251783 0.0196706
 0.621597 0.254816 0.0773391 0.0308854 0.0153631
 0.474417 0.341968 0.123646 0.0375278 0.0224415
 0.488815 0.273671 0.154537 0.0558764 0.0271005
 0.62148 0.206705 0.0919838 0.0519415 0.0278894
 0.620824 0.265713 0.0619612 0.0275727 0.0239298
 0.72594 0.207447 0.0466798 0.0108852 0.00904787
 0.76236 0.199411 0.0289369 0.00651141 0.00278048
 0.636856 0.294081 0.0579533 0.00840969 0.00270043
 0.647801 0.240124 0.0907603 0.0178857 0.00342884
 0.644828 0.241167 0.077727 0.0293787 0.00689944
 0.724268 0.185162 0.0614982 0.0198206 0.00925103
 0.672547 0.24475 0.0555379 0.0184459 0.00871979
 0.669048 0.227254 0.0775074 0.0175878 0.00860283
 0.708393 0.200086 0.0628442 0.0214337 0.00724267
 0.626738 0.271094 0.0701026 0.0220182 0.0100471
pobs_PELACES
 0 0 0 0 0
 0 0 0 0 0
 0 0 0 0 0
 0 0 0 0 0
 0 0 0 0 0
 0 0 0 0 0
 0 0 0 0 0
 0 0 0 0 0
 0 0 0 0 0
 0 0 0 0 0
 0.450072 0.473896 0.0757376 0.000293798 0
 0 0 0 0 0
 0.463077 0.371075 0.160297 0.00555027 0
 0.529543 0.364841 0.0842815 0.0213345 0
 0.631943 0.363953 0.00410389 0 0
 0.735681 0.248677 0.0153453 0.000297389 0
 0.695825 0.281241 0.0229344 0 0
 0.275771 0.60734 0.115278 0.00161068 0
 0 0 0 0 0
 0.896147 0.0623911 0.0374545 0.00400742 0
 0.803859 0.145111 0.0509908 3.86294e-05 0
 0.739449 0.233085 0.0266225 0.000797448 4.60066e-05
 0.878498 0.100942 0.0204185 0.000141795 0
 0.694673 0.275183 0.0284847 0.00165964 0
ppred_PELACES
 0.757449 0.171269 0.0637603 0.00751867 3.75765e-06
 0.70609 0.233434 0.042703 0.0158976 0.00187559
 0.551907 0.334062 0.0905674 0.0165678 0.0068956
 0.651176 0.211507 0.102373 0.0277542 0.00719033
 0.674454 0.223535 0.0618538 0.0299382 0.0102193
 0.517639 0.340589 0.0973476 0.0269368 0.0174882
 0.63028 0.207562 0.114498 0.032726 0.0149346
 0.581494 0.279484 0.0780474 0.0430535 0.0179213
 0.630003 0.231538 0.0924646 0.0258212 0.0201729
 0.608112 0.263897 0.0800951 0.031986 0.0159106
 0.479734 0.338508 0.122395 0.0371481 0.0222144
 0.49175 0.2721 0.15365 0.0555555 0.0269448
 0.643455 0.194705 0.0866437 0.0489261 0.0262703
 0.685157 0.22063 0.0514485 0.0228946 0.0198698
 0.782717 0.16447 0.0370092 0.00863014 0.00717343
 0.770784 0.192342 0.027911 0.00628057 0.00268191
 0.635086 0.295514 0.0582358 0.00845068 0.00271359
 0.636889 0.247563 0.0935724 0.0184399 0.00353508
 0.630634 0.250805 0.0808333 0.0305528 0.00717517
 0.711899 0.193468 0.0642569 0.0207097 0.00966601
 0.650838 0.260975 0.0592198 0.0196687 0.00929786
 0.649252 0.240847 0.0821434 0.0186398 0.0091174
 0.691264 0.211839 0.0665358 0.0226927 0.00766812
 0.607074 0.285376 0.0737957 0.0231782 0.0105764
pobs_pel_tallas
 0 0 0 0 0 0 0 0 0 0 0 0 0 0 0 0 0 0 0 0 0 0 0 0 0 0 0 0 0 0 0 0 0 0 0 0
 0 0 0 0 0 0 0 0 0 0 0 0 0 0 0 0 0 0 0 0 0 0 0 0 0 0 0 0 0 0 0 0 0 0 0 0
 0 0 0 0 0 0 0 0 0 0 0 0 0 0 0 0 0 0 0 0 0 0 0 0 0 0 0 0 0 0 0 0 0 0 0 0
 0 0 0 0 0 0 0 0 0 0 0 0 0 0 0 0 0 0 0 0 0 0 0 0 0 0 0 0 0 0 0 0 0 0 0 0
 0 0 0 0 0 0 0 0 0 0 0 0 0 0 0 0 0 0 0 0 0 0 0 0 0 0 0 0 0 0 0 0 0 0 0 0
 0 0 0 0 0 0 0 0 0 0 0 0 0 0 0 0 0 0 0 0 0 0 0 0 0 0 0 0 0 0 0 0 0 0 0 0
 0 0 0 0 0 0 0 0 0 0 0 0 0 0 0 0 0 0 0 0 0 0 0 0 0 0 0 0 0 0 0 0 0 0 0 0
 0 0 0 0 0 0 0 0 0 0 0 0 0 0 0 0 0 0 0 0 0 0 0 0 0 0 0 0 0 0 0 0 0 0 0 0
 0 0 0 0 0 0 0 0 0 0 0 0 0 0 0 0 0 0 0 0 0 0 0 0 0 0 0 0 0 0 0 0 0 0 0 0
 0 0 0 0 0 0 0 0 0 0 0 0 0 0 0 0 0 0 0 0 0 0 0 0 0 0 0 0 0 0 0 0 0 0 0 0
 0 0 0 0 0 0 0 0 1.78061e-05 0.00172719 0.00360574 0.0105946 0.0120993 0.0124554 0.0147524 0.0171206 0.0266825 0.0428682 0.0675386 0.121331 0.153587 0.119568 0.100827 0.0573624 0.0630603 0.0341343 0.0324427 0.0444173 0.0211091 0.0280891 0.0125444 0.00206551 0 0 0 0
 0 0 0 0 0 0 0 0 0 0 0 0 0 0 0 0 0 0 0 0 0 0 0 0 0 0 0 0 0 0 0 0 0 0 0 0
 0 0 0 0 0 0 0.0133647 0.0140871 0.0187388 0.0205184 0.03894 0.0496705 0.03968 0.0493445 0.0407372 0.0367815 0.0215668 0.0243155 0.0234873 0.0199281 0.019796 0.0243948 0.0301388 0.0376714 0.0412746 0.0863199 0.0771752 0.113111 0.0741005 0.0525337 0.0229764 0.00759418 0.00175318 0 0 0
 0 0 0 0 0 0 0 0 0 0 0.00219441 0.00772107 0.0458388 0.0604681 0.0671733 0.0775358 0.0609151 0.0617685 0.073594 0.0568108 0.0755445 0.0548602 0.0670107 0.0636378 0.0643287 0.046367 0.0373049 0.0286899 0.0247887 0.0153202 0.00654259 0.00121912 0.000365735 0 0 0
 0 0 0 0 0 0 0 0 0 0 0 0 0.000112435 0.00938835 0.0111873 0.0202946 0.0414886 0.0713402 0.111592 0.104902 0.108894 0.110636 0.117776 0.105296 0.107544 0.0401394 0.0192827 0.0124803 0.00416011 0.0028671 0.000618394 0 0 0 0 0
 0 0 0 0 0 0 0 0 0 0 0.00291406 0.0102884 0.027416 0.0768956 0.0749926 0.110853 0.0956884 0.0897413 0.0766577 0.0534642 0.0500743 0.0551293 0.0594112 0.0620874 0.0668451 0.0424026 0.0208742 0.0120726 0.0048766 0.00582813 0.00118941 0.000297354 0 0 0 0
 0 0.00264628 0.0354308 0.0461629 0.0458689 0.0383711 0.0214643 0.0164657 0.0346957 0.0420465 0.0363128 0.0245516 0.0311673 0.0291091 0.0169068 0.0133784 0.00837989 0.0085269 0.0148486 0.0160247 0.0276389 0.0546898 0.0760071 0.122758 0.109233 0.0665981 0.0333725 0.0166128 0.00676272 0.00308733 0.000882094 0 0 0 0 0
 0 0 0 0 0 0 0 0.000805153 0.000690131 0.00759144 0.0133425 0.0154129 0.00931677 0.000345066 0.00356568 0.00563607 0.00851162 0.0253048 0.0502646 0.0516448 0.0657925 0.0565908 0.0611916 0.0827007 0.0866115 0.110766 0.145733 0.0935128 0.0569358 0.0249597 0.0138026 0.00621118 0.00161031 0.00115022 0 0
 0 0 0 0 0 0 0 0 0 0 0 0 0 0 0 0 0 0 0 0 0 0 0 0 0 0 0 0 0 0 0 0 0 0 0 0
 0.00147267 0.00158595 0.00478618 0.00569244 0.00954404 0.0108468 0.00647125 0.017049 0.0510054 0.094081 0.124002 0.0959785 0.0687766 0.0820023 0.061753 0.0591476 0.0492212 0.0479892 0.0443925 0.0268479 0.0217502 0.0140895 0.0121071 0.0120363 0.00920419 0.00665534 0.0049561 0.00860946 0.00930331 0.0156896 0.0114698 0.00855282 0.00243557 0.00046729 0 2.83206e-05
 0 0 0 0 0.000772559 0.00158375 0.000888443 0.00281984 0.00712685 0.0440552 0.0773331 0.111326 0.0921469 0.0852325 0.0710754 0.0886704 0.0786465 0.0553345 0.0373146 0.0185414 0.00753245 0.00457741 0.012979 0.0271748 0.0457355 0.0583668 0.034881 0.0177882 0.00938659 0.00492506 0.0015258 0.00185414 0.000309023 5.79419e-05 3.86279e-05 0
 0 0.00173294 0.00326652 0 0.00397197 0.00683976 0.00946217 0.0152591 0.00757587 0.0136028 0.0228656 0.0392903 0.0559909 0.0764795 0.0681675 0.0726916 0.0566044 0.0477403 0.0527397 0.0444891 0.0609904 0.0582453 0.0661739 0.0445044 0.0529084 0.0360697 0.0280645 0.0235558 0.0158879 0.00826598 0.00280645 0.00217768 0.000904811 0.00058276 9.20147e-05 0
 0 0 0 0 0 0 0 0 0 0 0 0 0 0 0 0 0 0 0 0 0 0 0 0 0 0 0 0 0 0 0 0 0 0 0 0
 0 0 0 0 0 0 0 0 0 0 0 0 0 0 0 0 0 0 0 0 0 0 0 0 0 0 0 0 0 0 0 0 0 0 0 0
ppred_pel_tallas
 1.0122e-16 3.3048e-05 0.000193966 0.00092203 0.00354987 0.0110699 0.0279618 0.0572135 0.0948377 0.127364 0.138597 0.122251 0.0875087 0.0510651 0.0247727 0.0108962 0.00582871 0.00532334 0.00677537 0.00903471 0.011619 0.0142235 0.0165615 0.018364 0.019427 0.0196537 0.0190729 0.017822 0.0161068 0.0141493 0.012143 0.0102267 0.00847982 0.00693333 0.00558787 0.00443061
 1.01317e-16 3.0811e-05 0.000180827 0.000859554 0.0033093 0.0103197 0.0260669 0.0533368 0.0884138 0.118744 0.129233 0.114033 0.0817144 0.0478628 0.0235528 0.0109265 0.00665101 0.00678586 0.00889972 0.0118853 0.0152214 0.0185217 0.0214017 0.0235035 0.0245658 0.0244827 0.0233258 0.0213179 0.0187722 0.0160158 0.0133241 0.0108831 0.00878245 0.00703463 0.00560435 0.00443762
 1.02286e-16 2.40921e-05 0.000141372 0.000671957 0.00258697 0.00806713 0.0203772 0.0416961 0.0691222 0.0928485 0.101088 0.0892876 0.0641779 0.0379855 0.0194277 0.010251 0.00792247 0.00941619 0.0128436 0.0172867 0.0222093 0.0271105 0.0314497 0.0347113 0.0365108 0.0366797 0.0352982 0.0326609 0.0291925 0.0253427 0.0214954 0.0179163 0.0147438 0.0120136 0.00969831 0.00774486
 1.02812e-16 2.84157e-05 0.000166767 0.000792712 0.00305195 0.00951718 0.0240397 0.049189 0.0815382 0.10951 0.119185 0.105169 0.0753696 0.0441606 0.0217594 0.0101475 0.00626016 0.00647638 0.00857094 0.0115431 0.014934 0.0184065 0.0216175 0.0242353 0.025999 0.0267713 0.0265601 0.0255008 0.0238093 0.0217234 0.0194521 0.0171484 0.0149058 0.0127722 0.010771 0.00891756
 1.02458e-16 2.94311e-05 0.000172727 0.000821047 0.00316104 0.00985738 0.024899 0.0509473 0.0844529 0.113424 0.123445 0.108928 0.0780622 0.0457355 0.0225292 0.0104929 0.00644838 0.00663841 0.00874879 0.011731 0.0150963 0.0184832 0.0215288 0.02389 0.0253091 0.0256688 0.0250134 0.0235258 0.0214722 0.0191332 0.0167459 0.0144713 0.0123907 0.0105241 0.00885709 0.00736544
 1.03236e-16 2.25981e-05 0.0001326 0.000630254 0.0024264 0.0075664 0.0191124 0.0391083 0.0648332 0.0870899 0.0948257 0.083773 0.0602512 0.0357358 0.018415 0.00994075 0.00795269 0.00962504 0.0131921 0.0177879 0.0228909 0.0280006 0.0325708 0.036078 0.038129 0.0385464 0.0374019 0.0349812 0.0316996 0.0279962 0.0242441 0.0206993 0.0174939 0.0146617 0.0121798 0.0100055
 1.03516e-16 2.75044e-05 0.000161417 0.000767278 0.00295402 0.00921181 0.0232684 0.0476107 0.0789222 0.105997 0.115363 0.1018 0.0729619 0.0427639 0.0210982 0.00988586 0.0061652 0.00643654 0.00855152 0.0115465 0.0149809 0.0185299 0.0218603 0.024646 0.0266264 0.0276566 0.0277294 0.0269587 0.0255357 0.0236737 0.0215616 0.0193395 0.0170964 0.0148843 0.0127382 0.01069
 1.03516e-16 2.53799e-05 0.000148938 0.000707938 0.00272552 0.00849922 0.0214685 0.0439286 0.0728212 0.0978106 0.106474 0.0940036 0.0674791 0.0397615 0.0200087 0.0100294 0.00712539 0.00808908 0.0109334 0.0147262 0.0189749 0.0232576 0.0271275 0.0301579 0.0320265 0.032585 0.031885 0.0301492 0.0277024 0.0248869 0.0219902 0.0192057 0.0166301 0.0142857 0.0121557 0.010214
 1.03218e-16 2.74933e-05 0.000161349 0.000766953 0.00295276 0.00920787 0.0232585 0.0475906 0.0788895 0.105955 0.115322 0.101776 0.0729705 0.0428208 0.0212219 0.0101021 0.00650768 0.00694273 0.00925414 0.0124621 0.016098 0.0198001 0.0231956 0.025926 0.0277143 0.0284222 0.0280727 0.026829 0.0249404 0.022675 0.0202634 0.0178675 0.0155771 0.013428 0.011427 0.00957382
 1.03066e-16 2.654e-05 0.00015575 0.000740326 0.00285023 0.00888812 0.0224508 0.0459384 0.0761518 0.102282 0.111334 0.0982777 0.070511 0.041475 0.0207356 0.0101711 0.00694621 0.00769653 0.0103417 0.0139163 0.0179284 0.0219723 0.0256234 0.0284765 0.030225 0.0307265 0.0300281 0.0283397 0.0259695 0.023244 0.0204396 0.0177455 0.0152591 0.0130074 0.0109782 0.0091485
 1.04163e-16 2.09452e-05 0.000122897 0.000584122 0.00224878 0.00701251 0.0177133 0.0362456 0.0600883 0.0807187 0.0878952 0.0776661 0.0558933 0.0332205 0.0172475 0.00951977 0.00786524 0.00967959 0.0133361 0.0180329 0.0232764 0.0285799 0.0334051 0.0372296 0.0396531 0.0404816 0.0397608 0.0377442 0.0348117 0.0313704 0.0277687 0.0242496 0.0209452 0.0179025 0.0151214 0.0125884
 1.05438e-16 2.14665e-05 0.000125963 0.000598714 0.00230499 0.00718779 0.018156 0.0371509 0.061587 0.0827256 0.090064 0.0795431 0.0571587 0.0338016 0.0172369 0.00902044 0.00690047 0.00819438 0.0112455 0.0152766 0.0198635 0.0246204 0.0291206 0.0329399 0.0357357 0.0373132 0.0376536 0.0368928 0.0352648 0.0330311 0.0304223 0.0276075 0.0246947 0.0217498 0.0188231 0.015967
 1.04203e-16 2.80783e-05 0.000164787 0.000783306 0.00301574 0.00940427 0.0237545 0.0486053 0.0805703 0.108209 0.117766 0.103909 0.0744498 0.043588 0.0214149 0.00988289 0.00595884 0.00606243 0.00799776 0.0107863 0.0139933 0.017312 0.0204341 0.0230608 0.0249562 0.025993 0.0261712 0.0256006 0.0244578 0.0229336 0.0211894 0.0193356 0.0174335 0.0155113 0.0135863 0.0116811
 1.02518e-16 2.98977e-05 0.000175467 0.000834071 0.00321119 0.0100138 0.025294 0.0517555 0.0857924 0.115223 0.125401 0.110649 0.0792858 0.0464328 0.0228359 0.0105733 0.00641198 0.00653127 0.00857788 0.0114869 0.0147657 0.0180547 0.0209957 0.0232525 0.0245751 0.0248543 0.0241416 0.0226259 0.020577 0.0182768 0.0159604 0.013784 0.0118215 0.0100833 0.00854488 0.0071725
 1.01211e-16 3.41495e-05 0.000200434 0.000952778 0.00366826 0.0114391 0.0288944 0.0591216 0.098 0.13161 0.143213 0.126314 0.0903977 0.0527118 0.0254977 0.0110875 0.0057454 0.00507465 0.00637846 0.00846833 0.0108528 0.0132315 0.015329 0.0168921 0.0177343 0.0177769 0.0170645 0.015747 0.0140374 0.0121591 0.0103008 0.00859042 0.00709093 0.00581349 0.00473793 0.00383235
 1.00801e-16 3.36303e-05 0.000197383 0.00093827 0.00361239 0.0112649 0.0284543 0.0582213 0.0965086 0.129609 0.141043 0.124417 0.0890752 0.0520121 0.0252923 0.0112244 0.00614057 0.00571711 0.00729503 0.00968708 0.0123771 0.0150246 0.0173079 0.0189321 0.0196849 0.0194845 0.018398 0.0166189 0.0144157 0.0120678 0.00980935 0.00779741 0.00610588 0.00474069 0.00366528 0.00282567
 1.01341e-16 2.77175e-05 0.00016266 0.00077317 0.00297668 0.00928243 0.0234468 0.0479766 0.0795309 0.106821 0.116279 0.102651 0.073666 0.0433654 0.0217436 0.0107658 0.00747269 0.00834688 0.0112039 0.0150133 0.0192285 0.0233856 0.027001 0.0296204 0.0309118 0.0307405 0.0291983 0.0265701 0.0232569 0.0196791 0.0161928 0.0130403 0.0103418 0.00811697 0.00632236 0.00488794
 1.02208e-16 2.77942e-05 0.000163115 0.000775342 0.00298506 0.00930857 0.0235128 0.0481112 0.0797529 0.107116 0.116588 0.1029 0.0737913 0.0433322 0.0215301 0.0103391 0.00677689 0.00731057 0.00975979 0.0131236 0.0169106 0.0207308 0.024181 0.0268747 0.0285165 0.0289646 0.0282553 0.0265806 0.0242289 0.0215115 0.0186987 0.0159834 0.0134755 0.0112181 0.00921435 0.00745132
 1.02615e-16 2.75216e-05 0.000161514 0.00076773 0.00295575 0.00921718 0.023282 0.0476389 0.0789701 0.106065 0.115446 0.101894 0.0730766 0.0429252 0.0213515 0.0102924 0.00679686 0.0073679 0.00984624 0.0132384 0.017053 0.0208978 0.0243671 0.0270733 0.0287229 0.0291779 0.0284812 0.0268313 0.0245218 0.0218654 0.0191292 0.0164987 0.0140731 0.0118842 0.00992538 0.00817725
 1.02139e-16 3.10627e-05 0.000182309 0.000866604 0.00333646 0.0104044 0.0262808 0.0537742 0.0891377 0.119712 0.130279 0.114933 0.0823126 0.0481185 0.0235034 0.0106115 0.00606917 0.0058972 0.00765147 0.0102418 0.0131897 0.0161698 0.018865 0.0209759 0.0222754 0.0226564 0.0221505 0.0209091 0.0191566 0.0171321 0.0150399 0.0130218 0.0111534 0.00945935 0.00793498 0.00656664
 1.02037e-16 2.84029e-05 0.000166687 0.000792324 0.00305044 0.00951246 0.0240279 0.0491651 0.0815 0.109462 0.119144 0.105157 0.0754147 0.0442943 0.0220235 0.0105993 0.00697249 0.00752888 0.0100329 0.0134505 0.0172649 0.0210623 0.024418 0.0269316 0.0283073 0.0284189 0.027335 0.0252904 0.0226196 0.0196736 0.0167485 0.0140448 0.0116615 0.00961661 0.00787984 0.00640348
 1.02312e-16 2.8333e-05 0.000166278 0.000790385 0.00304298 0.0094892 0.0239691 0.0490447 0.0812998 0.109192 0.118846 0.104885 0.0751989 0.0441268 0.0218652 0.0104002 0.00668508 0.00711327 0.00946 0.0127078 0.0163646 0.0200481 0.0233663 0.0259455 0.0275024 0.0279035 0.0271901 0.0255538 0.0232791 0.0206701 0.0179882 0.0154168 0.0130557 0.010939 0.00906172 0.00740482
 1.02152e-16 3.01637e-05 0.000177029 0.0008415 0.00323979 0.010103 0.0255194 0.0522165 0.0865562 0.116248 0.126514 0.111626 0.0799741 0.0468122 0.0229788 0.0105668 0.006311 0.00635512 0.00832662 0.0111573 0.0143612 0.0175897 0.0204967 0.0227547 0.0241165 0.0244671 0.0238449 0.0224203 0.0204439 0.0181825 0.0158634 0.0136444 0.0116089 0.00978235 0.008157 0.0067138
 1.02432e-16 2.64956e-05 0.000155487 0.000739073 0.0028454 0.00887305 0.0224128 0.0458607 0.0760237 0.102111 0.111153 0.0981298 0.0704296 0.0414769 0.0208285 0.0103673 0.0072702 0.00818183 0.0110216 0.0148117 0.019036 0.023255 0.0270068 0.0298528 0.0314661 0.0317029 0.0306303 0.0284959 0.0256562 0.0224872 0.0193073 0.0163342 0.013678 0.0113638 0.00936641 0.0076426
pSPR Fmed_Fpbrs
0.631728   0.6 0.325
Fs Fmed_Fpbrs
0.305141   0.347859 1.07227
SSBpbr Bo_Bmed_Bpbrs
1.11593e+06  649168  613762 306881
Ro
47098.7
SPR SPRFo_SPRFmed_SPRFpbrs
968989 612137 314922
log_Ro
10.58
likeval ReclasPelacesDesembMPH_pf_preclas_ppelaces_ptallas_desvR_qrecl_qpela
 60.1931 19.026 0.0139981 0.000227932 286.219 167.638 80.0441 0 15.6624 4.62247e-05 2.63184e-05 7.52311e-16 0 0 0
q_reclas_q_pelaces
0.381582 2.0748
M
0.7
N
 51986 14099.6 5249.01 618.968 0.309345
 63753.7 23666.8 4329.46 1611.78 190.157
 38429.4 29537.9 8008 1464.93 609.711
 56911.3 17231.9 8340.52 2261.19 585.811
 95186 27705.1 7666.21 3710.57 1266.59
 70989.1 47078.8 13456.2 3723.42 2417.36
 107799 33848.1 18671.7 5336.78 2435.47
 103054 52163.9 14567.1 8035.66 3344.91
 121797 48566.9 19395.2 5416.21 4231.43
 126301 56947.6 17284.1 6902.42 3433.44
 66922.2 59737.2 21599.3 6555.6 3920.23
 43958.3 30038.5 16962.2 6133.05 2974.58
 43148 19857.6 8836.66 4989.89 2679.26
 23351 18441.5 4300.36 1913.66 1660.83
 16100.3 8789.64 1977.85 461.213 383.364
 17719.3 5968.21 866.056 194.881 83.2174
 14284.1 7817.56 1540.57 223.555 71.7855
 15805.6 6536.89 2470.77 486.904 93.3435
 18182 7428.58 2394.2 904.943 212.521
 30868.6 8625.49 2864.79 923.31 430.944
 38865.6 14640.7 3322.22 1103.41 521.609
 52984.1 18881.4 6439.7 1461.28 714.765
 85494.9 25588.1 8036.85 2741.05 926.232
 89914.5 41107.9 10630.2 3338.78 1523.51
pred_Ctot
 3127.46 3977.72 1480.83 174.621 0.0872714
 3084.41 5543.6 1014.11 377.536 44.5416
 2697.33 9463.4 2565.62 469.338 195.341
 806.364 1298.44 628.467 170.383 44.1415
 274.02 437.655 121.102 58.6155 20.0082
 2038.08 6905.49 1973.74 546.148 354.577
 1983.1 3273 1805.49 516.049 235.501
 3788.79 9584.09 2676.41 1476.39 614.56
 5137.64 10087.5 4028.44 1124.96 878.882
 4331 9825.25 2982.06 1190.88 592.375
 4652.83 18991.7 6866.86 2084.16 1246.32
 2870.66 9072.34 5122.98 1852.33 898.393
 4360.66 8439.06 3755.38 2120.59 1138.63
 4129.15 11301.7 2635.43 1172.77 1017.82
 2985.28 5530.15 1244.4 290.18 241.2
 1431.32 2139.1 310.408 69.8484 29.8265
 809.573 2097.43 413.331 59.9791 19.2598
 610.584 1255.55 474.565 93.5204 17.9286
 585.77 1211.01 390.304 147.524 34.6453
 999.312 1412.34 469.082 151.183 70.5629
 607.137 1211.42 274.891 91.2998 43.1596
 1048.83 1957.02 667.464 151.459 74.0842
 1955.33 3038.33 954.297 325.473 109.981
 1986.58 4725.51 1221.98 383.806 175.134
F
 0.0869021 0.480701 0.480701 0.480701 0.480701
 0.0693539 0.383632 0.383632 0.383632 0.383632
 0.10206 0.564548 0.564548 0.564548 0.564548
 0.0198753 0.109941 0.109941 0.109941 0.109941
 0.00401005 0.0221817 0.0221817 0.0221817 0.0221817
 0.0406422 0.224813 0.224813 0.224813 0.224813
 0.0258738 0.143122 0.143122 0.143122 0.143122
 0.0523123 0.289366 0.289366 0.289366 0.289366
 0.060228 0.333152 0.333152 0.333152 0.333152
 0.0487152 0.269469 0.269469 0.269469 0.269469
 0.101052 0.558969 0.558969 0.558969 0.558969
 0.0946522 0.523571 0.523571 0.523571 0.523571
 0.150029 0.82989 0.82989 0.82989 0.82989
 0.277065 1.53259 1.53259 1.53259 1.53259
 0.292393 1.61738 1.61738 1.61738 1.61738
 0.118284 0.654293 0.654293 0.654293 0.654293
 0.0816851 0.451843 0.451843 0.451843 0.451843
 0.0550325 0.304414 0.304414 0.304414 0.304414
 0.0457086 0.252838 0.252838 0.252838 0.252838
 0.0459346 0.254088 0.254088 0.254088 0.254088
 0.0219329 0.121322 0.121322 0.121322 0.121322
 0.0278656 0.154139 0.154139 0.154139 0.154139
 0.0322572 0.178432 0.178432 0.178432 0.178432
 0.0311467 0.172288 0.172288 0.172288 0.172288
nmprior
 10 10 8 0
nm_flota  nm_reclas  nm_pelaces    nm_pelaL
inf 16.6736 16.6978 29.3219
cv_recla  cv_pelaces  cv_mph
0.71829 0.513261 0.489825
 ------------------------------------------------
Talla a la edad & desviación 
 7.2 14.2025 17.0495 18.207 18.6776
 1.08 2.13037 2.55742 2.73105 2.80164
