years
 1997 1998 1999 2000 2001 2002 2003 2004 2005 2006 2007 2008 2009 2010 2011 2012 2013 2014 2015 2016 2017 2018 2019 2020
reclasobs
 0 0 0 370054 412103 1.49427e+06 250295 1.28982e+06 931140 785840 897777 1.04006e+06 184774 17550 25797 100020 73551 82996 120727 218422 84188 347160 605670 569463
reclaspred
 410387 118467 396048 288663 397415 471834 1.01552e+06 658224 700421 599371 463067 310799 189633 90648 66341.4 69276 88442.9 121199 128398 185513 267944 248629 439812 528208
pelacesobs
 0 0 0 0 0 0 0 0 0 2.06254e+06 1.5e+06 0 1.87456e+06 323000 250000 174000 83755 137374 0 501740 490994 745055 786931 1.00524e+06
pelacespred
 1.42014e+06 368829 742860 824592 962943 967000 2.29755e+06 1.91517e+06 1.77581e+06 1.54587e+06 1.07807e+06 744130 452298 183611 131609 145602 193197 266252 292022 408647 651976 590756 825525 1.17164e+06
mphobs
 0 0 0 0 0 112323 0 153150 637223 0 255016 313432 73983 77613 109348 50772 0 0 0 0 0 0 0 0
mphpred
 849585 563290 731774 980726 976068 1.44105e+06 2.1764e+06 2.5018e+06 2.08595e+06 2.00171e+06 1.7685e+06 1.23616e+06 765728 405387 205251 182299 223595 313935 388865 448608 673352 794795 1.01942e+06 1.46022e+06
desembarqueobs
 350755 77701 442110 56441 14545 235359 269955 359681 431902 328805 639364 411747 362871 311530 167758 66681 60226 58785 57116 71774 51957 67425 138520 160799
desembarquepred
 350764 77703.4 442137 56442.4 14545.1 235391 269979 359699 431956 328850 639684 412055 363298 312073 167840 66696.2 60244.9 58788.1 57114.5 71775.8 51958 67421.8 138521 160801
Reclutas
 67560.4 85918.3 55165.5 83342.8 138975 102997 154689 140004 156165 143667 69145.9 41470.3 42050 24190 19640.3 25344.3 21731.2 23827.8 27700.8 49882.1 62921.4 84129 136181 136808
log_desv_Rt
 0.0607769 0.301152 -0.141907 0.270718 0.782051 0.482459 0.889172 0.789424 0.89867 0.815254 0.0839745 -0.427268 -0.413385 -0.966304 -1.17466 -0.91969 -1.0735 -0.981394 -0.830784 -0.242582 -0.0103591 0.280106 0.761741 0.766332
SSB
 849585 563290 731774 980726 976068 1.44105e+06 2.1764e+06 2.5018e+06 2.08595e+06 2.00171e+06 1.7685e+06 1.23616e+06 765728 405387 205251 182299 223595 313935 388865 448608 673352 794795 1.01942e+06 1.46022e+06
BT
 2.83749e+06 791014 1.5726e+06 1.53598e+06 1.73484e+06 1.91749e+06 4.2967e+06 3.83965e+06 3.57603e+06 3.08787e+06 2.51597e+06 1.71539e+06 1.16872e+06 631307 379844 316119 395533 523702 572193 790241 1.20972e+06 1.12074e+06 1.57283e+06 2.22956e+06
Ftot
 0.345678 0.263266 0.361985 0.066727 0.0139954 0.144049 0.0898061 0.181541 0.208515 0.176603 0.385734 0.359842 0.562875 0.977951 0.873714 0.341831 0.24403 0.163533 0.140071 0.141365 0.0682425 0.0875735 0.10182 0.0989652
BD_Bspro_t
 0.958052 0.802477 0.777669 0.68466 0.784237 0.876224 0.85246 0.855448 0.809496 0.770979 0.729352 0.584449 0.47312 0.359977 0.243035 0.262874 0.385449 0.554727 0.658764 0.735396 0.819869 0.874476 0.881221 0.884497
BD_Bspro
 0.64953 0.43065 0.55946 0.749791 0.746231 1.10172 1.66392 1.91269 1.59476 1.53036 1.35206 0.94508 0.58542 0.30993 0.15692 0.139373 0.170944 0.240012 0.297298 0.342973 0.514796 0.607642 0.779376 1.11637
BD_Bo
 0.579198 0.384019 0.498881 0.668602 0.665427 0.982425 1.48375 1.70558 1.42208 1.36465 1.20566 0.842745 0.522029 0.27637 0.139928 0.124281 0.152434 0.214023 0.265106 0.305835 0.459053 0.541845 0.694984 0.995491
BD_Brms
 2.05037 1.35943 1.76605 2.36686 2.35562 3.4778 5.25249 6.0378 5.03418 4.8309 4.26806 2.98333 1.84799 0.978354 0.495348 0.439957 0.539619 0.757645 0.938479 1.08266 1.62506 1.91814 2.46026 3.52406
S_f
 0.202811 1 1 1 1
 0.202811 1 1 1 1
 0.202811 1 1 1 1
 0.202811 1 1 1 1
 0.202811 1 1 1 1
 0.202811 1 1 1 1
 0.202811 1 1 1 1
 0.202811 1 1 1 1
 0.202811 1 1 1 1
 0.202811 1 1 1 1
 0.202811 1 1 1 1
 0.202811 1 1 1 1
 0.202811 1 1 1 1
 0.202811 1 1 1 1
 0.202811 1 1 1 1
 0.202811 1 1 1 1
 0.202811 1 1 1 1
 0.202811 1 1 1 1
 0.202811 1 1 1 1
 0.202811 1 1 1 1
 0.202811 1 1 1 1
 0.202811 1 1 1 1
 0.202811 1 1 1 1
 0.202811 1 1 1 1
Scru_reclas
 1 1 1 1 1
 1 1 1 1 1
 1 1 1 1 1
 1 1 1 1 1
 1 1 1 1 1
 1 1 1 1 1
 1 1 1 1 1
 1 1 1 1 1
 1 1 1 1 1
 1 1 1 1 1
 1 1 1 1 1
 1 1 1 1 1
 1 1 1 1 1
 1 1 1 1 1
 1 1 1 1 1
 1 1 1 1 1
 1 1 1 1 1
 1 1 1 1 1
 1 1 1 1 1
 1 1 1 1 1
 1 1 1 1 1
 1 1 1 1 1
 1 1 1 1 1
 1 1 1 1 1
Scru_pelaces
 1 1 1 1 1
 1 1 1 1 1
 1 1 1 1 1
 1 1 1 1 1
 1 1 1 1 1
 1 1 1 1 1
 1 1 1 1 1
 1 1 1 1 1
 1 1 1 1 1
 1 1 1 1 1
 1 1 1 1 1
 1 1 1 1 1
 1 1 1 1 1
 1 1 1 1 1
 1 1 1 1 1
 1 1 1 1 1
 1 1 1 1 1
 1 1 1 1 1
 1 1 1 1 1
 1 1 1 1 1
 1 1 1 1 1
 1 1 1 1 1
 1 1 1 1 1
 1 1 1 1 1
pf_obs 
 0.256992 0.487395 0.22802 0.0275931 0
 0.321318 0.546541 0.124235 0.00734118 0.000564706
 0.182869 0.594174 0.210203 0.0122559 0.00049798
 0.330522 0.361315 0.267642 0.0388342 0.00168674
 0.649043 0.306663 0.0425973 0.00169635 0
 0.582887 0.30429 0.105238 0.00758474 0
 0.465427 0.430635 0.0974691 0.00646863 0
 0.296916 0.608066 0.0921331 0.00288517 0
 0.311714 0.524322 0.152257 0.0117073 0
 0.15457 0.633149 0.183074 0.0267441 0.00246327
 0.131901 0.49318 0.331252 0.0422183 0.00144891
 0.196976 0.569456 0.194076 0.0375587 0.00193317
 0.518974 0.381816 0.0799577 0.0180837 0.00116848
 0.0928022 0.601141 0.25162 0.0475244 0.00691264
 0.122501 0.610282 0.24278 0.0234846 0.000952079
 0.383417 0.481906 0.127806 0.00687128 0
 0.0376549 0.599619 0.316969 0.0457579 0
 0.0361596 0.667082 0.258105 0.0386534 0
 0.158088 0.579412 0.248529 0.0139706 0
 0.0477256 0.309471 0.559284 0.082774 0.000745712
 0.0406174 0.521527 0.379366 0.0568643 0.0016247
 0.151134 0.462217 0.34131 0.0453401 0
 0.294876 0.26143 0.354403 0.0886775 0.000613685
 0.281977 0.475581 0.204845 0.0348837 0.00271318
pf_pred 
 0.372528 0.442682 0.165245 0.0195347 1.0097e-05
 0.320656 0.525979 0.108199 0.0403887 0.00477709
 0.184589 0.590373 0.174234 0.0358417 0.0149615
 0.278734 0.410081 0.225304 0.0664929 0.019388
 0.314884 0.453909 0.131455 0.0722229 0.0275298
 0.181549 0.56895 0.165301 0.0478723 0.0363273
 0.25978 0.398637 0.237453 0.068989 0.0351409
 0.204917 0.511278 0.15284 0.0910412 0.0399242
 0.227443 0.447873 0.208788 0.0624147 0.0534818
 0.203883 0.48937 0.17783 0.0829004 0.0460173
 0.118203 0.509348 0.228943 0.0831946 0.0603118
 0.116583 0.389656 0.285209 0.128196 0.0803563
 0.188987 0.352152 0.202393 0.148142 0.108326
 0.176799 0.493109 0.14333 0.0823764 0.104385
 0.251622 0.470809 0.166268 0.0483285 0.062973
 0.335839 0.475315 0.118804 0.0419563 0.0280859
 0.233056 0.571083 0.140171 0.0350355 0.0206555
 0.23764 0.477252 0.212297 0.0521077 0.0207029
 0.243088 0.471785 0.178495 0.0794003 0.0272316
 0.332836 0.418834 0.154785 0.0585613 0.0349842
 0.282142 0.519636 0.12444 0.0459883 0.0277934
 0.275598 0.482775 0.174907 0.041886 0.0248346
 0.315526 0.452525 0.154582 0.0560043 0.0213636
 0.233865 0.539413 0.149892 0.051203 0.025627
pobs_RECLAS
 0 0 0 0 0
 0 0 0 0 0
 0 0 0 0 0
 0 0 0 0 0
 0.835266 0.146461 0.0176864 0.000547809 3.91292e-05
 0.385257 0.428462 0.181853 0.0044286 0
 0.867414 0.0963971 0.0333333 0.00285562 0
 0.441836 0.489002 0.0689373 0.000224442 0
 0.779404 0.147425 0.0564933 0.0165055 0.000172143
 0.814271 0.122319 0.05973 0.00367925 0
 0.40263 0.566651 0.0304383 0.000280538 0
 0.475488 0.404961 0.113038 0.00651328 0
 0.955842 0.0263864 0.0167828 0.000988607 0
 0.975058 0.0227948 0.00214734 0 0
 0.738997 0.206755 0.0527124 0.00153531 0
 0.850938 0.134255 0.0134407 0.00136685 0
 0.542534 0.407297 0.0501686 0 0
 0.764087 0.199537 0.0359546 0.000420521 0
 0.470689 0.182191 0.310203 0.0369168 0
 0.84361 0.089868 0.0606195 0.00523954 0.000663233
 0.607945 0.314616 0.071237 0.00620181 0
 0.523733 0.453247 0.0230204 0 0
 0.530135 0.295979 0.169645 0.0042399 0
 0.562478 0.366248 0.0663022 0.0049721 0
ppred_RECLAS
 0.749258 0.176899 0.0660332 0.00780622 4.03484e-06
 0.702567 0.230286 0.0473721 0.0176831 0.00209152
 0.532873 0.338209 0.0998141 0.0205327 0.00857104
 0.656556 0.195268 0.107283 0.0316618 0.00923195
 0.693971 0.202753 0.0587184 0.0322606 0.012297
 0.524242 0.330726 0.0960882 0.0278277 0.0211167
 0.634791 0.196679 0.117154 0.0340377 0.0173378
 0.562002 0.281654 0.084197 0.050153 0.0219935
 0.594833 0.234887 0.109499 0.0327334 0.0280485
 0.560364 0.270243 0.0982023 0.0457797 0.0254119
 0.403587 0.344503 0.154848 0.0562695 0.0407925
 0.399364 0.264927 0.193914 0.0871608 0.0546343
 0.544135 0.197942 0.113764 0.0832697 0.0608891
 0.534588 0.278788 0.0810343 0.046573 0.0590162
 0.639866 0.226562 0.0800114 0.0232566 0.0303038
 0.71786 0.201917 0.0504688 0.0178233 0.0119311
 0.602983 0.295627 0.0725609 0.0181365 0.0106926
 0.607879 0.245476 0.109195 0.0268017 0.0106486
 0.614646 0.240192 0.0908743 0.0404238 0.013864
 0.712467 0.180508 0.0667089 0.0252387 0.0150774
 0.660372 0.245847 0.0588743 0.0217577 0.0131494
 0.653263 0.231081 0.0837196 0.0200488 0.0118871
 0.695545 0.201284 0.0687583 0.0249108 0.00950254
 0.602002 0.280219 0.0778673 0.0265994 0.0133129
pobs_PELACES
 0 0 0 0 0
 0 0 0 0 0
 0 0 0 0 0
 0 0 0 0 0
 0 0 0 0 0
 0 0 0 0 0
 0 0 0 0 0
 0 0 0 0 0
 0 0 0 0 0
 0 0 0 0 0
 0.450072 0.473896 0.0757376 0.000293798 0
 0 0 0 0 0
 0.463077 0.371075 0.160297 0.00555027 0
 0.529543 0.364841 0.0842815 0.0213345 0
 0.631943 0.363953 0.00410389 0 0
 0.735681 0.248677 0.0153453 0.000297389 0
 0.695825 0.281241 0.0229344 0 0
 0.275771 0.60734 0.115278 0.00161068 0
 0 0 0 0 0
 0.896147 0.0623911 0.0374545 0.00400742 0
 0.803859 0.145111 0.0509908 3.86294e-05 0
 0.739449 0.233085 0.0266225 0.000797448 4.60066e-05
 0.878498 0.100942 0.0204185 0.000141795 0
 0.694673 0.275183 0.0284847 0.00165964 0
ppred_PELACES
 0.765952 0.165121 0.0616366 0.00728648 3.7662e-06
 0.716834 0.21924 0.0450998 0.016835 0.0019912
 0.556486 0.321113 0.0947686 0.0194948 0.00813778
 0.660503 0.193024 0.10605 0.0312979 0.00912584
 0.694753 0.202235 0.0585685 0.0321783 0.0122657
 0.533683 0.324162 0.0941812 0.0272755 0.0206976
 0.640251 0.193739 0.115403 0.0335289 0.0170786
 0.573721 0.274118 0.0819442 0.0488111 0.0214051
 0.607981 0.227264 0.105945 0.0316711 0.0271383
 0.571775 0.263228 0.0956533 0.0445914 0.0247523
 0.428233 0.330267 0.148449 0.0539443 0.0391069
 0.422273 0.254823 0.186518 0.0838364 0.0525505
 0.580561 0.182126 0.104674 0.0766159 0.0560237
 0.597689 0.24099 0.0700475 0.0402586 0.0510147
 0.690965 0.194416 0.0686588 0.0199568 0.026004
 0.735712 0.189141 0.0472756 0.0166956 0.0111762
 0.618245 0.284262 0.0697715 0.0174393 0.0102815
 0.618084 0.239087 0.106353 0.0261042 0.0103714
 0.623336 0.234775 0.088825 0.0395122 0.0135513
 0.720025 0.175764 0.0649554 0.0245753 0.0146811
 0.664387 0.242941 0.0581784 0.0215005 0.012994
 0.658463 0.227616 0.0824641 0.0197481 0.0117088
 0.701187 0.197553 0.067484 0.0244491 0.00932643
 0.608223 0.275839 0.0766501 0.0261836 0.0131048
pobs_pel_tallas
 0 0 0 0 0 0 0 0 0 0 0 0 0 0 0 0 0 0 0 0 0 0 0 0 0 0 0 0 0 0 0 0 0 0 0 0
 0 0 0 0 0 0 0 0 0 0 0 0 0 0 0 0 0 0 0 0 0 0 0 0 0 0 0 0 0 0 0 0 0 0 0 0
 0 0 0 0 0 0 0 0 0 0 0 0 0 0 0 0 0 0 0 0 0 0 0 0 0 0 0 0 0 0 0 0 0 0 0 0
 0 0 0 0 0 0 0 0 0 0 0 0 0 0 0 0 0 0 0 0 0 0 0 0 0 0 0 0 0 0 0 0 0 0 0 0
 0 0 0 0 0 0 0 0 0 0 0 0 0 0 0 0 0 0 0 0 0 0 0 0 0 0 0 0 0 0 0 0 0 0 0 0
 0 0 0 0 0 0 0 0 0 0 0 0 0 0 0 0 0 0 0 0 0 0 0 0 0 0 0 0 0 0 0 0 0 0 0 0
 0 0 0 0 0 0 0 0 0 0 0 0 0 0 0 0 0 0 0 0 0 0 0 0 0 0 0 0 0 0 0 0 0 0 0 0
 0 0 0 0 0 0 0 0 0 0 0 0 0 0 0 0 0 0 0 0 0 0 0 0 0 0 0 0 0 0 0 0 0 0 0 0
 0 0 0 0 0 0 0 0 0 0 0 0 0 0 0 0 0 0 0 0 0 0 0 0 0 0 0 0 0 0 0 0 0 0 0 0
 0 0 0 0 0 0 0 0 0 0 0 0 0 0 0 0 0 0 0 0 0 0 0 0 0 0 0 0 0 0 0 0 0 0 0 0
 0 0 0 0 0 0 0 0 1.78061e-05 0.00172719 0.00360574 0.0105946 0.0120993 0.0124554 0.0147524 0.0171206 0.0266825 0.0428682 0.0675386 0.121331 0.153587 0.119568 0.100827 0.0573624 0.0630603 0.0341343 0.0324427 0.0444173 0.0211091 0.0280891 0.0125444 0.00206551 0 0 0 0
 0 0 0 0 0 0 0 0 0 0 0 0 0 0 0 0 0 0 0 0 0 0 0 0 0 0 0 0 0 0 0 0 0 0 0 0
 0 0 0 0 0 0 0.0133647 0.0140871 0.0187388 0.0205184 0.03894 0.0496705 0.03968 0.0493445 0.0407372 0.0367815 0.0215668 0.0243155 0.0234873 0.0199281 0.019796 0.0243948 0.0301388 0.0376714 0.0412746 0.0863199 0.0771752 0.113111 0.0741005 0.0525337 0.0229764 0.00759418 0.00175318 0 0 0
 0 0 0 0 0 0 0 0 0 0 0.00219441 0.00772107 0.0458388 0.0604681 0.0671733 0.0775358 0.0609151 0.0617685 0.073594 0.0568108 0.0755445 0.0548602 0.0670107 0.0636378 0.0643287 0.046367 0.0373049 0.0286899 0.0247887 0.0153202 0.00654259 0.00121912 0.000365735 0 0 0
 0 0 0 0 0 0 0 0 0 0 0 0 0.000112435 0.00938835 0.0111873 0.0202946 0.0414886 0.0713402 0.111592 0.104902 0.108894 0.110636 0.117776 0.105296 0.107544 0.0401394 0.0192827 0.0124803 0.00416011 0.0028671 0.000618394 0 0 0 0 0
 0 0 0 0 0 0 0 0 0 0 0.00291406 0.0102884 0.027416 0.0768956 0.0749926 0.110853 0.0956884 0.0897413 0.0766577 0.0534642 0.0500743 0.0551293 0.0594112 0.0620874 0.0668451 0.0424026 0.0208742 0.0120726 0.0048766 0.00582813 0.00118941 0.000297354 0 0 0 0
 0 0.00264628 0.0354308 0.0461629 0.0458689 0.0383711 0.0214643 0.0164657 0.0346957 0.0420465 0.0363128 0.0245516 0.0311673 0.0291091 0.0169068 0.0133784 0.00837989 0.0085269 0.0148486 0.0160247 0.0276389 0.0546898 0.0760071 0.122758 0.109233 0.0665981 0.0333725 0.0166128 0.00676272 0.00308733 0.000882094 0 0 0 0 0
 0 0 0 0 0 0 0 0.000805153 0.000690131 0.00759144 0.0133425 0.0154129 0.00931677 0.000345066 0.00356568 0.00563607 0.00851162 0.0253048 0.0502646 0.0516448 0.0657925 0.0565908 0.0611916 0.0827007 0.0866115 0.110766 0.145733 0.0935128 0.0569358 0.0249597 0.0138026 0.00621118 0.00161031 0.00115022 0 0
 0 0 0 0 0 0 0 0 0 0 0 0 0 0 0 0 0 0 0 0 0 0 0 0 0 0 0 0 0 0 0 0 0 0 0 0
 0.00147267 0.00158595 0.00478618 0.00569244 0.00954404 0.0108468 0.00647125 0.017049 0.0510054 0.094081 0.124002 0.0959785 0.0687766 0.0820023 0.061753 0.0591476 0.0492212 0.0479892 0.0443925 0.0268479 0.0217502 0.0140895 0.0121071 0.0120363 0.00920419 0.00665534 0.0049561 0.00860946 0.00930331 0.0156896 0.0114698 0.00855282 0.00243557 0.00046729 0 2.83206e-05
 0 0 0 0 0.000772559 0.00158375 0.000888443 0.00281984 0.00712685 0.0440552 0.0773331 0.111326 0.0921469 0.0852325 0.0710754 0.0886704 0.0786465 0.0553345 0.0373146 0.0185414 0.00753245 0.00457741 0.012979 0.0271748 0.0457355 0.0583668 0.034881 0.0177882 0.00938659 0.00492506 0.0015258 0.00185414 0.000309023 5.79419e-05 3.86279e-05 0
 0 0.00173294 0.00326652 0 0.00397197 0.00683976 0.00946217 0.0152591 0.00757587 0.0136028 0.0228656 0.0392903 0.0559909 0.0764795 0.0681675 0.0726916 0.0566044 0.0477403 0.0527397 0.0444891 0.0609904 0.0582453 0.0661739 0.0445044 0.0529084 0.0360697 0.0280645 0.0235558 0.0158879 0.00826598 0.00280645 0.00217768 0.000904811 0.00058276 9.20147e-05 0
 0 0 0 0 0 0 0 0 0 0 0 0 0 0 0 0 0 0 0 0 0 0 0 0 0 0 0 0 0 0 0 0 0 0 0 0
 0 0 0 0 0 0 0 0 0 0 0 0 0 0 0 0 0 0 0 0 0 0 0 0 0 0 0 0 0 0 0 0 0 0 0 0
ppred_pel_tallas
 1.0118e-16 3.34186e-05 0.000196142 0.000932376 0.00358971 0.0111942 0.0282756 0.0578555 0.0959016 0.128792 0.140149 0.123615 0.0884748 0.051608 0.0249969 0.0109279 0.00574988 0.0051654 0.00653997 0.00871342 0.0112049 0.013717 0.0159726 0.0177122 0.018739 0.0189597 0.0184018 0.0171977 0.0155455 0.0136592 0.0117252 0.00987737 0.00819229 0.00669987 0.00540089 0.00428315
 1.01384e-16 3.12789e-05 0.000183576 0.000872623 0.00335962 0.0104767 0.0264633 0.0541478 0.0897575 0.120547 0.131192 0.115751 0.0829242 0.0485282 0.0238002 0.010907 0.00645804 0.00644845 0.00841066 0.0112291 0.014392 0.0175321 0.0202879 0.0223226 0.0233888 0.0233837 0.0223697 0.0205506 0.0182146 0.0156638 0.0131532 0.0108558 0.00885655 0.00717002 0.00576757 0.00460392
 1.02501e-16 2.42912e-05 0.000142542 0.000677523 0.0026084 0.00813398 0.020546 0.0420414 0.0696943 0.0936156 0.10192 0.0900136 0.0646814 0.0382466 0.0194936 0.0101768 0.00773694 0.00911947 0.0124219 0.0167271 0.0215111 0.0262919 0.0305508 0.0337913 0.0356411 0.0359327 0.0347354 0.0323228 0.0290932 0.0254693 0.0218133 0.0183765 0.0152922 0.0125985 0.010276 0.00828275
 1.03071e-16 2.88217e-05 0.000169152 0.000804054 0.00309563 0.00965339 0.0243837 0.0498928 0.0827043 0.111074 0.120882 0.106655 0.076409 0.0447179 0.0219382 0.0100708 0.00599869 0.00604414 0.00795159 0.0107171 0.0138972 0.017181 0.0202563 0.0228193 0.0246271 0.0255456 0.025569 0.0248052 0.0234346 0.0216587 0.0196565 0.0175613 0.0154583 0.0133975 0.0114118 0.00952973
 1.02577e-16 3.03154e-05 0.000177921 0.000845741 0.00325613 0.0101539 0.025648 0.0524796 0.0869921 0.116832 0.127147 0.112179 0.0803568 0.0470095 0.0230257 0.0105044 0.00615926 0.0061117 0.00797758 0.0106887 0.0137676 0.0168807 0.0196996 0.0219144 0.023291 0.0237207 0.0232387 0.0220042 0.0202502 0.0182224 0.0161278 0.0141063 0.0122283 0.0105117 0.00894618 0.00751521
 1.03347e-16 2.3297e-05 0.000136705 0.000649773 0.00250156 0.00780079 0.0197044 0.0403194 0.0668402 0.0897834 0.097752 0.0863427 0.0620655 0.036744 0.0188095 0.00995317 0.00772938 0.0092163 0.0125929 0.0169771 0.0218561 0.0267506 0.0311413 0.0345302 0.0365429 0.0370091 0.0359941 0.0337661 0.0307152 0.0272541 0.0237328 0.0203906 0.0173504 0.0146437 0.0122497 0.0101309
 1.03652e-16 2.79386e-05 0.000163967 0.000779407 0.00300073 0.00935745 0.0236362 0.0483633 0.0801692 0.10767 0.11718 0.103394 0.0740832 0.043379 0.0213232 0.00986004 0.00597389 0.00610497 0.00807129 0.0109018 0.0141655 0.0175564 0.0207638 0.023483 0.0254674 0.0265761 0.0267935 0.0262154 0.025009 0.0233627 0.0214445 0.0193805 0.0172534 0.0151155 0.0130069 0.0109669
 1.0393e-16 2.50408e-05 0.000146947 0.000698476 0.0026891 0.00838562 0.0211816 0.0433415 0.0718478 0.0965032 0.10505 0.0927467 0.0665764 0.0392288 0.0197394 0.00989321 0.00702883 0.00798321 0.0107984 0.0145586 0.0187827 0.0230593 0.0269526 0.0300445 0.0320171 0.0327202 0.0321967 0.0306549 0.0284017 0.0257609 0.0230041 0.0203136 0.0177806 0.0154282 0.0132451 0.0112147
 1.03935e-16 2.65328e-05 0.000155711 0.000740149 0.00284956 0.00888605 0.0224455 0.0459273 0.0761326 0.102253 0.111294 0.0982247 0.0704329 0.0413487 0.0205247 0.00982593 0.00640698 0.00689999 0.0092329 0.0124651 0.0161475 0.0199316 0.0234547 0.0263646 0.028384 0.0293664 0.0293183 0.0283795 0.0267728 0.0247403 0.0224916 0.0201749 0.0178763 0.0156368 0.0134762 0.0114122
 1.04133e-16 2.49555e-05 0.000146448 0.000696102 0.00267996 0.00835713 0.0211096 0.0431942 0.0716033 0.096174 0.10469 0.092424 0.0663346 0.0390661 0.0196205 0.00977386 0.00687154 0.00776092 0.0104939 0.0141653 0.0183082 0.0225285 0.0264081 0.0295434 0.031623 0.0324924 0.0321794 0.0308682 0.0288384 0.0263877 0.0237687 0.021154 0.0186353 0.0162441 0.0139831 0.011851
 1.05896e-16 1.86992e-05 0.000109711 0.000521439 0.00200744 0.00625988 0.0158122 0.0323559 0.0536409 0.0720607 0.0784758 0.0693628 0.0499612 0.0297825 0.0156252 0.00888714 0.00765014 0.00960904 0.013326 0.0180895 0.0234494 0.0289474 0.0340667 0.0382982 0.0412412 0.0426845 0.0426392 0.0413092 0.039017 0.0361125 0.0328962 0.029579 0.0262808 0.0230568 0.0199327 0.016933
 1.08067e-16 1.84363e-05 0.000108175 0.000514149 0.00197939 0.00617245 0.0155913 0.0319032 0.0528886 0.0710445 0.0773542 0.068336 0.0491447 0.0291423 0.0150107 0.00810434 0.00651145 0.00795195 0.0110249 0.0150785 0.0197545 0.0247152 0.0295748 0.0339373 0.0374673 0.0399491 0.0413128 0.0416184 0.0410088 0.0396539 0.0377053 0.0352781 0.0324566 0.0293149 0.0259384 0.0224351
 1.06796e-16 2.53353e-05 0.000148685 0.000706755 0.002721 0.00848515 0.0214329 0.043855 0.0726963 0.0976349 0.106261 0.0937658 0.0671992 0.0393776 0.0194124 0.0090743 0.00563814 0.00588755 0.00785661 0.0106777 0.013972 0.0174722 0.0209031 0.0239903 0.026506 0.0283094 0.0293627 0.0297169 0.0294758 0.0287534 0.0276416 0.0261985 0.024456 0.0224392 0.0201862 0.0177602
 1.0484e-16 2.60845e-05 0.000153078 0.000727629 0.00280135 0.0087357 0.0220658 0.0451504 0.0748451 0.100525 0.109417 0.0965768 0.0692698 0.0407032 0.0202728 0.00981814 0.00654681 0.00715001 0.00958751 0.0129243 0.0167016 0.0205541 0.0241029 0.0269855 0.0289257 0.029791 0.0296146 0.0285692 0.0269091 0.0248986 0.0227537 0.0206117 0.0185331 0.0165243 0.0145698 0.0126582
 1.02939e-16 3.01499e-05 0.00017695 0.000841127 0.00323836 0.0100985 0.0255081 0.0521933 0.0865173 0.116194 0.126451 0.111562 0.0799082 0.0467336 0.0228659 0.0103907 0.00603816 0.00595092 0.00776025 0.0104093 0.0134324 0.0165087 0.0193237 0.0215783 0.0230442 0.0236104 0.023302 0.0222611 0.0207006 0.0188466 0.0168903 0.0149623 0.0131299 0.0114142 0.00981184 0.00831571
 1.01829e-16 3.21009e-05 0.000188404 0.000895583 0.00344804 0.0107524 0.0271597 0.0555725 0.0921181 0.123714 0.13463 0.118765 0.0850401 0.0496794 0.0242026 0.0108189 0.00603418 0.00572898 0.00737277 0.00983835 0.0126365 0.015442 0.0179433 0.01985 0.020946 0.0211368 0.0204664 0.0190981 0.017266 0.0152163 0.0131564 0.0112263 0.00949552 0.00797771 0.00665457 0.00549746
 1.02163e-16 2.69827e-05 0.000158347 0.000752669 0.00289775 0.00903629 0.0228251 0.0467044 0.077422 0.103989 0.113195 0.0999283 0.0717113 0.0422132 0.0211636 0.0104766 0.00727299 0.0081321 0.0109329 0.0146798 0.0188508 0.0230046 0.0266797 0.029439 0.0309585 0.0310983 0.0299301 0.0277075 0.0247929 0.0215683 0.0183569 0.0153795 0.0127473 0.0104837 0.0085595 0.00692549
 1.0297e-16 2.69739e-05 0.000158299 0.000752452 0.00289693 0.00903374 0.0228186 0.0466908 0.0773983 0.103953 0.113147 0.0998633 0.0716159 0.0420592 0.0209067 0.0100565 0.00661748 0.00716521 0.0095895 0.012926 0.0167057 0.0205574 0.0240952 0.0269452 0.0288168 0.029561 0.0291957 0.0278844 0.0258817 0.0234654 0.020878 0.0182944 0.0158181 0.013497 0.0113485 0.00937966
 1.03329e-16 2.72027e-05 0.000159643 0.00075884 0.00292153 0.00911046 0.0230124 0.0470872 0.0780552 0.104835 0.114105 0.100704 0.0722097 0.0423891 0.0210353 0.010059 0.00654047 0.00702292 0.00937665 0.0126306 0.0163169 0.0200709 0.0235158 0.0262893 0.0281118 0.0288437 0.0285092 0.0272732 0.0253873 0.0231211 0.0207055 0.0183011 0.0159962 0.0138247 0.0117928 0.00990067
 1.0251e-16 3.14163e-05 0.000184386 0.000876485 0.00337451 0.0105231 0.0265805 0.0543873 0.0901534 0.121075 0.131756 0.116226 0.0832148 0.048598 0.0236484 0.0105266 0.00581266 0.00547744 0.00705045 0.00943947 0.0121814 0.0149763 0.0175373 0.0195927 0.0209342 0.021459 0.021187 0.0202442 0.0188211 0.0171213 0.0153186 0.0135332 0.0118298 0.0102318 0.0087411 0.00735492
 1.02252e-16 2.89929e-05 0.000170153 0.000808804 0.0031139 0.00971036 0.0245277 0.0501876 0.0831943 0.111736 0.121613 0.107323 0.0769394 0.0451319 0.0223326 0.0105698 0.00672117 0.00709078 0.00939713 0.0125954 0.0161809 0.0197645 0.022951 0.0253685 0.0267405 0.0269469 0.0260469 0.0242527 0.0218683 0.0192124 0.0165534 0.0140726 0.0118588 0.00992881 0.00825699 0.00680405
 1.02471e-16 2.87341e-05 0.000168634 0.000801588 0.00308612 0.00962374 0.0243089 0.0497398 0.0824517 0.110738 0.120524 0.106357 0.0762338 0.0446932 0.0220701 0.0103713 0.00650042 0.00679508 0.00899954 0.0120897 0.0155829 0.019115 0.0223157 0.024832 0.0263943 0.026873 0.0263016 0.0248546 0.0227932 0.0203975 0.0179085 0.0154954 0.0132514 0.0112102 0.00937137 0.00772269
 1.02299e-16 3.05958e-05 0.000179567 0.00085357 0.00328627 0.0102479 0.0258855 0.0529654 0.0877972 0.117913 0.128322 0.113211 0.0810891 0.0474226 0.0231997 0.010536 0.0061126 0.00601328 0.00783216 0.010494 0.0135229 0.01659 0.0193725 0.0215649 0.0229345 0.0233702 0.0229016 0.0216801 0.019931 0.017895 0.0157779 0.0137224 0.0118055 0.0100531 0.00846288 0.00702397
 1.02691e-16 2.65453e-05 0.00015578 0.000740466 0.00285077 0.00888979 0.0224551 0.0459472 0.0761667 0.102303 0.111359 0.0983063 0.0705448 0.0415217 0.0208084 0.0102878 0.0071279 0.00796538 0.0107172 0.01441 0.0185381 0.0226764 0.0263797 0.029224 0.0308915 0.0312392 0.0303254 0.0283814 0.025743 0.0227645 0.0197464 0.016894 0.0143124 0.0120273 0.0100194 0.00825401
pSPR Fmed_Fpbrs
0.737267   0.332484 0.332484
Fs Fmed_Fpbrs
0.185865   1.005 1.005
SSBpbr Bo_Bmed_Bpbrs
1.46683e+06  1.0081e+06  414357 414357
Ro
63576.6
SPR SPRFo_SPRFmed_SPRFpbrs
1.308e+06 964344 434889
log_Ro
10.88
likeval ReclasPelacesDesembMPH_pf_preclas_ppelaces_ptallas_desvR_qrecl_qpela
 63.0497 23.9711 0.0284266 0.00157893 290.226 174.05 81.3866 0 16.04 0.000100845 0 0 0 0 0
q_reclas_q_pelaces
0.240986 1
M
0.7
N
 67560.4 18307.4 6833.81 807.87 0.417567
 85918.3 31278 6434.19 2401.77 284.075
 55165.5 40447.5 11937.1 2455.57 1025.04
 83342.8 25455.3 13985.5 4127.47 1203.49
 138975 40830.5 11824.8 6496.68 2476.39
 102997 68817.5 19994 5790.4 4393.97
 154689 49674.4 29589.2 8596.76 4378.93
 140004 75429.9 22548.8 13431.5 5890.09
 156165 67010.6 31238.8 9338.47 8001.93
 143667 74338.2 27013.5 12593.1 6990.3
 69145.9 68832.9 30939.2 11242.9 8150.49
 41470.3 31753 23241.7 10446.7 6548.23
 42050 19144.1 11002.8 8053.49 5888.93
 24190 18628.7 5414.72 3112.02 3943.47
 19640.3 9851.28 3479.03 1011.23 1317.66
 25344.3 8169.32 2041.91 721.111 482.718
 21731.2 11742.6 2882.2 720.404 424.721
 23827.8 10270.3 4568.56 1121.34 445.519
 27700.8 11446.5 4330.68 1926.42 660.697
 49882.1 13370.5 4941.23 1869.47 1116.81
 62921.4 24070.6 5764.33 2130.27 1287.45
 84129 30816.3 11164.6 2673.65 1585.23
 136181 41041.8 14019.8 5079.31 1937.57
 136808 66243.4 18407.7 6288.05 3147.15
pred_Ctot
 3302.99 3925.01 1465.13 173.203 0.0895244
 3222.52 5285.97 1087.38 405.898 48.0087
 2820.17 9019.76 2661.96 547.591 228.583
 806.292 1186.24 651.736 192.344 56.0836
 283.332 408.426 118.283 64.986 24.7712
 2136.28 6694.85 1945.1 563.314 427.464
 2009.98 3084.35 1837.23 533.785 271.894
 3647.43 9100.53 2720.49 1620.49 710.633
 4661.77 9179.81 4279.42 1279.28 1096.19
 3642.66 8743.3 3177.19 1481.14 822.165
 3758.89 16197.4 7280.45 2645.61 1917.93
 2107.88 7045.21 5156.75 2317.87 1452.89
 3284.02 6119.33 3516.98 2574.26 1882.37
 3165.76 8829.6 2566.46 1475.03 1869.12
 2317.2 4335.7 1531.17 445.059 579.921
 1225.7 1734.74 433.596 153.126 102.504
 756.807 1854.49 455.18 113.772 67.0752
 560.089 1124.82 500.357 122.811 48.7941
 558.878 1084.67 410.374 182.547 62.6075
 1015.58 1277.98 472.292 178.687 106.747
 622.468 1146.43 274.543 101.46 61.3184
 1066.18 1867.67 676.649 162.041 96.0756
 2004.07 2874.22 981.83 355.712 135.691
 1957.33 4514.63 1254.53 428.544 214.485
F
 0.0701071 0.345678 0.345678 0.345678 0.345678
 0.053393 0.263266 0.263266 0.263266 0.263266
 0.0734144 0.361985 0.361985 0.361985 0.361985
 0.0135329 0.066727 0.066727 0.066727 0.066727
 0.00283841 0.0139954 0.0139954 0.0139954 0.0139954
 0.0292146 0.144049 0.144049 0.144049 0.144049
 0.0182136 0.0898061 0.0898061 0.0898061 0.0898061
 0.0368184 0.181541 0.181541 0.181541 0.181541
 0.042289 0.208515 0.208515 0.208515 0.208515
 0.0358169 0.176603 0.176603 0.176603 0.176603
 0.078231 0.385734 0.385734 0.385734 0.385734
 0.0729797 0.359842 0.359842 0.359842 0.359842
 0.114157 0.562875 0.562875 0.562875 0.562875
 0.198339 0.977951 0.977951 0.977951 0.977951
 0.177198 0.873714 0.873714 0.873714 0.873714
 0.0693269 0.341831 0.341831 0.341831 0.341831
 0.0494919 0.24403 0.24403 0.24403 0.24403
 0.0331661 0.163533 0.163533 0.163533 0.163533
 0.0284078 0.140071 0.140071 0.140071 0.140071
 0.0286702 0.141365 0.141365 0.141365 0.141365
 0.0138403 0.0682425 0.0682425 0.0682425 0.0682425
 0.0177608 0.0875735 0.0875735 0.0875735 0.0875735
 0.0206503 0.10182 0.10182 0.10182 0.10182
 0.0200712 0.0989652 0.0989652 0.0989652 0.0989652
nmprior
 10 10 8 0
nm_flota  nm_reclas  nm_pelaces    nm_pelaL
inf 13.3266 19.7776 35.9259
cv_recla  cv_pelaces  cv_mph
0.735137 0.576114 1.2892
 ------------------------------------------------
Talla a la edad & desviación 
 7.2 14.2025 17.0495 18.207 18.6776
 1.08 2.13037 2.55742 2.73105 2.80164
