years
 1997 1998 1999 2000 2001 2002 2003 2004 2005 2006 2007 2008 2009 2010 2011 2012 2013 2014 2015 2016 2017 2018 2019 2020
reclasobs
 0 0 0 370054 412103 1.49427e+06 250295 1.28982e+06 931140 785840 897777 1.04006e+06 184774 17550 25797 100020 73551 82996 120727 218422 84188 347160 605670 569463
reclaspred
 442393 121323 356502 258270 390630 469146 1.01539e+06 676053 745840 706073 571173 391293 240902 102227 64158 62961 78895.5 106878 114918 164143 242676 228487 406188 500769
pelacesobs
 0 0 0 0 0 0 0 0 0 2.06254e+06 1.5e+06 0 1.87456e+06 323000 250000 174000 83755 137374 0 501740 490994 745055 786931 1.00524e+06
pelacespred
 1.83492e+06 432064 794383 894185 1.16659e+06 1.1745e+06 2.82049e+06 2.33202e+06 2.26472e+06 2.1753e+06 1.55706e+06 1.11024e+06 659468 218245 135637 148461 196755 279213 308092 426736 719910 665239 921750 1.33998e+06
mphobs
 0 0 0 0 0 112323 0 153150 637223 0 255016 313432 73983 77613 109348 50772 0 0 0 0 0 0 0 0
mphpred
 159923 95372.3 116551 134504 149678 238607 349865 410922 346918 351807 341405 238893 149489 76747.3 32671.2 26860.4 32123.6 44300.7 55443.6 64583.7 98351.3 119049 152944 221132
desembarqueobs
 350755 77701 442110 56441 14545 235359 269955 359681 431902 328805 639364 411747 362871 311530 167758 66681 60226 58785 57116 71774 51957 67425 138520 160799
desembarquepred
 350768 77704.8 442153 56444 14545.2 235422 270005 359710 431982 328849 639528 411919 363111 311811 167687 66689.5 60255.6 58786.5 57109.5 71777.1 51960.1 67420.2 138525 160807
Reclutas
 43309.2 52676 31871.3 47957.1 80062.1 59095.4 93231.8 90751.1 111254 119828 66621.1 44825.2 43321.5 23365.5 15356.1 15606.2 12311.7 13712.8 15630.7 26057.4 33246.8 45116.2 73575.9 77904.6
log_desv_Rt
 0.03612 0.231916 -0.270539 0.138062 0.650558 0.346909 0.802844 0.775876 0.979571 1.05381 0.466777 0.0705247 0.0364046 -0.580985 -1.00073 -0.984574 -1.2217 -1.11391 -0.98301 -0.471943 -0.228285 0.0769966 0.566072 0.623241
SSB
 506470 302040 369111 425969 474025 755658 1.10801e+06 1.30137e+06 1.09868e+06 1.11416e+06 1.08122e+06 756564 473426 243056 103468 85065.7 101734 140298 175588 204534 311475 377022 484369 700317
BT
 1.79619e+06 449396 873511 734120 901675 1.0385e+06 2.37618e+06 2.16392e+06 2.14028e+06 1.96617e+06 1.73985e+06 1.20331e+06 855707 459366 247099 169479 201002 260592 278489 385365 593587 552273 784853 1.13509e+06
Ftot
 0.790491 0.651974 0.989378 0.186367 0.0346798 0.341394 0.210695 0.43213 0.49203 0.388738 0.778278 0.694902 1.09949 2.14749 2.44007 1.01357 0.712155 0.468822 0.38483 0.385535 0.18541 0.226139 0.263261 0.254958
BD_Bspro_t
 0.924031 0.68492 0.634783 0.489495 0.640584 0.786801 0.746412 0.753881 0.691316 0.652794 0.619091 0.459709 0.351523 0.242384 0.133236 0.135357 0.210059 0.341346 0.45079 0.547904 0.672692 0.76464 0.777895 0.786395
BD_Bspro
 0.589318 0.351448 0.42949 0.495649 0.551566 0.879269 1.28926 1.51425 1.2784 1.29641 1.25808 0.880323 0.550869 0.282815 0.120394 0.0989808 0.118376 0.163249 0.20431 0.237992 0.362426 0.438696 0.563602 0.814875
BD_Bo
 0.505735 0.301602 0.368575 0.425351 0.473337 0.754562 1.1064 1.29948 1.09708 1.11254 1.07965 0.755466 0.472739 0.242703 0.103318 0.0849423 0.101586 0.140095 0.175333 0.204237 0.311022 0.376475 0.483666 0.699301
BD_Brms
 1.4714 0.87749 1.07234 1.23753 1.37714 2.19535 3.219 3.78076 3.19188 3.23686 3.14116 2.19798 1.3754 0.706128 0.300597 0.247134 0.295559 0.407596 0.510119 0.594214 0.904899 1.09533 1.40719 2.03457
S_f
 0.129619 0.738871 0.981739 0.999022 0.999948
 0.129619 0.738871 0.981739 0.999022 0.999948
 0.129619 0.738871 0.981739 0.999022 0.999948
 0.129619 0.738871 0.981739 0.999022 0.999948
 0.129619 0.738871 0.981739 0.999022 0.999948
 0.129619 0.738871 0.981739 0.999022 0.999948
 0.129619 0.738871 0.981739 0.999022 0.999948
 0.129619 0.738871 0.981739 0.999022 0.999948
 0.129619 0.738871 0.981739 0.999022 0.999948
 0.129619 0.738871 0.981739 0.999022 0.999948
 0.129619 0.738871 0.981739 0.999022 0.999948
 0.129619 0.738871 0.981739 0.999022 0.999948
 0.129619 0.738871 0.981739 0.999022 0.999948
 0.129619 0.738871 0.981739 0.999022 0.999948
 0.129619 0.738871 0.981739 0.999022 0.999948
 0.129619 0.738871 0.981739 0.999022 0.999948
 0.129619 0.738871 0.981739 0.999022 0.999948
 0.129619 0.738871 0.981739 0.999022 0.999948
 0.129619 0.738871 0.981739 0.999022 0.999948
 0.129619 0.738871 0.981739 0.999022 0.999948
 0.129619 0.738871 0.981739 0.999022 0.999948
 0.129619 0.738871 0.981739 0.999022 0.999948
 0.129619 0.738871 0.981739 0.999022 0.999948
 0.129619 0.738871 0.981739 0.999022 0.999948
Scru_reclas
 0.902926 1 1 1 1
 0.902926 1 1 1 1
 0.902926 1 1 1 1
 0.902926 1 1 1 1
 0.902926 1 1 1 1
 0.902926 1 1 1 1
 0.902926 1 1 1 1
 0.902926 1 1 1 1
 0.902926 1 1 1 1
 0.902926 1 1 1 1
 0.902926 1 1 1 1
 0.902926 1 1 1 1
 0.902926 1 1 1 1
 0.902926 1 1 1 1
 0.902926 1 1 1 1
 0.902926 1 1 1 1
 0.902926 1 1 1 1
 0.902926 1 1 1 1
 0.902926 1 1 1 1
 0.902926 1 1 1 1
 0.902926 1 1 1 1
 0.902926 1 1 1 1
 0.902926 1 1 1 1
 0.902926 1 1 1 1
Scru_pelaces
 0.821016 1 1 1 1
 0.821016 1 1 1 1
 0.821016 1 1 1 1
 0.821016 1 1 1 1
 0.821016 1 1 1 1
 0.821016 1 1 1 1
 0.821016 1 1 1 1
 0.821016 1 1 1 1
 0.821016 1 1 1 1
 0.821016 1 1 1 1
 0.821016 1 1 1 1
 0.821016 1 1 1 1
 0.821016 1 1 1 1
 0.821016 1 1 1 1
 0.821016 1 1 1 1
 0.821016 1 1 1 1
 0.821016 1 1 1 1
 0.821016 1 1 1 1
 0.821016 1 1 1 1
 0.821016 1 1 1 1
 0.821016 1 1 1 1
 0.821016 1 1 1 1
 0.821016 1 1 1 1
 0.821016 1 1 1 1
pf_obs 
 0.256992 0.487395 0.22802 0.0275931 0
 0.321318 0.546541 0.124235 0.00734118 0.000564706
 0.182869 0.594174 0.210203 0.0122559 0.00049798
 0.330522 0.361315 0.267642 0.0388342 0.00168674
 0.649043 0.306663 0.0425973 0.00169635 0
 0.582887 0.30429 0.105238 0.00758474 0
 0.465427 0.430635 0.0974691 0.00646863 0
 0.296916 0.608066 0.0921331 0.00288517 0
 0.311714 0.524322 0.152257 0.0117073 0
 0.15457 0.633149 0.183074 0.0267441 0.00246327
 0.131901 0.49318 0.331252 0.0422183 0.00144891
 0.196976 0.569456 0.194076 0.0375587 0.00193317
 0.518974 0.381816 0.0799577 0.0180837 0.00116848
 0.0928022 0.601141 0.25162 0.0475244 0.00691264
 0.122501 0.610282 0.24278 0.0234846 0.000952079
 0.383417 0.481906 0.127806 0.00687128 0
 0.0376549 0.599619 0.316969 0.0457579 0
 0.0361596 0.667082 0.258105 0.0386534 0
 0.158088 0.579412 0.248529 0.0139706 0
 0.0477256 0.309471 0.559284 0.082774 0.000745712
 0.0406174 0.521527 0.379366 0.0568643 0.0016247
 0.151134 0.462217 0.34131 0.0453401 0
 0.294876 0.26143 0.354403 0.0886775 0.000613685
 0.281977 0.475581 0.204845 0.0348837 0.00271318
pf_pred 
 0.351854 0.446109 0.18069 0.0213336 1.29983e-05
 0.306317 0.54473 0.114029 0.0313158 0.00360747
 0.179745 0.604325 0.181739 0.0263204 0.00787101
 0.276202 0.435005 0.233995 0.0463218 0.00847593
 0.28736 0.471204 0.161645 0.0648771 0.014914
 0.15979 0.557837 0.203524 0.0530895 0.0257599
 0.238523 0.387222 0.273824 0.0727983 0.0276334
 0.200449 0.506906 0.170835 0.0895763 0.0322338
 0.236344 0.454284 0.219316 0.0530393 0.0370164
 0.226012 0.503511 0.182568 0.0627208 0.025188
 0.137055 0.544971 0.229635 0.0600346 0.0283044
 0.140757 0.448537 0.294726 0.0843491 0.0316305
 0.20891 0.426533 0.224403 0.101271 0.0388832
 0.200889 0.563127 0.153143 0.0515732 0.0312671
 0.288653 0.549919 0.132564 0.0190214 0.00984299
 0.349364 0.551583 0.0864593 0.0104295 0.00216375
 0.231251 0.6071 0.144727 0.0148226 0.00209901
 0.240808 0.494145 0.22413 0.0367257 0.00419043
 0.235079 0.496842 0.19401 0.0628422 0.0112269
 0.302948 0.442508 0.183392 0.0517874 0.0193652
 0.260503 0.523376 0.152832 0.0458628 0.0174271
 0.250408 0.480333 0.206163 0.0448623 0.0182334
 0.288416 0.453551 0.182567 0.0580404 0.0174256
 0.220687 0.53309 0.173787 0.051542 0.0208939
pobs_RECLAS
 0 0 0 0 0
 0 0 0 0 0
 0 0 0 0 0
 0 0 0 0 0
 0.835266 0.146461 0.0176864 0.000547809 3.91292e-05
 0.385257 0.428462 0.181853 0.0044286 0
 0.867414 0.0963971 0.0333333 0.00285562 0
 0.441836 0.489002 0.0689373 0.000224442 0
 0.779404 0.147425 0.0564933 0.0165055 0.000172143
 0.814271 0.122319 0.05973 0.00367925 0
 0.40263 0.566651 0.0304383 0.000280538 0
 0.475488 0.404961 0.113038 0.00651328 0
 0.955842 0.0263864 0.0167828 0.000988607 0
 0.975058 0.0227948 0.00214734 0 0
 0.738997 0.206755 0.0527124 0.00153531 0
 0.850938 0.134255 0.0134407 0.00136685 0
 0.542534 0.407297 0.0501686 0 0
 0.764087 0.199537 0.0359546 0.000420521 0
 0.470689 0.182191 0.310203 0.0369168 0
 0.84361 0.089868 0.0606195 0.00523954 0.000663233
 0.607945 0.314616 0.071237 0.00620181 0
 0.523733 0.453247 0.0230204 0 0
 0.530135 0.295979 0.169645 0.0042399 0
 0.562478 0.366248 0.0663022 0.0049721 0
ppred_RECLAS
 0.760378 0.179766 0.0536388 0.00621328 3.78183e-06
 0.713224 0.238661 0.0369955 0.00997204 0.0011476
 0.562194 0.347414 0.0763173 0.0108366 0.00323725
 0.687499 0.208838 0.0842758 0.0163908 0.00299636
 0.694386 0.220947 0.0570157 0.0224868 0.0051645
 0.520786 0.348142 0.094952 0.0243276 0.0117929
 0.650037 0.203319 0.107808 0.028158 0.0106784
 0.592453 0.285547 0.0717636 0.0369524 0.0132844
 0.645474 0.235688 0.084702 0.0201134 0.0140236
 0.626862 0.266774 0.0722202 0.0243673 0.00977628
 0.485561 0.360316 0.111901 0.028703 0.0135189
 0.499836 0.298892 0.145209 0.0407842 0.0152786
 0.624491 0.232332 0.0888237 0.0392858 0.0150678
 0.629058 0.289175 0.0535403 0.0175815 0.0106448
 0.735387 0.221538 0.035545 0.00496462 0.00256534
 0.753292 0.21819 0.0249547 0.00295115 0.000611615
 0.629437 0.309744 0.0545602 0.0054836 0.000775746
 0.646899 0.252496 0.0853133 0.0137269 0.00156474
 0.63869 0.257915 0.0752019 0.0239233 0.00426985
 0.715137 0.199576 0.0617596 0.0171283 0.00639875
 0.663596 0.257154 0.0563355 0.0166092 0.00630531
 0.656229 0.24236 0.0779735 0.016669 0.0067684
 0.699116 0.211314 0.0637066 0.0198956 0.00596766
 0.615636 0.285949 0.0698305 0.0203451 0.00823962
pobs_PELACES
 0 0 0 0 0
 0 0 0 0 0
 0 0 0 0 0
 0 0 0 0 0
 0 0 0 0 0
 0 0 0 0 0
 0 0 0 0 0
 0 0 0 0 0
 0 0 0 0 0
 0 0 0 0 0
 0.450072 0.473896 0.0757376 0.000293798 0
 0 0 0 0 0
 0.463077 0.371075 0.160297 0.00555027 0
 0.529543 0.364841 0.0842815 0.0213345 0
 0.631943 0.363953 0.00410389 0 0
 0.735681 0.248677 0.0153453 0.000297389 0
 0.695825 0.281241 0.0229344 0 0
 0.275771 0.60734 0.115278 0.00161068 0
 0 0 0 0 0
 0.896147 0.0623911 0.0374545 0.00400742 0
 0.803859 0.145111 0.0509908 3.86294e-05 0
 0.739449 0.233085 0.0266225 0.000797448 4.60066e-05
 0.878498 0.100942 0.0204185 0.000141795 0
 0.694673 0.275183 0.0284847 0.00165964 0
ppred_PELACES
 0.774544 0.171792 0.0481126 0.00554808 3.37613e-06
 0.722279 0.233149 0.0343011 0.00921143 0.00105986
 0.591442 0.329447 0.0668533 0.00943937 0.00281899
 0.676081 0.217553 0.0864909 0.0168038 0.00307168
 0.675543 0.234755 0.0604105 0.023821 0.00547086
 0.516066 0.354237 0.0940067 0.0240386 0.0116516
 0.639603 0.210889 0.109949 0.0286829 0.0108767
 0.593014 0.288176 0.0699589 0.0359345 0.0129168
 0.649386 0.236211 0.0816076 0.0193242 0.0134714
 0.624999 0.270526 0.0709893 0.023899 0.00958723
 0.50556 0.352823 0.102948 0.0262895 0.0123792
 0.516602 0.295439 0.135756 0.0379784 0.0142245
 0.661093 0.216842 0.0759089 0.0333638 0.0127921
 0.711184 0.233476 0.0363926 0.0118051 0.00714273
 0.809582 0.164224 0.0216687 0.00298468 0.00154111
 0.77453 0.201238 0.02122 0.00249503 0.000516925
 0.642699 0.301423 0.0501489 0.0050198 0.00070998
 0.649142 0.253585 0.0825214 0.0132422 0.00150927
 0.63665 0.26169 0.0739849 0.0234846 0.00419105
 0.713453 0.202639 0.0607992 0.0168249 0.00628467
 0.651376 0.267444 0.0577255 0.017001 0.00645369
 0.646183 0.250793 0.0792375 0.0169173 0.00686878
 0.691531 0.218024 0.0643572 0.0200686 0.00601907
 0.606477 0.294318 0.0704207 0.0204872 0.00829653
pobs_pel_tallas
 0 0 0 0 0 0 0 0 0 0 0 0 0 0 0 0 0 0 0 0 0 0 0 0 0 0 0 0 0 0 0 0 0 0 0 0
 0 0 0 0 0 0 0 0 0 0 0 0 0 0 0 0 0 0 0 0 0 0 0 0 0 0 0 0 0 0 0 0 0 0 0 0
 0 0 0 0 0 0 0 0 0 0 0 0 0 0 0 0 0 0 0 0 0 0 0 0 0 0 0 0 0 0 0 0 0 0 0 0
 0 0 0 0 0 0 0 0 0 0 0 0 0 0 0 0 0 0 0 0 0 0 0 0 0 0 0 0 0 0 0 0 0 0 0 0
 0 0 0 0 0 0 0 0 0 0 0 0 0 0 0 0 0 0 0 0 0 0 0 0 0 0 0 0 0 0 0 0 0 0 0 0
 0 0 0 0 0 0 0 0 0 0 0 0 0 0 0 0 0 0 0 0 0 0 0 0 0 0 0 0 0 0 0 0 0 0 0 0
 0 0 0 0 0 0 0 0 0 0 0 0 0 0 0 0 0 0 0 0 0 0 0 0 0 0 0 0 0 0 0 0 0 0 0 0
 0 0 0 0 0 0 0 0 0 0 0 0 0 0 0 0 0 0 0 0 0 0 0 0 0 0 0 0 0 0 0 0 0 0 0 0
 0 0 0 0 0 0 0 0 0 0 0 0 0 0 0 0 0 0 0 0 0 0 0 0 0 0 0 0 0 0 0 0 0 0 0 0
 0 0 0 0 0 0 0 0 0 0 0 0 0 0 0 0 0 0 0 0 0 0 0 0 0 0 0 0 0 0 0 0 0 0 0 0
 0 0 0 0 0 0 0 0 1.78061e-05 0.00172719 0.00360574 0.0105946 0.0120993 0.0124554 0.0147524 0.0171206 0.0266825 0.0428682 0.0675386 0.121331 0.153587 0.119568 0.100827 0.0573624 0.0630603 0.0341343 0.0324427 0.0444173 0.0211091 0.0280891 0.0125444 0.00206551 0 0 0 0
 0 0 0 0 0 0 0 0 0 0 0 0 0 0 0 0 0 0 0 0 0 0 0 0 0 0 0 0 0 0 0 0 0 0 0 0
 0 0 0 0 0 0 0.0133647 0.0140871 0.0187388 0.0205184 0.03894 0.0496705 0.03968 0.0493445 0.0407372 0.0367815 0.0215668 0.0243155 0.0234873 0.0199281 0.019796 0.0243948 0.0301388 0.0376714 0.0412746 0.0863199 0.0771752 0.113111 0.0741005 0.0525337 0.0229764 0.00759418 0.00175318 0 0 0
 0 0 0 0 0 0 0 0 0 0 0.00219441 0.00772107 0.0458388 0.0604681 0.0671733 0.0775358 0.0609151 0.0617685 0.073594 0.0568108 0.0755445 0.0548602 0.0670107 0.0636378 0.0643287 0.046367 0.0373049 0.0286899 0.0247887 0.0153202 0.00654259 0.00121912 0.000365735 0 0 0
 0 0 0 0 0 0 0 0 0 0 0 0 0.000112435 0.00938835 0.0111873 0.0202946 0.0414886 0.0713402 0.111592 0.104902 0.108894 0.110636 0.117776 0.105296 0.107544 0.0401394 0.0192827 0.0124803 0.00416011 0.0028671 0.000618394 0 0 0 0 0
 0 0 0 0 0 0 0 0 0 0 0.00291406 0.0102884 0.027416 0.0768956 0.0749926 0.110853 0.0956884 0.0897413 0.0766577 0.0534642 0.0500743 0.0551293 0.0594112 0.0620874 0.0668451 0.0424026 0.0208742 0.0120726 0.0048766 0.00582813 0.00118941 0.000297354 0 0 0 0
 0 0.00264628 0.0354308 0.0461629 0.0458689 0.0383711 0.0214643 0.0164657 0.0346957 0.0420465 0.0363128 0.0245516 0.0311673 0.0291091 0.0169068 0.0133784 0.00837989 0.0085269 0.0148486 0.0160247 0.0276389 0.0546898 0.0760071 0.122758 0.109233 0.0665981 0.0333725 0.0166128 0.00676272 0.00308733 0.000882094 0 0 0 0 0
 0 0 0 0 0 0 0 0.000805153 0.000690131 0.00759144 0.0133425 0.0154129 0.00931677 0.000345066 0.00356568 0.00563607 0.00851162 0.0253048 0.0502646 0.0516448 0.0657925 0.0565908 0.0611916 0.0827007 0.0866115 0.110766 0.145733 0.0935128 0.0569358 0.0249597 0.0138026 0.00621118 0.00161031 0.00115022 0 0
 0 0 0 0 0 0 0 0 0 0 0 0 0 0 0 0 0 0 0 0 0 0 0 0 0 0 0 0 0 0 0 0 0 0 0 0
 0.00147267 0.00158595 0.00478618 0.00569244 0.00954404 0.0108468 0.00647125 0.017049 0.0510054 0.094081 0.124002 0.0959785 0.0687766 0.0820023 0.061753 0.0591476 0.0492212 0.0479892 0.0443925 0.0268479 0.0217502 0.0140895 0.0121071 0.0120363 0.00920419 0.00665534 0.0049561 0.00860946 0.00930331 0.0156896 0.0114698 0.00855282 0.00243557 0.00046729 0 2.83206e-05
 0 0 0 0 0.000772559 0.00158375 0.000888443 0.00281984 0.00712685 0.0440552 0.0773331 0.111326 0.0921469 0.0852325 0.0710754 0.0886704 0.0786465 0.0553345 0.0373146 0.0185414 0.00753245 0.00457741 0.012979 0.0271748 0.0457355 0.0583668 0.034881 0.0177882 0.00938659 0.00492506 0.0015258 0.00185414 0.000309023 5.79419e-05 3.86279e-05 0
 0 0.00173294 0.00326652 0 0.00397197 0.00683976 0.00946217 0.0152591 0.00757587 0.0136028 0.0228656 0.0392903 0.0559909 0.0764795 0.0681675 0.0726916 0.0566044 0.0477403 0.0527397 0.0444891 0.0609904 0.0582453 0.0661739 0.0445044 0.0529084 0.0360697 0.0280645 0.0235558 0.0158879 0.00826598 0.00280645 0.00217768 0.000904811 0.00058276 9.20147e-05 0
 0 0 0 0 0 0 0 0 0 0 0 0 0 0 0 0 0 0 0 0 0 0 0 0 0 0 0 0 0 0 0 0 0 0 0 0
 0 0 0 0 0 0 0 0 0 0 0 0 0 0 0 0 0 0 0 0 0 0 0 0 0 0 0 0 0 0 0 0 0 0 0 0
ppred_pel_tallas
 1.0093e-16 3.37935e-05 0.000198343 0.000942835 0.00362998 0.0113197 0.0285928 0.0585046 0.0969776 0.130238 0.141722 0.125005 0.0894728 0.0521971 0.0252949 0.0110785 0.00585591 0.00527978 0.00668252 0.008885 0.0113928 0.0138958 0.0161054 0.0177538 0.0186424 0.0186843 0.0179215 0.0165072 0.0146629 0.0126238 0.0105918 0.0087081 0.00704805 0.00563273 0.00444914 0.00346932
 1.00929e-16 3.15169e-05 0.000184972 0.000879256 0.00338516 0.0105563 0.0266644 0.0545594 0.0904403 0.121465 0.132193 0.11664 0.0835738 0.0489336 0.0240453 0.0110962 0.00667262 0.00673949 0.00880648 0.0117396 0.0150074 0.0182192 0.0209889 0.0229596 0.0238733 0.0236308 0.0223127 0.0201533 0.0174779 0.0146248 0.0118785 0.00942987 0.00736929 0.00570495 0.00439348 0.00337017
 1.01513e-16 2.58158e-05 0.000151492 0.00072007 0.00277222 0.00864482 0.0218364 0.0446816 0.0740706 0.0994924 0.108314 0.0956512 0.0687113 0.0405867 0.0206062 0.0106249 0.00791134 0.00920766 0.0124818 0.016753 0.0214642 0.0261107 0.0301555 0.0330924 0.0345501 0.0343778 0.032676 0.0297607 0.0260775 0.0220939 0.0182061 0.0146845 0.0116637 0.00916699 0.00714764 0.00552922
 1.0202e-16 2.95019e-05 0.000173143 0.000823025 0.00316866 0.00988114 0.024959 0.05107 0.0846563 0.113697 0.123741 0.109186 0.0782415 0.0458291 0.0225544 0.0104707 0.00639099 0.00654962 0.00862935 0.0115842 0.0149318 0.0183181 0.0213866 0.0237969 0.0252878 0.0257317 0.0251572 0.0237287 0.0216957 0.0193283 0.0168618 0.0144654 0.0122366 0.0102162 0.00841043 0.00681214
 1.02009e-16 2.94791e-05 0.000173008 0.000822378 0.00316616 0.00987335 0.0249394 0.0510299 0.0845902 0.11361 0.123649 0.109114 0.0782075 0.0458452 0.0226287 0.010615 0.006624 0.00689398 0.00910488 0.0121992 0.0156745 0.0191511 0.0222458 0.0245974 0.0259367 0.0261449 0.0252764 0.0235338 0.0212092 0.0186104 0.0159986 0.0135519 0.011361 0.00944698 0.00779006 0.00635604
 1.02821e-16 2.25301e-05 0.0001322 0.000628347 0.00241905 0.00754349 0.0190545 0.03899 0.0646375 0.0868282 0.0945441 0.083532 0.0600947 0.0356768 0.0184464 0.0100562 0.00815802 0.00993716 0.0136313 0.0183679 0.023611 0.0288388 0.0334812 0.0369937 0.0389694 0.0392293 0.0378569 0.0351607 0.0315857 0.0276016 0.0236077 0.0198783 0.016554 0.0136686 0.0111922 0.00907063
 1.03124e-16 2.79111e-05 0.000163804 0.000778627 0.00299772 0.00934806 0.0236125 0.0483149 0.0800895 0.107565 0.117069 0.103305 0.0740391 0.0433925 0.0214029 0.0100187 0.00623301 0.00649226 0.0086136 0.0116159 0.0150486 0.0185789 0.0218661 0.0245788 0.0264545 0.0273508 0.0272682 0.0263325 0.0247494 0.0227468 0.0205263 0.0182367 0.015971 0.0137804 0.0116946 0.00973717
 1.02926e-16 2.58826e-05 0.000151888 0.000721963 0.00277952 0.00866761 0.0218939 0.044799 0.074264 0.0997486 0.108584 0.095867 0.0688181 0.040553 0.0204112 0.0102369 0.0072771 0.0082584 0.0111501 0.0149954 0.019284 0.0235768 0.0274102 0.0303441 0.0320498 0.0323828 0.0314089 0.0293743 0.0266326 0.0235547 0.0204523 0.0175354 0.0149071 0.012587 0.0105481 0.00874897
 1.02529e-16 2.83386e-05 0.000166312 0.000790545 0.0030436 0.00949113 0.0239739 0.0490546 0.0813162 0.109214 0.118868 0.104902 0.0752058 0.0441198 0.0218414 0.010355 0.00661178 0.00700351 0.00930558 0.0125032 0.0161095 0.0197496 0.0230399 0.0256148 0.027196 0.0276519 0.0270203 0.025486 0.0233236 0.0208264 0.0182459 0.0157578 0.013457 0.0113756 0.00950945 0.00784206
 1.02366e-16 2.72766e-05 0.000160074 0.000760881 0.00292937 0.00913492 0.0230742 0.0472139 0.0782662 0.105121 0.114424 0.101004 0.072463 0.0426153 0.0212906 0.0104169 0.00707705 0.00780917 0.0104702 0.0140627 0.0180758 0.0220883 0.0256615 0.0283797 0.0299324 0.0301824 0.0291918 0.0271934 0.0245234 0.021536 0.0185317 0.0157156 0.0131921 0.0109856 0.00907331 0.00741612
 1.03059e-16 2.20719e-05 0.00012951 0.00061556 0.00236982 0.00738995 0.0186667 0.0381965 0.0633222 0.0850621 0.0926228 0.0818386 0.0588855 0.0349773 0.0181187 0.00993283 0.00812339 0.0099372 0.0136506 0.0184098 0.0236873 0.0289663 0.0336803 0.0372857 0.0393738 0.0397603 0.0385196 0.0359494 0.0324823 0.0285776 0.0246268 0.0209003 0.01754 0.0145849 0.0120133 0.00978091
 1.03993e-16 2.25511e-05 0.000132329 0.000628971 0.00242148 0.00755106 0.0190736 0.0390285 0.0646998 0.0869072 0.0946176 0.0835672 0.0600554 0.0355245 0.0181323 0.0095131 0.00729876 0.0086651 0.0118607 0.0160522 0.0207718 0.0255893 0.0300337 0.0336443 0.0360601 0.0370935 0.0367605 0.0352554 0.0328843 0.0299816 0.0268397 0.0236698 0.0205977 0.0176842 0.0149552 0.0124264
 1.02893e-16 2.88483e-05 0.000169306 0.000804784 0.00309843 0.00966212 0.0244058 0.0499381 0.08278 0.111178 0.121 0.10677 0.076516 0.0448301 0.0220845 0.0102895 0.00633135 0.00653041 0.00862278 0.0115867 0.0149501 0.0183656 0.0214831 0.0239682 0.0255649 0.0261489 0.0257481 0.0245223 0.022711 0.02057 0.018317 0.0161027 0.0140075 0.0120593 0.010258 0.00859678
 1.01333e-16 3.10331e-05 0.000182131 0.000865753 0.00333317 0.0103942 0.0262549 0.0537215 0.0890515 0.1196 0.130164 0.114853 0.0822992 0.0481991 0.0237066 0.0109777 0.0066539 0.00676464 0.00885963 0.0118228 0.0151294 0.0183917 0.0212254 0.0232737 0.0242782 0.0241372 0.0229277 0.0208783 0.0183076 0.0155463 0.0128716 0.0104682 0.00842245 0.00674095 0.00538185 0.00428459
 1.00536e-16 3.53209e-05 0.000207311 0.000985474 0.00379415 0.0118317 0.0298859 0.0611504 0.101363 0.136125 0.148125 0.130641 0.0934836 0.0544894 0.0263161 0.011371 0.00578428 0.00500216 0.00622994 0.00823479 0.0105077 0.012741 0.0146566 0.0160022 0.0165971 0.0163734 0.0153913 0.0138194 0.0118911 0.00984878 0.00789585 0.00616857 0.0047308 0.00358686 0.00270335 0.00203096
 1.00477e-16 3.3794e-05 0.000198343 0.000942832 0.00362995 0.0113197 0.0285926 0.0585045 0.0969782 0.130241 0.141732 0.125028 0.089521 0.0522889 0.0254574 0.0113488 0.00627909 0.005904 0.00754901 0.0100147 0.0127722 0.0154658 0.0177581 0.0193412 0.0199957 0.0196419 0.0183584 0.016358 0.013933 0.0113858 0.00896986 0.00685428 0.00511685 0.00376014 0.00273872 0.00198653
 1.01016e-16 2.80496e-05 0.000164609 0.000782438 0.00301236 0.0093937 0.0237279 0.0485517 0.0804844 0.108102 0.117673 0.103882 0.0745509 0.0438884 0.0220093 0.0109024 0.00757184 0.00845664 0.0113433 0.0151846 0.0194222 0.0235808 0.0271657 0.0297144 0.0308914 0.030566 0.0288409 0.0260178 0.0225176 0.0187798 0.0151759 0.0119574 0.00924655 0.00705877 0.00534165 0.00401331
 1.0178e-16 2.83288e-05 0.000166252 0.000790257 0.00304248 0.00948765 0.0239652 0.0490368 0.0812871 0.109176 0.118831 0.104879 0.0752093 0.0441626 0.0219379 0.0105258 0.00688452 0.00741034 0.00987686 0.0132588 0.0170495 0.0208461 0.0242337 0.0268176 0.0283002 0.0285454 0.0276037 0.0256876 0.0231096 0.0202036 0.0172579 0.0144763 0.0119704 0.00977744 0.00788876 0.00627602
 1.02139e-16 2.77843e-05 0.000163055 0.000775057 0.00298395 0.00930513 0.0235042 0.0480936 0.079724 0.107078 0.11655 0.102873 0.0737869 0.0433593 0.0215982 0.0104613 0.00697124 0.00759722 0.010156 0.013637 0.0175322 0.0214304 0.024906 0.0275551 0.0290748 0.0293296 0.0283762 0.0264371 0.0238356 0.0209143 0.0179654 0.0151908 0.0126964 0.0105109 0.00861771 0.00698266
 1.01801e-16 3.11308e-05 0.000182708 0.0008685 0.00334375 0.0104272 0.0263383 0.0538919 0.089333 0.119975 0.130567 0.115192 0.0825074 0.0482517 0.0236042 0.0107169 0.0062113 0.00610046 0.00793289 0.0106098 0.0136413 0.0166867 0.0194128 0.0215058 0.0227302 0.0229789 0.0222928 0.0208408 0.0188691 0.0166396 0.0143757 0.0122323 0.0102911 0.00857573 0.00707546 0.00576707
 1.01793e-16 2.84266e-05 0.000166826 0.000792981 0.00305297 0.00952035 0.0240478 0.0492059 0.0815677 0.109554 0.119245 0.10525 0.075488 0.0443514 0.0220779 0.0106682 0.00707278 0.00767513 0.0102367 0.0137182 0.0175952 0.0214434 0.0248264 0.0273337 0.0286631 0.0286878 0.0274823 0.0252931 0.0224695 0.0193781 0.0163284 0.0135306 0.0110883 0.00901983 0.00729135 0.00584922
 1.02109e-16 2.81996e-05 0.000165494 0.000786654 0.00302861 0.0094444 0.0238559 0.0488132 0.0809165 0.108678 0.118289 0.104399 0.0748637 0.043956 0.0218287 0.0104625 0.00682932 0.00734173 0.00978419 0.0131377 0.0169008 0.0206763 0.0240554 0.0266494 0.0281653 0.0284689 0.0276094 0.0257946 0.0233296 0.0205392 0.0177023 0.0150137 0.0125781 0.0104282 0.00855336 0.00692646
 1.01956e-16 3.01756e-05 0.000177098 0.000841828 0.00324105 0.0101069 0.0255293 0.0522368 0.0865901 0.116294 0.126565 0.111674 0.0800156 0.0468502 0.0230228 0.0106293 0.00640514 0.00649337 0.00851931 0.0114103 0.0146729 0.0179487 0.0208807 0.0231321 0.0244496 0.0247183 0.0239826 0.0224242 0.0203081 0.0179155 0.0154866 0.0131871 0.0111043 0.00926282 0.00765089 0.00624326
 1.02188e-16 2.647e-05 0.000155336 0.000738352 0.00284262 0.00886438 0.0223909 0.045816 0.0759498 0.102013 0.111048 0.0980416 0.0703768 0.0414667 0.0208618 0.0104467 0.00740384 0.00838269 0.011303 0.0151822 0.019494 0.0237851 0.027578 0.0304206 0.0319778 0.0321055 0.0308791 0.0285624 0.0255318 0.0221838 0.0188538 0.0157706 0.0130493 0.0107134 0.00873199 0.0070531
pSPR Fmed_Fpbrs
0.578133   0.39371 0.39371
Fs Fmed_Fpbrs
0.46131   1.005 1.005
SSBpbr Bo_Bmed_Bpbrs
1.00145e+06  528901  344209 344209
Ro
41772.8
SPR SPRFo_SPRFmed_SPRFpbrs
859416 496857 338361
log_Ro
10.46
likeval ReclasPelacesDesembMPH_pf_preclas_ppelaces_ptallas_desvR_qrecl_qpela
 60.6567 17.6334 0.0106748 0.0002215 283.047 165.57 79.0924 0 15.5964 2.79434e-05 4.3874e-05 0 0 0 0
q_reclas_q_pelaces
0.472806 2.56603
M
0.7
N
 43309.2 11762.3 3863.23 450.567 0.274347
 52676 19412.2 3257.07 882.893 101.636
 31871.3 24038.4 5954.68 852.791 254.873
 47957.1 13921.9 5746.72 1119.48 204.668
 80062.1 23246.4 6024.07 2376.59 545.834
 59095.4 39579.4 11251.8 2891.33 1401.81
 93231.8 28075.7 15272.6 3996.29 1515.66
 90751.1 45050.3 11932 6167.01 2217.49
 111254 42610.8 16256.5 3876.71 2703.56
 119828 51833.6 14710.5 4980.08 1998.39
 66621.1 56580.8 19313.6 4987.44 2349.89
 44825.2 29908.5 15809.7 4467.13 1674.02
 43321.5 20342.2 8887.98 3968.59 1522.9
 23365.5 18655.4 4483.11 1499.74 908.921
 15356.1 8783.75 1895.37 270.371 139.865
 15606.2 5557.96 718.928 85.7688 17.7836
 12311.7 6795.72 1305.17 131.986 18.6778
 13712.8 5574.7 1993.92 322.124 36.727
 15630.7 6408.1 1957.83 624.903 111.553
 26057.4 7384.28 2394.61 666.334 248.972
 33246.8 12309 2757.96 814.426 309.205
 45116.2 16117.8 5329.91 1141.64 463.61
 73575.9 21756.9 6772.29 2119.81 635.911
 77904.6 35311 8894.33 2597.08 1051.92
pred_Ctot
 3051.29 3868.67 1566.95 185.006 0.112721
 3084.88 5485.89 1148.37 315.377 36.3303
 2779.22 9344.1 2810.06 406.967 121.702
 824.309 1298.25 698.344 138.245 25.2959
 258.308 423.565 145.303 58.318 13.4062
 1844.35 6438.75 2349.15 612.777 297.33
 1809.19 2937.07 2076.95 552.174 209.599
 3566.67 9019.56 3039.73 1593.86 573.548
 4961.68 9537.03 4604.22 1113.48 777.105
 4246.98 9461.46 3430.63 1178.58 473.307
 4624.36 18387.8 7748.09 2025.62 955.016
 2791.19 8894.38 5844.35 1672.62 627.226
 4172.37 8518.76 4481.79 2022.58 776.578
 4148.7 11629.5 3162.66 1065.07 645.717
 3049.3 5809.29 1400.39 200.94 103.98
 1392.28 2198.16 344.556 41.5633 8.62292
 784.896 2060.58 491.224 50.3099 7.12432
 583.482 1197.32 543.072 88.9871 10.1535
 548.541 1159.35 452.71 146.638 26.1972
 916.092 1338.11 554.563 156.601 58.5589
 568.56 1142.29 333.562 100.098 38.0355
 938.839 1800.89 772.957 168.2 68.3615
 1778.63 2797.01 1125.88 357.93 107.462
 1824.74 4407.84 1436.95 426.173 172.76
F
 0.102463 0.584071 0.776056 0.789718 0.79045
 0.0845081 0.481724 0.640068 0.651336 0.65194
 0.128242 0.731022 0.971311 0.98841 0.989327
 0.0241567 0.137701 0.182964 0.186185 0.186357
 0.00449516 0.0256239 0.0340465 0.0346459 0.034678
 0.0442511 0.252246 0.335159 0.34106 0.341376
 0.0273101 0.155677 0.206848 0.210489 0.210685
 0.0560123 0.319288 0.424239 0.431708 0.432108
 0.0637764 0.363547 0.483045 0.491549 0.492005
 0.0503878 0.287227 0.381639 0.388358 0.388718
 0.10088 0.575047 0.764066 0.777517 0.778238
 0.0900724 0.513443 0.682212 0.694222 0.694866
 0.142514 0.81238 1.07941 1.09841 1.09943
 0.278356 1.58672 2.10828 2.14539 2.14738
 0.31628 1.8029 2.39551 2.43769 2.43995
 0.131378 0.748898 0.995063 1.01258 1.01352
 0.0923087 0.52619 0.69915 0.711458 0.712118
 0.0607683 0.346399 0.460261 0.468364 0.468798
 0.0498813 0.28434 0.377803 0.384454 0.384811
 0.0499726 0.28486 0.378495 0.385158 0.385515
 0.0240327 0.136994 0.182025 0.185229 0.185401
 0.0293119 0.167088 0.22201 0.225918 0.226127
 0.0341236 0.194516 0.258454 0.263004 0.263247
 0.0330474 0.188381 0.250302 0.254709 0.254945
nmprior
 10 10 8 0
nm_flota  nm_reclas  nm_pelaces    nm_pelaL
inf 17.3871 16.4962 28.8974
cv_recla  cv_pelaces  cv_mph
0.721051 0.494121 0.482864
 ------------------------------------------------
Talla a la edad & desviación 
 7.2 14.2025 17.0495 18.207 18.6776
 1.08 2.13037 2.55742 2.73105 2.80164
