years
 1997 1998 1999 2000 2001 2002 2003 2004 2005 2006 2007 2008 2009 2010 2011 2012 2013 2014 2015 2016 2017 2018 2019 2020
reclasobs
 0 0 0 370054 412103 1.49427e+06 250295 1.28982e+06 931140 785840 897777 1.04006e+06 184774 17550 25797 100020 73551 82996 120727 218422 84188 347160 605670 569463
reclaspred
 4.60807e+06 721224 889330 192041 237316 334759 653169 593985 645516 896971 992743 671370 362989 140595 76955.9 79752.9 90570.6 109805 117783 134179 214653 234184 388692 310595
pelacesobs
 0 0 0 0 0 0 0 0 0 2.06254e+06 1.5e+06 0 1.87456e+06 323000 250000 174000 83755 137374 0 501740 490994 745055 786931 1.00524e+06
pelacespred
 5.7486e+06 2.06725e+06 525261 290827 682176 432238 2.10926e+06 1.56419e+06 1.67643e+06 2.53202e+06 1.80069e+06 1.29199e+06 887398 287862 174191 157860 176660 220078 208880 251131 512106 431875 540865 419371
mphobs
 0 0 0 0 0 112323 0 153150 637223 0 255016 313432 73983 77613 109348 50772 0 0 0 0 0 0 0 0
mphpred
 1.14174e+06 486372 206578 77415.5 51604 153816 166455 295327 270688 313171 465400 285155 179725 101718 45799.6 35216.3 35496.9 40138 45772.1 47232.9 67711.5 90299.1 111926 126321
desembarqueobs
 350755 77701 442110 56441 14545 235359 269955 359681 431902 328805 639364 411747 362871 311530 167758 66681 60226 58785 57116 71774 51957 67425 138520 160799
desembarquepred
 350743 77680 441554 56413.5 14543 235174 269865 359087 431384 328496 638058 410982 362080 310872 167179 66584.3 60171.4 58685.6 57020.9 71684.5 51935.1 67349.7 138392 160663
Reclutas
 8993.1 13073.9 1784.55 5142.13 42226.3 13137.5 63540.9 59175.7 68643.7 131723 52976.5 49263.8 54520.8 28651.5 13439.4 10813.7 7220.74 7949.38 8339.76 10988.7 16515 21355 28073.6 9408.88
log_desv_Rt
 -0.755787 -0.381627 -2.37308 -1.31478 0.790799 -0.37677 1.19944 1.12827 1.27668 1.92846 1.0176 0.944945 1.04634 0.40296 -0.354054 -0.571429 -0.975287 -0.87915 -0.83121 -0.555377 -0.147979 0.109041 0.382586 -0.710591
SSB
 1.61124e+06 686377 291526 109250 72824.4 217067 234904 416771 382000 441952 656779 402416 253630 143546 64633.1 49697.8 50093.9 56643.4 64594.3 66655.8 95555.6 127431 157951 178266
BT
 2.09265e+06 824103 416702 164760 278087 326346 1.05052e+06 965258 1.03595e+06 1.27861e+06 1.19574e+06 846271 686156 390221 200952 113244 113111 129285 122125 149288 233038 212256 283347 272274
Ftot
 0.190759 0.295908 1.25821 0.827158 0.248219 1.59285 1.44395 1.72237 1.91458 1.19909 1.56179 1.58437 2.67875 4.68247 4.95303 2.19683 1.76631 1.47529 1.27381 1.46559 0.70863 0.780125 0.935561 1.23463
BD_Bspro_t
 0.975755 0.827311 0.576959 0.217245 0.272148 0.576555 0.414862 0.497066 0.423825 0.416519 0.476375 0.295305 0.211622 0.146092 0.0803793 0.0758509 0.104547 0.159664 0.219402 0.271701 0.379544 0.512355 0.523626 0.472281
BD_Bspro
 4.08985 1.74224 0.739987 0.277311 0.184851 0.550985 0.596262 1.0579 0.969637 1.12182 1.66712 1.02146 0.643795 0.364365 0.164059 0.126149 0.127154 0.143779 0.163961 0.169194 0.24255 0.323462 0.400931 0.452496
BD_Bo
 1.81644 0.773788 0.328653 0.123163 0.0820987 0.244711 0.26482 0.469847 0.430648 0.498235 0.740421 0.453664 0.285931 0.161827 0.0728642 0.0560269 0.0564734 0.063857 0.0728205 0.0751445 0.107725 0.14366 0.178067 0.200968
BD_Brms
 4.99767 2.12897 0.904241 0.338866 0.225883 0.673287 0.728614 1.29272 1.18487 1.37082 2.03716 1.24819 0.786698 0.445243 0.200476 0.15415 0.155379 0.175694 0.200355 0.206749 0.296389 0.39526 0.489925 0.552936
S_f
 0.0909169 0.705848 0.982928 0.999277 0.99997
 0.0909169 0.705848 0.982928 0.999277 0.99997
 0.0909169 0.705848 0.982928 0.999277 0.99997
 0.0909169 0.705848 0.982928 0.999277 0.99997
 0.0909169 0.705848 0.982928 0.999277 0.99997
 0.0909169 0.705848 0.982928 0.999277 0.99997
 0.0909169 0.705848 0.982928 0.999277 0.99997
 0.0909169 0.705848 0.982928 0.999277 0.99997
 0.0909169 0.705848 0.982928 0.999277 0.99997
 0.0909169 0.705848 0.982928 0.999277 0.99997
 0.0909169 0.705848 0.982928 0.999277 0.99997
 0.0909169 0.705848 0.982928 0.999277 0.99997
 0.0909169 0.705848 0.982928 0.999277 0.99997
 0.0909169 0.705848 0.982928 0.999277 0.99997
 0.0909169 0.705848 0.982928 0.999277 0.99997
 0.0909169 0.705848 0.982928 0.999277 0.99997
 0.0909169 0.705848 0.982928 0.999277 0.99997
 0.0909169 0.705848 0.982928 0.999277 0.99997
 0.0909169 0.705848 0.982928 0.999277 0.99997
 0.0909169 0.705848 0.982928 0.999277 0.99997
 0.0909169 0.705848 0.982928 0.999277 0.99997
 0.0909169 0.705848 0.982928 0.999277 0.99997
 0.0909169 0.705848 0.982928 0.999277 0.99997
 0.0909169 0.705848 0.982928 0.999277 0.99997
Scru_reclas
 0.188361 0.538735 0.854606 0.9673 0.993328
 0.188361 0.538735 0.854606 0.9673 0.993328
 0.188361 0.538735 0.854606 0.9673 0.993328
 0.188361 0.538735 0.854606 0.9673 0.993328
 0.188361 0.538735 0.854606 0.9673 0.993328
 0.188361 0.538735 0.854606 0.9673 0.993328
 0.188361 0.538735 0.854606 0.9673 0.993328
 0.188361 0.538735 0.854606 0.9673 0.993328
 0.188361 0.538735 0.854606 0.9673 0.993328
 0.188361 0.538735 0.854606 0.9673 0.993328
 0.188361 0.538735 0.854606 0.9673 0.993328
 0.188361 0.538735 0.854606 0.9673 0.993328
 0.188361 0.538735 0.854606 0.9673 0.993328
 0.188361 0.538735 0.854606 0.9673 0.993328
 0.188361 0.538735 0.854606 0.9673 0.993328
 0.188361 0.538735 0.854606 0.9673 0.993328
 0.188361 0.538735 0.854606 0.9673 0.993328
 0.188361 0.538735 0.854606 0.9673 0.993328
 0.188361 0.538735 0.854606 0.9673 0.993328
 0.188361 0.538735 0.854606 0.9673 0.993328
 0.188361 0.538735 0.854606 0.9673 0.993328
 0.188361 0.538735 0.854606 0.9673 0.993328
 0.188361 0.538735 0.854606 0.9673 0.993328
 0.188361 0.538735 0.854606 0.9673 0.993328
Scru_pelaces
 0.767582 1 1 1 1
 0.767582 1 1 1 1
 0.767582 1 1 1 1
 0.767582 1 1 1 1
 0.767582 1 1 1 1
 0.767582 1 1 1 1
 0.767582 1 1 1 1
 0.767582 1 1 1 1
 0.767582 1 1 1 1
 0.767582 1 1 1 1
 0.767582 1 1 1 1
 0.767582 1 1 1 1
 0.767582 1 1 1 1
 0.767582 1 1 1 1
 0.767582 1 1 1 1
 0.767582 1 1 1 1
 0.767582 1 1 1 1
 0.767582 1 1 1 1
 0.767582 1 1 1 1
 0.767582 1 1 1 1
 0.767582 1 1 1 1
 0.767582 1 1 1 1
 0.767582 1 1 1 1
 0.767582 1 1 1 1
pf_obs 
 0.256992 0.487395 0.22802 0.0275931 0
 0.321318 0.546541 0.124235 0.00734118 0.000564706
 0.182869 0.594174 0.210203 0.0122559 0.00049798
 0.330522 0.361315 0.267642 0.0388342 0.00168674
 0.649043 0.306663 0.0425973 0.00169635 0
 0.582887 0.30429 0.105238 0.00758474 0
 0.465427 0.430635 0.0974691 0.00646863 0
 0.296916 0.608066 0.0921331 0.00288517 0
 0.311714 0.524322 0.152257 0.0117073 0
 0.15457 0.633149 0.183074 0.0267441 0.00246327
 0.131901 0.49318 0.331252 0.0422183 0.00144891
 0.196976 0.569456 0.194076 0.0375587 0.00193317
 0.518974 0.381816 0.0799577 0.0180837 0.00116848
 0.0928022 0.601141 0.25162 0.0475244 0.00691264
 0.122501 0.610282 0.24278 0.0234846 0.000952079
 0.383417 0.481906 0.127806 0.00687128 0
 0.0376549 0.599619 0.316969 0.0457579 0
 0.0361596 0.667082 0.258105 0.0386534 0
 0.158088 0.579412 0.248529 0.0139706 0
 0.0477256 0.309471 0.559284 0.082774 0.000745712
 0.0406174 0.521527 0.379366 0.0568643 0.0016247
 0.151134 0.462217 0.34131 0.0453401 0
 0.294876 0.26143 0.354403 0.0886775 0.000613685
 0.281977 0.475581 0.204845 0.0348837 0.00271318
pf_pred 
 0.0164451 0.645889 0.298843 0.0388201 2.36013e-06
 0.0409619 0.0986793 0.628537 0.205582 0.0262391
 0.0143741 0.289471 0.0994969 0.438113 0.158545
 0.148893 0.143812 0.299393 0.0598028 0.348099
 0.619237 0.252371 0.0315461 0.0415909 0.0552553
 0.101095 0.833993 0.0481186 0.00418536 0.0126077
 0.542513 0.263039 0.186652 0.00583037 0.00196517
 0.281429 0.677066 0.0293996 0.0116346 0.000470509
 0.315828 0.571872 0.108827 0.00248565 0.000987749
 0.409053 0.51254 0.0713269 0.00686986 0.000211019
 0.129975 0.765815 0.0956557 0.00780149 0.000752413
 0.208654 0.511988 0.260132 0.0176956 0.00153032
 0.323762 0.538663 0.106302 0.0291878 0.00208537
 0.281198 0.660494 0.0526793 0.00439695 0.00123188
 0.310837 0.659392 0.0291154 0.000596615 5.88643e-05
 0.34343 0.632289 0.0240208 0.000254902 5.2795e-06
 0.222883 0.692068 0.083527 0.00150597 1.56442e-05
 0.275258 0.573244 0.142372 0.00896809 0.000157599
 0.259267 0.608124 0.115673 0.0159467 0.000989729
 0.303689 0.553789 0.12663 0.0139142 0.0019774
 0.308108 0.576205 0.101211 0.0129069 0.00156854
 0.255951 0.585716 0.140223 0.0158892 0.00222035
 0.258743 0.55756 0.1568 0.0238849 0.00301136
 0.0904308 0.703501 0.171348 0.0297478 0.00497244
pobs_RECLAS
 0 0 0 0 0
 0 0 0 0 0
 0 0 0 0 0
 0 0 0 0 0
 0.835266 0.146461 0.0176864 0.000547809 3.91292e-05
 0.385257 0.428462 0.181853 0.0044286 0
 0.867414 0.0963971 0.0333333 0.00285562 0
 0.441836 0.489002 0.0689373 0.000224442 0
 0.779404 0.147425 0.0564933 0.0165055 0.000172143
 0.814271 0.122319 0.05973 0.00367925 0
 0.40263 0.566651 0.0304383 0.000280538 0
 0.475488 0.404961 0.113038 0.00651328 0
 0.955842 0.0263864 0.0167828 0.000988607 0
 0.975058 0.0227948 0.00214734 0 0
 0.738997 0.206755 0.0527124 0.00153531 0
 0.850938 0.134255 0.0134407 0.00136685 0
 0.542534 0.407297 0.0501686 0 0
 0.764087 0.199537 0.0359546 0.000420521 0
 0.470689 0.182191 0.310203 0.0369168 0
 0.84361 0.089868 0.0606195 0.00523954 0.000663233
 0.607945 0.314616 0.071237 0.00620181 0
 0.523733 0.453247 0.0230204 0 0
 0.530135 0.295979 0.169645 0.0042399 0
 0.562478 0.366248 0.0663022 0.0049721 0
ppred_RECLAS
 0.0416807 0.598566 0.314304 0.0454461 2.83531e-06
 0.0926003 0.0811799 0.585271 0.213045 0.0279035
 0.0361811 0.248909 0.0928261 0.453641 0.168442
 0.298655 0.101813 0.235284 0.052238 0.312009
 0.804688 0.119608 0.0169439 0.0248634 0.0338969
 0.251981 0.689157 0.0422158 0.00406953 0.0125775
 0.773521 0.126068 0.0959382 0.00332345 0.00114935
 0.543491 0.428032 0.0195513 0.00856986 0.000355569
 0.588293 0.341862 0.0674462 0.00170465 0.000694956
 0.66556 0.28628 0.0433764 0.00463782 0.000146172
 0.308132 0.603669 0.0802281 0.00725277 0.00071768
 0.436746 0.355576 0.191924 0.01447 0.0012839
 0.620627 0.302635 0.057929 0.0175251 0.00128434
 0.650677 0.326689 0.0202677 0.00183819 0.000527942
 0.691524 0.298321 0.00991283 0.000220271 2.22771e-05
 0.626988 0.359028 0.0138183 0.000162018 3.44249e-06
 0.466716 0.472308 0.0597702 0.00119335 1.27185e-05
 0.527207 0.368017 0.0978204 0.00683254 0.000123194
 0.50199 0.401705 0.0828258 0.012672 0.000806975
 0.561013 0.343209 0.084044 0.0102406 0.00149319
 0.550547 0.366225 0.0717803 0.010178 0.00126923
 0.486127 0.393871 0.104895 0.0132132 0.00189466
 0.491627 0.371094 0.115249 0.0195066 0.00252356
 0.22092 0.588262 0.155675 0.0299986 0.00514505
pobs_PELACES
 0 0 0 0 0
 0 0 0 0 0
 0 0 0 0 0
 0 0 0 0 0
 0 0 0 0 0
 0 0 0 0 0
 0 0 0 0 0
 0 0 0 0 0
 0 0 0 0 0
 0 0 0 0 0
 0.450072 0.473896 0.0757376 0.000293798 0
 0 0 0 0 0
 0.463077 0.371075 0.160297 0.00555027 0
 0.529543 0.364841 0.0842815 0.0213345 0
 0.631943 0.363953 0.00410389 0 0
 0.735681 0.248677 0.0153453 0.000297389 0
 0.695825 0.281241 0.0229344 0 0
 0.275771 0.60734 0.115278 0.00161068 0
 0 0 0 0 0
 0.896147 0.0623911 0.0374545 0.00400742 0
 0.803859 0.145111 0.0509908 3.86294e-05 0
 0.739449 0.233085 0.0266225 0.000797448 4.60066e-05
 0.878498 0.100942 0.0204185 0.000141795 0
 0.694673 0.275183 0.0284847 0.00165964 0
ppred_PELACES
 0.104153 0.655431 0.213206 0.0272084 1.65294e-06
 0.274591 0.103261 0.456776 0.146666 0.0187049
 0.144798 0.351503 0.0736551 0.315865 0.114179
 0.647407 0.0849971 0.114804 0.0224191 0.130372
 0.920017 0.0592303 0.00517071 0.00669453 0.00888719
 0.514935 0.464319 0.0154999 0.0013088 0.0039376
 0.926261 0.0512983 0.0215655 0.000654905 0.000220478
 0.792629 0.200472 0.00493135 0.00189205 7.64152e-05
 0.83417 0.149717 0.01563 0.000345425 0.000137074
 0.856142 0.131512 0.011257 0.00105652 3.24172e-05
 0.587783 0.382059 0.027749 0.00219771 0.000211695
 0.738709 0.198627 0.0584693 0.00386153 0.000333528
 0.873672 0.112681 0.0106429 0.00280385 0.000199975
 0.916667 0.0810599 0.00206606 0.000161421 4.50984e-05
 0.932054 0.0670344 0.00089276 1.70645e-05 1.67869e-06
 0.854435 0.142703 0.00283225 2.89934e-05 5.99595e-07
 0.74385 0.239599 0.0162635 0.00028416 2.94798e-06
 0.78594 0.185247 0.027123 0.0016605 2.91453e-05
 0.758332 0.213454 0.0246937 0.00331502 0.000205515
 0.807542 0.16714 0.0225652 0.00241005 0.000342091
 0.770974 0.202318 0.0234293 0.00292388 0.000355007
 0.729666 0.229862 0.0359334 0.00398226 0.000555959
 0.744023 0.211581 0.0380264 0.00565774 0.000712608
 0.47336 0.446902 0.0665949 0.0112625 0.00188049
pobs_pel_tallas
 0 0 0 0 0 0 0 0 0 0 0 0 0 0 0 0 0 0 0 0 0 0 0 0 0 0 0 0 0 0 0 0 0 0 0 0
 0 0 0 0 0 0 0 0 0 0 0 0 0 0 0 0 0 0 0 0 0 0 0 0 0 0 0 0 0 0 0 0 0 0 0 0
 0 0 0 0 0 0 0 0 0 0 0 0 0 0 0 0 0 0 0 0 0 0 0 0 0 0 0 0 0 0 0 0 0 0 0 0
 0 0 0 0 0 0 0 0 0 0 0 0 0 0 0 0 0 0 0 0 0 0 0 0 0 0 0 0 0 0 0 0 0 0 0 0
 0 0 0 0 0 0 0 0 0 0 0 0 0 0 0 0 0 0 0 0 0 0 0 0 0 0 0 0 0 0 0 0 0 0 0 0
 0 0 0 0 0 0 0 0 0 0 0 0 0 0 0 0 0 0 0 0 0 0 0 0 0 0 0 0 0 0 0 0 0 0 0 0
 0 0 0 0 0 0 0 0 0 0 0 0 0 0 0 0 0 0 0 0 0 0 0 0 0 0 0 0 0 0 0 0 0 0 0 0
 0 0 0 0 0 0 0 0 0 0 0 0 0 0 0 0 0 0 0 0 0 0 0 0 0 0 0 0 0 0 0 0 0 0 0 0
 0 0 0 0 0 0 0 0 0 0 0 0 0 0 0 0 0 0 0 0 0 0 0 0 0 0 0 0 0 0 0 0 0 0 0 0
 0 0 0 0 0 0 0 0 0 0 0 0 0 0 0 0 0 0 0 0 0 0 0 0 0 0 0 0 0 0 0 0 0 0 0 0
 0 0 0 0 0 0 0 0 1.78061e-05 0.00172719 0.00360574 0.0105946 0.0120993 0.0124554 0.0147524 0.0171206 0.0266825 0.0428682 0.0675386 0.121331 0.153587 0.119568 0.100827 0.0573624 0.0630603 0.0341343 0.0324427 0.0444173 0.0211091 0.0280891 0.0125444 0.00206551 0 0 0 0
 0 0 0 0 0 0 0 0 0 0 0 0 0 0 0 0 0 0 0 0 0 0 0 0 0 0 0 0 0 0 0 0 0 0 0 0
 0 0 0 0 0 0 0.0133647 0.0140871 0.0187388 0.0205184 0.03894 0.0496705 0.03968 0.0493445 0.0407372 0.0367815 0.0215668 0.0243155 0.0234873 0.0199281 0.019796 0.0243948 0.0301388 0.0376714 0.0412746 0.0863199 0.0771752 0.113111 0.0741005 0.0525337 0.0229764 0.00759418 0.00175318 0 0 0
 0 0 0 0 0 0 0 0 0 0 0.00219441 0.00772107 0.0458388 0.0604681 0.0671733 0.0775358 0.0609151 0.0617685 0.073594 0.0568108 0.0755445 0.0548602 0.0670107 0.0636378 0.0643287 0.046367 0.0373049 0.0286899 0.0247887 0.0153202 0.00654259 0.00121912 0.000365735 0 0 0
 0 0 0 0 0 0 0 0 0 0 0 0 0.000112435 0.00938835 0.0111873 0.0202946 0.0414886 0.0713402 0.111592 0.104902 0.108894 0.110636 0.117776 0.105296 0.107544 0.0401394 0.0192827 0.0124803 0.00416011 0.0028671 0.000618394 0 0 0 0 0
 0 0 0 0 0 0 0 0 0 0 0.00291406 0.0102884 0.027416 0.0768956 0.0749926 0.110853 0.0956884 0.0897413 0.0766577 0.0534642 0.0500743 0.0551293 0.0594112 0.0620874 0.0668451 0.0424026 0.0208742 0.0120726 0.0048766 0.00582813 0.00118941 0.000297354 0 0 0 0
 0 0.00264628 0.0354308 0.0461629 0.0458689 0.0383711 0.0214643 0.0164657 0.0346957 0.0420465 0.0363128 0.0245516 0.0311673 0.0291091 0.0169068 0.0133784 0.00837989 0.0085269 0.0148486 0.0160247 0.0276389 0.0546898 0.0760071 0.122758 0.109233 0.0665981 0.0333725 0.0166128 0.00676272 0.00308733 0.000882094 0 0 0 0 0
 0 0 0 0 0 0 0 0.000805153 0.000690131 0.00759144 0.0133425 0.0154129 0.00931677 0.000345066 0.00356568 0.00563607 0.00851162 0.0253048 0.0502646 0.0516448 0.0657925 0.0565908 0.0611916 0.0827007 0.0866115 0.110766 0.145733 0.0935128 0.0569358 0.0249597 0.0138026 0.00621118 0.00161031 0.00115022 0 0
 0 0 0 0 0 0 0 0 0 0 0 0 0 0 0 0 0 0 0 0 0 0 0 0 0 0 0 0 0 0 0 0 0 0 0 0
 0.00147267 0.00158595 0.00478618 0.00569244 0.00954404 0.0108468 0.00647125 0.017049 0.0510054 0.094081 0.124002 0.0959785 0.0687766 0.0820023 0.061753 0.0591476 0.0492212 0.0479892 0.0443925 0.0268479 0.0217502 0.0140895 0.0121071 0.0120363 0.00920419 0.00665534 0.0049561 0.00860946 0.00930331 0.0156896 0.0114698 0.00855282 0.00243557 0.00046729 0 2.83206e-05
 0 0 0 0 0.000772559 0.00158375 0.000888443 0.00281984 0.00712685 0.0440552 0.0773331 0.111326 0.0921469 0.0852325 0.0710754 0.0886704 0.0786465 0.0553345 0.0373146 0.0185414 0.00753245 0.00457741 0.012979 0.0271748 0.0457355 0.0583668 0.034881 0.0177882 0.00938659 0.00492506 0.0015258 0.00185414 0.000309023 5.79419e-05 3.86279e-05 0
 0 0.00173294 0.00326652 0 0.00397197 0.00683976 0.00946217 0.0152591 0.00757587 0.0136028 0.0228656 0.0392903 0.0559909 0.0764795 0.0681675 0.0726916 0.0566044 0.0477403 0.0527397 0.0444891 0.0609904 0.0582453 0.0661739 0.0445044 0.0529084 0.0360697 0.0280645 0.0235558 0.0158879 0.00826598 0.00280645 0.00217768 0.000904811 0.00058276 9.20147e-05 0
 0 0 0 0 0 0 0 0 0 0 0 0 0 0 0 0 0 0 0 0 0 0 0 0 0 0 0 0 0 0 0 0 0 0 0 0
 0 0 0 0 0 0 0 0 0 0 0 0 0 0 0 0 0 0 0 0 0 0 0 0 0 0 0 0 0 0 0 0 0 0 0 0
ppred_pel_tallas
 1.04175e-16 4.58126e-06 2.67959e-05 0.000127182 0.000489333 0.00152565 0.00385438 0.00789171 0.0131009 0.0176532 0.0193659 0.0174527 0.013302 0.00939635 0.00761562 0.00856756 0.0120521 0.0177025 0.0252009 0.03416 0.043966 0.0537401 0.0624378 0.069042 0.0727839 0.0733132 0.0707642 0.065692 0.0589112 0.0512939 0.0435942 0.0363458 0.0298429 0.0241844 0.0193467 0.0152524
 1.12432e-16 1.19912e-05 7.03487e-05 0.000334347 0.00128716 0.00401377 0.0101385 0.0207454 0.0343909 0.0461953 0.0502943 0.0444222 0.0319292 0.0189023 0.00968968 0.00518446 0.00417274 0.00522704 0.00752531 0.0107684 0.0148751 0.019782 0.0253625 0.0314087 0.0376381 0.0437111 0.0492546 0.0538903 0.0572685 0.0591059 0.0592248 0.0575848 0.0543004 0.0496316 0.0439536 0.0377046
 1.17349e-16 6.3403e-06 3.71534e-05 0.00017649 0.000679296 0.00211813 0.00535056 0.0109507 0.0181624 0.0244232 0.0266606 0.0237151 0.0174097 0.0110379 0.00700355 0.00590818 0.00723968 0.0103357 0.0147719 0.0202801 0.0265706 0.033247 0.039826 0.04582 0.0508365 0.0546504 0.0572267 0.0586798 0.059195 0.0589408 0.0580086 0.0564 0.0540579 0.0509234 0.0469938 0.0423569
 1.0852e-16 2.82461e-05 0.000165783 0.000788061 0.00303409 0.00946152 0.023899 0.0489 0.0810558 0.108851 0.118441 0.104446 0.0747077 0.0434837 0.0208905 0.00885052 0.00427483 0.00354276 0.00446274 0.00611937 0.00820186 0.0105762 0.0131279 0.0157332 0.0182687 0.0206247 0.0227124 0.0244607 0.0258085 0.0266974 0.027071 0.0268828 0.0261097 0.0247659 0.0229103 0.0206458
 1.00739e-16 4.01321e-05 0.000235567 0.00111983 0.00431147 0.013445 0.0339608 0.0694872 0.115178 0.154666 0.16827 0.148336 0.105987 0.0614573 0.0290826 0.011542 0.00438253 0.00239127 0.00239137 0.00303623 0.00386596 0.00470652 0.00544819 0.00600065 0.00630008 0.00632206 0.00608632 0.00564941 0.0050887 0.00448273 0.00389483 0.00336415 0.00290519 0.00251372 0.00217564 0.0018751
 1.00601e-16 2.2485e-05 0.000131926 0.000627022 0.00241391 0.00752744 0.0190141 0.0389081 0.0645046 0.0866587 0.094383 0.0834454 0.0601534 0.0359536 0.0190306 0.0110719 0.00976682 0.0123195 0.0169476 0.0227059 0.0289303 0.0349276 0.0399429 0.0432739 0.0444282 0.0432427 0.0399265 0.0350018 0.029173 0.0231631 0.0175713 0.0127899 0.00898728 0.00614759 0.00413681 0.00277104
 1.00356e-16 4.04041e-05 0.000237164 0.00112742 0.00434072 0.0135362 0.0341912 0.0699585 0.115959 0.155715 0.169409 0.149336 0.106693 0.0618488 0.029235 0.0115458 0.00429573 0.00223557 0.00216863 0.00274421 0.00350786 0.00429523 0.0050068 0.00555955 0.00589118 0.00597155 0.00580779 0.00543975 0.00492793 0.00433824 0.00372875 0.00314183 0.00260264 0.00212216 0.0017023 0.00134074
 1.00205e-16 3.45831e-05 0.000202976 0.000964858 0.00371476 0.0115841 0.0292606 0.0598713 0.0992436 0.133282 0.14504 0.127942 0.0915981 0.053483 0.0260025 0.0115291 0.00628792 0.00582828 0.00740937 0.00980192 0.0124658 0.0150417 0.0171925 0.0186136 0.0190927 0.0185605 0.0171082 0.0149631 0.0124306 0.00982429 0.00740389 0.00533909 0.00370258 0.00248679 0.00163284 0.00106003
 1.0029e-16 3.63925e-05 0.000213603 0.00101539 0.00390934 0.012191 0.0307933 0.0630069 0.10444 0.140255 0.152614 0.134589 0.0962832 0.0560702 0.0269838 0.0114951 0.00560744 0.00462147 0.00565578 0.00744648 0.00948519 0.0114799 0.0131744 0.0143386 0.0148093 0.0145276 0.0135526 0.0120439 0.0102201 0.00830802 0.0064975 0.00491552 0.00362074 0.00261527 0.00186491 0.00131964
 1.00241e-16 3.73498e-05 0.000219225 0.00104212 0.00401227 0.0125119 0.0316041 0.0646656 0.107188 0.143944 0.156623 0.138112 0.0987756 0.0574653 0.0275497 0.011555 0.00536922 0.00416229 0.00497629 0.00652294 0.00830053 0.0100394 0.0115122 0.0125168 0.0129108 0.0126439 0.0117696 0.01043 0.00881882 0.00713621 0.00554959 0.0041701 0.00304819 0.00218406 0.00154576 0.00108746
 1.00604e-16 2.56583e-05 0.000150563 0.000715642 0.00275515 0.00859159 0.0217019 0.044407 0.0736168 0.0988873 0.107667 0.0951074 0.0683808 0.0405118 0.0207889 0.0110747 0.00867113 0.0103473 0.0140727 0.0188368 0.0240234 0.0290469 0.0332829 0.0361506 0.0372386 0.0364038 0.0338063 0.0298633 0.0251425 0.0202296 0.0156135 0.0116177 0.00838737 0.00592007 0.00411861 0.00284505
 1.01044e-16 3.2232e-05 0.000189173 0.000899236 0.0034621 0.0107962 0.0272704 0.0557991 0.0924941 0.12422 0.135182 0.119257 0.0854031 0.0499128 0.0243562 0.010955 0.00620407 0.00596922 0.00770836 0.0102841 0.0131946 0.0160976 0.0186621 0.0205783 0.0216156 0.0216721 0.0207952 0.0191607 0.017024 0.0146567 0.012293 0.0100976 0.00815919 0.00650433 0.00511984 0.00397476
 1.00294e-16 3.81134e-05 0.00022371 0.00106345 0.00409439 0.012768 0.0322509 0.0659889 0.109381 0.146887 0.15982 0.140919 0.100757 0.0585646 0.027977 0.0115625 0.00511589 0.00370245 0.00430405 0.00561586 0.00714653 0.00865097 0.00993204 0.0108164 0.0111814 0.0109832 0.0102659 0.0091493 0.00779697 0.00637815 0.00503421 0.00385896 0.00289503 0.0021429 0.00157638 0.00115803
 1.00064e-16 3.99869e-05 0.000234712 0.00111576 0.00429581 0.0133962 0.0338375 0.0692349 0.11476 0.154108 0.167667 0.147816 0.105641 0.061308 0.0291081 0.011719 0.00471163 0.00289584 0.00310312 0.00397835 0.00503855 0.00607595 0.00694265 0.00751379 0.00770327 0.0074831 0.0068904 0.00601725 0.0049876 0.00392862 0.00294579 0.00210809 0.00144519 0.000954151 0.00061111 0.000383225
 1.00036e-16 4.06573e-05 0.000238649 0.00113448 0.00436789 0.0136209 0.0344052 0.0703965 0.116685 0.156691 0.170474 0.150282 0.107384 0.0622811 0.0294976 0.0117498 0.00452731 0.0025486 0.00259185 0.00328577 0.00415356 0.00500503 0.00571447 0.00617824 0.0063254 0.00613331 0.00563337 0.00490254 0.00404413 0.00316398 0.00234976 0.00165868 0.00111505 0.000715956 0.000440962 0.000262116
 1.00088e-16 3.72758e-05 0.00021879 0.00104005 0.00400429 0.012487 0.0315412 0.0645371 0.106976 0.14366 0.156316 0.137847 0.0985985 0.0573877 0.0275599 0.0116403 0.0055285 0.00440563 0.00531741 0.00697072 0.00885188 0.0106744 0.0121923 0.0131881 0.0135108 0.0131115 0.0120565 0.0105087 0.0086873 0.00681691 0.00508384 0.00360981 0.00244693 0.00158958 0.000995037 0.000604622
 1.00319e-16 3.24577e-05 0.000190495 0.000905512 0.00348625 0.0108715 0.0274607 0.0561887 0.0931409 0.125091 0.136139 0.12012 0.0860628 0.0503818 0.0247391 0.0113846 0.00679889 0.00682137 0.0088815 0.0118051 0.0150387 0.0181754 0.0208161 0.0225955 0.0232561 0.0227088 0.0210555 0.0185596 0.0155788 0.0124822 0.00957794 0.00706966 0.00504863 0.00351274 0.00239992 0.00162209
 1.00504e-16 3.42909e-05 0.000201262 0.000956711 0.0036834 0.0114863 0.0290136 0.0593657 0.0984052 0.132155 0.143811 0.126852 0.0908045 0.0529933 0.025716 0.0113215 0.00606417 0.0055314 0.00701064 0.00929446 0.011865 0.0143883 0.0165524 0.0180722 0.0187429 0.0184867 0.0173701 0.0155829 0.0133883 0.0110604 0.00883033 0.00685412 0.00520653 0.00389504 0.0028841 0.00211932
 1.00544e-16 3.30882e-05 0.000194198 0.000923125 0.00355407 0.011083 0.0279949 0.0572816 0.0949516 0.127521 0.138776 0.12243 0.0876815 0.0512564 0.0250332 0.011293 0.00643647 0.00621548 0.00801218 0.010646 0.0135844 0.0164572 0.0189079 0.0206098 0.0213292 0.0209802 0.0196442 0.0175449 0.01499 0.0122985 0.00973833 0.00748833 0.00563176 0.0041728 0.00306524 0.00224125
 1.00474e-16 3.52321e-05 0.000206789 0.000982993 0.00378459 0.0118019 0.0298107 0.0609965 0.101108 0.135783 0.147753 0.130315 0.0932546 0.0543642 0.0262711 0.0113781 0.0058263 0.00507448 0.00633482 0.00837604 0.0106871 0.0129563 0.0149004 0.0162625 0.0168584 0.0166189 0.0156052 0.0139895 0.01201 0.00991446 0.00791117 0.00614015 0.00466762 0.00349885 0.00260032 0.00192174
 1.00516e-16 3.3639e-05 0.000197433 0.000938505 0.00361329 0.0112677 0.0284614 0.0582359 0.0965332 0.129643 0.141082 0.124456 0.0891145 0.0520572 0.0253554 0.0113218 0.00629062 0.00593842 0.00760355 0.0100919 0.0128755 0.015598 0.0179207 0.0195334 0.0202149 0.0198837 0.0186171 0.0166269 0.0142049 0.0116537 0.00922697 0.00709445 0.005335 0.00395255 0.00290328 0.00212284
 1.00748e-16 3.18389e-05 0.000186862 0.000888245 0.00341977 0.0106642 0.026937 0.0551172 0.0913647 0.122706 0.133542 0.117827 0.0844172 0.0494128 0.0242537 0.0111465 0.00664025 0.00665647 0.00867886 0.0115636 0.0147782 0.0179346 0.0206511 0.0225746 0.0234502 0.0231795 0.0218425 0.0196713 0.0169888 0.0141316 0.0113838 0.0089371 0.00688391 0.00523451 0.00394701 0.00295698
 1.00837e-16 3.24642e-05 0.000190535 0.000905709 0.00348702 0.0108739 0.0274667 0.0562009 0.0931603 0.125115 0.136159 0.120123 0.0860348 0.0503041 0.0245877 0.0111263 0.00639164 0.00621919 0.00804408 0.0107109 0.0136989 0.0166448 0.0191962 0.0210275 0.021902 0.0217259 0.020568 0.0186365 0.0162225 0.0136309 0.0111194 0.00886278 0.00694681 0.00538376 0.00413957 0.00316035
 1.01566e-16 2.06716e-05 0.00012128 0.000576417 0.00221908 0.00691985 0.0174794 0.0357678 0.0592992 0.079668 0.0867755 0.0767348 0.0553493 0.0331495 0.017671 0.0104793 0.00946708 0.0120808 0.0166945 0.022445 0.0287163 0.0348534 0.0401331 0.0438725 0.0455775 0.0450582 0.0424713 0.0382686 0.0330776 0.0275516 0.0222407 0.0175149 0.0135509 0.0103655 0.00787542 0.00595409
pSPR Fmed_Fpbrs
0.37091   0.413457 0.413457
Fs Fmed_Fpbrs
1.22831   1.005 1.005
SSBpbr Bo_Bmed_Bpbrs
887035  284659  322399 322399
Ro
19148.9
SPR SPRFo_SPRFmed_SPRFpbrs
393962 146124 162886
log_Ro
9.68
likeval ReclasPelacesDesembMPH_pf_preclas_ppelaces_ptallas_desvR_qrecl_qpela
 71.3007 18.0562 0.248238 0.000169301 332.448 168.989 90.5722 0 33.2651 6.5052e-05 0.000149559 0 0 0 0
q_reclas_q_pelaces
3.13589 5.69667
M
0.7
N
 8993.1 47882.3 16274.2 2082.23 0.126511
 13073.9 4389.06 20782.3 6699.82 854.6
 1784.55 6319.97 1768.71 7715.59 2791.04
 5142.13 790.392 1291.25 255.003 1483.61
 42226.3 2368.52 218.915 284.385 377.584
 13137.5 20501.1 987.143 85.1743 256.488
 63540.9 5644.36 3307.41 102.428 34.5116
 59175.7 27671.5 1011.52 397.273 16.0608
 68643.7 25126.4 4074.19 92.4101 36.7112
 131723 28641.6 3230.1 308.132 9.46099
 52976.5 58655.6 6101.18 493.56 47.5851
 49263.8 22825 9672.59 652.696 56.4262
 54520.8 21181.8 3704.44 1012.05 72.2923
 28651.5 21222 1587.8 132.193 37.0322
 13439.4 9295.11 386.712 7.90561 0.779921
 10813.7 4254.07 139.932 1.47581 0.0305589
 7220.74 4397.72 448.095 8.01916 0.0832783
 7949.38 3053.75 627.722 39.2069 0.688749
 8339.76 3452.04 535.284 73.1123 4.53593
 10988.7 3688.51 697.571 76 10.7968
 16515 4776.08 650.99 82.0257 9.96333
 21355 7689.38 1438.26 161.09 22.4996
 28073.6 9878.49 2201.61 331.751 41.8074
 9408.88 12804.2 2534.5 435.875 72.8292
pred_Ctot
 111.312 4371.83 2022.78 262.762 0.015975
 249.966 602.181 3835.59 1254.55 160.122
 139.643 2812.18 966.6 4256.21 1540.25
 269.069 259.887 541.043 108.071 629.06
 678.526 276.534 34.5665 45.5729 60.5457
 1284.47 10596.3 611.373 53.1773 160.188
 5664.64 2746.52 1948.92 60.8777 20.5193
 6224.51 14975 650.245 257.329 10.4065
 7966.28 14424.6 2745.01 62.697 24.9145
 9846.07 12337 1716.87 165.361 5.07932
 5084.73 29959.3 3742.12 305.2 29.435
 4792.5 11759.7 5974.89 406.446 35.1495
 8594.96 14300 2822 774.852 55.3606
 7320.05 17193.8 1371.33 114.46 32.0679
 3595.78 7627.89 336.809 6.90168 0.680946
 1424.27 2622.22 99.6187 1.05713 0.0218951
 777.568 2414.41 291.399 5.25384 0.0545776
 723.176 1506.06 374.048 23.5615 0.414053
 660.281 1548.72 294.587 40.612 2.52057
 993.479 1811.65 414.253 45.5185 6.4688
 743.826 1391.06 244.342 31.1596 3.78673
 1055.86 2416.21 578.454 65.5465 9.15945
 1654.39 3565.01 1002.57 152.719 19.2544
 723.126 5625.52 1370.17 237.877 39.762
F
 0.0173432 0.134647 0.187502 0.190621 0.190753
 0.026903 0.208866 0.290856 0.295694 0.295899
 0.114392 0.888105 1.23673 1.2573 1.25817
 0.0752026 0.583848 0.813037 0.82656 0.827133
 0.0225673 0.175205 0.243981 0.248039 0.248211
 0.144817 1.12431 1.56566 1.5917 1.5928
 0.131279 1.01921 1.4193 1.4429 1.4439
 0.156593 1.21573 1.69297 1.72113 1.72232
 0.174068 1.3514 1.8819 1.9132 1.91453
 0.109018 0.846378 1.17862 1.19823 1.19906
 0.141993 1.10239 1.53513 1.56066 1.56174
 0.144046 1.11832 1.55732 1.58322 1.58432
 0.243544 1.89079 2.63302 2.67682 2.67867
 0.425716 3.30511 4.60253 4.67909 4.68233
 0.450314 3.49609 4.86847 4.94945 4.95288
 0.199729 1.55063 2.15932 2.19524 2.19676
 0.160587 1.24674 1.73615 1.76503 1.76625
 0.134128 1.04133 1.4501 1.47422 1.47524
 0.115811 0.899116 1.25206 1.27289 1.27377
 0.133247 1.03449 1.44057 1.46453 1.46555
 0.0644264 0.500185 0.696532 0.708117 0.708609
 0.0709265 0.55065 0.766807 0.779561 0.780102
 0.0850583 0.660364 0.919589 0.934884 0.935533
 0.112248 0.871459 1.21355 1.23373 1.23459
nmprior
 10 10 8 0
nm_flota  nm_reclas  nm_pelaces    nm_pelaL
inf 15.3519 10.0926 16.0252
cv_recla  cv_pelaces  cv_mph
0.78176 0.500009 0.422152
 ------------------------------------------------
Talla a la edad & desviación 
 7.2 14.2025 17.0495 18.207 18.6776
 1.08 2.13037 2.55742 2.73105 2.80164
