years
 1997 1998 1999 2000 2001 2002 2003 2004 2005 2006 2007 2008 2009 2010 2011 2012 2013 2014 2015 2016 2017 2018 2019 2020
reclasobs
 0 0 0 370054 412103 1.49427e+06 250295 1.28982e+06 931140 785840 897777 1.04006e+06 184774 17550 25797 100020 73551 82996 120727 218422 84188 347160 605670 569463
reclaspred
 1.51898e+06 201139 266156 109915 251254 255924 541406 459554 624105 1.02024e+06 881149 572887 360850 156189 95492.5 89734.2 102138 120286 104732 179551 305154 275822 413081 311235
pelacesobs
 0 0 0 0 0 0 0 0 0 2.06254e+06 1.5e+06 0 1.87456e+06 323000 250000 174000 83755 137374 0 501740 490994 745055 786931 1.00524e+06
pelacespred
 1.14697e+06 401158 130030 117654 234082 176137 519845 443532 604118 990996 756112 508189 331706 114162 69663.1 70391.8 83667.4 100351 87930.3 150601 288095 251376 297628 266787
mphobs
 0 0 0 0 0 112323 0 153150 637223 0 255016 313432 73983 77613 109348 50772 0 0 0 0 0 0 0 0
mphpred
 1.72771e+06 735913 339292 163185 150061 360286 408553 509098 562174 784842 1.28472e+06 916871 525862 289309 122687 95219.3 107734 131865 139000 137270 274974 360492 423668 472472
desembarqueobs
 350755 77701 442110 56441 14545 235359 269955 359681 431902 328805 639364 411747 362871 311530 167758 66681 60226 58785 57116 71774 51957 67425 138520 160799
desembarquepred
 350743 77679.7 441607 56422.2 14544.1 235261 269886 359246 431560 328600 638769 411452 362405 311140 167456 66640.6 60212 58751.5 57078.5 71721.8 51946.1 67392.1 138454 160733
Reclutas
 10952.1 17055.2 2773.91 15467.3 56706 20310.8 53481.8 76705.6 102294 209263 58152.4 28341.1 50422.4 22146.5 14847.6 15579.5 10836.3 10161.2 8915.55 29388.7 33892.5 37398.9 44593 14062.8
log_desv_Rt
 -0.858718 -0.41579 -2.23199 -0.513517 0.785635 -0.241094 0.727097 1.08773 1.37561 2.09135 0.810823 0.0920668 0.668191 -0.154566 -0.554409 -0.506288 -0.869345 -0.933672 -1.06445 0.128367 0.27095 0.369396 0.545331 -0.608709
SSB
 1.72771e+06 735913 339292 163185 150061 360286 408553 509098 562174 784842 1.28472e+06 916871 525862 289309 122687 95219.3 107734 131865 139000 137270 274974 360492 423668 472472
BT
 2.27617e+06 884867 477810 275493 431265 498218 1.1247e+06 1.18132e+06 1.47269e+06 2.07905e+06 1.90758e+06 1.27935e+06 952206 502016 264381 180790 198566 227044 207146 328221 556828 513521 629097 616812
Ftot
 0.145177 0.261531 0.964665 0.473423 0.0897735 0.63272 0.553333 0.97181 0.859274 0.445882 0.522707 0.486321 0.876686 1.49086 1.64645 0.713724 0.544218 0.423133 0.424495 0.498907 0.166486 0.199759 0.260431 0.345555
BD_Bspro_t
 0.977479 0.837672 0.618479 0.293082 0.427344 0.693197 0.544989 0.54977 0.530406 0.562933 0.645325 0.487602 0.359112 0.267959 0.153072 0.149872 0.220266 0.330724 0.397698 0.454165 0.64751 0.754556 0.751201 0.708503
BD_Bspro
 3.24884 1.38383 0.638015 0.306858 0.282179 0.677494 0.768257 0.957324 1.05713 1.47584 2.41583 1.72411 0.988847 0.544026 0.230705 0.179053 0.202586 0.247963 0.261381 0.258128 0.51707 0.677881 0.796679 0.888452
BD_Bo
 1.81588 0.773472 0.356608 0.171513 0.157719 0.378674 0.429405 0.535081 0.590866 0.824898 1.35029 0.963666 0.5527 0.304074 0.128949 0.100079 0.113232 0.138595 0.146095 0.144276 0.289008 0.378891 0.445291 0.496586
BD_Brms
 6.09076 2.59435 1.19612 0.575282 0.529015 1.27013 1.44029 1.79474 1.98185 2.76684 4.52909 3.23228 1.85384 1.01991 0.432514 0.335681 0.379799 0.464868 0.490024 0.483925 0.969377 1.27086 1.49357 1.66563
S_f
 0.151802 1 1 1 1
 0.151802 1 1 1 1
 0.151802 1 1 1 1
 0.151802 1 1 1 1
 0.151802 1 1 1 1
 0.151802 1 1 1 1
 0.151802 1 1 1 1
 0.151802 1 1 1 1
 0.151802 1 1 1 1
 0.151802 1 1 1 1
 0.151802 1 1 1 1
 0.151802 1 1 1 1
 0.151802 1 1 1 1
 0.151802 1 1 1 1
 0.151802 1 1 1 1
 0.151802 1 1 1 1
 0.151802 1 1 1 1
 0.151802 1 1 1 1
 0.151802 1 1 1 1
 0.151802 1 1 1 1
 0.151802 1 1 1 1
 0.151802 1 1 1 1
 0.151802 1 1 1 1
 0.151802 1 1 1 1
Scru_reclas
 0.927568 1 1 1 1
 0.927568 1 1 1 1
 0.927568 1 1 1 1
 0.927568 1 1 1 1
 0.927568 1 1 1 1
 0.927568 1 1 1 1
 0.927568 1 1 1 1
 0.927568 1 1 1 1
 0.927568 1 1 1 1
 0.927568 1 1 1 1
 0.927568 1 1 1 1
 0.927568 1 1 1 1
 0.927568 1 1 1 1
 0.927568 1 1 1 1
 0.927568 1 1 1 1
 0.927568 1 1 1 1
 0.927568 1 1 1 1
 0.927568 1 1 1 1
 0.927568 1 1 1 1
 0.927568 1 1 1 1
 0.927568 1 1 1 1
 0.927568 1 1 1 1
 0.927568 1 1 1 1
 0.927568 1 1 1 1
Scru_pelaces
 1 1 1 1 1
 1 1 1 1 1
 1 1 1 1 1
 1 1 1 1 1
 1 1 1 1 1
 1 1 1 1 1
 1 1 1 1 1
 1 1 1 1 1
 1 1 1 1 1
 1 1 1 1 1
 1 1 1 1 1
 1 1 1 1 1
 1 1 1 1 1
 1 1 1 1 1
 1 1 1 1 1
 1 1 1 1 1
 1 1 1 1 1
 1 1 1 1 1
 1 1 1 1 1
 1 1 1 1 1
 1 1 1 1 1
 1 1 1 1 1
 1 1 1 1 1
 1 1 1 1 1
pf_obs 
 0.256992 0.487395 0.22802 0.0275931 0
 0.321318 0.546541 0.124235 0.00734118 0.000564706
 0.182869 0.594174 0.210203 0.0122559 0.00049798
 0.330522 0.361315 0.267642 0.0388342 0.00168674
 0.649043 0.306663 0.0425973 0.00169635 0
 0.582887 0.30429 0.105238 0.00758474 0
 0.465427 0.430635 0.0974691 0.00646863 0
 0.296916 0.608066 0.0921331 0.00288517 0
 0.311714 0.524322 0.152257 0.0117073 0
 0.15457 0.633149 0.183074 0.0267441 0.00246327
 0.131901 0.49318 0.331252 0.0422183 0.00144891
 0.196976 0.569456 0.194076 0.0375587 0.00193317
 0.518974 0.381816 0.0799577 0.0180837 0.00116848
 0.0928022 0.601141 0.25162 0.0475244 0.00691264
 0.122501 0.610282 0.24278 0.0234846 0.000952079
 0.383417 0.481906 0.127806 0.00687128 0
 0.0376549 0.599619 0.316969 0.0457579 0
 0.0361596 0.667082 0.258105 0.0386534 0
 0.158088 0.579412 0.248529 0.0139706 0
 0.0477256 0.309471 0.559284 0.082774 0.000745712
 0.0406174 0.521527 0.379366 0.0568643 0.0016247
 0.151134 0.462217 0.34131 0.0453401 0
 0.294876 0.26143 0.354403 0.0886775 0.000613685
 0.281977 0.475581 0.204845 0.0348837 0.00271318
pf_pred 
 0.0253514 0.631764 0.302638 0.0402437 2.46008e-06
 0.0767038 0.143278 0.505606 0.242204 0.0322093
 0.0267209 0.372873 0.0931714 0.328788 0.178447
 0.347866 0.148909 0.19279 0.0481734 0.262261
 0.503965 0.40477 0.0208396 0.0269808 0.0434449
 0.108089 0.78022 0.0911413 0.00469242 0.0158576
 0.36016 0.334272 0.267303 0.031225 0.00704044
 0.354557 0.535597 0.0573864 0.0458895 0.00656926
 0.35169 0.554946 0.0774748 0.00830102 0.00758823
 0.414345 0.495858 0.0768653 0.010731 0.00220081
 0.0853529 0.780149 0.113876 0.0176525 0.00296986
 0.0783191 0.40841 0.437795 0.0639037 0.0115726
 0.247087 0.312915 0.19497 0.208997 0.0360314
 0.15985 0.647988 0.0798636 0.049761 0.0625374
 0.240114 0.557778 0.155881 0.0192121 0.0270147
 0.305576 0.579105 0.0846473 0.0236562 0.0070153
 0.187929 0.654226 0.131633 0.0192407 0.00697176
 0.194426 0.536621 0.216675 0.043596 0.00868139
 0.180564 0.542229 0.184657 0.0745604 0.0179892
 0.451406 0.351759 0.130247 0.044356 0.0222311
 0.261093 0.645741 0.0597382 0.0221195 0.0113083
 0.210455 0.565322 0.195951 0.0181277 0.0101437
 0.214018 0.518007 0.191873 0.0665067 0.00959544
 0.0707907 0.622986 0.201818 0.0747549 0.0296498
pobs_RECLAS
 0 0 0 0 0
 0 0 0 0 0
 0 0 0 0 0
 0 0 0 0 0
 0.835266 0.146461 0.0176864 0.000547809 3.91292e-05
 0.385257 0.428462 0.181853 0.0044286 0
 0.867414 0.0963971 0.0333333 0.00285562 0
 0.441836 0.489002 0.0689373 0.000224442 0
 0.779404 0.147425 0.0564933 0.0165055 0.000172143
 0.814271 0.122319 0.05973 0.00367925 0
 0.40263 0.566651 0.0304383 0.000280538 0
 0.475488 0.404961 0.113038 0.00651328 0
 0.955842 0.0263864 0.0167828 0.000988607 0
 0.975058 0.0227948 0.00214734 0 0
 0.738997 0.206755 0.0527124 0.00153531 0
 0.850938 0.134255 0.0134407 0.00136685 0
 0.542534 0.407297 0.0501686 0 0
 0.764087 0.199537 0.0359546 0.000420521 0
 0.470689 0.182191 0.310203 0.0369168 0
 0.84361 0.089868 0.0606195 0.00523954 0.000663233
 0.607945 0.314616 0.071237 0.00620181 0
 0.523733 0.453247 0.0230204 0 0
 0.530135 0.295979 0.169645 0.0042399 0
 0.562478 0.366248 0.0663022 0.0049721 0
ppred_RECLAS
 0.138084 0.558691 0.267633 0.0355889 2.17554e-06
 0.340184 0.102391 0.361321 0.173086 0.0230178
 0.154204 0.324033 0.0809676 0.285723 0.155073
 0.770932 0.0523056 0.0677193 0.0169213 0.0921216
 0.86183 0.112748 0.00580484 0.00751545 0.0121015
 0.436902 0.492583 0.0575411 0.00296251 0.0100115
 0.781504 0.114149 0.09128 0.0106629 0.0024042
 0.784997 0.178412 0.0191159 0.0152862 0.00218828
 0.780594 0.187809 0.0262196 0.0028093 0.00256807
 0.816625 0.155259 0.0240674 0.00336 0.0006891
 0.37159 0.536002 0.0782388 0.0121282 0.00204044
 0.349264 0.28835 0.309097 0.0451181 0.00817063
 0.683206 0.131662 0.082035 0.0879374 0.0151605
 0.576323 0.326772 0.0402742 0.0250938 0.0315368
 0.698536 0.221283 0.0618416 0.0076219 0.0107174
 0.739613 0.217146 0.0317401 0.00887034 0.00263051
 0.595022 0.326261 0.0656451 0.00959528 0.0034768
 0.602594 0.264726 0.10689 0.0215068 0.0042827
 0.580632 0.2775 0.0945033 0.0381582 0.00920646
 0.838788 0.103369 0.0382749 0.0130346 0.0065329
 0.685456 0.274884 0.0254298 0.009416 0.0048138
 0.622268 0.27046 0.0937463 0.00867258 0.00485293
 0.628216 0.245027 0.0907594 0.0314589 0.00453881
 0.322358 0.454323 0.14718 0.0545163 0.0216227
pobs_PELACES
 0 0 0 0 0
 0 0 0 0 0
 0 0 0 0 0
 0 0 0 0 0
 0 0 0 0 0
 0 0 0 0 0
 0 0 0 0 0
 0 0 0 0 0
 0 0 0 0 0
 0 0 0 0 0
 0.450072 0.473896 0.0757376 0.000293798 0
 0 0 0 0 0
 0.463077 0.371075 0.160297 0.00555027 0
 0.529543 0.364841 0.0842815 0.0213345 0
 0.631943 0.363953 0.00410389 0 0
 0.735681 0.248677 0.0153453 0.000297389 0
 0.695825 0.281241 0.0229344 0 0
 0.275771 0.60734 0.115278 0.00161068 0
 0 0 0 0 0
 0.896147 0.0623911 0.0374545 0.00400742 0
 0.803859 0.145111 0.0509908 3.86294e-05 0
 0.739449 0.233085 0.0266225 0.000797448 4.60066e-05
 0.878498 0.100942 0.0204185 0.000141795 0
 0.694673 0.275183 0.0284847 0.00165964 0
ppred_PELACES
 0.152456 0.549375 0.263171 0.0349955 2.13926e-06
 0.374237 0.0971062 0.342673 0.164153 0.0218298
 0.204761 0.304664 0.0761278 0.268644 0.145804
 0.80554 0.0444033 0.0574883 0.0143649 0.0782038
 0.873348 0.103349 0.00532095 0.00688895 0.0110927
 0.499636 0.437705 0.0511305 0.00263245 0.00889615
 0.818248 0.0949526 0.0759296 0.00886972 0.00199989
 0.837839 0.134564 0.0144178 0.0115293 0.00165046
 0.829888 0.145614 0.0203288 0.00217813 0.0019911
 0.844702 0.131487 0.0203823 0.00284554 0.000583589
 0.424604 0.490785 0.0716385 0.011105 0.00186831
 0.398681 0.266453 0.285624 0.0416918 0.00755014
 0.748216 0.104643 0.0652003 0.0698914 0.0120494
 0.690014 0.239085 0.0294669 0.0183601 0.0230741
 0.798408 0.147974 0.041354 0.00509683 0.00716679
 0.789002 0.175959 0.0257197 0.00718784 0.00213157
 0.648462 0.283208 0.0569827 0.00832911 0.00301801
 0.647921 0.234532 0.0946988 0.0190538 0.00379424
 0.627002 0.246817 0.084054 0.0339391 0.0081885
 0.865771 0.0860677 0.0318686 0.0108529 0.00543945
 0.711104 0.25247 0.0233563 0.00864823 0.00442128
 0.652555 0.248774 0.0862297 0.0079772 0.00446381
 0.662098 0.222697 0.0824883 0.0285919 0.00412518
 0.360996 0.428419 0.138788 0.0514079 0.0203898
pobs_pel_tallas
 0 0 0 0 0 0 0 0 0 0 0 0 0 0 0 0 0 0 0 0 0 0 0 0 0 0 0 0 0 0 0 0 0 0 0 0
 0 0 0 0 0 0 0 0 0 0 0 0 0 0 0 0 0 0 0 0 0 0 0 0 0 0 0 0 0 0 0 0 0 0 0 0
 0 0 0 0 0 0 0 0 0 0 0 0 0 0 0 0 0 0 0 0 0 0 0 0 0 0 0 0 0 0 0 0 0 0 0 0
 0 0 0 0 0 0 0 0 0 0 0 0 0 0 0 0 0 0 0 0 0 0 0 0 0 0 0 0 0 0 0 0 0 0 0 0
 0 0 0 0 0 0 0 0 0 0 0 0 0 0 0 0 0 0 0 0 0 0 0 0 0 0 0 0 0 0 0 0 0 0 0 0
 0 0 0 0 0 0 0 0 0 0 0 0 0 0 0 0 0 0 0 0 0 0 0 0 0 0 0 0 0 0 0 0 0 0 0 0
 0 0 0 0 0 0 0 0 0 0 0 0 0 0 0 0 0 0 0 0 0 0 0 0 0 0 0 0 0 0 0 0 0 0 0 0
 0 0 0 0 0 0 0 0 0 0 0 0 0 0 0 0 0 0 0 0 0 0 0 0 0 0 0 0 0 0 0 0 0 0 0 0
 0 0 0 0 0 0 0 0 0 0 0 0 0 0 0 0 0 0 0 0 0 0 0 0 0 0 0 0 0 0 0 0 0 0 0 0
 0 0 0 0 0 0 0 0 0 0 0 0 0 0 0 0 0 0 0 0 0 0 0 0 0 0 0 0 0 0 0 0 0 0 0 0
 0 0 0 0 0 0 0 0 1.78061e-05 0.00172719 0.00360574 0.0105946 0.0120993 0.0124554 0.0147524 0.0171206 0.0266825 0.0428682 0.0675386 0.121331 0.153587 0.119568 0.100827 0.0573624 0.0630603 0.0341343 0.0324427 0.0444173 0.0211091 0.0280891 0.0125444 0.00206551 0 0 0 0
 0 0 0 0 0 0 0 0 0 0 0 0 0 0 0 0 0 0 0 0 0 0 0 0 0 0 0 0 0 0 0 0 0 0 0 0
 0 0 0 0 0 0 0.0133647 0.0140871 0.0187388 0.0205184 0.03894 0.0496705 0.03968 0.0493445 0.0407372 0.0367815 0.0215668 0.0243155 0.0234873 0.0199281 0.019796 0.0243948 0.0301388 0.0376714 0.0412746 0.0863199 0.0771752 0.113111 0.0741005 0.0525337 0.0229764 0.00759418 0.00175318 0 0 0
 0 0 0 0 0 0 0 0 0 0 0.00219441 0.00772107 0.0458388 0.0604681 0.0671733 0.0775358 0.0609151 0.0617685 0.073594 0.0568108 0.0755445 0.0548602 0.0670107 0.0636378 0.0643287 0.046367 0.0373049 0.0286899 0.0247887 0.0153202 0.00654259 0.00121912 0.000365735 0 0 0
 0 0 0 0 0 0 0 0 0 0 0 0 0.000112435 0.00938835 0.0111873 0.0202946 0.0414886 0.0713402 0.111592 0.104902 0.108894 0.110636 0.117776 0.105296 0.107544 0.0401394 0.0192827 0.0124803 0.00416011 0.0028671 0.000618394 0 0 0 0 0
 0 0 0 0 0 0 0 0 0 0 0.00291406 0.0102884 0.027416 0.0768956 0.0749926 0.110853 0.0956884 0.0897413 0.0766577 0.0534642 0.0500743 0.0551293 0.0594112 0.0620874 0.0668451 0.0424026 0.0208742 0.0120726 0.0048766 0.00582813 0.00118941 0.000297354 0 0 0 0
 0 0.00264628 0.0354308 0.0461629 0.0458689 0.0383711 0.0214643 0.0164657 0.0346957 0.0420465 0.0363128 0.0245516 0.0311673 0.0291091 0.0169068 0.0133784 0.00837989 0.0085269 0.0148486 0.0160247 0.0276389 0.0546898 0.0760071 0.122758 0.109233 0.0665981 0.0333725 0.0166128 0.00676272 0.00308733 0.000882094 0 0 0 0 0
 0 0 0 0 0 0 0 0.000805153 0.000690131 0.00759144 0.0133425 0.0154129 0.00931677 0.000345066 0.00356568 0.00563607 0.00851162 0.0253048 0.0502646 0.0516448 0.0657925 0.0565908 0.0611916 0.0827007 0.0866115 0.110766 0.145733 0.0935128 0.0569358 0.0249597 0.0138026 0.00621118 0.00161031 0.00115022 0 0
 0 0 0 0 0 0 0 0 0 0 0 0 0 0 0 0 0 0 0 0 0 0 0 0 0 0 0 0 0 0 0 0 0 0 0 0
 0.00147267 0.00158595 0.00478618 0.00569244 0.00954404 0.0108468 0.00647125 0.017049 0.0510054 0.094081 0.124002 0.0959785 0.0687766 0.0820023 0.061753 0.0591476 0.0492212 0.0479892 0.0443925 0.0268479 0.0217502 0.0140895 0.0121071 0.0120363 0.00920419 0.00665534 0.0049561 0.00860946 0.00930331 0.0156896 0.0114698 0.00855282 0.00243557 0.00046729 0 2.83206e-05
 0 0 0 0 0.000772559 0.00158375 0.000888443 0.00281984 0.00712685 0.0440552 0.0773331 0.111326 0.0921469 0.0852325 0.0710754 0.0886704 0.0786465 0.0553345 0.0373146 0.0185414 0.00753245 0.00457741 0.012979 0.0271748 0.0457355 0.0583668 0.034881 0.0177882 0.00938659 0.00492506 0.0015258 0.00185414 0.000309023 5.79419e-05 3.86279e-05 0
 0 0.00173294 0.00326652 0 0.00397197 0.00683976 0.00946217 0.0152591 0.00757587 0.0136028 0.0228656 0.0392903 0.0559909 0.0764795 0.0681675 0.0726916 0.0566044 0.0477403 0.0527397 0.0444891 0.0609904 0.0582453 0.0661739 0.0445044 0.0529084 0.0360697 0.0280645 0.0235558 0.0158879 0.00826598 0.00280645 0.00217768 0.000904811 0.00058276 9.20147e-05 0
 0 0 0 0 0 0 0 0 0 0 0 0 0 0 0 0 0 0 0 0 0 0 0 0 0 0 0 0 0 0 0 0 0 0 0 0
 0 0 0 0 0 0 0 0 0 0 0 0 0 0 0 0 0 0 0 0 0 0 0 0 0 0 0 0 0 0 0 0 0 0 0 0
ppred_pel_tallas
 1.05118e-16 6.68333e-06 3.91464e-05 0.000185919 0.000715519 0.00223103 0.00563597 0.0115362 0.0191388 0.0257519 0.0281527 0.0251409 0.0186696 0.0122554 0.00849398 0.00809211 0.010578 0.0152912 0.0217609 0.0295916 0.0382617 0.0470438 0.0550659 0.0614634 0.0655598 0.0670078 0.0658484 0.0624645 0.0574576 0.0514906 0.0451521 0.0388782 0.0329384 0.0274681 0.0225204 0.018112
 1.11557e-16 1.63357e-05 9.58559e-05 0.000455614 0.00175407 0.00546983 0.0138163 0.0282705 0.0468632 0.0629415 0.0685074 0.0604633 0.0433588 0.0254645 0.0126692 0.00613998 0.00416048 0.00471576 0.00661697 0.00940048 0.0129254 0.0171128 0.0218447 0.0269423 0.0321727 0.0372644 0.0419248 0.0458588 0.0487906 0.0504895 0.0507989 0.0496639 0.047149 0.0434379 0.0388154 0.0336288
 1.17224e-16 8.95305e-06 5.24969e-05 0.000249444 0.000960204 0.00299414 0.00756323 0.0154776 0.0256644 0.0344926 0.0376035 0.0333324 0.0242175 0.0148564 0.0085678 0.00610469 0.00664199 0.00916125 0.0130292 0.0179093 0.0235263 0.0295394 0.0355374 0.0411026 0.0458936 0.0497061 0.0524912 0.0543203 0.0553191 0.0555948 0.0551883 0.0540679 0.052161 0.0494063 0.0458056 0.041453
 1.04979e-16 3.51397e-05 0.000206258 0.000980495 0.00377502 0.0117721 0.0297352 0.0608411 0.100847 0.135422 0.147334 0.129882 0.0928061 0.0538242 0.0254919 0.010161 0.00394288 0.0022893 0.00244162 0.0032507 0.00434892 0.00561974 0.00699694 0.00841686 0.00981649 0.011139 0.0123366 0.0133688 0.0141976 0.0147848 0.0150917 0.0150845 0.014743 0.0140684 0.013089 0.0118596
 1.00865e-16 3.80989e-05 0.000223626 0.00106305 0.00409285 0.0127632 0.0322388 0.0659641 0.10934 0.146831 0.159756 0.140858 0.100702 0.0585101 0.0279088 0.0114616 0.00496135 0.00347319 0.00398119 0.0051865 0.00660866 0.00801794 0.0092351 0.0101039 0.0105143 0.0104271 0.0098826 0.00898726 0.00788537 0.00672369 0.00562151 0.00465381 0.00384949 0.00320124 0.00268091 0.00225439
 1.01375e-16 2.1817e-05 0.000128006 0.000608391 0.00234219 0.00730377 0.0184491 0.0377519 0.0625876 0.0840826 0.0915753 0.0809586 0.0583512 0.0348575 0.0184173 0.0106661 0.00936248 0.0117974 0.0162507 0.0218209 0.0278853 0.0337963 0.038844 0.0423621 0.0438726 0.0431992 0.0405081 0.0362562 0.0310721 0.0256069 0.0204059 0.0158323 0.0120535 0.00907554 0.00680227 0.00509478
 1.01508e-16 3.56961e-05 0.00020952 0.000995988 0.00383465 0.011958 0.030205 0.0618027 0.102442 0.137569 0.14968 0.131977 0.0943616 0.054844 0.0261953 0.0108237 0.00479661 0.00350271 0.00413161 0.00548357 0.00712502 0.00885325 0.0105042 0.011922 0.0129782 0.0135935 0.0137493 0.0134823 0.0128669 0.011993 0.0109463 0.00979767 0.00860132 0.00739897 0.00622563 0.00511314
 1.00722e-16 3.65518e-05 0.00021454 0.00101985 0.00392651 0.0122445 0.0309285 0.0632834 0.104897 0.140869 0.153278 0.135166 0.0966775 0.0562623 0.0270064 0.0113854 0.00537921 0.00426481 0.00515001 0.00677457 0.00864529 0.0104934 0.0120892 0.0132271 0.0137604 0.0136335 0.0128949 0.0116806 0.0101777 0.00857961 0.00704678 0.00568473 0.00454053 0.0036142 0.00287726 0.00229071
 1.00505e-16 3.62056e-05 0.000212507 0.00101018 0.00388927 0.0121284 0.0306352 0.0626834 0.103903 0.139535 0.151829 0.133896 0.0957841 0.0557734 0.0268297 0.0114106 0.00553958 0.00454177 0.00555223 0.00731689 0.00933499 0.0113222 0.0130299 0.0142338 0.0147735 0.0145881 0.0137299 0.0123477 0.0106474 0.00884288 0.00711407 0.00558155 0.00430212 0.00328012 0.00248675 0.00187915
 1.00458e-16 3.6851e-05 0.000216297 0.0010282 0.00395867 0.0123448 0.0311818 0.0638017 0.105756 0.142022 0.154532 0.136269 0.0974616 0.0567085 0.0272016 0.0114351 0.00535427 0.00419604 0.00504445 0.00663035 0.00845969 0.010266 0.0118229 0.0129272 0.0134331 0.0132844 0.0125266 0.0112922 0.0097655 0.00813855 0.00657317 0.00517854 0.00400702 0.0030642 0.00232604 0.00175586
 1.01646e-16 1.85474e-05 0.000108805 0.0005171 0.00199068 0.00620758 0.0156803 0.0320871 0.0531997 0.0714815 0.0778803 0.0689202 0.0498244 0.0300644 0.0164338 0.0103774 0.0100441 0.0131708 0.0183006 0.0246218 0.0314996 0.0382241 0.0440025 0.0480853 0.0499303 0.0493303 0.046459 0.0418148 0.0360889 0.0300012 0.0241574 0.0189651 0.0146182 0.0111348 0.00842154 0.00633777
 1.05927e-16 1.74085e-05 0.000102138 0.000485447 0.00186888 0.0058278 0.0147207 0.0301222 0.049937 0.0670828 0.0730489 0.0645521 0.0464663 0.0276407 0.0143985 0.00803664 0.00677068 0.00846689 0.0118153 0.0162011 0.0212699 0.0266668 0.0319735 0.0367493 0.0406061 0.0432744 0.0446376 0.0447235 0.0436656 0.0416507 0.0388758 0.0355242 0.0317638 0.0277552 0.0236602 0.0196417
 1.03925e-16 3.26427e-05 0.000191593 0.00091076 0.0035065 0.0109347 0.0276201 0.056514 0.0936764 0.125799 0.13688 0.120703 0.0863277 0.0502295 0.0240951 0.0101382 0.00477562 0.00380326 0.00466119 0.00625688 0.00819146 0.0102699 0.0123271 0.0142029 0.0157624 0.0169181 0.0176392 0.0179443 0.0178819 0.017508 0.0168691 0.0159968 0.0149127 0.013639 0.0122089 0.0106716
 1.02206e-16 3.01102e-05 0.000176713 0.000839991 0.00323398 0.0100848 0.0254736 0.0521229 0.0864019 0.116043 0.126296 0.111447 0.0798747 0.0468117 0.0230849 0.0107922 0.00668103 0.00690404 0.0090856 0.0121399 0.0155493 0.0189243 0.0218763 0.0240447 0.0251687 0.025147 0.0240586 0.0221344 0.0196932 0.0170626 0.0145119 0.0122143 0.010243 0.00859266 0.00721332 0.0060421
 1.01146e-16 3.48331e-05 0.000204448 0.000971867 0.00374176 0.0116684 0.0294733 0.060306 0.0999628 0.134244 0.146075 0.128827 0.0921722 0.0536981 0.0258842 0.0111012 0.00553014 0.00468088 0.00580309 0.00769349 0.00986947 0.0120518 0.0139909 0.015457 0.0162795 0.0163831 0.0158023 0.0146661 0.0131606 0.0114831 0.00980139 0.00823159 0.00683378 0.00562319 0.00458785 0.00370513
 1.0077e-16 3.4424e-05 0.000202044 0.000960433 0.00369773 0.011531 0.0291265 0.0595966 0.0987877 0.132668 0.144367 0.127337 0.0911396 0.0531648 0.0257545 0.0112625 0.00592495 0.00530976 0.00669481 0.00887352 0.0113368 0.0137646 0.0158613 0.017357 0.0180572 0.0178869 0.0169066 0.0152928 0.0132899 0.0111524 0.00909374 0.00725677 0.00570874 0.00445516 0.00346306 0.0026838
 1.01329e-16 2.83002e-05 0.000166082 0.000789443 0.00303934 0.00947784 0.0239404 0.0489863 0.0812043 0.109067 0.118719 0.104795 0.0751813 0.044211 0.0220814 0.0107912 0.00731032 0.00804181 0.0107549 0.014405 0.0184512 0.022445 0.0259224 0.0284477 0.0297023 0.0295566 0.0280971 0.0255956 0.0224351 0.0190171 0.0156819 0.0126612 0.0100702 0.00792824 0.00619479 0.00480392
 1.02253e-16 2.82747e-05 0.000165937 0.000788761 0.00303673 0.00946971 0.0239198 0.0489439 0.0811327 0.108967 0.1186 0.104665 0.075036 0.0440203 0.0217926 0.0103332 0.00660098 0.00699693 0.00930319 0.0125092 0.0161315 0.0197974 0.0231245 0.0257459 0.0273796 0.0278869 0.0272971 0.0257853 0.0236183 0.0210851 0.0184378 0.0158576 0.0134496 0.011258 0.00929132 0.00754343
 1.02823e-16 2.7363e-05 0.000160583 0.000763307 0.00293872 0.00916408 0.0231478 0.0473644 0.078515 0.105453 0.11478 0.101306 0.0726522 0.0426717 0.0212176 0.0102153 0.00673069 0.0072874 0.00974019 0.0131041 0.016895 0.020728 0.0242045 0.0269434 0.0286537 0.0291966 0.0286086 0.0270787 0.0248882 0.0223378 0.0196848 0.0171079 0.0147041 0.0125064 0.0105127 0.00871004
 1.01108e-16 3.77679e-05 0.000221684 0.00105382 0.00405733 0.0126524 0.0319589 0.0653914 0.10839 0.145554 0.158364 0.139623 0.0998031 0.0579559 0.0275851 0.0112279 0.00471059 0.00314136 0.00353663 0.00462248 0.0059439 0.00729972 0.00853897 0.00952682 0.0101609 0.0103911 0.010228 0.00973476 0.00900635 0.00814477 0.0072374 0.0063452 0.00550154 0.00471874 0.00399771 0.0033363
 1.00918e-16 3.10304e-05 0.000182114 0.000865665 0.00333282 0.0103931 0.0262522 0.0537161 0.089043 0.11959 0.130158 0.114857 0.0823226 0.0482547 0.0238113 0.0111548 0.00693276 0.00717718 0.00943397 0.0125744 0.0160516 0.0194481 0.0223476 0.024366 0.0252296 0.0248393 0.0232933 0.0208567 0.0178928 0.014776 0.0118184 0.00922543 0.00708905 0.00540809 0.00412346 0.00315273
 1.01788e-16 2.84774e-05 0.000167125 0.000794409 0.00305847 0.0095375 0.0240911 0.0492944 0.081714 0.109749 0.119453 0.105424 0.0755933 0.0443734 0.0220156 0.0105182 0.00682128 0.00730061 0.00971853 0.0130474 0.0167839 0.0205316 0.0238829 0.0264498 0.0279385 0.0282131 0.0273201 0.0254651 0.0229515 0.0201055 0.0172094 0.0144636 0.0119798 0.00979756 0.0079113 0.00629624
 1.02419e-16 2.88924e-05 0.000169564 0.000806009 0.00310314 0.00967683 0.024443 0.0500142 0.0829063 0.111348 0.121186 0.106938 0.076643 0.0449181 0.0221534 0.0103642 0.00643449 0.0066802 0.00883345 0.0118676 0.0153033 0.0187832 0.021945 0.0244427 0.0260111 0.0265212 0.0260025 0.0246219 0.022631 0.0203006 0.0178642 0.015487 0.0132614 0.0112231 0.00937566 0.00771186
 1.04829e-16 1.57714e-05 9.25131e-05 0.000439657 0.00169252 0.00527781 0.0133317 0.0272813 0.0452325 0.0607786 0.0662251 0.0586198 0.0424083 0.0256512 0.0141363 0.00910798 0.00901352 0.0119534 0.0167156 0.022635 0.0291919 0.0357929 0.04176 0.0464347 0.0493158 0.0501671 0.0490598 0.0463292 0.042472 0.0380163 0.0334124 0.0289714 0.0248581 0.0211242 0.0177578 0.0147278
pSPR Fmed_Fpbrs
0.532744   0.348138 0.348138
Fs Fmed_Fpbrs
0.466977   1.005 1.005
SSBpbr Bo_Bmed_Bpbrs
951441  459302  283660 283660
Ro
25848.3
SPR SPRFo_SPRFmed_SPRFpbrs
531793 283309 185137
log_Ro
9.98
likeval ReclasPelacesDesembMPH_pf_preclas_ppelaces_ptallas_desvR_qrecl_qpela
 91.9701 73.6446 0.0722216 0.000628503 317.255 165.895 82.6881 0 28.0052 1.16453e-05 0 0 0 0 0
q_reclas_q_pelaces
0.61658 1
M
0.7
N
 10952.1 43712.7 20940 2784.52 0.170217
 17055.2 5320.08 18773.8 8993.33 1195.97
 2773.91 8139.7 2033.9 7177.35 3895.44
 15467.3 1189.84 1540.47 384.925 2095.57
 56706 7148.21 368.026 476.478 767.233
 20310.8 27778.2 3244.91 167.064 564.579
 53481.8 9162.35 7326.75 855.874 192.978
 76705.6 24418.6 2616.32 2092.17 299.501
 102294 32866.4 4588.42 491.625 449.41
 209263 44585.7 6911.45 964.893 197.889
 58152.4 97115.9 14175.7 2197.45 369.699
 28341.1 26674.8 28594 4173.79 755.851
 50422.4 13072.2 8144.96 8730.98 1505.23
 22146.5 21919 2701.48 1683.23 2115.4
 14847.6 8770.24 2451 302.083 424.767
 15579.5 5742.54 839.381 234.58 69.5652
 10836.3 6942.15 1396.79 204.168 73.9791
 10161.2 4954.45 2000.49 402.508 80.1525
 8915.55 4731.96 1611.48 650.679 156.99
 29388.7 4151.03 1537.02 523.435 262.344
 33892.5 13529.6 1251.63 463.448 236.931
 37398.9 16410.5 5688.18 526.22 294.458
 44593 18017 6673.62 2313.2 333.743
 14062.8 21285.8 6895.62 2554.18 1013.06
pred_Ctot
 171.899 4283.78 2052.09 272.879 0.016681
 478.508 893.822 3154.17 1510.96 200.934
 274.052 3824.22 955.575 3372.08 1830.17
 774.569 331.566 429.274 107.265 583.959
 552.418 443.687 22.8433 29.5748 47.6219
 1345.12 9709.5 1134.22 58.3951 197.341
 3113.82 2890 2311.01 269.961 60.8692
 7630.79 11527.1 1235.07 987.635 141.384
 9064.43 14303.1 1996.83 213.949 195.578
 9887.82 11833 1834.29 256.082 52.5197
 3204.84 29293.1 4275.83 662.817 111.512
 1456.68 7596.13 8142.67 1188.56 215.242
 4553.34 5766.43 3592.92 3851.43 663.99
 3268.05 13247.8 1632.77 1017.34 1278.54
 2395.6 5564.9 1555.21 191.678 269.524
 1157.69 2193.97 320.69 89.6227 26.5778
 620.891 2161.47 434.897 63.5685 23.0337
 456.315 1259.44 508.534 102.319 20.3751
 401.629 1206.09 410.735 165.845 40.0136
 1548.33 1206.54 446.751 152.142 76.253
 609.178 1506.63 139.38 51.6089 26.3843
 804.755 2161.72 749.293 69.318 38.7883
 1245.95 3015.68 1117.03 387.183 55.8618
 518.407 4562.19 1477.94 547.437 217.129
F
 0.0220381 0.145177 0.145177 0.145177 0.145177
 0.0397009 0.261531 0.261531 0.261531 0.261531
 0.146438 0.964665 0.964665 0.964665 0.964665
 0.0718665 0.473423 0.473423 0.473423 0.473423
 0.0136278 0.0897735 0.0897735 0.0897735 0.0897735
 0.096048 0.63272 0.63272 0.63272 0.63272
 0.0839969 0.553333 0.553333 0.553333 0.553333
 0.147523 0.97181 0.97181 0.97181 0.97181
 0.130439 0.859274 0.859274 0.859274 0.859274
 0.0676856 0.445882 0.445882 0.445882 0.445882
 0.0793479 0.522707 0.522707 0.522707 0.522707
 0.0738244 0.486321 0.486321 0.486321 0.486321
 0.133083 0.876686 0.876686 0.876686 0.876686
 0.226315 1.49086 1.49086 1.49086 1.49086
 0.249935 1.64645 1.64645 1.64645 1.64645
 0.108345 0.713724 0.713724 0.713724 0.713724
 0.0826133 0.544218 0.544218 0.544218 0.544218
 0.0642324 0.423133 0.423133 0.423133 0.423133
 0.0644392 0.424495 0.424495 0.424495 0.424495
 0.075735 0.498907 0.498907 0.498907 0.498907
 0.0252728 0.166486 0.166486 0.166486 0.166486
 0.0303238 0.199759 0.199759 0.199759 0.199759
 0.0395339 0.260431 0.260431 0.260431 0.260431
 0.0524558 0.345555 0.345555 0.345555 0.345555
nmprior
 10 10 8 0
nm_flota  nm_reclas  nm_pelaces    nm_pelaL
inf 27.3941 19.5885 35.5142
cv_recla  cv_pelaces  cv_mph
0.887871 1.0098 0.813377
 ------------------------------------------------
Talla a la edad & desviación 
 7.2 14.2025 17.0495 18.207 18.6776
 1.08 2.13037 2.55742 2.73105 2.80164
