years
 1997 1998 1999 2000 2001 2002 2003 2004 2005 2006 2007 2008 2009 2010 2011 2012 2013 2014 2015 2016 2017 2018 2019 2020
reclasobs
 0 0 0 370054 412103 1.49427e+06 250295 1.28982e+06 931140 785840 897777 1.04006e+06 184774 17550 25797 100020 73551 82996 120727 218422 84188 347160 605670 569463
reclaspred
 3.70746e+06 445561 614023 169399 224640 292556 469173 434690 657587 1.16011e+06 1.3297e+06 847970 447675 199174 127972 117353 123114 152153 132142 186502 378398 375243 509688 330348
pelacesobs
 0 0 0 0 0 0 0 0 0 2.06254e+06 1.5e+06 0 1.87456e+06 323000 250000 174000 83755 137374 0 501740 490994 745055 786931 1.00524e+06
pelacespred
 1.57953e+06 635697 193061 125524 129197 120434 243001 242900 357249 668582 685526 450750 242470 85290.8 53341.2 55691.7 60984 75344.3 68346.9 93348.2 208042 220350 227526 174830
mphobs
 0 0 0 0 0 112323 0 153150 637223 0 255016 313432 73983 77613 109348 50772 0 0 0 0 0 0 0 0
mphpred
 2.64643e+06 1.13468e+06 477286 242401 118780 300366 290095 393873 484763 755187 1.3385e+06 929360 498841 265791 119050 101715 101598 122829 129595 119447 256478 361736 392649 368447
desembarqueobs
 350755 77701 442110 56441 14545 235359 269955 359681 431902 328805 639364 411747 362871 311530 167758 66681 60226 58785 57116 71774 51957 67425 138520 160799
desembarquepred
 350737 77681.9 441654 56418.6 14543.5 235114 269762 359152 431443 328572 638534 411248 362151 310849 167410 66629.9 60192.1 58739.4 57061.1 71707.9 51940.8 67383.1 138407 160658
Reclutas
 3639.33 5098.53 799.924 2774.36 53859.7 12204.2 49286.6 74892.6 107090 229519 55115.7 18575.4 51275.5 27365.1 19715.4 13986.1 11187.8 10520.3 7037.35 29600.5 37614.6 32190.8 31964.2 6400.36
log_desv_Rt
 -1.66045 -1.32329 -3.17548 -1.93182 1.03414 -0.450466 0.945408 1.36381 1.72143 2.48374 1.05719 -0.0304079 0.984969 0.357023 0.0291574 -0.31418 -0.537424 -0.598936 -1.00101 0.435547 0.675148 0.519435 0.51237 -1.09589
SSB
 2.64643e+06 1.13468e+06 477286 242401 118780 300366 290095 393873 484763 755187 1.3385e+06 929360 498841 265791 119050 101715 101598 122829 129595 119447 256478 361736 392649 368447
BT
 3.10335e+06 1.31191e+06 604129 299522 382368 409775 933356 1.00831e+06 1.39393e+06 2.13636e+06 1.93934e+06 1.23127e+06 911951 483510 277162 179574 192102 217738 187104 305817 560983 499882 554987 470202
Ftot
 0.0921759 0.168995 0.666363 0.319226 0.0632795 0.740347 0.545819 0.772013 0.620056 0.273889 0.455536 0.45938 0.749879 1.34777 1.16887 0.53658 0.465145 0.369658 0.411411 0.369526 0.133579 0.174159 0.261707 0.460511
BD_Bspro_t
 0.985396 0.888367 0.698342 0.384605 0.393784 0.676548 0.473232 0.496361 0.49186 0.543899 0.640359 0.475833 0.338205 0.246583 0.14548 0.149604 0.196325 0.292876 0.356622 0.39995 0.606806 0.731932 0.716197 0.631802
BD_Bspro
 6.71748 2.88018 1.2115 0.61529 0.301502 0.762425 0.736354 0.999775 1.23048 1.91691 3.39753 2.35901 1.26622 0.674663 0.302188 0.258185 0.257888 0.311779 0.328954 0.303194 0.651023 0.918202 0.996669 0.935235
BD_Bo
 2.46034 1.05489 0.443724 0.225356 0.110428 0.279245 0.269696 0.366177 0.450676 0.702084 1.24438 0.864009 0.463764 0.247101 0.110679 0.0945626 0.0944539 0.114192 0.120482 0.111048 0.238443 0.3363 0.365039 0.342538
BD_Brms
 11.9789 5.13606 2.16041 1.09721 0.537652 1.35959 1.3131 1.78284 2.19425 3.41831 6.05862 4.20669 2.25797 1.20309 0.538875 0.460407 0.459878 0.555977 0.586605 0.540669 1.16093 1.63738 1.7773 1.66775
S_f
 0.5 1 1 1 1
 0.5 1 1 1 1
 0.5 1 1 1 1
 0.5 1 1 1 1
 0.5 1 1 1 1
 0.5 1 1 1 1
 0.5 1 1 1 1
 0.5 1 1 1 1
 0.5 1 1 1 1
 0.5 1 1 1 1
 0.5 1 1 1 1
 0.5 1 1 1 1
 0.5 1 1 1 1
 0.5 1 1 1 1
 0.5 1 1 1 1
 0.5 1 1 1 1
 0.5 1 1 1 1
 0.5 1 1 1 1
 0.5 1 1 1 1
 0.5 1 1 1 1
 0.5 1 1 1 1
 0.5 1 1 1 1
 0.5 1 1 1 1
 0.5 1 1 1 1
Scru_reclas
 0.5 1 1 1 1
 0.5 1 1 1 1
 0.5 1 1 1 1
 0.5 1 1 1 1
 0.5 1 1 1 1
 0.5 1 1 1 1
 0.5 1 1 1 1
 0.5 1 1 1 1
 0.5 1 1 1 1
 0.5 1 1 1 1
 0.5 1 1 1 1
 0.5 1 1 1 1
 0.5 1 1 1 1
 0.5 1 1 1 1
 0.5 1 1 1 1
 0.5 1 1 1 1
 0.5 1 1 1 1
 0.5 1 1 1 1
 0.5 1 1 1 1
 0.5 1 1 1 1
 0.5 1 1 1 1
 0.5 1 1 1 1
 0.5 1 1 1 1
 0.5 1 1 1 1
Scru_pelaces
 0.5 1 1 1 1
 0.5 1 1 1 1
 0.5 1 1 1 1
 0.5 1 1 1 1
 0.5 1 1 1 1
 0.5 1 1 1 1
 0.5 1 1 1 1
 0.5 1 1 1 1
 0.5 1 1 1 1
 0.5 1 1 1 1
 0.5 1 1 1 1
 0.5 1 1 1 1
 0.5 1 1 1 1
 0.5 1 1 1 1
 0.5 1 1 1 1
 0.5 1 1 1 1
 0.5 1 1 1 1
 0.5 1 1 1 1
 0.5 1 1 1 1
 0.5 1 1 1 1
 0.5 1 1 1 1
 0.5 1 1 1 1
 0.5 1 1 1 1
 0.5 1 1 1 1
pf_obs 
 0.256992 0.487395 0.22802 0.0275931 0
 0.321318 0.546541 0.124235 0.00734118 0.000564706
 0.182869 0.594174 0.210203 0.0122559 0.00049798
 0.330522 0.361315 0.267642 0.0388342 0.00168674
 0.649043 0.306663 0.0425973 0.00169635 0
 0.582887 0.30429 0.105238 0.00758474 0
 0.465427 0.430635 0.0974691 0.00646863 0
 0.296916 0.608066 0.0921331 0.00288517 0
 0.311714 0.524322 0.152257 0.0117073 0
 0.15457 0.633149 0.183074 0.0267441 0.00246327
 0.131901 0.49318 0.331252 0.0422183 0.00144891
 0.196976 0.569456 0.194076 0.0375587 0.00193317
 0.518974 0.381816 0.0799577 0.0180837 0.00116848
 0.0928022 0.601141 0.25162 0.0475244 0.00691264
 0.122501 0.610282 0.24278 0.0234846 0.000952079
 0.383417 0.481906 0.127806 0.00687128 0
 0.0376549 0.599619 0.316969 0.0457579 0
 0.0361596 0.667082 0.258105 0.0386534 0
 0.158088 0.579412 0.248529 0.0139706 0
 0.0477256 0.309471 0.559284 0.082774 0.000745712
 0.0406174 0.521527 0.379366 0.0568643 0.0016247
 0.151134 0.462217 0.34131 0.0453401 0
 0.294876 0.26143 0.354403 0.0886775 0.000613685
 0.281977 0.475581 0.204845 0.0348837 0.00271318
pf_pred 
 0.0175879 0.627642 0.312739 0.0420303 1.19864e-06
 0.0515056 0.0336194 0.584494 0.291239 0.039142
 0.0197101 0.100274 0.0311922 0.542295 0.306529
 0.196049 0.0376066 0.0783895 0.0243846 0.66357
 0.890124 0.0382853 0.00334883 0.00698052 0.0612618
 0.204629 0.749903 0.015843 0.0013858 0.0282397
 0.720405 0.109418 0.160448 0.00338975 0.00633862
 0.667803 0.285107 0.0184287 0.0270233 0.00163849
 0.667351 0.277898 0.04699 0.00303733 0.0047239
 0.72094 0.231153 0.040022 0.00676735 0.00111775
 0.205402 0.674018 0.09988 0.0172933 0.00340711
 0.148253 0.316298 0.454195 0.0673053 0.0139492
 0.536194 0.132095 0.123182 0.176885 0.0316444
 0.426244 0.426568 0.0419201 0.0390915 0.0661764
 0.551767 0.311602 0.10158 0.00998258 0.0250678
 0.527409 0.368719 0.07221 0.0235399 0.0081225
 0.456207 0.393359 0.11737 0.0229858 0.0100787
 0.459278 0.355719 0.133824 0.0399303 0.0112488
 0.366089 0.414643 0.144247 0.0542667 0.0207536
 0.760759 0.135318 0.0679769 0.023648 0.0122989
 0.581291 0.366884 0.0293126 0.0147252 0.00778683
 0.415271 0.434164 0.131929 0.0105407 0.0080952
 0.408494 0.354188 0.176209 0.0535448 0.00756353
 0.131366 0.519628 0.208981 0.103969 0.0360557
pobs_RECLAS
 0 0 0 0 0
 0 0 0 0 0
 0 0 0 0 0
 0 0 0 0 0
 0.835266 0.146461 0.0176864 0.000547809 3.91292e-05
 0.385257 0.428462 0.181853 0.0044286 0
 0.867414 0.0963971 0.0333333 0.00285562 0
 0.441836 0.489002 0.0689373 0.000224442 0
 0.779404 0.147425 0.0564933 0.0165055 0.000172143
 0.814271 0.122319 0.05973 0.00367925 0
 0.40263 0.566651 0.0304383 0.000280538 0
 0.475488 0.404961 0.113038 0.00651328 0
 0.955842 0.0263864 0.0167828 0.000988607 0
 0.975058 0.0227948 0.00214734 0 0
 0.738997 0.206755 0.0527124 0.00153531 0
 0.850938 0.134255 0.0134407 0.00136685 0
 0.542534 0.407297 0.0501686 0 0
 0.764087 0.199537 0.0359546 0.000420521 0
 0.470689 0.182191 0.310203 0.0369168 0
 0.84361 0.089868 0.0606195 0.00523954 0.000663233
 0.607945 0.314616 0.071237 0.00620181 0
 0.523733 0.453247 0.0230204 0 0
 0.530135 0.295979 0.169645 0.0042399 0
 0.562478 0.366248 0.0663022 0.0049721 0
ppred_RECLAS
 0.0176385 0.627609 0.312723 0.0420281 1.19858e-06
 0.0517875 0.0336094 0.58432 0.291153 0.0391304
 0.0203485 0.100209 0.0311719 0.541942 0.306329
 0.197997 0.0375155 0.0781995 0.0243255 0.661962
 0.890314 0.0382188 0.00334302 0.00696839 0.0611554
 0.210837 0.74405 0.0157194 0.00137498 0.0280193
 0.725357 0.107481 0.157606 0.00332971 0.00622635
 0.676625 0.277535 0.0179393 0.0263056 0.00159498
 0.673851 0.272467 0.0460718 0.00297797 0.00463158
 0.722986 0.229458 0.0397285 0.00671773 0.00110955
 0.208589 0.671314 0.0994794 0.0172239 0.00339344
 0.150749 0.315371 0.452863 0.067108 0.0139083
 0.545733 0.129378 0.120648 0.173247 0.0309936
 0.44877 0.409821 0.0402743 0.0375568 0.0635784
 0.569916 0.298986 0.0974673 0.0095784 0.0240529
 0.533425 0.364025 0.0712907 0.0232402 0.00801909
 0.461163 0.389774 0.116301 0.0227763 0.00998689
 0.462959 0.353297 0.132913 0.0396585 0.0111722
 0.370043 0.412057 0.143348 0.0539282 0.0206241
 0.763443 0.133799 0.067214 0.0233826 0.0121608
 0.582363 0.365945 0.0292376 0.0146875 0.00776689
 0.416719 0.433089 0.131603 0.0105146 0.00807515
 0.410827 0.352792 0.175514 0.0533336 0.0075337
 0.13363 0.518274 0.208437 0.103698 0.0359617
pobs_PELACES
 0 0 0 0 0
 0 0 0 0 0
 0 0 0 0 0
 0 0 0 0 0
 0 0 0 0 0
 0 0 0 0 0
 0 0 0 0 0
 0 0 0 0 0
 0 0 0 0 0
 0 0 0 0 0
 0.450072 0.473896 0.0757376 0.000293798 0
 0 0 0 0 0
 0.463077 0.371075 0.160297 0.00555027 0
 0.529543 0.364841 0.0842815 0.0213345 0
 0.631943 0.363953 0.00410389 0 0
 0.735681 0.248677 0.0153453 0.000297389 0
 0.695825 0.281241 0.0229344 0 0
 0.275771 0.60734 0.115278 0.00161068 0
 0 0 0 0 0
 0.896147 0.0623911 0.0374545 0.00400742 0
 0.803859 0.145111 0.0509908 3.86294e-05 0
 0.739449 0.233085 0.0266225 0.000797448 4.60066e-05
 0.878498 0.100942 0.0204185 0.000141795 0
 0.694673 0.275183 0.0284847 0.00165964 0
ppred_PELACES
 0.017904 0.62744 0.312638 0.0420168 1.19825e-06
 0.053174 0.0335603 0.583466 0.290727 0.0390731
 0.0226598 0.0999723 0.0310983 0.540663 0.305606
 0.206494 0.037118 0.077371 0.0240678 0.654949
 0.89133 0.037865 0.00331207 0.00690388 0.0605892
 0.231879 0.72421 0.0153002 0.00133832 0.0272722
 0.74293 0.100603 0.147522 0.00311666 0.00582797
 0.703847 0.254172 0.0164291 0.0240912 0.00146071
 0.695925 0.254027 0.0429537 0.00277643 0.00431813
 0.731945 0.222037 0.0384436 0.00650047 0.00107367
 0.221269 0.660559 0.0978855 0.0169479 0.00333907
 0.160712 0.311671 0.447551 0.0663207 0.0137451
 0.576195 0.120702 0.112558 0.16163 0.0289152
 0.504185 0.368622 0.0362255 0.0337812 0.0571869
 0.616418 0.266659 0.0869288 0.00854275 0.0214522
 0.555381 0.346895 0.0679359 0.0221466 0.00764174
 0.480282 0.375944 0.112174 0.0219682 0.00963254
 0.478153 0.343302 0.129152 0.0385364 0.0108562
 0.386002 0.401618 0.139716 0.052562 0.0201017
 0.774277 0.127671 0.0641357 0.0223117 0.0116039
 0.587714 0.361256 0.028863 0.0144993 0.00766739
 0.42372 0.42789 0.130023 0.0103884 0.00797823
 0.421317 0.34651 0.172389 0.052384 0.00739956
 0.142675 0.512863 0.206261 0.102615 0.0355863
pobs_pel_tallas
 0 0 0 0 0 0 0 0 0 0 0 0 0 0 0 0 0 0 0 0 0 0 0 0 0 0 0 0 0 0 0 0 0 0 0 0
 0 0 0 0 0 0 0 0 0 0 0 0 0 0 0 0 0 0 0 0 0 0 0 0 0 0 0 0 0 0 0 0 0 0 0 0
 0 0 0 0 0 0 0 0 0 0 0 0 0 0 0 0 0 0 0 0 0 0 0 0 0 0 0 0 0 0 0 0 0 0 0 0
 0 0 0 0 0 0 0 0 0 0 0 0 0 0 0 0 0 0 0 0 0 0 0 0 0 0 0 0 0 0 0 0 0 0 0 0
 0 0 0 0 0 0 0 0 0 0 0 0 0 0 0 0 0 0 0 0 0 0 0 0 0 0 0 0 0 0 0 0 0 0 0 0
 0 0 0 0 0 0 0 0 0 0 0 0 0 0 0 0 0 0 0 0 0 0 0 0 0 0 0 0 0 0 0 0 0 0 0 0
 0 0 0 0 0 0 0 0 0 0 0 0 0 0 0 0 0 0 0 0 0 0 0 0 0 0 0 0 0 0 0 0 0 0 0 0
 0 0 0 0 0 0 0 0 0 0 0 0 0 0 0 0 0 0 0 0 0 0 0 0 0 0 0 0 0 0 0 0 0 0 0 0
 0 0 0 0 0 0 0 0 0 0 0 0 0 0 0 0 0 0 0 0 0 0 0 0 0 0 0 0 0 0 0 0 0 0 0 0
 0 0 0 0 0 0 0 0 0 0 0 0 0 0 0 0 0 0 0 0 0 0 0 0 0 0 0 0 0 0 0 0 0 0 0 0
 0 0 0 0 0 0 0 0 1.78061e-05 0.00172719 0.00360574 0.0105946 0.0120993 0.0124554 0.0147524 0.0171206 0.0266825 0.0428682 0.0675386 0.121331 0.153587 0.119568 0.100827 0.0573624 0.0630603 0.0341343 0.0324427 0.0444173 0.0211091 0.0280891 0.0125444 0.00206551 0 0 0 0
 0 0 0 0 0 0 0 0 0 0 0 0 0 0 0 0 0 0 0 0 0 0 0 0 0 0 0 0 0 0 0 0 0 0 0 0
 0 0 0 0 0 0 0.0133647 0.0140871 0.0187388 0.0205184 0.03894 0.0496705 0.03968 0.0493445 0.0407372 0.0367815 0.0215668 0.0243155 0.0234873 0.0199281 0.019796 0.0243948 0.0301388 0.0376714 0.0412746 0.0863199 0.0771752 0.113111 0.0741005 0.0525337 0.0229764 0.00759418 0.00175318 0 0 0
 0 0 0 0 0 0 0 0 0 0 0.00219441 0.00772107 0.0458388 0.0604681 0.0671733 0.0775358 0.0609151 0.0617685 0.073594 0.0568108 0.0755445 0.0548602 0.0670107 0.0636378 0.0643287 0.046367 0.0373049 0.0286899 0.0247887 0.0153202 0.00654259 0.00121912 0.000365735 0 0 0
 0 0 0 0 0 0 0 0 0 0 0 0 0.000112435 0.00938835 0.0111873 0.0202946 0.0414886 0.0713402 0.111592 0.104902 0.108894 0.110636 0.117776 0.105296 0.107544 0.0401394 0.0192827 0.0124803 0.00416011 0.0028671 0.000618394 0 0 0 0 0
 0 0 0 0 0 0 0 0 0 0 0.00291406 0.0102884 0.027416 0.0768956 0.0749926 0.110853 0.0956884 0.0897413 0.0766577 0.0534642 0.0500743 0.0551293 0.0594112 0.0620874 0.0668451 0.0424026 0.0208742 0.0120726 0.0048766 0.00582813 0.00118941 0.000297354 0 0 0 0
 0 0.00264628 0.0354308 0.0461629 0.0458689 0.0383711 0.0214643 0.0164657 0.0346957 0.0420465 0.0363128 0.0245516 0.0311673 0.0291091 0.0169068 0.0133784 0.00837989 0.0085269 0.0148486 0.0160247 0.0276389 0.0546898 0.0760071 0.122758 0.109233 0.0665981 0.0333725 0.0166128 0.00676272 0.00308733 0.000882094 0 0 0 0 0
 0 0 0 0 0 0 0 0.000805153 0.000690131 0.00759144 0.0133425 0.0154129 0.00931677 0.000345066 0.00356568 0.00563607 0.00851162 0.0253048 0.0502646 0.0516448 0.0657925 0.0565908 0.0611916 0.0827007 0.0866115 0.110766 0.145733 0.0935128 0.0569358 0.0249597 0.0138026 0.00621118 0.00161031 0.00115022 0 0
 0 0 0 0 0 0 0 0 0 0 0 0 0 0 0 0 0 0 0 0 0 0 0 0 0 0 0 0 0 0 0 0 0 0 0 0
 0.00147267 0.00158595 0.00478618 0.00569244 0.00954404 0.0108468 0.00647125 0.017049 0.0510054 0.094081 0.124002 0.0959785 0.0687766 0.0820023 0.061753 0.0591476 0.0492212 0.0479892 0.0443925 0.0268479 0.0217502 0.0140895 0.0121071 0.0120363 0.00920419 0.00665534 0.0049561 0.00860946 0.00930331 0.0156896 0.0114698 0.00855282 0.00243557 0.00046729 0 2.83206e-05
 0 0 0 0 0.000772559 0.00158375 0.000888443 0.00281984 0.00712685 0.0440552 0.0773331 0.111326 0.0921469 0.0852325 0.0710754 0.0886704 0.0786465 0.0553345 0.0373146 0.0185414 0.00753245 0.00457741 0.012979 0.0271748 0.0457355 0.0583668 0.034881 0.0177882 0.00938659 0.00492506 0.0015258 0.00185414 0.000309023 5.79419e-05 3.86279e-05 0
 0 0.00173294 0.00326652 0 0.00397197 0.00683976 0.00946217 0.0152591 0.00757587 0.0136028 0.0228656 0.0392903 0.0559909 0.0764795 0.0681675 0.0726916 0.0566044 0.0477403 0.0527397 0.0444891 0.0609904 0.0582453 0.0661739 0.0445044 0.0529084 0.0360697 0.0280645 0.0235558 0.0158879 0.00826598 0.00280645 0.00217768 0.000904811 0.00058276 9.20147e-05 0
 0 0 0 0 0 0 0 0 0 0 0 0 0 0 0 0 0 0 0 0 0 0 0 0 0 0 0 0 0 0 0 0 0 0 0 0
 0 0 0 0 0 0 0 0 0 0 0 0 0 0 0 0 0 0 0 0 0 0 0 0 0 0 0 0 0 0 0 0 0 0 0 0
ppred_pel_tallas
 1.06087e-16 8.19519e-07 4.71314e-06 2.22025e-05 8.51431e-05 0.000265204 0.00067058 0.00137726 0.00230264 0.00315197 0.00358712 0.00353809 0.00334933 0.00360489 0.00484001 0.00741283 0.0115472 0.0173795 0.0249151 0.0339305 0.0439022 0.0540184 0.0632867 0.0707186 0.0755369 0.0773371 0.0761558 0.0724184 0.0667999 0.0600475 0.052827 0.0456345 0.0387813 0.0324291 0.0266492 0.0214725
 1.20109e-16 2.33369e-06 1.36566e-05 6.484e-05 0.00024951 0.000777922 0.00196496 0.00402133 0.00666906 0.0089665 0.00978427 0.00869504 0.00636737 0.00401253 0.00252318 0.00214649 0.0027498 0.00418857 0.00646094 0.00967969 0.0139918 0.0195093 0.0262569 0.0341317 0.0428756 0.0520676 0.0611415 0.069435 0.0762645 0.0810173 0.0832436 0.0827282 0.0795277 0.0739597 0.0665523 0.0579595
 1.33332e-16 1.00349e-06 5.84685e-06 2.77108e-05 0.000106553 0.000332123 0.00083897 0.00171771 0.00285166 0.00384313 0.0042176 0.0038049 0.00290952 0.0020774 0.00173054 0.00202733 0.00297227 0.00456592 0.00686172 0.00994576 0.0138986 0.0187687 0.0245602 0.0312272 0.038668 0.0467142 0.0551152 0.0635236 0.071493 0.0784992 0.0839898 0.0874577 0.0885247 0.0870112 0.0829794 0.0767317
 1.32541e-16 9.01701e-06 5.28989e-05 0.000251415 0.000967891 0.00301819 0.00762365 0.0155992 0.0258583 0.0347299 0.0378009 0.033362 0.0239238 0.0140507 0.00699559 0.00341056 0.00236574 0.0027807 0.00405119 0.00599874 0.0086511 0.0120951 0.0164104 0.0216381 0.0277585 0.0346695 0.0421679 0.0499396 0.0575657 0.0645495 0.0703652 0.0745232 0.0766401 0.0764989 0.0740846 0.0695922
 1.03128e-16 3.88802e-05 0.000228219 0.0010849 0.00417701 0.0130257 0.0329017 0.0673199 0.111585 0.14984 0.163015 0.143694 0.10265 0.0594804 0.0280694 0.0110061 0.00397172 0.00191541 0.00176645 0.00223753 0.00291179 0.00365876 0.00441439 0.00512936 0.00576684 0.0063075 0.00675035 0.00710702 0.00739216 0.00761337 0.00776509 0.00782847 0.00777713 0.00758609 0.00724075 0.00674314
 1.01774e-16 1.0153e-05 5.95017e-05 0.000282658 0.00108794 0.00339236 0.0085696 0.0175398 0.0290941 0.0391329 0.0427433 0.0380806 0.0280837 0.0180521 0.0118645 0.0105059 0.0131543 0.018698 0.0263318 0.0354053 0.0451379 0.0545114 0.0623631 0.0676043 0.0694716 0.0677157 0.0626644 0.0551321 0.0462129 0.0370253 0.0284916 0.0212077 0.0154207 0.0110916 0.00800159 0.00585972
 1.02507e-16 3.24123e-05 0.00019024 0.000904328 0.00348173 0.0108575 0.027425 0.0561148 0.0930148 0.124911 0.135914 0.119853 0.0857224 0.0498838 0.0239426 0.0100998 0.00480201 0.00388085 0.00480192 0.00648829 0.00855013 0.0107957 0.013055 0.0151531 0.0169284 0.0182574 0.0190683 0.0193425 0.0191034 0.0184023 0.0173052 0.0158859 0.0142245 0.0124076 0.0105269 0.00867376
 1.01213e-16 3.0714e-05 0.000180256 0.000856834 0.00329882 0.010287 0.0259843 0.0531681 0.0881347 0.11837 0.128832 0.113689 0.0814909 0.0477778 0.0235958 0.0110872 0.0069355 0.0072149 0.00949673 0.0126627 0.0161688 0.0195977 0.0225322 0.0245883 0.0254925 0.0251468 0.0236505 0.0212694 0.0183659 0.0153117 0.012414 0.00987211 0.00777146 0.0061055 0.00481201 0.00380841
 1.0099e-16 3.03686e-05 0.000178228 0.000847193 0.0032617 0.0101713 0.0256919 0.0525698 0.0871431 0.117039 0.127384 0.112414 0.0805829 0.0472576 0.0233619 0.0110169 0.00694677 0.00727342 0.00959863 0.0128184 0.0163943 0.0199102 0.0229468 0.0251141 0.0261295 0.0258824 0.0244585 0.0221107 0.0191919 0.0160707 0.0130578 0.0103633 0.00808873 0.00624632 0.00479174 0.00365667
 1.00892e-16 3.19379e-05 0.000187445 0.000891015 0.00343044 0.0106975 0.027021 0.0552891 0.0916493 0.123087 0.133955 0.118187 0.0846654 0.0495383 0.0242784 0.0110964 0.00652708 0.00647794 0.00842588 0.0112285 0.0143609 0.0174468 0.0201176 0.0220319 0.0229421 0.0227503 0.0215298 0.0194998 0.0169665 0.0142502 0.0116211 0.00926215 0.00726242 0.00563362 0.00433886 0.00332062
 1.02343e-16 9.68799e-06 5.67771e-05 0.000269717 0.00103813 0.00323705 0.00817722 0.0167365 0.0277611 0.0373381 0.0407781 0.0363185 0.0267599 0.0171546 0.0111981 0.00982561 0.0122516 0.0174222 0.0245876 0.0331602 0.0424417 0.0515144 0.0593186 0.0648463 0.0673677 0.0666025 0.0627822 0.056575 0.048908 0.0407469 0.0329041 0.025926 0.0200729 0.0153694 0.0116915 0.00885215
 1.09376e-16 7.03412e-06 4.12266e-05 0.000195855 0.000753854 0.00235063 0.0059378 0.0121521 0.0201532 0.0270951 0.0295637 0.0262651 0.0192126 0.0120466 0.00741736 0.00597402 0.00713563 0.0101684 0.0146252 0.0202585 0.0268198 0.0339486 0.0411694 0.0479525 0.0538011 0.0583277 0.0612977 0.0626308 0.0623697 0.0606371 0.0576 0.0534534 0.0484208 0.0427583 0.036753 0.0307062
 1.08543e-16 2.51424e-05 0.000147558 0.000701411 0.00270045 0.00842107 0.0212709 0.0435232 0.0721447 0.0968891 0.105437 0.0930074 0.0665887 0.0388854 0.0189213 0.00843207 0.00469496 0.00451024 0.00593948 0.00816257 0.0108756 0.0139105 0.0171016 0.0202705 0.0232476 0.0258936 0.0281093 0.0298304 0.0310131 0.0316198 0.0316134 0.0309638 0.0296641 0.027747 0.0252957 0.0224419
 1.04468e-16 2.20123e-05 0.000129159 0.000613891 0.00236339 0.00736991 0.0186161 0.038093 0.063151 0.0848332 0.0923762 0.0816271 0.0587471 0.0349222 0.0181388 0.0100183 0.00827221 0.0101523 0.0139317 0.0187442 0.0240436 0.0292924 0.0339072 0.0373393 0.0391918 0.039312 0.0378218 0.0350733 0.031549 0.0277401 0.0240437 0.0207071 0.0178241 0.0153712 0.0132624 0.0113993
 1.02617e-16 2.69023e-05 0.000157877 0.000750436 0.00288916 0.00900951 0.0227574 0.0465658 0.0771918 0.103678 0.112854 0.0996187 0.0714713 0.0420362 0.0210094 0.0102937 0.00701403 0.00775848 0.0104165 0.0140077 0.0180315 0.0220745 0.0257045 0.0285095 0.0301781 0.0305667 0.029726 0.0278739 0.0253309 0.0224377 0.0194859 0.0166778 0.0141209 0.0118471 0.00984421 0.008084
 1.02196e-16 2.4244e-05 0.000142263 0.000676191 0.00260327 0.00811795 0.0205055 0.0419588 0.069558 0.0934346 0.101728 0.0898576 0.0645976 0.0382538 0.0196011 0.0103992 0.00810136 0.00966169 0.0131754 0.0177093 0.0227098 0.0276558 0.0319864 0.0351709 0.03682 0.0367735 0.0351337 0.0322266 0.0285118 0.02447 0.020506 0.016893 0.0137637 0.0111375 0.00896497 0.00717016
 1.0292e-16 2.09706e-05 0.000123042 0.000584807 0.0022514 0.00702068 0.017734 0.0362882 0.0601599 0.0808179 0.0880113 0.0777878 0.0560225 0.0333805 0.0174824 0.00988877 0.00843697 0.0105249 0.014517 0.0195863 0.0251952 0.0307976 0.035789 0.0395889 0.0417605 0.0421074 0.04071 0.037888 0.0341071 0.0298622 0.0255772 0.0215468 0.0179278 0.0147658 0.0120387 0.00969816
 1.03777e-16 2.08765e-05 0.000122493 0.000582201 0.00224138 0.00698943 0.017655 0.0361264 0.0598909 0.080454 0.0876085 0.0774162 0.0557212 0.0331338 0.017231 0.00955615 0.00794719 0.00981038 0.0135246 0.0182881 0.0236029 0.0289748 0.0338558 0.0377137 0.0401397 0.0409344 0.0401428 0.0380215 0.0349582 0.03137 0.027617 0.0239537 0.0205229 0.0173798 0.0145303 0.011963
 1.0486e-16 1.68607e-05 9.89108e-05 0.000470078 0.00180966 0.0056431 0.0142544 0.0291689 0.0483605 0.0649765 0.0707855 0.062624 0.0452346 0.02722 0.0147469 0.00912057 0.00865543 0.0113026 0.0157644 0.0213523 0.0275611 0.0338323 0.0395308 0.0440382 0.0468811 0.0478313 0.046946 0.0445283 0.0410314 0.0369399 0.0326676 0.0285021 0.0245989 0.0210112 0.0177369 0.0147577
 1.02261e-16 3.378e-05 0.000198268 0.000942489 0.00362866 0.0113157 0.0285824 0.058483 0.0969406 0.130184 0.141655 0.124923 0.0893645 0.0520346 0.0250316 0.0106511 0.0051886 0.00429213 0.00530356 0.00707307 0.00915777 0.0113174 0.0133402 0.0150263 0.0162176 0.0168284 0.0168579 0.0163795 0.015513 0.0143907 0.0131275 0.0118064 0.0104778 0.00916829 0.00789427 0.00667126
 1.01384e-16 2.56544e-05 0.000150542 0.000715548 0.0027548 0.00859049 0.0216991 0.0444011 0.0736064 0.0988716 0.107645 0.0950774 0.0683355 0.0404375 0.0206637 0.0108689 0.00834833 0.00986816 0.0134015 0.0179515 0.0229258 0.0277723 0.0319038 0.0347733 0.0359911 0.0354176 0.0331958 0.0297075 0.0254739 0.0210314 0.0168255 0.0131479 0.010127 0.00775727 0.00595062 0.00458634
 1.02715e-16 1.85065e-05 0.00010857 0.000515995 0.00198644 0.00619439 0.0156469 0.0320183 0.0530841 0.0713213 0.0776929 0.0687239 0.0496164 0.0298076 0.0160583 0.00978956 0.00913732 0.0118374 0.0164509 0.0222106 0.0285561 0.0348751 0.0404787 0.0447041 0.0470533 0.0473041 0.0455524 0.0421696 0.037696 0.0327072 0.0276988 0.023018 0.0188523 0.015258 0.0122098 0.00964703
 1.04706e-16 1.83985e-05 0.000107944 0.000513032 0.00197506 0.00615892 0.0155572 0.0318342 0.0527768 0.070902 0.0772194 0.0682653 0.049199 0.0293851 0.0155211 0.00899289 0.00792372 0.0100534 0.0139687 0.0189606 0.0245656 0.0303 0.0356148 0.0399675 0.042929 0.0442702 0.0439989 0.0423306 0.0396127 0.036229 0.0325184 0.0287299 0.0250182 0.0214655 0.0181158 0.0150011
 1.08284e-16 6.25503e-06 3.6636e-05 0.000173993 0.000669618 0.0020879 0.0052744 0.0107961 0.0179109 0.0240999 0.0263467 0.0235282 0.0174723 0.0114702 0.00795163 0.00757897 0.00991308 0.0143399 0.0204257 0.0278108 0.0360213 0.0443949 0.0521368 0.0584597 0.0627485 0.0646881 0.0643136 0.0619629 0.0581594 0.0534664 0.0483655 0.0431919 0.0381317 0.0332623 0.0286096 0.0241942
pSPR Fmed_Fpbrs
0.5129   0.255389 0.255389
Fs Fmed_Fpbrs
0.38435   1.005 1.005
SSBpbr Bo_Bmed_Bpbrs
1.07564e+06  497912  220924 220924
Ro
19148.9
SPR SPRFo_SPRFmed_SPRFpbrs
393962 202063 100614
log_Ro
9.68
likeval ReclasPelacesDesembMPH_pf_preclas_ppelaces_ptallas_desvR_qrecl_qpela
 101.198 120.183 0.14046 0.000575618 390.667 187.498 92.854 0 52.5367 0 0 0 0 0 0
q_reclas_q_pelaces
1 1
M
0.7
N
 3639.33 66256.2 33013.9 4436.87 0.126533
 5098.53 1725.83 30004.7 14950.6 2009.33
 799.924 2326.71 723.768 12583.1 7112.53
 2774.36 284.671 593.387 184.585 5023.04
 53859.7 1174.46 102.731 214.138 1879.3
 12204.2 25912.9 547.457 47.8863 975.824
 49286.6 4185.41 6137.36 129.663 242.461
 74892.6 18629.4 1204.16 1765.75 107.062
 107090 25280.9 4274.77 276.311 429.741
 229519 39003.2 6753.03 1141.88 188.601
 55115.7 99389.1 14728.1 2550.02 502.404
 18575.4 21794.7 31296.5 4637.7 961.175
 51275.5 7331.26 6836.57 9817.11 1756.26
 27365.1 17501.3 1719.9 1603.85 2715.1
 19715.4 6926.69 2258.05 221.905 557.239
 13986.1 5457.37 1068.77 348.412 120.22
 11187.8 5310.97 1584.69 310.345 136.079
 10520.3 4402.83 1656.37 494.228 139.23
 7037.35 4342.63 1510.73 568.344 217.356
 29600.5 2844.9 1429.13 497.171 258.569
 37614.6 12219.4 976.286 490.437 259.348
 32190.8 17472.1 5309.24 424.188 325.775
 31964.2 14652.4 7289.57 2215.08 312.894
 6400.36 13926.1 5600.71 2786.36 966.294
pred_Ctot
 118.202 4218.15 2101.8 282.47 0.0080556
 298.551 194.874 3388 1688.16 226.885
 166.159 845.324 262.955 4571.63 2584.08
 297.07 56.9847 118.782 36.9496 1005.5
 1208.56 51.9814 4.54684 9.47772 83.1775
 2773.7 10164.8 214.749 18.7842 382.783
 8599.6 1306.15 1915.29 40.464 75.6651
 17633.8 7528.46 486.623 713.569 43.2655
 20899.3 8702.88 1471.58 95.1196 147.938
 21292.5 6826.96 1182.02 199.869 33.0119
 8180.34 26843.5 3977.83 688.723 135.692
 2777.98 5926.84 8510.76 1261.18 261.382
 11780.5 2902.2 2706.37 3886.26 695.244
 10025 10032.6 985.93 919.404 1556.42
 6487.62 3663.79 1194.37 117.374 294.745
 2403.67 1680.44 329.098 107.284 37.0184
 1692.08 1458.98 435.329 85.2549 37.3824
 1290.44 999.469 376.006 112.193 31.606
 952.199 1078.49 375.187 141.148 53.9801
 3629.65 645.613 324.324 112.827 58.679
 1754.47 1107.34 88.4725 44.4441 23.5025
 1940.39 2028.66 616.45 49.252 37.8254
 2840.87 2463.2 1225.45 372.377 52.6006
 959.312 3794.63 1526.1 759.24 263.3
F
 0.0460879 0.0921759 0.0921759 0.0921759 0.0921759
 0.0844977 0.168995 0.168995 0.168995 0.168995
 0.333181 0.666363 0.666363 0.666363 0.666363
 0.159613 0.319226 0.319226 0.319226 0.319226
 0.0316397 0.0632795 0.0632795 0.0632795 0.0632795
 0.370173 0.740347 0.740347 0.740347 0.740347
 0.272909 0.545819 0.545819 0.545819 0.545819
 0.386007 0.772013 0.772013 0.772013 0.772013
 0.310028 0.620056 0.620056 0.620056 0.620056
 0.136945 0.273889 0.273889 0.273889 0.273889
 0.227768 0.455536 0.455536 0.455536 0.455536
 0.22969 0.45938 0.45938 0.45938 0.45938
 0.374939 0.749879 0.749879 0.749879 0.749879
 0.673886 1.34777 1.34777 1.34777 1.34777
 0.584436 1.16887 1.16887 1.16887 1.16887
 0.26829 0.53658 0.53658 0.53658 0.53658
 0.232573 0.465145 0.465145 0.465145 0.465145
 0.184829 0.369658 0.369658 0.369658 0.369658
 0.205706 0.411411 0.411411 0.411411 0.411411
 0.184763 0.369526 0.369526 0.369526 0.369526
 0.0667896 0.133579 0.133579 0.133579 0.133579
 0.0870795 0.174159 0.174159 0.174159 0.174159
 0.130854 0.261707 0.261707 0.261707 0.261707
 0.230255 0.460511 0.460511 0.460511 0.460511
nmprior
 10 10 8 0
nm_flota  nm_reclas  nm_pelaces    nm_pelaL
inf 9.81152 8.3298 12.728
cv_recla  cv_pelaces  cv_mph
0.931348 1.28999 0.778404
 ------------------------------------------------
Talla a la edad & desviación 
 7.2 14.2025 17.0495 18.207 18.6776
 1.08 2.13037 2.55742 2.73105 2.80164
