years
 1997 1998 1999 2000 2001 2002 2003 2004 2005 2006 2007 2008 2009 2010 2011 2012 2013 2014 2015 2016 2017 2018 2019 2020
reclasobs
 0 0 0 370054 412103 1.49427e+06 250295 1.28982e+06 931140 785840 897777 1.04006e+06 184774 17550 25797 100020 73551 82996 120727 218422 84188 347160 605670 569463
reclaspred
 2.64432e+06 478750 1.20747e+06 640983 664691 819403 1.67796e+06 1.05388e+06 1.19708e+06 1.26402e+06 1.07137e+06 710633 457967 244855 169530 160095 182173 258432 282151 374167 578662 569822 949447 1.20791e+06
pelacesobs
 0 0 0 0 0 0 0 0 0 2.06254e+06 1.5e+06 0 1.87456e+06 323000 250000 174000 83755 137374 0 501740 490994 745055 786931 1.00524e+06
pelacespred
 1.50871e+06 567206 436531 473848 413137 402986 852819 722294 698630 760513 551592 380385 244556 109062 75129.9 79906.9 94801.6 133792 154520 197634 330705 341540 430875 649511
mphobs
 0 0 0 0 0 112323 0 153150 637223 0 255016 313432 73983 77613 109348 50772 0 0 0 0 0 0 0 0
mphpred
 1.9526e+06 971941 726829 730017 550970 710372 1.02968e+06 1.25384e+06 955595 1.14122e+06 1.13439e+06 732703 483835 298515 158806 136833 144946 196654 247441 276891 430968 530262 661405 896005
desembarqueobs
 350755 77701 442110 56441 14545 235359 269955 359681 431902 328805 639364 411747 362871 311530 167758 66681 60226 58785 57116 71774 51957 67425 138520 160799
desembarquepred
 350882 77719.7 442916 56469.4 14537.5 235637 270022 359435 431604 328796 640299 412125 363147 311633 167781 66724.9 60268.8 58772.2 57013.8 71614.6 51898.4 67419.9 138292 160612
Reclutas
 62117.5 56504.7 28030.1 35860.5 67294.2 59243.4 101561 62420.2 140327 130083 53777.5 51166.9 56891.6 30418.1 19567.5 17027.8 15921.2 18062 18126.6 35667.5 46232.3 57413.3 78553.5 141815
log_desv_Rt
 0.276783 0.182079 -0.518965 -0.272609 0.356829 0.229409 0.768413 0.281645 1.09173 1.01592 0.132611 0.0828486 0.188903 -0.437207 -0.878375 -1.01739 -1.08459 -0.958436 -0.954866 -0.278005 -0.0185664 0.198031 0.511535 1.10228
SSB
 1.9526e+06 971941 726829 730017 550970 710372 1.02968e+06 1.25384e+06 955595 1.14122e+06 1.13439e+06 732703 483835 298515 158806 136833 144946 196654 247441 276891 430968 530262 661405 896005
BT
 3.92387e+06 1.20321e+06 1.21932e+06 1.01172e+06 928596 984660 2.38029e+06 1.90516e+06 2.17529e+06 2.03965e+06 1.70877e+06 1.20396e+06 922770 527872 321454 230933 269937 351653 368955 517197 818313 753779 995526 1.61446e+06
Ftot
 0.129055 0.157615 0.351034 0.0859071 0.0214078 0.276888 0.156359 0.327343 0.346474 0.251237 0.561759 0.546599 0.736641 1.12954 0.905189 0.398148 0.318154 0.220059 0.195723 0.185663 0.0874804 0.115193 0.141568 0.129407
BD_Bspro_t
 0.98072 0.876326 0.784885 0.631636 0.69221 0.792836 0.737726 0.742727 0.657615 0.648651 0.617877 0.437692 0.346138 0.274663 0.180947 0.184727 0.252605 0.396089 0.514027 0.602842 0.722273 0.806127 0.814653 0.814025
BD_Bspro
 2.01509 1.00305 0.75009 0.75338 0.568603 0.733106 1.06263 1.29397 0.986177 1.17775 1.17069 0.756151 0.499319 0.308068 0.163888 0.141212 0.149585 0.202947 0.25536 0.285753 0.44476 0.547232 0.682572 0.92468
BD_Bo
 1.70652 0.849446 0.635226 0.638012 0.481531 0.620843 0.899905 1.09582 0.83516 0.997394 0.991421 0.640359 0.422857 0.260893 0.138791 0.119588 0.126679 0.171869 0.216256 0.241994 0.376653 0.463432 0.578047 0.78308
BD_Brms
 8.30869 4.13579 3.09279 3.10635 2.34448 3.02276 4.38146 5.33531 4.06623 4.85612 4.82704 3.11778 2.05881 1.27024 0.675748 0.582251 0.616773 0.836798 1.05291 1.17822 1.83385 2.25636 2.8144 3.81266
S_f
 0.5 1 1 1 1
 0.5 1 1 1 1
 0.5 1 1 1 1
 0.5 1 1 1 1
 0.5 1 1 1 1
 0.5 1 1 1 1
 0.5 1 1 1 1
 0.5 1 1 1 1
 0.5 1 1 1 1
 0.5 1 1 1 1
 0.5 1 1 1 1
 0.5 1 1 1 1
 0.5 1 1 1 1
 0.5 1 1 1 1
 0.5 1 1 1 1
 0.5 1 1 1 1
 0.5 1 1 1 1
 0.5 1 1 1 1
 0.5 1 1 1 1
 0.5 1 1 1 1
 0.5 1 1 1 1
 0.5 1 1 1 1
 0.5 1 1 1 1
 0.5 1 1 1 1
Scru_reclas
 0.5 1 1 1 1
 0.5 1 1 1 1
 0.5 1 1 1 1
 0.5 1 1 1 1
 0.5 1 1 1 1
 0.5 1 1 1 1
 0.5 1 1 1 1
 0.5 1 1 1 1
 0.5 1 1 1 1
 0.5 1 1 1 1
 0.5 1 1 1 1
 0.5 1 1 1 1
 0.5 1 1 1 1
 0.5 1 1 1 1
 0.5 1 1 1 1
 0.5 1 1 1 1
 0.5 1 1 1 1
 0.5 1 1 1 1
 0.5 1 1 1 1
 0.5 1 1 1 1
 0.5 1 1 1 1
 0.5 1 1 1 1
 0.5 1 1 1 1
 0.5 1 1 1 1
Scru_pelaces
 0.5 1 1 1 1
 0.5 1 1 1 1
 0.5 1 1 1 1
 0.5 1 1 1 1
 0.5 1 1 1 1
 0.5 1 1 1 1
 0.5 1 1 1 1
 0.5 1 1 1 1
 0.5 1 1 1 1
 0.5 1 1 1 1
 0.5 1 1 1 1
 0.5 1 1 1 1
 0.5 1 1 1 1
 0.5 1 1 1 1
 0.5 1 1 1 1
 0.5 1 1 1 1
 0.5 1 1 1 1
 0.5 1 1 1 1
 0.5 1 1 1 1
 0.5 1 1 1 1
 0.5 1 1 1 1
 0.5 1 1 1 1
 0.5 1 1 1 1
 0.5 1 1 1 1
pf_obs 
 0.256992 0.487395 0.22802 0.0275931 0
 0.321318 0.546541 0.124235 0.00734118 0.000564706
 0.182869 0.594174 0.210203 0.0122559 0.00049798
 0.330522 0.361315 0.267642 0.0388342 0.00168674
 0.649043 0.306663 0.0425973 0.00169635 0
 0.582887 0.30429 0.105238 0.00758474 0
 0.465427 0.430635 0.0974691 0.00646863 0
 0.296916 0.608066 0.0921331 0.00288517 0
 0.311714 0.524322 0.152257 0.0117073 0
 0.15457 0.633149 0.183074 0.0267441 0.00246327
 0.131901 0.49318 0.331252 0.0422183 0.00144891
 0.196976 0.569456 0.194076 0.0375587 0.00193317
 0.518974 0.381816 0.0799577 0.0180837 0.00116848
 0.0928022 0.601141 0.25162 0.0475244 0.00691264
 0.122501 0.610282 0.24278 0.0234846 0.000952079
 0.383417 0.481906 0.127806 0.00687128 0
 0.0376549 0.599619 0.316969 0.0457579 0
 0.0361596 0.667082 0.258105 0.0386534 0
 0.158088 0.579412 0.248529 0.0139706 0
 0.0477256 0.309471 0.559284 0.082774 0.000745712
 0.0406174 0.521527 0.379366 0.0568643 0.0016247
 0.151134 0.462217 0.34131 0.0453401 0
 0.294876 0.26143 0.354403 0.0886775 0.000613685
 0.281977 0.475581 0.204845 0.0348837 0.00271318
pf_pred 
 0.364779 0.31978 0.158798 0.0788567 0.0777869
 0.354637 0.350839 0.148268 0.0736275 0.0726287
 0.237309 0.407834 0.192911 0.0815259 0.0804199
 0.389533 0.249001 0.193287 0.0914273 0.0767517
 0.52894 0.26691 0.0832698 0.0646381 0.0562417
 0.39713 0.417897 0.104809 0.0326979 0.0474665
 0.546593 0.266555 0.129522 0.0324843 0.024846
 0.339222 0.473078 0.110347 0.0536191 0.0237334
 0.603261 0.210349 0.133444 0.0311265 0.0218194
 0.474399 0.405101 0.0638886 0.0405306 0.0160811
 0.258871 0.489037 0.194297 0.0306427 0.0271525
 0.390741 0.275391 0.220304 0.087528 0.0260359
 0.506011 0.296974 0.0890528 0.0712394 0.036723
 0.408872 0.424937 0.0999098 0.0299596 0.0363213
 0.473885 0.348837 0.127438 0.0299627 0.0198775
 0.513086 0.342672 0.0956388 0.0349389 0.0136644
 0.463446 0.377165 0.112172 0.0313069 0.0159101
 0.478823 0.341062 0.12661 0.0376549 0.0158502
 0.437759 0.37208 0.124443 0.046196 0.0195223
 0.585886 0.257637 0.103554 0.0346337 0.0182901
 0.522268 0.357792 0.0746192 0.0299922 0.0153283
 0.480832 0.35898 0.119972 0.0250206 0.0151964
 0.497058 0.330321 0.119359 0.0398899 0.0133719
 0.574532 0.286311 0.0913953 0.0330248 0.0147368
pobs_RECLAS
 0 0 0 0 0
 0 0 0 0 0
 0 0 0 0 0
 0 0 0 0 0
 0.835266 0.146461 0.0176864 0.000547809 3.91292e-05
 0.385257 0.428462 0.181853 0.0044286 0
 0.867414 0.0963971 0.0333333 0.00285562 0
 0.441836 0.489002 0.0689373 0.000224442 0
 0.779404 0.147425 0.0564933 0.0165055 0.000172143
 0.814271 0.122319 0.05973 0.00367925 0
 0.40263 0.566651 0.0304383 0.000280538 0
 0.475488 0.404961 0.113038 0.00651328 0
 0.955842 0.0263864 0.0167828 0.000988607 0
 0.975058 0.0227948 0.00214734 0 0
 0.738997 0.206755 0.0527124 0.00153531 0
 0.850938 0.134255 0.0134407 0.00136685 0
 0.542534 0.407297 0.0501686 0 0
 0.764087 0.199537 0.0359546 0.000420521 0
 0.470689 0.182191 0.310203 0.0369168 0
 0.84361 0.089868 0.0606195 0.00523954 0.000663233
 0.607945 0.314616 0.071237 0.00620181 0
 0.523733 0.453247 0.0230204 0 0
 0.530135 0.295979 0.169645 0.0042399 0
 0.562478 0.366248 0.0663022 0.0049721 0
ppred_RECLAS
 0.365762 0.319285 0.158552 0.0787347 0.0776665
 0.355854 0.350178 0.147988 0.0734886 0.0724917
 0.239829 0.406487 0.192274 0.0812565 0.0801541
 0.390178 0.248738 0.193083 0.0913308 0.0766707
 0.529098 0.266821 0.0832419 0.0646165 0.0562229
 0.399606 0.416181 0.104379 0.0325637 0.0472715
 0.547897 0.265788 0.129149 0.0323908 0.0247745
 0.342076 0.471035 0.109871 0.0533875 0.0236309
 0.606522 0.20862 0.132347 0.0308706 0.02164
 0.476689 0.403336 0.0636103 0.0403541 0.016011
 0.263833 0.485763 0.192996 0.0304375 0.0269707
 0.396653 0.272719 0.218166 0.0866787 0.0257832
 0.51537 0.291348 0.0873656 0.0698897 0.0360272
 0.425889 0.412704 0.0970336 0.0290972 0.0352757
 0.486462 0.340498 0.124391 0.0292464 0.0194023
 0.517156 0.339808 0.0948394 0.0346468 0.0135502
 0.466496 0.375021 0.111534 0.0311289 0.0158196
 0.480778 0.339783 0.126135 0.0375136 0.0157907
 0.439439 0.370968 0.124071 0.0460579 0.019464
 0.587442 0.256669 0.103164 0.0345036 0.0182213
 0.522958 0.357276 0.0745115 0.0299489 0.0153062
 0.481764 0.358335 0.119756 0.0249757 0.0151691
 0.498234 0.329549 0.119079 0.0397966 0.0133407
 0.575571 0.285612 0.091172 0.0329442 0.0147008
pobs_PELACES
 0 0 0 0 0
 0 0 0 0 0
 0 0 0 0 0
 0 0 0 0 0
 0 0 0 0 0
 0 0 0 0 0
 0 0 0 0 0
 0 0 0 0 0
 0 0 0 0 0
 0 0 0 0 0
 0.450072 0.473896 0.0757376 0.000293798 0
 0 0 0 0 0
 0.463077 0.371075 0.160297 0.00555027 0
 0.529543 0.364841 0.0842815 0.0213345 0
 0.631943 0.363953 0.00410389 0 0
 0.735681 0.248677 0.0153453 0.000297389 0
 0.695825 0.281241 0.0229344 0 0
 0.275771 0.60734 0.115278 0.00161068 0
 0 0 0 0 0
 0.896147 0.0623911 0.0374545 0.00400742 0
 0.803859 0.145111 0.0509908 3.86294e-05 0
 0.739449 0.233085 0.0266225 0.000797448 4.60066e-05
 0.878498 0.100942 0.0204185 0.000141795 0
 0.694673 0.275183 0.0284847 0.00165964 0
ppred_PELACES
 0.370716 0.316791 0.157314 0.0781197 0.0770599
 0.361837 0.346925 0.146613 0.072806 0.0718183
 0.250547 0.400755 0.189563 0.0801108 0.079024
 0.393556 0.24736 0.192013 0.0908249 0.076246
 0.529978 0.266322 0.0830863 0.0644957 0.0561178
 0.410615 0.408549 0.102465 0.0319665 0.0464047
 0.55428 0.262036 0.127326 0.0319336 0.0244248
 0.354333 0.462259 0.107824 0.0523929 0.0231906
 0.62008 0.201432 0.127787 0.0298069 0.0208944
 0.487038 0.395359 0.0623523 0.039556 0.0156944
 0.282225 0.473626 0.188174 0.0296771 0.0262968
 0.418425 0.262878 0.210294 0.0835508 0.0248528
 0.545634 0.273154 0.0819098 0.0655252 0.0337774
 0.471962 0.379584 0.0892466 0.0267621 0.0324448
 0.52378 0.315755 0.115352 0.0271211 0.0179924
 0.533536 0.32828 0.0916221 0.0334715 0.0130905
 0.479581 0.365823 0.108799 0.0303655 0.0154316
 0.489848 0.333848 0.123932 0.0368583 0.0155149
 0.447409 0.365694 0.122307 0.0454031 0.0191872
 0.594846 0.252062 0.101313 0.0338843 0.0178943
 0.526557 0.35458 0.0739493 0.0297229 0.0151907
 0.486511 0.355052 0.118659 0.0247469 0.0150302
 0.504074 0.325714 0.117694 0.0393334 0.0131854
 0.580779 0.282107 0.0900534 0.03254 0.0145204
pobs_pel_tallas
 0 0 0 0 0 0 0 0 0 0 0 0 0 0 0 0 0 0 0 0 0 0 0 0 0 0 0 0 0 0 0 0 0 0 0 0
 0 0 0 0 0 0 0 0 0 0 0 0 0 0 0 0 0 0 0 0 0 0 0 0 0 0 0 0 0 0 0 0 0 0 0 0
 0 0 0 0 0 0 0 0 0 0 0 0 0 0 0 0 0 0 0 0 0 0 0 0 0 0 0 0 0 0 0 0 0 0 0 0
 0 0 0 0 0 0 0 0 0 0 0 0 0 0 0 0 0 0 0 0 0 0 0 0 0 0 0 0 0 0 0 0 0 0 0 0
 0 0 0 0 0 0 0 0 0 0 0 0 0 0 0 0 0 0 0 0 0 0 0 0 0 0 0 0 0 0 0 0 0 0 0 0
 0 0 0 0 0 0 0 0 0 0 0 0 0 0 0 0 0 0 0 0 0 0 0 0 0 0 0 0 0 0 0 0 0 0 0 0
 0 0 0 0 0 0 0 0 0 0 0 0 0 0 0 0 0 0 0 0 0 0 0 0 0 0 0 0 0 0 0 0 0 0 0 0
 0 0 0 0 0 0 0 0 0 0 0 0 0 0 0 0 0 0 0 0 0 0 0 0 0 0 0 0 0 0 0 0 0 0 0 0
 0 0 0 0 0 0 0 0 0 0 0 0 0 0 0 0 0 0 0 0 0 0 0 0 0 0 0 0 0 0 0 0 0 0 0 0
 0 0 0 0 0 0 0 0 0 0 0 0 0 0 0 0 0 0 0 0 0 0 0 0 0 0 0 0 0 0 0 0 0 0 0 0
 0 0 0 0 0 0 0 0 1.78061e-05 0.00172719 0.00360574 0.0105946 0.0120993 0.0124554 0.0147524 0.0171206 0.0266825 0.0428682 0.0675386 0.121331 0.153587 0.119568 0.100827 0.0573624 0.0630603 0.0341343 0.0324427 0.0444173 0.0211091 0.0280891 0.0125444 0.00206551 0 0 0 0
 0 0 0 0 0 0 0 0 0 0 0 0 0 0 0 0 0 0 0 0 0 0 0 0 0 0 0 0 0 0 0 0 0 0 0 0
 0 0 0 0 0 0 0.0133647 0.0140871 0.0187388 0.0205184 0.03894 0.0496705 0.03968 0.0493445 0.0407372 0.0367815 0.0215668 0.0243155 0.0234873 0.0199281 0.019796 0.0243948 0.0301388 0.0376714 0.0412746 0.0863199 0.0771752 0.113111 0.0741005 0.0525337 0.0229764 0.00759418 0.00175318 0 0 0
 0 0 0 0 0 0 0 0 0 0 0.00219441 0.00772107 0.0458388 0.0604681 0.0671733 0.0775358 0.0609151 0.0617685 0.073594 0.0568108 0.0755445 0.0548602 0.0670107 0.0636378 0.0643287 0.046367 0.0373049 0.0286899 0.0247887 0.0153202 0.00654259 0.00121912 0.000365735 0 0 0
 0 0 0 0 0 0 0 0 0 0 0 0 0.000112435 0.00938835 0.0111873 0.0202946 0.0414886 0.0713402 0.111592 0.104902 0.108894 0.110636 0.117776 0.105296 0.107544 0.0401394 0.0192827 0.0124803 0.00416011 0.0028671 0.000618394 0 0 0 0 0
 0 0 0 0 0 0 0 0 0 0 0.00291406 0.0102884 0.027416 0.0768956 0.0749926 0.110853 0.0956884 0.0897413 0.0766577 0.0534642 0.0500743 0.0551293 0.0594112 0.0620874 0.0668451 0.0424026 0.0208742 0.0120726 0.0048766 0.00582813 0.00118941 0.000297354 0 0 0 0
 0 0.00264628 0.0354308 0.0461629 0.0458689 0.0383711 0.0214643 0.0164657 0.0346957 0.0420465 0.0363128 0.0245516 0.0311673 0.0291091 0.0169068 0.0133784 0.00837989 0.0085269 0.0148486 0.0160247 0.0276389 0.0546898 0.0760071 0.122758 0.109233 0.0665981 0.0333725 0.0166128 0.00676272 0.00308733 0.000882094 0 0 0 0 0
 0 0 0 0 0 0 0 0.000805153 0.000690131 0.00759144 0.0133425 0.0154129 0.00931677 0.000345066 0.00356568 0.00563607 0.00851162 0.0253048 0.0502646 0.0516448 0.0657925 0.0565908 0.0611916 0.0827007 0.0866115 0.110766 0.145733 0.0935128 0.0569358 0.0249597 0.0138026 0.00621118 0.00161031 0.00115022 0 0
 0 0 0 0 0 0 0 0 0 0 0 0 0 0 0 0 0 0 0 0 0 0 0 0 0 0 0 0 0 0 0 0 0 0 0 0
 0.00147267 0.00158595 0.00478618 0.00569244 0.00954404 0.0108468 0.00647125 0.017049 0.0510054 0.094081 0.124002 0.0959785 0.0687766 0.0820023 0.061753 0.0591476 0.0492212 0.0479892 0.0443925 0.0268479 0.0217502 0.0140895 0.0121071 0.0120363 0.00920419 0.00665534 0.0049561 0.00860946 0.00930331 0.0156896 0.0114698 0.00855282 0.00243557 0.00046729 0 2.83206e-05
 0 0 0 0 0.000772559 0.00158375 0.000888443 0.00281984 0.00712685 0.0440552 0.0773331 0.111326 0.0921469 0.0852325 0.0710754 0.0886704 0.0786465 0.0553345 0.0373146 0.0185414 0.00753245 0.00457741 0.012979 0.0271748 0.0457355 0.0583668 0.034881 0.0177882 0.00938659 0.00492506 0.0015258 0.00185414 0.000309023 5.79419e-05 3.86279e-05 0
 0 0.00173294 0.00326652 0 0.00397197 0.00683976 0.00946217 0.0152591 0.00757587 0.0136028 0.0228656 0.0392903 0.0559909 0.0764795 0.0681675 0.0726916 0.0566044 0.0477403 0.0527397 0.0444891 0.0609904 0.0582453 0.0661739 0.0445044 0.0529084 0.0360697 0.0280645 0.0235558 0.0158879 0.00826598 0.00280645 0.00217768 0.000904811 0.00058276 9.20147e-05 0
 0 0 0 0 0 0 0 0 0 0 0 0 0 0 0 0 0 0 0 0 0 0 0 0 0 0 0 0 0 0 0 0 0 0 0 0
 0 0 0 0 0 0 0 0 0 0 0 0 0 0 0 0 0 0 0 0 0 0 0 0 0 0 0 0 0 0 0 0 0 0 0 0
ppred_pel_tallas
 1.08622e-16 1.61906e-05 9.49847e-05 0.000451431 0.00173789 0.00541932 0.013689 0.0280116 0.0464398 0.0623904 0.0679538 0.0600845 0.0433258 0.0259233 0.0137782 0.00812111 0.00731419 0.00938409 0.0131029 0.0178611 0.0232619 0.0288864 0.0342533 0.0388816 0.0423837 0.0445409 0.045333 0.0449105 0.0435273 0.0414583 0.0389332 0.0361059 0.0330603 0.0298396 0.0264814 0.0230431
 1.08052e-16 1.58046e-05 9.27163e-05 0.00044064 0.00169634 0.00528972 0.0133617 0.0273421 0.045331 0.060904 0.0663434 0.058681 0.0423583 0.0254333 0.0136795 0.00831293 0.00774942 0.0100713 0.0140768 0.0191512 0.0248684 0.0307648 0.0363085 0.0409731 0.0443433 0.0461984 0.046544 0.0455807 0.0436251 0.0410156 0.0380342 0.0348684 0.031615 0.0283114 0.0249765 0.0216415
 1.09267e-16 1.09541e-05 6.42343e-05 0.000305222 0.00117492 0.00366371 0.00925461 0.018939 0.0314046 0.042209 0.0460201 0.0408033 0.0296675 0.0182425 0.010594 0.00764575 0.00838528 0.0115524 0.0163411 0.0222856 0.0289707 0.03588 0.0424012 0.0479227 0.0519568 0.0542372 0.0547567 0.053733 0.0515198 0.0485 0.0449977 0.0412344 0.0373328 0.0333511 0.0293278 0.0253144
 1.0949e-16 1.71838e-05 0.000100822 0.000479195 0.00184482 0.00575278 0.0145312 0.0297342 0.0492933 0.0662162 0.0721005 0.0637029 0.0458305 0.027213 0.0140843 0.00771464 0.00633232 0.00782267 0.0108896 0.0149328 0.0196214 0.0246385 0.0296172 0.0341767 0.037989 0.0408347 0.0426282 0.0434018 0.0432629 0.0423425 0.040756 0.0385889 0.0359068 0.0327773 0.0292915 0.0255735
 1.06105e-16 2.3133e-05 0.000135748 0.000645233 0.0024841 0.00774636 0.0195668 0.0400376 0.0663714 0.089149 0.0970488 0.0856921 0.0615336 0.0363004 0.0183464 0.00932981 0.00680295 0.00785496 0.0106867 0.0144579 0.0187249 0.0231029 0.0271797 0.0305561 0.0329245 0.0341316 0.0342018 0.0333098 0.0317174 0.0296969 0.0274689 0.0251722 0.0228669 0.0205614 0.0182468 0.0159251
 1.04855e-16 1.79341e-05 0.000105212 0.000500035 0.001925 0.00600279 0.0151629 0.0310279 0.0514419 0.0691144 0.0752876 0.0665931 0.0480713 0.0288659 0.0155268 0.00942912 0.00876519 0.0113413 0.0157664 0.0213049 0.0274268 0.0335566 0.039048 0.0432802 0.0457886 0.0463678 0.0451096 0.0423589 0.0386111 0.0343844 0.030112 0.0260823 0.0224328 0.0191853 0.0162971 0.0137091
 1.04132e-16 2.41927e-05 0.000141969 0.00067481 0.00259798 0.00810148 0.0204638 0.0418729 0.0694134 0.0932335 0.101492 0.0896062 0.0643251 0.0379088 0.0190886 0.00959198 0.00685244 0.00782095 0.010615 0.0143603 0.0186032 0.0229553 0.0269992 0.0303268 0.032616 0.033696 0.0335734 0.0324104 0.0304668 0.028027 0.0253395 0.0225835 0.0198663 0.0172417 0.0147368 0.0123732
 1.04566e-16 1.54821e-05 9.08122e-05 0.000431564 0.00166135 0.0051806 0.0130862 0.0267792 0.0444012 0.059665 0.0650208 0.0575754 0.0416996 0.0253158 0.0141186 0.00934495 0.00948445 0.0126795 0.017734 0.0239706 0.0308341 0.0376808 0.0437784 0.0484228 0.0510892 0.0515489 0.0499127 0.0465812 0.0421277 0.0371527 0.0321602 0.0274886 0.0233024 0.0196304 0.0164239 0.0136108
 1.03881e-16 2.70594e-05 0.000158805 0.000754862 0.00290622 0.00906273 0.0228918 0.0468402 0.0776449 0.104281 0.113496 0.100152 0.0717798 0.0420696 0.0207534 0.00972168 0.00606203 0.00633379 0.00842728 0.0114 0.0148252 0.0183906 0.0217738 0.0246568 0.0267809 0.0279952 0.0282787 0.0277256 0.0265046 0.0248082 0.0228095 0.02064 0.0183885 0.016114 0.0138632 0.0116822
 1.03107e-16 2.12659e-05 0.000124774 0.000593038 0.00228309 0.00711948 0.0179836 0.036799 0.0610071 0.0819568 0.0892537 0.0788911 0.0568282 0.0338824 0.017784 0.0101177 0.00869086 0.0108616 0.0149632 0.0201424 0.025834 0.0314616 0.0363925 0.0400275 0.0419286 0.0419197 0.0401222 0.03691 0.0328054 0.02835 0.0239942 0.0200351 0.0166085 0.013722 0.0113087 0.00927672
 1.05074e-16 1.23386e-05 7.23551e-05 0.000343814 0.00132348 0.00412697 0.0104248 0.021334 0.0353762 0.0475481 0.0518441 0.0459735 0.0334407 0.0205895 0.012002 0.00871904 0.00959614 0.0132016 0.0186032 0.0252381 0.032586 0.0400036 0.0467403 0.0520608 0.0553984 0.0564757 0.055353 0.0523842 0.0481056 0.0430966 0.0378592 0.0327512 0.0279757 0.0236141 0.0196769 0.0161487
 1.07103e-16 1.8269e-05 0.000107191 0.000509471 0.00196138 0.00611627 0.0154494 0.031613 0.0524078 0.0703997 0.076655 0.0677252 0.0487203 0.0289207 0.0149522 0.00816258 0.00666382 0.00820151 0.0113894 0.0155787 0.020405 0.0255173 0.0305119 0.0349726 0.0385442 0.0409956 0.0422487 0.042363 0.0414905 0.039818 0.0375208 0.0347412 0.031592 0.0281731 0.0245903 0.0209639
 1.05082e-16 2.38159e-05 0.000139757 0.000664291 0.00255747 0.00797517 0.0201448 0.0412202 0.0683317 0.0917818 0.0999143 0.0882207 0.0633458 0.0373623 0.0188694 0.00957226 0.00694817 0.00799677 0.0108616 0.0146728 0.0189689 0.0233491 0.0273854 0.0306649 0.0328717 0.033852 0.0336391 0.0324255 0.0304974 0.0281541 0.0256431 0.0231253 0.0206765 0.0183127 0.0160247 0.0138066
 1.03827e-16 2.06079e-05 0.000120913 0.000574682 0.00221242 0.00689911 0.0174269 0.0356599 0.0591187 0.0794199 0.086491 0.0764493 0.0550696 0.0328349 0.0172369 0.00981292 0.00844099 0.0105659 0.0145795 0.0196644 0.0252837 0.0308894 0.0358765 0.0396665 0.0418295 0.0421794 0.0408096 0.0380522 0.034381 0.0302919 0.0262006 0.0223852 0.0189798 0.0160053 0.0134176 0.0111532
 1.03513e-16 2.28649e-05 0.000134169 0.000637717 0.00245514 0.00765604 0.0193388 0.0395713 0.0655999 0.0881175 0.0959383 0.0847409 0.0609146 0.0360638 0.0184643 0.00977687 0.0076035 0.00908003 0.0124242 0.0167765 0.0216409 0.0265533 0.0310081 0.0345166 0.0367047 0.0373921 0.0366242 0.0346416 0.031805 0.0285012 0.0250629 0.0217238 0.0186124 0.0157754 0.0132127 0.0109086
 1.0317e-16 2.32908e-05 0.000136668 0.000649596 0.00250087 0.00779865 0.019699 0.0403084 0.0668221 0.0897594 0.0977268 0.0863226 0.0620558 0.0367478 0.0188289 0.00999146 0.00779181 0.00930965 0.0127237 0.0171497 0.02207 0.026999 0.0314102 0.0347996 0.0367883 0.0372057 0.0361207 0.033808 0.0306664 0.0271176 0.0235192 0.0201158 0.0170331 0.0143031 0.0119033 0.00979367
 1.03429e-16 2.09397e-05 0.000122861 0.000583949 0.00224811 0.00701039 0.017708 0.036235 0.0600714 0.0806982 0.0878787 0.0776655 0.0559233 0.0332992 0.0173992 0.00977817 0.00827314 0.0102842 0.0141797 0.0191399 0.0246395 0.0301489 0.0350827 0.0388779 0.0411101 0.0415861 0.04038 0.0377953 0.0342754 0.0302904 0.026241 0.0224034 0.0189224 0.0158384 0.0131309 0.0107577
 1.0386e-16 2.13861e-05 0.000125485 0.000596429 0.00229616 0.00716027 0.0180865 0.0370092 0.0613539 0.0824176 0.0897423 0.0792913 0.0570477 0.0338762 0.017532 0.00958752 0.00781925 0.00956362 0.0131584 0.0177886 0.0229592 0.0281879 0.0329421 0.0367052 0.0390805 0.0398751 0.0391332 0.037104 0.0341634 0.0307151 0.0271064 0.0235816 0.0202759 0.0172403 0.0144782 0.0119779
 1.04312e-16 1.95368e-05 0.000114625 0.000544795 0.00209735 0.00654027 0.0165205 0.0338053 0.0560442 0.0752907 0.0819968 0.0724832 0.0522266 0.0311681 0.0164149 0.00943148 0.00821499 0.0103532 0.0143314 0.0193833 0.0250048 0.0306763 0.035817 0.0398644 0.0423892 0.0431872 0.0423149 0.0400538 0.0368222 0.0330657 0.0291645 0.0253817 0.0218575 0.0186374 0.0157147 0.0130674
 1.03521e-16 2.59611e-05 0.000152352 0.000724175 0.00278805 0.00869422 0.021961 0.0449362 0.0744904 0.10005 0.108904 0.096131 0.0689673 0.0405602 0.0202665 0.00992334 0.00675861 0.00748443 0.0100718 0.0135856 0.0175567 0.0216011 0.0253152 0.0283087 0.0302795 0.0310757 0.0307208 0.0293901 0.0273527 0.0248985 0.022277 0.0196635 0.0171563 0.0147955 0.0125907 0.010544
 1.02897e-16 2.29875e-05 0.000134885 0.000641115 0.00246821 0.00769679 0.0194417 0.0397823 0.0659506 0.0885914 0.0964618 0.0852213 0.0612988 0.0363691 0.0187624 0.0101603 0.0081615 0.00988902 0.0135411 0.0182268 0.0234026 0.0285439 0.0330812 0.0364736 0.0383217 0.0384574 0.0369773 0.0342034 0.0305923 0.0266208 0.0226895 0.0190671 0.0158831 0.0131563 0.0108405 0.00886684
 1.03353e-16 2.12414e-05 0.000124634 0.000592379 0.00228056 0.00711161 0.0179636 0.036758 0.060938 0.081861 0.0891414 0.0787728 0.0567017 0.0337249 0.0175526 0.00975566 0.00813379 0.0100458 0.0138375 0.0186854 0.0240721 0.0294826 0.0343478 0.0381185 0.0403781 0.040932 0.0398433 0.0373979 0.0340182 0.030155 0.0261959 0.0224115 0.0189487 0.0158556 0.0131224 0.0107177
 1.03745e-16 2.2006e-05 0.000129126 0.000613739 0.00236282 0.00736812 0.0186115 0.0380834 0.063134 0.0848072 0.0923397 0.0815754 0.0586677 0.0347911 0.0179189 0.00966018 0.00771807 0.00934468 0.0128274 0.017333 0.0223666 0.0274545 0.0320768 0.0357301 0.0380283 0.0387846 0.0380438 0.036051 0.0331743 0.0298085 0.0262927 0.0228646 0.0196548 0.0167112 0.0140355 0.0116146
 1.03167e-16 2.53489e-05 0.000148755 0.00070707 0.00272218 0.00848879 0.0214422 0.0438748 0.072732 0.0976911 0.106344 0.0938915 0.067403 0.0397256 0.0200073 0.0100564 0.00717976 0.00817527 0.0110589 0.0148986 0.0191995 0.0235349 0.0274515 0.0305151 0.032396 0.0329399 0.0321948 0.030383 0.027833 0.0248938 0.0218625 0.0189441 0.0162466 0.0138027 0.0116034 0.00962638
pSPR Fmed_Fpbrs
0.64549   0.255389 0.255389
Fs Fmed_Fpbrs
0.233648   1.005 1.005
SSBpbr Bo_Bmed_Bpbrs
1.14421e+06  681363  235008 235008
Ro
47098.7
SPR SPRFo_SPRFmed_SPRFpbrs
968989 625473 247469
log_Ro
10.58
likeval ReclasPelacesDesembMPH_pf_preclas_ppelaces_ptallas_desvR_qrecl_qpela
 135.59 64.3127 0.122956 0.000869939 313.058 183.337 85.3786 0 14.1462 0 0 0 0 0 0
q_reclas_q_pelaces
1 1
M
0.7
N
 62117.5 28001.1 13904.9 6904.99 6811.32
 56504.7 28919 12221.4 6068.98 5986.65
 28030.1 25933 12266.7 5183.99 5113.66
 35860.5 11678.6 9065.55 4288.13 3599.81
 67294.2 17059.1 5322.03 4131.23 3594.58
 59243.4 33061.5 8291.86 2586.87 3755.26
 101561 25615.8 12447 3121.73 2387.69
 62420.2 46640.9 10879.2 5286.32 2339.88
 140327 26317.1 16695.4 3894.28 2729.85
 130083 58600.2 9241.86 5862.99 2326.22
 53777.5 56971.5 22635.1 3569.79 3163.19
 51166.9 20165.6 16131.8 6409.25 1906.48
 56891.6 19332.6 5797.21 4637.58 2390.61
 30418.1 19547.1 4595.85 1378.14 1670.78
 19567.5 8587.17 3137.07 737.578 489.315
 17027.8 6179.73 1724.75 630.086 246.423
 15921.2 6929.42 2060.87 575.183 292.306
 18062 6743.48 2503.33 744.512 313.39
 18126.6 8034.77 2687.25 997.565 421.569
 35667.5 8162.23 3280.7 1097.24 579.45
 46232.3 16141.7 3366.44 1353.09 691.533
 57413.3 21975.7 7344.33 1531.69 930.284
 78553.5 26914.9 9725.44 3250.26 1089.56
 141815 36342.8 11601.2 4192 1870.61
pred_Ctot
 2802 2456.34 1219.78 605.727 597.509
 3093.56 3060.43 1293.36 642.265 633.552
 3278.02 5633.54 2664.74 1126.14 1110.86
 1087 694.838 539.368 255.128 214.176
 515.577 260.167 81.166 63.0051 54.8208
 5552.58 5842.94 1465.41 457.175 663.665
 5517.51 2690.7 1307.44 327.908 250.805
 6841.79 9541.55 2225.61 1081.45 478.681
 16213.4 5653.38 3586.48 836.561 586.421
 11123.9 9498.97 1498.09 950.379 377.075
 9624.94 18182.6 7224.04 1139.31 1009.54
 8938.97 6300.12 5039.89 2002.38 595.622
 12875.1 7556.32 2265.89 1812.64 934.391
 9748.36 10131.4 2382.05 714.3 865.974
 5257.03 3869.82 1413.73 332.39 220.51
 2236.01 1493.35 416.79 152.262 59.5489
 1699.46 1383.07 411.337 114.803 58.3424
 1362.04 970.168 360.148 107.111 45.0866
 1222.17 1038.81 347.431 128.974 54.5041
 2286.24 1005.35 404.086 135.147 71.3714
 1426.56 977.297 203.82 81.9226 41.8686
 2318.64 1731.05 578.521 120.653 73.2795
 3876.37 2576.05 930.832 311.086 104.283
 6413.97 3196.32 1020.32 368.683 164.519
F
 0.0645273 0.129055 0.129055 0.129055 0.129055
 0.0788077 0.157615 0.157615 0.157615 0.157615
 0.175517 0.351034 0.351034 0.351034 0.351034
 0.0429535 0.0859071 0.0859071 0.0859071 0.0859071
 0.0107039 0.0214078 0.0214078 0.0214078 0.0214078
 0.138444 0.276888 0.276888 0.276888 0.276888
 0.0781796 0.156359 0.156359 0.156359 0.156359
 0.163672 0.327343 0.327343 0.327343 0.327343
 0.173237 0.346474 0.346474 0.346474 0.346474
 0.125619 0.251237 0.251237 0.251237 0.251237
 0.280879 0.561759 0.561759 0.561759 0.561759
 0.273299 0.546599 0.546599 0.546599 0.546599
 0.36832 0.736641 0.736641 0.736641 0.736641
 0.564768 1.12954 1.12954 1.12954 1.12954
 0.452594 0.905189 0.905189 0.905189 0.905189
 0.199074 0.398148 0.398148 0.398148 0.398148
 0.159077 0.318154 0.318154 0.318154 0.318154
 0.11003 0.220059 0.220059 0.220059 0.220059
 0.0978615 0.195723 0.195723 0.195723 0.195723
 0.0928314 0.185663 0.185663 0.185663 0.185663
 0.0437402 0.0874804 0.0874804 0.0874804 0.0874804
 0.0575963 0.115193 0.115193 0.115193 0.115193
 0.0707839 0.141568 0.141568 0.141568 0.141568
 0.0647036 0.129407 0.129407 0.129407 0.129407
nmprior
 10 10 8 0
nm_flota  nm_reclas  nm_pelaces    nm_pelaL
inf 12.6572 11.9722 19.6702
cv_recla  cv_pelaces  cv_mph
1.07805 0.943655 0.956935
 ------------------------------------------------
Talla a la edad & desviación 
 7.2 14.2025 17.0495 18.207 18.6776
 1.08 2.13037 2.55742 2.73105 2.80164
