years
 1997 1998 1999 2000 2001 2002 2003 2004 2005 2006 2007 2008 2009 2010 2011 2012 2013 2014 2015 2016 2017 2018 2019 2020
reclasobs
 0 0 0 370054 412103 1.49427e+06 250295 1.28982e+06 931140 785840 897777 1.04006e+06 184774 17550 25797 100020 73551 82996 120727 218422 84188 347160 605670 569463
reclaspred
 2.40178e+06 299397 387233 106208 235694 241658 482739 457377 559834 1.06559e+06 984041 624999 379531 164304 98848.5 93626.8 103787 120633 98890.7 169785 313109 290757 425889 296056
pelacesobs
 0 0 0 0 0 0 0 0 0 2.06254e+06 1.5e+06 0 1.87456e+06 323000 250000 174000 83755 137374 0 501740 490994 745055 786931 1.00524e+06
pelacespred
 1.3484e+06 526871 147464 96577.2 204644 134797 433921 396552 478713 954830 703798 440061 302843 101766 64198.6 64140.2 73354.5 85894.9 68132.9 128239 259379 224410 255636 201739
mphobs
 0 0 0 0 0 112323 0 153150 637223 0 255016 313432 73983 77613 109348 50772 0 0 0 0 0 0 0 0
mphpred
 917146 395355 163307 74696.3 43490.7 128235 127281 171493 205139 270571 516374 351786 185313 109179 45873.2 36724.3 40227.1 47619 48408.9 44187.3 100396 135221 155577 164415
desembarqueobs
 350755 77701 442110 56441 14545 235359 269955 359681 431902 328805 639364 411747 362871 311530 167758 66681 60226 58785 57116 71774 51957 67425 138520 160799
desembarquepred
 350745 77684.4 441627 56420.2 14543.6 235181 269835 359082 431442 328544 638620 411356 362221 310990 167400 66628 60200.6 58741 57065.3 71699.1 51943 67385 138428 160697
Reclutas
 3948.73 5987.98 852.782 4643.74 56301 12764.8 50419.3 78653.8 81312.4 224175 48804.4 19900.7 56211.1 22139 14888.2 14480.4 9810.21 9105.38 6567.53 28408.1 31727 33463.3 37919.6 6947
log_desv_Rt
 -1.57885 -1.16249 -3.1115 -1.41672 1.07847 -0.405553 0.968129 1.41281 1.44605 2.46018 0.935576 0.0385127 1.07687 0.145095 -0.251679 -0.279446 -0.668821 -0.74338 -1.07011 0.39443 0.504924 0.558206 0.683225 -1.01394
SSB
 2.21773e+06 955999 394889 180621 105164 310081 307775 414683 496043 654262 1.24863e+06 850645 448100 264003 110925 88802.1 97272.2 115146 117056 106848 242765 326974 376196 397569
BT
 2.63256e+06 1.11414e+06 515478 240855 379147 424320 978874 1.08881e+06 1.24671e+06 2.01249e+06 1.81244e+06 1.1556e+06 902502 477166 253061 169470 180958 201448 172387 289312 505339 466091 556701 505672
Ftot
 0.133484 0.207929 0.849592 0.458983 0.1539 1.00284 0.914461 1.54721 1.30932 0.684019 0.701831 0.580268 1.16269 2.07685 2.29716 0.996824 0.77901 0.596576 0.621729 0.790337 0.245416 0.269494 0.354315 0.500053
BD_Bspro_t
 0.982519 0.869814 0.65371 0.31576 0.362802 0.681175 0.48394 0.50473 0.49788 0.518259 0.63724 0.467168 0.322269 0.251289 0.141755 0.141622 0.2017 0.299708 0.355993 0.39293 0.619464 0.73564 0.727721 0.670546
BD_Bspro
 5.6293 2.42663 1.00235 0.458474 0.266939 0.787085 0.781232 1.0526 1.25911 1.66072 3.16943 2.15921 1.13742 0.670124 0.281563 0.225408 0.246908 0.292278 0.297126 0.271215 0.616214 0.829963 0.954905 1.00916
BD_Bo
 2.26834 0.977817 0.403901 0.184743 0.107564 0.317158 0.3148 0.424147 0.507363 0.669194 1.27713 0.870059 0.458327 0.270028 0.113456 0.0908287 0.0994922 0.117774 0.119728 0.109287 0.248305 0.334436 0.384782 0.406642
BD_Brms
 6.45595 2.78297 1.14955 0.5258 0.306139 0.902666 0.895954 1.20717 1.44401 1.9046 3.63485 2.47628 1.30445 0.76853 0.322909 0.258508 0.283166 0.335198 0.340759 0.311042 0.706703 0.951841 1.09513 1.15735
S_f
 0.114884 0.72488 0.981646 0.99908 0.999955
 0.114884 0.72488 0.981646 0.99908 0.999955
 0.114884 0.72488 0.981646 0.99908 0.999955
 0.114884 0.72488 0.981646 0.99908 0.999955
 0.114884 0.72488 0.981646 0.99908 0.999955
 0.114884 0.72488 0.981646 0.99908 0.999955
 0.114884 0.72488 0.981646 0.99908 0.999955
 0.114884 0.72488 0.981646 0.99908 0.999955
 0.114884 0.72488 0.981646 0.99908 0.999955
 0.114884 0.72488 0.981646 0.99908 0.999955
 0.114884 0.72488 0.981646 0.99908 0.999955
 0.114884 0.72488 0.981646 0.99908 0.999955
 0.114884 0.72488 0.981646 0.99908 0.999955
 0.114884 0.72488 0.981646 0.99908 0.999955
 0.114884 0.72488 0.981646 0.99908 0.999955
 0.114884 0.72488 0.981646 0.99908 0.999955
 0.114884 0.72488 0.981646 0.99908 0.999955
 0.114884 0.72488 0.981646 0.99908 0.999955
 0.114884 0.72488 0.981646 0.99908 0.999955
 0.114884 0.72488 0.981646 0.99908 0.999955
 0.114884 0.72488 0.981646 0.99908 0.999955
 0.114884 0.72488 0.981646 0.99908 0.999955
 0.114884 0.72488 0.981646 0.99908 0.999955
 0.114884 0.72488 0.981646 0.99908 0.999955
Scru_reclas
 0.740523 0.934907 0.986354 0.997259 0.999454
 0.740523 0.934907 0.986354 0.997259 0.999454
 0.740523 0.934907 0.986354 0.997259 0.999454
 0.740523 0.934907 0.986354 0.997259 0.999454
 0.740523 0.934907 0.986354 0.997259 0.999454
 0.740523 0.934907 0.986354 0.997259 0.999454
 0.740523 0.934907 0.986354 0.997259 0.999454
 0.740523 0.934907 0.986354 0.997259 0.999454
 0.740523 0.934907 0.986354 0.997259 0.999454
 0.740523 0.934907 0.986354 0.997259 0.999454
 0.740523 0.934907 0.986354 0.997259 0.999454
 0.740523 0.934907 0.986354 0.997259 0.999454
 0.740523 0.934907 0.986354 0.997259 0.999454
 0.740523 0.934907 0.986354 0.997259 0.999454
 0.740523 0.934907 0.986354 0.997259 0.999454
 0.740523 0.934907 0.986354 0.997259 0.999454
 0.740523 0.934907 0.986354 0.997259 0.999454
 0.740523 0.934907 0.986354 0.997259 0.999454
 0.740523 0.934907 0.986354 0.997259 0.999454
 0.740523 0.934907 0.986354 0.997259 0.999454
 0.740523 0.934907 0.986354 0.997259 0.999454
 0.740523 0.934907 0.986354 0.997259 0.999454
 0.740523 0.934907 0.986354 0.997259 0.999454
 0.740523 0.934907 0.986354 0.997259 0.999454
Scru_pelaces
 1 1 1 1 1
 1 1 1 1 1
 1 1 1 1 1
 1 1 1 1 1
 1 1 1 1 1
 1 1 1 1 1
 1 1 1 1 1
 1 1 1 1 1
 1 1 1 1 1
 1 1 1 1 1
 1 1 1 1 1
 1 1 1 1 1
 1 1 1 1 1
 1 1 1 1 1
 1 1 1 1 1
 1 1 1 1 1
 1 1 1 1 1
 1 1 1 1 1
 1 1 1 1 1
 1 1 1 1 1
 1 1 1 1 1
 1 1 1 1 1
 1 1 1 1 1
 1 1 1 1 1
pf_obs 
 0.256992 0.487395 0.22802 0.0275931 0
 0.321318 0.546541 0.124235 0.00734118 0.000564706
 0.182869 0.594174 0.210203 0.0122559 0.00049798
 0.330522 0.361315 0.267642 0.0388342 0.00168674
 0.649043 0.306663 0.0425973 0.00169635 0
 0.582887 0.30429 0.105238 0.00758474 0
 0.465427 0.430635 0.0974691 0.00646863 0
 0.296916 0.608066 0.0921331 0.00288517 0
 0.311714 0.524322 0.152257 0.0117073 0
 0.15457 0.633149 0.183074 0.0267441 0.00246327
 0.131901 0.49318 0.331252 0.0422183 0.00144891
 0.196976 0.569456 0.194076 0.0375587 0.00193317
 0.518974 0.381816 0.0799577 0.0180837 0.00116848
 0.0928022 0.601141 0.25162 0.0475244 0.00691264
 0.122501 0.610282 0.24278 0.0234846 0.000952079
 0.383417 0.481906 0.127806 0.00687128 0
 0.0376549 0.599619 0.316969 0.0457579 0
 0.0361596 0.667082 0.258105 0.0386534 0
 0.158088 0.579412 0.248529 0.0139706 0
 0.0477256 0.309471 0.559284 0.082774 0.000745712
 0.0406174 0.521527 0.379366 0.0568643 0.0016247
 0.151134 0.462217 0.34131 0.0453401 0
 0.294876 0.26143 0.354403 0.0886775 0.000613685
 0.281977 0.475581 0.204845 0.0348837 0.00271318
pf_pred 
 0.00642324 0.654661 0.300454 0.0384604 1.69766e-06
 0.0174809 0.0336602 0.687469 0.232199 0.0291905
 0.00670625 0.116266 0.041123 0.608821 0.227084
 0.117472 0.0544059 0.142331 0.0329778 0.652813
 0.685029 0.161194 0.0134157 0.0245791 0.115782
 0.0809757 0.856297 0.0372404 0.00226312 0.0232237
 0.414664 0.233019 0.336808 0.00931752 0.00619186
 0.410341 0.512939 0.03889 0.0362091 0.00162175
 0.321191 0.5927 0.0794063 0.00345684 0.00324597
 0.493845 0.405407 0.0926583 0.0074795 0.000611027
 0.0724984 0.806341 0.103835 0.0159645 0.00136042
 0.0529728 0.323349 0.566721 0.0489821 0.00797468
 0.285164 0.222296 0.212861 0.254675 0.0250045
 0.159509 0.690589 0.0640637 0.0377406 0.0480982
 0.247085 0.541337 0.190777 0.00911463 0.0116866
 0.299834 0.578592 0.10196 0.0177667 0.00184807
 0.184823 0.625581 0.167296 0.0187868 0.00351385
 0.188969 0.500278 0.258923 0.0458695 0.00596027
 0.151931 0.525305 0.226899 0.0801844 0.0156802
 0.504572 0.278518 0.153349 0.0449967 0.0185646
 0.269043 0.645953 0.0562096 0.0205095 0.00828499
 0.198286 0.53333 0.245196 0.0154345 0.00775329
 0.195043 0.47645 0.241219 0.079883 0.00740542
 0.0402292 0.58023 0.255226 0.0917804 0.0325343
pobs_RECLAS
 0 0 0 0 0
 0 0 0 0 0
 0 0 0 0 0
 0 0 0 0 0
 0.835266 0.146461 0.0176864 0.000547809 3.91292e-05
 0.385257 0.428462 0.181853 0.0044286 0
 0.867414 0.0963971 0.0333333 0.00285562 0
 0.441836 0.489002 0.0689373 0.000224442 0
 0.779404 0.147425 0.0564933 0.0165055 0.000172143
 0.814271 0.122319 0.05973 0.00367925 0
 0.40263 0.566651 0.0304383 0.000280538 0
 0.475488 0.404961 0.113038 0.00651328 0
 0.955842 0.0263864 0.0167828 0.000988607 0
 0.975058 0.0227948 0.00214734 0 0
 0.738997 0.206755 0.0527124 0.00153531 0
 0.850938 0.134255 0.0134407 0.00136685 0
 0.542534 0.407297 0.0501686 0 0
 0.764087 0.199537 0.0359546 0.000420521 0
 0.470689 0.182191 0.310203 0.0369168 0
 0.84361 0.089868 0.0606195 0.00523954 0.000663233
 0.607945 0.314616 0.071237 0.00620181 0
 0.523733 0.453247 0.0230204 0 0
 0.530135 0.295979 0.169645 0.0042399 0
 0.562478 0.366248 0.0663022 0.0049721 0
ppred_RECLAS
 0.0339581 0.689003 0.245787 0.0312504 1.38123e-06
 0.102814 0.0392874 0.622717 0.208887 0.0262943
 0.0431372 0.14309 0.0384529 0.564506 0.210814
 0.464971 0.0422118 0.085133 0.0195804 0.388104
 0.924798 0.0432849 0.002799 0.00509334 0.0240242
 0.321433 0.643136 0.0211022 0.00127094 0.0130579
 0.813293 0.0870412 0.0953127 0.00261403 0.00173924
 0.799829 0.180522 0.0100149 0.0092202 0.000413408
 0.726094 0.24726 0.024591 0.00105969 0.000996191
 0.841061 0.133564 0.0233516 0.00187007 0.000152965
 0.294491 0.632895 0.0623007 0.00950242 0.000810768
 0.253351 0.301063 0.405168 0.0347519 0.00566509
 0.721569 0.105097 0.0753129 0.0892489 0.00877293
 0.540109 0.399266 0.0261097 0.0151672 0.019348
 0.683533 0.249115 0.0608186 0.0028615 0.00367221
 0.702678 0.256678 0.0341354 0.00589519 0.000613952
 0.555281 0.361342 0.0736396 0.00820182 0.00153596
 0.568174 0.292547 0.116195 0.0204267 0.0026576
 0.503263 0.337906 0.111907 0.0392412 0.00768338
 0.855577 0.0907266 0.0380496 0.011073 0.00457414
 0.65613 0.312095 0.0210584 0.00763057 0.00308646
 0.574797 0.305954 0.109007 0.00681398 0.00342737
 0.575486 0.277067 0.10847 0.0356657 0.00331063
 0.190907 0.538515 0.182377 0.0650963 0.0231049
pobs_PELACES
 0 0 0 0 0
 0 0 0 0 0
 0 0 0 0 0
 0 0 0 0 0
 0 0 0 0 0
 0 0 0 0 0
 0 0 0 0 0
 0 0 0 0 0
 0 0 0 0 0
 0 0 0 0 0
 0.450072 0.473896 0.0757376 0.000293798 0
 0 0 0 0 0
 0.463077 0.371075 0.160297 0.00555027 0
 0.529543 0.364841 0.0842815 0.0213345 0
 0.631943 0.363953 0.00410389 0 0
 0.735681 0.248677 0.0153453 0.000297389 0
 0.695825 0.281241 0.0229344 0 0
 0.275771 0.60734 0.115278 0.00161068 0
 0 0 0 0 0
 0.896147 0.0623911 0.0374545 0.00400742 0
 0.803859 0.145111 0.0509908 3.86294e-05 0
 0.739449 0.233085 0.0266225 0.000797448 4.60066e-05
 0.878498 0.100942 0.0204185 0.000141795 0
 0.694673 0.275183 0.0284847 0.00165964 0
ppred_PELACES
 0.0443796 0.694324 0.232126 0.0291684 1.28632e-06
 0.139411 0.0404657 0.597323 0.19794 0.0248602
 0.0706799 0.156512 0.0370972 0.536022 0.199688
 0.570024 0.037372 0.0687155 0.0155904 0.308298
 0.943015 0.0338941 0.00205051 0.00368725 0.017353
 0.424309 0.549534 0.0156983 0.000929757 0.00952877
 0.876198 0.0617882 0.0593493 0.00160146 0.00106291
 0.875148 0.114584 0.00528494 0.00476971 0.000213295
 0.815558 0.169014 0.0142593 0.000603194 0.000565587
 0.886361 0.0971502 0.0151927 0.00119865 9.78104e-05
 0.380355 0.562164 0.0494234 0.00742584 0.00063207
 0.338467 0.283461 0.344233 0.0291052 0.00473338
 0.82013 0.0748718 0.0460839 0.053654 0.0052607
 0.698641 0.269302 0.0139988 0.00794746 0.0101099
 0.819639 0.149008 0.0283823 0.00130344 0.00166794
 0.787838 0.186506 0.0216054 0.00366936 0.000381195
 0.653306 0.287865 0.0520536 0.00570859 0.00106646
 0.659423 0.238503 0.0853624 0.0147915 0.00191988
 0.599975 0.281547 0.0838435 0.0289751 0.00565982
 0.901674 0.0645954 0.0240143 0.00688075 0.00283547
 0.718212 0.257552 0.0161328 0.00577366 0.00233007
 0.647926 0.258749 0.0854071 0.00527221 0.00264584
 0.654318 0.232346 0.0836674 0.0271542 0.00251476
 0.253916 0.513003 0.157843 0.0555633 0.0196752
pobs_pel_tallas
 0 0 0 0 0 0 0 0 0 0 0 0 0 0 0 0 0 0 0 0 0 0 0 0 0 0 0 0 0 0 0 0 0 0 0 0
 0 0 0 0 0 0 0 0 0 0 0 0 0 0 0 0 0 0 0 0 0 0 0 0 0 0 0 0 0 0 0 0 0 0 0 0
 0 0 0 0 0 0 0 0 0 0 0 0 0 0 0 0 0 0 0 0 0 0 0 0 0 0 0 0 0 0 0 0 0 0 0 0
 0 0 0 0 0 0 0 0 0 0 0 0 0 0 0 0 0 0 0 0 0 0 0 0 0 0 0 0 0 0 0 0 0 0 0 0
 0 0 0 0 0 0 0 0 0 0 0 0 0 0 0 0 0 0 0 0 0 0 0 0 0 0 0 0 0 0 0 0 0 0 0 0
 0 0 0 0 0 0 0 0 0 0 0 0 0 0 0 0 0 0 0 0 0 0 0 0 0 0 0 0 0 0 0 0 0 0 0 0
 0 0 0 0 0 0 0 0 0 0 0 0 0 0 0 0 0 0 0 0 0 0 0 0 0 0 0 0 0 0 0 0 0 0 0 0
 0 0 0 0 0 0 0 0 0 0 0 0 0 0 0 0 0 0 0 0 0 0 0 0 0 0 0 0 0 0 0 0 0 0 0 0
 0 0 0 0 0 0 0 0 0 0 0 0 0 0 0 0 0 0 0 0 0 0 0 0 0 0 0 0 0 0 0 0 0 0 0 0
 0 0 0 0 0 0 0 0 0 0 0 0 0 0 0 0 0 0 0 0 0 0 0 0 0 0 0 0 0 0 0 0 0 0 0 0
 0 0 0 0 0 0 0 0 1.78061e-05 0.00172719 0.00360574 0.0105946 0.0120993 0.0124554 0.0147524 0.0171206 0.0266825 0.0428682 0.0675386 0.121331 0.153587 0.119568 0.100827 0.0573624 0.0630603 0.0341343 0.0324427 0.0444173 0.0211091 0.0280891 0.0125444 0.00206551 0 0 0 0
 0 0 0 0 0 0 0 0 0 0 0 0 0 0 0 0 0 0 0 0 0 0 0 0 0 0 0 0 0 0 0 0 0 0 0 0
 0 0 0 0 0 0 0.0133647 0.0140871 0.0187388 0.0205184 0.03894 0.0496705 0.03968 0.0493445 0.0407372 0.0367815 0.0215668 0.0243155 0.0234873 0.0199281 0.019796 0.0243948 0.0301388 0.0376714 0.0412746 0.0863199 0.0771752 0.113111 0.0741005 0.0525337 0.0229764 0.00759418 0.00175318 0 0 0
 0 0 0 0 0 0 0 0 0 0 0.00219441 0.00772107 0.0458388 0.0604681 0.0671733 0.0775358 0.0609151 0.0617685 0.073594 0.0568108 0.0755445 0.0548602 0.0670107 0.0636378 0.0643287 0.046367 0.0373049 0.0286899 0.0247887 0.0153202 0.00654259 0.00121912 0.000365735 0 0 0
 0 0 0 0 0 0 0 0 0 0 0 0 0.000112435 0.00938835 0.0111873 0.0202946 0.0414886 0.0713402 0.111592 0.104902 0.108894 0.110636 0.117776 0.105296 0.107544 0.0401394 0.0192827 0.0124803 0.00416011 0.0028671 0.000618394 0 0 0 0 0
 0 0 0 0 0 0 0 0 0 0 0.00291406 0.0102884 0.027416 0.0768956 0.0749926 0.110853 0.0956884 0.0897413 0.0766577 0.0534642 0.0500743 0.0551293 0.0594112 0.0620874 0.0668451 0.0424026 0.0208742 0.0120726 0.0048766 0.00582813 0.00118941 0.000297354 0 0 0 0
 0 0.00264628 0.0354308 0.0461629 0.0458689 0.0383711 0.0214643 0.0164657 0.0346957 0.0420465 0.0363128 0.0245516 0.0311673 0.0291091 0.0169068 0.0133784 0.00837989 0.0085269 0.0148486 0.0160247 0.0276389 0.0546898 0.0760071 0.122758 0.109233 0.0665981 0.0333725 0.0166128 0.00676272 0.00308733 0.000882094 0 0 0 0 0
 0 0 0 0 0 0 0 0.000805153 0.000690131 0.00759144 0.0133425 0.0154129 0.00931677 0.000345066 0.00356568 0.00563607 0.00851162 0.0253048 0.0502646 0.0516448 0.0657925 0.0565908 0.0611916 0.0827007 0.0866115 0.110766 0.145733 0.0935128 0.0569358 0.0249597 0.0138026 0.00621118 0.00161031 0.00115022 0 0
 0 0 0 0 0 0 0 0 0 0 0 0 0 0 0 0 0 0 0 0 0 0 0 0 0 0 0 0 0 0 0 0 0 0 0 0
 0.00147267 0.00158595 0.00478618 0.00569244 0.00954404 0.0108468 0.00647125 0.017049 0.0510054 0.094081 0.124002 0.0959785 0.0687766 0.0820023 0.061753 0.0591476 0.0492212 0.0479892 0.0443925 0.0268479 0.0217502 0.0140895 0.0121071 0.0120363 0.00920419 0.00665534 0.0049561 0.00860946 0.00930331 0.0156896 0.0114698 0.00855282 0.00243557 0.00046729 0 2.83206e-05
 0 0 0 0 0.000772559 0.00158375 0.000888443 0.00281984 0.00712685 0.0440552 0.0773331 0.111326 0.0921469 0.0852325 0.0710754 0.0886704 0.0786465 0.0553345 0.0373146 0.0185414 0.00753245 0.00457741 0.012979 0.0271748 0.0457355 0.0583668 0.034881 0.0177882 0.00938659 0.00492506 0.0015258 0.00185414 0.000309023 5.79419e-05 3.86279e-05 0
 0 0.00173294 0.00326652 0 0.00397197 0.00683976 0.00946217 0.0152591 0.00757587 0.0136028 0.0228656 0.0392903 0.0559909 0.0764795 0.0681675 0.0726916 0.0566044 0.0477403 0.0527397 0.0444891 0.0609904 0.0582453 0.0661739 0.0445044 0.0529084 0.0360697 0.0280645 0.0235558 0.0158879 0.00826598 0.00280645 0.00217768 0.000904811 0.00058276 9.20147e-05 0
 0 0 0 0 0 0 0 0 0 0 0 0 0 0 0 0 0 0 0 0 0 0 0 0 0 0 0 0 0 0 0 0 0 0 0 0
 0 0 0 0 0 0 0 0 0 0 0 0 0 0 0 0 0 0 0 0 0 0 0 0 0 0 0 0 0 0 0 0 0 0 0 0
ppred_pel_tallas
 1.04524e-16 1.9765e-06 1.15e-05 5.44552e-05 0.000209303 0.000652377 0.00164862 0.00337887 0.00562202 0.00761427 0.00845476 0.00785962 0.00650343 0.00556694 0.00601604 0.00830508 0.0125441 0.0187211 0.0267285 0.0362527 0.0466741 0.0570699 0.066335 0.073391 0.0774215 0.0780513 0.0754177 0.0701028 0.0629641 0.0549207 0.0467686 0.0390728 0.032147 0.0260998 0.0209116 0.0165061
 1.16456e-16 6.09447e-06 3.57346e-05 0.000169799 0.000653624 0.00203813 0.00514814 0.0105344 0.0174647 0.023463 0.0255549 0.0225951 0.0162941 0.00975808 0.0052209 0.0031766 0.00306844 0.00425343 0.00641821 0.00953148 0.0136756 0.0189229 0.0252655 0.0325752 0.0405816 0.0488707 0.056907 0.0640825 0.069788 0.0734979 0.0748501 0.0737072 0.0701816 0.0646175 0.0575365 0.0495552
 1.28327e-16 3.09994e-06 1.8149e-05 8.61836e-05 0.000331666 0.00103411 0.0026122 0.0053463 0.00886765 0.011926 0.0130228 0.0115941 0.00853399 0.00545764 0.00355209 0.0031339 0.00399029 0.00585432 0.00859889 0.012198 0.0166364 0.0218561 0.0277466 0.034158 0.0409193 0.0478467 0.0547382 0.0613536 0.0673959 0.0725085 0.0762993 0.0783937 0.0785043 0.0764953 0.072427 0.0665596
 1.15929e-16 2.48694e-05 0.000145964 0.000693854 0.00267139 0.00833046 0.021042 0.043054 0.0713646 0.0958341 0.104269 0.0919315 0.0657177 0.0381738 0.0181965 0.00746795 0.00326151 0.00239183 0.00294816 0.00416575 0.00583727 0.00793259 0.0104498 0.0133726 0.0166583 0.0202317 0.0239796 0.027746 0.0313337 0.0345149 0.0370519 0.0387271 0.0393762 0.0389161 0.0373613 0.0348259
 1.00978e-16 4.11338e-05 0.00024145 0.0011478 0.0044192 0.013781 0.0348094 0.0712232 0.118055 0.158527 0.172464 0.152018 0.108584 0.0628964 0.0296377 0.0115426 0.00403535 0.00176523 0.00147625 0.00180019 0.00229137 0.00280908 0.00328503 0.00366851 0.00392412 0.00403775 0.00401862 0.00389486 0.00370427 0.00348349 0.00325941 0.00304516 0.00284107 0.00263926 0.00242951 0.00220432
 1.0088e-16 1.85368e-05 0.000108738 0.000516769 0.00198938 0.00620353 0.0156701 0.0320667 0.0531675 0.0714429 0.0778506 0.068923 0.0498894 0.0302289 0.0167484 0.0109109 0.0108832 0.0144092 0.0200188 0.0268601 0.0342294 0.0413264 0.0472615 0.0512057 0.0525773 0.051185 0.0472772 0.0414727 0.0346052 0.0275288 0.0209507 0.0153315 0.0108672 0.0075353 0.00517434 0.00356498
 1.00968e-16 3.82216e-05 0.00022435 0.0010665 0.00410615 0.0128047 0.0323435 0.066178 0.109693 0.147302 0.160261 0.141282 0.100961 0.0585723 0.0277737 0.0111242 0.00439222 0.0026234 0.00280267 0.00365619 0.00475066 0.00591879 0.00704666 0.00802994 0.00878109 0.00924328 0.00939812 0.00926307 0.00888126 0.0083078 0.00759801 0.00680051 0.00595587 0.00509824 0.00425796 0.00346264
 1.00287e-16 3.81779e-05 0.000224088 0.00106525 0.00410131 0.0127896 0.0323054 0.0661004 0.109566 0.147136 0.16009 0.141158 0.100929 0.0586677 0.0280314 0.0115936 0.00514217 0.00373359 0.00434378 0.005664 0.00719965 0.00870246 0.00997239 0.0108343 0.0111656 0.0109244 0.0101598 0.00899699 0.00760585 0.00616071 0.00480603 0.00363613 0.00269169 0.00196941 0.00143835 0.00105641
 1.00305e-16 3.55817e-05 0.000208841 0.00099275 0.00382216 0.0119191 0.0301066 0.0616019 0.102111 0.13713 0.149219 0.131608 0.0941784 0.0549002 0.0265251 0.0114788 0.00586302 0.00508947 0.00634059 0.00837037 0.0106602 0.0128933 0.0147829 0.0160701 0.016572 0.0162243 0.0150961 0.0133703 0.0112963 0.00913181 0.00709214 0.00532027 0.00388094 0.00277418 0.00195855 0.00137471
 1.00294e-16 3.86661e-05 0.000226956 0.00107888 0.00415382 0.0129534 0.0327191 0.0669467 0.110968 0.149017 0.162133 0.142949 0.102188 0.059355 0.028277 0.0115527 0.00490919 0.00333573 0.00377145 0.00490102 0.00624283 0.00757232 0.0087169 0.00952564 0.0098906 0.00977031 0.00919876 0.00827441 0.00713412 0.00592067 0.00475457 0.00371734 0.00284828 0.00215189 0.00161037 0.00119625
 1.0117e-16 1.66208e-05 9.7488e-05 0.000463282 0.00178344 0.00556129 0.0140479 0.0287477 0.0476666 0.0640578 0.0698205 0.0618553 0.0448638 0.0273642 0.0154866 0.0105764 0.0110242 0.0148338 0.0206941 0.0278189 0.035519 0.0429861 0.0493117 0.0536417 0.0553676 0.0542729 0.0505848 0.0449068 0.0380637 0.0309079 0.0241514 0.0182672 0.0134698 0.00976011 0.00700329 0.00500605
 1.06201e-16 1.47837e-05 8.67267e-05 0.000412174 0.00158675 0.00494799 0.0124985 0.0255754 0.0424013 0.0569659 0.0620486 0.0548704 0.0395823 0.0237176 0.0126724 0.00758274 0.00697156 0.00906156 0.0127614 0.0175467 0.0230836 0.0290057 0.0348675 0.0401917 0.0445504 0.0476352 0.0492964 0.0495377 0.0484793 0.0463072 0.0432291 0.0394512 0.0351743 0.0305982 0.0259267 0.0213609
 1.02769e-16 3.57772e-05 0.000209998 0.000998267 0.00384344 0.0119854 0.0302741 0.061944 0.102676 0.137881 0.150015 0.132261 0.0945383 0.0548948 0.0261222 0.0106251 0.00445328 0.00297909 0.00338676 0.00448475 0.00586132 0.00734713 0.00881845 0.0101599 0.0112748 0.0121004 0.0126144 0.0128301 0.012782 0.0125101 0.0120477 0.0114176 0.0106356 0.00971814 0.00868953 0.00758548
 1.01033e-16 3.04876e-05 0.000178926 0.000850506 0.00327445 0.010211 0.0257924 0.0527755 0.0874843 0.117498 0.127886 0.112863 0.0809192 0.0474823 0.0235234 0.0111755 0.00715278 0.00756159 0.00998917 0.0133157 0.0169828 0.0205507 0.0235768 0.0256542 0.0264955 0.0260015 0.0242849 0.0216367 0.0184513 0.0151329 0.0120153 0.00931485 0.00712308 0.0054298 0.00416199 0.00322245
 1.00575e-16 3.57588e-05 0.000209883 0.000997706 0.00384125 0.0119786 0.030257 0.0619094 0.10262 0.137813 0.149957 0.132248 0.094613 0.0551068 0.026538 0.0113369 0.00557914 0.00465065 0.00572345 0.00755842 0.0096577 0.0117344 0.0135344 0.0148273 0.0154459 0.0153233 0.0145077 0.0131452 0.0114408 0.00960928 0.00783268 0.006235 0.00487753 0.00376984 0.00288866 0.00219642
 1.00512e-16 3.43737e-05 0.000201748 0.000959021 0.00369229 0.0115141 0.0290836 0.059509 0.0986428 0.132475 0.144159 0.127158 0.0910243 0.0531221 0.0257795 0.0113508 0.00608113 0.00554667 0.00702739 0.00931169 0.011879 0.0143929 0.0165397 0.0180336 0.0186706 0.0183753 0.0172185 0.0153951 0.0131731 0.0108308 0.00860123 0.00664007 0.00501963 0.00374337 0.00277109 0.00204394
 1.01079e-16 2.85116e-05 0.000167323 0.000795341 0.00306205 0.00954865 0.0241193 0.0493524 0.0818111 0.109882 0.119607 0.105579 0.075746 0.0445468 0.022256 0.0108872 0.00738774 0.00813299 0.0108735 0.0145537 0.018624 0.0226272 0.0260905 0.0285716 0.0297487 0.029494 0.0279019 0.0252562 0.0219544 0.0184124 0.0149821 0.0119027 0.00929181 0.00716646 0.00548022 0.00415913
 1.01888e-16 2.87764e-05 0.000168882 0.000802762 0.00309063 0.00963781 0.0243444 0.0498127 0.0825728 0.110901 0.120704 0.106521 0.0763642 0.0447944 0.0221659 0.0104926 0.00667723 0.00705395 0.00936208 0.0125693 0.0161799 0.0198117 0.0230742 0.0255951 0.0270918 0.0274309 0.0266528 0.0249491 0.0226047 0.0199263 0.0171798 0.0145544 0.0121565 0.0100255 0.00816011 0.00654189
 1.02543e-16 2.61859e-05 0.000153669 0.000730432 0.00281213 0.0087693 0.0221507 0.0453245 0.0751348 0.100917 0.109854 0.0969832 0.069608 0.0409958 0.0205922 0.0102594 0.00720865 0.00812607 0.0109581 0.0147417 0.01897 0.0232113 0.0270103 0.0299326 0.0316509 0.0320159 0.0310837 0.0290874 0.0263677 0.0232864 0.0201523 0.0171792 0.01448 0.0120877 0.00998813 0.00815059
 1.00731e-16 3.93325e-05 0.000230872 0.0010975 0.00422553 0.013177 0.0332839 0.0681021 0.112882 0.151585 0.164919 0.145387 0.103891 0.0602633 0.0285587 0.0114071 0.0044492 0.00258094 0.00269222 0.00346399 0.0044425 0.0054499 0.00636753 0.00709314 0.00754969 0.00769986 0.00755229 0.00715541 0.0065822 0.00591104 0.00520949 0.00452506 0.00388418 0.00329682 0.00276363 0.00228225
 1.00621e-16 3.13405e-05 0.000183934 0.000874318 0.00336614 0.010497 0.0265146 0.0542531 0.0899331 0.120786 0.131459 0.116006 0.083148 0.0487416 0.024057 0.0112783 0.00701905 0.0072704 0.00955121 0.0127176 0.016212 0.0196071 0.0224769 0.0244301 0.0251905 0.0246623 0.0229532 0.0203434 0.0172135 0.013955 0.0108933 0.00824207 0.00609516 0.00444777 0.00323282 0.00235748
 1.01602e-16 2.82759e-05 0.000165942 0.00078878 0.00303679 0.00946991 0.0239204 0.0489451 0.0811354 0.108973 0.118611 0.104688 0.0750791 0.0440998 0.0219321 0.010565 0.00696488 0.00753587 0.0100553 0.0134967 0.0173481 0.0211989 0.0246244 0.0272211 0.0286852 0.0288784 0.0278542 0.0258326 0.0231365 0.0201119 0.0170581 0.0141873 0.0116168 0.00938615 0.00748567 0.00588388
 1.02314e-16 2.85536e-05 0.000167574 0.000796546 0.0030667 0.00956319 0.0241559 0.0494269 0.0819332 0.110042 0.119768 0.105693 0.0757662 0.0444349 0.0219719 0.0103745 0.00656842 0.00691642 0.00917718 0.0123306 0.0158914 0.0194891 0.0227455 0.0252994 0.0268751 0.0273399 0.026728 0.0252179 0.0230773 0.0205936 0.0180152 0.0155175 0.0131984 0.0110947 0.00920791 0.00752662
 1.05237e-16 1.11056e-05 6.51133e-05 0.000309378 0.00119088 0.00371345 0.00938038 0.0191972 0.0318356 0.0427971 0.0466844 0.0414469 0.030254 0.0188377 0.0113528 0.00877396 0.0101081 0.0140923 0.019888 0.0269517 0.0347357 0.0425448 0.049568 0.0550173 0.0582953 0.0591259 0.057604 0.0541443 0.0493556 0.0438846 0.0382822 0.0329289 0.0280248 0.0236291 0.01972 0.0162492
pSPR Fmed_Fpbrs
0.511471   0.401357 0.401357
Fs Fmed_Fpbrs
0.625273   1.005 1.005
SSBpbr Bo_Bmed_Bpbrs
977687  451174  343517 343517
Ro
19148.9
SPR SPRFo_SPRFmed_SPRFpbrs
393962 201500 158119
log_Ro
9.68
likeval ReclasPelacesDesembMPH_pf_preclas_ppelaces_ptallas_desvR_qrecl_qpela
 96.1955 91.4262 0.121336 0.000182256 359.984 172.419 85.407 0 47.914 2.56716e-06 0 0 0 0 0
q_reclas_q_pelaces
0.796886 1
M
0.7
N
 3948.73 66097.8 22735.5 2862.4 0.126244
 5987.98 1931.04 29796.1 9903.54 1244.02
 852.782 2903.35 824.76 12064.5 4497.23
 4643.74 384.098 778.812 177.877 3518.66
 56301 2187.57 136.755 246.463 1160.04
 12764.8 27468.3 971.641 58.3884 598.839
 50419.3 5649.02 6593.58 180.288 119.739
 78653.8 22540.6 1445.72 1334.32 59.7361
 81312.4 32697.7 3646.52 157.205 147.544
 224175 34739.6 6285.27 500.819 40.8874
 48804.4 102909 10507.1 1594.79 135.814
 19900.7 22358.2 30725.8 2619.8 426.236
 56211.1 9245.1 7290.46 8632.07 847.076
 22139 24423.4 1976.42 1156.29 1473.12
 14888.2 8660.25 2691.43 127.78 163.786
 14480.4 5678.35 813.491 140.167 14.5719
 9810.21 6412.69 1369 151.837 28.3818
 9105.38 4454.56 1810.48 316.437 41.0902
 6567.53 4222.08 1435.46 500.556 97.8196
 28408.1 3036.52 1335.96 387.191 159.648
 31727 12882.6 850.281 305.385 123.266
 33463.3 15317.2 5354.73 331.841 166.566
 37919.6 16110.8 6256.52 2040.99 189.065
 6947 18079.2 6188.26 2194.19 777.252
pred_Ctot
 43.2546 4408.54 2023.28 258.996 0.0114322
 101.79 196.001 4003.09 1352.08 169.975
 57.3536 994.34 351.695 5206.79 1942.08
 172.058 79.6866 208.468 48.3016 956.154
 710.316 167.144 13.9109 25.4864 120.056
 1005.64 10634.4 462.49 28.1057 288.416
 3638.06 2044.4 2954.99 81.7475 54.3244
 9306.38 11633.3 882.01 821.209 36.7806
 8237.63 15201 2036.54 88.6581 83.2498
 12239.5 10047.6 2296.44 185.372 15.1437
 2731.56 30380.9 3912.25 601.503 51.2573
 926.536 5655.63 9912.4 856.735 139.483
 5093.75 3970.75 3802.23 4549.12 446.642
 3426.37 14834.4 1376.14 810.698 1033.19
 2521.54 5524.41 1946.9 93.0161 119.263
 1134.3 2188.87 385.723 67.213 6.99143
 607.106 2054.91 549.534 61.7109 11.5423
 435.485 1152.9 596.694 105.707 13.7356
 326.937 1130.39 488.259 172.547 33.7417
 1782.59 983.968 541.763 158.968 65.5863
 635.36 1525.45 132.742 48.4344 19.5655
 734.981 1976.88 908.864 57.2107 28.739
 1090.32 2663.43 1348.46 446.559 41.3975
 279.851 4036.33 1775.46 638.464 226.323
F
 0.0153351 0.0967597 0.131034 0.133361 0.133478
 0.0238877 0.150723 0.204113 0.207737 0.207919
 0.0976044 0.615852 0.833999 0.84881 0.849553
 0.0527297 0.332707 0.450559 0.45856 0.458962
 0.0176806 0.111559 0.151075 0.153758 0.153893
 0.11521 0.726936 0.98443 1.00191 1.00279
 0.105057 0.662874 0.897677 0.913619 0.914419
 0.17775 1.12154 1.51882 1.54579 1.54714
 0.150419 0.949097 1.28528 1.30811 1.30926
 0.0785828 0.495832 0.671465 0.68339 0.683988
 0.0806291 0.508744 0.68895 0.701185 0.701799
 0.0666634 0.420624 0.569617 0.579734 0.580241
 0.133574 0.842809 1.14135 1.16162 1.16264
 0.238596 1.50547 2.03873 2.07494 2.07676
 0.263906 1.66516 2.255 2.29504 2.29705
 0.114519 0.722578 0.978528 0.995907 0.996779
 0.0894956 0.564689 0.764712 0.778293 0.778974
 0.068537 0.432446 0.585627 0.596027 0.596549
 0.0714266 0.450679 0.610318 0.621157 0.621701
 0.0907969 0.572899 0.775831 0.789609 0.790301
 0.0281944 0.177898 0.240912 0.245191 0.245405
 0.0309604 0.19535 0.264547 0.269246 0.269481
 0.0407051 0.256836 0.347812 0.353989 0.354299
 0.057448 0.362479 0.490876 0.499593 0.500031
nmprior
 10 10 8 0
nm_flota  nm_reclas  nm_pelaces    nm_pelaL
inf 19.4978 16.3192 28.5257
cv_recla  cv_pelaces  cv_mph
0.908038 1.12512 0.438005
 ------------------------------------------------
Talla a la edad & desviación 
 7.2 14.2025 17.0495 18.207 18.6776
 1.08 2.13037 2.55742 2.73105 2.80164
