    unsorted:	 2.408965612e-06 3.982674714e-06 3.559176106e-06 6.208787778e-05 0.0008999968647 0.006683201539 34.15507971 58.84926838 96.14020931 143.4983348 208.2611840 193.4222909 606.9611843 632.0596728 465.6659344 803.5743948 877.6792441 1067.509755 1185.615440 1460.468442 1356.958813 1741.337057 1910.578732 2165.490904 2559.890501 2610.038691 2995.524122 3260.368807 3597.589103 3864.437920 4307.171548 4665.301121 5074.949354 5254.606710 5956.604078 6229.844592 6590.677365 17914.10203 204573.1620 358160.9707 364020.1078 397000.3911 316066.2092 420082.2586 471835.1739 462040.8628 486789.0525 499458.7145 554021.0208 559049.5490 609005.8637 670587.9860 710887.1033 819011.2284 987903.8785 1042170.706 1205562.805 1439263.958 1829456.013 2013038.373 2215346.066 2630334.943 5973615.976
      sorted:	 2.408965612e-06 3.559176106e-06 3.982674714e-06 6.208787778e-05 0.0008999968647 0.006683201539 34.15507971 58.84926838 96.14020931 143.4983348 193.4222909 208.2611840 465.6659344 606.9611843 632.0596728 803.5743948 877.6792441 1067.509755 1185.615440 1356.958813 1460.468442 1741.337057 1910.578732 2165.490904 2559.890501 2610.038691 2995.524122 3260.368807 3597.589103 3864.437920 4307.171548 4665.301121 5074.949354 5254.606710 5956.604078 6229.844592 6590.677365 17914.10203 204573.1620 316066.2092 358160.9707 364020.1078 397000.3911 420082.2586 462040.8628 471835.1739 486789.0525 499458.7145 554021.0208 559049.5490 609005.8637 670587.9860 710887.1033 819011.2284 987903.8785 1042170.706 1205562.805 1439263.958 1829456.013 2013038.373 2215346.066 2630334.943 5973615.976
