years
 1997 1998 1999 2000 2001 2002 2003 2004 2005 2006 2007 2008 2009 2010 2011 2012 2013 2014 2015 2016 2017 2018 2019 2020
reclasobs
 0 0 0 370054 412103 1.49427e+06 250295 1.28982e+06 931140 785840 897777 1.04006e+06 184774 17550 25797 100020 73551 82996 120727 218422 84188 347160 605670 569463
reclaspred
 439322 100065 206160 155060 285046 324475 715625 529498 697712 799916 663857 448419 279294 124104 81127.3 79333.4 95562.3 121410 119061 185374 286918 260405 425298 416400
pelacesobs
 0 0 0 0 0 0 0 0 0 2.06254e+06 1.5e+06 0 1.87456e+06 323000 250000 174000 83755 137374 0 501740 490994 745055 786931 1.00524e+06
pelacespred
 715664 162702 188811 227736 371511 343576 926277 778119 962827 1.09876e+06 827702 581909 363168 131566 84582.8 89253 112688 145989 146869 221686 385364 341169 441442 516165
mphobs
 0 0 0 0 0 112323 0 153150 637223 0 255016 313432 73983 77613 109348 50772 0 0 0 0 0 0 0 0
mphpred
 616600 296262 277307 231319 310511 581408 807173 972420 936903 1.15504e+06 1.36163e+06 988526 605212 321048 143350 116617 137710 181261 208981 228108 383173 475906 582027 745938
desembarqueobs
 350755 77701 442110 56441 14545 235359 269955 359681 431902 328805 639364 411747 362871 311530 167758 66681 60226 58785 57116 71774 51957 67425 138520 160799
desembarquepred
 350741 77682.8 441861 56436.5 14544.9 235368 269965 359555 431791 328722 639165 411737 362833 311572 167640 66671.5 60234.1 58774.7 57101.4 71756.4 51953 67409.3 138498 160782
Reclutas
 29362 43028.8 16252.3 38547.4 71030.4 42123.5 76846.6 91034.8 132966 169277 66936.4 37735.4 44704.1 22227.9 16091.5 18209.3 13891.2 14055.2 14922.8 34021.5 41447.6 49647.5 71094.7 47478.6
log_desv_Rt
 -0.292544 0.0896245 -0.884007 -0.0203571 0.590863 0.0683619 0.669567 0.838997 1.21785 1.45929 0.531499 -0.0416469 0.127821 -0.570895 -0.893952 -0.77031 -1.04099 -1.02925 -0.969357 -0.145251 0.0521861 0.232704 0.591768 0.188034
SSB
 616600 296262 277307 231319 310511 581408 807173 972420 936903 1.15504e+06 1.36163e+06 988526 605212 321048 143350 116617 137710 181261 208981 228108 383173 475906 582027 745938
BT
 1.53846e+06 429671 575754 467804 676950 799311 1.84513e+06 1.79523e+06 2.11744e+06 2.27849e+06 2.04709e+06 1.41619e+06 1.00686e+06 534564 292977 214789 250864 308640 312556 455552 731917 674411 886260 1.05971e+06
Ftot
 0.47575 0.571252 1.1291 0.292257 0.0430643 0.37212 0.256215 0.487209 0.485315 0.3046 0.498338 0.451538 0.738253 1.30541 1.35805 0.564573 0.414464 0.297441 0.271529 0.2895 0.120811 0.149842 0.185233 0.205776
BD_Bspro_t
 0.936614 0.680228 0.565994 0.350355 0.550025 0.744492 0.682583 0.693444 0.653667 0.655979 0.665089 0.51585 0.400646 0.295031 0.176565 0.179911 0.270226 0.409631 0.502324 0.581989 0.720235 0.804929 0.807886 0.795731
BD_Bspro
 0.761829 0.366041 0.342621 0.285802 0.383646 0.718348 0.997288 1.20146 1.15757 1.42709 1.68234 1.22136 0.747759 0.396665 0.177114 0.144084 0.170145 0.223954 0.258203 0.281835 0.473422 0.587997 0.719113 0.92163
BD_Bo
 0.633439 0.304353 0.28488 0.237636 0.318991 0.597286 0.829216 0.998977 0.96249 1.18658 1.39882 1.01552 0.62174 0.329816 0.147265 0.119802 0.141471 0.186211 0.214689 0.234338 0.393637 0.488903 0.597922 0.766309
BD_Brms
 2.15248 1.03422 0.968045 0.807508 1.08396 2.02963 2.81774 3.3946 3.27062 4.0321 4.75331 3.45083 2.11272 1.12074 0.50042 0.407096 0.48073 0.632761 0.729529 0.796298 1.33761 1.66133 2.03179 2.60398
S_f
 0.164125 1 1 1 1
 0.164125 1 1 1 1
 0.164125 1 1 1 1
 0.164125 1 1 1 1
 0.164125 1 1 1 1
 0.164125 1 1 1 1
 0.164125 1 1 1 1
 0.164125 1 1 1 1
 0.164125 1 1 1 1
 0.164125 1 1 1 1
 0.164125 1 1 1 1
 0.164125 1 1 1 1
 0.164125 1 1 1 1
 0.164125 1 1 1 1
 0.164125 1 1 1 1
 0.164125 1 1 1 1
 0.164125 1 1 1 1
 0.164125 1 1 1 1
 0.164125 1 1 1 1
 0.164125 1 1 1 1
 0.164125 1 1 1 1
 0.164125 1 1 1 1
 0.164125 1 1 1 1
 0.164125 1 1 1 1
Scru_reclas
 1 1 1 1 1
 1 1 1 1 1
 1 1 1 1 1
 1 1 1 1 1
 1 1 1 1 1
 1 1 1 1 1
 1 1 1 1 1
 1 1 1 1 1
 1 1 1 1 1
 1 1 1 1 1
 1 1 1 1 1
 1 1 1 1 1
 1 1 1 1 1
 1 1 1 1 1
 1 1 1 1 1
 1 1 1 1 1
 1 1 1 1 1
 1 1 1 1 1
 1 1 1 1 1
 1 1 1 1 1
 1 1 1 1 1
 1 1 1 1 1
 1 1 1 1 1
 1 1 1 1 1
Scru_pelaces
 1 1 1 1 1
 1 1 1 1 1
 1 1 1 1 1
 1 1 1 1 1
 1 1 1 1 1
 1 1 1 1 1
 1 1 1 1 1
 1 1 1 1 1
 1 1 1 1 1
 1 1 1 1 1
 1 1 1 1 1
 1 1 1 1 1
 1 1 1 1 1
 1 1 1 1 1
 1 1 1 1 1
 1 1 1 1 1
 1 1 1 1 1
 1 1 1 1 1
 1 1 1 1 1
 1 1 1 1 1
 1 1 1 1 1
 1 1 1 1 1
 1 1 1 1 1
 1 1 1 1 1
pf_obs 
 0.256992 0.487395 0.22802 0.0275931 0
 0.321318 0.546541 0.124235 0.00734118 0.000564706
 0.182869 0.594174 0.210203 0.0122559 0.00049798
 0.330522 0.361315 0.267642 0.0388342 0.00168674
 0.649043 0.306663 0.0425973 0.00169635 0
 0.582887 0.30429 0.105238 0.00758474 0
 0.465427 0.430635 0.0974691 0.00646863 0
 0.296916 0.608066 0.0921331 0.00288517 0
 0.311714 0.524322 0.152257 0.0117073 0
 0.15457 0.633149 0.183074 0.0267441 0.00246327
 0.131901 0.49318 0.331252 0.0422183 0.00144891
 0.196976 0.569456 0.194076 0.0375587 0.00193317
 0.518974 0.381816 0.0799577 0.0180837 0.00116848
 0.0928022 0.601141 0.25162 0.0475244 0.00691264
 0.122501 0.610282 0.24278 0.0234846 0.000952079
 0.383417 0.481906 0.127806 0.00687128 0
 0.0376549 0.599619 0.316969 0.0457579 0
 0.0361596 0.667082 0.258105 0.0386534 0
 0.158088 0.579412 0.248529 0.0139706 0
 0.0477256 0.309471 0.559284 0.082774 0.000745712
 0.0406174 0.521527 0.379366 0.0568643 0.0016247
 0.151134 0.462217 0.34131 0.0453401 0
 0.294876 0.26143 0.354403 0.0886775 0.000613685
 0.281977 0.475581 0.204845 0.0348837 0.00271318
pf_pred 
 0.204981 0.547676 0.219784 0.0275494 9.30212e-06
 0.297853 0.466412 0.162394 0.0651691 0.00817155
 0.132954 0.670735 0.130403 0.0454032 0.0205051
 0.39535 0.377391 0.175804 0.0341794 0.017275
 0.347611 0.535492 0.0729614 0.0339883 0.00994772
 0.147509 0.654815 0.162255 0.0221075 0.0133127
 0.28157 0.400663 0.244083 0.0604808 0.0132029
 0.261122 0.539071 0.111431 0.0678834 0.0204926
 0.312064 0.503387 0.134644 0.0278321 0.0220737
 0.283217 0.557421 0.116611 0.0311905 0.0115608
 0.107432 0.656751 0.183388 0.0383642 0.0140649
 0.102723 0.43338 0.341335 0.095313 0.0272492
 0.20128 0.371117 0.20653 0.162665 0.0584078
 0.162505 0.576805 0.121127 0.0674082 0.072155
 0.241877 0.529635 0.157366 0.0330463 0.0380761
 0.311899 0.548421 0.0975819 0.0289937 0.0131039
 0.200765 0.626928 0.13733 0.0244355 0.0105417
 0.205967 0.517305 0.217068 0.0475494 0.0121105
 0.207759 0.511496 0.182903 0.0767486 0.0210939
 0.360567 0.412584 0.146461 0.0523721 0.0280161
 0.260375 0.590063 0.0965028 0.034257 0.0188027
 0.228425 0.535659 0.188211 0.0307813 0.0169244
 0.254875 0.491342 0.176187 0.0619056 0.0156911
 0.145494 0.593606 0.17204 0.0616906 0.0271699
pobs_RECLAS
 0 0 0 0 0
 0 0 0 0 0
 0 0 0 0 0
 0 0 0 0 0
 0.835266 0.146461 0.0176864 0.000547809 3.91292e-05
 0.385257 0.428462 0.181853 0.0044286 0
 0.867414 0.0963971 0.0333333 0.00285562 0
 0.441836 0.489002 0.0689373 0.000224442 0
 0.779404 0.147425 0.0564933 0.0165055 0.000172143
 0.814271 0.122319 0.05973 0.00367925 0
 0.40263 0.566651 0.0304383 0.000280538 0
 0.475488 0.404961 0.113038 0.00651328 0
 0.955842 0.0263864 0.0167828 0.000988607 0
 0.975058 0.0227948 0.00214734 0 0
 0.738997 0.206755 0.0527124 0.00153531 0
 0.850938 0.134255 0.0134407 0.00136685 0
 0.542534 0.407297 0.0501686 0 0
 0.764087 0.199537 0.0359546 0.000420521 0
 0.470689 0.182191 0.310203 0.0369168 0
 0.84361 0.089868 0.0606195 0.00523954 0.000663233
 0.607945 0.314616 0.071237 0.00620181 0
 0.523733 0.453247 0.0230204 0 0
 0.530135 0.295979 0.169645 0.0042399 0
 0.562478 0.366248 0.0663022 0.0049721 0
ppred_RECLAS
 0.618581 0.262753 0.105444 0.0132171 4.46279e-06
 0.729073 0.179967 0.0626604 0.0251458 0.00315303
 0.508824 0.379967 0.0738723 0.0257206 0.011616
 0.802143 0.123492 0.0575275 0.0111844 0.00565281
 0.764899 0.192975 0.0262931 0.0122483 0.00358485
 0.519061 0.369419 0.0915375 0.0124721 0.00751047
 0.707943 0.162878 0.0992249 0.0245867 0.00536726
 0.689936 0.226217 0.0467611 0.0284867 0.00859957
 0.740643 0.189781 0.0507617 0.0104929 0.00832194
 0.710321 0.225275 0.0471268 0.0126053 0.00467215
 0.431355 0.418408 0.116835 0.0244414 0.0089606
 0.418145 0.281033 0.221345 0.0618073 0.0176702
 0.619076 0.176993 0.0984978 0.0775781 0.0278557
 0.573249 0.293915 0.0617211 0.0343483 0.036767
 0.689999 0.216571 0.0643479 0.0135128 0.0155696
 0.741848 0.205749 0.0366094 0.0108775 0.00491613
 0.611204 0.304975 0.0668056 0.0118869 0.00512809
 0.616703 0.249714 0.104784 0.0229531 0.00584601
 0.61885 0.246082 0.0879951 0.036924 0.0101483
 0.777563 0.143524 0.0509488 0.0182185 0.00974585
 0.683419 0.252564 0.041306 0.014663 0.00804811
 0.645206 0.246312 0.086545 0.0141542 0.00778233
 0.678014 0.21232 0.0761344 0.0267508 0.0067805
 0.512088 0.338941 0.0982326 0.0352245 0.0155137
pobs_PELACES
 0 0 0 0 0
 0 0 0 0 0
 0 0 0 0 0
 0 0 0 0 0
 0 0 0 0 0
 0 0 0 0 0
 0 0 0 0 0
 0 0 0 0 0
 0 0 0 0 0
 0 0 0 0 0
 0.450072 0.473896 0.0757376 0.000293798 0
 0 0 0 0 0
 0.463077 0.371075 0.160297 0.00555027 0
 0.529543 0.364841 0.0842815 0.0213345 0
 0.631943 0.363953 0.00410389 0 0
 0.735681 0.248677 0.0153453 0.000297389 0
 0.695825 0.281241 0.0229344 0 0
 0.275771 0.60734 0.115278 0.00161068 0
 0 0 0 0 0
 0.896147 0.0623911 0.0374545 0.00400742 0
 0.803859 0.145111 0.0509908 3.86294e-05 0
 0.739449 0.233085 0.0266225 0.000797448 4.60066e-05
 0.878498 0.100942 0.0204185 0.000141795 0
 0.694673 0.275183 0.0284847 0.00165964 0
ppred_PELACES
 0.649026 0.24178 0.0970273 0.0121621 4.10657e-06
 0.759054 0.160052 0.0557265 0.0223632 0.00280412
 0.58583 0.320396 0.0622908 0.0216882 0.00979487
 0.814627 0.115701 0.0538979 0.0104787 0.00529615
 0.767028 0.191227 0.0260549 0.0121374 0.00355238
 0.544613 0.349792 0.0866742 0.0118095 0.00711145
 0.722338 0.15485 0.0943343 0.0233749 0.00510272
 0.717929 0.205794 0.0425395 0.0259149 0.00782319
 0.765519 0.171578 0.0458929 0.00948648 0.00752374
 0.727299 0.212071 0.0443646 0.0118665 0.00439831
 0.46534 0.393402 0.109852 0.0229807 0.00842507
 0.448721 0.266265 0.209713 0.0585595 0.0167417
 0.665804 0.155281 0.0864151 0.0680616 0.0244387
 0.658182 0.235419 0.0494372 0.0275122 0.0294495
 0.763996 0.164875 0.048988 0.0102873 0.0118531
 0.770534 0.182886 0.0325414 0.00966876 0.00436985
 0.638002 0.283955 0.0622011 0.0110676 0.00477464
 0.635903 0.237206 0.0995349 0.0218034 0.00555318
 0.636353 0.234782 0.0839544 0.0352284 0.00968232
 0.791068 0.13481 0.0478555 0.0171124 0.00915413
 0.690584 0.246847 0.0403711 0.0143311 0.00786595
 0.65461 0.239784 0.0842512 0.013779 0.00757606
 0.689066 0.205033 0.0735212 0.0258326 0.00654778
 0.526256 0.329099 0.09538 0.0342017 0.0150632
pobs_pel_tallas
 0 0 0 0 0 0 0 0 0 0 0 0 0 0 0 0 0 0 0 0 0 0 0 0 0 0 0 0 0 0 0 0 0 0 0 0
 0 0 0 0 0 0 0 0 0 0 0 0 0 0 0 0 0 0 0 0 0 0 0 0 0 0 0 0 0 0 0 0 0 0 0 0
 0 0 0 0 0 0 0 0 0 0 0 0 0 0 0 0 0 0 0 0 0 0 0 0 0 0 0 0 0 0 0 0 0 0 0 0
 0 0 0 0 0 0 0 0 0 0 0 0 0 0 0 0 0 0 0 0 0 0 0 0 0 0 0 0 0 0 0 0 0 0 0 0
 0 0 0 0 0 0 0 0 0 0 0 0 0 0 0 0 0 0 0 0 0 0 0 0 0 0 0 0 0 0 0 0 0 0 0 0
 0 0 0 0 0 0 0 0 0 0 0 0 0 0 0 0 0 0 0 0 0 0 0 0 0 0 0 0 0 0 0 0 0 0 0 0
 0 0 0 0 0 0 0 0 0 0 0 0 0 0 0 0 0 0 0 0 0 0 0 0 0 0 0 0 0 0 0 0 0 0 0 0
 0 0 0 0 0 0 0 0 0 0 0 0 0 0 0 0 0 0 0 0 0 0 0 0 0 0 0 0 0 0 0 0 0 0 0 0
 0 0 0 0 0 0 0 0 0 0 0 0 0 0 0 0 0 0 0 0 0 0 0 0 0 0 0 0 0 0 0 0 0 0 0 0
 0 0 0 0 0 0 0 0 0 0 0 0 0 0 0 0 0 0 0 0 0 0 0 0 0 0 0 0 0 0 0 0 0 0 0 0
 0 0 0 0 0 0 0 0 1.78061e-05 0.00172719 0.00360574 0.0105946 0.0120993 0.0124554 0.0147524 0.0171206 0.0266825 0.0428682 0.0675386 0.121331 0.153587 0.119568 0.100827 0.0573624 0.0630603 0.0341343 0.0324427 0.0444173 0.0211091 0.0280891 0.0125444 0.00206551 0 0 0 0
 0 0 0 0 0 0 0 0 0 0 0 0 0 0 0 0 0 0 0 0 0 0 0 0 0 0 0 0 0 0 0 0 0 0 0 0
 0 0 0 0 0 0 0.0133647 0.0140871 0.0187388 0.0205184 0.03894 0.0496705 0.03968 0.0493445 0.0407372 0.0367815 0.0215668 0.0243155 0.0234873 0.0199281 0.019796 0.0243948 0.0301388 0.0376714 0.0412746 0.0863199 0.0771752 0.113111 0.0741005 0.0525337 0.0229764 0.00759418 0.00175318 0 0 0
 0 0 0 0 0 0 0 0 0 0 0.00219441 0.00772107 0.0458388 0.0604681 0.0671733 0.0775358 0.0609151 0.0617685 0.073594 0.0568108 0.0755445 0.0548602 0.0670107 0.0636378 0.0643287 0.046367 0.0373049 0.0286899 0.0247887 0.0153202 0.00654259 0.00121912 0.000365735 0 0 0
 0 0 0 0 0 0 0 0 0 0 0 0 0.000112435 0.00938835 0.0111873 0.0202946 0.0414886 0.0713402 0.111592 0.104902 0.108894 0.110636 0.117776 0.105296 0.107544 0.0401394 0.0192827 0.0124803 0.00416011 0.0028671 0.000618394 0 0 0 0 0
 0 0 0 0 0 0 0 0 0 0 0.00291406 0.0102884 0.027416 0.0768956 0.0749926 0.110853 0.0956884 0.0897413 0.0766577 0.0534642 0.0500743 0.0551293 0.0594112 0.0620874 0.0668451 0.0424026 0.0208742 0.0120726 0.0048766 0.00582813 0.00118941 0.000297354 0 0 0 0
 0 0.00264628 0.0354308 0.0461629 0.0458689 0.0383711 0.0214643 0.0164657 0.0346957 0.0420465 0.0363128 0.0245516 0.0311673 0.0291091 0.0169068 0.0133784 0.00837989 0.0085269 0.0148486 0.0160247 0.0276389 0.0546898 0.0760071 0.122758 0.109233 0.0665981 0.0333725 0.0166128 0.00676272 0.00308733 0.000882094 0 0 0 0 0
 0 0 0 0 0 0 0 0.000805153 0.000690131 0.00759144 0.0133425 0.0154129 0.00931677 0.000345066 0.00356568 0.00563607 0.00851162 0.0253048 0.0502646 0.0516448 0.0657925 0.0565908 0.0611916 0.0827007 0.0866115 0.110766 0.145733 0.0935128 0.0569358 0.0249597 0.0138026 0.00621118 0.00161031 0.00115022 0 0
 0 0 0 0 0 0 0 0 0 0 0 0 0 0 0 0 0 0 0 0 0 0 0 0 0 0 0 0 0 0 0 0 0 0 0 0
 0.00147267 0.00158595 0.00478618 0.00569244 0.00954404 0.0108468 0.00647125 0.017049 0.0510054 0.094081 0.124002 0.0959785 0.0687766 0.0820023 0.061753 0.0591476 0.0492212 0.0479892 0.0443925 0.0268479 0.0217502 0.0140895 0.0121071 0.0120363 0.00920419 0.00665534 0.0049561 0.00860946 0.00930331 0.0156896 0.0114698 0.00855282 0.00243557 0.00046729 0 2.83206e-05
 0 0 0 0 0.000772559 0.00158375 0.000888443 0.00281984 0.00712685 0.0440552 0.0773331 0.111326 0.0921469 0.0852325 0.0710754 0.0886704 0.0786465 0.0553345 0.0373146 0.0185414 0.00753245 0.00457741 0.012979 0.0271748 0.0457355 0.0583668 0.034881 0.0177882 0.00938659 0.00492506 0.0015258 0.00185414 0.000309023 5.79419e-05 3.86279e-05 0
 0 0.00173294 0.00326652 0 0.00397197 0.00683976 0.00946217 0.0152591 0.00757587 0.0136028 0.0228656 0.0392903 0.0559909 0.0764795 0.0681675 0.0726916 0.0566044 0.0477403 0.0527397 0.0444891 0.0609904 0.0582453 0.0661739 0.0445044 0.0529084 0.0360697 0.0280645 0.0235558 0.0158879 0.00826598 0.00280645 0.00217768 0.000904811 0.00058276 9.20147e-05 0
 0 0 0 0 0 0 0 0 0 0 0 0 0 0 0 0 0 0 0 0 0 0 0 0 0 0 0 0 0 0 0 0 0 0 0 0
 0 0 0 0 0 0 0 0 0 0 0 0 0 0 0 0 0 0 0 0 0 0 0 0 0 0 0 0 0 0 0 0 0 0 0 0
ppred_pel_tallas
 1.01875e-16 2.83232e-05 0.000166221 0.00079011 0.00304192 0.0094859 0.0239607 0.0490276 0.0812717 0.109154 0.118805 0.10485 0.0751764 0.0441186 0.0218706 0.0104189 0.00671944 0.0071681 0.00954205 0.0128245 0.0165228 0.0202524 0.0236169 0.0262369 0.0278217 0.0282305 0.0274973 0.0258093 0.0234497 0.0207259 0.0179069 0.0151876 0.0126816 0.010437 0.00846078 0.00674191
 1.01743e-16 3.31175e-05 0.000194375 0.000923978 0.00355737 0.0110933 0.0280209 0.0573343 0.0950376 0.127632 0.138885 0.122499 0.0876721 0.0511321 0.0247524 0.0107974 0.00564827 0.00504636 0.00638248 0.00851063 0.0109603 0.0134448 0.0156984 0.0174725 0.0185777 0.018923 0.018532 0.0175266 0.0160897 0.0144168 0.0126761 0.0109852 0.00940869 0.00796977 0.00666843 0.00549707
 1.02192e-16 2.55707e-05 0.000150054 0.000713235 0.00274591 0.00856277 0.0216291 0.0442575 0.0733673 0.0985473 0.107284 0.0947385 0.0680493 0.0401829 0.0203778 0.0104697 0.00775143 0.00899593 0.0121925 0.0163749 0.0210003 0.0255805 0.0295968 0.0325597 0.0341097 0.0340989 0.032621 0.0299756 0.0265852 0.0228909 0.0192637 0.0159531 0.0130791 0.0106582 0.00864416 0.00696769
 1.01411e-16 3.5539e-05 0.000208595 0.00099159 0.00381771 0.0119052 0.0300716 0.0615298 0.10199 0.136964 0.149027 0.131412 0.09398 0.0546684 0.0261973 0.0109716 0.00508226 0.00394055 0.00474406 0.00628445 0.00810613 0.00997563 0.0116959 0.0130841 0.0139984 0.0143657 0.0141935 0.0135598 0.0125872 0.0114099 0.0101458 0.00888059 0.00766599 0.00652693 0.00547336 0.00450992
 1.01016e-16 3.34665e-05 0.000196421 0.000933698 0.00359479 0.01121 0.0283156 0.0579376 0.0960383 0.128978 0.140356 0.123811 0.0886413 0.0517588 0.0251694 0.0111706 0.00611251 0.00569302 0.00726675 0.00965317 0.0123399 0.0149895 0.0172834 0.0189295 0.0197172 0.0195653 0.0185393 0.0168294 0.0146993 0.0124223 0.0102267 0.00826411 0.00660431 0.00525099 0.00416741 0.00330133
 1.02083e-16 2.37747e-05 0.000139507 0.000663087 0.00255281 0.00796061 0.0201081 0.0411457 0.0682104 0.0916254 0.0997613 0.0881265 0.0633672 0.0375536 0.0192949 0.0103225 0.00814498 0.00978076 0.0133647 0.0179804 0.0230781 0.0281343 0.0325823 0.035883 0.037637 0.0376736 0.0360856 0.0331918 0.0294481 0.0253356 0.0212638 0.0175151 0.0142342 0.0114538 0.00913757 0.00721994
 1.02432e-16 3.15164e-05 0.000184976 0.000879291 0.00338532 0.0105568 0.0266656 0.0545614 0.0904414 0.12146 0.132171 0.116582 0.0834468 0.0486883 0.0236087 0.0103688 0.00553211 0.00505486 0.00646403 0.00867878 0.0112592 0.0139365 0.0164559 0.018571 0.0200835 0.0208805 0.0209512 0.0203757 0.0192935 0.0178628 0.0162268 0.0144947 0.0127402 0.0110105 0.0093395 0.00775733
 1.01927e-16 3.13261e-05 0.000183854 0.000873948 0.00336473 0.0104926 0.0265035 0.05423 0.0898934 0.120728 0.131386 0.115915 0.0830254 0.048555 0.0237528 0.010784 0.00624769 0.00613022 0.00796212 0.0106344 0.0136501 0.0166633 0.0193371 0.021357 0.0224912 0.0226407 0.0218589 0.0203286 0.0183092 0.0160717 0.0138427 0.011773 0.00993464 0.00833758 0.00695636 0.00575465
 1.01385e-16 3.33999e-05 0.000196032 0.000931852 0.00358769 0.0111879 0.0282597 0.057823 0.0958479 0.128721 0.140072 0.123551 0.0884347 0.0515971 0.0250147 0.0109742 0.00582783 0.00528042 0.00669669 0.00891209 0.0114383 0.0139685 0.0162169 0.0179181 0.018875 0.019001 0.0183365 0.0170312 0.0153006 0.0133724 0.01144 0.00963635 0.00802929 0.00663503 0.00543873 0.00441387
 1.01313e-16 3.1735e-05 0.000186254 0.000885356 0.00340865 0.0106296 0.0268495 0.0549379 0.091067 0.122304 0.133102 0.11743 0.0841141 0.049198 0.0240789 0.0109508 0.00636875 0.00626575 0.00813763 0.0108562 0.0139112 0.0169434 0.0196024 0.0215618 0.0225825 0.0225651 0.0215706 0.0197969 0.0175238 0.0150449 0.012608 0.0103814 0.00844791 0.00682165 0.00547446 0.0043616
 1.02871e-16 2.03198e-05 0.00011922 0.000566631 0.00218142 0.00680242 0.0171827 0.0351604 0.058291 0.0783099 0.085287 0.0753965 0.0543362 0.0324477 0.0171255 0.00989443 0.00867155 0.0109442 0.0151275 0.0204078 0.0262368 0.0320454 0.0372014 0.0410981 0.0432813 0.04355 0.041995 0.038958 0.0349338 0.0304468 0.0259449 0.0217381 0.0179889 0.0147409 0.0119649 0.00960322
 1.05859e-16 1.95902e-05 0.000114947 0.000546345 0.00210335 0.006559 0.0165677 0.0339011 0.0562005 0.0754927 0.0821957 0.0726091 0.0522089 0.0309414 0.0159037 0.00853055 0.00678496 0.00823723 0.0113913 0.0155467 0.0203154 0.0253312 0.0301781 0.0344304 0.0377297 0.0398491 0.0407236 0.0404349 0.0391639 0.0371291 0.0345368 0.031555 0.0283132 0.0249173 0.0214679 0.0180698
 1.04758e-16 2.90512e-05 0.000170503 0.000810486 0.0031204 0.00973067 0.0245789 0.0502917 0.0833645 0.111957 0.121835 0.107474 0.0769479 0.044938 0.021869 0.00974147 0.00539855 0.00512394 0.00664783 0.0089805 0.0117185 0.014611 0.0174157 0.0198952 0.0218544 0.0231758 0.0238339 0.0238829 0.0234256 0.0225762 0.0214307 0.0200549 0.0184886 0.0167601 0.0149028 0.0129647
 1.031e-16 2.8722e-05 0.000168563 0.000801249 0.00308481 0.00961965 0.0242986 0.0497188 0.082417 0.110692 0.120475 0.106316 0.0762113 0.0446926 0.0220926 0.0104186 0.00657595 0.00690261 0.00913984 0.012257 0.0157618 0.0192797 0.0224323 0.0248634 0.0263089 0.0266546 0.0259568 0.0244166 0.0223195 0.0199613 0.0175863 0.0153529 0.0133314 0.0115261 0.00990562 0.00843227
 1.01657e-16 3.33332e-05 0.000195641 0.000929995 0.00358054 0.0111656 0.0282034 0.0577078 0.0956567 0.128463 0.139791 0.123299 0.0882479 0.0514741 0.0249292 0.010893 0.00572325 0.00513268 0.00649278 0.00864586 0.0111123 0.0135965 0.0158245 0.0175413 0.018556 0.0187819 0.0182525 0.0171045 0.0155374 0.0137622 0.0119582 0.0102485 0.00869663 0.00731927 0.00610595 0.00503704
 1.01059e-16 3.3619e-05 0.000197317 0.00093796 0.0036112 0.0112612 0.0284449 0.0582021 0.0964765 0.129565 0.140994 0.124368 0.0890299 0.0519647 0.0252305 0.0111317 0.00599878 0.00550841 0.00700438 0.00930609 0.0119086 0.0144864 0.016734 0.0183709 0.0191928 0.0191176 0.0182025 0.0166233 0.0146265 0.012469 0.0103668 0.00846531 0.00683389 0.00548086 0.00437699 0.00347842
 1.01579e-16 2.78441e-05 0.000163404 0.000776713 0.00299032 0.00932499 0.0235543 0.0481964 0.079895 0.107309 0.116807 0.10311 0.0739809 0.0435209 0.0217664 0.0106868 0.00730447 0.00808372 0.0108317 0.0145207 0.0186157 0.0226703 0.0262203 0.0288289 0.0301747 0.030124 0.0287582 0.026343 0.0232551 0.01989 0.0165832 0.013564 0.0109471 0.00875409 0.00694896 0.00547174
 1.02499e-16 2.77508e-05 0.000162861 0.000774137 0.00298042 0.00929411 0.0234763 0.0480364 0.0796286 0.106948 0.116404 0.102732 0.07366 0.0432333 0.0214408 0.0102303 0.00662102 0.00708467 0.00944657 0.0127143 0.0164092 0.0201578 0.0235748 0.0262892 0.0280142 0.0286069 0.0280924 0.0266425 0.0245209 0.022014 0.0193717 0.0167744 0.0143273 0.0120766 0.0100343 0.00819909
 1.02932e-16 2.77703e-05 0.000162975 0.000774682 0.00298252 0.00930067 0.0234929 0.0480702 0.0796846 0.107023 0.116485 0.102801 0.0737055 0.0432514 0.0214337 0.0101996 0.00656465 0.00699619 0.00931725 0.0125353 0.0161741 0.0198648 0.0232289 0.0259034 0.0276104 0.0282145 0.027746 0.0263783 0.0243725 0.0220082 0.0195244 0.0170878 0.0147894 0.0126622 0.0107077 0.00891899
 1.0174e-16 3.45125e-05 0.000202567 0.000962928 0.00370735 0.011561 0.0292022 0.0597513 0.0990429 0.133008 0.144728 0.127633 0.0913056 0.0531686 0.0255834 0.0108951 0.00531741 0.00440092 0.00542454 0.0072057 0.009282 0.0113973 0.0133261 0.0148592 0.0158373 0.0161831 0.0159148 0.0151324 0.0139864 0.0126372 0.011222 0.00983566 0.00852946 0.00732106 0.00621009 0.00519154
 1.01514e-16 3.01354e-05 0.00017686 0.000840689 0.00323666 0.0100932 0.0254947 0.0521663 0.086474 0.11614 0.126404 0.111547 0.0799558 0.0468787 0.0231541 0.010885 0.00681974 0.00710969 0.00937694 0.0125306 0.0160441 0.0195145 0.0225372 0.0247352 0.0258344 0.0257261 0.024489 0.0223623 0.0196794 0.0167872 0.0139761 0.0114399 0.00926942 0.00747267 0.00600721 0.00481168
 1.02102e-16 2.85666e-05 0.00016765 0.000796905 0.00306808 0.00956749 0.0241668 0.0494493 0.0819704 0.110092 0.119825 0.105747 0.0758131 0.044479 0.0220246 0.0104505 0.00668347 0.00708573 0.00941353 0.0126415 0.0162753 0.0199325 0.0232215 0.0257692 0.0272924 0.0276578 0.0269064 0.0252305 0.0229153 0.020267 0.0175497 0.0149502 0.0125719 0.0104512 0.0085848 0.0069532
 1.02305e-16 3.00676e-05 0.000176465 0.000838822 0.00322948 0.0100708 0.0254381 0.0520502 0.0862805 0.115877 0.126109 0.111266 0.07971 0.0466453 0.022874 0.0104808 0.00620949 0.00621601 0.00813743 0.0109139 0.0140688 0.0172649 0.0201674 0.0224585 0.0238949 0.0243595 0.0238807 0.0226136 0.0207906 0.018661 0.0164391 0.0142751 0.0122518 0.0103995 0.00871912 0.0072021
 1.03341e-16 2.29734e-05 0.000134805 0.000640736 0.00246676 0.00769228 0.0194303 0.0397587 0.0659109 0.088536 0.0963962 0.0851508 0.0612209 0.0362685 0.0186114 0.00992167 0.00779231 0.00934559 0.0127867 0.0172426 0.0221998 0.0271735 0.0316365 0.0350834 0.0371333 0.0376127 0.0365873 0.034328 0.0312301 0.0277118 0.0241282 0.0207225 0.0176203 0.014855 0.0124072 0.0102403
pSPR Fmed_Fpbrs
0.592096   0.344284 0.344284
Fs Fmed_Fpbrs
0.36411   1.005 1.005
SSBpbr Bo_Bmed_Bpbrs
973416  527685  286460 286460
Ro
39340.1
SPR SPRFo_SPRFmed_SPRFpbrs
809368 479223 278652
log_Ro
10.4
likeval ReclasPelacesDesembMPH_pf_preclas_ppelaces_ptallas_desvR_qrecl_qpela
 74.5354 44.8713 0.0077367 0.000879575 286.429 165.717 80.317 0 16.0548 3.61128e-05 0 0 0 0 0
q_reclas_q_pelaces
0.426751 1
M
0.7
N
 29362 15215.6 6106.08 765.382 0.258433
 43028.8 13485.5 4695.35 1884.26 236.267
 16252.3 19455.2 3782.43 1316.95 594.766
 38547.4 6705.47 3123.67 607.297 306.941
 71030.4 18245.5 2485.98 1158.07 338.944
 42123.5 35024.2 8678.57 1182.47 712.059
 76846.6 19678.6 11988.2 2970.52 648.462
 91034.8 36589.5 7563.38 4607.59 1390.94
 132966 41732.4 11162.4 2307.37 1829.98
 169277 60973.8 12755.5 3411.79 1264.58
 66936.4 79961.3 22328.1 4670.96 1712.45
 37735.4 30629.2 24123.9 6736.27 1925.84
 44704.1 17400.3 9683.43 7626.79 2738.53
 22227.9 19666.2 4129.83 2298.29 2460.12
 16091.5 8909.33 2647.16 555.894 640.503
 18209.3 6394.28 1137.75 338.05 152.784
 13891.2 8242.26 1805.49 321.255 138.592
 14055.2 6444.52 2704.21 592.364 150.871
 14922.8 6647.04 2376.88 997.372 274.122
 34021.5 7087.44 2515.93 899.658 481.265
 41447.6 16110.6 2634.84 935.329 513.375
 49647.5 20178.2 7089.88 1159.53 637.538
 71094.7 24055.3 8625.82 3030.8 768.213
 47478.6 34247.4 9925.65 3559.17 1567.54
pred_Ctot
 1593.24 4256.87 1708.3 214.131 0.0723017
 2784.45 4360.21 1518.12 609.227 76.3909
 1998.35 10081.4 1960.01 682.428 308.2
 1301.94 1242.8 578.944 112.557 56.8887
 359.92 554.454 75.5451 35.1919 10.3
 1801.14 7995.54 1981.2 269.941 162.553
 2281.32 3246.24 1977.6 490.025 106.972
 5054.54 10434.8 2156.97 1314.02 396.676
 7355.02 11864.3 3173.41 655.973 520.253
 5953.51 11717.6 2451.28 655.657 243.02
 3798.4 23220.4 6483.97 1356.42 497.287
 1946.75 8213.2 6468.81 1806.32 516.413
 3694.43 6811.73 3790.79 2985.67 1072.05
 3121.15 11078.4 2326.44 1294.68 1385.85
 2342 5128.25 1523.71 319.975 368.676
 1165.13 2048.68 364.527 108.309 48.9508
 659.549 2059.57 451.155 80.275 34.6313
 482.955 1212.99 508.987 111.495 28.397
 468.969 1154.59 412.862 173.243 47.6148
 1138.47 1302.71 462.441 165.362 88.459
 585.879 1327.72 217.145 77.0831 42.3087
 868.605 2036.89 715.689 117.049 64.3564
 1533.68 2956.6 1060.19 372.51 94.4198
 1136.13 4635.35 1343.42 481.729 212.165
F
 0.0780823 0.47575 0.47575 0.47575 0.47575
 0.0937564 0.571252 0.571252 0.571252 0.571252
 0.185314 1.1291 1.1291 1.1291 1.1291
 0.0479665 0.292257 0.292257 0.292257 0.292257
 0.00706791 0.0430643 0.0430643 0.0430643 0.0430643
 0.0610741 0.37212 0.37212 0.37212 0.37212
 0.0420511 0.256215 0.256215 0.256215 0.256215
 0.0799629 0.487209 0.487209 0.487209 0.487209
 0.0796521 0.485315 0.485315 0.485315 0.485315
 0.0499923 0.3046 0.3046 0.3046 0.3046
 0.0817896 0.498338 0.498338 0.498338 0.498338
 0.0741084 0.451538 0.451538 0.451538 0.451538
 0.121165 0.738253 0.738253 0.738253 0.738253
 0.214251 1.30541 1.30541 1.30541 1.30541
 0.222889 1.35805 1.35805 1.35805 1.35805
 0.0926603 0.564573 0.564573 0.564573 0.564573
 0.0680237 0.414464 0.414464 0.414464 0.414464
 0.0488174 0.297441 0.297441 0.297441 0.297441
 0.0445645 0.271529 0.271529 0.271529 0.271529
 0.0475141 0.2895 0.2895 0.2895 0.2895
 0.0198281 0.120811 0.120811 0.120811 0.120811
 0.0245928 0.149842 0.149842 0.149842 0.149842
 0.0304013 0.185233 0.185233 0.185233 0.185233
 0.0337729 0.205776 0.205776 0.205776 0.205776
nmprior
 10 10 8 0
nm_flota  nm_reclas  nm_pelaces    nm_pelaL
inf 20.5944 18.2458 32.6134
cv_recla  cv_pelaces  cv_mph
0.799296 0.788223 0.96222
 ------------------------------------------------
Talla a la edad & desviación 
 7.2 14.2025 17.0495 18.207 18.6776
 1.08 2.13037 2.55742 2.73105 2.80164
