years
 1997 1998 1999 2000 2001 2002 2003 2004 2005 2006 2007 2008 2009 2010 2011 2012 2013 2014 2015 2016 2017 2018 2019 2020
reclasobs
 0 0 0 370054 412103 1.49427e+06 250295 1.28982e+06 931140 785840 897777 1.04006e+06 184774 17550 25797 100020 73551 82996 120727 218422 84188 347160 605670 569463
reclaspred
 1.13948e+06 218932 441063 175301 286226 361449 746348 619387 692200 859439 868465 650162 375675 143587 81498.8 75116.9 80984.9 107519 122663 135966 209788 217499 348678 317598
pelacesobs
 0 0 0 0 0 0 0 0 0 2.06254e+06 1.5e+06 0 1.87456e+06 323000 250000 174000 83755 137374 0 501740 490994 745055 786931 1.00524e+06
pelacespred
 3.10409e+06 900020 645532 545734 876410 775594 2.13287e+06 1.92523e+06 1.97509e+06 2.60239e+06 2.20247e+06 1.69923e+06 955073 291556 167302 171070 187769 267069 306134 315212 609300 606328 701300 727667
mphobs
 0 0 0 0 0 112323 0 153150 637223 0 255016 313432 73983 77613 109348 50772 0 0 0 0 0 0 0 0
mphpred
 339013 146936 139247 75331.5 71567.9 151339 179686 285832 264828 300455 381917 278778 177088 92898.5 43883.8 31720.1 29808.8 36483.2 46215.7 46305.1 63615.1 83916 100346 118965
desembarqueobs
 350755 77701 442110 56441 14545 235359 269955 359681 431902 328805 639364 411747 362871 311530 167758 66681 60226 58785 57116 71774 51957 67425 138520 160799
desembarquepred
 350734 77670 441668 56428.9 14544.4 235303 269957 359275 431586 328603 638472 411247 362343 311086 167291 66625.7 60209.9 58724 57052.2 71718.6 51948.5 67377.5 138448 160743
Reclutas
 21889.8 43493 7559.84 12285.3 39578 18894.1 62594.1 61497.4 74735.8 113322 70395.1 48960.9 49652.1 28903.6 12972.6 10061.4 7710.98 9158.25 8368.19 11113.9 17238.7 20919.4 29072.4 19565.2
log_desv_Rt
 -0.106224 0.580354 -1.16939 -0.683838 0.486029 -0.253394 0.944426 0.92675 1.12171 1.53799 1.06188 0.698777 0.712796 0.171721 -0.629403 -0.883534 -1.1496 -0.97759 -1.06781 -0.784047 -0.345088 -0.151569 0.177544 -0.218492
SSB
 550768 238715 226224 122385 116271 245868 291922 464369 430245 488126 620471 452908 287701 150925 71294.6 51533.2 48428.1 59271.3 75083.1 75228.3 103350 136332 163024 193273
BT
 1.26372e+06 370188 414364 214198 314761 372668 1.10369e+06 1.03502e+06 1.1333e+06 1.23287e+06 1.26167e+06 898186 696354 398470 204615 112442 114602 140247 133727 159869 247081 221217 292565 330159
Ftot
 0.731791 0.972743 2.05344 0.784863 0.167992 1.46314 1.15459 1.67833 1.8137 1.19238 1.82816 1.53354 2.44433 4.8038 4.95303 2.35603 2.05325 1.54801 1.17948 1.39358 0.715154 0.792133 0.986445 1.21399
BD_Bspro_t
 0.925357 0.628084 0.512362 0.225302 0.321767 0.550344 0.446217 0.518399 0.455192 0.44144 0.464422 0.324391 0.234646 0.152847 0.08845 0.0794908 0.103315 0.168662 0.249259 0.297904 0.399901 0.532037 0.533549 0.496376
BD_Bspro
 1.09972 0.476645 0.451704 0.244368 0.232159 0.490928 0.582884 0.927212 0.859076 0.974646 1.2389 0.904327 0.574455 0.301353 0.142355 0.102897 0.0966969 0.118348 0.149919 0.150209 0.206361 0.272215 0.325513 0.385911
BD_Bo
 0.745422 0.323083 0.306177 0.165639 0.157364 0.332764 0.395094 0.628489 0.582304 0.660641 0.839761 0.612977 0.389381 0.204265 0.0964918 0.0697463 0.0655437 0.0802192 0.101619 0.101816 0.139877 0.184515 0.220641 0.261581
BD_Brms
 1.94855 0.844543 0.800351 0.432983 0.411351 0.86985 1.03278 1.64288 1.52215 1.72693 2.19515 1.60233 1.01785 0.533953 0.252231 0.182318 0.171332 0.209694 0.265634 0.266148 0.365641 0.482324 0.57676 0.683776
S_f
 0.0807064 0.625194 0.969412 0.998342 0.999913
 0.0807064 0.625194 0.969412 0.998342 0.999913
 0.0807064 0.625194 0.969412 0.998342 0.999913
 0.0807064 0.625194 0.969412 0.998342 0.999913
 0.0807064 0.625194 0.969412 0.998342 0.999913
 0.0807064 0.625194 0.969412 0.998342 0.999913
 0.0807064 0.625194 0.969412 0.998342 0.999913
 0.0807064 0.625194 0.969412 0.998342 0.999913
 0.0807064 0.625194 0.969412 0.998342 0.999913
 0.0807064 0.625194 0.969412 0.998342 0.999913
 0.0807064 0.625194 0.969412 0.998342 0.999913
 0.0807064 0.625194 0.969412 0.998342 0.999913
 0.0807064 0.625194 0.969412 0.998342 0.999913
 0.0807064 0.625194 0.969412 0.998342 0.999913
 0.0807064 0.625194 0.969412 0.998342 0.999913
 0.0807064 0.625194 0.969412 0.998342 0.999913
 0.0807064 0.625194 0.969412 0.998342 0.999913
 0.0807064 0.625194 0.969412 0.998342 0.999913
 0.0807064 0.625194 0.969412 0.998342 0.999913
 0.0807064 0.625194 0.969412 0.998342 0.999913
 0.0807064 0.625194 0.969412 0.998342 0.999913
 0.0807064 0.625194 0.969412 0.998342 0.999913
 0.0807064 0.625194 0.969412 0.998342 0.999913
 0.0807064 0.625194 0.969412 0.998342 0.999913
Scru_reclas
 0.271656 0.652423 0.904275 0.979399 0.995838
 0.271656 0.652423 0.904275 0.979399 0.995838
 0.271656 0.652423 0.904275 0.979399 0.995838
 0.271656 0.652423 0.904275 0.979399 0.995838
 0.271656 0.652423 0.904275 0.979399 0.995838
 0.271656 0.652423 0.904275 0.979399 0.995838
 0.271656 0.652423 0.904275 0.979399 0.995838
 0.271656 0.652423 0.904275 0.979399 0.995838
 0.271656 0.652423 0.904275 0.979399 0.995838
 0.271656 0.652423 0.904275 0.979399 0.995838
 0.271656 0.652423 0.904275 0.979399 0.995838
 0.271656 0.652423 0.904275 0.979399 0.995838
 0.271656 0.652423 0.904275 0.979399 0.995838
 0.271656 0.652423 0.904275 0.979399 0.995838
 0.271656 0.652423 0.904275 0.979399 0.995838
 0.271656 0.652423 0.904275 0.979399 0.995838
 0.271656 0.652423 0.904275 0.979399 0.995838
 0.271656 0.652423 0.904275 0.979399 0.995838
 0.271656 0.652423 0.904275 0.979399 0.995838
 0.271656 0.652423 0.904275 0.979399 0.995838
 0.271656 0.652423 0.904275 0.979399 0.995838
 0.271656 0.652423 0.904275 0.979399 0.995838
 0.271656 0.652423 0.904275 0.979399 0.995838
 0.271656 0.652423 0.904275 0.979399 0.995838
Scru_pelaces
 0.394112 1 1 1 1
 0.394112 1 1 1 1
 0.394112 1 1 1 1
 0.394112 1 1 1 1
 0.394112 1 1 1 1
 0.394112 1 1 1 1
 0.394112 1 1 1 1
 0.394112 1 1 1 1
 0.394112 1 1 1 1
 0.394112 1 1 1 1
 0.394112 1 1 1 1
 0.394112 1 1 1 1
 0.394112 1 1 1 1
 0.394112 1 1 1 1
 0.394112 1 1 1 1
 0.394112 1 1 1 1
 0.394112 1 1 1 1
 0.394112 1 1 1 1
 0.394112 1 1 1 1
 0.394112 1 1 1 1
 0.394112 1 1 1 1
 0.394112 1 1 1 1
 0.394112 1 1 1 1
 0.394112 1 1 1 1
pf_obs 
 0.256992 0.487395 0.22802 0.0275931 0
 0.321318 0.546541 0.124235 0.00734118 0.000564706
 0.182869 0.594174 0.210203 0.0122559 0.00049798
 0.330522 0.361315 0.267642 0.0388342 0.00168674
 0.649043 0.306663 0.0425973 0.00169635 0
 0.582887 0.30429 0.105238 0.00758474 0
 0.465427 0.430635 0.0974691 0.00646863 0
 0.296916 0.608066 0.0921331 0.00288517 0
 0.311714 0.524322 0.152257 0.0117073 0
 0.15457 0.633149 0.183074 0.0267441 0.00246327
 0.131901 0.49318 0.331252 0.0422183 0.00144891
 0.196976 0.569456 0.194076 0.0375587 0.00193317
 0.518974 0.381816 0.0799577 0.0180837 0.00116848
 0.0928022 0.601141 0.25162 0.0475244 0.00691264
 0.122501 0.610282 0.24278 0.0234846 0.000952079
 0.383417 0.481906 0.127806 0.00687128 0
 0.0376549 0.599619 0.316969 0.0457579 0
 0.0361596 0.667082 0.258105 0.0386534 0
 0.158088 0.579412 0.248529 0.0139706 0
 0.0477256 0.309471 0.559284 0.082774 0.000745712
 0.0406174 0.521527 0.379366 0.0568643 0.0016247
 0.151134 0.462217 0.34131 0.0453401 0
 0.294876 0.26143 0.354403 0.0886775 0.000613685
 0.281977 0.475581 0.204845 0.0348837 0.00271318
pf_pred 
 0.124068 0.58844 0.254641 0.0328423 8.5205e-06
 0.269962 0.395539 0.262447 0.0641153 0.00793594
 0.0568663 0.755991 0.129585 0.0456092 0.0119482
 0.204342 0.342514 0.412415 0.0288081 0.0119204
 0.391274 0.42134 0.107608 0.0728809 0.00689675
 0.12439 0.718269 0.123106 0.0199227 0.0143118
 0.426994 0.340549 0.210842 0.0171216 0.00449319
 0.264018 0.656105 0.0593448 0.018709 0.001823
 0.299676 0.562557 0.130768 0.00528145 0.00171736
 0.332212 0.558391 0.0989419 0.0099556 0.00049906
 0.179001 0.681823 0.126719 0.0113198 0.00113641
 0.175274 0.599243 0.207377 0.0165793 0.00152653
 0.263159 0.535053 0.172024 0.0274998 0.00226364
 0.271992 0.637574 0.0797327 0.00922825 0.00147278
 0.276987 0.683896 0.0381804 0.000838881 9.74659e-05
 0.31498 0.645136 0.0395054 0.000371588 7.8607e-06
 0.243757 0.657346 0.0966769 0.00220054 1.95511e-05
 0.291566 0.571624 0.128963 0.00768304 0.000164438
 0.222064 0.634497 0.129153 0.0135102 0.000775291
 0.273836 0.531075 0.175113 0.0180761 0.00190037
 0.296219 0.557045 0.12469 0.0198979 0.00214796
 0.234127 0.584554 0.157861 0.0200551 0.00340267
 0.255663 0.53141 0.181711 0.0273267 0.00389006
 0.158651 0.639478 0.16662 0.0302865 0.00496471
pobs_RECLAS
 0 0 0 0 0
 0 0 0 0 0
 0 0 0 0 0
 0 0 0 0 0
 0.835266 0.146461 0.0176864 0.000547809 3.91292e-05
 0.385257 0.428462 0.181853 0.0044286 0
 0.867414 0.0963971 0.0333333 0.00285562 0
 0.441836 0.489002 0.0689373 0.000224442 0
 0.779404 0.147425 0.0564933 0.0165055 0.000172143
 0.814271 0.122319 0.05973 0.00367925 0
 0.40263 0.566651 0.0304383 0.000280538 0
 0.475488 0.404961 0.113038 0.00651328 0
 0.955842 0.0263864 0.0167828 0.000988607 0
 0.975058 0.0227948 0.00214734 0 0
 0.738997 0.206755 0.0527124 0.00153531 0
 0.850938 0.134255 0.0134407 0.00136685 0
 0.542534 0.407297 0.0501686 0 0
 0.764087 0.199537 0.0359546 0.000420521 0
 0.470689 0.182191 0.310203 0.0369168 0
 0.84361 0.089868 0.0606195 0.00523954 0.000663233
 0.607945 0.314616 0.071237 0.00620181 0
 0.523733 0.453247 0.0230204 0 0
 0.530135 0.295979 0.169645 0.0042399 0
 0.562478 0.366248 0.0663022 0.0049721 0
ppred_RECLAS
 0.329517 0.469591 0.176943 0.0239428 6.30514e-06
 0.570464 0.247681 0.141178 0.0361375 0.00453997
 0.187151 0.678767 0.0916536 0.0335198 0.00890865
 0.480343 0.241217 0.252201 0.0184777 0.00776077
 0.681974 0.226377 0.0514752 0.0366525 0.00352105
 0.337948 0.559242 0.079561 0.0134464 0.00980234
 0.73012 0.170567 0.0896629 0.00762052 0.00202967
 0.564783 0.395509 0.0291715 0.00958781 0.000947969
 0.614807 0.32159 0.0602332 0.00253328 0.000835801
 0.635751 0.312215 0.0468503 0.0049326 0.00025095
 0.447458 0.474333 0.0709389 0.00659813 0.000672086
 0.438921 0.427749 0.122181 0.0101956 0.000952615
 0.592638 0.316556 0.0770007 0.0127414 0.00106381
 0.670864 0.305124 0.021151 0.00246253 0.000398007
 0.674435 0.315774 0.00955625 0.00021079 2.47996e-05
 0.637543 0.346108 0.0161878 0.000157749 3.38499e-06
 0.548549 0.403577 0.0467579 0.0011059 9.96822e-06
 0.59929 0.334536 0.0622218 0.00386867 8.40222e-05
 0.500899 0.418526 0.0722105 0.00790445 0.000460364
 0.577781 0.322791 0.0888253 0.00958047 0.00102214
 0.589498 0.333386 0.0650346 0.010889 0.00119317
 0.512727 0.383373 0.0898637 0.011974 0.00206213
 0.546859 0.336551 0.0987776 0.0155634 0.00224869
 0.401202 0.471794 0.103948 0.0197676 0.00328866
pobs_PELACES
 0 0 0 0 0
 0 0 0 0 0
 0 0 0 0 0
 0 0 0 0 0
 0 0 0 0 0
 0 0 0 0 0
 0 0 0 0 0
 0 0 0 0 0
 0 0 0 0 0
 0 0 0 0 0
 0.450072 0.473896 0.0757376 0.000293798 0
 0 0 0 0 0
 0.463077 0.371075 0.160297 0.00555027 0
 0.529543 0.364841 0.0842815 0.0213345 0
 0.631943 0.363953 0.00410389 0 0
 0.735681 0.248677 0.0153453 0.000297389 0
 0.695825 0.281241 0.0229344 0 0
 0.275771 0.60734 0.115278 0.00161068 0
 0 0 0 0 0
 0.896147 0.0623911 0.0374545 0.00400742 0
 0.803859 0.145111 0.0509908 3.86294e-05 0
 0.739449 0.233085 0.0266225 0.000797448 4.60066e-05
 0.878498 0.100942 0.0204185 0.000141795 0
 0.694673 0.275183 0.0284847 0.00165964 0
ppred_PELACES
 0.371561 0.4905 0.12271 0.015224 3.94144e-06
 0.639272 0.246215 0.0906626 0.021229 0.00262165
 0.253855 0.672584 0.0518923 0.0171823 0.00448643
 0.552835 0.254729 0.175763 0.0118008 0.00487264
 0.697162 0.237225 0.0381827 0.0250621 0.00236766
 0.401309 0.539417 0.0468893 0.00721528 0.00516915
 0.785035 0.157457 0.0523782 0.00406514 0.00106421
 0.633235 0.346532 0.0152397 0.00455114 0.000442169
 0.692029 0.276076 0.030361 0.00115873 0.000375635
 0.683818 0.286373 0.0270768 0.0026023 0.000130128
 0.530886 0.428099 0.0375307 0.00316726 0.000316991
 0.518622 0.405374 0.0701855 0.0053289 0.000489292
 0.70427 0.256171 0.0340579 0.00508332 0.000416882
 0.826944 0.167621 0.00485767 0.000498772 7.90861e-05
 0.829377 0.168482 0.00209579 4.07113e-05 4.69858e-06
 0.721822 0.271114 0.0070005 6.15858e-05 1.29811e-06
 0.635395 0.341508 0.0226082 0.000484124 4.28713e-06
 0.666789 0.29776 0.0335142 0.00189571 4.046e-05
 0.555512 0.396731 0.0431933 0.00431657 0.000247101
 0.646904 0.297251 0.0503753 0.0049503 0.000519054
 0.622965 0.327335 0.0424755 0.00652169 0.000702556
 0.553653 0.379342 0.0586333 0.00715905 0.00121206
 0.600725 0.327149 0.0619325 0.00892512 0.00126762
 0.461855 0.461352 0.0638906 0.0110887 0.0018132
pobs_pel_tallas
 0 0 0 0 0 0 0 0 0 0 0 0 0 0 0 0 0 0 0 0 0 0 0 0 0 0 0 0 0 0 0 0 0 0 0 0
 0 0 0 0 0 0 0 0 0 0 0 0 0 0 0 0 0 0 0 0 0 0 0 0 0 0 0 0 0 0 0 0 0 0 0 0
 0 0 0 0 0 0 0 0 0 0 0 0 0 0 0 0 0 0 0 0 0 0 0 0 0 0 0 0 0 0 0 0 0 0 0 0
 0 0 0 0 0 0 0 0 0 0 0 0 0 0 0 0 0 0 0 0 0 0 0 0 0 0 0 0 0 0 0 0 0 0 0 0
 0 0 0 0 0 0 0 0 0 0 0 0 0 0 0 0 0 0 0 0 0 0 0 0 0 0 0 0 0 0 0 0 0 0 0 0
 0 0 0 0 0 0 0 0 0 0 0 0 0 0 0 0 0 0 0 0 0 0 0 0 0 0 0 0 0 0 0 0 0 0 0 0
 0 0 0 0 0 0 0 0 0 0 0 0 0 0 0 0 0 0 0 0 0 0 0 0 0 0 0 0 0 0 0 0 0 0 0 0
 0 0 0 0 0 0 0 0 0 0 0 0 0 0 0 0 0 0 0 0 0 0 0 0 0 0 0 0 0 0 0 0 0 0 0 0
 0 0 0 0 0 0 0 0 0 0 0 0 0 0 0 0 0 0 0 0 0 0 0 0 0 0 0 0 0 0 0 0 0 0 0 0
 0 0 0 0 0 0 0 0 0 0 0 0 0 0 0 0 0 0 0 0 0 0 0 0 0 0 0 0 0 0 0 0 0 0 0 0
 0 0 0 0 0 0 0 0 1.78061e-05 0.00172719 0.00360574 0.0105946 0.0120993 0.0124554 0.0147524 0.0171206 0.0266825 0.0428682 0.0675386 0.121331 0.153587 0.119568 0.100827 0.0573624 0.0630603 0.0341343 0.0324427 0.0444173 0.0211091 0.0280891 0.0125444 0.00206551 0 0 0 0
 0 0 0 0 0 0 0 0 0 0 0 0 0 0 0 0 0 0 0 0 0 0 0 0 0 0 0 0 0 0 0 0 0 0 0 0
 0 0 0 0 0 0 0.0133647 0.0140871 0.0187388 0.0205184 0.03894 0.0496705 0.03968 0.0493445 0.0407372 0.0367815 0.0215668 0.0243155 0.0234873 0.0199281 0.019796 0.0243948 0.0301388 0.0376714 0.0412746 0.0863199 0.0771752 0.113111 0.0741005 0.0525337 0.0229764 0.00759418 0.00175318 0 0 0
 0 0 0 0 0 0 0 0 0 0 0.00219441 0.00772107 0.0458388 0.0604681 0.0671733 0.0775358 0.0609151 0.0617685 0.073594 0.0568108 0.0755445 0.0548602 0.0670107 0.0636378 0.0643287 0.046367 0.0373049 0.0286899 0.0247887 0.0153202 0.00654259 0.00121912 0.000365735 0 0 0
 0 0 0 0 0 0 0 0 0 0 0 0 0.000112435 0.00938835 0.0111873 0.0202946 0.0414886 0.0713402 0.111592 0.104902 0.108894 0.110636 0.117776 0.105296 0.107544 0.0401394 0.0192827 0.0124803 0.00416011 0.0028671 0.000618394 0 0 0 0 0
 0 0 0 0 0 0 0 0 0 0 0.00291406 0.0102884 0.027416 0.0768956 0.0749926 0.110853 0.0956884 0.0897413 0.0766577 0.0534642 0.0500743 0.0551293 0.0594112 0.0620874 0.0668451 0.0424026 0.0208742 0.0120726 0.0048766 0.00582813 0.00118941 0.000297354 0 0 0 0
 0 0.00264628 0.0354308 0.0461629 0.0458689 0.0383711 0.0214643 0.0164657 0.0346957 0.0420465 0.0363128 0.0245516 0.0311673 0.0291091 0.0169068 0.0133784 0.00837989 0.0085269 0.0148486 0.0160247 0.0276389 0.0546898 0.0760071 0.122758 0.109233 0.0665981 0.0333725 0.0166128 0.00676272 0.00308733 0.000882094 0 0 0 0 0
 0 0 0 0 0 0 0 0.000805153 0.000690131 0.00759144 0.0133425 0.0154129 0.00931677 0.000345066 0.00356568 0.00563607 0.00851162 0.0253048 0.0502646 0.0516448 0.0657925 0.0565908 0.0611916 0.0827007 0.0866115 0.110766 0.145733 0.0935128 0.0569358 0.0249597 0.0138026 0.00621118 0.00161031 0.00115022 0 0
 0 0 0 0 0 0 0 0 0 0 0 0 0 0 0 0 0 0 0 0 0 0 0 0 0 0 0 0 0 0 0 0 0 0 0 0
 0.00147267 0.00158595 0.00478618 0.00569244 0.00954404 0.0108468 0.00647125 0.017049 0.0510054 0.094081 0.124002 0.0959785 0.0687766 0.0820023 0.061753 0.0591476 0.0492212 0.0479892 0.0443925 0.0268479 0.0217502 0.0140895 0.0121071 0.0120363 0.00920419 0.00665534 0.0049561 0.00860946 0.00930331 0.0156896 0.0114698 0.00855282 0.00243557 0.00046729 0 2.83206e-05
 0 0 0 0 0.000772559 0.00158375 0.000888443 0.00281984 0.00712685 0.0440552 0.0773331 0.111326 0.0921469 0.0852325 0.0710754 0.0886704 0.0786465 0.0553345 0.0373146 0.0185414 0.00753245 0.00457741 0.012979 0.0271748 0.0457355 0.0583668 0.034881 0.0177882 0.00938659 0.00492506 0.0015258 0.00185414 0.000309023 5.79419e-05 3.86279e-05 0
 0 0.00173294 0.00326652 0 0.00397197 0.00683976 0.00946217 0.0152591 0.00757587 0.0136028 0.0228656 0.0392903 0.0559909 0.0764795 0.0681675 0.0726916 0.0566044 0.0477403 0.0527397 0.0444891 0.0609904 0.0582453 0.0661739 0.0445044 0.0529084 0.0360697 0.0280645 0.0235558 0.0158879 0.00826598 0.00280645 0.00217768 0.000904811 0.00058276 9.20147e-05 0
 0 0 0 0 0 0 0 0 0 0 0 0 0 0 0 0 0 0 0 0 0 0 0 0 0 0 0 0 0 0 0 0 0 0 0 0
 0 0 0 0 0 0 0 0 0 0 0 0 0 0 0 0 0 0 0 0 0 0 0 0 0 0 0 0 0 0 0 0 0 0 0 0
ppred_pel_tallas
 1.02425e-16 1.62346e-05 9.52271e-05 0.000452547 0.00174213 0.00543249 0.0137225 0.0280813 0.0465603 0.0625666 0.0681836 0.0603777 0.0437328 0.0265572 0.0148229 0.00982686 0.00998398 0.0133425 0.0186408 0.0251564 0.0322904 0.0393475 0.0455382 0.0501058 0.0524889 0.0524486 0.0501167 0.0459444 0.0405766 0.0346956 0.0288844 0.0235473 0.0188944 0.0149768 0.011745 0.00910562
 1.0222e-16 2.78981e-05 0.000163724 0.000778241 0.00299622 0.00934338 0.0236008 0.0482911 0.080051 0.107516 0.117023 0.103282 0.0740624 0.0434851 0.0215942 0.0103501 0.00675806 0.00727084 0.00969959 0.0130402 0.0168012 0.0205944 0.0240187 0.0266903 0.0283163 0.0287565 0.0280482 0.0263831 0.0240487 0.0213544 0.0185684 0.0158817 0.0134018 0.0111701 0.00918853 0.00744309
 1.01756e-16 1.11093e-05 6.51204e-05 0.00030938 0.00119084 0.00371327 0.00938012 0.0191978 0.0318409 0.0428171 0.04674 0.0415764 0.0305218 0.0193456 0.0122518 0.01027 0.0124544 0.0175607 0.0247161 0.0332698 0.0424877 0.0514248 0.0590004 0.0641958 0.0662861 0.0650147 0.0606554 0.0539303 0.0458242 0.0373524 0.0293603 0.0224056 0.0167365 0.0123471 0.00907108 0.00667535
 1.03212e-16 2.41296e-05 0.000141599 0.000673051 0.0025912 0.00808036 0.0204105 0.0417637 0.0692322 0.0929899 0.101226 0.0893698 0.064152 0.0378001 0.0190224 0.00954183 0.00679978 0.00775811 0.0105445 0.0142947 0.0185651 0.0229765 0.0271173 0.0305771 0.0330221 0.0342591 0.0342649 0.0331698 0.0312068 0.0286459 0.0257384 0.0226835 0.019623 0.0166526 0.0138407 0.0112418
 1.01592e-16 3.04218e-05 0.000178542 0.00084869 0.00326747 0.0101893 0.0257374 0.0526627 0.0872966 0.117244 0.127603 0.112597 0.0806945 0.0472824 0.023299 0.0108622 0.00668432 0.00687714 0.00904058 0.0120792 0.0154733 0.0188335 0.0217712 0.0239245 0.0250299 0.0249811 0.0238516 0.0218673 0.0193442 0.0166108 0.0139416 0.0115195 0.00942996 0.00768084 0.00623354 0.00503287
 1.01331e-16 1.75335e-05 0.000102849 0.000488772 0.00188159 0.00586739 0.0148211 0.0303294 0.0502877 0.0675753 0.0736417 0.0652102 0.0472312 0.0286769 0.0159948 0.0105809 0.0107144 0.0142732 0.0198744 0.0267118 0.0341091 0.0412875 0.0473756 0.0515546 0.0532412 0.0522277 0.0487314 0.04333 0.0368125 0.0299936 0.0235533 0.0179417 0.0133615 0.00981156 0.00716146 0.00522623
 1.00985e-16 3.42503e-05 0.000201026 0.000955597 0.00367911 0.011473 0.0289798 0.0592964 0.0982897 0.131998 0.143634 0.126682 0.0906534 0.0528457 0.0255342 0.011056 0.00566218 0.0049427 0.00619479 0.00823157 0.0105684 0.0129146 0.0150043 0.0165908 0.0174889 0.017614 0.0169982 0.0157747 0.0141395 0.0123024 0.0104453 0.00869704 0.00712918 0.00576609 0.00460249 0.00361989
 1.00507e-16 2.76387e-05 0.000162193 0.000770941 0.00296808 0.00925561 0.0233792 0.0478384 0.0793034 0.10652 0.115961 0.102397 0.0735401 0.0434043 0.0219708 0.011217 0.00820704 0.00943953 0.012725 0.017001 0.0216625 0.0261671 0.0299466 0.0324759 0.0333855 0.0325511 0.0301249 0.0264926 0.0221755 0.0177097 0.0135401 0.00995872 0.00709276 0.0049331 0.00338378 0.00231203
 1.00579e-16 3.01996e-05 0.000177234 0.000842462 0.00324348 0.0101144 0.0255484 0.0522763 0.0866572 0.116388 0.126681 0.111805 0.0801734 0.0470705 0.0233677 0.0111825 0.00726529 0.00776318 0.0102875 0.0137258 0.0175165 0.0212103 0.0243508 0.0265162 0.0274051 0.0269079 0.0251323 0.0223707 0.0190246 0.0155103 0.0121771 0.00925858 0.00686305 0.00499529 0.00359363 0.00256746
 1.00574e-16 2.9842e-05 0.000175133 0.000832474 0.00320502 0.0099945 0.0252455 0.0516566 0.0856302 0.11501 0.125184 0.110492 0.0792476 0.0465598 0.0231748 0.011191 0.00740256 0.00800565 0.0106393 0.0141977 0.0181127 0.0219212 0.0251507 0.0273645 0.0282515 0.0277006 0.0258265 0.0229357 0.0194477 0.0157964 0.0123451 0.00933527 0.00687758 0.00497401 0.0035572 0.00252979
 1.00796e-16 2.31792e-05 0.000136004 0.000646419 0.00248861 0.00776038 0.0196024 0.0401116 0.0664985 0.0893331 0.0972844 0.0859836 0.0619246 0.0368951 0.0193162 0.0109076 0.00926916 0.0115081 0.0157922 0.0211749 0.0270238 0.0326974 0.0374989 0.0407768 0.0420678 0.0412075 0.0383699 0.0340163 0.0287768 0.0233025 0.018138 0.0136451 0.00998832 0.00716877 0.00508313 0.00358294
 1.01335e-16 2.26436e-05 0.000132861 0.000631483 0.00243111 0.00758107 0.0191495 0.0391847 0.0649616 0.0872676 0.0950331 0.0839891 0.0604778 0.0360129 0.0188183 0.0105722 0.00892949 0.0110673 0.0152039 0.0204288 0.0261446 0.0317483 0.036581 0.040021 0.0416161 0.0411894 0.038877 0.0350836 0.0303741 0.0253393 0.0204789 0.0161326 0.0124665 0.00950352 0.00717524 0.00537324
 1.00762e-16 3.07326e-05 0.000180365 0.000857351 0.00330081 0.0102932 0.026 0.0532002 0.0881879 0.118442 0.12891 0.11376 0.0815451 0.0478164 0.0236278 0.0111242 0.00698885 0.0072949 0.00961312 0.0128241 0.0163815 0.0198635 0.0228465 0.0249384 0.0258573 0.0254971 0.0239516 0.0214845 0.0184605 0.0152584 0.0121967 0.00948936 0.00723701 0.00544729 0.00406867 0.00302423
 1.00145e-16 3.60781e-05 0.000211756 0.00100661 0.00387551 0.0120854 0.0305268 0.0624617 0.103536 0.139044 0.1513 0.13344 0.0954835 0.0556485 0.026863 0.011584 0.00585555 0.00502265 0.00622612 0.00820183 0.0104252 0.0125785 0.0143766 0.0155641 0.0159632 0.0155155 0.0142974 0.0124985 0.0103747 0.00818841 0.00615728 0.00442391 0.00304979 0.00202918 0.00131327 0.000834731
 1.00087e-16 3.61842e-05 0.000212379 0.00100957 0.00388691 0.012121 0.0306166 0.0626455 0.103841 0.139453 0.151745 0.133833 0.0957644 0.0558122 0.0269418 0.0116173 0.00587097 0.00503352 0.00623666 0.00821159 0.0104311 0.0125756 0.014358 0.0155223 0.0158907 0.0154063 0.0141483 0.0123102 0.0101517 0.007939 0.00589252 0.004156 0.00279056 0.00178873 0.00109904 0.000651104
 1.0019e-16 3.14985e-05 0.00018486 0.000878719 0.00338308 0.0105498 0.026648 0.0545262 0.0903862 0.121395 0.132125 0.116599 0.0835864 0.0490245 0.0242445 0.0114454 0.00722661 0.00756006 0.00994863 0.0132334 0.0168386 0.0203146 0.0232116 0.0251185 0.0257479 0.0250065 0.0230185 0.0200921 0.0166422 0.0130947 0.00980273 0.00699747 0.0047785 0.00313616 0.00199061 0.00123187
 1.0045e-16 2.77327e-05 0.000162745 0.000773568 0.00297819 0.00928715 0.0234588 0.0480014 0.0795734 0.106882 0.116354 0.102741 0.0737802 0.0435323 0.0220105 0.0111967 0.00814307 0.00933541 0.0125778 0.016808 0.0214254 0.0258944 0.0296544 0.032186 0.0331223 0.032337 0.0299757 0.026414 0.0221624 0.0177475 0.0136083 0.0100352 0.0071581 0.00497357 0.00339269 0.00228942
 1.0064e-16 2.90999e-05 0.000170776 0.000811755 0.00312524 0.00974571 0.0246171 0.0503709 0.0834996 0.11215 0.122075 0.107759 0.0773115 0.0454701 0.0227214 0.01112 0.00754878 0.00830498 0.0110876 0.0148117 0.0189071 0.0228975 0.0262926 0.0286374 0.0296065 0.0290813 0.027177 0.0242081 0.0206068 0.0168214 0.0132279 0.010078 0.00748904 0.00546651 0.00394475 0.00282695
 1.00903e-16 2.42517e-05 0.000142304 0.000676374 0.00260395 0.00812009 0.020511 0.0419703 0.0695785 0.0934661 0.101773 0.0899227 0.0646995 0.0384243 0.01989 0.0108744 0.00884518 0.010762 0.0147095 0.0197214 0.0251855 0.0305025 0.0350257 0.0381502 0.0394432 0.0387472 0.0362161 0.0322692 0.0274822 0.0224517 0.0176779 0.0134949 0.0100573 0.00737151 0.00534905 0.00386048
 1.01007e-16 2.82329e-05 0.000165685 0.000787554 0.00303206 0.00945514 0.0238831 0.0488692 0.0810105 0.108808 0.11844 0.104556 0.0750268 0.0441534 0.0221141 0.0109079 0.00751693 0.0083551 0.0111944 0.0149836 0.0191662 0.0232724 0.0268141 0.0293348 0.0305034 0.0301906 0.0284967 0.0257187 0.0222709 0.0185863 0.0150309 0.0118529 0.00917324 0.00700785 0.00530581 0.00398715
 1.00967e-16 2.71902e-05 0.000159561 0.000758433 0.00291993 0.00910545 0.0229999 0.0470622 0.0780163 0.10479 0.114076 0.100726 0.0723282 0.0426649 0.0215528 0.0109344 0.00791986 0.0090663 0.0122265 0.0163685 0.0209167 0.025361 0.0291656 0.0318302 0.0329953 0.032526 0.0305427 0.0273833 0.0235145 0.0194212 0.0155104 0.0120554 0.00918437 0.00690632 0.00515451 0.00382978
 1.01259e-16 2.417e-05 0.000141825 0.000674104 0.00259522 0.00809285 0.0204422 0.0418294 0.0693445 0.0931505 0.101426 0.0896083 0.0644564 0.0382462 0.0197364 0.0106938 0.00859025 0.0103947 0.0142025 0.0190621 0.0243832 0.0295939 0.0340767 0.0372509 0.0386963 0.0382509 0.0360469 0.0324676 0.0280458 0.0233367 0.0188086 0.0147776 0.0113952 0.00867803 0.00655631 0.0049235
 1.01352e-16 2.62205e-05 0.000153868 0.000731367 0.00281572 0.00878047 0.022179 0.0453827 0.0752325 0.101052 0.11001 0.0971444 0.0697738 0.0411937 0.0208761 0.0107013 0.00789089 0.00913234 0.0123601 0.0165797 0.0212304 0.0258086 0.0297803 0.032643 0.0340298 0.0337936 0.0320383 0.0290828 0.0253744 0.021382 0.0175025 0.0140059 0.0110255 0.00858244 0.00662653 0.00507741
 1.01523e-16 2.01705e-05 0.000118337 0.000562422 0.00216519 0.00675179 0.0170549 0.0348994 0.0578603 0.077737 0.0846782 0.0748943 0.0540525 0.0324344 0.0174017 0.0104928 0.00966195 0.0124246 0.0171937 0.0231153 0.0295641 0.0358661 0.0412748 0.0450858 0.0467911 0.0461977 0.0434714 0.0390832 0.0336857 0.0279571 0.0224678 0.0176005 0.013536 0.0102891 0.00776928 0.00584143
pSPR Fmed_Fpbrs
0.369392   0.432553 0.432553
Fs Fmed_Fpbrs
1.36021   1.005 1.005
SSBpbr Bo_Bmed_Bpbrs
738867  235988  282656 282656
Ro
24343
SPR SPRFo_SPRFmed_SPRFpbrs
500823 185000 216633
log_Ro
9.92
likeval ReclasPelacesDesembMPH_pf_preclas_ppelaces_ptallas_desvR_qrecl_qpela
 72.6722 13.0276 0.117035 0.000163749 292.306 164.788 83.4205 0 21.447 3.27022e-05 0.000236108 0 0 0 0
q_reclas_q_pelaces
2.24869 8.90036
M
0.7
N
 21889.8 15852.5 4888.08 617.188 0.15994
 43493 10246.7 4981.92 1194.1 147.651
 7559.84 19967.2 2769.89 963.508 252.253
 12285.3 3180.77 2746.41 187.904 77.6664
 39578 5726.27 966.99 637.271 60.2173
 18894.1 19389.2 2560.08 408.028 292.876
 62594.1 8337.52 3857.31 307.787 80.6968
 61497.4 28317.7 2011.58 625.436 60.8977
 74735.8 26670.1 4924.4 196.307 63.7888
 113322 32059.1 4261.52 421.463 21.1081
 70395.1 51111.1 7554.29 666.124 66.8273
 48960.9 30161.9 8093.37 637.545 58.6557
 49652.1 21482.9 5742.08 908.841 74.7717
 28903.6 20242.2 2314.23 266.671 42.5493
 12972.6 9740.26 498.805 10.9131 1.26767
 10061.4 4319.33 218.639 2.03539 0.0430339
 7710.98 4131.18 491.705 11.0613 0.0982151
 9158.25 3244.41 568.294 33.3624 0.713491
 8368.19 4013.73 612.092 62.9272 3.60779
 11113.9 3778.19 953.437 96.8808 10.1767
 17238.7 4931.91 785.049 122.624 13.2221
 20919.4 8080.38 1566.14 194.896 33.031
 29072.4 9744.92 2445.39 360.852 51.3172
 19565.2 13332.1 2611.77 466.7 76.4344
pred_Ctot
 905.91 4296.63 1859.32 239.806 0.0622144
 2372.4 3475.95 2306.35 563.437 69.74
 838.284 11144.3 1910.25 672.339 176.132
 544.283 912.314 1098.5 76.7327 31.7509
 383.598 413.075 105.497 71.4512 6.76146
 1523.77 8798.72 1508.04 244.051 175.318
 4026.78 3211.56 1988.35 161.466 42.3732
 5646.57 14032.2 1269.21 400.13 38.9886
 7380.76 13855.3 3220.69 130.077 42.2971
 7518.81 12637.8 2239.31 225.321 11.295
 7003.99 26678.5 4958.31 442.926 44.4659
 4128.42 14114.6 4884.57 390.511 35.956
 6466.02 13146.7 4226.76 675.691 55.6192
 6830.56 16011.5 2002.34 231.75 36.986
 3145.36 7766.07 433.562 9.52602 1.10679
 1266.78 2594.6 158.882 1.49445 0.0316141
 854.97 2305.62 339.091 7.71833 0.0685749
 779.126 1527.5 344.617 20.5307 0.439413
 549.463 1569.96 319.569 33.4289 1.91834
 855.776 1659.69 547.252 56.4905 5.93893
 697.615 1311.88 293.653 46.8608 5.05859
 935.145 2334.81 630.524 80.1035 13.5909
 1607.36 3340.99 1142.42 171.804 24.457
 1320.66 5323.22 1387 252.115 41.3278
F
 0.0590602 0.457511 0.709407 0.730578 0.731727
 0.0785066 0.608153 0.942989 0.971131 0.972658
 0.165726 1.2838 1.99063 2.05003 2.05326
 0.0633435 0.490691 0.760856 0.783562 0.784794
 0.013558 0.105027 0.162853 0.167713 0.167977
 0.118085 0.914744 1.41838 1.46071 1.46301
 0.0931831 0.721845 1.11928 1.15268 1.15449
 0.135452 1.04928 1.627 1.67555 1.67819
 0.146377 1.13392 1.75823 1.8107 1.81354
 0.0962325 0.745467 1.15591 1.1904 1.19227
 0.147545 1.14296 1.77224 1.82513 1.828
 0.123766 0.958758 1.48663 1.531 1.5334
 0.197273 1.52818 2.36956 2.44028 2.44412
 0.387698 3.00331 4.65687 4.79584 4.80338
 0.399741 3.0966 4.80153 4.94482 4.9526
 0.190147 1.47298 2.28397 2.35213 2.35583
 0.165711 1.28368 1.99045 2.04985 2.05307
 0.124934 0.967807 1.50066 1.54544 1.54788
 0.0951915 0.737403 1.1434 1.17752 1.17938
 0.112471 0.871255 1.35095 1.39127 1.39345
 0.0577175 0.44711 0.693279 0.713968 0.715092
 0.0639302 0.495236 0.767903 0.790819 0.792063
 0.0796124 0.616719 0.956271 0.984809 0.986358
 0.0979771 0.758982 1.17686 1.21198 1.21389
nmprior
 10 10 8 0
nm_flota  nm_reclas  nm_pelaces    nm_pelaL
inf 24.8976 10.0303 15.9066
cv_recla  cv_pelaces  cv_mph
0.789243 0.424715 0.415172
 ------------------------------------------------
Talla a la edad & desviación 
 7.2 14.2025 17.0495 18.207 18.6776
 1.08 2.13037 2.55742 2.73105 2.80164
