years
 1997 1998 1999 2000 2001 2002 2003 2004 2005 2006 2007 2008 2009 2010 2011 2012 2013 2014 2015 2016 2017 2018 2019 2020
reclasobs
 0 0 0 370054 412103 1.49427e+06 250295 1.28982e+06 931140 785840 897777 1.04006e+06 184774 17550 25797 100020 73551 82996 120727 218422 84188 347160 605670 569463
reclaspred
 3.32084e+06 648589 1.80128e+06 1.03176e+06 1.00694e+06 1.16568e+06 2.25594e+06 1.43474e+06 1.48054e+06 1.3576e+06 1.12599e+06 760117 464506 232606 169735 174507 211407 302955 334490 461844 715275 727033 1.32e+06 1.77902e+06
pelacesobs
 0 0 0 0 0 0 0 0 0 2.06254e+06 1.5e+06 0 1.87456e+06 323000 250000 174000 83755 137374 0 501740 490994 745055 786931 1.00524e+06
pelacespred
 1.98275e+06 772012 681651 771027 635939 601388 1.16025e+06 1.0171e+06 873909 832492 592514 411464 247793 102447 75559.9 87473.3 111011 158171 185499 245214 412178 437175 601426 958730
mphobs
 0 0 0 0 0 112323 0 153150 637223 0 255016 313432 73983 77613 109348 50772 0 0 0 0 0 0 0 0
mphpred
 2.40874e+06 1.28743e+06 1.03461e+06 1.16937e+06 878976 1.02414e+06 1.4175e+06 1.67667e+06 1.28374e+06 1.29034e+06 1.17138e+06 794382 506297 287988 151855 145200 164158 233132 288147 340206 531697 664362 878232 1.32248e+06
desembarqueobs
 350755 77701 442110 56441 14545 235359 269955 359681 431902 328805 639364 411747 362871 311530 167758 66681 60226 58785 57116 71774 51957 67425 138520 160799
desembarquepred
 350802 77661.8 442118 56445.5 14548.2 235379 269902 359470 432085 328824 639658 412333 363313 312317 167939 66635 60238.9 58829.1 57155.1 71804.9 51970.6 67469.8 138674 160984
Reclutas
 91446 75237.4 45392.9 54233 83510.7 67189.1 125105 82348.5 127769 117261 66678.9 47673.4 50360.9 30296.8 22246 19239.5 18665.7 19164.6 23180.1 41772.4 57164.9 76096.6 125846 184875
log_desv_Rt
 0.483504 0.288403 -0.216888 -0.0389557 0.39273 0.175266 0.796911 0.378716 0.81798 0.732156 0.167644 -0.167871 -0.11303 -0.621201 -0.930084 -1.07528 -1.10556 -1.07918 -0.888952 -0.30001 0.0136946 0.299759 0.802812 1.18743
SSB
 2.40874e+06 1.28743e+06 1.03461e+06 1.16937e+06 878976 1.02414e+06 1.4175e+06 1.67667e+06 1.28374e+06 1.29034e+06 1.17138e+06 794382 506297 287988 151855 145200 164158 233132 288147 340206 531697 664362 878232 1.32248e+06
BT
 5.23398e+06 1.58477e+06 1.78475e+06 1.59739e+06 1.37038e+06 1.35686e+06 3.0935e+06 2.51372e+06 2.4547e+06 2.13924e+06 1.82509e+06 1.25298e+06 913991 516556 328413 248851 308401 400154 437632 622004 1.00897e+06 952330 1.38126e+06 2.27147e+06
Ftot
 0.102915 0.116553 0.236962 0.0534479 0.0141468 0.195498 0.116505 0.241942 0.281331 0.234108 0.535611 0.512546 0.726338 1.18423 0.906769 0.365731 0.274843 0.188249 0.165843 0.151113 0.070935 0.0904847 0.102363 0.0882598
BD_Bspro_t
 0.984778 0.903483 0.838518 0.730689 0.778861 0.844646 0.795565 0.798523 0.721645 0.678572 0.631634 0.463657 0.360679 0.270162 0.176628 0.196407 0.280059 0.438178 0.551859 0.650508 0.761879 0.838989 0.853891 0.864335
BD_Bspro
 2.07634 1.10977 0.891836 1.008 0.757679 0.882806 1.22189 1.44529 1.10658 1.11228 1.00973 0.684759 0.436429 0.248246 0.130899 0.125163 0.141504 0.20096 0.248383 0.293259 0.458324 0.572681 0.757038 1.13998
BD_Bo
 1.78029 0.951536 0.764676 0.864276 0.649647 0.756934 1.04767 1.23922 0.948805 0.953688 0.865762 0.587125 0.374202 0.212851 0.112236 0.107317 0.121328 0.172307 0.212968 0.251445 0.392975 0.491027 0.649098 0.977438
BD_Brms
 8.66788 4.63284 3.72306 4.20799 3.16301 3.68536 5.10088 6.03351 4.61955 4.64332 4.21523 2.85859 1.82192 1.03633 0.546453 0.522505 0.590724 0.838927 1.0369 1.22424 1.91332 2.39071 3.16033 4.75895
S_f
 0.5 1 1 1 1
 0.5 1 1 1 1
 0.5 1 1 1 1
 0.5 1 1 1 1
 0.5 1 1 1 1
 0.5 1 1 1 1
 0.5 1 1 1 1
 0.5 1 1 1 1
 0.5 1 1 1 1
 0.5 1 1 1 1
 0.5 1 1 1 1
 0.5 1 1 1 1
 0.5 1 1 1 1
 0.5 1 1 1 1
 0.5 1 1 1 1
 0.5 1 1 1 1
 0.5 1 1 1 1
 0.5 1 1 1 1
 0.5 1 1 1 1
 0.5 1 1 1 1
 0.5 1 1 1 1
 0.5 1 1 1 1
 0.5 1 1 1 1
 0.5 1 1 1 1
Scru_reclas
 0.5 1 1 1 1
 0.5 1 1 1 1
 0.5 1 1 1 1
 0.5 1 1 1 1
 0.5 1 1 1 1
 0.5 1 1 1 1
 0.5 1 1 1 1
 0.5 1 1 1 1
 0.5 1 1 1 1
 0.5 1 1 1 1
 0.5 1 1 1 1
 0.5 1 1 1 1
 0.5 1 1 1 1
 0.5 1 1 1 1
 0.5 1 1 1 1
 0.5 1 1 1 1
 0.5 1 1 1 1
 0.5 1 1 1 1
 0.5 1 1 1 1
 0.5 1 1 1 1
 0.5 1 1 1 1
 0.5 1 1 1 1
 0.5 1 1 1 1
 0.5 1 1 1 1
Scru_pelaces
 0.5 1 1 1 1
 0.5 1 1 1 1
 0.5 1 1 1 1
 0.5 1 1 1 1
 0.5 1 1 1 1
 0.5 1 1 1 1
 0.5 1 1 1 1
 0.5 1 1 1 1
 0.5 1 1 1 1
 0.5 1 1 1 1
 0.5 1 1 1 1
 0.5 1 1 1 1
 0.5 1 1 1 1
 0.5 1 1 1 1
 0.5 1 1 1 1
 0.5 1 1 1 1
 0.5 1 1 1 1
 0.5 1 1 1 1
 0.5 1 1 1 1
 0.5 1 1 1 1
 0.5 1 1 1 1
 0.5 1 1 1 1
 0.5 1 1 1 1
 0.5 1 1 1 1
pf_obs 
 0.256992 0.487395 0.22802 0.0275931 0
 0.321318 0.546541 0.124235 0.00734118 0.000564706
 0.182869 0.594174 0.210203 0.0122559 0.00049798
 0.330522 0.361315 0.267642 0.0388342 0.00168674
 0.649043 0.306663 0.0425973 0.00169635 0
 0.582887 0.30429 0.105238 0.00758474 0
 0.465427 0.430635 0.0974691 0.00646863 0
 0.296916 0.608066 0.0921331 0.00288517 0
 0.311714 0.524322 0.152257 0.0117073 0
 0.15457 0.633149 0.183074 0.0267441 0.00246327
 0.131901 0.49318 0.331252 0.0422183 0.00144891
 0.196976 0.569456 0.194076 0.0375587 0.00193317
 0.518974 0.381816 0.0799577 0.0180837 0.00116848
 0.0928022 0.601141 0.25162 0.0475244 0.00691264
 0.122501 0.610282 0.24278 0.0234846 0.000952079
 0.383417 0.481906 0.127806 0.00687128 0
 0.0376549 0.599619 0.316969 0.0457579 0
 0.0361596 0.667082 0.258105 0.0386534 0
 0.158088 0.579412 0.248529 0.0139706 0
 0.0477256 0.309471 0.559284 0.082774 0.000745712
 0.0406174 0.521527 0.379366 0.0568643 0.0016247
 0.151134 0.462217 0.34131 0.0453401 0
 0.294876 0.26143 0.354403 0.0886775 0.000613685
 0.281977 0.475581 0.204845 0.0348837 0.00271318
pf_pred 
 0.412521 0.295746 0.146863 0.07293 0.0719406
 0.345888 0.386662 0.134638 0.0668593 0.0659523
 0.261312 0.385752 0.20863 0.072646 0.0716605
 0.371239 0.270928 0.186865 0.101064 0.0699046
 0.465494 0.291405 0.10475 0.0722485 0.0661023
 0.351206 0.412754 0.128685 0.0462579 0.061096
 0.530888 0.250376 0.139157 0.0433853 0.0361936
 0.341344 0.461401 0.10528 0.0585138 0.0334619
 0.496227 0.26511 0.167188 0.0381479 0.0333272
 0.43236 0.386631 0.0952561 0.0600718 0.0256816
 0.308003 0.428765 0.179292 0.044173 0.0397663
 0.347974 0.332806 0.197791 0.082708 0.0387215
 0.468015 0.294613 0.121159 0.0720062 0.0442067
 0.427135 0.393214 0.0994912 0.0409154 0.0392452
 0.521492 0.327155 0.103889 0.026286 0.0211788
 0.523346 0.353676 0.0840795 0.0266996 0.0121985
 0.468698 0.376925 0.114548 0.0272314 0.0125982
 0.447695 0.362462 0.134682 0.0409297 0.0142318
 0.466717 0.33653 0.129123 0.0479788 0.0196507
 0.56866 0.279179 0.0960219 0.0368426 0.0192967
 0.525402 0.348111 0.0818673 0.0281578 0.0164625
 0.495399 0.349752 0.113579 0.026711 0.0145583
 0.543477 0.305066 0.104978 0.0340908 0.012387
 0.529896 0.333869 0.0910376 0.0313276 0.0138699
pobs_RECLAS
 0 0 0 0 0
 0 0 0 0 0
 0 0 0 0 0
 0 0 0 0 0
 0.835266 0.146461 0.0176864 0.000547809 3.91292e-05
 0.385257 0.428462 0.181853 0.0044286 0
 0.867414 0.0963971 0.0333333 0.00285562 0
 0.441836 0.489002 0.0689373 0.000224442 0
 0.779404 0.147425 0.0564933 0.0165055 0.000172143
 0.814271 0.122319 0.05973 0.00367925 0
 0.40263 0.566651 0.0304383 0.000280538 0
 0.475488 0.404961 0.113038 0.00651328 0
 0.955842 0.0263864 0.0167828 0.000988607 0
 0.975058 0.0227948 0.00214734 0 0
 0.738997 0.206755 0.0527124 0.00153531 0
 0.850938 0.134255 0.0134407 0.00136685 0
 0.542534 0.407297 0.0501686 0 0
 0.764087 0.199537 0.0359546 0.000420521 0
 0.470689 0.182191 0.310203 0.0369168 0
 0.84361 0.089868 0.0606195 0.00523954 0.000663233
 0.607945 0.314616 0.071237 0.00620181 0
 0.523733 0.453247 0.0230204 0 0
 0.530135 0.295979 0.169645 0.0042399 0
 0.562478 0.366248 0.0663022 0.0049721 0
ppred_RECLAS
 0.413321 0.295343 0.146663 0.0728307 0.0718427
 0.346745 0.386156 0.134462 0.0667717 0.0658659
 0.262967 0.384887 0.208162 0.0724833 0.0714999
 0.371621 0.270763 0.186751 0.101003 0.0698622
 0.465597 0.291349 0.10473 0.0722345 0.0660896
 0.352761 0.411765 0.128377 0.046147 0.0609497
 0.531831 0.249873 0.138878 0.0432982 0.0361209
 0.343319 0.460017 0.104964 0.0583383 0.0333616
 0.49886 0.263724 0.166314 0.0379485 0.033153
 0.434431 0.38522 0.0949086 0.0598527 0.0255879
 0.313163 0.425569 0.177955 0.0438437 0.0394698
 0.353144 0.330166 0.196223 0.0820521 0.0384145
 0.477166 0.289546 0.119074 0.0707676 0.0434463
 0.445619 0.380526 0.096281 0.0395952 0.0379789
 0.534082 0.318547 0.101155 0.0255944 0.0206215
 0.526991 0.350972 0.0834366 0.0264954 0.0121053
 0.471248 0.375116 0.113998 0.0271007 0.0125377
 0.449308 0.361403 0.134288 0.0408102 0.0141902
 0.468119 0.335645 0.128783 0.0478527 0.019599
 0.569902 0.278375 0.0957454 0.0367365 0.0192411
 0.525952 0.347707 0.0817725 0.0281252 0.0164434
 0.496116 0.349256 0.113418 0.0266731 0.0145377
 0.544291 0.304523 0.104791 0.03403 0.012365
 0.530591 0.333375 0.090903 0.0312812 0.0138494
pobs_PELACES
 0 0 0 0 0
 0 0 0 0 0
 0 0 0 0 0
 0 0 0 0 0
 0 0 0 0 0
 0 0 0 0 0
 0 0 0 0 0
 0 0 0 0 0
 0 0 0 0 0
 0 0 0 0 0
 0.450072 0.473896 0.0757376 0.000293798 0
 0 0 0 0 0
 0.463077 0.371075 0.160297 0.00555027 0
 0.529543 0.364841 0.0842815 0.0213345 0
 0.631943 0.363953 0.00410389 0 0
 0.735681 0.248677 0.0153453 0.000297389 0
 0.695825 0.281241 0.0229344 0 0
 0.275771 0.60734 0.115278 0.00161068 0
 0 0 0 0 0
 0.896147 0.0623911 0.0374545 0.00400742 0
 0.803859 0.145111 0.0509908 3.86294e-05 0
 0.739449 0.233085 0.0266225 0.000797448 4.60066e-05
 0.878498 0.100942 0.0204185 0.000141795 0
 0.694673 0.275183 0.0284847 0.00165964 0
ppred_PELACES
 0.417444 0.293267 0.145632 0.0723188 0.0713377
 0.351114 0.383573 0.133562 0.0663251 0.0654254
 0.270615 0.380894 0.206002 0.0717311 0.070758
 0.373682 0.269875 0.186139 0.100671 0.069633
 0.466178 0.291032 0.104616 0.072156 0.0660177
 0.36016 0.407058 0.126909 0.0456195 0.0602529
 0.536614 0.24732 0.137459 0.0428558 0.0357519
 0.352374 0.453674 0.103517 0.0575339 0.0329015
 0.510464 0.257618 0.162463 0.0370698 0.0323854
 0.443944 0.37874 0.0933121 0.0588459 0.0251574
 0.332478 0.413601 0.172951 0.0426107 0.0383599
 0.372694 0.320188 0.190292 0.0795723 0.0372535
 0.507111 0.272962 0.112255 0.0667145 0.0409579
 0.494253 0.347144 0.0878346 0.0361216 0.0346472
 0.571055 0.293269 0.093128 0.0235633 0.0189851
 0.542004 0.339832 0.0807883 0.0256545 0.011721
 0.48256 0.367091 0.111559 0.0265209 0.0122695
 0.457005 0.356352 0.132411 0.0402398 0.0139919
 0.474938 0.331342 0.127132 0.0472392 0.0193477
 0.576003 0.274426 0.0943873 0.0362154 0.0189682
 0.528869 0.345568 0.0812693 0.0279521 0.0163422
 0.499848 0.346669 0.112577 0.0264755 0.01443
 0.548477 0.301725 0.103829 0.0337174 0.0122514
 0.534216 0.330801 0.0902009 0.0310396 0.0137424
pobs_pel_tallas
 0 0 0 0 0 0 0 0 0 0 0 0 0 0 0 0 0 0 0 0 0 0 0 0 0 0 0 0 0 0 0 0 0 0 0 0
 0 0 0 0 0 0 0 0 0 0 0 0 0 0 0 0 0 0 0 0 0 0 0 0 0 0 0 0 0 0 0 0 0 0 0 0
 0 0 0 0 0 0 0 0 0 0 0 0 0 0 0 0 0 0 0 0 0 0 0 0 0 0 0 0 0 0 0 0 0 0 0 0
 0 0 0 0 0 0 0 0 0 0 0 0 0 0 0 0 0 0 0 0 0 0 0 0 0 0 0 0 0 0 0 0 0 0 0 0
 0 0 0 0 0 0 0 0 0 0 0 0 0 0 0 0 0 0 0 0 0 0 0 0 0 0 0 0 0 0 0 0 0 0 0 0
 0 0 0 0 0 0 0 0 0 0 0 0 0 0 0 0 0 0 0 0 0 0 0 0 0 0 0 0 0 0 0 0 0 0 0 0
 0 0 0 0 0 0 0 0 0 0 0 0 0 0 0 0 0 0 0 0 0 0 0 0 0 0 0 0 0 0 0 0 0 0 0 0
 0 0 0 0 0 0 0 0 0 0 0 0 0 0 0 0 0 0 0 0 0 0 0 0 0 0 0 0 0 0 0 0 0 0 0 0
 0 0 0 0 0 0 0 0 0 0 0 0 0 0 0 0 0 0 0 0 0 0 0 0 0 0 0 0 0 0 0 0 0 0 0 0
 0 0 0 0 0 0 0 0 0 0 0 0 0 0 0 0 0 0 0 0 0 0 0 0 0 0 0 0 0 0 0 0 0 0 0 0
 0 0 0 0 0 0 0 0 1.78061e-05 0.00172719 0.00360574 0.0105946 0.0120993 0.0124554 0.0147524 0.0171206 0.0266825 0.0428682 0.0675386 0.121331 0.153587 0.119568 0.100827 0.0573624 0.0630603 0.0341343 0.0324427 0.0444173 0.0211091 0.0280891 0.0125444 0.00206551 0 0 0 0
 0 0 0 0 0 0 0 0 0 0 0 0 0 0 0 0 0 0 0 0 0 0 0 0 0 0 0 0 0 0 0 0 0 0 0 0
 0 0 0 0 0 0 0.0133647 0.0140871 0.0187388 0.0205184 0.03894 0.0496705 0.03968 0.0493445 0.0407372 0.0367815 0.0215668 0.0243155 0.0234873 0.0199281 0.019796 0.0243948 0.0301388 0.0376714 0.0412746 0.0863199 0.0771752 0.113111 0.0741005 0.0525337 0.0229764 0.00759418 0.00175318 0 0 0
 0 0 0 0 0 0 0 0 0 0 0.00219441 0.00772107 0.0458388 0.0604681 0.0671733 0.0775358 0.0609151 0.0617685 0.073594 0.0568108 0.0755445 0.0548602 0.0670107 0.0636378 0.0643287 0.046367 0.0373049 0.0286899 0.0247887 0.0153202 0.00654259 0.00121912 0.000365735 0 0 0
 0 0 0 0 0 0 0 0 0 0 0 0 0.000112435 0.00938835 0.0111873 0.0202946 0.0414886 0.0713402 0.111592 0.104902 0.108894 0.110636 0.117776 0.105296 0.107544 0.0401394 0.0192827 0.0124803 0.00416011 0.0028671 0.000618394 0 0 0 0 0
 0 0 0 0 0 0 0 0 0 0 0.00291406 0.0102884 0.027416 0.0768956 0.0749926 0.110853 0.0956884 0.0897413 0.0766577 0.0534642 0.0500743 0.0551293 0.0594112 0.0620874 0.0668451 0.0424026 0.0208742 0.0120726 0.0048766 0.00582813 0.00118941 0.000297354 0 0 0 0
 0 0.00264628 0.0354308 0.0461629 0.0458689 0.0383711 0.0214643 0.0164657 0.0346957 0.0420465 0.0363128 0.0245516 0.0311673 0.0291091 0.0169068 0.0133784 0.00837989 0.0085269 0.0148486 0.0160247 0.0276389 0.0546898 0.0760071 0.122758 0.109233 0.0665981 0.0333725 0.0166128 0.00676272 0.00308733 0.000882094 0 0 0 0 0
 0 0 0 0 0 0 0 0.000805153 0.000690131 0.00759144 0.0133425 0.0154129 0.00931677 0.000345066 0.00356568 0.00563607 0.00851162 0.0253048 0.0502646 0.0516448 0.0657925 0.0565908 0.0611916 0.0827007 0.0866115 0.110766 0.145733 0.0935128 0.0569358 0.0249597 0.0138026 0.00621118 0.00161031 0.00115022 0 0
 0 0 0 0 0 0 0 0 0 0 0 0 0 0 0 0 0 0 0 0 0 0 0 0 0 0 0 0 0 0 0 0 0 0 0 0
 0.00147267 0.00158595 0.00478618 0.00569244 0.00954404 0.0108468 0.00647125 0.017049 0.0510054 0.094081 0.124002 0.0959785 0.0687766 0.0820023 0.061753 0.0591476 0.0492212 0.0479892 0.0443925 0.0268479 0.0217502 0.0140895 0.0121071 0.0120363 0.00920419 0.00665534 0.0049561 0.00860946 0.00930331 0.0156896 0.0114698 0.00855282 0.00243557 0.00046729 0 2.83206e-05
 0 0 0 0 0.000772559 0.00158375 0.000888443 0.00281984 0.00712685 0.0440552 0.0773331 0.111326 0.0921469 0.0852325 0.0710754 0.0886704 0.0786465 0.0553345 0.0373146 0.0185414 0.00753245 0.00457741 0.012979 0.0271748 0.0457355 0.0583668 0.034881 0.0177882 0.00938659 0.00492506 0.0015258 0.00185414 0.000309023 5.79419e-05 3.86279e-05 0
 0 0.00173294 0.00326652 0 0.00397197 0.00683976 0.00946217 0.0152591 0.00757587 0.0136028 0.0228656 0.0392903 0.0559909 0.0764795 0.0681675 0.0726916 0.0566044 0.0477403 0.0527397 0.0444891 0.0609904 0.0582453 0.0661739 0.0445044 0.0529084 0.0360697 0.0280645 0.0235558 0.0158879 0.00826598 0.00280645 0.00217768 0.000904811 0.00058276 9.20147e-05 0
 0 0 0 0 0 0 0 0 0 0 0 0 0 0 0 0 0 0 0 0 0 0 0 0 0 0 0 0 0 0 0 0 0 0 0 0
 0 0 0 0 0 0 0 0 0 0 0 0 0 0 0 0 0 0 0 0 0 0 0 0 0 0 0 0 0 0 0 0 0 0 0 0
ppred_pel_tallas
 1.07982e-16 1.82272e-05 0.000106944 0.00050829 0.00195682 0.00610205 0.0154135 0.0315398 0.0522872 0.07024 0.0764869 0.0675906 0.0486536 0.028941 0.0150711 0.00839714 0.00704133 0.00875455 0.0121435 0.016537 0.0215348 0.0267414 0.0317098 0.0359944 0.0392364 0.0412335 0.0419667 0.0415756 0.0402951 0.0383797 0.0360421 0.0334248 0.0306054 0.0276238 0.024515 0.021332
 1.07357e-16 1.53385e-05 8.99763e-05 0.000427607 0.00164614 0.00513319 0.0129664 0.0265334 0.0439916 0.0591086 0.0643984 0.0569861 0.0411901 0.0248424 0.0135616 0.00854701 0.00827886 0.0109068 0.0152608 0.0207196 0.0268214 0.0330481 0.0388062 0.0435144 0.0467236 0.0482104 0.0480124 0.0463905 0.0437383 0.0404709 0.0369342 0.0333566 0.0298505 0.0264465 0.0231404 0.0199316
 1.0882e-16 1.18284e-05 6.9369e-05 0.000329637 0.00126893 0.00395687 0.00999509 0.020454 0.0339151 0.0455784 0.0496811 0.0440192 0.0319406 0.0195108 0.0111008 0.00768451 0.00814447 0.0111021 0.0156835 0.0214042 0.0278589 0.0345557 0.040911 0.0463382 0.0503638 0.0527199 0.053382 0.0525381 0.050508 0.0476447 0.0442528 0.0405481 0.0366604 0.0326639 0.0286165 0.0245873
 1.09444e-16 1.63181e-05 9.57375e-05 0.000455019 0.00175172 0.00546247 0.013798 0.0282341 0.0468074 0.0628802 0.0684766 0.0605215 0.0435861 0.0259696 0.0136047 0.00771405 0.00663145 0.00836097 0.0116742 0.0159886 0.0209602 0.0262429 0.0314342 0.0361203 0.0399513 0.0427026 0.0443017 0.0448095 0.0443703 0.0431517 0.0412987 0.0389148 0.0360716 0.032833 0.0292809 0.0255277
 1.07144e-16 2.0352e-05 0.000119419 0.000567599 0.00218518 0.00681418 0.0172123 0.0352201 0.0583872 0.0784304 0.0853952 0.0754374 0.0542467 0.0321565 0.0165395 0.00888371 0.00706699 0.00855414 0.0117734 0.0159738 0.020725 0.0256218 0.0302176 0.0340755 0.0368543 0.0383775 0.0386591 0.0378748 0.0362948 0.0342021 0.0318275 0.0293173 0.026738 0.0241056 0.0214218 0.018703
 1.06317e-16 1.5734e-05 9.22957e-05 0.000438629 0.00168857 0.00526549 0.0133006 0.0272174 0.045126 0.0606337 0.0660625 0.0584646 0.0422715 0.0255197 0.0139761 0.00887376 0.00865578 0.0114226 0.015967 0.0216378 0.0279398 0.0343149 0.0401262 0.0447553 0.0477308 0.0488295 0.0481148 0.0458946 0.0426226 0.0387767 0.0347565 0.0308284 0.0271232 0.0236708 0.0204506 0.0174354
 1.05175e-16 2.34218e-05 0.000137444 0.000653303 0.00251517 0.00784326 0.0198116 0.0405382 0.0672008 0.0902613 0.0982554 0.0867472 0.062269 0.0366897 0.0184619 0.009258 0.00659458 0.00752334 0.0102286 0.0138746 0.0180364 0.0223542 0.0264395 0.0299076 0.0324489 0.0338886 0.0342114 0.0335425 0.0320954 0.030107 0.0277847 0.025279 0.0226832 0.0200526 0.0174281 0.0148542
 1.05132e-16 1.53963e-05 9.03093e-05 0.000429175 0.00165216 0.00515193 0.0130138 0.0266309 0.0441552 0.059334 0.0646588 0.0572516 0.0414583 0.0251557 0.0140051 0.00923428 0.00933937 0.0124723 0.0174451 0.0235885 0.0303585 0.0371262 0.0431758 0.0478191 0.0505424 0.0511211 0.0496611 0.0465499 0.0423415 0.0376146 0.0328517 0.0283732 0.0243309 0.0207465 0.0175705 0.0147349
 1.05178e-16 2.2282e-05 0.000130752 0.000621483 0.00239265 0.00746119 0.0188465 0.0385637 0.0639283 0.0858683 0.0934794 0.0825452 0.0592846 0.0349957 0.0177295 0.00908954 0.00672694 0.00784863 0.0107334 0.0145829 0.0189777 0.0235485 0.0278896 0.0315959 0.0343374 0.0359218 0.0363219 0.0356574 0.0341422 0.0320197 0.0295082 0.026772 0.0239215 0.0210292 0.0181533 0.0153527
 1.04646e-16 1.93861e-05 0.00011374 0.000540583 0.00208113 0.00648968 0.0163927 0.033544 0.0556114 0.0747105 0.0813682 0.0719351 0.0518482 0.0309753 0.0163732 0.00950003 0.00837271 0.0105991 0.0146727 0.0198228 0.0255321 0.0312629 0.0364165 0.0404176 0.0428344 0.0434735 0.042414 0.0399683 0.0365866 0.0327399 0.0288219 0.0250943 0.0216829 0.0186099 0.0158418 0.0133327
 1.05847e-16 1.45273e-05 8.52107e-05 0.000404943 0.00155887 0.00486102 0.0122789 0.0251271 0.0416616 0.0559827 0.0610054 0.0540137 0.0391071 0.0237171 0.0131846 0.00866946 0.00875704 0.0117131 0.016433 0.0223092 0.028858 0.035517 0.0416356 0.0465744 0.0498362 0.0511695 0.0506104 0.0484442 0.0451105 0.0410845 0.0367758 0.0324734 0.0283409 0.0244465 0.0208079 0.0174305
 1.07281e-16 1.62771e-05 9.54923e-05 0.000453842 0.00174717 0.00544827 0.0137621 0.0281612 0.046688 0.0627242 0.0683182 0.0604087 0.0435641 0.026075 0.013876 0.00820624 0.00742182 0.00954141 0.0133325 0.0181827 0.0236907 0.0294298 0.0349061 0.0396219 0.0431707 0.0453145 0.0460172 0.0454198 0.0437759 0.041371 0.0384572 0.0352194 0.0317782 0.0282133 0.0245936 0.0209974
 1.05889e-16 2.21362e-05 0.000129895 0.000617408 0.00237696 0.00741225 0.0187229 0.0383109 0.0635097 0.0853071 0.0928717 0.0820161 0.0589208 0.0348134 0.017696 0.00916642 0.00689425 0.0081048 0.0110827 0.0150225 0.0194884 0.0240908 0.0284051 0.0320155 0.0345953 0.0359717 0.0361516 0.0352968 0.0336616 0.0315181 0.0290946 0.0265444 0.0239483 0.0213387 0.0187315 0.0161497
 1.04221e-16 2.15785e-05 0.000126614 0.000601795 0.00231682 0.00722469 0.0182493 0.0373423 0.0619062 0.0831602 0.0905524 0.0800107 0.0575733 0.034204 0.0177296 0.00973804 0.00798609 0.00978386 0.0134481 0.0181456 0.0233627 0.0285962 0.033295 0.036931 0.0391089 0.0396522 0.038636 0.0363496 0.0332097 0.0296523 0.026042 0.0226215 0.0195073 0.0167188 0.0142227 0.0119729
 1.03115e-16 2.49254e-05 0.000146268 0.000695241 0.00267663 0.00834675 0.0210834 0.0431408 0.0715157 0.0960589 0.104571 0.0923352 0.0663056 0.0391186 0.0197752 0.0100605 0.00733338 0.00845002 0.0114597 0.0154392 0.0198871 0.0243615 0.028391 0.0315236 0.0334175 0.033914 0.0330663 0.0311105 0.0283933 0.0252833 0.0220946 0.0190441 0.0162459 0.0137335 0.0114946 0.00950173
 1.02687e-16 2.36605e-05 0.000138838 0.000659908 0.00254057 0.00792245 0.0200117 0.0409484 0.067883 0.091185 0.0992799 0.0876968 0.0630488 0.0373457 0.0191531 0.0101909 0.00797671 0.0095422 0.0130328 0.0175424 0.0225344 0.0275026 0.0318995 0.0352044 0.0370304 0.0372112 0.0358332 0.0331989 0.0297412 0.0259146 0.0221036 0.0185694 0.0154423 0.0127483 0.0104512 0.00849192
 1.03188e-16 2.10696e-05 0.000123624 0.000587576 0.00226207 0.00705393 0.017818 0.03646 0.0604444 0.0811992 0.0884241 0.0781468 0.0562684 0.0335017 0.0174997 0.00982593 0.00830355 0.0103157 0.0142201 0.0191914 0.0247011 0.0302163 0.0351483 0.0389308 0.0411367 0.0415718 0.0403107 0.0376594 0.0340657 0.0300051 0.0258843 0.0219858 0.0184592 0.0153484 0.0126344 0.0102746
 1.04033e-16 1.99549e-05 0.000117081 0.000556469 0.0021423 0.00668045 0.0168746 0.0345297 0.0572446 0.0769019 0.0837475 0.0740212 0.053314 0.0317756 0.0166592 0.00945334 0.00810529 0.0101463 0.0140297 0.0189798 0.0244974 0.030074 0.0351422 0.0391503 0.0416748 0.0425095 0.0417018 0.0395182 0.0363607 0.0326613 0.028792 0.0250149 0.0214757 0.0182297 0.0152811 0.0126176
 1.0444e-16 2.07358e-05 0.000121668 0.000578282 0.0022263 0.00694239 0.0175362 0.0358832 0.0594874 0.0799112 0.0870153 0.0768872 0.0553297 0.0328796 0.01706 0.00940029 0.00775021 0.00953251 0.0131394 0.0177818 0.0229777 0.0282531 0.0330826 0.0369549 0.0394747 0.0404459 0.039904 0.0380852 0.0353488 0.0320811 0.0286136 0.0251785 0.0219045 0.0188415 0.0159982 0.0133725
 1.0356e-16 2.51403e-05 0.000147532 0.000701253 0.00269979 0.00841896 0.0212658 0.0435138 0.0721334 0.0968868 0.105468 0.0931152 0.0668406 0.0393839 0.0198165 0.00993062 0.00705429 0.0080122 0.0108391 0.0146157 0.0188594 0.0231569 0.0270692 0.030174 0.0321485 0.0328371 0.0322784 0.030678 0.0283435 0.0256022 0.0227332 0.0199288 0.0172913 0.0148544 0.0126152 0.0105614
 1.02991e-16 2.30879e-05 0.000135476 0.000643924 0.00247903 0.00773053 0.0195269 0.0399565 0.0662393 0.0889782 0.0968807 0.0855859 0.0615491 0.0364937 0.0187831 0.0101022 0.00803564 0.0096922 0.0132637 0.0178618 0.0229516 0.0280221 0.0325182 0.0359114 0.0378092 0.0380422 0.0366973 0.03408 0.0306272 0.026797 0.0229757 0.0194243 0.0162715 0.013541 0.0111952 0.00917502
 1.03295e-16 2.18226e-05 0.000128047 0.000608606 0.00234305 0.00730647 0.0184558 0.0377649 0.0626068 0.084101 0.0915761 0.0809134 0.058219 0.0345799 0.0179106 0.0098159 0.00802648 0.00982194 0.013501 0.0182234 0.0234727 0.0287434 0.0334796 0.0371458 0.0393363 0.0398629 0.0387888 0.036395 0.033095 0.0293298 0.0254773 0.0218007 0.0184413 0.0154439 0.0127966 0.0104668
 1.03304e-16 2.39412e-05 0.000140489 0.000667767 0.00257085 0.00801687 0.0202502 0.041436 0.0686902 0.0922658 0.100447 0.0887063 0.063727 0.0376524 0.0191363 0.00990369 0.00742891 0.00870148 0.0118516 0.0159883 0.0206152 0.0252836 0.0295096 0.0328272 0.0348808 0.0355009 0.0347342 0.0328138 0.0300873 0.026926 0.0236483 0.0204763 0.0175305 0.0148523 0.0124383 0.0102704
 1.03097e-16 2.33205e-05 0.000136843 0.000650425 0.00250407 0.0078086 0.0197241 0.0403599 0.0669075 0.0898743 0.0978523 0.0864345 0.0621384 0.036801 0.0188641 0.0100226 0.00783044 0.00936351 0.0127976 0.0172455 0.0221864 0.0271303 0.0315464 0.0349268 0.0368908 0.0372681 0.0361308 0.0337588 0.0305575 0.026955 0.0233141 0.0198829 0.016788 0.0140604 0.0116754 0.00958922
pSPR Fmed_Fpbrs
0.695201   0.255389 0.255389
Fs Fmed_Fpbrs
0.18949   1.005 1.005
SSBpbr Bo_Bmed_Bpbrs
1.35301e+06  872960  277893 277893
Ro
56387.3
SPR SPRFo_SPRFmed_SPRFpbrs
1.16009e+06 806496 296275
log_Ro
10.76
likeval ReclasPelacesDesembMPH_pf_preclas_ppelaces_ptallas_desvR_qrecl_qpela
 167.929 55.5835 0.0847511 0.00104612 314.18 186.113 84.2821 0 14.475 0 0 0 0 0 0
q_reclas_q_pelaces
1 1
M
0.7
N
 91446 33523.4 16647.2 8266.78 8154.63
 75237.4 43133.1 15019.2 7458.32 7357.14
 45392.9 35246.7 19062.8 6637.77 6547.72
 54233 20022.9 13810.2 7469.11 5166.29
 83510.7 26221.1 9425.58 6501.03 5948
 67189.1 41177.9 12838.1 4614.86 6095.17
 125105 30258 16817.2 5243.14 4374.02
 82348.5 58609.9 13373.2 7432.77 4250.53
 127769 36233.7 22850.2 5213.83 4554.97
 117261 55122.6 13580.8 8564.54 3661.46
 66678.9 51797.8 21659.7 5336.4 4804.04
 47673.4 25332.4 15055.4 6295.54 2947.39
 50360.9 18322 7534.83 4478.06 2749.21
 30296.8 17392.6 4400.69 1809.77 1735.89
 22246 8322.2 2642.73 668.665 538.747
 19239.5 7020.09 1668.89 529.958 242.128
 18665.7 7957.4 2418.25 574.892 265.965
 19164.6 8078.97 3001.94 912.289 317.214
 23180.1 8661.93 3323.49 1234.92 505.787
 41772.4 10594.9 3644.05 1398.18 732.311
 57164.9 19234 4523.37 1555.79 909.591
 76096.6 27398 8897.26 2092.42 1140.44
 125846 36116.9 12428.4 4036.02 1466.5
 184875 59375.1 16190.1 5571.28 2466.61
pred_Ctot
 3308.32 2371.81 1177.81 584.881 576.947
 3073.45 3435.76 1196.35 594.091 586.031
 3672.5 5421.39 2932.1 1020.97 1007.12
 1030.09 751.748 518.498 280.424 193.966
 423.486 265.108 95.2971 65.7286 60.1371
 4525.21 5318.24 1658.08 596.021 787.207
 5108.49 2409.25 1339.04 417.476 348.274
 6795.07 9185.02 2095.78 1164.82 666.12
 12155.7 6494.19 4095.46 934.478 816.389
 9378.45 8386.54 2066.23 1303.04 557.067
 11441.2 15927 6660.03 1640.86 1477.17
 7865.94 7523.06 4471.06 1869.61 875.299
 11261.7 7089.16 2915.39 1732.66 1063.73
 10070 9270.25 2345.57 964.604 925.23
 5985.15 3754.75 1192.33 301.684 243.068
 2336.84 1579.23 375.431 119.219 54.4688
 1737.29 1397.12 424.585 100.937 46.6968
 1244.84 1007.84 374.489 113.807 39.5721
 1332.94 961.124 368.773 137.027 56.1219
 2195.75 1077.98 370.766 142.259 74.5095
 1435.49 951.099 223.676 76.9319 44.9783
 2427.1 1713.53 556.453 130.865 71.3252
 4528.93 2542.19 874.812 284.087 103.224
 5754.39 3625.65 988.621 340.201 150.619
F
 0.0514575 0.102915 0.102915 0.102915 0.102915
 0.0582767 0.116553 0.116553 0.116553 0.116553
 0.118481 0.236962 0.236962 0.236962 0.236962
 0.026724 0.0534479 0.0534479 0.0534479 0.0534479
 0.00707338 0.0141468 0.0141468 0.0141468 0.0141468
 0.0977491 0.195498 0.195498 0.195498 0.195498
 0.0582525 0.116505 0.116505 0.116505 0.116505
 0.120971 0.241942 0.241942 0.241942 0.241942
 0.140665 0.281331 0.281331 0.281331 0.281331
 0.117054 0.234108 0.234108 0.234108 0.234108
 0.267806 0.535611 0.535611 0.535611 0.535611
 0.256273 0.512546 0.512546 0.512546 0.512546
 0.363169 0.726338 0.726338 0.726338 0.726338
 0.592117 1.18423 1.18423 1.18423 1.18423
 0.453385 0.906769 0.906769 0.906769 0.906769
 0.182866 0.365731 0.365731 0.365731 0.365731
 0.137422 0.274843 0.274843 0.274843 0.274843
 0.0941246 0.188249 0.188249 0.188249 0.188249
 0.0829216 0.165843 0.165843 0.165843 0.165843
 0.0755567 0.151113 0.151113 0.151113 0.151113
 0.0354675 0.070935 0.070935 0.070935 0.070935
 0.0452423 0.0904847 0.0904847 0.0904847 0.0904847
 0.0511813 0.102363 0.102363 0.102363 0.102363
 0.0441299 0.0882598 0.0882598 0.0882598 0.0882598
nmprior
 10 10 8 0
nm_flota  nm_reclas  nm_pelaces    nm_pelaL
inf 12.9202 13.6144 22.9509
cv_recla  cv_pelaces  cv_mph
1.19975 0.877279 1.04937
 ------------------------------------------------
Talla a la edad & desviación 
 7.2 14.2025 17.0495 18.207 18.6776
 1.08 2.13037 2.55742 2.73105 2.80164
