years
 1997 1998 1999 2000 2001 2002 2003 2004 2005 2006 2007 2008 2009 2010 2011 2012 2013 2014 2015 2016 2017 2018 2019 2020
reclasobs
 0 0 0 370054 412103 1.49427e+06 250295 1.28982e+06 931140 785840 897777 1.04006e+06 184774 17550 25797 100020 73551 82996 120727 218422 84188 347160 605670 569463
reclaspred
 3.03776e+06 550217 1.42673e+06 833450 891068 1.11443e+06 2.18961e+06 1.35072e+06 1.5378e+06 1.38222e+06 1.06243e+06 750157 479512 240084 172677 179641 213167 288626 302917 397178 617040 644641 1.19229e+06 1.57386e+06
pelacesobs
 0 0 0 0 0 0 0 0 0 2.06254e+06 1.5e+06 0 1.87456e+06 323000 250000 174000 83755 137374 0 501740 490994 745055 786931 1.00524e+06
pelacespred
 1.76175e+06 669198 540241 614569 552902 562209 1.09267e+06 956065 914945 850530 558386 409289 255649 106275 77365.2 90366.2 111836 150738 168325 210571 355553 382980 538080 845657
mphobs
 0 0 0 0 0 112323 0 153150 637223 0 255016 313432 73983 77613 109348 50772 0 0 0 0 0 0 0 0
mphpred
 2.22484e+06 1.13817e+06 837735 917489 745417 948602 1.38823e+06 1.57714e+06 1.25399e+06 1.39522e+06 1.10854e+06 759675 525278 295755 155598 147896 169717 226603 266661 298619 452903 582475 787646 1.18938e+06
desembarqueobs
 350755 77701 442110 56441 14545 235359 269955 359681 431902 328805 639364 411747 362871 311530 167758 66681 60226 58785 57116 71774 51957 67425 138520 160799
desembarquepred
 351068 77733.4 442612 56375.3 14536.7 235936 270162 359490 431898 328531 639990 411909 362572 311656 167672 66686.2 60102.6 58673.1 57154 71850 51902.3 67494.3 138755 160532
Reclutas
 74954.1 55167.4 39705.1 54635.2 83829.3 76870.7 107303 82867.6 159076 83980.6 70094.5 59686.7 47537 29398.3 22097.1 20459 17015.8 17199.2 19979.4 35408.8 52762.1 70819.9 116175 155046
log_desv_Rt
 0.344631 0.0381266 -0.290765 0.0284332 0.456538 0.36988 0.703408 0.445 1.09714 0.458342 0.277599 0.116865 -0.110736 -0.591307 -0.876796 -0.953821 -1.1381 -1.12738 -0.977541 -0.405284 -0.0064518 0.287895 0.782857 1.07148
SSB
 2.22484e+06 1.13817e+06 837735 917489 745417 948602 1.38823e+06 1.57714e+06 1.25399e+06 1.39522e+06 1.10854e+06 759675 525278 295755 155598 147896 169717 226603 266661 298619 452903 582475 787646 1.18938e+06
BT
 4.57854e+06 1.38759e+06 1.49221e+06 1.31734e+06 1.22235e+06 1.29652e+06 2.85065e+06 2.40581e+06 2.65108e+06 2.07801e+06 1.77543e+06 1.28448e+06 919897 521088 331890 256640 304509 379502 399045 540265 889308 846842 1.25038e+06 1.99837e+06
Ftot
 0.112518 0.137327 0.298199 0.0660394 0.0159725 0.204878 0.12011 0.256774 0.271086 0.229662 0.566595 0.519053 0.70323 1.14893 0.890988 0.355856 0.271927 0.196942 0.182914 0.175566 0.0820744 0.102022 0.113321 0.0994184
BD_Bspro_t
 0.983232 0.891821 0.808754 0.683097 0.752241 0.836519 0.789577 0.785165 0.717206 0.692894 0.617129 0.453725 0.369488 0.275309 0.178969 0.198524 0.287219 0.432159 0.533851 0.621956 0.733613 0.821787 0.839971 0.850669
BD_Bspro
 2.0364 1.04178 0.766783 0.839782 0.682284 0.86826 1.27065 1.44356 1.14778 1.27705 1.01465 0.695334 0.480789 0.270706 0.14242 0.13537 0.155343 0.207411 0.244076 0.273328 0.414544 0.533142 0.720936 1.08865
BD_Bo
 1.73347 0.886804 0.652718 0.714859 0.580789 0.7391 1.08163 1.22882 0.97704 1.08708 0.863712 0.591898 0.409269 0.230436 0.121234 0.115233 0.132234 0.176557 0.207768 0.232668 0.352878 0.453834 0.613692 0.926705
BD_Brms
 8.43995 4.31767 3.17796 3.48051 2.82775 3.59853 5.26626 5.98289 4.75702 5.2928 4.20524 2.88184 1.99265 1.12195 0.590264 0.561047 0.643823 0.859623 1.01158 1.13282 1.71809 2.20963 2.98795 4.51195
S_f
 0.5 1 1 1 1
 0.5 1 1 1 1
 0.5 1 1 1 1
 0.5 1 1 1 1
 0.5 1 1 1 1
 0.5 1 1 1 1
 0.5 1 1 1 1
 0.5 1 1 1 1
 0.5 1 1 1 1
 0.5 1 1 1 1
 0.5 1 1 1 1
 0.5 1 1 1 1
 0.5 1 1 1 1
 0.5 1 1 1 1
 0.5 1 1 1 1
 0.5 1 1 1 1
 0.5 1 1 1 1
 0.5 1 1 1 1
 0.5 1 1 1 1
 0.5 1 1 1 1
 0.5 1 1 1 1
 0.5 1 1 1 1
 0.5 1 1 1 1
 0.5 1 1 1 1
Scru_reclas
 0.5 1 1 1 1
 0.5 1 1 1 1
 0.5 1 1 1 1
 0.5 1 1 1 1
 0.5 1 1 1 1
 0.5 1 1 1 1
 0.5 1 1 1 1
 0.5 1 1 1 1
 0.5 1 1 1 1
 0.5 1 1 1 1
 0.5 1 1 1 1
 0.5 1 1 1 1
 0.5 1 1 1 1
 0.5 1 1 1 1
 0.5 1 1 1 1
 0.5 1 1 1 1
 0.5 1 1 1 1
 0.5 1 1 1 1
 0.5 1 1 1 1
 0.5 1 1 1 1
 0.5 1 1 1 1
 0.5 1 1 1 1
 0.5 1 1 1 1
 0.5 1 1 1 1
Scru_pelaces
 0.5 1 1 1 1
 0.5 1 1 1 1
 0.5 1 1 1 1
 0.5 1 1 1 1
 0.5 1 1 1 1
 0.5 1 1 1 1
 0.5 1 1 1 1
 0.5 1 1 1 1
 0.5 1 1 1 1
 0.5 1 1 1 1
 0.5 1 1 1 1
 0.5 1 1 1 1
 0.5 1 1 1 1
 0.5 1 1 1 1
 0.5 1 1 1 1
 0.5 1 1 1 1
 0.5 1 1 1 1
 0.5 1 1 1 1
 0.5 1 1 1 1
 0.5 1 1 1 1
 0.5 1 1 1 1
 0.5 1 1 1 1
 0.5 1 1 1 1
 0.5 1 1 1 1
pf_obs 
 0.256992 0.487395 0.22802 0.0275931 0
 0.321318 0.546541 0.124235 0.00734118 0.000564706
 0.182869 0.594174 0.210203 0.0122559 0.00049798
 0.330522 0.361315 0.267642 0.0388342 0.00168674
 0.649043 0.306663 0.0425973 0.00169635 0
 0.582887 0.30429 0.105238 0.00758474 0
 0.465427 0.430635 0.0974691 0.00646863 0
 0.296916 0.608066 0.0921331 0.00288517 0
 0.311714 0.524322 0.152257 0.0117073 0
 0.15457 0.633149 0.183074 0.0267441 0.00246327
 0.131901 0.49318 0.331252 0.0422183 0.00144891
 0.196976 0.569456 0.194076 0.0375587 0.00193317
 0.518974 0.381816 0.0799577 0.0180837 0.00116848
 0.0928022 0.601141 0.25162 0.0475244 0.00691264
 0.122501 0.610282 0.24278 0.0234846 0.000952079
 0.383417 0.481906 0.127806 0.00687128 0
 0.0376549 0.599619 0.316969 0.0457579 0
 0.0361596 0.667082 0.258105 0.0386534 0
 0.158088 0.579412 0.248529 0.0139706 0
 0.0477256 0.309471 0.559284 0.082774 0.000745712
 0.0406174 0.521527 0.379366 0.0568643 0.0016247
 0.151134 0.462217 0.34131 0.0453401 0
 0.294876 0.26143 0.354403 0.0886775 0.000613685
 0.281977 0.475581 0.204845 0.0348837 0.00271318
pf_pred 
 0.379807 0.312214 0.155041 0.0769911 0.0759466
 0.310809 0.384824 0.153223 0.0760883 0.0750561
 0.285781 0.34563 0.205809 0.0819459 0.0808342
 0.43184 0.264658 0.146873 0.0874571 0.0691722
 0.493327 0.307868 0.0926061 0.051392 0.054806
 0.391567 0.402605 0.125067 0.0376197 0.0431412
 0.479805 0.300199 0.145573 0.0452213 0.0292014
 0.363994 0.417327 0.126198 0.0611959 0.0312857
 0.562385 0.241557 0.128647 0.0389022 0.0285088
 0.319806 0.500166 0.0993724 0.0529232 0.0277317
 0.346492 0.327431 0.239774 0.047638 0.038665
 0.413309 0.326398 0.130416 0.0955022 0.0343746
 0.426489 0.356408 0.120782 0.0482599 0.0480604
 0.415472 0.378452 0.128066 0.0434 0.0346102
 0.517422 0.323605 0.102927 0.0348299 0.0212162
 0.536476 0.342014 0.081482 0.0259163 0.0141121
 0.432733 0.408195 0.117372 0.0279629 0.0137369
 0.430948 0.354282 0.154545 0.0444376 0.0157877
 0.452536 0.337066 0.130991 0.0571406 0.0222674
 0.56333 0.277389 0.098067 0.0381108 0.0231032
 0.549224 0.329343 0.0771386 0.0272712 0.0170229
 0.506821 0.352018 0.103134 0.024156 0.0138707
 0.547447 0.307286 0.103688 0.0303784 0.0112009
 0.509278 0.350437 0.0952541 0.0321417 0.012889
pobs_RECLAS
 0 0 0 0 0
 0 0 0 0 0
 0 0 0 0 0
 0 0 0 0 0
 0.835266 0.146461 0.0176864 0.000547809 3.91292e-05
 0.385257 0.428462 0.181853 0.0044286 0
 0.867414 0.0963971 0.0333333 0.00285562 0
 0.441836 0.489002 0.0689373 0.000224442 0
 0.779404 0.147425 0.0564933 0.0165055 0.000172143
 0.814271 0.122319 0.05973 0.00367925 0
 0.40263 0.566651 0.0304383 0.000280538 0
 0.475488 0.404961 0.113038 0.00651328 0
 0.955842 0.0263864 0.0167828 0.000988607 0
 0.975058 0.0227948 0.00214734 0 0
 0.738997 0.206755 0.0527124 0.00153531 0
 0.850938 0.134255 0.0134407 0.00136685 0
 0.542534 0.407297 0.0501686 0 0
 0.764087 0.199537 0.0359546 0.000420521 0
 0.470689 0.182191 0.310203 0.0369168 0
 0.84361 0.089868 0.0606195 0.00523954 0.000663233
 0.607945 0.314616 0.071237 0.00620181 0
 0.523733 0.453247 0.0230204 0 0
 0.530135 0.295979 0.169645 0.0042399 0
 0.562478 0.366248 0.0663022 0.0049721 0
ppred_RECLAS
 0.380665 0.311782 0.154827 0.0768846 0.0758416
 0.311784 0.384279 0.153006 0.0759807 0.07495
 0.288096 0.344509 0.205142 0.0816803 0.0805722
 0.432341 0.264424 0.146743 0.0873799 0.0691112
 0.493445 0.307797 0.0925846 0.0513801 0.0547933
 0.393284 0.401469 0.124714 0.0375136 0.0430195
 0.480782 0.299636 0.1453 0.0451364 0.0291465
 0.366179 0.415893 0.125764 0.0609857 0.0311783
 0.564861 0.24019 0.127919 0.0386821 0.0283475
 0.321602 0.498846 0.0991101 0.0527835 0.0276585
 0.352404 0.324469 0.237605 0.047207 0.0383152
 0.418922 0.323275 0.129169 0.0945887 0.0340458
 0.43509 0.351063 0.118971 0.0475362 0.0473396
 0.433009 0.367098 0.124224 0.0420979 0.0335719
 0.529704 0.315369 0.100307 0.0339434 0.0206762
 0.539984 0.339425 0.0808653 0.0257202 0.0140053
 0.435215 0.406409 0.116858 0.0278405 0.0136768
 0.432635 0.353232 0.154086 0.0443059 0.0157409
 0.454099 0.336103 0.130617 0.0569775 0.0222039
 0.564809 0.27645 0.0977349 0.0379817 0.023025
 0.549863 0.328876 0.0770293 0.0272326 0.0169988
 0.507638 0.351435 0.102963 0.024116 0.0138478
 0.548356 0.306669 0.10348 0.0303174 0.0111784
 0.510072 0.34987 0.0951 0.0320897 0.0128681
pobs_PELACES
 0 0 0 0 0
 0 0 0 0 0
 0 0 0 0 0
 0 0 0 0 0
 0 0 0 0 0
 0 0 0 0 0
 0 0 0 0 0
 0 0 0 0 0
 0 0 0 0 0
 0 0 0 0 0
 0.450072 0.473896 0.0757376 0.000293798 0
 0 0 0 0 0
 0.463077 0.371075 0.160297 0.00555027 0
 0.529543 0.364841 0.0842815 0.0213345 0
 0.631943 0.363953 0.00410389 0 0
 0.735681 0.248677 0.0153453 0.000297389 0
 0.695825 0.281241 0.0229344 0 0
 0.275771 0.60734 0.115278 0.00161068 0
 0 0 0 0 0
 0.896147 0.0623911 0.0374545 0.00400742 0
 0.803859 0.145111 0.0509908 3.86294e-05 0
 0.739449 0.233085 0.0266225 0.000797448 4.60066e-05
 0.878498 0.100942 0.0204185 0.000141795 0
 0.694673 0.275183 0.0284847 0.00165964 0
ppred_PELACES
 0.385051 0.309574 0.15373 0.0763401 0.0753044
 0.316666 0.381553 0.151921 0.0754417 0.0744182
 0.298292 0.339575 0.202204 0.0805105 0.0794183
 0.435018 0.263178 0.146051 0.086968 0.0687854
 0.494104 0.307397 0.0924642 0.0513133 0.054722
 0.401379 0.396113 0.12305 0.0370131 0.0424455
 0.485731 0.29678 0.143915 0.0447062 0.0288687
 0.376066 0.409405 0.123802 0.0600343 0.0306919
 0.575821 0.23414 0.124697 0.0377078 0.0276335
 0.329925 0.492726 0.0978942 0.0521359 0.0273192
 0.374022 0.313637 0.229673 0.0456312 0.0370362
 0.439902 0.311603 0.124505 0.0911734 0.0328165
 0.463793 0.333226 0.112926 0.0451208 0.0449343
 0.480007 0.336668 0.113927 0.0386083 0.030789
 0.566103 0.290961 0.0925436 0.0313163 0.019076
 0.554531 0.328692 0.0783081 0.0249068 0.0135624
 0.446274 0.398451 0.11457 0.0272954 0.013409
 0.440628 0.348255 0.151916 0.0436817 0.0155192
 0.46159 0.331491 0.128824 0.0561956 0.0218992
 0.571915 0.271935 0.0961389 0.0373615 0.022649
 0.553213 0.326429 0.0764561 0.02703 0.0168723
 0.511844 0.348433 0.102084 0.02391 0.0137295
 0.552982 0.303527 0.10242 0.0300068 0.0110639
 0.51417 0.346943 0.0943045 0.0318212 0.0127605
pobs_pel_tallas
 0 0 0 0 0 0 0 0 0 0 0 0 0 0 0 0 0 0 0 0 0 0 0 0 0 0 0 0 0 0 0 0 0 0 0 0
 0 0 0 0 0 0 0 0 0 0 0 0 0 0 0 0 0 0 0 0 0 0 0 0 0 0 0 0 0 0 0 0 0 0 0 0
 0 0 0 0 0 0 0 0 0 0 0 0 0 0 0 0 0 0 0 0 0 0 0 0 0 0 0 0 0 0 0 0 0 0 0 0
 0 0 0 0 0 0 0 0 0 0 0 0 0 0 0 0 0 0 0 0 0 0 0 0 0 0 0 0 0 0 0 0 0 0 0 0
 0 0 0 0 0 0 0 0 0 0 0 0 0 0 0 0 0 0 0 0 0 0 0 0 0 0 0 0 0 0 0 0 0 0 0 0
 0 0 0 0 0 0 0 0 0 0 0 0 0 0 0 0 0 0 0 0 0 0 0 0 0 0 0 0 0 0 0 0 0 0 0 0
 0 0 0 0 0 0 0 0 0 0 0 0 0 0 0 0 0 0 0 0 0 0 0 0 0 0 0 0 0 0 0 0 0 0 0 0
 0 0 0 0 0 0 0 0 0 0 0 0 0 0 0 0 0 0 0 0 0 0 0 0 0 0 0 0 0 0 0 0 0 0 0 0
 0 0 0 0 0 0 0 0 0 0 0 0 0 0 0 0 0 0 0 0 0 0 0 0 0 0 0 0 0 0 0 0 0 0 0 0
 0 0 0 0 0 0 0 0 0 0 0 0 0 0 0 0 0 0 0 0 0 0 0 0 0 0 0 0 0 0 0 0 0 0 0 0
 0 0 0 0 0 0 0 0 1.78061e-05 0.00172719 0.00360574 0.0105946 0.0120993 0.0124554 0.0147524 0.0171206 0.0266825 0.0428682 0.0675386 0.121331 0.153587 0.119568 0.100827 0.0573624 0.0630603 0.0341343 0.0324427 0.0444173 0.0211091 0.0280891 0.0125444 0.00206551 0 0 0 0
 0 0 0 0 0 0 0 0 0 0 0 0 0 0 0 0 0 0 0 0 0 0 0 0 0 0 0 0 0 0 0 0 0 0 0 0
 0 0 0 0 0 0 0.0133647 0.0140871 0.0187388 0.0205184 0.03894 0.0496705 0.03968 0.0493445 0.0407372 0.0367815 0.0215668 0.0243155 0.0234873 0.0199281 0.019796 0.0243948 0.0301388 0.0376714 0.0412746 0.0863199 0.0771752 0.113111 0.0741005 0.0525337 0.0229764 0.00759418 0.00175318 0 0 0
 0 0 0 0 0 0 0 0 0 0 0.00219441 0.00772107 0.0458388 0.0604681 0.0671733 0.0775358 0.0609151 0.0617685 0.073594 0.0568108 0.0755445 0.0548602 0.0670107 0.0636378 0.0643287 0.046367 0.0373049 0.0286899 0.0247887 0.0153202 0.00654259 0.00121912 0.000365735 0 0 0
 0 0 0 0 0 0 0 0 0 0 0 0 0.000112435 0.00938835 0.0111873 0.0202946 0.0414886 0.0713402 0.111592 0.104902 0.108894 0.110636 0.117776 0.105296 0.107544 0.0401394 0.0192827 0.0124803 0.00416011 0.0028671 0.000618394 0 0 0 0 0
 0 0 0 0 0 0 0 0 0 0 0.00291406 0.0102884 0.027416 0.0768956 0.0749926 0.110853 0.0956884 0.0897413 0.0766577 0.0534642 0.0500743 0.0551293 0.0594112 0.0620874 0.0668451 0.0424026 0.0208742 0.0120726 0.0048766 0.00582813 0.00118941 0.000297354 0 0 0 0
 0 0.00264628 0.0354308 0.0461629 0.0458689 0.0383711 0.0214643 0.0164657 0.0346957 0.0420465 0.0363128 0.0245516 0.0311673 0.0291091 0.0169068 0.0133784 0.00837989 0.0085269 0.0148486 0.0160247 0.0276389 0.0546898 0.0760071 0.122758 0.109233 0.0665981 0.0333725 0.0166128 0.00676272 0.00308733 0.000882094 0 0 0 0 0
 0 0 0 0 0 0 0 0.000805153 0.000690131 0.00759144 0.0133425 0.0154129 0.00931677 0.000345066 0.00356568 0.00563607 0.00851162 0.0253048 0.0502646 0.0516448 0.0657925 0.0565908 0.0611916 0.0827007 0.0866115 0.110766 0.145733 0.0935128 0.0569358 0.0249597 0.0138026 0.00621118 0.00161031 0.00115022 0 0
 0 0 0 0 0 0 0 0 0 0 0 0 0 0 0 0 0 0 0 0 0 0 0 0 0 0 0 0 0 0 0 0 0 0 0 0
 0.00147267 0.00158595 0.00478618 0.00569244 0.00954404 0.0108468 0.00647125 0.017049 0.0510054 0.094081 0.124002 0.0959785 0.0687766 0.0820023 0.061753 0.0591476 0.0492212 0.0479892 0.0443925 0.0268479 0.0217502 0.0140895 0.0121071 0.0120363 0.00920419 0.00665534 0.0049561 0.00860946 0.00930331 0.0156896 0.0114698 0.00855282 0.00243557 0.00046729 0 2.83206e-05
 0 0 0 0 0.000772559 0.00158375 0.000888443 0.00281984 0.00712685 0.0440552 0.0773331 0.111326 0.0921469 0.0852325 0.0710754 0.0886704 0.0786465 0.0553345 0.0373146 0.0185414 0.00753245 0.00457741 0.012979 0.0271748 0.0457355 0.0583668 0.034881 0.0177882 0.00938659 0.00492506 0.0015258 0.00185414 0.000309023 5.79419e-05 3.86279e-05 0
 0 0.00173294 0.00326652 0 0.00397197 0.00683976 0.00946217 0.0152591 0.00757587 0.0136028 0.0228656 0.0392903 0.0559909 0.0764795 0.0681675 0.0726916 0.0566044 0.0477403 0.0527397 0.0444891 0.0609904 0.0582453 0.0661739 0.0445044 0.0529084 0.0360697 0.0280645 0.0235558 0.0158879 0.00826598 0.00280645 0.00217768 0.000904811 0.00058276 9.20147e-05 0
 0 0 0 0 0 0 0 0 0 0 0 0 0 0 0 0 0 0 0 0 0 0 0 0 0 0 0 0 0 0 0 0 0 0 0 0
 0 0 0 0 0 0 0 0 0 0 0 0 0 0 0 0 0 0 0 0 0 0 0 0 0 0 0 0 0 0 0 0 0 0 0 0
ppred_pel_tallas
 1.08425e-16 1.68154e-05 9.86535e-05 0.000468874 0.00180506 0.00562878 0.0142181 0.029094 0.0482337 0.0647986 0.0705717 0.0623872 0.0449603 0.0268491 0.0141749 0.00820579 0.00723048 0.00919095 0.0128085 0.0174549 0.022732 0.0282283 0.033473 0.0379958 0.0414182 0.0435263 0.0443003 0.0438874 0.0425357 0.0405138 0.0380462 0.0352833 0.0323072 0.0291598 0.0258781 0.0225182
 1.08351e-16 1.38364e-05 8.11576e-05 0.000385682 0.00148472 0.0046298 0.0116948 0.0239318 0.0396795 0.0533183 0.0580997 0.0514356 0.0372288 0.0225548 0.0124977 0.00815925 0.00819078 0.0109427 0.0153709 0.0209122 0.0271301 0.0335197 0.0394954 0.0444788 0.0480165 0.0498723 0.0500629 0.0488214 0.0465105 0.0435156 0.040158 0.036651 0.0331026 0.0295505 0.0260072 0.0224957
 1.09459e-16 1.30336e-05 7.64481e-05 0.0003633 0.00139856 0.00436112 0.0110161 0.0225428 0.0373762 0.0502222 0.0547233 0.0484401 0.0350471 0.0212066 0.011705 0.00757891 0.00755947 0.0101005 0.0142348 0.0194588 0.025397 0.031615 0.0375984 0.0428256 0.0468686 0.049473 0.0505926 0.0503619 0.0490285 0.0468687 0.0441206 0.0409525 0.0374687 0.0337388 0.029831 0.0258347
 1.08362e-16 1.89922e-05 0.000111438 0.000529662 0.00203912 0.00635871 0.0160618 0.032866 0.0544845 0.0731878 0.0796869 0.0703944 0.0506197 0.0300058 0.0154339 0.0082955 0.00661588 0.00803919 0.0111139 0.0151596 0.0197994 0.0246805 0.029406 0.0335767 0.036865 0.0390754 0.0401694 0.0402441 0.0394781 0.038068 0.0361772 0.0339149 0.0313433 0.0285031 0.0254424 0.0222337
 1.05733e-16 2.15704e-05 0.00012657 0.000601594 0.00231606 0.00722233 0.0182432 0.0373297 0.0618842 0.0831273 0.0905079 0.0799506 0.0574849 0.0340611 0.0174904 0.0093455 0.00737068 0.00887056 0.0121691 0.0164589 0.0212721 0.0261692 0.0306699 0.0343105 0.0367367 0.0377783 0.0374775 0.0360562 0.0338423 0.0311786 0.0283475 0.0255321 0.022817 0.0202167 0.017715 0.0152981
 1.05131e-16 1.75309e-05 0.000102846 0.000488788 0.0018817 0.00586776 0.0148218 0.0303299 0.0502847 0.0675597 0.0735939 0.065095 0.0469897 0.0282165 0.0151782 0.00922033 0.0085781 0.0111109 0.0154647 0.0209282 0.0269921 0.0331025 0.0386343 0.0429818 0.0456855 0.0465309 0.0455863 0.0431628 0.0397175 0.0357334 0.0316184 0.0276491 0.0239659 0.0206051 0.0175468 0.0147572
 1.05025e-16 2.1205e-05 0.000124426 0.0005914 0.00227682 0.00709994 0.0179341 0.0366971 0.0608355 0.0817186 0.0889739 0.0785953 0.0565099 0.0334828 0.0171935 0.00918963 0.0072568 0.0087506 0.0120312 0.0163146 0.021152 0.0261203 0.0307516 0.0345851 0.0372562 0.0385699 0.0385305 0.0373167 0.0352158 0.0325425 0.0295708 0.026497 0.023438 0.020453 0.0175739 0.0148293
 1.05388e-16 1.64277e-05 9.63681e-05 0.000457989 0.00176311 0.00549794 0.0138877 0.0284188 0.0471173 0.0633078 0.0689718 0.0610294 0.0441045 0.0265832 0.0144802 0.00907466 0.00873184 0.0114605 0.0159961 0.0216603 0.0279452 0.034284 0.0400321 0.0445648 0.047407 0.0483357 0.0474193 0.0449753 0.0414711 0.0374005 0.0331798 0.0290907 0.0252762 0.021774 0.0185661 0.0156224
 1.04434e-16 2.51308e-05 0.000147479 0.000701013 0.00269888 0.00841613 0.0212586 0.0434988 0.0721075 0.0968487 0.105418 0.093051 0.0667507 0.0392432 0.0195845 0.00955253 0.00646448 0.00714161 0.00962812 0.0130324 0.0169188 0.0209369 0.0247156 0.02789 0.0301686 0.03139 0.0315468 0.0307665 0.0292615 0.027267 0.0249886 0.0225756 0.0201199 0.0176729 0.0152692 0.0129434
 1.04619e-16 1.4419e-05 8.4568e-05 0.000401873 0.00154702 0.00482405 0.0121856 0.0249368 0.0413483 0.0555682 0.0605711 0.0536702 0.0389474 0.0237968 0.013544 0.00936798 0.00988871 0.0133944 0.0187712 0.0253613 0.03259 0.0397733 0.0461309 0.050915 0.0535731 0.0538721 0.0519446 0.0482337 0.0433664 0.0379954 0.0326658 0.0277392 0.0233854 0.0196235 0.0163865 0.0135808
 1.06661e-16 1.63349e-05 9.58318e-05 0.000455457 0.00175339 0.00546766 0.0138111 0.0282614 0.046854 0.0629466 0.0685592 0.0606189 0.0437095 0.0261498 0.0138941 0.00818449 0.00737076 0.00946545 0.013235 0.0180713 0.02358 0.029342 0.0348689 0.0396629 0.0433099 0.0455563 0.0463444 0.045792 0.0441333 0.0416439 0.0385782 0.0351369 0.0314659 0.0276752 0.0238624 0.0201275
 1.06536e-16 1.92072e-05 0.000112696 0.000535631 0.00206209 0.00643032 0.0162427 0.0332365 0.0551 0.0740183 0.0806008 0.0712246 0.0512665 0.0304889 0.0158645 0.00881611 0.00736018 0.00911935 0.0126154 0.0171285 0.0222226 0.0274669 0.0323793 0.0364855 0.0394126 0.0409636 0.0411471 0.040148 0.0382574 0.0357866 0.0329969 0.0300643 0.0270821 0.0240887 0.0211032 0.0181532
 1.05362e-16 2.02498e-05 0.000118815 0.000564718 0.00217407 0.00677953 0.0171248 0.0350415 0.0580923 0.078038 0.0849779 0.0750923 0.0540498 0.0321425 0.0167206 0.00928178 0.00773047 0.00955297 0.0131799 0.0178379 0.0230495 0.0283423 0.0331925 0.0370921 0.0396513 0.0406807 0.0402231 0.03852 0.035932 0.0328409 0.0295678 0.0263286 0.0232327 0.0203113 0.0175568 0.014958
 1.04493e-16 2.0957e-05 0.000122966 0.000584453 0.00225006 0.00701648 0.0177233 0.0362661 0.0601223 0.080764 0.087944 0.0777078 0.0559202 0.0332302 0.0172409 0.00949726 0.00782482 0.00961656 0.0132443 0.0179064 0.0231109 0.0283746 0.0331637 0.0369617 0.039374 0.0402115 0.0395235 0.037564 0.0347116 0.0313685 0.0278763 0.0244689 0.0212692 0.0183151 0.0155994 0.0131041
 1.03376e-16 2.47093e-05 0.000145 0.000689213 0.00265342 0.00827438 0.0209006 0.0427667 0.0708957 0.0952261 0.103665 0.0915354 0.0657322 0.0387824 0.0196092 0.00998286 0.00728596 0.00840311 0.0114018 0.0153684 0.0198073 0.024282 0.0283263 0.0314929 0.0334422 0.0340153 0.0332619 0.0314114 0.0288019 0.0257922 0.0226877 0.0196979 0.0169325 0.0144238 0.0121612 0.0101213
 1.02709e-16 2.42062e-05 0.000142043 0.000675147 0.00259925 0.00810545 0.0204739 0.041894 0.0694502 0.0932883 0.101565 0.0897046 0.0644683 0.0381385 0.0194711 0.0102172 0.0078286 0.00926208 0.0126196 0.0169816 0.0218161 0.0266308 0.0308963 0.0341089 0.0358947 0.0360926 0.0347853 0.0322646 0.0289472 0.0252713 0.0216065 0.0182039 0.0151882 0.0125835 0.0103548 0.00844575
 1.03321e-16 1.94887e-05 0.00011434 0.00054343 0.00209208 0.00652383 0.016479 0.0337207 0.0559049 0.0751063 0.0818034 0.0723298 0.0521542 0.0312011 0.0165709 0.0097366 0.0087117 0.0110952 0.0153706 0.0207519 0.0266978 0.032637 0.0379313 0.041967 0.0442834 0.0446737 0.0432245 0.0402749 0.0363172 0.0318733 0.0273886 0.0231706 0.0193801 0.0160608 0.0131864 0.010704
 1.04497e-16 1.92405e-05 0.000112887 0.000536534 0.00206555 0.0064411 0.01627 0.0332926 0.0551941 0.0741479 0.0807503 0.0713766 0.0514193 0.0306667 0.0161159 0.00920692 0.0079667 0.0100216 0.0138867 0.0188193 0.0243405 0.0299591 0.0351223 0.0392884 0.0420349 0.043146 0.0426477 0.0407774 0.0379043 0.03443 0.0307044 0.0269783 0.0233986 0.0200326 0.0169036 0.0140223
 1.04891e-16 2.01538e-05 0.000118251 0.000562037 0.00216375 0.00674733 0.0170435 0.0348751 0.0578165 0.0776676 0.0845749 0.074737 0.0537959 0.0319952 0.0166512 0.00925549 0.00772424 0.00955773 0.0131965 0.017873 0.0231139 0.0284493 0.0333561 0.0373236 0.0399562 0.0410546 0.0406493 0.0389688 0.0363634 0.0332092 0.0298281 0.0264445 0.0231823 0.0200903 0.0171799 0.0144552
 1.03796e-16 2.4962e-05 0.000146485 0.000696277 0.00268063 0.00835922 0.0211149 0.043205 0.0716216 0.0961993 0.104719 0.0924545 0.0663665 0.0391047 0.0196766 0.00986174 0.00700776 0.0079627 0.0107765 0.0145383 0.018771 0.0230663 0.0269905 0.0301255 0.0321507 0.0329099 0.0324377 0.0309332 0.0286954 0.0260431 0.0232472 0.0204945 0.017884 0.0154492 0.0131891 0.0110955
 1.02909e-16 2.41486e-05 0.000141705 0.000673542 0.00259307 0.00808617 0.0204252 0.0417944 0.0692849 0.0930662 0.101323 0.08949 0.0643124 0.0380429 0.0194162 0.0101786 0.00778752 0.00920693 0.0125437 0.0168817 0.0216925 0.0264878 0.0307429 0.0339587 0.0357645 0.0360005 0.0347483 0.032296 0.029055 0.0254568 0.0218648 0.0185241 0.0155548 0.0129786 0.0107596 0.00884245
 1.03026e-16 2.23458e-05 0.000131118 0.000623206 0.00239926 0.00748177 0.0188986 0.038671 0.0641085 0.0861176 0.0937699 0.082847 0.0595999 0.0353791 0.0182855 0.00995805 0.00806796 0.00982473 0.0134827 0.0181805 0.0233915 0.0286042 0.0332587 0.0368181 0.0388787 0.0392586 0.0380315 0.0354913 0.0320656 0.0282082 0.0243059 0.0206262 0.017309 0.0143928 0.0118561 0.00965479
 1.03101e-16 2.41378e-05 0.000141643 0.000673251 0.00259196 0.00808271 0.0204165 0.0417763 0.0692543 0.0930233 0.101272 0.0894336 0.0642479 0.0379569 0.0192849 0.00997024 0.00746542 0.00873406 0.0118897 0.0160327 0.0206618 0.025324 0.0295314 0.0328149 0.0348173 0.0353705 0.0345246 0.0325187 0.0297079 0.0264711 0.0231335 0.0199222 0.0169602 0.0142889 0.0119025 0.00977898
 1.03142e-16 2.24471e-05 0.000131713 0.000626036 0.00241016 0.00751575 0.0189844 0.0388466 0.0643995 0.0865081 0.0941943 0.08322 0.0598637 0.0355267 0.0183451 0.00996365 0.008041 0.00977243 0.0134036 0.01807 0.0232451 0.0284194 0.0330366 0.0365637 0.0386016 0.038972 0.0377515 0.0352349 0.0318493 0.0280455 0.0242063 0.0205935 0.0173413 0.0144825 0.0119912 0.00982042
pSPR Fmed_Fpbrs
0.679602   0.255389 0.255389
Fs Fmed_Fpbrs
0.202781   1.005 1.005
SSBpbr Bo_Bmed_Bpbrs
1.28346e+06  808066  263608 263608
Ro
53103.6
SPR SPRFo_SPRFmed_SPRFpbrs
1.09253e+06 742487 279021
log_Ro
10.7
likeval ReclasPelacesDesembMPH_pf_preclas_ppelaces_ptallas_desvR_qrecl_qpela
 156.632 57.4376 0.154613 0.00101454 313.247 189.547 84.5829 0 14.3313 0 0 0 0 0 0
q_reclas_q_pelaces
1 1
M
0.7
N
 74954.1 31571.2 15677.8 7785.36 7679.74
 55167.4 35184.9 14009.4 6956.85 6862.47
 39705.1 25577.4 15230.3 6064.18 5981.91
 54635.2 16985.8 9426.35 5613.03 4439.5
 83829.3 26249.8 7895.88 4381.84 4672.92
 76870.7 41297.3 12828.7 3858.85 4425.21
 107303 34456.1 16708.5 5190.38 3351.66
 82867.6 50179.1 15173.9 7358.15 3761.77
 159076 36192.7 19275.3 5828.75 4271.5
 83980.6 68981.4 13705.1 7299 3824.68
 70094.5 37179.4 27226.1 5409.24 4390.37
 59686.7 26220.6 10476.8 7672.02 2761.43
 47537 22864.4 7748.45 3095.99 3083.19
 29398.3 16608.2 5620.12 1904.58 1518.85
 22097.1 8219.2 2614.22 884.638 538.868
 20459 7028.37 1674.45 532.579 290.003
 17015.8 8503.65 2445.13 582.532 286.172
 17199.2 7375.61 3217.38 925.123 328.677
 19979.4 7739.91 3007.88 1312.1 511.318
 35408.8 9054.37 3201.04 1243.99 754.121
 52762.1 16105.8 3772.29 1333.64 832.465
 70819.9 25147.4 7367.68 1725.66 990.897
 116175 33419.2 11276.6 3303.83 1218.16
 155046 54513.1 14817.5 4999.88 2004.97
pred_Ctot
 2958.48 2431.97 1207.68 599.717 591.581
 2643.23 3272.68 1303.06 647.082 638.304
 3989.44 4824.91 2873.05 1143.95 1128.43
 1278.65 783.636 434.881 258.955 204.815
 479.772 299.409 90.0616 49.98 53.3001
 5414.63 5567.26 1729.43 520.209 596.56
 4513.55 2823.99 1369.41 425.399 274.699
 7233.87 8293.78 2508 1216.18 621.76
 14615.2 6277.58 3343.27 1010.99 740.886
 6595.53 10315.2 2049.41 1091.46 571.926
 12640.5 11945.1 8747.25 1737.89 1410.55
 9959.45 7865.16 3142.62 2301.3 828.32
 10341.3 8642.01 2928.66 1170.18 1165.34
 9546.49 8695.87 2942.64 997.221 795.256
 5860.4 3665.2 1165.76 394.488 240.298
 2422.97 1544.69 368.01 117.05 63.7367
 1567.91 1479 425.269 101.317 49.7724
 1166.56 959.025 418.345 120.29 42.7367
 1262.45 940.32 365.427 159.406 62.12
 2150.95 1059.15 374.446 145.517 88.2144
 1529.25 917.013 214.783 75.9333 47.398
 2540.37 1764.44 516.945 121.079 69.5251
 4617.42 2591.79 874.551 256.225 94.4734
 5422.81 3731.47 1014.27 342.246 137.242
F
 0.056259 0.112518 0.112518 0.112518 0.112518
 0.0686636 0.137327 0.137327 0.137327 0.137327
 0.1491 0.298199 0.298199 0.298199 0.298199
 0.0330197 0.0660394 0.0660394 0.0660394 0.0660394
 0.00798627 0.0159725 0.0159725 0.0159725 0.0159725
 0.102439 0.204878 0.204878 0.204878 0.204878
 0.0600548 0.12011 0.12011 0.12011 0.12011
 0.128387 0.256774 0.256774 0.256774 0.256774
 0.135543 0.271086 0.271086 0.271086 0.271086
 0.114831 0.229662 0.229662 0.229662 0.229662
 0.283298 0.566595 0.566595 0.566595 0.566595
 0.259527 0.519053 0.519053 0.519053 0.519053
 0.351615 0.70323 0.70323 0.70323 0.70323
 0.574465 1.14893 1.14893 1.14893 1.14893
 0.445494 0.890988 0.890988 0.890988 0.890988
 0.177928 0.355856 0.355856 0.355856 0.355856
 0.135963 0.271927 0.271927 0.271927 0.271927
 0.0984711 0.196942 0.196942 0.196942 0.196942
 0.0914569 0.182914 0.182914 0.182914 0.182914
 0.087783 0.175566 0.175566 0.175566 0.175566
 0.0410372 0.0820744 0.0820744 0.0820744 0.0820744
 0.0510108 0.102022 0.102022 0.102022 0.102022
 0.0566605 0.113321 0.113321 0.113321 0.113321
 0.0497092 0.0994184 0.0994184 0.0994184 0.0994184
nmprior
 10 10 8 0
nm_flota  nm_reclas  nm_pelaces    nm_pelaL
inf 12.6785 13.1672 22.0493
cv_recla  cv_pelaces  cv_mph
1.15869 0.89179 1.03341
 ------------------------------------------------
Talla a la edad & desviación 
 7.2 14.2025 17.0495 18.207 18.6776
 1.08 2.13037 2.55742 2.73105 2.80164
