years
 1997 1998 1999 2000 2001 2002 2003 2004 2005 2006 2007 2008 2009 2010 2011 2012 2013 2014 2015 2016 2017 2018 2019 2020
reclasobs
 0 0 0 370054 412103 1.49427e+06 250295 1.28982e+06 931140 785840 897777 1.04006e+06 184774 17550 25797 100020 73551 82996 120727 218422 84188 347160 605670 569463
reclaspred
 1.11594e+06 234990 611281 331376 420376 539341 1.11162e+06 857898 1.10566e+06 1.21881e+06 1.13955e+06 782188 453088 206938 136643 134251 160088 222854 239679 319499 510305 512598 855327 976205
pelacesobs
 0 0 0 0 0 0 0 0 0 2.06254e+06 1.5e+06 0 1.87456e+06 323000 250000 174000 83755 137374 0 501740 490994 745055 786931 1.00524e+06
pelacespred
 657263 232301 211628 231908 251306 249523 568750 552763 633679 725774 591530 420507 240626 88403.4 57902.5 64917.1 81130.5 114034 129503 166237 290940 304811 386148 523839
mphobs
 0 0 0 0 0 112323 0 153150 637223 0 255016 313432 73983 77613 109348 50772 0 0 0 0 0 0 0 0
mphpred
 786568 429249 383087 357729 315779 479509 669618 888840 876754 1.0648e+06 1.14653e+06 823990 505462 267382 126600 111606 125489 171609 209964 235748 371030 478360 590099 795541
desembarqueobs
 350755 77701 442110 56441 14545 235359 269955 359681 431902 328805 639364 411747 362871 311530 167758 66681 60226 58785 57116 71774 51957 67425 138520 160799
desembarquepred
 350762 77702.3 442142 56443.6 14545.1 235422 269980 359621 431845 328750 639361 411874 362957 311721 167718 66690.1 60245.3 58786.4 57111.4 71766.5 51955.7 67416.9 138511 160793
Reclutas
 43101.2 45155.7 23783.4 27177.6 53576.4 41122.7 80441.6 88343 130408 138028 72989.7 41245.5 46067.5 28311.1 20064 17050.8 14603.2 15537.9 16546.7 31244.1 44769.8 50418.7 77999.9 81027.4
log_desv_Rt
 0.0313063 0.077871 -0.563258 -0.429851 0.248863 -0.0156845 0.655287 0.748982 1.13842 1.19521 0.558074 -0.0127027 0.0978629 -0.388992 -0.733319 -0.896047 -1.051 -0.988963 -0.926056 -0.290414 0.0692884 0.188118 0.624462 0.662543
SSB
 786568 429249 383087 357729 315779 479509 669618 888840 876754 1.0648e+06 1.14653e+06 823990 505462 267382 126600 111606 125489 171609 209964 235748 371030 478360 590099 795541
BT
 2.09653e+06 575612 780940 550076 602062 680018 1.72675e+06 1.66428e+06 2.01251e+06 1.99582e+06 1.8311e+06 1.24773e+06 890821 487389 287734 202474 239779 306393 319748 446535 740652 677509 913911 1.25061e+06
Ftot
 0.302405 0.317872 0.673461 0.165336 0.0338482 0.41577 0.234954 0.400995 0.374623 0.260435 0.52946 0.497889 0.742282 1.30797 1.10362 0.47218 0.360874 0.254669 0.23029 0.217479 0.0992522 0.127945 0.157255 0.159939
BD_Bspro_t
 0.957233 0.755583 0.641892 0.442763 0.541638 0.700406 0.635705 0.669316 0.6318 0.625962 0.614694 0.460525 0.35052 0.250378 0.150808 0.158896 0.230221 0.364536 0.471522 0.562021 0.689944 0.787997 0.795912 0.792203
BD_Bspro
 0.915235 0.499465 0.445752 0.416247 0.367435 0.557948 0.779154 1.03424 1.02017 1.23898 1.33408 0.958779 0.588146 0.31112 0.147309 0.129863 0.146017 0.199681 0.244311 0.274312 0.431723 0.556611 0.686628 0.925676
BD_Bo
 0.821455 0.448288 0.400078 0.373596 0.329785 0.500777 0.699318 0.928264 0.915641 1.11203 1.19738 0.860538 0.527882 0.279241 0.132215 0.116556 0.131055 0.179221 0.219277 0.246204 0.387487 0.499578 0.616272 0.830826
BD_Brms
 3.99951 2.18262 1.9479 1.81897 1.60566 2.43819 3.40484 4.51953 4.45808 5.41426 5.82982 4.18979 2.57015 1.35957 0.643729 0.56749 0.638082 0.872591 1.06762 1.19872 1.8866 2.43235 3.00051 4.04513
S_f
 0.5 1 1 1 1
 0.5 1 1 1 1
 0.5 1 1 1 1
 0.5 1 1 1 1
 0.5 1 1 1 1
 0.5 1 1 1 1
 0.5 1 1 1 1
 0.5 1 1 1 1
 0.5 1 1 1 1
 0.5 1 1 1 1
 0.5 1 1 1 1
 0.5 1 1 1 1
 0.5 1 1 1 1
 0.5 1 1 1 1
 0.5 1 1 1 1
 0.5 1 1 1 1
 0.5 1 1 1 1
 0.5 1 1 1 1
 0.5 1 1 1 1
 0.5 1 1 1 1
 0.5 1 1 1 1
 0.5 1 1 1 1
 0.5 1 1 1 1
 0.5 1 1 1 1
Scru_reclas
 0.5 1 1 1 1
 0.5 1 1 1 1
 0.5 1 1 1 1
 0.5 1 1 1 1
 0.5 1 1 1 1
 0.5 1 1 1 1
 0.5 1 1 1 1
 0.5 1 1 1 1
 0.5 1 1 1 1
 0.5 1 1 1 1
 0.5 1 1 1 1
 0.5 1 1 1 1
 0.5 1 1 1 1
 0.5 1 1 1 1
 0.5 1 1 1 1
 0.5 1 1 1 1
 0.5 1 1 1 1
 0.5 1 1 1 1
 0.5 1 1 1 1
 0.5 1 1 1 1
 0.5 1 1 1 1
 0.5 1 1 1 1
 0.5 1 1 1 1
 0.5 1 1 1 1
Scru_pelaces
 0.5 1 1 1 1
 0.5 1 1 1 1
 0.5 1 1 1 1
 0.5 1 1 1 1
 0.5 1 1 1 1
 0.5 1 1 1 1
 0.5 1 1 1 1
 0.5 1 1 1 1
 0.5 1 1 1 1
 0.5 1 1 1 1
 0.5 1 1 1 1
 0.5 1 1 1 1
 0.5 1 1 1 1
 0.5 1 1 1 1
 0.5 1 1 1 1
 0.5 1 1 1 1
 0.5 1 1 1 1
 0.5 1 1 1 1
 0.5 1 1 1 1
 0.5 1 1 1 1
 0.5 1 1 1 1
 0.5 1 1 1 1
 0.5 1 1 1 1
 0.5 1 1 1 1
pf_obs 
 0.256992 0.487395 0.22802 0.0275931 0
 0.321318 0.546541 0.124235 0.00734118 0.000564706
 0.182869 0.594174 0.210203 0.0122559 0.00049798
 0.330522 0.361315 0.267642 0.0388342 0.00168674
 0.649043 0.306663 0.0425973 0.00169635 0
 0.582887 0.30429 0.105238 0.00758474 0
 0.465427 0.430635 0.0974691 0.00646863 0
 0.296916 0.608066 0.0921331 0.00288517 0
 0.311714 0.524322 0.152257 0.0117073 0
 0.15457 0.633149 0.183074 0.0267441 0.00246327
 0.131901 0.49318 0.331252 0.0422183 0.00144891
 0.196976 0.569456 0.194076 0.0375587 0.00193317
 0.518974 0.381816 0.0799577 0.0180837 0.00116848
 0.0928022 0.601141 0.25162 0.0475244 0.00691264
 0.122501 0.610282 0.24278 0.0234846 0.000952079
 0.383417 0.481906 0.127806 0.00687128 0
 0.0376549 0.599619 0.316969 0.0457579 0
 0.0361596 0.667082 0.258105 0.0386534 0
 0.158088 0.579412 0.248529 0.0139706 0
 0.0477256 0.309471 0.559284 0.082774 0.000745712
 0.0406174 0.521527 0.379366 0.0568643 0.0016247
 0.151134 0.462217 0.34131 0.0453401 0
 0.294876 0.26143 0.354403 0.0886775 0.000613685
 0.281977 0.475581 0.204845 0.0348837 0.00271318
pf_pred 
 0.460488 0.380351 0.142281 0.0168751 5.49969e-06
 0.460595 0.350962 0.13285 0.0496964 0.00589611
 0.316908 0.445232 0.154763 0.0585826 0.0245145
 0.470239 0.281612 0.161741 0.056221 0.0301869
 0.585539 0.269576 0.0770184 0.0442346 0.0236318
 0.388269 0.452941 0.103281 0.0295076 0.0260013
 0.600274 0.235429 0.12165 0.027739 0.0149085
 0.5077 0.375426 0.0688361 0.0355687 0.0124695
 0.57852 0.294446 0.0968755 0.0177626 0.0123959
 0.505935 0.372388 0.0850031 0.0279668 0.00870637
 0.317531 0.469656 0.160402 0.0366142 0.0157966
 0.299737 0.364845 0.230825 0.0788341 0.0257587
 0.454221 0.27165 0.142824 0.0903601 0.0409445
 0.434951 0.381664 0.0912761 0.0479899 0.0441192
 0.541835 0.320581 0.0929317 0.0222249 0.0224277
 0.55758 0.340355 0.071416 0.0207025 0.00994731
 0.466825 0.396279 0.105314 0.0220979 0.0094838
 0.472198 0.348533 0.133241 0.0354098 0.0106187
 0.457104 0.357278 0.122572 0.0468584 0.0161874
 0.589564 0.263776 0.0965164 0.0331122 0.0170314
 0.553277 0.336609 0.0707672 0.0258939 0.0134528
 0.468031 0.382007 0.112998 0.0237562 0.0132085
 0.526014 0.306171 0.120508 0.0356464 0.0116609
 0.450128 0.384287 0.106959 0.0420987 0.0165265
pobs_RECLAS
 0 0 0 0 0
 0 0 0 0 0
 0 0 0 0 0
 0 0 0 0 0
 0.835266 0.146461 0.0176864 0.000547809 3.91292e-05
 0.385257 0.428462 0.181853 0.0044286 0
 0.867414 0.0963971 0.0333333 0.00285562 0
 0.441836 0.489002 0.0689373 0.000224442 0
 0.779404 0.147425 0.0564933 0.0165055 0.000172143
 0.814271 0.122319 0.05973 0.00367925 0
 0.40263 0.566651 0.0304383 0.000280538 0
 0.475488 0.404961 0.113038 0.00651328 0
 0.955842 0.0263864 0.0167828 0.000988607 0
 0.975058 0.0227948 0.00214734 0 0
 0.738997 0.206755 0.0527124 0.00153531 0
 0.850938 0.134255 0.0134407 0.00136685 0
 0.542534 0.407297 0.0501686 0 0
 0.764087 0.199537 0.0359546 0.000420521 0
 0.470689 0.182191 0.310203 0.0369168 0
 0.84361 0.089868 0.0606195 0.00523954 0.000663233
 0.607945 0.314616 0.071237 0.00620181 0
 0.523733 0.453247 0.0230204 0 0
 0.530135 0.295979 0.169645 0.0042399 0
 0.562478 0.366248 0.0663022 0.0049721 0
ppred_RECLAS
 0.46335 0.378333 0.141526 0.0167856 5.47052e-06
 0.463639 0.348981 0.132101 0.0494159 0.00586283
 0.324097 0.440547 0.153134 0.0579661 0.0242565
 0.471638 0.280869 0.161314 0.0560726 0.0301072
 0.585785 0.269416 0.0769727 0.0442083 0.0236177
 0.39237 0.449904 0.102589 0.0293098 0.025827
 0.602305 0.234233 0.121032 0.0275981 0.0148327
 0.511809 0.372292 0.0682614 0.0352718 0.0123654
 0.58219 0.291882 0.0960319 0.0176079 0.0122879
 0.508332 0.370582 0.0845908 0.0278311 0.00866415
 0.322694 0.466102 0.159189 0.0363372 0.0156771
 0.304342 0.362446 0.229307 0.0783156 0.0255893
 0.463623 0.26697 0.140364 0.0888036 0.0402392
 0.456549 0.367075 0.0877872 0.0461555 0.0424328
 0.55856 0.308878 0.0895394 0.0214136 0.021609
 0.562596 0.336495 0.0706062 0.0204677 0.00983452
 0.470403 0.393619 0.104607 0.0219496 0.00942016
 0.474524 0.346997 0.132654 0.0352538 0.0105719
 0.459157 0.355927 0.122109 0.0466812 0.0161262
 0.591432 0.262575 0.0960771 0.0329615 0.0169539
 0.554061 0.336019 0.0706431 0.0258485 0.0134292
 0.469076 0.381256 0.112776 0.0237095 0.0131826
 0.527335 0.305317 0.120172 0.035547 0.0116284
 0.451466 0.383352 0.106699 0.0419963 0.0164863
pobs_PELACES
 0 0 0 0 0
 0 0 0 0 0
 0 0 0 0 0
 0 0 0 0 0
 0 0 0 0 0
 0 0 0 0 0
 0 0 0 0 0
 0 0 0 0 0
 0 0 0 0 0
 0 0 0 0 0
 0.450072 0.473896 0.0757376 0.000293798 0
 0 0 0 0 0
 0.463077 0.371075 0.160297 0.00555027 0
 0.529543 0.364841 0.0842815 0.0213345 0
 0.631943 0.363953 0.00410389 0 0
 0.735681 0.248677 0.0153453 0.000297389 0
 0.695825 0.281241 0.0229344 0 0
 0.275771 0.60734 0.115278 0.00161068 0
 0 0 0 0 0
 0.896147 0.0623911 0.0374545 0.00400742 0
 0.803859 0.145111 0.0509908 3.86294e-05 0
 0.739449 0.233085 0.0266225 0.000797448 4.60066e-05
 0.878498 0.100942 0.0204185 0.000141795 0
 0.694673 0.275183 0.0284847 0.00165964 0
ppred_PELACES
 0.475777 0.369572 0.138249 0.0163968 5.34383e-06
 0.476704 0.340481 0.128883 0.0482122 0.00572002
 0.348898 0.424382 0.147515 0.0558391 0.0233664
 0.478441 0.277252 0.159237 0.0553506 0.0297195
 0.58714 0.268535 0.076721 0.0440638 0.0235405
 0.408841 0.437709 0.0998079 0.0285153 0.0251269
 0.611553 0.228786 0.118217 0.0269563 0.0144878
 0.528322 0.359699 0.0659525 0.0340787 0.0119472
 0.597145 0.281435 0.0925946 0.0169776 0.0118481
 0.519066 0.362491 0.082744 0.0272235 0.00847498
 0.342076 0.452765 0.154633 0.0352973 0.0152285
 0.322009 0.353241 0.223484 0.0763267 0.0249394
 0.494178 0.251762 0.132368 0.0837448 0.0379469
 0.510392 0.330707 0.0790897 0.0415827 0.0382288
 0.602865 0.277878 0.0805528 0.0192645 0.0194403
 0.581666 0.321825 0.067528 0.0195754 0.00940576
 0.485259 0.382578 0.101673 0.0213339 0.00915591
 0.485011 0.340071 0.130006 0.0345502 0.0103609
 0.468606 0.349708 0.119975 0.0458656 0.0158444
 0.600074 0.257021 0.094045 0.0322643 0.0165953
 0.558103 0.332972 0.0700027 0.0256142 0.0133075
 0.474337 0.377478 0.111658 0.0234746 0.0130519
 0.533798 0.301143 0.118529 0.035061 0.0114694
 0.458009 0.37878 0.105426 0.0414954 0.0162897
pobs_pel_tallas
 0 0 0 0 0 0 0 0 0 0 0 0 0 0 0 0 0 0 0 0 0 0 0 0 0 0 0 0 0 0 0 0 0 0 0 0
 0 0 0 0 0 0 0 0 0 0 0 0 0 0 0 0 0 0 0 0 0 0 0 0 0 0 0 0 0 0 0 0 0 0 0 0
 0 0 0 0 0 0 0 0 0 0 0 0 0 0 0 0 0 0 0 0 0 0 0 0 0 0 0 0 0 0 0 0 0 0 0 0
 0 0 0 0 0 0 0 0 0 0 0 0 0 0 0 0 0 0 0 0 0 0 0 0 0 0 0 0 0 0 0 0 0 0 0 0
 0 0 0 0 0 0 0 0 0 0 0 0 0 0 0 0 0 0 0 0 0 0 0 0 0 0 0 0 0 0 0 0 0 0 0 0
 0 0 0 0 0 0 0 0 0 0 0 0 0 0 0 0 0 0 0 0 0 0 0 0 0 0 0 0 0 0 0 0 0 0 0 0
 0 0 0 0 0 0 0 0 0 0 0 0 0 0 0 0 0 0 0 0 0 0 0 0 0 0 0 0 0 0 0 0 0 0 0 0
 0 0 0 0 0 0 0 0 0 0 0 0 0 0 0 0 0 0 0 0 0 0 0 0 0 0 0 0 0 0 0 0 0 0 0 0
 0 0 0 0 0 0 0 0 0 0 0 0 0 0 0 0 0 0 0 0 0 0 0 0 0 0 0 0 0 0 0 0 0 0 0 0
 0 0 0 0 0 0 0 0 0 0 0 0 0 0 0 0 0 0 0 0 0 0 0 0 0 0 0 0 0 0 0 0 0 0 0 0
 0 0 0 0 0 0 0 0 1.78061e-05 0.00172719 0.00360574 0.0105946 0.0120993 0.0124554 0.0147524 0.0171206 0.0266825 0.0428682 0.0675386 0.121331 0.153587 0.119568 0.100827 0.0573624 0.0630603 0.0341343 0.0324427 0.0444173 0.0211091 0.0280891 0.0125444 0.00206551 0 0 0 0
 0 0 0 0 0 0 0 0 0 0 0 0 0 0 0 0 0 0 0 0 0 0 0 0 0 0 0 0 0 0 0 0 0 0 0 0
 0 0 0 0 0 0 0.0133647 0.0140871 0.0187388 0.0205184 0.03894 0.0496705 0.03968 0.0493445 0.0407372 0.0367815 0.0215668 0.0243155 0.0234873 0.0199281 0.019796 0.0243948 0.0301388 0.0376714 0.0412746 0.0863199 0.0771752 0.113111 0.0741005 0.0525337 0.0229764 0.00759418 0.00175318 0 0 0
 0 0 0 0 0 0 0 0 0 0 0.00219441 0.00772107 0.0458388 0.0604681 0.0671733 0.0775358 0.0609151 0.0617685 0.073594 0.0568108 0.0755445 0.0548602 0.0670107 0.0636378 0.0643287 0.046367 0.0373049 0.0286899 0.0247887 0.0153202 0.00654259 0.00121912 0.000365735 0 0 0
 0 0 0 0 0 0 0 0 0 0 0 0 0.000112435 0.00938835 0.0111873 0.0202946 0.0414886 0.0713402 0.111592 0.104902 0.108894 0.110636 0.117776 0.105296 0.107544 0.0401394 0.0192827 0.0124803 0.00416011 0.0028671 0.000618394 0 0 0 0 0
 0 0 0 0 0 0 0 0 0 0 0.00291406 0.0102884 0.027416 0.0768956 0.0749926 0.110853 0.0956884 0.0897413 0.0766577 0.0534642 0.0500743 0.0551293 0.0594112 0.0620874 0.0668451 0.0424026 0.0208742 0.0120726 0.0048766 0.00582813 0.00118941 0.000297354 0 0 0 0
 0 0.00264628 0.0354308 0.0461629 0.0458689 0.0383711 0.0214643 0.0164657 0.0346957 0.0420465 0.0363128 0.0245516 0.0311673 0.0291091 0.0169068 0.0133784 0.00837989 0.0085269 0.0148486 0.0160247 0.0276389 0.0546898 0.0760071 0.122758 0.109233 0.0665981 0.0333725 0.0166128 0.00676272 0.00308733 0.000882094 0 0 0 0 0
 0 0 0 0 0 0 0 0.000805153 0.000690131 0.00759144 0.0133425 0.0154129 0.00931677 0.000345066 0.00356568 0.00563607 0.00851162 0.0253048 0.0502646 0.0516448 0.0657925 0.0565908 0.0611916 0.0827007 0.0866115 0.110766 0.145733 0.0935128 0.0569358 0.0249597 0.0138026 0.00621118 0.00161031 0.00115022 0 0
 0 0 0 0 0 0 0 0 0 0 0 0 0 0 0 0 0 0 0 0 0 0 0 0 0 0 0 0 0 0 0 0 0 0 0 0
 0.00147267 0.00158595 0.00478618 0.00569244 0.00954404 0.0108468 0.00647125 0.017049 0.0510054 0.094081 0.124002 0.0959785 0.0687766 0.0820023 0.061753 0.0591476 0.0492212 0.0479892 0.0443925 0.0268479 0.0217502 0.0140895 0.0121071 0.0120363 0.00920419 0.00665534 0.0049561 0.00860946 0.00930331 0.0156896 0.0114698 0.00855282 0.00243557 0.00046729 0 2.83206e-05
 0 0 0 0 0.000772559 0.00158375 0.000888443 0.00281984 0.00712685 0.0440552 0.0773331 0.111326 0.0921469 0.0852325 0.0710754 0.0886704 0.0786465 0.0553345 0.0373146 0.0185414 0.00753245 0.00457741 0.012979 0.0271748 0.0457355 0.0583668 0.034881 0.0177882 0.00938659 0.00492506 0.0015258 0.00185414 0.000309023 5.79419e-05 3.86279e-05 0
 0 0.00173294 0.00326652 0 0.00397197 0.00683976 0.00946217 0.0152591 0.00757587 0.0136028 0.0228656 0.0392903 0.0559909 0.0764795 0.0681675 0.0726916 0.0566044 0.0477403 0.0527397 0.0444891 0.0609904 0.0582453 0.0661739 0.0445044 0.0529084 0.0360697 0.0280645 0.0235558 0.0158879 0.00826598 0.00280645 0.00217768 0.000904811 0.00058276 9.20147e-05 0
 0 0 0 0 0 0 0 0 0 0 0 0 0 0 0 0 0 0 0 0 0 0 0 0 0 0 0 0 0 0 0 0 0 0 0 0
 0 0 0 0 0 0 0 0 0 0 0 0 0 0 0 0 0 0 0 0 0 0 0 0 0 0 0 0 0 0 0 0 0 0 0 0
ppred_pel_tallas
 1.02647e-16 2.07741e-05 0.000121889 0.000579323 0.00223029 0.00695483 0.0175676 0.0359479 0.0595957 0.0800599 0.0871857 0.0770579 0.0554965 0.0330667 0.0173178 0.00979659 0.00836238 0.0104402 0.0144137 0.0194689 0.0250791 0.0307083 0.03576 0.039657 0.0419588 0.0424567 0.0412118 0.0385202 0.0348252 0.0306052 0.0262772 0.0221409 0.0183677 0.0150247 0.012114 0.00960861
 1.03865e-16 2.08132e-05 0.000122121 0.000580436 0.00223459 0.00696824 0.0176015 0.0360169 0.0597092 0.0802098 0.0873423 0.0771802 0.0555497 0.0330284 0.0171702 0.00951308 0.00790142 0.00974952 0.013442 0.0181815 0.0234743 0.0288312 0.0337095 0.0375815 0.0400409 0.040888 0.0401641 0.0381196 0.035134 0.031616 0.0279187 0.0242918 0.020876 0.0177273 0.0148544 0.0122508
 1.05243e-16 1.52437e-05 8.94155e-05 0.000424931 0.00163583 0.00510101 0.0128851 0.0263675 0.0437178 0.0587444 0.0640116 0.0566676 0.0410113 0.0248372 0.0137439 0.00894073 0.00893388 0.0118941 0.0166541 0.0225718 0.0291399 0.035775 0.0418076 0.0465848 0.0496065 0.0506316 0.0497199 0.0471908 0.043522 0.0392234 0.0347308 0.0303461 0.0262319 0.0224438 0.0189792 0.0158191
 1.05642e-16 2.08864e-05 0.000122557 0.000582519 0.00224263 0.00699333 0.0176648 0.0361459 0.0599214 0.0804896 0.087633 0.077404 0.0556387 0.0329373 0.0168603 0.00892802 0.00695664 0.00834199 0.011475 0.0155968 0.0202864 0.0251533 0.0297638 0.0336854 0.0365682 0.0382121 0.038596 0.0378555 0.0362264 0.0339728 0.0313274 0.0284618 0.025486 0.0224681 0.019461 0.0165205
 1.03791e-16 2.56257e-05 0.000150382 0.000714804 0.00275196 0.00858168 0.0216768 0.0443547 0.073527 0.0987574 0.107501 0.094903 0.0681081 0.0400986 0.0201165 0.00998205 0.00696532 0.00782401 0.0105523 0.0142157 0.0183307 0.0224909 0.0262686 0.0292546 0.0311392 0.0317778 0.0312162 0.0296625 0.0274219 0.024815 0.0221102 0.0194867 0.0170326 0.0147679 0.0126775 0.0107406
 1.03714e-16 1.78579e-05 0.000104763 0.000497891 0.00191673 0.005977 0.0150978 0.0308949 0.0512223 0.068822 0.074976 0.0663339 0.0479199 0.0288464 0.0156453 0.00969794 0.00921521 0.0120185 0.0167185 0.0225641 0.0289927 0.0353829 0.0410365 0.0452851 0.0476331 0.0478692 0.0461072 0.0427392 0.0383233 0.0334445 0.0285951 0.0241068 0.0201421 0.0167279 0.0138123 0.0113152
 1.03356e-16 2.66887e-05 0.000156626 0.000744498 0.0028663 0.00893825 0.0225774 0.0461972 0.0765798 0.102854 0.111948 0.0988024 0.0708479 0.041594 0.0206496 0.00989102 0.0064567 0.00695928 0.00931465 0.0125763 0.0162913 0.0201068 0.0236545 0.0265754 0.0285851 0.0295306 0.0294142 0.0283745 0.026637 0.024451 0.022037 0.0195568 0.0171112 0.0147546 0.0125172 0.0104222
 1.02783e-16 2.30646e-05 0.000135338 0.000643265 0.00247649 0.0077226 0.0195069 0.0399157 0.066172 0.088889 0.0967866 0.0855099 0.0615101 0.0365017 0.0188439 0.010225 0.00823593 0.00999002 0.0136777 0.0184016 0.0236109 0.0287728 0.0333094 0.0366734 0.0384625 0.0385115 0.0369246 0.034036 0.0303157 0.0262532 0.022258 0.0186034 0.0154179 0.0127158 0.0104437 0.00852484
 1.02544e-16 2.60626e-05 0.000152945 0.000726988 0.00279887 0.00872795 0.0220463 0.0451108 0.0747806 0.100442 0.109336 0.0965277 0.0692834 0.0408094 0.0205076 0.0102323 0.00720943 0.00814182 0.0109867 0.0147859 0.0190347 0.0233019 0.0271317 0.0300882 0.0318417 0.0322393 0.0313332 0.0293528 0.0266361 0.0235438 0.0203856 0.017378 0.0146381 0.0122035 0.0100646 0.00819402
 1.02625e-16 2.26612e-05 0.000132969 0.000632002 0.00243312 0.00758736 0.0191653 0.0392168 0.0650136 0.087334 0.0950959 0.0840222 0.0604531 0.0359011 0.0185831 0.010163 0.00827975 0.010102 0.0138544 0.0186537 0.0239523 0.0292148 0.0338576 0.0373251 0.0392058 0.0393245 0.0377771 0.0348913 0.031134 0.0269956 0.022891 0.0191021 0.0157694 0.0129199 0.0105126 0.0084807
 1.04267e-16 1.49474e-05 8.76735e-05 0.000416644 0.00160391 0.00500145 0.0126337 0.0258533 0.0428663 0.0576035 0.062777 0.0555949 0.0402792 0.0244818 0.0137055 0.00915113 0.00936879 0.0125739 0.0176196 0.0238572 0.0307512 0.0376744 0.0439063 0.0487469 0.0516632 0.0524046 0.0510485 0.047956 0.0436624 0.0387405 0.0336831 0.028836 0.0243883 0.0204046 0.0168762 0.0137672
 1.07076e-16 1.40685e-05 8.25223e-05 0.000392174 0.00150972 0.00470778 0.0118918 0.0243346 0.0403464 0.0542119 0.0590665 0.0522754 0.0378016 0.0228325 0.0125281 0.00799858 0.00786422 0.0104457 0.0146905 0.0200496 0.0261173 0.0324281 0.0384338 0.0435795 0.0474107 0.0496597 0.0502837 0.0494396 0.0474135 0.0445324 0.0410907 0.0373119 0.0333487 0.0293057 0.02527 0.0213312
 1.06612e-16 2.15715e-05 0.000126581 0.000601658 0.00231633 0.00722317 0.0182453 0.0373335 0.061889 0.0831294 0.0904984 0.0799144 0.0573985 0.0338893 0.0171818 0.00883022 0.00656252 0.00767714 0.0105105 0.0142931 0.0186224 0.0231458 0.0274762 0.0312282 0.0340888 0.0358773 0.0365688 0.036274 0.0351866 0.0335195 0.0314541 0.029116 0.0265796 0.0238903 0.0210909 0.0182391
 1.04446e-16 2.22816e-05 0.000130743 0.000621428 0.00239242 0.00746045 0.0188447 0.0385606 0.063925 0.0858695 0.0934958 0.0825952 0.0593978 0.0352171 0.0181247 0.00974737 0.00775602 0.00936376 0.0128311 0.0173088 0.0222912 0.027297 0.0318026 0.0353073 0.0374363 0.0380228 0.037138 0.0350554 0.0321675 0.0288833 0.0255421 0.0223664 0.0194594 0.0168337 0.0144544 0.0122779
 1.02805e-16 2.63118e-05 0.000154409 0.000733947 0.00282566 0.00881151 0.0222573 0.0455426 0.0754962 0.101402 0.11038 0.0974451 0.0699329 0.0411737 0.0206568 0.0102506 0.0071505 0.00802482 0.0108096 0.0145391 0.0187085 0.0228912 0.0266387 0.0295239 0.0312257 0.0315991 0.0307014 0.0287641 0.0261238 0.0231366 0.0201043 0.0172336 0.0146304 0.0123215 0.0102879 0.00849572
 1.02176e-16 2.53892e-05 0.000148988 0.000708168 0.0027264 0.00850193 0.0214754 0.0439431 0.0728462 0.0978477 0.106523 0.0940693 0.0675739 0.0399128 0.0202605 0.0104416 0.00777071 0.00904525 0.0122697 0.0164841 0.0211467 0.025768 0.0298268 0.0328303 0.0344155 0.0344314 0.0329689 0.0303262 0.0269251 0.0232075 0.019546 0.0161928 0.0132714 0.010802 0.00874209 0.00702512
 1.02729e-16 2.11879e-05 0.000124317 0.000590868 0.00227474 0.00709344 0.0179178 0.0366643 0.0607835 0.0816557 0.088924 0.0785952 0.0566054 0.0337306 0.0176703 0.0100015 0.00853819 0.0106499 0.0146811 0.0197919 0.0254338 0.0310488 0.0360214 0.0397624 0.0418321 0.0420383 0.0404734 0.0374748 0.033528 0.0291467 0.0247686 0.0206953 0.017083 0.0139704 0.0113246 0.00908452
 1.03628e-16 2.11755e-05 0.000124248 0.000590546 0.00227351 0.00708963 0.0179081 0.0366442 0.0607491 0.0816061 0.088861 0.0785182 0.0565038 0.0335779 0.0174231 0.00960061 0.00791356 0.00972791 0.0133984 0.0181142 0.0233765 0.0286942 0.0335234 0.0373362 0.0397268 0.0404971 0.0396914 0.0375645 0.0345014 0.030917 0.0271705 0.0235165 0.020099 0.0169748 0.0141504 0.011615
 1.04134e-16 2.04605e-05 0.00012005 0.000570585 0.00219665 0.00684995 0.0173027 0.0354056 0.0586963 0.0788504 0.0858654 0.0758835 0.0546342 0.0325199 0.0169713 0.00950665 0.00801275 0.00995158 0.0137347 0.0185712 0.0239617 0.0294056 0.0343468 0.0382465 0.0406928 0.0414884 0.0406845 0.0385473 0.0354739 0.0318883 0.028153 0.0245196 0.0211238 0.0180118 0.0151803 0.0126117
 1.03303e-16 2.61893e-05 0.000153691 0.00073054 0.00281256 0.00877064 0.0221541 0.0453311 0.0751452 0.100929 0.109861 0.0969774 0.0695763 0.0409219 0.0204536 0.0100247 0.00683857 0.00757716 0.0101913 0.0137338 0.0177263 0.0217757 0.0254693 0.0284101 0.0302937 0.0309712 0.0304751 0.0289946 0.0268145 0.0242399 0.0215321 0.0188729 0.0163616 0.014034 0.0118919 0.00992773
 1.02605e-16 2.43622e-05 0.000142958 0.000679497 0.002616 0.00815767 0.0206058 0.0421639 0.0698977 0.0938895 0.10222 0.0902835 0.0648857 0.0383879 0.0196028 0.0102928 0.00789286 0.00933918 0.0127195 0.0171053 0.0219571 0.0267752 0.031023 0.0341917 0.0359061 0.0360084 0.03459 0.0319546 0.0285325 0.0247738 0.0210569 0.0176365 0.014636 0.0120739 0.00990711 0.0080702
 1.03125e-16 2.07115e-05 0.000121521 0.000577573 0.00222355 0.00693381 0.0175146 0.0358393 0.0594159 0.079819 0.0869251 0.0768315 0.0553418 0.0329912 0.0173083 0.00983745 0.00844596 0.0105664 0.0145842 0.0196811 0.0253215 0.0309589 0.0359874 0.0398249 0.0420335 0.0424162 0.0410531 0.0382639 0.0345139 0.0302971 0.0260357 0.0220222 0.0184108 0.0152452 0.0125025 0.0101343
 1.03522e-16 2.33011e-05 0.000136731 0.000649902 0.00250206 0.00780235 0.0197083 0.0403273 0.0668527 0.0897984 0.0977636 0.0863417 0.0620403 0.0366802 0.0186877 0.00974683 0.00740523 0.00873865 0.0119315 0.0161177 0.0208115 0.0255691 0.0299083 0.0333616 0.0355684 0.0363504 0.0357419 0.0339619 0.0313438 0.0282474 0.0249841 0.0217745 0.0187438 0.0159429 0.0133813 0.0110549
 1.03807e-16 1.99995e-05 0.000117341 0.000557702 0.00214704 0.00669522 0.0169119 0.0346062 0.0573721 0.0770748 0.0839402 0.0742019 0.0534666 0.0319113 0.0168114 0.00966542 0.00842152 0.0106068 0.014665 0.0198033 0.0254952 0.0311977 0.036307 0.0402426 0.0425677 0.0430849 0.0418727 0.0392459 0.0356624 0.0316056 0.0274851 0.0235803 0.0200342 0.0168825 0.0140997 0.0116407
pSPR Fmed_Fpbrs
0.581374   0.255389 0.255389
Fs Fmed_Fpbrs
0.299506   1.005 1.005
SSBpbr Bo_Bmed_Bpbrs
957530  508806  196666 196666
Ro
41772.8
SPR SPRFo_SPRFmed_SPRFpbrs
859416 499642 219486
log_Ro
10.46
likeval ReclasPelacesDesembMPH_pf_preclas_ppelaces_ptallas_desvR_qrecl_qpela
 108.681 79.0106 0.00453098 0.00071795 311.376 178.914 84.0262 0 13.8792 0 0 0 0 0 0
q_reclas_q_pelaces
1 1
M
0.7
N
 43101.2 18978.3 7099.38 842.014 0.274418
 45155.7 18400 6964.97 2605.44 309.116
 23783.4 19128.5 6649.06 2516.88 1053.21
 27177.6 8433.88 4843.89 1683.74 904.052
 53576.4 12425.2 3549.9 2038.84 1089.23
 41122.7 26158.8 5964.81 1704.16 1501.66
 80441.6 16587.9 8571.25 1954.45 1050.43
 88343 35518.5 6512.48 3365.11 1179.72
 130408 35899.7 11811.3 2165.66 1511.34
 138028 53696.9 12257.1 4032.7 1255.42
 72989.7 60173.7 20551.2 4691.12 2023.91
 41245.5 27815.4 17597.8 6010.22 1963.81
 46067.5 15968.2 8395.53 5311.57 2406.81
 28311.1 15783.5 3774.68 1984.6 1824.53
 20064 7310.19 2119.12 506.794 511.419
 17050.8 5738.04 1204 349.023 167.702
 14603.2 6686.62 1777.02 372.869 160.025
 15537.9 6054.52 2314.59 615.121 184.463
 16546.7 6793.37 2330.62 890.978 307.791
 31244.1 7323.17 2679.57 919.29 472.842
 44769.8 13916.7 2925.79 1070.56 556.191
 50418.7 21155.6 6257.86 1315.63 731.492
 77999.9 23485.7 9243.88 2734.35 894.48
 81027.4 35804.7 9965.56 3922.41 1539.8
pred_Ctot
 4387.78 3624.18 1355.73 160.795 0.052404
 4816.02 3669.7 1389.1 519.631 61.6504
 4985.52 7004.29 2434.69 921.608 385.656
 1558.2 933.159 535.949 186.296 100.028
 647.236 297.981 85.1337 48.8955 26.1218
 5617.91 6553.65 1494.39 426.949 376.215
 6455.76 2531.96 1308.3 298.324 160.336
 11676.6 8634.44 1583.16 818.046 286.787
 16193.7 8242.02 2711.7 497.202 346.98
 12211.1 8987.89 2051.62 675.001 210.135
 12396.2 18335.1 6262.01 1429.39 616.688
 6631.21 8071.63 5106.65 1744.08 569.871
 10493.1 6275.48 3299.44 2087.44 945.873
 10143.6 8900.84 2128.66 1119.18 1028.91
 6315.01 3736.32 1083.11 259.028 261.392
 2613.94 1595.59 334.799 97.0534 46.6331
 1751.97 1487.22 395.239 82.9324 35.5923
 1345.87 993.394 379.766 100.926 30.2657
 1302.89 1018.36 349.371 133.562 46.1393
 2329.76 1042.35 381.401 130.848 67.3026
 1563.28 951.087 199.952 73.1632 38.0108
 2255.29 1840.77 544.501 114.474 63.6476
 4260.96 2480.13 976.171 288.752 94.4587
 4499.25 3841.14 1069.11 420.798 165.191
F
 0.151202 0.302405 0.302405 0.302405 0.302405
 0.158936 0.317872 0.317872 0.317872 0.317872
 0.33673 0.673461 0.673461 0.673461 0.673461
 0.082668 0.165336 0.165336 0.165336 0.165336
 0.0169241 0.0338482 0.0338482 0.0338482 0.0338482
 0.207885 0.41577 0.41577 0.41577 0.41577
 0.117477 0.234954 0.234954 0.234954 0.234954
 0.200498 0.400995 0.400995 0.400995 0.400995
 0.187312 0.374623 0.374623 0.374623 0.374623
 0.130217 0.260435 0.260435 0.260435 0.260435
 0.26473 0.52946 0.52946 0.52946 0.52946
 0.248945 0.497889 0.497889 0.497889 0.497889
 0.371141 0.742282 0.742282 0.742282 0.742282
 0.653983 1.30797 1.30797 1.30797 1.30797
 0.551809 1.10362 1.10362 1.10362 1.10362
 0.23609 0.47218 0.47218 0.47218 0.47218
 0.180437 0.360874 0.360874 0.360874 0.360874
 0.127335 0.254669 0.254669 0.254669 0.254669
 0.115145 0.23029 0.23029 0.23029 0.23029
 0.108739 0.217479 0.217479 0.217479 0.217479
 0.0496261 0.0992522 0.0992522 0.0992522 0.0992522
 0.0639727 0.127945 0.127945 0.127945 0.127945
 0.0786275 0.157255 0.157255 0.157255 0.157255
 0.0799693 0.159939 0.159939 0.159939 0.159939
nmprior
 10 10 8 0
nm_flota  nm_reclas  nm_pelaces    nm_pelaL
inf 14.3318 13.2079 22.1309
cv_recla  cv_pelaces  cv_mph
0.965171 1.04594 0.869331
 ------------------------------------------------
Talla a la edad & desviación 
 7.2 14.2025 17.0495 18.207 18.6776
 1.08 2.13037 2.55742 2.73105 2.80164
