years
 1997 1998 1999 2000 2001 2002 2003 2004 2005 2006 2007 2008 2009 2010 2011 2012 2013 2014 2015 2016 2017 2018 2019 2020
reclasobs
 0 0 0 370054 412103 1.49427e+06 250295 1.28982e+06 931140 785840 897777 1.04006e+06 184774 17550 25797 100020 73551 82996 120727 218422 84188 347160 605670 569463
reclaspred
 2.61779e+06 313592 412988 112904 239462 240638 467680 455847 542360 1.11221e+06 1.02222e+06 629720 382158 166812 99806.4 93685.1 104457 119845 96564.2 169388 315246 290846 415448 272539
pelacesobs
 0 0 0 0 0 0 0 0 0 2.06254e+06 1.5e+06 0 1.87456e+06 323000 250000 174000 83755 137374 0 501740 490994 745055 786931 1.00524e+06
pelacespred
 1.51698e+06 595532 172754 111117 209889 135754 423650 395803 460990 1.0009e+06 737038 460567 313256 105424 65051.9 64650.1 74730.6 86567 68166.6 129282 262433 228294 254902 193663
mphobs
 0 0 0 0 0 112323 0 153150 637223 0 255016 313432 73983 77613 109348 50772 0 0 0 0 0 0 0 0
mphpred
 2.50738e+06 1.06827e+06 440250 210247 110446 313705 304213 404104 490806 646621 1.3169e+06 893519 468758 269960 113988 88973.8 98424.9 116581 117372 106328 244005 330849 381799 387070
desembarqueobs
 350755 77701 442110 56441 14545 235359 269955 359681 431902 328805 639364 411747 362871 311530 167758 66681 60226 58785 57116 71774 51957 67425 138520 160799
desembarquepred
 350746 77684.1 441639 56421.1 14543.4 235172 269804 359056 431435 328537 638607 411303 362160 310956 167373 66624.5 60197.5 58735.7 57061.7 71695.1 51942.7 67382.5 138422 160687
Reclutas
 3138.88 4656.12 666.533 3347.64 57065.7 11851.5 49384.6 80046.9 77667.2 240856 45789.3 18195.9 56206.8 22815.6 14743.8 14672.6 9899.94 9032.02 6418.85 28781.6 32243.7 34197.8 34781.9 5860.84
log_desv_Rt
 -1.74838 -1.35406 -3.29791 -1.68399 1.15196 -0.419791 1.00739 1.49037 1.46019 2.59195 0.931807 0.00895209 1.13679 0.2352 -0.201422 -0.206264 -0.599716 -0.691469 -1.03301 0.467493 0.581077 0.639918 0.656854 -1.12395
SSB
 2.50738e+06 1.06827e+06 440250 210247 110446 313705 304213 404104 490806 646621 1.3169e+06 893519 468758 269960 113988 88973.8 98424.9 116581 117372 106328 244005 330849 381799 387070
BT
 2.93434e+06 1.23751e+06 562468 267124 388517 425747 961213 1.08545e+06 1.21448e+06 2.09344e+06 1.86908e+06 1.19217e+06 922934 485420 254716 170366 182469 202390 171819 290210 510316 472064 552741 488816
Ftot
 0.0977946 0.182327 0.736633 0.384343 0.127217 0.745097 0.804966 1.23028 1.02071 0.538768 0.505867 0.499279 1.01676 1.62757 1.7937 0.773151 0.603581 0.486352 0.514385 0.662053 0.18617 0.218283 0.292025 0.440635
BD_Bspro_t
 0.984534 0.881967 0.680154 0.352304 0.378082 0.687121 0.483086 0.4987 0.493983 0.515094 0.648671 0.477509 0.330649 0.253954 0.14442 0.141107 0.20275 0.301201 0.355501 0.391003 0.618689 0.736026 0.729387 0.66327
BD_Bspro
 6.7581 2.87928 1.1866 0.566675 0.297684 0.845523 0.819939 1.08917 1.32286 1.74282 3.54941 2.40828 1.26343 0.727617 0.30723 0.239809 0.265283 0.314218 0.31635 0.286584 0.657663 0.89173 1.02905 1.04326
BD_Bo
 2.4421 1.04045 0.428787 0.204773 0.10757 0.305537 0.296292 0.393582 0.478026 0.629784 1.28261 0.870253 0.456553 0.262931 0.11102 0.0866571 0.0958621 0.113545 0.114316 0.10356 0.237652 0.322234 0.371858 0.376992
BD_Brms
 8.14661 3.47086 1.43039 0.683103 0.358845 1.01924 0.988403 1.31295 1.59465 2.1009 4.27866 2.90309 1.52302 0.877113 0.370353 0.28908 0.319787 0.378777 0.381347 0.345465 0.792785 1.07494 1.24048 1.25761
S_f
 0.146633 1 1 1 1
 0.146633 1 1 1 1
 0.146633 1 1 1 1
 0.146633 1 1 1 1
 0.146633 1 1 1 1
 0.146633 1 1 1 1
 0.146633 1 1 1 1
 0.146633 1 1 1 1
 0.146633 1 1 1 1
 0.146633 1 1 1 1
 0.146633 1 1 1 1
 0.146633 1 1 1 1
 0.146633 1 1 1 1
 0.146633 1 1 1 1
 0.146633 1 1 1 1
 0.146633 1 1 1 1
 0.146633 1 1 1 1
 0.146633 1 1 1 1
 0.146633 1 1 1 1
 0.146633 1 1 1 1
 0.146633 1 1 1 1
 0.146633 1 1 1 1
 0.146633 1 1 1 1
 0.146633 1 1 1 1
Scru_reclas
 0.799553 1 1 1 1
 0.799553 1 1 1 1
 0.799553 1 1 1 1
 0.799553 1 1 1 1
 0.799553 1 1 1 1
 0.799553 1 1 1 1
 0.799553 1 1 1 1
 0.799553 1 1 1 1
 0.799553 1 1 1 1
 0.799553 1 1 1 1
 0.799553 1 1 1 1
 0.799553 1 1 1 1
 0.799553 1 1 1 1
 0.799553 1 1 1 1
 0.799553 1 1 1 1
 0.799553 1 1 1 1
 0.799553 1 1 1 1
 0.799553 1 1 1 1
 0.799553 1 1 1 1
 0.799553 1 1 1 1
 0.799553 1 1 1 1
 0.799553 1 1 1 1
 0.799553 1 1 1 1
 0.799553 1 1 1 1
Scru_pelaces
 1 1 1 1 1
 1 1 1 1 1
 1 1 1 1 1
 1 1 1 1 1
 1 1 1 1 1
 1 1 1 1 1
 1 1 1 1 1
 1 1 1 1 1
 1 1 1 1 1
 1 1 1 1 1
 1 1 1 1 1
 1 1 1 1 1
 1 1 1 1 1
 1 1 1 1 1
 1 1 1 1 1
 1 1 1 1 1
 1 1 1 1 1
 1 1 1 1 1
 1 1 1 1 1
 1 1 1 1 1
 1 1 1 1 1
 1 1 1 1 1
 1 1 1 1 1
 1 1 1 1 1
pf_obs 
 0.256992 0.487395 0.22802 0.0275931 0
 0.321318 0.546541 0.124235 0.00734118 0.000564706
 0.182869 0.594174 0.210203 0.0122559 0.00049798
 0.330522 0.361315 0.267642 0.0388342 0.00168674
 0.649043 0.306663 0.0425973 0.00169635 0
 0.582887 0.30429 0.105238 0.00758474 0
 0.465427 0.430635 0.0974691 0.00646863 0
 0.296916 0.608066 0.0921331 0.00288517 0
 0.311714 0.524322 0.152257 0.0117073 0
 0.15457 0.633149 0.183074 0.0267441 0.00246327
 0.131901 0.49318 0.331252 0.0422183 0.00144891
 0.196976 0.569456 0.194076 0.0375587 0.00193317
 0.518974 0.381816 0.0799577 0.0180837 0.00116848
 0.0928022 0.601141 0.25162 0.0475244 0.00691264
 0.122501 0.610282 0.24278 0.0234846 0.000952079
 0.383417 0.481906 0.127806 0.00687128 0
 0.0376549 0.599619 0.316969 0.0457579 0
 0.0361596 0.667082 0.258105 0.0386534 0
 0.158088 0.579412 0.248529 0.0139706 0
 0.0477256 0.309471 0.559284 0.082774 0.000745712
 0.0406174 0.521527 0.379366 0.0568643 0.0016247
 0.151134 0.462217 0.34131 0.0453401 0
 0.294876 0.26143 0.354403 0.0886775 0.000613685
 0.281977 0.475581 0.204845 0.0348837 0.00271318
pf_pred 
 0.00481549 0.639411 0.314556 0.0412168 1.20186e-06
 0.0156421 0.0329061 0.611312 0.300733 0.0394067
 0.00590476 0.105203 0.0297147 0.552026 0.307152
 0.0953309 0.0502014 0.0904265 0.0255411 0.7385
 0.721796 0.12927 0.00826459 0.0148868 0.125783
 0.0714118 0.881715 0.0217802 0.00139247 0.0237009
 0.439909 0.242598 0.301467 0.00744686 0.00857968
 0.418372 0.517417 0.0278123 0.0345612 0.00183734
 0.304408 0.628295 0.0598668 0.00321797 0.00421143
 0.518208 0.402165 0.0719234 0.00685319 0.000850471
 0.0618412 0.849556 0.073959 0.0132269 0.00141672
 0.0524238 0.346979 0.543875 0.0473476 0.00937465
 0.310781 0.224546 0.170152 0.266706 0.0278155
 0.1633 0.701589 0.0440191 0.0333558 0.0577368
 0.243501 0.575988 0.151362 0.00949677 0.0196525
 0.29903 0.598083 0.0783366 0.0205859 0.00396442
 0.183113 0.662833 0.131442 0.0172162 0.00539548
 0.191007 0.545205 0.214041 0.0424452 0.00730175
 0.153961 0.568523 0.187027 0.0734245 0.0170651
 0.525912 0.291882 0.122439 0.0402787 0.0194881
 0.262915 0.673252 0.0392999 0.0164855 0.00804718
 0.202269 0.579871 0.198993 0.0116159 0.00725114
 0.184984 0.536107 0.202739 0.0695736 0.00659643
 0.0375406 0.616841 0.227344 0.0859742 0.0323009
pobs_RECLAS
 0 0 0 0 0
 0 0 0 0 0
 0 0 0 0 0
 0 0 0 0 0
 0.835266 0.146461 0.0176864 0.000547809 3.91292e-05
 0.385257 0.428462 0.181853 0.0044286 0
 0.867414 0.0963971 0.0333333 0.00285562 0
 0.441836 0.489002 0.0689373 0.000224442 0
 0.779404 0.147425 0.0564933 0.0165055 0.000172143
 0.814271 0.122319 0.05973 0.00367925 0
 0.40263 0.566651 0.0304383 0.000280538 0
 0.475488 0.404961 0.113038 0.00651328 0
 0.955842 0.0263864 0.0167828 0.000988607 0
 0.975058 0.0227948 0.00214734 0 0
 0.738997 0.206755 0.0527124 0.00153531 0
 0.850938 0.134255 0.0134407 0.00136685 0
 0.542534 0.407297 0.0501686 0 0
 0.764087 0.199537 0.0359546 0.000420521 0
 0.470689 0.182191 0.310203 0.0369168 0
 0.84361 0.089868 0.0606195 0.00523954 0.000663233
 0.607945 0.314616 0.071237 0.00620181 0
 0.523733 0.453247 0.0230204 0 0
 0.530135 0.295979 0.169645 0.0042399 0
 0.562478 0.366248 0.0663022 0.0049721 0
ppred_RECLAS
 0.0258372 0.625904 0.307911 0.0403462 1.17647e-06
 0.0804993 0.0307379 0.571034 0.280918 0.0368103
 0.0331678 0.102318 0.0288998 0.536886 0.298728
 0.37068 0.0349219 0.0629039 0.0177673 0.513727
 0.934406 0.0304787 0.00194859 0.00350994 0.0296566
 0.307747 0.657309 0.0162369 0.00103807 0.0176688
 0.820466 0.0777632 0.0966333 0.00238704 0.00275016
 0.815366 0.16425 0.00882879 0.0109712 0.000583249
 0.723179 0.250039 0.0238249 0.00128064 0.001676
 0.858995 0.117701 0.0210497 0.00200571 0.000248906
 0.271266 0.65991 0.0574492 0.0102742 0.00110047
 0.237943 0.279046 0.437394 0.0380778 0.00753925
 0.72903 0.0882813 0.066896 0.104857 0.0109358
 0.560239 0.368747 0.0231359 0.0175315 0.0303458
 0.683749 0.240789 0.0632762 0.00397007 0.00821563
 0.712104 0.245639 0.0321736 0.00845483 0.00162823
 0.56089 0.356299 0.0706556 0.00925442 0.00290029
 0.571002 0.289115 0.113503 0.0225081 0.00387202
 0.507008 0.331282 0.108982 0.0427849 0.00994397
 0.864088 0.0836771 0.0351009 0.0115471 0.00558688
 0.662804 0.307995 0.0179786 0.00754169 0.00368137
 0.583367 0.302851 0.103929 0.00606666 0.00378708
 0.557487 0.291079 0.110077 0.037775 0.00358153
 0.179674 0.525747 0.19377 0.0732778 0.0275308
pobs_PELACES
 0 0 0 0 0
 0 0 0 0 0
 0 0 0 0 0
 0 0 0 0 0
 0 0 0 0 0
 0 0 0 0 0
 0 0 0 0 0
 0 0 0 0 0
 0 0 0 0 0
 0 0 0 0 0
 0.450072 0.473896 0.0757376 0.000293798 0
 0 0 0 0 0
 0.463077 0.371075 0.160297 0.00555027 0
 0.529543 0.364841 0.0842815 0.0213345 0
 0.631943 0.363953 0.00410389 0 0
 0.735681 0.248677 0.0153453 0.000297389 0
 0.695825 0.281241 0.0229344 0 0
 0.275771 0.60734 0.115278 0.00161068 0
 0 0 0 0 0
 0.896147 0.0623911 0.0374545 0.00400742 0
 0.803859 0.145111 0.0509908 3.86294e-05 0
 0.739449 0.233085 0.0266225 0.000797448 4.60066e-05
 0.878498 0.100942 0.0204185 0.000141795 0
 0.694673 0.275183 0.0284847 0.00165964 0
ppred_PELACES
 0.0329736 0.621319 0.305656 0.0400506 1.16785e-06
 0.103351 0.029974 0.556843 0.273937 0.0358955
 0.0501493 0.100521 0.0283922 0.527456 0.293481
 0.450819 0.0304749 0.0548936 0.0155048 0.448308
 0.94863 0.0238696 0.00152605 0.00274884 0.0232258
 0.406816 0.563241 0.0139132 0.000889513 0.0151402
 0.8776 0.0530162 0.0658811 0.0016274 0.00187496
 0.886495 0.100974 0.00542758 0.00674465 0.000358558
 0.813275 0.16866 0.0160707 0.000863833 0.00113052
 0.898657 0.0845936 0.0151288 0.00144154 0.000178893
 0.349316 0.589232 0.0512962 0.00917384 0.000982603
 0.310093 0.252627 0.395982 0.0344727 0.00682545
 0.817536 0.0594464 0.045046 0.0706078 0.00736389
 0.715892 0.23823 0.014947 0.0113262 0.0196049
 0.817557 0.138909 0.0365036 0.00229031 0.00473954
 0.793648 0.176064 0.0230608 0.00606008 0.00116705
 0.654404 0.280421 0.0556086 0.00728359 0.00228264
 0.656245 0.231667 0.0909497 0.0180357 0.00310264
 0.597868 0.270225 0.0888959 0.0348995 0.00811125
 0.905493 0.058185 0.0244075 0.00802931 0.00388484
 0.721506 0.254376 0.0148488 0.00622876 0.00304048
 0.650624 0.253962 0.0871516 0.00508732 0.00317573
 0.631093 0.242662 0.0917672 0.0314916 0.00298579
 0.236716 0.489189 0.180296 0.0681823 0.0256164
pobs_pel_tallas
 0 0 0 0 0 0 0 0 0 0 0 0 0 0 0 0 0 0 0 0 0 0 0 0 0 0 0 0 0 0 0 0 0 0 0 0
 0 0 0 0 0 0 0 0 0 0 0 0 0 0 0 0 0 0 0 0 0 0 0 0 0 0 0 0 0 0 0 0 0 0 0 0
 0 0 0 0 0 0 0 0 0 0 0 0 0 0 0 0 0 0 0 0 0 0 0 0 0 0 0 0 0 0 0 0 0 0 0 0
 0 0 0 0 0 0 0 0 0 0 0 0 0 0 0 0 0 0 0 0 0 0 0 0 0 0 0 0 0 0 0 0 0 0 0 0
 0 0 0 0 0 0 0 0 0 0 0 0 0 0 0 0 0 0 0 0 0 0 0 0 0 0 0 0 0 0 0 0 0 0 0 0
 0 0 0 0 0 0 0 0 0 0 0 0 0 0 0 0 0 0 0 0 0 0 0 0 0 0 0 0 0 0 0 0 0 0 0 0
 0 0 0 0 0 0 0 0 0 0 0 0 0 0 0 0 0 0 0 0 0 0 0 0 0 0 0 0 0 0 0 0 0 0 0 0
 0 0 0 0 0 0 0 0 0 0 0 0 0 0 0 0 0 0 0 0 0 0 0 0 0 0 0 0 0 0 0 0 0 0 0 0
 0 0 0 0 0 0 0 0 0 0 0 0 0 0 0 0 0 0 0 0 0 0 0 0 0 0 0 0 0 0 0 0 0 0 0 0
 0 0 0 0 0 0 0 0 0 0 0 0 0 0 0 0 0 0 0 0 0 0 0 0 0 0 0 0 0 0 0 0 0 0 0 0
 0 0 0 0 0 0 0 0 1.78061e-05 0.00172719 0.00360574 0.0105946 0.0120993 0.0124554 0.0147524 0.0171206 0.0266825 0.0428682 0.0675386 0.121331 0.153587 0.119568 0.100827 0.0573624 0.0630603 0.0341343 0.0324427 0.0444173 0.0211091 0.0280891 0.0125444 0.00206551 0 0 0 0
 0 0 0 0 0 0 0 0 0 0 0 0 0 0 0 0 0 0 0 0 0 0 0 0 0 0 0 0 0 0 0 0 0 0 0 0
 0 0 0 0 0 0 0.0133647 0.0140871 0.0187388 0.0205184 0.03894 0.0496705 0.03968 0.0493445 0.0407372 0.0367815 0.0215668 0.0243155 0.0234873 0.0199281 0.019796 0.0243948 0.0301388 0.0376714 0.0412746 0.0863199 0.0771752 0.113111 0.0741005 0.0525337 0.0229764 0.00759418 0.00175318 0 0 0
 0 0 0 0 0 0 0 0 0 0 0.00219441 0.00772107 0.0458388 0.0604681 0.0671733 0.0775358 0.0609151 0.0617685 0.073594 0.0568108 0.0755445 0.0548602 0.0670107 0.0636378 0.0643287 0.046367 0.0373049 0.0286899 0.0247887 0.0153202 0.00654259 0.00121912 0.000365735 0 0 0
 0 0 0 0 0 0 0 0 0 0 0 0 0.000112435 0.00938835 0.0111873 0.0202946 0.0414886 0.0713402 0.111592 0.104902 0.108894 0.110636 0.117776 0.105296 0.107544 0.0401394 0.0192827 0.0124803 0.00416011 0.0028671 0.000618394 0 0 0 0 0
 0 0 0 0 0 0 0 0 0 0 0.00291406 0.0102884 0.027416 0.0768956 0.0749926 0.110853 0.0956884 0.0897413 0.0766577 0.0534642 0.0500743 0.0551293 0.0594112 0.0620874 0.0668451 0.0424026 0.0208742 0.0120726 0.0048766 0.00582813 0.00118941 0.000297354 0 0 0 0
 0 0.00264628 0.0354308 0.0461629 0.0458689 0.0383711 0.0214643 0.0164657 0.0346957 0.0420465 0.0363128 0.0245516 0.0311673 0.0291091 0.0169068 0.0133784 0.00837989 0.0085269 0.0148486 0.0160247 0.0276389 0.0546898 0.0760071 0.122758 0.109233 0.0665981 0.0333725 0.0166128 0.00676272 0.00308733 0.000882094 0 0 0 0 0
 0 0 0 0 0 0 0 0.000805153 0.000690131 0.00759144 0.0133425 0.0154129 0.00931677 0.000345066 0.00356568 0.00563607 0.00851162 0.0253048 0.0502646 0.0516448 0.0657925 0.0565908 0.0611916 0.0827007 0.0866115 0.110766 0.145733 0.0935128 0.0569358 0.0249597 0.0138026 0.00621118 0.00161031 0.00115022 0 0
 0 0 0 0 0 0 0 0 0 0 0 0 0 0 0 0 0 0 0 0 0 0 0 0 0 0 0 0 0 0 0 0 0 0 0 0
 0.00147267 0.00158595 0.00478618 0.00569244 0.00954404 0.0108468 0.00647125 0.017049 0.0510054 0.094081 0.124002 0.0959785 0.0687766 0.0820023 0.061753 0.0591476 0.0492212 0.0479892 0.0443925 0.0268479 0.0217502 0.0140895 0.0121071 0.0120363 0.00920419 0.00665534 0.0049561 0.00860946 0.00930331 0.0156896 0.0114698 0.00855282 0.00243557 0.00046729 0 2.83206e-05
 0 0 0 0 0.000772559 0.00158375 0.000888443 0.00281984 0.00712685 0.0440552 0.0773331 0.111326 0.0921469 0.0852325 0.0710754 0.0886704 0.0786465 0.0553345 0.0373146 0.0185414 0.00753245 0.00457741 0.012979 0.0271748 0.0457355 0.0583668 0.034881 0.0177882 0.00938659 0.00492506 0.0015258 0.00185414 0.000309023 5.79419e-05 3.86279e-05 0
 0 0.00173294 0.00326652 0 0.00397197 0.00683976 0.00946217 0.0152591 0.00757587 0.0136028 0.0228656 0.0392903 0.0559909 0.0764795 0.0681675 0.0726916 0.0566044 0.0477403 0.0527397 0.0444891 0.0609904 0.0582453 0.0661739 0.0445044 0.0529084 0.0360697 0.0280645 0.0235558 0.0158879 0.00826598 0.00280645 0.00217768 0.000904811 0.00058276 9.20147e-05 0
 0 0 0 0 0 0 0 0 0 0 0 0 0 0 0 0 0 0 0 0 0 0 0 0 0 0 0 0 0 0 0 0 0 0 0 0
 0 0 0 0 0 0 0 0 0 0 0 0 0 0 0 0 0 0 0 0 0 0 0 0 0 0 0 0 0 0 0 0 0 0 0 0
ppred_pel_tallas
 1.05918e-16 1.47636e-06 8.56998e-06 4.05396e-05 0.000155748 0.000485384 0.00122673 0.00251513 0.00418847 0.00568362 0.00633952 0.00595987 0.00506971 0.00458219 0.00526415 0.00751368 0.0114775 0.017203 0.0246419 0.0335494 0.0433993 0.0533851 0.0625234 0.0698357 0.074554 0.0762803 0.0750546 0.0713025 0.0656971 0.058982 0.0518195 0.0447021 0.0379371 0.0316826 0.0260056 0.0209324
 1.19005e-16 4.52145e-06 2.65011e-05 0.000125905 0.000484628 0.00151113 0.00381697 0.00781063 0.0129497 0.0173994 0.0189561 0.0167739 0.0121255 0.00732228 0.00403351 0.00264557 0.00277445 0.00398193 0.00608375 0.00911183 0.013184 0.0184035 0.0247952 0.0322633 0.0405636 0.0492954 0.0579194 0.0658036 0.0722956 0.0768114 0.078923 0.0784265 0.0753778 0.0700809 0.0630401 0.0548784
 1.32273e-16 2.20222e-06 1.28843e-05 6.11673e-05 0.000235368 0.000733828 0.00185364 0.0037938 0.00629279 0.00846376 0.00924389 0.00823399 0.00607025 0.00390218 0.00257855 0.0023356 0.00304182 0.00453826 0.00677904 0.00980516 0.0136785 0.0184381 0.0240816 0.030559 0.0377685 0.0455462 0.0536517 0.0617532 0.0694245 0.0761634 0.0814397 0.0847648 0.0857732 0.0842899 0.0803737 0.0743158
 1.2227e-16 1.96708e-05 0.000115446 0.000548769 0.00211278 0.00658848 0.0166419 0.034051 0.0564419 0.0757958 0.0824699 0.0727185 0.0519983 0.0302359 0.0144743 0.00605435 0.002835 0.00231841 0.00302168 0.0043753 0.00625638 0.00868507 0.0117016 0.0153254 0.0195366 0.0242628 0.0293661 0.0346363 0.0397935 0.0445051 0.0484181 0.051202 0.0525975 0.0524569 0.05077 0.0476692
 1.0121e-16 4.13782e-05 0.000242886 0.00115463 0.00444549 0.013863 0.0350165 0.0716468 0.118757 0.159469 0.173486 0.152913 0.109212 0.0632348 0.0297503 0.0115045 0.00389041 0.00152289 0.00112728 0.00133247 0.00170064 0.00210538 0.00249545 0.00283614 0.00310322 0.00328602 0.00338838 0.00342535 0.00341675 0.00338011 0.0033254 0.00325331 0.00315711 0.00302689 0.00285434 0.0026365
 1.01119e-16 1.77745e-05 0.000104262 0.000495485 0.00190743 0.00594796 0.0150246 0.030746 0.0509788 0.0685052 0.074658 0.066117 0.0479029 0.0291141 0.0162905 0.0108508 0.0110529 0.0147439 0.0205147 0.0275327 0.0350897 0.0423692 0.048461 0.0525168 0.0539414 0.05254 0.0485675 0.0426581 0.0356648 0.0284606 0.021767 0.0160521 0.0115128 0.00812233 0.00571288 0.0040587
 1.01097e-16 3.82824e-05 0.000224708 0.0010682 0.00411271 0.0128252 0.0323952 0.0662837 0.109868 0.147536 0.160514 0.1415 0.101107 0.0586373 0.0277675 0.0110579 0.00426721 0.00243207 0.00253428 0.00330364 0.0043162 0.0054179 0.00650924 0.00749823 0.0083041 0.00886888 0.00916461 0.00919239 0.0089756 0.0085503 0.007957 0.00723596 0.00642623 0.00556628 0.00469462 0.00384863
 1.00359e-16 3.86721e-05 0.000226991 0.00107905 0.00415446 0.0129553 0.032724 0.0669569 0.110985 0.14904 0.162159 0.142974 0.102209 0.0593745 0.0282998 0.0115848 0.00495686 0.00340434 0.00386454 0.00501896 0.00638135 0.00772158 0.00886168 0.00964714 0.00996967 0.00979143 0.00915387 0.00816531 0.00697277 0.00572719 0.00455341 0.00353271 0.00269999 0.00205244 0.0015639 0.00119919
 1.00366e-16 3.54821e-05 0.000208257 0.00098997 0.00381146 0.0118857 0.0300223 0.0614295 0.101825 0.136747 0.148802 0.13124 0.0939154 0.054748 0.0264536 0.0114514 0.00585451 0.00508798 0.00634263 0.00837649 0.0106729 0.0129163 0.0148205 0.0161273 0.0166535 0.0163335 0.0152348 0.0135377 0.0114891 0.00934425 0.00731658 0.0055481 0.00410357 0.00298394 0.00214937 0.00154254
 1.00301e-16 3.92018e-05 0.000230102 0.00109384 0.00421142 0.013133 0.0331728 0.0678749 0.112506 0.151081 0.164376 0.144919 0.103579 0.0601284 0.0285807 0.0115646 0.00474204 0.0030289 0.00332203 0.00429409 0.00546999 0.00664134 0.00765553 0.00838058 0.00872173 0.00864162 0.00816819 0.0073852 0.00640985 0.00536477 0.00435373 0.00344731 0.00268016 0.00205728 0.00156487 0.00118089
 1.01282e-16 1.52684e-05 8.9546e-05 0.000425519 0.00163803 0.00510785 0.0129026 0.0264044 0.0437835 0.058846 0.0641573 0.0568796 0.0413448 0.0253969 0.0146933 0.0105019 0.0113764 0.015505 0.0216844 0.0291615 0.0372364 0.045067 0.0517025 0.0562481 0.0580661 0.0569298 0.0530769 0.0471398 0.039982 0.0324959 0.0254269 0.0192694 0.0142472 0.0103609 0.00746874 0.00536849
 1.07207e-16 1.35453e-05 7.94588e-05 0.000377627 0.00145375 0.00453323 0.0114508 0.0234316 0.0388472 0.0521912 0.0568487 0.0502741 0.0362714 0.021744 0.0116391 0.00700335 0.00649309 0.00849436 0.0120272 0.0166358 0.0220413 0.027933 0.0339183 0.0395596 0.0444414 0.048233 0.0507264 0.0518395 0.051595 0.0500882 0.0474598 0.0438826 0.0395599 0.0347247 0.0296346 0.0245533
 1.0343e-16 3.56634e-05 0.000209332 0.000995102 0.00383126 0.0119475 0.0301782 0.0617476 0.10235 0.137442 0.149534 0.131829 0.0942123 0.0546709 0.0259508 0.0104438 0.00420699 0.00262548 0.00289534 0.00383904 0.00506449 0.00642796 0.00783414 0.00919326 0.0104251 0.0114694 0.0122906 0.0128742 0.0132183 0.0133238 0.0131892 0.0128112 0.0121913 0.0113428 0.0102971 0.00910401
 1.01596e-16 3.12385e-05 0.000183337 0.000871485 0.00335524 0.010463 0.0264287 0.0540772 0.0896411 0.120392 0.131027 0.115614 0.0828461 0.0485219 0.0238696 0.0110591 0.00670869 0.00681963 0.00892202 0.0118877 0.0151829 0.0184121 0.021185 0.023143 0.0240318 0.0237606 0.0224229 0.0202671 0.0176302 0.0148569 0.0122294 0.00992793 0.00802582 0.00651086 0.00532022 0.00437436
 1.00864e-16 3.56677e-05 0.000209349 0.000995168 0.00383148 0.0119481 0.03018 0.0617519 0.102359 0.137461 0.149572 0.131904 0.0943565 0.0549366 0.0264174 0.0112199 0.00542717 0.00443603 0.00542831 0.0071751 0.0091917 0.0112076 0.012986 0.0143111 0.0150233 0.015054 0.0144387 0.0133029 0.0118263 0.0101991 0.00858339 0.0070914 0.00578109 0.0046664 0.00373389 0.00295868
 1.00648e-16 3.46266e-05 0.000203234 0.000966087 0.0037195 0.0115989 0.029298 0.0599475 0.0993692 0.133449 0.145217 0.128085 0.0916735 0.0534727 0.025897 0.011313 0.00593396 0.00530061 0.00667387 0.00883937 0.0112849 0.0136888 0.0157547 0.0172128 0.0178692 0.0176509 0.0166213 0.0149603 0.0129162 0.0107471 0.00866922 0.00682722 0.00528856 0.00405754 0.00309885 0.00236071
 1.01238e-16 2.85592e-05 0.000167603 0.000796673 0.00306718 0.00956465 0.0241597 0.049435 0.0819479 0.110065 0.119804 0.105749 0.0758592 0.0445954 0.0222471 0.0108284 0.00727892 0.00796667 0.0106398 0.0142458 0.018243 0.0221856 0.0256136 0.0280954 0.0293159 0.0291473 0.0276766 0.0251744 0.0220217 0.0186181 0.0153019 0.0123041 0.00973909 0.00762601 0.00592391 0.00456618
 1.02132e-16 2.86376e-05 0.000168067 0.000798891 0.00307573 0.00959134 0.0242271 0.0495725 0.0821744 0.110366 0.12012 0.106004 0.0759873 0.0445619 0.02203 0.0103942 0.00657078 0.00691185 0.00916968 0.0123218 0.0158826 0.0194815 0.02274 0.025296 0.0268718 0.0273323 0.0267086 0.0251771 0.0230043 0.0204786 0.0178512 0.0153022 0.0129352 0.0107928 0.00888093 0.00719083
 1.02929e-16 2.60936e-05 0.000153129 0.000727863 0.00280224 0.00873847 0.0220728 0.045165 0.0748702 0.100561 0.109464 0.0966338 0.0693461 0.0408192 0.0204624 0.010128 0.00703417 0.0078777 0.0106149 0.0142937 0.0184218 0.0225859 0.0263509 0.0292996 0.0311148 0.0316466 0.0309388 0.0292026 0.0267509 0.0239175 0.0209878 0.0181597 0.0155399 0.0131632 0.0110242 0.00910489
 1.00823e-16 3.94988e-05 0.000231849 0.00110215 0.00424342 0.0132328 0.0334248 0.0683903 0.11336 0.152225 0.165615 0.145996 0.104318 0.0604951 0.0286383 0.0113862 0.00435865 0.00242829 0.00247236 0.00316969 0.00407147 0.00500886 0.00587388 0.00657416 0.0070393 0.00723357 0.00716155 0.00686281 0.00639855 0.00583502 0.00522943 0.00462226 0.00403662 0.00348247 0.00296294 0.00247951
 1.0065e-16 3.1484e-05 0.000184777 0.000878325 0.00338157 0.0105451 0.0266361 0.0545017 0.0903452 0.121339 0.13206 0.116534 0.0835208 0.048949 0.0241389 0.0112823 0.00697548 0.00718975 0.00943258 0.0125566 0.0160059 0.0193571 0.0221895 0.024117 0.0248672 0.0243458 0.0226601 0.020087 0.0170024 0.0137928 0.010779 0.00817137 0.00606135 0.00444318 0.00324973 0.00238873
 1.01644e-16 2.83934e-05 0.000166632 0.000792061 0.00304943 0.0095093 0.0240199 0.0491487 0.0814726 0.109425 0.119102 0.105118 0.0753808 0.044263 0.0219874 0.0105488 0.00689873 0.00742504 0.00989623 0.0132845 0.0170819 0.0208843 0.0242749 0.0268571 0.0283316 0.0285605 0.0275937 0.0256439 0.023025 0.0200737 0.0170822 0.0142583 0.0117179 0.00950165 0.00760278 0.00599346
 1.02604e-16 2.75413e-05 0.00016163 0.000768285 0.00295789 0.00922385 0.0232988 0.0476733 0.0790269 0.10614 0.115527 0.101962 0.0731161 0.042931 0.0213223 0.0102258 0.00668618 0.00720324 0.00961836 0.0129431 0.0166955 0.0204957 0.0239504 0.0266822 0.0284015 0.0289666 0.0284083 0.0269072 0.0247367 0.0221912 0.0195255 0.0169203 0.0144777 0.0122385 0.0102085 0.00838109
 1.06259e-16 1.03547e-05 6.0707e-05 0.000288434 0.00111025 0.00346201 0.00874525 0.0178975 0.0296808 0.0399018 0.0435299 0.0386557 0.0282367 0.0176221 0.0106922 0.00836526 0.0097268 0.0136113 0.019248 0.0261376 0.0337717 0.0414974 0.0485467 0.0541662 0.0577754 0.0590896 0.0581684 0.0553691 0.0512317 0.0463348 0.0411745 0.0360972 0.0312928 0.0268319 0.022721 0.018949
pSPR Fmed_Fpbrs
0.513872   0.349768 0.349768
Fs Fmed_Fpbrs
0.505894   1.005 1.005
SSBpbr Bo_Bmed_Bpbrs
1.02673e+06  476274  307782 307782
Ro
18033.7
SPR SPRFo_SPRFmed_SPRFpbrs
371019 190656 129771
log_Ro
9.62
likeval ReclasPelacesDesembMPH_pf_preclas_ppelaces_ptallas_desvR_qrecl_qpela
 96.991 89.5251 0.137193 0.000556801 373.401 174.816 87.4772 0 54.245 4.38189e-06 0 0 0 0 0
q_reclas_q_pelaces
0.74332 1
M
0.7
N
 3138.88 63387.8 31183.4 4086.02 0.119146
 4656.12 1536.53 28544.9 14042.5 1840.07
 666.533 2251.16 635.845 11812.4 6572.53
 3347.64 297.102 535.162 151.157 4370.59
 57065.7 1571.29 100.457 180.951 1528.91
 11851.5 27814.3 687.071 43.9264 747.662
 49384.6 5276.15 6556.47 161.959 186.596
 80046.9 21793.3 1171.44 1455.7 77.3877
 77667.2 33188.8 3162.38 169.985 222.463
 240856 33207.1 5938.78 565.873 70.2242
 45789.3 110520 9621.45 1720.71 184.303
 18195.9 21112.7 33093.3 2880.97 570.421
 56206.8 8397.94 6363.61 9974.7 1040.29
 22815.6 24045.5 1508.66 1143.2 1978.81
 14743.8 8924.41 2345.22 147.144 304.498
 14672.6 5628.3 737.191 193.725 37.3074
 9899.94 6505.26 1290.02 168.966 52.953
 9032.02 4499.76 1766.55 350.314 60.2637
 6418.85 4176.45 1373.92 539.386 125.363
 28781.6 2955.93 1239.96 407.908 197.359
 32243.7 12970.3 757.115 317.595 155.03
 34197.8 15580.5 5346.75 312.107 194.831
 34781.9 16447.2 6219.81 2134.44 202.372
 5860.84 16548.2 6099.03 2306.46 866.549
pred_Ctot
 32.1662 4271.09 2101.15 275.317 0.00802809
 88.4736 186.12 3457.65 1700.98 222.889
 49.3853 879.88 248.523 4616.94 2568.91
 132.359 69.7003 125.549 35.4616 1025.34
 759.283 135.984 8.69382 15.6599 132.316
 887.722 10960.6 270.75 17.3098 294.627
 3981.16 2195.5 2728.27 67.3939 77.6459
 9601.53 11874.6 638.284 793.171 42.1664
 7831.68 16164.5 1540.22 82.7903 108.35
 13217.8 10257.9 1834.54 174.803 21.6928
 2364.37 32481 2827.66 505.701 54.1652
 927.712 6140.28 9624.64 837.883 165.898
 5647.18 4080.21 3091.82 4846.3 505.434
 3531.87 15174.1 952.05 721.424 1248.74
 2489.59 5889 1547.56 97.0967 200.931
 1138.38 2276.85 298.221 78.3686 15.0922
 606.138 2194.11 435.1 56.9891 17.8601
 448.943 1281.45 503.084 99.7635 17.1621
 336.84 1243.83 409.182 160.64 37.3356
 1925.72 1068.78 448.332 147.488 71.3593
 625.44 1601.58 93.4892 39.2169 19.1432
 776.158 2225.11 763.589 44.5731 27.8245
 1051.1 3046.22 1151.98 395.325 37.4817
 264.707 4349.48 1603.05 606.224 227.761
F
 0.0143399 0.0977946 0.0977946 0.0977946 0.0977946
 0.0267351 0.182327 0.182327 0.182327 0.182327
 0.108015 0.736633 0.736633 0.736633 0.736633
 0.0563574 0.384343 0.384343 0.384343 0.384343
 0.0186542 0.127217 0.127217 0.127217 0.127217
 0.109256 0.745097 0.745097 0.745097 0.745097
 0.118035 0.804966 0.804966 0.804966 0.804966
 0.1804 1.23028 1.23028 1.23028 1.23028
 0.14967 1.02071 1.02071 1.02071 1.02071
 0.0790013 0.538768 0.538768 0.538768 0.538768
 0.0741769 0.505867 0.505867 0.505867 0.505867
 0.0732108 0.499279 0.499279 0.499279 0.499279
 0.149091 1.01676 1.01676 1.01676 1.01676
 0.238655 1.62757 1.62757 1.62757 1.62757
 0.263015 1.7937 1.7937 1.7937 1.7937
 0.11337 0.773151 0.773151 0.773151 0.773151
 0.088505 0.603581 0.603581 0.603581 0.603581
 0.0713154 0.486352 0.486352 0.486352 0.486352
 0.0754259 0.514385 0.514385 0.514385 0.514385
 0.0970789 0.662053 0.662053 0.662053 0.662053
 0.0272987 0.18617 0.18617 0.18617 0.18617
 0.0320075 0.218283 0.218283 0.218283 0.218283
 0.0428206 0.292025 0.292025 0.292025 0.292025
 0.0646117 0.440635 0.440635 0.440635 0.440635
nmprior
 10 10 8 0
nm_flota  nm_reclas  nm_pelaces    nm_pelaL
inf 17.4297 14.22 24.1814
cv_recla  cv_pelaces  cv_mph
0.911785 1.11336 0.765576
 ------------------------------------------------
Talla a la edad & desviación 
 7.2 14.2025 17.0495 18.207 18.6776
 1.08 2.13037 2.55742 2.73105 2.80164
