years
 1997 1998 1999 2000 2001 2002 2003 2004 2005 2006 2007 2008 2009 2010 2011 2012 2013 2014 2015 2016 2017 2018 2019 2020
reclasobs
 0 0 0 370054 412103 1.49427e+06 250295 1.28982e+06 931140 785840 897777 1.04006e+06 184774 17550 25797 100020 73551 82996 120727 218422 84188 347160 605670 569463
reclaspred
 1.23395e+06 231385 457312 187858 290461 361007 762008 599482 690872 877983 848429 579805 342828 136151 75005.4 73776.4 85933 106943 112777 141822 225921 230114 373941 344370
pelacesobs
 0 0 0 0 0 0 0 0 0 2.06254e+06 1.5e+06 0 1.87456e+06 323000 250000 174000 83755 137374 0 501740 490994 745055 786931 1.00524e+06
pelacespred
 2.87453e+06 743425 547207 464293 771135 562916 2.10629e+06 1.60527e+06 1.83371e+06 2.37712e+06 1.70867e+06 1.22609e+06 820226 263566 160006 150108 177878 225197 221585 291991 562857 483012 603649 626769
mphobs
 0 0 0 0 0 112323 0 153150 637223 0 255016 313432 73983 77613 109348 50772 0 0 0 0 0 0 0 0
mphpred
 394961 177982 149150 88159.7 80258.3 159366 195380 289664 270168 315887 409300 265282 165707 92034.4 40505.4 31189.9 32936.8 39288.9 44919.6 48893.6 73606.4 95268.7 116351 139248
desembarqueobs
 350755 77701 442110 56441 14545 235359 269955 359681 431902 328805 639364 411747 362871 311530 167758 66681 60226 58785 57116 71774 51957 67425 138520 160799
desembarquepred
 350737 77675.2 441744 56431.4 14544.5 235329 269946 359345 431648 328637 638551 411324 362448 311150 167326 66624.7 60210.7 58726.6 57059.5 71730.4 51948 67381.2 138461 160749
Reclutas
 24626.6 41583.4 8610.37 13823.1 41670.1 21959.8 62579.9 63457.2 80401.2 125069 58160.1 48197.3 53766.9 28109.9 13655.4 11465.7 7973.93 8471.3 9342.41 13606.6 19008.5 23976.4 32247.6 21225
log_desv_Rt
 -0.0484194 0.475456 -1.09928 -0.625903 0.47754 -0.163031 0.884199 0.898122 1.13478 1.57662 0.810954 0.623058 0.732413 0.0838786 -0.638108 -0.812886 -1.17607 -1.11556 -1.01768 -0.641688 -0.307359 -0.0751766 0.221199 -0.197064
SSB
 683441 307980 258090 152551 138879 275767 338085 501233 467497 546611 708253 459044 286739 159256 70090.5 53970.9 56993.9 67985.5 77728.8 84605.5 127368 164853 201333 240954
BT
 1.4843e+06 442341 459580 254926 349634 411257 1.15202e+06 1.08608e+06 1.21132e+06 1.359e+06 1.27972e+06 897749 712817 400259 206404 120065 124811 144835 140800 182673 286063 260295 343332 387720
Ftot
 0.420204 0.581013 1.2363 0.496171 0.102434 0.879479 0.698113 1.01834 1.11256 0.701227 1.06176 1.09137 1.77332 3.04277 3.22585 1.41169 1.10722 0.896104 0.777406 0.844328 0.387572 0.455425 0.560632 0.678021
BD_Bspro_t
 0.941941 0.687181 0.547931 0.265698 0.36248 0.583324 0.483225 0.537129 0.47696 0.469044 0.497611 0.325527 0.234031 0.160423 0.0868814 0.0823156 0.118099 0.18679 0.253641 0.322755 0.448536 0.576517 0.584667 0.551097
BD_Bspro
 1.28516 0.579137 0.48532 0.286863 0.261152 0.518561 0.635747 0.942536 0.879097 1.02786 1.33182 0.863202 0.539193 0.29947 0.131801 0.101489 0.107173 0.127842 0.146164 0.159095 0.239508 0.309995 0.378593 0.453098
BD_Bo
 0.891317 0.401656 0.33659 0.198952 0.18112 0.359644 0.440917 0.653689 0.609692 0.712868 0.923675 0.598667 0.373954 0.207696 0.0914093 0.0703867 0.0743292 0.088664 0.101371 0.110339 0.166109 0.214995 0.26257 0.314243
BD_Brms
 2.92658 1.31881 1.10517 0.653245 0.594697 1.18087 1.44772 2.14635 2.00188 2.34066 3.03283 1.96569 1.22785 0.681955 0.300137 0.23111 0.244055 0.291123 0.332845 0.362292 0.545408 0.705921 0.862133 1.0318
S_f
 0.131598 1 1 1 1
 0.131598 1 1 1 1
 0.131598 1 1 1 1
 0.131598 1 1 1 1
 0.131598 1 1 1 1
 0.131598 1 1 1 1
 0.131598 1 1 1 1
 0.131598 1 1 1 1
 0.131598 1 1 1 1
 0.131598 1 1 1 1
 0.131598 1 1 1 1
 0.131598 1 1 1 1
 0.131598 1 1 1 1
 0.131598 1 1 1 1
 0.131598 1 1 1 1
 0.131598 1 1 1 1
 0.131598 1 1 1 1
 0.131598 1 1 1 1
 0.131598 1 1 1 1
 0.131598 1 1 1 1
 0.131598 1 1 1 1
 0.131598 1 1 1 1
 0.131598 1 1 1 1
 0.131598 1 1 1 1
Scru_reclas
 0.351511 0.731753 0.932105 0.985733 0.997132
 0.351511 0.731753 0.932105 0.985733 0.997132
 0.351511 0.731753 0.932105 0.985733 0.997132
 0.351511 0.731753 0.932105 0.985733 0.997132
 0.351511 0.731753 0.932105 0.985733 0.997132
 0.351511 0.731753 0.932105 0.985733 0.997132
 0.351511 0.731753 0.932105 0.985733 0.997132
 0.351511 0.731753 0.932105 0.985733 0.997132
 0.351511 0.731753 0.932105 0.985733 0.997132
 0.351511 0.731753 0.932105 0.985733 0.997132
 0.351511 0.731753 0.932105 0.985733 0.997132
 0.351511 0.731753 0.932105 0.985733 0.997132
 0.351511 0.731753 0.932105 0.985733 0.997132
 0.351511 0.731753 0.932105 0.985733 0.997132
 0.351511 0.731753 0.932105 0.985733 0.997132
 0.351511 0.731753 0.932105 0.985733 0.997132
 0.351511 0.731753 0.932105 0.985733 0.997132
 0.351511 0.731753 0.932105 0.985733 0.997132
 0.351511 0.731753 0.932105 0.985733 0.997132
 0.351511 0.731753 0.932105 0.985733 0.997132
 0.351511 0.731753 0.932105 0.985733 0.997132
 0.351511 0.731753 0.932105 0.985733 0.997132
 0.351511 0.731753 0.932105 0.985733 0.997132
 0.351511 0.731753 0.932105 0.985733 0.997132
Scru_pelaces
 0.804374 1 1 1 1
 0.804374 1 1 1 1
 0.804374 1 1 1 1
 0.804374 1 1 1 1
 0.804374 1 1 1 1
 0.804374 1 1 1 1
 0.804374 1 1 1 1
 0.804374 1 1 1 1
 0.804374 1 1 1 1
 0.804374 1 1 1 1
 0.804374 1 1 1 1
 0.804374 1 1 1 1
 0.804374 1 1 1 1
 0.804374 1 1 1 1
 0.804374 1 1 1 1
 0.804374 1 1 1 1
 0.804374 1 1 1 1
 0.804374 1 1 1 1
 0.804374 1 1 1 1
 0.804374 1 1 1 1
 0.804374 1 1 1 1
 0.804374 1 1 1 1
 0.804374 1 1 1 1
 0.804374 1 1 1 1
pf_obs 
 0.256992 0.487395 0.22802 0.0275931 0
 0.321318 0.546541 0.124235 0.00734118 0.000564706
 0.182869 0.594174 0.210203 0.0122559 0.00049798
 0.330522 0.361315 0.267642 0.0388342 0.00168674
 0.649043 0.306663 0.0425973 0.00169635 0
 0.582887 0.30429 0.105238 0.00758474 0
 0.465427 0.430635 0.0974691 0.00646863 0
 0.296916 0.608066 0.0921331 0.00288517 0
 0.311714 0.524322 0.152257 0.0117073 0
 0.15457 0.633149 0.183074 0.0267441 0.00246327
 0.131901 0.49318 0.331252 0.0422183 0.00144891
 0.196976 0.569456 0.194076 0.0375587 0.00193317
 0.518974 0.381816 0.0799577 0.0180837 0.00116848
 0.0928022 0.601141 0.25162 0.0475244 0.00691264
 0.122501 0.610282 0.24278 0.0234846 0.000952079
 0.383417 0.481906 0.127806 0.00687128 0
 0.0376549 0.599619 0.316969 0.0457579 0
 0.0361596 0.667082 0.258105 0.0386534 0
 0.158088 0.579412 0.248529 0.0139706 0
 0.0477256 0.309471 0.559284 0.082774 0.000745712
 0.0406174 0.521527 0.379366 0.0568643 0.0016247
 0.151134 0.462217 0.34131 0.0453401 0
 0.294876 0.26143 0.354403 0.0886775 0.000613685
 0.281977 0.475581 0.204845 0.0348837 0.00271318
pf_pred 
 0.130004 0.590936 0.2471 0.0319537 6.00909e-06
 0.253972 0.435391 0.210997 0.0882284 0.0114114
 0.0651763 0.725862 0.121953 0.0591 0.027909
 0.232691 0.387938 0.29457 0.049491 0.0353101
 0.398557 0.449531 0.0768042 0.0583192 0.016789
 0.139369 0.723892 0.102202 0.0174616 0.017076
 0.41788 0.384243 0.166438 0.0234984 0.00794094
 0.270511 0.646569 0.0547331 0.0237081 0.00447835
 0.317128 0.565218 0.104281 0.00882757 0.00454602
 0.346124 0.564858 0.0736813 0.013594 0.00174337
 0.142169 0.730923 0.109631 0.0143005 0.00297676
 0.201365 0.549078 0.212637 0.0318933 0.00502622
 0.316564 0.528247 0.106696 0.0413192 0.00717413
 0.268698 0.660644 0.0546137 0.0110309 0.00501358
 0.303696 0.65734 0.0351993 0.00290983 0.000854856
 0.341798 0.630425 0.0262227 0.00140418 0.000150182
 0.224504 0.693313 0.0787147 0.00327416 0.000194076
 0.262124 0.588617 0.133442 0.0151502 0.000667531
 0.259908 0.600427 0.111414 0.0252579 0.00299398
 0.314891 0.547591 0.111567 0.020702 0.00524954
 0.287117 0.601595 0.0889497 0.0181227 0.00421552
 0.246655 0.593556 0.134844 0.0199376 0.00500699
 0.25995 0.56076 0.141262 0.032092 0.00593663
 0.157278 0.657333 0.140475 0.0353873 0.00952648
pobs_RECLAS
 0 0 0 0 0
 0 0 0 0 0
 0 0 0 0 0
 0 0 0 0 0
 0.835266 0.146461 0.0176864 0.000547809 3.91292e-05
 0.385257 0.428462 0.181853 0.0044286 0
 0.867414 0.0963971 0.0333333 0.00285562 0
 0.441836 0.489002 0.0689373 0.000224442 0
 0.779404 0.147425 0.0564933 0.0165055 0.000172143
 0.814271 0.122319 0.05973 0.00367925 0
 0.40263 0.566651 0.0304383 0.000280538 0
 0.475488 0.404961 0.113038 0.00651328 0
 0.955842 0.0263864 0.0167828 0.000988607 0
 0.975058 0.0227948 0.00214734 0 0
 0.738997 0.206755 0.0527124 0.00153531 0
 0.850938 0.134255 0.0134407 0.00136685 0
 0.542534 0.407297 0.0501686 0 0
 0.764087 0.199537 0.0359546 0.000420521 0
 0.470689 0.182191 0.310203 0.0369168 0
 0.84361 0.089868 0.0606195 0.00523954 0.000663233
 0.607945 0.314616 0.071237 0.00620181 0
 0.523733 0.453247 0.0230204 0 0
 0.530135 0.295979 0.169645 0.0042399 0
 0.562478 0.366248 0.0663022 0.0049721 0
ppred_RECLAS
 0.339688 0.411283 0.219065 0.0299582 5.69898e-06
 0.535641 0.241102 0.148832 0.0658147 0.00861087
 0.211832 0.572761 0.122578 0.0628205 0.0300091
 0.500391 0.220762 0.213526 0.0379388 0.0273811
 0.692767 0.21287 0.0463277 0.0372016 0.0108335
 0.378213 0.499637 0.0898544 0.0162353 0.0160604
 0.715996 0.17085 0.0942678 0.0140748 0.00481139
 0.589187 0.352127 0.0379695 0.0173931 0.00332346
 0.641961 0.282586 0.066411 0.00594525 0.00309709
 0.662594 0.280521 0.0466105 0.00909428 0.00117979
 0.390112 0.498698 0.0952792 0.0131435 0.00276757
 0.483142 0.326297 0.16096 0.0255313 0.00407013
 0.660793 0.245597 0.0631877 0.0258781 0.00454509
 0.677741 0.283147 0.0298158 0.0063687 0.00292806
 0.725657 0.254979 0.0173919 0.00152046 0.00045185
 0.684539 0.298645 0.0158234 0.00089606 9.69451e-05
 0.532256 0.406253 0.058752 0.00258441 0.000154963
 0.569716 0.324744 0.0937781 0.0112596 0.000501844
 0.564126 0.335333 0.07926 0.0190024 0.00227852
 0.629812 0.279701 0.0725891 0.0142444 0.00365382
 0.590649 0.330531 0.0622518 0.0134129 0.00315607
 0.537554 0.343539 0.0994139 0.0155447 0.00394893
 0.555085 0.315005 0.10108 0.0242847 0.00454432
 0.402739 0.43772 0.119154 0.0317433 0.00864432
pobs_PELACES
 0 0 0 0 0
 0 0 0 0 0
 0 0 0 0 0
 0 0 0 0 0
 0 0 0 0 0
 0 0 0 0 0
 0 0 0 0 0
 0 0 0 0 0
 0 0 0 0 0
 0 0 0 0 0
 0.450072 0.473896 0.0757376 0.000293798 0
 0 0 0 0 0
 0.463077 0.371075 0.160297 0.00555027 0
 0.529543 0.364841 0.0842815 0.0213345 0
 0.631943 0.363953 0.00410389 0 0
 0.735681 0.248677 0.0153453 0.000297389 0
 0.695825 0.281241 0.0229344 0 0
 0.275771 0.60734 0.115278 0.00161068 0
 0 0 0 0 0
 0.896147 0.0623911 0.0374545 0.00400742 0
 0.803859 0.145111 0.0509908 3.86294e-05 0
 0.739449 0.233085 0.0266225 0.000797448 4.60066e-05
 0.878498 0.100942 0.0204185 0.000141795 0
 0.694673 0.275183 0.0284847 0.00165964 0
ppred_PELACES
 0.51447 0.329791 0.137902 0.0178328 3.35357e-06
 0.719452 0.163732 0.0793467 0.0331789 0.00429133
 0.40664 0.460726 0.077407 0.0375125 0.0177147
 0.688681 0.157397 0.119515 0.0200799 0.0143263
 0.807485 0.14389 0.0245841 0.0186673 0.00537396
 0.578373 0.354638 0.0500691 0.00855452 0.00836561
 0.849803 0.0991413 0.042944 0.006063 0.0020489
 0.768779 0.204939 0.0173484 0.00751461 0.00141947
 0.812417 0.155264 0.0286457 0.00242491 0.00124878
 0.806844 0.166859 0.0217655 0.00401568 0.000514993
 0.602075 0.339056 0.0508548 0.00663361 0.00138084
 0.69975 0.206428 0.0799417 0.0119904 0.00188963
 0.852693 0.113858 0.0229972 0.00890593 0.00154631
 0.896477 0.093521 0.00773114 0.00156154 0.000709724
 0.918957 0.0765076 0.00409683 0.000338674 9.94963e-05
 0.846374 0.147143 0.00612046 0.000327739 3.50528e-05
 0.729273 0.242037 0.0274794 0.00114301 6.77524e-05
 0.751833 0.197967 0.0448801 0.00509542 0.000224509
 0.740643 0.210413 0.0390435 0.00885134 0.00104921
 0.793332 0.165185 0.0336549 0.00624491 0.00158357
 0.738342 0.220811 0.0326483 0.00665178 0.00154727
 0.70169 0.235036 0.0533957 0.0078949 0.00198267
 0.724178 0.208999 0.0526493 0.0119609 0.00221263
 0.593409 0.317146 0.0677754 0.0170734 0.00459627
pobs_pel_tallas
 0 0 0 0 0 0 0 0 0 0 0 0 0 0 0 0 0 0 0 0 0 0 0 0 0 0 0 0 0 0 0 0 0 0 0 0
 0 0 0 0 0 0 0 0 0 0 0 0 0 0 0 0 0 0 0 0 0 0 0 0 0 0 0 0 0 0 0 0 0 0 0 0
 0 0 0 0 0 0 0 0 0 0 0 0 0 0 0 0 0 0 0 0 0 0 0 0 0 0 0 0 0 0 0 0 0 0 0 0
 0 0 0 0 0 0 0 0 0 0 0 0 0 0 0 0 0 0 0 0 0 0 0 0 0 0 0 0 0 0 0 0 0 0 0 0
 0 0 0 0 0 0 0 0 0 0 0 0 0 0 0 0 0 0 0 0 0 0 0 0 0 0 0 0 0 0 0 0 0 0 0 0
 0 0 0 0 0 0 0 0 0 0 0 0 0 0 0 0 0 0 0 0 0 0 0 0 0 0 0 0 0 0 0 0 0 0 0 0
 0 0 0 0 0 0 0 0 0 0 0 0 0 0 0 0 0 0 0 0 0 0 0 0 0 0 0 0 0 0 0 0 0 0 0 0
 0 0 0 0 0 0 0 0 0 0 0 0 0 0 0 0 0 0 0 0 0 0 0 0 0 0 0 0 0 0 0 0 0 0 0 0
 0 0 0 0 0 0 0 0 0 0 0 0 0 0 0 0 0 0 0 0 0 0 0 0 0 0 0 0 0 0 0 0 0 0 0 0
 0 0 0 0 0 0 0 0 0 0 0 0 0 0 0 0 0 0 0 0 0 0 0 0 0 0 0 0 0 0 0 0 0 0 0 0
 0 0 0 0 0 0 0 0 1.78061e-05 0.00172719 0.00360574 0.0105946 0.0120993 0.0124554 0.0147524 0.0171206 0.0266825 0.0428682 0.0675386 0.121331 0.153587 0.119568 0.100827 0.0573624 0.0630603 0.0341343 0.0324427 0.0444173 0.0211091 0.0280891 0.0125444 0.00206551 0 0 0 0
 0 0 0 0 0 0 0 0 0 0 0 0 0 0 0 0 0 0 0 0 0 0 0 0 0 0 0 0 0 0 0 0 0 0 0 0
 0 0 0 0 0 0 0.0133647 0.0140871 0.0187388 0.0205184 0.03894 0.0496705 0.03968 0.0493445 0.0407372 0.0367815 0.0215668 0.0243155 0.0234873 0.0199281 0.019796 0.0243948 0.0301388 0.0376714 0.0412746 0.0863199 0.0771752 0.113111 0.0741005 0.0525337 0.0229764 0.00759418 0.00175318 0 0 0
 0 0 0 0 0 0 0 0 0 0 0.00219441 0.00772107 0.0458388 0.0604681 0.0671733 0.0775358 0.0609151 0.0617685 0.073594 0.0568108 0.0755445 0.0548602 0.0670107 0.0636378 0.0643287 0.046367 0.0373049 0.0286899 0.0247887 0.0153202 0.00654259 0.00121912 0.000365735 0 0 0
 0 0 0 0 0 0 0 0 0 0 0 0 0.000112435 0.00938835 0.0111873 0.0202946 0.0414886 0.0713402 0.111592 0.104902 0.108894 0.110636 0.117776 0.105296 0.107544 0.0401394 0.0192827 0.0124803 0.00416011 0.0028671 0.000618394 0 0 0 0 0
 0 0 0 0 0 0 0 0 0 0 0.00291406 0.0102884 0.027416 0.0768956 0.0749926 0.110853 0.0956884 0.0897413 0.0766577 0.0534642 0.0500743 0.0551293 0.0594112 0.0620874 0.0668451 0.0424026 0.0208742 0.0120726 0.0048766 0.00582813 0.00118941 0.000297354 0 0 0 0
 0 0.00264628 0.0354308 0.0461629 0.0458689 0.0383711 0.0214643 0.0164657 0.0346957 0.0420465 0.0363128 0.0245516 0.0311673 0.0291091 0.0169068 0.0133784 0.00837989 0.0085269 0.0148486 0.0160247 0.0276389 0.0546898 0.0760071 0.122758 0.109233 0.0665981 0.0333725 0.0166128 0.00676272 0.00308733 0.000882094 0 0 0 0 0
 0 0 0 0 0 0 0 0.000805153 0.000690131 0.00759144 0.0133425 0.0154129 0.00931677 0.000345066 0.00356568 0.00563607 0.00851162 0.0253048 0.0502646 0.0516448 0.0657925 0.0565908 0.0611916 0.0827007 0.0866115 0.110766 0.145733 0.0935128 0.0569358 0.0249597 0.0138026 0.00621118 0.00161031 0.00115022 0 0
 0 0 0 0 0 0 0 0 0 0 0 0 0 0 0 0 0 0 0 0 0 0 0 0 0 0 0 0 0 0 0 0 0 0 0 0
 0.00147267 0.00158595 0.00478618 0.00569244 0.00954404 0.0108468 0.00647125 0.017049 0.0510054 0.094081 0.124002 0.0959785 0.0687766 0.0820023 0.061753 0.0591476 0.0492212 0.0479892 0.0443925 0.0268479 0.0217502 0.0140895 0.0121071 0.0120363 0.00920419 0.00665534 0.0049561 0.00860946 0.00930331 0.0156896 0.0114698 0.00855282 0.00243557 0.00046729 0 2.83206e-05
 0 0 0 0 0.000772559 0.00158375 0.000888443 0.00281984 0.00712685 0.0440552 0.0773331 0.111326 0.0921469 0.0852325 0.0710754 0.0886704 0.0786465 0.0553345 0.0373146 0.0185414 0.00753245 0.00457741 0.012979 0.0271748 0.0457355 0.0583668 0.034881 0.0177882 0.00938659 0.00492506 0.0015258 0.00185414 0.000309023 5.79419e-05 3.86279e-05 0
 0 0.00173294 0.00326652 0 0.00397197 0.00683976 0.00946217 0.0152591 0.00757587 0.0136028 0.0228656 0.0392903 0.0559909 0.0764795 0.0681675 0.0726916 0.0566044 0.0477403 0.0527397 0.0444891 0.0609904 0.0582453 0.0661739 0.0445044 0.0529084 0.0360697 0.0280645 0.0235558 0.0158879 0.00826598 0.00280645 0.00217768 0.000904811 0.00058276 9.20147e-05 0
 0 0 0 0 0 0 0 0 0 0 0 0 0 0 0 0 0 0 0 0 0 0 0 0 0 0 0 0 0 0 0 0 0 0 0 0
 0 0 0 0 0 0 0 0 0 0 0 0 0 0 0 0 0 0 0 0 0 0 0 0 0 0 0 0 0 0 0 0 0 0 0 0
ppred_pel_tallas
 1.02678e-16 2.24596e-05 0.000131788 0.000626394 0.00241154 0.00752006 0.0189953 0.0388687 0.0644358 0.0865557 0.0942428 0.0832553 0.0598726 0.0354993 0.0182718 0.00983133 0.00783216 0.0094683 0.0129906 0.0175473 0.0226326 0.0277617 0.0324017 0.0360353 0.0382638 0.0388916 0.0379604 0.0357198 0.0325505 0.0288666 0.0250322 0.0213119 0.0178622 0.0147518 0.0119953 0.00958318
 1.02521e-16 3.13909e-05 0.000184238 0.000875782 0.00337181 0.0105147 0.0265592 0.0543436 0.0900807 0.120976 0.131647 0.116124 0.0831293 0.0485233 0.0235665 0.0104138 0.00564537 0.00523448 0.00671605 0.00900748 0.0116603 0.0143933 0.0169387 0.01904 0.0204952 0.0211956 0.0211432 0.0204366 0.0192352 0.0177145 0.016028 0.0142875 0.012561 0.0108849 0.00927937 0.00776198
 1.03366e-16 1.77628e-05 0.000104202 0.000495222 0.00190645 0.00594493 0.0150168 0.0307294 0.0509485 0.0684562 0.0745829 0.065999 0.0477058 0.0287729 0.0157052 0.00988535 0.00954167 0.0125106 0.0174053 0.0234628 0.0300947 0.0366451 0.042378 0.0465938 0.0487805 0.0487317 0.0465882 0.042787 0.0379389 0.0326792 0.0275381 0.0228679 0.0188323 0.0154447 0.0126294 0.0102795
 1.03108e-16 3.0049e-05 0.00017636 0.000838331 0.00322761 0.010065 0.0254234 0.0520196 0.0862286 0.115803 0.126019 0.111163 0.0795853 0.0464699 0.0225988 0.0100395 0.0055246 0.00520769 0.00673844 0.00909036 0.0118429 0.0147324 0.0175029 0.0199014 0.0217182 0.022824 0.0231887 0.0228708 0.0219889 0.0206838 0.0190871 0.0173045 0.0154144 0.013477 0.0115446 0.00966914
 1.01289e-16 3.52286e-05 0.000206771 0.000982912 0.00378429 0.011801 0.0298083 0.0609914 0.101099 0.135769 0.147732 0.130285 0.0932063 0.0542827 0.0261324 0.0111494 0.00546741 0.00454191 0.00558935 0.00739345 0.00947022 0.0115451 0.0133765 0.0147446 0.0154891 0.015544 0.0149503 0.0138403 0.0123994 0.0108203 0.00926299 0.00783309 0.00657894 0.00550415 0.00458673 0.0037969
 1.01512e-16 2.52469e-05 0.00014815 0.000704177 0.00271102 0.00845396 0.0213543 0.0436955 0.0724367 0.0973005 0.105935 0.0935677 0.0672523 0.0398005 0.0203461 0.0107159 0.00825048 0.00977069 0.013286 0.0178198 0.0227943 0.0276693 0.0318684 0.0348505 0.0362252 0.035843 0.033829 0.0305417 0.0264775 0.022152 0.0179975 0.014303 0.0112033 0.00870749 0.00674619 0.00521774
 1.00947e-16 3.70721e-05 0.000217598 0.00103439 0.00398252 0.0124192 0.0313697 0.0641858 0.106392 0.142873 0.155451 0.137063 0.0979924 0.0569433 0.0271764 0.011189 0.00489174 0.00348837 0.00405157 0.00532573 0.0068513 0.00841064 0.0098308 0.0109545 0.0116613 0.0118911 0.0116546 0.0110243 0.0101115 0.00903769 0.00790949 0.00680436 0.00576824 0.00482186 0.00397073 0.00321406
 1.00638e-16 3.35433e-05 0.000196871 0.000935835 0.00360301 0.0112357 0.0283804 0.0580703 0.0962586 0.129275 0.140682 0.124105 0.0888661 0.051919 0.0253009 0.0113189 0.00631871 0.00598959 0.00767694 0.0101882 0.0129937 0.0157341 0.0180672 0.0196807 0.0203528 0.020004 0.0187157 0.0167052 0.0142696 0.0117152 0.0092973 0.00718411 0.00545082 0.00409629 0.00307151 0.00230796
 1.006e-16 3.54442e-05 0.000208035 0.00098892 0.00380742 0.0118731 0.0299905 0.0613642 0.101717 0.1366 0.148639 0.13109 0.0937942 0.0546489 0.0263532 0.0113191 0.00566038 0.00480577 0.00595236 0.00786883 0.0100548 0.0122156 0.0140876 0.0154306 0.0160709 0.0159394 0.0150864 0.0136648 0.0118884 0.00998116 0.00813274 0.00647204 0.00506244 0.00391338 0.00300009 0.00228301
 1.00526e-16 3.52016e-05 0.00020661 0.000982143 0.00378132 0.0117917 0.0297849 0.0609438 0.10102 0.135665 0.147625 0.130203 0.0931737 0.0543168 0.0262477 0.011367 0.0058194 0.00506742 0.00632582 0.00836459 0.0106735 0.0129415 0.0148862 0.0162513 0.0168534 0.0166235 0.0156226 0.0140223 0.0120599 0.00998169 0.00799463 0.00623728 0.0047747 0.00361138 0.00271352 0.00203101
 1.01125e-16 2.62798e-05 0.000154215 0.000733015 0.00282206 0.00880024 0.0222289 0.0454849 0.0754023 0.101281 0.110262 0.097372 0.069949 0.0413206 0.0209834 0.0108254 0.0080648 0.0093824 0.012705 0.0170275 0.0217747 0.0264238 0.0304211 0.0332474 0.0345278 0.0341184 0.0321385 0.0289316 0.024975 0.0207658 0.0167225 0.0131273 0.0101151 0.00769932 0.00581642 0.00436995
 1.01703e-16 3.05336e-05 0.000179201 0.000851826 0.00327955 0.010227 0.0258325 0.0528572 0.0876182 0.117673 0.128063 0.112989 0.0809415 0.0473601 0.0232136 0.0106176 0.00626378 0.0062469 0.00816569 0.0109424 0.0140919 0.0172708 0.0201386 0.022372 0.0237238 0.0240751 0.0234563 0.0220282 0.0200327 0.0177314 0.0153526 0.0130602 0.0109483 0.00905522 0.00738457 0.00592545
 1.00742e-16 3.71987e-05 0.00021834 0.00103792 0.00399608 0.0124615 0.0314765 0.0644045 0.106755 0.143361 0.155985 0.137541 0.0983487 0.0571799 0.0273441 0.0113515 0.00510206 0.0037838 0.00445504 0.00584501 0.00747492 0.00910384 0.0105349 0.011592 0.0121467 0.0121459 0.011622 0.010681 0.00947255 0.00815325 0.00685521 0.00566771 0.00463444 0.00376241 0.00303636 0.0024326
 1.00228e-16 3.9107e-05 0.000229545 0.00109119 0.00420122 0.0131012 0.0330924 0.0677105 0.112234 0.150716 0.163981 0.144575 0.103343 0.060012 0.0285634 0.0116231 0.00486632 0.00322265 0.00359472 0.00465261 0.0059122 0.00715194 0.00820483 0.00892668 0.00921624 0.00903765 0.00842884 0.0074902 0.00635878 0.00517599 0.00405977 0.00308811 0.00229601 0.00168306 0.00122637 0.000893652
 1.001e-16 4.00866e-05 0.000235298 0.00111855 0.00430654 0.0134296 0.033922 0.0694077 0.115047 0.154492 0.168084 0.148181 0.105896 0.0614451 0.0291524 0.0117009 0.00464869 0.00279177 0.00295429 0.00378039 0.00479092 0.00578455 0.00662074 0.0071812 0.00738384 0.00720088 0.00666559 0.00586282 0.00490755 0.00391813 0.00299307 0.00219723 0.0015592 0.00107756 0.000731583 0.00049231
 1.00148e-16 3.69245e-05 0.000216727 0.00103024 0.00396652 0.0123693 0.0312437 0.0639284 0.105967 0.142306 0.154844 0.136552 0.0976802 0.0568687 0.0273397 0.0115975 0.00558327 0.00452591 0.00549971 0.00722202 0.00917933 0.0110804 0.0126726 0.0137311 0.0140991 0.0137242 0.012672 0.0111075 0.00925371 0.00733981 0.00555633 0.00402844 0.00281078 0.00189955 0.00125342 0.000814911
 1.00512e-16 3.18222e-05 0.000186763 0.000887773 0.00341795 0.0106585 0.0269227 0.055088 0.0913165 0.122642 0.133475 0.117774 0.084393 0.0494257 0.0243101 0.011256 0.00681775 0.00692061 0.00904703 0.0120456 0.0153697 0.0186127 0.0213722 0.0232777 0.0240648 0.0236368 0.0220875 0.0196723 0.0167428 0.0136633 0.0107399 0.00817731 0.00607101 0.00442581 0.0031884 0.00228012
 1.00888e-16 3.28042e-05 0.000192532 0.000915208 0.00352359 0.010988 0.0277548 0.0567902 0.0941368 0.126425 0.137581 0.12137 0.0869089 0.050778 0.0247502 0.0110834 0.00620667 0.00590838 0.00759828 0.0101173 0.0129556 0.0157685 0.0182256 0.0200203 0.0209279 0.0208547 0.0198582 0.0181248 0.0159197 0.013522 0.0111697 0.00902639 0.00717584 0.00563567 0.00438181 0.00337198
 1.00977e-16 3.23168e-05 0.00018967 0.000901596 0.00347118 0.0108245 0.027342 0.0559456 0.0927372 0.124547 0.135541 0.119578 0.0856444 0.0500763 0.0244774 0.0110783 0.0063672 0.00619916 0.00802171 0.0106858 0.0136742 0.0166266 0.0191932 0.0210504 0.0219623 0.0218344 0.0207327 0.0188612 0.016506 0.0139663 0.0114953 0.00926425 0.00735734 0.00578695 0.00452082 0.00350805
 1.00821e-16 3.46124e-05 0.000203151 0.000965697 0.003718 0.0115943 0.0292862 0.0599232 0.0993288 0.133394 0.145154 0.128025 0.0916188 0.0534176 0.0258272 0.01121 0.00577752 0.00507146 0.00635645 0.00842616 0.0107813 0.0131172 0.0151554 0.0166408 0.0173872 0.0173184 0.0164841 0.0150418 0.0132136 0.0112324 0.00929544 0.00753727 0.00602462 0.00476896 0.00374727 0.00292209
 1.00837e-16 3.22168e-05 0.000189082 0.0008988 0.00346041 0.010791 0.0272572 0.0557721 0.09245 0.124162 0.135124 0.119216 0.0853978 0.0499571 0.0244654 0.0111506 0.00651519 0.00642885 0.0083452 0.0111119 0.0142011 0.0172369 0.0198524 0.0217092 0.0225629 0.0223198 0.0210569 0.0189968 0.0164485 0.0137338 0.0111231 0.00879819 0.00684525 0.00527221 0.00403768 0.00307962
 1.01199e-16 3.06193e-05 0.000179701 0.000854201 0.00328869 0.0102554 0.0259045 0.0530047 0.0878633 0.118005 0.12843 0.113326 0.0812128 0.0475787 0.0234314 0.0109014 0.00667887 0.00684987 0.00899941 0.0120269 0.0154123 0.0187673 0.0217041 0.0238596 0.0249671 0.0249149 0.02377 0.0217521 0.0191732 0.0163622 0.0135985 0.011074 0.00888621 0.00705522 0.00555269 0.00432975
 1.0133e-16 3.15988e-05 0.000185454 0.000881556 0.00339402 0.0105839 0.0267342 0.0547021 0.090676 0.121779 0.13253 0.116925 0.0837508 0.0489826 0.0239684 0.0108925 0.00632485 0.00621684 0.00807666 0.0107837 0.0138333 0.0168719 0.0195536 0.0215554 0.0226377 0.0226975 0.021788 0.0200972 0.0178941 0.0154633 0.0130469 0.0108119 0.00884412 0.007164 0.00575152 0.0045703
 1.01867e-16 2.59011e-05 0.000151994 0.000722458 0.00278142 0.00867352 0.0219088 0.0448298 0.0743159 0.0998207 0.108668 0.095957 0.0689154 0.0406761 0.0205942 0.0105259 0.00772596 0.00892308 0.0120802 0.0162214 0.0208026 0.025338 0.0293124 0.0322388 0.0337587 0.0337231 0.0322228 0.0295534 0.0261343 0.022405 0.0187381 0.0153868 0.0124773 0.0100323 0.00801105 0.00634721
pSPR Fmed_Fpbrs
0.399369   0.354559 0.354559
Fs Fmed_Fpbrs
0.822949   1.005 1.005
SSBpbr Bo_Bmed_Bpbrs
766777  267888  233529 233529
Ro
25848.3
SPR SPRFo_SPRFmed_SPRFpbrs
531793 212381 188552
log_Ro
9.98
likeval ReclasPelacesDesembMPH_pf_preclas_ppelaces_ptallas_desvR_qrecl_qpela
 69.9557 14.3737 0.0917923 0.000170973 296.395 162.381 86.5668 0 19.9518 1.36571e-05 0.000117998 0 0 0 0
q_reclas_q_pelaces
1.68822 4.68999
M
0.7
N
 24626.6 17190 7188.02 929.517 0.174801
 41583.4 11571.3 5607.61 2344.83 303.278
 8610.37 19129.7 3213.99 1557.55 735.526
 13823.1 3633.78 2759.21 463.578 330.747
 41670.1 6430.47 1098.67 834.247 240.164
 21959.8 20415.7 2882.37 492.465 481.59
 62579.9 9713.11 4207.32 594.006 200.736
 63457.2 28348.5 2399.75 1039.47 196.351
 80401.2 27559.7 5084.69 430.427 221.662
 125069 34488.2 4498.72 830.002 106.444
 58160.1 56632.4 8494.26 1108.01 230.641
 48197.3 25115.2 9726.17 1458.82 229.903
 53766.9 20732 4187.48 1621.65 281.562
 28109.9 21142.6 1747.81 353.024 160.45
 13655.4 9353.03 500.836 41.4029 12.1634
 11465.7 4435.42 184.493 9.87921 1.05662
 7973.93 4728.38 536.832 22.3297 1.3236
 8471.3 3422.83 775.971 88.0992 3.88173
 9342.41 3738.78 693.756 157.278 18.6431
 13606.6 4188.15 853.296 158.335 40.1502
 19008.5 6046.29 893.983 182.141 42.3678
 23976.4 8969.97 2037.8 301.303 75.667
 32247.6 11213.7 2824.86 641.753 118.717
 21225 14874.8 3178.8 800.776 215.574
pred_Ctot
 955.822 4344.72 1816.75 234.932 0.0441804
 2211.08 3790.52 1836.94 768.117 99.3476
 938.527 10452.3 1756.1 851.03 401.885
 630.742 1051.56 798.474 134.152 95.7131
 401.571 452.93 77.3849 58.7602 16.9159
 1737.58 9025.09 1274.2 217.702 212.895
 3971.42 3651.75 1581.79 223.323 75.4687
 5768.13 13786.8 1167.08 505.53 95.4921
 7941.96 14155 2611.55 221.072 113.848
 7971.04 13008.4 1696.84 313.062 40.1489
 5498.49 28269 4240.05 553.082 115.128
 4675.83 12750 4937.58 740.585 116.712
 8156.89 13611.3 2749.22 1064.67 184.855
 6825.28 16781.2 1387.26 280.2 127.351
 3480.64 7533.74 403.417 33.3494 9.79745
 1413.03 2606.25 108.408 5.80502 0.620868
 784.115 2421.5 274.923 11.4355 0.677842
 682.318 1532.19 347.354 39.4366 1.73761
 657.241 1518.33 281.737 63.8709 7.57104
 1035.67 1801.01 366.94 68.0883 17.2656
 681.757 1428.48 211.21 43.0321 10.0097
 1006.54 2422.17 550.271 81.3611 20.4324
 1656.46 3573.3 900.155 204.498 37.8297
 1309.71 5473.86 1169.79 294.683 79.3306
F
 0.055298 0.420204 0.420204 0.420204 0.420204
 0.0764603 0.581013 0.581013 0.581013 0.581013
 0.162694 1.2363 1.2363 1.2363 1.2363
 0.0652952 0.496171 0.496171 0.496171 0.496171
 0.0134802 0.102434 0.102434 0.102434 0.102434
 0.115738 0.879479 0.879479 0.879479 0.879479
 0.0918704 0.698113 0.698113 0.698113 0.698113
 0.134012 1.01834 1.01834 1.01834 1.01834
 0.146411 1.11256 1.11256 1.11256 1.11256
 0.0922802 0.701227 0.701227 0.701227 0.701227
 0.139726 1.06176 1.06176 1.06176 1.06176
 0.143623 1.09137 1.09137 1.09137 1.09137
 0.233365 1.77332 1.77332 1.77332 1.77332
 0.400423 3.04277 3.04277 3.04277 3.04277
 0.424515 3.22585 3.22585 3.22585 3.22585
 0.185776 1.41169 1.41169 1.41169 1.41169
 0.145708 1.10722 1.10722 1.10722 1.10722
 0.117926 0.896104 0.896104 0.896104 0.896104
 0.102305 0.777406 0.777406 0.777406 0.777406
 0.111112 0.844328 0.844328 0.844328 0.844328
 0.0510037 0.387572 0.387572 0.387572 0.387572
 0.0599331 0.455425 0.455425 0.455425 0.455425
 0.0737781 0.560632 0.560632 0.560632 0.560632
 0.0892262 0.678021 0.678021 0.678021 0.678021
nmprior
 10 10 8 0
nm_flota  nm_reclas  nm_pelaces    nm_pelaL
inf 26.8818 10.0841 16.009
cv_recla  cv_pelaces  cv_mph
0.774352 0.446117 0.42423
 ------------------------------------------------
Talla a la edad & desviación 
 7.2 14.2025 17.0495 18.207 18.6776
 1.08 2.13037 2.55742 2.73105 2.80164
