years
 1997 1998 1999 2000 2001 2002 2003 2004 2005 2006 2007 2008 2009 2010 2011 2012 2013 2014 2015 2016 2017 2018 2019 2020
reclasobs
 0 0 0 370054 412103 1.49427e+06 250295 1.28982e+06 931140 785840 897777 1.04006e+06 184774 17550 25797 100020 73551 82996 120727 218422 84188 347160 605670 569463
reclaspred
 8.64011e+06 1.51591e+06 1.7894e+06 284269 235324 349373 665300 647649 662692 815859 907103 695769 385684 138216 75341.6 74017 76526.8 105244 136132 135564 191133 224761 372858 280599
pelacesobs
 0 0 0 0 0 0 0 0 0 2.06254e+06 1.5e+06 0 1.87456e+06 323000 250000 174000 83755 137374 0 501740 490994 745055 786931 1.00524e+06
pelacespred
 1.70528e+07 6.38936e+06 1.29204e+06 463623 704126 785492 2.0909e+06 2.23316e+06 1.86342e+06 2.62923e+06 2.36534e+06 1.78935e+06 1.00338e+06 303349 168798 179846 184408 274455 363024 296366 577065 651994 729840 575130
mphobs
 0 0 0 0 0 112323 0 153150 637223 0 255016 313432 73983 77613 109348 50772 0 0 0 0 0 0 0 0
mphpred
 1.34372e+06 555449 215563 65581.9 40801.4 141229 153397 297464 258089 270079 380128 264213 172640 96631 46911.7 32774.6 28465.9 34910.7 45669.4 42595.7 51869 73867.3 89062.1 97670.3
desembarqueobs
 350755 77701 442110 56441 14545 235359 269955 359681 431902 328805 639364 411747 362871 311530 167758 66681 60226 58785 57116 71774 51957 67425 138520 160799
desembarquepred
 350745 77678.5 441525 56404.4 14541.6 235146 269831 359037 431314 328450 638070 410948 362081 310938 167192 66590.4 60181.4 58684.4 57023.3 71674.8 51934.9 67340.5 138372 160643
Reclutas
 6540.94 9080.24 1224.12 3632.95 39050.1 12034.3 64245.3 56128.2 59341.9 109769 66247.5 52650.8 55945.5 29859.1 11808.9 8840.73 7067.91 8438.89 7424.26 7963.52 14786.4 17848.7 24867.6 8079.82
log_desv_Rt
 -0.954164 -0.626144 -2.63002 -1.5422 0.8326 -0.344485 1.33046 1.19539 1.25107 1.86613 1.36115 1.13144 1.19213 0.564244 -0.363395 -0.652876 -0.87668 -0.699394 -0.827492 -0.757374 -0.138535 0.0496846 0.381323 -0.742875
SSB
 1.73444e+06 716956 278242 84651.1 52665.2 182294 198000 383957 333133 348609 490658 341038 222839 124728 60552.1 42304.5 36742.9 45061.6 58948.6 54981.2 66950.9 95345.6 114959 126070
BT
 2.16349e+06 852229 397013 131138 240725 288116 1.0171e+06 914516 922904 1.06206e+06 1.10518e+06 804339 667613 387090 192855 99278.8 98697.4 120442 111778 120760 189173 167866 226322 209989
Ftot
 0.144516 0.275742 1.27639 1.10389 0.310162 1.46647 1.62199 1.45839 1.82576 1.2836 1.736 1.64929 2.59218 4.26644 4.10318 2.05453 2.00703 1.55442 1.08346 1.4869 0.846448 0.850724 1.06589 1.43536
BD_Bspro_t
 0.977421 0.833391 0.564708 0.179672 0.219342 0.535718 0.377671 0.473102 0.38582 0.358315 0.401604 0.263197 0.189065 0.125561 0.0735017 0.0640156 0.0778932 0.131279 0.205018 0.234736 0.301517 0.441791 0.444691 0.38682
BD_Bspro
 4.96386 2.05189 0.796314 0.242267 0.150725 0.521716 0.566665 1.09886 0.953408 0.9977 1.40424 0.976032 0.637752 0.356966 0.173297 0.121073 0.105156 0.128964 0.168708 0.157353 0.19161 0.272874 0.329005 0.360805
BD_Bo
 1.83411 0.758156 0.294232 0.0895156 0.0556917 0.19277 0.209378 0.406021 0.352276 0.368642 0.518854 0.360636 0.235644 0.131896 0.0640318 0.0447355 0.0388544 0.0476511 0.0623361 0.0581407 0.0707983 0.100825 0.121565 0.133314
BD_Brms
 5.78399 2.3909 0.927881 0.282294 0.175628 0.607914 0.660289 1.28042 1.11093 1.16254 1.63624 1.13729 0.743122 0.415943 0.201929 0.141077 0.12253 0.150271 0.196582 0.183351 0.223268 0.317958 0.383364 0.420417
S_f
 0.093263 1 1 1 1
 0.093263 1 1 1 1
 0.093263 1 1 1 1
 0.093263 1 1 1 1
 0.093263 1 1 1 1
 0.093263 1 1 1 1
 0.093263 1 1 1 1
 0.093263 1 1 1 1
 0.093263 1 1 1 1
 0.093263 1 1 1 1
 0.093263 1 1 1 1
 0.093263 1 1 1 1
 0.093263 1 1 1 1
 0.093263 1 1 1 1
 0.093263 1 1 1 1
 0.093263 1 1 1 1
 0.093263 1 1 1 1
 0.093263 1 1 1 1
 0.093263 1 1 1 1
 0.093263 1 1 1 1
 0.093263 1 1 1 1
 0.093263 1 1 1 1
 0.093263 1 1 1 1
 0.093263 1 1 1 1
Scru_reclas
 0.0821943 0.310677 0.694021 0.919452 0.982891
 0.0821943 0.310677 0.694021 0.919452 0.982891
 0.0821943 0.310677 0.694021 0.919452 0.982891
 0.0821943 0.310677 0.694021 0.919452 0.982891
 0.0821943 0.310677 0.694021 0.919452 0.982891
 0.0821943 0.310677 0.694021 0.919452 0.982891
 0.0821943 0.310677 0.694021 0.919452 0.982891
 0.0821943 0.310677 0.694021 0.919452 0.982891
 0.0821943 0.310677 0.694021 0.919452 0.982891
 0.0821943 0.310677 0.694021 0.919452 0.982891
 0.0821943 0.310677 0.694021 0.919452 0.982891
 0.0821943 0.310677 0.694021 0.919452 0.982891
 0.0821943 0.310677 0.694021 0.919452 0.982891
 0.0821943 0.310677 0.694021 0.919452 0.982891
 0.0821943 0.310677 0.694021 0.919452 0.982891
 0.0821943 0.310677 0.694021 0.919452 0.982891
 0.0821943 0.310677 0.694021 0.919452 0.982891
 0.0821943 0.310677 0.694021 0.919452 0.982891
 0.0821943 0.310677 0.694021 0.919452 0.982891
 0.0821943 0.310677 0.694021 0.919452 0.982891
 0.0821943 0.310677 0.694021 0.919452 0.982891
 0.0821943 0.310677 0.694021 0.919452 0.982891
 0.0821943 0.310677 0.694021 0.919452 0.982891
 0.0821943 0.310677 0.694021 0.919452 0.982891
Scru_pelaces
 0.235533 1 1 1 1
 0.235533 1 1 1 1
 0.235533 1 1 1 1
 0.235533 1 1 1 1
 0.235533 1 1 1 1
 0.235533 1 1 1 1
 0.235533 1 1 1 1
 0.235533 1 1 1 1
 0.235533 1 1 1 1
 0.235533 1 1 1 1
 0.235533 1 1 1 1
 0.235533 1 1 1 1
 0.235533 1 1 1 1
 0.235533 1 1 1 1
 0.235533 1 1 1 1
 0.235533 1 1 1 1
 0.235533 1 1 1 1
 0.235533 1 1 1 1
 0.235533 1 1 1 1
 0.235533 1 1 1 1
 0.235533 1 1 1 1
 0.235533 1 1 1 1
 0.235533 1 1 1 1
 0.235533 1 1 1 1
pf_obs 
 0.256992 0.487395 0.22802 0.0275931 0
 0.321318 0.546541 0.124235 0.00734118 0.000564706
 0.182869 0.594174 0.210203 0.0122559 0.00049798
 0.330522 0.361315 0.267642 0.0388342 0.00168674
 0.649043 0.306663 0.0425973 0.00169635 0
 0.582887 0.30429 0.105238 0.00758474 0
 0.465427 0.430635 0.0974691 0.00646863 0
 0.296916 0.608066 0.0921331 0.00288517 0
 0.311714 0.524322 0.152257 0.0117073 0
 0.15457 0.633149 0.183074 0.0267441 0.00246327
 0.131901 0.49318 0.331252 0.0422183 0.00144891
 0.196976 0.569456 0.194076 0.0375587 0.00193317
 0.518974 0.381816 0.0799577 0.0180837 0.00116848
 0.0928022 0.601141 0.25162 0.0475244 0.00691264
 0.122501 0.610282 0.24278 0.0234846 0.000952079
 0.383417 0.481906 0.127806 0.00687128 0
 0.0376549 0.599619 0.316969 0.0457579 0
 0.0361596 0.667082 0.258105 0.0386534 0
 0.158088 0.579412 0.248529 0.0139706 0
 0.0477256 0.309471 0.559284 0.082774 0.000745712
 0.0406174 0.521527 0.379366 0.0568643 0.0016247
 0.151134 0.462217 0.34131 0.0453401 0
 0.294876 0.26143 0.354403 0.0886775 0.000613685
 0.281977 0.475581 0.204845 0.0348837 0.00271318
pf_pred 
 0.00944349 0.628317 0.319288 0.0429496 1.63819e-06
 0.0283485 0.0963423 0.555215 0.28214 0.037954
 0.0106721 0.262283 0.0720888 0.415443 0.239513
 0.150613 0.161592 0.182342 0.0501172 0.455335
 0.662314 0.262387 0.0143252 0.0161647 0.0448083
 0.0866877 0.877771 0.0276161 0.00150771 0.00641736
 0.582028 0.292102 0.120972 0.00380597 0.00109221
 0.235161 0.744969 0.0138863 0.00575092 0.000232856
 0.268947 0.644846 0.0839675 0.00156516 0.000674447
 0.372585 0.57626 0.0451228 0.00587558 0.000156716
 0.175084 0.76595 0.0541576 0.00424069 0.000566923
 0.208605 0.68054 0.102931 0.00727786 0.000646062
 0.311674 0.604581 0.072015 0.0108922 0.000838513
 0.270801 0.698808 0.026694 0.00317967 0.000517944
 0.243549 0.744593 0.0113638 0.00043409 6.01296e-05
 0.2822 0.703205 0.0143662 0.000219254 9.53549e-06
 0.246041 0.703531 0.0494024 0.00100927 1.60731e-05
 0.296851 0.645647 0.0536562 0.00376777 7.81998e-05
 0.205114 0.728079 0.0613434 0.00509792 0.000365409
 0.236534 0.63644 0.11635 0.00980292 0.000873062
 0.326032 0.596239 0.0647964 0.0118457 0.00108693
 0.230089 0.686101 0.074144 0.00805762 0.00160821
 0.257622 0.62007 0.108993 0.0117784 0.0015355
 0.0878205 0.793232 0.0993504 0.0174634 0.00213322
pobs_RECLAS
 0 0 0 0 0
 0 0 0 0 0
 0 0 0 0 0
 0 0 0 0 0
 0.835266 0.146461 0.0176864 0.000547809 3.91292e-05
 0.385257 0.428462 0.181853 0.0044286 0
 0.867414 0.0963971 0.0333333 0.00285562 0
 0.441836 0.489002 0.0689373 0.000224442 0
 0.779404 0.147425 0.0564933 0.0165055 0.000172143
 0.814271 0.122319 0.05973 0.00367925 0
 0.40263 0.566651 0.0304383 0.000280538 0
 0.475488 0.404961 0.113038 0.00651328 0
 0.955842 0.0263864 0.0167828 0.000988607 0
 0.975058 0.0227948 0.00214734 0 0
 0.738997 0.206755 0.0527124 0.00153531 0
 0.850938 0.134255 0.0134407 0.00136685 0
 0.542534 0.407297 0.0501686 0 0
 0.764087 0.199537 0.0359546 0.000420521 0
 0.470689 0.182191 0.310203 0.0369168 0
 0.84361 0.089868 0.0606195 0.00523954 0.000663233
 0.607945 0.314616 0.071237 0.00620181 0
 0.523733 0.453247 0.0230204 0 0
 0.530135 0.295979 0.169645 0.0042399 0
 0.562478 0.366248 0.0663022 0.0049721 0
ppred_RECLAS
 0.0180621 0.42008 0.476871 0.0849832 3.46509e-06
 0.0344795 0.04059 0.522548 0.351793 0.050589
 0.0141004 0.10727 0.0658632 0.502855 0.309911
 0.180332 0.061383 0.154732 0.0563423 0.547211
 0.798422 0.109282 0.0133282 0.0199248 0.0590422
 0.230247 0.700734 0.049249 0.00356214 0.0162078
 0.774966 0.11391 0.105384 0.00439251 0.00134751
 0.496076 0.472957 0.019694 0.0108054 0.0004677
 0.531544 0.35997 0.104709 0.00258577 0.00119112
 0.634214 0.303316 0.0530563 0.00915269 0.000260967
 0.403578 0.506869 0.0800606 0.00830525 0.0011869
 0.433792 0.41253 0.139383 0.0130565 0.001239
 0.617642 0.288834 0.0768565 0.0154003 0.00126736
 0.694686 0.27727 0.0236604 0.00373378 0.000650166
 0.660475 0.327703 0.0111725 0.000565409 8.37234e-05
 0.586481 0.395106 0.0180317 0.000364584 1.695e-05
 0.524636 0.409379 0.0642175 0.00173808 2.95896e-05
 0.563274 0.36294 0.0673789 0.00626823 0.000139073
 0.42247 0.47709 0.0897953 0.00988634 0.000757526
 0.459671 0.370517 0.151314 0.0168899 0.00160802
 0.560602 0.336102 0.0815954 0.019762 0.00193842
 0.443624 0.433456 0.10464 0.0150655 0.00321436
 0.472121 0.362376 0.142293 0.0203717 0.002839
 0.213095 0.581405 0.162672 0.0378816 0.00494664
pobs_PELACES
 0 0 0 0 0
 0 0 0 0 0
 0 0 0 0 0
 0 0 0 0 0
 0 0 0 0 0
 0 0 0 0 0
 0 0 0 0 0
 0 0 0 0 0
 0 0 0 0 0
 0 0 0 0 0
 0.450072 0.473896 0.0757376 0.000293798 0
 0 0 0 0 0
 0.463077 0.371075 0.160297 0.00555027 0
 0.529543 0.364841 0.0842815 0.0213345 0
 0.631943 0.363953 0.00410389 0 0
 0.735681 0.248677 0.0153453 0.000297389 0
 0.695825 0.281241 0.0229344 0 0
 0.275771 0.60734 0.115278 0.00161068 0
 0 0 0 0 0
 0.896147 0.0623911 0.0374545 0.00400742 0
 0.803859 0.145111 0.0509908 3.86294e-05 0
 0.739449 0.233085 0.0266225 0.000797448 4.60066e-05
 0.878498 0.100942 0.0204185 0.000141795 0
 0.694673 0.275183 0.0284847 0.00165964 0
ppred_PELACES
 0.0247264 0.618623 0.314362 0.042287 1.61292e-06
 0.0753011 0.0916868 0.528385 0.268507 0.03612
 0.0434773 0.253585 0.0696985 0.401668 0.231571
 0.409098 0.112417 0.126852 0.0348655 0.316768
 0.847223 0.118711 0.00648106 0.00731329 0.0202724
 0.303624 0.669277 0.0210565 0.00114959 0.00489307
 0.87305 0.0887194 0.0367425 0.00115598 0.000331735
 0.584568 0.40464 0.00754253 0.00312369 0.000126479
 0.666937 0.293788 0.038255 0.000713078 0.000307274
 0.715125 0.261648 0.0204878 0.00266778 7.1156e-05
 0.525271 0.440796 0.0311671 0.00244047 0.000326257
 0.568717 0.370871 0.0560937 0.00396619 0.000352082
 0.784102 0.18963 0.0225879 0.00341639 0.000263005
 0.884554 0.110635 0.00422617 0.000503403 8.20004e-05
 0.857732 0.140037 0.00213722 8.16404e-05 1.13087e-05
 0.705364 0.288645 0.0058969 8.99972e-05 3.91404e-06
 0.659968 0.317289 0.0222802 0.000455175 7.24891e-06
 0.668874 0.304047 0.0252677 0.00177431 3.68258e-05
 0.499647 0.458301 0.0386136 0.00320897 0.000230012
 0.5896 0.342118 0.0625437 0.00526954 0.000469313
 0.628572 0.328591 0.0357097 0.00652822 0.000599013
 0.511562 0.435268 0.0470375 0.00511182 0.00102026
 0.571319 0.358056 0.0629376 0.00680139 0.000886667
 0.303608 0.605583 0.0758478 0.0133322 0.00162858
pobs_pel_tallas
 0 0 0 0 0 0 0 0 0 0 0 0 0 0 0 0 0 0 0 0 0 0 0 0 0 0 0 0 0 0 0 0 0 0 0 0
 0 0 0 0 0 0 0 0 0 0 0 0 0 0 0 0 0 0 0 0 0 0 0 0 0 0 0 0 0 0 0 0 0 0 0 0
 0 0 0 0 0 0 0 0 0 0 0 0 0 0 0 0 0 0 0 0 0 0 0 0 0 0 0 0 0 0 0 0 0 0 0 0
 0 0 0 0 0 0 0 0 0 0 0 0 0 0 0 0 0 0 0 0 0 0 0 0 0 0 0 0 0 0 0 0 0 0 0 0
 0 0 0 0 0 0 0 0 0 0 0 0 0 0 0 0 0 0 0 0 0 0 0 0 0 0 0 0 0 0 0 0 0 0 0 0
 0 0 0 0 0 0 0 0 0 0 0 0 0 0 0 0 0 0 0 0 0 0 0 0 0 0 0 0 0 0 0 0 0 0 0 0
 0 0 0 0 0 0 0 0 0 0 0 0 0 0 0 0 0 0 0 0 0 0 0 0 0 0 0 0 0 0 0 0 0 0 0 0
 0 0 0 0 0 0 0 0 0 0 0 0 0 0 0 0 0 0 0 0 0 0 0 0 0 0 0 0 0 0 0 0 0 0 0 0
 0 0 0 0 0 0 0 0 0 0 0 0 0 0 0 0 0 0 0 0 0 0 0 0 0 0 0 0 0 0 0 0 0 0 0 0
 0 0 0 0 0 0 0 0 0 0 0 0 0 0 0 0 0 0 0 0 0 0 0 0 0 0 0 0 0 0 0 0 0 0 0 0
 0 0 0 0 0 0 0 0 1.78061e-05 0.00172719 0.00360574 0.0105946 0.0120993 0.0124554 0.0147524 0.0171206 0.0266825 0.0428682 0.0675386 0.121331 0.153587 0.119568 0.100827 0.0573624 0.0630603 0.0341343 0.0324427 0.0444173 0.0211091 0.0280891 0.0125444 0.00206551 0 0 0 0
 0 0 0 0 0 0 0 0 0 0 0 0 0 0 0 0 0 0 0 0 0 0 0 0 0 0 0 0 0 0 0 0 0 0 0 0
 0 0 0 0 0 0 0.0133647 0.0140871 0.0187388 0.0205184 0.03894 0.0496705 0.03968 0.0493445 0.0407372 0.0367815 0.0215668 0.0243155 0.0234873 0.0199281 0.019796 0.0243948 0.0301388 0.0376714 0.0412746 0.0863199 0.0771752 0.113111 0.0741005 0.0525337 0.0229764 0.00759418 0.00175318 0 0 0
 0 0 0 0 0 0 0 0 0 0 0.00219441 0.00772107 0.0458388 0.0604681 0.0671733 0.0775358 0.0609151 0.0617685 0.073594 0.0568108 0.0755445 0.0548602 0.0670107 0.0636378 0.0643287 0.046367 0.0373049 0.0286899 0.0247887 0.0153202 0.00654259 0.00121912 0.000365735 0 0 0
 0 0 0 0 0 0 0 0 0 0 0 0 0.000112435 0.00938835 0.0111873 0.0202946 0.0414886 0.0713402 0.111592 0.104902 0.108894 0.110636 0.117776 0.105296 0.107544 0.0401394 0.0192827 0.0124803 0.00416011 0.0028671 0.000618394 0 0 0 0 0
 0 0 0 0 0 0 0 0 0 0 0.00291406 0.0102884 0.027416 0.0768956 0.0749926 0.110853 0.0956884 0.0897413 0.0766577 0.0534642 0.0500743 0.0551293 0.0594112 0.0620874 0.0668451 0.0424026 0.0208742 0.0120726 0.0048766 0.00582813 0.00118941 0.000297354 0 0 0 0
 0 0.00264628 0.0354308 0.0461629 0.0458689 0.0383711 0.0214643 0.0164657 0.0346957 0.0420465 0.0363128 0.0245516 0.0311673 0.0291091 0.0169068 0.0133784 0.00837989 0.0085269 0.0148486 0.0160247 0.0276389 0.0546898 0.0760071 0.122758 0.109233 0.0665981 0.0333725 0.0166128 0.00676272 0.00308733 0.000882094 0 0 0 0 0
 0 0 0 0 0 0 0 0.000805153 0.000690131 0.00759144 0.0133425 0.0154129 0.00931677 0.000345066 0.00356568 0.00563607 0.00851162 0.0253048 0.0502646 0.0516448 0.0657925 0.0565908 0.0611916 0.0827007 0.0866115 0.110766 0.145733 0.0935128 0.0569358 0.0249597 0.0138026 0.00621118 0.00161031 0.00115022 0 0
 0 0 0 0 0 0 0 0 0 0 0 0 0 0 0 0 0 0 0 0 0 0 0 0 0 0 0 0 0 0 0 0 0 0 0 0
 0.00147267 0.00158595 0.00478618 0.00569244 0.00954404 0.0108468 0.00647125 0.017049 0.0510054 0.094081 0.124002 0.0959785 0.0687766 0.0820023 0.061753 0.0591476 0.0492212 0.0479892 0.0443925 0.0268479 0.0217502 0.0140895 0.0121071 0.0120363 0.00920419 0.00665534 0.0049561 0.00860946 0.00930331 0.0156896 0.0114698 0.00855282 0.00243557 0.00046729 0 2.83206e-05
 0 0 0 0 0.000772559 0.00158375 0.000888443 0.00281984 0.00712685 0.0440552 0.0773331 0.111326 0.0921469 0.0852325 0.0710754 0.0886704 0.0786465 0.0553345 0.0373146 0.0185414 0.00753245 0.00457741 0.012979 0.0271748 0.0457355 0.0583668 0.034881 0.0177882 0.00938659 0.00492506 0.0015258 0.00185414 0.000309023 5.79419e-05 3.86279e-05 0
 0 0.00173294 0.00326652 0 0.00397197 0.00683976 0.00946217 0.0152591 0.00757587 0.0136028 0.0228656 0.0392903 0.0559909 0.0764795 0.0681675 0.0726916 0.0566044 0.0477403 0.0527397 0.0444891 0.0609904 0.0582453 0.0661739 0.0445044 0.0529084 0.0360697 0.0280645 0.0235558 0.0158879 0.00826598 0.00280645 0.00217768 0.000904811 0.00058276 9.20147e-05 0
 0 0 0 0 0 0 0 0 0 0 0 0 0 0 0 0 0 0 0 0 0 0 0 0 0 0 0 0 0 0 0 0 0 0 0 0
 0 0 0 0 0 0 0 0 0 0 0 0 0 0 0 0 0 0 0 0 0 0 0 0 0 0 0 0 0 0 0 0 0 0 0 0
ppred_pel_tallas
 1.06117e-16 1.11665e-06 6.45838e-06 3.05013e-05 0.000117099 0.000364858 0.000922288 0.00189221 0.00315592 0.00429698 0.0048307 0.00462927 0.00411789 0.00402816 0.0049983 0.0074025 0.0114279 0.0171702 0.0246115 0.0335231 0.0433872 0.0534038 0.0625947 0.0699845 0.0748044 0.0766519 0.0755577 0.0719354 0.0664447 0.0598172 0.0527063 0.0456005 0.0388081 0.0324925 0.0267294 0.0215548
 1.18445e-16 3.30078e-06 1.93292e-05 9.17969e-05 0.000353282 0.00110152 0.0027824 0.00569428 0.00944349 0.0126965 0.0138537 0.0123095 0.00900888 0.0056626 0.00352439 0.00292327 0.00363299 0.00538606 0.00808693 0.0117722 0.0165062 0.0223039 0.0290897 0.0366788 0.0447732 0.0529703 0.0607848 0.0676846 0.0731415 0.0766935 0.0780089 0.0769411 0.0735608 0.0681512 0.0611723 0.0531926
 1.25694e-16 1.9179e-06 1.12e-05 5.31264e-05 0.000204352 0.000637063 0.00160941 0.00329525 0.00547079 0.00737314 0.00809213 0.00730141 0.00558433 0.00398435 0.00329953 0.00380703 0.00546246 0.00817379 0.011897 0.0165891 0.0221396 0.0283419 0.0349124 0.0415404 0.0479451 0.0539138 0.059308 0.0640344 0.0679969 0.0710554 0.0730128 0.0736403 0.0727338 0.0701786 0.0660028 0.0603967
 1.17837e-16 1.78554e-05 0.000104779 0.000498038 0.00191742 0.00597922 0.015103 0.0309031 0.0512268 0.0688006 0.0748802 0.0660774 0.0473613 0.0277658 0.013717 0.00647322 0.0041335 0.0044626 0.00612197 0.00856403 0.0116006 0.0151299 0.0190394 0.0231946 0.0274526 0.0316742 0.0357267 0.0394748 0.042769 0.0454385 0.0472991 0.0481759 0.0479371 0.0465271 0.043988 0.0404646
 1.0133e-16 3.69603e-05 0.00021694 0.00103126 0.00397046 0.0123815 0.0312747 0.0639916 0.106071 0.142443 0.154986 0.136663 0.0977263 0.0568289 0.0271963 0.0113242 0.00513999 0.00386277 0.00456825 0.00599023 0.00764743 0.00929391 0.0107282 0.0117724 0.0123006 0.0122673 0.0117169 0.0107685 0.00958351 0.00832517 0.00712479 0.00606309 0.00516894 0.00443121 0.00381694 0.00328851
 1.00786e-16 1.32792e-05 7.78605e-05 0.000369949 0.00142405 0.00444052 0.0112171 0.0229563 0.0380705 0.0511814 0.0558373 0.0495896 0.036233 0.0226282 0.0137492 0.0107637 0.0124764 0.0173513 0.0243342 0.0326937 0.0416664 0.0502985 0.0575097 0.0622893 0.0639277 0.0621912 0.0573824 0.050256 0.0418296 0.0331469 0.025074 0.0181769 0.0126991 0.0086171 0.00573671 0.00379116
 1.00606e-16 3.80854e-05 0.000223548 0.00106268 0.00409144 0.0127588 0.0322277 0.0659412 0.109301 0.146778 0.159696 0.140798 0.100645 0.0584488 0.0278269 0.0113385 0.00477504 0.00320335 0.00361351 0.0047184 0.00605521 0.0074159 0.00864237 0.00959311 0.0101609 0.0102938 0.0100048 0.00936311 0.008474 0.00745183 0.00639724 0.00538359 0.00445421 0.00362774 0.00290707 0.00228764
 1.00353e-16 2.55189e-05 0.000149743 0.000711739 0.00274012 0.0085447 0.0215835 0.0441649 0.0732161 0.0983511 0.107088 0.0946088 0.0680494 0.0403698 0.0208152 0.011247 0.00898918 0.0108318 0.0147505 0.0197247 0.0251138 0.0302983 0.034617 0.0374583 0.0383948 0.0372882 0.0343251 0.0299663 0.0248315 0.0195554 0.0146639 0.0105002 0.00721034 0.00477774 0.00308134 0.00195581
 1.00678e-16 2.91062e-05 0.000170813 0.000811933 0.00312592 0.00974786 0.0246225 0.0503819 0.0835178 0.112175 0.122101 0.10778 0.0773218 0.0454676 0.0227043 0.0110859 0.00749325 0.00822255 0.0109732 0.0146629 0.018726 0.0226923 0.0260778 0.0284325 0.0294336 0.0289611 0.0271249 0.0242312 0.0207027 0.0169787 0.0134291 0.0103026 0.00771665 0.00568036 0.00413297 0.00298308
 1.00472e-16 3.12061e-05 0.000183144 0.000870563 0.00335168 0.0104519 0.0264007 0.0540201 0.0895471 0.120268 0.130897 0.115513 0.0828011 0.0485516 0.0239883 0.0112881 0.00708146 0.00737857 0.00970904 0.0129316 0.0164862 0.0199395 0.0228582 0.0248434 0.0256128 0.0250673 0.0233148 0.0206392 0.0174271 0.0140779 0.0109247 0.00818844 0.00596856 0.00426419 0.00301025 0.00211413
 1.00686e-16 2.29348e-05 0.000134568 0.000639591 0.00246231 0.00767837 0.0193953 0.0396879 0.0657966 0.0883916 0.096263 0.0850901 0.0613012 0.0365638 0.019216 0.0109661 0.00944554 0.0117958 0.0162023 0.0217191 0.0277028 0.0334936 0.0383742 0.0416748 0.0429213 0.041949 0.0389435 0.0343869 0.0289347 0.0232634 0.0179374 0.01333 0.0096084 0.00676912 0.00469937 0.00323919
 1.0107e-16 2.48265e-05 0.00014568 0.000692433 0.00266579 0.00831293 0.0209981 0.0429668 0.0712294 0.0956807 0.104177 0.0920272 0.0661724 0.0392162 0.0201483 0.0107747 0.00848975 0.0101733 0.0138676 0.0186019 0.0237859 0.0288564 0.0332084 0.036274 0.0376426 0.0371573 0.0349496 0.0313975 0.0270254 0.0223804 0.0179236 0.0139668 0.0106597 0.00801818 0.00597277 0.00441653
 1.00513e-16 3.42109e-05 0.000200792 0.000954476 0.00367479 0.0114595 0.0289458 0.059227 0.0981755 0.131847 0.143477 0.12656 0.0906006 0.0528851 0.0256836 0.0113411 0.00612241 0.00562593 0.00714466 0.00947113 0.0120836 0.0146418 0.0168271 0.0183488 0.0189991 0.0187012 0.0175267 0.0156733 0.0134136 0.0110301 0.00875992 0.00676177 0.0051095 0.00380714 0.00281428 0.00207147
 1.00118e-16 3.85878e-05 0.000226496 0.00107669 0.00414538 0.012927 0.0326525 0.0668106 0.110743 0.148716 0.161808 0.14267 0.102003 0.0592779 0.0282967 0.0116577 0.00510068 0.00362698 0.00417909 0.00543543 0.00689977 0.0083272 0.00952299 0.0103176 0.010593 0.0103102 0.00951855 0.00834237 0.00694939 0.00551195 0.0041732 0.00302707 0.00211436 0.00143193 0.000948427 0.000620428
 1.0008e-16 3.74195e-05 0.000219634 0.00104406 0.00401974 0.0125352 0.0316629 0.064786 0.107388 0.144213 0.156917 0.138375 0.0989726 0.0575973 0.0276452 0.0116499 0.00549372 0.00433816 0.00521744 0.00683474 0.0086773 0.0104619 0.0119468 0.0129185 0.0132291 0.0128312 0.0117901 0.0102664 0.00847544 0.00663827 0.00493783 0.00349357 0.00235638 0.00152031 0.00094291 0.000566056
 1.00182e-16 3.07815e-05 0.000180649 0.000858697 0.00330598 0.0103094 0.0260408 0.0532838 0.0883274 0.118632 0.129124 0.113964 0.0817259 0.0479916 0.0238418 0.0114357 0.00746008 0.00798504 0.0105698 0.0140711 0.0179035 0.0215947 0.024667 0.026683 0.0273376 0.0265322 0.0244002 0.0212714 0.0175886 0.0138063 0.0103011 0.00731925 0.00496615 0.00323054 0.00202613 0.00123443
 1.00436e-16 2.88033e-05 0.000169033 0.000803463 0.00309331 0.00964613 0.0243655 0.0498564 0.0826474 0.111008 0.120837 0.106677 0.0765612 0.0450807 0.0226225 0.011229 0.00782237 0.00874199 0.0117073 0.0156314 0.0199258 0.0240859 0.0275892 0.0299531 0.030836 0.0301199 0.0279389 0.024641 0.0206993 0.0166022 0.012757 0.00943361 0.00675294 0.00471269 0.00323132 0.00219289
 1.00521e-16 2.91911e-05 0.00017131 0.000814295 0.00313502 0.0097762 0.0246941 0.0505285 0.083761 0.112502 0.122459 0.1081 0.0775614 0.0456276 0.0228192 0.011199 0.00764078 0.00843036 0.0112575 0.0150294 0.0191671 0.0231841 0.0265796 0.0288904 0.0297877 0.0291558 0.0271196 0.0240083 0.0202709 0.0163716 0.012698 0.00950775 0.00691744 0.00492717 0.00346232 0.00241594
 1.00819e-16 2.18182e-05 0.000128011 0.000608414 0.00234227 0.00730402 0.0184498 0.0377533 0.0625906 0.0840882 0.0915859 0.0809784 0.0583881 0.0349248 0.0185349 0.0108613 0.00966859 0.0122504 0.016882 0.0226487 0.0289035 0.0349665 0.0400929 0.0435857 0.0449495 0.0440093 0.0409528 0.0362753 0.0306527 0.0247838 0.0192521 0.0144454 0.0105392 0.00753401 0.00531779 0.00373009
 1.01203e-16 2.5736e-05 0.000151022 0.000717835 0.00276361 0.00861797 0.0217685 0.044543 0.0738411 0.0991853 0.107983 0.0953658 0.0685219 0.0405062 0.0206229 0.0107265 0.00809881 0.00949425 0.012885 0.0172851 0.0221238 0.0268771 0.0309863 0.0339256 0.0353124 0.034995 0.0330855 0.0299218 0.0259774 0.0217479 0.0176531 0.013979 0.0108664 0.00833678 0.00633525 0.00477364
 1.00867e-16 2.74347e-05 0.000160997 0.000765258 0.00294621 0.0091874 0.0232068 0.0474857 0.0787183 0.105733 0.115102 0.10163 0.0729742 0.0430394 0.0217298 0.0110037 0.00794362 0.00907379 0.0122261 0.0163582 0.0208894 0.0253062 0.0290703 0.0316807 0.0327789 0.0322339 0.0301721 0.0269389 0.0230088 0.0188734 0.0149442 0.0114958 0.00865476 0.00642566 0.00473572 0.00347917
 1.01033e-16 2.23369e-05 0.000131058 0.000622905 0.00239807 0.00747804 0.0188893 0.0386525 0.0640803 0.0860866 0.0937547 0.0828776 0.0597174 0.0356397 0.0187684 0.0107719 0.00934848 0.0117195 0.0161219 0.0216364 0.0276353 0.0334711 0.0384367 0.0418687 0.0432928 0.0425359 0.0397672 0.0354462 0.0302042 0.0246952 0.0194672 0.0148859 0.0111203 0.00817674 0.00595783 0.00432162
 1.01286e-16 2.49395e-05 0.000146345 0.000695593 0.00267797 0.0083509 0.021094 0.0431628 0.071554 0.0961156 0.104647 0.0924351 0.0664492 0.0393473 0.0201553 0.0106821 0.00830527 0.00988803 0.0134658 0.0180723 0.0231304 0.0280961 0.032386 0.0354506 0.0368903 0.0365477 0.0345415 0.0312269 0.0271001 0.0226805 0.018407 0.0145777 0.0113387 0.00871024 0.00663308 0.00501335
 1.01809e-16 1.32761e-05 7.78475e-05 0.000369899 0.00142388 0.00444001 0.0112157 0.0229531 0.0380634 0.0511668 0.0558081 0.0495322 0.0361231 0.022426 0.0133951 0.0101766 0.0115574 0.0159955 0.0224515 0.0302377 0.0386654 0.0468796 0.0539058 0.0588214 0.0609623 0.0600805 0.0564007 0.0505493 0.043391 0.0358233 0.0285995 0.0222237 0.0169317 0.012738 0.00951701 0.00708357
pSPR Fmed_Fpbrs
0.32292   0.3671 0.3671
Fs Fmed_Fpbrs
1.24938   1.005 1.005
SSBpbr Bo_Bmed_Bpbrs
945657  258088  299868 299868
Ro
16983.5
SPR SPRFo_SPRFmed_SPRFpbrs
349413 112832 128270
log_Ro
9.56
likeval ReclasPelacesDesembMPH_pf_preclas_ppelaces_ptallas_desvR_qrecl_qpela
 67.4556 14.204 0.254863 0.00015862 358.36 170.669 88.7948 0 39.3365 0.00019582 0.000397954 0 0 0 0
q_reclas_q_pelaces
7.26412 17.0835
M
0.7
N
 6540.94 42972.7 21837.2 2937.47 0.112042
 9080.24 3204.65 18468.2 9384.89 1262.47
 1224.12 4394.63 1207.87 6960.89 4013.12
 3632.95 539.658 608.955 167.373 1520.65
 39050.1 1627.58 88.8583 100.269 277.944
 12034.3 18838.8 592.699 32.3587 137.73
 64245.3 5212.15 2158.58 67.9122 19.489
 56128.2 27424.5 511.196 211.708 8.57212
 59341.9 24327.9 3167.82 59.0484 25.4447
 109769 24854.5 1946.18 253.418 6.75927
 66247.5 48359.5 3419.33 267.743 35.7936
 52650.8 27980.1 4231.95 299.226 26.5625
 55945.5 22418 2670.34 403.884 31.0923
 29859.1 21815.6 833.341 99.264 16.1693
 11808.9 9960.11 152.009 5.80664 0.804328
 8840.73 3999.52 81.7085 1.24702 0.0542336
 7067.91 3624.65 254.525 5.19983 0.0828101
 8438.89 2910.67 241.89 16.9857 0.352536
 7424.26 3625.1 305.428 25.3825 1.81936
 7963.52 3332.44 609.216 51.3288 4.57141
 14786.4 3442.5 374.115 68.3933 6.2756
 17848.7 6785.36 733.264 79.6877 15.9047
 24867.6 8187.33 1439.14 155.521 20.2746
 8079.82 11180.4 1400.31 246.141 30.0671
pred_Ctot
 63.0242 4193.28 2130.88 286.638 0.010933
 166.039 564.284 3251.93 1652.52 222.3
 99.4803 2444.86 671.976 3872.55 2232.62
 257.123 275.867 311.291 85.5589 777.337
 802.062 317.751 17.3478 19.5754 54.2628
 1115.06 11290.7 355.225 19.3937 82.5463
 6543.11 3283.78 1359.96 42.7864 12.2785
 5173.71 16389.9 305.509 126.525 5.12301
 6747.7 16178.8 2106.69 39.2689 16.9214
 8968.29 13870.8 1086.13 141.428 3.77222
 7188.35 31447.2 2223.52 174.108 23.2759
 5446.53 17768.4 2687.44 190.02 16.8682
 8761.38 16995.2 2024.4 306.187 23.5712
 7211.78 18610.2 710.897 84.6789 13.7935
 2760.24 8438.75 128.79 4.91971 0.681471
 1120.96 2793.29 57.0658 0.870926 0.0378771
 877.114 2508.02 176.115 3.59795 0.0572993
 825.896 1796.31 149.282 10.4827 0.217567
 516.157 1832.16 154.367 12.8286 0.919526
 747.54 2011.4 367.712 30.9811 2.75922
 810.872 1482.9 161.155 29.4613 2.70329
 983.576 2932.93 316.948 34.4445 6.87471
 1702.05 4096.64 720.092 77.8172 10.1447
 733.685 6626.96 830.01 145.896 17.8217
F
 0.013478 0.144516 0.144516 0.144516 0.144516
 0.0257166 0.275742 0.275742 0.275742 0.275742
 0.11904 1.27639 1.27639 1.27639 1.27639
 0.102952 1.10389 1.10389 1.10389 1.10389
 0.0289266 0.310162 0.310162 0.310162 0.310162
 0.136767 1.46647 1.46647 1.46647 1.46647
 0.151272 1.62199 1.62199 1.62199 1.62199
 0.136014 1.45839 1.45839 1.45839 1.45839
 0.170275 1.82576 1.82576 1.82576 1.82576
 0.119712 1.2836 1.2836 1.2836 1.2836
 0.161905 1.736 1.736 1.736 1.736
 0.153818 1.64929 1.64929 1.64929 1.64929
 0.241754 2.59218 2.59218 2.59218 2.59218
 0.397901 4.26644 4.26644 4.26644 4.26644
 0.382675 4.10318 4.10318 4.10318 4.10318
 0.191612 2.05453 2.05453 2.05453 2.05453
 0.187182 2.00703 2.00703 2.00703 2.00703
 0.14497 1.55442 1.55442 1.55442 1.55442
 0.101047 1.08346 1.08346 1.08346 1.08346
 0.138673 1.4869 1.4869 1.4869 1.4869
 0.0789423 0.846448 0.846448 0.846448 0.846448
 0.0793411 0.850724 0.850724 0.850724 0.850724
 0.0994084 1.06589 1.06589 1.06589 1.06589
 0.133866 1.43536 1.43536 1.43536 1.43536
nmprior
 10 10 8 0
nm_flota  nm_reclas  nm_pelaces    nm_pelaL
inf 19.3847 7.10677 10.5198
cv_recla  cv_pelaces  cv_mph
0.760389 0.443476 0.408618
 ------------------------------------------------
Talla a la edad & desviación 
 7.2 14.2025 17.0495 18.207 18.6776
 1.08 2.13037 2.55742 2.73105 2.80164
