years
 1997 1998 1999 2000 2001 2002 2003 2004 2005 2006 2007 2008 2009 2010 2011 2012 2013 2014 2015 2016 2017 2018 2019 2020
reclasobs
 0 0 0 370054 412103 1.49427e+06 250295 1.28982e+06 931140 785840 897777 1.04006e+06 184774 17550 25797 100020 73551 82996 120727 218422 84188 347160 605670 569463
reclaspred
 575446 139933 316715 197960 331951 409360 891189 634058 728483 807192 722013 518604 316563 127341 72953.6 67990.7 79140.6 104667 112489 146273 225033 217183 365683 418641
pelacesobs
 0 0 0 0 0 0 0 0 0 2.06254e+06 1.5e+06 0 1.87456e+06 323000 250000 174000 83755 137374 0 501740 490994 745055 786931 1.00524e+06
pelacespred
 2.12692e+06 516573 611185 669983 1.00409e+06 958293 2.45062e+06 2.02319e+06 2.11866e+06 2.41404e+06 1.86424e+06 1.40059e+06 824252 257193 149379 154820 187842 263118 286683 360770 657486 621607 792416 1.0684e+06
mphobs
 0 0 0 0 0 112323 0 153150 637223 0 255016 313432 73983 77613 109348 50772 0 0 0 0 0 0 0 0
mphpred
 207601 107250 110940 92053.4 106560 187124 253914 328825 292514 326803 366361 262421 168346 87018.9 37743.4 29208.8 30689.8 39261.2 48393 53115.5 79365.7 99630.7 122770 166058
desembarqueobs
 350755 77701 442110 56441 14545 235359 269955 359681 431902 328805 639364 411747 362871 311530 167758 66681 60226 58785 57116 71774 51957 67425 138520 160799
desembarquepred
 350751 77691.2 441986 56442.1 14545.2 235428 270016 359585 431862 328758 639062 411620 362750 311437 167490 66662.8 60245.1 58766 57089.2 71761.6 51958.7 67408.7 138512 160802
Reclutas
 32541.2 41381.2 17562.9 26220.4 49831.8 33277.2 68003.7 68994 90782.2 115547 68117.5 48351.7 46546 25887.9 13830.8 11836.9 9041.22 10206.6 10529 16265.1 22110.1 27935.3 42930.2 43181.4
log_desv_Rt
 0.0502624 0.290583 -0.566458 -0.165707 0.476408 0.0726289 0.787318 0.801774 1.07622 1.31743 0.788989 0.446257 0.408196 -0.178468 -0.805348 -0.961024 -1.23045 -1.10921 -1.07811 -0.643222 -0.336208 -0.102353 0.32733 0.333165
SSB
 443250 228989 236869 196544 227517 399529 542132 702075 624547 697759 782219 560297 359437 185794 80586.1 62363.8 65525.9 83826.6 103324 113407 169454 212722 262127 354552
BT
 1.43542e+06 353534 551849 366801 486552 576662 1.44624e+06 1.35001e+06 1.4633e+06 1.47853e+06 1.42227e+06 1.00996e+06 753207 417097 217618 130509 141142 174234 174814 230002 355556 324382 444338 605462
Ftot
 1.00561 1.0129 1.91592 0.47178 0.081203 0.76053 0.505792 0.959039 1.06362 0.738175 1.27633 1.09426 1.71985 3.43781 3.9331 1.72999 1.34545 0.952677 0.7682 0.819444 0.393318 0.457642 0.555142 0.580303
BD_Bspro_t
 0.907263 0.620884 0.521696 0.313255 0.468971 0.661875 0.592631 0.620249 0.555525 0.536334 0.531037 0.379042 0.283439 0.187918 0.102267 0.0983106 0.139992 0.229133 0.319312 0.396321 0.52535 0.643594 0.652112 0.649528
BD_Bspro
 0.696199 0.359666 0.372042 0.308705 0.357354 0.627527 0.85151 1.10273 0.980957 1.09595 1.22861 0.880041 0.564556 0.291822 0.126574 0.0979529 0.102919 0.131664 0.162288 0.178125 0.266156 0.334116 0.411715 0.556884
BD_Bo
 0.55285 0.28561 0.295438 0.245142 0.283773 0.498318 0.676182 0.875673 0.778975 0.87029 0.975633 0.698838 0.448312 0.231735 0.100512 0.0777841 0.081728 0.104554 0.128872 0.141449 0.211354 0.26532 0.326941 0.44222
BD_Brms
 1.00518 0.519291 0.537159 0.445712 0.515952 0.906032 1.22942 1.59213 1.41632 1.58234 1.77388 1.27061 0.815114 0.421336 0.182749 0.141426 0.148596 0.190098 0.234313 0.257179 0.38428 0.482401 0.594439 0.804036
S_f
 0.0915148 0.656821 0.973237 0.998555 0.999924
 0.0915148 0.656821 0.973237 0.998555 0.999924
 0.0915148 0.656821 0.973237 0.998555 0.999924
 0.0915148 0.656821 0.973237 0.998555 0.999924
 0.0915148 0.656821 0.973237 0.998555 0.999924
 0.0915148 0.656821 0.973237 0.998555 0.999924
 0.0915148 0.656821 0.973237 0.998555 0.999924
 0.0915148 0.656821 0.973237 0.998555 0.999924
 0.0915148 0.656821 0.973237 0.998555 0.999924
 0.0915148 0.656821 0.973237 0.998555 0.999924
 0.0915148 0.656821 0.973237 0.998555 0.999924
 0.0915148 0.656821 0.973237 0.998555 0.999924
 0.0915148 0.656821 0.973237 0.998555 0.999924
 0.0915148 0.656821 0.973237 0.998555 0.999924
 0.0915148 0.656821 0.973237 0.998555 0.999924
 0.0915148 0.656821 0.973237 0.998555 0.999924
 0.0915148 0.656821 0.973237 0.998555 0.999924
 0.0915148 0.656821 0.973237 0.998555 0.999924
 0.0915148 0.656821 0.973237 0.998555 0.999924
 0.0915148 0.656821 0.973237 0.998555 0.999924
 0.0915148 0.656821 0.973237 0.998555 0.999924
 0.0915148 0.656821 0.973237 0.998555 0.999924
 0.0915148 0.656821 0.973237 0.998555 0.999924
 0.0915148 0.656821 0.973237 0.998555 0.999924
Scru_reclas
 0.559849 0.864888 0.969893 0.99387 0.998776
 0.559849 0.864888 0.969893 0.99387 0.998776
 0.559849 0.864888 0.969893 0.99387 0.998776
 0.559849 0.864888 0.969893 0.99387 0.998776
 0.559849 0.864888 0.969893 0.99387 0.998776
 0.559849 0.864888 0.969893 0.99387 0.998776
 0.559849 0.864888 0.969893 0.99387 0.998776
 0.559849 0.864888 0.969893 0.99387 0.998776
 0.559849 0.864888 0.969893 0.99387 0.998776
 0.559849 0.864888 0.969893 0.99387 0.998776
 0.559849 0.864888 0.969893 0.99387 0.998776
 0.559849 0.864888 0.969893 0.99387 0.998776
 0.559849 0.864888 0.969893 0.99387 0.998776
 0.559849 0.864888 0.969893 0.99387 0.998776
 0.559849 0.864888 0.969893 0.99387 0.998776
 0.559849 0.864888 0.969893 0.99387 0.998776
 0.559849 0.864888 0.969893 0.99387 0.998776
 0.559849 0.864888 0.969893 0.99387 0.998776
 0.559849 0.864888 0.969893 0.99387 0.998776
 0.559849 0.864888 0.969893 0.99387 0.998776
 0.559849 0.864888 0.969893 0.99387 0.998776
 0.559849 0.864888 0.969893 0.99387 0.998776
 0.559849 0.864888 0.969893 0.99387 0.998776
 0.559849 0.864888 0.969893 0.99387 0.998776
Scru_pelaces
 0.579656 0.975178 0.999107 0.999969 0.999999
 0.579656 0.975178 0.999107 0.999969 0.999999
 0.579656 0.975178 0.999107 0.999969 0.999999
 0.579656 0.975178 0.999107 0.999969 0.999999
 0.579656 0.975178 0.999107 0.999969 0.999999
 0.579656 0.975178 0.999107 0.999969 0.999999
 0.579656 0.975178 0.999107 0.999969 0.999999
 0.579656 0.975178 0.999107 0.999969 0.999999
 0.579656 0.975178 0.999107 0.999969 0.999999
 0.579656 0.975178 0.999107 0.999969 0.999999
 0.579656 0.975178 0.999107 0.999969 0.999999
 0.579656 0.975178 0.999107 0.999969 0.999999
 0.579656 0.975178 0.999107 0.999969 0.999999
 0.579656 0.975178 0.999107 0.999969 0.999999
 0.579656 0.975178 0.999107 0.999969 0.999999
 0.579656 0.975178 0.999107 0.999969 0.999999
 0.579656 0.975178 0.999107 0.999969 0.999999
 0.579656 0.975178 0.999107 0.999969 0.999999
 0.579656 0.975178 0.999107 0.999969 0.999999
 0.579656 0.975178 0.999107 0.999969 0.999999
 0.579656 0.975178 0.999107 0.999969 0.999999
 0.579656 0.975178 0.999107 0.999969 0.999999
 0.579656 0.975178 0.999107 0.999969 0.999999
 0.579656 0.975178 0.999107 0.999969 0.999999
pf_obs 
 0.256992 0.487395 0.22802 0.0275931 0
 0.321318 0.546541 0.124235 0.00734118 0.000564706
 0.182869 0.594174 0.210203 0.0122559 0.00049798
 0.330522 0.361315 0.267642 0.0388342 0.00168674
 0.649043 0.306663 0.0425973 0.00169635 0
 0.582887 0.30429 0.105238 0.00758474 0
 0.465427 0.430635 0.0974691 0.00646863 0
 0.296916 0.608066 0.0921331 0.00288517 0
 0.311714 0.524322 0.152257 0.0117073 0
 0.15457 0.633149 0.183074 0.0267441 0.00246327
 0.131901 0.49318 0.331252 0.0422183 0.00144891
 0.196976 0.569456 0.194076 0.0375587 0.00193317
 0.518974 0.381816 0.0799577 0.0180837 0.00116848
 0.0928022 0.601141 0.25162 0.0475244 0.00691264
 0.122501 0.610282 0.24278 0.0234846 0.000952079
 0.383417 0.481906 0.127806 0.00687128 0
 0.0376549 0.599619 0.316969 0.0457579 0
 0.0361596 0.667082 0.258105 0.0386534 0
 0.158088 0.579412 0.248529 0.0139706 0
 0.0477256 0.309471 0.559284 0.082774 0.000745712
 0.0406174 0.521527 0.379366 0.0568643 0.0016247
 0.151134 0.462217 0.34131 0.0453401 0
 0.294876 0.26143 0.354403 0.0886775 0.000613685
 0.281977 0.475581 0.204845 0.0348837 0.00271318
pf_pred 
 0.257172 0.504642 0.212336 0.0258383 1.2192e-05
 0.272085 0.549399 0.141176 0.0334327 0.00390681
 0.133509 0.672599 0.164309 0.023597 0.00598663
 0.262867 0.469822 0.236377 0.0264458 0.00448905
 0.284929 0.501538 0.157101 0.0500819 0.00634962
 0.13779 0.609548 0.196398 0.0416777 0.0145862
 0.275157 0.396195 0.264027 0.0506401 0.0139805
 0.217715 0.583587 0.131186 0.054583 0.0129277
 0.2661 0.515842 0.183108 0.0233912 0.0115587
 0.262764 0.560242 0.143446 0.0283608 0.00518717
 0.148886 0.628477 0.18764 0.0285587 0.00643827
 0.153421 0.532031 0.265137 0.0419421 0.00746777
 0.2202 0.504005 0.208496 0.0571066 0.0101926
 0.222819 0.622336 0.123332 0.0241411 0.00737124
 0.276581 0.640461 0.0772649 0.00461866 0.00107441
 0.315745 0.625679 0.0566517 0.00180417 0.000119688
 0.220919 0.647976 0.125523 0.00540862 0.000173834
 0.245099 0.547537 0.187585 0.0189737 0.000804848
 0.21644 0.571321 0.174654 0.034128 0.00345721
 0.277845 0.49243 0.188489 0.0341535 0.00708331
 0.252724 0.55866 0.148192 0.0333901 0.00703416
 0.219459 0.534546 0.202469 0.0344215 0.00910553
 0.252552 0.491499 0.198501 0.047547 0.00990122
 0.19474 0.570567 0.177717 0.0445154 0.0124601
pobs_RECLAS
 0 0 0 0 0
 0 0 0 0 0
 0 0 0 0 0
 0 0 0 0 0
 0.835266 0.146461 0.0176864 0.000547809 3.91292e-05
 0.385257 0.428462 0.181853 0.0044286 0
 0.867414 0.0963971 0.0333333 0.00285562 0
 0.441836 0.489002 0.0689373 0.000224442 0
 0.779404 0.147425 0.0564933 0.0165055 0.000172143
 0.814271 0.122319 0.05973 0.00367925 0
 0.40263 0.566651 0.0304383 0.000280538 0
 0.475488 0.404961 0.113038 0.00651328 0
 0.955842 0.0263864 0.0167828 0.000988607 0
 0.975058 0.0227948 0.00214734 0 0
 0.738997 0.206755 0.0527124 0.00153531 0
 0.850938 0.134255 0.0134407 0.00136685 0
 0.542534 0.407297 0.0501686 0 0
 0.764087 0.199537 0.0359546 0.000420521 0
 0.470689 0.182191 0.310203 0.0369168 0
 0.84361 0.089868 0.0606195 0.00523954 0.000663233
 0.607945 0.314616 0.071237 0.00620181 0
 0.523733 0.453247 0.0230204 0 0
 0.530135 0.295979 0.169645 0.0042399 0
 0.562478 0.366248 0.0663022 0.0049721 0
ppred_RECLAS
 0.649447 0.260937 0.0799306 0.00968096 4.58344e-06
 0.661871 0.273515 0.0511457 0.0120549 0.00141344
 0.465866 0.446587 0.0743036 0.0105573 0.00268656
 0.650318 0.245417 0.0922193 0.0102928 0.00175327
 0.666958 0.251997 0.0596426 0.0189869 0.0024158
 0.45439 0.417912 0.0993194 0.0210028 0.00737573
 0.67058 0.203532 0.10117 0.0193556 0.0053623
 0.59271 0.3263 0.0535417 0.0221783 0.00527059
 0.659386 0.260706 0.0671422 0.00853434 0.00423139
 0.646271 0.286849 0.0542324 0.0106858 0.00196114
 0.484788 0.411073 0.0878464 0.0132872 0.00300532
 0.498068 0.351533 0.126867 0.0199656 0.00356677
 0.620707 0.275226 0.0788402 0.0213959 0.00383074
 0.662255 0.295346 0.0339376 0.00647907 0.0019828
 0.730353 0.251899 0.0165638 0.000960555 0.000223889
 0.710039 0.272327 0.0170603 0.000538287 3.58211e-05
 0.598602 0.350843 0.0484159 0.00207235 6.68231e-05
 0.630566 0.289427 0.0724055 0.00729131 0.000310339
 0.588682 0.322919 0.0727863 0.0141724 0.00144061
 0.669749 0.245925 0.0692289 0.0124968 0.00260066
 0.630153 0.295219 0.0586537 0.0131873 0.00278787
 0.591163 0.304241 0.0861125 0.0146056 0.00387714
 0.637852 0.261011 0.0784736 0.0187464 0.00391735
 0.554523 0.341168 0.079025 0.0197396 0.00554442
pobs_PELACES
 0 0 0 0 0
 0 0 0 0 0
 0 0 0 0 0
 0 0 0 0 0
 0 0 0 0 0
 0 0 0 0 0
 0 0 0 0 0
 0 0 0 0 0
 0 0 0 0 0
 0 0 0 0 0
 0.450072 0.473896 0.0757376 0.000293798 0
 0 0 0 0 0
 0.463077 0.371075 0.160297 0.00555027 0
 0.529543 0.364841 0.0842815 0.0213345 0
 0.631943 0.363953 0.00410389 0 0
 0.735681 0.248677 0.0153453 0.000297389 0
 0.695825 0.281241 0.0229344 0 0
 0.275771 0.60734 0.115278 0.00161068 0
 0 0 0 0 0
 0.896147 0.0623911 0.0374545 0.00400742 0
 0.803859 0.145111 0.0509908 3.86294e-05 0
 0.739449 0.233085 0.0266225 0.000797448 4.60066e-05
 0.878498 0.100942 0.0204185 0.000141795 0
 0.694673 0.275183 0.0284847 0.00165964 0
ppred_PELACES
 0.682683 0.247607 0.0623882 0.00731859 3.44649e-06
 0.692335 0.25792 0.039641 0.00904886 0.00105532
 0.544475 0.39758 0.0494777 0.00675722 0.00170967
 0.660089 0.248418 0.081184 0.00881533 0.00149395
 0.65678 0.266172 0.0570698 0.0177328 0.00224514
 0.478091 0.415503 0.0833296 0.0171022 0.00597454
 0.684425 0.205852 0.0886752 0.0165003 0.00454788
 0.623818 0.312722 0.0424138 0.0170228 0.00402392
 0.693926 0.245007 0.0515886 0.00634801 0.00313052
 0.665001 0.280079 0.0447893 0.00856667 0.00156403
 0.533509 0.388265 0.0663466 0.00969764 0.00218146
 0.54228 0.339838 0.0999529 0.015224 0.00270509
 0.6894 0.241523 0.0528191 0.0138007 0.00245692
 0.781906 0.199968 0.0146615 0.00265647 0.000807738
 0.841752 0.151792 0.00604772 0.000331475 7.67473e-05
 0.759081 0.229594 0.0109691 0.000333187 2.2047e-05
 0.643787 0.319695 0.0350237 0.00144785 4.64299e-05
 0.660569 0.276419 0.0571955 0.00558095 0.00023628
 0.611079 0.316298 0.0601147 0.0113594 0.00114864
 0.693802 0.238101 0.0562149 0.00984366 0.00203777
 0.63349 0.300329 0.052321 0.0114519 0.00240876
 0.599553 0.308522 0.076058 0.0125518 0.003315
 0.651406 0.261721 0.0678412 0.0157558 0.00327554
 0.568759 0.34197 0.0681133 0.0165374 0.00462112
pobs_pel_tallas
 0 0 0 0 0 0 0 0 0 0 0 0 0 0 0 0 0 0 0 0 0 0 0 0 0 0 0 0 0 0 0 0 0 0 0 0
 0 0 0 0 0 0 0 0 0 0 0 0 0 0 0 0 0 0 0 0 0 0 0 0 0 0 0 0 0 0 0 0 0 0 0 0
 0 0 0 0 0 0 0 0 0 0 0 0 0 0 0 0 0 0 0 0 0 0 0 0 0 0 0 0 0 0 0 0 0 0 0 0
 0 0 0 0 0 0 0 0 0 0 0 0 0 0 0 0 0 0 0 0 0 0 0 0 0 0 0 0 0 0 0 0 0 0 0 0
 0 0 0 0 0 0 0 0 0 0 0 0 0 0 0 0 0 0 0 0 0 0 0 0 0 0 0 0 0 0 0 0 0 0 0 0
 0 0 0 0 0 0 0 0 0 0 0 0 0 0 0 0 0 0 0 0 0 0 0 0 0 0 0 0 0 0 0 0 0 0 0 0
 0 0 0 0 0 0 0 0 0 0 0 0 0 0 0 0 0 0 0 0 0 0 0 0 0 0 0 0 0 0 0 0 0 0 0 0
 0 0 0 0 0 0 0 0 0 0 0 0 0 0 0 0 0 0 0 0 0 0 0 0 0 0 0 0 0 0 0 0 0 0 0 0
 0 0 0 0 0 0 0 0 0 0 0 0 0 0 0 0 0 0 0 0 0 0 0 0 0 0 0 0 0 0 0 0 0 0 0 0
 0 0 0 0 0 0 0 0 0 0 0 0 0 0 0 0 0 0 0 0 0 0 0 0 0 0 0 0 0 0 0 0 0 0 0 0
 0 0 0 0 0 0 0 0 1.78061e-05 0.00172719 0.00360574 0.0105946 0.0120993 0.0124554 0.0147524 0.0171206 0.0266825 0.0428682 0.0675386 0.121331 0.153587 0.119568 0.100827 0.0573624 0.0630603 0.0341343 0.0324427 0.0444173 0.0211091 0.0280891 0.0125444 0.00206551 0 0 0 0
 0 0 0 0 0 0 0 0 0 0 0 0 0 0 0 0 0 0 0 0 0 0 0 0 0 0 0 0 0 0 0 0 0 0 0 0
 0 0 0 0 0 0 0.0133647 0.0140871 0.0187388 0.0205184 0.03894 0.0496705 0.03968 0.0493445 0.0407372 0.0367815 0.0215668 0.0243155 0.0234873 0.0199281 0.019796 0.0243948 0.0301388 0.0376714 0.0412746 0.0863199 0.0771752 0.113111 0.0741005 0.0525337 0.0229764 0.00759418 0.00175318 0 0 0
 0 0 0 0 0 0 0 0 0 0 0.00219441 0.00772107 0.0458388 0.0604681 0.0671733 0.0775358 0.0609151 0.0617685 0.073594 0.0568108 0.0755445 0.0548602 0.0670107 0.0636378 0.0643287 0.046367 0.0373049 0.0286899 0.0247887 0.0153202 0.00654259 0.00121912 0.000365735 0 0 0
 0 0 0 0 0 0 0 0 0 0 0 0 0.000112435 0.00938835 0.0111873 0.0202946 0.0414886 0.0713402 0.111592 0.104902 0.108894 0.110636 0.117776 0.105296 0.107544 0.0401394 0.0192827 0.0124803 0.00416011 0.0028671 0.000618394 0 0 0 0 0
 0 0 0 0 0 0 0 0 0 0 0.00291406 0.0102884 0.027416 0.0768956 0.0749926 0.110853 0.0956884 0.0897413 0.0766577 0.0534642 0.0500743 0.0551293 0.0594112 0.0620874 0.0668451 0.0424026 0.0208742 0.0120726 0.0048766 0.00582813 0.00118941 0.000297354 0 0 0 0
 0 0.00264628 0.0354308 0.0461629 0.0458689 0.0383711 0.0214643 0.0164657 0.0346957 0.0420465 0.0363128 0.0245516 0.0311673 0.0291091 0.0169068 0.0133784 0.00837989 0.0085269 0.0148486 0.0160247 0.0276389 0.0546898 0.0760071 0.122758 0.109233 0.0665981 0.0333725 0.0166128 0.00676272 0.00308733 0.000882094 0 0 0 0 0
 0 0 0 0 0 0 0 0.000805153 0.000690131 0.00759144 0.0133425 0.0154129 0.00931677 0.000345066 0.00356568 0.00563607 0.00851162 0.0253048 0.0502646 0.0516448 0.0657925 0.0565908 0.0611916 0.0827007 0.0866115 0.110766 0.145733 0.0935128 0.0569358 0.0249597 0.0138026 0.00621118 0.00161031 0.00115022 0 0
 0 0 0 0 0 0 0 0 0 0 0 0 0 0 0 0 0 0 0 0 0 0 0 0 0 0 0 0 0 0 0 0 0 0 0 0
 0.00147267 0.00158595 0.00478618 0.00569244 0.00954404 0.0108468 0.00647125 0.017049 0.0510054 0.094081 0.124002 0.0959785 0.0687766 0.0820023 0.061753 0.0591476 0.0492212 0.0479892 0.0443925 0.0268479 0.0217502 0.0140895 0.0121071 0.0120363 0.00920419 0.00665534 0.0049561 0.00860946 0.00930331 0.0156896 0.0114698 0.00855282 0.00243557 0.00046729 0 2.83206e-05
 0 0 0 0 0.000772559 0.00158375 0.000888443 0.00281984 0.00712685 0.0440552 0.0773331 0.111326 0.0921469 0.0852325 0.0710754 0.0886704 0.0786465 0.0553345 0.0373146 0.0185414 0.00753245 0.00457741 0.012979 0.0271748 0.0457355 0.0583668 0.034881 0.0177882 0.00938659 0.00492506 0.0015258 0.00185414 0.000309023 5.79419e-05 3.86279e-05 0
 0 0.00173294 0.00326652 0 0.00397197 0.00683976 0.00946217 0.0152591 0.00757587 0.0136028 0.0228656 0.0392903 0.0559909 0.0764795 0.0681675 0.0726916 0.0566044 0.0477403 0.0527397 0.0444891 0.0609904 0.0582453 0.0661739 0.0445044 0.0529084 0.0360697 0.0280645 0.0235558 0.0158879 0.00826598 0.00280645 0.00217768 0.000904811 0.00058276 9.20147e-05 0
 0 0 0 0 0 0 0 0 0 0 0 0 0 0 0 0 0 0 0 0 0 0 0 0 0 0 0 0 0 0 0 0 0 0 0 0
 0 0 0 0 0 0 0 0 0 0 0 0 0 0 0 0 0 0 0 0 0 0 0 0 0 0 0 0 0 0 0 0 0 0 0 0
ppred_pel_tallas
 1.01218e-16 2.9791e-05 0.000174838 0.000831074 0.00319964 0.00997774 0.0252031 0.0515696 0.0854851 0.114812 0.12496 0.110276 0.0790516 0.0463624 0.0229253 0.0108224 0.00684261 0.00718512 0.00950207 0.0127163 0.0163058 0.0198678 0.0229941 0.0253014 0.0265058 0.0264866 0.02531 0.0232037 0.0204931 0.0175226 0.0145866 0.0118895 0.00953756 0.00755692 0.00592292 0.00458868
 1.01008e-16 3.02122e-05 0.00017731 0.000842825 0.00324488 0.0101188 0.0255595 0.0522988 0.086694 0.116436 0.126729 0.111839 0.080177 0.047032 0.0232736 0.0110138 0.00699598 0.00736323 0.00972949 0.012994 0.0166162 0.0201751 0.0232456 0.0254324 0.0264499 0.0261873 0.024733 0.0223453 0.0193835 0.0162217 0.013175 0.0104551 0.00816344 0.00631017 0.00484856 0.00370799
 1.01144e-16 2.37705e-05 0.000139478 0.000662943 0.00255224 0.00795882 0.0201036 0.0411369 0.0681971 0.0916113 0.099756 0.0881458 0.0634331 0.0376966 0.0195583 0.0107654 0.00884099 0.0108093 0.0147952 0.0198499 0.0253678 0.0307513 0.0353535 0.0385677 0.0399582 0.0393625 0.036929 0.0330701 0.0283548 0.0233738 0.0186228 0.0144335 0.0109612 0.00821513 0.00611217 0.00452961
 1.01607e-16 2.88059e-05 0.000169054 0.000803577 0.00309377 0.00964759 0.0243691 0.0498633 0.0826569 0.111015 0.12083 0.106637 0.0764581 0.0448709 0.0222432 0.0105946 0.00682723 0.00727288 0.00966642 0.0129679 0.0166696 0.0203734 0.0236716 0.0261769 0.0275979 0.0278016 0.0268389 0.02492 0.0223536 0.0194701 0.016555 0.0138106 0.0113481 0.00920494 0.00737194 0.00581975
 1.01612e-16 2.86622e-05 0.000168209 0.000799558 0.00307829 0.00959931 0.0242472 0.049614 0.0822441 0.110462 0.120232 0.106119 0.0761069 0.0447056 0.0222366 0.0107155 0.00706546 0.00763859 0.010177 0.0136335 0.0174815 0.0212972 0.0246454 0.0271169 0.0284107 0.028401 0.0271629 0.0249433 0.0220922 0.0189771 0.015909 0.0130995 0.010654 0.0085921 0.0068804 0.00546472
 1.02186e-16 2.08767e-05 0.000122487 0.00058216 0.0022412 0.00698884 0.0176536 0.036124 0.0598889 0.0804571 0.0876272 0.0774693 0.0558385 0.0333616 0.0176373 0.0102338 0.00901064 0.0113829 0.0157141 0.0211541 0.0271205 0.0330062 0.0381408 0.0418872 0.0437783 0.043623 0.0415464 0.037944 0.0333735 0.0284192 0.0235751 0.019177 0.0153905 0.0122428 0.0096748 0.00759217
 1.02106e-16 2.98653e-05 0.000175278 0.000833174 0.00320774 0.010003 0.0252669 0.0516998 0.0856998 0.115097 0.125261 0.11052 0.0791798 0.0463437 0.0227425 0.0104488 0.00623064 0.006272 0.00822771 0.0110458 0.0142518 0.0175079 0.0204764 0.0228344 0.0243322 0.0248448 0.0243931 0.0231256 0.0212711 0.0190788 0.0167667 0.0144931 0.0123513 0.0103832 0.00860082 0.00700383
 1.01477e-16 2.72268e-05 0.000159777 0.000759464 0.0029239 0.00911785 0.0230311 0.0471261 0.0781218 0.104931 0.114225 0.10085 0.0723999 0.0426723 0.0214924 0.0107995 0.00769462 0.00872761 0.0117506 0.0157395 0.0201352 0.0244506 0.0281762 0.0308354 0.032084 0.0317899 0.0300619 0.0272136 0.0236794 0.0199101 0.0162828 0.0130485 0.0103238 0.00811552 0.00636321 0.00497953
 1.01177e-16 3.02811e-05 0.000177715 0.000844756 0.00325232 0.010142 0.025618 0.0524186 0.0868922 0.116701 0.127015 0.112084 0.080338 0.0470968 0.0232508 0.0109125 0.00681345 0.0070864 0.00934248 0.0124872 0.0159942 0.0194616 0.0224857 0.0246887 0.0257941 0.0256885 0.0244452 0.0222976 0.0195752 0.0166243 0.0137383 0.0111181 0.00886401 0.00699412 0.00547506 0.00425156
 1.01095e-16 2.90212e-05 0.000170316 0.00080957 0.00311683 0.0097195 0.0245508 0.0502353 0.0832743 0.111846 0.121741 0.107456 0.0770754 0.0452947 0.0225664 0.0109342 0.00728432 0.0079225 0.0105579 0.0141205 0.0180619 0.0219341 0.0252771 0.0276617 0.0287769 0.0285016 0.0269309 0.0243442 0.0211308 0.0176966 0.0143836 0.0114222 0.00892333 0.00689919 0.00530021 0.00405072
 1.01504e-16 2.3292e-05 0.00013667 0.000649593 0.00250084 0.00779853 0.0196988 0.0403084 0.0668237 0.0897665 0.0977474 0.0863716 0.0621578 0.0369419 0.0191731 0.0105649 0.00869266 0.010644 0.014586 0.0195947 0.0250828 0.0304699 0.0351258 0.0384554 0.0400263 0.0396684 0.0375109 0.0339387 0.0294893 0.0247241 0.0201173 0.0159897 0.0124972 0.00965989 0.00741211 0.00565177
 1.0218e-16 2.36726e-05 0.000138909 0.000660244 0.00254187 0.00792649 0.0200219 0.0409693 0.0679177 0.0912316 0.0993309 0.0877425 0.0630829 0.0373687 0.0191702 0.0102091 0.00800294 0.00958324 0.013096 0.0176356 0.0226659 0.0276791 0.0321247 0.0354763 0.0373392 0.037538 0.0361496 0.0334694 0.0299266 0.0259777 0.022015 0.0183127 0.0150176 0.0121731 0.00975787 0.00772347
 1.01418e-16 3.00836e-05 0.000176556 0.000839246 0.0032311 0.0100759 0.0254509 0.0520767 0.0863253 0.11594 0.126186 0.111352 0.0798116 0.0467853 0.0230917 0.0108293 0.00675118 0.00701573 0.0092512 0.0123728 0.0158612 0.0193216 0.022357 0.0245957 0.0257641 0.0257479 0.024615 0.0225898 0.0199904 0.0171509 0.0143548 0.0117951 0.00956871 0.00769395 0.00614105 0.00486073
 1.00403e-16 3.41155e-05 0.000200231 0.000951809 0.00366452 0.0114275 0.0288649 0.0590615 0.0979014 0.13148 0.14308 0.126215 0.0903658 0.0527723 0.0256739 0.0114128 0.00626784 0.00585108 0.00746119 0.00988723 0.0125968 0.0152342 0.017464 0.0189811 0.01957 0.0191555 0.0178204 0.0157819 0.0133354 0.0107858 0.00838697 0.00630685 0.00462035 0.00332578 0.0023726 0.00168959
 1.00151e-16 3.67231e-05 0.000215544 0.00102462 0.00394487 0.0123018 0.0310732 0.0635795 0.105389 0.14153 0.154001 0.135812 0.0971573 0.0565778 0.0272251 0.0115923 0.00564487 0.0046394 0.00566602 0.00744664 0.00946539 0.0114251 0.0130656 0.0141554 0.0145325 0.0141433 0.0130555 0.0114397 0.00952595 0.007551 0.0057114 0.00413629 0.00288192 0.00194417 0.0012802 0.000830466
 1.00244e-16 3.31215e-05 0.000194392 0.000924044 0.00355761 0.0110941 0.0280228 0.0573387 0.0950467 0.127649 0.13892 0.122564 0.087795 0.0513572 0.025146 0.0114503 0.00667147 0.00655872 0.00848775 0.0112657 0.0143407 0.0173172 0.0198117 0.021475 0.0220617 0.0214897 0.0198599 0.0174289 0.0145433 0.0115601 0.00877619 0.00638687 0.00447802 0.00304465 0.00202344 0.00132587
 1.00654e-16 2.80978e-05 0.000164891 0.000783771 0.00301749 0.00940969 0.0237683 0.0486345 0.0806221 0.108288 0.117879 0.104073 0.074707 0.0440185 0.0221446 0.0110834 0.00783902 0.00884587 0.0118823 0.015887 0.0202795 0.0245555 0.02819 0.0306946 0.0317204 0.0311408 0.0290804 0.0258782 0.0219992 0.0179261 0.0140634 0.0106818 0.00790702 0.00574462 0.00412313 0.00293744
 1.01105e-16 2.88279e-05 0.000169181 0.000804174 0.00309606 0.00965472 0.0243872 0.0499005 0.0827193 0.111101 0.12093 0.106739 0.0765609 0.0449913 0.0224137 0.0108584 0.00723312 0.00786961 0.0104946 0.0140482 0.0179894 0.0218768 0.0252558 0.0277003 0.0288985 0.0287234 0.02726 0.0247746 0.0216432 0.0182607 0.0149626 0.011979 0.00942544 0.00732336 0.00563429 0.00429354
 1.01401e-16 2.66715e-05 0.000156517 0.000743963 0.00286421 0.00893172 0.022561 0.0461642 0.0765276 0.10279 0.111898 0.0988024 0.0709442 0.0418435 0.0211295 0.0107074 0.00774378 0.00886425 0.0119676 0.0160492 0.0205544 0.0249934 0.0288501 0.0316386 0.0330042 0.0328041 0.0311374 0.0283107 0.0247544 0.0209195 0.0171875 0.0138178 0.0109383 0.00856896 0.00666221 0.00514179
 1.0131e-16 3.02754e-05 0.000177683 0.000844602 0.00325173 0.0101402 0.0256134 0.052409 0.0868762 0.116679 0.126989 0.112058 0.0803119 0.0470665 0.0232082 0.0108467 0.00671218 0.00693738 0.00913541 0.0122167 0.0156629 0.0190833 0.0220854 0.0243017 0.0254609 0.0254485 0.0243298 0.0223243 0.0197452 0.0169224 0.0141368 0.0115815 0.00935512 0.00747907 0.00592681 0.00465161
 1.01347e-16 2.7648e-05 0.000162252 0.000771229 0.0029692 0.00925913 0.023388 0.0478562 0.0793315 0.106554 0.115989 0.102398 0.0734906 0.0432744 0.0217206 0.0107914 0.00753663 0.00844853 0.0113472 0.0152012 0.0194597 0.0236518 0.0272864 0.0299033 0.0311675 0.030946 0.0293363 0.0266326 0.0232466 0.0196083 0.0160801 0.0129071 0.0102081 0.00799831 0.00622863 0.00482293
 1.01767e-16 2.61686e-05 0.000153565 0.000729932 0.0028102 0.00876326 0.0221355 0.0452935 0.0750843 0.100852 0.109788 0.0969394 0.0696072 0.0410566 0.0207356 0.0105149 0.00761644 0.00873251 0.0118059 0.0158567 0.0203468 0.0248019 0.0287196 0.0316238 0.0331619 0.0331838 0.0317713 0.029206 0.0258905 0.0222498 0.0186462 0.0153295 0.012428 0.0099714 0.00792793 0.0062399
 1.01743e-16 2.84278e-05 0.000166833 0.000793016 0.0030531 0.00952077 0.0240488 0.049208 0.0815711 0.109558 0.119248 0.10525 0.0754824 0.0443366 0.0220494 0.01062 0.00699732 0.00756467 0.0100851 0.0135235 0.0173622 0.0211855 0.0245656 0.0270984 0.0284837 0.0285907 0.0274844 0.0253977 0.0226651 0.0196405 0.0166255 0.013828 0.0113556 0.00923485 0.00744231 0.00593461
 1.01863e-16 2.48272e-05 0.000145687 0.00069247 0.00266594 0.00831341 0.0209993 0.042969 0.0712322 0.0956822 0.104172 0.0920083 0.0661266 0.0391246 0.0199834 0.0104988 0.00805585 0.00953051 0.0129705 0.0174241 0.0223346 0.0271845 0.0314189 0.0345134 0.0360835 0.0359719 0.034281 0.0313355 0.0275931 0.0235332 0.0195611 0.0159516 0.0128401 0.0102484 0.00812786 0.00640167
pSPR Fmed_Fpbrs
0.449896   0.6 0.325
Fs Fmed_Fpbrs
0.887439   0.462781 1.61749
SSBpbr Bo_Bmed_Bpbrs
801755  320619  440965 220483
Ro
30946
SPR SPRFo_SPRFmed_SPRFpbrs
636671 286436 206918
log_Ro
10.16
likeval ReclasPelacesDesembMPH_pf_preclas_ppelaces_ptallas_desvR_qrecl_qpela
 66.8462 13.2403 0.0199794 0.000186983 281.689 162.566 80.1972 0 16.7756 7.00551e-10 0.000127591 1.80275e-14 0 0 0
q_reclas_q_pelaces
0.996256 4.98795
M
0.7
N
 32541.2 11245.6 3601.55 431.139 0.203259
 41381.2 14738.7 2884.82 672.107 78.4718
 17562.9 18730.1 3762.88 534.552 135.54
 26220.4 7318.84 2642.48 289.541 49.0939
 49831.8 12470.5 2665.99 829.081 104.976
 33277.2 24562.5 5871.01 1223.29 427.708
 68003.7 15414 7401.55 1390.76 383.537
 68994 32242.2 5490.72 2246.64 531.631
 90782.2 31382.6 8528.02 1072.17 529.365
 115547 40899.9 7749.63 1504.12 274.831
 68117.5 53630.6 12506.9 1876.16 422.636
 48351.7 30097.2 11516.7 1793.39 319.046
 46546 21722.8 7284.15 1971.57 351.671
 25887.9 19747.9 3485.9 678.33 207.058
 13830.8 9385.51 1025.34 60.9883 14.1836
 11836.9 4792.06 351.981 11.0778 0.734435
 9041.22 5017.34 763.887 32.456 1.04237
 10206.6 3969.6 1029.61 102.409 4.34025
 10529 4645.28 1054.35 202.3 20.4735
 16265.1 4873.6 1392.75 247.904 51.3657
 22110.1 7493.46 1412.84 311.539 65.5553
 27935.3 10591.4 2873.96 478.458 126.425
 42930.2 13303.3 3894.06 914.203 190.171
 43181.4 20262.5 4587.71 1126.56 314.997
pred_Ctot
 2068.53 4059.02 1707.9 207.828 0.0980649
 2648.75 5348.42 1374.36 325.468 38.0329
 2051.94 10337.4 2525.32 362.67 92.0106
 798.804 1427.7 718.306 80.3639 13.6414
 265.443 467.238 146.357 46.6568 5.91537
 1615.49 7146.5 2302.62 488.639 171.012
 2218.06 3193.76 2128.35 408.214 112.698
 4190.34 11232.2 2524.93 1050.55 248.818
 6089.51 11804.7 4190.3 535.292 264.514
 5449.34 11618.6 2974.87 588.163 107.574
 5436.91 22950.3 6852.11 1042.89 235.108
 3332.71 11557.1 5759.47 911.09 162.219
 4919.33 11259.6 4657.87 1275.78 227.705
 5117.07 14292 2832.34 554.402 169.281
 3069.4 7107.61 857.458 51.2562 11.9234
 1257.89 2492.62 225.693 7.18758 0.47682
 758.644 2225.17 431.048 18.5734 0.596952
 615.941 1375.98 471.407 47.6814 2.02261
 516.142 1362.42 416.494 81.3844 8.24435
 848.779 1504.31 575.809 104.334 21.6386
 563.333 1245.28 330.327 74.4281 15.6795
 826.014 2011.96 762.066 129.558 34.272
 1533.83 2985.03 1205.56 288.768 60.1332
 1611.1 4720.36 1470.27 368.28 103.083
F
 0.0920286 0.660509 0.978701 1.00416 1.00554
 0.0926952 0.665294 0.985791 1.01144 1.01282
 0.175335 1.25842 1.86464 1.91315 1.91577
 0.0431748 0.309875 0.459154 0.471098 0.471744
 0.00743127 0.0533358 0.0790297 0.0810856 0.0811968
 0.0695997 0.499532 0.740176 0.759431 0.760472
 0.0462874 0.332215 0.492255 0.505061 0.505753
 0.0877663 0.629917 0.933372 0.957653 0.958966
 0.0973368 0.698607 1.03515 1.06208 1.06354
 0.0675539 0.484849 0.718419 0.737109 0.738119
 0.116803 0.838321 1.24217 1.27449 1.27623
 0.100141 0.71873 1.06497 1.09267 1.09417
 0.157392 1.12963 1.67382 1.71736 1.71972
 0.31461 2.25802 3.3458 3.43284 3.43755
 0.359937 2.58334 3.82784 3.92742 3.9328
 0.15832 1.1363 1.68369 1.72749 1.72986
 0.123129 0.883721 1.30944 1.34351 1.34535
 0.087184 0.625739 0.927181 0.951301 0.952605
 0.0703016 0.50457 0.747641 0.76709 0.768142
 0.0749912 0.538228 0.797513 0.818259 0.819381
 0.0359944 0.258339 0.382791 0.392749 0.393288
 0.041881 0.300589 0.445394 0.456981 0.457607
 0.0508037 0.364629 0.540284 0.55434 0.5551
 0.0531063 0.381156 0.564773 0.579465 0.580259
nmprior
 10 10 8 0
nm_flota  nm_reclas  nm_pelaces    nm_pelaL
inf 23.3482 13.5175 22.755
cv_recla  cv_pelaces  cv_mph
0.756946 0.428167 0.443649
 ------------------------------------------------
Talla a la edad & desviación 
 7.2 14.2025 17.0495 18.207 18.6776
 1.08 2.13037 2.55742 2.73105 2.80164
