years
 1997 1998 1999 2000 2001 2002 2003 2004 2005 2006 2007 2008 2009 2010 2011 2012 2013 2014 2015 2016 2017 2018 2019 2020
reclasobs
 0 0 0 370054 412103 1.49427e+06 250295 1.28982e+06 931140 785840 897777 1.04006e+06 184774 17550 25797 100020 73551 82996 120727 218422 84188 347160 605670 569463
reclaspred
 374164 98025.7 277829 209438 331650 394297 872775 605115 710927 683440 547855 369770 227065 104140 72080.8 73149.9 91428.1 121638 125304 186271 276916 254465 435353 482796
pelacesobs
 0 0 0 0 0 0 0 0 0 2.06254e+06 1.5e+06 0 1.87456e+06 323000 250000 174000 83755 137374 0 501740 490994 745055 786931 1.00524e+06
pelacespred
 913969 214056 377486 430600 588087 582555 1.49087e+06 1.26032e+06 1.32955e+06 1.28486e+06 930339 649999 398054 151506 103064 112195 146587 197680 210081 302555 500411 448785 607524 800076
mphobs
 0 0 0 0 0 112323 0 153150 637223 0 255016 313432 73983 77613 109348 50772 0 0 0 0 0 0 0 0
mphpred
 629403 357394 414722 475046 545544 906368 1.35217e+06 1.60851e+06 1.43746e+06 1.53894e+06 1.52747e+06 1.08898e+06 672747 354142 167451 142858 173358 237862 286798 324518 508502 613508 770780 1.0554e+06
desembarqueobs
 350755 77701 442110 56441 14545 235359 269955 359681 431902 328805 639364 411747 362871 311530 167758 66681 60226 58785 57116 71774 51957 67425 138520 160799
desembarquepred
 350756 77696.9 442055 56441.1 14545 235389 269978 359655 431896 328795 639447 411914 363093 311853 167755 66686.9 60242 58783.7 57110 71769.3 51956.2 67417.2 138514 160796
Reclutas
 42735.8 56155.3 31551.8 56204.7 98027.5 67742.9 110661 114186 146159 152302 68343.3 40074 42777 22959.3 17649.6 21282 17302.7 18333.7 20630.4 40687.8 50718.2 64500.1 99415.4 86153.3
log_desv_Rt
 -0.157207 0.115876 -0.460615 0.116757 0.673003 0.303475 0.794228 0.825586 1.07245 1.11362 0.312299 -0.221517 -0.156244 -0.778523 -1.04153 -0.854383 -1.06138 -1.0035 -0.885479 -0.206316 0.0140393 0.254421 0.687062 0.543883
SSB
 629403 357394 414722 475046 545544 906368 1.35217e+06 1.60851e+06 1.43746e+06 1.53894e+06 1.52747e+06 1.08898e+06 672747 354142 167451 142858 173358 237862 286798 324518 508502 613508 770780 1.0554e+06
BT
 1.91618e+06 516028 918648 830962 1.0644e+06 1.22814e+06 2.85404e+06 2.66369e+06 2.77557e+06 2.61648e+06 2.24135e+06 1.54253e+06 1.07019e+06 571845 327353 256043 311817 401068 425624 600365 938268 866904 1.18315e+06 1.56612e+06
Ftot
 0.478224 0.439401 0.691346 0.138486 0.0247056 0.232101 0.147366 0.285885 0.306749 0.2288 0.445654 0.409345 0.651721 1.15282 1.11532 0.447113 0.321174 0.220638 0.193258 0.198774 0.0908043 0.114812 0.1371 0.140639
BD_Bspro_t
 0.940261 0.720638 0.663687 0.517375 0.673665 0.816738 0.781364 0.79007 0.744053 0.719202 0.695024 0.547102 0.433932 0.322613 0.203796 0.214863 0.322234 0.48056 0.583616 0.665798 0.773943 0.842545 0.848336 0.846871
BD_Bspro
 0.611719 0.347353 0.40307 0.4617 0.530217 0.880903 1.31418 1.56332 1.39707 1.4957 1.48455 1.05838 0.653845 0.344192 0.162746 0.138845 0.168487 0.231179 0.27874 0.3154 0.494215 0.596271 0.749125 1.02575
BD_Bo
 0.540796 0.30708 0.356337 0.408169 0.468743 0.778769 1.16181 1.38207 1.23509 1.32229 1.31243 0.93567 0.578037 0.304286 0.143877 0.122747 0.148952 0.204375 0.246422 0.278832 0.436915 0.527139 0.66227 0.906822
BD_Brms
 1.87472 1.06452 1.23528 1.41496 1.62494 2.69968 4.02754 4.79107 4.28157 4.58384 4.54967 3.24359 2.00383 1.05484 0.498765 0.425514 0.516358 0.708488 0.854248 0.9666 1.51461 1.82738 2.29583 3.14359
S_f
 0.183012 1 1 1 1
 0.183012 1 1 1 1
 0.183012 1 1 1 1
 0.183012 1 1 1 1
 0.183012 1 1 1 1
 0.183012 1 1 1 1
 0.183012 1 1 1 1
 0.183012 1 1 1 1
 0.183012 1 1 1 1
 0.183012 1 1 1 1
 0.183012 1 1 1 1
 0.183012 1 1 1 1
 0.183012 1 1 1 1
 0.183012 1 1 1 1
 0.183012 1 1 1 1
 0.183012 1 1 1 1
 0.183012 1 1 1 1
 0.183012 1 1 1 1
 0.183012 1 1 1 1
 0.183012 1 1 1 1
 0.183012 1 1 1 1
 0.183012 1 1 1 1
 0.183012 1 1 1 1
 0.183012 1 1 1 1
Scru_reclas
 1 1 1 1 1
 1 1 1 1 1
 1 1 1 1 1
 1 1 1 1 1
 1 1 1 1 1
 1 1 1 1 1
 1 1 1 1 1
 1 1 1 1 1
 1 1 1 1 1
 1 1 1 1 1
 1 1 1 1 1
 1 1 1 1 1
 1 1 1 1 1
 1 1 1 1 1
 1 1 1 1 1
 1 1 1 1 1
 1 1 1 1 1
 1 1 1 1 1
 1 1 1 1 1
 1 1 1 1 1
 1 1 1 1 1
 1 1 1 1 1
 1 1 1 1 1
 1 1 1 1 1
Scru_pelaces
 1 1 1 1 1
 1 1 1 1 1
 1 1 1 1 1
 1 1 1 1 1
 1 1 1 1 1
 1 1 1 1 1
 1 1 1 1 1
 1 1 1 1 1
 1 1 1 1 1
 1 1 1 1 1
 1 1 1 1 1
 1 1 1 1 1
 1 1 1 1 1
 1 1 1 1 1
 1 1 1 1 1
 1 1 1 1 1
 1 1 1 1 1
 1 1 1 1 1
 1 1 1 1 1
 1 1 1 1 1
 1 1 1 1 1
 1 1 1 1 1
 1 1 1 1 1
 1 1 1 1 1
pf_obs 
 0.256992 0.487395 0.22802 0.0275931 0
 0.321318 0.546541 0.124235 0.00734118 0.000564706
 0.182869 0.594174 0.210203 0.0122559 0.00049798
 0.330522 0.361315 0.267642 0.0388342 0.00168674
 0.649043 0.306663 0.0425973 0.00169635 0
 0.582887 0.30429 0.105238 0.00758474 0
 0.465427 0.430635 0.0974691 0.00646863 0
 0.296916 0.608066 0.0921331 0.00288517 0
 0.311714 0.524322 0.152257 0.0117073 0
 0.15457 0.633149 0.183074 0.0267441 0.00246327
 0.131901 0.49318 0.331252 0.0422183 0.00144891
 0.196976 0.569456 0.194076 0.0375587 0.00193317
 0.518974 0.381816 0.0799577 0.0180837 0.00116848
 0.0928022 0.601141 0.25162 0.0475244 0.00691264
 0.122501 0.610282 0.24278 0.0234846 0.000952079
 0.383417 0.481906 0.127806 0.00687128 0
 0.0376549 0.599619 0.316969 0.0457579 0
 0.0361596 0.667082 0.258105 0.0386534 0
 0.158088 0.579412 0.248529 0.0139706 0
 0.0477256 0.309471 0.559284 0.082774 0.000745712
 0.0406174 0.521527 0.379366 0.0568643 0.0016247
 0.151134 0.462217 0.34131 0.0453401 0
 0.294876 0.26143 0.354403 0.0886775 0.000613685
 0.281977 0.475581 0.204845 0.0348837 0.00271318
pf_pred 
 0.307523 0.485495 0.184778 0.0221919 1.09633e-05
 0.316391 0.514584 0.118503 0.0451021 0.00541943
 0.176312 0.62342 0.150751 0.0347164 0.0148006
 0.326769 0.417503 0.193552 0.0468033 0.0153734
 0.329472 0.495321 0.108654 0.0503713 0.0161814
 0.168677 0.607568 0.165288 0.0362577 0.0222086
 0.267809 0.404587 0.239428 0.0651359 0.0230401
 0.227351 0.526523 0.136002 0.0804834 0.0296403
 0.263779 0.476752 0.176815 0.0456717 0.0369814
 0.233851 0.531117 0.152199 0.0564466 0.0263862
 0.115517 0.574673 0.21477 0.0615452 0.0334954
 0.112292 0.415805 0.306608 0.114587 0.0507075
 0.194014 0.367571 0.205355 0.151426 0.0816347
 0.171214 0.532734 0.135015 0.0754305 0.085607
 0.249976 0.50064 0.160301 0.0406264 0.0484567
 0.325834 0.512646 0.107814 0.0345213 0.0191843
 0.21777 0.598739 0.139529 0.0293443 0.0146173
 0.222353 0.496714 0.215033 0.0501111 0.0157885
 0.22663 0.490181 0.180884 0.0783067 0.0239981
 0.339583 0.420371 0.152147 0.0561443 0.0317543
 0.270893 0.55044 0.113726 0.0411613 0.0237798
 0.25215 0.507894 0.181155 0.0374282 0.0213727
 0.286778 0.470819 0.164625 0.0587184 0.0190594
 0.194344 0.564474 0.159211 0.0556695 0.0263012
pobs_RECLAS
 0 0 0 0 0
 0 0 0 0 0
 0 0 0 0 0
 0 0 0 0 0
 0.835266 0.146461 0.0176864 0.000547809 3.91292e-05
 0.385257 0.428462 0.181853 0.0044286 0
 0.867414 0.0963971 0.0333333 0.00285562 0
 0.441836 0.489002 0.0689373 0.000224442 0
 0.779404 0.147425 0.0564933 0.0165055 0.000172143
 0.814271 0.122319 0.05973 0.00367925 0
 0.40263 0.566651 0.0304383 0.000280538 0
 0.475488 0.404961 0.113038 0.00651328 0
 0.955842 0.0263864 0.0167828 0.000988607 0
 0.975058 0.0227948 0.00214734 0 0
 0.738997 0.206755 0.0527124 0.00153531 0
 0.850938 0.134255 0.0134407 0.00136685 0
 0.542534 0.407297 0.0501686 0 0
 0.764087 0.199537 0.0359546 0.000420521 0
 0.470689 0.182191 0.310203 0.0369168 0
 0.84361 0.089868 0.0606195 0.00523954 0.000663233
 0.607945 0.314616 0.071237 0.00620181 0
 0.523733 0.453247 0.0230204 0 0
 0.530135 0.295979 0.169645 0.0042399 0
 0.562478 0.366248 0.0663022 0.0049721 0
ppred_RECLAS
 0.714627 0.200075 0.0761481 0.00914539 4.51804e-06
 0.722334 0.209012 0.0481333 0.0183194 0.00220125
 0.551755 0.339261 0.0820377 0.0188924 0.0080544
 0.727637 0.168905 0.0783033 0.0189348 0.00621949
 0.728856 0.200295 0.0439369 0.0203689 0.00654333
 0.52903 0.344206 0.0936407 0.0205411 0.0125818
 0.668244 0.183319 0.108485 0.0295131 0.0104395
 0.620479 0.258626 0.0668035 0.0395331 0.0145592
 0.665958 0.216315 0.0802256 0.0207224 0.0167794
 0.62817 0.257763 0.0738655 0.0273948 0.0128058
 0.423456 0.374596 0.139996 0.0401178 0.0218337
 0.414968 0.274031 0.202066 0.0755173 0.0334181
 0.579632 0.191709 0.107105 0.0789772 0.0425772
 0.556254 0.285235 0.0722893 0.0403868 0.0458354
 0.668045 0.221579 0.0709482 0.0179809 0.0214466
 0.731062 0.204505 0.0430092 0.0137712 0.007653
 0.607949 0.300086 0.0699316 0.0147073 0.00732615
 0.612666 0.247406 0.107105 0.0249596 0.00786403
 0.61807 0.242077 0.0893298 0.0386719 0.0118515
 0.73962 0.165738 0.0599863 0.0221358 0.0125196
 0.671003 0.248377 0.0513168 0.0185733 0.0107302
 0.649529 0.238018 0.0848961 0.0175403 0.0100161
 0.688762 0.205457 0.0718398 0.0256237 0.00831718
 0.570428 0.300975 0.0848906 0.0296827 0.0140237
pobs_PELACES
 0 0 0 0 0
 0 0 0 0 0
 0 0 0 0 0
 0 0 0 0 0
 0 0 0 0 0
 0 0 0 0 0
 0 0 0 0 0
 0 0 0 0 0
 0 0 0 0 0
 0 0 0 0 0
 0.450072 0.473896 0.0757376 0.000293798 0
 0 0 0 0 0
 0.463077 0.371075 0.160297 0.00555027 0
 0.529543 0.364841 0.0842815 0.0213345 0
 0.631943 0.363953 0.00410389 0 0
 0.735681 0.248677 0.0153453 0.000297389 0
 0.695825 0.281241 0.0229344 0 0
 0.275771 0.60734 0.115278 0.00161068 0
 0 0 0 0 0
 0.896147 0.0623911 0.0374545 0.00400742 0
 0.803859 0.145111 0.0509908 3.86294e-05 0
 0.739449 0.233085 0.0266225 0.000797448 4.60066e-05
 0.878498 0.100942 0.0204185 0.000141795 0
 0.694673 0.275183 0.0284847 0.00165964 0
ppred_PELACES
 0.740178 0.182161 0.0693301 0.00832654 4.11351e-06
 0.745458 0.191605 0.0441247 0.0167937 0.00201793
 0.597283 0.304802 0.0737052 0.0169736 0.00723633
 0.734974 0.164355 0.0761942 0.0184248 0.00605196
 0.73017 0.199324 0.043724 0.0202702 0.00651161
 0.544588 0.332836 0.0905474 0.0198626 0.0121662
 0.676993 0.178484 0.105624 0.0287348 0.0101642
 0.638453 0.246377 0.0636396 0.0376607 0.0138696
 0.684096 0.204569 0.0758694 0.0195972 0.0158683
 0.642461 0.247857 0.0710266 0.0263419 0.0123137
 0.453026 0.355384 0.132816 0.0380602 0.0207139
 0.441986 0.261376 0.192734 0.0720296 0.0318747
 0.621747 0.172503 0.0963743 0.0710647 0.0383116
 0.631063 0.237148 0.0601024 0.0335782 0.0381083
 0.731069 0.179511 0.0574781 0.0145671 0.0173748
 0.754093 0.186992 0.0393261 0.0125919 0.00699762
 0.628384 0.284444 0.0662866 0.0139407 0.00694429
 0.626684 0.238452 0.103229 0.0240562 0.00757942
 0.630292 0.23433 0.0864712 0.0374344 0.0114722
 0.749808 0.159253 0.0576393 0.0212697 0.0120298
 0.676385 0.244314 0.0504774 0.0182695 0.0105547
 0.656543 0.233255 0.0831972 0.0171893 0.00981563
 0.69663 0.200263 0.0700237 0.024976 0.00810693
 0.579694 0.294483 0.0830596 0.0290424 0.0137212
pobs_pel_tallas
 0 0 0 0 0 0 0 0 0 0 0 0 0 0 0 0 0 0 0 0 0 0 0 0 0 0 0 0 0 0 0 0 0 0 0 0
 0 0 0 0 0 0 0 0 0 0 0 0 0 0 0 0 0 0 0 0 0 0 0 0 0 0 0 0 0 0 0 0 0 0 0 0
 0 0 0 0 0 0 0 0 0 0 0 0 0 0 0 0 0 0 0 0 0 0 0 0 0 0 0 0 0 0 0 0 0 0 0 0
 0 0 0 0 0 0 0 0 0 0 0 0 0 0 0 0 0 0 0 0 0 0 0 0 0 0 0 0 0 0 0 0 0 0 0 0
 0 0 0 0 0 0 0 0 0 0 0 0 0 0 0 0 0 0 0 0 0 0 0 0 0 0 0 0 0 0 0 0 0 0 0 0
 0 0 0 0 0 0 0 0 0 0 0 0 0 0 0 0 0 0 0 0 0 0 0 0 0 0 0 0 0 0 0 0 0 0 0 0
 0 0 0 0 0 0 0 0 0 0 0 0 0 0 0 0 0 0 0 0 0 0 0 0 0 0 0 0 0 0 0 0 0 0 0 0
 0 0 0 0 0 0 0 0 0 0 0 0 0 0 0 0 0 0 0 0 0 0 0 0 0 0 0 0 0 0 0 0 0 0 0 0
 0 0 0 0 0 0 0 0 0 0 0 0 0 0 0 0 0 0 0 0 0 0 0 0 0 0 0 0 0 0 0 0 0 0 0 0
 0 0 0 0 0 0 0 0 0 0 0 0 0 0 0 0 0 0 0 0 0 0 0 0 0 0 0 0 0 0 0 0 0 0 0 0
 0 0 0 0 0 0 0 0 1.78061e-05 0.00172719 0.00360574 0.0105946 0.0120993 0.0124554 0.0147524 0.0171206 0.0266825 0.0428682 0.0675386 0.121331 0.153587 0.119568 0.100827 0.0573624 0.0630603 0.0341343 0.0324427 0.0444173 0.0211091 0.0280891 0.0125444 0.00206551 0 0 0 0
 0 0 0 0 0 0 0 0 0 0 0 0 0 0 0 0 0 0 0 0 0 0 0 0 0 0 0 0 0 0 0 0 0 0 0 0
 0 0 0 0 0 0 0.0133647 0.0140871 0.0187388 0.0205184 0.03894 0.0496705 0.03968 0.0493445 0.0407372 0.0367815 0.0215668 0.0243155 0.0234873 0.0199281 0.019796 0.0243948 0.0301388 0.0376714 0.0412746 0.0863199 0.0771752 0.113111 0.0741005 0.0525337 0.0229764 0.00759418 0.00175318 0 0 0
 0 0 0 0 0 0 0 0 0 0 0.00219441 0.00772107 0.0458388 0.0604681 0.0671733 0.0775358 0.0609151 0.0617685 0.073594 0.0568108 0.0755445 0.0548602 0.0670107 0.0636378 0.0643287 0.046367 0.0373049 0.0286899 0.0247887 0.0153202 0.00654259 0.00121912 0.000365735 0 0 0
 0 0 0 0 0 0 0 0 0 0 0 0 0.000112435 0.00938835 0.0111873 0.0202946 0.0414886 0.0713402 0.111592 0.104902 0.108894 0.110636 0.117776 0.105296 0.107544 0.0401394 0.0192827 0.0124803 0.00416011 0.0028671 0.000618394 0 0 0 0 0
 0 0 0 0 0 0 0 0 0 0 0.00291406 0.0102884 0.027416 0.0768956 0.0749926 0.110853 0.0956884 0.0897413 0.0766577 0.0534642 0.0500743 0.0551293 0.0594112 0.0620874 0.0668451 0.0424026 0.0208742 0.0120726 0.0048766 0.00582813 0.00118941 0.000297354 0 0 0 0
 0 0.00264628 0.0354308 0.0461629 0.0458689 0.0383711 0.0214643 0.0164657 0.0346957 0.0420465 0.0363128 0.0245516 0.0311673 0.0291091 0.0169068 0.0133784 0.00837989 0.0085269 0.0148486 0.0160247 0.0276389 0.0546898 0.0760071 0.122758 0.109233 0.0665981 0.0333725 0.0166128 0.00676272 0.00308733 0.000882094 0 0 0 0 0
 0 0 0 0 0 0 0 0.000805153 0.000690131 0.00759144 0.0133425 0.0154129 0.00931677 0.000345066 0.00356568 0.00563607 0.00851162 0.0253048 0.0502646 0.0516448 0.0657925 0.0565908 0.0611916 0.0827007 0.0866115 0.110766 0.145733 0.0935128 0.0569358 0.0249597 0.0138026 0.00621118 0.00161031 0.00115022 0 0
 0 0 0 0 0 0 0 0 0 0 0 0 0 0 0 0 0 0 0 0 0 0 0 0 0 0 0 0 0 0 0 0 0 0 0 0
 0.00147267 0.00158595 0.00478618 0.00569244 0.00954404 0.0108468 0.00647125 0.017049 0.0510054 0.094081 0.124002 0.0959785 0.0687766 0.0820023 0.061753 0.0591476 0.0492212 0.0479892 0.0443925 0.0268479 0.0217502 0.0140895 0.0121071 0.0120363 0.00920419 0.00665534 0.0049561 0.00860946 0.00930331 0.0156896 0.0114698 0.00855282 0.00243557 0.00046729 0 2.83206e-05
 0 0 0 0 0.000772559 0.00158375 0.000888443 0.00281984 0.00712685 0.0440552 0.0773331 0.111326 0.0921469 0.0852325 0.0710754 0.0886704 0.0786465 0.0553345 0.0373146 0.0185414 0.00753245 0.00457741 0.012979 0.0271748 0.0457355 0.0583668 0.034881 0.0177882 0.00938659 0.00492506 0.0015258 0.00185414 0.000309023 5.79419e-05 3.86279e-05 0
 0 0.00173294 0.00326652 0 0.00397197 0.00683976 0.00946217 0.0152591 0.00757587 0.0136028 0.0228656 0.0392903 0.0559909 0.0764795 0.0681675 0.0726916 0.0566044 0.0477403 0.0527397 0.0444891 0.0609904 0.0582453 0.0661739 0.0445044 0.0529084 0.0360697 0.0280645 0.0235558 0.0158879 0.00826598 0.00280645 0.00217768 0.000904811 0.00058276 9.20147e-05 0
 0 0 0 0 0 0 0 0 0 0 0 0 0 0 0 0 0 0 0 0 0 0 0 0 0 0 0 0 0 0 0 0 0 0 0 0
 0 0 0 0 0 0 0 0 0 0 0 0 0 0 0 0 0 0 0 0 0 0 0 0 0 0 0 0 0 0 0 0 0 0 0 0
ppred_pel_tallas
 1.0133e-16 3.22954e-05 0.000189547 0.000901016 0.00346896 0.0108176 0.0273244 0.0559096 0.0926767 0.124463 0.135444 0.119479 0.0855437 0.0499575 0.0243086 0.010817 0.00596567 0.00560992 0.00720598 0.0096252 0.012384 0.0151654 0.0176659 0.0195993 0.020748 0.0210083 0.0204092 0.0190955 0.0172845 0.015211 0.0130799 0.0110387 0.00917214 0.00751404 0.00606644 0.00481723
 1.01361e-16 3.2526e-05 0.0001909 0.000907447 0.00349371 0.0108948 0.0275195 0.0563086 0.0933384 0.125353 0.136413 0.120337 0.0861647 0.0503337 0.0245162 0.0109498 0.00609268 0.0057693 0.00741343 0.00988041 0.0126719 0.0154556 0.017914 0.0197518 0.0207511 0.0208188 0.0200047 0.0184815 0.0164954 0.0143052 0.0121301 0.0101194 0.00834798 0.00683113 0.00554814 0.0044647
 1.02067e-16 2.60695e-05 0.000152984 0.000727166 0.00279955 0.00873006 0.0220516 0.0451219 0.0747997 0.100469 0.109371 0.0965701 0.0693391 0.0408928 0.0206426 0.010451 0.00754993 0.00864403 0.0116847 0.0156979 0.0201512 0.0245773 0.0284811 0.0313939 0.0329682 0.0330551 0.0317342 0.0292807 0.0260879 0.02257 0.0190788 0.0158549 0.0130203 0.0106013 0.00856554 0.0068578
 1.02052e-16 3.20677e-05 0.000188212 0.000894674 0.00344454 0.0107415 0.0271321 0.0555159 0.0920238 0.123585 0.134485 0.118625 0.0849142 0.049554 0.0240457 0.0105884 0.00568516 0.005219 0.00666839 0.00892484 0.0115289 0.0141933 0.0166468 0.018631 0.0199446 0.0204833 0.0202572 0.0193759 0.0180122 0.0163552 0.014571 0.0127802 0.0110554 0.00943199 0.00792455 0.00654077
 1.01687e-16 3.18596e-05 0.000186987 0.000888844 0.00342208 0.0106714 0.0269552 0.0551543 0.0914252 0.122784 0.133621 0.117881 0.0844211 0.0493454 0.0240914 0.0108563 0.0061765 0.0059664 0.0077135 0.010293 0.0132077 0.0161177 0.0186951 0.0206342 0.0217093 0.0218242 0.0210304 0.019506 0.0175044 0.0152907 0.0130881 0.0110469 0.00924008 0.00768013 0.0063437 0.00519535
 1.02645e-16 2.37729e-05 0.000139498 0.000663049 0.00255267 0.00796018 0.020107 0.0411433 0.068206 0.091618 0.0997495 0.0881073 0.0633343 0.0374958 0.0191951 0.0101574 0.00788578 0.00939636 0.0128272 0.0172728 0.0222032 0.0271219 0.0314921 0.0348013 0.0366665 0.0369189 0.0356355 0.0331056 0.0297463 0.0259989 0.0222389 0.0187247 0.0155895 0.0128666 0.0105288 0.0085264
 1.0302e-16 2.95401e-05 0.000173371 0.000824116 0.00317287 0.00989429 0.0249922 0.0511376 0.0847672 0.113843 0.123891 0.109298 0.0782782 0.0457626 0.0223589 0.0101089 0.00580946 0.00568443 0.00742121 0.00999823 0.012978 0.0160678 0.0189782 0.0214269 0.023187 0.0241294 0.0242426 0.0236191 0.0224182 0.0208199 0.0189856 0.0170369 0.0150543 0.0130881 0.0111748 0.00934786
 1.02926e-16 2.78623e-05 0.000163514 0.000777244 0.00299238 0.00933141 0.0235705 0.0482292 0.0799484 0.107378 0.116873 0.103149 0.0739653 0.0434249 0.0215581 0.0103217 0.00672316 0.00721819 0.00961868 0.0129202 0.0166311 0.0203648 0.0237247 0.0263345 0.0279121 0.0283298 0.0276379 0.0260382 0.023823 0.0212991 0.0187238 0.0162696 0.0140212 0.0119958 0.0101746 0.00852923
 1.02559e-16 2.98509e-05 0.000175193 0.000832773 0.00320619 0.0099982 0.0252547 0.0516749 0.0856584 0.115042 0.1252 0.110465 0.0791379 0.0463142 0.0227186 0.0104217 0.00619153 0.00621299 0.00814109 0.0109243 0.0140897 0.0173023 0.020229 0.0225531 0.0240318 0.0245471 0.0241258 0.0229197 0.0211577 0.0190848 0.0169111 0.0147834 0.0127818 0.0109354 0.009245 0.00770312
 1.0257e-16 2.80371e-05 0.000164541 0.000782122 0.00301116 0.00938999 0.0237185 0.048532 0.0804502 0.108052 0.117607 0.103796 0.0744295 0.0436973 0.0216931 0.0103859 0.00676426 0.00726133 0.00967485 0.0129933 0.0167207 0.0204666 0.0238293 0.026428 0.0279761 0.0283432 0.0275789 0.0258874 0.023566 0.0209289 0.0182428 0.0156898 0.0133632 0.0112873 0.00944683 0.00781391
 1.04277e-16 1.97814e-05 0.000116062 0.000551626 0.00212366 0.0066223 0.0167277 0.0342291 0.0567465 0.0762329 0.0830196 0.0733793 0.0528548 0.0315082 0.0165308 0.00939918 0.0080801 0.0101277 0.0140095 0.018957 0.0244747 0.0300568 0.0351386 0.0391706 0.0417307 0.0426129 0.0418628 0.0397442 0.0366546 0.033021 0.0292103 0.0254801 0.0219725 0.0187408 0.0157887 0.0131048
 1.06786e-16 1.92962e-05 0.000113222 0.000538145 0.00207178 0.00646056 0.016319 0.0333923 0.0553569 0.0743595 0.0809617 0.0715185 0.0514237 0.0304739 0.0156596 0.00839374 0.00666977 0.00809496 0.0111969 0.0152881 0.0199902 0.0249482 0.029759 0.0340111 0.0373585 0.0395828 0.0406218 0.0405525 0.039544 0.0377968 0.0354948 0.0327818 0.0297647 0.0265311 0.0231696 0.0197813
 1.05657e-16 2.71308e-05 0.000159227 0.000756875 0.00291398 0.00908695 0.0229529 0.0469651 0.077851 0.104556 0.113787 0.100392 0.0719155 0.0420756 0.0206195 0.00943034 0.00557549 0.00559766 0.00738361 0.0100047 0.0130663 0.0163036 0.0194514 0.0222472 0.0244754 0.0260052 0.0268072 0.0269391 0.0265115 0.0256464 0.024445 0.0229746 0.0212747 0.0193731 0.0173051 0.0151244
 1.03865e-16 2.75396e-05 0.000161621 0.000768244 0.00295773 0.00922337 0.0232976 0.0476707 0.0790224 0.106134 0.115518 0.101949 0.0730982 0.0429019 0.0212729 0.010143 0.00655299 0.0069991 0.00932082 0.012531 0.0161532 0.0198183 0.0231487 0.0257863 0.0274616 0.0280517 0.0276011 0.0262963 0.0244066 0.0222121 0.0199432 0.0177487 0.0156954 0.0137896 0.0120088 0.0103286
 1.02187e-16 3.1898e-05 0.000187214 0.000889928 0.00342627 0.0106845 0.0269882 0.0552215 0.0915362 0.122932 0.133777 0.118008 0.0844901 0.0493412 0.0240066 0.0106793 0.0058854 0.00553152 0.0071061 0.00949609 0.0122266 0.0149886 0.0174874 0.0194462 0.0206559 0.0210187 0.0205654 0.0194376 0.0178435 0.0160042 0.0141069 0.0122799 0.0105894 0.00905407 0.00766608 0.00641026
 1.01379e-16 3.29023e-05 0.000193109 0.000917953 0.00353417 0.011021 0.0278381 0.0569605 0.0944188 0.126803 0.13799 0.121723 0.0871482 0.0508895 0.024752 0.0109953 0.00603328 0.00563896 0.00721529 0.00960615 0.0123127 0.0150077 0.0173808 0.0191448 0.0200889 0.0201249 0.0193047 0.0178001 0.0158544 0.0137221 0.0116176 0.00968535 0.00799571 0.00655964 0.00535257 0.00433684
 1.01838e-16 2.74248e-05 0.000160943 0.000765008 0.00294526 0.00918445 0.0231994 0.0474701 0.0786912 0.105693 0.115049 0.101562 0.0728767 0.0428855 0.0214751 0.0105882 0.00729502 0.00811609 0.0108934 0.0146149 0.0187513 0.0228582 0.026472 0.0291552 0.0305844 0.0306228 0.029347 0.0270171 0.0240037 0.0206964 0.0174257 0.0144175 0.0117855 0.00955264 0.00768646 0.00613226
 1.02724e-16 2.73489e-05 0.000160501 0.000762918 0.00293722 0.00915941 0.023136 0.0473402 0.0784747 0.105399 0.114719 0.101248 0.0726029 0.0426268 0.0211662 0.0101432 0.00662374 0.00713314 0.00953013 0.0128367 0.0165787 0.0203836 0.0238651 0.0266503 0.02845 0.029118 0.0286759 0.0272913 0.0252238 0.022756 0.0201347 0.017538 0.0150706 0.01278 0.0106809 0.0087763
 1.03127e-16 2.7506e-05 0.000161424 0.000767305 0.00295412 0.0092121 0.0232691 0.0476125 0.0789258 0.106004 0.115376 0.101825 0.0730082 0.0428484 0.0212456 0.0101299 0.00654675 0.00699882 0.00933123 0.0125618 0.0162186 0.0199355 0.0233356 0.0260569 0.0278209 0.0284905 0.0280923 0.0267953 0.0248548 0.0225447 0.0200996 0.0176828 0.0153837 0.013236 0.0112437 0.00940389
 1.02164e-16 3.27143e-05 0.000192008 0.000912724 0.00351404 0.0109582 0.0276796 0.056636 0.0938802 0.126077 0.137195 0.121009 0.0866078 0.0505163 0.0244634 0.0106875 0.00561514 0.00504114 0.00638982 0.00853067 0.0110001 0.0135156 0.0158146 0.0176509 0.0188358 0.0192773 0.0189951 0.0181054 0.0167833 0.0152161 0.0135635 0.0119359 0.0103929 0.00895559 0.00762448 0.00639537
 1.01918e-16 2.95162e-05 0.000173224 0.000823407 0.00317012 0.00988569 0.0249706 0.0510938 0.0846963 0.113753 0.123807 0.109257 0.0783201 0.0459306 0.0227066 0.0107104 0.00676044 0.0070908 0.00937593 0.0125502 0.0160993 0.0196286 0.0227392 0.0250573 0.0263079 0.0263758 0.0253288 0.0233905 0.0208772 0.0181197 0.0153958 0.0128921 0.0106985 0.0088279 0.0072477 0.00590902
 1.02307e-16 2.86506e-05 0.000168144 0.000799254 0.00307713 0.0095957 0.0242381 0.049595 0.0822118 0.110416 0.120175 0.106052 0.0760233 0.044585 0.0220448 0.0104065 0.00658484 0.00692979 0.00919161 0.0123458 0.0159044 0.0194948 0.022737 0.0252686 0.0268137 0.0272411 0.0265878 0.0250363 0.0228591 0.0203481 0.017755 0.0152568 0.0129515 0.0108739 0.00902216 0.00738071
 1.02297e-16 3.03972e-05 0.000178401 0.000848025 0.00326492 0.0101813 0.0257173 0.0526213 0.087227 0.117147 0.12749 0.11248 0.0805705 0.0471301 0.0230767 0.0105145 0.00614783 0.00608777 0.00794459 0.010649 0.0137248 0.0168402 0.0196681 0.0218983 0.0232943 0.0237424 0.0232717 0.0220347 0.020259 0.0181883 0.0160315 0.0139343 0.0119758 0.010184 0.00855798 0.00708799
 1.02915e-16 2.53021e-05 0.000148479 0.000705755 0.00271711 0.00847299 0.0214023 0.0437932 0.0725971 0.0975111 0.106151 0.0937276 0.0672998 0.0396936 0.0200443 0.0101613 0.00736069 0.00844804 0.0114406 0.0154 0.0198176 0.0242474 0.0282154 0.0312692 0.033069 0.0334611 0.0325066 0.0304508 0.0276503 0.0244821 0.0212657 0.0182198 0.0154566 0.0130045 0.0108439 0.00893947
pSPR Fmed_Fpbrs
0.665413   0.338467 0.338467
Fs Fmed_Fpbrs
0.263678   1.005 1.005
SSBpbr Bo_Bmed_Bpbrs
1.16385e+06  716247  335731 335731
Ro
50011.1
SPR SPRFo_SPRFmed_SPRFpbrs
1.02891e+06 684649 348251
log_Ro
10.64
likeval ReclasPelacesDesembMPH_pf_preclas_ppelaces_ptallas_desvR_qrecl_qpela
 66.2358 30.4559 0.00891652 0.00118683 286.483 169.321 80.562 0 15.134 6.42037e-05 0 0 0 0 0
q_reclas_q_pelaces
0.321282 1
M
0.7
N
 42735.8 14546.1 5536.21 664.899 0.328476
 56155.3 19443.6 4477.66 1704.18 204.774
 31551.8 25731.2 6222.15 1432.9 610.886
 56204.7 13806 6400.39 1547.7 508.371
 98027.5 27212 5969.24 2767.3 888.972
 67742.9 48459.4 13183.3 2891.9 1771.34
 110661 32241.1 19079.7 5190.6 1836.04
 114186 53490.4 13816.7 8176.46 3011.21
 146159 53812.7 19957.8 5155.12 4174.22
 152302 68618.2 19663.4 7292.66 3408.99
 68343.3 72529.3 27106.1 7767.6 4227.45
 40074 31280.2 23065.5 8620.16 3814.62
 42777 18463.8 10315.4 7606.41 4100.68
 22959.3 18854.1 4778.33 2669.57 3029.73
 17649.6 9232.62 2956.22 749.218 893.621
 21282 7146.32 1502.94 481.23 267.43
 17302.7 9737.99 2269.33 477.261 237.739
 18333.7 8101.76 3507.35 817.348 257.523
 20630.4 8743.96 3226.65 1396.85 428.083
 40687.8 9888.74 3579.08 1320.73 746.983
 50718.2 19483.2 4025.39 1456.93 841.7
 64500.1 24770.8 8835.22 1825.44 1042.38
 99415.4 31363.8 10966.6 3911.55 1269.65
 86153.3 48145 13579.4 4748.14 2243.27
pred_Ctot
 2588.57 4086.64 1555.36 186.799 0.0922832
 3134.96 5098.75 1174.19 446.893 53.6983
 2716.52 9605.3 2322.69 534.892 228.04
 1013.05 1294.34 600.048 145.1 47.6607
 318.114 478.245 104.908 48.6348 15.6235
 2031.06 7315.8 1990.25 436.583 267.416
 2120.96 3204.21 1896.19 515.856 182.47
 4198.69 9723.75 2511.66 1486.36 547.392
 5756.94 10405 3858.96 996.776 807.112
 4502.54 10226.1 2930.41 1086.81 508.037
 3867.74 19241.2 7190.93 2060.66 1121.49
 2089.16 7735.93 5704.34 2131.86 943.396
 3482.79 6598.34 3686.38 2718.27 1465.44
 3179.04 9891.59 2506.9 1400.56 1589.52
 2371.26 4749.06 1520.62 385.382 459.66
 1208.21 1900.92 399.781 128.007 71.1364
 712.746 1959.63 456.67 96.0419 47.8415
 523.015 1168.36 505.797 117.87 37.1375
 516.635 1117.43 412.349 178.511 54.7069
 1047.54 1296.75 469.338 173.192 97.9546
 601.714 1222.65 252.611 91.4285 52.8203
 965.666 1945.1 693.775 143.34 81.8518
 1774.15 2912.72 1018.46 363.262 117.911
 1576.72 4579.6 1291.69 451.648 213.383
F
 0.0875205 0.478224 0.478224 0.478224 0.478224
 0.0804156 0.439401 0.439401 0.439401 0.439401
 0.126524 0.691346 0.691346 0.691346 0.691346
 0.0253445 0.138486 0.138486 0.138486 0.138486
 0.00452142 0.0247056 0.0247056 0.0247056 0.0247056
 0.0424772 0.232101 0.232101 0.232101 0.232101
 0.0269697 0.147366 0.147366 0.147366 0.147366
 0.0523203 0.285885 0.285885 0.285885 0.285885
 0.0561386 0.306749 0.306749 0.306749 0.306749
 0.0418731 0.2288 0.2288 0.2288 0.2288
 0.0815599 0.445654 0.445654 0.445654 0.445654
 0.0749149 0.409345 0.409345 0.409345 0.409345
 0.119273 0.651721 0.651721 0.651721 0.651721
 0.210979 1.15282 1.15282 1.15282 1.15282
 0.204117 1.11532 1.11532 1.11532 1.11532
 0.0818269 0.447113 0.447113 0.447113 0.447113
 0.0587787 0.321174 0.321174 0.321174 0.321174
 0.0403794 0.220638 0.220638 0.220638 0.220638
 0.0353686 0.193258 0.193258 0.193258 0.193258
 0.036378 0.198774 0.198774 0.198774 0.198774
 0.0166182 0.0908043 0.0908043 0.0908043 0.0908043
 0.0210119 0.114812 0.114812 0.114812 0.114812
 0.0250909 0.1371 0.1371 0.1371 0.1371
 0.0257386 0.140639 0.140639 0.140639 0.140639
nmprior
 10 10 8 0
nm_flota  nm_reclas  nm_pelaces    nm_pelaL
inf 16.0163 18.9446 34.1179
cv_recla  cv_pelaces  cv_mph
0.753482 0.649382 1.11772
 ------------------------------------------------
Talla a la edad & desviación 
 7.2 14.2025 17.0495 18.207 18.6776
 1.08 2.13037 2.55742 2.73105 2.80164
