years
 1997 1998 1999 2000 2001 2002 2003 2004 2005 2006 2007 2008 2009 2010 2011 2012 2013 2014 2015 2016 2017 2018 2019 2020
reclasobs
 0 0 0 370054 412103 1.49427e+06 250295 1.28982e+06 931140 785840 897777 1.04006e+06 184774 17550 25797 100020 73551 82996 120727 218422 84188 347160 605670 569463
reclaspred
 3.76401e+06 450122 615132 167334 223351 290275 445715 430792 637996 1.16297e+06 1.35107e+06 854389 447073 198683 127767 117052 122207 150122 127743 182957 378833 374419 503554 318236
pelacesobs
 0 0 0 0 0 0 0 0 0 2.06254e+06 1.5e+06 0 1.87456e+06 323000 250000 174000 83755 137374 0 501740 490994 745055 786931 1.00524e+06
pelacespred
 1.6003e+06 644821 193675 124227 128249 119391 229558 239547 343941 669207 696628 453880 242710 85118.5 53234.1 55523.1 60501 74234 65910.9 91486.6 207709 220031 224919 168229
mphobs
 0 0 0 0 0 112323 0 153150 637223 0 255016 313432 73983 77613 109348 50772 0 0 0 0 0 0 0 0
mphpred
 2.68725e+06 1.15031e+06 479515 241488 116198 300276 279980 375987 482306 733420 1.36376e+06 938995 498384 265744 118698 101593 101053 121549 126851 114743 256119 361694 390000 359887
desembarqueobs
 350755 77701 442110 56441 14545 235359 269955 359681 431902 328805 639364 411747 362871 311530 167758 66681 60226 58785 57116 71774 51957 67425 138520 160799
desembarquepred
 350737 77681.8 441650 56418 14543.5 235102 269747 359139 431422 328569 638515 411225 362117 310812 167397 66627.2 60189.4 58736.8 57057.9 71705.4 51940.4 67381.7 138401 160647
Reclutas
 2895 4135.89 628.034 2303.2 54439.8 10971.8 46824.1 78209.5 100905 239315 52173.6 16741.3 51802.3 27331.3 19759.6 13896.5 11098 10335.5 6458.32 30261.6 37525 31778.7 30811.6 5470.58
log_desv_Rt
 -1.82926 -1.47254 -3.35741 -2.05794 1.10485 -0.496914 0.954152 1.46715 1.72194 2.58554 1.06233 -0.0743672 1.05519 0.415786 0.0913952 -0.260608 -0.485484 -0.556663 -1.02688 0.517635 0.732764 0.566551 0.535648 -1.19286
SSB
 2.68725e+06 1.15031e+06 479515 241488 116198 300276 279980 375987 482306 733420 1.36376e+06 938995 498384 265744 118698 101593 101053 121549 126851 114743 256119 361694 390000 359887
BT
 3.12871e+06 1.32801e+06 604598 296211 382130 406785 893383 1.00876e+06 1.3465e+06 2.16436e+06 1.95036e+06 1.23116e+06 914373 483457 276988 179093 190948 215062 181494 304039 559928 498784 548622 457190
Ftot
 0.0907987 0.1673 0.665211 0.323036 0.0636446 0.745489 0.573315 0.779373 0.637887 0.273284 0.448526 0.455989 0.750835 1.35047 1.17056 0.537866 0.468451 0.3745 0.425012 0.376625 0.133425 0.174533 0.264814 0.477213
BD_Bspro_t
 0.985605 0.889664 0.699361 0.384232 0.390549 0.677973 0.465295 0.487326 0.490219 0.537135 0.644227 0.477771 0.337842 0.246688 0.145507 0.149766 0.195631 0.290845 0.351774 0.390984 0.606482 0.731402 0.714451 0.625918
BD_Bspro
 7.24288 3.10041 1.29243 0.650877 0.313186 0.809328 0.754624 1.01339 1.29995 1.97677 3.67571 2.53085 1.34328 0.716254 0.319923 0.27382 0.272367 0.327607 0.3419 0.309264 0.690312 0.974865 1.05116 0.969996
BD_Bo
 2.48323 1.06298 0.44311 0.223154 0.107376 0.277479 0.258723 0.347441 0.445688 0.677737 1.26022 0.867705 0.460546 0.245568 0.109686 0.0938794 0.0933812 0.11232 0.117221 0.106031 0.236674 0.334233 0.360391 0.332564
BD_Brms
 12.0903 5.17544 2.15741 1.08649 0.522793 1.35099 1.25967 1.69162 2.16997 3.29977 6.13577 4.22469 2.24231 1.19562 0.534039 0.457081 0.454655 0.546866 0.570724 0.516246 1.15232 1.62732 1.75467 1.61919
S_f
 0.5 1 1 1 1
 0.5 1 1 1 1
 0.5 1 1 1 1
 0.5 1 1 1 1
 0.5 1 1 1 1
 0.5 1 1 1 1
 0.5 1 1 1 1
 0.5 1 1 1 1
 0.5 1 1 1 1
 0.5 1 1 1 1
 0.5 1 1 1 1
 0.5 1 1 1 1
 0.5 1 1 1 1
 0.5 1 1 1 1
 0.5 1 1 1 1
 0.5 1 1 1 1
 0.5 1 1 1 1
 0.5 1 1 1 1
 0.5 1 1 1 1
 0.5 1 1 1 1
 0.5 1 1 1 1
 0.5 1 1 1 1
 0.5 1 1 1 1
 0.5 1 1 1 1
Scru_reclas
 0.5 1 1 1 1
 0.5 1 1 1 1
 0.5 1 1 1 1
 0.5 1 1 1 1
 0.5 1 1 1 1
 0.5 1 1 1 1
 0.5 1 1 1 1
 0.5 1 1 1 1
 0.5 1 1 1 1
 0.5 1 1 1 1
 0.5 1 1 1 1
 0.5 1 1 1 1
 0.5 1 1 1 1
 0.5 1 1 1 1
 0.5 1 1 1 1
 0.5 1 1 1 1
 0.5 1 1 1 1
 0.5 1 1 1 1
 0.5 1 1 1 1
 0.5 1 1 1 1
 0.5 1 1 1 1
 0.5 1 1 1 1
 0.5 1 1 1 1
 0.5 1 1 1 1
Scru_pelaces
 0.5 1 1 1 1
 0.5 1 1 1 1
 0.5 1 1 1 1
 0.5 1 1 1 1
 0.5 1 1 1 1
 0.5 1 1 1 1
 0.5 1 1 1 1
 0.5 1 1 1 1
 0.5 1 1 1 1
 0.5 1 1 1 1
 0.5 1 1 1 1
 0.5 1 1 1 1
 0.5 1 1 1 1
 0.5 1 1 1 1
 0.5 1 1 1 1
 0.5 1 1 1 1
 0.5 1 1 1 1
 0.5 1 1 1 1
 0.5 1 1 1 1
 0.5 1 1 1 1
 0.5 1 1 1 1
 0.5 1 1 1 1
 0.5 1 1 1 1
 0.5 1 1 1 1
pf_obs 
 0.256992 0.487395 0.22802 0.0275931 0
 0.321318 0.546541 0.124235 0.00734118 0.000564706
 0.182869 0.594174 0.210203 0.0122559 0.00049798
 0.330522 0.361315 0.267642 0.0388342 0.00168674
 0.649043 0.306663 0.0425973 0.00169635 0
 0.582887 0.30429 0.105238 0.00758474 0
 0.465427 0.430635 0.0974691 0.00646863 0
 0.296916 0.608066 0.0921331 0.00288517 0
 0.311714 0.524322 0.152257 0.0117073 0
 0.15457 0.633149 0.183074 0.0267441 0.00246327
 0.131901 0.49318 0.331252 0.0422183 0.00144891
 0.196976 0.569456 0.194076 0.0375587 0.00193317
 0.518974 0.381816 0.0799577 0.0180837 0.00116848
 0.0928022 0.601141 0.25162 0.0475244 0.00691264
 0.122501 0.610282 0.24278 0.0234846 0.000952079
 0.383417 0.481906 0.127806 0.00687128 0
 0.0376549 0.599619 0.316969 0.0457579 0
 0.0361596 0.667082 0.258105 0.0386534 0
 0.158088 0.579412 0.248529 0.0139706 0
 0.0477256 0.309471 0.559284 0.082774 0.000745712
 0.0406174 0.521527 0.379366 0.0568643 0.0016247
 0.151134 0.462217 0.34131 0.0453401 0
 0.294876 0.26143 0.354403 0.0886775 0.000613685
 0.281977 0.475581 0.204845 0.0348837 0.00271318
pf_pred 
 0.0138261 0.628775 0.315015 0.0423826 1.11648e-06
 0.0418142 0.0267927 0.593847 0.297516 0.0400294
 0.0156853 0.0825353 0.0252155 0.558889 0.317675
 0.171038 0.0310223 0.0669076 0.0204411 0.710591
 0.898403 0.0316743 0.00261672 0.00564364 0.0616623
 0.187115 0.770112 0.0133351 0.00110166 0.0283363
 0.719358 0.102595 0.168678 0.0029208 0.0064478
 0.691763 0.26467 0.015927 0.0261857 0.00145439
 0.64977 0.297801 0.0450191 0.0027091 0.00470144
 0.740077 0.212555 0.0402771 0.00608876 0.00100226
 0.192003 0.695141 0.0922893 0.0174879 0.00307885
 0.135081 0.303962 0.482606 0.0640725 0.0142786
 0.544437 0.119836 0.117986 0.187329 0.0304128
 0.425731 0.430588 0.0377953 0.0372118 0.0686739
 0.552937 0.31068 0.10226 0.00897595 0.0251467
 0.52581 0.370398 0.0721291 0.0237412 0.00792208
 0.455706 0.393065 0.118128 0.0230035 0.0100981
 0.457442 0.356805 0.134143 0.0403139 0.0112967
 0.351116 0.423565 0.148177 0.0557082 0.0214334
 0.776617 0.122989 0.0655329 0.0229256 0.0119352
 0.578833 0.37307 0.0264812 0.0141101 0.00750601
 0.412089 0.435384 0.135108 0.00959024 0.00782834
 0.401685 0.356393 0.179158 0.0555962 0.00716764
 0.117588 0.522057 0.21465 0.107904 0.0378016
pobs_RECLAS
 0 0 0 0 0
 0 0 0 0 0
 0 0 0 0 0
 0 0 0 0 0
 0.835266 0.146461 0.0176864 0.000547809 3.91292e-05
 0.385257 0.428462 0.181853 0.0044286 0
 0.867414 0.0963971 0.0333333 0.00285562 0
 0.441836 0.489002 0.0689373 0.000224442 0
 0.779404 0.147425 0.0564933 0.0165055 0.000172143
 0.814271 0.122319 0.05973 0.00367925 0
 0.40263 0.566651 0.0304383 0.000280538 0
 0.475488 0.404961 0.113038 0.00651328 0
 0.955842 0.0263864 0.0167828 0.000988607 0
 0.975058 0.0227948 0.00214734 0 0
 0.738997 0.206755 0.0527124 0.00153531 0
 0.850938 0.134255 0.0134407 0.00136685 0
 0.542534 0.407297 0.0501686 0 0
 0.764087 0.199537 0.0359546 0.000420521 0
 0.470689 0.182191 0.310203 0.0369168 0
 0.84361 0.089868 0.0606195 0.00523954 0.000663233
 0.607945 0.314616 0.071237 0.00620181 0
 0.523733 0.453247 0.0230204 0 0
 0.530135 0.295979 0.169645 0.0042399 0
 0.562478 0.366248 0.0663022 0.0049721 0
ppred_RECLAS
 0.0138654 0.62875 0.315003 0.0423809 1.11644e-06
 0.0420427 0.0267863 0.593706 0.297445 0.0400198
 0.0161942 0.0824926 0.0252025 0.5586 0.317511
 0.172818 0.0309557 0.066764 0.0203972 0.709066
 0.898582 0.0316185 0.0026121 0.00563368 0.0615535
 0.192978 0.764557 0.0132389 0.00109371 0.0281319
 0.724662 0.100656 0.16549 0.00286559 0.00632594
 0.70035 0.257297 0.0154833 0.0254562 0.00141387
 0.656702 0.291906 0.0441279 0.00265548 0.00460838
 0.742027 0.21096 0.0399748 0.00604306 0.000994742
 0.194972 0.692587 0.0919502 0.0174236 0.00306754
 0.137368 0.303158 0.48133 0.063903 0.0142408
 0.553964 0.11733 0.115518 0.183411 0.0297767
 0.44832 0.413651 0.0363086 0.0357481 0.0659726
 0.571114 0.298048 0.0981021 0.008611 0.0241242
 0.531848 0.365681 0.0712106 0.0234388 0.0078212
 0.460708 0.389453 0.117042 0.0227921 0.0100053
 0.461183 0.354345 0.133218 0.040036 0.0112188
 0.355167 0.420921 0.147252 0.0553605 0.0212996
 0.779238 0.121546 0.0647639 0.0226566 0.0117951
 0.579906 0.37212 0.0264138 0.0140742 0.0074869
 0.413537 0.434312 0.134775 0.00956662 0.00780906
 0.404039 0.354991 0.178453 0.0553775 0.00713945
 0.119747 0.52078 0.214124 0.10764 0.0377091
pobs_PELACES
 0 0 0 0 0
 0 0 0 0 0
 0 0 0 0 0
 0 0 0 0 0
 0 0 0 0 0
 0 0 0 0 0
 0 0 0 0 0
 0 0 0 0 0
 0 0 0 0 0
 0 0 0 0 0
 0.450072 0.473896 0.0757376 0.000293798 0
 0 0 0 0 0
 0.463077 0.371075 0.160297 0.00555027 0
 0.529543 0.364841 0.0842815 0.0213345 0
 0.631943 0.363953 0.00410389 0 0
 0.735681 0.248677 0.0153453 0.000297389 0
 0.695825 0.281241 0.0229344 0 0
 0.275771 0.60734 0.115278 0.00161068 0
 0 0 0 0 0
 0.896147 0.0623911 0.0374545 0.00400742 0
 0.803859 0.145111 0.0509908 3.86294e-05 0
 0.739449 0.233085 0.0266225 0.000797448 4.60066e-05
 0.878498 0.100942 0.0204185 0.000141795 0
 0.694673 0.275183 0.0284847 0.00165964 0
ppred_PELACES
 0.0140717 0.628618 0.314937 0.042372 1.1162e-06
 0.0431687 0.0267549 0.593008 0.297096 0.0399728
 0.018039 0.0823379 0.0251552 0.557552 0.316916
 0.18057 0.0306655 0.0661383 0.020206 0.70242
 0.899535 0.0313213 0.00258756 0.00558074 0.0609751
 0.212861 0.745721 0.0129128 0.00106676 0.0274388
 0.74313 0.0939048 0.15439 0.00267338 0.00590163
 0.726624 0.234737 0.0141257 0.0232242 0.0012899
 0.680025 0.272075 0.0411301 0.00247507 0.0042953
 0.750564 0.203979 0.0386519 0.00584308 0.000961824
 0.206851 0.682367 0.0905934 0.0171665 0.00302227
 0.14653 0.299938 0.476218 0.0632243 0.0140896
 0.584334 0.109341 0.107653 0.170923 0.0277493
 0.503841 0.372021 0.0326545 0.0321504 0.0593331
 0.61764 0.265716 0.08746 0.00767688 0.0215072
 0.553868 0.348481 0.0678611 0.0223364 0.00745332
 0.479961 0.375549 0.112864 0.0219784 0.00964807
 0.47657 0.344226 0.129414 0.0388927 0.0108984
 0.371386 0.410334 0.143549 0.053968 0.0207639
 0.789743 0.115762 0.0616823 0.0215786 0.0112339
 0.585259 0.367377 0.0260772 0.0138948 0.00739148
 0.420539 0.429127 0.133166 0.00945242 0.00771583
 0.414603 0.348698 0.17529 0.0543959 0.0070129
 0.128299 0.51572 0.212044 0.106594 0.0373428
pobs_pel_tallas
 0 0 0 0 0 0 0 0 0 0 0 0 0 0 0 0 0 0 0 0 0 0 0 0 0 0 0 0 0 0 0 0 0 0 0 0
 0 0 0 0 0 0 0 0 0 0 0 0 0 0 0 0 0 0 0 0 0 0 0 0 0 0 0 0 0 0 0 0 0 0 0 0
 0 0 0 0 0 0 0 0 0 0 0 0 0 0 0 0 0 0 0 0 0 0 0 0 0 0 0 0 0 0 0 0 0 0 0 0
 0 0 0 0 0 0 0 0 0 0 0 0 0 0 0 0 0 0 0 0 0 0 0 0 0 0 0 0 0 0 0 0 0 0 0 0
 0 0 0 0 0 0 0 0 0 0 0 0 0 0 0 0 0 0 0 0 0 0 0 0 0 0 0 0 0 0 0 0 0 0 0 0
 0 0 0 0 0 0 0 0 0 0 0 0 0 0 0 0 0 0 0 0 0 0 0 0 0 0 0 0 0 0 0 0 0 0 0 0
 0 0 0 0 0 0 0 0 0 0 0 0 0 0 0 0 0 0 0 0 0 0 0 0 0 0 0 0 0 0 0 0 0 0 0 0
 0 0 0 0 0 0 0 0 0 0 0 0 0 0 0 0 0 0 0 0 0 0 0 0 0 0 0 0 0 0 0 0 0 0 0 0
 0 0 0 0 0 0 0 0 0 0 0 0 0 0 0 0 0 0 0 0 0 0 0 0 0 0 0 0 0 0 0 0 0 0 0 0
 0 0 0 0 0 0 0 0 0 0 0 0 0 0 0 0 0 0 0 0 0 0 0 0 0 0 0 0 0 0 0 0 0 0 0 0
 0 0 0 0 0 0 0 0 1.78061e-05 0.00172719 0.00360574 0.0105946 0.0120993 0.0124554 0.0147524 0.0171206 0.0266825 0.0428682 0.0675386 0.121331 0.153587 0.119568 0.100827 0.0573624 0.0630603 0.0341343 0.0324427 0.0444173 0.0211091 0.0280891 0.0125444 0.00206551 0 0 0 0
 0 0 0 0 0 0 0 0 0 0 0 0 0 0 0 0 0 0 0 0 0 0 0 0 0 0 0 0 0 0 0 0 0 0 0 0
 0 0 0 0 0 0 0.0133647 0.0140871 0.0187388 0.0205184 0.03894 0.0496705 0.03968 0.0493445 0.0407372 0.0367815 0.0215668 0.0243155 0.0234873 0.0199281 0.019796 0.0243948 0.0301388 0.0376714 0.0412746 0.0863199 0.0771752 0.113111 0.0741005 0.0525337 0.0229764 0.00759418 0.00175318 0 0 0
 0 0 0 0 0 0 0 0 0 0 0.00219441 0.00772107 0.0458388 0.0604681 0.0671733 0.0775358 0.0609151 0.0617685 0.073594 0.0568108 0.0755445 0.0548602 0.0670107 0.0636378 0.0643287 0.046367 0.0373049 0.0286899 0.0247887 0.0153202 0.00654259 0.00121912 0.000365735 0 0 0
 0 0 0 0 0 0 0 0 0 0 0 0 0.000112435 0.00938835 0.0111873 0.0202946 0.0414886 0.0713402 0.111592 0.104902 0.108894 0.110636 0.117776 0.105296 0.107544 0.0401394 0.0192827 0.0124803 0.00416011 0.0028671 0.000618394 0 0 0 0 0
 0 0 0 0 0 0 0 0 0 0 0.00291406 0.0102884 0.027416 0.0768956 0.0749926 0.110853 0.0956884 0.0897413 0.0766577 0.0534642 0.0500743 0.0551293 0.0594112 0.0620874 0.0668451 0.0424026 0.0208742 0.0120726 0.0048766 0.00582813 0.00118941 0.000297354 0 0 0 0
 0 0.00264628 0.0354308 0.0461629 0.0458689 0.0383711 0.0214643 0.0164657 0.0346957 0.0420465 0.0363128 0.0245516 0.0311673 0.0291091 0.0169068 0.0133784 0.00837989 0.0085269 0.0148486 0.0160247 0.0276389 0.0546898 0.0760071 0.122758 0.109233 0.0665981 0.0333725 0.0166128 0.00676272 0.00308733 0.000882094 0 0 0 0 0
 0 0 0 0 0 0 0 0.000805153 0.000690131 0.00759144 0.0133425 0.0154129 0.00931677 0.000345066 0.00356568 0.00563607 0.00851162 0.0253048 0.0502646 0.0516448 0.0657925 0.0565908 0.0611916 0.0827007 0.0866115 0.110766 0.145733 0.0935128 0.0569358 0.0249597 0.0138026 0.00621118 0.00161031 0.00115022 0 0
 0 0 0 0 0 0 0 0 0 0 0 0 0 0 0 0 0 0 0 0 0 0 0 0 0 0 0 0 0 0 0 0 0 0 0 0
 0.00147267 0.00158595 0.00478618 0.00569244 0.00954404 0.0108468 0.00647125 0.017049 0.0510054 0.094081 0.124002 0.0959785 0.0687766 0.0820023 0.061753 0.0591476 0.0492212 0.0479892 0.0443925 0.0268479 0.0217502 0.0140895 0.0121071 0.0120363 0.00920419 0.00665534 0.0049561 0.00860946 0.00930331 0.0156896 0.0114698 0.00855282 0.00243557 0.00046729 0 2.83206e-05
 0 0 0 0 0.000772559 0.00158375 0.000888443 0.00281984 0.00712685 0.0440552 0.0773331 0.111326 0.0921469 0.0852325 0.0710754 0.0886704 0.0786465 0.0553345 0.0373146 0.0185414 0.00753245 0.00457741 0.012979 0.0271748 0.0457355 0.0583668 0.034881 0.0177882 0.00938659 0.00492506 0.0015258 0.00185414 0.000309023 5.79419e-05 3.86279e-05 0
 0 0.00173294 0.00326652 0 0.00397197 0.00683976 0.00946217 0.0152591 0.00757587 0.0136028 0.0228656 0.0392903 0.0559909 0.0764795 0.0681675 0.0726916 0.0566044 0.0477403 0.0527397 0.0444891 0.0609904 0.0582453 0.0661739 0.0445044 0.0529084 0.0360697 0.0280645 0.0235558 0.0158879 0.00826598 0.00280645 0.00217768 0.000904811 0.00058276 9.20147e-05 0
 0 0 0 0 0 0 0 0 0 0 0 0 0 0 0 0 0 0 0 0 0 0 0 0 0 0 0 0 0 0 0 0 0 0 0 0
 0 0 0 0 0 0 0 0 0 0 0 0 0 0 0 0 0 0 0 0 0 0 0 0 0 0 0 0 0 0 0 0 0 0 0 0
ppred_pel_tallas
 1.06132e-16 6.52468e-07 3.73229e-06 1.75391e-05 6.71874e-05 0.000209209 0.000529145 0.00108789 0.00182304 0.00250809 0.00288702 0.00292191 0.00291121 0.00335521 0.00473013 0.00738384 0.0115597 0.0174167 0.024974 0.0340137 0.0440135 0.0541608 0.0634614 0.070925 0.075772 0.0775963 0.0764328 0.0727063 0.0670913 0.0603349 0.0531034 0.0458936 0.0390175 0.0326386 0.0268297 0.0216232
 1.20503e-16 1.89715e-06 1.10943e-05 5.26599e-05 0.000202616 0.000631685 0.00159557 0.00326549 0.00541608 0.00728354 0.00795222 0.0070775 0.00520616 0.00332829 0.0021793 0.00197598 0.00263352 0.00406506 0.00630668 0.00949231 0.0137836 0.019306 0.0260971 0.0340636 0.0429511 0.0523335 0.0616314 0.070162 0.0772177 0.0821627 0.0845288 0.0840895 0.080899 0.0752801 0.0677723 0.059044
 1.34351e-16 8.01226e-07 4.66113e-06 2.20777e-05 8.48709e-05 0.000264513 0.000668173 0.00136811 0.0022717 0.00306286 0.00336483 0.00304395 0.00234576 0.00171007 0.001481 0.00179692 0.00267886 0.00415082 0.00628533 0.00918677 0.012959 0.0176808 0.0233899 0.0300715 0.0376455 0.045949 0.0547188 0.0635779 0.0720387 0.0795311 0.0854594 0.0892821 0.0905982 0.0892184 0.0852074 0.0788803
 1.34465e-16 7.88621e-06 4.62611e-05 0.000219859 0.000846399 0.00263932 0.00666666 0.013641 0.0226125 0.0303709 0.0330577 0.0291785 0.0209299 0.0123052 0.00615199 0.00304581 0.00218173 0.00262719 0.00387089 0.00577924 0.00840377 0.0118507 0.0162193 0.0215697 0.0278967 0.0351051 0.0429881 0.0512165 0.0593453 0.0668434 0.0731461 0.0777248 0.0801618 0.0802148 0.0778556 0.0732793
 1.03088e-16 3.92377e-05 0.000230319 0.00109488 0.00421545 0.0131456 0.0332045 0.0679393 0.112612 0.151218 0.164513 0.14501 0.103581 0.0600025 0.0282826 0.0110316 0.00388767 0.00175136 0.00152332 0.00190701 0.00248777 0.003143 0.00381885 0.00447583 0.00508432 0.00562778 0.00610307 0.00651549 0.00687085 0.00716766 0.00739278 0.00752239 0.00752782 0.00738402 0.00707754 0.00661204
 1.01745e-16 9.32456e-06 5.46363e-05 0.000259523 0.000998854 0.00311455 0.0078679 0.0161043 0.0267153 0.0359405 0.0392755 0.0350362 0.025936 0.0168624 0.0114061 0.0105063 0.0134421 0.0192156 0.0270865 0.0364213 0.0464271 0.0560573 0.064115 0.0694795 0.071366 0.0695191 0.0642793 0.0564881 0.047275 0.0377946 0.0289982 0.0215005 0.0155554 0.0111213 0.0079704 0.00580038
 1.0259e-16 3.24208e-05 0.00019029 0.000904569 0.00348266 0.0108604 0.0274324 0.0561297 0.0930393 0.124943 0.135948 0.119879 0.0857342 0.0498761 0.023912 0.010041 0.00470702 0.00373992 0.00460619 0.0062332 0.0082389 0.0104417 0.0126827 0.0147957 0.0166239 0.0180414 0.0189683 0.0193721 0.0192603 0.0186691 0.0176532 0.0162807 0.0146318 0.0127977 0.0108779 0.00897272
 1.01136e-16 3.17063e-05 0.000186084 0.000884544 0.00340552 0.0106198 0.0268248 0.0548876 0.0909842 0.122195 0.132987 0.11734 0.0840737 0.0492226 0.0241801 0.0111453 0.00668253 0.0067303 0.00878096 0.0116914 0.0149251 0.0180888 0.0207958 0.0226915 0.0235237 0.0232024 0.0218196 0.0196214 0.0169426 0.0141264 0.0114564 0.00911593 0.00718323 0.00565147 0.00446249 0.00353955
 1.00959e-16 2.9676e-05 0.00017416 0.00082785 0.00318722 0.00993901 0.0251053 0.0513696 0.0851543 0.11437 0.124484 0.109868 0.0787875 0.0462632 0.0229791 0.0110179 0.00718862 0.00770807 0.0102323 0.0136715 0.0174768 0.0212084 0.024418 0.0266889 0.0277202 0.0273966 0.0258139 0.0232478 0.020081 0.0167123 0.0134771 0.0106012 0.0081921 0.00626001 0.0047533 0.00359412
 1.00861e-16 3.27491e-05 0.000192208 0.000913667 0.00351766 0.0109695 0.0277081 0.0566947 0.0939786 0.126213 0.137352 0.12117 0.0867732 0.0507126 0.0247441 0.011124 0.00628919 0.00603596 0.00777715 0.0103516 0.0132431 0.0160984 0.0185773 0.0203655 0.0212342 0.0210916 0.0200022 0.0181647 0.0158576 0.0133728 0.0109575 0.00877967 0.00692234 0.00539842 0.0041768 0.00320754
 1.0224e-16 9.06016e-06 5.30892e-05 0.00025218 0.0009706 0.00302646 0.00764531 0.0156484 0.0259581 0.0349189 0.0381512 0.0340151 0.0251409 0.0162699 0.0108809 0.00987614 0.0125485 0.0179306 0.0253206 0.03414 0.0436747 0.0529771 0.0609522 0.0665606 0.0690523 0.0681441 0.064084 0.0575718 0.0495749 0.0410985 0.0329868 0.0258053 0.0198196 0.0150487 0.0113557 0.00853765
 1.09689e-16 6.4153e-06 3.75945e-05 0.000178589 0.00068738 0.00214333 0.00541418 0.0110806 0.018377 0.0247093 0.0269662 0.0239712 0.0175646 0.0110731 0.00692378 0.00572271 0.00695696 0.00997519 0.0143854 0.0199724 0.0265107 0.0336617 0.0409692 0.0479166 0.0540086 0.0588444 0.0621625 0.0638448 0.0638932 0.0623944 0.0594906 0.0553674 0.0502547 0.044428 0.0382015 0.0319056
 1.08734e-16 2.54967e-05 0.00014964 0.00071131 0.00273857 0.00853994 0.0215712 0.0441374 0.0731624 0.0982547 0.106919 0.0943079 0.0675032 0.039386 0.0191024 0.00840667 0.00453163 0.00422818 0.00553018 0.00761127 0.0101754 0.0130704 0.0161499 0.0192544 0.0222278 0.0249358 0.0272744 0.0291658 0.0305467 0.0313583 0.0315438 0.0310587 0.0298871 0.0280582 0.0256568 0.0228189
 1.04462e-16 2.19975e-05 0.000129072 0.000613474 0.00236179 0.0073649 0.0186034 0.0380671 0.0631082 0.084776 0.0923147 0.0815746 0.0587132 0.0349099 0.0181466 0.0100451 0.00831917 0.010223 0.0140301 0.0188723 0.0241998 0.0294697 0.0340935 0.0375178 0.0393439 0.0394202 0.0378732 0.0350622 0.031478 0.0276192 0.0238886 0.0205358 0.0176539 0.0152166 0.013133 0.0112999
 1.02597e-16 2.69556e-05 0.000158189 0.000751923 0.00289488 0.00902736 0.0228025 0.046658 0.0773447 0.103883 0.113077 0.0998147 0.0716101 0.0421142 0.0210416 0.0102983 0.00700278 0.00773603 0.0103833 0.0139627 0.017974 0.022005 0.0256248 0.0284225 0.0300876 0.0304768 0.02964 0.0277942 0.0252584 0.0223722 0.0194264 0.0166229 0.0140694 0.0117984 0.00979819 0.00804105
 1.02193e-16 2.41781e-05 0.000141876 0.000674351 0.00259618 0.00809585 0.0204497 0.0418446 0.0693688 0.0931807 0.101452 0.0896153 0.0644266 0.0381588 0.0195639 0.0103981 0.00812251 0.00970031 0.0132319 0.0177856 0.0228068 0.0277726 0.0321193 0.0353141 0.0369658 0.0369139 0.0352613 0.032336 0.0286002 0.0245369 0.0205533 0.0169237 0.0137815 0.0111461 0.0089675 0.00716901
 1.02931e-16 2.09567e-05 0.00012296 0.000584417 0.0022499 0.00701599 0.0177221 0.036264 0.0601198 0.080764 0.0879526 0.0777359 0.0559851 0.0333581 0.0174705 0.00988185 0.00843097 0.0105176 0.0145076 0.0195745 0.0251816 0.0307835 0.0357764 0.03958 0.0417581 0.0421136 0.0407264 0.0379151 0.0341441 0.0299071 0.0256273 0.0215991 0.0179793 0.0148137 0.0120813 0.00973442
 1.03795e-16 2.08075e-05 0.000122087 0.000580274 0.00223396 0.00696629 0.0175966 0.0360068 0.0596927 0.080188 0.0873193 0.0771619 0.0555409 0.0330319 0.0171879 0.00954797 0.00795827 0.00983443 0.0135609 0.0183379 0.0236675 0.0290544 0.0339493 0.0378187 0.0402526 0.0410511 0.0402592 0.0381344 0.035065 0.0314693 0.0277081 0.0240365 0.0205973 0.0174461 0.0145884 0.0120132
 1.04996e-16 1.62237e-05 9.51702e-05 0.000452293 0.00174118 0.00542955 0.013715 0.0280653 0.0465316 0.0625214 0.068117 0.0602774 0.0435706 0.0262807 0.0143507 0.00904789 0.00876231 0.0115316 0.0161095 0.021826 0.0281755 0.03459 0.040421 0.0450369 0.0479536 0.0489375 0.0480461 0.0455882 0.042026 0.0378534 0.0334927 0.0292372 0.0252458 0.0215734 0.0182183 0.0151629
 1.0218e-16 3.44539e-05 0.000202225 0.000961306 0.00370111 0.0115416 0.0291531 0.0596506 0.0988755 0.132781 0.144477 0.127403 0.0911206 0.0530198 0.0254356 0.0107027 0.00503575 0.00399107 0.0048565 0.0064645 0.00837584 0.0103645 0.0122373 0.0138124 0.0149453 0.0155558 0.0156395 0.0152589 0.0145183 0.0135333 0.0124054 0.0112081 0.00998714 0.00876867 0.00757052 0.00641076
 1.01313e-16 2.55476e-05 0.000149914 0.000712563 0.0027433 0.00855464 0.0216086 0.0442159 0.0732996 0.0984602 0.107199 0.0946873 0.068064 0.0402946 0.0206233 0.0109001 0.00843434 0.0100072 0.0135994 0.0182139 0.023253 0.0281557 0.0323248 0.0352043 0.0363992 0.0357697 0.0334642 0.0298746 0.0255345 0.0209928 0.0167047 0.0129679 0.0099125 0.00753107 0.00573116 0.00438659
 1.02716e-16 1.83678e-05 0.000107756 0.000512124 0.00197154 0.00614791 0.0155295 0.0317781 0.052686 0.0707869 0.0771119 0.0682127 0.0492533 0.0296015 0.0159691 0.00976896 0.00915325 0.0118767 0.016512 0.0222964 0.0286701 0.0350199 0.0406547 0.0449092 0.0472829 0.0475515 0.0458095 0.0424274 0.0379456 0.0329405 0.0279089 0.0232001 0.0190032 0.0153769 0.012298 0.00970766
 1.04799e-16 1.81058e-05 0.000106225 0.000504861 0.0019436 0.00606081 0.0153094 0.0313272 0.0519364 0.0697738 0.0759928 0.0671857 0.0484315 0.0289478 0.0153289 0.00894258 0.0079463 0.0101194 0.0140727 0.0191071 0.0247607 0.0305484 0.0359183 0.0403242 0.0433336 0.0447147 0.0444731 0.0428234 0.0401128 0.0367251 0.0329996 0.0291862 0.0254406 0.0218467 0.0184505 0.0152867
 1.08586e-16 5.62829e-06 3.29562e-05 0.000156498 0.000602258 0.00187784 0.00474381 0.0097105 0.0161116 0.0216841 0.0237196 0.0212151 0.0158256 0.0105277 0.00752889 0.00745252 0.00993188 0.0144372 0.0205865 0.028042 0.036336 0.044806 0.0526541 0.0590884 0.0634889 0.0655351 0.0652571 0.0629878 0.0592462 0.0545917 0.0495028 0.0443128 0.0392079 0.0342681 0.0295236 0.0250012
pSPR Fmed_Fpbrs
0.510722   0.255389 0.255389
Fs Fmed_Fpbrs
0.387351   1.005 1.005
SSBpbr Bo_Bmed_Bpbrs
1.08216e+06  498575  222264 222264
Ro
18033.7
SPR SPRFo_SPRFmed_SPRFpbrs
371019 189488 94754.3
log_Ro
9.62
likeval ReclasPelacesDesembMPH_pf_preclas_ppelaces_ptallas_desvR_qrecl_qpela
 101.478 121.572 0.153023 0.000575386 400.964 189.983 94.0551 0 58.5207 0 0 0 0 0 0
q_reclas_q_pelaces
1 1
M
0.7
N
 2895 67146.4 33640.2 4526 0.119228
 4135.89 1373.81 30449.7 15255.2 2052.52
 628.034 1889.01 577.114 12791.4 7270.72
 2303.2 223.629 482.314 147.353 5122.41
 54439.8 973.15 80.395 173.393 1894.49
 10971.8 26187.3 453.454 37.4613 963.56
 46824.1 3753.11 6170.53 106.848 235.871
 78209.5 17457 1050.5 1727.14 95.9278
 100905 26303.6 3976.36 239.284 415.26
 239315 36424.3 6902.05 1043.39 171.752
 52173.6 103662 13762.6 2607.87 459.131
 16741.3 20703.7 32871.7 4364.17 972.558
 51802.3 6618.59 6516.42 10346.3 1679.71
 27331.3 17672.6 1551.23 1527.28 2818.58
 19759.6 6908.81 2274.02 199.605 559.204
 13896.5 5464.98 1064.22 350.286 116.885
 11098 5273.55 1584.86 308.626 135.481
 10335.5 4360.28 1639.27 492.65 138.05
 6458.32 4256.01 1488.9 559.76 215.364
 30261.6 2593.13 1381.71 483.369 251.643
 37525 12448.1 883.591 470.808 250.451
 31778.7 17431.8 5409.42 383.972 313.429
 30811.6 14462.1 7270.05 2256.04 290.856
 5470.58 13403.1 5510.83 2770.28 970.504
pred_Ctot
 92.6498 4213.48 2110.94 284.01 0.00748163
 239.841 153.68 3406.23 1706.52 229.603
 130.26 685.424 209.405 4641.36 2638.17
 249.359 45.2278 97.5456 29.8013 1035.98
 1228.52 43.3132 3.57824 7.71741 84.3203
 2508.27 10323.3 178.757 14.7677 379.847
 8532.13 1216.86 2000.65 34.6429 76.4759
 18562.3 7101.95 427.372 702.647 39.0259
 20183.4 9250.4 1398.4 84.1512 146.038
 22155.1 6363.1 1205.74 182.274 30.004
 7635.85 27645.4 3670.29 695.484 122.444
 2486.99 5596.3 8885.35 1179.65 262.886
 11914.3 2622.46 2581.98 4099.45 665.546
 10027.3 10141.7 890.2 876.458 1617.49
 6509.36 3657.43 1203.84 105.668 296.035
 2393.35 1685.96 328.313 108.064 36.0593
 1689.25 1457.04 437.884 85.2709 37.4322
 1283.04 1000.77 376.247 113.073 31.6852
 900.133 1085.87 379.873 142.816 54.9474
 3776.27 598.029 318.651 111.475 58.0342
 1748.33 1126.84 79.9852 42.6189 22.6715
 1919.5 2028 629.329 44.671 36.4641
 2769.1 2456.86 1235.06 383.263 49.4115
 846.693 3759.09 1545.59 776.966 272.192
F
 0.0453994 0.0907987 0.0907987 0.0907987 0.0907987
 0.08365 0.1673 0.1673 0.1673 0.1673
 0.332606 0.665211 0.665211 0.665211 0.665211
 0.161518 0.323036 0.323036 0.323036 0.323036
 0.0318223 0.0636446 0.0636446 0.0636446 0.0636446
 0.372745 0.745489 0.745489 0.745489 0.745489
 0.286657 0.573315 0.573315 0.573315 0.573315
 0.389686 0.779373 0.779373 0.779373 0.779373
 0.318944 0.637887 0.637887 0.637887 0.637887
 0.136642 0.273284 0.273284 0.273284 0.273284
 0.224263 0.448526 0.448526 0.448526 0.448526
 0.227994 0.455989 0.455989 0.455989 0.455989
 0.375417 0.750835 0.750835 0.750835 0.750835
 0.675233 1.35047 1.35047 1.35047 1.35047
 0.585279 1.17056 1.17056 1.17056 1.17056
 0.268933 0.537866 0.537866 0.537866 0.537866
 0.234225 0.468451 0.468451 0.468451 0.468451
 0.18725 0.3745 0.3745 0.3745 0.3745
 0.212506 0.425012 0.425012 0.425012 0.425012
 0.188312 0.376625 0.376625 0.376625 0.376625
 0.0667125 0.133425 0.133425 0.133425 0.133425
 0.0872663 0.174533 0.174533 0.174533 0.174533
 0.132407 0.264814 0.264814 0.264814 0.264814
 0.238606 0.477213 0.477213 0.477213 0.477213
nmprior
 10 10 8 0
nm_flota  nm_reclas  nm_pelaces    nm_pelaL
inf 9.32642 8.09244 12.2941
cv_recla  cv_pelaces  cv_mph
0.932636 1.29742 0.778247
 ------------------------------------------------
Talla a la edad & desviación 
 7.2 14.2025 17.0495 18.207 18.6776
 1.08 2.13037 2.55742 2.73105 2.80164
