years
 1997 1998 1999 2000 2001 2002 2003 2004 2005 2006 2007 2008 2009 2010 2011 2012 2013 2014 2015 2016 2017 2018 2019 2020
reclasobs
 0 0 0 370054 412103 1.49427e+06 250295 1.28982e+06 931140 785840 897777 1.04006e+06 184774 17550 25797 100020 73551 82996 120727 218422 84188 347160 605670 569463
reclaspred
 740055 129545 183440 121741 263347 275474 592750 473666 660043 948307 797768 529606 335970 146093 90975.2 86260 99906 120214 109302 183320 297719 267343 413377 341234
pelacesobs
 0 0 0 0 0 0 0 0 0 2.06254e+06 1.5e+06 0 1.87456e+06 323000 250000 174000 83755 137374 0 501740 490994 745055 786931 1.00524e+06
pelacespred
 744568 207064 106130 135761 266979 220275 615739 514657 707036 1.01069e+06 776321 536883 344166 120529 73668.9 75444.1 91546.5 112671 104306 169947 312932 274204 336106 333137
mphobs
 0 0 0 0 0 112323 0 153150 637223 0 255016 313432 73983 77613 109348 50772 0 0 0 0 0 0 0 0
mphpred
 315761 133472 85626.9 46138.9 66788.5 142617 174759 210760 220578 303329 441547 320388 190388 103062 44150.6 34375 39521.7 49561.4 53885.4 55467.3 103689 132907 158353 186546
desembarqueobs
 350755 77701 442110 56441 14545 235359 269955 359681 431902 328805 639364 411747 362871 311530 167758 66681 60226 58785 57116 71774 51957 67425 138520 160799
desembarquepred
 350736 77672.5 441620 56426.1 14544.5 235313 269925 359369 431644 328641 638893 411549 362555 311279 167515 66651.2 60220.5 58760.5 57087.6 71735.6 51948.6 67398.4 138472 160755
Reclutas
 17710.4 33556.1 6184.49 27419.5 58287.9 26381.7 57885.9 78491.9 114600 194330 62748.9 32864.8 47854.6 21836 14975.9 16330 11657 11189.3 10696.9 30503.9 35593 40569.5 52290.1 22405.3
log_desv_Rt
 -0.558094 0.0809743 -1.6102 -0.120991 0.63315 -0.159575 0.62623 0.93075 1.30921 1.83731 0.706896 0.0601561 0.435923 -0.348685 -0.725804 -0.639238 -0.97634 -1.01728 -1.06229 -0.0143913 0.139904 0.270773 0.524563 -0.322947
SSB
 926033 391434 251118 135312 195871 418252 512517 618096 646889 889575 1.29493e+06 939603 558350 302249 129480 100812 115905 145349 158030 162669 304089 389777 464403 547085
BT
 1.56557e+06 524267 423635 303979 489876 577709 1.29257e+06 1.31563e+06 1.65786e+06 2.11649e+06 1.94689e+06 1.33206e+06 973450 514050 272388 189953 212752 249078 236449 362881 601616 554531 697894 734147
Ftot
 0.288102 0.472933 1.30897 0.532717 0.0680681 0.534984 0.426828 0.796974 0.735179 0.396534 0.521129 0.474793 0.816383 1.41417 1.55174 0.670628 0.502866 0.380623 0.368872 0.417472 0.151724 0.184703 0.236193 0.291601
BD_Bspro_t
 0.957497 0.734738 0.541231 0.248949 0.458709 0.692941 0.585321 0.59125 0.565362 0.593907 0.649363 0.496751 0.375477 0.278158 0.160563 0.15805 0.235062 0.355021 0.43092 0.497579 0.671105 0.770256 0.769228 0.73931
BD_Bspro
 1.45449 0.614813 0.394424 0.21253 0.307648 0.656936 0.804995 0.970824 1.01605 1.39723 2.0339 1.47581 0.876983 0.474734 0.203371 0.158342 0.182049 0.228295 0.248213 0.255499 0.477623 0.61221 0.729423 0.859289
BD_Bo
 1.0279 0.434493 0.278742 0.150196 0.217417 0.464262 0.568896 0.686088 0.718049 0.987431 1.43737 1.04296 0.619771 0.335498 0.143724 0.111901 0.128655 0.161338 0.175414 0.180563 0.33754 0.432654 0.515489 0.607266
BD_Brms
 3.44465 1.45605 0.934107 0.503331 0.728598 1.55581 1.90646 2.29918 2.40629 3.30903 4.81685 3.49512 2.07694 1.1243 0.48164 0.374998 0.431144 0.540667 0.587837 0.605095 1.13115 1.44989 1.72748 2.03504
S_f
 0.150953 1 1 1 1
 0.150953 1 1 1 1
 0.150953 1 1 1 1
 0.150953 1 1 1 1
 0.150953 1 1 1 1
 0.150953 1 1 1 1
 0.150953 1 1 1 1
 0.150953 1 1 1 1
 0.150953 1 1 1 1
 0.150953 1 1 1 1
 0.150953 1 1 1 1
 0.150953 1 1 1 1
 0.150953 1 1 1 1
 0.150953 1 1 1 1
 0.150953 1 1 1 1
 0.150953 1 1 1 1
 0.150953 1 1 1 1
 0.150953 1 1 1 1
 0.150953 1 1 1 1
 0.150953 1 1 1 1
 0.150953 1 1 1 1
 0.150953 1 1 1 1
 0.150953 1 1 1 1
 0.150953 1 1 1 1
Scru_reclas
 1 1 1 1 1
 1 1 1 1 1
 1 1 1 1 1
 1 1 1 1 1
 1 1 1 1 1
 1 1 1 1 1
 1 1 1 1 1
 1 1 1 1 1
 1 1 1 1 1
 1 1 1 1 1
 1 1 1 1 1
 1 1 1 1 1
 1 1 1 1 1
 1 1 1 1 1
 1 1 1 1 1
 1 1 1 1 1
 1 1 1 1 1
 1 1 1 1 1
 1 1 1 1 1
 1 1 1 1 1
 1 1 1 1 1
 1 1 1 1 1
 1 1 1 1 1
 1 1 1 1 1
Scru_pelaces
 1 1 1 1 1
 1 1 1 1 1
 1 1 1 1 1
 1 1 1 1 1
 1 1 1 1 1
 1 1 1 1 1
 1 1 1 1 1
 1 1 1 1 1
 1 1 1 1 1
 1 1 1 1 1
 1 1 1 1 1
 1 1 1 1 1
 1 1 1 1 1
 1 1 1 1 1
 1 1 1 1 1
 1 1 1 1 1
 1 1 1 1 1
 1 1 1 1 1
 1 1 1 1 1
 1 1 1 1 1
 1 1 1 1 1
 1 1 1 1 1
 1 1 1 1 1
 1 1 1 1 1
pf_obs 
 0.256992 0.487395 0.22802 0.0275931 0
 0.321318 0.546541 0.124235 0.00734118 0.000564706
 0.182869 0.594174 0.210203 0.0122559 0.00049798
 0.330522 0.361315 0.267642 0.0388342 0.00168674
 0.649043 0.306663 0.0425973 0.00169635 0
 0.582887 0.30429 0.105238 0.00758474 0
 0.465427 0.430635 0.0974691 0.00646863 0
 0.296916 0.608066 0.0921331 0.00288517 0
 0.311714 0.524322 0.152257 0.0117073 0
 0.15457 0.633149 0.183074 0.0267441 0.00246327
 0.131901 0.49318 0.331252 0.0422183 0.00144891
 0.196976 0.569456 0.194076 0.0375587 0.00193317
 0.518974 0.381816 0.0799577 0.0180837 0.00116848
 0.0928022 0.601141 0.25162 0.0475244 0.00691264
 0.122501 0.610282 0.24278 0.0234846 0.000952079
 0.383417 0.481906 0.127806 0.00687128 0
 0.0376549 0.599619 0.316969 0.0457579 0
 0.0361596 0.667082 0.258105 0.0386534 0
 0.158088 0.579412 0.248529 0.0139706 0
 0.0477256 0.309471 0.559284 0.082774 0.000745712
 0.0406174 0.521527 0.379366 0.0568643 0.0016247
 0.151134 0.462217 0.34131 0.0453401 0
 0.294876 0.26143 0.354403 0.0886775 0.000613685
 0.281977 0.475581 0.204845 0.0348837 0.00271318
pf_pred 
 0.0770445 0.612772 0.273573 0.0366051 5.27907e-06
 0.21681 0.304445 0.31785 0.141904 0.0189901
 0.0604555 0.656084 0.110188 0.11504 0.0582327
 0.476137 0.240045 0.19819 0.0332857 0.0523422
 0.389129 0.541734 0.0316796 0.0261559 0.0113006
 0.120241 0.715594 0.145585 0.00851356 0.0100661
 0.313224 0.371695 0.256287 0.0521407 0.0066542
 0.313218 0.541427 0.078669 0.0542429 0.0124439
 0.345911 0.535526 0.093469 0.013581 0.0115124
 0.356839 0.537171 0.086778 0.0151459 0.0040662
 0.0929142 0.741025 0.138695 0.0224056 0.00496047
 0.0870746 0.426766 0.397158 0.0743344 0.014667
 0.218419 0.34694 0.203182 0.189086 0.0423733
 0.154108 0.623092 0.0988999 0.0579198 0.0659805
 0.232523 0.550904 0.15953 0.0253213 0.0317222
 0.30298 0.572168 0.0896196 0.0259519 0.00927969
 0.186998 0.651249 0.13278 0.0207975 0.00817599
 0.192766 0.533851 0.218991 0.0446488 0.0097427
 0.18738 0.532917 0.184977 0.0758793 0.0188464
 0.407695 0.382932 0.137307 0.0476597 0.0244063
 0.253153 0.633603 0.0732139 0.0262522 0.0137785
 0.211566 0.557559 0.195867 0.0226327 0.0123748
 0.224803 0.511773 0.186287 0.0654412 0.0116964
 0.0929622 0.619385 0.189904 0.0691255 0.0286235
pobs_RECLAS
 0 0 0 0 0
 0 0 0 0 0
 0 0 0 0 0
 0 0 0 0 0
 0.835266 0.146461 0.0176864 0.000547809 3.91292e-05
 0.385257 0.428462 0.181853 0.0044286 0
 0.867414 0.0963971 0.0333333 0.00285562 0
 0.441836 0.489002 0.0689373 0.000224442 0
 0.779404 0.147425 0.0564933 0.0165055 0.000172143
 0.814271 0.122319 0.05973 0.00367925 0
 0.40263 0.566651 0.0304383 0.000280538 0
 0.475488 0.404961 0.113038 0.00651328 0
 0.955842 0.0263864 0.0167828 0.000988607 0
 0.975058 0.0227948 0.00214734 0 0
 0.738997 0.206755 0.0527124 0.00153531 0
 0.850938 0.134255 0.0134407 0.00136685 0
 0.542534 0.407297 0.0501686 0 0
 0.764087 0.199537 0.0359546 0.000420521 0
 0.470689 0.182191 0.310203 0.0369168 0
 0.84361 0.089868 0.0606195 0.00523954 0.000663233
 0.607945 0.314616 0.071237 0.00620181 0
 0.523733 0.453247 0.0230204 0 0
 0.530135 0.295979 0.169645 0.0042399 0
 0.562478 0.366248 0.0663022 0.0049721 0
ppred_RECLAS
 0.360088 0.424853 0.189676 0.0253794 3.66013e-06
 0.654402 0.134343 0.140257 0.0626182 0.00837975
 0.326689 0.470173 0.0789647 0.0824415 0.0417316
 0.862065 0.0632047 0.0521843 0.00876425 0.0137819
 0.808972 0.169408 0.00990666 0.00817933 0.00353387
 0.484537 0.419276 0.0853005 0.00498821 0.00589784
 0.756544 0.131762 0.0908512 0.0184834 0.00235885
 0.76305 0.1868 0.0271419 0.0187146 0.00429332
 0.787659 0.173852 0.0303435 0.00440889 0.00373737
 0.790401 0.175058 0.02828 0.0049359 0.00132513
 0.413011 0.479528 0.0897514 0.014499 0.00321
 0.39486 0.282886 0.263259 0.0492732 0.00972218
 0.66415 0.149082 0.0873086 0.0812511 0.0182081
 0.582557 0.307492 0.0488065 0.0285831 0.032561
 0.703404 0.2129 0.0616514 0.00978558 0.0122592
 0.751779 0.203759 0.0319151 0.00924194 0.00330466
 0.61201 0.310797 0.0633667 0.00992522 0.00390184
 0.618469 0.25232 0.103504 0.0211028 0.00460479
 0.60996 0.255789 0.088785 0.0364204 0.00904588
 0.824139 0.113696 0.0407678 0.0141506 0.00724646
 0.69366 0.25989 0.0300307 0.0107681 0.00565164
 0.642379 0.2529 0.0888421 0.0102659 0.005613
 0.660765 0.223958 0.0815212 0.0286378 0.00511848
 0.408657 0.403808 0.123808 0.0450664 0.0186611
pobs_PELACES
 0 0 0 0 0
 0 0 0 0 0
 0 0 0 0 0
 0 0 0 0 0
 0 0 0 0 0
 0 0 0 0 0
 0 0 0 0 0
 0 0 0 0 0
 0 0 0 0 0
 0 0 0 0 0
 0.450072 0.473896 0.0757376 0.000293798 0
 0 0 0 0 0
 0.463077 0.371075 0.160297 0.00555027 0
 0.529543 0.364841 0.0842815 0.0213345 0
 0.631943 0.363953 0.00410389 0 0
 0.735681 0.248677 0.0153453 0.000297389 0
 0.695825 0.281241 0.0229344 0 0
 0.275771 0.60734 0.115278 0.00161068 0
 0 0 0 0 0
 0.896147 0.0623911 0.0374545 0.00400742 0
 0.803859 0.145111 0.0509908 3.86294e-05 0
 0.739449 0.233085 0.0266225 0.000797448 4.60066e-05
 0.878498 0.100942 0.0204185 0.000141795 0
 0.694673 0.275183 0.0284847 0.00165964 0
ppred_PELACES
 0.378891 0.412369 0.184103 0.0246337 3.55258e-06
 0.683727 0.122943 0.128356 0.0573048 0.0076687
 0.411821 0.410726 0.0689806 0.0720177 0.0364552
 0.878874 0.0555026 0.0458251 0.00769624 0.0121024
 0.811902 0.16681 0.00975472 0.00805388 0.00347967
 0.521992 0.388811 0.0791024 0.00462576 0.00546929
 0.777891 0.120209 0.0828853 0.0168628 0.00215202
 0.801035 0.156854 0.0227909 0.0157145 0.00360507
 0.820075 0.147311 0.0257112 0.00373582 0.00316681
 0.808214 0.160181 0.0258766 0.00451642 0.00121251
 0.448801 0.450291 0.0842791 0.013615 0.00301428
 0.427049 0.267838 0.249256 0.0466521 0.00920502
 0.713119 0.127345 0.0745784 0.0694042 0.0155532
 0.674698 0.23962 0.0380336 0.0222741 0.0253739
 0.785555 0.153931 0.0445752 0.00707518 0.00886368
 0.785165 0.176353 0.0276225 0.00799889 0.00286018
 0.644893 0.284456 0.0579962 0.00908403 0.00357115
 0.643296 0.2359 0.0967685 0.0197296 0.00430514
 0.634251 0.239859 0.0832557 0.0341522 0.00848252
 0.840455 0.103148 0.0369855 0.0128378 0.00657416
 0.702618 0.25229 0.0291525 0.0104532 0.00548637
 0.654178 0.244556 0.0859109 0.00992716 0.00542781
 0.675438 0.214271 0.0779952 0.0273992 0.00489709
 0.428538 0.390232 0.119645 0.0435512 0.0180337
pobs_pel_tallas
 0 0 0 0 0 0 0 0 0 0 0 0 0 0 0 0 0 0 0 0 0 0 0 0 0 0 0 0 0 0 0 0 0 0 0 0
 0 0 0 0 0 0 0 0 0 0 0 0 0 0 0 0 0 0 0 0 0 0 0 0 0 0 0 0 0 0 0 0 0 0 0 0
 0 0 0 0 0 0 0 0 0 0 0 0 0 0 0 0 0 0 0 0 0 0 0 0 0 0 0 0 0 0 0 0 0 0 0 0
 0 0 0 0 0 0 0 0 0 0 0 0 0 0 0 0 0 0 0 0 0 0 0 0 0 0 0 0 0 0 0 0 0 0 0 0
 0 0 0 0 0 0 0 0 0 0 0 0 0 0 0 0 0 0 0 0 0 0 0 0 0 0 0 0 0 0 0 0 0 0 0 0
 0 0 0 0 0 0 0 0 0 0 0 0 0 0 0 0 0 0 0 0 0 0 0 0 0 0 0 0 0 0 0 0 0 0 0 0
 0 0 0 0 0 0 0 0 0 0 0 0 0 0 0 0 0 0 0 0 0 0 0 0 0 0 0 0 0 0 0 0 0 0 0 0
 0 0 0 0 0 0 0 0 0 0 0 0 0 0 0 0 0 0 0 0 0 0 0 0 0 0 0 0 0 0 0 0 0 0 0 0
 0 0 0 0 0 0 0 0 0 0 0 0 0 0 0 0 0 0 0 0 0 0 0 0 0 0 0 0 0 0 0 0 0 0 0 0
 0 0 0 0 0 0 0 0 0 0 0 0 0 0 0 0 0 0 0 0 0 0 0 0 0 0 0 0 0 0 0 0 0 0 0 0
 0 0 0 0 0 0 0 0 1.78061e-05 0.00172719 0.00360574 0.0105946 0.0120993 0.0124554 0.0147524 0.0171206 0.0266825 0.0428682 0.0675386 0.121331 0.153587 0.119568 0.100827 0.0573624 0.0630603 0.0341343 0.0324427 0.0444173 0.0211091 0.0280891 0.0125444 0.00206551 0 0 0 0
 0 0 0 0 0 0 0 0 0 0 0 0 0 0 0 0 0 0 0 0 0 0 0 0 0 0 0 0 0 0 0 0 0 0 0 0
 0 0 0 0 0 0 0.0133647 0.0140871 0.0187388 0.0205184 0.03894 0.0496705 0.03968 0.0493445 0.0407372 0.0367815 0.0215668 0.0243155 0.0234873 0.0199281 0.019796 0.0243948 0.0301388 0.0376714 0.0412746 0.0863199 0.0771752 0.113111 0.0741005 0.0525337 0.0229764 0.00759418 0.00175318 0 0 0
 0 0 0 0 0 0 0 0 0 0 0.00219441 0.00772107 0.0458388 0.0604681 0.0671733 0.0775358 0.0609151 0.0617685 0.073594 0.0568108 0.0755445 0.0548602 0.0670107 0.0636378 0.0643287 0.046367 0.0373049 0.0286899 0.0247887 0.0153202 0.00654259 0.00121912 0.000365735 0 0 0
 0 0 0 0 0 0 0 0 0 0 0 0 0.000112435 0.00938835 0.0111873 0.0202946 0.0414886 0.0713402 0.111592 0.104902 0.108894 0.110636 0.117776 0.105296 0.107544 0.0401394 0.0192827 0.0124803 0.00416011 0.0028671 0.000618394 0 0 0 0 0
 0 0 0 0 0 0 0 0 0 0 0.00291406 0.0102884 0.027416 0.0768956 0.0749926 0.110853 0.0956884 0.0897413 0.0766577 0.0534642 0.0500743 0.0551293 0.0594112 0.0620874 0.0668451 0.0424026 0.0208742 0.0120726 0.0048766 0.00582813 0.00118941 0.000297354 0 0 0 0
 0 0.00264628 0.0354308 0.0461629 0.0458689 0.0383711 0.0214643 0.0164657 0.0346957 0.0420465 0.0363128 0.0245516 0.0311673 0.0291091 0.0169068 0.0133784 0.00837989 0.0085269 0.0148486 0.0160247 0.0276389 0.0546898 0.0760071 0.122758 0.109233 0.0665981 0.0333725 0.0166128 0.00676272 0.00308733 0.000882094 0 0 0 0 0
 0 0 0 0 0 0 0 0.000805153 0.000690131 0.00759144 0.0133425 0.0154129 0.00931677 0.000345066 0.00356568 0.00563607 0.00851162 0.0253048 0.0502646 0.0516448 0.0657925 0.0565908 0.0611916 0.0827007 0.0866115 0.110766 0.145733 0.0935128 0.0569358 0.0249597 0.0138026 0.00621118 0.00161031 0.00115022 0 0
 0 0 0 0 0 0 0 0 0 0 0 0 0 0 0 0 0 0 0 0 0 0 0 0 0 0 0 0 0 0 0 0 0 0 0 0
 0.00147267 0.00158595 0.00478618 0.00569244 0.00954404 0.0108468 0.00647125 0.017049 0.0510054 0.094081 0.124002 0.0959785 0.0687766 0.0820023 0.061753 0.0591476 0.0492212 0.0479892 0.0443925 0.0268479 0.0217502 0.0140895 0.0121071 0.0120363 0.00920419 0.00665534 0.0049561 0.00860946 0.00930331 0.0156896 0.0114698 0.00855282 0.00243557 0.00046729 0 2.83206e-05
 0 0 0 0 0.000772559 0.00158375 0.000888443 0.00281984 0.00712685 0.0440552 0.0773331 0.111326 0.0921469 0.0852325 0.0710754 0.0886704 0.0786465 0.0553345 0.0373146 0.0185414 0.00753245 0.00457741 0.012979 0.0271748 0.0457355 0.0583668 0.034881 0.0177882 0.00938659 0.00492506 0.0015258 0.00185414 0.000309023 5.79419e-05 3.86279e-05 0
 0 0.00173294 0.00326652 0 0.00397197 0.00683976 0.00946217 0.0152591 0.00757587 0.0136028 0.0228656 0.0392903 0.0559909 0.0764795 0.0681675 0.0726916 0.0566044 0.0477403 0.0527397 0.0444891 0.0609904 0.0582453 0.0661739 0.0445044 0.0529084 0.0360697 0.0280645 0.0235558 0.0158879 0.00826598 0.00280645 0.00217768 0.000904811 0.00058276 9.20147e-05 0
 0 0 0 0 0 0 0 0 0 0 0 0 0 0 0 0 0 0 0 0 0 0 0 0 0 0 0 0 0 0 0 0 0 0 0 0
 0 0 0 0 0 0 0 0 0 0 0 0 0 0 0 0 0 0 0 0 0 0 0 0 0 0 0 0 0 0 0 0 0 0 0 0
ppred_pel_tallas
 1.03595e-16 1.65512e-05 9.70925e-05 0.00046143 0.00177636 0.00553925 0.0139921 0.0286323 0.0474715 0.0637839 0.0694913 0.0614909 0.044442 0.0267951 0.0146116 0.00918281 0.00886493 0.0116555 0.016284 0.0220694 0.0284994 0.0349979 0.0409046 0.0455717 0.0484963 0.0494264 0.0484039 0.0457292 0.0418665 0.037324 0.03255 0.0278737 0.0234934 0.0195025 0.0159292 0.0127732
 1.0419e-16 2.98316e-05 0.000175087 0.000832285 0.00320435 0.00999245 0.0252401 0.0516444 0.0856057 0.114964 0.125099 0.110334 0.0789553 0.0460283 0.0222473 0.00965341 0.00499292 0.00444348 0.00567935 0.00770481 0.0101429 0.0127863 0.0154402 0.0179052 0.0200034 0.0216051 0.0226439 0.0231124 0.0230451 0.0224966 0.0215259 0.0201893 0.0185442 0.0166558 0.0146025 0.0124752
 1.05292e-16 1.79866e-05 0.000105521 0.000501502 0.00193065 0.0060204 0.0152074 0.0311189 0.0515928 0.069317 0.075508 0.0667875 0.0482102 0.0289463 0.0155641 0.0094416 0.00876409 0.0113291 0.0157388 0.0212527 0.0273373 0.0334153 0.0388413 0.042999 0.0454331 0.0459511 0.0446595 0.0419172 0.0382284 0.0341131 0.0299971 0.026153 0.0226972 0.0196283 0.0168838 0.0143906
 1.01499e-16 3.8338e-05 0.000225034 0.00106975 0.00411868 0.0128438 0.0324422 0.0663799 0.110028 0.147751 0.160747 0.141707 0.101256 0.0587252 0.0278123 0.0110805 0.00428157 0.00244373 0.0025421 0.00330158 0.00429413 0.0053625 0.00640583 0.00733384 0.00807143 0.00857032 0.00881503 0.00881966 0.00861818 0.00825201 0.00775993 0.00717325 0.00651621 0.0058094 0.00507375 0.00433255
 1.00633e-16 3.54221e-05 0.000207905 0.000988298 0.00380502 0.0118656 0.0299716 0.0613257 0.101653 0.136515 0.14855 0.131017 0.0937535 0.0546492 0.0263977 0.0114132 0.00581459 0.00503416 0.00626751 0.00827573 0.0105451 0.0127639 0.0146506 0.0159519 0.0164889 0.0161992 0.0151511 0.0135234 0.0115587 0.00950624 0.0075721 0.00589032 0.00451835 0.00345126 0.00264564 0.00204317
 1.01665e-16 2.27899e-05 0.000133722 0.000635576 0.00244687 0.00763023 0.0192737 0.0394386 0.065382 0.0878308 0.0956421 0.0845173 0.0608363 0.0361826 0.0188272 0.010452 0.00868998 0.0106968 0.0146817 0.0197399 0.025291 0.0307567 0.0355062 0.0389418 0.0406259 0.0403812 0.0383282 0.0348424 0.0304531 0.0257155 0.0211005 0.0169299 0.0133642 0.0104308 0.00807332 0.00619916
 1.01896e-16 3.39374e-05 0.000199192 0.000946884 0.00364558 0.0113684 0.0287157 0.0587557 0.0973924 0.13079 0.142313 0.125499 0.0897688 0.0522538 0.025107 0.0106324 0.00510628 0.00415603 0.00511322 0.00682807 0.00886431 0.0109914 0.013007 0.0147174 0.0159647 0.0166558 0.0167755 0.0163789 0.015568 0.0144613 0.0131685 0.0117764 0.0103471 0.00892414 0.00754202 0.00623177
 1.01084e-16 3.49479e-05 0.000205122 0.000975068 0.00375409 0.0117068 0.0295704 0.0605047 0.100292 0.134687 0.146559 0.129258 0.0924881 0.0538981 0.0260102 0.0112048 0.00565207 0.00484667 0.00602609 0.0079762 0.0102022 0.0124109 0.0143391 0.015747 0.0164615 0.0164138 0.0156543 0.0143341 0.0126638 0.0108614 0.00910851 0.00752504 0.00616585 0.00503381 0.00410099 0.00332867
 1.0069e-16 3.57778e-05 0.000209995 0.000998236 0.00384329 0.011985 0.030273 0.0619423 0.102675 0.137885 0.150036 0.132316 0.0946598 0.0551294 0.0265402 0.0113229 0.00555023 0.00460515 0.00565817 0.00747037 0.00954553 0.0115995 0.0133816 0.0146648 0.0152849 0.0151766 0.0143882 0.013064 0.0114062 0.00962566 0.00790005 0.00634931 0.00503124 0.00395286 0.0030895 0.00240337
 1.00632e-16 3.52611e-05 0.00020696 0.000983807 0.00378773 0.0118117 0.0298354 0.061047 0.101191 0.135894 0.147873 0.130417 0.0933196 0.0543861 0.0262519 0.0113192 0.00572383 0.00491959 0.00611772 0.00809045 0.0103344 0.0125487 0.0144619 0.0158273 0.016467 0.0163115 0.0154151 0.0139373 0.0121009 0.0101376 0.00824313 0.00654928 0.00511943 0.00396072 0.0030449 0.0023288
 1.01952e-16 1.96009e-05 0.000114994 0.000546529 0.002104 0.00656098 0.0165729 0.0339132 0.0562253 0.0755408 0.0822871 0.0727823 0.0525344 0.0315361 0.0169433 0.0102545 0.009486 0.0122287 0.0169459 0.0228133 0.0292271 0.035534 0.0410069 0.0449555 0.0468755 0.0465647 0.0441662 0.0401182 0.0350358 0.0295628 0.0242439 0.019449 0.01536 0.0120043 0.0093124 0.00717364
 1.05659e-16 1.86454e-05 0.0001094 0.000519972 0.00200181 0.00624233 0.0157678 0.0322646 0.053488 0.0718509 0.0782352 0.0691215 0.0497254 0.0295185 0.0152636 0.00833664 0.00681085 0.00838553 0.0116454 0.0159268 0.0208543 0.0260641 0.0311352 0.0356311 0.0391763 0.0415219 0.0425786 0.0424046 0.0411622 0.0390605 0.0363073 0.0330842 0.0295443 0.0258233 0.0220531 0.0183659
 1.04212e-16 3.11132e-05 0.000182611 0.000868057 0.00334208 0.010422 0.026325 0.0538642 0.089285 0.119905 0.130473 0.11507 0.0823353 0.04798 0.0231541 0.00998097 0.0050594 0.0043933 0.00554612 0.00746846 0.0097582 0.0121947 0.0145779 0.0167126 0.0184369 0.0196501 0.020324 0.020494 0.0202342 0.0196278 0.0187451 0.0176344 0.0163264 0.0148469 0.0132293 0.0115218
 1.0257e-16 2.94424e-05 0.000172792 0.000821351 0.00316221 0.00986101 0.0249082 0.0509662 0.0844847 0.113468 0.123496 0.10898 0.0781161 0.0457996 0.0226207 0.0106344 0.00666501 0.00695452 0.00918312 0.01229 0.0157671 0.0192286 0.0222865 0.0245791 0.0258419 0.0259674 0.0250259 0.0232382 0.0209124 0.0183662 0.0158611 0.0135662 0.0115546 0.00982494 0.00833478 0.00703099
 1.01341e-16 3.42728e-05 0.000201159 0.000956227 0.00368154 0.0114806 0.028999 0.0593355 0.0983544 0.132085 0.143728 0.126762 0.0907058 0.0528663 0.0255255 0.0110202 0.00559722 0.00484221 0.00605041 0.00803583 0.0103174 0.0126103 0.0146564 0.0162171 0.0171143 0.0172685 0.0167132 0.0155795 0.0140579 0.0123496 0.0106265 0.00900678 0.00755188 0.00627786 0.00517372 0.00421847
 1.00859e-16 3.42567e-05 0.000201062 0.000955763 0.00367975 0.011475 0.0289849 0.0593068 0.0983074 0.132023 0.143666 0.126719 0.0906994 0.0529121 0.0256397 0.0112253 0.00592464 0.00532786 0.00672679 0.00892094 0.0114033 0.0138544 0.0159782 0.0175044 0.0182371 0.0181 0.017152 0.0155672 0.0135883 0.0114676 0.00941734 0.00757943 0.0060211 0.00474866 0.00373067 0.00292058
 1.01396e-16 2.81446e-05 0.000165169 0.0007851 0.00302261 0.00942569 0.0238087 0.0487168 0.0807576 0.108468 0.118067 0.104221 0.0747734 0.0439787 0.0219795 0.0107648 0.00732278 0.00807745 0.0108108 0.0144832 0.0185548 0.0225761 0.0260814 0.0286333 0.0299114 0.0297849 0.0283398 0.0258477 0.0226917 0.0192738 0.0159342 0.012905 0.0103013 0.00814287 0.00638957 0.00497635
 1.0233e-16 2.80731e-05 0.000164753 0.000783134 0.00301506 0.00940215 0.0237492 0.0485947 0.0805539 0.10819 0.117755 0.103922 0.0745072 0.0437187 0.0216593 0.0102971 0.00661424 0.00703897 0.00937003 0.0126036 0.0162577 0.0199589 0.0233229 0.0259805 0.0276476 0.0281838 0.0276167 0.0261209 0.0239625 0.0214304 0.0187767 0.0161829 0.0137546 0.0115372 0.00954021 0.00775943
 1.0283e-16 2.76788e-05 0.000162438 0.000772127 0.00297268 0.00926998 0.0234153 0.0479117 0.0794219 0.10667 0.116102 0.102467 0.0734729 0.0431289 0.0213989 0.0102261 0.00663804 0.00711514 0.00948708 0.0127616 0.0164576 0.0201993 0.0235993 0.0262869 0.0279789 0.028539 0.0280012 0.0265465 0.0244461 0.0219896 0.0194251 0.0169251 0.0145835 0.0124331 0.0104731 0.00869334
 1.01308e-16 3.66646e-05 0.000215205 0.00102302 0.00393872 0.0122826 0.0310247 0.06348 0.105222 0.141302 0.153743 0.13556 0.0969243 0.0563353 0.0269099 0.0111205 0.0049246 0.0035806 0.00419369 0.00552056 0.00710301 0.00872039 0.0101955 0.0113674 0.0121141 0.0123762 0.0121674 0.0115645 0.0106825 0.00964466 0.00855612 0.00749011 0.00648627 0.00555857 0.00470707 0.00392803
 1.01112e-16 3.06604e-05 0.000179941 0.000855337 0.00329306 0.0102691 0.025939 0.0530752 0.0879807 0.118164 0.128606 0.11349 0.0813476 0.0476926 0.0235517 0.0110635 0.00691782 0.00719631 0.00947593 0.0126422 0.016154 0.0195968 0.0225552 0.0246449 0.0255905 0.0252887 0.0238323 0.0214795 0.0185864 0.0155209 0.0125901 0.00999733 0.00783477 0.00610435 0.00475211 0.00370197
 1.01894e-16 2.8548e-05 0.00016754 0.000796381 0.00306606 0.00956119 0.0241509 0.0494168 0.0819167 0.110021 0.119748 0.105682 0.0757722 0.0444668 0.0220403 0.0104942 0.00675895 0.00720024 0.00957521 0.0128562 0.0165438 0.0202479 0.0235681 0.026123 0.0276238 0.0279353 0.0271017 0.0253221 0.022892 0.0201286 0.0173064 0.0146205 0.0121794 0.0100218 0.00814371 0.00652291
 1.02348e-16 2.94737e-05 0.000172978 0.00082224 0.00316564 0.00987172 0.0249352 0.0510213 0.0845754 0.113588 0.123622 0.109079 0.0781606 0.0457735 0.0225117 0.010425 0.00632807 0.00645784 0.00849933 0.0114093 0.0147094 0.0180516 0.0210869 0.0234825 0.0249839 0.0254677 0.0249632 0.0236319 0.0217167 0.0194783 0.0171415 0.0148645 0.0127352 0.0107867 0.00902127 0.00743081
 1.04165e-16 1.87149e-05 0.000109798 0.000521839 0.00200896 0.00626461 0.0158242 0.0323809 0.053684 0.0721235 0.0785571 0.0694651 0.0501012 0.0299983 0.0159789 0.00946323 0.00855 0.0109402 0.0151831 0.0205272 0.0264522 0.0324055 0.0377666 0.0419361 0.0444598 0.0451276 0.0440108 0.0414233 0.0378257 0.0337068 0.0294827 0.0254393 0.0217265 0.0183874 0.0154052 0.0127437
pSPR Fmed_Fpbrs
0.540151   0.348405 0.348405
Fs Fmed_Fpbrs
0.453751   1.005 1.005
SSBpbr Bo_Bmed_Bpbrs
900898  441576  268833 268833
Ro
30946
SPR SPRFo_SPRFmed_SPRFpbrs
636671 343899 221820
log_Ro
10.16
likeval ReclasPelacesDesembMPH_pf_preclas_ppelaces_ptallas_desvR_qrecl_qpela
 85.9324 63.0194 0.0421037 0.000176738 296.421 164.557 81.2523 0 20.8881 1.91662e-05 0 0 0 0 0
q_reclas_q_pelaces
0.537745 1
M
0.7
N
 17710.4 23614.2 10542.6 1410.64 0.203438
 33556.1 8420.43 8791.17 3924.83 525.233
 6184.49 15515.3 2605.77 2720.5 1377.11
 27419.5 2520.49 2081.01 349.502 549.597
 58287.9 12564 734.72 606.614 262.087
 26381.7 28649 5828.56 340.843 402.998
 57885.9 12084.4 8332.27 1695.17 216.338
 78491.9 26951.6 3916.05 2700.15 619.444
 114600 34559.7 6031.95 876.438 742.946
 194330 50931.1 8227.74 1436.04 385.531
 62748.9 90894.6 17012.4 2748.28 608.454
 32864.8 28802.9 26804.5 5016.9 989.893
 47854.6 15191.4 8896.71 8279.46 1855.39
 21836 21008.6 3334.58 1952.87 2224.65
 14975.9 8759.04 2536.43 402.594 504.364
 16330 5883.79 921.587 266.872 95.426
 11657 7328.52 1494.17 234.035 92.0046
 11189.3 5365.53 2200.99 448.748 97.9201
 10696.9 5246.21 1820.98 746.981 185.53
 30503.9 5024.22 1801.53 625.315 320.22
 35593 14222.6 1643.45 589.289 309.29
 40569.5 17274.8 6068.5 701.226 383.405
 52290.1 19592.3 7131.65 2505.3 447.775
 22405.3 25057 7682.48 2796.45 1157.95
pred_Ctot
 543.407 4321.98 1929.55 258.182 0.0372341
 1669.63 2344.5 2447.73 1092.79 146.241
 806.582 8753.31 1470.1 1534.83 776.926
 1530.72 771.716 637.159 107.01 168.274
 428.765 596.914 34.9064 28.8201 12.4517
 1478.84 8801.05 1790.55 104.708 123.802
 2607.33 3094.05 2133.37 434.028 55.3907
 6443.05 11137.4 1618.26 1115.8 255.978
 8712.74 13488.7 2354.28 342.075 289.973
 8148.13 12265.9 1981.51 345.846 92.8484
 3429.44 27351 5119.18 826.985 183.09
 1641.47 8045.08 7486.92 1401.3 276.492
 4018.74 6383.42 3738.39 3479.03 779.636
 3056.01 12356.1 1961.21 1148.56 1308.41
 2279.64 5401.02 1564.02 248.248 311.002
 1137.31 2147.78 336.409 97.417 34.8336
 615.506 2143.6 437.046 68.4553 26.9114
 450.811 1248.48 512.14 104.417 22.7846
 417.989 1188.78 412.627 169.264 42.0406
 1344.68 1263.01 452.875 157.194 80.4983
 580.36 1452.55 167.845 60.1839 31.5877
 803.533 2117.62 743.905 85.9596 46.9996
 1319.87 3004.74 1093.73 384.221 68.6722
 695.65 4634.95 1421.08 517.276 214.193
F
 0.0434898 0.288102 0.288102 0.288102 0.288102
 0.0713904 0.472933 0.472933 0.472933 0.472933
 0.197593 1.30897 1.30897 1.30897 1.30897
 0.080415 0.532717 0.532717 0.532717 0.532717
 0.0102751 0.0680681 0.0680681 0.0680681 0.0680681
 0.0807573 0.534984 0.534984 0.534984 0.534984
 0.0644308 0.426828 0.426828 0.426828 0.426828
 0.120305 0.796974 0.796974 0.796974 0.796974
 0.110977 0.735179 0.735179 0.735179 0.735179
 0.0598578 0.396534 0.396534 0.396534 0.396534
 0.0786657 0.521129 0.521129 0.521129 0.521129
 0.0716713 0.474793 0.474793 0.474793 0.474793
 0.123235 0.816383 0.816383 0.816383 0.816383
 0.213473 1.41417 1.41417 1.41417 1.41417
 0.23424 1.55174 1.55174 1.55174 1.55174
 0.101233 0.670628 0.670628 0.670628 0.670628
 0.0759089 0.502866 0.502866 0.502866 0.502866
 0.0574561 0.380623 0.380623 0.380623 0.380623
 0.0556822 0.368872 0.368872 0.368872 0.368872
 0.0630185 0.417472 0.417472 0.417472 0.417472
 0.0229031 0.151724 0.151724 0.151724 0.151724
 0.0278815 0.184703 0.184703 0.184703 0.184703
 0.0356539 0.236193 0.236193 0.236193 0.236193
 0.044018 0.291601 0.291601 0.291601 0.291601
nmprior
 10 10 8 0
nm_flota  nm_reclas  nm_pelaces    nm_pelaL
inf 27.0273 20.3757 37.2336
cv_recla  cv_pelaces  cv_mph
0.858233 0.934118 0.431324
 ------------------------------------------------
Talla a la edad & desviación 
 7.2 14.2025 17.0495 18.207 18.6776
 1.08 2.13037 2.55742 2.73105 2.80164
