years
 1997 1998 1999 2000 2001 2002 2003 2004 2005 2006 2007 2008 2009 2010 2011 2012 2013 2014 2015 2016 2017 2018 2019 2020
reclasobs
 0 0 0 370054 412103 1.49427e+06 250295 1.28982e+06 931140 785840 897777 1.04006e+06 184774 17550 25797 100020 73551 82996 120727 218422 84188 347160 605670 569463
reclaspred
 535164 110473 187097 135937 271007 296559 646625 495501 681079 872489 731689 491337 308766 135531 86278.6 82923.9 97834.6 120905 114456 184372 292411 263779 419130 377716
pelacesobs
 0 0 0 0 0 0 0 0 0 2.06254e+06 1.5e+06 0 1.87456e+06 323000 250000 174000 83755 137374 0 501740 490994 745055 786931 1.00524e+06
pelacespred
 688781 167136 135812 171123 307490 269182 740250 617428 818133 1.04136e+06 795212 556437 351727 125011 78213.4 81180.3 100397 126764 122652 191700 343214 302008 380321 410485
mphobs
 0 0 0 0 0 112323 0 153150 637223 0 255016 313432 73983 77613 109348 50772 0 0 0 0 0 0 0 0
mphpred
 221112 98366.9 79157.7 53126.5 76073.8 151853 198697 239412 240141 316150 414015 301441 182377 97589.9 42573.7 33830.9 39358.6 50529.6 56595.1 60133.2 106164 134049 161633 198746
desembarqueobs
 350755 77701 442110 56441 14545 235359 269955 359681 431902 328805 639364 411747 362871 311530 167758 66681 60226 58785 57116 71774 51957 67425 138520 160799
desembarquepred
 350736 77675.5 441734 56431.9 14544.7 235345 269949 359470 431719 328680 639021 411640 362691 311421 167576 66661.5 60227.8 58768 57094.9 71746.7 51950.8 67404 138486 160770
Reclutas
 23620.6 39346.8 10538.2 32436.5 62916.3 33049.3 65422.6 82942.9 124176 181140 65259.1 35653.9 46137.8 21993.8 15463 17099.4 12605.5 12417.1 12589.9 31826.3 38052.5 44291.7 60385.2 32991.1
log_desv_Rt
 -0.390124 0.120171 -1.19724 -0.0729617 0.589561 -0.0542453 0.628624 0.865908 1.26945 1.64702 0.626121 0.0216149 0.279388 -0.461483 -0.813794 -0.713201 -1.01811 -1.03317 -1.01935 -0.0919522 0.0867225 0.238553 0.5485 -0.0560066
SSB
 702134 312361 251363 168702 241570 482206 630957 760246 762562 1.00393e+06 1.31469e+06 957216 579134 309894 135192 107429 124982 160455 179716 190951 337121 425667 513260 631111
BT
 1.47731e+06 443350 477069 366623 562382 665678 1.5135e+06 1.50391e+06 1.85756e+06 2.17341e+06 1.98434e+06 1.36863e+06 986454 522333 280997 200273 228725 274271 269248 401839 656154 604326 776980 871546
Ftot
 0.4012 0.565454 1.28293 0.411907 0.05527 0.456688 0.336765 0.636379 0.610142 0.35109 0.515003 0.466393 0.779566 1.36776 1.46678 0.622123 0.462227 0.340785 0.320145 0.350895 0.137249 0.168471 0.212109 0.247976
BD_Bspro_t
 0.943875 0.690398 0.540879 0.286728 0.496261 0.712205 0.629703 0.638873 0.605424 0.623044 0.654813 0.504341 0.386758 0.28509 0.167106 0.167237 0.250059 0.3791 0.463597 0.537836 0.693623 0.786213 0.787119 0.766659
BD_Bspro
 0.978114 0.435137 0.350163 0.235011 0.336521 0.671741 0.87896 1.05907 1.06229 1.39853 1.83144 1.33346 0.806767 0.4317 0.18833 0.149655 0.174107 0.223523 0.250355 0.266006 0.469629 0.592979 0.715001 0.879175
BD_Bo
 0.763338 0.339589 0.273274 0.183407 0.262627 0.524239 0.685957 0.826516 0.829034 1.09144 1.42929 1.04066 0.629616 0.336907 0.146976 0.116793 0.135877 0.174442 0.195382 0.207596 0.366508 0.462772 0.558 0.686125
BD_Brms
 2.57171 1.14409 0.920668 0.617905 0.8848 1.76618 2.31101 2.78456 2.79304 3.67709 4.81533 3.506 2.1212 1.13505 0.495167 0.393481 0.457773 0.5877 0.658246 0.699398 1.23478 1.55909 1.87992 2.31158
S_f
 0.155994 1 1 1 1
 0.155994 1 1 1 1
 0.155994 1 1 1 1
 0.155994 1 1 1 1
 0.155994 1 1 1 1
 0.155994 1 1 1 1
 0.155994 1 1 1 1
 0.155994 1 1 1 1
 0.155994 1 1 1 1
 0.155994 1 1 1 1
 0.155994 1 1 1 1
 0.155994 1 1 1 1
 0.155994 1 1 1 1
 0.155994 1 1 1 1
 0.155994 1 1 1 1
 0.155994 1 1 1 1
 0.155994 1 1 1 1
 0.155994 1 1 1 1
 0.155994 1 1 1 1
 0.155994 1 1 1 1
 0.155994 1 1 1 1
 0.155994 1 1 1 1
 0.155994 1 1 1 1
 0.155994 1 1 1 1
Scru_reclas
 1 1 1 1 1
 1 1 1 1 1
 1 1 1 1 1
 1 1 1 1 1
 1 1 1 1 1
 1 1 1 1 1
 1 1 1 1 1
 1 1 1 1 1
 1 1 1 1 1
 1 1 1 1 1
 1 1 1 1 1
 1 1 1 1 1
 1 1 1 1 1
 1 1 1 1 1
 1 1 1 1 1
 1 1 1 1 1
 1 1 1 1 1
 1 1 1 1 1
 1 1 1 1 1
 1 1 1 1 1
 1 1 1 1 1
 1 1 1 1 1
 1 1 1 1 1
 1 1 1 1 1
Scru_pelaces
 1 1 1 1 1
 1 1 1 1 1
 1 1 1 1 1
 1 1 1 1 1
 1 1 1 1 1
 1 1 1 1 1
 1 1 1 1 1
 1 1 1 1 1
 1 1 1 1 1
 1 1 1 1 1
 1 1 1 1 1
 1 1 1 1 1
 1 1 1 1 1
 1 1 1 1 1
 1 1 1 1 1
 1 1 1 1 1
 1 1 1 1 1
 1 1 1 1 1
 1 1 1 1 1
 1 1 1 1 1
 1 1 1 1 1
 1 1 1 1 1
 1 1 1 1 1
 1 1 1 1 1
pf_obs 
 0.256992 0.487395 0.22802 0.0275931 0
 0.321318 0.546541 0.124235 0.00734118 0.000564706
 0.182869 0.594174 0.210203 0.0122559 0.00049798
 0.330522 0.361315 0.267642 0.0388342 0.00168674
 0.649043 0.306663 0.0425973 0.00169635 0
 0.582887 0.30429 0.105238 0.00758474 0
 0.465427 0.430635 0.0974691 0.00646863 0
 0.296916 0.608066 0.0921331 0.00288517 0
 0.311714 0.524322 0.152257 0.0117073 0
 0.15457 0.633149 0.183074 0.0267441 0.00246327
 0.131901 0.49318 0.331252 0.0422183 0.00144891
 0.196976 0.569456 0.194076 0.0375587 0.00193317
 0.518974 0.381816 0.0799577 0.0180837 0.00116848
 0.0928022 0.601141 0.25162 0.0475244 0.00691264
 0.122501 0.610282 0.24278 0.0234846 0.000952079
 0.383417 0.481906 0.127806 0.00687128 0
 0.0376549 0.599619 0.316969 0.0457579 0
 0.0361596 0.667082 0.258105 0.0386534 0
 0.158088 0.579412 0.248529 0.0139706 0
 0.0477256 0.309471 0.559284 0.082774 0.000745712
 0.0406174 0.521527 0.379366 0.0568643 0.0016247
 0.151134 0.462217 0.34131 0.0453401 0
 0.294876 0.26143 0.354403 0.0886775 0.000613685
 0.281977 0.475581 0.204845 0.0348837 0.00271318
pf_pred 
 0.139813 0.583373 0.24505 0.0317564 7.53708e-06
 0.275182 0.405032 0.216877 0.0911007 0.0118087
 0.096066 0.689534 0.119808 0.064152 0.0304405
 0.438276 0.320321 0.184145 0.0319957 0.0252617
 0.363046 0.547402 0.0510663 0.0293569 0.00912809
 0.133863 0.683815 0.156689 0.0146173 0.011016
 0.294315 0.390437 0.248888 0.05703 0.00932972
 0.284477 0.542981 0.0954625 0.0608536 0.0162251
 0.333219 0.518402 0.112598 0.0197961 0.0159838
 0.317192 0.554754 0.0995583 0.0216243 0.00687148
 0.100501 0.700947 0.161315 0.0289503 0.00828622
 0.0952645 0.434085 0.366761 0.0844061 0.0194835
 0.207663 0.363572 0.205718 0.173813 0.0492346
 0.157612 0.600533 0.110978 0.0627941 0.0680836
 0.236348 0.542401 0.157728 0.0291481 0.0343747
 0.305578 0.563219 0.0931904 0.0270995 0.0109139
 0.192599 0.640529 0.135343 0.022394 0.00913475
 0.198119 0.526976 0.218088 0.0460819 0.0107349
 0.197141 0.522922 0.183968 0.0761348 0.0198348
 0.380129 0.401419 0.142283 0.0500562 0.0261126
 0.255695 0.612799 0.085161 0.0301853 0.0161592
 0.217999 0.548637 0.192133 0.0267008 0.0145305
 0.238554 0.502164 0.181907 0.0637039 0.0136707
 0.118088 0.6083 0.180444 0.0653652 0.0278032
pobs_RECLAS
 0 0 0 0 0
 0 0 0 0 0
 0 0 0 0 0
 0 0 0 0 0
 0.835266 0.146461 0.0176864 0.000547809 3.91292e-05
 0.385257 0.428462 0.181853 0.0044286 0
 0.867414 0.0963971 0.0333333 0.00285562 0
 0.441836 0.489002 0.0689373 0.000224442 0
 0.779404 0.147425 0.0564933 0.0165055 0.000172143
 0.814271 0.122319 0.05973 0.00367925 0
 0.40263 0.566651 0.0304383 0.000280538 0
 0.475488 0.404961 0.113038 0.00651328 0
 0.955842 0.0263864 0.0167828 0.000988607 0
 0.975058 0.0227948 0.00214734 0 0
 0.738997 0.206755 0.0527124 0.00153531 0
 0.850938 0.134255 0.0134407 0.00136685 0
 0.542534 0.407297 0.0501686 0 0
 0.764087 0.199537 0.0359546 0.000420521 0
 0.470689 0.182191 0.310203 0.0369168 0
 0.84361 0.089868 0.0606195 0.00523954 0.000663233
 0.607945 0.314616 0.071237 0.00620181 0
 0.523733 0.453247 0.0230204 0 0
 0.530135 0.295979 0.169645 0.0042399 0
 0.562478 0.366248 0.0663022 0.0049721 0
ppred_RECLAS
 0.516745 0.32774 0.13767 0.0178408 4.23435e-06
 0.716983 0.158151 0.084683 0.0355717 0.00461089
 0.435722 0.430439 0.0747897 0.0400467 0.0190024
 0.837065 0.0929134 0.0534138 0.00928076 0.00732748
 0.785597 0.184259 0.0171892 0.00988171 0.00307257
 0.505296 0.390569 0.0894946 0.00834881 0.00629189
 0.731908 0.148328 0.0945536 0.0216659 0.0035444
 0.727591 0.20672 0.0363439 0.0231678 0.00617711
 0.770049 0.17878 0.0388314 0.00682702 0.0055123
 0.752729 0.200898 0.0360539 0.00783099 0.00248843
 0.425996 0.447301 0.102941 0.0184743 0.00528775
 0.410536 0.28282 0.238957 0.0549933 0.0126941
 0.641182 0.164647 0.0931617 0.0787128 0.0222964
 0.579205 0.299982 0.0554364 0.0313673 0.0340096
 0.698029 0.214482 0.0623705 0.011526 0.0135928
 0.746972 0.205221 0.033956 0.00987428 0.00397672
 0.611986 0.30782 0.0650422 0.0107619 0.0043899
 0.617996 0.251043 0.103894 0.0219527 0.00511396
 0.616174 0.249995 0.0879503 0.0363981 0.00948251
 0.800738 0.129039 0.0457379 0.016091 0.00839409
 0.689315 0.255792 0.0355476 0.0125998 0.00674511
 0.643346 0.250222 0.0876276 0.0121776 0.00662705
 0.670279 0.217447 0.0787695 0.027585 0.00591969
 0.465506 0.368668 0.10936 0.0396154 0.0168505
pobs_PELACES
 0 0 0 0 0
 0 0 0 0 0
 0 0 0 0 0
 0 0 0 0 0
 0 0 0 0 0
 0 0 0 0 0
 0 0 0 0 0
 0 0 0 0 0
 0 0 0 0 0
 0 0 0 0 0
 0.450072 0.473896 0.0757376 0.000293798 0
 0 0 0 0 0
 0.463077 0.371075 0.160297 0.00555027 0
 0.529543 0.364841 0.0842815 0.0213345 0
 0.631943 0.363953 0.00410389 0 0
 0.735681 0.248677 0.0153453 0.000297389 0
 0.695825 0.281241 0.0229344 0 0
 0.275771 0.60734 0.115278 0.00161068 0
 0 0 0 0 0
 0.896147 0.0623911 0.0374545 0.00400742 0
 0.803859 0.145111 0.0509908 3.86294e-05 0
 0.739449 0.233085 0.0266225 0.000797448 4.60066e-05
 0.878498 0.100942 0.0204185 0.000141795 0
 0.694673 0.275183 0.0284847 0.00165964 0
ppred_PELACES
 0.544568 0.308871 0.129743 0.0168136 3.99056e-06
 0.747824 0.140917 0.0754551 0.0316954 0.00410844
 0.524675 0.362584 0.0629998 0.0337337 0.0160068
 0.852113 0.084332 0.0484805 0.00842359 0.00665072
 0.788179 0.182041 0.0169823 0.00976273 0.00303558
 0.537027 0.365517 0.0837542 0.0078133 0.00588831
 0.749908 0.13837 0.0882052 0.0202113 0.00330642
 0.761274 0.181159 0.0318499 0.0203031 0.00541331
 0.798754 0.156462 0.033984 0.0059748 0.00482419
 0.770477 0.186478 0.0334661 0.00726892 0.00230982
 0.461385 0.419723 0.0965948 0.0173353 0.00496174
 0.442295 0.267582 0.226082 0.0520303 0.0120102
 0.689466 0.142492 0.0806255 0.0681209 0.0192961
 0.66829 0.236474 0.0437002 0.0247267 0.0268095
 0.776687 0.158613 0.0461242 0.00852372 0.0100521
 0.778303 0.17981 0.0297514 0.00865162 0.00348431
 0.642081 0.283945 0.0599974 0.0099272 0.00404941
 0.640139 0.236491 0.0978715 0.0206802 0.00481753
 0.637033 0.236409 0.0831707 0.0344201 0.0089672
 0.815874 0.119237 0.0422635 0.0148686 0.00775644
 0.697442 0.249101 0.0346177 0.0122702 0.00656867
 0.654039 0.24272 0.0850005 0.0118126 0.00642837
 0.683201 0.208925 0.0756823 0.0265039 0.00568769
 0.482725 0.356791 0.105837 0.0383392 0.0163076
pobs_pel_tallas
 0 0 0 0 0 0 0 0 0 0 0 0 0 0 0 0 0 0 0 0 0 0 0 0 0 0 0 0 0 0 0 0 0 0 0 0
 0 0 0 0 0 0 0 0 0 0 0 0 0 0 0 0 0 0 0 0 0 0 0 0 0 0 0 0 0 0 0 0 0 0 0 0
 0 0 0 0 0 0 0 0 0 0 0 0 0 0 0 0 0 0 0 0 0 0 0 0 0 0 0 0 0 0 0 0 0 0 0 0
 0 0 0 0 0 0 0 0 0 0 0 0 0 0 0 0 0 0 0 0 0 0 0 0 0 0 0 0 0 0 0 0 0 0 0 0
 0 0 0 0 0 0 0 0 0 0 0 0 0 0 0 0 0 0 0 0 0 0 0 0 0 0 0 0 0 0 0 0 0 0 0 0
 0 0 0 0 0 0 0 0 0 0 0 0 0 0 0 0 0 0 0 0 0 0 0 0 0 0 0 0 0 0 0 0 0 0 0 0
 0 0 0 0 0 0 0 0 0 0 0 0 0 0 0 0 0 0 0 0 0 0 0 0 0 0 0 0 0 0 0 0 0 0 0 0
 0 0 0 0 0 0 0 0 0 0 0 0 0 0 0 0 0 0 0 0 0 0 0 0 0 0 0 0 0 0 0 0 0 0 0 0
 0 0 0 0 0 0 0 0 0 0 0 0 0 0 0 0 0 0 0 0 0 0 0 0 0 0 0 0 0 0 0 0 0 0 0 0
 0 0 0 0 0 0 0 0 0 0 0 0 0 0 0 0 0 0 0 0 0 0 0 0 0 0 0 0 0 0 0 0 0 0 0 0
 0 0 0 0 0 0 0 0 1.78061e-05 0.00172719 0.00360574 0.0105946 0.0120993 0.0124554 0.0147524 0.0171206 0.0266825 0.0428682 0.0675386 0.121331 0.153587 0.119568 0.100827 0.0573624 0.0630603 0.0341343 0.0324427 0.0444173 0.0211091 0.0280891 0.0125444 0.00206551 0 0 0 0
 0 0 0 0 0 0 0 0 0 0 0 0 0 0 0 0 0 0 0 0 0 0 0 0 0 0 0 0 0 0 0 0 0 0 0 0
 0 0 0 0 0 0 0.0133647 0.0140871 0.0187388 0.0205184 0.03894 0.0496705 0.03968 0.0493445 0.0407372 0.0367815 0.0215668 0.0243155 0.0234873 0.0199281 0.019796 0.0243948 0.0301388 0.0376714 0.0412746 0.0863199 0.0771752 0.113111 0.0741005 0.0525337 0.0229764 0.00759418 0.00175318 0 0 0
 0 0 0 0 0 0 0 0 0 0 0.00219441 0.00772107 0.0458388 0.0604681 0.0671733 0.0775358 0.0609151 0.0617685 0.073594 0.0568108 0.0755445 0.0548602 0.0670107 0.0636378 0.0643287 0.046367 0.0373049 0.0286899 0.0247887 0.0153202 0.00654259 0.00121912 0.000365735 0 0 0
 0 0 0 0 0 0 0 0 0 0 0 0 0.000112435 0.00938835 0.0111873 0.0202946 0.0414886 0.0713402 0.111592 0.104902 0.108894 0.110636 0.117776 0.105296 0.107544 0.0401394 0.0192827 0.0124803 0.00416011 0.0028671 0.000618394 0 0 0 0 0
 0 0 0 0 0 0 0 0 0 0 0.00291406 0.0102884 0.027416 0.0768956 0.0749926 0.110853 0.0956884 0.0897413 0.0766577 0.0534642 0.0500743 0.0551293 0.0594112 0.0620874 0.0668451 0.0424026 0.0208742 0.0120726 0.0048766 0.00582813 0.00118941 0.000297354 0 0 0 0
 0 0.00264628 0.0354308 0.0461629 0.0458689 0.0383711 0.0214643 0.0164657 0.0346957 0.0420465 0.0363128 0.0245516 0.0311673 0.0291091 0.0169068 0.0133784 0.00837989 0.0085269 0.0148486 0.0160247 0.0276389 0.0546898 0.0760071 0.122758 0.109233 0.0665981 0.0333725 0.0166128 0.00676272 0.00308733 0.000882094 0 0 0 0 0
 0 0 0 0 0 0 0 0.000805153 0.000690131 0.00759144 0.0133425 0.0154129 0.00931677 0.000345066 0.00356568 0.00563607 0.00851162 0.0253048 0.0502646 0.0516448 0.0657925 0.0565908 0.0611916 0.0827007 0.0866115 0.110766 0.145733 0.0935128 0.0569358 0.0249597 0.0138026 0.00621118 0.00161031 0.00115022 0 0
 0 0 0 0 0 0 0 0 0 0 0 0 0 0 0 0 0 0 0 0 0 0 0 0 0 0 0 0 0 0 0 0 0 0 0 0
 0.00147267 0.00158595 0.00478618 0.00569244 0.00954404 0.0108468 0.00647125 0.017049 0.0510054 0.094081 0.124002 0.0959785 0.0687766 0.0820023 0.061753 0.0591476 0.0492212 0.0479892 0.0443925 0.0268479 0.0217502 0.0140895 0.0121071 0.0120363 0.00920419 0.00665534 0.0049561 0.00860946 0.00930331 0.0156896 0.0114698 0.00855282 0.00243557 0.00046729 0 2.83206e-05
 0 0 0 0 0.000772559 0.00158375 0.000888443 0.00281984 0.00712685 0.0440552 0.0773331 0.111326 0.0921469 0.0852325 0.0710754 0.0886704 0.0786465 0.0553345 0.0373146 0.0185414 0.00753245 0.00457741 0.012979 0.0271748 0.0457355 0.0583668 0.034881 0.0177882 0.00938659 0.00492506 0.0015258 0.00185414 0.000309023 5.79419e-05 3.86279e-05 0
 0 0.00173294 0.00326652 0 0.00397197 0.00683976 0.00946217 0.0152591 0.00757587 0.0136028 0.0228656 0.0392903 0.0559909 0.0764795 0.0681675 0.0726916 0.0566044 0.0477403 0.0527397 0.0444891 0.0609904 0.0582453 0.0661739 0.0445044 0.0529084 0.0360697 0.0280645 0.0235558 0.0158879 0.00826598 0.00280645 0.00217768 0.000904811 0.00058276 9.20147e-05 0
 0 0 0 0 0 0 0 0 0 0 0 0 0 0 0 0 0 0 0 0 0 0 0 0 0 0 0 0 0 0 0 0 0 0 0 0
 0 0 0 0 0 0 0 0 0 0 0 0 0 0 0 0 0 0 0 0 0 0 0 0 0 0 0 0 0 0 0 0 0 0 0 0
ppred_pel_tallas
 1.02521e-16 2.37712e-05 0.00013949 0.000663015 0.00255255 0.00795979 0.020106 0.0411411 0.0682017 0.0916105 0.0997366 0.0880847 0.0632938 0.0374234 0.0190699 0.00995134 0.00756535 0.00892733 0.0121824 0.0164429 0.0212072 0.026015 0.0303658 0.0337751 0.0358692 0.0364645 0.0355995 0.0335073 0.030544 0.0270971 0.0235069 0.0200213 0.0167871 0.0138689 0.0112809 0.00901475
 1.02399e-16 3.26271e-05 0.000191498 0.000910301 0.00350472 0.0109292 0.0276061 0.0564856 0.0936304 0.125741 0.136824 0.120674 0.0863491 0.0503276 0.0243021 0.0104993 0.0053506 0.00466092 0.00586625 0.00785217 0.010178 0.0125902 0.0148567 0.0167557 0.0181105 0.0188227 0.018887 0.0183798 0.0174298 0.0161801 0.0147573 0.0132548 0.0117321 0.0102243 0.00875543 0.00734858
 1.0292e-16 2.29057e-05 0.000134405 0.000638828 0.0024594 0.00766932 0.0193724 0.0396404 0.0657157 0.0882765 0.0961209 0.0849247 0.0610956 0.0362687 0.0187473 0.0102104 0.00826782 0.0100541 0.0137721 0.0185284 0.023771 0.028964 0.0335255 0.0369048 0.0386984 0.0387414 0.0371411 0.0342362 0.0305014 0.0264302 0.0224342 0.0187861 0.0156123 0.0129234 0.010662 0.00874832
 1.01316e-16 3.71723e-05 0.000218187 0.0010372 0.00399332 0.0124529 0.0314548 0.0643598 0.10668 0.143258 0.155867 0.137422 0.0982319 0.0570479 0.0271618 0.011072 0.00467307 0.00315331 0.00357987 0.00470307 0.00607904 0.00751282 0.00885678 0.00997609 0.010764 0.0111613 0.0111652 0.0108228 0.0102133 0.00942535 0.00853848 0.00761218 0.00668503 0.00577989 0.00491156 0.00409257
 1.00778e-16 3.43883e-05 0.000201834 0.000959434 0.00369388 0.011519 0.0290962 0.0595346 0.0986851 0.132531 0.144219 0.127209 0.0910549 0.0531287 0.0257615 0.0113069 0.00600649 0.00543336 0.00686668 0.00909683 0.0116081 0.0140715 0.0161821 0.0176625 0.0183152 0.018068 0.0169903 0.0152712 0.01317 0.0109539 0.00884518 0.00698981 0.00545264 0.00423254 0.0032877 0.00256046
 1.01852e-16 2.34445e-05 0.000137567 0.000653863 0.00251729 0.00784984 0.0198283 0.0405734 0.0672622 0.0903535 0.0983812 0.0869186 0.0625233 0.0371026 0.0191535 0.0103917 0.00836832 0.0101482 0.0138906 0.0186815 0.0239576 0.029173 0.0337347 0.0370797 0.0387932 0.038702 0.0369106 0.0337612 0.0297405 0.0253604 0.0210567 0.0171287 0.0137282 0.0108866 0.00855906 0.0066688
 1.02147e-16 3.27179e-05 0.000192031 0.000912836 0.00351448 0.0109596 0.027683 0.0566429 0.0938911 0.12609 0.137205 0.121008 0.0865855 0.0504601 0.0243563 0.0105064 0.00533134 0.00462441 0.00581542 0.00778886 0.0101058 0.0125152 0.0147873 0.0167007 0.0180766 0.0188118 0.0188942 0.0183929 0.0174302 0.0161464 0.0146693 0.0130979 0.0115004 0.00992201 0.00839633 0.0069532
 1.01462e-16 3.32151e-05 0.000194947 0.00092669 0.00356781 0.0111259 0.0281031 0.0575027 0.0953172 0.128009 0.1393 0.122875 0.0879624 0.0513447 0.0249353 0.011012 0.00595041 0.00548057 0.00697999 0.00928424 0.0118965 0.0144969 0.0167854 0.0184853 0.0193943 0.0194295 0.0186434 0.017204 0.0153473 0.0133187 0.011323 0.00949613 0.00790158 0.00654541 0.00540024 0.00442761
 1.00965e-16 3.48485e-05 0.000204538 0.000972293 0.0037434 0.0116735 0.0294862 0.0603325 0.100007 0.134304 0.146142 0.12889 0.0922265 0.053748 0.0259422 0.0111836 0.00565406 0.00486219 0.00605453 0.00802147 0.0102702 0.0125084 0.014472 0.0159195 0.016674 0.0166619 0.0159277 0.0146173 0.0129373 0.0111042 0.00930152 0.00765382 0.00622296 0.00501983 0.00402401 0.0032026
 1.00894e-16 3.36167e-05 0.000197303 0.000937893 0.00361094 0.0112604 0.0284428 0.0581979 0.0964697 0.129557 0.140985 0.124362 0.08903 0.0519733 0.0252505 0.0111674 0.00605592 0.00559377 0.00712441 0.00946514 0.0121069 0.0147184 0.0169876 0.0186276 0.0194301 0.0193118 0.0183322 0.0166728 0.0145875 0.0123421 0.0101604 0.00819379 0.00651581 0.00513624 0.00402527 0.00313676
 1.02336e-16 2.01484e-05 0.000118211 0.00056183 0.00216292 0.00674474 0.017037 0.0348625 0.0577981 0.0776502 0.084575 0.0747825 0.0539274 0.0322708 0.0171543 0.0101009 0.00905513 0.0115307 0.0159517 0.0214933 0.0275792 0.0336002 0.0388796 0.042772 0.0448005 0.0447647 0.0427814 0.0392394 0.0346919 0.0297213 0.0248226 0.0203353 0.0164315 0.0131469 0.0104324 0.00820366
 1.05646e-16 1.93101e-05 0.000113303 0.000538526 0.00207325 0.00646512 0.0163306 0.033416 0.0553964 0.0744131 0.081022 0.0715761 0.0514747 0.0305235 0.015721 0.00848514 0.00681208 0.00831091 0.0115097 0.0157188 0.0205528 0.0256447 0.0305746 0.034911 0.0382875 0.0404683 0.0413797 0.041096 0.0397935 0.0376904 0.0349971 0.0318899 0.0285101 0.024977 0.0214035 0.0179045
 1.04434e-16 3.00824e-05 0.000176558 0.000839277 0.00323126 0.0100764 0.0254521 0.0520783 0.0863254 0.115932 0.126155 0.111274 0.0796442 0.0464633 0.0225188 0.00987306 0.00524758 0.00478627 0.00613578 0.00827581 0.0108022 0.0134773 0.0160778 0.0183854 0.0202204 0.0214731 0.0221178 0.0222011 0.0218139 0.0210579 0.0200187 0.0187552 0.0173039 0.0156923 0.0139535 0.0121346
 1.028e-16 2.91628e-05 0.000171151 0.00081355 0.00313217 0.00976736 0.0246717 0.0504822 0.0836823 0.112391 0.122323 0.107945 0.0773744 0.0453653 0.0224073 0.0105367 0.00660852 0.00690201 0.00912137 0.0122185 0.0156933 0.0191666 0.0222568 0.0246062 0.0259519 0.0261831 0.0253631 0.0237019 0.0214952 0.0190488 0.0166147 0.0143563 0.0123455 0.010584 0.00903534 0.00765417
 1.0147e-16 3.38863e-05 0.000198889 0.000945436 0.00363999 0.011351 0.0286717 0.0586659 0.0972447 0.130595 0.142108 0.125338 0.089695 0.0522941 0.0252812 0.0109694 0.00565155 0.00496534 0.00623741 0.00829328 0.0106523 0.0130249 0.0151461 0.0167704 0.0177144 0.0178955 0.0173477 0.0162048 0.0146613 0.0129229 0.0111648 0.00950723 0.00801258 0.00669693 0.00554924 0.00454882
 1.00942e-16 3.39576e-05 0.000199306 0.000947413 0.0036476 0.0113747 0.0287316 0.0587887 0.0974487 0.130871 0.142413 0.125617 0.0899171 0.052469 0.02545 0.0111852 0.00596529 0.00542125 0.00686913 0.00911753 0.01166 0.0141734 0.0163569 0.0179346 0.0187064 0.0185932 0.0176536 0.0160633 0.0140674 0.0119216 0.00984044 0.00796801 0.00637278 0.00506188 0.00400464 0.00315535
 1.01475e-16 2.8022e-05 0.000164449 0.000781678 0.00300944 0.0093846 0.0237049 0.0485045 0.0804057 0.107995 0.117553 0.103768 0.0744496 0.0437909 0.0218908 0.0107301 0.00731091 0.00807352 0.0108103 0.0144867 0.0185653 0.0225982 0.0261209 0.0286967 0.0300048 0.0299134 0.028506 0.0260514 0.0229293 0.0195381 0.0162159 0.0131931 0.0105848 0.00841157 0.00663538 0.00519365
 1.02403e-16 2.79355e-05 0.000163945 0.000779292 0.00300027 0.00935602 0.0236327 0.0483563 0.0801588 0.10766 0.117178 0.103414 0.0741455 0.0435115 0.0215662 0.0102688 0.00661757 0.00705912 0.00940357 0.012652 0.0163237 0.0200453 0.0234319 0.0261136 0.0278051 0.0283649 0.0278197 0.026343 0.0241998 0.0216781 0.0190291 0.0164338 0.0139977 0.0117664 0.00975039 0.00794673
 1.0286e-16 2.78e-05 0.00016315 0.00077551 0.00298571 0.00931061 0.023518 0.0481216 0.0797698 0.107137 0.116609 0.102912 0.0737864 0.0433018 0.0214639 0.0102227 0.0065906 0.00703139 0.00936528 0.0125976 0.0162496 0.01995 0.023317 0.0259852 0.0276753 0.0282519 0.0277472 0.0263381 0.0242898 0.0218861 0.0193699 0.0169103 0.0145993 0.0124698 0.0105221 0.00874733
 1.01513e-16 3.55935e-05 0.000208915 0.00099311 0.00382356 0.0119235 0.0301176 0.0616242 0.102147 0.137174 0.149256 0.131615 0.0941284 0.0547603 0.0262516 0.0110115 0.00512509 0.00399627 0.00481662 0.00637283 0.00820423 0.010072 0.0117743 0.0131257 0.0139853 0.0142848 0.0140405 0.0133413 0.0123206 0.011121 0.00986417 0.00863459 0.00747783 0.00640966 0.0054297 0.00453326
 1.01302e-16 3.04345e-05 0.000178616 0.000849036 0.0032688 0.0101934 0.0257479 0.0526842 0.0873325 0.117293 0.127659 0.112653 0.0807475 0.0473398 0.0233759 0.0109788 0.00686327 0.0071408 0.00940796 0.012561 0.0160661 0.019515 0.0224982 0.0246361 0.0256542 0.0254469 0.0240999 0.0218615 0.0190761 0.0161006 0.0132334 0.0106728 0.00851032 0.00675077 0.00534603 0.00422736
 1.01993e-16 2.85418e-05 0.000167504 0.000796211 0.00306541 0.00955915 0.0241458 0.0494062 0.0818991 0.109997 0.119722 0.105658 0.0757528 0.0444512 0.0220248 0.0104738 0.00672886 0.00715602 0.00951318 0.012774 0.0164413 0.020128 0.0234371 0.0259907 0.027502 0.027837 0.0270383 0.0253025 0.022921 0.0202064 0.0174291 0.0147803 0.0123662 0.0102245 0.00835124 0.00672519
 1.02319e-16 2.9812e-05 0.000174965 0.000831686 0.00320201 0.00998514 0.0252217 0.0516075 0.0855468 0.114892 0.125039 0.110325 0.0790432 0.0462699 0.0227177 0.0104562 0.00625956 0.00631869 0.0082913 0.0111247 0.0143418 0.0176006 0.0205606 0.0228973 0.0243627 0.0248369 0.0243485 0.023055 0.0211932 0.0190171 0.0167455 0.0145319 0.0124616 0.0105662 0.0088476 0.00729752
 1.03698e-16 2.10763e-05 0.000123665 0.00058777 0.00226282 0.00705628 0.0178239 0.036472 0.0604641 0.0812247 0.0884494 0.0781635 0.0562681 0.0334767 0.0174412 0.00972172 0.00813654 0.0100659 0.013868 0.0187238 0.0241162 0.0295294 0.034394 0.038162 0.0404195 0.0409768 0.0399026 0.0374878 0.0341579 0.0303636 0.026488 0.0227939 0.0194177 0.0163971 0.0137131 0.0113291
pSPR Fmed_Fpbrs
0.561098   0.346821 0.346821
Fs Fmed_Fpbrs
0.415444   1.005 1.005
SSBpbr Bo_Bmed_Bpbrs
919820  470119  273022 273022
Ro
34891.6
SPR SPRFo_SPRFmed_SPRFpbrs
717845 402782 248964
log_Ro
10.28
likeval ReclasPelacesDesembMPH_pf_preclas_ppelaces_ptallas_desvR_qrecl_qpela
 80.2336 54.1211 0.0204637 0.000170017 289.398 164.722 80.5929 0 17.777 2.60998e-05 0 0 0 0 0
q_reclas_q_pelaces
0.48484 1
M
0.7
N
 23620.6 17745 7453.89 965.962 0.229262
 39346.8 11018.1 5899.7 2478.21 321.231
 10538.2 17889.4 3108.32 1664.37 789.753
 32436.5 4283.95 2462.75 427.907 337.847
 62916.3 15105 1409.12 810.074 251.881
 33049.3 30975.1 7097.61 662.125 498.995
 65422.6 15283.3 9742.48 2232.38 365.203
 82942.9 30825.3 5419.45 3454.69 921.104
 124176 37295.8 8100.75 1424.21 1149.94
 181140 56065.5 10061.7 2185.43 694.457
 65259.1 85157.4 19598.1 3517.14 1006.68
 35653.9 29905.1 25267 5814.92 1342.26
 46137.8 16462.8 9315.09 7870.37 2229.38
 21993.8 20287.9 3749.19 2121.39 2300.08
 15463 8823.33 2565.79 474.157 559.179
 17099.4 6108.26 1010.67 293.901 118.364
 12605.5 7705.98 1628.27 269.414 109.897
 12417.1 5824.22 2410.34 509.305 118.644
 12589.9 5846.9 2056.98 851.279 221.777
 31826.3 5947.41 2108.06 741.631 386.883
 38052.5 14962.6 2079.36 737.028 394.556
 44291.7 18496 6477.31 900.155 489.862
 60385.2 21424.1 7760.81 2717.83 583.241
 32991.1 29010.5 8605.56 3117.33 1325.96
pred_Ctot
 1034.29 4315.58 1812.79 234.922 0.0557566
 2401.29 3534.38 1892.51 794.961 103.045
 1390.53 9980.84 1734.19 928.585 440.619
 1457.15 1064.98 612.234 106.377 83.9882
 388.629 585.977 54.6648 31.4256 9.77132
 1641.07 8383.14 1920.91 179.198 135.049
 2415.2 3203.99 2042.42 467.998 76.5613
 5669.49 10821.3 1902.52 1212.78 323.357
 8152.46 12683.1 2754.8 484.327 391.057
 6964.76 12181 2186.06 474.817 150.881
 3639.78 25385.7 5842.26 1048.47 300.097
 1806.84 8233.09 6956.19 1600.89 369.535
 3826.1 6698.67 3790.28 3202.43 907.127
 3076.64 11722.6 2166.33 1225.76 1329.02
 2304.52 5288.7 1537.94 284.209 335.172
 1143.74 2108.05 348.799 101.43 40.8493
 633.282 2106.11 445.021 73.6334 30.0359
 463.744 1233.51 510.485 107.865 25.1276
 442.345 1173.34 412.789 170.832 44.5055
 1223.04 1291.55 457.787 161.053 84.0158
 580.401 1390.99 193.306 68.5172 36.6796
 827.464 2082.48 729.283 101.349 55.1538
 1416.09 2980.93 1079.83 378.156 81.1515
 902.281 4647.89 1378.73 499.441 212.438
F
 0.0625849 0.4012 0.4012 0.4012 0.4012
 0.0882077 0.565454 0.565454 0.565454 0.565454
 0.20013 1.28293 1.28293 1.28293 1.28293
 0.0642552 0.411907 0.411907 0.411907 0.411907
 0.00862182 0.05527 0.05527 0.05527 0.05527
 0.0712407 0.456688 0.456688 0.456688 0.456688
 0.0525334 0.336765 0.336765 0.336765 0.336765
 0.0992715 0.636379 0.636379 0.636379 0.636379
 0.0951787 0.610142 0.610142 0.610142 0.610142
 0.0547681 0.35109 0.35109 0.35109 0.35109
 0.0803376 0.515003 0.515003 0.515003 0.515003
 0.0727547 0.466393 0.466393 0.466393 0.466393
 0.121608 0.779566 0.779566 0.779566 0.779566
 0.213362 1.36776 1.36776 1.36776 1.36776
 0.22881 1.46678 1.46678 1.46678 1.46678
 0.0970478 0.622123 0.622123 0.622123 0.622123
 0.0721048 0.462227 0.462227 0.462227 0.462227
 0.0531605 0.340785 0.340785 0.340785 0.340785
 0.0499409 0.320145 0.320145 0.320145 0.320145
 0.0547376 0.350895 0.350895 0.350895 0.350895
 0.0214102 0.137249 0.137249 0.137249 0.137249
 0.0262805 0.168471 0.168471 0.168471 0.168471
 0.0330878 0.212109 0.212109 0.212109 0.212109
 0.0386829 0.247976 0.247976 0.247976 0.247976
nmprior
 10 10 8 0
nm_flota  nm_reclas  nm_pelaces    nm_pelaL
inf 23.5081 18.5498 33.2665
cv_recla  cv_pelaces  cv_mph
0.829287 0.865661 0.423043
 ------------------------------------------------
Talla a la edad & desviación 
 7.2 14.2025 17.0495 18.207 18.6776
 1.08 2.13037 2.55742 2.73105 2.80164
