years
 1997 1998 1999 2000 2001 2002 2003 2004 2005 2006 2007 2008 2009 2010 2011 2012 2013 2014 2015 2016 2017 2018 2019 2020
reclasobs
 0 0 0 370054 412103 1.49427e+06 250295 1.28982e+06 931140 785840 897777 1.04006e+06 184774 17550 25797 100020 73551 82996 120727 218422 84188 347160 605670 569463
reclaspred
 471871 134652 435643 310254 425841 500108 1.06893e+06 689529 732122 641252 498081 333947 203717 90612.7 61401.4 62938.8 81674.4 112657 120931 174475 252087 235341 420099 519898
pelacesobs
 0 0 0 0 0 0 0 0 0 2.06254e+06 1.5e+06 0 1.87456e+06 323000 250000 174000 83755 137374 0 501740 490994 745055 786931 1.00524e+06
pelacespred
 1.95365e+06 510390 980441 1.09104e+06 1.26401e+06 1.27173e+06 2.93382e+06 2.44038e+06 2.24573e+06 2.00464e+06 1.39926e+06 968624 574652 206489 136243 153257 209571 297514 331277 460488 744489 683963 958396 1.39792e+06
mphobs
 0 0 0 0 0 112323 0 153150 637223 0 255016 313432 73983 77613 109348 50772 0 0 0 0 0 0 0 0
mphpred
 168884 110516 141380 182567 181262 266158 395502 451703 372543 358159 323364 223600 137843 70894.1 32190.9 27434.6 34469.1 49168.3 61899.9 72332.8 108561 128733 166190 241171
desembarqueobs
 350755 77701 442110 56441 14545 235359 269955 359681 431902 328805 639364 411747 362871 311530 167758 66681 60226 58785 57116 71774 51957 67425 138520 160799
desembarquepred
 350766 77705 442159 56443.2 14545.1 235402 269988 359711 431980 328863 639671 412031 363269 312005 167788 66696.4 60251.3 58788.3 57113.5 71778 51959.2 67421.8 138524 160804
Reclutas
 60916.2 75009.5 47045.8 68220.3 112346 84619.9 125365 115420 131336 128823 66925.3 42785.4 42063.7 23263.2 17080.3 19985.5 16546.4 18370 21350.1 36488 45987.7 63023 102937 109667
log_desv_Rt
 0.137255 0.34537 -0.121123 0.250497 0.749339 0.465925 0.858986 0.776329 0.905514 0.886191 0.231332 -0.216047 -0.23306 -0.825373 -1.13432 -0.977235 -1.16607 -1.06153 -0.911188 -0.37526 -0.143871 0.171256 0.661876 0.725206
SSB
 735031 480998 615326 794583 788903 1.1584e+06 1.72134e+06 1.96594e+06 1.62141e+06 1.55881e+06 1.40737e+06 973169 599930 308551 140104 119403 150019 213994 269406 314813 472486 560280 723305 1.04964e+06
BT
 2.52871e+06 682385 1.33894e+06 1.25026e+06 1.40272e+06 1.55392e+06 3.441e+06 3.0726e+06 2.8719e+06 2.51147e+06 2.10102e+06 1.43046e+06 985521 524380 294123 224604 280839 374529 409340 566120 864294 803460 1.14049e+06 1.65698e+06
Ftot
 0.412701 0.313181 0.440444 0.0831493 0.0174856 0.181462 0.114709 0.234464 0.27296 0.228855 0.492519 0.463558 0.735345 1.3457 1.35103 0.53454 0.367021 0.243838 0.203102 0.203321 0.098132 0.125314 0.144337 0.137947
BD_Bspro_t
 0.950897 0.776097 0.745588 0.63799 0.746032 0.850207 0.820578 0.822875 0.767451 0.723737 0.680578 0.523713 0.409816 0.293782 0.175386 0.183675 0.287247 0.447906 0.562374 0.654149 0.75787 0.828664 0.839332 0.845891
BD_Bspro
 0.672778 0.440259 0.563211 0.727285 0.722086 1.06028 1.57555 1.79943 1.48409 1.42678 1.28817 0.890746 0.549118 0.282418 0.128238 0.10929 0.137313 0.19587 0.246588 0.28815 0.432469 0.512827 0.662044 0.960745
BD_Bo
 0.589107 0.385506 0.493166 0.636835 0.632283 0.928421 1.3796 1.57564 1.29952 1.24934 1.12797 0.779967 0.480826 0.247295 0.112289 0.0956982 0.120236 0.17151 0.215921 0.252313 0.378684 0.449048 0.579708 0.84126
BD_Brms
 1.0711 0.70092 0.896666 1.15788 1.14961 1.68804 2.50837 2.8648 2.36275 2.27153 2.05085 1.41812 0.87423 0.449627 0.204162 0.173997 0.218611 0.311837 0.392584 0.458752 0.688517 0.816452 1.05401 1.52956
S_f
 0.189744 1 1 1 1
 0.189744 1 1 1 1
 0.189744 1 1 1 1
 0.189744 1 1 1 1
 0.189744 1 1 1 1
 0.189744 1 1 1 1
 0.189744 1 1 1 1
 0.189744 1 1 1 1
 0.189744 1 1 1 1
 0.189744 1 1 1 1
 0.189744 1 1 1 1
 0.189744 1 1 1 1
 0.189744 1 1 1 1
 0.189744 1 1 1 1
 0.189744 1 1 1 1
 0.189744 1 1 1 1
 0.189744 1 1 1 1
 0.189744 1 1 1 1
 0.189744 1 1 1 1
 0.189744 1 1 1 1
 0.189744 1 1 1 1
 0.189744 1 1 1 1
 0.189744 1 1 1 1
 0.189744 1 1 1 1
Scru_reclas
 1 1 1 1 1
 1 1 1 1 1
 1 1 1 1 1
 1 1 1 1 1
 1 1 1 1 1
 1 1 1 1 1
 1 1 1 1 1
 1 1 1 1 1
 1 1 1 1 1
 1 1 1 1 1
 1 1 1 1 1
 1 1 1 1 1
 1 1 1 1 1
 1 1 1 1 1
 1 1 1 1 1
 1 1 1 1 1
 1 1 1 1 1
 1 1 1 1 1
 1 1 1 1 1
 1 1 1 1 1
 1 1 1 1 1
 1 1 1 1 1
 1 1 1 1 1
 1 1 1 1 1
Scru_pelaces
 0.906064 1 1 1 1
 0.906064 1 1 1 1
 0.906064 1 1 1 1
 0.906064 1 1 1 1
 0.906064 1 1 1 1
 0.906064 1 1 1 1
 0.906064 1 1 1 1
 0.906064 1 1 1 1
 0.906064 1 1 1 1
 0.906064 1 1 1 1
 0.906064 1 1 1 1
 0.906064 1 1 1 1
 0.906064 1 1 1 1
 0.906064 1 1 1 1
 0.906064 1 1 1 1
 0.906064 1 1 1 1
 0.906064 1 1 1 1
 0.906064 1 1 1 1
 0.906064 1 1 1 1
 0.906064 1 1 1 1
 0.906064 1 1 1 1
 0.906064 1 1 1 1
 0.906064 1 1 1 1
 0.906064 1 1 1 1
pf_obs 
 0.256992 0.487395 0.22802 0.0275931 0
 0.321318 0.546541 0.124235 0.00734118 0.000564706
 0.182869 0.594174 0.210203 0.0122559 0.00049798
 0.330522 0.361315 0.267642 0.0388342 0.00168674
 0.649043 0.306663 0.0425973 0.00169635 0
 0.582887 0.30429 0.105238 0.00758474 0
 0.465427 0.430635 0.0974691 0.00646863 0
 0.296916 0.608066 0.0921331 0.00288517 0
 0.311714 0.524322 0.152257 0.0117073 0
 0.15457 0.633149 0.183074 0.0267441 0.00246327
 0.131901 0.49318 0.331252 0.0422183 0.00144891
 0.196976 0.569456 0.194076 0.0375587 0.00193317
 0.518974 0.381816 0.0799577 0.0180837 0.00116848
 0.0928022 0.601141 0.25162 0.0475244 0.00691264
 0.122501 0.610282 0.24278 0.0234846 0.000952079
 0.383417 0.481906 0.127806 0.00687128 0
 0.0376549 0.599619 0.316969 0.0457579 0
 0.0361596 0.667082 0.258105 0.0386534 0
 0.158088 0.579412 0.248529 0.0139706 0
 0.0477256 0.309471 0.559284 0.082774 0.000745712
 0.0406174 0.521527 0.379366 0.0568643 0.0016247
 0.151134 0.462217 0.34131 0.0453401 0
 0.294876 0.26143 0.354403 0.0886775 0.000613685
 0.281977 0.475581 0.204845 0.0348837 0.00271318
pf_pred 
 0.373419 0.442751 0.164461 0.0193597 9.78381e-06
 0.309953 0.546588 0.10137 0.0376541 0.00443473
 0.17796 0.602107 0.174209 0.0323087 0.0134146
 0.265897 0.42858 0.223782 0.0647474 0.0169938
 0.299517 0.465624 0.137114 0.0715939 0.0261512
 0.17606 0.572078 0.167417 0.0493 0.0351447
 0.251394 0.412001 0.233712 0.0683952 0.0344984
 0.202551 0.519105 0.153189 0.086898 0.0382575
 0.230299 0.460769 0.201102 0.0593454 0.0484854
 0.215234 0.503401 0.168435 0.073513 0.0394177
 0.131192 0.535452 0.213837 0.0715482 0.0479711
 0.135921 0.432822 0.265787 0.106144 0.0593268
 0.209733 0.401126 0.194923 0.119698 0.0745202
 0.196619 0.534787 0.136334 0.0662498 0.0660104
 0.282431 0.514641 0.135083 0.0344369 0.0334079
 0.357349 0.516407 0.0905426 0.0237657 0.0119362
 0.238968 0.601583 0.128126 0.0224646 0.00885803
 0.247042 0.498902 0.200827 0.0427725 0.0104565
 0.247702 0.495987 0.169829 0.0683623 0.0181194
 0.323376 0.443723 0.153551 0.0525767 0.0267736
 0.275684 0.53197 0.126138 0.0436503 0.0225571
 0.27411 0.491558 0.172104 0.0408086 0.0214196
 0.313219 0.465768 0.149666 0.0524009 0.0189467
 0.240198 0.546836 0.144431 0.0464102 0.0221243
pobs_RECLAS
 0 0 0 0 0
 0 0 0 0 0
 0 0 0 0 0
 0 0 0 0 0
 0.835266 0.146461 0.0176864 0.000547809 3.91292e-05
 0.385257 0.428462 0.181853 0.0044286 0
 0.867414 0.0963971 0.0333333 0.00285562 0
 0.441836 0.489002 0.0689373 0.000224442 0
 0.779404 0.147425 0.0564933 0.0165055 0.000172143
 0.814271 0.122319 0.05973 0.00367925 0
 0.40263 0.566651 0.0304383 0.000280538 0
 0.475488 0.404961 0.113038 0.00651328 0
 0.955842 0.0263864 0.0167828 0.000988607 0
 0.975058 0.0227948 0.00214734 0 0
 0.738997 0.206755 0.0527124 0.00153531 0
 0.850938 0.134255 0.0134407 0.00136685 0
 0.542534 0.407297 0.0501686 0 0
 0.764087 0.199537 0.0359546 0.000420521 0
 0.470689 0.182191 0.310203 0.0369168 0
 0.84361 0.089868 0.0606195 0.00523954 0.000663233
 0.607945 0.314616 0.071237 0.00620181 0
 0.523733 0.453247 0.0230204 0 0
 0.530135 0.295979 0.169645 0.0042399 0
 0.562478 0.366248 0.0663022 0.0049721 0
ppred_RECLAS
 0.763227 0.167307 0.0621467 0.00731566 3.69712e-06
 0.706871 0.232188 0.0430614 0.0159953 0.00188385
 0.539918 0.336989 0.0975019 0.0180826 0.00750792
 0.657169 0.200149 0.104508 0.0302374 0.00793618
 0.692815 0.204192 0.0601292 0.0313963 0.0114682
 0.532105 0.324869 0.095072 0.0279963 0.0199578
 0.640325 0.197949 0.112289 0.0328611 0.016575
 0.575612 0.276258 0.0815242 0.0462456 0.02036
 0.615656 0.230081 0.100419 0.0296336 0.0242108
 0.594159 0.260333 0.0871057 0.0380172 0.0203848
 0.451178 0.338243 0.13508 0.0451967 0.0303031
 0.460715 0.270131 0.165882 0.066246 0.0370268
 0.596465 0.204827 0.0995334 0.0611215 0.0380523
 0.595184 0.269474 0.0686974 0.0333827 0.033262
 0.70294 0.213052 0.055922 0.0142562 0.0138303
 0.752368 0.198986 0.0348886 0.00915757 0.00459934
 0.628589 0.293594 0.0625303 0.0109636 0.00432304
 0.636771 0.240672 0.0968794 0.0206336 0.00504422
 0.636986 0.239334 0.0819493 0.0329876 0.00874334
 0.718073 0.184885 0.0639797 0.021907 0.0111557
 0.668428 0.243521 0.0577427 0.0199819 0.010326
 0.667011 0.225494 0.0789497 0.0187202 0.00982585
 0.707763 0.198192 0.0636853 0.0222975 0.00806216
 0.626609 0.268733 0.0709781 0.0228075 0.0108726
pobs_PELACES
 0 0 0 0 0
 0 0 0 0 0
 0 0 0 0 0
 0 0 0 0 0
 0 0 0 0 0
 0 0 0 0 0
 0 0 0 0 0
 0 0 0 0 0
 0 0 0 0 0
 0 0 0 0 0
 0.450072 0.473896 0.0757376 0.000293798 0
 0 0 0 0 0
 0.463077 0.371075 0.160297 0.00555027 0
 0.529543 0.364841 0.0842815 0.0213345 0
 0.631943 0.363953 0.00410389 0 0
 0.735681 0.248677 0.0153453 0.000297389 0
 0.695825 0.281241 0.0229344 0 0
 0.275771 0.60734 0.115278 0.00161068 0
 0 0 0 0 0
 0.896147 0.0623911 0.0374545 0.00400742 0
 0.803859 0.145111 0.0509908 3.86294e-05 0
 0.739449 0.233085 0.0266225 0.000797448 4.60066e-05
 0.878498 0.100942 0.0204185 0.000141795 0
 0.694673 0.275183 0.0284847 0.00165964 0
ppred_PELACES
 0.765335 0.165817 0.0615932 0.00725051 3.66419e-06
 0.703773 0.234642 0.0435165 0.0161643 0.00190376
 0.544665 0.333513 0.096496 0.0178961 0.00743046
 0.639753 0.210317 0.109817 0.0317735 0.00833935
 0.672462 0.21772 0.064113 0.0334765 0.012228
 0.519608 0.333546 0.0976113 0.028744 0.0204909
 0.624526 0.206645 0.117222 0.0343046 0.0173031
 0.566806 0.281991 0.0832157 0.0472051 0.0207824
 0.609566 0.233726 0.10201 0.0301031 0.0245944
 0.585097 0.266146 0.0890507 0.038866 0.02084
 0.459373 0.333192 0.133062 0.0445218 0.0298506
 0.467008 0.266979 0.163946 0.065473 0.0365947
 0.619808 0.192979 0.0937759 0.0575859 0.0358511
 0.656246 0.228827 0.058335 0.0283472 0.0282448
 0.754718 0.175917 0.0461746 0.0117713 0.0114196
 0.760526 0.192431 0.0337393 0.00885589 0.00444783
 0.62847 0.293688 0.0625504 0.0109671 0.00432442
 0.629 0.245821 0.098952 0.021075 0.00515214
 0.626672 0.246134 0.0842775 0.0339248 0.00899174
 0.709022 0.19082 0.0660335 0.0226102 0.0115138
 0.65219 0.255447 0.0605706 0.0209605 0.0108317
 0.652389 0.235395 0.0824164 0.0195422 0.0102573
 0.695189 0.20672 0.0664254 0.0232568 0.00840904
 0.61205 0.279211 0.0737456 0.0236968 0.0112966
pobs_pel_tallas
 0 0 0 0 0 0 0 0 0 0 0 0 0 0 0 0 0 0 0 0 0 0 0 0 0 0 0 0 0 0 0 0 0 0 0 0
 0 0 0 0 0 0 0 0 0 0 0 0 0 0 0 0 0 0 0 0 0 0 0 0 0 0 0 0 0 0 0 0 0 0 0 0
 0 0 0 0 0 0 0 0 0 0 0 0 0 0 0 0 0 0 0 0 0 0 0 0 0 0 0 0 0 0 0 0 0 0 0 0
 0 0 0 0 0 0 0 0 0 0 0 0 0 0 0 0 0 0 0 0 0 0 0 0 0 0 0 0 0 0 0 0 0 0 0 0
 0 0 0 0 0 0 0 0 0 0 0 0 0 0 0 0 0 0 0 0 0 0 0 0 0 0 0 0 0 0 0 0 0 0 0 0
 0 0 0 0 0 0 0 0 0 0 0 0 0 0 0 0 0 0 0 0 0 0 0 0 0 0 0 0 0 0 0 0 0 0 0 0
 0 0 0 0 0 0 0 0 0 0 0 0 0 0 0 0 0 0 0 0 0 0 0 0 0 0 0 0 0 0 0 0 0 0 0 0
 0 0 0 0 0 0 0 0 0 0 0 0 0 0 0 0 0 0 0 0 0 0 0 0 0 0 0 0 0 0 0 0 0 0 0 0
 0 0 0 0 0 0 0 0 0 0 0 0 0 0 0 0 0 0 0 0 0 0 0 0 0 0 0 0 0 0 0 0 0 0 0 0
 0 0 0 0 0 0 0 0 0 0 0 0 0 0 0 0 0 0 0 0 0 0 0 0 0 0 0 0 0 0 0 0 0 0 0 0
 0 0 0 0 0 0 0 0 1.78061e-05 0.00172719 0.00360574 0.0105946 0.0120993 0.0124554 0.0147524 0.0171206 0.0266825 0.0428682 0.0675386 0.121331 0.153587 0.119568 0.100827 0.0573624 0.0630603 0.0341343 0.0324427 0.0444173 0.0211091 0.0280891 0.0125444 0.00206551 0 0 0 0
 0 0 0 0 0 0 0 0 0 0 0 0 0 0 0 0 0 0 0 0 0 0 0 0 0 0 0 0 0 0 0 0 0 0 0 0
 0 0 0 0 0 0 0.0133647 0.0140871 0.0187388 0.0205184 0.03894 0.0496705 0.03968 0.0493445 0.0407372 0.0367815 0.0215668 0.0243155 0.0234873 0.0199281 0.019796 0.0243948 0.0301388 0.0376714 0.0412746 0.0863199 0.0771752 0.113111 0.0741005 0.0525337 0.0229764 0.00759418 0.00175318 0 0 0
 0 0 0 0 0 0 0 0 0 0 0.00219441 0.00772107 0.0458388 0.0604681 0.0671733 0.0775358 0.0609151 0.0617685 0.073594 0.0568108 0.0755445 0.0548602 0.0670107 0.0636378 0.0643287 0.046367 0.0373049 0.0286899 0.0247887 0.0153202 0.00654259 0.00121912 0.000365735 0 0 0
 0 0 0 0 0 0 0 0 0 0 0 0 0.000112435 0.00938835 0.0111873 0.0202946 0.0414886 0.0713402 0.111592 0.104902 0.108894 0.110636 0.117776 0.105296 0.107544 0.0401394 0.0192827 0.0124803 0.00416011 0.0028671 0.000618394 0 0 0 0 0
 0 0 0 0 0 0 0 0 0 0 0.00291406 0.0102884 0.027416 0.0768956 0.0749926 0.110853 0.0956884 0.0897413 0.0766577 0.0534642 0.0500743 0.0551293 0.0594112 0.0620874 0.0668451 0.0424026 0.0208742 0.0120726 0.0048766 0.00582813 0.00118941 0.000297354 0 0 0 0
 0 0.00264628 0.0354308 0.0461629 0.0458689 0.0383711 0.0214643 0.0164657 0.0346957 0.0420465 0.0363128 0.0245516 0.0311673 0.0291091 0.0169068 0.0133784 0.00837989 0.0085269 0.0148486 0.0160247 0.0276389 0.0546898 0.0760071 0.122758 0.109233 0.0665981 0.0333725 0.0166128 0.00676272 0.00308733 0.000882094 0 0 0 0 0
 0 0 0 0 0 0 0 0.000805153 0.000690131 0.00759144 0.0133425 0.0154129 0.00931677 0.000345066 0.00356568 0.00563607 0.00851162 0.0253048 0.0502646 0.0516448 0.0657925 0.0565908 0.0611916 0.0827007 0.0866115 0.110766 0.145733 0.0935128 0.0569358 0.0249597 0.0138026 0.00621118 0.00161031 0.00115022 0 0
 0 0 0 0 0 0 0 0 0 0 0 0 0 0 0 0 0 0 0 0 0 0 0 0 0 0 0 0 0 0 0 0 0 0 0 0
 0.00147267 0.00158595 0.00478618 0.00569244 0.00954404 0.0108468 0.00647125 0.017049 0.0510054 0.094081 0.124002 0.0959785 0.0687766 0.0820023 0.061753 0.0591476 0.0492212 0.0479892 0.0443925 0.0268479 0.0217502 0.0140895 0.0121071 0.0120363 0.00920419 0.00665534 0.0049561 0.00860946 0.00930331 0.0156896 0.0114698 0.00855282 0.00243557 0.00046729 0 2.83206e-05
 0 0 0 0 0.000772559 0.00158375 0.000888443 0.00281984 0.00712685 0.0440552 0.0773331 0.111326 0.0921469 0.0852325 0.0710754 0.0886704 0.0786465 0.0553345 0.0373146 0.0185414 0.00753245 0.00457741 0.012979 0.0271748 0.0457355 0.0583668 0.034881 0.0177882 0.00938659 0.00492506 0.0015258 0.00185414 0.000309023 5.79419e-05 3.86279e-05 0
 0 0.00173294 0.00326652 0 0.00397197 0.00683976 0.00946217 0.0152591 0.00757587 0.0136028 0.0228656 0.0392903 0.0559909 0.0764795 0.0681675 0.0726916 0.0566044 0.0477403 0.0527397 0.0444891 0.0609904 0.0582453 0.0661739 0.0445044 0.0529084 0.0360697 0.0280645 0.0235558 0.0158879 0.00826598 0.00280645 0.00217768 0.000904811 0.00058276 9.20147e-05 0
 0 0 0 0 0 0 0 0 0 0 0 0 0 0 0 0 0 0 0 0 0 0 0 0 0 0 0 0 0 0 0 0 0 0 0 0
 0 0 0 0 0 0 0 0 0 0 0 0 0 0 0 0 0 0 0 0 0 0 0 0 0 0 0 0 0 0 0 0 0 0 0 0
ppred_pel_tallas
 1.01178e-16 3.33917e-05 0.000195984 0.000931626 0.00358682 0.0111852 0.0282528 0.0578089 0.0958245 0.128689 0.140037 0.123517 0.0884052 0.0515694 0.024982 0.0109279 0.00575923 0.00518223 0.00656451 0.00874648 0.0112469 0.0137674 0.0160297 0.0177734 0.0188009 0.0190187 0.0184546 0.0172421 0.0155803 0.0136843 0.0117416 0.00988658 0.00819612 0.00670006 0.00539892 0.00428016
 1.01339e-16 3.071e-05 0.000180235 0.000856735 0.00329845 0.0102859 0.0259814 0.0531619 0.088124 0.118355 0.12881 0.113661 0.0814504 0.0477134 0.0234891 0.0109135 0.00666554 0.0068186 0.00894951 0.011954 0.0153111 0.0186331 0.0215337 0.0236533 0.0247288 0.0246534 0.0234986 0.0214877 0.0189348 0.0161682 0.0134643 0.0110098 0.00889509 0.00713296 0.00568848 0.00450802
 1.02441e-16 2.37763e-05 0.000139518 0.000663143 0.00255303 0.0079613 0.0201099 0.0411491 0.0682157 0.0916311 0.099764 0.0881207 0.0633451 0.0375047 0.0192043 0.0101699 0.00790488 0.00942551 0.0128699 0.0173325 0.0222826 0.0272222 0.0316123 0.0349374 0.0368112 0.0370617 0.0357634 0.0332041 0.0298012 0.025998 0.0221739 0.0185924 0.015393 0.0126147 0.0102354 0.00820841
 1.03109e-16 2.79176e-05 0.000163842 0.000778809 0.00299842 0.00935026 0.0236181 0.0483263 0.0801083 0.10759 0.117096 0.103328 0.0740554 0.0434007 0.0214043 0.0100151 0.00622505 0.00647981 0.00859609 0.0115929 0.0150204 0.0185465 0.0218315 0.024545 0.0264246 0.027328 0.0272549 0.0263297 0.0247568 0.0227626 0.0205476 0.01826 0.0159928 0.0137978 0.0117055 0.00974085
 1.02703e-16 2.9344e-05 0.000172216 0.00081862 0.0031517 0.00982825 0.0248254 0.0507967 0.0842031 0.113088 0.123079 0.108602 0.0778231 0.0455843 0.0224344 0.0104151 0.00635614 0.0065112 0.00857435 0.0115041 0.0148198 0.0181698 0.0212016 0.0235815 0.0250569 0.0255104 0.0249798 0.0236366 0.021732 0.0195317 0.0172597 0.0150681 0.0130342 0.0111783 0.00949034 0.00795257
 1.0344e-16 2.26837e-05 0.000133103 0.000632647 0.00243562 0.00759515 0.019185 0.0392568 0.0650791 0.0874195 0.0951827 0.0840839 0.0604648 0.0358427 0.0184337 0.00989287 0.00784756 0.00945944 0.0129569 0.0174751 0.0224996 0.0275404 0.0320635 0.0355568 0.0376343 0.0381206 0.0370822 0.0347943 0.0316577 0.0280966 0.0244709 0.0210271 0.0178921 0.015099 0.0126271 0.0104386
 1.03719e-16 2.72535e-05 0.000159944 0.000760275 0.00292706 0.00912772 0.023056 0.0471762 0.0782019 0.10503 0.114311 0.100872 0.0722991 0.0423798 0.0209168 0.009815 0.00614086 0.00642816 0.00854959 0.0115516 0.0149985 0.0185685 0.021931 0.0247614 0.0267991 0.0278976 0.0280458 0.0273522 0.0260018 0.0242014 0.0221347 0.0199377 0.0176981 0.0154685 0.0132863 0.0111876
 1.03867e-16 2.47396e-05 0.000145178 0.000690064 0.0026567 0.00828461 0.0209264 0.0428195 0.0709828 0.0953424 0.103789 0.0916399 0.0657958 0.0387968 0.0195739 0.00989546 0.00713703 0.00817707 0.0110814 0.0149405 0.0192686 0.0236439 0.0276178 0.0307597 0.0327431 0.0334146 0.0328207 0.0311789 0.0288088 0.0260475 0.0231781 0.0203914 0.0177827 0.015376 0.0131585 0.0111102
 1.03708e-16 2.66022e-05 0.000156118 0.000742082 0.002857 0.00890924 0.0225041 0.0460473 0.0763315 0.10252 0.111587 0.0984858 0.0706263 0.0414748 0.0206102 0.00990457 0.00650648 0.00703967 0.00942504 0.0127151 0.0164522 0.0202771 0.0238159 0.0267066 0.0286666 0.0295498 0.0293703 0.028281 0.0265204 0.0243471 0.0219837 0.0195873 0.0172472 0.0150027 0.0128684 0.0108544
 1.03661e-16 2.55365e-05 0.000149858 0.000712317 0.00274239 0.00855182 0.0216014 0.0442004 0.0732712 0.0984137 0.107127 0.0945725 0.0678705 0.039958 0.0200448 0.00994526 0.00693939 0.0077973 0.0105219 0.0141842 0.0183049 0.0224815 0.026289 0.0293188 0.0312588 0.0319591 0.0314569 0.0299508 0.0277368 0.0251296 0.0223958 0.0197175 0.0171901 0.0148433 0.0126724 0.0106656
 1.04923e-16 2.00572e-05 0.000117684 0.00055934 0.00215336 0.00671495 0.0169617 0.0347077 0.0575392 0.0772954 0.0841704 0.0743815 0.0535444 0.0318544 0.0165941 0.00924952 0.00774853 0.00960468 0.0132663 0.0179686 0.0232374 0.0286007 0.0335322 0.0375181 0.0401601 0.0412575 0.0408407 0.0391399 0.0365079 0.0333242 0.0299141 0.0265049 0.0232225 0.0201168 0.017199 0.0144723
 1.06374e-16 2.03874e-05 0.000119628 0.000568599 0.00218904 0.00682621 0.0172426 0.0352821 0.0584894 0.0785659 0.0855382 0.0755529 0.0543064 0.0321454 0.0164496 0.00870325 0.00677605 0.00812877 0.0111955 0.015243 0.0198693 0.0247041 0.0293338 0.0333429 0.0363907 0.0382757 0.0389624 0.038562 0.0372785 0.0353433 0.0329605 0.0302804 0.0274024 0.024394 0.0213165 0.0182405
 1.05048e-16 2.70471e-05 0.000158734 0.000754526 0.00290493 0.00905871 0.0228816 0.0468193 0.0776101 0.104234 0.113441 0.100098 0.0717292 0.0420151 0.02068 0.00960893 0.00588562 0.00606712 0.00804356 0.0108762 0.0141479 0.0175619 0.0208167 0.023618 0.0257292 0.0270173 0.0274702 0.0271805 0.0263041 0.0250099 0.0234397 0.0216892 0.0198115 0.0178347 0.0157831 0.0136923
 1.03197e-16 2.86374e-05 0.000168067 0.00079889 0.00307573 0.00959134 0.024227 0.0495724 0.0821742 0.110365 0.120118 0.105999 0.075978 0.0445442 0.0219978 0.010339 0.00648066 0.0067718 0.00896238 0.0120296 0.0154903 0.0189806 0.0221328 0.0245992 0.0261192 0.0265752 0.0260132 0.0246189 0.0226599 0.0204157 0.0181186 0.0159213 0.0138955 0.0120515 0.0103679 0.00881798
 1.01651e-16 3.29291e-05 0.000193268 0.000918708 0.00353708 0.01103 0.027861 0.0570074 0.0944961 0.126906 0.138099 0.121814 0.0872008 0.0508952 0.0247081 0.0108974 0.00587028 0.00539482 0.006874 0.00915803 0.0117606 0.0143715 0.0166992 0.0184729 0.0194909 0.0196645 0.0190341 0.0177513 0.0160341 0.0141121 0.0121796 0.0103684 0.00874482 0.00732309 0.00608722 0.00501093
 1.01054e-16 3.3183e-05 0.000194757 0.000925785 0.00356432 0.011115 0.0280756 0.0574466 0.0952245 0.127885 0.139168 0.122765 0.0878969 0.0513333 0.0249797 0.0111161 0.00612571 0.00574479 0.00735177 0.00977633 0.012509 0.0152122 0.0175651 0.0192727 0.0201201 0.0200216 0.0190383 0.0173564 0.0152367 0.0129511 0.0107283 0.00872209 0.00700609 0.00558896 0.00443926 0.00350976
 1.01563e-16 2.74289e-05 0.000160966 0.000765117 0.00294567 0.00918574 0.0232026 0.0474768 0.0787026 0.105709 0.115068 0.101584 0.0729028 0.0429215 0.0215311 0.0106778 0.0074345 0.00832232 0.0111812 0.0149929 0.0192173 0.0233953 0.0270473 0.0297218 0.0310868 0.0310054 0.0295635 0.027038 0.0238207 0.0203229 0.0168931 0.0137692 0.0110699 0.00881684 0.00697108 0.00546871
 1.0245e-16 2.74502e-05 0.000161095 0.00076574 0.00294809 0.00919328 0.0232216 0.0475153 0.0787652 0.105789 0.115145 0.101628 0.0728819 0.0428043 0.0212794 0.0102386 0.00673844 0.00729187 0.00974766 0.0131191 0.016922 0.0207716 0.0242683 0.0270282 0.0287558 0.0293057 0.0287082 0.027146 0.0248974 0.0222638 0.0195077 0.0168176 0.014302 0.0120068 0.00994049 0.00809721
 1.02863e-16 2.73486e-05 0.000160499 0.000762906 0.00293718 0.00915926 0.0231357 0.0473395 0.0784737 0.105398 0.114719 0.101252 0.0726131 0.0426475 0.0212034 0.010205 0.00671943 0.00727226 0.00971952 0.0130773 0.0168623 0.0206908 0.0241658 0.026907 0.0286243 0.0291787 0.0286064 0.0270946 0.0249233 0.0223911 0.0197538 0.0171889 0.0147927 0.0125981 0.0106033 0.00879596
 1.02315e-16 3.09372e-05 0.000181572 0.000863102 0.00332298 0.0103624 0.0261746 0.0535569 0.0887774 0.119228 0.129751 0.114467 0.0819774 0.0479192 0.0233999 0.0105547 0.00602343 0.00584319 0.00758081 0.0101525 0.013085 0.0160576 0.0187586 0.0208926 0.022235 0.0226779 0.0222491 0.0210934 0.0194271 0.0174811 0.0154524 0.0134777 0.0116306 0.00993571 0.00839102 0.00698681
 1.0217e-16 2.84616e-05 0.000167032 0.000793966 0.00305676 0.00953218 0.0240777 0.0492669 0.0816686 0.109688 0.119388 0.10537 0.0755602 0.0443656 0.0220328 0.0105605 0.00689114 0.00740179 0.00985307 0.0132122 0.016968 0.0207151 0.0240381 0.0265452 0.027946 0.0281149 0.027116 0.025175 0.022615 0.0197749 0.0169409 0.0143066 0.011968 0.00994344 0.00820565 0.00671137
 1.02398e-16 2.84696e-05 0.000167081 0.0007942 0.00305767 0.00953501 0.0240848 0.0492814 0.081692 0.109718 0.119417 0.105385 0.0755497 0.0443165 0.0219294 0.0103811 0.00660768 0.00698337 0.00927305 0.0124576 0.0160493 0.0196734 0.0229472 0.0255054 0.0270702 0.0275097 0.0268617 0.0253102 0.0231298 0.020614 0.0180155 0.0155114 0.0131987 0.0111111 0.00924595 0.00758722
 1.02203e-16 3.03346e-05 0.000178033 0.000846275 0.00325818 0.0101603 0.0256642 0.0525127 0.0870472 0.116906 0.127229 0.112253 0.080416 0.0470553 0.0230691 0.0105595 0.00624013 0.00623112 0.00814661 0.0109153 0.0140544 0.0172224 0.0200816 0.0223124 0.023673 0.0240501 0.0234793 0.0221244 0.0202275 0.0180462 0.0158003 0.0136419 0.0116522 0.00985628 0.00824797 0.00681075
 1.0248e-16 2.67123e-05 0.00015676 0.000745126 0.00286871 0.00894573 0.0225964 0.0462363 0.076646 0.102946 0.11206 0.0989258 0.0709905 0.0417862 0.0209449 0.0103613 0.00718558 0.00803242 0.0108043 0.0145193 0.0186651 0.0228105 0.0265037 0.0293155 0.0309255 0.031192 0.0301785 0.0281252 0.0253782 0.0223026 0.0192081 0.0163058 0.0137032 0.0114253 0.00944882 0.00773345
pSPR Fmed_Fpbrs
0.675923   0.6 0.325
Fs Fmed_Fpbrs
0.250495   0.345389 1.05863
SSBpbr Bo_Bmed_Bpbrs
1.24771e+06  780967  686238 343119
Ro
53103.6
SPR SPRFo_SPRFmed_SPRFpbrs
1.09253e+06 738467 355073
log_Ro
10.7
likeval ReclasPelacesDesembMPH_pf_preclas_ppelaces_ptallas_desvR_qrecl_qpela
 59.9363 20.9016 0.0232079 0.00023212 287.714 169.915 80.3463 0 15.957 6.4856e-05 1.37395e-05 1.20193e-15 0 0 0
q_reclas_q_pelaces
0.319439 1.69443
M
0.7
N
 60916.2 15783.6 5862.87 690.154 0.348783
 75009.5 27971.7 5187.61 1926.95 226.947
 47045.8 35099.6 10155.5 1883.42 781.999
 68220.3 21489.2 11220.5 3246.47 852.074
 112346 33346.9 9819.8 5127.39 1872.89
 84619.9 55604.6 16272.5 4791.84 3415.98
 125365 40598.8 23030.1 6739.71 3399.49
 115420 60914.2 17975.8 10197 4489.31
 131336 54821.7 23926.8 7060.84 5768.73
 128823 61927.6 20720.6 9043.46 4849.1
 66925.3 61252.9 24461.8 8184.74 5487.64
 42785.4 30269 18587.6 7423.07 4148.97
 42063.7 19457.6 9455.21 5806.25 3614.79
 23263.2 18167.9 4631.57 2250.66 2242.52
 17080.3 8948.91 2348.91 598.811 580.919
 19985.5 6563.84 1150.85 302.076 151.716
 16546.4 8967.29 1909.87 334.861 132.039
 18370 7663.97 3085.03 657.056 160.629
 21350.1 8709.83 2982.29 1200.48 318.187
 36488 10201.3 3530.19 1208.75 615.533
 45987.7 17433.7 4133.8 1430.51 739.241
 63023 22415.5 7848.11 1860.91 976.753
 102937 30560.9 9820.19 3438.24 1243.17
 109667 49736.2 13136.4 4221.13 2012.27
pred_Ctot
 3314.64 3930.07 1459.83 171.846 0.0868458
 3122.91 5507.1 1021.34 379.381 44.6818
 2725.74 9222.2 2668.28 494.857 205.465
 768.676 1238.97 646.928 187.177 49.1269
 267.668 416.112 122.534 63.9811 23.3704
 2063.79 6705.95 1962.48 577.899 411.969
 1943.58 3185.27 1806.88 528.778 266.714
 3621.14 9280.4 2738.66 1553.54 683.956
 4781.68 9566.92 4175.47 1232.19 1006.7
 3946.78 9230.97 3088.62 1348.02 722.81
 4317.36 17621.1 7037.1 2354.57 1578.67
 2604.01 8292.15 5092.04 2033.54 1136.6
 3971.42 7595.58 3690.98 2266.56 1411.09
 3825.86 10406.1 2652.83 1289.11 1284.45
 2818.95 5136.65 1348.27 343.716 333.446
 1394.44 2015.11 353.313 92.7376 46.577
 803.721 2023.31 430.928 75.5554 29.7923
 598.909 1209.5 486.869 103.694 25.3498
 581.75 1164.87 398.857 160.555 42.5549
 995.287 1365.69 472.6 161.821 82.4038
 610.773 1178.57 279.457 96.7064 49.9748
 1066.45 1912.45 669.586 158.769 83.3347
 2003.1 2978.69 957.145 335.115 121.169
 2040.67 4645.8 1227.05 394.29 187.963
F
 0.0783077 0.412701 0.412701 0.412701 0.412701
 0.0594242 0.313181 0.313181 0.313181 0.313181
 0.0835718 0.440444 0.440444 0.440444 0.440444
 0.0157771 0.0831493 0.0831493 0.0831493 0.0831493
 0.00331778 0.0174856 0.0174856 0.0174856 0.0174856
 0.0344315 0.181462 0.181462 0.181462 0.181462
 0.0217655 0.114709 0.114709 0.114709 0.114709
 0.0444883 0.234464 0.234464 0.234464 0.234464
 0.0517925 0.27296 0.27296 0.27296 0.27296
 0.0434239 0.228855 0.228855 0.228855 0.228855
 0.0934526 0.492519 0.492519 0.492519 0.492519
 0.0879574 0.463558 0.463558 0.463558 0.463558
 0.139527 0.735345 0.735345 0.735345 0.735345
 0.25534 1.3457 1.3457 1.3457 1.3457
 0.25635 1.35103 1.35103 1.35103 1.35103
 0.101426 0.53454 0.53454 0.53454 0.53454
 0.0696402 0.367021 0.367021 0.367021 0.367021
 0.0462669 0.243838 0.243838 0.243838 0.243838
 0.0385374 0.203102 0.203102 0.203102 0.203102
 0.0385791 0.203321 0.203321 0.203321 0.203321
 0.01862 0.098132 0.098132 0.098132 0.098132
 0.0237776 0.125314 0.125314 0.125314 0.125314
 0.0273872 0.144337 0.144337 0.144337 0.144337
 0.0261747 0.137947 0.137947 0.137947 0.137947
nmprior
 10 10 8 0
nm_flota  nm_reclas  nm_pelaces    nm_pelaL
inf 14.8894 17.9713 32.0254
cv_recla  cv_pelaces  cv_mph
0.716757 0.537965 0.494304
 ------------------------------------------------
Talla a la edad & desviación 
 7.2 14.2025 17.0495 18.207 18.6776
 1.08 2.13037 2.55742 2.73105 2.80164
