years
 1997 1998 1999 2000 2001 2002 2003 2004 2005 2006 2007 2008 2009 2010 2011 2012 2013 2014 2015 2016 2017 2018 2019 2020
reclasobs
 0 0 0 370054 412103 1.49427e+06 250295 1.28982e+06 931140 785840 897777 1.04006e+06 184774 17550 25797 100020 73551 82996 120727 218422 84188 347160 605670 569463
reclaspred
 469575 135550 447732 319078 430810 506008 1.07716e+06 689725 725224 624663 481238 321640 195675 88365 61296.4 63710.6 82654.8 113894 122641 177265 255196 238479 426316 525268
pelacesobs
 0 0 0 0 0 0 0 0 0 2.06254e+06 1.5e+06 0 1.87456e+06 323000 250000 174000 83755 137374 0 501740 490994 745055 786931 1.00524e+06
pelacespred
 1.95548e+06 504634 1.00045e+06 1.09931e+06 1.25698e+06 1.25129e+06 2.91035e+06 2.39958e+06 2.19167e+06 1.91946e+06 1.32558e+06 912376 544718 201112 137260 154663 210674 296492 329409 461661 741441 675514 952366 1.38441e+06
mphobs
 0 0 0 0 0 112323 0 153150 637223 0 255016 313432 73983 77613 109348 50772 0 0 0 0 0 0 0 0
mphpred
 173290 115708 149841 197645 193318 279975 416962 474191 388871 369560 328069 226043 139061 71820.8 33441 29004.5 36602.7 52132.7 65392.5 76712.6 114988 135818 175713 255087
desembarqueobs
 350755 77701 442110 56441 14545 235359 269955 359681 431902 328805 639364 411747 362871 311530 167758 66681 60226 58785 57116 71774 51957 67425 138520 160799
desembarquepred
 350766 77705.1 442160 56443.1 14545.1 235400 269986 359713 431982 328868 639709 412061 363308 312056 167812 66697.1 60249.7 58788.5 57114.2 71778 51959 67422.1 138524 160804
Reclutas
 65914.5 81364.4 51709.1 74348.4 121836 91934.9 135174 122209 136597 130735 66589.8 42306.5 41867.1 23353.7 17725.5 21432.5 17782.5 19669.7 23319.8 39852.2 50065.1 68979.8 112553 118502
log_desv_Rt
 0.156114 0.366693 -0.0866117 0.276518 0.770428 0.488836 0.874315 0.77349 0.884792 0.840927 0.166306 -0.287304 -0.297745 -0.881491 -1.15724 -0.967338 -1.15403 -1.05317 -0.88294 -0.347067 -0.11892 0.201569 0.69118 0.742687
SSB
 790460 527804 683499 901560 881820 1.27711e+06 1.90197e+06 2.16303e+06 1.77384e+06 1.68575e+06 1.49649e+06 1.03109e+06 634325 327611 152541 132304 166963 237804 298288 349925 524516 619534 801517 1.16358e+06
BT
 2.72668e+06 744399 1.47457e+06 1.40137e+06 1.55041e+06 1.70562e+06 3.75905e+06 3.33941e+06 3.08151e+06 2.66396e+06 2.19826e+06 1.49208e+06 1.02236e+06 544725 311130 244692 307482 410047 450691 624069 951566 885236 1.25718e+06 1.82126e+06
Ftot
 0.379729 0.28288 0.391396 0.0731257 0.0156438 0.164004 0.103433 0.212248 0.248245 0.211276 0.46174 0.436217 0.691351 1.25291 1.22109 0.47747 0.327928 0.218129 0.182893 0.181971 0.0881576 0.112939 0.129791 0.12414
BD_Bspro_t
 0.954766 0.791789 0.765171 0.66614 0.766324 0.862324 0.834916 0.836642 0.783349 0.739437 0.6946 0.539179 0.424855 0.308457 0.189463 0.201156 0.311912 0.476663 0.58936 0.67911 0.77723 0.842901 0.852909 0.858908
BD_Bspro
 0.681378 0.454968 0.589177 0.777146 0.76013 1.10087 1.6395 1.86453 1.52905 1.45312 1.28997 0.888805 0.546789 0.282401 0.131491 0.114046 0.143923 0.204987 0.257125 0.301636 0.452134 0.53404 0.690909 1.00301
BD_Bo
 0.597929 0.399247 0.51702 0.681968 0.667036 0.966043 1.43871 1.63618 1.34179 1.27515 1.13199 0.779952 0.479823 0.247815 0.115387 0.100079 0.126296 0.179882 0.225634 0.264694 0.39676 0.468635 0.606292 0.88017
BD_Brms
 2.09814 1.40096 1.81423 2.39304 2.34064 3.38986 5.04846 5.74138 4.70835 4.47453 3.97216 2.73686 1.68371 0.869587 0.404895 0.351179 0.443176 0.631209 0.791755 0.928815 1.39224 1.64445 2.12749 3.08853
S_f
 0.194504 1 1 1 1
 0.194504 1 1 1 1
 0.194504 1 1 1 1
 0.194504 1 1 1 1
 0.194504 1 1 1 1
 0.194504 1 1 1 1
 0.194504 1 1 1 1
 0.194504 1 1 1 1
 0.194504 1 1 1 1
 0.194504 1 1 1 1
 0.194504 1 1 1 1
 0.194504 1 1 1 1
 0.194504 1 1 1 1
 0.194504 1 1 1 1
 0.194504 1 1 1 1
 0.194504 1 1 1 1
 0.194504 1 1 1 1
 0.194504 1 1 1 1
 0.194504 1 1 1 1
 0.194504 1 1 1 1
 0.194504 1 1 1 1
 0.194504 1 1 1 1
 0.194504 1 1 1 1
 0.194504 1 1 1 1
Scru_reclas
 1 1 1 1 1
 1 1 1 1 1
 1 1 1 1 1
 1 1 1 1 1
 1 1 1 1 1
 1 1 1 1 1
 1 1 1 1 1
 1 1 1 1 1
 1 1 1 1 1
 1 1 1 1 1
 1 1 1 1 1
 1 1 1 1 1
 1 1 1 1 1
 1 1 1 1 1
 1 1 1 1 1
 1 1 1 1 1
 1 1 1 1 1
 1 1 1 1 1
 1 1 1 1 1
 1 1 1 1 1
 1 1 1 1 1
 1 1 1 1 1
 1 1 1 1 1
 1 1 1 1 1
Scru_pelaces
 0.96323 1 1 1 1
 0.96323 1 1 1 1
 0.96323 1 1 1 1
 0.96323 1 1 1 1
 0.96323 1 1 1 1
 0.96323 1 1 1 1
 0.96323 1 1 1 1
 0.96323 1 1 1 1
 0.96323 1 1 1 1
 0.96323 1 1 1 1
 0.96323 1 1 1 1
 0.96323 1 1 1 1
 0.96323 1 1 1 1
 0.96323 1 1 1 1
 0.96323 1 1 1 1
 0.96323 1 1 1 1
 0.96323 1 1 1 1
 0.96323 1 1 1 1
 0.96323 1 1 1 1
 0.96323 1 1 1 1
 0.96323 1 1 1 1
 0.96323 1 1 1 1
 0.96323 1 1 1 1
 0.96323 1 1 1 1
pf_obs 
 0.256992 0.487395 0.22802 0.0275931 0
 0.321318 0.546541 0.124235 0.00734118 0.000564706
 0.182869 0.594174 0.210203 0.0122559 0.00049798
 0.330522 0.361315 0.267642 0.0388342 0.00168674
 0.649043 0.306663 0.0425973 0.00169635 0
 0.582887 0.30429 0.105238 0.00758474 0
 0.465427 0.430635 0.0974691 0.00646863 0
 0.296916 0.608066 0.0921331 0.00288517 0
 0.311714 0.524322 0.152257 0.0117073 0
 0.15457 0.633149 0.183074 0.0267441 0.00246327
 0.131901 0.49318 0.331252 0.0422183 0.00144891
 0.196976 0.569456 0.194076 0.0375587 0.00193317
 0.518974 0.381816 0.0799577 0.0180837 0.00116848
 0.0928022 0.601141 0.25162 0.0475244 0.00691264
 0.122501 0.610282 0.24278 0.0234846 0.000952079
 0.383417 0.481906 0.127806 0.00687128 0
 0.0376549 0.599619 0.316969 0.0457579 0
 0.0361596 0.667082 0.258105 0.0386534 0
 0.158088 0.579412 0.248529 0.0139706 0
 0.0477256 0.309471 0.559284 0.082774 0.000745712
 0.0406174 0.521527 0.379366 0.0568643 0.0016247
 0.151134 0.462217 0.34131 0.0453401 0
 0.294876 0.26143 0.354403 0.0886775 0.000613685
 0.281977 0.475581 0.204845 0.0348837 0.00271318
pf_pred 
 0.379882 0.438206 0.162747 0.0191558 9.63815e-06
 0.311899 0.543434 0.102229 0.0379671 0.00447111
 0.179193 0.596208 0.17738 0.0333681 0.013852
 0.263525 0.422573 0.228008 0.0678353 0.0180584
 0.300232 0.458594 0.13838 0.0746657 0.0281276
 0.177969 0.566855 0.16723 0.0504614 0.0374844
 0.251648 0.40811 0.234624 0.0692171 0.0364011
 0.200421 0.51522 0.155074 0.0891522 0.0401328
 0.225872 0.454261 0.206111 0.0620364 0.0517198
 0.209798 0.495478 0.172945 0.0784702 0.043309
 0.12736 0.52408 0.218556 0.0762866 0.053717
 0.132087 0.418455 0.269931 0.112569 0.0669592
 0.205976 0.388685 0.195429 0.126065 0.0838443
 0.192974 0.524182 0.138456 0.0696151 0.074773
 0.278304 0.502315 0.142493 0.0376376 0.0392502
 0.356178 0.504759 0.0967906 0.0274568 0.0148154
 0.237522 0.595125 0.131205 0.0251594 0.0109881
 0.244828 0.491459 0.205832 0.0453789 0.012502
 0.250772 0.485589 0.171574 0.071858 0.0202069
 0.325065 0.43982 0.152382 0.0538414 0.0288908
 0.27714 0.526996 0.127634 0.0442209 0.0240086
 0.277475 0.485741 0.172625 0.0418085 0.0223496
 0.315832 0.46191 0.14942 0.0531018 0.0197359
 0.24023 0.543777 0.145826 0.0471723 0.022995
pobs_RECLAS
 0 0 0 0 0
 0 0 0 0 0
 0 0 0 0 0
 0 0 0 0 0
 0.835266 0.146461 0.0176864 0.000547809 3.91292e-05
 0.385257 0.428462 0.181853 0.0044286 0
 0.867414 0.0963971 0.0333333 0.00285562 0
 0.441836 0.489002 0.0689373 0.000224442 0
 0.779404 0.147425 0.0564933 0.0165055 0.000172143
 0.814271 0.122319 0.05973 0.00367925 0
 0.40263 0.566651 0.0304383 0.000280538 0
 0.475488 0.404961 0.113038 0.00651328 0
 0.955842 0.0263864 0.0167828 0.000988607 0
 0.975058 0.0227948 0.00214734 0 0
 0.738997 0.206755 0.0527124 0.00153531 0
 0.850938 0.134255 0.0134407 0.00136685 0
 0.542534 0.407297 0.0501686 0 0
 0.764087 0.199537 0.0359546 0.000420521 0
 0.470689 0.182191 0.310203 0.0369168 0
 0.84361 0.089868 0.0606195 0.00523954 0.000663233
 0.607945 0.314616 0.071237 0.00620181 0
 0.523733 0.453247 0.0230204 0 0
 0.530135 0.295979 0.169645 0.0042399 0
 0.562478 0.366248 0.0663022 0.0049721 0
ppred_RECLAS
 0.763242 0.167305 0.0621358 0.0073136 3.67979e-06
 0.703149 0.234441 0.0441022 0.0163792 0.00192886
 0.534856 0.337865 0.100519 0.0189094 0.00784983
 0.64867 0.201586 0.108769 0.0323604 0.00861463
 0.688229 0.20432 0.0616534 0.0332662 0.0125319
 0.528925 0.324843 0.0958332 0.0289176 0.0214809
 0.634762 0.199181 0.11451 0.0337819 0.0177658
 0.565935 0.279696 0.0841845 0.0483978 0.0217868
 0.603364 0.232748 0.105604 0.0317853 0.0264994
 0.579993 0.263356 0.0919238 0.0417084 0.0230196
 0.435993 0.338725 0.141258 0.0493058 0.0347185
 0.445804 0.267199 0.172361 0.0718794 0.042756
 0.583827 0.203723 0.102431 0.0660746 0.0439455
 0.580253 0.272635 0.0720131 0.0362079 0.0388906
 0.68941 0.216177 0.0613233 0.0161978 0.0168918
 0.745806 0.199289 0.0382149 0.0108405 0.00584943
 0.620212 0.29643 0.0653529 0.0125318 0.00547313
 0.627833 0.242203 0.101439 0.0223638 0.0061613
 0.634746 0.236728 0.0836434 0.0350313 0.00985099
 0.714325 0.186159 0.0644978 0.0227891 0.0122284
 0.664413 0.244657 0.0592541 0.0205295 0.011146
 0.665087 0.225157 0.0800174 0.0193796 0.0103597
 0.704957 0.199195 0.0644364 0.0228998 0.00851095
 0.620642 0.271512 0.0728119 0.0235535 0.0114816
pobs_PELACES
 0 0 0 0 0
 0 0 0 0 0
 0 0 0 0 0
 0 0 0 0 0
 0 0 0 0 0
 0 0 0 0 0
 0 0 0 0 0
 0 0 0 0 0
 0 0 0 0 0
 0 0 0 0 0
 0.450072 0.473896 0.0757376 0.000293798 0
 0 0 0 0 0
 0.463077 0.371075 0.160297 0.00555027 0
 0.529543 0.364841 0.0842815 0.0213345 0
 0.631943 0.363953 0.00410389 0 0
 0.735681 0.248677 0.0153453 0.000297389 0
 0.695825 0.281241 0.0229344 0 0
 0.275771 0.60734 0.115278 0.00161068 0
 0 0 0 0 0
 0.896147 0.0623911 0.0374545 0.00400742 0
 0.803859 0.145111 0.0509908 3.86294e-05 0
 0.739449 0.233085 0.0266225 0.000797448 4.60066e-05
 0.878498 0.100942 0.0204185 0.000141795 0
 0.694673 0.275183 0.0284847 0.00165964 0
ppred_PELACES
 0.77452 0.159335 0.059176 0.00696522 3.50451e-06
 0.710964 0.228269 0.0429412 0.015948 0.00187808
 0.551375 0.325867 0.0969497 0.0182378 0.00757106
 0.644551 0.203949 0.110045 0.0327397 0.00871562
 0.681038 0.209032 0.0630753 0.0340335 0.0128209
 0.530452 0.32379 0.0955224 0.0288238 0.0214112
 0.632447 0.200443 0.115235 0.0339959 0.0178784
 0.570585 0.276699 0.0832825 0.0478793 0.0215534
 0.610169 0.228754 0.103792 0.0312399 0.0260447
 0.58454 0.260504 0.0909284 0.0412568 0.0227703
 0.457064 0.32607 0.13598 0.0474637 0.0334215
 0.465269 0.257815 0.166307 0.0693548 0.0412543
 0.618883 0.186562 0.0938026 0.0605088 0.0402437
 0.65008 0.227281 0.0600334 0.0301846 0.032421
 0.747342 0.175856 0.0498852 0.0131766 0.0137411
 0.762389 0.186288 0.0357218 0.0101333 0.00546782
 0.631848 0.287348 0.0633506 0.0121479 0.00530544
 0.632615 0.239091 0.100135 0.0220765 0.00608214
 0.637328 0.235055 0.0830522 0.0347837 0.00978136
 0.716546 0.184712 0.0639964 0.0226119 0.0121333
 0.661278 0.246943 0.0598076 0.0207213 0.0112501
 0.663427 0.226272 0.080414 0.0194756 0.0104111
 0.704341 0.199612 0.0645711 0.0229476 0.00852873
 0.61959 0.272264 0.0730138 0.0236188 0.0115134
pobs_pel_tallas
 0 0 0 0 0 0 0 0 0 0 0 0 0 0 0 0 0 0 0 0 0 0 0 0 0 0 0 0 0 0 0 0 0 0 0 0
 0 0 0 0 0 0 0 0 0 0 0 0 0 0 0 0 0 0 0 0 0 0 0 0 0 0 0 0 0 0 0 0 0 0 0 0
 0 0 0 0 0 0 0 0 0 0 0 0 0 0 0 0 0 0 0 0 0 0 0 0 0 0 0 0 0 0 0 0 0 0 0 0
 0 0 0 0 0 0 0 0 0 0 0 0 0 0 0 0 0 0 0 0 0 0 0 0 0 0 0 0 0 0 0 0 0 0 0 0
 0 0 0 0 0 0 0 0 0 0 0 0 0 0 0 0 0 0 0 0 0 0 0 0 0 0 0 0 0 0 0 0 0 0 0 0
 0 0 0 0 0 0 0 0 0 0 0 0 0 0 0 0 0 0 0 0 0 0 0 0 0 0 0 0 0 0 0 0 0 0 0 0
 0 0 0 0 0 0 0 0 0 0 0 0 0 0 0 0 0 0 0 0 0 0 0 0 0 0 0 0 0 0 0 0 0 0 0 0
 0 0 0 0 0 0 0 0 0 0 0 0 0 0 0 0 0 0 0 0 0 0 0 0 0 0 0 0 0 0 0 0 0 0 0 0
 0 0 0 0 0 0 0 0 0 0 0 0 0 0 0 0 0 0 0 0 0 0 0 0 0 0 0 0 0 0 0 0 0 0 0 0
 0 0 0 0 0 0 0 0 0 0 0 0 0 0 0 0 0 0 0 0 0 0 0 0 0 0 0 0 0 0 0 0 0 0 0 0
 0 0 0 0 0 0 0 0 1.78061e-05 0.00172719 0.00360574 0.0105946 0.0120993 0.0124554 0.0147524 0.0171206 0.0266825 0.0428682 0.0675386 0.121331 0.153587 0.119568 0.100827 0.0573624 0.0630603 0.0341343 0.0324427 0.0444173 0.0211091 0.0280891 0.0125444 0.00206551 0 0 0 0
 0 0 0 0 0 0 0 0 0 0 0 0 0 0 0 0 0 0 0 0 0 0 0 0 0 0 0 0 0 0 0 0 0 0 0 0
 0 0 0 0 0 0 0.0133647 0.0140871 0.0187388 0.0205184 0.03894 0.0496705 0.03968 0.0493445 0.0407372 0.0367815 0.0215668 0.0243155 0.0234873 0.0199281 0.019796 0.0243948 0.0301388 0.0376714 0.0412746 0.0863199 0.0771752 0.113111 0.0741005 0.0525337 0.0229764 0.00759418 0.00175318 0 0 0
 0 0 0 0 0 0 0 0 0 0 0.00219441 0.00772107 0.0458388 0.0604681 0.0671733 0.0775358 0.0609151 0.0617685 0.073594 0.0568108 0.0755445 0.0548602 0.0670107 0.0636378 0.0643287 0.046367 0.0373049 0.0286899 0.0247887 0.0153202 0.00654259 0.00121912 0.000365735 0 0 0
 0 0 0 0 0 0 0 0 0 0 0 0 0.000112435 0.00938835 0.0111873 0.0202946 0.0414886 0.0713402 0.111592 0.104902 0.108894 0.110636 0.117776 0.105296 0.107544 0.0401394 0.0192827 0.0124803 0.00416011 0.0028671 0.000618394 0 0 0 0 0
 0 0 0 0 0 0 0 0 0 0 0.00291406 0.0102884 0.027416 0.0768956 0.0749926 0.110853 0.0956884 0.0897413 0.0766577 0.0534642 0.0500743 0.0551293 0.0594112 0.0620874 0.0668451 0.0424026 0.0208742 0.0120726 0.0048766 0.00582813 0.00118941 0.000297354 0 0 0 0
 0 0.00264628 0.0354308 0.0461629 0.0458689 0.0383711 0.0214643 0.0164657 0.0346957 0.0420465 0.0363128 0.0245516 0.0311673 0.0291091 0.0169068 0.0133784 0.00837989 0.0085269 0.0148486 0.0160247 0.0276389 0.0546898 0.0760071 0.122758 0.109233 0.0665981 0.0333725 0.0166128 0.00676272 0.00308733 0.000882094 0 0 0 0 0
 0 0 0 0 0 0 0 0.000805153 0.000690131 0.00759144 0.0133425 0.0154129 0.00931677 0.000345066 0.00356568 0.00563607 0.00851162 0.0253048 0.0502646 0.0516448 0.0657925 0.0565908 0.0611916 0.0827007 0.0866115 0.110766 0.145733 0.0935128 0.0569358 0.0249597 0.0138026 0.00621118 0.00161031 0.00115022 0 0
 0 0 0 0 0 0 0 0 0 0 0 0 0 0 0 0 0 0 0 0 0 0 0 0 0 0 0 0 0 0 0 0 0 0 0 0
 0.00147267 0.00158595 0.00478618 0.00569244 0.00954404 0.0108468 0.00647125 0.017049 0.0510054 0.094081 0.124002 0.0959785 0.0687766 0.0820023 0.061753 0.0591476 0.0492212 0.0479892 0.0443925 0.0268479 0.0217502 0.0140895 0.0121071 0.0120363 0.00920419 0.00665534 0.0049561 0.00860946 0.00930331 0.0156896 0.0114698 0.00855282 0.00243557 0.00046729 0 2.83206e-05
 0 0 0 0 0.000772559 0.00158375 0.000888443 0.00281984 0.00712685 0.0440552 0.0773331 0.111326 0.0921469 0.0852325 0.0710754 0.0886704 0.0786465 0.0553345 0.0373146 0.0185414 0.00753245 0.00457741 0.012979 0.0271748 0.0457355 0.0583668 0.034881 0.0177882 0.00938659 0.00492506 0.0015258 0.00185414 0.000309023 5.79419e-05 3.86279e-05 0
 0 0.00173294 0.00326652 0 0.00397197 0.00683976 0.00946217 0.0152591 0.00757587 0.0136028 0.0228656 0.0392903 0.0559909 0.0764795 0.0681675 0.0726916 0.0566044 0.0477403 0.0527397 0.0444891 0.0609904 0.0582453 0.0661739 0.0445044 0.0529084 0.0360697 0.0280645 0.0235558 0.0158879 0.00826598 0.00280645 0.00217768 0.000904811 0.00058276 9.20147e-05 0
 0 0 0 0 0 0 0 0 0 0 0 0 0 0 0 0 0 0 0 0 0 0 0 0 0 0 0 0 0 0 0 0 0 0 0 0
 0 0 0 0 0 0 0 0 0 0 0 0 0 0 0 0 0 0 0 0 0 0 0 0 0 0 0 0 0 0 0 0 0 0 0 0
ppred_pel_tallas
 1.01132e-16 3.37919e-05 0.000198335 0.000942801 0.00362985 0.0113193 0.0285917 0.0585024 0.0969736 0.130231 0.141713 0.12499 0.089449 0.0521562 0.025225 0.0109636 0.00567639 0.00501504 0.00631497 0.00840563 0.0108072 0.013229 0.0154028 0.0170782 0.0180654 0.0182746 0.0177325 0.0165672 0.0149703 0.0131484 0.0112816 0.00949911 0.00787478 0.00643729 0.00518711 0.0041122
 1.0132e-16 3.10233e-05 0.000182074 0.000865483 0.00333213 0.0103909 0.0262467 0.0537048 0.0890235 0.119562 0.130122 0.114813 0.0822654 0.0481688 0.0236722 0.0109296 0.00658218 0.00666044 0.00871634 0.0116379 0.0149069 0.0181434 0.0209715 0.0230407 0.0240953 0.0240307 0.022916 0.0209677 0.0184907 0.0158037 0.0131753 0.0107868 0.00872633 0.00700661 0.00559423 0.00443766
 1.02463e-16 2.40686e-05 0.000141235 0.000671305 0.00258446 0.00805932 0.0203574 0.0416556 0.0690549 0.0927574 0.100987 0.0891947 0.0641027 0.0379241 0.0193655 0.0101689 0.00780195 0.00924074 0.0126005 0.0169697 0.0218221 0.0266697 0.0309857 0.0342663 0.036133 0.0364158 0.0351853 0.0327194 0.0294232 0.025727 0.0219997 0.0184979 0.0153582 0.0126203 0.0102649 0.00824924
 1.03161e-16 2.81266e-05 0.00016507 0.000784645 0.00302089 0.00942034 0.0237951 0.0486884 0.0807084 0.108395 0.117971 0.104095 0.0745954 0.0436976 0.0215142 0.0100054 0.00613731 0.00632667 0.00837399 0.0112945 0.0146427 0.018095 0.0213223 0.0240038 0.0258836 0.0268214 0.0268129 0.0259746 0.0244995 0.0226029 0.0204758 0.0182599 0.0160454 0.0138843 0.0118095 0.00984929
 1.02733e-16 2.97176e-05 0.000174411 0.000829053 0.00319187 0.00995353 0.0251419 0.0514441 0.0852759 0.114528 0.124643 0.109975 0.0787931 0.0461237 0.0226461 0.0104233 0.0062393 0.00629663 0.00825977 0.0110787 0.0142774 0.0175152 0.0204538 0.0227727 0.024229 0.0247085 0.0242455 0.0230016 0.0212147 0.0191366 0.0169793 0.0148867 0.0129321 0.0111353 0.00948805 0.00797582
 1.03453e-16 2.31561e-05 0.000135878 0.000645841 0.00248642 0.00775357 0.0195851 0.0400754 0.0664357 0.0892403 0.0971611 0.0858219 0.0616936 0.0365287 0.0187085 0.00991475 0.00771787 0.00921479 0.0125963 0.0169859 0.0218733 0.0267808 0.0311902 0.0346043 0.0366484 0.0371512 0.0361763 0.0339887 0.0309755 0.0275459 0.0240472 0.0207168 0.0176768 0.014959 0.0125441 0.0103967
 1.03705e-16 2.75986e-05 0.000161971 0.000769913 0.00296417 0.00924345 0.0233483 0.0477742 0.079193 0.10636 0.115756 0.102143 0.0731983 0.0428839 0.0211228 0.00983977 0.00605991 0.00626985 0.00831459 0.0112315 0.0145868 0.0180665 0.0213494 0.0241208 0.0261275 0.027226 0.027404 0.0267645 0.0254844 0.0237618 0.0217729 0.0196484 0.0174724 0.0152969 0.0131593 0.0110964
 1.03925e-16 2.49041e-05 0.000146145 0.000694661 0.0026744 0.00833981 0.0210659 0.0431047 0.0714555 0.0959765 0.104478 0.0922439 0.0662207 0.0390297 0.0196588 0.00988497 0.00706339 0.00804969 0.0108969 0.0146928 0.0189551 0.0232696 0.027196 0.0303121 0.0322969 0.0329986 0.0324606 0.0308935 0.0286078 0.0259308 0.0231378 0.0204137 0.0178513 0.0154746 0.0132724 0.0112277
 1.03839e-16 2.66283e-05 0.000156272 0.000742813 0.00285982 0.00891803 0.0225263 0.0460926 0.0764066 0.102621 0.111695 0.0985785 0.0706868 0.0414984 0.0206 0.00986333 0.0064326 0.00692732 0.00926713 0.0125068 0.0161942 0.0199775 0.0234916 0.026382 0.0283706 0.0293117 0.0292148 0.0282241 0.0265674 0.0244919 0.0222111 0.0198759 0.0175729 0.0153421 0.0132013 0.011165
 1.03858e-16 2.5512e-05 0.000149715 0.000711637 0.00273977 0.00854366 0.0215807 0.0441581 0.073201 0.0983191 0.107023 0.0944778 0.0677965 0.0399025 0.019995 0.00988466 0.00685256 0.00767123 0.0103466 0.0139544 0.0180221 0.0221564 0.0259421 0.0289797 0.0309623 0.03174 0.0313446 0.0299642 0.0278818 0.0253983 0.0227686 0.020167 0.0176853 0.0153535 0.0131706 0.0111303
 1.0523e-16 1.99562e-05 0.000117091 0.000556526 0.00214253 0.00668118 0.0168764 0.0345331 0.0572496 0.0769059 0.0837452 0.0740032 0.0532665 0.031678 0.0164819 0.00915554 0.00763571 0.00944846 0.0130518 0.0176893 0.0228967 0.0282138 0.0331274 0.0371347 0.039844 0.0410545 0.040789 0.0392634 0.036813 0.0337987 0.0305303 0.027224 0.0240008 0.0209109 0.0179705 0.0151905
 1.06756e-16 2.03112e-05 0.000119182 0.000566478 0.00218087 0.00680076 0.0171783 0.0351505 0.058271 0.0782719 0.0852163 0.0752645 0.0540903 0.0319997 0.0163426 0.00859489 0.00663193 0.00792321 0.0109108 0.01487 0.0194109 0.0241781 0.0287746 0.0327994 0.0359211 0.0379385 0.0388075 0.0386222 0.037565 0.0358443 0.0336445 0.031102 0.0283089 0.0253325 0.022239 0.0191079
 1.05352e-16 2.70065e-05 0.000158496 0.000753396 0.00290058 0.00904516 0.0228474 0.0467492 0.0774937 0.104077 0.113269 0.0999431 0.0716112 0.0419321 0.0206133 0.00953493 0.00578308 0.00591907 0.0078374 0.0106048 0.0138123 0.0171735 0.020399 0.0232048 0.0253617 0.0267377 0.0273157 0.0271773 0.0264635 0.0253276 0.0238969 0.0222565 0.0204532 0.0185133 0.0164631 0.0143434
 1.03479e-16 2.83684e-05 0.000166488 0.000791384 0.00304683 0.00950122 0.0239994 0.0491066 0.0814022 0.109328 0.11899 0.105004 0.0752666 0.0441302 0.0217995 0.0102564 0.00644396 0.00674677 0.00893738 0.012004 0.0154694 0.018974 0.0221538 0.0246643 0.0262461 0.0267805 0.0263097 0.0250133 0.0231513 0.0209949 0.018769 0.0166205 0.0146175 0.0127697 0.0110576 0.00945823
 1.01861e-16 3.26074e-05 0.000191379 0.000909731 0.00350251 0.0109223 0.0275888 0.0564503 0.0935728 0.125666 0.136751 0.120626 0.0863532 0.0504065 0.0244824 0.0108178 0.0058568 0.00541044 0.00690858 0.00921364 0.0118442 0.0144924 0.0168678 0.0186995 0.0197849 0.0200323 0.0194784 0.0182695 0.0166179 0.0147478 0.0128488 0.0110499 0.00941662 0.00796435 0.00668027 0.0055426
 1.01172e-16 3.3264e-05 0.000195233 0.000928049 0.00357304 0.0111422 0.0281443 0.0575871 0.0954573 0.128197 0.139506 0.123059 0.0881002 0.0514367 0.0250014 0.0110775 0.00603688 0.00560426 0.00715248 0.00951218 0.0121799 0.0148269 0.0171432 0.0188425 0.0197161 0.0196786 0.0187858 0.017214 0.0152112 0.0130363 0.0109074 0.00897129 0.00729891 0.00589989 0.00474656 0.00379687
 1.01659e-16 2.75759e-05 0.00016183 0.000769225 0.00296149 0.00923508 0.0233272 0.0477318 0.079125 0.106276 0.115683 0.102122 0.0732797 0.0431244 0.0215977 0.0106531 0.00734457 0.00817276 0.0109665 0.0147061 0.0188566 0.022968 0.0265712 0.0292243 0.030602 0.0305684 0.0292053 0.0267803 0.0236733 0.0202832 0.0169482 0.0138993 0.011252 0.00902818 0.00719177 0.00568303
 1.02543e-16 2.76075e-05 0.000162019 0.000770136 0.00296501 0.00924608 0.023355 0.0477881 0.0792171 0.106396 0.115803 0.102204 0.0732855 0.0430217 0.0213511 0.0102129 0.00664348 0.00713377 0.00952073 0.0128161 0.0165412 0.0203207 0.0237662 0.0265041 0.0282455 0.0288463 0.0283319 0.0268753 0.024742 0.0222205 0.0195624 0.0169489 0.0144857 0.0122191 0.0101609 0.00830989
 1.02908e-16 2.78128e-05 0.000163225 0.000775869 0.00298709 0.00931492 0.0235288 0.0481439 0.0798067 0.107187 0.116663 0.102959 0.0738179 0.0433168 0.0214649 0.0102124 0.00656992 0.00699922 0.00931967 0.012537 0.0161737 0.0198607 0.0232185 0.0258841 0.0275795 0.0281699 0.0276866 0.0263043 0.0242856 0.0219114 0.0194217 0.0169838 0.0146884 0.0125681 0.0106233 0.00884628
 1.02313e-16 3.1265e-05 0.000183497 0.000872256 0.00335822 0.0104723 0.0264522 0.0541249 0.0897187 0.120492 0.131124 0.115674 0.082831 0.0483972 0.0235942 0.010576 0.00594298 0.00568751 0.00735011 0.00983854 0.0126815 0.0155661 0.01819 0.0202678 0.0215817 0.0220272 0.0216307 0.0205315 0.0189377 0.0170714 0.015122 0.0132206 0.0114374 0.0097959 0.00829421 0.00692353
 1.02168e-16 2.88576e-05 0.000169358 0.000805023 0.00309934 0.00966495 0.024413 0.049953 0.0828056 0.111214 0.121046 0.106826 0.0765895 0.0449396 0.0222616 0.0105764 0.00677865 0.00719129 0.00954347 0.012793 0.0164326 0.0200676 0.0232961 0.0257394 0.0271161 0.0273041 0.0263639 0.0245121 0.0220589 0.0193304 0.0166017 0.0140589 0.0117947 0.00982713 0.00813093 0.00666576
 1.02371e-16 2.89505e-05 0.000169905 0.000807629 0.00310938 0.00969626 0.0244921 0.0501147 0.0830729 0.111572 0.121431 0.107155 0.0768018 0.0450175 0.0222139 0.0104115 0.00648854 0.00675351 0.00893288 0.0119953 0.0154562 0.0189523 0.0221151 0.0245934 0.0261197 0.0265665 0.0259685 0.0245011 0.0224263 0.0200245 0.0175372 0.0151336 0.0129066 0.0108894 0.00908018 0.00746517
 1.02169e-16 3.07334e-05 0.000180375 0.000857409 0.00330105 0.010294 0.0260019 0.0532036 0.0881921 0.118443 0.128899 0.113721 0.081455 0.047638 0.0233076 0.0105891 0.00614817 0.00605064 0.00787865 0.0105504 0.0135854 0.0166507 0.0194197 0.0215838 0.0229092 0.0232863 0.0227488 0.0214541 0.019635 0.017539 0.0153778 0.0132975 0.011376 0.00963779 0.00807725 0.00667912
 1.02475e-16 2.70408e-05 0.000158689 0.000754299 0.00290403 0.00905589 0.0228746 0.0468055 0.0775893 0.104212 0.113436 0.100134 0.0718446 0.0422628 0.0211353 0.0103755 0.00709386 0.00786014 0.0105507 0.0141758 0.0182262 0.0222794 0.0258946 0.0286533 0.0302426 0.0305235 0.0295569 0.0275753 0.0249147 0.0219297 0.0189207 0.0160932 0.0135516 0.0113208 0.00937904 0.00768834
pSPR Fmed_Fpbrs
0.696853   0.33498 0.33498
Fs Fmed_Fpbrs
0.227064   1.005 1.005
SSBpbr Bo_Bmed_Bpbrs
1.322e+06  855139  376743 376743
Ro
56387.3
SPR SPRFo_SPRFmed_SPRFpbrs
1.16009e+06 808413 388607
log_Ro
10.76
likeval ReclasPelacesDesembMPH_pf_preclas_ppelaces_ptallas_desvR_qrecl_qpela
 60.147 21.7422 0.0281527 0.000232354 288.637 171.182 80.6006 0 16.1166 7.49893e-05 7.72156e-06 0 0 0 0
q_reclas_q_pelaces
0.29314 1.48488
M
0.7
N
 65914.5 16836.3 6252.87 735.985 0.370306
 81364.4 30401.7 5719.07 2124.02 250.131
 51709.1 38241.3 11377.3 2140.26 888.483
 74348.4 23795.7 12839.4 3819.9 1016.89
 121836 36398.9 10983.3 5926.27 2232.51
 91934.9 60318 17794.6 5369.5 3988.64
 135174 44220.2 25422.3 7499.91 3944.19
 122209 65788.3 19801.3 11383.8 5124.54
 136597 58233 26421.9 7952.61 6630.09
 130735 64634.8 22560.6 10236.4 5649.64
 66589.8 62307.2 25983.9 9069.62 6386.35
 42306.5 30227.2 19498.5 8131.42 4836.81
 41867.1 19299.8 9703.86 6259.62 4163.21
 23353.7 18174.7 4800.62 2413.73 2592.57
 17725.5 9088.94 2578.27 681.019 710.197
 21432.5 6941.36 1331.05 377.58 203.739
 17782.5 9699.14 2138.33 410.038 179.08
 19669.7 8284.87 3469.84 764.984 210.755
 23319.8 9361.93 3307.86 1385.39 389.579
 39852.2 11175.6 3871.95 1368.08 734.099
 50065.1 19101.8 4626.31 1602.86 870.231
 68979.8 24438.9 8685.25 2103.5 1124.47
 112553 33510.1 10840 3852.36 1431.77
 118502 54498.9 14615.1 4727.74 2304.63
pred_Ctot
 3389.41 3909.8 1452.07 170.914 0.0859942
 3142.54 5475.37 1030.01 382.538 45.0487
 2737.93 9109.61 2710.23 509.839 211.649
 755.736 1211.85 653.878 194.537 51.7876
 266.248 406.685 122.717 66.2141 24.9438
 2079.62 6623.85 1954.12 589.655 438.015
 1938.43 3143.65 1807.29 533.175 280.396
 3562.92 9159.18 2756.78 1584.88 713.449
 4643.52 9338.8 4237.27 1275.36 1063.27
 3794.35 8961.08 3127.85 1419.19 783.276
 4134.83 17014.6 7095.56 2476.69 1743.96
 2487.14 7879.32 5082.67 2119.62 1260.81
 3817.9 7204.52 3622.4 2336.69 1554.11
 3683.65 10006 2642.97 1328.87 1427.33
 2732.04 4931.1 1398.81 369.479 385.31
 1374.34 1947.65 373.474 105.944 57.1665
 793.141 1987.26 438.124 84.0129 36.6917
 589.05 1182.44 495.225 109.18 30.0796
 587.314 1137.26 401.829 168.293 47.3249
 998.704 1351.27 468.167 165.418 88.7618
 612.722 1165.12 282.183 97.7667 53.08
 1079.22 1889.26 671.416 162.612 86.9273
 2020.79 2955.44 956.036 339.761 126.276
 2035.96 4608.53 1235.88 399.787 194.884
F
 0.0738586 0.379729 0.379729 0.379729 0.379729
 0.0550212 0.28288 0.28288 0.28288 0.28288
 0.0761279 0.391396 0.391396 0.391396 0.391396
 0.0142232 0.0731257 0.0731257 0.0731257 0.0731257
 0.00304277 0.0156438 0.0156438 0.0156438 0.0156438
 0.0318994 0.164004 0.164004 0.164004 0.164004
 0.0201181 0.103433 0.103433 0.103433 0.103433
 0.041283 0.212248 0.212248 0.212248 0.212248
 0.0482845 0.248245 0.248245 0.248245 0.248245
 0.041094 0.211276 0.211276 0.211276 0.211276
 0.0898101 0.46174 0.46174 0.46174 0.46174
 0.0848458 0.436217 0.436217 0.436217 0.436217
 0.13447 0.691351 0.691351 0.691351 0.691351
 0.243695 1.25291 1.25291 1.25291 1.25291
 0.237507 1.22109 1.22109 1.22109 1.22109
 0.0928697 0.47747 0.47747 0.47747 0.47747
 0.0637831 0.327928 0.327928 0.327928 0.327928
 0.0424269 0.218129 0.218129 0.218129 0.218129
 0.0355734 0.182893 0.182893 0.182893 0.182893
 0.0353941 0.181971 0.181971 0.181971 0.181971
 0.017147 0.0881576 0.0881576 0.0881576 0.0881576
 0.021967 0.112939 0.112939 0.112939 0.112939
 0.0252448 0.129791 0.129791 0.129791 0.129791
 0.0241457 0.12414 0.12414 0.12414 0.12414
nmprior
 10 10 8 0
nm_flota  nm_reclas  nm_pelaces    nm_pelaL
inf 14.312 18.5566 33.2812
cv_recla  cv_pelaces  cv_mph
0.718015 0.548677 0.494553
 ------------------------------------------------
Talla a la edad & desviación 
 7.2 14.2025 17.0495 18.207 18.6776
 1.08 2.13037 2.55742 2.73105 2.80164
