years
 1997 1998 1999 2000 2001 2002 2003 2004 2005 2006 2007 2008 2009 2010 2011 2012 2013 2014 2015 2016 2017 2018 2019 2020
reclasobs
 0 0 0 370054 412103 1.49427e+06 250295 1.28982e+06 931140 785840 897777 1.04006e+06 184774 17550 25797 100020 73551 82996 120727 218422 84188 347160 605670 569463
reclaspred
 3.25442e+06 407692 598649 181828 236565 307769 551215 474875 744352 1.15165e+06 1.25206e+06 823650 449759 201223 129043 119149 127861 161904 150813 205110 384809 383924 543915 396350
pelacesobs
 0 0 0 0 0 0 0 0 0 2.06254e+06 1.5e+06 0 1.87456e+06 323000 250000 174000 83755 137374 0 501740 490994 745055 786931 1.00524e+06
pelacespred
 1.41319e+06 562006 186343 132740 137201 127848 285911 271938 412841 667808 645174 438900 241644 86030.9 53903.3 56685.3 63531 80673.6 78757.4 103243 213683 225295 242659 210797
mphobs
 0 0 0 0 0 112323 0 153150 637223 0 255016 313432 73983 77613 109348 50772 0 0 0 0 0 0 0 0
mphpred
 2.32091e+06 1.00876e+06 455852 245905 136970 305434 331149 458068 527416 832652 1.25068e+06 891389 500763 266124 120563 102578 104537 129279 141858 139899 264884 367478 409429 414255
desembarqueobs
 350755 77701 442110 56441 14545 235359 269955 359681 431902 328805 639364 411747 362871 311530 167758 66681 60226 58785 57116 71774 51957 67425 138520 160799
desembarquepred
 350736 77682 441684 56422.1 14543.8 235176 269819 359244 431532 328592 638648 411362 362310 311020 167469 66642.2 60204.3 58750.6 57074.4 71720.5 51943.4 67390 138434 160702
Reclutas
 9486.57 12185.4 2354.43 6050.7 50950.1 17855.7 55162.3 71607.4 123147 195785 64252 26057.2 49345.4 27492.9 19585.9 14432.4 11641.7 11304.9 9298.04 27933.2 37961.7 34217.8 37743.1 12213.1
log_desv_Rt
 -0.942367 -0.692004 -2.33595 -1.39207 0.738601 -0.309925 0.818035 1.07895 1.62113 2.08477 0.970568 0.0680493 0.7066 0.121683 -0.217435 -0.522767 -0.737653 -0.767012 -0.962441 0.137573 0.444332 0.340501 0.438558 -0.689736
SSB
 2.32091e+06 1.00876e+06 455852 245905 136970 305434 331149 458068 527416 832652 1.25068e+06 891389 500763 266124 120563 102578 104537 129279 141858 139899 264884 367478 409429 414255
BT
 2.89875e+06 1.18115e+06 598777 319430 389444 428763 1.04811e+06 1.06176e+06 1.55946e+06 2.04285e+06 1.89472e+06 1.23315e+06 903412 483870 278225 182255 198151 230251 210820 320032 572961 511507 590892 543682
Ftot
 0.104924 0.18452 0.682576 0.298081 0.0600909 0.707274 0.467121 0.70892 0.550865 0.275667 0.482969 0.472747 0.746651 1.3367 1.16025 0.528991 0.448558 0.348034 0.362139 0.336434 0.131375 0.170288 0.245605 0.386647
BD_Bspro_t
 0.983474 0.876617 0.688103 0.383893 0.413133 0.66776 0.499135 0.526648 0.512534 0.56615 0.626248 0.468224 0.340241 0.246528 0.145673 0.149498 0.20026 0.303021 0.37734 0.436198 0.614328 0.736765 0.726081 0.660307
BD_Bspro
 4.63419 2.01419 0.910206 0.491002 0.27349 0.609865 0.66121 0.914629 1.0531 1.66257 2.49724 1.77985 0.99988 0.531372 0.24073 0.20482 0.20873 0.258132 0.283249 0.279339 0.528898 0.733747 0.817511 0.827148
BD_Bo
 2.24407 0.975357 0.44076 0.237763 0.132435 0.295322 0.320185 0.442902 0.509954 0.805084 1.20927 0.861877 0.484184 0.257313 0.116571 0.0991822 0.101076 0.124999 0.137161 0.135268 0.256115 0.355311 0.395873 0.400539
BD_Brms
 10.9259 4.74882 2.14597 1.15762 0.644801 1.43786 1.55892 2.1564 2.48287 3.9198 5.8877 4.19631 2.3574 1.2528 0.567563 0.482899 0.492118 0.608593 0.667809 0.658591 1.24697 1.72994 1.92743 1.95015
S_f
 0.5 1 1 1 1
 0.5 1 1 1 1
 0.5 1 1 1 1
 0.5 1 1 1 1
 0.5 1 1 1 1
 0.5 1 1 1 1
 0.5 1 1 1 1
 0.5 1 1 1 1
 0.5 1 1 1 1
 0.5 1 1 1 1
 0.5 1 1 1 1
 0.5 1 1 1 1
 0.5 1 1 1 1
 0.5 1 1 1 1
 0.5 1 1 1 1
 0.5 1 1 1 1
 0.5 1 1 1 1
 0.5 1 1 1 1
 0.5 1 1 1 1
 0.5 1 1 1 1
 0.5 1 1 1 1
 0.5 1 1 1 1
 0.5 1 1 1 1
 0.5 1 1 1 1
Scru_reclas
 0.5 1 1 1 1
 0.5 1 1 1 1
 0.5 1 1 1 1
 0.5 1 1 1 1
 0.5 1 1 1 1
 0.5 1 1 1 1
 0.5 1 1 1 1
 0.5 1 1 1 1
 0.5 1 1 1 1
 0.5 1 1 1 1
 0.5 1 1 1 1
 0.5 1 1 1 1
 0.5 1 1 1 1
 0.5 1 1 1 1
 0.5 1 1 1 1
 0.5 1 1 1 1
 0.5 1 1 1 1
 0.5 1 1 1 1
 0.5 1 1 1 1
 0.5 1 1 1 1
 0.5 1 1 1 1
 0.5 1 1 1 1
 0.5 1 1 1 1
 0.5 1 1 1 1
Scru_pelaces
 0.5 1 1 1 1
 0.5 1 1 1 1
 0.5 1 1 1 1
 0.5 1 1 1 1
 0.5 1 1 1 1
 0.5 1 1 1 1
 0.5 1 1 1 1
 0.5 1 1 1 1
 0.5 1 1 1 1
 0.5 1 1 1 1
 0.5 1 1 1 1
 0.5 1 1 1 1
 0.5 1 1 1 1
 0.5 1 1 1 1
 0.5 1 1 1 1
 0.5 1 1 1 1
 0.5 1 1 1 1
 0.5 1 1 1 1
 0.5 1 1 1 1
 0.5 1 1 1 1
 0.5 1 1 1 1
 0.5 1 1 1 1
 0.5 1 1 1 1
 0.5 1 1 1 1
pf_obs 
 0.256992 0.487395 0.22802 0.0275931 0
 0.321318 0.546541 0.124235 0.00734118 0.000564706
 0.182869 0.594174 0.210203 0.0122559 0.00049798
 0.330522 0.361315 0.267642 0.0388342 0.00168674
 0.649043 0.306663 0.0425973 0.00169635 0
 0.582887 0.30429 0.105238 0.00758474 0
 0.465427 0.430635 0.0974691 0.00646863 0
 0.296916 0.608066 0.0921331 0.00288517 0
 0.311714 0.524322 0.152257 0.0117073 0
 0.15457 0.633149 0.183074 0.0267441 0.00246327
 0.131901 0.49318 0.331252 0.0422183 0.00144891
 0.196976 0.569456 0.194076 0.0375587 0.00193317
 0.518974 0.381816 0.0799577 0.0180837 0.00116848
 0.0928022 0.601141 0.25162 0.0475244 0.00691264
 0.122501 0.610282 0.24278 0.0234846 0.000952079
 0.383417 0.481906 0.127806 0.00687128 0
 0.0376549 0.599619 0.316969 0.0457579 0
 0.0361596 0.667082 0.258105 0.0386534 0
 0.158088 0.579412 0.248529 0.0139706 0
 0.0477256 0.309471 0.559284 0.082774 0.000745712
 0.0406174 0.521527 0.379366 0.0568643 0.0016247
 0.151134 0.462217 0.34131 0.0453401 0
 0.294876 0.26143 0.354403 0.0886775 0.000613685
 0.281977 0.475581 0.204845 0.0348837 0.00271318
pf_pred 
 0.0507629 0.614982 0.294922 0.0393316 1.67899e-06
 0.123378 0.0869922 0.511577 0.245333 0.0327197
 0.0530111 0.216659 0.0724748 0.426204 0.231651
 0.318904 0.0822417 0.13701 0.0458315 0.416013
 0.834329 0.0836706 0.00990147 0.0164953 0.0556037
 0.276215 0.659412 0.0325114 0.00384735 0.0280151
 0.703202 0.144097 0.139119 0.00685908 0.00672217
 0.616366 0.324004 0.0289508 0.0279507 0.00272863
 0.688212 0.249116 0.0529305 0.00472952 0.0050119
 0.652153 0.291696 0.0448643 0.00953246 0.00175437
 0.251618 0.600442 0.124059 0.0190809 0.00480033
 0.200173 0.349173 0.361569 0.074705 0.0143806
 0.505638 0.180469 0.137033 0.141898 0.0349617
 0.427866 0.411484 0.0586461 0.0445308 0.057473
 0.547484 0.314839 0.0990185 0.0141124 0.0245459
 0.534324 0.361695 0.072345 0.0227529 0.00888308
 0.45827 0.394605 0.114274 0.0228566 0.00999502
 0.46441 0.352733 0.133196 0.0385722 0.0110888
 0.411426 0.386869 0.132841 0.0501622 0.0187025
 0.703027 0.180639 0.0764658 0.0262563 0.0136113
 0.582981 0.349956 0.0407928 0.0172679 0.0090031
 0.427849 0.425514 0.123055 0.014344 0.00923769
 0.437731 0.343463 0.162728 0.0470597 0.00901829
 0.199916 0.50048 0.183014 0.0867094 0.0298811
pobs_RECLAS
 0 0 0 0 0
 0 0 0 0 0
 0 0 0 0 0
 0 0 0 0 0
 0.835266 0.146461 0.0176864 0.000547809 3.91292e-05
 0.385257 0.428462 0.181853 0.0044286 0
 0.867414 0.0963971 0.0333333 0.00285562 0
 0.441836 0.489002 0.0689373 0.000224442 0
 0.779404 0.147425 0.0564933 0.0165055 0.000172143
 0.814271 0.122319 0.05973 0.00367925 0
 0.40263 0.566651 0.0304383 0.000280538 0
 0.475488 0.404961 0.113038 0.00651328 0
 0.955842 0.0263864 0.0167828 0.000988607 0
 0.975058 0.0227948 0.00214734 0 0
 0.738997 0.206755 0.0527124 0.00153531 0
 0.850938 0.134255 0.0134407 0.00136685 0
 0.542534 0.407297 0.0501686 0 0
 0.764087 0.199537 0.0359546 0.000420521 0
 0.470689 0.182191 0.310203 0.0369168 0
 0.84361 0.089868 0.0606195 0.00523954 0.000663233
 0.607945 0.314616 0.071237 0.00620181 0
 0.523733 0.453247 0.0230204 0 0
 0.530135 0.295979 0.169645 0.0042399 0
 0.562478 0.366248 0.0663022 0.0049721 0
ppred_RECLAS
 0.0509255 0.614877 0.294871 0.0393249 1.67871e-06
 0.124069 0.0869237 0.511174 0.245139 0.0326939
 0.0547254 0.216267 0.0723436 0.425433 0.231231
 0.321365 0.0819444 0.136515 0.0456658 0.414509
 0.834584 0.0835417 0.00988621 0.0164699 0.055518
 0.28334 0.65292 0.0321913 0.00380948 0.0277393
 0.707375 0.142072 0.137164 0.00676266 0.00662767
 0.624719 0.316949 0.0283204 0.0273421 0.00266922
 0.693557 0.244845 0.0520231 0.00464844 0.00492597
 0.65448 0.289744 0.0445642 0.00946869 0.00174263
 0.255589 0.597255 0.123401 0.0189797 0.00477486
 0.203457 0.347739 0.360084 0.0743982 0.0143216
 0.515179 0.176987 0.134388 0.139159 0.034287
 0.450124 0.395476 0.0563645 0.0427984 0.0552371
 0.565468 0.302327 0.0950833 0.0135516 0.0235704
 0.540215 0.35712 0.0714298 0.022465 0.0087707
 0.462997 0.391161 0.113276 0.0226571 0.00990779
 0.467825 0.350484 0.132347 0.0383263 0.0110181
 0.414925 0.384569 0.132051 0.0498639 0.0185913
 0.705766 0.178974 0.0757607 0.0260142 0.0134858
 0.584032 0.349074 0.04069 0.0172243 0.00898041
 0.429271 0.424456 0.122749 0.0143084 0.00921473
 0.43993 0.34212 0.162091 0.0468756 0.00898301
 0.202438 0.498902 0.182437 0.0864361 0.0297869
pobs_PELACES
 0 0 0 0 0
 0 0 0 0 0
 0 0 0 0 0
 0 0 0 0 0
 0 0 0 0 0
 0 0 0 0 0
 0 0 0 0 0
 0 0 0 0 0
 0 0 0 0 0
 0 0 0 0 0
 0.450072 0.473896 0.0757376 0.000293798 0
 0 0 0 0 0
 0.463077 0.371075 0.160297 0.00555027 0
 0.529543 0.364841 0.0842815 0.0213345 0
 0.631943 0.363953 0.00410389 0 0
 0.735681 0.248677 0.0153453 0.000297389 0
 0.695825 0.281241 0.0229344 0 0
 0.275771 0.60734 0.115278 0.00161068 0
 0 0 0 0 0
 0.896147 0.0623911 0.0374545 0.00400742 0
 0.803859 0.145111 0.0509908 3.86294e-05 0
 0.739449 0.233085 0.0266225 0.000797448 4.60066e-05
 0.878498 0.100942 0.0204185 0.000141795 0
 0.694673 0.275183 0.0284847 0.00165964 0
ppred_PELACES
 0.0517688 0.61433 0.294609 0.0392899 1.67721e-06
 0.127416 0.0865915 0.509221 0.244203 0.032569
 0.0608523 0.214865 0.0718747 0.422675 0.229733
 0.332185 0.080638 0.134339 0.0449378 0.407901
 0.835948 0.0828527 0.00980468 0.0163341 0.0550601
 0.307623 0.630797 0.0311006 0.0036804 0.0267994
 0.72307 0.134451 0.129807 0.00639993 0.00627218
 0.651718 0.294147 0.026283 0.025375 0.00247719
 0.712528 0.229688 0.0488025 0.00436066 0.00462102
 0.664692 0.281181 0.043247 0.00918883 0.00169113
 0.271044 0.584856 0.120839 0.0185857 0.00467573
 0.216392 0.342092 0.354237 0.0731902 0.014089
 0.545853 0.165789 0.125886 0.130355 0.0321176
 0.505096 0.355939 0.0507296 0.0385197 0.0497149
 0.611786 0.270101 0.0849481 0.0121071 0.021058
 0.561805 0.34035 0.0680757 0.0214101 0.00835885
 0.481441 0.377727 0.109386 0.0218789 0.0095675
 0.482145 0.341053 0.128786 0.037295 0.0107216
 0.429501 0.374988 0.128761 0.0486217 0.0181282
 0.71716 0.172043 0.0728268 0.0250068 0.0129636
 0.589288 0.344662 0.0401758 0.0170067 0.00886693
 0.436169 0.419327 0.121266 0.0141355 0.00910337
 0.449938 0.336006 0.159195 0.046038 0.00882249
 0.212934 0.492336 0.180036 0.0852986 0.0293949
pobs_pel_tallas
 0 0 0 0 0 0 0 0 0 0 0 0 0 0 0 0 0 0 0 0 0 0 0 0 0 0 0 0 0 0 0 0 0 0 0 0
 0 0 0 0 0 0 0 0 0 0 0 0 0 0 0 0 0 0 0 0 0 0 0 0 0 0 0 0 0 0 0 0 0 0 0 0
 0 0 0 0 0 0 0 0 0 0 0 0 0 0 0 0 0 0 0 0 0 0 0 0 0 0 0 0 0 0 0 0 0 0 0 0
 0 0 0 0 0 0 0 0 0 0 0 0 0 0 0 0 0 0 0 0 0 0 0 0 0 0 0 0 0 0 0 0 0 0 0 0
 0 0 0 0 0 0 0 0 0 0 0 0 0 0 0 0 0 0 0 0 0 0 0 0 0 0 0 0 0 0 0 0 0 0 0 0
 0 0 0 0 0 0 0 0 0 0 0 0 0 0 0 0 0 0 0 0 0 0 0 0 0 0 0 0 0 0 0 0 0 0 0 0
 0 0 0 0 0 0 0 0 0 0 0 0 0 0 0 0 0 0 0 0 0 0 0 0 0 0 0 0 0 0 0 0 0 0 0 0
 0 0 0 0 0 0 0 0 0 0 0 0 0 0 0 0 0 0 0 0 0 0 0 0 0 0 0 0 0 0 0 0 0 0 0 0
 0 0 0 0 0 0 0 0 0 0 0 0 0 0 0 0 0 0 0 0 0 0 0 0 0 0 0 0 0 0 0 0 0 0 0 0
 0 0 0 0 0 0 0 0 0 0 0 0 0 0 0 0 0 0 0 0 0 0 0 0 0 0 0 0 0 0 0 0 0 0 0 0
 0 0 0 0 0 0 0 0 1.78061e-05 0.00172719 0.00360574 0.0105946 0.0120993 0.0124554 0.0147524 0.0171206 0.0266825 0.0428682 0.0675386 0.121331 0.153587 0.119568 0.100827 0.0573624 0.0630603 0.0341343 0.0324427 0.0444173 0.0211091 0.0280891 0.0125444 0.00206551 0 0 0 0
 0 0 0 0 0 0 0 0 0 0 0 0 0 0 0 0 0 0 0 0 0 0 0 0 0 0 0 0 0 0 0 0 0 0 0 0
 0 0 0 0 0 0 0.0133647 0.0140871 0.0187388 0.0205184 0.03894 0.0496705 0.03968 0.0493445 0.0407372 0.0367815 0.0215668 0.0243155 0.0234873 0.0199281 0.019796 0.0243948 0.0301388 0.0376714 0.0412746 0.0863199 0.0771752 0.113111 0.0741005 0.0525337 0.0229764 0.00759418 0.00175318 0 0 0
 0 0 0 0 0 0 0 0 0 0 0.00219441 0.00772107 0.0458388 0.0604681 0.0671733 0.0775358 0.0609151 0.0617685 0.073594 0.0568108 0.0755445 0.0548602 0.0670107 0.0636378 0.0643287 0.046367 0.0373049 0.0286899 0.0247887 0.0153202 0.00654259 0.00121912 0.000365735 0 0 0
 0 0 0 0 0 0 0 0 0 0 0 0 0.000112435 0.00938835 0.0111873 0.0202946 0.0414886 0.0713402 0.111592 0.104902 0.108894 0.110636 0.117776 0.105296 0.107544 0.0401394 0.0192827 0.0124803 0.00416011 0.0028671 0.000618394 0 0 0 0 0
 0 0 0 0 0 0 0 0 0 0 0.00291406 0.0102884 0.027416 0.0768956 0.0749926 0.110853 0.0956884 0.0897413 0.0766577 0.0534642 0.0500743 0.0551293 0.0594112 0.0620874 0.0668451 0.0424026 0.0208742 0.0120726 0.0048766 0.00582813 0.00118941 0.000297354 0 0 0 0
 0 0.00264628 0.0354308 0.0461629 0.0458689 0.0383711 0.0214643 0.0164657 0.0346957 0.0420465 0.0363128 0.0245516 0.0311673 0.0291091 0.0169068 0.0133784 0.00837989 0.0085269 0.0148486 0.0160247 0.0276389 0.0546898 0.0760071 0.122758 0.109233 0.0665981 0.0333725 0.0166128 0.00676272 0.00308733 0.000882094 0 0 0 0 0
 0 0 0 0 0 0 0 0.000805153 0.000690131 0.00759144 0.0133425 0.0154129 0.00931677 0.000345066 0.00356568 0.00563607 0.00851162 0.0253048 0.0502646 0.0516448 0.0657925 0.0565908 0.0611916 0.0827007 0.0866115 0.110766 0.145733 0.0935128 0.0569358 0.0249597 0.0138026 0.00621118 0.00161031 0.00115022 0 0
 0 0 0 0 0 0 0 0 0 0 0 0 0 0 0 0 0 0 0 0 0 0 0 0 0 0 0 0 0 0 0 0 0 0 0 0
 0.00147267 0.00158595 0.00478618 0.00569244 0.00954404 0.0108468 0.00647125 0.017049 0.0510054 0.094081 0.124002 0.0959785 0.0687766 0.0820023 0.061753 0.0591476 0.0492212 0.0479892 0.0443925 0.0268479 0.0217502 0.0140895 0.0121071 0.0120363 0.00920419 0.00665534 0.0049561 0.00860946 0.00930331 0.0156896 0.0114698 0.00855282 0.00243557 0.00046729 0 2.83206e-05
 0 0 0 0 0.000772559 0.00158375 0.000888443 0.00281984 0.00712685 0.0440552 0.0773331 0.111326 0.0921469 0.0852325 0.0710754 0.0886704 0.0786465 0.0553345 0.0373146 0.0185414 0.00753245 0.00457741 0.012979 0.0271748 0.0457355 0.0583668 0.034881 0.0177882 0.00938659 0.00492506 0.0015258 0.00185414 0.000309023 5.79419e-05 3.86279e-05 0
 0 0.00173294 0.00326652 0 0.00397197 0.00683976 0.00946217 0.0152591 0.00757587 0.0136028 0.0228656 0.0392903 0.0559909 0.0764795 0.0681675 0.0726916 0.0566044 0.0477403 0.0527397 0.0444891 0.0609904 0.0582453 0.0661739 0.0445044 0.0529084 0.0360697 0.0280645 0.0235558 0.0158879 0.00826598 0.00280645 0.00217768 0.000904811 0.00058276 9.20147e-05 0
 0 0 0 0 0 0 0 0 0 0 0 0 0 0 0 0 0 0 0 0 0 0 0 0 0 0 0 0 0 0 0 0 0 0 0 0
 0 0 0 0 0 0 0 0 0 0 0 0 0 0 0 0 0 0 0 0 0 0 0 0 0 0 0 0 0 0 0 0 0 0 0 0
ppred_pel_tallas
 1.05733e-16 2.29561e-06 1.33804e-05 6.34105e-05 0.000243809 0.000760002 0.00192038 0.00393433 0.00654058 0.00884127 0.00977263 0.00898084 0.00721631 0.00580276 0.00579602 0.00764413 0.0113977 0.0169933 0.0243149 0.0330911 0.0427915 0.0526151 0.061589 0.068747 0.0733323 0.0749564 0.0736648 0.0698853 0.0642902 0.0576203 0.0505336 0.0435176 0.0368738 0.0307537 0.0252171 0.0202829
 1.1717e-16 5.57302e-06 3.26697e-05 0.00015522 0.00059748 0.00186304 0.00470593 0.00962991 0.0159666 0.0214549 0.0233795 0.0206996 0.0149879 0.00909746 0.00508841 0.00343421 0.00364765 0.00515654 0.0076767 0.0111621 0.0156485 0.0211433 0.0275723 0.034758 0.042415 0.0501587 0.0575266 0.0640131 0.0691182 0.0724073 0.0735716 0.0724798 0.0692069 0.064029 0.0573872 0.0498229
 1.26349e-16 2.67394e-06 1.56422e-05 7.42534e-05 0.00028571 0.000890784 0.00225023 0.00460614 0.00764251 0.010286 0.0112521 0.0100655 0.00751229 0.00500747 0.0036059 0.00361945 0.00490492 0.00726347 0.0105951 0.0148537 0.0199622 0.0257704 0.0320603 0.038581 0.0450912 0.0513856 0.0572982 0.0626776 0.0673515 0.0711014 0.0736631 0.0747624 0.0741741 0.0717849 0.067641 0.061961
 1.22537e-16 1.45001e-05 8.50839e-05 0.000404413 0.00155695 0.00485514 0.0122637 0.0250933 0.0415962 0.0558663 0.0608035 0.0536569 0.038462 0.0225561 0.0111605 0.00530388 0.0034549 0.00381873 0.00533871 0.00761157 0.0105357 0.0140843 0.0182187 0.0228673 0.0279243 0.0332494 0.0386637 0.0439447 0.048825 0.053003 0.0561687 0.0580433 0.0584245 0.0572252 0.0544958 0.0504242
 1.03301e-16 3.64671e-05 0.000214048 0.00101752 0.00391757 0.0122166 0.0308581 0.0631389 0.104656 0.14054 0.152909 0.134814 0.0963656 0.0559602 0.0266363 0.010844 0.00455444 0.00304599 0.0034408 0.00451348 0.00583149 0.00720972 0.00851367 0.00962554 0.0104583 0.0109726 0.0111814 0.0111398 0.0109232 0.0106025 0.0102259 0.00981045 0.00934765 0.00881526 0.00819226 0.0074706
 1.02026e-16 1.3452e-05 7.88785e-05 0.000374797 0.00144273 0.00449878 0.0113642 0.0232571 0.0385679 0.051846 0.0565518 0.0501991 0.0366242 0.0227656 0.013647 0.0104329 0.0118958 0.0164706 0.0230957 0.0310578 0.0396353 0.0479343 0.0549417 0.0597069 0.0615585 0.0602677 0.0561044 0.0497594 0.0421667 0.0342841 0.0269032 0.0205385 0.0154082 0.0114881 0.00860262 0.00651604
 1.024e-16 3.15476e-05 0.000185161 0.000880173 0.00338872 0.0105674 0.0266924 0.054616 0.0905315 0.121579 0.132297 0.116683 0.0834983 0.0486762 0.023525 0.0102013 0.00526035 0.00465334 0.0059105 0.00796466 0.0103995 0.0129765 0.0154719 0.0176629 0.0193593 0.0204363 0.0208514 0.0206387 0.0198869 0.0187104 0.0172236 0.0155275 0.0137067 0.0118341 0.00997625 0.0081961
 1.01457e-16 2.84426e-05 0.000166917 0.00079341 0.00305461 0.00952546 0.0240607 0.0492326 0.0816127 0.109616 0.119318 0.105327 0.0755718 0.0444569 0.0222338 0.0109129 0.00745008 0.00822902 0.0110032 0.0147142 0.0188059 0.0228131 0.0262563 0.0286899 0.029795 0.0294542 0.0277773 0.0250666 0.0217365 0.0182137 0.0148521 0.0118831 0.00940863 0.00742573 0.00586794 0.00464516
 1.01134e-16 3.10916e-05 0.000182475 0.000867388 0.00333946 0.0104138 0.0263045 0.053823 0.0892195 0.119825 0.130409 0.115067 0.0824484 0.0482784 0.0237308 0.0109645 0.00661388 0.00670086 0.00877184 0.0117117 0.0149993 0.018252 0.0210897 0.0231584 0.0241987 0.0241044 0.0229439 0.0209357 0.0183888 0.0156273 0.0129263 0.0104735 0.00836285 0.00661121 0.00518712 0.00403875
 1.01101e-16 2.90078e-05 0.000170237 0.000809195 0.00311539 0.009715 0.0245395 0.050212 0.0832358 0.111795 0.121685 0.107407 0.0770418 0.0452775 0.0225628 0.0109405 0.0072988 0.00794522 0.0105898 0.0141621 0.0181128 0.0219923 0.0253388 0.0277218 0.0288299 0.0285423 0.0269556 0.0243515 0.0211217 0.0176745 0.0143531 0.0113888 0.00889164 0.00687288 0.00528137 0.0040399
 1.02763e-16 1.18554e-05 6.95085e-05 0.000330258 0.00127126 0.00396407 0.0100135 0.0204932 0.0339856 0.0456898 0.0498464 0.0442697 0.0323479 0.0202068 0.0122899 0.00964548 0.0112177 0.0156532 0.0220369 0.0297497 0.0381489 0.0464208 0.0536273 0.0588716 0.0614942 0.0612257 0.058242 0.0531015 0.0465923 0.0395413 0.0326502 0.0263978 0.0210233 0.0165691 0.0129546 0.0100468
 1.08314e-16 9.46298e-06 5.5484e-05 0.000263631 0.0010148 0.00316438 0.00799329 0.0163579 0.0271251 0.0364587 0.0397545 0.0352575 0.0256566 0.0158203 0.00927035 0.00682018 0.00761763 0.0106041 0.0151195 0.0208014 0.0273281 0.0342781 0.0411243 0.0473065 0.0523315 0.0558568 0.0577343 0.0579977 0.0568121 0.0544073 0.0510217 0.0468749 0.0421673 0.0370925 0.0318511 0.0266511
 1.07821e-16 2.38212e-05 0.000139797 0.000664506 0.00255834 0.0079779 0.0201516 0.0412332 0.0683504 0.0917982 0.099909 0.088161 0.0631835 0.0370271 0.0182601 0.00855022 0.00534051 0.00561542 0.00753924 0.010313 0.0136005 0.0171702 0.0207799 0.0241785 0.0271446 0.0295214 0.0312319 0.0322687 0.0326673 0.0324754 0.0317316 0.0304623 0.0286926 0.0264642 0.023851 0.020963
 1.04483e-16 2.20516e-05 0.000129391 0.000614995 0.00236765 0.00738318 0.0186496 0.0381614 0.0632641 0.0849841 0.0925378 0.0817634 0.0588309 0.0349437 0.0180984 0.00991517 0.00809748 0.00989108 0.0135691 0.018273 0.0234709 0.0286444 0.0332304 0.0366961 0.038652 0.0389402 0.037665 0.0351512 0.0318504 0.0282251 0.0246523 0.0213705 0.0184764 0.0159589 0.0137498 0.01177
 1.02694e-16 2.67005e-05 0.000156691 0.000744801 0.00286746 0.00894184 0.0225865 0.0462161 0.0766123 0.1029 0.112008 0.0988755 0.0709449 0.0417402 0.0208866 0.0102752 0.00705476 0.00784074 0.0105387 0.0141733 0.018243 0.0223307 0.0259992 0.0288319 0.0305145 0.0309028 0.0300496 0.0281766 0.025609 0.0226917 0.0197193 0.0168948 0.0143252 0.0120405 0.0100267 0.00825367
 1.02204e-16 2.45239e-05 0.000143907 0.000684006 0.00263336 0.00821179 0.0207426 0.0424438 0.0703616 0.0945131 0.1029 0.0908866 0.0653243 0.0386579 0.0197598 0.0104056 0.00801429 0.00950177 0.0129411 0.0173929 0.0223069 0.0271703 0.0314328 0.0345735 0.0362098 0.0361839 0.0345948 0.031761 0.0281319 0.0241777 0.0202947 0.0167503 0.0136749 0.011088 0.0089422 0.00716429
 1.02875e-16 2.10213e-05 0.000123339 0.000586219 0.00225684 0.00703763 0.0177768 0.0363758 0.0603052 0.0810132 0.088224 0.0779761 0.0561587 0.0334628 0.0175274 0.00991711 0.0084638 0.0105588 0.0145618 0.0196427 0.0252611 0.0308676 0.035855 0.0396403 0.0417861 0.0420969 0.0406563 0.0377888 0.0339651 0.029685 0.0253761 0.0213349 0.017718 0.0145688 0.0118627 0.00954787
 1.03722e-16 2.10505e-05 0.000123514 0.000587058 0.00226008 0.00704774 0.0178023 0.0364278 0.0603903 0.0811244 0.0883372 0.0780572 0.0561759 0.0333908 0.0173403 0.00957776 0.00792083 0.00975216 0.0134366 0.0181672 0.0234461 0.0287815 0.0336284 0.0374582 0.0398643 0.0406487 0.039856 0.0377413 0.0346902 0.0311175 0.0273816 0.023736 0.0203232 0.0171986 0.014368 0.0118203
 1.04468e-16 1.87563e-05 0.000110042 0.000523004 0.00201345 0.00627862 0.0158596 0.0324531 0.0538033 0.0722825 0.0787268 0.0696069 0.0501855 0.0300131 0.0159222 0.00933037 0.00832717 0.0106062 0.0147164 0.0199149 0.0256989 0.031539 0.0368407 0.0410265 0.0436549 0.0445141 0.0436591 0.041375 0.0380871 0.0342497 0.0302509 0.0263602 0.0227224 0.0193869 0.01635 0.0135928
 1.02555e-16 3.12913e-05 0.000183653 0.000872997 0.00336108 0.0104812 0.0264747 0.0541709 0.0897945 0.120593 0.131231 0.115762 0.0828798 0.0483974 0.0235417 0.0104643 0.00575866 0.00541223 0.00696608 0.00933552 0.0120637 0.0148573 0.0174351 0.01953 0.0209341 0.0215411 0.0213634 0.0205158 0.0191771 0.0175405 0.0157729 0.0139918 0.0122643 0.0106196 0.00906758 0.00761403
 1.01682e-16 2.57224e-05 0.000150943 0.000717455 0.00276215 0.00861341 0.021757 0.0445194 0.0738021 0.0991331 0.107926 0.0953165 0.0684879 0.0404887 0.0206185 0.0107309 0.0081083 0.00950594 0.0128949 0.0172868 0.0221078 0.0268312 0.0308975 0.0337833 0.0351122 0.0347426 0.0327992 0.0296328 0.0257264 0.0215793 0.0176078 0.0140866 0.0111398 0.00876934 0.00690212 0.00543611
 1.0277e-16 1.90489e-05 0.000111756 0.000531141 0.00204476 0.00637626 0.0161063 0.0329582 0.0546416 0.0734119 0.079965 0.0707211 0.0510309 0.0306025 0.0163867 0.00983606 0.00902157 0.0116048 0.0161025 0.0217326 0.0279359 0.0341106 0.039582 0.043702 0.045985 0.0462162 0.0444927 0.041181 0.0368125 0.0319512 0.0270811 0.0225392 0.0185046 0.0150275 0.0120786 0.00959513
 1.04364e-16 1.9646e-05 0.000115269 0.000547859 0.00210916 0.0065771 0.0166135 0.0339954 0.0563585 0.0757104 0.0824474 0.0728658 0.0524684 0.031245 0.0163332 0.00919527 0.00780839 0.00974359 0.013485 0.0182832 0.0236676 0.029163 0.0342356 0.0383601 0.0411235 0.0423094 0.0419331 0.0402126 0.0374942 0.0341581 0.0305386 0.0268793 0.0233285 0.019961 0.0168114 0.0139019
 1.07021e-16 9.3178e-06 5.46191e-05 0.000259491 0.000998816 0.0031145 0.00786746 0.0161015 0.026704 0.035905 0.039183 0.0348271 0.0255086 0.0160553 0.00997951 0.00813343 0.00972142 0.0137165 0.0194331 0.0264087 0.0341469 0.0419972 0.0491912 0.0549734 0.05876 0.060262 0.0595337 0.0569247 0.0529655 0.0482234 0.0431821 0.0381765 0.0333878 0.0288826 0.0246689 0.0207428
pSPR Fmed_Fpbrs
0.52244   0.255389 0.255389
Fs Fmed_Fpbrs
0.371443   1.005 1.005
SSBpbr Bo_Bmed_Bpbrs
1.03424e+06  488618  212422 212422
Ro
24343
SPR SPRFo_SPRFmed_SPRFpbrs
500823 261650 127905
log_Ro
9.92
likeval ReclasPelacesDesembMPH_pf_preclas_ppelaces_ptallas_desvR_qrecl_qpela
 99.5831 113.048 0.0888196 0.000576857 352.874 180.676 89.0098 0 32.0154 0 0 0 0 0 0
q_reclas_q_pelaces
1 1
M
0.7
N
 9486.57 58792.8 28194.8 3760.13 0.160513
 12185.4 4470.12 26287.5 12606.5 1681.31
 2354.43 5517.81 1845.77 10854.4 5899.61
 6050.7 831.113 1384.59 463.161 4204.12
 50950.1 2588.64 306.336 510.341 1720.29
 17855.7 24552.2 1210.51 143.25 1043.1
 55162.3 6225.68 6010.61 296.345 290.43
 71607.4 21687.1 1937.82 1870.87 182.641
 123147 24946.6 5300.49 473.616 501.894
 195785 46429.9 7141.15 1517.3 279.247
 64252 84705.7 17501.3 2691.79 677.193
 26057.2 25061.4 25951.1 5361.85 1032.15
 49345.4 10215.6 7756.89 8032.26 1979.04
 27492.9 16869.7 2404.33 1825.64 2356.23
 19585.9 6997.69 2200.81 313.666 545.564
 14432.4 5444.92 1089.07 342.519 133.725
 11641.7 5501.29 1593.12 318.649 139.343
 11304.9 4619.62 1744.43 505.167 145.227
 9298.04 4717.2 1619.76 611.641 228.045
 27933.2 3852.55 1630.81 559.976 290.293
 37961.7 11723.6 1366.56 578.476 301.605
 34217.8 17652.7 5105.03 595.071 383.231
 37743.1 15605.2 7393.5 2138.14 409.743
 12213.1 16576.7 6061.73 2871.96 989.712
pred_Ctot
 349.75 4237.15 2031.97 270.99 0.011568
 776.456 547.467 3219.5 1543.95 205.914
 499.276 2040.57 682.591 4014.13 2181.76
 607.73 156.727 261.099 87.3403 792.789
 1086.42 108.952 12.8932 21.4794 72.4042
 3903.42 9318.7 459.446 54.3702 395.904
 8374.9 1716.15 1656.86 81.6893 80.0587
 15685.2 8245.2 736.736 711.285 69.4378
 21662.5 7841.31 1666.07 148.869 157.757
 18273.8 8173.53 1257.13 267.106 49.1586
 10052.1 23987.6 4956.17 762.284 191.773
 3998.96 6975.63 7223.28 1492.43 287.29
 11295.7 4031.61 3061.26 3169.94 781.029
 10010.6 9627.29 1372.11 1041.86 1344.67
 6408.39 3685.24 1159.03 165.188 287.314
 2449.21 1657.92 331.611 104.293 40.7178
 1703.92 1467.21 424.887 84.9845 37.1631
 1311.6 996.202 376.178 108.937 31.3175
 1119.11 1052.31 361.337 136.445 50.8724
 3140.63 806.968 341.595 117.295 60.8058
 1742.28 1045.87 121.912 51.6062 26.9064
 2018.43 2007.41 580.527 67.6695 43.5798
 3159.06 2478.74 1174.39 339.626 65.0842
 1561.26 3908.52 1429.26 677.162 233.358
F
 0.052462 0.104924 0.104924 0.104924 0.104924
 0.09226 0.18452 0.18452 0.18452 0.18452
 0.341288 0.682576 0.682576 0.682576 0.682576
 0.149041 0.298081 0.298081 0.298081 0.298081
 0.0300454 0.0600909 0.0600909 0.0600909 0.0600909
 0.353637 0.707274 0.707274 0.707274 0.707274
 0.23356 0.467121 0.467121 0.467121 0.467121
 0.35446 0.70892 0.70892 0.70892 0.70892
 0.275432 0.550865 0.550865 0.550865 0.550865
 0.137833 0.275667 0.275667 0.275667 0.275667
 0.241484 0.482969 0.482969 0.482969 0.482969
 0.236374 0.472747 0.472747 0.472747 0.472747
 0.373325 0.746651 0.746651 0.746651 0.746651
 0.668348 1.3367 1.3367 1.3367 1.3367
 0.580126 1.16025 1.16025 1.16025 1.16025
 0.264496 0.528991 0.528991 0.528991 0.528991
 0.224279 0.448558 0.448558 0.448558 0.448558
 0.174017 0.348034 0.348034 0.348034 0.348034
 0.18107 0.362139 0.362139 0.362139 0.362139
 0.168217 0.336434 0.336434 0.336434 0.336434
 0.0656873 0.131375 0.131375 0.131375 0.131375
 0.0851442 0.170288 0.170288 0.170288 0.170288
 0.122803 0.245605 0.245605 0.245605 0.245605
 0.193324 0.386647 0.386647 0.386647 0.386647
nmprior
 10 10 8 0
nm_flota  nm_reclas  nm_pelaces    nm_pelaL
inf 12.1597 9.53025 14.9598
cv_recla  cv_pelaces  cv_mph
0.923888 1.25111 0.779242
 ------------------------------------------------
Talla a la edad & desviación 
 7.2 14.2025 17.0495 18.207 18.6776
 1.08 2.13037 2.55742 2.73105 2.80164
