years
 1997 1998 1999 2000 2001 2002 2003 2004 2005 2006 2007 2008 2009 2010 2011 2012 2013 2014 2015 2016 2017 2018 2019 2020
reclasobs
 0 0 0 370054 412103 1.49427e+06 250295 1.28982e+06 931140 785840 897777 1.04006e+06 184774 17550 25797 100020 73551 82996 120727 218422 84188 347160 605670 569463
reclaspred
 1.81338e+06 231977 311617 110304 245453 251967 528797 455308 609558 1.02853e+06 907247 585564 364420 157911 96227.7 90481.9 102580 120518 104100 176867 307182 279550 415159 306732
pelacesobs
 0 0 0 0 0 0 0 0 0 2.06254e+06 1.5e+06 0 1.87456e+06 323000 250000 174000 83755 137374 0 501740 490994 745055 786931 1.00524e+06
pelacespred
 1.27459e+06 464899 147262 117826 227124 165272 502714 430480 578486 985423 747890 496598 325817 111496 68663.5 69104 81666.8 97408.8 84101.3 145676 282683 246215 288397 251429
mphobs
 0 0 0 0 0 112323 0 153150 637223 0 255016 313432 73983 77613 109348 50772 0 0 0 0 0 0 0 0
mphpred
 747190 319465 142567 69560.5 52522.9 131005 145372 184940 206270 287058 484547 343010 193903 107185 45502.3 35559.2 39963.3 48623.5 50911.6 49686.3 101267 134020 156761 171967
desembarqueobs
 350755 77701 442110 56441 14545 235359 269955 359681 431902 328805 639364 411747 362871 311530 167758 66681 60226 58785 57116 71774 51957 67425 138520 160799
desembarquepred
 350744 77681.5 441626 56422.4 14544 235243 269873 359215 431538 328590 638740 411427 362365 311111 167443 66638.3 60209.9 58749.1 57075.9 71717.8 51945.5 67390.6 138449 160727
Reclutas
 9175.7 13655.4 2181.14 11185.7 56785 18745.5 53321.5 76359.4 98602.5 212837 56408.6 26797.8 51243.3 22418.2 14930.8 15337.8 10642.2 9942.51 8502.57 29007.2 33689.8 36573.9 42643.6 12365.8
log_desv_Rt
 -0.975686 -0.578111 -2.4124 -0.777604 0.847027 -0.261288 0.784095 1.14321 1.39885 2.16828 0.840377 0.0960768 0.74434 -0.0823726 -0.488817 -0.461924 -0.827413 -0.895425 -1.05188 0.175298 0.32495 0.407091 0.560631 -0.677312
SSB
 1.97421e+06 844084 376687 183791 138775 346138 384099 488644 545002 758459 1.28026e+06 906295 512325 283201 120225 93953.8 105590 128472 134518 131280 267565 354104 414192 454367
BT
 2.50315e+06 1.00059e+06 511133 276993 418990 478701 1.09552e+06 1.15592e+06 1.42656e+06 2.06856e+06 1.89216e+06 1.25831e+06 942035 496878 262205 178434 194988 221778 200280 319397 547069 504227 612630 589759
Ftot
 0.125956 0.228679 0.861122 0.426419 0.0981696 0.662648 0.595353 1.01229 0.890897 0.460732 0.524183 0.492397 0.90457 1.52973 1.68239 0.724255 0.556702 0.435389 0.440072 0.523293 0.170852 0.203337 0.266961 0.36186
BD_Bspro_t
 0.98033 0.855383 0.644079 0.319293 0.415666 0.692156 0.533645 0.541241 0.522264 0.554308 0.643983 0.484017 0.352612 0.263504 0.150434 0.147908 0.216113 0.32404 0.389059 0.442645 0.6409 0.750782 0.746558 0.699939
BD_Bspro
 3.94193 1.68539 0.752136 0.366978 0.277094 0.691138 0.766934 0.975682 1.08821 1.51442 2.55631 1.80961 1.02297 0.56547 0.240055 0.187599 0.210833 0.256522 0.268593 0.262128 0.53425 0.707045 0.827022 0.90724
BD_Bo
 2.02956 0.867748 0.387248 0.188944 0.142666 0.355842 0.394867 0.502343 0.560281 0.779722 1.31615 0.931703 0.526688 0.29114 0.123596 0.0965878 0.10855 0.132074 0.138289 0.13496 0.275066 0.364032 0.425804 0.467105
BD_Brms
 6.80633 2.91008 1.29867 0.633642 0.478443 1.19335 1.32423 1.68466 1.87896 2.61488 4.41385 3.12456 1.7663 0.976369 0.414491 0.323917 0.364035 0.442923 0.463766 0.452604 0.922462 1.22082 1.42798 1.56648
S_f
 0.151647 0.999996 1 1 1
 0.151647 0.999996 1 1 1
 0.151647 0.999996 1 1 1
 0.151647 0.999996 1 1 1
 0.151647 0.999996 1 1 1
 0.151647 0.999996 1 1 1
 0.151647 0.999996 1 1 1
 0.151647 0.999996 1 1 1
 0.151647 0.999996 1 1 1
 0.151647 0.999996 1 1 1
 0.151647 0.999996 1 1 1
 0.151647 0.999996 1 1 1
 0.151647 0.999996 1 1 1
 0.151647 0.999996 1 1 1
 0.151647 0.999996 1 1 1
 0.151647 0.999996 1 1 1
 0.151647 0.999996 1 1 1
 0.151647 0.999996 1 1 1
 0.151647 0.999996 1 1 1
 0.151647 0.999996 1 1 1
 0.151647 0.999996 1 1 1
 0.151647 0.999996 1 1 1
 0.151647 0.999996 1 1 1
 0.151647 0.999996 1 1 1
Scru_reclas
 0.880422 1 1 1 1
 0.880422 1 1 1 1
 0.880422 1 1 1 1
 0.880422 1 1 1 1
 0.880422 1 1 1 1
 0.880422 1 1 1 1
 0.880422 1 1 1 1
 0.880422 1 1 1 1
 0.880422 1 1 1 1
 0.880422 1 1 1 1
 0.880422 1 1 1 1
 0.880422 1 1 1 1
 0.880422 1 1 1 1
 0.880422 1 1 1 1
 0.880422 1 1 1 1
 0.880422 1 1 1 1
 0.880422 1 1 1 1
 0.880422 1 1 1 1
 0.880422 1 1 1 1
 0.880422 1 1 1 1
 0.880422 1 1 1 1
 0.880422 1 1 1 1
 0.880422 1 1 1 1
 0.880422 1 1 1 1
Scru_pelaces
 1 1 1 1 1
 1 1 1 1 1
 1 1 1 1 1
 1 1 1 1 1
 1 1 1 1 1
 1 1 1 1 1
 1 1 1 1 1
 1 1 1 1 1
 1 1 1 1 1
 1 1 1 1 1
 1 1 1 1 1
 1 1 1 1 1
 1 1 1 1 1
 1 1 1 1 1
 1 1 1 1 1
 1 1 1 1 1
 1 1 1 1 1
 1 1 1 1 1
 1 1 1 1 1
 1 1 1 1 1
 1 1 1 1 1
 1 1 1 1 1
 1 1 1 1 1
 1 1 1 1 1
pf_obs 
 0.256992 0.487395 0.22802 0.0275931 0
 0.321318 0.546541 0.124235 0.00734118 0.000564706
 0.182869 0.594174 0.210203 0.0122559 0.00049798
 0.330522 0.361315 0.267642 0.0388342 0.00168674
 0.649043 0.306663 0.0425973 0.00169635 0
 0.582887 0.30429 0.105238 0.00758474 0
 0.465427 0.430635 0.0974691 0.00646863 0
 0.296916 0.608066 0.0921331 0.00288517 0
 0.311714 0.524322 0.152257 0.0117073 0
 0.15457 0.633149 0.183074 0.0267441 0.00246327
 0.131901 0.49318 0.331252 0.0422183 0.00144891
 0.196976 0.569456 0.194076 0.0375587 0.00193317
 0.518974 0.381816 0.0799577 0.0180837 0.00116848
 0.0928022 0.601141 0.25162 0.0475244 0.00691264
 0.122501 0.610282 0.24278 0.0234846 0.000952079
 0.383417 0.481906 0.127806 0.00687128 0
 0.0376549 0.599619 0.316969 0.0457579 0
 0.0361596 0.667082 0.258105 0.0386534 0
 0.158088 0.579412 0.248529 0.0139706 0
 0.0477256 0.309471 0.559284 0.082774 0.000745712
 0.0406174 0.521527 0.379366 0.0568643 0.0016247
 0.151134 0.462217 0.34131 0.0453401 0
 0.294876 0.26143 0.354403 0.0886775 0.000613685
 0.281977 0.475581 0.204845 0.0348837 0.00271318
pf_pred 
 0.0185172 0.635301 0.305782 0.0403973 2.03727e-06
 0.0555223 0.110233 0.539997 0.25991 0.0343387
 0.0200644 0.296029 0.0798209 0.391017 0.213068
 0.26429 0.127111 0.183853 0.0495736 0.375173
 0.56094 0.327036 0.0193548 0.0279947 0.0646748
 0.10382 0.805001 0.0679157 0.00401941 0.0192447
 0.379007 0.32003 0.270342 0.0228079 0.0078127
 0.362116 0.538352 0.0512941 0.04333 0.00490782
 0.349515 0.561221 0.0753352 0.00717789 0.0067502
 0.429889 0.483332 0.0748705 0.0100501 0.00185808
 0.0826318 0.790582 0.107488 0.0166503 0.00264825
 0.0752598 0.402124 0.450388 0.0612347 0.0109942
 0.257962 0.301391 0.191616 0.214613 0.0344176
 0.163362 0.655953 0.0733883 0.0466581 0.0606384
 0.24384 0.5623 0.151993 0.0170049 0.0248618
 0.304166 0.584345 0.0829062 0.0224099 0.00617284
 0.188268 0.65395 0.132501 0.018799 0.00648113
 0.195141 0.537882 0.215083 0.0435791 0.00831455
 0.178272 0.545916 0.184324 0.0737053 0.0177831
 0.461695 0.344341 0.12886 0.0435083 0.0215951
 0.264588 0.647055 0.0565198 0.0211508 0.010686
 0.208895 0.569832 0.194687 0.0170057 0.00957909
 0.210202 0.519343 0.194809 0.0665576 0.00908852
 0.0654337 0.622731 0.205052 0.076916 0.0298672
pobs_RECLAS
 0 0 0 0 0
 0 0 0 0 0
 0 0 0 0 0
 0 0 0 0 0
 0.835266 0.146461 0.0176864 0.000547809 3.91292e-05
 0.385257 0.428462 0.181853 0.0044286 0
 0.867414 0.0963971 0.0333333 0.00285562 0
 0.441836 0.489002 0.0689373 0.000224442 0
 0.779404 0.147425 0.0564933 0.0165055 0.000172143
 0.814271 0.122319 0.05973 0.00367925 0
 0.40263 0.566651 0.0304383 0.000280538 0
 0.475488 0.404961 0.113038 0.00651328 0
 0.955842 0.0263864 0.0167828 0.000988607 0
 0.975058 0.0227948 0.00214734 0 0
 0.738997 0.206755 0.0527124 0.00153531 0
 0.850938 0.134255 0.0134407 0.00136685 0
 0.542534 0.407297 0.0501686 0 0
 0.764087 0.199537 0.0359546 0.000420521 0
 0.470689 0.182191 0.310203 0.0369168 0
 0.84361 0.089868 0.0606195 0.00523954 0.000663233
 0.607945 0.314616 0.071237 0.00620181 0
 0.523733 0.453247 0.0230204 0 0
 0.530135 0.295979 0.169645 0.0042399 0
 0.562478 0.366248 0.0663022 0.0049721 0
ppred_RECLAS
 0.0993281 0.582994 0.280605 0.037071 1.86953e-06
 0.256982 0.08672 0.424814 0.20447 0.0270141
 0.113174 0.267902 0.0722365 0.353864 0.192823
 0.682032 0.0549364 0.0794597 0.0214253 0.162147
 0.881741 0.088086 0.00521314 0.00754025 0.0174199
 0.41411 0.526281 0.0444007 0.00262774 0.0125814
 0.787203 0.109665 0.0926385 0.00781561 0.00267719
 0.782754 0.183349 0.0174694 0.014757 0.00167147
 0.77067 0.19786 0.0265596 0.00253058 0.0023798
 0.818688 0.153714 0.023811 0.00319623 0.000590924
 0.351652 0.558742 0.0759666 0.0117675 0.00187164
 0.328263 0.292106 0.327164 0.0444812 0.00798623
 0.685311 0.127817 0.081262 0.0910148 0.0145961
 0.571672 0.335824 0.037572 0.0238871 0.0310445
 0.693299 0.228071 0.0616486 0.00689722 0.010084
 0.728546 0.227961 0.0323427 0.00874234 0.00240809
 0.583459 0.335576 0.0679929 0.0096467 0.00332579
 0.591631 0.272911 0.109128 0.0221111 0.00421862
 0.564623 0.289244 0.0976604 0.0390513 0.00942201
 0.837771 0.103775 0.0388346 0.0131121 0.00650814
 0.678334 0.283019 0.0247214 0.00925126 0.00467398
 0.607987 0.282367 0.0964724 0.00842676 0.00474668
 0.610889 0.255866 0.0959765 0.032791 0.00447765
 0.29374 0.470604 0.154959 0.0581259 0.0225709
pobs_PELACES
 0 0 0 0 0
 0 0 0 0 0
 0 0 0 0 0
 0 0 0 0 0
 0 0 0 0 0
 0 0 0 0 0
 0 0 0 0 0
 0 0 0 0 0
 0 0 0 0 0
 0 0 0 0 0
 0.450072 0.473896 0.0757376 0.000293798 0
 0 0 0 0 0
 0.463077 0.371075 0.160297 0.00555027 0
 0.529543 0.364841 0.0842815 0.0213345 0
 0.631943 0.363953 0.00410389 0 0
 0.735681 0.248677 0.0153453 0.000297389 0
 0.695825 0.281241 0.0229344 0 0
 0.275771 0.60734 0.115278 0.00161068 0
 0 0 0 0 0
 0.896147 0.0623911 0.0374545 0.00400742 0
 0.803859 0.145111 0.0509908 3.86294e-05 0
 0.739449 0.233085 0.0266225 0.000797448 4.60066e-05
 0.878498 0.100942 0.0204185 0.000141795 0
 0.694673 0.275183 0.0284847 0.00165964 0
ppred_PELACES
 0.114853 0.572945 0.275768 0.036432 1.8373e-06
 0.295184 0.0822614 0.402972 0.193957 0.0256252
 0.155738 0.255045 0.0687695 0.33688 0.183568
 0.732992 0.0461318 0.0667247 0.0179915 0.13616
 0.896956 0.0767525 0.0045424 0.00657009 0.0151786
 0.491467 0.456794 0.0385382 0.00228079 0.0109202
 0.832322 0.0864133 0.0729965 0.00615848 0.00210955
 0.844557 0.131188 0.0124995 0.0105588 0.00119596
 0.830456 0.146278 0.0196355 0.00187086 0.00175938
 0.853687 0.124042 0.0192146 0.00257925 0.000476855
 0.416373 0.502966 0.0683833 0.0105929 0.00168481
 0.389159 0.265625 0.297505 0.0404487 0.00726224
 0.761129 0.0970216 0.0616834 0.0690865 0.0110794
 0.699367 0.235707 0.0263708 0.0167658 0.0217894
 0.804386 0.145464 0.0393194 0.00439905 0.00643157
 0.788744 0.177408 0.0251703 0.00680362 0.00187407
 0.650263 0.281757 0.0570883 0.00809958 0.00279241
 0.650208 0.233764 0.0934747 0.0189394 0.00361349
 0.624923 0.249183 0.0841342 0.0336426 0.00811703
 0.871645 0.0821057 0.0307256 0.0103742 0.00514919
 0.715309 0.250486 0.0218797 0.00818783 0.00413671
 0.650932 0.251434 0.0859039 0.00750361 0.00422668
 0.657718 0.225073 0.0844258 0.0288446 0.00393877
 0.343298 0.437582 0.144086 0.0540472 0.0209871
pobs_pel_tallas
 0 0 0 0 0 0 0 0 0 0 0 0 0 0 0 0 0 0 0 0 0 0 0 0 0 0 0 0 0 0 0 0 0 0 0 0
 0 0 0 0 0 0 0 0 0 0 0 0 0 0 0 0 0 0 0 0 0 0 0 0 0 0 0 0 0 0 0 0 0 0 0 0
 0 0 0 0 0 0 0 0 0 0 0 0 0 0 0 0 0 0 0 0 0 0 0 0 0 0 0 0 0 0 0 0 0 0 0 0
 0 0 0 0 0 0 0 0 0 0 0 0 0 0 0 0 0 0 0 0 0 0 0 0 0 0 0 0 0 0 0 0 0 0 0 0
 0 0 0 0 0 0 0 0 0 0 0 0 0 0 0 0 0 0 0 0 0 0 0 0 0 0 0 0 0 0 0 0 0 0 0 0
 0 0 0 0 0 0 0 0 0 0 0 0 0 0 0 0 0 0 0 0 0 0 0 0 0 0 0 0 0 0 0 0 0 0 0 0
 0 0 0 0 0 0 0 0 0 0 0 0 0 0 0 0 0 0 0 0 0 0 0 0 0 0 0 0 0 0 0 0 0 0 0 0
 0 0 0 0 0 0 0 0 0 0 0 0 0 0 0 0 0 0 0 0 0 0 0 0 0 0 0 0 0 0 0 0 0 0 0 0
 0 0 0 0 0 0 0 0 0 0 0 0 0 0 0 0 0 0 0 0 0 0 0 0 0 0 0 0 0 0 0 0 0 0 0 0
 0 0 0 0 0 0 0 0 0 0 0 0 0 0 0 0 0 0 0 0 0 0 0 0 0 0 0 0 0 0 0 0 0 0 0 0
 0 0 0 0 0 0 0 0 1.78061e-05 0.00172719 0.00360574 0.0105946 0.0120993 0.0124554 0.0147524 0.0171206 0.0266825 0.0428682 0.0675386 0.121331 0.153587 0.119568 0.100827 0.0573624 0.0630603 0.0341343 0.0324427 0.0444173 0.0211091 0.0280891 0.0125444 0.00206551 0 0 0 0
 0 0 0 0 0 0 0 0 0 0 0 0 0 0 0 0 0 0 0 0 0 0 0 0 0 0 0 0 0 0 0 0 0 0 0 0
 0 0 0 0 0 0 0.0133647 0.0140871 0.0187388 0.0205184 0.03894 0.0496705 0.03968 0.0493445 0.0407372 0.0367815 0.0215668 0.0243155 0.0234873 0.0199281 0.019796 0.0243948 0.0301388 0.0376714 0.0412746 0.0863199 0.0771752 0.113111 0.0741005 0.0525337 0.0229764 0.00759418 0.00175318 0 0 0
 0 0 0 0 0 0 0 0 0 0 0.00219441 0.00772107 0.0458388 0.0604681 0.0671733 0.0775358 0.0609151 0.0617685 0.073594 0.0568108 0.0755445 0.0548602 0.0670107 0.0636378 0.0643287 0.046367 0.0373049 0.0286899 0.0247887 0.0153202 0.00654259 0.00121912 0.000365735 0 0 0
 0 0 0 0 0 0 0 0 0 0 0 0 0.000112435 0.00938835 0.0111873 0.0202946 0.0414886 0.0713402 0.111592 0.104902 0.108894 0.110636 0.117776 0.105296 0.107544 0.0401394 0.0192827 0.0124803 0.00416011 0.0028671 0.000618394 0 0 0 0 0
 0 0 0 0 0 0 0 0 0 0 0.00291406 0.0102884 0.027416 0.0768956 0.0749926 0.110853 0.0956884 0.0897413 0.0766577 0.0534642 0.0500743 0.0551293 0.0594112 0.0620874 0.0668451 0.0424026 0.0208742 0.0120726 0.0048766 0.00582813 0.00118941 0.000297354 0 0 0 0
 0 0.00264628 0.0354308 0.0461629 0.0458689 0.0383711 0.0214643 0.0164657 0.0346957 0.0420465 0.0363128 0.0245516 0.0311673 0.0291091 0.0169068 0.0133784 0.00837989 0.0085269 0.0148486 0.0160247 0.0276389 0.0546898 0.0760071 0.122758 0.109233 0.0665981 0.0333725 0.0166128 0.00676272 0.00308733 0.000882094 0 0 0 0 0
 0 0 0 0 0 0 0 0.000805153 0.000690131 0.00759144 0.0133425 0.0154129 0.00931677 0.000345066 0.00356568 0.00563607 0.00851162 0.0253048 0.0502646 0.0516448 0.0657925 0.0565908 0.0611916 0.0827007 0.0866115 0.110766 0.145733 0.0935128 0.0569358 0.0249597 0.0138026 0.00621118 0.00161031 0.00115022 0 0
 0 0 0 0 0 0 0 0 0 0 0 0 0 0 0 0 0 0 0 0 0 0 0 0 0 0 0 0 0 0 0 0 0 0 0 0
 0.00147267 0.00158595 0.00478618 0.00569244 0.00954404 0.0108468 0.00647125 0.017049 0.0510054 0.094081 0.124002 0.0959785 0.0687766 0.0820023 0.061753 0.0591476 0.0492212 0.0479892 0.0443925 0.0268479 0.0217502 0.0140895 0.0121071 0.0120363 0.00920419 0.00665534 0.0049561 0.00860946 0.00930331 0.0156896 0.0114698 0.00855282 0.00243557 0.00046729 0 2.83206e-05
 0 0 0 0 0.000772559 0.00158375 0.000888443 0.00281984 0.00712685 0.0440552 0.0773331 0.111326 0.0921469 0.0852325 0.0710754 0.0886704 0.0786465 0.0553345 0.0373146 0.0185414 0.00753245 0.00457741 0.012979 0.0271748 0.0457355 0.0583668 0.034881 0.0177882 0.00938659 0.00492506 0.0015258 0.00185414 0.000309023 5.79419e-05 3.86279e-05 0
 0 0.00173294 0.00326652 0 0.00397197 0.00683976 0.00946217 0.0152591 0.00757587 0.0136028 0.0228656 0.0392903 0.0559909 0.0764795 0.0681675 0.0726916 0.0566044 0.0477403 0.0527397 0.0444891 0.0609904 0.0582453 0.0661739 0.0445044 0.0529084 0.0360697 0.0280645 0.0235558 0.0158879 0.00826598 0.00280645 0.00217768 0.000904811 0.00058276 9.20147e-05 0
 0 0 0 0 0 0 0 0 0 0 0 0 0 0 0 0 0 0 0 0 0 0 0 0 0 0 0 0 0 0 0 0 0 0 0 0
 0 0 0 0 0 0 0 0 0 0 0 0 0 0 0 0 0 0 0 0 0 0 0 0 0 0 0 0 0 0 0 0 0 0 0 0
ppred_pel_tallas
 1.05354e-16 5.04467e-06 2.95237e-05 0.000140166 0.000539354 0.00168166 0.00424834 0.0086972 0.0144338 0.0194364 0.0212882 0.0191052 0.0143911 0.00984346 0.00748268 0.00791864 0.0108745 0.0159127 0.0226951 0.0308731 0.0399225 0.0490896 0.0574657 0.0641493 0.0684341 0.0699573 0.0687606 0.0652422 0.0600284 0.0538095 0.047199 0.0406517 0.0344492 0.0287334 0.0235609 0.0189502
 1.1361e-16 1.28881e-05 7.56165e-05 0.000359396 0.00138361 0.00431457 0.0108983 0.0222998 0.0369665 0.0496517 0.0540487 0.0477174 0.0342522 0.0201854 0.0101762 0.00516536 0.00382688 0.00460654 0.0066077 0.00950821 0.0132371 0.0177612 0.022996 0.0287797 0.0348722 0.0409644 0.0466966 0.0516842 0.0555527 0.0579794 0.0587375 0.0577345 0.0550345 0.0508552 0.0455415 0.0395162
 1.21213e-16 6.81322e-06 3.99392e-05 0.000189755 0.000730403 0.00227753 0.00575308 0.0117735 0.0195235 0.0262427 0.0286182 0.0253886 0.0184917 0.0114358 0.00676193 0.00506522 0.00574614 0.00806185 0.0115634 0.016025 0.0212607 0.0270257 0.0330096 0.0388846 0.0443659 0.0492554 0.0534517 0.0569208 0.0596455 0.0615763 0.0626079 0.0625924 0.061384 0.058895 0.0551454 0.0502839
 1.07943e-16 3.19763e-05 0.000187686 0.000892201 0.00343507 0.010712 0.0270574 0.0553622 0.0917656 0.123229 0.13407 0.118196 0.0844699 0.0490183 0.0232712 0.00937595 0.00380379 0.00242749 0.0027496 0.00373744 0.0050685 0.00664627 0.00841617 0.0103206 0.0122955 0.0142738 0.0161866 0.0179606 0.0195154 0.0207635 0.0216154 0.0219917 0.0218377 0.021137 0.0199191 0.0182597
 1.01025e-16 3.91272e-05 0.000229666 0.00109177 0.00420344 0.0131081 0.0331099 0.0677461 0.112293 0.150794 0.164061 0.144637 0.103368 0.0599863 0.0284766 0.0114588 0.00460005 0.00282383 0.00303343 0.00390846 0.00498374 0.00606463 0.00701494 0.00771914 0.00809577 0.00811467 0.00780306 0.00723583 0.00651438 0.00574102 0.00499738 0.00433285 0.0037641 0.00328311 0.00286897 0.00249896
 1.01285e-16 2.14615e-05 0.000125917 0.000598458 0.00230394 0.00718448 0.0181478 0.0371355 0.0615665 0.082713 0.0900896 0.0796591 0.0574449 0.0343768 0.0182737 0.0107546 0.00962408 0.0122228 0.0168557 0.0226219 0.0288816 0.03496 0.0401168 0.043659 0.0450937 0.0442458 0.0413004 0.036747 0.0312538 0.0255097 0.0200887 0.0153696 0.0115212 0.00853975 0.00631225 0.00468054
 1.01375e-16 3.63095e-05 0.000213121 0.00101311 0.00390059 0.0121637 0.0307243 0.0628653 0.104203 0.139933 0.15225 0.134237 0.0959637 0.0557481 0.0265762 0.0108926 0.00469211 0.00327998 0.0037963 0.00502366 0.00652917 0.00811941 0.00964316 0.0109577 0.0119445 0.0125295 0.0126933 0.0124666 0.0119153 0.0111196 0.0101574 0.0090939 0.00798051 0.00685779 0.00576046 0.00472016
 1.00639e-16 3.68446e-05 0.00021626 0.00102802 0.00395799 0.0123427 0.0311765 0.0637907 0.105738 0.141997 0.154505 0.136245 0.0974435 0.0566962 0.0271922 0.0114249 0.0053397 0.00417382 0.00501131 0.00658303 0.00839527 0.0101826 0.0117203 0.0128081 0.0133032 0.0131528 0.0124057 0.0111963 0.00970927 0.00813495 0.00663136 0.00530215 0.00419325 0.00330395 0.00260509 0.00205684
 1.00473e-16 3.62304e-05 0.000212652 0.00101087 0.00389193 0.0121367 0.0306562 0.0627263 0.103974 0.13963 0.151933 0.133988 0.0958505 0.0558131 0.0268508 0.011423 0.00555036 0.00455496 0.00556962 0.00733886 0.00936079 0.0113499 0.0130562 0.0142547 0.0147843 0.0145846 0.0137087 0.0123073 0.010588 0.008767 0.00702554 0.00548525 0.00420321 0.00318342 0.00239625 0.00179776
 1.00425e-16 3.72425e-05 0.000218596 0.00103913 0.00400076 0.012476 0.0315134 0.06448 0.10688 0.143531 0.156171 0.13771 0.0984809 0.0572792 0.0274333 0.0114601 0.00525761 0.00400949 0.00476849 0.0062555 0.0079792 0.00968225 0.0111499 0.0121904 0.012666 0.0125239 0.011807 0.0106404 0.00919815 0.00766152 0.00618334 0.00486672 0.00376115 0.00287193 0.00217638 0.00163981
 1.01578e-16 1.8189e-05 0.0001067 0.000507088 0.00195212 0.00608735 0.0153766 0.0314659 0.0521704 0.0701004 0.0763806 0.0676051 0.0488998 0.0295586 0.0162515 0.0104042 0.0102105 0.0134567 0.0187132 0.0251739 0.0321951 0.0390503 0.0449271 0.0490579 0.0508893 0.0502119 0.0472081 0.0423936 0.0364821 0.0302154 0.0242171 0.0189058 0.0144791 0.0109524 0.00822581 0.00615018
 1.06039e-16 1.69933e-05 9.97007e-05 0.000473858 0.00182426 0.00568865 0.0143693 0.0294031 0.0487451 0.0654823 0.0713079 0.0630181 0.0453717 0.0270091 0.0141058 0.0079321 0.00675111 0.0084851 0.0118595 0.0162761 0.0213879 0.0268437 0.0322267 0.0370956 0.0410585 0.0438394 0.0453122 0.045494 0.0445079 0.0425325 0.0397601 0.0363738 0.0325461 0.0284453 0.0242433 0.0201133
 1.03799e-16 3.32054e-05 0.000194897 0.000926472 0.003567 0.0111234 0.0280967 0.0574889 0.0952921 0.127968 0.139237 0.122776 0.0877979 0.0510596 0.0244456 0.0102032 0.00468236 0.00360271 0.0043587 0.00584149 0.00765254 0.00960511 0.0115455 0.0133255 0.0148193 0.0159444 0.0166696 0.0170086 0.0170024 0.0166984 0.0161363 0.0153423 0.0143351 0.0131356 0.0117765 0.0103064
 1.02046e-16 3.05179e-05 0.000179106 0.000851372 0.0032778 0.0102215 0.0258187 0.0528292 0.0875724 0.117614 0.128005 0.11295 0.0809434 0.04742 0.0233513 0.01086 0.00664613 0.00680721 0.00893421 0.0119281 0.015269 0.0185701 0.0214472 0.023545 0.0246072 0.0245361 0.0234122 0.0214667 0.0190179 0.0163924 0.0138584 0.0115885 0.0096551 0.00805184 0.00672704 0.00561549
 1.01058e-16 3.50936e-05 0.000205978 0.000979141 0.00376977 0.0117557 0.0296939 0.0607574 0.100711 0.135248 0.147167 0.129788 0.0928546 0.0540857 0.0260523 0.011141 0.00550231 0.00461077 0.0056948 0.00754289 0.0096714 0.0118034 0.0136926 0.0151135 0.0158986 0.015975 0.0153779 0.0142359 0.0127341 0.011068 0.00940434 0.00785806 0.00648845 0.00530996 0.00430965 0.00346367
 1.00737e-16 3.44128e-05 0.000201978 0.00096012 0.00369652 0.0115273 0.029117 0.0595772 0.0987555 0.132625 0.144321 0.127296 0.0911125 0.0531525 0.025755 0.0112736 0.00594621 0.00534249 0.00674092 0.00893439 0.0114123 0.0138524 0.0159566 0.0174528 0.0181452 0.0179586 0.0169551 0.0153135 0.0132815 0.0111167 0.00903506 0.0071813 0.00562329 0.00436626 0.00337626 0.00260334
 1.01312e-16 2.83787e-05 0.000166543 0.000791634 0.00304777 0.00950415 0.0240069 0.0491223 0.0814296 0.10937 0.119048 0.105083 0.0753858 0.0443256 0.0221283 0.0107969 0.00729204 0.0080061 0.010702 0.0143333 0.0183594 0.0223337 0.0257944 0.0283078 0.0295568 0.0294123 0.0279601 0.0254706 0.0223245 0.0189216 0.0156003 0.0125916 0.0100103 0.0078761 0.00614899 0.00476358
 1.02223e-16 2.83745e-05 0.000166522 0.000791545 0.00304745 0.00950314 0.0240043 0.0491166 0.081419 0.109352 0.119018 0.105033 0.0752975 0.0441692 0.0218579 0.01035 0.00659274 0.00697361 0.00926652 0.0124577 0.0160629 0.0197101 0.023018 0.025621 0.0272383 0.0277324 0.027133 0.0256158 0.0234475 0.020917 0.0182762 0.0157057 0.0133102 0.0111334 0.00918276 0.00745143
 1.02811e-16 2.72725e-05 0.000160052 0.000760779 0.00292899 0.00913372 0.0230712 0.0472076 0.0782551 0.105105 0.114401 0.100973 0.0724176 0.0425418 0.0211677 0.0102157 0.00676281 0.00734502 0.00982424 0.0132174 0.017039 0.0209009 0.0244009 0.027154 0.028867 0.0294 0.0287911 0.0272317 0.0250074 0.0224226 0.0197381 0.0171349 0.0147108 0.0124991 0.0104968 0.00869001
 1.01061e-16 3.80238e-05 0.000223187 0.00106097 0.00408484 0.0127383 0.0321757 0.0658348 0.109125 0.146541 0.159437 0.140566 0.100471 0.0583319 0.0277418 0.0112529 0.00466101 0.00303957 0.00338436 0.00441438 0.00567534 0.00697059 0.00815525 0.00910049 0.00970851 0.00993136 0.00977889 0.00931092 0.00861793 0.00779695 0.00693124 0.00607894 0.00527204 0.00452248 0.00383143 0.00319712
 1.00867e-16 3.12137e-05 0.00018319 0.000870782 0.00335253 0.0104545 0.0264074 0.0540336 0.0895692 0.120296 0.130926 0.115532 0.0828023 0.0485266 0.0239282 0.0111806 0.00690969 0.00712266 0.00935047 0.0124587 0.0159001 0.0192592 0.0221223 0.0241086 0.0249471 0.0245402 0.0229866 0.0205509 0.0175949 0.0144917 0.0115518 0.00897957 0.0068661 0.00520959 0.00395026 0.00300496
 1.01757e-16 2.84067e-05 0.00016671 0.000792434 0.00305087 0.0095138 0.0240312 0.0491719 0.081511 0.109477 0.119157 0.105165 0.0754115 0.0442746 0.0219813 0.0105263 0.00685851 0.0073636 0.00980926 0.0131688 0.0169368 0.0207133 0.0240862 0.0266633 0.0281484 0.0284048 0.0274809 0.0255859 0.0230284 0.0201393 0.0172051 0.0144292 0.0119244 0.00972989 0.00783914 0.00622557
 1.02448e-16 2.87015e-05 0.000168443 0.00080068 0.00308262 0.00961283 0.0242813 0.0496835 0.0823582 0.110612 0.120387 0.106234 0.076144 0.0446361 0.0220336 0.0103408 0.00646393 0.00674511 0.00893194 0.0120035 0.0154806 0.0190033 0.0222058 0.024738 0.0263317 0.0268557 0.0263392 0.0249499 0.0229415 0.0205871 0.0181226 0.015715 0.0134582 0.0113892 0.00951239 0.00782136
 1.05026e-16 1.5e-05 8.7984e-05 0.000418123 0.00160961 0.00501924 0.0126786 0.025945 0.043018 0.0578058 0.0629935 0.0557773 0.0403911 0.0245094 0.0136486 0.00900682 0.00912228 0.0122001 0.0170908 0.0231528 0.0298672 0.0366315 0.0427539 0.0475618 0.0505424 0.0514527 0.050363 0.0476128 0.0437061 0.0391794 0.0344903 0.0299553 0.0257429 0.021907 0.0184376 0.015306
pSPR Fmed_Fpbrs
0.530874   0.348187 0.348187
Fs Fmed_Fpbrs
0.470536   1.005 1.005
SSBpbr Bo_Bmed_Bpbrs
972730  467760  290055 290055
Ro
24343
SPR SPRFo_SPRFmed_SPRFpbrs
500823 265874 174380
log_Ro
9.92
likeval ReclasPelacesDesembMPH_pf_preclas_ppelaces_ptallas_desvR_qrecl_qpela
 92.907 76.9606 0.0805813 0.000183989 325.762 166.906 83.2589 0 31.2121 9.39976e-06 0 0 0 0 0
q_reclas_q_pelaces
0.64762 1
M
0.7
N
 9175.7 50017.9 24074.4 3180.5 0.160396
 13655.4 4470.31 21898.6 10540.2 1392.55
 2181.14 6549.94 1766.11 8651.62 4714.33
 11185.7 950.527 1374.84 370.707 2805.52
 56785 5206.85 308.154 445.712 1029.71
 18745.5 27781.9 2343.88 138.716 664.163
 53321.5 8418.8 7111.68 599.99 205.523
 76359.4 24192.8 2305.08 1947.19 220.55
 98602.5 32522.8 4365.67 415.957 391.173
 212837 42776.7 6626.3 889.473 164.447
 56408.6 98559.2 13400.1 2075.73 330.148
 26797.8 25871.2 28976.2 3939.61 707.324
 51243.3 12349.9 7851.74 8794.08 1410.31
 22418.2 22184.8 2482.05 1578.01 2050.84
 14930.8 8827.69 2386.17 266.964 390.311
 15337.8 5744.82 815.066 220.315 60.6863
 10642.2 6824.3 1382.71 196.176 67.6336
 9942.51 4856.94 1942.14 393.507 75.078
 8502.57 4621.85 1560.52 624.003 150.555
 29007.2 3949.67 1478.05 499.049 247.701
 33689.8 13305.6 1162.23 434.931 219.738
 36573.9 16302 5569.67 486.504 274.041
 42643.6 17610.6 6605.81 2256.91 308.185
 12365.8 20336 6696.2 2511.77 975.345
pred_Ctot
 124.985 4288.09 2063.94 272.669 0.013751
 335.394 665.882 3261.96 1570.04 207.43
 193.48 2854.6 769.711 3770.57 2054.61
 505.617 243.178 351.732 94.84 717.75
 603.974 352.126 20.8397 30.1424 69.6366
 1296.36 10051.8 848.042 50.1891 240.302
 3327.72 2809.9 2373.64 200.256 68.5964
 7884.39 11721.6 1116.83 943.43 106.859
 9031.45 14501.9 1946.66 185.476 174.425
 10371.2 11660.5 1806.27 242.462 44.8267
 3114.14 29794.7 4050.9 627.501 99.8047
 1392.64 7441.07 8334.17 1133.11 203.441
 4761.39 5562.97 3536.79 3961.26 635.27
 3382.81 13583.1 1519.68 966.166 1255.66
 2453.72 5658.32 1529.48 171.117 250.18
 1154.62 2218.19 314.715 85.0685 23.4323
 622.635 2162.72 438.204 62.1715 21.4342
 458.601 1264.08 505.467 102.415 19.54
 396.279 1213.51 409.733 163.839 39.5299
 1598.77 1192.39 446.22 150.662 74.7802
 620.608 1517.71 132.571 49.6106 25.0646
 800.104 2182.55 745.685 65.1348 36.6895
 1219.61 3013.26 1130.29 386.171 52.7322
 476.366 4533.57 1492.81 559.959 217.437
F
 0.0191009 0.125955 0.125956 0.125956 0.125956
 0.0346785 0.228678 0.228679 0.228679 0.228679
 0.130587 0.861119 0.861122 0.861122 0.861122
 0.0646654 0.426418 0.426419 0.426419 0.426419
 0.0148872 0.0981692 0.0981696 0.0981696 0.0981696
 0.100489 0.662646 0.662648 0.662648 0.662648
 0.0902837 0.595351 0.595353 0.595353 0.595353
 0.153511 1.01229 1.01229 1.01229 1.01229
 0.135102 0.890894 0.890897 0.890897 0.890897
 0.0698688 0.46073 0.460732 0.460732 0.460732
 0.079491 0.524181 0.524183 0.524183 0.524183
 0.0746708 0.492395 0.492397 0.492397 0.492397
 0.137176 0.904567 0.90457 0.90457 0.90457
 0.231979 1.52972 1.52973 1.52973 1.52973
 0.255129 1.68238 1.68239 1.68239 1.68239
 0.109831 0.724252 0.724255 0.724255 0.724255
 0.0844223 0.556699 0.556702 0.556702 0.556702
 0.0660256 0.435388 0.435389 0.435389 0.435389
 0.0667358 0.44007 0.440072 0.440072 0.440072
 0.079356 0.523291 0.523293 0.523293 0.523293
 0.0259092 0.170851 0.170852 0.170852 0.170852
 0.0308355 0.203336 0.203337 0.203337 0.203337
 0.040484 0.26696 0.266961 0.266961 0.266961
 0.0548751 0.361859 0.36186 0.36186 0.36186
nmprior
 10 10 8 0
nm_flota  nm_reclas  nm_pelaces    nm_pelaL
inf 25.1523 18.4513 33.0545
cv_recla  cv_pelaces  cv_mph
0.892382 1.03228 0.440083
 ------------------------------------------------
Talla a la edad & desviación 
 7.2 14.2025 17.0495 18.207 18.6776
 1.08 2.13037 2.55742 2.73105 2.80164
