years
 1997 1998 1999 2000 2001 2002 2003 2004 2005 2006 2007 2008 2009 2010 2011 2012 2013 2014 2015 2016 2017 2018 2019 2020
reclasobs
 0 0 0 370054 412103 1.49427e+06 250295 1.28982e+06 931140 785840 897777 1.04006e+06 184774 17550 25797 100020 73551 82996 120727 218422 84188 347160 605670 569463
reclaspred
 1.51897e+06 201138 266154 109915 251254 255924 541407 459556 624106 1.02024e+06 881149 572888 360850 156189 95492.6 89734.1 102138 120286 104731 179551 305153 275821 413080 311234
pelacesobs
 0 0 0 0 0 0 0 0 0 2.06254e+06 1.5e+06 0 1.87456e+06 323000 250000 174000 83755 137374 0 501740 490994 745055 786931 1.00524e+06
pelacespred
 1.14697e+06 401158 130029 117654 234083 176138 519847 443534 604120 991000 756115 508192 331708 114162 69663.4 70392 83667.5 100351 87930.3 150601 288095 251376 297628 266787
mphobs
 0 0 0 0 0 112323 0 153150 637223 0 255016 313432 73983 77613 109348 50772 0 0 0 0 0 0 0 0
mphpred
 638935 272153 125476 60348.2 55495 133240 151091 188274 207902 290248 475114 339076 194474 106992 45371.9 35213.8 39841.9 48765.8 51404.7 50764.9 101690 133316 156680 174728
desembarqueobs
 350755 77701 442110 56441 14545 235359 269955 359681 431902 328805 639364 411747 362871 311530 167758 66681 60226 58785 57116 71774 51957 67425 138520 160799
desembarquepred
 350743 77679.7 441607 56422.2 14544.1 235261 269886 359246 431560 328600 638769 411452 362405 311140 167456 66640.6 60212 58751.5 57078.5 71721.8 51946.1 67392.1 138454 160733
Reclutas
 10952 17055.1 2773.9 15467.4 56706.2 20310.8 53481.9 76705.8 102294 209264 58152.5 28341 50422.3 22146.4 14847.5 15579.5 10836.3 10161.2 8915.54 29388.8 33892.5 37398.9 44593 14062.8
log_desv_Rt
 -0.858722 -0.415795 -2.23199 -0.513509 0.785639 -0.241093 0.727099 1.08773 1.37561 2.09135 0.810824 0.092065 0.668188 -0.154568 -0.55441 -0.506288 -0.869345 -0.933672 -1.06445 0.128368 0.27095 0.369397 0.545332 -0.608712
SSB
 1.72771e+06 735913 339291 163184 150061 360288 408556 509100 562176 784844 1.28473e+06 916876 525865 289310 122688 95219.5 107734 131865 139000 137270 274974 360492 423668 472472
BT
 2.27617e+06 884867 477809 275493 431267 498220 1.1247e+06 1.18132e+06 1.4727e+06 2.07906e+06 1.90759e+06 1.27936e+06 952209 502017 264382 180790 198566 227045 207146 328221 556829 513521 629097 616812
Ftot
 0.145177 0.261531 0.964667 0.473425 0.0897731 0.632716 0.553329 0.971805 0.859269 0.44588 0.522705 0.486318 0.87668 1.49085 1.64645 0.713722 0.544217 0.423133 0.424495 0.498907 0.166485 0.199759 0.26043 0.345555
BD_Bspro_t
 0.977479 0.837672 0.618478 0.293081 0.427345 0.693198 0.54499 0.549772 0.530407 0.562934 0.645326 0.487604 0.359114 0.26796 0.153073 0.149873 0.220266 0.330724 0.397698 0.454165 0.647511 0.754557 0.751201 0.708503
BD_Bspro
 3.24884 1.38383 0.638014 0.306857 0.28218 0.677497 0.768261 0.957329 1.05713 1.47585 2.41584 1.72412 0.988853 0.544028 0.230706 0.179054 0.202587 0.247963 0.261381 0.258128 0.51707 0.677881 0.79668 0.888452
BD_Bo
 1.81588 0.773471 0.356607 0.171512 0.15772 0.378675 0.429407 0.535083 0.590867 0.8249 1.3503 0.96367 0.552703 0.304075 0.128949 0.100079 0.113232 0.138595 0.146095 0.144276 0.289008 0.37889 0.445291 0.496586
BD_Brms
 6.09075 2.59434 1.19612 0.575279 0.529016 1.27014 1.4403 1.79475 1.98186 2.76684 4.5291 3.2323 1.85385 1.01992 0.432516 0.335681 0.379799 0.464868 0.490024 0.483925 0.969377 1.27086 1.49357 1.66563
S_f
 0.151802 1 1 1 1
 0.151802 1 1 1 1
 0.151802 1 1 1 1
 0.151802 1 1 1 1
 0.151802 1 1 1 1
 0.151802 1 1 1 1
 0.151802 1 1 1 1
 0.151802 1 1 1 1
 0.151802 1 1 1 1
 0.151802 1 1 1 1
 0.151802 1 1 1 1
 0.151802 1 1 1 1
 0.151802 1 1 1 1
 0.151802 1 1 1 1
 0.151802 1 1 1 1
 0.151802 1 1 1 1
 0.151802 1 1 1 1
 0.151802 1 1 1 1
 0.151802 1 1 1 1
 0.151802 1 1 1 1
 0.151802 1 1 1 1
 0.151802 1 1 1 1
 0.151802 1 1 1 1
 0.151802 1 1 1 1
Scru_reclas
 0.927572 1 1 1 1
 0.927572 1 1 1 1
 0.927572 1 1 1 1
 0.927572 1 1 1 1
 0.927572 1 1 1 1
 0.927572 1 1 1 1
 0.927572 1 1 1 1
 0.927572 1 1 1 1
 0.927572 1 1 1 1
 0.927572 1 1 1 1
 0.927572 1 1 1 1
 0.927572 1 1 1 1
 0.927572 1 1 1 1
 0.927572 1 1 1 1
 0.927572 1 1 1 1
 0.927572 1 1 1 1
 0.927572 1 1 1 1
 0.927572 1 1 1 1
 0.927572 1 1 1 1
 0.927572 1 1 1 1
 0.927572 1 1 1 1
 0.927572 1 1 1 1
 0.927572 1 1 1 1
 0.927572 1 1 1 1
Scru_pelaces
 1 1 1 1 1
 1 1 1 1 1
 1 1 1 1 1
 1 1 1 1 1
 1 1 1 1 1
 1 1 1 1 1
 1 1 1 1 1
 1 1 1 1 1
 1 1 1 1 1
 1 1 1 1 1
 1 1 1 1 1
 1 1 1 1 1
 1 1 1 1 1
 1 1 1 1 1
 1 1 1 1 1
 1 1 1 1 1
 1 1 1 1 1
 1 1 1 1 1
 1 1 1 1 1
 1 1 1 1 1
 1 1 1 1 1
 1 1 1 1 1
 1 1 1 1 1
 1 1 1 1 1
pf_obs 
 0.256992 0.487395 0.22802 0.0275931 0
 0.321318 0.546541 0.124235 0.00734118 0.000564706
 0.182869 0.594174 0.210203 0.0122559 0.00049798
 0.330522 0.361315 0.267642 0.0388342 0.00168674
 0.649043 0.306663 0.0425973 0.00169635 0
 0.582887 0.30429 0.105238 0.00758474 0
 0.465427 0.430635 0.0974691 0.00646863 0
 0.296916 0.608066 0.0921331 0.00288517 0
 0.311714 0.524322 0.152257 0.0117073 0
 0.15457 0.633149 0.183074 0.0267441 0.00246327
 0.131901 0.49318 0.331252 0.0422183 0.00144891
 0.196976 0.569456 0.194076 0.0375587 0.00193317
 0.518974 0.381816 0.0799577 0.0180837 0.00116848
 0.0928022 0.601141 0.25162 0.0475244 0.00691264
 0.122501 0.610282 0.24278 0.0234846 0.000952079
 0.383417 0.481906 0.127806 0.00687128 0
 0.0376549 0.599619 0.316969 0.0457579 0
 0.0361596 0.667082 0.258105 0.0386534 0
 0.158088 0.579412 0.248529 0.0139706 0
 0.0477256 0.309471 0.559284 0.082774 0.000745712
 0.0406174 0.521527 0.379366 0.0568643 0.0016247
 0.151134 0.462217 0.34131 0.0453401 0
 0.294876 0.26143 0.354403 0.0886775 0.000613685
 0.281977 0.475581 0.204845 0.0348837 0.00271318
pf_pred 
 0.0253513 0.631764 0.302638 0.0402437 2.46009e-06
 0.0767036 0.143277 0.505606 0.242204 0.0322094
 0.0267208 0.372872 0.0931712 0.328789 0.178447
 0.347869 0.148908 0.192789 0.0481731 0.262261
 0.503965 0.404771 0.0208394 0.0269804 0.0434445
 0.108089 0.78022 0.0911417 0.00469237 0.0158575
 0.360159 0.334271 0.267304 0.0312253 0.0070404
 0.354557 0.535597 0.0573865 0.0458899 0.00656932
 0.351689 0.554946 0.0774752 0.00830108 0.00758833
 0.414345 0.495857 0.0768657 0.0107311 0.00220085
 0.0853526 0.780149 0.113876 0.0176526 0.00296989
 0.0783187 0.408409 0.437796 0.0639038 0.0115727
 0.247085 0.312914 0.19497 0.208999 0.0360317
 0.159849 0.647987 0.079864 0.0497615 0.0625383
 0.240113 0.557777 0.155882 0.0192124 0.0270153
 0.305576 0.579105 0.0846478 0.0236565 0.00701547
 0.187929 0.654225 0.131633 0.0192408 0.00697189
 0.194426 0.536621 0.216675 0.0435961 0.0086815
 0.180563 0.542229 0.184657 0.0745605 0.0179893
 0.451407 0.351759 0.130247 0.044356 0.0222311
 0.261093 0.645741 0.0597381 0.0221195 0.0113083
 0.210455 0.565322 0.195951 0.0181276 0.0101437
 0.214018 0.518007 0.191873 0.0665068 0.00959543
 0.0707905 0.622986 0.201819 0.0747549 0.0296499
pobs_RECLAS
 0 0 0 0 0
 0 0 0 0 0
 0 0 0 0 0
 0 0 0 0 0
 0.835266 0.146461 0.0176864 0.000547809 3.91292e-05
 0.385257 0.428462 0.181853 0.0044286 0
 0.867414 0.0963971 0.0333333 0.00285562 0
 0.441836 0.489002 0.0689373 0.000224442 0
 0.779404 0.147425 0.0564933 0.0165055 0.000172143
 0.814271 0.122319 0.05973 0.00367925 0
 0.40263 0.566651 0.0304383 0.000280538 0
 0.475488 0.404961 0.113038 0.00651328 0
 0.955842 0.0263864 0.0167828 0.000988607 0
 0.975058 0.0227948 0.00214734 0 0
 0.738997 0.206755 0.0527124 0.00153531 0
 0.850938 0.134255 0.0134407 0.00136685 0
 0.542534 0.407297 0.0501686 0 0
 0.764087 0.199537 0.0359546 0.000420521 0
 0.470689 0.182191 0.310203 0.0369168 0
 0.84361 0.089868 0.0606195 0.00523954 0.000663233
 0.607945 0.314616 0.071237 0.00620181 0
 0.523733 0.453247 0.0230204 0 0
 0.530135 0.295979 0.169645 0.0042399 0
 0.562478 0.366248 0.0663022 0.0049721 0
ppred_RECLAS
 0.138084 0.558691 0.267633 0.0355889 2.17554e-06
 0.340184 0.10239 0.361322 0.173086 0.0230178
 0.154204 0.324032 0.0809673 0.285723 0.155074
 0.770935 0.0523049 0.0677183 0.0169211 0.0921206
 0.861831 0.112748 0.00580476 0.00751533 0.0121014
 0.436902 0.492583 0.0575413 0.00296247 0.0100114
 0.781504 0.114148 0.0912802 0.0106629 0.00240419
 0.784998 0.178412 0.0191159 0.0152863 0.00218829
 0.780594 0.187809 0.0262198 0.00280931 0.0025681
 0.816625 0.155258 0.0240674 0.00336002 0.000689107
 0.37159 0.536002 0.0782387 0.0121282 0.00204046
 0.349263 0.28835 0.309098 0.0451181 0.0081707
 0.683205 0.131661 0.0820353 0.0879381 0.0151606
 0.576323 0.326771 0.0402744 0.0250941 0.0315373
 0.698535 0.221283 0.061842 0.00762199 0.0107176
 0.739613 0.217146 0.0317402 0.00887044 0.00263057
 0.595023 0.32626 0.065645 0.00959534 0.00347686
 0.602595 0.264725 0.10689 0.0215068 0.00428275
 0.580633 0.2775 0.0945031 0.0381582 0.00920649
 0.838789 0.103369 0.0382748 0.0130346 0.00653288
 0.685457 0.274883 0.0254297 0.00941598 0.00481379
 0.622269 0.270459 0.0937462 0.00867255 0.00485291
 0.628217 0.245026 0.0907591 0.0314588 0.0045388
 0.322358 0.454323 0.14718 0.0545163 0.0216227
pobs_PELACES
 0 0 0 0 0
 0 0 0 0 0
 0 0 0 0 0
 0 0 0 0 0
 0 0 0 0 0
 0 0 0 0 0
 0 0 0 0 0
 0 0 0 0 0
 0 0 0 0 0
 0 0 0 0 0
 0.450072 0.473896 0.0757376 0.000293798 0
 0 0 0 0 0
 0.463077 0.371075 0.160297 0.00555027 0
 0.529543 0.364841 0.0842815 0.0213345 0
 0.631943 0.363953 0.00410389 0 0
 0.735681 0.248677 0.0153453 0.000297389 0
 0.695825 0.281241 0.0229344 0 0
 0.275771 0.60734 0.115278 0.00161068 0
 0 0 0 0 0
 0.896147 0.0623911 0.0374545 0.00400742 0
 0.803859 0.145111 0.0509908 3.86294e-05 0
 0.739449 0.233085 0.0266225 0.000797448 4.60066e-05
 0.878498 0.100942 0.0204185 0.000141795 0
 0.694673 0.275183 0.0284847 0.00165964 0
ppred_PELACES
 0.152455 0.549376 0.263171 0.0349955 2.13927e-06
 0.374236 0.097106 0.342674 0.164154 0.0218299
 0.204761 0.304663 0.0761276 0.268644 0.145804
 0.805542 0.0444028 0.0574876 0.0143647 0.0782032
 0.873348 0.10335 0.00532089 0.00688887 0.0110926
 0.499635 0.437706 0.0511308 0.00263243 0.00889609
 0.818247 0.0949527 0.0759302 0.00886981 0.00199989
 0.837838 0.134564 0.0144179 0.0115294 0.00165048
 0.829887 0.145614 0.020329 0.00217815 0.00199113
 0.844702 0.131486 0.0203824 0.00284556 0.000583597
 0.424602 0.490786 0.0716385 0.0111051 0.00186833
 0.398679 0.266453 0.285626 0.0416919 0.00755023
 0.748214 0.104643 0.0652009 0.0698924 0.0120495
 0.690013 0.239085 0.0294671 0.0183603 0.0230746
 0.798407 0.147975 0.0413545 0.00509692 0.00716698
 0.789002 0.175959 0.0257199 0.00718795 0.00213162
 0.648461 0.283209 0.0569829 0.00832919 0.00301807
 0.64792 0.234533 0.0946989 0.0190539 0.00379429
 0.627001 0.246817 0.0840541 0.0339391 0.00818855
 0.865772 0.0860675 0.0318686 0.0108529 0.00543946
 0.711104 0.252471 0.0233563 0.00864824 0.00442129
 0.652555 0.248774 0.0862298 0.0079772 0.00446382
 0.662098 0.222697 0.0824883 0.028592 0.00412518
 0.360995 0.428419 0.138788 0.0514079 0.0203898
pobs_pel_tallas
 0 0 0 0 0 0 0 0 0 0 0 0 0 0 0 0 0 0 0 0 0 0 0 0 0 0 0 0 0 0 0 0 0 0 0 0
 0 0 0 0 0 0 0 0 0 0 0 0 0 0 0 0 0 0 0 0 0 0 0 0 0 0 0 0 0 0 0 0 0 0 0 0
 0 0 0 0 0 0 0 0 0 0 0 0 0 0 0 0 0 0 0 0 0 0 0 0 0 0 0 0 0 0 0 0 0 0 0 0
 0 0 0 0 0 0 0 0 0 0 0 0 0 0 0 0 0 0 0 0 0 0 0 0 0 0 0 0 0 0 0 0 0 0 0 0
 0 0 0 0 0 0 0 0 0 0 0 0 0 0 0 0 0 0 0 0 0 0 0 0 0 0 0 0 0 0 0 0 0 0 0 0
 0 0 0 0 0 0 0 0 0 0 0 0 0 0 0 0 0 0 0 0 0 0 0 0 0 0 0 0 0 0 0 0 0 0 0 0
 0 0 0 0 0 0 0 0 0 0 0 0 0 0 0 0 0 0 0 0 0 0 0 0 0 0 0 0 0 0 0 0 0 0 0 0
 0 0 0 0 0 0 0 0 0 0 0 0 0 0 0 0 0 0 0 0 0 0 0 0 0 0 0 0 0 0 0 0 0 0 0 0
 0 0 0 0 0 0 0 0 0 0 0 0 0 0 0 0 0 0 0 0 0 0 0 0 0 0 0 0 0 0 0 0 0 0 0 0
 0 0 0 0 0 0 0 0 0 0 0 0 0 0 0 0 0 0 0 0 0 0 0 0 0 0 0 0 0 0 0 0 0 0 0 0
 0 0 0 0 0 0 0 0 1.78061e-05 0.00172719 0.00360574 0.0105946 0.0120993 0.0124554 0.0147524 0.0171206 0.0266825 0.0428682 0.0675386 0.121331 0.153587 0.119568 0.100827 0.0573624 0.0630603 0.0341343 0.0324427 0.0444173 0.0211091 0.0280891 0.0125444 0.00206551 0 0 0 0
 0 0 0 0 0 0 0 0 0 0 0 0 0 0 0 0 0 0 0 0 0 0 0 0 0 0 0 0 0 0 0 0 0 0 0 0
 0 0 0 0 0 0 0.0133647 0.0140871 0.0187388 0.0205184 0.03894 0.0496705 0.03968 0.0493445 0.0407372 0.0367815 0.0215668 0.0243155 0.0234873 0.0199281 0.019796 0.0243948 0.0301388 0.0376714 0.0412746 0.0863199 0.0771752 0.113111 0.0741005 0.0525337 0.0229764 0.00759418 0.00175318 0 0 0
 0 0 0 0 0 0 0 0 0 0 0.00219441 0.00772107 0.0458388 0.0604681 0.0671733 0.0775358 0.0609151 0.0617685 0.073594 0.0568108 0.0755445 0.0548602 0.0670107 0.0636378 0.0643287 0.046367 0.0373049 0.0286899 0.0247887 0.0153202 0.00654259 0.00121912 0.000365735 0 0 0
 0 0 0 0 0 0 0 0 0 0 0 0 0.000112435 0.00938835 0.0111873 0.0202946 0.0414886 0.0713402 0.111592 0.104902 0.108894 0.110636 0.117776 0.105296 0.107544 0.0401394 0.0192827 0.0124803 0.00416011 0.0028671 0.000618394 0 0 0 0 0
 0 0 0 0 0 0 0 0 0 0 0.00291406 0.0102884 0.027416 0.0768956 0.0749926 0.110853 0.0956884 0.0897413 0.0766577 0.0534642 0.0500743 0.0551293 0.0594112 0.0620874 0.0668451 0.0424026 0.0208742 0.0120726 0.0048766 0.00582813 0.00118941 0.000297354 0 0 0 0
 0 0.00264628 0.0354308 0.0461629 0.0458689 0.0383711 0.0214643 0.0164657 0.0346957 0.0420465 0.0363128 0.0245516 0.0311673 0.0291091 0.0169068 0.0133784 0.00837989 0.0085269 0.0148486 0.0160247 0.0276389 0.0546898 0.0760071 0.122758 0.109233 0.0665981 0.0333725 0.0166128 0.00676272 0.00308733 0.000882094 0 0 0 0 0
 0 0 0 0 0 0 0 0.000805153 0.000690131 0.00759144 0.0133425 0.0154129 0.00931677 0.000345066 0.00356568 0.00563607 0.00851162 0.0253048 0.0502646 0.0516448 0.0657925 0.0565908 0.0611916 0.0827007 0.0866115 0.110766 0.145733 0.0935128 0.0569358 0.0249597 0.0138026 0.00621118 0.00161031 0.00115022 0 0
 0 0 0 0 0 0 0 0 0 0 0 0 0 0 0 0 0 0 0 0 0 0 0 0 0 0 0 0 0 0 0 0 0 0 0 0
 0.00147267 0.00158595 0.00478618 0.00569244 0.00954404 0.0108468 0.00647125 0.017049 0.0510054 0.094081 0.124002 0.0959785 0.0687766 0.0820023 0.061753 0.0591476 0.0492212 0.0479892 0.0443925 0.0268479 0.0217502 0.0140895 0.0121071 0.0120363 0.00920419 0.00665534 0.0049561 0.00860946 0.00930331 0.0156896 0.0114698 0.00855282 0.00243557 0.00046729 0 2.83206e-05
 0 0 0 0 0.000772559 0.00158375 0.000888443 0.00281984 0.00712685 0.0440552 0.0773331 0.111326 0.0921469 0.0852325 0.0710754 0.0886704 0.0786465 0.0553345 0.0373146 0.0185414 0.00753245 0.00457741 0.012979 0.0271748 0.0457355 0.0583668 0.034881 0.0177882 0.00938659 0.00492506 0.0015258 0.00185414 0.000309023 5.79419e-05 3.86279e-05 0
 0 0.00173294 0.00326652 0 0.00397197 0.00683976 0.00946217 0.0152591 0.00757587 0.0136028 0.0228656 0.0392903 0.0559909 0.0764795 0.0681675 0.0726916 0.0566044 0.0477403 0.0527397 0.0444891 0.0609904 0.0582453 0.0661739 0.0445044 0.0529084 0.0360697 0.0280645 0.0235558 0.0158879 0.00826598 0.00280645 0.00217768 0.000904811 0.00058276 9.20147e-05 0
 0 0 0 0 0 0 0 0 0 0 0 0 0 0 0 0 0 0 0 0 0 0 0 0 0 0 0 0 0 0 0 0 0 0 0 0
 0 0 0 0 0 0 0 0 0 0 0 0 0 0 0 0 0 0 0 0 0 0 0 0 0 0 0 0 0 0 0 0 0 0 0 0
ppred_pel_tallas
 1.05118e-16 6.68331e-06 3.91462e-05 0.000185918 0.000715516 0.00223102 0.00563595 0.0115362 0.0191387 0.0257518 0.0281526 0.0251408 0.0186695 0.0122553 0.00849396 0.0080921 0.010578 0.0152912 0.0217609 0.0295916 0.0382618 0.0470439 0.0550659 0.0614634 0.0655598 0.0670078 0.0658484 0.0624645 0.0574577 0.0514906 0.0451521 0.0388782 0.0329384 0.0274681 0.0225204 0.018112
 1.11557e-16 1.63357e-05 9.58556e-05 0.000455613 0.00175407 0.00546981 0.0138163 0.0282704 0.0468631 0.0629414 0.0685072 0.0604631 0.0433587 0.0254644 0.0126692 0.00613997 0.00416047 0.00471575 0.00661697 0.00940048 0.0129254 0.0171128 0.0218447 0.0269423 0.0321727 0.0372644 0.0419248 0.0458589 0.0487907 0.0504896 0.050799 0.049664 0.0471491 0.043438 0.0388155 0.0336288
 1.17224e-16 8.95304e-06 5.24968e-05 0.000249444 0.000960203 0.00299414 0.00756322 0.0154776 0.0256644 0.0344926 0.0376034 0.0333323 0.0242175 0.0148564 0.00856778 0.00610468 0.00664198 0.00916124 0.0130292 0.0179092 0.0235263 0.0295394 0.0355374 0.0411026 0.0458935 0.0497061 0.0524912 0.0543203 0.0553191 0.0555949 0.0551884 0.054068 0.0521611 0.0494064 0.0458057 0.0414531
 1.04979e-16 3.51398e-05 0.000206259 0.000980497 0.00377503 0.0117721 0.0297353 0.0608413 0.100847 0.135423 0.147334 0.129882 0.0928063 0.0538243 0.025492 0.010161 0.00394288 0.00228928 0.0024416 0.00325066 0.00434888 0.00561968 0.00699687 0.00841677 0.00981638 0.0111389 0.0123365 0.0133686 0.0141975 0.0147846 0.0150915 0.0150843 0.0147428 0.0140683 0.0130889 0.0118595
 1.00865e-16 3.80989e-05 0.000223626 0.00106305 0.00409285 0.0127632 0.0322388 0.0659641 0.10934 0.146831 0.159756 0.140858 0.100702 0.0585101 0.0279088 0.0114616 0.00496136 0.0034732 0.0039812 0.00518652 0.00660867 0.00801796 0.00923512 0.0101039 0.0105143 0.0104271 0.00988261 0.00898727 0.00788538 0.00672369 0.0056215 0.00465379 0.00384948 0.00320122 0.00268089 0.00225437
 1.01375e-16 2.18169e-05 0.000128005 0.00060839 0.00234218 0.00730375 0.0184491 0.0377518 0.0625874 0.0840823 0.0915751 0.0809584 0.058351 0.0348574 0.0184172 0.0106661 0.00936249 0.0117975 0.0162507 0.021821 0.0278854 0.0337964 0.0388441 0.0423622 0.0438727 0.0431994 0.0405082 0.0362563 0.0310722 0.0256069 0.0204059 0.0158324 0.0120536 0.00907556 0.00680229 0.00509479
 1.01508e-16 3.56961e-05 0.00020952 0.000995988 0.00383465 0.011958 0.0302049 0.0618026 0.102442 0.137569 0.14968 0.131977 0.0943615 0.054844 0.0261953 0.0108237 0.00479661 0.00350271 0.00413162 0.00548358 0.00712503 0.00885327 0.0105042 0.0119221 0.0129783 0.0135936 0.0137494 0.0134823 0.012867 0.011993 0.0109464 0.00979772 0.00860137 0.00739902 0.00622567 0.00511318
 1.00722e-16 3.65518e-05 0.00021454 0.00101985 0.00392651 0.0122445 0.0309285 0.0632834 0.104897 0.140869 0.153278 0.135166 0.0966774 0.0562623 0.0270064 0.0113854 0.00537921 0.00426482 0.00515003 0.00677459 0.00864531 0.0104934 0.0120892 0.0132272 0.0137604 0.0136336 0.012895 0.0116806 0.0101778 0.00857965 0.00704681 0.00568476 0.00454055 0.00361422 0.00287728 0.00229072
 1.00505e-16 3.62056e-05 0.000212506 0.00101018 0.00388927 0.0121283 0.0306352 0.0626833 0.103903 0.139534 0.151829 0.133895 0.095784 0.0557733 0.0268296 0.0114106 0.00553959 0.00454178 0.00555226 0.00731692 0.00933504 0.0113223 0.0130299 0.0142339 0.0147736 0.0145882 0.01373 0.0123478 0.0106474 0.00884293 0.00711412 0.00558159 0.00430215 0.00328015 0.00248677 0.00187917
 1.00458e-16 3.6851e-05 0.000216297 0.0010282 0.00395867 0.0123448 0.0311818 0.0638017 0.105756 0.142022 0.154532 0.136269 0.0974616 0.0567085 0.0272016 0.0114351 0.00535427 0.00419603 0.00504444 0.00663034 0.00845968 0.010266 0.0118229 0.0129272 0.0134331 0.0132844 0.0125266 0.0112922 0.0097655 0.00813855 0.00657317 0.00517855 0.00400703 0.00306421 0.00232605 0.00175587
 1.01646e-16 1.85473e-05 0.000108805 0.000517099 0.00199067 0.00620756 0.0156802 0.032087 0.0531996 0.0714813 0.0778801 0.06892 0.0498242 0.0300643 0.0164338 0.0103774 0.0100441 0.0131709 0.0183007 0.0246219 0.0314996 0.0382242 0.0440026 0.0480854 0.0499304 0.0493304 0.0464591 0.0418148 0.036089 0.0300013 0.0241575 0.0189652 0.0146182 0.0111348 0.00842155 0.00633778
 1.05927e-16 1.74084e-05 0.000102138 0.000485444 0.00186887 0.00582777 0.0147207 0.030122 0.0499368 0.0670825 0.0730485 0.0645518 0.0464661 0.0276406 0.0143984 0.00803662 0.00677067 0.0084669 0.0118153 0.0162012 0.02127 0.0266669 0.0319736 0.0367494 0.0406062 0.0432746 0.0446378 0.0447237 0.0436657 0.0416509 0.038876 0.0355243 0.031764 0.0277553 0.0236604 0.0196418
 1.03925e-16 3.26426e-05 0.000191592 0.000910757 0.00350649 0.0109347 0.0276201 0.0565138 0.0936761 0.125799 0.13688 0.120703 0.0863275 0.0502294 0.0240951 0.0101382 0.00477562 0.00380327 0.0046612 0.00625691 0.0081915 0.01027 0.0123272 0.0142029 0.0157625 0.0169182 0.0176394 0.0179445 0.0178821 0.0175082 0.0168693 0.015997 0.0149129 0.0136391 0.012209 0.0106717
 1.02206e-16 3.01101e-05 0.000176712 0.000839989 0.00323397 0.0100848 0.0254735 0.0521228 0.0864017 0.116042 0.126296 0.111447 0.0798745 0.0468116 0.0230849 0.0107921 0.00668103 0.00690406 0.00908564 0.0121399 0.0155493 0.0189244 0.0218764 0.0240448 0.0251688 0.0251471 0.0240587 0.0221345 0.0196933 0.0170627 0.0145121 0.0122145 0.0102431 0.00859276 0.00721341 0.00604219
 1.01146e-16 3.4833e-05 0.000204448 0.000971866 0.00374176 0.0116683 0.0294733 0.0603059 0.0999627 0.134244 0.146075 0.128827 0.092172 0.053698 0.0258842 0.0111012 0.00553014 0.0046809 0.00580312 0.00769353 0.00986952 0.0120519 0.013991 0.0154571 0.0162796 0.0163832 0.0158024 0.0146662 0.0131607 0.0114831 0.00980148 0.00823167 0.00683386 0.00562326 0.00458791 0.00370519
 1.0077e-16 3.4424e-05 0.000202044 0.000960433 0.00369773 0.011531 0.0291265 0.0595966 0.0987876 0.132668 0.144367 0.127337 0.0911395 0.0531648 0.0257545 0.0112625 0.00592495 0.00530977 0.00669482 0.00887353 0.0113368 0.0137646 0.0158614 0.0173571 0.0180572 0.0178869 0.0169067 0.0152928 0.01329 0.0111525 0.00909378 0.00725681 0.00570878 0.0044552 0.00346309 0.00268383
 1.01329e-16 2.83002e-05 0.000166082 0.000789442 0.00303933 0.00947783 0.0239404 0.0489863 0.0812043 0.109067 0.118719 0.104795 0.0751813 0.0442109 0.0220814 0.0107912 0.00731033 0.00804181 0.0107549 0.014405 0.0184512 0.022445 0.0259224 0.0284477 0.0297024 0.0295566 0.0280971 0.0255956 0.0224351 0.0190172 0.0156819 0.0126612 0.0100702 0.00792826 0.00619481 0.00480394
 1.02253e-16 2.82747e-05 0.000165937 0.000788761 0.00303673 0.00946971 0.0239198 0.0489439 0.0811326 0.108967 0.1186 0.104665 0.075036 0.0440203 0.0217926 0.0103332 0.00660098 0.00699694 0.00930319 0.0125092 0.0161315 0.0197974 0.0231245 0.0257459 0.0273796 0.0278869 0.0272971 0.0257853 0.0236183 0.0210851 0.0184378 0.0158576 0.0134496 0.011258 0.00929134 0.00754345
 1.02823e-16 2.7363e-05 0.000160583 0.000763307 0.00293872 0.00916407 0.0231478 0.0473644 0.078515 0.105453 0.11478 0.101306 0.0726522 0.0426716 0.0212175 0.0102153 0.00673069 0.00728741 0.0097402 0.0131042 0.016895 0.020728 0.0242045 0.0269434 0.0286538 0.0291966 0.0286087 0.0270787 0.0248882 0.0223379 0.0196848 0.017108 0.0147041 0.0125064 0.0105127 0.00871006
 1.01108e-16 3.77679e-05 0.000221684 0.00105382 0.00405733 0.0126525 0.031959 0.0653914 0.10839 0.145554 0.158364 0.139623 0.0998031 0.0579559 0.0275851 0.0112279 0.00471059 0.00314136 0.00353662 0.00462248 0.00594389 0.00729971 0.00853896 0.0095268 0.0101608 0.0103911 0.010228 0.00973474 0.00900634 0.00814476 0.0072374 0.00634519 0.00550154 0.00471874 0.00399771 0.0033363
 1.00918e-16 3.10304e-05 0.000182113 0.000865665 0.00333282 0.0103931 0.0262522 0.0537161 0.0890429 0.11959 0.130158 0.114856 0.0823226 0.0482546 0.0238113 0.0111548 0.00693276 0.00717719 0.00943398 0.0125744 0.0160516 0.0194482 0.0223476 0.024366 0.0252297 0.0248394 0.0232933 0.0208568 0.0178928 0.014776 0.0118184 0.00922544 0.00708905 0.0054081 0.00412346 0.00315273
 1.01788e-16 2.84774e-05 0.000167125 0.000794409 0.00305847 0.0095375 0.0240911 0.0492944 0.081714 0.109749 0.119453 0.105424 0.0755933 0.0443735 0.0220156 0.0105182 0.00682127 0.00730061 0.00971853 0.0130474 0.0167838 0.0205316 0.0238829 0.0264498 0.0279385 0.0282131 0.0273201 0.025465 0.0229515 0.0201055 0.0172094 0.0144636 0.0119798 0.00979756 0.00791131 0.00629624
 1.02419e-16 2.88924e-05 0.000169564 0.000806009 0.00310314 0.00967683 0.024443 0.0500142 0.0829063 0.111348 0.121186 0.106938 0.076643 0.0449181 0.0221534 0.0103642 0.0064345 0.0066802 0.00883346 0.0118676 0.0153033 0.0187832 0.021945 0.0244427 0.0260111 0.0265212 0.0260025 0.0246219 0.022631 0.0203006 0.0178643 0.015487 0.0132614 0.0112231 0.00937566 0.00771187
 1.04829e-16 1.57713e-05 9.25129e-05 0.000439656 0.00169252 0.0052778 0.0133317 0.0272812 0.0452324 0.0607785 0.066225 0.0586196 0.0424082 0.0256512 0.0141363 0.00910798 0.00901353 0.0119534 0.0167156 0.022635 0.0291919 0.0357929 0.04176 0.0464348 0.0493158 0.0501672 0.0490598 0.0463293 0.042472 0.0380163 0.0334125 0.0289714 0.0248582 0.0211242 0.0177578 0.0147278
pSPR Fmed_Fpbrs
0.532745   0.348138 0.348138
Fs Fmed_Fpbrs
0.466976   1.005 1.005
SSBpbr Bo_Bmed_Bpbrs
951442  459303  283661 283661
Ro
25848.3
SPR SPRFo_SPRFmed_SPRFpbrs
531793 283310 185137
log_Ro
9.98
likeval ReclasPelacesDesembMPH_pf_preclas_ppelaces_ptallas_desvR_qrecl_qpela
 91.9701 73.6443 0.0722214 0.000183221 317.255 165.895 82.6881 0 28.0053 1.16455e-05 0 0 0 0 0
q_reclas_q_pelaces
0.616577 1
M
0.7
N
 10952 43712.7 20940 2784.52 0.170217
 17055.1 5320.06 18773.8 8993.33 1195.97
 2773.9 8139.66 2033.9 7177.35 3895.44
 15467.4 1189.84 1540.46 384.922 2095.57
 56706.2 7148.26 368.023 476.474 767.23
 20310.8 27778.3 3244.94 167.063 564.577
 53481.9 9162.36 7326.81 855.883 192.977
 76705.8 24418.7 2616.34 2092.19 299.505
 102294 32866.6 4588.45 491.63 449.417
 209264 44585.8 6911.5 964.904 197.892
 58152.5 97116.3 14175.8 2197.47 369.704
 28341 26674.8 28594.2 4173.81 755.86
 50422.3 13072.2 8144.99 8731.06 1505.24
 22146.4 21918.9 2701.5 1683.24 2115.44
 14847.5 8770.23 2451.02 302.086 424.776
 15579.5 5742.54 839.387 234.584 69.567
 10836.3 6942.15 1396.79 204.17 73.9805
 10161.2 4954.45 2000.5 402.509 80.1535
 8915.54 4731.96 1611.48 650.68 156.99
 29388.8 4151.03 1537.02 523.436 262.345
 33892.5 13529.6 1251.63 463.448 236.931
 37398.9 16410.5 5688.19 526.22 294.458
 44593 18017 6673.62 2313.2 333.743
 14062.8 21285.8 6895.63 2554.18 1013.06
pred_Ctot
 171.899 4283.78 2052.09 272.879 0.016681
 478.507 893.818 3154.17 1510.96 200.935
 274.051 3824.21 955.572 3372.09 1830.17
 774.578 331.565 429.272 107.264 583.96
 552.419 443.689 22.843 29.5745 47.6216
 1345.12 9709.5 1134.22 58.3945 197.339
 3113.81 2889.99 2311.02 269.962 60.8688
 7630.77 11527.1 1235.07 987.642 141.385
 9064.4 14303.1 1996.84 213.951 195.581
 9887.83 11833 1834.3 256.084 52.5204
 3204.83 29293.1 4275.83 662.82 111.514
 1456.67 7596.11 8142.68 1188.56 215.244
 4553.3 5766.4 3592.92 3851.45 663.993
 3268.03 13247.7 1632.77 1017.35 1278.56
 2395.59 5564.89 1555.22 191.68 269.529
 1157.69 2193.96 320.692 89.6238 26.5784
 620.89 2161.47 434.897 63.569 23.0341
 456.315 1259.44 508.534 102.319 20.3754
 401.629 1206.09 410.735 165.846 40.0138
 1548.33 1206.54 446.751 152.142 76.2531
 609.178 1506.63 139.38 51.6089 26.3843
 804.756 2161.72 749.294 69.3179 38.7884
 1245.95 3015.68 1117.03 387.183 55.8618
 518.405 4562.19 1477.94 547.437 217.129
F
 0.0220381 0.145177 0.145177 0.145177 0.145177
 0.039701 0.261531 0.261531 0.261531 0.261531
 0.146438 0.964667 0.964667 0.964667 0.964667
 0.0718668 0.473425 0.473425 0.473425 0.473425
 0.0136277 0.0897731 0.0897731 0.0897731 0.0897731
 0.0960476 0.632716 0.632716 0.632716 0.632716
 0.0839965 0.553329 0.553329 0.553329 0.553329
 0.147522 0.971805 0.971805 0.971805 0.971805
 0.130439 0.859269 0.859269 0.859269 0.859269
 0.0676855 0.44588 0.44588 0.44588 0.44588
 0.0793476 0.522705 0.522705 0.522705 0.522705
 0.073824 0.486318 0.486318 0.486318 0.486318
 0.133082 0.87668 0.87668 0.87668 0.87668
 0.226314 1.49085 1.49085 1.49085 1.49085
 0.249934 1.64645 1.64645 1.64645 1.64645
 0.108344 0.713722 0.713722 0.713722 0.713722
 0.0826132 0.544217 0.544217 0.544217 0.544217
 0.0642324 0.423133 0.423133 0.423133 0.423133
 0.0644392 0.424495 0.424495 0.424495 0.424495
 0.075735 0.498907 0.498907 0.498907 0.498907
 0.0252728 0.166485 0.166485 0.166485 0.166485
 0.0303238 0.199759 0.199759 0.199759 0.199759
 0.0395338 0.26043 0.26043 0.26043 0.26043
 0.0524559 0.345555 0.345555 0.345555 0.345555
nmprior
 10 10 8 0
nm_flota  nm_reclas  nm_pelaces    nm_pelaL
inf 27.394 19.5884 35.514
cv_recla  cv_pelaces  cv_mph
0.887871 1.0098 0.439163
 ------------------------------------------------
Talla a la edad & desviación 
 7.2 14.2025 17.0495 18.207 18.6776
 1.08 2.13037 2.55742 2.73105 2.80164
