years
 1997 1998 1999 2000 2001 2002 2003 2004 2005 2006 2007 2008 2009 2010 2011 2012 2013 2014 2015 2016 2017 2018 2019 2020
reclasobs
 0 0 0 370054 412103 1.49427e+06 250295 1.28982e+06 931140 785840 897777 1.04006e+06 184774 17550 25797 100020 73551 82996 120727 218422 84188 347160 605670 569463
reclaspred
 391086 95987.9 236231 179280 305536 357743 793631 568508 707778 736767 601738 406880 251441 113378 76250.8 75985 93371.4 121636 122660 186027 281716 257332 430901 452132
pelacesobs
 0 0 0 0 0 0 0 0 0 2.06254e+06 1.5e+06 0 1.87456e+06 323000 250000 174000 83755 137374 0 501740 490994 745055 786931 1.00524e+06
pelacespred
 787494 178176 266604 311159 463413 447063 1.17741e+06 995029 1.1352e+06 1.18125e+06 873195 613068 378542 140308 92803.2 99578.7 128137 169758 176165 258897 438147 390483 517731 646902
mphobs
 0 0 0 0 0 112323 0 153150 637223 0 255016 313432 73983 77613 109348 50772 0 0 0 0 0 0 0 0
mphpred
 598013 312056 329123 328911 409038 721239 1.04684e+06 1.25672e+06 1.16528e+06 1.33571e+06 1.43397e+06 1.03286e+06 636313 335710 154016 128365 153864 207193 244883 272875 440731 539002 668561 888346
desembarqueobs
 350755 77701 442110 56441 14545 235359 269955 359681 431902 328805 639364 411747 362871 311530 167758 66681 60226 58785 57116 71774 51957 67425 138520 160799
desembarquepred
 350749 77690.6 441972 56439.4 14545 235382 269974 359615 431850 328761 639309 411830 362969 311719 167701 66680 60238.8 58779.9 57106.4 71763.9 51954.8 67413.8 138507 160790
Reclutas
 35303 48080.9 23151.6 46390.7 82781.3 53696 92142.1 101877 140230 159634 67859.4 39132.1 43591.4 22545 16823.3 19616.5 15467.8 16040.7 17612.7 37011 45698.8 56444.7 84176.7 65313.2
log_desv_Rt
 -0.228276 0.0806404 -0.650182 0.0448545 0.623957 0.191093 0.731087 0.831518 1.15104 1.28064 0.425194 -0.125302 -0.0173842 -0.676734 -0.969482 -0.815873 -1.05349 -1.01712 -0.923623 -0.181029 0.0298276 0.241016 0.640674 0.38695
SSB
 598013 312056 329123 328911 409038 721239 1.04684e+06 1.25672e+06 1.16528e+06 1.33571e+06 1.43397e+06 1.03286e+06 636313 335710 154016 128365 153864 207193 244883 272875 440731 539002 668561 888346
BT
 1.67927e+06 453915 718392 617132 841377 985051 2.2937e+06 2.18644e+06 2.42685e+06 2.42862e+06 2.13371e+06 1.47415e+06 1.0347e+06 550929 308323 233355 278657 351140 364958 522198 826645 762633 1.02264e+06 1.29281e+06
Ftot
 0.501203 0.521693 0.912659 0.201935 0.0327884 0.29525 0.193383 0.370468 0.383197 0.263325 0.474014 0.43191 0.695331 1.23269 1.23835 0.504984 0.36626 0.256595 0.22882 0.238945 0.104945 0.131492 0.159623 0.169745
BD_Bspro_t
 0.93569 0.692154 0.608989 0.429594 0.611285 0.781113 0.734886 0.745508 0.701595 0.688788 0.679016 0.530437 0.416512 0.307628 0.188809 0.195834 0.294588 0.444132 0.543196 0.62541 0.747702 0.824194 0.828833 0.82298
BD_Bspro
 0.655314 0.341957 0.360659 0.360426 0.448231 0.790347 1.14714 1.37714 1.27694 1.4637 1.57137 1.13183 0.697283 0.367877 0.168774 0.140665 0.168607 0.227046 0.268347 0.299022 0.482961 0.590649 0.732622 0.973466
BD_Bo
 0.566623 0.295676 0.311847 0.311646 0.387567 0.68338 0.991886 1.19075 1.10412 1.2656 1.3587 0.978648 0.602912 0.318088 0.145932 0.121627 0.145788 0.196318 0.232029 0.258552 0.417596 0.51071 0.633468 0.841716
BD_Brms
 1.94431 1.01458 1.07007 1.06938 1.3299 2.34495 3.40355 4.08595 3.78866 4.34278 4.66223 3.35813 2.06883 1.09149 0.50075 0.417351 0.500255 0.673643 0.796183 0.887194 1.43294 1.75245 2.17368 2.88826
S_f
 0.173357 1 1 1 1
 0.173357 1 1 1 1
 0.173357 1 1 1 1
 0.173357 1 1 1 1
 0.173357 1 1 1 1
 0.173357 1 1 1 1
 0.173357 1 1 1 1
 0.173357 1 1 1 1
 0.173357 1 1 1 1
 0.173357 1 1 1 1
 0.173357 1 1 1 1
 0.173357 1 1 1 1
 0.173357 1 1 1 1
 0.173357 1 1 1 1
 0.173357 1 1 1 1
 0.173357 1 1 1 1
 0.173357 1 1 1 1
 0.173357 1 1 1 1
 0.173357 1 1 1 1
 0.173357 1 1 1 1
 0.173357 1 1 1 1
 0.173357 1 1 1 1
 0.173357 1 1 1 1
 0.173357 1 1 1 1
Scru_reclas
 1 1 1 1 1
 1 1 1 1 1
 1 1 1 1 1
 1 1 1 1 1
 1 1 1 1 1
 1 1 1 1 1
 1 1 1 1 1
 1 1 1 1 1
 1 1 1 1 1
 1 1 1 1 1
 1 1 1 1 1
 1 1 1 1 1
 1 1 1 1 1
 1 1 1 1 1
 1 1 1 1 1
 1 1 1 1 1
 1 1 1 1 1
 1 1 1 1 1
 1 1 1 1 1
 1 1 1 1 1
 1 1 1 1 1
 1 1 1 1 1
 1 1 1 1 1
 1 1 1 1 1
Scru_pelaces
 1 1 1 1 1
 1 1 1 1 1
 1 1 1 1 1
 1 1 1 1 1
 1 1 1 1 1
 1 1 1 1 1
 1 1 1 1 1
 1 1 1 1 1
 1 1 1 1 1
 1 1 1 1 1
 1 1 1 1 1
 1 1 1 1 1
 1 1 1 1 1
 1 1 1 1 1
 1 1 1 1 1
 1 1 1 1 1
 1 1 1 1 1
 1 1 1 1 1
 1 1 1 1 1
 1 1 1 1 1
 1 1 1 1 1
 1 1 1 1 1
 1 1 1 1 1
 1 1 1 1 1
pf_obs 
 0.256992 0.487395 0.22802 0.0275931 0
 0.321318 0.546541 0.124235 0.00734118 0.000564706
 0.182869 0.594174 0.210203 0.0122559 0.00049798
 0.330522 0.361315 0.267642 0.0388342 0.00168674
 0.649043 0.306663 0.0425973 0.00169635 0
 0.582887 0.30429 0.105238 0.00758474 0
 0.465427 0.430635 0.0974691 0.00646863 0
 0.296916 0.608066 0.0921331 0.00288517 0
 0.311714 0.524322 0.152257 0.0117073 0
 0.15457 0.633149 0.183074 0.0267441 0.00246327
 0.131901 0.49318 0.331252 0.0422183 0.00144891
 0.196976 0.569456 0.194076 0.0375587 0.00193317
 0.518974 0.381816 0.0799577 0.0180837 0.00116848
 0.0928022 0.601141 0.25162 0.0475244 0.00691264
 0.122501 0.610282 0.24278 0.0234846 0.000952079
 0.383417 0.481906 0.127806 0.00687128 0
 0.0376549 0.599619 0.316969 0.0457579 0
 0.0361596 0.667082 0.258105 0.0386534 0
 0.158088 0.579412 0.248529 0.0139706 0
 0.0477256 0.309471 0.559284 0.082774 0.000745712
 0.0406174 0.521527 0.379366 0.0568643 0.0016247
 0.151134 0.462217 0.34131 0.0453401 0
 0.294876 0.26143 0.354403 0.0886775 0.000613685
 0.281977 0.475581 0.204845 0.0348837 0.00271318
pf_pred 
 0.261541 0.514162 0.199863 0.0244237 1.04685e-05
 0.309603 0.498595 0.133545 0.051911 0.00634637
 0.160558 0.645368 0.140157 0.03754 0.0163764
 0.358469 0.406988 0.180318 0.0391604 0.0150644
 0.337393 0.51677 0.0925193 0.0409912 0.0123268
 0.159191 0.629662 0.164674 0.0294823 0.0169903
 0.273334 0.404522 0.241246 0.0630927 0.0178053
 0.242372 0.533189 0.124941 0.0745116 0.0249862
 0.287225 0.490098 0.156711 0.0367217 0.0292437
 0.255556 0.548007 0.135068 0.0431887 0.0181797
 0.112393 0.613821 0.201542 0.0496743 0.0225696
 0.108359 0.426488 0.321674 0.105619 0.0378596
 0.19711 0.37164 0.206275 0.155581 0.0693945
 0.167193 0.554119 0.128998 0.0715992 0.0780901
 0.246653 0.515378 0.158336 0.0368604 0.0427727
 0.319064 0.531051 0.102539 0.0315022 0.0158436
 0.209381 0.612779 0.138695 0.02678 0.0123653
 0.214237 0.506952 0.216096 0.0489106 0.0138046
 0.217598 0.500444 0.181911 0.0775423 0.0225043
 0.347607 0.418266 0.149753 0.0544353 0.029938
 0.265528 0.569022 0.106074 0.037978 0.0213974
 0.240162 0.521628 0.18455 0.0344028 0.0192572
 0.271191 0.48079 0.170264 0.0602391 0.0175152
 0.171236 0.578587 0.16504 0.0584462 0.0266905
pobs_RECLAS
 0 0 0 0 0
 0 0 0 0 0
 0 0 0 0 0
 0 0 0 0 0
 0.835266 0.146461 0.0176864 0.000547809 3.91292e-05
 0.385257 0.428462 0.181853 0.0044286 0
 0.867414 0.0963971 0.0333333 0.00285562 0
 0.441836 0.489002 0.0689373 0.000224442 0
 0.779404 0.147425 0.0564933 0.0165055 0.000172143
 0.814271 0.122319 0.05973 0.00367925 0
 0.40263 0.566651 0.0304383 0.000280538 0
 0.475488 0.404961 0.113038 0.00651328 0
 0.955842 0.0263864 0.0167828 0.000988607 0
 0.975058 0.0227948 0.00214734 0 0
 0.738997 0.206755 0.0527124 0.00153531 0
 0.850938 0.134255 0.0134407 0.00136685 0
 0.542534 0.407297 0.0501686 0 0
 0.764087 0.199537 0.0359546 0.000420521 0
 0.470689 0.182191 0.310203 0.0369168 0
 0.84361 0.089868 0.0606195 0.00523954 0.000663233
 0.607945 0.314616 0.071237 0.00620181 0
 0.523733 0.453247 0.0230204 0 0
 0.530135 0.295979 0.169645 0.0042399 0
 0.562478 0.366248 0.0663022 0.0049721 0
ppred_RECLAS
 0.67878 0.223654 0.0869377 0.010624 4.55368e-06
 0.728289 0.196226 0.0525576 0.02043 0.00249766
 0.543371 0.351059 0.0762408 0.0204205 0.00890821
 0.765243 0.14893 0.0659843 0.0143301 0.00551256
 0.746319 0.197847 0.0354212 0.0156936 0.00471933
 0.526393 0.354673 0.0927569 0.0166066 0.00957022
 0.686831 0.174335 0.103969 0.0271909 0.00767351
 0.653795 0.243646 0.0570929 0.0340487 0.0114177
 0.704239 0.203363 0.0650263 0.0152374 0.0121345
 0.667859 0.244499 0.0602619 0.0192691 0.00811104
 0.429792 0.394325 0.129473 0.0319113 0.014499
 0.418902 0.27795 0.209641 0.0688334 0.0246738
 0.598662 0.18577 0.10311 0.0777696 0.034688
 0.565439 0.289141 0.0673116 0.0373607 0.0407477
 0.679866 0.219009 0.0672846 0.0156637 0.0181762
 0.736605 0.205418 0.0396633 0.0121855 0.00612852
 0.609807 0.302424 0.0684499 0.0132167 0.00610264
 0.614835 0.248498 0.105926 0.023975 0.00676671
 0.619088 0.243641 0.0885634 0.0377514 0.0109562
 0.757035 0.155771 0.0557713 0.0202728 0.0111496
 0.677089 0.250171 0.0466355 0.0166971 0.0094074
 0.647388 0.242067 0.0856428 0.015965 0.00893651
 0.68405 0.20843 0.0738122 0.0261145 0.00759308
 0.54606 0.316911 0.0903975 0.0320129 0.0146192
pobs_PELACES
 0 0 0 0 0
 0 0 0 0 0
 0 0 0 0 0
 0 0 0 0 0
 0 0 0 0 0
 0 0 0 0 0
 0 0 0 0 0
 0 0 0 0 0
 0 0 0 0 0
 0 0 0 0 0
 0.450072 0.473896 0.0757376 0.000293798 0
 0 0 0 0 0
 0.463077 0.371075 0.160297 0.00555027 0
 0.529543 0.364841 0.0842815 0.0213345 0
 0.631943 0.363953 0.00410389 0 0
 0.735681 0.248677 0.0153453 0.000297389 0
 0.695825 0.281241 0.0229344 0 0
 0.275771 0.60734 0.115278 0.00161068 0
 0 0 0 0 0
 0.896147 0.0623911 0.0374545 0.00400742 0
 0.803859 0.145111 0.0509908 3.86294e-05 0
 0.739449 0.233085 0.0266225 0.000797448 4.60066e-05
 0.878498 0.100942 0.0204185 0.000141795 0
 0.694673 0.275183 0.0284847 0.00165964 0
ppred_PELACES
 0.707836 0.203423 0.0790739 0.00966301 4.14178e-06
 0.75552 0.17656 0.0472903 0.0183825 0.00224735
 0.604174 0.304313 0.0660889 0.0177014 0.00772203
 0.774994 0.142744 0.0632435 0.0137348 0.00528359
 0.748009 0.196529 0.0351853 0.015589 0.00468789
 0.546419 0.339676 0.0888347 0.0159044 0.00916556
 0.698065 0.168082 0.10024 0.0262155 0.00739825
 0.676301 0.227807 0.0533814 0.0318353 0.0106755
 0.725538 0.188718 0.0603436 0.0141401 0.0112606
 0.683597 0.232914 0.0574066 0.018356 0.00772672
 0.461727 0.372241 0.122221 0.0301241 0.0136869
 0.447826 0.264115 0.199206 0.0654073 0.0234457
 0.643268 0.165123 0.0916501 0.0691262 0.0308327
 0.645549 0.235839 0.0549029 0.0304733 0.0332359
 0.748564 0.172012 0.0528459 0.0123024 0.0142757
 0.762449 0.185262 0.0357716 0.0109898 0.0055272
 0.633303 0.284213 0.064328 0.0124208 0.00573516
 0.631272 0.237893 0.101405 0.0229518 0.00647794
 0.633695 0.234298 0.0851673 0.0363038 0.0105361
 0.768823 0.148214 0.0530655 0.0192893 0.0106086
 0.683316 0.245347 0.0457362 0.0163751 0.00922598
 0.655533 0.236476 0.0836646 0.0155963 0.0087301
 0.693385 0.202272 0.0716314 0.025343 0.00736875
 0.557511 0.308916 0.088117 0.0312053 0.0142504
pobs_pel_tallas
 0 0 0 0 0 0 0 0 0 0 0 0 0 0 0 0 0 0 0 0 0 0 0 0 0 0 0 0 0 0 0 0 0 0 0 0
 0 0 0 0 0 0 0 0 0 0 0 0 0 0 0 0 0 0 0 0 0 0 0 0 0 0 0 0 0 0 0 0 0 0 0 0
 0 0 0 0 0 0 0 0 0 0 0 0 0 0 0 0 0 0 0 0 0 0 0 0 0 0 0 0 0 0 0 0 0 0 0 0
 0 0 0 0 0 0 0 0 0 0 0 0 0 0 0 0 0 0 0 0 0 0 0 0 0 0 0 0 0 0 0 0 0 0 0 0
 0 0 0 0 0 0 0 0 0 0 0 0 0 0 0 0 0 0 0 0 0 0 0 0 0 0 0 0 0 0 0 0 0 0 0 0
 0 0 0 0 0 0 0 0 0 0 0 0 0 0 0 0 0 0 0 0 0 0 0 0 0 0 0 0 0 0 0 0 0 0 0 0
 0 0 0 0 0 0 0 0 0 0 0 0 0 0 0 0 0 0 0 0 0 0 0 0 0 0 0 0 0 0 0 0 0 0 0 0
 0 0 0 0 0 0 0 0 0 0 0 0 0 0 0 0 0 0 0 0 0 0 0 0 0 0 0 0 0 0 0 0 0 0 0 0
 0 0 0 0 0 0 0 0 0 0 0 0 0 0 0 0 0 0 0 0 0 0 0 0 0 0 0 0 0 0 0 0 0 0 0 0
 0 0 0 0 0 0 0 0 0 0 0 0 0 0 0 0 0 0 0 0 0 0 0 0 0 0 0 0 0 0 0 0 0 0 0 0
 0 0 0 0 0 0 0 0 1.78061e-05 0.00172719 0.00360574 0.0105946 0.0120993 0.0124554 0.0147524 0.0171206 0.0266825 0.0428682 0.0675386 0.121331 0.153587 0.119568 0.100827 0.0573624 0.0630603 0.0341343 0.0324427 0.0444173 0.0211091 0.0280891 0.0125444 0.00206551 0 0 0 0
 0 0 0 0 0 0 0 0 0 0 0 0 0 0 0 0 0 0 0 0 0 0 0 0 0 0 0 0 0 0 0 0 0 0 0 0
 0 0 0 0 0 0 0.0133647 0.0140871 0.0187388 0.0205184 0.03894 0.0496705 0.03968 0.0493445 0.0407372 0.0367815 0.0215668 0.0243155 0.0234873 0.0199281 0.019796 0.0243948 0.0301388 0.0376714 0.0412746 0.0863199 0.0771752 0.113111 0.0741005 0.0525337 0.0229764 0.00759418 0.00175318 0 0 0
 0 0 0 0 0 0 0 0 0 0 0.00219441 0.00772107 0.0458388 0.0604681 0.0671733 0.0775358 0.0609151 0.0617685 0.073594 0.0568108 0.0755445 0.0548602 0.0670107 0.0636378 0.0643287 0.046367 0.0373049 0.0286899 0.0247887 0.0153202 0.00654259 0.00121912 0.000365735 0 0 0
 0 0 0 0 0 0 0 0 0 0 0 0 0.000112435 0.00938835 0.0111873 0.0202946 0.0414886 0.0713402 0.111592 0.104902 0.108894 0.110636 0.117776 0.105296 0.107544 0.0401394 0.0192827 0.0124803 0.00416011 0.0028671 0.000618394 0 0 0 0 0
 0 0 0 0 0 0 0 0 0 0 0.00291406 0.0102884 0.027416 0.0768956 0.0749926 0.110853 0.0956884 0.0897413 0.0766577 0.0534642 0.0500743 0.0551293 0.0594112 0.0620874 0.0668451 0.0424026 0.0208742 0.0120726 0.0048766 0.00582813 0.00118941 0.000297354 0 0 0 0
 0 0.00264628 0.0354308 0.0461629 0.0458689 0.0383711 0.0214643 0.0164657 0.0346957 0.0420465 0.0363128 0.0245516 0.0311673 0.0291091 0.0169068 0.0133784 0.00837989 0.0085269 0.0148486 0.0160247 0.0276389 0.0546898 0.0760071 0.122758 0.109233 0.0665981 0.0333725 0.0166128 0.00676272 0.00308733 0.000882094 0 0 0 0 0
 0 0 0 0 0 0 0 0.000805153 0.000690131 0.00759144 0.0133425 0.0154129 0.00931677 0.000345066 0.00356568 0.00563607 0.00851162 0.0253048 0.0502646 0.0516448 0.0657925 0.0565908 0.0611916 0.0827007 0.0866115 0.110766 0.145733 0.0935128 0.0569358 0.0249597 0.0138026 0.00621118 0.00161031 0.00115022 0 0
 0 0 0 0 0 0 0 0 0 0 0 0 0 0 0 0 0 0 0 0 0 0 0 0 0 0 0 0 0 0 0 0 0 0 0 0
 0.00147267 0.00158595 0.00478618 0.00569244 0.00954404 0.0108468 0.00647125 0.017049 0.0510054 0.094081 0.124002 0.0959785 0.0687766 0.0820023 0.061753 0.0591476 0.0492212 0.0479892 0.0443925 0.0268479 0.0217502 0.0140895 0.0121071 0.0120363 0.00920419 0.00665534 0.0049561 0.00860946 0.00930331 0.0156896 0.0114698 0.00855282 0.00243557 0.00046729 0 2.83206e-05
 0 0 0 0 0.000772559 0.00158375 0.000888443 0.00281984 0.00712685 0.0440552 0.0773331 0.111326 0.0921469 0.0852325 0.0710754 0.0886704 0.0786465 0.0553345 0.0373146 0.0185414 0.00753245 0.00457741 0.012979 0.0271748 0.0457355 0.0583668 0.034881 0.0177882 0.00938659 0.00492506 0.0015258 0.00185414 0.000309023 5.79419e-05 3.86279e-05 0
 0 0.00173294 0.00326652 0 0.00397197 0.00683976 0.00946217 0.0152591 0.00757587 0.0136028 0.0228656 0.0392903 0.0559909 0.0764795 0.0681675 0.0726916 0.0566044 0.0477403 0.0527397 0.0444891 0.0609904 0.0582453 0.0661739 0.0445044 0.0529084 0.0360697 0.0280645 0.0235558 0.0158879 0.00826598 0.00280645 0.00217768 0.000904811 0.00058276 9.20147e-05 0
 0 0 0 0 0 0 0 0 0 0 0 0 0 0 0 0 0 0 0 0 0 0 0 0 0 0 0 0 0 0 0 0 0 0 0 0
 0 0 0 0 0 0 0 0 0 0 0 0 0 0 0 0 0 0 0 0 0 0 0 0 0 0 0 0 0 0 0 0 0 0 0 0
ppred_pel_tallas
 1.01522e-16 3.0886e-05 0.00018127 0.000861665 0.00331744 0.0103451 0.0261309 0.0534677 0.08863 0.119032 0.12954 0.114289 0.0818654 0.0478861 0.0234441 0.0106768 0.00623469 0.00616511 0.00803808 0.0107646 0.0138577 0.0169762 0.0197836 0.0219605 0.0232631 0.0235746 0.022926 0.0214773 0.0194695 0.0171633 0.0147866 0.0125038 0.01041 0.00854388 0.00690924 0.00549417
 1.01466e-16 3.29641e-05 0.000193473 0.000919684 0.00354084 0.0110418 0.0278906 0.057068 0.0945966 0.127041 0.138246 0.121944 0.0872945 0.0509512 0.0247379 0.0109149 0.00588591 0.00541478 0.00690172 0.00919546 0.0118085 0.0144294 0.016765 0.0185423 0.0195579 0.0197215 0.0190726 0.0177625 0.0160101 0.0140467 0.012069 0.010212 0.00854566 0.00708756 0.00582474 0.00473296
 1.02007e-16 2.63699e-05 0.000154748 0.000735553 0.00283184 0.00883077 0.022306 0.0456424 0.0756623 0.101628 0.110631 0.0976795 0.0701295 0.0413465 0.0208483 0.0105166 0.00754836 0.00860762 0.0116205 0.0156015 0.0200144 0.0243905 0.0282358 0.0310834 0.0325892 0.0326092 0.0312281 0.028727 0.0255039 0.0219767 0.0184986 0.0153092 0.0125273 0.0101738 0.00821039 0.00657563
 1.01664e-16 3.38119e-05 0.000198454 0.000943369 0.00363204 0.0113262 0.028609 0.0585376 0.0970316 0.130308 0.141792 0.125052 0.089474 0.0521328 0.0251428 0.0108077 0.00542411 0.00463858 0.00578778 0.00771115 0.00994785 0.0122333 0.0143286 0.0160092 0.0171014 0.0175168 0.0172673 0.0164521 0.0152254 0.0137551 0.0121886 0.0106322 0.00914879 0.00776761 0.00649847 0.00534432
 1.01319e-16 3.26374e-05 0.000191553 0.000910553 0.00350567 0.0109321 0.0276137 0.0565014 0.093658 0.125782 0.136881 0.120752 0.0864656 0.0505172 0.0246198 0.0110195 0.00616304 0.00586011 0.00753375 0.0100315 0.0128474 0.0156411 0.0180872 0.0198845 0.0208137 0.0207854 0.0198589 0.0182201 0.0161297 0.0138597 0.0116379 0.00961697 0.00786953 0.00640387 0.00518975 0.0041827
 1.02347e-16 2.3853e-05 0.000139968 0.000665281 0.00256126 0.00798697 0.0201747 0.0412818 0.0684358 0.0919272 0.100087 0.0884085 0.063557 0.0376399 0.0192913 0.0102441 0.00799446 0.00954889 0.0130376 0.0175477 0.0225401 0.0275068 0.0318985 0.035192 0.0369974 0.0371454 0.0357203 0.033024 0.0294905 0.0255785 0.0216787 0.0180603 0.0148621 0.0121175 0.00979545 0.00783916
 1.02725e-16 3.04585e-05 0.000178764 0.000849756 0.0032716 0.0102022 0.0257698 0.0527286 0.087404 0.117383 0.127739 0.112683 0.0806811 0.0471241 0.0229431 0.0102354 0.00568951 0.00540512 0.00699496 0.00940955 0.0122096 0.0151125 0.017844 0.0201377 0.021779 0.0226466 0.0227297 0.022116 0.020957 0.0194238 0.0176704 0.0158138 0.0139315 0.0120725 0.0102719 0.00856105
 1.02425e-16 2.95118e-05 0.000173201 0.000823296 0.0031697 0.00988439 0.0249673 0.0510869 0.0846844 0.113736 0.123785 0.109229 0.0782812 0.0458704 0.0226077 0.0105492 0.00650828 0.0067172 0.00885374 0.0118631 0.0152504 0.0186472 0.0216838 0.0240123 0.0253737 0.0256542 0.0249059 0.0233231 0.0211841 0.0187804 0.0163561 0.0140746 0.012015 0.010191 0.00858013 0.00714974
 1.01931e-16 3.16572e-05 0.0001858 0.000883201 0.00340036 0.0106037 0.0267841 0.0548041 0.0908446 0.122004 0.13277 0.117126 0.0838713 0.0490061 0.0238927 0.010712 0.00602075 0.0057596 0.00743566 0.00993926 0.0127886 0.0156614 0.0182471 0.0202537 0.0214606 0.0217658 0.0212039 0.0199272 0.0181601 0.0161407 0.0140728 0.0120972 0.0102885 0.00866914 0.00723142 0.00595734
 1.01883e-16 2.98302e-05 0.000175069 0.000832179 0.0032039 0.00999103 0.0252366 0.0516381 0.0855982 0.114963 0.125121 0.110409 0.0791296 0.0463724 0.022864 0.0106831 0.00660913 0.00683294 0.00900544 0.012057 0.0154819 0.018901 0.0219333 0.0242205 0.0254969 0.0256469 0.0247278 0.0229451 0.0205931 0.0179816 0.015373 0.0129459 0.0107902 0.00892498 0.00732731 0.00595891
 1.03531e-16 2.01614e-05 0.000118292 0.000562223 0.00216445 0.00674952 0.017049 0.0348868 0.057837 0.0776985 0.0846175 0.0747958 0.0538842 0.0321397 0.016894 0.00965443 0.00834947 0.0104848 0.0144932 0.0195807 0.0252263 0.0308952 0.035992 0.0399416 0.0423076 0.042887 0.0417464 0.039186 0.0356486 0.0316069 0.027466 0.0235089 0.0198881 0.0166531 0.0137927 0.0112737
 1.06257e-16 1.9551e-05 0.000114718 0.000545253 0.00209915 0.0065459 0.0165346 0.0338334 0.0560882 0.0753416 0.0820308 0.0724622 0.0521007 0.0308722 0.0158586 0.00849099 0.00673523 0.00816571 0.011289 0.0154071 0.0201345 0.0251097 0.0299222 0.0341533 0.037451 0.039594 0.0405205 0.0403125 0.0391472 0.0372369 0.0347783 0.0319282 0.0288049 0.025504 0.0221186 0.0187494
 1.05171e-16 2.80689e-05 0.000164735 0.000783063 0.00301481 0.00940139 0.0237472 0.0485901 0.0805443 0.108171 0.117719 0.103852 0.0743756 0.0434773 0.0212361 0.00959269 0.00550541 0.00539059 0.00705837 0.00954961 0.0124642 0.0155425 0.0185286 0.0211705 0.0232615 0.0246769 0.0253899 0.0254583 0.024991 0.0241087 0.0229122 0.0214699 0.0198224 0.0179982 0.0160315 0.0139724
 1.03457e-16 2.81712e-05 0.000165329 0.000785874 0.00302561 0.00943505 0.0238323 0.0487647 0.0808357 0.108568 0.118165 0.104282 0.0747605 0.0438573 0.0217087 0.0102868 0.00655995 0.00693977 0.0092134 0.0123707 0.0159273 0.0195118 0.0227466 0.0252752 0.0268313 0.0272963 0.0267204 0.0252972 0.0233036 0.0210271 0.0187051 0.0164911 0.0144541 0.0125995 0.0109008 0.00932712
 1.01897e-16 3.26606e-05 0.000191692 0.000911217 0.00350824 0.0109401 0.0276338 0.0565425 0.0937255 0.125871 0.136973 0.12082 0.0864872 0.0504754 0.0244984 0.0107955 0.00580343 0.00532581 0.0067889 0.00905574 0.0116486 0.0142652 0.0166213 0.0184513 0.0195556 0.0198421 0.0193434 0.0181991 0.0166132 0.0148022 0.0129496 0.0111813 0.00956224 0.00811003 0.00681525 0.00566009
 1.01205e-16 3.32666e-05 0.000195248 0.000928122 0.00357332 0.0111431 0.0281465 0.0575916 0.0954647 0.128207 0.139517 0.123068 0.0881052 0.0514372 0.0249972 0.0110681 0.00602118 0.00558067 0.00711937 0.00946848 0.0121257 0.0147639 0.0170749 0.0187741 0.0196537 0.0196286 0.0187538 0.0172037 0.015224 0.0130713 0.0109615 0.00904002 0.00737699 0.00598199 0.00482786 0.00387347
 1.01701e-16 2.76393e-05 0.000162202 0.000770995 0.00296831 0.00925633 0.0233809 0.0478416 0.0793069 0.10652 0.115948 0.102354 0.0734415 0.0432106 0.0216243 0.0106389 0.00730033 0.00810027 0.0108629 0.0145682 0.0186839 0.0227646 0.0263462 0.0289916 0.0303783 0.030371 0.0290488 0.0266746 0.0236221 0.0202839 0.0169933 0.0139779 0.0113522 0.00913854 0.00730268 0.00578732
 1.02609e-16 2.75489e-05 0.000161675 0.000768501 0.00295872 0.00922645 0.0233054 0.0476867 0.079049 0.10617 0.115557 0.101987 0.0731291 0.0429289 0.0213033 0.0101872 0.00662338 0.00711049 0.00949062 0.0127785 0.0164978 0.0202753 0.0237251 0.0264751 0.0282373 0.0288672 0.0283879 0.0269694 0.0248735 0.0223846 0.0197514 0.0171531 0.0146948 0.0124235 0.0103524 0.00848236
 1.03026e-16 2.76543e-05 0.000162295 0.000771447 0.00297006 0.00926182 0.0233947 0.0478695 0.0793518 0.106576 0.115998 0.102373 0.0733992 0.0430737 0.0213496 0.0101663 0.00655249 0.00699096 0.00931446 0.0125352 0.0161791 0.0198792 0.0232578 0.0259531 0.0276871 0.0283236 0.027891 0.0265603 0.0245895 0.0222548 0.0197929 0.0173686 0.015072 0.0129364 0.0109647 0.00915199
 1.01961e-16 3.3543e-05 0.000196874 0.000935861 0.00360313 0.011236 0.0283813 0.0580717 0.0962595 0.129271 0.140666 0.124062 0.0887732 0.0517393 0.0249809 0.0107854 0.00548137 0.00475118 0.00595209 0.00792943 0.0102199 0.0125528 0.0146822 0.0163787 0.0174668 0.0178613 0.0175814 0.0167364 0.0154904 0.0140189 0.0124715 0.010952 0.00951625 0.00818366 0.00695428 0.0058233
 1.01723e-16 2.98184e-05 0.000174999 0.000831843 0.0032026 0.00998698 0.0252264 0.0516173 0.085564 0.114918 0.125075 0.110375 0.0791182 0.0463927 0.0229239 0.0107938 0.00678647 0.00709572 0.00937046 0.0125329 0.0160629 0.0195622 0.0226293 0.0248892 0.0260676 0.0260522 0.024916 0.0228898 0.0202977 0.0174779 0.014714 0.0121959 0.0100141 0.00817909 0.00665371 0.00538328
 1.02209e-16 2.86067e-05 0.000167886 0.000798026 0.0030724 0.00958095 0.0242008 0.0495188 0.0820856 0.110247 0.119992 0.105893 0.0759131 0.0445289 0.0220331 0.0104275 0.00663331 0.0070067 0.00930114 0.0124918 0.0160876 0.0197111 0.0229765 0.0255163 0.0270509 0.0274482 0.0267472 0.0251351 0.0228906 0.0203126 0.0176591 0.0151116 0.0127708 0.0106723 0.00881329 0.00717647
 1.02298e-16 3.02558e-05 0.000177571 0.000844077 0.00324972 0.0101339 0.0255975 0.0523763 0.086821 0.116602 0.126898 0.111959 0.0802013 0.046922 0.0229896 0.0104998 0.00617385 0.00614216 0.00802649 0.0107616 0.0138712 0.0170211 0.0198812 0.0221378 0.0235516 0.0240074 0.0235339 0.0222845 0.0204889 0.0183931 0.0162082 0.0140819 0.012095 0.0102765 0.00862637 0.00713553
 1.0309e-16 2.43354e-05 0.000142803 0.000678765 0.00261319 0.00814891 0.0205837 0.0421184 0.0698216 0.0937854 0.102102 0.0901673 0.0647765 0.038272 0.0194498 0.0100624 0.00754078 0.00882199 0.0120013 0.0161674 0.0208095 0.0254655 0.0296392 0.0328561 0.0347592 0.0351867 0.0342017 0.0320601 0.0291349 0.0258202 0.0224505 0.0192546 0.0163504 0.0137683 0.0114888 0.00947585
pSPR Fmed_Fpbrs
0.627966   0.341427 0.341427
Fs Fmed_Fpbrs
0.311766   1.005 1.005
SSBpbr Bo_Bmed_Bpbrs
1.0554e+06  609984  307571 307571
Ro
44355.9
SPR SPRFo_SPRFmed_SPRFpbrs
912560 573056 311572
log_Ro
10.52
likeval ReclasPelacesDesembMPH_pf_preclas_ppelaces_ptallas_desvR_qrecl_qpela
 69.7445 36.7493 0.00471338 0.00102049 285.776 167.318 80.3401 0 15.2913 4.89513e-05 0 0 0 0 0
q_reclas_q_pelaces
0.371043 1
M
0.7
N
 35303 14309.6 5562.35 679.733 0.291348
 48080.9 16072 4304.77 1673.33 204.573
 23151.6 21811.7 4736.93 1268.75 553.477
 46390.7 9814.36 4348.31 944.338 363.273
 82781.3 22244.4 3982.51 1764.47 530.607
 53696 40875 10689.9 1913.86 1102.94
 92142.1 25334.2 15108.7 3951.34 1115.1
 101877 44247.9 10368.5 6183.5 2073.54
 140230 47443.5 15170.3 3554.82 2830.91
 159634 65160.4 16060.2 5135.32 2161.64
 67859.4 75734.4 24866.6 6128.92 2784.68
 39132.1 31039.6 23411.3 7686.87 2755.41
 43591.4 18030.6 10007.7 7548.2 3366.76
 22545 19188.7 4467.09 2479.42 2704.19
 16823.3 9041.42 2777.73 646.651 750.374
 19616.5 6740.17 1301.43 399.83 201.089
 15467.8 8924.76 2020.01 390.035 180.094
 16040.7 7208.52 3072.74 695.476 196.292
 17612.7 7619.01 2769.51 1180.54 342.616
 37011 8406.07 3009.66 1094.01 601.677
 45698.8 17633.4 3287.11 1176.9 663.081
 56444.7 22284.2 7884.1 1469.71 822.677
 84176.7 27397.9 9702.53 3432.73 998.103
 65313.2 40660.1 11598.1 4107.29 1875.67
pred_Ctot
 2123.46 4174.51 1622.7 198.297 0.0849946
 3005.63 4840.38 1296.46 503.954 61.6107
 2458.78 9883.13 2146.36 574.885 250.787
 1150.04 1305.7 578.498 125.635 48.3298
 337.545 517.003 92.561 41.0097 12.3323
 1932.5 7643.81 1999.07 357.901 206.255
 2188.91 3239.49 1931.95 505.26 142.589
 4574.42 10063.2 2358.08 1406.3 471.579
 6506.59 11102.3 3550.02 831.866 662.464
 5136.39 11014.3 2714.71 868.042 365.39
 3868.22 21125.7 6936.41 1709.63 776.772
 2039 8025.29 6052.99 1987.44 712.409
 3584.86 6759.05 3751.55 2829.56 1262.09
 3158.2 10467.1 2436.71 1352.47 1475.09
 2366.53 4944.83 1519.17 353.659 410.386
 1188.49 1978.12 381.948 117.343 59.0163
 686.857 2010.17 454.977 87.8496 40.5634
 503.192 1190.71 507.558 114.879 32.4236
 493.744 1135.54 412.769 175.949 51.0637
 1082.62 1302.69 466.406 169.538 93.2418
 593.127 1271.06 236.944 84.8338 47.7967
 916.064 1989.67 703.941 131.225 73.4537
 1654.85 2933.86 1038.98 367.588 106.88
 1364.37 4610.06 1315 465.686 212.664
F
 0.0868872 0.501203 0.501203 0.501203 0.501203
 0.0904393 0.521693 0.521693 0.521693 0.521693
 0.158216 0.912659 0.912659 0.912659 0.912659
 0.035007 0.201935 0.201935 0.201935 0.201935
 0.00568411 0.0327884 0.0327884 0.0327884 0.0327884
 0.0511837 0.29525 0.29525 0.29525 0.29525
 0.0335243 0.193383 0.193383 0.193383 0.193383
 0.0642233 0.370468 0.370468 0.370468 0.370468
 0.0664299 0.383197 0.383197 0.383197 0.383197
 0.0456493 0.263325 0.263325 0.263325 0.263325
 0.0821737 0.474014 0.474014 0.474014 0.474014
 0.0748747 0.43191 0.43191 0.43191 0.43191
 0.120541 0.695331 0.695331 0.695331 0.695331
 0.213695 1.23269 1.23269 1.23269 1.23269
 0.214677 1.23835 1.23835 1.23835 1.23835
 0.0875427 0.504984 0.504984 0.504984 0.504984
 0.0634939 0.36626 0.36626 0.36626 0.36626
 0.0444825 0.256595 0.256595 0.256595 0.256595
 0.0396676 0.22882 0.22882 0.22882 0.22882
 0.0414229 0.238945 0.238945 0.238945 0.238945
 0.0181929 0.104945 0.104945 0.104945 0.104945
 0.0227952 0.131492 0.131492 0.131492 0.131492
 0.0276718 0.159623 0.159623 0.159623 0.159623
 0.0294265 0.169745 0.169745 0.169745 0.169745
nmprior
 10 10 8 0
nm_flota  nm_reclas  nm_pelaces    nm_pelaL
inf 18.0744 18.4989 33.157
cv_recla  cv_pelaces  cv_mph
0.773182 0.713328 1.03644
 ------------------------------------------------
Talla a la edad & desviación 
 7.2 14.2025 17.0495 18.207 18.6776
 1.08 2.13037 2.55742 2.73105 2.80164
