years
 1997 1998 1999 2000 2001 2002 2003 2004 2005 2006 2007 2008 2009 2010 2011 2012 2013 2014 2015 2016 2017 2018 2019 2020
reclasobs
 0 0 0 370054 412103 1.49427e+06 250295 1.28982e+06 931140 785840 897777 1.04006e+06 184774 17550 25797 100020 73551 82996 120727 218422 84188 347160 605670 569463
reclaspred
 535164 110473 187098 135938 271006 296558 646623 495500 681078 872487 731688 491336 308766 135531 86278.5 82923.9 97834.8 120905 114456 184372 292412 263779 419131 377718
pelacesobs
 0 0 0 0 0 0 0 0 0 2.06254e+06 1.5e+06 0 1.87456e+06 323000 250000 174000 83755 137374 0 501740 490994 745055 786931 1.00524e+06
pelacespred
 688781 167136 135812 171123 307489 269181 740246 617425 818130 1.04135e+06 795208 556435 351725 125010 78213.1 81180.1 100397 126764 122652 191700 343214 302008 380321 410485
mphobs
 0 0 0 0 0 112323 0 153150 637223 0 255016 313432 73983 77613 109348 50772 0 0 0 0 0 0 0 0
mphpred
 702132 312360 251363 168702 241570 482203 630954 760242 762558 1.00392e+06 1.31469e+06 957211 579131 309893 135191 107429 124982 160455 179716 190951 337121 425667 513260 631112
desembarqueobs
 350755 77701 442110 56441 14545 235359 269955 359681 431902 328805 639364 411747 362871 311530 167758 66681 60226 58785 57116 71774 51957 67425 138520 160799
desembarquepred
 350736 77675.5 441734 56431.9 14544.7 235345 269949 359470 431719 328680 639021 411640 362691 311421 167576 66661.5 60227.8 58768 57094.9 71746.7 51950.8 67404 138486 160770
Reclutas
 23620.7 39346.9 10538.2 32436.4 62916 33049.2 65422.3 82942.7 124176 181139 65259.1 35654 46137.9 21993.8 15463 17099.4 12605.5 12417.1 12589.9 31826.3 38052.5 44291.7 60385.3 32991.2
log_desv_Rt
 -0.390121 0.120172 -1.19723 -0.0729647 0.589556 -0.0542466 0.628619 0.865905 1.26945 1.64702 0.62612 0.021617 0.27939 -0.461482 -0.813794 -0.7132 -1.01811 -1.03317 -1.01935 -0.0919526 0.0867223 0.238553 0.548501 -0.0560024
SSB
 702132 312360 251363 168702 241570 482203 630954 760242 762558 1.00392e+06 1.31469e+06 957211 579131 309893 135191 107429 124982 160455 179716 190951 337121 425667 513260 631112
BT
 1.47731e+06 443349 477070 366623 562380 665675 1.5135e+06 1.50391e+06 1.85756e+06 2.1734e+06 1.98433e+06 1.36863e+06 986451 522331 280997 200272 228725 274270 269248 401839 656154 604326 776980 871547
Ftot
 0.401201 0.565455 1.28293 0.411906 0.0552702 0.45669 0.336767 0.636383 0.610145 0.351092 0.515006 0.466395 0.77957 1.36776 1.46679 0.622126 0.462227 0.340785 0.320145 0.350895 0.137249 0.168471 0.212109 0.247976
BD_Bspro_t
 0.943875 0.690398 0.540879 0.286728 0.496261 0.712204 0.629702 0.638872 0.605423 0.623043 0.654812 0.50434 0.386757 0.285089 0.167106 0.167236 0.250059 0.3791 0.463597 0.537835 0.693622 0.786213 0.787119 0.766659
BD_Bspro
 0.978111 0.435136 0.350163 0.235012 0.336521 0.671738 0.878956 1.05906 1.06229 1.39852 1.83143 1.33345 0.806763 0.431699 0.188329 0.149654 0.174107 0.223523 0.250355 0.266006 0.469629 0.592979 0.715001 0.879175
BD_Bo
 0.763337 0.339589 0.273275 0.183408 0.262627 0.524238 0.685955 0.826513 0.829031 1.09144 1.42929 1.04065 0.629614 0.336906 0.146976 0.116793 0.135877 0.174442 0.195382 0.207597 0.366508 0.462773 0.558001 0.686126
BD_Brms
 2.57171 1.14409 0.92067 0.617907 0.8848 1.76617 2.311 2.78455 2.79303 3.67708 4.81532 3.50599 2.12119 1.13505 0.495166 0.39348 0.457773 0.587701 0.658248 0.6994 1.23478 1.5591 1.87992 2.31158
S_f
 0.155994 1 1 1 1
 0.155994 1 1 1 1
 0.155994 1 1 1 1
 0.155994 1 1 1 1
 0.155994 1 1 1 1
 0.155994 1 1 1 1
 0.155994 1 1 1 1
 0.155994 1 1 1 1
 0.155994 1 1 1 1
 0.155994 1 1 1 1
 0.155994 1 1 1 1
 0.155994 1 1 1 1
 0.155994 1 1 1 1
 0.155994 1 1 1 1
 0.155994 1 1 1 1
 0.155994 1 1 1 1
 0.155994 1 1 1 1
 0.155994 1 1 1 1
 0.155994 1 1 1 1
 0.155994 1 1 1 1
 0.155994 1 1 1 1
 0.155994 1 1 1 1
 0.155994 1 1 1 1
 0.155994 1 1 1 1
Scru_reclas
 1 1 1 1 1
 1 1 1 1 1
 1 1 1 1 1
 1 1 1 1 1
 1 1 1 1 1
 1 1 1 1 1
 1 1 1 1 1
 1 1 1 1 1
 1 1 1 1 1
 1 1 1 1 1
 1 1 1 1 1
 1 1 1 1 1
 1 1 1 1 1
 1 1 1 1 1
 1 1 1 1 1
 1 1 1 1 1
 1 1 1 1 1
 1 1 1 1 1
 1 1 1 1 1
 1 1 1 1 1
 1 1 1 1 1
 1 1 1 1 1
 1 1 1 1 1
 1 1 1 1 1
Scru_pelaces
 1 1 1 1 1
 1 1 1 1 1
 1 1 1 1 1
 1 1 1 1 1
 1 1 1 1 1
 1 1 1 1 1
 1 1 1 1 1
 1 1 1 1 1
 1 1 1 1 1
 1 1 1 1 1
 1 1 1 1 1
 1 1 1 1 1
 1 1 1 1 1
 1 1 1 1 1
 1 1 1 1 1
 1 1 1 1 1
 1 1 1 1 1
 1 1 1 1 1
 1 1 1 1 1
 1 1 1 1 1
 1 1 1 1 1
 1 1 1 1 1
 1 1 1 1 1
 1 1 1 1 1
pf_obs 
 0.256992 0.487395 0.22802 0.0275931 0
 0.321318 0.546541 0.124235 0.00734118 0.000564706
 0.182869 0.594174 0.210203 0.0122559 0.00049798
 0.330522 0.361315 0.267642 0.0388342 0.00168674
 0.649043 0.306663 0.0425973 0.00169635 0
 0.582887 0.30429 0.105238 0.00758474 0
 0.465427 0.430635 0.0974691 0.00646863 0
 0.296916 0.608066 0.0921331 0.00288517 0
 0.311714 0.524322 0.152257 0.0117073 0
 0.15457 0.633149 0.183074 0.0267441 0.00246327
 0.131901 0.49318 0.331252 0.0422183 0.00144891
 0.196976 0.569456 0.194076 0.0375587 0.00193317
 0.518974 0.381816 0.0799577 0.0180837 0.00116848
 0.0928022 0.601141 0.25162 0.0475244 0.00691264
 0.122501 0.610282 0.24278 0.0234846 0.000952079
 0.383417 0.481906 0.127806 0.00687128 0
 0.0376549 0.599619 0.316969 0.0457579 0
 0.0361596 0.667082 0.258105 0.0386534 0
 0.158088 0.579412 0.248529 0.0139706 0
 0.0477256 0.309471 0.559284 0.082774 0.000745712
 0.0406174 0.521527 0.379366 0.0568643 0.0016247
 0.151134 0.462217 0.34131 0.0453401 0
 0.294876 0.26143 0.354403 0.0886775 0.000613685
 0.281977 0.475581 0.204845 0.0348837 0.00271318
pf_pred 
 0.139814 0.583373 0.245049 0.0317563 7.5371e-06
 0.275182 0.405033 0.216876 0.0911002 0.0118086
 0.0960663 0.689534 0.119808 0.0641515 0.0304402
 0.438274 0.320323 0.184146 0.0319957 0.0252615
 0.363045 0.547403 0.0510668 0.029357 0.00912812
 0.133863 0.683814 0.156689 0.0146174 0.011016
 0.294315 0.390438 0.248887 0.05703 0.00932978
 0.284478 0.542981 0.0954626 0.0608533 0.0162251
 0.33322 0.518402 0.112598 0.019796 0.0159837
 0.317192 0.554755 0.0995579 0.0216241 0.00687141
 0.100501 0.700947 0.161315 0.0289502 0.00828613
 0.095265 0.434086 0.36676 0.0844059 0.0194833
 0.207663 0.363573 0.205718 0.173811 0.0492342
 0.157612 0.600534 0.110978 0.0627937 0.0680828
 0.236349 0.542402 0.157728 0.0291479 0.0343742
 0.305578 0.563219 0.0931899 0.0270992 0.0109137
 0.192599 0.64053 0.135343 0.0223938 0.00913461
 0.198119 0.526976 0.218088 0.0460818 0.0107348
 0.197141 0.522922 0.183968 0.0761348 0.0198347
 0.380128 0.40142 0.142283 0.0500562 0.0261125
 0.255695 0.612799 0.0851611 0.0301853 0.0161592
 0.217999 0.548637 0.192133 0.0267008 0.0145305
 0.238554 0.502164 0.181907 0.0637038 0.0136707
 0.118088 0.6083 0.180444 0.0653651 0.0278032
pobs_RECLAS
 0 0 0 0 0
 0 0 0 0 0
 0 0 0 0 0
 0 0 0 0 0
 0.835266 0.146461 0.0176864 0.000547809 3.91292e-05
 0.385257 0.428462 0.181853 0.0044286 0
 0.867414 0.0963971 0.0333333 0.00285562 0
 0.441836 0.489002 0.0689373 0.000224442 0
 0.779404 0.147425 0.0564933 0.0165055 0.000172143
 0.814271 0.122319 0.05973 0.00367925 0
 0.40263 0.566651 0.0304383 0.000280538 0
 0.475488 0.404961 0.113038 0.00651328 0
 0.955842 0.0263864 0.0167828 0.000988607 0
 0.975058 0.0227948 0.00214734 0 0
 0.738997 0.206755 0.0527124 0.00153531 0
 0.850938 0.134255 0.0134407 0.00136685 0
 0.542534 0.407297 0.0501686 0 0
 0.764087 0.199537 0.0359546 0.000420521 0
 0.470689 0.182191 0.310203 0.0369168 0
 0.84361 0.089868 0.0606195 0.00523954 0.000663233
 0.607945 0.314616 0.071237 0.00620181 0
 0.523733 0.453247 0.0230204 0 0
 0.530135 0.295979 0.169645 0.0042399 0
 0.562478 0.366248 0.0663022 0.0049721 0
ppred_RECLAS
 0.516747 0.327739 0.137669 0.0178407 4.23435e-06
 0.716984 0.158151 0.0846825 0.0355714 0.00461085
 0.435723 0.430439 0.0747897 0.0400464 0.0190022
 0.837064 0.0929141 0.053414 0.00928081 0.00732746
 0.785597 0.184259 0.0171894 0.00988178 0.00307258
 0.505297 0.390568 0.0894946 0.00834888 0.00629192
 0.731908 0.148329 0.0945532 0.0216659 0.00354442
 0.727592 0.20672 0.0363438 0.0231676 0.00617709
 0.77005 0.178779 0.0388311 0.00682698 0.00551223
 0.752729 0.200898 0.0360537 0.00783092 0.0024884
 0.425997 0.4473 0.102941 0.0184742 0.00528769
 0.410537 0.28282 0.238955 0.054993 0.012694
 0.641183 0.164647 0.0931612 0.0787121 0.0222962
 0.579206 0.299982 0.0554362 0.031367 0.0340091
 0.69803 0.214481 0.0623701 0.0115259 0.0135925
 0.746973 0.205221 0.0339557 0.00987416 0.00397664
 0.611986 0.30782 0.065042 0.0107618 0.00438983
 0.617997 0.251043 0.103894 0.0219526 0.0051139
 0.616174 0.249995 0.0879502 0.036398 0.00948246
 0.800737 0.12904 0.045738 0.016091 0.00839409
 0.689315 0.255792 0.0355476 0.0125998 0.00674511
 0.643346 0.250222 0.0876275 0.0121777 0.00662705
 0.670279 0.217447 0.0787694 0.027585 0.00591969
 0.465507 0.368668 0.10936 0.0396153 0.0168504
pobs_PELACES
 0 0 0 0 0
 0 0 0 0 0
 0 0 0 0 0
 0 0 0 0 0
 0 0 0 0 0
 0 0 0 0 0
 0 0 0 0 0
 0 0 0 0 0
 0 0 0 0 0
 0 0 0 0 0
 0.450072 0.473896 0.0757376 0.000293798 0
 0 0 0 0 0
 0.463077 0.371075 0.160297 0.00555027 0
 0.529543 0.364841 0.0842815 0.0213345 0
 0.631943 0.363953 0.00410389 0 0
 0.735681 0.248677 0.0153453 0.000297389 0
 0.695825 0.281241 0.0229344 0 0
 0.275771 0.60734 0.115278 0.00161068 0
 0 0 0 0 0
 0.896147 0.0623911 0.0374545 0.00400742 0
 0.803859 0.145111 0.0509908 3.86294e-05 0
 0.739449 0.233085 0.0266225 0.000797448 4.60066e-05
 0.878498 0.100942 0.0204185 0.000141795 0
 0.694673 0.275183 0.0284847 0.00165964 0
ppred_PELACES
 0.54457 0.30887 0.129743 0.0168136 3.99056e-06
 0.747824 0.140918 0.0754547 0.0316952 0.00410841
 0.524676 0.362584 0.0629998 0.0337334 0.0160067
 0.852112 0.0843326 0.0484808 0.00842364 0.0066507
 0.788178 0.182041 0.0169825 0.0097628 0.00303559
 0.537029 0.365516 0.0837541 0.00781336 0.00588834
 0.749908 0.13837 0.0882048 0.0202112 0.00330644
 0.761275 0.181159 0.0318499 0.0203029 0.00541328
 0.798755 0.156462 0.0339837 0.00597475 0.00482413
 0.770477 0.186478 0.033466 0.00726885 0.00230979
 0.461386 0.419722 0.0965947 0.0173352 0.00496168
 0.442297 0.267582 0.226081 0.05203 0.01201
 0.689467 0.142492 0.080625 0.0681202 0.0192959
 0.668291 0.236473 0.0436999 0.0247264 0.0268091
 0.776688 0.158613 0.0461238 0.00852361 0.0100519
 0.778304 0.179809 0.0297512 0.0086515 0.00348424
 0.642082 0.283945 0.0599972 0.0099271 0.00404934
 0.640139 0.236491 0.0978715 0.0206801 0.00481747
 0.637033 0.236409 0.0831707 0.03442 0.00896715
 0.815874 0.119237 0.0422635 0.0148686 0.00775643
 0.697442 0.249101 0.0346178 0.0122702 0.00656867
 0.654039 0.24272 0.0850004 0.0118126 0.00642837
 0.683201 0.208925 0.0756822 0.0265039 0.00568769
 0.482725 0.356791 0.105837 0.0383391 0.0163076
pobs_pel_tallas
 0 0 0 0 0 0 0 0 0 0 0 0 0 0 0 0 0 0 0 0 0 0 0 0 0 0 0 0 0 0 0 0 0 0 0 0
 0 0 0 0 0 0 0 0 0 0 0 0 0 0 0 0 0 0 0 0 0 0 0 0 0 0 0 0 0 0 0 0 0 0 0 0
 0 0 0 0 0 0 0 0 0 0 0 0 0 0 0 0 0 0 0 0 0 0 0 0 0 0 0 0 0 0 0 0 0 0 0 0
 0 0 0 0 0 0 0 0 0 0 0 0 0 0 0 0 0 0 0 0 0 0 0 0 0 0 0 0 0 0 0 0 0 0 0 0
 0 0 0 0 0 0 0 0 0 0 0 0 0 0 0 0 0 0 0 0 0 0 0 0 0 0 0 0 0 0 0 0 0 0 0 0
 0 0 0 0 0 0 0 0 0 0 0 0 0 0 0 0 0 0 0 0 0 0 0 0 0 0 0 0 0 0 0 0 0 0 0 0
 0 0 0 0 0 0 0 0 0 0 0 0 0 0 0 0 0 0 0 0 0 0 0 0 0 0 0 0 0 0 0 0 0 0 0 0
 0 0 0 0 0 0 0 0 0 0 0 0 0 0 0 0 0 0 0 0 0 0 0 0 0 0 0 0 0 0 0 0 0 0 0 0
 0 0 0 0 0 0 0 0 0 0 0 0 0 0 0 0 0 0 0 0 0 0 0 0 0 0 0 0 0 0 0 0 0 0 0 0
 0 0 0 0 0 0 0 0 0 0 0 0 0 0 0 0 0 0 0 0 0 0 0 0 0 0 0 0 0 0 0 0 0 0 0 0
 0 0 0 0 0 0 0 0 1.78061e-05 0.00172719 0.00360574 0.0105946 0.0120993 0.0124554 0.0147524 0.0171206 0.0266825 0.0428682 0.0675386 0.121331 0.153587 0.119568 0.100827 0.0573624 0.0630603 0.0341343 0.0324427 0.0444173 0.0211091 0.0280891 0.0125444 0.00206551 0 0 0 0
 0 0 0 0 0 0 0 0 0 0 0 0 0 0 0 0 0 0 0 0 0 0 0 0 0 0 0 0 0 0 0 0 0 0 0 0
 0 0 0 0 0 0 0.0133647 0.0140871 0.0187388 0.0205184 0.03894 0.0496705 0.03968 0.0493445 0.0407372 0.0367815 0.0215668 0.0243155 0.0234873 0.0199281 0.019796 0.0243948 0.0301388 0.0376714 0.0412746 0.0863199 0.0771752 0.113111 0.0741005 0.0525337 0.0229764 0.00759418 0.00175318 0 0 0
 0 0 0 0 0 0 0 0 0 0 0.00219441 0.00772107 0.0458388 0.0604681 0.0671733 0.0775358 0.0609151 0.0617685 0.073594 0.0568108 0.0755445 0.0548602 0.0670107 0.0636378 0.0643287 0.046367 0.0373049 0.0286899 0.0247887 0.0153202 0.00654259 0.00121912 0.000365735 0 0 0
 0 0 0 0 0 0 0 0 0 0 0 0 0.000112435 0.00938835 0.0111873 0.0202946 0.0414886 0.0713402 0.111592 0.104902 0.108894 0.110636 0.117776 0.105296 0.107544 0.0401394 0.0192827 0.0124803 0.00416011 0.0028671 0.000618394 0 0 0 0 0
 0 0 0 0 0 0 0 0 0 0 0.00291406 0.0102884 0.027416 0.0768956 0.0749926 0.110853 0.0956884 0.0897413 0.0766577 0.0534642 0.0500743 0.0551293 0.0594112 0.0620874 0.0668451 0.0424026 0.0208742 0.0120726 0.0048766 0.00582813 0.00118941 0.000297354 0 0 0 0
 0 0.00264628 0.0354308 0.0461629 0.0458689 0.0383711 0.0214643 0.0164657 0.0346957 0.0420465 0.0363128 0.0245516 0.0311673 0.0291091 0.0169068 0.0133784 0.00837989 0.0085269 0.0148486 0.0160247 0.0276389 0.0546898 0.0760071 0.122758 0.109233 0.0665981 0.0333725 0.0166128 0.00676272 0.00308733 0.000882094 0 0 0 0 0
 0 0 0 0 0 0 0 0.000805153 0.000690131 0.00759144 0.0133425 0.0154129 0.00931677 0.000345066 0.00356568 0.00563607 0.00851162 0.0253048 0.0502646 0.0516448 0.0657925 0.0565908 0.0611916 0.0827007 0.0866115 0.110766 0.145733 0.0935128 0.0569358 0.0249597 0.0138026 0.00621118 0.00161031 0.00115022 0 0
 0 0 0 0 0 0 0 0 0 0 0 0 0 0 0 0 0 0 0 0 0 0 0 0 0 0 0 0 0 0 0 0 0 0 0 0
 0.00147267 0.00158595 0.00478618 0.00569244 0.00954404 0.0108468 0.00647125 0.017049 0.0510054 0.094081 0.124002 0.0959785 0.0687766 0.0820023 0.061753 0.0591476 0.0492212 0.0479892 0.0443925 0.0268479 0.0217502 0.0140895 0.0121071 0.0120363 0.00920419 0.00665534 0.0049561 0.00860946 0.00930331 0.0156896 0.0114698 0.00855282 0.00243557 0.00046729 0 2.83206e-05
 0 0 0 0 0.000772559 0.00158375 0.000888443 0.00281984 0.00712685 0.0440552 0.0773331 0.111326 0.0921469 0.0852325 0.0710754 0.0886704 0.0786465 0.0553345 0.0373146 0.0185414 0.00753245 0.00457741 0.012979 0.0271748 0.0457355 0.0583668 0.034881 0.0177882 0.00938659 0.00492506 0.0015258 0.00185414 0.000309023 5.79419e-05 3.86279e-05 0
 0 0.00173294 0.00326652 0 0.00397197 0.00683976 0.00946217 0.0152591 0.00757587 0.0136028 0.0228656 0.0392903 0.0559909 0.0764795 0.0681675 0.0726916 0.0566044 0.0477403 0.0527397 0.0444891 0.0609904 0.0582453 0.0661739 0.0445044 0.0529084 0.0360697 0.0280645 0.0235558 0.0158879 0.00826598 0.00280645 0.00217768 0.000904811 0.00058276 9.20147e-05 0
 0 0 0 0 0 0 0 0 0 0 0 0 0 0 0 0 0 0 0 0 0 0 0 0 0 0 0 0 0 0 0 0 0 0 0 0
 0 0 0 0 0 0 0 0 0 0 0 0 0 0 0 0 0 0 0 0 0 0 0 0 0 0 0 0 0 0 0 0 0 0 0 0
ppred_pel_tallas
 1.02521e-16 2.37713e-05 0.00013949 0.000663017 0.00255255 0.00795982 0.0201061 0.0411412 0.0682019 0.0916108 0.0997369 0.088085 0.063294 0.0374235 0.01907 0.00995134 0.00756533 0.0089273 0.0121824 0.0164429 0.0212072 0.0260148 0.0303657 0.033775 0.0358691 0.0364643 0.0355993 0.0335072 0.0305439 0.0270969 0.0235068 0.0200212 0.016787 0.0138688 0.0112808 0.00901471
 1.02399e-16 3.26271e-05 0.000191498 0.000910302 0.00350472 0.0109292 0.0276061 0.0564856 0.0936304 0.125741 0.136824 0.120674 0.0863491 0.0503276 0.0243021 0.0104993 0.00535061 0.00466092 0.00586625 0.00785218 0.010178 0.0125902 0.0148567 0.0167557 0.0181105 0.0188227 0.0188869 0.0183798 0.0174298 0.0161801 0.0147573 0.0132548 0.011732 0.0102242 0.00875538 0.00734853
 1.0292e-16 2.29058e-05 0.000134405 0.000638829 0.00245941 0.00766933 0.0193724 0.0396404 0.0657158 0.0882767 0.0961211 0.0849249 0.0610957 0.0362687 0.0187474 0.0102104 0.00826781 0.0100541 0.0137721 0.0185284 0.023771 0.0289639 0.0335254 0.0369047 0.0386983 0.0387413 0.037141 0.0342361 0.0305013 0.0264302 0.0224342 0.018786 0.0156122 0.0129233 0.010662 0.00874828
 1.01317e-16 3.71722e-05 0.000218187 0.0010372 0.00399332 0.0124528 0.0314548 0.0643598 0.10668 0.143258 0.155867 0.137422 0.0982318 0.0570479 0.0271617 0.011072 0.00467308 0.00315333 0.0035799 0.0047031 0.00607908 0.00751287 0.00885684 0.00997616 0.0107641 0.0111614 0.0111653 0.0108229 0.0102133 0.0094254 0.00853853 0.00761222 0.00668506 0.00577992 0.00491157 0.00409258
 1.00778e-16 3.43883e-05 0.000201834 0.000959433 0.00369388 0.011519 0.0290961 0.0595346 0.098685 0.132531 0.144219 0.127209 0.0910548 0.0531286 0.0257615 0.0113069 0.0060065 0.00543337 0.00686669 0.00909685 0.0116081 0.0140716 0.0161821 0.0176625 0.0183153 0.0180681 0.0169903 0.0152712 0.01317 0.010954 0.00884521 0.00698984 0.00545266 0.00423257 0.00328772 0.00256048
 1.01852e-16 2.34446e-05 0.000137568 0.000653865 0.0025173 0.00784986 0.0198284 0.0405735 0.0672624 0.0903538 0.0983814 0.0869188 0.0625234 0.0371027 0.0191536 0.0103917 0.00836831 0.0101481 0.0138906 0.0186814 0.0239575 0.0291729 0.0337346 0.0370796 0.0387931 0.0387019 0.0369105 0.0337611 0.0297404 0.0253603 0.0210567 0.0171287 0.0137282 0.0108865 0.00855906 0.0066688
 1.02147e-16 3.27179e-05 0.000192031 0.000912837 0.00351448 0.0109596 0.027683 0.0566429 0.0938911 0.126091 0.137205 0.121008 0.0865855 0.0504601 0.0243563 0.0105064 0.00533134 0.00462441 0.00581543 0.00778887 0.0101058 0.0125152 0.0147873 0.0167007 0.0180766 0.0188118 0.0188942 0.0183928 0.0174302 0.0161464 0.0146693 0.0130979 0.0115004 0.00992199 0.00839631 0.00695319
 1.01462e-16 3.32152e-05 0.000194947 0.000926691 0.00356781 0.0111259 0.0281031 0.0575028 0.0953174 0.128009 0.1393 0.122875 0.0879625 0.0513448 0.0249354 0.011012 0.0059504 0.00548055 0.00697997 0.00928421 0.0118965 0.0144969 0.0167853 0.0184852 0.0193943 0.0194294 0.0186434 0.017204 0.0153473 0.0133187 0.0113229 0.00949609 0.00790154 0.00654538 0.00540022 0.00442759
 1.00965e-16 3.48485e-05 0.000204538 0.000972294 0.0037434 0.0116735 0.0294862 0.0603325 0.100007 0.134304 0.146142 0.128891 0.0922266 0.053748 0.0259422 0.0111836 0.00565405 0.00486217 0.00605451 0.00802144 0.0102702 0.0125083 0.0144719 0.0159195 0.0166739 0.0166618 0.0159276 0.0146173 0.0129372 0.0111042 0.00930146 0.00765377 0.00622292 0.00501979 0.00402397 0.00320257
 1.00894e-16 3.36167e-05 0.000197303 0.000937893 0.00361094 0.0112604 0.0284428 0.0581979 0.0964697 0.129557 0.140985 0.124362 0.08903 0.0519733 0.0252505 0.0111674 0.00605592 0.00559377 0.00712442 0.00946515 0.0121069 0.0147184 0.0169876 0.0186276 0.0194301 0.0193118 0.0183322 0.0166727 0.0145875 0.0123421 0.0101603 0.00819378 0.0065158 0.00513622 0.00402525 0.00313675
 1.02336e-16 2.01485e-05 0.000118211 0.000561832 0.00216293 0.00674476 0.0170371 0.0348626 0.0577982 0.0776504 0.0845752 0.0747827 0.0539275 0.0322709 0.0171544 0.0101009 0.00905512 0.0115307 0.0159517 0.0214932 0.0275791 0.0336002 0.0388796 0.0427719 0.0448004 0.0447646 0.0427813 0.0392393 0.0346918 0.0297212 0.0248225 0.0203352 0.0164314 0.0131468 0.0104324 0.00820363
 1.05646e-16 1.93102e-05 0.000113303 0.000538528 0.00207325 0.00646514 0.0163306 0.0334161 0.0553966 0.0744134 0.0810223 0.0715764 0.0514749 0.0305236 0.0157211 0.00848516 0.00681208 0.0083109 0.0115097 0.0157188 0.0205528 0.0256446 0.0305745 0.0349109 0.0382874 0.0404682 0.0413796 0.0410959 0.0397933 0.0376902 0.0349969 0.0318897 0.02851 0.0249768 0.0214034 0.0179044
 1.04434e-16 3.00825e-05 0.000176559 0.000839279 0.00323127 0.0100764 0.0254522 0.0520784 0.0863256 0.115932 0.126155 0.111274 0.0796444 0.0464634 0.0225188 0.00987308 0.00524758 0.00478627 0.00613577 0.00827579 0.0108022 0.0134772 0.0160778 0.0183854 0.0202203 0.0214731 0.0221177 0.022201 0.0218138 0.0210578 0.0200186 0.0187551 0.0173038 0.0156922 0.0139533 0.0121345
 1.028e-16 2.91629e-05 0.000171151 0.000813552 0.00313218 0.00976738 0.0246717 0.0504823 0.0836825 0.112391 0.122324 0.107946 0.0773746 0.0453654 0.0224074 0.0105367 0.00660852 0.006902 0.00912135 0.0122185 0.0156933 0.0191666 0.0222567 0.0246062 0.0259518 0.026183 0.025363 0.0237018 0.0214952 0.0190487 0.0166146 0.0143562 0.0123455 0.010584 0.00903526 0.00765409
 1.0147e-16 3.38864e-05 0.000198889 0.000945438 0.00364 0.011351 0.0286717 0.058666 0.0972448 0.130595 0.142109 0.125338 0.0896951 0.0522942 0.0252812 0.0109695 0.00565154 0.00496532 0.00623738 0.00829324 0.0106522 0.0130248 0.015146 0.0167703 0.0177143 0.0178954 0.0173477 0.0162048 0.0146612 0.0129228 0.0111647 0.00950715 0.00801251 0.00669686 0.00554918 0.00454877
 1.00942e-16 3.39577e-05 0.000199306 0.000947414 0.0036476 0.0113747 0.0287316 0.0587887 0.0974488 0.130871 0.142413 0.125617 0.0899172 0.0524691 0.02545 0.0111852 0.00596529 0.00542124 0.00686912 0.00911751 0.0116599 0.0141734 0.0163569 0.0179345 0.0187063 0.0185932 0.0176536 0.0160632 0.0140674 0.0119215 0.00984039 0.00796796 0.00637274 0.00506184 0.0040046 0.00315532
 1.01475e-16 2.8022e-05 0.000164449 0.000781678 0.00300944 0.00938461 0.0237049 0.0485045 0.0804057 0.107995 0.117553 0.103768 0.0744496 0.0437909 0.0218909 0.0107301 0.00731091 0.00807352 0.0108103 0.0144867 0.0185653 0.0225982 0.0261209 0.0286967 0.0300048 0.0299134 0.028506 0.0260514 0.0229292 0.0195381 0.0162159 0.0131931 0.0105848 0.00841154 0.00663536 0.00519363
 1.02403e-16 2.79355e-05 0.000163945 0.000779292 0.00300027 0.00935602 0.0236327 0.0483563 0.0801588 0.10766 0.117178 0.103414 0.0741455 0.0435115 0.0215662 0.0102688 0.00661757 0.00705912 0.00940357 0.012652 0.0163237 0.0200453 0.0234319 0.0261136 0.0278051 0.0283649 0.0278197 0.026343 0.0241998 0.0216781 0.0190291 0.0164338 0.0139977 0.0117664 0.00975038 0.00794672
 1.0286e-16 2.78e-05 0.00016315 0.000775511 0.00298571 0.00931061 0.023518 0.0481216 0.0797698 0.107137 0.11661 0.102912 0.0737865 0.0433018 0.0214639 0.0102227 0.0065906 0.00703139 0.00936528 0.0125976 0.0162496 0.01995 0.0233169 0.0259852 0.0276753 0.0282519 0.0277472 0.0263381 0.0242898 0.0218861 0.0193699 0.0169103 0.0145993 0.0124698 0.0105221 0.00874732
 1.01513e-16 3.55935e-05 0.000208915 0.00099311 0.00382356 0.0119235 0.0301176 0.0616241 0.102147 0.137174 0.149256 0.131615 0.0941283 0.0547603 0.0262516 0.0110115 0.0051251 0.00399627 0.00481662 0.00637283 0.00820424 0.010072 0.0117743 0.0131257 0.0139853 0.0142848 0.0140405 0.0133413 0.0123206 0.011121 0.00986418 0.0086346 0.00747783 0.00640966 0.0054297 0.00453326
 1.01302e-16 3.04345e-05 0.000178616 0.000849036 0.0032688 0.0101934 0.0257479 0.0526842 0.0873325 0.117293 0.127659 0.112653 0.0807475 0.0473398 0.0233759 0.0109788 0.00686327 0.00714079 0.00940796 0.012561 0.0160661 0.019515 0.0224982 0.0246361 0.0256542 0.0254469 0.0240999 0.0218615 0.0190761 0.0161006 0.0132334 0.0106728 0.00851032 0.00675078 0.00534604 0.00422737
 1.01993e-16 2.85418e-05 0.000167504 0.000796211 0.00306541 0.00955915 0.0241458 0.0494062 0.0818992 0.109997 0.119722 0.105658 0.0757528 0.0444512 0.0220248 0.0104738 0.00672886 0.00715602 0.00951318 0.012774 0.0164413 0.020128 0.0234371 0.0259907 0.027502 0.027837 0.0270383 0.0253025 0.022921 0.0202064 0.0174291 0.0147802 0.0123662 0.0102245 0.00835124 0.00672518
 1.02319e-16 2.9812e-05 0.000174965 0.000831686 0.00320201 0.00998515 0.0252217 0.0516075 0.0855468 0.114892 0.125039 0.110325 0.0790432 0.0462699 0.0227177 0.0104562 0.00625956 0.00631869 0.0082913 0.0111247 0.0143418 0.0176006 0.0205606 0.0228972 0.0243627 0.0248368 0.0243484 0.023055 0.0211932 0.0190171 0.0167455 0.0145319 0.0124615 0.0105662 0.0088476 0.00729751
 1.03698e-16 2.10764e-05 0.000123665 0.000587771 0.00226282 0.00705629 0.0178239 0.0364721 0.0604642 0.0812248 0.0884496 0.0781637 0.0562682 0.0334767 0.0174413 0.00972172 0.00813654 0.0100659 0.013868 0.0187238 0.0241162 0.0295294 0.034394 0.0381619 0.0404195 0.0409768 0.0399025 0.0374877 0.0341578 0.0303636 0.026488 0.0227939 0.0194177 0.016397 0.0137131 0.0113291
pSPR Fmed_Fpbrs
0.561098   0.346821 0.346821
Fs Fmed_Fpbrs
0.415445   1.005 1.005
SSBpbr Bo_Bmed_Bpbrs
919818  470117  273022 273022
Ro
34891.6
SPR SPRFo_SPRFmed_SPRFpbrs
717845 402781 248964
log_Ro
10.28
likeval ReclasPelacesDesembMPH_pf_preclas_ppelaces_ptallas_desvR_qrecl_qpela
 80.2336 54.1213 0.0204637 0.000770797 289.398 164.722 80.5929 0 17.7769 2.60996e-05 0 0 0 0 0
q_reclas_q_pelaces
0.484841 1
M
0.7
N
 23620.7 17744.9 7453.86 965.957 0.229262
 39346.9 11018.1 5899.67 2478.19 321.229
 10538.2 17889.4 3108.33 1664.36 789.748
 32436.4 4283.97 2462.75 427.909 337.846
 62916 15105 1409.13 810.076 251.881
 33049.2 30974.9 7097.59 662.128 498.996
 65422.3 15283.2 9742.41 2232.37 365.203
 82942.7 30825.1 5419.43 3454.65 921.099
 124176 37295.7 8100.68 1424.2 1149.92
 181139 56065.4 10061.7 2185.41 694.448
 65259.1 85157.1 19598 3517.12 1006.67
 35654 29905 25266.8 5814.89 1342.25
 46137.9 16462.9 9315.06 7870.3 2229.36
 21993.8 20287.9 3749.18 2121.37 2300.05
 15463 8823.33 2565.78 474.153 559.17
 17099.4 6108.25 1010.67 293.897 118.362
 12605.5 7705.98 1628.26 269.412 109.895
 12417.1 5824.23 2410.34 509.303 118.643
 12589.9 5846.9 2056.98 851.279 221.776
 31826.3 5947.42 2108.06 741.631 386.882
 38052.5 14962.6 2079.36 737.029 394.556
 44291.7 18496 6477.31 900.156 489.863
 60385.3 21424.1 7760.81 2717.83 583.242
 32991.2 29010.5 8605.56 3117.33 1325.96
pred_Ctot
 1034.29 4315.58 1812.79 234.922 0.0557567
 2401.29 3534.4 1892.5 794.958 103.044
 1390.54 9980.85 1734.19 928.58 440.616
 1457.14 1064.99 612.234 106.377 83.9877
 388.628 585.976 54.6653 31.4257 9.77134
 1641.08 8383.13 1920.91 179.2 135.049
 2415.2 3204 2042.41 467.998 76.5618
 5669.5 10821.3 1902.52 1212.78 323.357
 8152.49 12683.1 2754.79 484.325 391.053
 6964.76 12181.1 2186.05 474.812 150.879
 3639.8 25385.8 5842.26 1048.47 300.094
 1806.85 8233.12 6956.17 1600.89 369.532
 3826.12 6698.71 3790.28 3202.41 907.123
 3076.65 11722.7 2166.33 1225.76 1329
 2304.53 5288.71 1537.93 284.208 335.167
 1143.74 2108.06 348.798 101.429 40.8486
 633.282 2106.12 445.02 73.6328 30.0354
 463.744 1233.51 510.486 107.865 25.1273
 442.346 1173.34 412.789 170.832 44.5053
 1223.04 1291.55 457.787 161.053 84.0157
 580.4 1390.99 193.306 68.5173 36.6796
 827.464 2082.48 729.283 101.349 55.1539
 1416.09 2980.93 1079.83 378.156 81.1516
 902.284 4647.89 1378.73 499.44 212.438
F
 0.0625851 0.401201 0.401201 0.401201 0.401201
 0.0882078 0.565455 0.565455 0.565455 0.565455
 0.20013 1.28293 1.28293 1.28293 1.28293
 0.064255 0.411906 0.411906 0.411906 0.411906
 0.00862183 0.0552702 0.0552702 0.0552702 0.0552702
 0.071241 0.45669 0.45669 0.45669 0.45669
 0.0525337 0.336767 0.336767 0.336767 0.336767
 0.0992721 0.636383 0.636383 0.636383 0.636383
 0.0951792 0.610145 0.610145 0.610145 0.610145
 0.0547683 0.351092 0.351092 0.351092 0.351092
 0.080338 0.515006 0.515006 0.515006 0.515006
 0.072755 0.466395 0.466395 0.466395 0.466395
 0.121609 0.77957 0.77957 0.77957 0.77957
 0.213363 1.36776 1.36776 1.36776 1.36776
 0.228811 1.46679 1.46679 1.46679 1.46679
 0.0970481 0.622126 0.622126 0.622126 0.622126
 0.0721048 0.462227 0.462227 0.462227 0.462227
 0.0531605 0.340785 0.340785 0.340785 0.340785
 0.0499408 0.320145 0.320145 0.320145 0.320145
 0.0547376 0.350895 0.350895 0.350895 0.350895
 0.0214101 0.137249 0.137249 0.137249 0.137249
 0.0262804 0.168471 0.168471 0.168471 0.168471
 0.0330878 0.212109 0.212109 0.212109 0.212109
 0.0386828 0.247976 0.247976 0.247976 0.247976
nmprior
 10 10 8 0
nm_flota  nm_reclas  nm_pelaces    nm_pelaL
inf 23.5081 18.5497 33.2663
cv_recla  cv_pelaces  cv_mph
0.829287 0.865663 0.900758
 ------------------------------------------------
Talla a la edad & desviación 
 7.2 14.2025 17.0495 18.207 18.6776
 1.08 2.13037 2.55742 2.73105 2.80164
