years
 1997 1998 1999 2000 2001 2002 2003 2004 2005 2006 2007 2008 2009 2010 2011 2012 2013 2014 2015 2016 2017 2018 2019 2020
reclasobs
 0 0 0 370054 412103 1.49427e+06 250295 1.28982e+06 931140 785840 897777 1.04006e+06 184774 17550 25797 100020 73551 82996 120727 218422 84188 347160 605670 569463
reclaspred
 633869 176544 526192 156167 220356 258870 640961 396850 506800 1.16855e+06 1.31734e+06 720096 430085 223341 131670 114289 120386 147659 109373 172904 430787 427449 500078 249733
pelacesobs
 0 0 0 0 0 0 0 0 0 2.06254e+06 1.5e+06 0 1.87456e+06 323000 250000 174000 83755 137374 0 501740 490994 745055 786931 1.00524e+06
pelacespred
 258594 108222 135165 108820 127738 105725 384953 223865 274130 669110 669337 370729 236248 98462.1 55360.6 54331.6 59631.5 72701.8 56132.2 86768.2 235108 255601 230654 134743
mphobs
 0 0 0 0 0 112323 0 153150 637223 0 255016 313432 73983 77613 109348 50772 0 0 0 0 0 0 0 0
mphpred
 558815 168038 356724 216790 122298 287381 313726 575176 318492 678026 1.40133e+06 828580 409279 304483 125752 101586 97562.7 121209 118878 93578.1 277094 423448 416787 315625
desembarqueobs
 350755 77701 442110 56441 14545 235359 269955 359681 431902 328805 639364 411747 362871 311530 167758 66681 60226 58785 57116 71774 51957 67425 138520 160799
desembarquepred
 350683 77626.7 441487 56413.5 14518.5 234846 269637 358785 430935 328498 638156 411119 362389 310675 167113 66586.4 60210.3 58774.5 57051.2 71724.4 51951.6 67441.3 138524 160628
Reclutas
 2157.32 88709.7 743.585 1100.93 50611.8 4918.94 94668.4 13429.6 113775 262953 19855.3 7221.97 82012.1 20559 18791.2 12908.6 11855.5 9584.97 2833.84 35804.8 45703.6 27869.1 18821.7 3267.37
log_desv_Rt
 -2.00338 1.71313 -3.06852 -2.67609 1.15194 -1.17915 1.77814 -0.174784 1.96198 2.79973 0.216224 -0.795116 1.63462 0.251053 0.161144 -0.21435 -0.299452 -0.512048 -1.73061 0.805838 1.04993 0.555273 0.162768 -1.58826
SSB
 558815 168038 356724 216790 122298 287381 313726 575176 318492 678026 1.40133e+06 828580 409279 304483 125752 101586 97562.7 121209 118878 93578.1 277094 423448 416787 315625
BT
 737892 339306 460677 261886 371399 379566 1.48899e+06 825557 1.24763e+06 2.22863e+06 1.8053e+06 1.05353e+06 971195 499963 279892 175386 191587 209663 156861 309962 641403 557989 543634 402179
Ftot
 0.520585 0.422602 0.768331 0.345384 0.0643922 0.826062 0.404703 0.825637 0.798034 0.27209 0.458735 0.536457 0.784038 1.21514 1.13603 0.54979 0.475681 0.380726 0.492693 0.398931 0.117474 0.153195 0.26672 0.60054
BD_Bspro_t
 0.920588 0.589078 0.632774 0.327386 0.316039 0.568511 0.469136 0.560371 0.390328 0.521818 0.652272 0.446748 0.298744 0.274956 0.152974 0.1477 0.184498 0.288237 0.335314 0.346305 0.624918 0.757893 0.724692 0.593781
BD_Bspro
 1.69819 0.510654 1.08406 0.658806 0.371654 0.873326 0.953388 1.74791 0.967872 2.06047 4.25853 2.51799 1.24376 0.925299 0.382151 0.30871 0.296485 0.368345 0.361261 0.284376 0.842066 1.28683 1.26658 0.959159
BD_Bo
 0.656552 0.197428 0.419116 0.254706 0.143688 0.337644 0.368597 0.675775 0.374197 0.796614 1.64643 0.9735 0.480862 0.357737 0.147746 0.119353 0.114627 0.142409 0.13967 0.109945 0.325558 0.49751 0.489684 0.370828
BD_Brms
 3.19663 0.961239 2.04059 1.24012 0.69959 1.64392 1.79463 3.29022 1.82189 3.87856 8.01613 4.73978 2.34122 1.74175 0.719348 0.581107 0.558095 0.693361 0.680026 0.535301 1.58508 2.42228 2.38418 1.80549
S_f
 0.5 1 1 1 1
 0.5 1 1 1 1
 0.5 1 1 1 1
 0.5 1 1 1 1
 0.5 1 1 1 1
 0.5 1 1 1 1
 0.5 1 1 1 1
 0.5 1 1 1 1
 0.5 1 1 1 1
 0.5 1 1 1 1
 0.5 1 1 1 1
 0.5 1 1 1 1
 0.5 1 1 1 1
 0.5 1 1 1 1
 0.5 1 1 1 1
 0.5 1 1 1 1
 0.5 1 1 1 1
 0.5 1 1 1 1
 0.5 1 1 1 1
 0.5 1 1 1 1
 0.5 1 1 1 1
 0.5 1 1 1 1
 0.5 1 1 1 1
 0.5 1 1 1 1
Scru_reclas
 0.5 1 1 1 1
 0.5 1 1 1 1
 0.5 1 1 1 1
 0.5 1 1 1 1
 0.5 1 1 1 1
 0.5 1 1 1 1
 0.5 1 1 1 1
 0.5 1 1 1 1
 0.5 1 1 1 1
 0.5 1 1 1 1
 0.5 1 1 1 1
 0.5 1 1 1 1
 0.5 1 1 1 1
 0.5 1 1 1 1
 0.5 1 1 1 1
 0.5 1 1 1 1
 0.5 1 1 1 1
 0.5 1 1 1 1
 0.5 1 1 1 1
 0.5 1 1 1 1
 0.5 1 1 1 1
 0.5 1 1 1 1
 0.5 1 1 1 1
 0.5 1 1 1 1
Scru_pelaces
 0.5 1 1 1 1
 0.5 1 1 1 1
 0.5 1 1 1 1
 0.5 1 1 1 1
 0.5 1 1 1 1
 0.5 1 1 1 1
 0.5 1 1 1 1
 0.5 1 1 1 1
 0.5 1 1 1 1
 0.5 1 1 1 1
 0.5 1 1 1 1
 0.5 1 1 1 1
 0.5 1 1 1 1
 0.5 1 1 1 1
 0.5 1 1 1 1
 0.5 1 1 1 1
 0.5 1 1 1 1
 0.5 1 1 1 1
 0.5 1 1 1 1
 0.5 1 1 1 1
 0.5 1 1 1 1
 0.5 1 1 1 1
 0.5 1 1 1 1
 0.5 1 1 1 1
pf_obs 
 0.256992 0.487395 0.22802 0.0275931 0
 0.321318 0.546541 0.124235 0.00734118 0.000564706
 0.182869 0.594174 0.210203 0.0122559 0.00049798
 0.330522 0.361315 0.267642 0.0388342 0.00168674
 0.649043 0.306663 0.0425973 0.00169635 0
 0.582887 0.30429 0.105238 0.00758474 0
 0.465427 0.430635 0.0974691 0.00646863 0
 0.296916 0.608066 0.0921331 0.00288517 0
 0.311714 0.524322 0.152257 0.0117073 0
 0.15457 0.633149 0.183074 0.0267441 0.00246327
 0.131901 0.49318 0.331252 0.0422183 0.00144891
 0.196976 0.569456 0.194076 0.0375587 0.00193317
 0.518974 0.381816 0.0799577 0.0180837 0.00116848
 0.0928022 0.601141 0.25162 0.0475244 0.00691264
 0.122501 0.610282 0.24278 0.0234846 0.000952079
 0.383417 0.481906 0.127806 0.00687128 0
 0.0376549 0.599619 0.316969 0.0457579 0
 0.0361596 0.667082 0.258105 0.0386534 0
 0.158088 0.579412 0.248529 0.0139706 0
 0.0477256 0.309471 0.559284 0.082774 0.000745712
 0.0406174 0.521527 0.379366 0.0568643 0.0016247
 0.151134 0.462217 0.34131 0.0453401 0
 0.294876 0.26143 0.354403 0.0886775 0.000613685
 0.281977 0.475581 0.204845 0.0348837 0.00271318
pf_pred 
 0.0597537 0.473334 0.235051 0.116723 0.115139
 0.883305 0.015059 0.0511652 0.0254079 0.0250632
 0.011341 0.934111 0.00703923 0.0239169 0.0235924
 0.0620792 0.0263697 0.861257 0.00649022 0.0438039
 0.876856 0.0157156 0.00302036 0.0986473 0.00576063
 0.10008 0.841865 0.00740902 0.00142393 0.0492224
 0.876294 0.0274948 0.0900046 0.000792106 0.00541464
 0.16216 0.788378 0.0109935 0.0359875 0.00248171
 0.833648 0.0552493 0.104544 0.00145781 0.00510125
 0.773133 0.21038 0.0054757 0.0103612 0.000650061
 0.0777896 0.812025 0.102178 0.00265945 0.00534798
 0.0767804 0.149322 0.681433 0.0857454 0.00671965
 0.740076 0.0423877 0.0351844 0.160565 0.0217873
 0.291351 0.622408 0.0140639 0.0116739 0.0605029
 0.533346 0.254994 0.185902 0.00420062 0.0215578
 0.511053 0.374135 0.0627364 0.0457375 0.00633737
 0.488449 0.363664 0.113161 0.0189753 0.0157506
 0.434519 0.38852 0.125802 0.039146 0.0120128
 0.201205 0.50474 0.202034 0.0654183 0.026603
 0.86684 0.0489994 0.053179 0.0212861 0.00969529
 0.601042 0.373419 0.00939746 0.010199 0.00594184
 0.337524 0.501475 0.150695 0.00379238 0.00651371
 0.286028 0.368092 0.261821 0.0786779 0.00538083
 0.094735 0.419861 0.250253 0.178002 0.0571485
pobs_RECLAS
 0 0 0 0 0
 0 0 0 0 0
 0 0 0 0 0
 0 0 0 0 0
 0.835266 0.146461 0.0176864 0.000547809 3.91292e-05
 0.385257 0.428462 0.181853 0.0044286 0
 0.867414 0.0963971 0.0333333 0.00285562 0
 0.441836 0.489002 0.0689373 0.000224442 0
 0.779404 0.147425 0.0564933 0.0165055 0.000172143
 0.814271 0.122319 0.05973 0.00367925 0
 0.40263 0.566651 0.0304383 0.000280538 0
 0.475488 0.404961 0.113038 0.00651328 0
 0.955842 0.0263864 0.0167828 0.000988607 0
 0.975058 0.0227948 0.00214734 0 0
 0.738997 0.206755 0.0527124 0.00153531 0
 0.850938 0.134255 0.0134407 0.00136685 0
 0.542534 0.407297 0.0501686 0 0
 0.764087 0.199537 0.0359546 0.000420521 0
 0.470689 0.182191 0.310203 0.0369168 0
 0.84361 0.089868 0.0606195 0.00523954 0.000663233
 0.607945 0.314616 0.071237 0.00620181 0
 0.523733 0.453247 0.0230204 0 0
 0.530135 0.295979 0.169645 0.0042399 0
 0.562478 0.366248 0.0663022 0.0049721 0
ppred_RECLAS
 0.06107 0.472671 0.234722 0.116559 0.114978
 0.885107 0.0148264 0.050375 0.0250155 0.0246761
 0.0117956 0.933681 0.00703599 0.0239059 0.0235816
 0.0628754 0.0263474 0.860526 0.00648471 0.0437667
 0.877071 0.0156882 0.00301509 0.0984754 0.00575059
 0.104125 0.838081 0.00737572 0.00141753 0.0490011
 0.878087 0.0270963 0.0887002 0.000780626 0.00533617
 0.16824 0.782657 0.0109138 0.0357263 0.0024637
 0.839389 0.0533425 0.100936 0.0014075 0.00492519
 0.774901 0.20874 0.00543301 0.0102804 0.000644993
 0.0792073 0.810777 0.102021 0.00265536 0.00533976
 0.0785098 0.149042 0.680156 0.0855848 0.00670706
 0.747873 0.0411162 0.034129 0.155748 0.0211338
 0.307747 0.608008 0.0137385 0.0114038 0.059103
 0.550867 0.24542 0.178922 0.0040429 0.0207484
 0.517289 0.369364 0.0619362 0.0451542 0.00625655
 0.493587 0.360011 0.112025 0.0187847 0.0155924
 0.438303 0.38592 0.124961 0.038884 0.0119324
 0.20469 0.502538 0.201153 0.0651329 0.0264869
 0.868715 0.0483097 0.0524304 0.0209865 0.00955881
 0.601958 0.372563 0.00937591 0.0101756 0.00592821
 0.338676 0.500603 0.150433 0.00378579 0.00650239
 0.288048 0.367051 0.26108 0.0784554 0.0053656
 0.0971778 0.418728 0.249578 0.177522 0.0569943
pobs_PELACES
 0 0 0 0 0
 0 0 0 0 0
 0 0 0 0 0
 0 0 0 0 0
 0 0 0 0 0
 0 0 0 0 0
 0 0 0 0 0
 0 0 0 0 0
 0 0 0 0 0
 0 0 0 0 0
 0.450072 0.473896 0.0757376 0.000293798 0
 0 0 0 0 0
 0.463077 0.371075 0.160297 0.00555027 0
 0.529543 0.364841 0.0842815 0.0213345 0
 0.631943 0.363953 0.00410389 0 0
 0.735681 0.248677 0.0153453 0.000297389 0
 0.695825 0.281241 0.0229344 0 0
 0.275771 0.60734 0.115278 0.00161068 0
 0 0 0 0 0
 0.896147 0.0623911 0.0374545 0.00400742 0
 0.803859 0.145111 0.0509908 3.86294e-05 0
 0.739449 0.233085 0.0266225 0.000797448 4.60066e-05
 0.878498 0.100942 0.0204185 0.000141795 0
 0.694673 0.275183 0.0284847 0.00165964 0
ppred_PELACES
 0.0661851 0.470096 0.233443 0.115924 0.114352
 0.89201 0.0139356 0.0473485 0.0235125 0.0231936
 0.0133686 0.932195 0.00702479 0.0238678 0.023544
 0.0663181 0.0262506 0.857365 0.00646089 0.0436059
 0.878212 0.0155426 0.00298711 0.0975614 0.00569721
 0.117542 0.825529 0.00726525 0.0013963 0.0482672
 0.885057 0.0255472 0.0836292 0.000735997 0.0050311
 0.188173 0.7639 0.0106522 0.0348701 0.00240466
 0.856358 0.0477067 0.0902715 0.00125879 0.00440483
 0.782636 0.201568 0.00524634 0.00992721 0.000622832
 0.0849065 0.805758 0.101389 0.00263893 0.00530671
 0.0851572 0.147967 0.67525 0.0849674 0.00665868
 0.771476 0.0372671 0.030934 0.141168 0.0191553
 0.352019 0.569124 0.0128599 0.0106745 0.0553232
 0.596672 0.22039 0.160674 0.00363058 0.0186324
 0.53989 0.35207 0.0590364 0.0430401 0.00596361
 0.513206 0.346064 0.107685 0.018057 0.0149884
 0.453824 0.375257 0.121508 0.0378096 0.0116027
 0.218242 0.493975 0.197725 0.0640231 0.0260356
 0.876041 0.0456137 0.0495044 0.0198153 0.00902536
 0.606593 0.368224 0.00926673 0.0100572 0.00585918
 0.34436 0.496301 0.14914 0.00375325 0.0064465
 0.297157 0.362355 0.25774 0.0774516 0.00529696
 0.106225 0.414532 0.247076 0.175743 0.0564232
pobs_pel_tallas
 0 0 0 0 0 0 0 0 0 0 0 0 0 0 0 0 0 0 0 0 0 0 0 0 0 0 0 0 0 0 0 0 0 0 0 0
 0 0 0 0 0 0 0 0 0 0 0 0 0 0 0 0 0 0 0 0 0 0 0 0 0 0 0 0 0 0 0 0 0 0 0 0
 0 0 0 0 0 0 0 0 0 0 0 0 0 0 0 0 0 0 0 0 0 0 0 0 0 0 0 0 0 0 0 0 0 0 0 0
 0 0 0 0 0 0 0 0 0 0 0 0 0 0 0 0 0 0 0 0 0 0 0 0 0 0 0 0 0 0 0 0 0 0 0 0
 0 0 0 0 0 0 0 0 0 0 0 0 0 0 0 0 0 0 0 0 0 0 0 0 0 0 0 0 0 0 0 0 0 0 0 0
 0 0 0 0 0 0 0 0 0 0 0 0 0 0 0 0 0 0 0 0 0 0 0 0 0 0 0 0 0 0 0 0 0 0 0 0
 0 0 0 0 0 0 0 0 0 0 0 0 0 0 0 0 0 0 0 0 0 0 0 0 0 0 0 0 0 0 0 0 0 0 0 0
 0 0 0 0 0 0 0 0 0 0 0 0 0 0 0 0 0 0 0 0 0 0 0 0 0 0 0 0 0 0 0 0 0 0 0 0
 0 0 0 0 0 0 0 0 0 0 0 0 0 0 0 0 0 0 0 0 0 0 0 0 0 0 0 0 0 0 0 0 0 0 0 0
 0 0 0 0 0 0 0 0 0 0 0 0 0 0 0 0 0 0 0 0 0 0 0 0 0 0 0 0 0 0 0 0 0 0 0 0
 0 0 0 0 0 0 0 0 1.78061e-05 0.00172719 0.00360574 0.0105946 0.0120993 0.0124554 0.0147524 0.0171206 0.0266825 0.0428682 0.0675386 0.121331 0.153587 0.119568 0.100827 0.0573624 0.0630603 0.0341343 0.0324427 0.0444173 0.0211091 0.0280891 0.0125444 0.00206551 0 0 0 0
 0 0 0 0 0 0 0 0 0 0 0 0 0 0 0 0 0 0 0 0 0 0 0 0 0 0 0 0 0 0 0 0 0 0 0 0
 0 0 0 0 0 0 0.0133647 0.0140871 0.0187388 0.0205184 0.03894 0.0496705 0.03968 0.0493445 0.0407372 0.0367815 0.0215668 0.0243155 0.0234873 0.0199281 0.019796 0.0243948 0.0301388 0.0376714 0.0412746 0.0863199 0.0771752 0.113111 0.0741005 0.0525337 0.0229764 0.00759418 0.00175318 0 0 0
 0 0 0 0 0 0 0 0 0 0 0.00219441 0.00772107 0.0458388 0.0604681 0.0671733 0.0775358 0.0609151 0.0617685 0.073594 0.0568108 0.0755445 0.0548602 0.0670107 0.0636378 0.0643287 0.046367 0.0373049 0.0286899 0.0247887 0.0153202 0.00654259 0.00121912 0.000365735 0 0 0
 0 0 0 0 0 0 0 0 0 0 0 0 0.000112435 0.00938835 0.0111873 0.0202946 0.0414886 0.0713402 0.111592 0.104902 0.108894 0.110636 0.117776 0.105296 0.107544 0.0401394 0.0192827 0.0124803 0.00416011 0.0028671 0.000618394 0 0 0 0 0
 0 0 0 0 0 0 0 0 0 0 0.00291406 0.0102884 0.027416 0.0768956 0.0749926 0.110853 0.0956884 0.0897413 0.0766577 0.0534642 0.0500743 0.0551293 0.0594112 0.0620874 0.0668451 0.0424026 0.0208742 0.0120726 0.0048766 0.00582813 0.00118941 0.000297354 0 0 0 0
 0 0.00264628 0.0354308 0.0461629 0.0458689 0.0383711 0.0214643 0.0164657 0.0346957 0.0420465 0.0363128 0.0245516 0.0311673 0.0291091 0.0169068 0.0133784 0.00837989 0.0085269 0.0148486 0.0160247 0.0276389 0.0546898 0.0760071 0.122758 0.109233 0.0665981 0.0333725 0.0166128 0.00676272 0.00308733 0.000882094 0 0 0 0 0
 0 0 0 0 0 0 0 0.000805153 0.000690131 0.00759144 0.0133425 0.0154129 0.00931677 0.000345066 0.00356568 0.00563607 0.00851162 0.0253048 0.0502646 0.0516448 0.0657925 0.0565908 0.0611916 0.0827007 0.0866115 0.110766 0.145733 0.0935128 0.0569358 0.0249597 0.0138026 0.00621118 0.00161031 0.00115022 0 0
 0 0 0 0 0 0 0 0 0 0 0 0 0 0 0 0 0 0 0 0 0 0 0 0 0 0 0 0 0 0 0 0 0 0 0 0
 0.00147267 0.00158595 0.00478618 0.00569244 0.00954404 0.0108468 0.00647125 0.017049 0.0510054 0.094081 0.124002 0.0959785 0.0687766 0.0820023 0.061753 0.0591476 0.0492212 0.0479892 0.0443925 0.0268479 0.0217502 0.0140895 0.0121071 0.0120363 0.00920419 0.00665534 0.0049561 0.00860946 0.00930331 0.0156896 0.0114698 0.00855282 0.00243557 0.00046729 0 2.83206e-05
 0 0 0 0 0.000772559 0.00158375 0.000888443 0.00281984 0.00712685 0.0440552 0.0773331 0.111326 0.0921469 0.0852325 0.0710754 0.0886704 0.0786465 0.0553345 0.0373146 0.0185414 0.00753245 0.00457741 0.012979 0.0271748 0.0457355 0.0583668 0.034881 0.0177882 0.00938659 0.00492506 0.0015258 0.00185414 0.000309023 5.79419e-05 3.86279e-05 0
 0 0.00173294 0.00326652 0 0.00397197 0.00683976 0.00946217 0.0152591 0.00757587 0.0136028 0.0228656 0.0392903 0.0559909 0.0764795 0.0681675 0.0726916 0.0566044 0.0477403 0.0527397 0.0444891 0.0609904 0.0582453 0.0661739 0.0445044 0.0529084 0.0360697 0.0280645 0.0235558 0.0158879 0.00826598 0.00280645 0.00217768 0.000904811 0.00058276 9.20147e-05 0
 0 0 0 0 0 0 0 0 0 0 0 0 0 0 0 0 0 0 0 0 0 0 0 0 0 0 0 0 0 0 0 0 0 0 0 0
 0 0 0 0 0 0 0 0 0 0 0 0 0 0 0 0 0 0 0 0 0 0 0 0 0 0 0 0 0 0 0 0 0 0 0 0
ppred_pel_tallas
 1.12794e-16 2.91788e-06 1.70482e-05 8.08798e-05 0.000311125 0.000969965 0.00245055 0.00501799 0.00833257 0.0112349 0.0123433 0.0111673 0.00860465 0.00625679 0.00535237 0.00632224 0.00909247 0.0134868 0.0193553 0.0264902 0.0345171 0.0428652 0.0508296 0.0576976 0.0628945 0.0660957 0.0672711 0.0666441 0.0645916 0.0615212 0.0577741 0.0535786 0.0490593 0.0442799 0.0392966 0.0341944
 1.02569e-16 3.8909e-05 0.00022839 0.00108572 0.00418017 0.0130355 0.0329265 0.0673705 0.111668 0.14995 0.163131 0.143785 0.102691 0.0594569 0.0279702 0.0108156 0.00366621 0.00146708 0.00115299 0.0014539 0.00198136 0.00264039 0.00340204 0.00424187 0.00512841 0.00602259 0.00687928 0.00764939 0.00828291 0.00873323 0.0089626 0.00894783 0.00868496 0.00819119 0.00750362 0.00667444
 1.02324e-16 6.33287e-07 3.5938e-06 1.68234e-05 6.43347e-05 0.000200246 0.000506853 0.00104442 0.00175892 0.00244587 0.00288219 0.00306693 0.00333961 0.00425656 0.00637456 0.0101391 0.0158794 0.0237852 0.0338042 0.0455087 0.0580201 0.0700579 0.0801323 0.0868452 0.0892178 0.0869333 0.0804184 0.0707246 0.0592622 0.0474702 0.0365325 0.0272111 0.0198176 0.0142953 0.0103573 0.00762604
 1.14439e-16 2.9076e-06 1.70239e-05 8.08445e-05 0.000311124 0.000970053 0.00245027 0.00501436 0.00831525 0.0111777 0.0121917 0.0108214 0.00789613 0.00491943 0.00299399 0.00241352 0.00299359 0.00453071 0.00699539 0.0104976 0.0151866 0.0211655 0.0284267 0.0368051 0.0459509 0.0553302 0.064262 0.0719913 0.0777909 0.0810735 0.0814909 0.0789952 0.0738508 0.0665874 0.0579109 0.0485892
 1.03667e-16 3.83073e-05 0.000224858 0.00106892 0.00411551 0.0128339 0.0324172 0.0663284 0.109941 0.147631 0.160607 0.141561 0.101103 0.0585384 0.0275394 0.0106507 0.00361206 0.00144626 0.00113498 0.00142776 0.00194321 0.00259092 0.00334846 0.00420116 0.00513034 0.00611091 0.00710988 0.00808473 0.00898293 0.0097442 0.0103062 0.0106134 0.0106269 0.0103323 0.00974517 0.0089088
 1.02676e-16 5.1714e-06 3.02464e-05 0.000143555 0.000552319 0.00172203 0.00435062 0.00890824 0.0147902 0.0199346 0.0218823 0.0197522 0.0151217 0.0108064 0.00894392 0.0102338 0.0144532 0.0211697 0.0299725 0.0403319 0.0514245 0.062107 0.07106 0.0770474 0.0792043 0.0772514 0.0715669 0.0630808 0.0530391 0.042711 0.0331382 0.0249875 0.0185262 0.0136967 0.010239 0.00781565
 1.01456e-16 3.86065e-05 0.000226612 0.00107726 0.00414761 0.012934 0.03267 0.0668459 0.110799 0.148784 0.161865 0.142678 0.101917 0.0590435 0.0278414 0.010882 0.00387911 0.00182287 0.001674 0.0021686 0.00290992 0.00378442 0.00473767 0.00571668 0.00666297 0.00751683 0.00822261 0.00873295 0.00901206 0.00903853 0.00880785 0.00833433 0.00765147 0.0068094 0.00586965 0.00489747
 1.01711e-16 8.2488e-06 4.83189e-05 0.000229486 0.000883196 0.00275388 0.00695688 0.0142404 0.0236265 0.0317945 0.0347696 0.0310757 0.0231313 0.0152868 0.0107561 0.0104155 0.0136729 0.0196768 0.0277734 0.0373581 0.0476336 0.0575324 0.0658296 0.0713773 0.0733701 0.0715434 0.0662412 0.0583191 0.0489277 0.039243 0.0302345 0.0225294 0.0163886 0.0117735 0.00845803 0.00614089
 1.01547e-16 3.7356e-05 0.000219269 0.00104235 0.00401316 0.0125147 0.0316111 0.0646793 0.107209 0.143965 0.156628 0.138075 0.0986589 0.0572161 0.027093 0.0107886 0.00416655 0.00238757 0.00251275 0.00331114 0.00437917 0.00557667 0.0068143 0.00800468 0.00906356 0.00991981 0.0105231 0.0108458 0.0108808 0.0106374 0.0101375 0.00941441 0.00851183 0.00748319 0.00638876 0.00529034
 1.00511e-16 3.41474e-05 0.000200418 0.000952697 0.00366794 0.0114381 0.0288918 0.0591166 0.0979928 0.131603 0.143214 0.126333 0.0904515 0.052824 0.025702 0.0114299 0.00628295 0.00586858 0.00748189 0.00990926 0.0126158 0.0152437 0.017456 0.0189472 0.0195038 0.0190542 0.0176872 0.0156258 0.013171 0.0106308 0.00825968 0.00622241 0.00458841 0.00334896 0.00244652 0.00180418
 1.02041e-16 3.74786e-06 2.18899e-05 0.000103829 0.00039937 0.00124507 0.00314584 0.00644306 0.0107038 0.0144465 0.0159095 0.0144824 0.0113467 0.0085987 0.00786616 0.0097537 0.0141999 0.0209658 0.0297694 0.0401525 0.0513378 0.0622187 0.0715023 0.0779608 0.0807111 0.0794253 0.074407 0.0664967 0.0568534 0.0466809 0.0369906 0.0284609 0.0214101 0.0158586 0.0116366 0.00849144
 1.12865e-16 3.73351e-06 2.18628e-05 0.000103827 0.000399575 0.00124586 0.00314706 0.00644089 0.0106828 0.0143661 0.0156844 0.0139572 0.0102602 0.00653824 0.00422147 0.00369466 0.00471036 0.00696326 0.0103231 0.0147826 0.0203357 0.0268952 0.034259 0.0421095 0.0500346 0.0575589 0.0641834 0.0694272 0.0728739 0.0742193 0.0733153 0.0702015 0.0651149 0.0584665 0.0507899 0.0426679
 1.06198e-16 3.3654e-05 0.000197537 0.000939033 0.00361538 0.0112743 0.0284778 0.0582683 0.0965821 0.129695 0.141102 0.124387 0.0888763 0.0515385 0.0243977 0.00970624 0.00374144 0.00215099 0.00230005 0.00309947 0.00421306 0.00554833 0.00706174 0.00870888 0.0104381 0.0121913 0.0139044 0.0155046 0.0169094 0.0180286 0.0187723 0.0190631 0.018852 0.0181304 0.0169368 0.0153538
 1.0332e-16 1.53853e-05 9.02344e-05 0.000428797 0.00165066 0.00514724 0.0130021 0.0266078 0.0441199 0.0592958 0.0646415 0.0572939 0.0416137 0.0254978 0.0146372 0.0102978 0.01101 0.0149395 0.0208731 0.0280629 0.0358294 0.0433644 0.0497596 0.0541654 0.0559842 0.0550155 0.051505 0.0460722 0.039549 0.0327809 0.0264578 0.0210154 0.0166229 0.0132353 0.0106793 0.00873845
 1.03349e-16 2.60396e-05 0.000152816 0.000726385 0.00279657 0.00872078 0.0220281 0.0450731 0.0747166 0.100351 0.109225 0.0963998 0.0691271 0.0405882 0.0201595 0.00967405 0.00634365 0.00686883 0.00922348 0.0124928 0.016244 0.0201396 0.0238232 0.0269397 0.0291982 0.0304267 0.0305974 0.0298131 0.028264 0.0261727 0.0237466 0.0211511 0.0185054 0.015893 0.0133775 0.0110135
 1.02711e-16 2.35687e-05 0.000138298 0.00065734 0.00253068 0.0078916 0.0199338 0.0407891 0.0676193 0.0908317 0.0988981 0.0873662 0.0628254 0.037242 0.0191521 0.0102734 0.00813687 0.00978695 0.0133733 0.0179844 0.0230706 0.0281081 0.0325313 0.0358052 0.0375378 0.0375693 0.0360036 0.0331698 0.0295289 0.0255604 0.0216643 0.018106 0.0150093 0.0123854 0.0101799 0.00831628
 1.02963e-16 2.24051e-05 0.000131466 0.000624862 0.00240564 0.00750165 0.0189488 0.0387737 0.0642788 0.086346 0.0940179 0.0830645 0.0597527 0.0354626 0.0183155 0.00995353 0.0080407 0.00977859 0.0134174 0.0180952 0.0232875 0.0284856 0.0331328 0.0366944 0.0387673 0.039168 0.0379664 0.0354516 0.0320462 0.0282 0.0242982 0.0206089 0.0172747 0.0143384 0.0117822 0.00956583
 1.03689e-16 1.98169e-05 0.000116269 0.000552606 0.00212742 0.00663404 0.0167574 0.03429 0.056848 0.0763707 0.0831738 0.0735253 0.0529811 0.0316256 0.0166689 0.00959686 0.00837834 0.0105654 0.0146186 0.0197552 0.0254559 0.0311835 0.036339 0.0403434 0.0427571 0.0433753 0.0422641 0.0397245 0.0362002 0.0321644 0.0280222 0.0240557 0.0204163 0.0171526 0.0142535 0.0116871
 1.06385e-16 9.5494e-06 5.59784e-05 0.000265953 0.00102369 0.00319207 0.00806341 0.0165025 0.0273687 0.0367977 0.0401547 0.0356847 0.0261237 0.0164168 0.0101597 0.00822114 0.00978071 0.0137822 0.0195218 0.0265282 0.0343 0.0421812 0.0493965 0.0551822 0.0589463 0.0603926 0.0595706 0.0568299 0.0527056 0.0477751 0.0425367 0.0373425 0.0323915 0.0277658 0.0234839 0.0195465
 1.01821e-16 3.82141e-05 0.000224307 0.0010663 0.00410539 0.0128023 0.0323375 0.0661656 0.109672 0.147273 0.160225 0.141242 0.100913 0.0585052 0.0276687 0.0109551 0.00412754 0.00222922 0.00224757 0.00291871 0.00382805 0.0048349 0.00585607 0.00681645 0.0076495 0.00830592 0.00875872 0.00900165 0.00904322 0.00889909 0.0085865 0.00812254 0.00752584 0.00681948 0.00603322 0.00520302
 1.00871e-16 2.64778e-05 0.000155376 0.000738527 0.00284327 0.00886638 0.022396 0.045827 0.0759701 0.102046 0.111099 0.098124 0.0705158 0.0417085 0.0212772 0.0111317 0.00847498 0.00996323 0.013499 0.0180489 0.0230003 0.0277847 0.0318017 0.034496 0.0354778 0.0346182 0.0320812 0.0282773 0.0237597 0.0190945 0.0147488 0.0110256 0.00805219 0.00581148 0.00419613 0.00306241
 1.02709e-16 1.50488e-05 8.82646e-05 0.000419445 0.00161468 0.00503503 0.0127185 0.0260272 0.0431558 0.0579959 0.0632134 0.0560022 0.0406194 0.0247783 0.0140313 0.00960201 0.0100434 0.0135643 0.0190019 0.0256758 0.0329982 0.0402719 0.0466986 0.0515084 0.0541246 0.054292 0.0521272 0.048068 0.0427504 0.0368521 0.030957 0.0254759 0.0206308 0.0164883 0.0130163 0.0101385
 1.06686e-16 1.29853e-05 7.61618e-05 0.000361933 0.00139328 0.00434466 0.0109746 0.022458 0.0372363 0.0500368 0.0545276 0.048282 0.0349656 0.0212233 0.0118338 0.00784199 0.00799677 0.0107673 0.0151919 0.0207586 0.0270679 0.0336458 0.039927 0.0453347 0.0493901 0.0518028 0.0525112 0.0516598 0.0495305 0.0464545 0.0427395 0.0386297 0.0343045 0.0298975 0.025524 0.021297
 1.12318e-16 4.66164e-06 2.72905e-05 0.000129584 0.000498666 0.00155482 0.00392777 0.00804008 0.0133402 0.0179544 0.0196406 0.0175688 0.0131103 0.00873177 0.00626552 0.00623592 0.00835388 0.0122038 0.0175031 0.024016 0.0314075 0.039182 0.0467229 0.0533959 0.0586742 0.0622357 0.0640035 0.0641149 0.06284 0.0604833 0.0573066 0.0534954 0.0491695 0.0444196 0.0393483 0.0340936
pSPR Fmed_Fpbrs
0.472507   0.255389 0.255389
Fs Fmed_Fpbrs
0.443677   1.005 1.005
SSBpbr Bo_Bmed_Bpbrs
851135  359611  174814 174814
Ro
15994.5
SPR SPRFo_SPRFmed_SPRFpbrs
329064 155485 84039.5
log_Ro
9.5
likeval ReclasPelacesDesembMPH_pf_preclas_ppelaces_ptallas_desvR_qrecl_qpela
 117.862 122.659 0.299413 0.00061288 419.986 211.146 106.454 0 73.007 0 0 0 0 0 0
q_reclas_q_pelaces
1 1
M
0.7
N
 2157.32 9509.06 4722.06 2344.9 2313.09
 88709.7 825.781 2805.72 1393.28 1374.38
 743.585 35661.4 268.736 913.071 900.684
 1100.93 251.468 8213.16 61.8924 417.725
 50611.8 459.994 88.4055 2887.39 168.613
 4918.94 24336.8 214.181 41.1631 1422.93
 94668.4 1616.17 5290.57 46.5608 318.279
 13429.6 38398.9 535.453 1752.81 120.875
 113775 4413.39 8351.09 116.452 407.495
 262953 37909.6 986.698 1867.05 117.138
 19855.3 113969 14340.9 373.259 750.6
 7221.97 7838.92 35773.1 4501.36 352.76
 82012.1 2742.58 2276.51 10388.9 1409.69
 20559 27518.2 621.799 516.131 2674.98
 18791.2 5560.71 4054 91.6037 470.116
 12908.6 5287.66 886.653 646.409 89.5661
 11855.5 4869.54 1515.26 254.084 210.905
 9584.97 4641.1 1502.78 467.622 143.499
 2833.84 3934.7 1574.95 509.968 207.383
 35804.8 1099.97 1193.8 477.846 217.647
 45703.6 14564.9 366.541 397.806 231.757
 27869.1 21401.1 6431.09 161.845 277.981
 18821.7 12818.9 9117.96 2739.97 187.388
 3267.37 8179.68 4875.39 3467.82 1113.36
pred_Ctot
 360.921 2859.01 1419.74 705.022 695.458
 12300.2 209.699 712.484 353.809 349.009
 174.378 14362.8 108.235 367.743 362.755
 126.83 53.8743 1759.58 13.2597 89.4929
 1155.36 20.7072 3.97968 129.98 7.59032
 1225.61 10309.8 90.7334 17.4379 602.794
 12618.4 395.917 1296.04 11.4061 77.9694
 3344.71 16261.1 226.753 742.28 51.1879
 27544.2 1825.47 3454.19 48.1669 168.548
 24243.3 6596.94 171.703 324.899 20.3841
 2965.63 30957.4 3895.4 101.388 203.885
 1240.93 2413.34 11013.3 1385.82 108.603
 19562.5 1120.44 930.034 4244.23 575.908
 6969.04 14887.9 336.405 279.237 1447.21
 6048.98 2892.03 2108.42 47.6416 244.5
 2266.81 1659.5 278.271 202.872 28.1098
 1829.61 1362.19 423.874 71.0767 58.9979
 1208.05 1080.17 349.756 108.834 33.3979
 451.348 1132.25 453.208 146.748 59.6765
 4710.16 266.249 288.959 115.663 52.6814
 1881.36 1168.87 29.4156 31.9247 18.599
 1484.43 2205.48 662.754 16.6789 28.6473
 1703.01 2191.63 1558.88 468.449 32.0375
 620.1 2748.25 1638.06 1165.14 374.072
F
 0.260293 0.520585 0.520585 0.520585 0.520585
 0.211301 0.422602 0.422602 0.422602 0.422602
 0.384166 0.768331 0.768331 0.768331 0.768331
 0.172692 0.345384 0.345384 0.345384 0.345384
 0.0321961 0.0643922 0.0643922 0.0643922 0.0643922
 0.413031 0.826062 0.826062 0.826062 0.826062
 0.202352 0.404703 0.404703 0.404703 0.404703
 0.412818 0.825637 0.825637 0.825637 0.825637
 0.399017 0.798034 0.798034 0.798034 0.798034
 0.136045 0.27209 0.27209 0.27209 0.27209
 0.229367 0.458735 0.458735 0.458735 0.458735
 0.268229 0.536457 0.536457 0.536457 0.536457
 0.392019 0.784038 0.784038 0.784038 0.784038
 0.607572 1.21514 1.21514 1.21514 1.21514
 0.568013 1.13603 1.13603 1.13603 1.13603
 0.274895 0.54979 0.54979 0.54979 0.54979
 0.23784 0.475681 0.475681 0.475681 0.475681
 0.190363 0.380726 0.380726 0.380726 0.380726
 0.246347 0.492693 0.492693 0.492693 0.492693
 0.199465 0.398931 0.398931 0.398931 0.398931
 0.058737 0.117474 0.117474 0.117474 0.117474
 0.0765973 0.153195 0.153195 0.153195 0.153195
 0.13336 0.26672 0.26672 0.26672 0.26672
 0.30027 0.60054 0.60054 0.60054 0.60054
nmprior
 10 10 8 0
nm_flota  nm_reclas  nm_pelaces    nm_pelaL
inf 7.1443 5.73406 8.1312
cv_recla  cv_pelaces  cv_mph
1.00511 1.30321 0.803204
 ------------------------------------------------
Talla a la edad & desviación 
 7.2 14.2025 17.0495 18.207 18.6776
 1.08 2.13037 2.55742 2.73105 2.80164
