    unsorted:	 6.213455878e-06 2.528955879e-05 0.0008999965844 0.004091634464 5.593318004 24.84636341 44.49114954 65.03378559 111.5355032 145.1295052 857.7523740 813.3560007 912.0050053 750.9271792 708.5173679 682.7726124 597.2857031 512.5054564 450.5989170 388.3145951 285.9773373 988.3559971 1094.508763 1101.027281 1258.734643 1311.715372 1388.000154 1483.288639 1625.378401 1757.859022 1880.409884 2035.049284 2423.759029 2526.617441 2889.552308 3157.132742 24258.01053 41033.29685 204528.1577 239213.1357 394670.6229 459136.1379 493645.0088 572290.3087 598061.0064 627346.8970 653634.7221 670197.1950 760321.0468 796577.8363 874545.8141 980338.1797 1085286.432 1233389.161 1395623.201 1517319.758 1577577.277 1707274.868 1972824.459 2121410.136 2388466.690 2487891.011 9490926.458
      sorted:	 6.213455878e-06 2.528955879e-05 0.0008999965844 0.004091634464 5.593318004 24.84636341 44.49114954 65.03378559 111.5355032 145.1295052 285.9773373 388.3145951 450.5989170 512.5054564 597.2857031 682.7726124 708.5173679 750.9271792 813.3560007 857.7523740 912.0050053 988.3559971 1094.508763 1101.027281 1258.734643 1311.715372 1388.000154 1483.288639 1625.378401 1757.859022 1880.409884 2035.049284 2423.759029 2526.617441 2889.552308 3157.132742 24258.01053 41033.29685 204528.1577 239213.1357 394670.6229 459136.1379 493645.0088 572290.3087 598061.0064 627346.8970 653634.7221 670197.1950 760321.0468 796577.8363 874545.8141 980338.1797 1085286.432 1233389.161 1395623.201 1517319.758 1577577.277 1707274.868 1972824.459 2121410.136 2388466.690 2487891.011 9490926.458
