years
 1997 1998 1999 2000 2001 2002 2003 2004 2005 2006 2007 2008 2009 2010 2011 2012 2013 2014 2015 2016 2017 2018 2019 2020
reclasobs
 0 0 0 370054 412103 1.49427e+06 250295 1.28982e+06 931140 785840 897777 1.04006e+06 184774 17550 25797 100020 73551 82996 120727 218422 84188 347160 605670 569463
reclaspred
 471024 141094 496839 353842 448708 524843 1.09465e+06 677496 682680 550714 416674 279318 170737 84870.4 64589.4 68090.9 87396.4 121588 129896 184238 262086 244193 439912 553102
pelacesobs
 0 0 0 0 0 0 0 0 0 2.06254e+06 1.5e+06 0 1.87456e+06 323000 250000 174000 83755 137374 0 501740 490994 745055 786931 1.00524e+06
pelacespred
 1.95478e+06 562120 1.11815e+06 1.25361e+06 1.33186e+06 1.34993e+06 2.95383e+06 2.46191e+06 2.11594e+06 1.7608e+06 1.21118e+06 832848 505036 217769 159432 176407 233415 325302 363684 494440 771843 712725 1.0065e+06 1.48935e+06
mphobs
 0 0 0 0 0 112323 0 153150 637223 0 255016 313432 73983 77613 109348 50772 0 0 0 0 0 0 0 0
mphpred
 166133 119380 159805 225386 208446 286211 427322 475934 379805 344058 286562 198778 123708 66389.1 35663.9 32358.3 39345.4 55642.1 69843.3 80797.1 118351 138048 178885 262740
desembarqueobs
 350755 77701 442110 56441 14545 235359 269955 359681 431902 328805 639364 411747 362871 311530 167758 66681 60226 58785 57116 71774 51957 67425 138520 160799
desembarquepred
 350765 77704.5 442153 56442.5 14545.1 235388 269978 359715 431982 328877 639814 412128 363403 312184 167883 66700.3 60245.3 58789.8 57116.4 71778.2 51958.7 67423.9 138524 160803
Reclutas
 97788.3 121708 80075 111672 179431 135327 192394 160262 165029 142349 70983.8 42713.8 42362.2 25692.3 21584.9 29128.5 26078.7 29234.1 33926.3 58655 74709.9 102269 170598 186175
log_desv_Rt
 0.25056 0.469383 0.0507193 0.383324 0.857543 0.575446 0.9273 0.744564 0.773877 0.626035 -0.0697936 -0.577722 -0.585989 -1.08605 -1.26025 -0.960528 -1.07113 -0.956908 -0.808053 -0.260571 -0.0186324 0.295366 0.807067 0.894441
SSB
 1.1637e+06 836213 1.11937e+06 1.57874e+06 1.46008e+06 2.0048e+06 2.99323e+06 3.33373e+06 2.66039e+06 2.40999e+06 2.00726e+06 1.39236e+06 866528 465030 249811 226658 275600 389752 489225 565952 829005 966975 1.25302e+06 1.84039e+06
BT
 4.01269e+06 1.1515e+06 2.32514e+06 2.35036e+06 2.4628e+06 2.63222e+06 5.6565e+06 4.90942e+06 4.28512e+06 3.53786e+06 2.79396e+06 1.89737e+06 1.28207e+06 701936 440260 380746 480827 645534 713054 970289 1.46791e+06 1.36057e+06 1.93868e+06 2.86041e+06
Ftot
 0.24562 0.172741 0.228065 0.0414457 0.00943686 0.103137 0.0648242 0.135859 0.162734 0.147132 0.339871 0.3186 0.490973 0.832046 0.698497 0.27153 0.195899 0.129941 0.110276 0.111134 0.0552125 0.0714072 0.0819067 0.0771613
BD_Bspro_t
 0.970404 0.857489 0.842503 0.776246 0.844079 0.908065 0.88875 0.888291 0.845044 0.80337 0.756199 0.616751 0.50859 0.397285 0.284309 0.310811 0.440748 0.611828 0.711529 0.779761 0.849217 0.894895 0.901374 0.906131
BD_Bspro
 0.743121 0.533995 0.714816 1.00816 0.93239 1.28024 1.91144 2.12888 1.69889 1.53899 1.28181 0.889143 0.553353 0.296962 0.159526 0.14474 0.175994 0.24889 0.312412 0.361409 0.529391 0.617497 0.80016 1.17525
BD_Bo
 0.653551 0.469631 0.628658 0.886646 0.820006 1.12593 1.68104 1.87228 1.49412 1.35349 1.12731 0.781972 0.486656 0.261168 0.140298 0.127295 0.154781 0.218891 0.274757 0.317848 0.465582 0.543068 0.703715 1.03359
BD_Brms
 2.34873 1.68776 2.25927 3.18643 2.94694 4.04636 6.04134 6.7286 5.36955 4.86417 4.05132 2.81025 1.74895 0.938587 0.504204 0.457471 0.556253 0.78665 0.987421 1.14228 1.67321 1.95168 2.52901 3.71453
S_f
 0.217039 1 1 1 1
 0.217039 1 1 1 1
 0.217039 1 1 1 1
 0.217039 1 1 1 1
 0.217039 1 1 1 1
 0.217039 1 1 1 1
 0.217039 1 1 1 1
 0.217039 1 1 1 1
 0.217039 1 1 1 1
 0.217039 1 1 1 1
 0.217039 1 1 1 1
 0.217039 1 1 1 1
 0.217039 1 1 1 1
 0.217039 1 1 1 1
 0.217039 1 1 1 1
 0.217039 1 1 1 1
 0.217039 1 1 1 1
 0.217039 1 1 1 1
 0.217039 1 1 1 1
 0.217039 1 1 1 1
 0.217039 1 1 1 1
 0.217039 1 1 1 1
 0.217039 1 1 1 1
 0.217039 1 1 1 1
Scru_reclas
 1 1 1 1 1
 1 1 1 1 1
 1 1 1 1 1
 1 1 1 1 1
 1 1 1 1 1
 1 1 1 1 1
 1 1 1 1 1
 1 1 1 1 1
 1 1 1 1 1
 1 1 1 1 1
 1 1 1 1 1
 1 1 1 1 1
 1 1 1 1 1
 1 1 1 1 1
 1 1 1 1 1
 1 1 1 1 1
 1 1 1 1 1
 1 1 1 1 1
 1 1 1 1 1
 1 1 1 1 1
 1 1 1 1 1
 1 1 1 1 1
 1 1 1 1 1
 1 1 1 1 1
Scru_pelaces
 0.928097 1 1 1 1
 0.928097 1 1 1 1
 0.928097 1 1 1 1
 0.928097 1 1 1 1
 0.928097 1 1 1 1
 0.928097 1 1 1 1
 0.928097 1 1 1 1
 0.928097 1 1 1 1
 0.928097 1 1 1 1
 0.928097 1 1 1 1
 0.928097 1 1 1 1
 0.928097 1 1 1 1
 0.928097 1 1 1 1
 0.928097 1 1 1 1
 0.928097 1 1 1 1
 0.928097 1 1 1 1
 0.928097 1 1 1 1
 0.928097 1 1 1 1
 0.928097 1 1 1 1
 0.928097 1 1 1 1
 0.928097 1 1 1 1
 0.928097 1 1 1 1
 0.928097 1 1 1 1
 0.928097 1 1 1 1
pf_obs 
 0.256992 0.487395 0.22802 0.0275931 0
 0.321318 0.546541 0.124235 0.00734118 0.000564706
 0.182869 0.594174 0.210203 0.0122559 0.00049798
 0.330522 0.361315 0.267642 0.0388342 0.00168674
 0.649043 0.306663 0.0425973 0.00169635 0
 0.582887 0.30429 0.105238 0.00758474 0
 0.465427 0.430635 0.0974691 0.00646863 0
 0.296916 0.608066 0.0921331 0.00288517 0
 0.311714 0.524322 0.152257 0.0117073 0
 0.15457 0.633149 0.183074 0.0267441 0.00246327
 0.131901 0.49318 0.331252 0.0422183 0.00144891
 0.196976 0.569456 0.194076 0.0375587 0.00193317
 0.518974 0.381816 0.0799577 0.0180837 0.00116848
 0.0928022 0.601141 0.25162 0.0475244 0.00691264
 0.122501 0.610282 0.24278 0.0234846 0.000952079
 0.383417 0.481906 0.127806 0.00687128 0
 0.0376549 0.599619 0.316969 0.0457579 0
 0.0361596 0.667082 0.258105 0.0386534 0
 0.158088 0.579412 0.248529 0.0139706 0
 0.0477256 0.309471 0.559284 0.082774 0.000745712
 0.0406174 0.521527 0.379366 0.0568643 0.0016247
 0.151134 0.462217 0.34131 0.0453401 0
 0.294876 0.26143 0.354403 0.0886775 0.000613685
 0.281977 0.475581 0.204845 0.0348837 0.00271318
pf_pred 
 0.402978 0.421568 0.156929 0.0185164 8.73882e-06
 0.320795 0.527264 0.107288 0.0399379 0.00471459
 0.184444 0.572063 0.189023 0.0384625 0.0160078
 0.258151 0.397359 0.241639 0.0798431 0.0230082
 0.305982 0.430406 0.141199 0.0858653 0.0365477
 0.186733 0.545724 0.165921 0.0544322 0.0471901
 0.254505 0.391696 0.237408 0.0721812 0.0442091
 0.192919 0.498845 0.161953 0.0981601 0.0481233
 0.208913 0.426447 0.225379 0.0731702 0.0660909
 0.188762 0.459707 0.189498 0.10015 0.0618827
 0.118531 0.470375 0.232957 0.0960279 0.0821101
 0.11663 0.370354 0.273759 0.135581 0.103677
 0.183655 0.336671 0.201103 0.148652 0.129918
 0.177838 0.464135 0.147655 0.0881987 0.122173
 0.246645 0.448522 0.172087 0.0547461 0.0779997
 0.336932 0.448126 0.127969 0.0490988 0.0378742
 0.243452 0.548907 0.140331 0.0400738 0.0272357
 0.248253 0.464546 0.208376 0.0532726 0.0255521
 0.250548 0.462465 0.177345 0.0795496 0.0300921
 0.331878 0.41283 0.157533 0.0604105 0.0373482
 0.29101 0.500688 0.128709 0.0491146 0.0304785
 0.290424 0.468023 0.170584 0.0438511 0.0271173
 0.334685 0.439473 0.148961 0.0542931 0.0225876
 0.260377 0.522267 0.143574 0.048665 0.0251166
pobs_RECLAS
 0 0 0 0 0
 0 0 0 0 0
 0 0 0 0 0
 0 0 0 0 0
 0.835266 0.146461 0.0176864 0.000547809 3.91292e-05
 0.385257 0.428462 0.181853 0.0044286 0
 0.867414 0.0963971 0.0333333 0.00285562 0
 0.441836 0.489002 0.0689373 0.000224442 0
 0.779404 0.147425 0.0564933 0.0165055 0.000172143
 0.814271 0.122319 0.05973 0.00367925 0
 0.40263 0.566651 0.0304383 0.000280538 0
 0.475488 0.404961 0.113038 0.00651328 0
 0.955842 0.0263864 0.0167828 0.000988607 0
 0.975058 0.0227948 0.00214734 0 0
 0.738997 0.206755 0.0527124 0.00153531 0
 0.850938 0.134255 0.0134407 0.00136685 0
 0.542534 0.407297 0.0501686 0 0
 0.764087 0.199537 0.0359546 0.000420521 0
 0.470689 0.182191 0.310203 0.0369168 0
 0.84361 0.089868 0.0606195 0.00523954 0.000663233
 0.607945 0.314616 0.071237 0.00620181 0
 0.523733 0.453247 0.0230204 0 0
 0.530135 0.295979 0.169645 0.0042399 0
 0.562478 0.366248 0.0663022 0.0049721 0
ppred_RECLAS
 0.759156 0.170064 0.0633064 0.00746967 3.52532e-06
 0.687087 0.242913 0.0494281 0.0183996 0.00217203
 0.513369 0.341342 0.112787 0.02295 0.00955162
 0.616335 0.205503 0.124969 0.0412927 0.0118992
 0.670211 0.204524 0.0670963 0.0408022 0.017367
 0.51534 0.32522 0.0988791 0.0324384 0.0281225
 0.612078 0.203821 0.123537 0.0375599 0.0230045
 0.525825 0.293081 0.0951501 0.0576708 0.0282733
 0.550969 0.242057 0.127928 0.0415324 0.0375141
 0.519267 0.272419 0.112295 0.0593482 0.0366712
 0.387246 0.326981 0.16194 0.0667539 0.0570789
 0.382554 0.258865 0.191348 0.0947667 0.0724665
 0.516833 0.199264 0.119026 0.0879821 0.0768939
 0.515111 0.273734 0.087083 0.0520172 0.0720545
 0.613312 0.230221 0.0883302 0.0281005 0.0400363
 0.703875 0.200132 0.0571508 0.0219274 0.0169145
 0.599694 0.290439 0.0742525 0.021204 0.014411
 0.604982 0.244104 0.109495 0.027993 0.0134268
 0.607653 0.242106 0.0928423 0.0416452 0.0157536
 0.697092 0.187166 0.0714213 0.0273885 0.0169326
 0.654712 0.243842 0.0626831 0.0239195 0.0148434
 0.654253 0.228048 0.0831187 0.0213668 0.0132132
 0.699429 0.198542 0.0672966 0.0245281 0.0102045
 0.619493 0.268686 0.0738632 0.0250362 0.0129215
pobs_PELACES
 0 0 0 0 0
 0 0 0 0 0
 0 0 0 0 0
 0 0 0 0 0
 0 0 0 0 0
 0 0 0 0 0
 0 0 0 0 0
 0 0 0 0 0
 0 0 0 0 0
 0 0 0 0 0
 0.450072 0.473896 0.0757376 0.000293798 0
 0 0 0 0 0
 0.463077 0.371075 0.160297 0.00555027 0
 0.529543 0.364841 0.0842815 0.0213345 0
 0.631943 0.363953 0.00410389 0 0
 0.735681 0.248677 0.0153453 0.000297389 0
 0.695825 0.281241 0.0229344 0 0
 0.275771 0.60734 0.115278 0.00161068 0
 0 0 0 0 0
 0.896147 0.0623911 0.0374545 0.00400742 0
 0.803859 0.145111 0.0509908 3.86294e-05 0
 0.739449 0.233085 0.0266225 0.000797448 4.60066e-05
 0.878498 0.100942 0.0204185 0.000141795 0
 0.694673 0.275183 0.0284847 0.00165964 0
ppred_PELACES
 0.75711 0.171509 0.0638441 0.00753312 3.55526e-06
 0.680604 0.247946 0.0504521 0.0187808 0.00221703
 0.509448 0.344092 0.113696 0.0231349 0.00962858
 0.601115 0.213656 0.129927 0.0429309 0.0123713
 0.654066 0.214536 0.0703811 0.0427997 0.0182173
 0.503353 0.333264 0.101325 0.0332408 0.0288181
 0.598251 0.211086 0.12794 0.0388986 0.0238244
 0.515964 0.299176 0.0971289 0.0588702 0.0288613
 0.542898 0.246408 0.130227 0.0422789 0.0381883
 0.510124 0.2776 0.11443 0.0604769 0.0373686
 0.390382 0.325308 0.161111 0.0664122 0.0567868
 0.384374 0.258102 0.190784 0.0944873 0.0722528
 0.529864 0.19389 0.115816 0.0856093 0.0748202
 0.550039 0.254016 0.0808103 0.0482703 0.0668643
 0.638097 0.215465 0.0826687 0.0262994 0.0374701
 0.702944 0.200761 0.0573305 0.0219963 0.0169677
 0.593918 0.294629 0.0753238 0.0215099 0.014619
 0.595132 0.250191 0.112225 0.028691 0.0137616
 0.596603 0.248925 0.095457 0.0428181 0.0161973
 0.687312 0.193209 0.0737272 0.0282727 0.0174793
 0.640944 0.253565 0.0651825 0.0248733 0.0154353
 0.64144 0.2365 0.0861991 0.0221587 0.0137028
 0.688073 0.206043 0.0698392 0.0254549 0.01059
 0.606522 0.277845 0.0763811 0.0258897 0.013362
pobs_pel_tallas
 0 0 0 0 0 0 0 0 0 0 0 0 0 0 0 0 0 0 0 0 0 0 0 0 0 0 0 0 0 0 0 0 0 0 0 0
 0 0 0 0 0 0 0 0 0 0 0 0 0 0 0 0 0 0 0 0 0 0 0 0 0 0 0 0 0 0 0 0 0 0 0 0
 0 0 0 0 0 0 0 0 0 0 0 0 0 0 0 0 0 0 0 0 0 0 0 0 0 0 0 0 0 0 0 0 0 0 0 0
 0 0 0 0 0 0 0 0 0 0 0 0 0 0 0 0 0 0 0 0 0 0 0 0 0 0 0 0 0 0 0 0 0 0 0 0
 0 0 0 0 0 0 0 0 0 0 0 0 0 0 0 0 0 0 0 0 0 0 0 0 0 0 0 0 0 0 0 0 0 0 0 0
 0 0 0 0 0 0 0 0 0 0 0 0 0 0 0 0 0 0 0 0 0 0 0 0 0 0 0 0 0 0 0 0 0 0 0 0
 0 0 0 0 0 0 0 0 0 0 0 0 0 0 0 0 0 0 0 0 0 0 0 0 0 0 0 0 0 0 0 0 0 0 0 0
 0 0 0 0 0 0 0 0 0 0 0 0 0 0 0 0 0 0 0 0 0 0 0 0 0 0 0 0 0 0 0 0 0 0 0 0
 0 0 0 0 0 0 0 0 0 0 0 0 0 0 0 0 0 0 0 0 0 0 0 0 0 0 0 0 0 0 0 0 0 0 0 0
 0 0 0 0 0 0 0 0 0 0 0 0 0 0 0 0 0 0 0 0 0 0 0 0 0 0 0 0 0 0 0 0 0 0 0 0
 0 0 0 0 0 0 0 0 1.78061e-05 0.00172719 0.00360574 0.0105946 0.0120993 0.0124554 0.0147524 0.0171206 0.0266825 0.0428682 0.0675386 0.121331 0.153587 0.119568 0.100827 0.0573624 0.0630603 0.0341343 0.0324427 0.0444173 0.0211091 0.0280891 0.0125444 0.00206551 0 0 0 0
 0 0 0 0 0 0 0 0 0 0 0 0 0 0 0 0 0 0 0 0 0 0 0 0 0 0 0 0 0 0 0 0 0 0 0 0
 0 0 0 0 0 0 0.0133647 0.0140871 0.0187388 0.0205184 0.03894 0.0496705 0.03968 0.0493445 0.0407372 0.0367815 0.0215668 0.0243155 0.0234873 0.0199281 0.019796 0.0243948 0.0301388 0.0376714 0.0412746 0.0863199 0.0771752 0.113111 0.0741005 0.0525337 0.0229764 0.00759418 0.00175318 0 0 0
 0 0 0 0 0 0 0 0 0 0 0.00219441 0.00772107 0.0458388 0.0604681 0.0671733 0.0775358 0.0609151 0.0617685 0.073594 0.0568108 0.0755445 0.0548602 0.0670107 0.0636378 0.0643287 0.046367 0.0373049 0.0286899 0.0247887 0.0153202 0.00654259 0.00121912 0.000365735 0 0 0
 0 0 0 0 0 0 0 0 0 0 0 0 0.000112435 0.00938835 0.0111873 0.0202946 0.0414886 0.0713402 0.111592 0.104902 0.108894 0.110636 0.117776 0.105296 0.107544 0.0401394 0.0192827 0.0124803 0.00416011 0.0028671 0.000618394 0 0 0 0 0
 0 0 0 0 0 0 0 0 0 0 0.00291406 0.0102884 0.027416 0.0768956 0.0749926 0.110853 0.0956884 0.0897413 0.0766577 0.0534642 0.0500743 0.0551293 0.0594112 0.0620874 0.0668451 0.0424026 0.0208742 0.0120726 0.0048766 0.00582813 0.00118941 0.000297354 0 0 0 0
 0 0.00264628 0.0354308 0.0461629 0.0458689 0.0383711 0.0214643 0.0164657 0.0346957 0.0420465 0.0363128 0.0245516 0.0311673 0.0291091 0.0169068 0.0133784 0.00837989 0.0085269 0.0148486 0.0160247 0.0276389 0.0546898 0.0760071 0.122758 0.109233 0.0665981 0.0333725 0.0166128 0.00676272 0.00308733 0.000882094 0 0 0 0 0
 0 0 0 0 0 0 0 0.000805153 0.000690131 0.00759144 0.0133425 0.0154129 0.00931677 0.000345066 0.00356568 0.00563607 0.00851162 0.0253048 0.0502646 0.0516448 0.0657925 0.0565908 0.0611916 0.0827007 0.0866115 0.110766 0.145733 0.0935128 0.0569358 0.0249597 0.0138026 0.00621118 0.00161031 0.00115022 0 0
 0 0 0 0 0 0 0 0 0 0 0 0 0 0 0 0 0 0 0 0 0 0 0 0 0 0 0 0 0 0 0 0 0 0 0 0
 0.00147267 0.00158595 0.00478618 0.00569244 0.00954404 0.0108468 0.00647125 0.017049 0.0510054 0.094081 0.124002 0.0959785 0.0687766 0.0820023 0.061753 0.0591476 0.0492212 0.0479892 0.0443925 0.0268479 0.0217502 0.0140895 0.0121071 0.0120363 0.00920419 0.00665534 0.0049561 0.00860946 0.00930331 0.0156896 0.0114698 0.00855282 0.00243557 0.00046729 0 2.83206e-05
 0 0 0 0 0.000772559 0.00158375 0.000888443 0.00281984 0.00712685 0.0440552 0.0773331 0.111326 0.0921469 0.0852325 0.0710754 0.0886704 0.0786465 0.0553345 0.0373146 0.0185414 0.00753245 0.00457741 0.012979 0.0271748 0.0457355 0.0583668 0.034881 0.0177882 0.00938659 0.00492506 0.0015258 0.00185414 0.000309023 5.79419e-05 3.86279e-05 0
 0 0.00173294 0.00326652 0 0.00397197 0.00683976 0.00946217 0.0152591 0.00757587 0.0136028 0.0228656 0.0392903 0.0559909 0.0764795 0.0681675 0.0726916 0.0566044 0.0477403 0.0527397 0.0444891 0.0609904 0.0582453 0.0661739 0.0445044 0.0529084 0.0360697 0.0280645 0.0235558 0.0158879 0.00826598 0.00280645 0.00217768 0.000904811 0.00058276 9.20147e-05 0
 0 0 0 0 0 0 0 0 0 0 0 0 0 0 0 0 0 0 0 0 0 0 0 0 0 0 0 0 0 0 0 0 0 0 0 0
 0 0 0 0 0 0 0 0 0 0 0 0 0 0 0 0 0 0 0 0 0 0 0 0 0 0 0 0 0 0 0 0 0 0 0 0
ppred_pel_tallas
 1.01222e-16 3.30333e-05 0.00019388 0.000921618 0.00354828 0.011065 0.0279493 0.057188 0.0947954 0.127307 0.138535 0.122197 0.0874702 0.0510435 0.0247638 0.0108949 0.00583178 0.00532952 0.0067846 0.00904731 0.0116352 0.0142433 0.0165846 0.0183897 0.0194541 0.0196811 0.0190994 0.0178468 0.0161292 0.014169 0.0121598 0.0102409 0.00849163 0.00694301 0.00559569 0.00443684
 1.01546e-16 2.97003e-05 0.000174305 0.000828544 0.0031899 0.00994737 0.0251264 0.0514126 0.0852248 0.114463 0.12458 0.10994 0.0788119 0.046223 0.0228584 0.010794 0.00682829 0.0071718 0.00948323 0.0126879 0.0162647 0.0198117 0.0229225 0.0252165 0.0264142 0.0263998 0.0252444 0.0231791 0.0205306 0.017641 0.0147994 0.0122014 0.0099432 0.00804091 0.00646163 0.00515355
 1.02971e-16 2.22412e-05 0.000130504 0.000620289 0.00238803 0.00744674 0.0188101 0.0384899 0.0638083 0.0857141 0.0933302 0.0824578 0.0593181 0.0352084 0.0181913 0.00989789 0.00801057 0.00975294 0.0133896 0.0180666 0.0232641 0.0284776 0.0331536 0.0367592 0.0388905 0.0393604 0.0382325 0.0357875 0.0324393 0.0286304 0.0247412 0.0210386 0.0176679 0.014677 0.0120556 0.00977078
 1.03968e-16 2.6233e-05 0.000153952 0.000731787 0.00281737 0.00878566 0.022192 0.0454084 0.075272 0.101096 0.110034 0.0971077 0.0696223 0.0408538 0.0202444 0.0096359 0.00621409 0.00665071 0.00890281 0.0120512 0.0156678 0.0194264 0.0229863 0.0260108 0.0282266 0.0294758 0.0297384 0.0291172 0.0277934 0.0259733 0.0238415 0.0215379 0.0191561 0.0167574 0.0143898 0.0121009
 1.03391e-16 2.85417e-05 0.000167507 0.000796229 0.00306549 0.00955941 0.0241464 0.0494072 0.0819001 0.109996 0.119714 0.105636 0.0757033 0.0443548 0.0218522 0.0101846 0.00627195 0.0064746 0.00855393 0.0115007 0.0148501 0.0182611 0.0213899 0.0239086 0.0255659 0.0262396 0.0259562 0.0248699 0.0232115 0.0212251 0.019116 0.0170225 0.0150153 0.013115 0.011319 0.00962215
 1.04036e-16 2.19748e-05 0.000128942 0.000612864 0.00235945 0.00735761 0.018585 0.0380291 0.0630442 0.0846872 0.0922106 0.081465 0.0585961 0.0347642 0.0179333 0.00971231 0.0078093 0.00948033 0.0130127 0.0175682 0.0226433 0.0277535 0.0323684 0.0359775 0.0381944 0.03884 0.0379742 0.0358626 0.0328941 0.02948 0.0259683 0.0225957 0.019483 0.0166617 0.0141145 0.0118105
 1.04335e-16 2.6108e-05 0.000153218 0.0007283 0.00280395 0.0087438 0.0220862 0.045192 0.0749133 0.100614 0.109509 0.0966438 0.069288 0.0406543 0.0201394 0.0095758 0.0061624 0.00658679 0.00881642 0.0119381 0.0155284 0.0192663 0.0228169 0.025849 0.0280937 0.0293953 0.029733 0.0292058 0.0279888 0.0262803 0.0242564 0.0220487 0.0197437 0.0173977 0.0150558 0.012765
 1.04848e-16 2.25233e-05 0.000132165 0.000628195 0.00241848 0.00754173 0.01905 0.0389803 0.06462 0.0868001 0.0945013 0.0834654 0.059984 0.0354855 0.0181179 0.00951297 0.00730471 0.00867028 0.011857 0.0160277 0.0207102 0.025471 0.0298386 0.0333575 0.0356782 0.0366306 0.0362522 0.0347579 0.0324688 0.0297244 0.0268091 0.0239137 0.0211345 0.0184987 0.0160009 0.0136334
 1.05167e-16 2.36957e-05 0.000139053 0.00066095 0.00254462 0.00793509 0.0200435 0.0410128 0.0679873 0.0913173 0.0994038 0.0877583 0.0629888 0.0371017 0.0186465 0.00931271 0.00658503 0.00747797 0.0101527 0.0137635 0.0178821 0.0221487 0.0261762 0.0295828 0.0320629 0.033446 0.0337221 0.033021 0.0315599 0.029578 0.0272829 0.0248229 0.0222876 0.0197265 0.0171746 0.0146705
 1.05539e-16 2.22678e-05 0.000130667 0.000621078 0.00239109 0.00745631 0.0188342 0.0385387 0.0638873 0.0858146 0.0934248 0.0825059 0.0592758 0.0350294 0.0178172 0.00924736 0.00697631 0.00821278 0.0112299 0.0152147 0.0197239 0.0243593 0.0286871 0.0322829 0.034814 0.0361061 0.03617 0.0351756 0.0333896 0.0310975 0.0285405 0.0258828 0.0232124 0.0205653 0.0179567 0.0154061
 1.07329e-16 1.70485e-05 0.000100021 0.00047537 0.00183006 0.00570675 0.0144151 0.0294971 0.0489024 0.0656978 0.0715535 0.063261 0.0456026 0.0272578 0.0144362 0.00842752 0.00749978 0.00956741 0.0133307 0.0181432 0.0235855 0.0292186 0.0345409 0.0390531 0.042356 0.0442292 0.0446624 0.0438279 0.0420103 0.0395196 0.0366207 0.033498 0.0302575 0.0269539 0.0236254 0.0203196
 1.09416e-16 1.67838e-05 9.84729e-05 0.000468026 0.00180181 0.00561865 0.0141924 0.0290412 0.0481448 0.064675 0.0704264 0.0622335 0.0447944 0.0266401 0.0138654 0.00771892 0.00647782 0.00808248 0.0112682 0.0154426 0.0202686 0.0254149 0.0304976 0.0351195 0.0389414 0.0417409 0.043438 0.0440779 0.0437858 0.0427105 0.0409822 0.0386963 0.0359229 0.0327292 0.0292032 0.0254641
 1.08145e-16 2.31251e-05 0.000135708 0.000645059 0.00248345 0.00774436 0.0195617 0.0400266 0.0663511 0.0891158 0.0969971 0.0856094 0.0613937 0.0360565 0.0179267 0.00863638 0.00571596 0.00624571 0.0084412 0.0115101 0.0150933 0.0189201 0.0227034 0.0261536 0.0290276 0.031171 0.0325354 0.0331624 0.0331467 0.0325921 0.0315795 0.0301562 0.0283463 0.0261727 0.0236789 0.0209408
 1.06013e-16 2.40072e-05 0.000140881 0.000669642 0.00257809 0.00803945 0.0203071 0.0415522 0.0688815 0.0925184 0.100711 0.0889125 0.0638169 0.0375885 0.0188883 0.00942641 0.00665127 0.00753327 0.0102025 0.0137935 0.0178636 0.0220414 0.0259331 0.0291584 0.0314245 0.0325858 0.0326664 0.0318333 0.0303365 0.0284355 0.02634 0.0241806 0.0220126 0.0198413 0.0176558 0.0154556
 1.03899e-16 2.78455e-05 0.000163419 0.000776795 0.00299066 0.00932606 0.023557 0.0482013 0.0799012 0.107312 0.116795 0.103064 0.0738704 0.0433007 0.0213702 0.0100234 0.00626033 0.00653455 0.00866542 0.0116694 0.0150909 0.0185918 0.0218286 0.0244713 0.0262647 0.0270806 0.0269381 0.0259828 0.0244367 0.0225362 0.0204805 0.0184042 0.0163773 0.0144231 0.0125435 0.0107399
 1.02428e-16 3.06725e-05 0.000180017 0.00085571 0.00329451 0.0102736 0.0259503 0.0530982 0.0880174 0.118209 0.128644 0.113497 0.0812955 0.0475472 0.0232678 0.0105785 0.00615182 0.00606121 0.00789297 0.0105663 0.0136002 0.0166605 0.0194203 0.0215718 0.0228832 0.0232487 0.0227066 0.0214193 0.019623 0.0175668 0.0154606 0.013446 0.011594 0.00992112 0.00841423 0.00705232
 1.02588e-16 2.59223e-05 0.000152121 0.000723066 0.00278377 0.00868085 0.0219273 0.0448675 0.0743777 0.0999018 0.108752 0.0960188 0.0689341 0.0406356 0.0204791 0.0103138 0.00738495 0.008415 0.0113693 0.0152856 0.0196457 0.0239993 0.0278704 0.030807 0.0324719 0.0327177 0.0316142 0.0294178 0.0264967 0.023239 0.0199728 0.0169213 0.014197 0.0118239 0.00977445 0.00800282
 1.03304e-16 2.59735e-05 0.000152425 0.000724523 0.00278939 0.00869839 0.0219716 0.0449577 0.0745261 0.100098 0.108955 0.096176 0.0689981 0.0405754 0.020269 0.00991651 0.00674453 0.00746407 0.0100462 0.0135573 0.0175302 0.0215834 0.0253145 0.0283334 0.0303353 0.0311637 0.0308353 0.0295183 0.0274757 0.0249941 0.0223235 0.019644 0.0170616 0.0146258 0.0123554 0.0102598
 1.03665e-16 2.60376e-05 0.000152801 0.000726312 0.00279628 0.00871988 0.0220258 0.0450687 0.07471 0.100344 0.109223 0.0964109 0.069163 0.040665 0.0202997 0.00990794 0.00670738 0.00739915 0.00994807 0.0134179 0.0173419 0.0213411 0.0250178 0.0279881 0.0299553 0.0307704 0.0304572 0.0291881 0.027227 0.0248568 0.0223196 0.0197836 0.0173413 0.0150287 0.0128533 0.0108173
 1.02898e-16 2.99906e-05 0.000176015 0.000836681 0.00322125 0.0100451 0.0253733 0.0519174 0.08606 0.11558 0.125783 0.110972 0.079487 0.0464889 0.0227494 0.0103436 0.00601984 0.0059423 0.00775616 0.0104118 0.0134474 0.0165451 0.0193921 0.0216901 0.0232093 0.023835 0.0235865 0.0225988 0.0210777 0.0192435 0.017284 0.0153296 0.0134508 0.011674 0.0100033 0.00843873
 1.02584e-16 2.79712e-05 0.000164153 0.000780278 0.00300406 0.00936784 0.0236625 0.0484176 0.0802607 0.107798 0.117332 0.103557 0.0742646 0.0436143 0.0216776 0.0104206 0.00684134 0.00738197 0.00984432 0.0132153 0.0169933 0.0207793 0.024163 0.0267559 0.0282682 0.0285711 0.0277214 0.0259347 0.0235213 0.0208077 0.0180687 0.0154901 0.0131643 0.0111103 0.00930536 0.00771407
 1.02703e-16 2.79922e-05 0.000164278 0.000780874 0.00300636 0.00937501 0.0236806 0.0484545 0.0803215 0.107878 0.117415 0.103622 0.0742934 0.0435948 0.0216007 0.0102735 0.00660409 0.00703068 0.00935767 0.0125832 0.0162255 0.0199114 0.0232578 0.0258982 0.0275523 0.028085 0.0275296 0.0260654 0.0239613 0.0215053 0.0189453 0.0164547 0.0141289 0.0120025 0.0100754 0.00833655
 1.02429e-16 3.00243e-05 0.000176211 0.000837613 0.00322483 0.0100563 0.0254015 0.0519752 0.0861563 0.11571 0.125928 0.111106 0.0795971 0.0465818 0.0228476 0.0104765 0.00621738 0.00623171 0.00815964 0.010942 0.0141017 0.0173002 0.0202019 0.0224886 0.0239178 0.0243739 0.0238882 0.0226185 0.0207999 0.0186832 0.0164826 0.0143463 0.0123539 0.0105319 0.00887713 0.00737794
 1.02689e-16 2.64712e-05 0.000155345 0.000738398 0.0028428 0.00886495 0.0223923 0.0458188 0.075954 0.102017 0.111049 0.0980341 0.0703529 0.0414155 0.0207678 0.0102886 0.00715478 0.00801336 0.010787 0.0145039 0.018657 0.0228187 0.0265405 0.0293956 0.031064 0.0314023 0.0304701 0.0285013 0.0258351 0.0228292 0.0197869 0.0169153 0.0143198 0.0120262 0.0100139 0.00824709
pSPR Fmed_Fpbrs
0.784262   0.328257 0.328257
Fs Fmed_Fpbrs
0.143024   1.005 1.005
SSBpbr Bo_Bmed_Bpbrs
1.78058e+06  1.30741e+06  495458 495458
Ro
76115
SPR SPRFo_SPRFmed_SPRFpbrs
1.56596e+06 1.22812e+06 514037
log_Ro
11.06
likeval ReclasPelacesDesembMPH_pf_preclas_ppelaces_ptallas_desvR_qrecl_qpela
 63.5721 24.2457 0.043865 0.000219809 294.01 177.955 82.5247 0 17.4991 0.000133764 0 0 0 0 0
q_reclas_q_pelaces
0.194194 1
M
0.7
N
 97788.3 24117.3 8977.67 1059.3 0.499936
 121708 46039.3 9368.1 3487.27 411.666
 80075 58214.6 19235.4 3914.04 1628.99
 111672 37843.7 23013.3 7604.11 2191.26
 179431 54958.2 18029.7 10964.1 4666.76
 135327 88920.2 27035.1 8869.18 7689.14
 192394 65713.6 39829.3 12109.6 7416.83
 160262 94205.2 30584.2 18537.2 9087.91
 165029 77271.3 40838.1 13258.3 11975.5
 142349 79107 32609 17234 10648.8
 70983.8 68466.6 33908.6 13977.6 11951.8
 42713.8 32742.9 24203 11986.7 9166.03
 42362.2 19793.9 11823.5 8739.69 7638.25
 25692.3 18910.1 6015.87 3593.45 4977.67
 21584.9 10650.5 4086.34 1299.99 1852.16
 29128.5 9210.95 2630.33 1009.19 778.479
 26078.7 13637 3486.37 995.589 676.641
 29234.1 12411.2 5567.16 1423.28 682.672
 33926.3 14113.5 5412.23 2427.7 918.353
 58655 16448.9 6276.79 2407.01 1488.11
 74709.9 28433.1 7309.13 2789.12 1730.81
 102269 36657.9 13361 3434.64 2123.96
 170598 50004.5 16949.2 6177.62 2570.09
 186175 83223.9 22878.7 7754.82 4002.36
pred_Ctot
 3662.1 3831.04 1426.1 168.269 0.0794149
 3227.81 5305.28 1079.52 401.851 47.4377
 2789.07 8650.47 2858.32 581.612 242.063
 719.555 1107.57 673.53 222.55 64.1317
 264.056 371.431 121.852 74.0999 31.5399
 2157.12 6304.16 1916.7 628.796 545.135
 1934.62 2977.47 1804.66 548.683 336.055
 3354.57 8674.17 2816.11 1706.86 836.792
 4127.08 8424.46 4452.36 1445.48 1305.63
 3223.39 7850.19 3235.96 1710.21 1056.74
 3645.61 14467.1 7164.96 2953.49 2525.43
 2060.56 6543.22 4836.63 2395.38 1831.71
 3098.42 5679.93 3392.79 2507.89 2191.82
 3084.7 8050.7 2561.17 1529.86 2119.17
 2202.79 4005.77 1536.92 488.94 696.619
 1202.95 1599.94 456.889 175.297 135.222
 782.62 1764.56 451.12 128.824 87.554
 585.6 1095.81 491.536 125.664 60.2744
 577.825 1066.56 409 183.461 69.3996
 1006.69 1252.24 477.847 183.243 113.288
 640.445 1101.9 283.258 108.09 67.076
 1132.09 1824.38 664.948 170.934 105.705
 2163.97 2841.49 963.137 351.042 146.045
 2225.74 4464.41 1227.29 415.995 214.7
F
 0.0533091 0.24562 0.24562 0.24562 0.24562
 0.0374915 0.172741 0.172741 0.172741 0.172741
 0.049499 0.228065 0.228065 0.228065 0.228065
 0.00899531 0.0414457 0.0414457 0.0414457 0.0414457
 0.00204816 0.00943686 0.00943686 0.00943686 0.00943686
 0.0223848 0.103137 0.103137 0.103137 0.103137
 0.0140694 0.0648242 0.0648242 0.0648242 0.0648242
 0.0294866 0.135859 0.135859 0.135859 0.135859
 0.0353196 0.162734 0.162734 0.162734 0.162734
 0.0319334 0.147132 0.147132 0.147132 0.147132
 0.0737652 0.339871 0.339871 0.339871 0.339871
 0.0691485 0.3186 0.3186 0.3186 0.3186
 0.10656 0.490973 0.490973 0.490973 0.490973
 0.180586 0.832046 0.832046 0.832046 0.832046
 0.151601 0.698497 0.698497 0.698497 0.698497
 0.0589325 0.27153 0.27153 0.27153 0.27153
 0.0425176 0.195899 0.195899 0.195899 0.195899
 0.0282023 0.129941 0.129941 0.129941 0.129941
 0.0239341 0.110276 0.110276 0.110276 0.110276
 0.0241203 0.111134 0.111134 0.111134 0.111134
 0.0119832 0.0552125 0.0552125 0.0552125 0.0552125
 0.0154981 0.0714072 0.0714072 0.0714072 0.0714072
 0.0177769 0.0819067 0.0819067 0.0819067 0.0819067
 0.016747 0.0771613 0.0771613 0.0771613 0.0771613
nmprior
 10 10 8 0
nm_flota  nm_reclas  nm_pelaces    nm_pelaL
inf 11.9761 18.8367 33.8848
cv_recla  cv_pelaces  cv_mph
0.738176 0.579405 0.481018
 ------------------------------------------------
Talla a la edad & desviación 
 7.2 14.2025 17.0495 18.207 18.6776
 1.08 2.13037 2.55742 2.73105 2.80164
