years
 1997 1998 1999 2000 2001 2002 2003 2004 2005 2006 2007 2008 2009 2010 2011 2012 2013 2014 2015 2016 2017 2018 2019 2020
reclasobs
 0 0 0 370054 412103 1.49427e+06 250295 1.28982e+06 931140 785840 897777 1.04006e+06 184774 17550 25797 100020 73551 82996 120727 218422 84188 347160 605670 569463
reclaspred
 476988 129352 382123 270817 396469 467178 1.0091e+06 670348 738919 692401 549256 372812 231688 99559.2 63196.1 62948.4 79679.3 106677 114070 165983 241854 225987 397794 473429
pelacesobs
 0 0 0 0 0 0 0 0 0 2.06254e+06 1.5e+06 0 1.87456e+06 323000 250000 174000 83755 137374 0 501740 490994 745055 786931 1.00524e+06
pelacespred
 2.06084e+06 471517 877723 943931 1.19071e+06 1.14742e+06 2.86335e+06 2.32268e+06 2.28604e+06 2.14837e+06 1.50746e+06 1.06132e+06 648797 220486 141231 152864 204390 282578 306166 438793 724825 646037 902267 1.26867e+06
mphobs
 0 0 0 0 0 112323 0 153150 637223 0 255016 313432 73983 77613 109348 50772 0 0 0 0 0 0 0 0
mphpred
 172570 104243 125440 147207 155202 240918 353829 410723 347201 349851 337306 233803 145631 75408.9 32237.7 26303.2 32601.6 45074.2 55622.6 65203.3 99545.7 118932 152726 216870
desembarqueobs
 350755 77701 442110 56441 14545 235359 269955 359681 431902 328805 639364 411747 362871 311530 167758 66681 60226 58785 57116 71774 51957 67425 138520 160799
desembarquepred
 350765 77703.1 442137 56443.3 14545.1 235407 269992 359692 431958 328837 639500 411924 363125 311819 167697 66687.1 60250 58783.3 57108.6 71775.1 51958.7 67418.3 138522 160803
Reclutas
 47784.2 58642.6 34296.8 51951.4 87594 64922.6 99424.8 97863.4 118123 126422 65832.8 44651.7 44209.8 23309.5 15710.8 17109.8 13241.1 14426.5 17071.1 28871.4 35756.3 49230.5 77858.8 77598
log_desv_Rt
 0.0744498 0.279216 -0.257193 0.158063 0.680468 0.380951 0.807156 0.791328 0.979485 1.04738 0.394873 0.00664671 -0.00329882 -0.643385 -1.0379 -0.952594 -1.20892 -1.12318 -0.95486 -0.429392 -0.215517 0.104269 0.562652 0.559297
SSB
 606368 366283 440764 517248 545338 846525 1.24326e+06 1.44318e+06 1.21997e+06 1.22929e+06 1.18521e+06 821525 511709 264967 113275 92422.7 114554 158379 195443 229108 349778 417896 536641 762024
BT
 2.02799e+06 529561 982438 856573 1.01613e+06 1.15434e+06 2.5995e+06 2.36828e+06 2.32483e+06 2.12949e+06 1.8475e+06 1.2731e+06 900373 479607 258252 183337 220700 285464 307028 427954 654085 608355 855582 1.20189e+06
Ftot
 0.513049 0.424953 0.646116 0.128727 0.025207 0.251584 0.160896 0.323802 0.369269 0.291495 0.590772 0.555213 0.878422 1.61503 1.74807 0.713135 0.490231 0.337714 0.283802 0.282499 0.133455 0.169832 0.196705 0.193151
BD_Bspro_t
 0.938571 0.725268 0.67633 0.536705 0.671582 0.805461 0.767176 0.771943 0.71172 0.672395 0.638739 0.477504 0.367395 0.257639 0.143209 0.144487 0.229428 0.368143 0.476417 0.57495 0.696121 0.780992 0.793811 0.798785
BD_Bspro
 0.66447 0.401379 0.482997 0.56681 0.597592 0.927638 1.36239 1.58146 1.33687 1.34707 1.29877 0.900242 0.56074 0.290356 0.124129 0.101279 0.12553 0.173555 0.214171 0.25106 0.383293 0.457938 0.588062 0.83504
BD_Bo
 0.5727 0.345945 0.41629 0.488528 0.515058 0.799521 1.17423 1.36304 1.15223 1.16103 1.1194 0.77591 0.483297 0.250255 0.106985 0.0872909 0.108193 0.149585 0.184591 0.216386 0.330356 0.394692 0.506844 0.719713
BD_Brms
 1.97268 1.19161 1.43392 1.68275 1.77413 2.75397 4.04467 4.69503 3.9689 3.99919 3.85579 2.67264 1.66472 0.862009 0.368513 0.300675 0.372674 0.51525 0.635829 0.745348 1.13792 1.35953 1.74584 2.47907
S_f
 0.176969 1 1 1 1
 0.176969 1 1 1 1
 0.176969 1 1 1 1
 0.176969 1 1 1 1
 0.176969 1 1 1 1
 0.176969 1 1 1 1
 0.176969 1 1 1 1
 0.176969 1 1 1 1
 0.176969 1 1 1 1
 0.176969 1 1 1 1
 0.176969 1 1 1 1
 0.176969 1 1 1 1
 0.176969 1 1 1 1
 0.176969 1 1 1 1
 0.176969 1 1 1 1
 0.176969 1 1 1 1
 0.176969 1 1 1 1
 0.176969 1 1 1 1
 0.176969 1 1 1 1
 0.176969 1 1 1 1
 0.176969 1 1 1 1
 0.176969 1 1 1 1
 0.176969 1 1 1 1
 0.176969 1 1 1 1
Scru_reclas
 0.973758 1 1 1 1
 0.973758 1 1 1 1
 0.973758 1 1 1 1
 0.973758 1 1 1 1
 0.973758 1 1 1 1
 0.973758 1 1 1 1
 0.973758 1 1 1 1
 0.973758 1 1 1 1
 0.973758 1 1 1 1
 0.973758 1 1 1 1
 0.973758 1 1 1 1
 0.973758 1 1 1 1
 0.973758 1 1 1 1
 0.973758 1 1 1 1
 0.973758 1 1 1 1
 0.973758 1 1 1 1
 0.973758 1 1 1 1
 0.973758 1 1 1 1
 0.973758 1 1 1 1
 0.973758 1 1 1 1
 0.973758 1 1 1 1
 0.973758 1 1 1 1
 0.973758 1 1 1 1
 0.973758 1 1 1 1
Scru_pelaces
 0.999673 1 1 1 1
 0.999673 1 1 1 1
 0.999673 1 1 1 1
 0.999673 1 1 1 1
 0.999673 1 1 1 1
 0.999673 1 1 1 1
 0.999673 1 1 1 1
 0.999673 1 1 1 1
 0.999673 1 1 1 1
 0.999673 1 1 1 1
 0.999673 1 1 1 1
 0.999673 1 1 1 1
 0.999673 1 1 1 1
 0.999673 1 1 1 1
 0.999673 1 1 1 1
 0.999673 1 1 1 1
 0.999673 1 1 1 1
 0.999673 1 1 1 1
 0.999673 1 1 1 1
 0.999673 1 1 1 1
 0.999673 1 1 1 1
 0.999673 1 1 1 1
 0.999673 1 1 1 1
 0.999673 1 1 1 1
pf_obs 
 0.256992 0.487395 0.22802 0.0275931 0
 0.321318 0.546541 0.124235 0.00734118 0.000564706
 0.182869 0.594174 0.210203 0.0122559 0.00049798
 0.330522 0.361315 0.267642 0.0388342 0.00168674
 0.649043 0.306663 0.0425973 0.00169635 0
 0.582887 0.30429 0.105238 0.00758474 0
 0.465427 0.430635 0.0974691 0.00646863 0
 0.296916 0.608066 0.0921331 0.00288517 0
 0.311714 0.524322 0.152257 0.0117073 0
 0.15457 0.633149 0.183074 0.0267441 0.00246327
 0.131901 0.49318 0.331252 0.0422183 0.00144891
 0.196976 0.569456 0.194076 0.0375587 0.00193317
 0.518974 0.381816 0.0799577 0.0180837 0.00116848
 0.0928022 0.601141 0.25162 0.0475244 0.00691264
 0.122501 0.610282 0.24278 0.0234846 0.000952079
 0.383417 0.481906 0.127806 0.00687128 0
 0.0376549 0.599619 0.316969 0.0457579 0
 0.0361596 0.667082 0.258105 0.0386534 0
 0.158088 0.579412 0.248529 0.0139706 0
 0.0477256 0.309471 0.559284 0.082774 0.000745712
 0.0406174 0.521527 0.379366 0.0568643 0.0016247
 0.151134 0.462217 0.34131 0.0453401 0
 0.294876 0.26143 0.354403 0.0886775 0.000613685
 0.281977 0.475581 0.204845 0.0348837 0.00271318
pf_pred 
 0.345429 0.461762 0.172424 0.0203754 9.98182e-06
 0.305439 0.550247 0.101806 0.0380145 0.0044944
 0.173895 0.621706 0.161929 0.0299598 0.0125097
 0.281859 0.4447 0.205785 0.0535986 0.0140574
 0.303341 0.488973 0.128607 0.059513 0.0195661
 0.171436 0.591095 0.166675 0.043838 0.0269555
 0.255613 0.42292 0.229334 0.0646667 0.0274665
 0.214803 0.531192 0.144311 0.0782547 0.0314383
 0.249945 0.482272 0.181157 0.0492158 0.0374095
 0.237853 0.527123 0.151117 0.0567644 0.0271435
 0.137886 0.576904 0.197259 0.0565507 0.0313999
 0.150468 0.463648 0.258224 0.0882937 0.0393669
 0.227649 0.437562 0.182717 0.101762 0.0503093
 0.205113 0.572093 0.12622 0.0527068 0.0438668
 0.293798 0.544697 0.116238 0.0256454 0.0196219
 0.364826 0.542756 0.0712823 0.0152116 0.00592395
 0.233282 0.629612 0.117157 0.0153867 0.00456223
 0.246133 0.516316 0.195072 0.0362986 0.00618074
 0.252853 0.511006 0.161731 0.0611044 0.0133062
 0.324494 0.46344 0.145041 0.0459047 0.0211203
 0.269014 0.552698 0.122317 0.0382809 0.0176901
 0.268817 0.503578 0.172093 0.0380855 0.0174276
 0.301279 0.483629 0.148137 0.0506243 0.0163302
 0.222782 0.565492 0.146549 0.0448885 0.0202886
pobs_RECLAS
 0 0 0 0 0
 0 0 0 0 0
 0 0 0 0 0
 0 0 0 0 0
 0.835266 0.146461 0.0176864 0.000547809 3.91292e-05
 0.385257 0.428462 0.181853 0.0044286 0
 0.867414 0.0963971 0.0333333 0.00285562 0
 0.441836 0.489002 0.0689373 0.000224442 0
 0.779404 0.147425 0.0564933 0.0165055 0.000172143
 0.814271 0.122319 0.05973 0.00367925 0
 0.40263 0.566651 0.0304383 0.000280538 0
 0.475488 0.404961 0.113038 0.00651328 0
 0.955842 0.0263864 0.0167828 0.000988607 0
 0.975058 0.0227948 0.00214734 0 0
 0.738997 0.206755 0.0527124 0.00153531 0
 0.850938 0.134255 0.0134407 0.00136685 0
 0.542534 0.407297 0.0501686 0 0
 0.764087 0.199537 0.0359546 0.000420521 0
 0.470689 0.182191 0.310203 0.0369168 0
 0.84361 0.089868 0.0606195 0.00523954 0.000663233
 0.607945 0.314616 0.071237 0.00620181 0
 0.523733 0.453247 0.0230204 0 0
 0.530135 0.295979 0.169645 0.0042399 0
 0.562478 0.366248 0.0663022 0.0049721 0
ppred_RECLAS
 0.750382 0.176091 0.065753 0.00777006 3.80652e-06
 0.71319 0.227217 0.0420393 0.0156976 0.0018559
 0.548307 0.339933 0.0885385 0.0163812 0.00683999
 0.684971 0.195078 0.0902723 0.0235122 0.00616661
 0.70578 0.206508 0.0543146 0.0251341 0.00826335
 0.535979 0.331031 0.093343 0.0245506 0.0150959
 0.655876 0.195513 0.106019 0.0298949 0.0126976
 0.605514 0.266873 0.0725027 0.0393155 0.0157947
 0.652306 0.223561 0.0839769 0.0228144 0.0173415
 0.635967 0.251775 0.0721795 0.027113 0.0129648
 0.478484 0.348985 0.119327 0.0342091 0.0189946
 0.503162 0.271159 0.151019 0.0516375 0.0230233
 0.635291 0.20662 0.0862803 0.0480529 0.0237564
 0.628196 0.267593 0.0590385 0.0246533 0.0205184
 0.735827 0.203758 0.0434819 0.00959331 0.00734007
 0.769287 0.197144 0.0258917 0.00552528 0.00215174
 0.633673 0.30082 0.055976 0.00735155 0.00217977
 0.647115 0.241687 0.0913131 0.0169913 0.00289321
 0.654392 0.236376 0.074812 0.0282651 0.00615507
 0.728805 0.186057 0.0582294 0.0184293 0.00847914
 0.670978 0.248773 0.0550556 0.0172305 0.00796241
 0.671234 0.226426 0.0773788 0.0171246 0.00783604
 0.705756 0.203665 0.0623832 0.0213188 0.00687696
 0.614513 0.280474 0.0726861 0.022264 0.0100628
pobs_PELACES
 0 0 0 0 0
 0 0 0 0 0
 0 0 0 0 0
 0 0 0 0 0
 0 0 0 0 0
 0 0 0 0 0
 0 0 0 0 0
 0 0 0 0 0
 0 0 0 0 0
 0 0 0 0 0
 0.450072 0.473896 0.0757376 0.000293798 0
 0 0 0 0 0
 0.463077 0.371075 0.160297 0.00555027 0
 0.529543 0.364841 0.0842815 0.0213345 0
 0.631943 0.363953 0.00410389 0 0
 0.735681 0.248677 0.0153453 0.000297389 0
 0.695825 0.281241 0.0229344 0 0
 0.275771 0.60734 0.115278 0.00161068 0
 0 0 0 0 0
 0.896147 0.0623911 0.0374545 0.00400742 0
 0.803859 0.145111 0.0509908 3.86294e-05 0
 0.739449 0.233085 0.0266225 0.000797448 4.60066e-05
 0.878498 0.100942 0.0204185 0.000141795 0
 0.694673 0.275183 0.0284847 0.00165964 0
ppred_PELACES
 0.780102 0.155125 0.0579243 0.00684495 3.35331e-06
 0.741276 0.204967 0.0379225 0.0141604 0.00167416
 0.597627 0.302816 0.0788713 0.0145926 0.00609315
 0.698031 0.18699 0.0865299 0.0225375 0.00591096
 0.712609 0.201715 0.053054 0.0245508 0.00807156
 0.559408 0.314317 0.08863 0.023311 0.0143337
 0.67149 0.186641 0.101209 0.0285384 0.0121214
 0.632441 0.248657 0.0675538 0.0366319 0.0147166
 0.68043 0.205478 0.0771842 0.020969 0.0159388
 0.66001 0.235147 0.0674124 0.0253223 0.0121086
 0.525129 0.317771 0.108655 0.0311493 0.0172957
 0.547286 0.247077 0.137607 0.0470516 0.0209786
 0.6942 0.173246 0.072344 0.0402913 0.0199192
 0.728969 0.195066 0.0430369 0.0179714 0.0149572
 0.821337 0.137804 0.0294073 0.00648806 0.00496416
 0.806003 0.16577 0.0217713 0.00464599 0.00180931
 0.66983 0.271128 0.050451 0.00662593 0.00196462
 0.673569 0.223569 0.0844679 0.0157176 0.00267632
 0.677377 0.220655 0.0698363 0.0263852 0.00574571
 0.748675 0.172425 0.053963 0.017079 0.00785787
 0.684628 0.238452 0.0527715 0.0165157 0.00763207
 0.687007 0.215563 0.0736665 0.016303 0.0074601
 0.72203 0.192401 0.058933 0.0201398 0.00649662
 0.632986 0.267034 0.0692029 0.021197 0.00958058
pobs_pel_tallas
 0 0 0 0 0 0 0 0 0 0 0 0 0 0 0 0 0 0 0 0 0 0 0 0 0 0 0 0 0 0 0 0 0 0 0 0
 0 0 0 0 0 0 0 0 0 0 0 0 0 0 0 0 0 0 0 0 0 0 0 0 0 0 0 0 0 0 0 0 0 0 0 0
 0 0 0 0 0 0 0 0 0 0 0 0 0 0 0 0 0 0 0 0 0 0 0 0 0 0 0 0 0 0 0 0 0 0 0 0
 0 0 0 0 0 0 0 0 0 0 0 0 0 0 0 0 0 0 0 0 0 0 0 0 0 0 0 0 0 0 0 0 0 0 0 0
 0 0 0 0 0 0 0 0 0 0 0 0 0 0 0 0 0 0 0 0 0 0 0 0 0 0 0 0 0 0 0 0 0 0 0 0
 0 0 0 0 0 0 0 0 0 0 0 0 0 0 0 0 0 0 0 0 0 0 0 0 0 0 0 0 0 0 0 0 0 0 0 0
 0 0 0 0 0 0 0 0 0 0 0 0 0 0 0 0 0 0 0 0 0 0 0 0 0 0 0 0 0 0 0 0 0 0 0 0
 0 0 0 0 0 0 0 0 0 0 0 0 0 0 0 0 0 0 0 0 0 0 0 0 0 0 0 0 0 0 0 0 0 0 0 0
 0 0 0 0 0 0 0 0 0 0 0 0 0 0 0 0 0 0 0 0 0 0 0 0 0 0 0 0 0 0 0 0 0 0 0 0
 0 0 0 0 0 0 0 0 0 0 0 0 0 0 0 0 0 0 0 0 0 0 0 0 0 0 0 0 0 0 0 0 0 0 0 0
 0 0 0 0 0 0 0 0 1.78061e-05 0.00172719 0.00360574 0.0105946 0.0120993 0.0124554 0.0147524 0.0171206 0.0266825 0.0428682 0.0675386 0.121331 0.153587 0.119568 0.100827 0.0573624 0.0630603 0.0341343 0.0324427 0.0444173 0.0211091 0.0280891 0.0125444 0.00206551 0 0 0 0
 0 0 0 0 0 0 0 0 0 0 0 0 0 0 0 0 0 0 0 0 0 0 0 0 0 0 0 0 0 0 0 0 0 0 0 0
 0 0 0 0 0 0 0.0133647 0.0140871 0.0187388 0.0205184 0.03894 0.0496705 0.03968 0.0493445 0.0407372 0.0367815 0.0215668 0.0243155 0.0234873 0.0199281 0.019796 0.0243948 0.0301388 0.0376714 0.0412746 0.0863199 0.0771752 0.113111 0.0741005 0.0525337 0.0229764 0.00759418 0.00175318 0 0 0
 0 0 0 0 0 0 0 0 0 0 0.00219441 0.00772107 0.0458388 0.0604681 0.0671733 0.0775358 0.0609151 0.0617685 0.073594 0.0568108 0.0755445 0.0548602 0.0670107 0.0636378 0.0643287 0.046367 0.0373049 0.0286899 0.0247887 0.0153202 0.00654259 0.00121912 0.000365735 0 0 0
 0 0 0 0 0 0 0 0 0 0 0 0 0.000112435 0.00938835 0.0111873 0.0202946 0.0414886 0.0713402 0.111592 0.104902 0.108894 0.110636 0.117776 0.105296 0.107544 0.0401394 0.0192827 0.0124803 0.00416011 0.0028671 0.000618394 0 0 0 0 0
 0 0 0 0 0 0 0 0 0 0 0.00291406 0.0102884 0.027416 0.0768956 0.0749926 0.110853 0.0956884 0.0897413 0.0766577 0.0534642 0.0500743 0.0551293 0.0594112 0.0620874 0.0668451 0.0424026 0.0208742 0.0120726 0.0048766 0.00582813 0.00118941 0.000297354 0 0 0 0
 0 0.00264628 0.0354308 0.0461629 0.0458689 0.0383711 0.0214643 0.0164657 0.0346957 0.0420465 0.0363128 0.0245516 0.0311673 0.0291091 0.0169068 0.0133784 0.00837989 0.0085269 0.0148486 0.0160247 0.0276389 0.0546898 0.0760071 0.122758 0.109233 0.0665981 0.0333725 0.0166128 0.00676272 0.00308733 0.000882094 0 0 0 0 0
 0 0 0 0 0 0 0 0.000805153 0.000690131 0.00759144 0.0133425 0.0154129 0.00931677 0.000345066 0.00356568 0.00563607 0.00851162 0.0253048 0.0502646 0.0516448 0.0657925 0.0565908 0.0611916 0.0827007 0.0866115 0.110766 0.145733 0.0935128 0.0569358 0.0249597 0.0138026 0.00621118 0.00161031 0.00115022 0 0
 0 0 0 0 0 0 0 0 0 0 0 0 0 0 0 0 0 0 0 0 0 0 0 0 0 0 0 0 0 0 0 0 0 0 0 0
 0.00147267 0.00158595 0.00478618 0.00569244 0.00954404 0.0108468 0.00647125 0.017049 0.0510054 0.094081 0.124002 0.0959785 0.0687766 0.0820023 0.061753 0.0591476 0.0492212 0.0479892 0.0443925 0.0268479 0.0217502 0.0140895 0.0121071 0.0120363 0.00920419 0.00665534 0.0049561 0.00860946 0.00930331 0.0156896 0.0114698 0.00855282 0.00243557 0.00046729 0 2.83206e-05
 0 0 0 0 0.000772559 0.00158375 0.000888443 0.00281984 0.00712685 0.0440552 0.0773331 0.111326 0.0921469 0.0852325 0.0710754 0.0886704 0.0786465 0.0553345 0.0373146 0.0185414 0.00753245 0.00457741 0.012979 0.0271748 0.0457355 0.0583668 0.034881 0.0177882 0.00938659 0.00492506 0.0015258 0.00185414 0.000309023 5.79419e-05 3.86279e-05 0
 0 0.00173294 0.00326652 0 0.00397197 0.00683976 0.00946217 0.0152591 0.00757587 0.0136028 0.0228656 0.0392903 0.0559909 0.0764795 0.0681675 0.0726916 0.0566044 0.0477403 0.0527397 0.0444891 0.0609904 0.0582453 0.0661739 0.0445044 0.0529084 0.0360697 0.0280645 0.0235558 0.0158879 0.00826598 0.00280645 0.00217768 0.000904811 0.00058276 9.20147e-05 0
 0 0 0 0 0 0 0 0 0 0 0 0 0 0 0 0 0 0 0 0 0 0 0 0 0 0 0 0 0 0 0 0 0 0 0 0
 0 0 0 0 0 0 0 0 0 0 0 0 0 0 0 0 0 0 0 0 0 0 0 0 0 0 0 0 0 0 0 0 0 0 0 0
ppred_pel_tallas
 1.01109e-16 3.40352e-05 0.000199763 0.000949592 0.003656 0.0114009 0.0287977 0.0589238 0.097672 0.131169 0.142732 0.125886 0.0900829 0.052512 0.0253712 0.0109828 0.00562211 0.00490764 0.00615526 0.00818796 0.0105271 0.0128871 0.0150062 0.0166407 0.0176056 0.0178131 0.0172891 0.016158 0.014606 0.012834 0.011017 0.009281 0.00769781 0.00629558 0.00507504 0.00402478
 1.0117e-16 3.23441e-05 0.000189831 0.000902363 0.00347414 0.0108338 0.0273653 0.0559932 0.0928159 0.124652 0.135654 0.119675 0.0857072 0.0500998 0.0244641 0.0110308 0.00628282 0.00607062 0.00784035 0.0104453 0.0133742 0.0162753 0.0188086 0.0206596 0.0215986 0.0215324 0.0205232 0.0187664 0.0165363 0.0141198 0.0117582 0.00961463 0.00776803 0.00622944 0.00496832 0.00393773
 1.02005e-16 2.60844e-05 0.000153071 0.000727584 0.00280116 0.00873508 0.0220643 0.0451478 0.0748426 0.100527 0.109433 0.096624 0.0693757 0.0409102 0.0206436 0.0104391 0.00752649 0.00860844 0.0116359 0.0156357 0.0200777 0.0244972 0.028402 0.031325 0.0329187 0.0330323 0.0317415 0.0293164 0.0261453 0.0226383 0.0191453 0.0159076 0.0130499 0.0106026 0.00853802 0.0068051
 1.0234e-16 3.04578e-05 0.000178758 0.000849724 0.00327147 0.0102018 0.0257689 0.0527267 0.0874014 0.11738 0.127741 0.112694 0.0807096 0.0471823 0.0230483 0.0104115 0.00596598 0.00581374 0.00756345 0.0101529 0.0131207 0.0161547 0.018949 0.0212099 0.0227086 0.0233262 0.0230739 0.0220761 0.020529 0.0186474 0.0166196 0.0145828 0.0126193 0.0107694 0.00905019 0.00747068
 1.0204e-16 3.1094e-05 0.000182492 0.000867472 0.0033398 0.0104148 0.0263071 0.0538281 0.0892272 0.119833 0.130412 0.115054 0.0824078 0.0481908 0.0235695 0.0106927 0.00618534 0.00606463 0.00788176 0.0105395 0.0135494 0.0165731 0.0192803 0.0213612 0.022584 0.0228453 0.0221883 0.0207825 0.0188728 0.0167172 0.0145338 0.0124702 0.0106009 0.00894293 0.00748054 0.00618801
 1.02832e-16 2.44184e-05 0.000143289 0.000681077 0.00262209 0.00817666 0.0206538 0.0422619 0.0700596 0.0941054 0.102451 0.0904779 0.0650043 0.038416 0.0195402 0.0101368 0.00762916 0.00894425 0.0121696 0.0163873 0.0210791 0.0257735 0.0299643 0.0331677 0.0350212 0.0353623 0.034259 0.0319778 0.0289051 0.0254495 0.0219587 0.0186712 0.0157103 0.0131075 0.0108405 0.00886761
 1.03045e-16 2.93005e-05 0.000171964 0.000817423 0.0031471 0.00981392 0.0247892 0.0507223 0.0840791 0.11292 0.122888 0.108419 0.0776598 0.045424 0.022236 0.0101251 0.00591764 0.00587051 0.00768922 0.0103557 0.0134264 0.0165977 0.0195673 0.0220417 0.0237872 0.0246747 0.0246997 0.0239673 0.0226525 0.0209497 0.0190315 0.0170253 0.0150118 0.0130375 0.0111321 0.00932217
 1.02987e-16 2.76002e-05 0.000161976 0.000769927 0.00296421 0.00924356 0.0233486 0.0477752 0.079196 0.106368 0.115775 0.102183 0.0732787 0.0430346 0.0213883 0.0102805 0.00674959 0.00728666 0.00972525 0.0130694 0.0168289 0.0206152 0.0240281 0.0266875 0.0283073 0.0287571 0.028085 0.0264925 0.0242722 0.021732 0.0191308 0.0166429 0.014355 0.0122867 0.0104211 0.00873236
 1.02628e-16 2.9691e-05 0.000174255 0.000828312 0.00318902 0.00994463 0.0251194 0.0513981 0.0851996 0.114426 0.12453 0.109875 0.0787184 0.0460744 0.0226119 0.0103911 0.00619903 0.0062418 0.00818769 0.0109906 0.0141791 0.0174176 0.0203722 0.0227246 0.0242306 0.0247709 0.0243711 0.0231821 0.021432 0.0193652 0.0171913 0.015057 0.0130424 0.0111772 0.00946325 0.00789459
 1.0247e-16 2.88018e-05 0.000169031 0.000803474 0.00309338 0.00964637 0.0243661 0.0498569 0.0826459 0.110999 0.12081 0.106612 0.0764234 0.0448177 0.0221559 0.0104517 0.00660219 0.00693646 0.00919075 0.0123329 0.0158702 0.0194269 0.0226213 0.025092 0.026567 0.0269227 0.0262058 0.0246096 0.0224156 0.0199214 0.0173794 0.0149617 0.0127566 0.0107868 0.00903786 0.00748366
 1.03525e-16 2.29238e-05 0.000134515 0.00063936 0.00246147 0.00767576 0.0193886 0.0396732 0.0657689 0.0883446 0.0961856 0.0849597 0.0610725 0.0361586 0.018515 0.00980692 0.00762984 0.0091117 0.0124645 0.0168251 0.0216939 0.0266038 0.0310462 0.0345307 0.0366835 0.0373272 0.036512 0.0344848 0.0316127 0.0282876 0.0248449 0.0215181 0.018433 0.0156316 0.0131084 0.0108426
 1.04631e-16 2.38871e-05 0.000140176 0.000666291 0.00256518 0.00799921 0.0202055 0.0413442 0.0685366 0.0920551 0.100207 0.0884664 0.0634956 0.0373973 0.0187898 0.00937568 0.00661876 0.00750906 0.0101927 0.013817 0.0179504 0.0222302 0.0262656 0.0296705 0.0321342 0.0334819 0.0337 0.0329172 0.031352 0.0292485 0.0268224 0.0242322 0.0215789 0.0189232 0.0163087 0.013779
 1.03399e-16 3.02901e-05 0.000177775 0.000845053 0.00325349 0.0101457 0.0256272 0.0524369 0.0869205 0.116734 0.127034 0.112064 0.0802426 0.0468783 0.0228424 0.0102217 0.00572386 0.00546963 0.00708266 0.00951476 0.0123228 0.0152187 0.0179244 0.0201736 0.0217579 0.0225677 0.0226087 0.0219862 0.020866 0.019426 0.0178172 0.0161429 0.0144595 0.0127909 0.0111483 0.00954526
 1.01991e-16 3.1807e-05 0.000186679 0.000887379 0.00341645 0.0106539 0.0269108 0.0550634 0.0912745 0.122582 0.1334 0.117683 0.084275 0.0492509 0.0240283 0.0107993 0.00610477 0.00586513 0.00757275 0.0101073 0.0129772 0.0158499 0.0184055 0.020346 0.0214512 0.0216265 0.020921 0.0195061 0.0176257 0.0155345 0.0134453 0.0114997 0.00976482 0.00824974 0.00693052 0.00577354
 1.00918e-16 3.58324e-05 0.000210316 0.000999767 0.00384919 0.0120034 0.0303195 0.0620373 0.102832 0.138096 0.150263 0.132511 0.0947882 0.055182 0.0265242 0.0112456 0.00540985 0.00439118 0.00535742 0.00707385 0.00905449 0.0110298 0.0127654 0.0140485 0.0147236 0.0147258 0.0140942 0.0129567 0.0114944 0.00989689 0.00832437 0.0068853 0.00563297 0.00457619 0.00369669 0.00296576
 1.00608e-16 3.51649e-05 0.000206395 0.000981119 0.00377738 0.0117794 0.0297539 0.0608802 0.100915 0.135524 0.147471 0.130066 0.093075 0.0542573 0.0262153 0.0113468 0.00580033 0.00504305 0.00629295 0.00832205 0.0106219 0.0128835 0.0148267 0.016197 0.0168122 0.0166035 0.0156309 0.0140638 0.0121366 0.0100923 0.00813501 0.00640086 0.00495346 0.00379678 0.00289731 0.00220601
 1.01125e-16 2.92315e-05 0.000171551 0.000815443 0.00313945 0.00979004 0.024729 0.0505997 0.0838781 0.112657 0.12262 0.108226 0.0776151 0.0455862 0.0226642 0.0109033 0.00716321 0.0077205 0.0102689 0.0137364 0.017582 0.0213701 0.0246549 0.0270196 0.0281605 0.0279565 0.0264943 0.024039 0.0209622 0.0176529 0.0144404 0.0115482 0.00908644 0.00707154 0.00546108 0.00418747
 1.01938e-16 2.93926e-05 0.000172501 0.000819971 0.0031569 0.00984446 0.0248664 0.0508805 0.0843423 0.113276 0.123284 0.108787 0.0779633 0.0456823 0.022512 0.0105008 0.00647621 0.00668784 0.00882638 0.011846 0.015259 0.0187026 0.0218103 0.0242328 0.0257033 0.0260938 0.0254377 0.0239091 0.0217697 0.0193014 0.0167497 0.0142899 0.0120218 0.00998462 0.00818116 0.00659912
 1.02239e-16 2.95585e-05 0.000173475 0.000824604 0.00317474 0.00990009 0.0250069 0.051168 0.0848187 0.113915 0.123979 0.109397 0.0783941 0.0459217 0.0226056 0.0105032 0.00642113 0.00658546 0.00867256 0.0116314 0.014975 0.0183449 0.0213815 0.0237437 0.0251734 0.0255503 0.0249134 0.0234391 0.0213874 0.0190351 0.0166186 0.0143019 0.0121725 0.0102577 0.00855053 0.00703263
 1.01777e-16 3.26655e-05 0.00019172 0.000911353 0.00350876 0.0109417 0.027638 0.056551 0.0937395 0.12589 0.136993 0.120838 0.086501 0.0504847 0.0245053 0.0108026 0.0058132 0.00534024 0.00680975 0.00908453 0.0116864 0.0143123 0.0166769 0.0185134 0.0196206 0.0199052 0.0193989 0.0182404 0.0166342 0.0147972 0.0129147 0.0111144 0.00946388 0.00798335 0.0066658 0.00549524
 1.01751e-16 2.98754e-05 0.000175334 0.000833437 0.00320874 0.0100061 0.0252748 0.0517162 0.0857278 0.115137 0.125312 0.11058 0.0792575 0.0464583 0.0229265 0.0107457 0.00669158 0.00694974 0.00916604 0.0122654 0.0157349 0.0191864 0.0222296 0.0244984 0.0257228 0.0257889 0.0247608 0.0228557 0.0203819 0.0176627 0.0149712 0.0124922 0.0103169 0.00846136 0.0068967 0.00557723
 1.02025e-16 2.99783e-05 0.00017594 0.000836322 0.00321985 0.0100408 0.0253623 0.0518951 0.0860238 0.115533 0.125737 0.110944 0.0794923 0.046544 0.0228729 0.0105617 0.00636781 0.00646089 0.0084836 0.0113727 0.0146405 0.0179338 0.0208992 0.023202 0.0245883 0.0249388 0.0242905 0.0228154 0.0207686 0.0184231 0.0160136 0.013705 0.0115874 0.00969153 0.00801327 0.00653528
 1.01895e-16 3.15044e-05 0.000184902 0.000878933 0.00338393 0.0105525 0.0266547 0.0545393 0.0904057 0.121415 0.13213 0.116564 0.0834747 0.0487857 0.0238065 0.0107093 0.0060696 0.00584884 0.00756624 0.0101155 0.0130129 0.0159316 0.0185551 0.020586 0.0218 0.0220939 0.021504 0.0201868 0.0183719 0.0163032 0.0141888 0.0121724 0.01033 0.00868387 0.00722574 0.00593664
 1.02246e-16 2.76247e-05 0.000162118 0.0007706 0.00296679 0.00925161 0.023369 0.047817 0.0792657 0.106463 0.115883 0.102287 0.0733746 0.0431329 0.0215147 0.0104693 0.00703858 0.00771368 0.0103232 0.0138587 0.0178082 0.0217535 0.025261 0.0279201 0.0294246 0.0296402 0.0286296 0.0266248 0.02396 0.0209873 0.0180055 0.0152185 0.0127301 0.0105639 0.00869656 0.00708732
pSPR Fmed_Fpbrs
0.609253   0.340316 0.340316
Fs Fmed_Fpbrs
0.335964   1.005 1.005
SSBpbr Bo_Bmed_Bpbrs
1.05879e+06  592131  307384 307384
Ro
44355.9
SPR SPRFo_SPRFmed_SPRFpbrs
912560 555980 310559
log_Ro
10.52
likeval ReclasPelacesDesembMPH_pf_preclas_ppelaces_ptallas_desvR_qrecl_qpela
 60.6899 17.7505 0.010009 0.000223606 285.707 166.661 80.529 0 15.5241 3.91463e-05 2.79923e-05 0 0 0 0
q_reclas_q_pelaces
0.412054 2.12276
M
0.7
N
 47784.2 13485.9 5035.7 595.071 0.291523
 58642.6 21669.4 4009.23 1497.06 176.995
 34296.8 27011.4 7035.35 1301.67 543.512
 51951.4 15191.1 7029.69 1830.95 480.206
 87594 25217.2 6632.51 3069.19 1009.06
 64922.6 43304.3 12210.8 3211.62 1974.79
 99424.8 30835.7 16721 4714.94 2002.62
 97863.4 47986.9 13036.8 7069.37 2840.07
 118123 45891 17238.2 4683.17 3559.74
 126422 54947.6 15752.5 5917.16 2829.45
 65832.8 59623.1 20386.8 5844.53 3245.18
 44651.7 29446.3 16399.8 5607.55 2500.2
 44209.8 20098.3 8392.65 4674.2 2310.83
 23309.5 18793.2 4146.29 1731.41 1441.02
 15710.8 8697.62 1856.07 409.501 313.318
 17109.8 5725.86 752.001 160.477 62.4953
 13241.1 7489.09 1393.56 183.021 54.2667
 14426.5 6028.91 2277.81 423.851 72.1713
 17071.1 6748.36 2135.83 806.947 175.723
 28871.4 8061.99 2523.12 798.557 367.407
 35756.3 13638 3018.2 944.593 436.507
 49230.5 17341.6 5926.32 1311.54 600.15
 77858.8 23723.3 7266.52 2483.26 801.042
 77598 37340.8 9677.01 2964.1 1339.7
pred_Ctot
 2998.33 4008.1 1496.64 176.858 0.0866423
 3068.58 5528.03 1022.79 381.912 45.1528
 2682.64 9590.91 2498.04 462.182 192.984
 842.609 1329.42 615.188 160.231 42.0242
 280.456 452.082 118.904 55.023 18.0899
 2038.4 7028.19 1981.79 521.239 320.504
 2010.53 3326.5 1803.84 508.639 216.039
 3932.59 9725.01 2642.04 1432.68 575.569
 5394.25 10408.3 3909.68 1062.16 807.362
 4584.82 10160.7 2912.91 1094.18 523.214
 4728.29 19782.8 6764.28 1939.2 1076.74
 3022.22 9312.6 5186.56 1773.42 790.705
 4618.72 8877.61 3707.11 2064.64 1020.71
 4236.33 11815.8 2606.89 1088.58 906.007
 3060.24 5673.65 1210.76 267.126 204.384
 1469.56 2186.29 287.134 61.2744 23.8624
 795.284 2146.42 399.401 52.4549 15.5532
 603.977 1266.97 478.679 89.0717 15.1667
 603.117 1218.88 385.768 145.749 31.7387
 1015.44 1450.25 453.877 143.65 66.0918
 601.018 1234.81 273.274 85.5255 39.5223
 1050.08 1967.13 672.248 148.774 68.0776
 1919.48 3081.25 943.798 322.533 104.042
 1879.01 4769.53 1236.04 378.604 171.12
F
 0.0907937 0.513049 0.513049 0.513049 0.513049
 0.0752034 0.424953 0.424953 0.424953 0.424953
 0.114342 0.646116 0.646116 0.646116 0.646116
 0.0227807 0.128727 0.128727 0.128727 0.128727
 0.00446085 0.025207 0.025207 0.025207 0.025207
 0.0445225 0.251584 0.251584 0.251584 0.251584
 0.0284736 0.160896 0.160896 0.160896 0.160896
 0.0573028 0.323802 0.323802 0.323802 0.323802
 0.0653492 0.369269 0.369269 0.369269 0.369269
 0.0515856 0.291495 0.291495 0.291495 0.291495
 0.104548 0.590772 0.590772 0.590772 0.590772
 0.0982555 0.555213 0.555213 0.555213 0.555213
 0.155453 0.878422 0.878422 0.878422 0.878422
 0.28581 1.61503 1.61503 1.61503 1.61503
 0.309353 1.74807 1.74807 1.74807 1.74807
 0.126203 0.713135 0.713135 0.713135 0.713135
 0.0867557 0.490231 0.490231 0.490231 0.490231
 0.0597648 0.337714 0.337714 0.337714 0.337714
 0.0502241 0.283802 0.283802 0.283802 0.283802
 0.0499936 0.282499 0.282499 0.282499 0.282499
 0.0236174 0.133455 0.133455 0.133455 0.133455
 0.030055 0.169832 0.169832 0.169832 0.169832
 0.0348106 0.196705 0.196705 0.196705 0.196705
 0.0341817 0.193151 0.193151 0.193151 0.193151
nmprior
 10 10 8 0
nm_flota  nm_reclas  nm_pelaces    nm_pelaL
inf 17.808 16.9158 29.7819
cv_recla  cv_pelaces  cv_mph
0.721248 0.495758 0.485154
 ------------------------------------------------
Talla a la edad & desviación 
 7.2 14.2025 17.0495 18.207 18.6776
 1.08 2.13037 2.55742 2.73105 2.80164
