years
 1997 1998 1999 2000 2001 2002 2003 2004 2005 2006 2007 2008 2009 2010 2011 2012 2013 2014 2015 2016 2017 2018 2019 2020
reclasobs
 0 0 0 370054 412103 1.49427e+06 250295 1.28982e+06 931140 785840 897777 1.04006e+06 184774 17550 25797 100020 73551 82996 120727 218422 84188 347160 605670 569463
reclaspred
 2.53027e+06 314122 406073 107742 235301 240161 469667 459820 546688 1.07931e+06 1.00294e+06 631940 381888 165971 99415.7 94104.1 104108 120583 97475.2 168441 314435 292832 425747 289660
pelacesobs
 0 0 0 0 0 0 0 0 0 2.06254e+06 1.5e+06 0 1.87456e+06 323000 250000 174000 83755 137374 0 501740 490994 745055 786931 1.00524e+06
pelacespred
 1.3814e+06 544444 151254 95938.3 202877 130971 419601 395053 458094 960459 702344 432851 301448 101200 63737.1 63524.8 72428.6 84389.5 65674 126074 256690 222063 250511 192663
mphobs
 0 0 0 0 0 112323 0 153150 637223 0 255016 313432 73983 77613 109348 50772 0 0 0 0 0 0 0 0
mphpred
 955979 411767 168586 77025.3 42431.6 128032 123437 167484 205148 265252 525633 354293 183418 109736 46050.5 36784.1 40216.1 47403 47854 42984.3 100124 135273 155235 161483
desembarqueobs
 350755 77701 442110 56441 14545 235359 269955 359681 431902 328805 639364 411747 362871 311530 167758 66681 60226 58785 57116 71774 51957 67425 138520 160799
desembarquepred
 350746 77684.7 441630 56420.1 14543.5 235168 269822 359054 431425 328534 638597 411333 362183 310964 167387 66625.4 60198.2 58738.3 57062.4 71694.6 51942.5 67383.5 138423 160689
Reclutas
 3179.15 4825.09 678.894 3626.48 56493 11557.7 49479 80317.6 76902 229950 46396 18144.3 57613.1 22196 14842.8 14398.1 9707.14 8975.4 6196.12 28502 31508.3 33145.4 36510.8 5984.65
log_desv_Rt
 -1.73563 -1.31841 -3.27953 -1.60398 1.14187 -0.444889 1.0093 1.49374 1.45029 2.54562 0.944969 0.00611165 1.16151 0.207668 -0.19473 -0.225148 -0.619383 -0.697757 -1.06832 0.45773 0.558006 0.608661 0.705363 -1.10305
SSB
 2.28913e+06 985991 403685 184440 101604 306578 295574 401046 491233 635157 1.25865e+06 848368 439202 262766 110270 88080.8 96298.8 113508 114588 102927 239752 323917 371716 386676
BT
 2.69136e+06 1.14587e+06 522922 239975 376036 417420 954506 1.0842e+06 1.20936e+06 2.02203e+06 1.80902e+06 1.14244e+06 900772 476067 252099 168355 179228 198742 167961 285422 500383 461839 547415 489700
Ftot
 0.127728 0.201067 0.825877 0.448996 0.157766 1.00535 0.955855 1.58144 1.31518 0.69459 0.688209 0.576741 1.18569 2.07598 2.29103 0.994775 0.778924 0.600891 0.631565 0.816533 0.245431 0.269598 0.35591 0.512421
BD_Bspro_t
 0.983069 0.873268 0.658943 0.320636 0.356781 0.680598 0.474608 0.49739 0.494907 0.510845 0.638717 0.465878 0.317491 0.250348 0.141086 0.140479 0.199536 0.296153 0.350642 0.383837 0.616223 0.733318 0.724985 0.663943
BD_Bspro
 6.16983 2.65752 1.08804 0.497117 0.273851 0.826314 0.796654 1.08093 1.32401 1.71192 3.39241 2.28659 1.18377 0.708228 0.297208 0.237402 0.259552 0.305936 0.308847 0.277418 0.646197 0.873047 1.00188 1.0422
BD_Bo
 2.32218 1.00023 0.409513 0.187103 0.103071 0.311004 0.299841 0.406836 0.498325 0.644326 1.27682 0.860616 0.445543 0.26656 0.111862 0.0893525 0.0976891 0.115147 0.116242 0.104413 0.243213 0.328593 0.377082 0.392259
BD_Brms
 6.65267 2.86549 1.17319 0.536021 0.295282 0.89098 0.858998 1.16552 1.42763 1.8459 3.65789 2.46553 1.27641 0.763652 0.320466 0.255981 0.279864 0.329878 0.333016 0.299128 0.696767 0.94137 1.08028 1.12376
S_f
 0.115564 0.736799 0.9836 0.999222 0.999964
 0.115564 0.736799 0.9836 0.999222 0.999964
 0.115564 0.736799 0.9836 0.999222 0.999964
 0.115564 0.736799 0.9836 0.999222 0.999964
 0.115564 0.736799 0.9836 0.999222 0.999964
 0.115564 0.736799 0.9836 0.999222 0.999964
 0.115564 0.736799 0.9836 0.999222 0.999964
 0.115564 0.736799 0.9836 0.999222 0.999964
 0.115564 0.736799 0.9836 0.999222 0.999964
 0.115564 0.736799 0.9836 0.999222 0.999964
 0.115564 0.736799 0.9836 0.999222 0.999964
 0.115564 0.736799 0.9836 0.999222 0.999964
 0.115564 0.736799 0.9836 0.999222 0.999964
 0.115564 0.736799 0.9836 0.999222 0.999964
 0.115564 0.736799 0.9836 0.999222 0.999964
 0.115564 0.736799 0.9836 0.999222 0.999964
 0.115564 0.736799 0.9836 0.999222 0.999964
 0.115564 0.736799 0.9836 0.999222 0.999964
 0.115564 0.736799 0.9836 0.999222 0.999964
 0.115564 0.736799 0.9836 0.999222 0.999964
 0.115564 0.736799 0.9836 0.999222 0.999964
 0.115564 0.736799 0.9836 0.999222 0.999964
 0.115564 0.736799 0.9836 0.999222 0.999964
 0.115564 0.736799 0.9836 0.999222 0.999964
Scru_reclas
 0.725962 0.930226 0.985315 0.997047 0.999412
 0.725962 0.930226 0.985315 0.997047 0.999412
 0.725962 0.930226 0.985315 0.997047 0.999412
 0.725962 0.930226 0.985315 0.997047 0.999412
 0.725962 0.930226 0.985315 0.997047 0.999412
 0.725962 0.930226 0.985315 0.997047 0.999412
 0.725962 0.930226 0.985315 0.997047 0.999412
 0.725962 0.930226 0.985315 0.997047 0.999412
 0.725962 0.930226 0.985315 0.997047 0.999412
 0.725962 0.930226 0.985315 0.997047 0.999412
 0.725962 0.930226 0.985315 0.997047 0.999412
 0.725962 0.930226 0.985315 0.997047 0.999412
 0.725962 0.930226 0.985315 0.997047 0.999412
 0.725962 0.930226 0.985315 0.997047 0.999412
 0.725962 0.930226 0.985315 0.997047 0.999412
 0.725962 0.930226 0.985315 0.997047 0.999412
 0.725962 0.930226 0.985315 0.997047 0.999412
 0.725962 0.930226 0.985315 0.997047 0.999412
 0.725962 0.930226 0.985315 0.997047 0.999412
 0.725962 0.930226 0.985315 0.997047 0.999412
 0.725962 0.930226 0.985315 0.997047 0.999412
 0.725962 0.930226 0.985315 0.997047 0.999412
 0.725962 0.930226 0.985315 0.997047 0.999412
 0.725962 0.930226 0.985315 0.997047 0.999412
Scru_pelaces
 1 1 1 1 1
 1 1 1 1 1
 1 1 1 1 1
 1 1 1 1 1
 1 1 1 1 1
 1 1 1 1 1
 1 1 1 1 1
 1 1 1 1 1
 1 1 1 1 1
 1 1 1 1 1
 1 1 1 1 1
 1 1 1 1 1
 1 1 1 1 1
 1 1 1 1 1
 1 1 1 1 1
 1 1 1 1 1
 1 1 1 1 1
 1 1 1 1 1
 1 1 1 1 1
 1 1 1 1 1
 1 1 1 1 1
 1 1 1 1 1
 1 1 1 1 1
 1 1 1 1 1
pf_obs 
 0.256992 0.487395 0.22802 0.0275931 0
 0.321318 0.546541 0.124235 0.00734118 0.000564706
 0.182869 0.594174 0.210203 0.0122559 0.00049798
 0.330522 0.361315 0.267642 0.0388342 0.00168674
 0.649043 0.306663 0.0425973 0.00169635 0
 0.582887 0.30429 0.105238 0.00758474 0
 0.465427 0.430635 0.0974691 0.00646863 0
 0.296916 0.608066 0.0921331 0.00288517 0
 0.311714 0.524322 0.152257 0.0117073 0
 0.15457 0.633149 0.183074 0.0267441 0.00246327
 0.131901 0.49318 0.331252 0.0422183 0.00144891
 0.196976 0.569456 0.194076 0.0375587 0.00193317
 0.518974 0.381816 0.0799577 0.0180837 0.00116848
 0.0928022 0.601141 0.25162 0.0475244 0.00691264
 0.122501 0.610282 0.24278 0.0234846 0.000952079
 0.383417 0.481906 0.127806 0.00687128 0
 0.0376549 0.599619 0.316969 0.0457579 0
 0.0361596 0.667082 0.258105 0.0386534 0
 0.158088 0.579412 0.248529 0.0139706 0
 0.0477256 0.309471 0.559284 0.082774 0.000745712
 0.0406174 0.521527 0.379366 0.0568643 0.0016247
 0.151134 0.462217 0.34131 0.0453401 0
 0.294876 0.26143 0.354403 0.0886775 0.000613685
 0.281977 0.475581 0.204845 0.0348837 0.00271318
pf_pred 
 0.00498555 0.654576 0.301797 0.0386399 1.53641e-06
 0.0137985 0.0268622 0.691394 0.237966 0.0299786
 0.00530991 0.0944002 0.0331434 0.627932 0.239214
 0.094339 0.0451221 0.11881 0.0279306 0.713798
 0.71047 0.131352 0.011024 0.0206719 0.126482
 0.0739907 0.871415 0.0290875 0.00180665 0.0237004
 0.424966 0.219392 0.341929 0.00739634 0.00631704
 0.424691 0.505952 0.03374 0.0342767 0.00134025
 0.307521 0.611946 0.0746538 0.00290689 0.00297173
 0.511595 0.388452 0.0924862 0.00693566 0.000530321
 0.067775 0.820646 0.0949211 0.0154386 0.00121925
 0.048686 0.312898 0.584238 0.0462389 0.00793921
 0.299289 0.207611 0.204239 0.264812 0.0240487
 0.158919 0.703093 0.0560421 0.0344912 0.0474551
 0.246549 0.54439 0.189794 0.00800923 0.0112586
 0.299004 0.581861 0.0997039 0.0177076 0.00172354
 0.183806 0.629267 0.165058 0.0183773 0.0034924
 0.18844 0.503843 0.256487 0.0453567 0.00587362
 0.146738 0.532334 0.225665 0.0796796 0.0155844
 0.518476 0.268859 0.150493 0.0439932 0.0181783
 0.267931 0.653579 0.0513838 0.0193117 0.00779396
 0.197283 0.536798 0.244507 0.0141026 0.00730986
 0.190255 0.482004 0.240731 0.0801173 0.00689202
 0.0358495 0.580537 0.257863 0.0928173 0.0329328
pobs_RECLAS
 0 0 0 0 0
 0 0 0 0 0
 0 0 0 0 0
 0 0 0 0 0
 0.835266 0.146461 0.0176864 0.000547809 3.91292e-05
 0.385257 0.428462 0.181853 0.0044286 0
 0.867414 0.0963971 0.0333333 0.00285562 0
 0.441836 0.489002 0.0689373 0.000224442 0
 0.779404 0.147425 0.0564933 0.0165055 0.000172143
 0.814271 0.122319 0.05973 0.00367925 0
 0.40263 0.566651 0.0304383 0.000280538 0
 0.475488 0.404961 0.113038 0.00651328 0
 0.955842 0.0263864 0.0167828 0.000988607 0
 0.975058 0.0227948 0.00214734 0 0
 0.738997 0.206755 0.0527124 0.00153531 0
 0.850938 0.134255 0.0134407 0.00136685 0
 0.542534 0.407297 0.0501686 0 0
 0.764087 0.199537 0.0359546 0.000420521 0
 0.470689 0.182191 0.310203 0.0369168 0
 0.84361 0.089868 0.0606195 0.00523954 0.000663233
 0.607945 0.314616 0.071237 0.00620181 0
 0.523733 0.453247 0.0230204 0 0
 0.530135 0.295979 0.169645 0.0042399 0
 0.562478 0.366248 0.0663022 0.0049721 0
ppred_RECLAS
 0.026271 0.689802 0.251816 0.0321101 1.27884e-06
 0.0810756 0.0314652 0.640299 0.219467 0.0276928
 0.0338151 0.115606 0.0314665 0.592895 0.226218
 0.399728 0.0376471 0.0778825 0.0182255 0.466517
 0.932812 0.0344458 0.00228766 0.00427224 0.0261822
 0.299193 0.668655 0.017167 0.00105983 0.0139246
 0.818866 0.0805252 0.0967489 0.00208052 0.00177965
 0.808657 0.173674 0.00863116 0.00869655 0.000340528
 0.711967 0.261948 0.0241924 0.000935304 0.000957579
 0.849726 0.125183 0.0232257 0.0017328 0.000132703
 0.277841 0.653007 0.0588725 0.00952648 0.000753527
 0.234679 0.294809 0.430751 0.0339263 0.00583438
 0.733306 0.0951214 0.0713364 0.0918797 0.00835648
 0.537072 0.405874 0.0233072 0.0141936 0.019554
 0.681508 0.250408 0.0618711 0.00258056 0.00363206
 0.700404 0.258851 0.0341324 0.00602566 0.000587396
 0.551626 0.364355 0.0742331 0.00822082 0.00156471
 0.564696 0.294692 0.117295 0.0206407 0.00267717
 0.49043 0.346596 0.114758 0.0403183 0.00789823
 0.861394 0.0859544 0.0373137 0.0108484 0.0044896
 0.653041 0.316935 0.0196809 0.00736559 0.00297746
 0.570734 0.308615 0.110969 0.00637328 0.00330881
 0.565115 0.283312 0.11146 0.0369318 0.00318213
 0.171779 0.545801 0.190108 0.0681075 0.0242039
pobs_PELACES
 0 0 0 0 0
 0 0 0 0 0
 0 0 0 0 0
 0 0 0 0 0
 0 0 0 0 0
 0 0 0 0 0
 0 0 0 0 0
 0 0 0 0 0
 0 0 0 0 0
 0 0 0 0 0
 0.450072 0.473896 0.0757376 0.000293798 0
 0 0 0 0 0
 0.463077 0.371075 0.160297 0.00555027 0
 0.529543 0.364841 0.0842815 0.0213345 0
 0.631943 0.363953 0.00410389 0 0
 0.735681 0.248677 0.0153453 0.000297389 0
 0.695825 0.281241 0.0229344 0 0
 0.275771 0.60734 0.115278 0.00161068 0
 0 0 0 0 0
 0.896147 0.0623911 0.0374545 0.00400742 0
 0.803859 0.145111 0.0509908 3.86294e-05 0
 0.739449 0.233085 0.0266225 0.000797448 4.60066e-05
 0.878498 0.100942 0.0204185 0.000141795 0
 0.694673 0.275183 0.0284847 0.00165964 0
ppred_PELACES
 0.0349311 0.697288 0.23783 0.0299501 1.18995e-06
 0.112658 0.0327435 0.618841 0.209399 0.0263586
 0.0566692 0.127647 0.0306677 0.568618 0.216398
 0.50864 0.0340978 0.0642048 0.0148136 0.378244
 0.950314 0.0265148 0.00164125 0.00302654 0.0185034
 0.403535 0.572725 0.0127906 0.000776325 0.0101731
 0.883485 0.0557365 0.0584869 0.00123681 0.0010552
 0.883917 0.107129 0.00441893 0.00436429 0.000170421
 0.807907 0.177152 0.0138773 0.000526615 0.000537708
 0.894836 0.0892263 0.0147694 0.00108504 8.2885e-05
 0.364556 0.58068 0.0467308 0.00744631 0.000587497
 0.320339 0.279031 0.367242 0.028499 0.00488875
 0.832751 0.06611 0.0424987 0.0537636 0.00487683
 0.700319 0.269865 0.0123547 0.00735604 0.010105
 0.82144 0.147265 0.0285047 0.00116111 0.00162945
 0.789045 0.185592 0.0213061 0.00369806 0.000359555
 0.654021 0.287373 0.0518778 0.00565476 0.00107355
 0.660446 0.237802 0.0850917 0.0147518 0.00190855
 0.592437 0.287067 0.0852346 0.0294973 0.00576387
 0.907985 0.0598096 0.0229353 0.00656191 0.00270868
 0.718602 0.258816 0.014873 0.00549378 0.00221541
 0.647953 0.258731 0.0859234 0.00486999 0.0025222
 0.648706 0.235946 0.0851315 0.0278251 0.00239159
 0.234017 0.522412 0.164766 0.0581801 0.0206244
pobs_pel_tallas
 0 0 0 0 0 0 0 0 0 0 0 0 0 0 0 0 0 0 0 0 0 0 0 0 0 0 0 0 0 0 0 0 0 0 0 0
 0 0 0 0 0 0 0 0 0 0 0 0 0 0 0 0 0 0 0 0 0 0 0 0 0 0 0 0 0 0 0 0 0 0 0 0
 0 0 0 0 0 0 0 0 0 0 0 0 0 0 0 0 0 0 0 0 0 0 0 0 0 0 0 0 0 0 0 0 0 0 0 0
 0 0 0 0 0 0 0 0 0 0 0 0 0 0 0 0 0 0 0 0 0 0 0 0 0 0 0 0 0 0 0 0 0 0 0 0
 0 0 0 0 0 0 0 0 0 0 0 0 0 0 0 0 0 0 0 0 0 0 0 0 0 0 0 0 0 0 0 0 0 0 0 0
 0 0 0 0 0 0 0 0 0 0 0 0 0 0 0 0 0 0 0 0 0 0 0 0 0 0 0 0 0 0 0 0 0 0 0 0
 0 0 0 0 0 0 0 0 0 0 0 0 0 0 0 0 0 0 0 0 0 0 0 0 0 0 0 0 0 0 0 0 0 0 0 0
 0 0 0 0 0 0 0 0 0 0 0 0 0 0 0 0 0 0 0 0 0 0 0 0 0 0 0 0 0 0 0 0 0 0 0 0
 0 0 0 0 0 0 0 0 0 0 0 0 0 0 0 0 0 0 0 0 0 0 0 0 0 0 0 0 0 0 0 0 0 0 0 0
 0 0 0 0 0 0 0 0 0 0 0 0 0 0 0 0 0 0 0 0 0 0 0 0 0 0 0 0 0 0 0 0 0 0 0 0
 0 0 0 0 0 0 0 0 1.78061e-05 0.00172719 0.00360574 0.0105946 0.0120993 0.0124554 0.0147524 0.0171206 0.0266825 0.0428682 0.0675386 0.121331 0.153587 0.119568 0.100827 0.0573624 0.0630603 0.0341343 0.0324427 0.0444173 0.0211091 0.0280891 0.0125444 0.00206551 0 0 0 0
 0 0 0 0 0 0 0 0 0 0 0 0 0 0 0 0 0 0 0 0 0 0 0 0 0 0 0 0 0 0 0 0 0 0 0 0
 0 0 0 0 0 0 0.0133647 0.0140871 0.0187388 0.0205184 0.03894 0.0496705 0.03968 0.0493445 0.0407372 0.0367815 0.0215668 0.0243155 0.0234873 0.0199281 0.019796 0.0243948 0.0301388 0.0376714 0.0412746 0.0863199 0.0771752 0.113111 0.0741005 0.0525337 0.0229764 0.00759418 0.00175318 0 0 0
 0 0 0 0 0 0 0 0 0 0 0.00219441 0.00772107 0.0458388 0.0604681 0.0671733 0.0775358 0.0609151 0.0617685 0.073594 0.0568108 0.0755445 0.0548602 0.0670107 0.0636378 0.0643287 0.046367 0.0373049 0.0286899 0.0247887 0.0153202 0.00654259 0.00121912 0.000365735 0 0 0
 0 0 0 0 0 0 0 0 0 0 0 0 0.000112435 0.00938835 0.0111873 0.0202946 0.0414886 0.0713402 0.111592 0.104902 0.108894 0.110636 0.117776 0.105296 0.107544 0.0401394 0.0192827 0.0124803 0.00416011 0.0028671 0.000618394 0 0 0 0 0
 0 0 0 0 0 0 0 0 0 0 0.00291406 0.0102884 0.027416 0.0768956 0.0749926 0.110853 0.0956884 0.0897413 0.0766577 0.0534642 0.0500743 0.0551293 0.0594112 0.0620874 0.0668451 0.0424026 0.0208742 0.0120726 0.0048766 0.00582813 0.00118941 0.000297354 0 0 0 0
 0 0.00264628 0.0354308 0.0461629 0.0458689 0.0383711 0.0214643 0.0164657 0.0346957 0.0420465 0.0363128 0.0245516 0.0311673 0.0291091 0.0169068 0.0133784 0.00837989 0.0085269 0.0148486 0.0160247 0.0276389 0.0546898 0.0760071 0.122758 0.109233 0.0665981 0.0333725 0.0166128 0.00676272 0.00308733 0.000882094 0 0 0 0 0
 0 0 0 0 0 0 0 0.000805153 0.000690131 0.00759144 0.0133425 0.0154129 0.00931677 0.000345066 0.00356568 0.00563607 0.00851162 0.0253048 0.0502646 0.0516448 0.0657925 0.0565908 0.0611916 0.0827007 0.0866115 0.110766 0.145733 0.0935128 0.0569358 0.0249597 0.0138026 0.00621118 0.00161031 0.00115022 0 0
 0 0 0 0 0 0 0 0 0 0 0 0 0 0 0 0 0 0 0 0 0 0 0 0 0 0 0 0 0 0 0 0 0 0 0 0
 0.00147267 0.00158595 0.00478618 0.00569244 0.00954404 0.0108468 0.00647125 0.017049 0.0510054 0.094081 0.124002 0.0959785 0.0687766 0.0820023 0.061753 0.0591476 0.0492212 0.0479892 0.0443925 0.0268479 0.0217502 0.0140895 0.0121071 0.0120363 0.00920419 0.00665534 0.0049561 0.00860946 0.00930331 0.0156896 0.0114698 0.00855282 0.00243557 0.00046729 0 2.83206e-05
 0 0 0 0 0.000772559 0.00158375 0.000888443 0.00281984 0.00712685 0.0440552 0.0773331 0.111326 0.0921469 0.0852325 0.0710754 0.0886704 0.0786465 0.0553345 0.0373146 0.0185414 0.00753245 0.00457741 0.012979 0.0271748 0.0457355 0.0583668 0.034881 0.0177882 0.00938659 0.00492506 0.0015258 0.00185414 0.000309023 5.79419e-05 3.86279e-05 0
 0 0.00173294 0.00326652 0 0.00397197 0.00683976 0.00946217 0.0152591 0.00757587 0.0136028 0.0228656 0.0392903 0.0559909 0.0764795 0.0681675 0.0726916 0.0566044 0.0477403 0.0527397 0.0444891 0.0609904 0.0582453 0.0661739 0.0445044 0.0529084 0.0360697 0.0280645 0.0235558 0.0158879 0.00826598 0.00280645 0.00217768 0.000904811 0.00058276 9.20147e-05 0
 0 0 0 0 0 0 0 0 0 0 0 0 0 0 0 0 0 0 0 0 0 0 0 0 0 0 0 0 0 0 0 0 0 0 0 0
 0 0 0 0 0 0 0 0 0 0 0 0 0 0 0 0 0 0 0 0 0 0 0 0 0 0 0 0 0 0 0 0 0 0 0 0
ppred_pel_tallas
 1.04633e-16 1.56463e-06 9.08163e-06 4.29575e-05 0.000165033 0.000514321 0.00129991 0.0026654 0.00443954 0.00602678 0.00672867 0.00634046 0.00542334 0.00495154 0.00574548 0.00823419 0.0125759 0.0188142 0.0268757 0.0364604 0.0469517 0.0574248 0.06677 0.0739042 0.0780052 0.0786935 0.076103 0.0708135 0.0636818 0.0556272 0.0474466 0.0397068 0.0327241 0.0266106 0.0213505 0.0168719
 1.17222e-16 4.92765e-06 2.88849e-05 0.000137236 0.000528252 0.00164717 0.00416059 0.00851375 0.0141153 0.018965 0.0206607 0.0182794 0.0132076 0.00796278 0.00436173 0.00282099 0.00291506 0.00415652 0.00633143 0.00945813 0.0136459 0.0189866 0.0254885 0.0330332 0.0413504 0.0500131 0.0584604 0.0660491 0.0721304 0.076141 0.07769 0.0766238 0.0730534 0.0673349 0.0600126 0.0517311
 1.30127e-16 2.48774e-06 1.45577e-05 6.91169e-05 0.000265966 0.000829236 0.00209467 0.00428717 0.00711133 0.00956523 0.0104483 0.00931013 0.00687058 0.00442965 0.002947 0.00268836 0.00350019 0.0051916 0.00769028 0.011011 0.0151808 0.0201931 0.0259935 0.0324827 0.0395232 0.0469379 0.0544998 0.0619153 0.0688148 0.0747613 0.0792885 0.081963 0.0824604 0.0806312 0.0765438 0.0704838
 1.19106e-16 2.21924e-05 0.000130249 0.000619143 0.00238373 0.00743343 0.0187761 0.038418 0.0636802 0.0855155 0.0930439 0.0820382 0.0586538 0.0340878 0.0162826 0.00674495 0.0030499 0.00236644 0.00300432 0.00429931 0.00608732 0.0083635 0.0111467 0.0144377 0.0182042 0.0223711 0.0268111 0.0313398 0.0357173 0.0396628 0.0428806 0.0450976 0.0461028 0.0457828 0.0441413 0.0413035
 1.01001e-16 4.14518e-05 0.000243318 0.00115668 0.00445339 0.0138876 0.0350787 0.0717741 0.118968 0.159752 0.173795 0.153187 0.10941 0.0633556 0.0298182 0.0115499 0.00393653 0.00158357 0.00120996 0.00144023 0.00183246 0.00225546 0.00265275 0.00298489 0.00322447 0.0033601 0.0033978 0.00335737 0.00326531 0.0031465 0.00301791 0.00288591 0.00274763 0.00259495 0.00241937 0.00221611
 1.00871e-16 1.76319e-05 0.000103423 0.000491497 0.00189207 0.00590006 0.0149036 0.0304986 0.0505689 0.0679556 0.0740622 0.0655971 0.0475428 0.0289283 0.0162457 0.010908 0.0111924 0.0149668 0.0208321 0.0279552 0.035619 0.0429929 0.0491506 0.0532286 0.054622 0.0531339 0.0490257 0.0429459 0.035766 0.0283789 0.0215228 0.015678 0.0110475 0.00760535 0.00518038 0.00354069
 1.00941e-16 3.85391e-05 0.000226214 0.00107536 0.00414029 0.0129112 0.0326124 0.0667281 0.110605 0.148526 0.16159 0.142451 0.101788 0.059035 0.0279615 0.0111444 0.00431369 0.00247192 0.00257862 0.00335188 0.00436065 0.00544504 0.00650063 0.00743226 0.00815906 0.0086268 0.00881502 0.00873512 0.00842185 0.00792161 0.00728239 0.00654796 0.00575655 0.00494215 0.00413622 0.00336801
 1.00256e-16 3.85599e-05 0.000226332 0.00107591 0.00414239 0.0129177 0.032629 0.0667624 0.110663 0.148608 0.161691 0.142564 0.101924 0.059224 0.0282565 0.0116163 0.00504522 0.00354769 0.00406915 0.00529128 0.00672239 0.00812336 0.00930587 0.010106 0.0104094 0.0101773 0.00945589 0.00836284 0.00705749 0.0057033 0.00443563 0.00334278 0.00246266 0.00179186 0.00130104 0.000950281
 1.00299e-16 3.52484e-05 0.000206884 0.000983441 0.00378632 0.0118073 0.0298243 0.0610243 0.101154 0.135846 0.147824 0.130383 0.0933134 0.05442 0.0263379 0.0114743 0.00597154 0.00528704 0.00662942 0.00875993 0.0111555 0.0134889 0.0154602 0.0167984 0.0173124 0.0169352 0.0157403 0.0139203 0.0117378 0.00946362 0.00732412 0.00546926 0.00396664 0.00281563 0.00197189 0.00137221
 1.00281e-16 3.90353e-05 0.000229125 0.0010892 0.00419353 0.0130772 0.0330318 0.0675865 0.112028 0.15044 0.163679 0.144307 0.103148 0.0598904 0.0284905 0.0115679 0.00480485 0.00314033 0.00348411 0.00451209 0.00574631 0.00697218 0.00802967 0.00877978 0.00912307 0.00902093 0.00850396 0.00766186 0.00661964 0.0055079 0.00443701 0.00348181 0.00267871 0.00203233 0.00152704 0.0011383
 1.01136e-16 1.59326e-05 9.34462e-05 0.000444063 0.00170943 0.00533051 0.013465 0.0275551 0.0456905 0.0614059 0.0669399 0.0593267 0.0430807 0.026378 0.0151093 0.0105825 0.0112725 0.0152773 0.0213399 0.0286874 0.0366198 0.0443043 0.0508027 0.0552335 0.0569701 0.0557912 0.0519352 0.0460294 0.0389298 0.0315198 0.0245372 0.0184707 0.0135405 0.009745 0.0069412 0.00492547
 1.06512e-16 1.39931e-05 8.20856e-05 0.00039011 0.0015018 0.00468308 0.0118293 0.0242062 0.0401319 0.0539183 0.0587329 0.0519472 0.0374933 0.0225057 0.0120985 0.00735581 0.00689042 0.0090311 0.0127543 0.0175694 0.0231595 0.0291701 0.0351636 0.0406661 0.0452452 0.0485803 0.0505015 0.0509872 0.0501312 0.0480968 0.0450773 0.0412745 0.0368953 0.0321546 0.0272766 0.0224848
 1.02701e-16 3.63272e-05 0.000213228 0.00101362 0.00390256 0.0121698 0.0307399 0.0628969 0.104255 0.14 0.152319 0.134286 0.095973 0.0557017 0.0264569 0.0106755 0.00434147 0.00275235 0.00304802 0.00402179 0.00526377 0.0066148 0.00796483 0.00921215 0.0102706 0.0110825 0.0116243 0.0119022 0.0119406 0.0117681 0.0114082 0.0108766 0.0101849 0.00934785 0.00838962 0.00734642
 1.00989e-16 3.05608e-05 0.000179355 0.000852547 0.00328231 0.0102355 0.0258543 0.0529022 0.0876943 0.11778 0.128193 0.113134 0.0811128 0.047595 0.0235776 0.0111984 0.00716323 0.00756886 0.00999619 0.0133222 0.0169868 0.0205488 0.0235646 0.0256265 0.0264473 0.0259286 0.0241849 0.0215097 0.0183001 0.0149629 0.0118336 0.00912965 0.00694238 0.00526064 0.00400975 0.00309048
 1.00569e-16 3.58373e-05 0.000210344 0.000999897 0.00384969 0.0120049 0.0303234 0.0620454 0.102846 0.138115 0.150285 0.132536 0.094817 0.0552205 0.0265831 0.0113397 0.00555633 0.0046082 0.00566116 0.00747425 0.00955047 0.0116051 0.0133869 0.0146678 0.0152825 0.0151648 0.0143618 0.0130175 0.0113345 0.00952466 0.0077679 0.00618684 0.00484228 0.00374397 0.00286929 0.00218145
 1.00507e-16 3.44262e-05 0.000202056 0.00096049 0.00369794 0.0115317 0.0291282 0.0596001 0.0987938 0.132677 0.144379 0.127352 0.0911613 0.053199 0.0258111 0.0113549 0.0060693 0.0055233 0.00699265 0.00926433 0.011818 0.0143185 0.0164534 0.0179384 0.0185705 0.0182749 0.0171222 0.0153063 0.0130943 0.010763 0.00854439 0.0065935 0.00498214 0.00371364 0.00274784 0.00202603
 1.01075e-16 2.85428e-05 0.000167506 0.00079621 0.00306539 0.00955909 0.0241457 0.0494063 0.0819005 0.110002 0.119737 0.105694 0.0758272 0.0445925 0.022275 0.0108901 0.0073815 0.00812029 0.0108545 0.0145278 0.0185905 0.0225861 0.0260427 0.0285185 0.0296923 0.0294369 0.0278462 0.0252039 0.0219068 0.0183702 0.0149455 0.0118716 0.0092656 0.0071447 0.0054624 0.00414477
 1.01882e-16 2.8821e-05 0.000169144 0.000804006 0.00309542 0.00965276 0.0243822 0.0498899 0.0827008 0.111073 0.120891 0.106686 0.0764805 0.0448598 0.0221931 0.0104968 0.00666833 0.00703581 0.00933495 0.0125323 0.016132 0.019753 0.0230057 0.0255191 0.0270111 0.027349 0.026573 0.0248741 0.0225364 0.0198658 0.0171274 0.0145097 0.0121189 0.00999436 0.00813467 0.00652141
 1.02587e-16 2.58575e-05 0.000151741 0.000721261 0.00277682 0.00865918 0.0218726 0.0447554 0.0741917 0.0996516 0.108478 0.095774 0.0687517 0.0405147 0.0203937 0.0102316 0.00727901 0.00826669 0.0111675 0.0150272 0.0193375 0.0236602 0.0275314 0.0305083 0.0322573 0.0326263 0.0316728 0.0296346 0.0268593 0.0237161 0.0205201 0.0174892 0.0147386 0.0123015 0.0101635 0.00829299
 1.00698e-16 3.96075e-05 0.000232486 0.00110518 0.00425509 0.0132692 0.0335167 0.0685785 0.113672 0.152644 0.166071 0.146399 0.104607 0.0606655 0.028724 0.0114288 0.00438787 0.00245962 0.00251191 0.00321841 0.00412678 0.00506486 0.00592144 0.00660158 0.00703367 0.00718267 0.00705594 0.00669755 0.00617429 0.00555804 0.00491083 0.00427646 0.00367949 0.00312954 0.00262784 0.00217291
 1.00588e-16 3.13575e-05 0.000184034 0.000874793 0.00336797 0.0105027 0.026529 0.0542825 0.089982 0.120851 0.131531 0.11607 0.0831949 0.0487714 0.0240759 0.0112942 0.00703801 0.00729649 0.00958677 0.0127634 0.0162672 0.0196687 0.0225397 0.0244873 0.0252343 0.0246852 0.0229498 0.0203108 0.0171522 0.0138687 0.0107881 0.0081256 0.0059752 0.00433132 0.00312539 0.00226276
 1.0159e-16 2.82771e-05 0.000165949 0.000788813 0.00303692 0.0094703 0.0239213 0.0489472 0.0811387 0.108977 0.118616 0.104692 0.0750822 0.0441016 0.021933 0.0105655 0.00696533 0.0075365 0.0100563 0.0134982 0.0173504 0.0212021 0.0246286 0.0272264 0.0286913 0.0288849 0.0278605 0.0258379 0.0231398 0.0201123 0.0170548 0.01418 0.0116055 0.00937127 0.00746803 0.00586456
 1.02354e-16 2.8309e-05 0.000166138 0.000789717 0.00304041 0.00948119 0.0239488 0.0490032 0.081231 0.109099 0.118744 0.104793 0.0751277 0.0440751 0.0218213 0.0103492 0.00661349 0.00701034 0.00931813 0.0125237 0.0161413 0.0197963 0.0231051 0.0257009 0.0273035 0.0277783 0.0271595 0.0256284 0.0234564 0.0209354 0.0183174 0.0157805 0.0134241 0.0112857 0.00936713 0.00765698
 1.05472e-16 1.02384e-05 6.00208e-05 0.000285165 0.00109766 0.00342272 0.00864604 0.0176948 0.0293456 0.0394544 0.0430505 0.0382502 0.0279844 0.0175512 0.0107996 0.00865206 0.0102177 0.0143509 0.0202839 0.0275 0.0354537 0.0434407 0.0506361 0.0562373 0.0596343 0.0605433 0.0590568 0.0555926 0.0507655 0.0452296 0.0395427 0.0340904 0.029077 0.0245647 0.0205351 0.0169433
pSPR Fmed_Fpbrs
0.508659   0.399059 0.399059
Fs Fmed_Fpbrs
0.626807   1.005 1.005
SSBpbr Bo_Bmed_Bpbrs
985768  452131  344091 344091
Ro
18033.7
SPR SPRFo_SPRFmed_SPRFpbrs
371019 188722 148058
log_Ro
9.62
likeval ReclasPelacesDesembMPH_pf_preclas_ppelaces_ptallas_desvR_qrecl_qpela
 96.6776 93.4525 0.132714 0.000182195 370.354 174.522 86.4817 0 53.3406 2.03343e-06 0 0 0 0 0
q_reclas_q_pelaces
0.817039 1
M
0.7
N
 3179.15 67782 23731.9 2993.53 0.118946
 4825.09 1555.59 30636.3 10393.6 1308.48
 678.894 2341.04 666.116 12483.6 4753.28
 3626.48 306.441 632.603 146.809 3749.6
 56493 1709.8 109.312 201.989 1235.02
 11557.7 27546.7 755.884 46.4802 609.461
 49479 5109.87 6521.75 139.634 119.201
 80317.6 22001 1254.71 1264.86 49.4397
 76902 33222.7 3407.19 131.52 134.399
 229950 32803.8 6260.18 464.068 35.4648
 46396 105382 9764.67 1569.9 123.914
 18144.3 21278.2 31516.8 2464.16 422.853
 57613.1 8429.24 6908.41 8874.99 805.627
 22196 24946.4 1747.34 1068.76 1470.04
 14842.8 8671.17 2683.57 112.608 158.252
 14398.1 5656.21 796.103 139.972 13.6175
 9707.14 6373.42 1349.6 148.601 28.2252
 8975.4 4405.47 1782.87 311.503 40.3164
 6196.12 4158.05 1405.1 490.264 95.8366
 28502 2860.33 1296.55 374.9 154.832
 31508.3 12879.2 778.269 288.393 116.314
 33145.4 15209 5337.62 303.587 157.255
 36510.8 15954.6 6191.94 2033.19 174.792
 5984.65 17400.1 6095.28 2166.64 768.298
pred_Ctot
 33.5287 4402.13 2029.64 259.86 0.0103326
 79.8075 155.365 3998.86 1376.34 173.389
 44.689 794.488 278.94 5284.78 2013.27
 132.27 63.2643 166.58 39.1606 1000.79
 734.786 135.847 11.4012 21.3794 130.811
 917.843 10809.8 360.827 22.4112 294
 3745.13 1933.45 3013.34 65.1822 55.6706
 9750.04 11615.6 774.602 786.923 30.7695
 7866.73 15654.2 1909.73 74.3613 76.0201
 12814.8 9730.22 2316.66 173.729 13.2838
 2562.65 31029.6 3589.08 583.75 46.1011
 844.599 5428.12 10135.3 802.147 137.729
 5347.62 3709.55 3649.28 4731.6 429.697
 3452.16 15273.2 1217.39 749.246 1030.86
 2521.08 5566.66 1940.74 81.8984 115.125
 1131.98 2202.82 377.462 67.0379 6.52504
 604.079 2068.09 542.464 60.3973 11.4778
 434.76 1162.45 591.756 104.645 13.5514
 314.968 1142.64 484.382 171.03 33.4515
 1855.82 962.348 538.669 157.468 65.067
 634.703 1548.27 121.723 45.7476 18.4632
 732.527 1993.17 907.873 52.3642 27.1421
 1060.58 2686.94 1341.96 446.615 38.4196
 248.317 4021.17 1786.13 642.913 228.114
F
 0.0147607 0.09411 0.125633 0.127629 0.127723
 0.0232361 0.148146 0.19777 0.200911 0.20106
 0.0954414 0.608506 0.812333 0.825235 0.825847
 0.0518876 0.33082 0.441632 0.448647 0.44898
 0.018232 0.116242 0.155178 0.157643 0.15776
 0.116182 0.740741 0.988862 1.00457 1.00531
 0.110462 0.704273 0.940179 0.955112 0.95582
 0.182757 1.1652 1.5555 1.58021 1.58138
 0.151987 0.969024 1.29361 1.31416 1.31513
 0.0802694 0.511774 0.683199 0.69405 0.694565
 0.0795319 0.507072 0.676922 0.687673 0.688184
 0.0666503 0.424942 0.567282 0.576292 0.57672
 0.137022 0.873613 1.16624 1.18476 1.18564
 0.239908 1.52958 2.04194 2.07437 2.07591
 0.26476 1.68803 2.25346 2.28925 2.29095
 0.11496 0.73295 0.978461 0.994002 0.994739
 0.0900154 0.573911 0.76615 0.778319 0.778896
 0.0694412 0.442736 0.591036 0.600424 0.600869
 0.0729859 0.465336 0.621207 0.631073 0.631542
 0.0943615 0.601621 0.803142 0.815898 0.816503
 0.0283629 0.180833 0.241405 0.24524 0.245422
 0.0311557 0.198639 0.265176 0.269388 0.269588
 0.0411303 0.262235 0.350073 0.355634 0.355897
 0.0592172 0.377551 0.504017 0.512022 0.512402
nmprior
 10 10 8 0
nm_flota  nm_reclas  nm_pelaces    nm_pelaL
inf 17.8943 14.6745 25.1117
cv_recla  cv_pelaces  cv_mph
0.910311 1.13752 0.437931
 ------------------------------------------------
Talla a la edad & desviación 
 7.2 14.2025 17.0495 18.207 18.6776
 1.08 2.13037 2.55742 2.73105 2.80164
