years
 1997 1998 1999 2000 2001 2002 2003 2004 2005 2006 2007 2008 2009 2010 2011 2012 2013 2014 2015 2016 2017 2018 2019 2020
reclasobs
 0 0 0 370054 412103 1.49427e+06 250295 1.28982e+06 931140 785840 897777 1.04006e+06 184774 17550 25797 100020 73551 82996 120727 218422 84188 347160 605670 569463
reclaspred
 3.53802e+06 431645 609392 174718 228952 298742 510332 450271 699695 1.15489e+06 1.28895e+06 835457 448816 200197 128452 118121 125240 156640 141191 194897 379899 378362 524547 359300
pelacesobs
 0 0 0 0 0 0 0 0 0 2.06254e+06 1.5e+06 0 1.87456e+06 323000 250000 174000 83755 137374 0 501740 490994 745055 786931 1.00524e+06
pelacespred
 1.51737e+06 608253 190841 128742 132183 123373 265142 254452 384685 667607 664336 444648 242045 85657.5 53593.2 56118 62121.3 77796.8 73376.2 97786.6 209952 222006 234007 190608
mphobs
 0 0 0 0 0 112323 0 153150 637223 0 255016 313432 73983 77613 109348 50772 0 0 0 0 0 0 0 0
mphpred
 2.52441e+06 1.08774e+06 469893 244342 126008 301723 309709 425729 500818 795467 1.29158e+06 910044 499836 265948 119787 102063 102900 125752 135395 129309 259259 363378 399605 388688
desembarqueobs
 350755 77701 442110 56441 14545 235359 269955 359681 431902 328805 639364 411747 362871 311530 167758 66681 60226 58785 57116 71774 51957 67425 138520 160799
desembarquepred
 350737 77681.9 441666 56420 14543.6 235143 269790 359192 431487 328580 638584 411301 362226 310930 167437 66635.7 60198 58744.8 57067.7 71713.7 51941.9 67386.3 138421 160680
Reclutas
 5856.99 7853.7 1343.42 4077.38 52532.5 14903.5 52664.8 71828.4 116533 211551 60219.1 22343.1 50263.1 27425.8 19639.8 14190.5 11393.3 10896.7 8181.78 28573 37772.3 33111.1 34590.5 8814.68
log_desv_Rt
 -1.30461 -1.01126 -2.77703 -1.66679 0.889187 -0.370651 0.891702 1.20203 1.68593 2.28222 1.02574 0.0342736 0.845026 0.239239 -0.0946845 -0.419674 -0.639222 -0.683788 -0.970335 0.280217 0.559332 0.427624 0.471334 -0.895826
SSB
 2.52441e+06 1.08774e+06 469893 244342 126008 301723 309709 425729 500818 795467 1.29158e+06 910044 499836 265948 119787 102063 102900 125752 135395 129309 259259 363378 399605 388688
BT
 3.02737e+06 1.26335e+06 602320 308040 384396 417638 994770 1.02569e+06 1.48076e+06 2.08542e+06 1.91679e+06 1.23201e+06 907446 483662 277614 180748 194808 223546 198637 311469 565261 504075 570541 501959
Ftot
 0.0965638 0.174388 0.671181 0.30982 0.0620877 0.726619 0.503329 0.745915 0.584567 0.275 0.469531 0.466153 0.74809 1.3422 1.16497 0.533318 0.45757 0.359387 0.385978 0.353795 0.133058 0.172751 0.254469 0.42493
BD_Bspro_t
 0.984732 0.88427 0.694898 0.384954 0.402169 0.672923 0.486738 0.511783 0.500105 0.555782 0.632924 0.471943 0.339142 0.246489 0.14551 0.149426 0.198038 0.297493 0.366607 0.41796 0.609323 0.733751 0.720486 0.644986
BD_Bspro
 5.68317 2.44881 1.05786 0.550085 0.28368 0.679264 0.697245 0.958438 1.12749 1.79082 2.90772 2.04877 1.12527 0.598726 0.269676 0.229774 0.231658 0.283103 0.304812 0.291111 0.583667 0.818069 0.899625 0.875048
BD_Bo
 2.38438 1.0274 0.443827 0.230788 0.119018 0.284986 0.292529 0.402113 0.473037 0.75134 1.21993 0.859562 0.472109 0.251196 0.113143 0.0964016 0.0971924 0.118776 0.127884 0.122136 0.244878 0.343221 0.377438 0.367127
BD_Brms
 11.6091 5.00221 2.16091 1.12366 0.579476 1.38754 1.42427 1.95781 2.30312 3.65813 5.93962 4.18504 2.29861 1.22302 0.550869 0.469361 0.473211 0.578297 0.622643 0.594656 1.19226 1.67108 1.83767 1.78747
S_f
 0.5 1 1 1 1
 0.5 1 1 1 1
 0.5 1 1 1 1
 0.5 1 1 1 1
 0.5 1 1 1 1
 0.5 1 1 1 1
 0.5 1 1 1 1
 0.5 1 1 1 1
 0.5 1 1 1 1
 0.5 1 1 1 1
 0.5 1 1 1 1
 0.5 1 1 1 1
 0.5 1 1 1 1
 0.5 1 1 1 1
 0.5 1 1 1 1
 0.5 1 1 1 1
 0.5 1 1 1 1
 0.5 1 1 1 1
 0.5 1 1 1 1
 0.5 1 1 1 1
 0.5 1 1 1 1
 0.5 1 1 1 1
 0.5 1 1 1 1
 0.5 1 1 1 1
Scru_reclas
 0.5 1 1 1 1
 0.5 1 1 1 1
 0.5 1 1 1 1
 0.5 1 1 1 1
 0.5 1 1 1 1
 0.5 1 1 1 1
 0.5 1 1 1 1
 0.5 1 1 1 1
 0.5 1 1 1 1
 0.5 1 1 1 1
 0.5 1 1 1 1
 0.5 1 1 1 1
 0.5 1 1 1 1
 0.5 1 1 1 1
 0.5 1 1 1 1
 0.5 1 1 1 1
 0.5 1 1 1 1
 0.5 1 1 1 1
 0.5 1 1 1 1
 0.5 1 1 1 1
 0.5 1 1 1 1
 0.5 1 1 1 1
 0.5 1 1 1 1
 0.5 1 1 1 1
Scru_pelaces
 0.5 1 1 1 1
 0.5 1 1 1 1
 0.5 1 1 1 1
 0.5 1 1 1 1
 0.5 1 1 1 1
 0.5 1 1 1 1
 0.5 1 1 1 1
 0.5 1 1 1 1
 0.5 1 1 1 1
 0.5 1 1 1 1
 0.5 1 1 1 1
 0.5 1 1 1 1
 0.5 1 1 1 1
 0.5 1 1 1 1
 0.5 1 1 1 1
 0.5 1 1 1 1
 0.5 1 1 1 1
 0.5 1 1 1 1
 0.5 1 1 1 1
 0.5 1 1 1 1
 0.5 1 1 1 1
 0.5 1 1 1 1
 0.5 1 1 1 1
 0.5 1 1 1 1
pf_obs 
 0.256992 0.487395 0.22802 0.0275931 0
 0.321318 0.546541 0.124235 0.00734118 0.000564706
 0.182869 0.594174 0.210203 0.0122559 0.00049798
 0.330522 0.361315 0.267642 0.0388342 0.00168674
 0.649043 0.306663 0.0425973 0.00169635 0
 0.582887 0.30429 0.105238 0.00758474 0
 0.465427 0.430635 0.0974691 0.00646863 0
 0.296916 0.608066 0.0921331 0.00288517 0
 0.311714 0.524322 0.152257 0.0117073 0
 0.15457 0.633149 0.183074 0.0267441 0.00246327
 0.131901 0.49318 0.331252 0.0422183 0.00144891
 0.196976 0.569456 0.194076 0.0375587 0.00193317
 0.518974 0.381816 0.0799577 0.0180837 0.00116848
 0.0928022 0.601141 0.25162 0.0475244 0.00691264
 0.122501 0.610282 0.24278 0.0234846 0.000952079
 0.383417 0.481906 0.127806 0.00687128 0
 0.0376549 0.599619 0.316969 0.0457579 0
 0.0361596 0.667082 0.258105 0.0386534 0
 0.158088 0.579412 0.248529 0.0139706 0
 0.0477256 0.309471 0.559284 0.082774 0.000745712
 0.0406174 0.521527 0.379366 0.0568643 0.0016247
 0.151134 0.462217 0.34131 0.0453401 0
 0.294876 0.26143 0.354403 0.0886775 0.000613685
 0.281977 0.475581 0.204845 0.0348837 0.00271318
pf_pred 
 0.0293604 0.62359 0.306042 0.0410059 1.39904e-06
 0.079282 0.0538876 0.556898 0.273311 0.0366216
 0.0319057 0.148349 0.0479779 0.495824 0.275943
 0.253893 0.0556255 0.105808 0.0342197 0.550454
 0.867563 0.0565055 0.00566101 0.0107681 0.0595023
 0.240608 0.706406 0.022607 0.00226488 0.028114
 0.714446 0.12588 0.148533 0.00475348 0.00638767
 0.636034 0.310458 0.0235876 0.0278326 0.00208766
 0.685004 0.256394 0.0499869 0.00379785 0.00481746
 0.685071 0.263905 0.0415316 0.00809704 0.00139554
 0.230136 0.634996 0.113018 0.0177859 0.00406521
 0.174722 0.335804 0.403726 0.0718559 0.0138928
 0.52022 0.156778 0.131428 0.158012 0.0335607
 0.42709 0.418761 0.0503716 0.0422268 0.0615508
 0.549541 0.313291 0.100261 0.0120601 0.0248467
 0.530772 0.36526 0.0723089 0.0231406 0.00851823
 0.457208 0.393986 0.115834 0.0229311 0.0100399
 0.462184 0.354015 0.133412 0.0392239 0.0111647
 0.391578 0.399154 0.137749 0.0519115 0.0196065
 0.730559 0.159012 0.0724463 0.0250014 0.0129805
 0.583651 0.356937 0.0350622 0.0159744 0.00837501
 0.421574 0.430538 0.126785 0.0124542 0.00864897
 0.422758 0.349173 0.169758 0.0499903 0.0083208
 0.163007 0.512021 0.196575 0.095569 0.0328276
pobs_RECLAS
 0 0 0 0 0
 0 0 0 0 0
 0 0 0 0 0
 0 0 0 0 0
 0.835266 0.146461 0.0176864 0.000547809 3.91292e-05
 0.385257 0.428462 0.181853 0.0044286 0
 0.867414 0.0963971 0.0333333 0.00285562 0
 0.441836 0.489002 0.0689373 0.000224442 0
 0.779404 0.147425 0.0564933 0.0165055 0.000172143
 0.814271 0.122319 0.05973 0.00367925 0
 0.40263 0.566651 0.0304383 0.000280538 0
 0.475488 0.404961 0.113038 0.00651328 0
 0.955842 0.0263864 0.0167828 0.000988607 0
 0.975058 0.0227948 0.00214734 0 0
 0.738997 0.206755 0.0527124 0.00153531 0
 0.850938 0.134255 0.0134407 0.00136685 0
 0.542534 0.407297 0.0501686 0 0
 0.764087 0.199537 0.0359546 0.000420521 0
 0.470689 0.182191 0.310203 0.0369168 0
 0.84361 0.089868 0.0606195 0.00523954 0.000663233
 0.607945 0.314616 0.071237 0.00620181 0
 0.523733 0.453247 0.0230204 0 0
 0.530135 0.295979 0.169645 0.0042399 0
 0.562478 0.366248 0.0663022 0.0049721 0
ppred_RECLAS
 0.0294482 0.623534 0.306014 0.0410022 1.39891e-06
 0.0797188 0.053862 0.556633 0.273181 0.0366043
 0.0329363 0.148191 0.0479268 0.495297 0.27565
 0.256147 0.0554575 0.105488 0.0341163 0.548791
 0.867783 0.0564118 0.00565162 0.0107502 0.0594036
 0.247384 0.700103 0.0224052 0.00224467 0.0278632
 0.718946 0.123896 0.146192 0.00467856 0.00628699
 0.644813 0.302969 0.0230187 0.0271612 0.0020373
 0.69083 0.251652 0.0490624 0.0037276 0.00472836
 0.687277 0.262057 0.0412407 0.00804033 0.00138576
 0.233736 0.632026 0.112489 0.0177028 0.0040462
 0.177627 0.334621 0.402305 0.071603 0.0138439
 0.529767 0.153659 0.128813 0.154868 0.0328929
 0.449481 0.402394 0.0484029 0.0405765 0.0591452
 0.567618 0.300719 0.0962374 0.0115761 0.0238496
 0.536734 0.360619 0.0713901 0.0228466 0.00841
 0.46206 0.390465 0.114799 0.0227262 0.00995015
 0.465739 0.351675 0.13253 0.0389646 0.0110909
 0.395315 0.396703 0.136903 0.0515927 0.0194861
 0.733309 0.15739 0.0717071 0.0247463 0.012848
 0.584717 0.356024 0.0349724 0.0159335 0.00835357
 0.423014 0.429466 0.126469 0.0124232 0.00862744
 0.425035 0.347796 0.169088 0.0497932 0.00828798
 0.165441 0.510532 0.196004 0.0952912 0.0327322
pobs_PELACES
 0 0 0 0 0
 0 0 0 0 0
 0 0 0 0 0
 0 0 0 0 0
 0 0 0 0 0
 0 0 0 0 0
 0 0 0 0 0
 0 0 0 0 0
 0 0 0 0 0
 0 0 0 0 0
 0.450072 0.473896 0.0757376 0.000293798 0
 0 0 0 0 0
 0.463077 0.371075 0.160297 0.00555027 0
 0.529543 0.364841 0.0842815 0.0213345 0
 0.631943 0.363953 0.00410389 0 0
 0.735681 0.248677 0.0153453 0.000297389 0
 0.695825 0.281241 0.0229344 0 0
 0.275771 0.60734 0.115278 0.00161068 0
 0 0 0 0 0
 0.896147 0.0623911 0.0374545 0.00400742 0
 0.803859 0.145111 0.0509908 3.86294e-05 0
 0.739449 0.233085 0.0266225 0.000797448 4.60066e-05
 0.878498 0.100942 0.0204185 0.000141795 0
 0.694673 0.275183 0.0284847 0.00165964 0
ppred_PELACES
 0.029907 0.623239 0.30587 0.0409828 1.39825e-06
 0.0818554 0.0537369 0.555341 0.272547 0.0365193
 0.0366521 0.147621 0.0477427 0.493394 0.274591
 0.266008 0.0547223 0.10409 0.033664 0.541516
 0.868954 0.0559122 0.00560157 0.010655 0.0588775
 0.270375 0.678716 0.0217208 0.0021761 0.027012
 0.735419 0.116634 0.137624 0.00440436 0.00591852
 0.672473 0.279376 0.0212261 0.025046 0.00187864
 0.711043 0.235199 0.0458547 0.0034839 0.00441922
 0.696945 0.253955 0.0399656 0.00779175 0.00134292
 0.247896 0.620346 0.11041 0.0173756 0.00397143
 0.189142 0.329936 0.396672 0.0706003 0.0136501
 0.560365 0.14366 0.120431 0.144791 0.0307526
 0.504674 0.362052 0.0435502 0.0365084 0.0532155
 0.614048 0.268427 0.0859032 0.0103331 0.0212886
 0.55853 0.343652 0.0680313 0.0217717 0.00801432
 0.480871 0.376811 0.110784 0.0219315 0.00960221
 0.48052 0.341946 0.128864 0.0378866 0.0107841
 0.410635 0.386652 0.133435 0.0502855 0.0189924
 0.744569 0.150745 0.0686796 0.0237015 0.0123056
 0.590038 0.351462 0.0345243 0.0157293 0.00824653
 0.429986 0.424277 0.124941 0.0122731 0.00852319
 0.435327 0.341571 0.166061 0.0489019 0.00813963
 0.17535 0.50447 0.193677 0.0941598 0.0323435
pobs_pel_tallas
 0 0 0 0 0 0 0 0 0 0 0 0 0 0 0 0 0 0 0 0 0 0 0 0 0 0 0 0 0 0 0 0 0 0 0 0
 0 0 0 0 0 0 0 0 0 0 0 0 0 0 0 0 0 0 0 0 0 0 0 0 0 0 0 0 0 0 0 0 0 0 0 0
 0 0 0 0 0 0 0 0 0 0 0 0 0 0 0 0 0 0 0 0 0 0 0 0 0 0 0 0 0 0 0 0 0 0 0 0
 0 0 0 0 0 0 0 0 0 0 0 0 0 0 0 0 0 0 0 0 0 0 0 0 0 0 0 0 0 0 0 0 0 0 0 0
 0 0 0 0 0 0 0 0 0 0 0 0 0 0 0 0 0 0 0 0 0 0 0 0 0 0 0 0 0 0 0 0 0 0 0 0
 0 0 0 0 0 0 0 0 0 0 0 0 0 0 0 0 0 0 0 0 0 0 0 0 0 0 0 0 0 0 0 0 0 0 0 0
 0 0 0 0 0 0 0 0 0 0 0 0 0 0 0 0 0 0 0 0 0 0 0 0 0 0 0 0 0 0 0 0 0 0 0 0
 0 0 0 0 0 0 0 0 0 0 0 0 0 0 0 0 0 0 0 0 0 0 0 0 0 0 0 0 0 0 0 0 0 0 0 0
 0 0 0 0 0 0 0 0 0 0 0 0 0 0 0 0 0 0 0 0 0 0 0 0 0 0 0 0 0 0 0 0 0 0 0 0
 0 0 0 0 0 0 0 0 0 0 0 0 0 0 0 0 0 0 0 0 0 0 0 0 0 0 0 0 0 0 0 0 0 0 0 0
 0 0 0 0 0 0 0 0 1.78061e-05 0.00172719 0.00360574 0.0105946 0.0120993 0.0124554 0.0147524 0.0171206 0.0266825 0.0428682 0.0675386 0.121331 0.153587 0.119568 0.100827 0.0573624 0.0630603 0.0341343 0.0324427 0.0444173 0.0211091 0.0280891 0.0125444 0.00206551 0 0 0 0
 0 0 0 0 0 0 0 0 0 0 0 0 0 0 0 0 0 0 0 0 0 0 0 0 0 0 0 0 0 0 0 0 0 0 0 0
 0 0 0 0 0 0 0.0133647 0.0140871 0.0187388 0.0205184 0.03894 0.0496705 0.03968 0.0493445 0.0407372 0.0367815 0.0215668 0.0243155 0.0234873 0.0199281 0.019796 0.0243948 0.0301388 0.0376714 0.0412746 0.0863199 0.0771752 0.113111 0.0741005 0.0525337 0.0229764 0.00759418 0.00175318 0 0 0
 0 0 0 0 0 0 0 0 0 0 0.00219441 0.00772107 0.0458388 0.0604681 0.0671733 0.0775358 0.0609151 0.0617685 0.073594 0.0568108 0.0755445 0.0548602 0.0670107 0.0636378 0.0643287 0.046367 0.0373049 0.0286899 0.0247887 0.0153202 0.00654259 0.00121912 0.000365735 0 0 0
 0 0 0 0 0 0 0 0 0 0 0 0 0.000112435 0.00938835 0.0111873 0.0202946 0.0414886 0.0713402 0.111592 0.104902 0.108894 0.110636 0.117776 0.105296 0.107544 0.0401394 0.0192827 0.0124803 0.00416011 0.0028671 0.000618394 0 0 0 0 0
 0 0 0 0 0 0 0 0 0 0 0.00291406 0.0102884 0.027416 0.0768956 0.0749926 0.110853 0.0956884 0.0897413 0.0766577 0.0534642 0.0500743 0.0551293 0.0594112 0.0620874 0.0668451 0.0424026 0.0208742 0.0120726 0.0048766 0.00582813 0.00118941 0.000297354 0 0 0 0
 0 0.00264628 0.0354308 0.0461629 0.0458689 0.0383711 0.0214643 0.0164657 0.0346957 0.0420465 0.0363128 0.0245516 0.0311673 0.0291091 0.0169068 0.0133784 0.00837989 0.0085269 0.0148486 0.0160247 0.0276389 0.0546898 0.0760071 0.122758 0.109233 0.0665981 0.0333725 0.0166128 0.00676272 0.00308733 0.000882094 0 0 0 0 0
 0 0 0 0 0 0 0 0.000805153 0.000690131 0.00759144 0.0133425 0.0154129 0.00931677 0.000345066 0.00356568 0.00563607 0.00851162 0.0253048 0.0502646 0.0516448 0.0657925 0.0565908 0.0611916 0.0827007 0.0866115 0.110766 0.145733 0.0935128 0.0569358 0.0249597 0.0138026 0.00621118 0.00161031 0.00115022 0 0
 0 0 0 0 0 0 0 0 0 0 0 0 0 0 0 0 0 0 0 0 0 0 0 0 0 0 0 0 0 0 0 0 0 0 0 0
 0.00147267 0.00158595 0.00478618 0.00569244 0.00954404 0.0108468 0.00647125 0.017049 0.0510054 0.094081 0.124002 0.0959785 0.0687766 0.0820023 0.061753 0.0591476 0.0492212 0.0479892 0.0443925 0.0268479 0.0217502 0.0140895 0.0121071 0.0120363 0.00920419 0.00665534 0.0049561 0.00860946 0.00930331 0.0156896 0.0114698 0.00855282 0.00243557 0.00046729 0 2.83206e-05
 0 0 0 0 0.000772559 0.00158375 0.000888443 0.00281984 0.00712685 0.0440552 0.0773331 0.111326 0.0921469 0.0852325 0.0710754 0.0886704 0.0786465 0.0553345 0.0373146 0.0185414 0.00753245 0.00457741 0.012979 0.0271748 0.0457355 0.0583668 0.034881 0.0177882 0.00938659 0.00492506 0.0015258 0.00185414 0.000309023 5.79419e-05 3.86279e-05 0
 0 0.00173294 0.00326652 0 0.00397197 0.00683976 0.00946217 0.0152591 0.00757587 0.0136028 0.0228656 0.0392903 0.0559909 0.0764795 0.0681675 0.0726916 0.0566044 0.0477403 0.0527397 0.0444891 0.0609904 0.0582453 0.0661739 0.0445044 0.0529084 0.0360697 0.0280645 0.0235558 0.0158879 0.00826598 0.00280645 0.00217768 0.000904811 0.00058276 9.20147e-05 0
 0 0 0 0 0 0 0 0 0 0 0 0 0 0 0 0 0 0 0 0 0 0 0 0 0 0 0 0 0 0 0 0 0 0 0 0
 0 0 0 0 0 0 0 0 0 0 0 0 0 0 0 0 0 0 0 0 0 0 0 0 0 0 0 0 0 0 0 0 0 0 0 0
ppred_pel_tallas
 1.05954e-16 1.34272e-06 7.78522e-06 3.68085e-05 0.000141381 0.000440582 0.00111356 0.0022836 0.00380477 0.00516857 0.00577969 0.0054676 0.0047207 0.00438531 0.00518134 0.00749893 0.0115006 0.0172521 0.0247156 0.0336502 0.0435296 0.053545 0.0627103 0.0700442 0.0747764 0.0765083 0.0752799 0.0715187 0.0658996 0.0591686 0.0519894 0.0448558 0.0380754 0.0318061 0.0261148 0.0210274
 1.18973e-16 3.58511e-06 2.10017e-05 9.97559e-05 0.000383939 0.00119713 0.00302386 0.00618805 0.0102609 0.013791 0.0150363 0.0133325 0.00969721 0.00597605 0.00351258 0.00264132 0.00309253 0.00455648 0.00692233 0.0102417 0.0146191 0.0201264 0.0267507 0.0343605 0.0426876 0.0513244 0.0597447 0.0673457 0.073514 0.0777051 0.0795232 0.0787854 0.0755557 0.0701359 0.0630211 0.0548224
 1.3051e-16 1.61572e-06 9.43635e-06 4.47651e-05 0.000172198 0.000536821 0.00135608 0.00277611 0.00460732 0.00620467 0.00679725 0.00610373 0.00460604 0.00317 0.00245139 0.00266701 0.00376925 0.00568666 0.00841572 0.0119906 0.0164278 0.021694 0.0277015 0.0343199 0.0413895 0.0487266 0.0561152 0.063288 0.0699114 0.0755862 0.079878 0.082375 0.0827614 0.0808843 0.0767994 0.0707751
 1.27955e-16 1.16131e-05 6.81378e-05 0.000323857 0.0012468 0.00388795 0.00982061 0.0200945 0.0333098 0.0447372 0.0486911 0.0429687 0.030802 0.0180677 0.00894949 0.00427675 0.0028337 0.0032011 0.00456091 0.00663005 0.00937844 0.012844 0.0170558 0.0220067 0.0276398 0.0338358 0.0404011 0.0470604 0.0534603 0.0591893 0.0638175 0.0669498 0.0682855 0.0676677 0.0651125 0.0608134
 1.03216e-16 3.79052e-05 0.000222494 0.00105768 0.00407219 0.0126988 0.032076 0.0656306 0.108786 0.146083 0.158932 0.140106 0.10011 0.0580576 0.0274894 0.010939 0.00420461 0.00236835 0.00243741 0.00314956 0.00408174 0.00508165 0.00605705 0.00693128 0.00764756 0.00817864 0.00852932 0.00872873 0.00881587 0.00882368 0.00876778 0.0086435 0.00843114 0.00810644 0.00765191 0.00706533
 1.01867e-16 1.18297e-05 6.935e-05 0.000329487 0.00126826 0.00395469 0.00998993 0.0204456 0.0339092 0.0455946 0.0497621 0.0442414 0.0324276 0.0204539 0.0127815 0.0104872 0.0125434 0.0176084 0.0247461 0.0332727 0.0424354 0.0512762 0.0587048 0.0637001 0.0655441 0.0639981 0.059363 0.0523942 0.0441093 0.0355495 0.0275744 0.0207404 0.0152803 0.0111616 0.00818529 0.00608614
 1.0242e-16 3.20854e-05 0.000188319 0.000895194 0.00344656 0.0107478 0.027148 0.055548 0.0920758 0.123651 0.134547 0.118657 0.0848866 0.0494372 0.0238024 0.0101677 0.00502151 0.00424105 0.00531557 0.0071696 0.00939952 0.0117909 0.0141481 0.0162737 0.0179931 0.0191833 0.0197876 0.0198138 0.0193179 0.0183825 0.0170973 0.0155493 0.0138206 0.0119903 0.0101368 0.00833668
 1.01341e-16 2.9347e-05 0.000172228 0.000818663 0.00315184 0.00982869 0.0248266 0.0507995 0.0842095 0.113102 0.123106 0.108657 0.0779304 0.0457827 0.0227824 0.0109928 0.00726161 0.00784945 0.010437 0.0139412 0.0178094 0.0215937 0.0248375 0.0271182 0.0281342 0.0277761 0.026151 0.0235489 0.0203662 0.0170104 0.0138186 0.0110108 0.00868214 0.00682761 0.00538118 0.00425428
 1.01054e-16 3.10271e-05 0.000182096 0.000865583 0.00333251 0.0103921 0.0262497 0.053711 0.089034 0.119577 0.13014 0.114832 0.0822872 0.0481977 0.0237165 0.0110003 0.00669239 0.00682406 0.00894593 0.0119416 0.0152845 0.0185837 0.0214502 0.0235218 0.0245347 0.0243825 0.0231392 0.0210329 0.0183843 0.0155293 0.0127522 0.0102463 0.00810694 0.0063491 0.00493696 0.0038132
 1.00981e-16 3.04131e-05 0.000178489 0.000848435 0.00326648 0.0101862 0.0257296 0.0526469 0.0872708 0.117211 0.12757 0.112578 0.0806998 0.0473245 0.0233919 0.0110258 0.00694514 0.00726581 0.00958574 0.0127992 0.0163673 0.0198737 0.0228995 0.0250554 0.0260597 0.0258028 0.0243716 0.02202 0.0191016 0.0159848 0.01298 0.0102964 0.00803414 0.00620405 0.00476062 0.00363465
 1.02552e-16 1.08475e-05 6.35879e-05 0.000302104 0.00116284 0.00362597 0.00915956 0.0187462 0.031091 0.041806 0.0456294 0.0405723 0.0297498 0.0187884 0.0117839 0.00973225 0.0117032 0.0164829 0.0232331 0.031349 0.0401619 0.0488092 0.0562957 0.0616723 0.0642465 0.0637436 0.0603656 0.0547223 0.0476669 0.0400919 0.0327508 0.0261547 0.0205528 0.0159798 0.0123346 0.00945918
 1.08802e-16 8.2744e-06 4.85068e-05 0.000230463 0.000887098 0.00276614 0.00698737 0.0142997 0.0237133 0.0318766 0.0347682 0.030859 0.0225074 0.0139819 0.00837835 0.00643068 0.0074202 0.0104475 0.014956 0.0206376 0.0272032 0.034257 0.0412927 0.0477616 0.0531669 0.0571451 0.0595094 0.0602433 0.059459 0.0573396 0.0540933 0.0499298 0.0450604 0.0397072 0.0341097 0.0285178
 1.08169e-16 2.44531e-05 0.000143509 0.000682157 0.00262631 0.00818985 0.0206869 0.0423284 0.0701651 0.0942329 0.102552 0.0904785 0.0648112 0.0379142 0.0185734 0.00848879 0.00502408 0.00507557 0.00675858 0.00926444 0.012273 0.0155841 0.0189927 0.0222835 0.0252599 0.0277733 0.0297352 0.0311097 0.031893 0.0320908 0.0317047 0.0307337 0.0291878 0.0271051 0.0245648 0.021688
 1.04478e-16 2.20334e-05 0.000129284 0.000614484 0.00236567 0.00737703 0.0186341 0.0381297 0.0632117 0.0849141 0.0924629 0.0817004 0.0587924 0.0349344 0.0181183 0.00996496 0.00818154 0.0100166 0.0137433 0.0184993 0.0237458 0.0289551 0.0335546 0.0370036 0.0389093 0.0391163 0.0377373 0.0351106 0.0317026 0.0279895 0.0243581 0.021051 0.0181633 0.0156779 0.0135178 0.0115947
 1.02657e-16 2.6799e-05 0.00015727 0.000747553 0.00287805 0.00897489 0.02267 0.0463869 0.0768953 0.10328 0.112421 0.0992384 0.0712019 0.0418848 0.0209466 0.0102843 0.00703496 0.0078007 0.0104792 0.0140926 0.01814 0.0222058 0.0258555 0.0286746 0.0303503 0.0307387 0.0298914 0.0280285 0.0254728 0.0225672 0.0196049 0.0167885 0.0142252 0.011946 0.00993771 0.00817112
 1.02201e-16 2.43812e-05 0.000143069 0.000680022 0.00261802 0.00816396 0.0206217 0.0421966 0.069952 0.0939633 0.102303 0.090362 0.0649538 0.0384518 0.0196787 0.010402 0.00805818 0.00958255 0.0130595 0.0175528 0.0225106 0.0274159 0.031713 0.0348761 0.0365191 0.0364832 0.0348688 0.0319983 0.0283263 0.0243281 0.0204043 0.0168253 0.0137225 0.0111157 0.00895614 0.00716942
 1.02898e-16 2.09964e-05 0.000123193 0.000585525 0.00225417 0.00702929 0.0177557 0.0363327 0.0602338 0.0809171 0.0881194 0.0778835 0.0560917 0.0334222 0.0175051 0.00990281 0.00845004 0.0105413 0.0145386 0.0196135 0.0252268 0.030831 0.0358203 0.0396128 0.0417716 0.0421006 0.040682 0.0378377 0.0340358 0.0297738 0.0254772 0.0214417 0.0178239 0.0146684 0.0119518 0.00962405
 1.03747e-16 2.09797e-05 0.000123098 0.000585081 0.00225247 0.007024 0.0177423 0.0363051 0.060187 0.0808515 0.0880405 0.0777963 0.0559908 0.0332861 0.0172956 0.00956869 0.00793112 0.00977519 0.0134714 0.0182151 0.0235083 0.0288581 0.0337187 0.0375598 0.039974 0.0407628 0.039971 0.0378543 0.034799 0.0312209 0.027479 0.0238271 0.0204077 0.0172762 0.0144382 0.0118826
 1.04636e-16 1.79342e-05 0.000105215 0.00050005 0.00192506 0.00600299 0.0151634 0.0310287 0.0514427 0.0691139 0.0752827 0.0665785 0.0480385 0.0288021 0.0154131 0.00924045 0.00847121 0.0109107 0.0151743 0.0205428 0.026512 0.0325399 0.0380141 0.0423392 0.0450597 0.0459569 0.0450867 0.0427423 0.0393614 0.0354117 0.0312926 0.0272817 0.0235283 0.0200835 0.0169441 0.0140915
 1.02414e-16 3.24855e-05 0.000190666 0.000906344 0.00348948 0.0108816 0.0274861 0.0562401 0.0932237 0.125195 0.136233 0.120158 0.0859916 0.0501428 0.0242566 0.0105539 0.00548505 0.00487464 0.00616818 0.00824971 0.0106691 0.0131585 0.01547 0.0173687 0.0186708 0.0192798 0.0192016 0.0185312 0.0174192 0.0160294 0.0145037 0.0129433 0.011407 0.00992305 0.00850429 0.00716126
 1.01531e-16 2.57553e-05 0.000151135 0.000718371 0.00276567 0.0086244 0.0217848 0.0445763 0.0738965 0.0992603 0.108066 0.0954431 0.0685856 0.04056 0.0206795 0.0108021 0.00820856 0.0096504 0.0130944 0.0175464 0.0224241 0.02719 0.031273 0.0341402 0.0354101 0.0349427 0.0328711 0.0295598 0.0255087 0.0212332 0.0171623 0.0135781 0.0106061 0.0082447 0.00641383 0.0050027
 1.02732e-16 1.87795e-05 0.000110174 0.000523619 0.0020158 0.00628593 0.0158781 0.0324914 0.0538681 0.0723737 0.0788368 0.0697297 0.0503295 0.0302099 0.0162274 0.00981934 0.00908904 0.011735 0.016296 0.0219966 0.0282764 0.0345272 0.0400662 0.0442369 0.0465472 0.0467788 0.045029 0.0416682 0.0372338 0.0322973 0.0273496 0.0227335 0.0186321 0.0150983 0.012104 0.00958657
 1.0453e-16 1.90091e-05 0.000111529 0.000530079 0.0020407 0.00636361 0.0160742 0.032892 0.0545299 0.0732556 0.0797784 0.0705173 0.0507997 0.0302962 0.0159198 0.00909402 0.00787054 0.00990664 0.0137388 0.0186382 0.0241374 0.0297568 0.0349543 0.0391955 0.0420589 0.0433217 0.0429952 0.0412967 0.0385734 0.0352078 0.031537 0.027808 0.0241723 0.0207088 0.0174567 0.0144432
 1.07661e-16 7.67946e-06 4.49994e-05 0.000213756 0.000822718 0.00256534 0.00648035 0.0132635 0.0220004 0.0295902 0.0323169 0.0287839 0.0212117 0.0136064 0.00890141 0.00784795 0.00984143 0.0140759 0.0200003 0.0272063 0.0352083 0.0433477 0.0508399 0.0569104 0.0609579 0.0626793 0.0621196 0.0596243 0.0557228 0.0509827 0.0458892 0.0407786 0.0358356 0.0311324 0.0266859 0.0225041
pSPR Fmed_Fpbrs
0.517517   0.255389 0.255389
Fs Fmed_Fpbrs
0.378055   1.005 1.005
SSBpbr Bo_Bmed_Bpbrs
1.05873e+06  494974  217452 217452
Ro
21590.3
SPR SPRFo_SPRFmed_SPRFpbrs
444190 229876 113441
log_Ro
9.8
likeval ReclasPelacesDesembMPH_pf_preclas_ppelaces_ptallas_desvR_qrecl_qpela
 100.427 116.944 0.114621 0.000575506 371.025 183.562 90.7509 0 41.4722 0 0 0 0 0 0
q_reclas_q_pelaces
1 1
M
0.7
N
 5856.99 63522.9 31175.4 4177.13 0.142515
 7853.7 2771.41 28640.9 14056.2 1883.43
 1343.42 3574.38 1156 11946.6 6648.71
 4077.38 476.936 907.202 293.401 4719.63
 52532.5 1734.2 173.741 330.48 1826.17
 14903.5 25289.5 809.333 81.0831 1006.49
 52664.8 5146.33 6072.49 194.337 261.147
 71828.4 20333.8 1544.89 1822.92 136.733
 116533 24565 4789.22 363.87 461.558
 211551 43202.2 6798.86 1325.51 228.454
 60219.1 91557.3 16295.5 2564.48 586.145
 22343.1 23646.7 28429.7 5059.97 978.309
 50263.1 8788.48 7367.45 8857.65 1881.31
 27425.8 17171.1 2065.46 1731.49 2523.86
 19639.8 6961.43 2227.83 267.979 552.101
 14190.5 5447.04 1078.33 345.09 127.03
 11393.3 5397.37 1586.86 314.143 137.54
 10896.7 4500.72 1696.12 498.668 141.941
 8181.78 4521.14 1560.26 587.99 222.079
 28573 3349.87 1526.21 526.699 273.456
 37772.3 11888.4 1167.81 532.054 278.944
 33111.1 17549.9 5168.1 507.666 352.555
 34590.5 15081.9 7332.36 2159.24 359.401
 8814.68 15124.9 5806.77 2823.08 969.718
pred_Ctot
 199.093 4228.58 2075.28 278.062 0.00948693
 474.001 322.176 3329.51 1634.04 218.948
 280.79 1305.56 422.235 4363.56 2428.47
 424.586 93.0228 176.943 57.2257 920.527
 1156.88 75.349 7.54884 14.359 79.3451
 3333.8 9787.78 313.236 31.3816 389.541
 8549.83 1506.41 1777.51 56.8853 76.4417
 16428.6 8019.08 609.264 718.91 53.9238
 21600 8084.81 1576.22 119.757 151.908
 19700.4 7589.04 1194.31 232.844 40.131
 9185.12 25343.8 4510.74 709.869 162.25
 3385.86 6507.4 7823.65 1392.47 269.223
 11524.6 3473.15 2911.56 3500.48 743.479
 10016.5 9821.18 1181.36 990.343 1443.55
 6446.17 3674.94 1176.07 141.466 291.454
 2425.63 1669.24 330.452 105.753 38.9284
 1697.82 1463.05 430.145 85.1538 37.2827
 1302.32 997.524 375.922 110.523 31.4593
 1044.25 1064.46 367.347 138.436 52.2862
 3365.79 732.593 333.771 115.185 59.803
 1755.16 1073.38 105.439 48.0382 25.1853
 1980.33 2022.44 595.57 58.5032 40.6284
 2993.94 2472.81 1202.21 354.027 58.9271
 1228.34 3858.32 1481.29 720.158 247.372
F
 0.0482819 0.0965638 0.0965638 0.0965638 0.0965638
 0.0871938 0.174388 0.174388 0.174388 0.174388
 0.335591 0.671181 0.671181 0.671181 0.671181
 0.15491 0.30982 0.30982 0.30982 0.30982
 0.0310438 0.0620877 0.0620877 0.0620877 0.0620877
 0.36331 0.726619 0.726619 0.726619 0.726619
 0.251664 0.503329 0.503329 0.503329 0.503329
 0.372958 0.745915 0.745915 0.745915 0.745915
 0.292283 0.584567 0.584567 0.584567 0.584567
 0.1375 0.275 0.275 0.275 0.275
 0.234765 0.469531 0.469531 0.469531 0.469531
 0.233076 0.466153 0.466153 0.466153 0.466153
 0.374045 0.74809 0.74809 0.74809 0.74809
 0.6711 1.3422 1.3422 1.3422 1.3422
 0.582487 1.16497 1.16497 1.16497 1.16497
 0.266659 0.533318 0.533318 0.533318 0.533318
 0.228785 0.45757 0.45757 0.45757 0.45757
 0.179693 0.359387 0.359387 0.359387 0.359387
 0.192989 0.385978 0.385978 0.385978 0.385978
 0.176897 0.353795 0.353795 0.353795 0.353795
 0.066529 0.133058 0.133058 0.133058 0.133058
 0.0863755 0.172751 0.172751 0.172751 0.172751
 0.127234 0.254469 0.254469 0.254469 0.254469
 0.212465 0.42493 0.42493 0.42493 0.42493
nmprior
 10 10 8 0
nm_flota  nm_reclas  nm_pelaces    nm_pelaL
inf 10.9108 8.89002 13.7621
cv_recla  cv_pelaces  cv_mph
0.927793 1.27249 0.778329
 ------------------------------------------------
Talla a la edad & desviación 
 7.2 14.2025 17.0495 18.207 18.6776
 1.08 2.13037 2.55742 2.73105 2.80164
