years
 1997 1998 1999 2000 2001 2002 2003 2004 2005 2006 2007 2008 2009 2010 2011 2012 2013 2014 2015 2016 2017 2018 2019 2020
reclasobs
 0 0 0 370054 412103 1.49427e+06 250295 1.28982e+06 931140 785840 897777 1.04006e+06 184774 17550 25797 100020 73551 82996 120727 218422 84188 347160 605670 569463
reclaspred
 460534 136962 477121 340927 439619 515829 1.08351e+06 677418 690530 564955 428943 287202 175213 85660.2 64296.6 67789.3 86992.3 120436 128894 184083 262581 244738 439239 545122
pelacesobs
 0 0 0 0 0 0 0 0 0 2.06254e+06 1.5e+06 0 1.87456e+06 323000 250000 174000 83755 137374 0 501740 490994 745055 786931 1.00524e+06
pelacespred
 1.8998e+06 518146 1.05273e+06 1.16085e+06 1.26356e+06 1.26363e+06 2.85904e+06 2.3582e+06 2.068e+06 1.73222e+06 1.18882e+06 816149 495625 208249 152462 169134 224779 311856 346252 478347 751663 685253 969923 1.41916e+06
mphobs
 0 0 0 0 0 112323 0 153150 637223 0 255016 313432 73983 77613 109348 50772 0 0 0 0 0 0 0 0
mphpred
 162901 115117 153293 213814 200611 279546 418352 469225 377845 346521 292610 202733 125783 67035.6 35154.6 31727.8 38885.6 54914 68668 79768.2 117684 137589 178115 260027
desembarqueobs
 350755 77701 442110 56441 14545 235359 269955 359681 431902 328805 639364 411747 362871 311530 167758 66681 60226 58785 57116 71774 51957 67425 138520 160799
desembarquepred
 350766 77704.8 442153 56442.7 14545.1 235390 269979 359714 431980 328873 639791 412116 363385 312163 167873 66699.5 60245.6 58789.5 57116 71778 51958.7 67423.5 138524 160803
Reclutas
 88691.2 110682 72503.1 102441 165838 124962 179689 152699 160276 140972 69710.5 42287.3 42126.7 25046.2 20798.7 27654.4 24255.8 26992.5 31790 55061.1 69724 95499.5 157761 167918
log_desv_Rt
 0.212916 0.434415 0.0113853 0.357043 0.838765 0.555763 0.918986 0.756227 0.804654 0.67632 -0.0278932 -0.527757 -0.531564 -1.05152 -1.23735 -0.952459 -1.08359 -0.976686 -0.813092 -0.263801 -0.0276996 0.286876 0.788834 0.851231
SSB
 1.06225e+06 750657 999600 1.39425e+06 1.30815e+06 1.82287e+06 2.728e+06 3.05973e+06 2.46386e+06 2.2596e+06 1.90806e+06 1.32199e+06 820211 437128 229237 206891 253566 358085 447772 520155 767400 897193 1.16145e+06 1.69559e+06
BT
 3.65115e+06 1.03873e+06 2.09406e+06 2.09661e+06 2.23017e+06 2.40175e+06 5.20952e+06 4.55103e+06 4.02976e+06 3.362e+06 2.67559e+06 1.81624e+06 1.22941e+06 668964 412906 352765 444789 594749 656858 899056 1.36344e+06 1.26487e+06 1.79723e+06 2.62236e+06
Ftot
 0.271427 0.193616 0.257606 0.0469577 0.010522 0.113601 0.0712707 0.148212 0.17604 0.156886 0.35798 0.336165 0.521331 0.893705 0.768375 0.298339 0.213436 0.142047 0.120757 0.12107 0.0597286 0.0771368 0.0886121 0.0841734
BD_Bspro_t
 0.967317 0.843851 0.82689 0.754196 0.829157 0.899726 0.879118 0.879295 0.834525 0.792683 0.746042 0.603452 0.493599 0.380946 0.266016 0.290167 0.418279 0.5894 0.69145 0.764031 0.83865 0.887382 0.894297 0.898888
BD_Bspro
 0.720283 0.509001 0.677803 0.945403 0.887021 1.23604 1.84979 2.07473 1.67068 1.53218 1.29381 0.896407 0.556164 0.296405 0.15544 0.140288 0.171937 0.242808 0.303623 0.352704 0.520354 0.608363 0.787552 1.14974
BD_Bo
 0.635099 0.448805 0.597643 0.833596 0.782118 1.08986 1.63102 1.82936 1.4731 1.35098 1.1408 0.790394 0.490389 0.261351 0.137057 0.123697 0.151603 0.214093 0.267715 0.310991 0.458815 0.536416 0.694413 1.01376
BD_Brms
 1.15473 0.81601 1.08663 1.51563 1.42204 1.98157 2.9655 3.32612 2.67837 2.45633 2.07418 1.43708 0.891619 0.475185 0.249195 0.224904 0.275642 0.38926 0.486756 0.56544 0.834211 0.975303 1.26257 1.84321
S_f
 0.212774 1 1 1 1
 0.212774 1 1 1 1
 0.212774 1 1 1 1
 0.212774 1 1 1 1
 0.212774 1 1 1 1
 0.212774 1 1 1 1
 0.212774 1 1 1 1
 0.212774 1 1 1 1
 0.212774 1 1 1 1
 0.212774 1 1 1 1
 0.212774 1 1 1 1
 0.212774 1 1 1 1
 0.212774 1 1 1 1
 0.212774 1 1 1 1
 0.212774 1 1 1 1
 0.212774 1 1 1 1
 0.212774 1 1 1 1
 0.212774 1 1 1 1
 0.212774 1 1 1 1
 0.212774 1 1 1 1
 0.212774 1 1 1 1
 0.212774 1 1 1 1
 0.212774 1 1 1 1
 0.212774 1 1 1 1
Scru_reclas
 1 1 1 1 1
 1 1 1 1 1
 1 1 1 1 1
 1 1 1 1 1
 1 1 1 1 1
 1 1 1 1 1
 1 1 1 1 1
 1 1 1 1 1
 1 1 1 1 1
 1 1 1 1 1
 1 1 1 1 1
 1 1 1 1 1
 1 1 1 1 1
 1 1 1 1 1
 1 1 1 1 1
 1 1 1 1 1
 1 1 1 1 1
 1 1 1 1 1
 1 1 1 1 1
 1 1 1 1 1
 1 1 1 1 1
 1 1 1 1 1
 1 1 1 1 1
 1 1 1 1 1
Scru_pelaces
 0.990223 1 1 1 1
 0.990223 1 1 1 1
 0.990223 1 1 1 1
 0.990223 1 1 1 1
 0.990223 1 1 1 1
 0.990223 1 1 1 1
 0.990223 1 1 1 1
 0.990223 1 1 1 1
 0.990223 1 1 1 1
 0.990223 1 1 1 1
 0.990223 1 1 1 1
 0.990223 1 1 1 1
 0.990223 1 1 1 1
 0.990223 1 1 1 1
 0.990223 1 1 1 1
 0.990223 1 1 1 1
 0.990223 1 1 1 1
 0.990223 1 1 1 1
 0.990223 1 1 1 1
 0.990223 1 1 1 1
 0.990223 1 1 1 1
 0.990223 1 1 1 1
 0.990223 1 1 1 1
 0.990223 1 1 1 1
pf_obs 
 0.256992 0.487395 0.22802 0.0275931 0
 0.321318 0.546541 0.124235 0.00734118 0.000564706
 0.182869 0.594174 0.210203 0.0122559 0.00049798
 0.330522 0.361315 0.267642 0.0388342 0.00168674
 0.649043 0.306663 0.0425973 0.00169635 0
 0.582887 0.30429 0.105238 0.00758474 0
 0.465427 0.430635 0.0974691 0.00646863 0
 0.296916 0.608066 0.0921331 0.00288517 0
 0.311714 0.524322 0.152257 0.0117073 0
 0.15457 0.633149 0.183074 0.0267441 0.00246327
 0.131901 0.49318 0.331252 0.0422183 0.00144891
 0.196976 0.569456 0.194076 0.0375587 0.00193317
 0.518974 0.381816 0.0799577 0.0180837 0.00116848
 0.0928022 0.601141 0.25162 0.0475244 0.00691264
 0.122501 0.610282 0.24278 0.0234846 0.000952079
 0.383417 0.481906 0.127806 0.00687128 0
 0.0376549 0.599619 0.316969 0.0457579 0
 0.0361596 0.667082 0.258105 0.0386534 0
 0.158088 0.579412 0.248529 0.0139706 0
 0.0477256 0.309471 0.559284 0.082774 0.000745712
 0.0406174 0.521527 0.379366 0.0568643 0.0016247
 0.151134 0.462217 0.34131 0.0453401 0
 0.294876 0.26143 0.354403 0.0886775 0.000613685
 0.281977 0.475581 0.204845 0.0348837 0.00271318
pf_pred 
 0.397068 0.425778 0.158454 0.0186903 9.03881e-06
 0.319984 0.528796 0.106788 0.0397414 0.00468992
 0.184044 0.576762 0.186002 0.0375625 0.0156286
 0.261013 0.401564 0.238509 0.0769177 0.0219961
 0.306629 0.436065 0.13982 0.083046 0.0344406
 0.185343 0.550846 0.165912 0.0531981 0.0447008
 0.255078 0.394291 0.237086 0.0714092 0.042136
 0.195336 0.502252 0.160068 0.0962487 0.0460954
 0.213051 0.432255 0.221392 0.0705578 0.062745
 0.192959 0.46742 0.186547 0.0955452 0.057529
 0.118895 0.481511 0.231436 0.0923657 0.0757923
 0.118256 0.376685 0.276008 0.132662 0.0963902
 0.187156 0.344016 0.200286 0.146755 0.121788
 0.179127 0.475206 0.146295 0.0851727 0.1142
 0.251199 0.456873 0.168998 0.0520269 0.070903
 0.339582 0.457805 0.123623 0.0457283 0.0332629
 0.240231 0.557937 0.13991 0.0377805 0.0241406
 0.245307 0.468275 0.210332 0.0527435 0.0233431
 0.251376 0.463677 0.176805 0.0794143 0.0287278
 0.331515 0.417648 0.155362 0.0592412 0.0362346
 0.28778 0.50634 0.128627 0.0478482 0.0294045
 0.287483 0.470966 0.171727 0.0436241 0.0262005
 0.329487 0.444145 0.149627 0.0545579 0.0221834
 0.252499 0.527767 0.145551 0.0490342 0.0251489
pobs_RECLAS
 0 0 0 0 0
 0 0 0 0 0
 0 0 0 0 0
 0 0 0 0 0
 0.835266 0.146461 0.0176864 0.000547809 3.91292e-05
 0.385257 0.428462 0.181853 0.0044286 0
 0.867414 0.0963971 0.0333333 0.00285562 0
 0.441836 0.489002 0.0689373 0.000224442 0
 0.779404 0.147425 0.0564933 0.0165055 0.000172143
 0.814271 0.122319 0.05973 0.00367925 0
 0.40263 0.566651 0.0304383 0.000280538 0
 0.475488 0.404961 0.113038 0.00651328 0
 0.955842 0.0263864 0.0167828 0.000988607 0
 0.975058 0.0227948 0.00214734 0 0
 0.738997 0.206755 0.0527124 0.00153531 0
 0.850938 0.134255 0.0134407 0.00136685 0
 0.542534 0.407297 0.0501686 0 0
 0.764087 0.199537 0.0359546 0.000420521 0
 0.470689 0.182191 0.310203 0.0369168 0
 0.84361 0.089868 0.0606195 0.00523954 0.000663233
 0.607945 0.314616 0.071237 0.00620181 0
 0.523733 0.453247 0.0230204 0 0
 0.530135 0.295979 0.169645 0.0042399 0
 0.562478 0.366248 0.0663022 0.0049721 0
ppred_RECLAS
 0.758602 0.17047 0.0634407 0.00748308 3.6189e-06
 0.690818 0.240427 0.0485533 0.0180692 0.00213236
 0.51815 0.340598 0.109841 0.0221819 0.00922921
 0.624581 0.204002 0.121167 0.0390756 0.0111744
 0.675262 0.20423 0.0654842 0.0388944 0.0161302
 0.518152 0.325811 0.0981327 0.0314653 0.0264394
 0.617572 0.202421 0.121715 0.03666 0.0216318
 0.534799 0.290367 0.0925405 0.0556443 0.0266492
 0.562203 0.240473 0.123165 0.0392529 0.0349064
 0.531142 0.271552 0.108376 0.0555079 0.0334221
 0.39313 0.331646 0.159404 0.0636178 0.0522027
 0.391296 0.260041 0.19054 0.0915818 0.0665421
 0.528238 0.199661 0.116243 0.0851743 0.070684
 0.524012 0.275551 0.0848297 0.0493878 0.0662193
 0.625439 0.228534 0.0845354 0.0260246 0.0354667
 0.710823 0.200459 0.0541306 0.020023 0.0145648
 0.60051 0.293366 0.0735655 0.0198651 0.0126932
 0.606106 0.244405 0.109778 0.0275282 0.0121834
 0.61356 0.23935 0.0912669 0.0409937 0.0148293
 0.701042 0.186779 0.0694806 0.0264937 0.0162047
 0.655701 0.244773 0.0621803 0.0231306 0.0142147
 0.655573 0.227662 0.0830117 0.0210876 0.0126652
 0.698751 0.199546 0.0672245 0.0245118 0.00996657
 0.614508 0.272173 0.0750617 0.0252873 0.0129695
pobs_PELACES
 0 0 0 0 0
 0 0 0 0 0
 0 0 0 0 0
 0 0 0 0 0
 0 0 0 0 0
 0 0 0 0 0
 0 0 0 0 0
 0 0 0 0 0
 0 0 0 0 0
 0 0 0 0 0
 0.450072 0.473896 0.0757376 0.000293798 0
 0 0 0 0 0
 0.463077 0.371075 0.160297 0.00555027 0
 0.529543 0.364841 0.0842815 0.0213345 0
 0.631943 0.363953 0.00410389 0 0
 0.735681 0.248677 0.0153453 0.000297389 0
 0.695825 0.281241 0.0229344 0 0
 0.275771 0.60734 0.115278 0.00161068 0
 0 0 0 0 0
 0.896147 0.0623911 0.0374545 0.00400742 0
 0.803859 0.145111 0.0509908 3.86294e-05 0
 0.739449 0.233085 0.0266225 0.000797448 4.60066e-05
 0.878498 0.100942 0.0204185 0.000141795 0
 0.694673 0.275183 0.0284847 0.00165964 0
ppred_PELACES
 0.769541 0.162746 0.0605661 0.00714401 3.45492e-06
 0.699396 0.233757 0.0472063 0.0175679 0.0020732
 0.532387 0.330534 0.106595 0.0215265 0.00895652
 0.625138 0.203699 0.120987 0.0390177 0.0111579
 0.673705 0.205209 0.0657982 0.0390808 0.0162075
 0.523065 0.322489 0.097132 0.0311444 0.0261698
 0.619622 0.201336 0.121063 0.0364635 0.0215158
 0.541926 0.285919 0.0911227 0.0547918 0.0262409
 0.57102 0.23563 0.120685 0.0384623 0.0342034
 0.538837 0.267095 0.106598 0.0545969 0.0328735
 0.41314 0.320711 0.154148 0.0615203 0.0504815
 0.409903 0.252092 0.184715 0.0887822 0.0645079
 0.559388 0.186478 0.108567 0.0795503 0.0660167
 0.578951 0.243747 0.0750387 0.0436875 0.0585762
 0.668739 0.202116 0.074763 0.0230162 0.0313667
 0.724533 0.190954 0.0515641 0.0190737 0.0138743
 0.611403 0.285367 0.0715596 0.0193235 0.0123471
 0.612551 0.240406 0.107981 0.0270778 0.011984
 0.618656 0.236194 0.0900634 0.0404531 0.0146337
 0.705555 0.18396 0.0684317 0.0260938 0.0159601
 0.656985 0.243861 0.0619485 0.0230444 0.0141617
 0.657876 0.22614 0.0824568 0.0209467 0.0125805
 0.701521 0.197711 0.0666063 0.0242864 0.00987492
 0.617357 0.270162 0.0745071 0.0251004 0.0128736
pobs_pel_tallas
 0 0 0 0 0 0 0 0 0 0 0 0 0 0 0 0 0 0 0 0 0 0 0 0 0 0 0 0 0 0 0 0 0 0 0 0
 0 0 0 0 0 0 0 0 0 0 0 0 0 0 0 0 0 0 0 0 0 0 0 0 0 0 0 0 0 0 0 0 0 0 0 0
 0 0 0 0 0 0 0 0 0 0 0 0 0 0 0 0 0 0 0 0 0 0 0 0 0 0 0 0 0 0 0 0 0 0 0 0
 0 0 0 0 0 0 0 0 0 0 0 0 0 0 0 0 0 0 0 0 0 0 0 0 0 0 0 0 0 0 0 0 0 0 0 0
 0 0 0 0 0 0 0 0 0 0 0 0 0 0 0 0 0 0 0 0 0 0 0 0 0 0 0 0 0 0 0 0 0 0 0 0
 0 0 0 0 0 0 0 0 0 0 0 0 0 0 0 0 0 0 0 0 0 0 0 0 0 0 0 0 0 0 0 0 0 0 0 0
 0 0 0 0 0 0 0 0 0 0 0 0 0 0 0 0 0 0 0 0 0 0 0 0 0 0 0 0 0 0 0 0 0 0 0 0
 0 0 0 0 0 0 0 0 0 0 0 0 0 0 0 0 0 0 0 0 0 0 0 0 0 0 0 0 0 0 0 0 0 0 0 0
 0 0 0 0 0 0 0 0 0 0 0 0 0 0 0 0 0 0 0 0 0 0 0 0 0 0 0 0 0 0 0 0 0 0 0 0
 0 0 0 0 0 0 0 0 0 0 0 0 0 0 0 0 0 0 0 0 0 0 0 0 0 0 0 0 0 0 0 0 0 0 0 0
 0 0 0 0 0 0 0 0 1.78061e-05 0.00172719 0.00360574 0.0105946 0.0120993 0.0124554 0.0147524 0.0171206 0.0266825 0.0428682 0.0675386 0.121331 0.153587 0.119568 0.100827 0.0573624 0.0630603 0.0341343 0.0324427 0.0444173 0.0211091 0.0280891 0.0125444 0.00206551 0 0 0 0
 0 0 0 0 0 0 0 0 0 0 0 0 0 0 0 0 0 0 0 0 0 0 0 0 0 0 0 0 0 0 0 0 0 0 0 0
 0 0 0 0 0 0 0.0133647 0.0140871 0.0187388 0.0205184 0.03894 0.0496705 0.03968 0.0493445 0.0407372 0.0367815 0.0215668 0.0243155 0.0234873 0.0199281 0.019796 0.0243948 0.0301388 0.0376714 0.0412746 0.0863199 0.0771752 0.113111 0.0741005 0.0525337 0.0229764 0.00759418 0.00175318 0 0 0
 0 0 0 0 0 0 0 0 0 0 0.00219441 0.00772107 0.0458388 0.0604681 0.0671733 0.0775358 0.0609151 0.0617685 0.073594 0.0568108 0.0755445 0.0548602 0.0670107 0.0636378 0.0643287 0.046367 0.0373049 0.0286899 0.0247887 0.0153202 0.00654259 0.00121912 0.000365735 0 0 0
 0 0 0 0 0 0 0 0 0 0 0 0 0.000112435 0.00938835 0.0111873 0.0202946 0.0414886 0.0713402 0.111592 0.104902 0.108894 0.110636 0.117776 0.105296 0.107544 0.0401394 0.0192827 0.0124803 0.00416011 0.0028671 0.000618394 0 0 0 0 0
 0 0 0 0 0 0 0 0 0 0 0.00291406 0.0102884 0.027416 0.0768956 0.0749926 0.110853 0.0956884 0.0897413 0.0766577 0.0534642 0.0500743 0.0551293 0.0594112 0.0620874 0.0668451 0.0424026 0.0208742 0.0120726 0.0048766 0.00582813 0.00118941 0.000297354 0 0 0 0
 0 0.00264628 0.0354308 0.0461629 0.0458689 0.0383711 0.0214643 0.0164657 0.0346957 0.0420465 0.0363128 0.0245516 0.0311673 0.0291091 0.0169068 0.0133784 0.00837989 0.0085269 0.0148486 0.0160247 0.0276389 0.0546898 0.0760071 0.122758 0.109233 0.0665981 0.0333725 0.0166128 0.00676272 0.00308733 0.000882094 0 0 0 0 0
 0 0 0 0 0 0 0 0.000805153 0.000690131 0.00759144 0.0133425 0.0154129 0.00931677 0.000345066 0.00356568 0.00563607 0.00851162 0.0253048 0.0502646 0.0516448 0.0657925 0.0565908 0.0611916 0.0827007 0.0866115 0.110766 0.145733 0.0935128 0.0569358 0.0249597 0.0138026 0.00621118 0.00161031 0.00115022 0 0
 0 0 0 0 0 0 0 0 0 0 0 0 0 0 0 0 0 0 0 0 0 0 0 0 0 0 0 0 0 0 0 0 0 0 0 0
 0.00147267 0.00158595 0.00478618 0.00569244 0.00954404 0.0108468 0.00647125 0.017049 0.0510054 0.094081 0.124002 0.0959785 0.0687766 0.0820023 0.061753 0.0591476 0.0492212 0.0479892 0.0443925 0.0268479 0.0217502 0.0140895 0.0121071 0.0120363 0.00920419 0.00665534 0.0049561 0.00860946 0.00930331 0.0156896 0.0114698 0.00855282 0.00243557 0.00046729 0 2.83206e-05
 0 0 0 0 0.000772559 0.00158375 0.000888443 0.00281984 0.00712685 0.0440552 0.0773331 0.111326 0.0921469 0.0852325 0.0710754 0.0886704 0.0786465 0.0553345 0.0373146 0.0185414 0.00753245 0.00457741 0.012979 0.0271748 0.0457355 0.0583668 0.034881 0.0177882 0.00938659 0.00492506 0.0015258 0.00185414 0.000309023 5.79419e-05 3.86279e-05 0
 0 0.00173294 0.00326652 0 0.00397197 0.00683976 0.00946217 0.0152591 0.00757587 0.0136028 0.0228656 0.0392903 0.0559909 0.0764795 0.0681675 0.0726916 0.0566044 0.0477403 0.0527397 0.0444891 0.0609904 0.0582453 0.0661739 0.0445044 0.0529084 0.0360697 0.0280645 0.0235558 0.0158879 0.00826598 0.00280645 0.00217768 0.000904811 0.00058276 9.20147e-05 0
 0 0 0 0 0 0 0 0 0 0 0 0 0 0 0 0 0 0 0 0 0 0 0 0 0 0 0 0 0 0 0 0 0 0 0 0
 0 0 0 0 0 0 0 0 0 0 0 0 0 0 0 0 0 0 0 0 0 0 0 0 0 0 0 0 0 0 0 0 0 0 0 0
ppred_pel_tallas
 1.01159e-16 3.3575e-05 0.000197061 0.000936742 0.00360652 0.0112466 0.028408 0.0581264 0.0963506 0.129395 0.140804 0.124191 0.0888829 0.0518378 0.0250927 0.0109433 0.00571979 0.00510345 0.00644716 0.00858637 0.0110406 0.0135152 0.0157367 0.0174493 0.0184592 0.0186744 0.0181222 0.0169334 0.0153034 0.0134433 0.0115367 0.00971587 0.00805607 0.00658673 0.00530843 0.00420898
 1.01447e-16 3.05191e-05 0.000179114 0.000851407 0.00327793 0.0102219 0.0258198 0.0528313 0.0875759 0.117619 0.12801 0.112955 0.080946 0.0474209 0.0233508 0.0108591 0.00664652 0.0068118 0.00894805 0.0119589 0.0153273 0.0186681 0.0215972 0.0237556 0.0248798 0.024861 0.0237665 0.0218146 0.0193136 0.0165867 0.0139064 0.0114574 0.00933033 0.00754013 0.00605549 0.00482714
 1.0278e-16 2.32408e-05 0.000136375 0.000648199 0.0024955 0.00778188 0.0196566 0.0402218 0.0666785 0.089567 0.0975182 0.0861405 0.0619296 0.0366826 0.0188133 0.0100123 0.00784329 0.00939409 0.0128484 0.017323 0.0222988 0.027286 0.0317519 0.0351846 0.0371972 0.0376117 0.0364915 0.0341091 0.0308653 0.0271875 0.023443 0.0198889 0.0166645 0.0138142 0.011326 0.00916548
 1.03646e-16 2.72801e-05 0.0001601 0.000761019 0.00292992 0.00913665 0.0230785 0.0472223 0.0782783 0.105132 0.114421 0.100968 0.0723647 0.0424116 0.0209203 0.00979645 0.00610287 0.00636969 0.0084683 0.0114463 0.0148712 0.0184257 0.0217833 0.0246229 0.0266851 0.0278215 0.0280162 0.027371 0.0260631 0.024293 0.02224 0.0200393 0.0177804 0.0155205 0.0133025 0.0111682
 1.03102e-16 2.93977e-05 0.000172533 0.000820126 0.0031575 0.00984635 0.0248711 0.0508901 0.0843576 0.113295 0.1233 0.108791 0.0779435 0.045625 0.022399 0.0103062 0.0061662 0.00622332 0.0081694 0.0109689 0.014155 0.0173955 0.0203601 0.0227346 0.0242794 0.0248787 0.0245602 0.0234743 0.021845 0.0199094 0.017867 0.0158521 0.0139335 0.0121307 0.0104395 0.00885273
 1.03777e-16 2.28339e-05 0.000133987 0.000636849 0.0024518 0.00764561 0.0193124 0.0395175 0.0655109 0.0879984 0.0958099 0.0846307 0.0608422 0.0360346 0.018474 0.00982094 0.00768196 0.00919673 0.0125829 0.016977 0.0218749 0.0268034 0.0312478 0.0347139 0.0368279 0.0374175 0.0365421 0.0344607 0.0315522 0.0282176 0.024796 0.0215183 0.0185029 0.0157804 0.0133333 0.0111301
 1.04043e-16 2.70395e-05 0.000158688 0.000754305 0.00290407 0.00905605 0.0228749 0.0468057 0.0775877 0.104204 0.113412 0.100078 0.0717263 0.0420375 0.020736 0.00971082 0.00605128 0.00631892 0.00840526 0.0113682 0.0147815 0.0183333 0.0217028 0.0245739 0.0266904 0.0279045 0.0281978 0.0276662 0.0264789 0.0248271 0.0228806 0.0207664 0.0185675 0.0163377 0.0141192 0.0119555
 1.04496e-16 2.36548e-05 0.00013881 0.000659785 0.00254012 0.00792105 0.0200081 0.0409406 0.0678687 0.0911613 0.0992423 0.0876356 0.0629438 0.0371616 0.0188352 0.00966474 0.00715063 0.00831688 0.0113189 0.0152856 0.019743 0.0242706 0.0284166 0.0317452 0.033923 0.0347889 0.0343809 0.0329072 0.0306781 0.0280214 0.0252117 0.0224337 0.01978 0.0172765 0.0149162 0.0126895
 1.0471e-16 2.49215e-05 0.00014625 0.00069517 0.00267638 0.00834598 0.0210814 0.0431362 0.0715066 0.0960419 0.10454 0.0922785 0.0662009 0.0389286 0.0194436 0.00951037 0.00647024 0.00717213 0.00967692 0.0130995 0.0170056 0.0210441 0.024843 0.028037 0.030335 0.0315771 0.0317579 0.0310071 0.0295384 0.0275865 0.025355 0.0229889 0.0205748 0.0181588 0.0157711 0.0134437
 1.05013e-16 2.35194e-05 0.000138016 0.000656016 0.00252562 0.00787583 0.0198939 0.0407067 0.0674805 0.0906385 0.0986696 0.0871216 0.0625565 0.0368967 0.0186348 0.0094555 0.00686925 0.00791591 0.0107663 0.0145668 0.0188678 0.0232789 0.0273803 0.0307634 0.0331091 0.0342527 0.0342094 0.0331492 0.031336 0.0290522 0.0265365 0.0239519 0.0213853 0.0188708 0.0164198 0.0140455
 1.06766e-16 1.80407e-05 0.000105846 0.000503065 0.0019367 0.00603929 0.015255 0.0312157 0.0517508 0.069522 0.0757122 0.0669228 0.0482096 0.0287503 0.0151062 0.00862909 0.00747248 0.00941757 0.0130829 0.0177876 0.0231026 0.0285894 0.0337508 0.038094 0.0412268 0.0429359 0.0432175 0.0422503 0.0403249 0.0377576 0.0348189 0.0316975 0.0285017 0.0252849 0.0220809 0.0189293
 1.0877e-16 1.78968e-05 0.000105008 0.000499093 0.00192143 0.00599168 0.0151347 0.030969 0.05134 0.0689649 0.0750914 0.0663406 0.0477175 0.0283119 0.0146127 0.00793799 0.00643628 0.00789848 0.0109684 0.0150159 0.0196939 0.024673 0.0295755 0.0340123 0.0376524 0.0402804 0.0418222 0.042328 0.0419276 0.0407747 0.0390049 0.0367184 0.0339882 0.030882 0.0274843 0.0239073
 1.07421e-16 2.44122e-05 0.000143265 0.000680988 0.00262179 0.00817577 0.0206514 0.0422561 0.0700463 0.0940769 0.102392 0.0903589 0.0647735 0.0379884 0.0187881 0.008885 0.00566045 0.00602178 0.00807887 0.0109958 0.0144027 0.0180316 0.0216037 0.0248393 0.0275054 0.0294561 0.0306494 0.0311319 0.0310028 0.0303703 0.0293205 0.0279053 0.0261519 0.0240833 0.021739 0.0191871
 1.05383e-16 2.52675e-05 0.000148281 0.000704825 0.00271355 0.00846189 0.0213742 0.0437354 0.0724998 0.097376 0.105993 0.0935607 0.0671213 0.0394705 0.0197146 0.00964115 0.00655182 0.00724723 0.00975454 0.0131677 0.0170368 0.0209981 0.0246709 0.0276895 0.0297733 0.0307849 0.0307517 0.0298402 0.0282976 0.0263808 0.0242986 0.0221825 0.0200894 0.0180252 0.0159776 0.0139415
 1.03384e-16 2.91811e-05 0.000171261 0.00081408 0.00313423 0.00977377 0.0246878 0.050515 0.0837357 0.11246 0.122391 0.107988 0.0773678 0.0452866 0.0222304 0.010225 0.00611388 0.00617004 0.00810406 0.0108907 0.0140697 0.017315 0.0203017 0.0227198 0.0243307 0.0250164 0.0247983 0.0238182 0.0222901 0.0204419 0.0184657 0.0164921 0.0145888 0.0127776 0.0110581 0.00942755
 1.02098e-16 3.16135e-05 0.000185543 0.00088198 0.00339566 0.010589 0.0267471 0.0547283 0.090719 0.121835 0.132587 0.116966 0.0837589 0.048945 0.0238713 0.0107163 0.00604186 0.00579424 0.00748309 0.00999847 0.0128564 0.0157321 0.0183125 0.0203045 0.0214887 0.0217666 0.0211785 0.0198831 0.0181106 0.016103 0.0140645 0.0121328 0.0103767 0.00881114 0.00742105 0.00618245
 1.0235e-16 2.66844e-05 0.000156596 0.000744342 0.00286569 0.00893631 0.0225726 0.0461877 0.0765656 0.102839 0.111944 0.0988271 0.0709269 0.0417634 0.0209604 0.010413 0.00727648 0.00817009 0.0109974 0.0147734 0.0189793 0.023174 0.0268952 0.0297046 0.0312764 0.0314686 0.0303512 0.0281752 0.0253009 0.0221074 0.0189158 0.0159448 0.0133045 0.0110185 0.00905853 0.00737804
 1.03102e-16 2.67327e-05 0.000156883 0.000745718 0.002871 0.0089529 0.0226144 0.0462729 0.0767058 0.103024 0.112136 0.0989732 0.0709824 0.041697 0.0207449 0.0100094 0.00662713 0.0072061 0.00965598 0.0130207 0.0168331 0.020722 0.0242996 0.0271905 0.0291019 0.0298834 0.0295513 0.0282681 0.0262872 0.0238855 0.0213045 0.0187183 0.01623 0.0138877 0.0117097 0.00970468
 1.0343e-16 2.69986e-05 0.000158445 0.000753145 0.0028996 0.00904207 0.0228397 0.0467338 0.0774694 0.104048 0.11325 0.0999517 0.0716744 0.0420836 0.0209002 0.0100221 0.00655323 0.00706434 0.00944242 0.0127232 0.0164402 0.020228 0.0237081 0.026516 0.0283702 0.0291299 0.0288181 0.0275994 0.0257252 0.0234649 0.0210492 0.0186384 0.0163207 0.0141301 0.0120734 0.010152
 1.02674e-16 3.07857e-05 0.000180683 0.000858878 0.00330672 0.0103117 0.0260465 0.0532948 0.0883428 0.118644 0.129114 0.113903 0.0815667 0.0476666 0.0232534 0.01045 0.00591123 0.00569329 0.0073768 0.00988808 0.012764 0.015696 0.0183849 0.0205467 0.021963 0.0225259 0.0222558 0.0212836 0.0198075 0.0180399 0.0161614 0.0142973 0.0125149 0.0108387 0.0092709 0.00780949
 1.02413e-16 2.86702e-05 0.000168258 0.000799796 0.00307921 0.0096022 0.0242545 0.0496287 0.0822679 0.110492 0.12026 0.106132 0.0760906 0.0446449 0.022112 0.0104998 0.0067232 0.00712962 0.00946439 0.0126943 0.0163185 0.0199486 0.0231887 0.0256653 0.0270994 0.0273682 0.0265274 0.0247856 0.022443 0.0198152 0.0171682 0.0146818 0.0124452 0.0104768 0.00875407 0.0072416
 1.02552e-16 2.87084e-05 0.000168484 0.000800872 0.00308336 0.00961514 0.0242872 0.0496954 0.082378 0.110639 0.120416 0.106261 0.0761636 0.0446493 0.0220432 0.0103502 0.00647604 0.00676164 0.00895358 0.0120297 0.0155093 0.0190309 0.0222271 0.0247471 0.0263231 0.0268257 0.0262871 0.0248789 0.0228588 0.0205027 0.0180483 0.0156619 0.0134352 0.0114015 0.00956074 0.00790229
 1.02306e-16 3.06104e-05 0.000179653 0.000853976 0.00328784 0.0102528 0.0258978 0.0529906 0.087839 0.117969 0.128383 0.113265 0.0811277 0.047445 0.0232104 0.0105405 0.00611458 0.00601446 0.00783299 0.0104943 0.0135219 0.0165866 0.0193657 0.0215534 0.0229172 0.0233466 0.022872 0.0216454 0.019893 0.0178561 0.0157407 0.0136894 0.0117786 0.0100336 0.00845104 0.00701929
 1.0261e-16 2.69434e-05 0.000158117 0.00075158 0.00289356 0.00902324 0.0227921 0.0466368 0.0773096 0.103837 0.113026 0.0997725 0.0715843 0.0421079 0.0210547 0.0103311 0.00705779 0.00781741 0.0104948 0.0141051 0.0181433 0.0221906 0.0258103 0.0285874 0.0302105 0.0305402 0.0296341 0.0277198 0.0251268 0.0222029 0.0192432 0.0164491 0.0139234 0.0116912 0.0097328 0.00801353
pSPR Fmed_Fpbrs
0.769295   0.599999 0.324999
Fs Fmed_Fpbrs
0.156037   0.339228 1.0256
SSBpbr Bo_Bmed_Bpbrs
1.67257e+06  1.20307e+06  919911 459955
Ro
71682.4
SPR SPRFo_SPRFmed_SPRFpbrs
1.47476e+06 1.13453e+06 479297
log_Ro
11
likeval ReclasPelacesDesembMPH_pf_preclas_ppelaces_ptallas_desvR_qrecl_qpela
 62.927 23.8459 0.0408256 0.000218939 292.813 176.636 81.9335 0 17.0692 0.000121646 2.55662e-08 2.95618e-09 0 0 0
q_reclas_q_pelaces
0.209527 1.02301
M
0.7
N
 88691.2 22177.5 8253.4 973.521 0.470805
 110682 41571.2 8395.15 3124.26 368.698
 72503.1 52744.7 17009.8 3435.07 1429.23
 102441 34083.7 20244 6528.56 1866.97
 165838 50365 16149 9591.72 3977.85
 124962 82168.4 24748.7 7935.44 6667.92
 179689 60572.2 36421.9 10970.1 6473.07
 152699 87888.2 28010.1 16842.4 8066.16
 160276 73474.3 37631.9 11993.4 10665.3
 140972 76664.7 30596.8 15671 9435.73
 69710.5 67706.6 32542.8 12987.8 10657.4
 42287.3 32078.4 23504.8 11297.4 8208.56
 42126.7 19549.7 11381.8 8339.79 6920.98
 25046.2 18723 5763.98 3355.79 4499.44
 20798.7 10283.8 3803.99 1171.08 1595.96
 27654.4 8770.57 2368.35 876.057 637.247
 24255.8 12888.1 3231.88 872.715 557.639
 26992.5 11510.3 5169.99 1296.45 573.777
 31790 13005 4958.96 2227.38 805.744
 55061.1 15386 5723.49 2182.43 1334.87
 69724 26647.2 6769.24 2518.11 1547.47
 95499.5 34186.7 12465.4 3166.6 1901.85
 157761 46651.6 15716.3 5730.59 2330.07
 167918 76878.3 21202 7142.68 3663.37
pred_Ctot
 3591.28 3850.95 1433.13 169.044 0.0817514
 3220.2 5321.6 1074.68 399.942 47.1976
 2789.89 8743.02 2819.57 569.401 236.91
 732.843 1127.47 669.658 215.961 61.7582
 266.745 379.345 121.633 72.2441 29.9609
 2149.19 6387.47 1923.87 616.871 518.339
 1946.58 3008.96 1809.28 544.946 321.554
 3415.32 8781.53 2798.69 1682.84 805.947
 4246.78 8616.22 4413.04 1406.44 1250.71
 3334.84 8078.22 3224.01 1651.27 994.251
 3693.01 14956.2 7188.62 2868.97 2354.19
 2107.97 6714.62 4920 2364.77 1718.21
 3201.36 5884.5 3425.95 2510.29 2083.23
 3153.59 8366.19 2575.57 1499.5 2010.53
 2277.37 4142 1532.14 471.676 642.806
 1227.73 1655.16 446.947 165.327 120.259
 776.508 1803.44 452.238 122.119 78.0307
 578.94 1105.16 496.396 124.478 55.0911
 580.802 1071.32 408.507 183.486 66.3754
 1008.54 1270.58 472.647 180.225 110.234
 633.686 1114.95 283.233 105.361 64.7482
 1119.08 1833.33 668.479 169.815 101.99
 2121.41 2859.64 963.374 351.272 142.828
 2145.78 4485.07 1236.92 416.702 213.72
F
 0.0577526 0.271427 0.271427 0.271427 0.271427
 0.0411964 0.193616 0.193616 0.193616 0.193616
 0.0548118 0.257606 0.257606 0.257606 0.257606
 0.00999139 0.0469577 0.0469577 0.0469577 0.0469577
 0.0022388 0.010522 0.010522 0.010522 0.010522
 0.0241713 0.113601 0.113601 0.113601 0.113601
 0.0151646 0.0712707 0.0712707 0.0712707 0.0712707
 0.0315358 0.148212 0.148212 0.148212 0.148212
 0.0374567 0.17604 0.17604 0.17604 0.17604
 0.0333813 0.156886 0.156886 0.156886 0.156886
 0.076169 0.35798 0.35798 0.35798 0.35798
 0.0715272 0.336165 0.336165 0.336165 0.336165
 0.110926 0.521331 0.521331 0.521331 0.521331
 0.190157 0.893705 0.893705 0.893705 0.893705
 0.16349 0.768375 0.768375 0.768375 0.768375
 0.0634788 0.298339 0.298339 0.298339 0.298339
 0.0454137 0.213436 0.213436 0.213436 0.213436
 0.0302238 0.142047 0.142047 0.142047 0.142047
 0.025694 0.120757 0.120757 0.120757 0.120757
 0.0257606 0.12107 0.12107 0.12107 0.12107
 0.0127087 0.0597286 0.0597286 0.0597286 0.0597286
 0.0164127 0.0771368 0.0771368 0.0771368 0.0771368
 0.0188544 0.0886121 0.0886121 0.0886121 0.0886121
 0.0179099 0.0841734 0.0841734 0.0841734 0.0841734
nmprior
 10 10 8 0
nm_flota  nm_reclas  nm_pelaces    nm_pelaL
inf 12.3916 19.8644 36.1152
cv_recla  cv_pelaces  cv_mph
0.734421 0.574608 0.480065
 ------------------------------------------------
Talla a la edad & desviación 
 7.2 14.2025 17.0495 18.207 18.6776
 1.08 2.13037 2.55742 2.73105 2.80164
