years
 1997 1998 1999 2000 2001 2002 2003 2004 2005 2006 2007 2008 2009 2010 2011 2012 2013 2014 2015 2016 2017 2018 2019 2020
reclasobs
 0 0 0 370054 412103 1.49427e+06 250295 1.28982e+06 931140 785840 897777 1.04006e+06 184774 17550 25797 100020 73551 82996 120727 218422 84188 347160 605670 569463
reclaspred
 2.03956e+06 323284 703191 336527 411235 548349 1.13083e+06 781348 828716 1.09285e+06 1.17241e+06 800571 458706 218286 150789 140673 150196 210624 240155 352679 548045 509358 803061 884955
pelacesobs
 0 0 0 0 0 0 0 0 0 2.06254e+06 1.5e+06 0 1.87456e+06 323000 250000 174000 83755 137374 0 501740 490994 745055 786931 1.00524e+06
pelacespred
 1.06811e+06 378300 238720 240740 246606 252686 571671 504119 459420 637313 601153 426471 245543 95094.3 65348.3 68800.9 77035.7 107362 128480 182203 310245 308068 365867 474697
mphobs
 0 0 0 0 0 112323 0 153150 637223 0 255016 313432 73983 77613 109348 50772 0 0 0 0 0 0 0 0
mphpred
 1.55145e+06 679764 458303 382225 302438 480490 684727 869067 715383 798469 1.177e+06 841579 509512 277346 137884 122948 121582 160058 203311 249990 412735 489056 566514 731857
desembarqueobs
 350755 77701 442110 56441 14545 235359 269955 359681 431902 328805 639364 411747 362871 311530 167758 66681 60226 58785 57116 71774 51957 67425 138520 160799
desembarquepred
 350572 77633.4 442384 56510.2 14546 235486 269983 359947 431672 328611 639399 412799 364158 311708 167686 66606.4 60270.5 58807.7 57094.6 71832 51906.3 67325.5 138518 161071
Reclutas
 32373.8 41040.9 17869 22664.5 56861.8 44172 78008 69301.4 90477.3 189417 65457.3 37524.5 48451.7 29535 20765 14382 13766.5 15772.4 18997.8 36212.4 40903.5 45794.5 71208.3 72099.5
log_desv_Rt
 -0.194894 0.0423237 -0.789177 -0.551446 0.368379 0.115846 0.684566 0.56622 0.832854 1.5717 0.509153 -0.0472515 0.208323 -0.286669 -0.638975 -1.00626 -1.05 -0.91398 -0.72792 -0.0828444 0.0389716 0.151918 0.593365 0.605802
SSB
 1.55145e+06 679764 458303 382225 302438 480490 684727 869067 715383 798469 1.177e+06 841579 509512 277346 137884 122948 121582 160058 203311 249990 412735 489056 566514 731857
BT
 2.66485e+06 853171 791743 554928 602240 688526 1.71513e+06 1.51657e+06 1.53897e+06 1.97011e+06 1.82004e+06 1.2449e+06 908484 502800 304333 205035 230443 294962 323280 489743 760004 677723 867246 1.14249e+06
Ftot
 0.166722 0.232022 0.589508 0.162986 0.0346026 0.409332 0.230992 0.439048 0.494934 0.290291 0.515046 0.487825 0.736317 1.24954 1.00905 0.450354 0.384159 0.269341 0.22983 0.197465 0.0923517 0.12857 0.167384 0.176545
BD_Bspro_t
 0.974648 0.833072 0.698142 0.479222 0.559713 0.723019 0.650114 0.664742 0.582644 0.563408 0.6229 0.462772 0.348758 0.254149 0.161273 0.17154 0.22412 0.349804 0.465928 0.577724 0.710698 0.789715 0.78926 0.779537
BD_Bspro
 1.91687 0.83987 0.566248 0.472252 0.373671 0.593661 0.846002 1.07376 0.883879 0.986534 1.45422 1.0398 0.629519 0.34267 0.17036 0.151906 0.150218 0.197757 0.251198 0.30887 0.509948 0.604244 0.699947 0.904233
BD_Bo
 1.55386 0.680817 0.459013 0.382818 0.302906 0.481235 0.685788 0.870413 0.716492 0.799706 1.17882 0.842883 0.510302 0.277776 0.138097 0.123138 0.12177 0.160306 0.203626 0.250377 0.413375 0.489813 0.567392 0.732991
BD_Brms
 7.56542 3.31477 2.23484 1.86386 1.47479 2.34304 3.33897 4.23787 3.48846 3.89361 5.73946 4.10383 2.48456 1.35244 0.672369 0.599537 0.592875 0.780499 0.991417 1.21904 2.01264 2.3848 2.76252 3.56879
S_f
 0.5 1 1 1 1
 0.5 1 1 1 1
 0.5 1 1 1 1
 0.5 1 1 1 1
 0.5 1 1 1 1
 0.5 1 1 1 1
 0.5 1 1 1 1
 0.5 1 1 1 1
 0.5 1 1 1 1
 0.5 1 1 1 1
 0.5 1 1 1 1
 0.5 1 1 1 1
 0.5 1 1 1 1
 0.5 1 1 1 1
 0.5 1 1 1 1
 0.5 1 1 1 1
 0.5 1 1 1 1
 0.5 1 1 1 1
 0.5 1 1 1 1
 0.5 1 1 1 1
 0.5 1 1 1 1
 0.5 1 1 1 1
 0.5 1 1 1 1
 0.5 1 1 1 1
Scru_reclas
 0.5 1 1 1 1
 0.5 1 1 1 1
 0.5 1 1 1 1
 0.5 1 1 1 1
 0.5 1 1 1 1
 0.5 1 1 1 1
 0.5 1 1 1 1
 0.5 1 1 1 1
 0.5 1 1 1 1
 0.5 1 1 1 1
 0.5 1 1 1 1
 0.5 1 1 1 1
 0.5 1 1 1 1
 0.5 1 1 1 1
 0.5 1 1 1 1
 0.5 1 1 1 1
 0.5 1 1 1 1
 0.5 1 1 1 1
 0.5 1 1 1 1
 0.5 1 1 1 1
 0.5 1 1 1 1
 0.5 1 1 1 1
 0.5 1 1 1 1
 0.5 1 1 1 1
Scru_pelaces
 0.5 1 1 1 1
 0.5 1 1 1 1
 0.5 1 1 1 1
 0.5 1 1 1 1
 0.5 1 1 1 1
 0.5 1 1 1 1
 0.5 1 1 1 1
 0.5 1 1 1 1
 0.5 1 1 1 1
 0.5 1 1 1 1
 0.5 1 1 1 1
 0.5 1 1 1 1
 0.5 1 1 1 1
 0.5 1 1 1 1
 0.5 1 1 1 1
 0.5 1 1 1 1
 0.5 1 1 1 1
 0.5 1 1 1 1
 0.5 1 1 1 1
 0.5 1 1 1 1
 0.5 1 1 1 1
 0.5 1 1 1 1
 0.5 1 1 1 1
 0.5 1 1 1 1
pf_obs 
 0.256992 0.487395 0.22802 0.0275931 0
 0.321318 0.546541 0.124235 0.00734118 0.000564706
 0.182869 0.594174 0.210203 0.0122559 0.00049798
 0.330522 0.361315 0.267642 0.0388342 0.00168674
 0.649043 0.306663 0.0425973 0.00169635 0
 0.582887 0.30429 0.105238 0.00758474 0
 0.465427 0.430635 0.0974691 0.00646863 0
 0.296916 0.608066 0.0921331 0.00288517 0
 0.311714 0.524322 0.152257 0.0117073 0
 0.15457 0.633149 0.183074 0.0267441 0.00246327
 0.131901 0.49318 0.331252 0.0422183 0.00144891
 0.196976 0.569456 0.194076 0.0375587 0.00193317
 0.518974 0.381816 0.0799577 0.0180837 0.00116848
 0.0928022 0.601141 0.25162 0.0475244 0.00691264
 0.122501 0.610282 0.24278 0.0234846 0.000952079
 0.383417 0.481906 0.127806 0.00687128 0
 0.0376549 0.599619 0.316969 0.0457579 0
 0.0361596 0.667082 0.258105 0.0386534 0
 0.158088 0.579412 0.248529 0.0139706 0
 0.0477256 0.309471 0.559284 0.082774 0.000745712
 0.0406174 0.521527 0.379366 0.0568643 0.0016247
 0.151134 0.462217 0.34131 0.0453401 0
 0.294876 0.26143 0.354403 0.0886775 0.000613685
 0.281977 0.475581 0.204845 0.0348837 0.00271318
pf_pred 
 0.265345 0.369836 0.183655 0.0912004 0.0899632
 0.385892 0.264665 0.175915 0.0873566 0.0861715
 0.241358 0.434847 0.139548 0.0927528 0.0914945
 0.433693 0.244148 0.184659 0.0592592 0.0782411
 0.629781 0.228056 0.0612897 0.0463559 0.0345174
 0.401691 0.463413 0.0830962 0.022332 0.0294677
 0.579872 0.252932 0.1295 0.0232212 0.0144754
 0.450973 0.409995 0.0837019 0.0428552 0.0124748
 0.541468 0.298633 0.119407 0.0243774 0.0161144
 0.677613 0.235988 0.0562697 0.0224992 0.00762964
 0.268443 0.600216 0.0961421 0.0229244 0.0122746
 0.275584 0.333695 0.320573 0.051349 0.0187996
 0.473194 0.246292 0.129216 0.124135 0.0271636
 0.435862 0.390124 0.0813548 0.0426825 0.0499767
 0.527541 0.328909 0.0992704 0.0207014 0.0235779
 0.488475 0.385192 0.0879489 0.0265445 0.0118401
 0.472785 0.36136 0.124894 0.0285163 0.0124457
 0.496929 0.335675 0.114735 0.0396549 0.0130058
 0.498135 0.34175 0.106837 0.0365174 0.0167606
 0.604175 0.268956 0.0863928 0.0270079 0.0134684
 0.494449 0.386019 0.0812201 0.0260891 0.0122231
 0.447618 0.368722 0.140235 0.0295061 0.0139183
 0.520456 0.300656 0.11941 0.0454147 0.0140629
 0.444456 0.38598 0.10631 0.0422226 0.0210309
pobs_RECLAS
 0 0 0 0 0
 0 0 0 0 0
 0 0 0 0 0
 0 0 0 0 0
 0.835266 0.146461 0.0176864 0.000547809 3.91292e-05
 0.385257 0.428462 0.181853 0.0044286 0
 0.867414 0.0963971 0.0333333 0.00285562 0
 0.441836 0.489002 0.0689373 0.000224442 0
 0.779404 0.147425 0.0564933 0.0165055 0.000172143
 0.814271 0.122319 0.05973 0.00367925 0
 0.40263 0.566651 0.0304383 0.000280538 0
 0.475488 0.404961 0.113038 0.00651328 0
 0.955842 0.0263864 0.0167828 0.000988607 0
 0.975058 0.0227948 0.00214734 0 0
 0.738997 0.206755 0.0527124 0.00153531 0
 0.850938 0.134255 0.0134407 0.00136685 0
 0.542534 0.407297 0.0501686 0 0
 0.764087 0.199537 0.0359546 0.000420521 0
 0.470689 0.182191 0.310203 0.0369168 0
 0.84361 0.089868 0.0606195 0.00523954 0.000663233
 0.607945 0.314616 0.071237 0.00620181 0
 0.523733 0.453247 0.0230204 0 0
 0.530135 0.295979 0.169645 0.0042399 0
 0.562478 0.366248 0.0663022 0.0049721 0
ppred_RECLAS
 0.266452 0.369279 0.183379 0.0910631 0.0898277
 0.387871 0.263812 0.175348 0.087075 0.0858938
 0.24642 0.431945 0.138616 0.0921339 0.090884
 0.435049 0.243563 0.184217 0.0591173 0.0780537
 0.630023 0.227907 0.0612497 0.0463256 0.0344949
 0.405757 0.460264 0.0825315 0.0221803 0.0292674
 0.581892 0.251715 0.128878 0.0231095 0.0144058
 0.455558 0.406571 0.083003 0.0424973 0.0123706
 0.546845 0.295131 0.118007 0.0240916 0.0159254
 0.68 0.234241 0.0558531 0.0223327 0.00757316
 0.272956 0.596513 0.095549 0.022783 0.0121989
 0.279849 0.33173 0.318685 0.0510467 0.0186889
 0.482533 0.241925 0.126925 0.121934 0.026682
 0.456006 0.376194 0.0784497 0.0411583 0.0481921
 0.542251 0.318669 0.0961797 0.0200569 0.0228438
 0.493255 0.381592 0.0871269 0.0262964 0.0117294
 0.476666 0.3587 0.123974 0.0283064 0.0123541
 0.499426 0.334009 0.114166 0.0394581 0.0129413
 0.500197 0.340346 0.106398 0.0363673 0.0166918
 0.605822 0.267837 0.0860331 0.0268955 0.0134124
 0.495182 0.385459 0.0811024 0.0260513 0.0122054
 0.448662 0.368025 0.13997 0.0294503 0.013892
 0.521877 0.299766 0.119056 0.0452802 0.0140212
 0.445951 0.384941 0.106024 0.0421089 0.0209743
pobs_PELACES
 0 0 0 0 0
 0 0 0 0 0
 0 0 0 0 0
 0 0 0 0 0
 0 0 0 0 0
 0 0 0 0 0
 0 0 0 0 0
 0 0 0 0 0
 0 0 0 0 0
 0 0 0 0 0
 0.450072 0.473896 0.0757376 0.000293798 0
 0 0 0 0 0
 0.463077 0.371075 0.160297 0.00555027 0
 0.529543 0.364841 0.0842815 0.0213345 0
 0.631943 0.363953 0.00410389 0 0
 0.735681 0.248677 0.0153453 0.000297389 0
 0.695825 0.281241 0.0229344 0 0
 0.275771 0.60734 0.115278 0.00161068 0
 0 0 0 0 0
 0.896147 0.0623911 0.0374545 0.00400742 0
 0.803859 0.145111 0.0509908 3.86294e-05 0
 0.739449 0.233085 0.0266225 0.000797448 4.60066e-05
 0.878498 0.100942 0.0204185 0.000141795 0
 0.694673 0.275183 0.0284847 0.00165964 0
ppred_PELACES
 0.271863 0.366555 0.182026 0.0903914 0.0891651
 0.396999 0.259878 0.172733 0.0857766 0.084613
 0.264925 0.421339 0.135213 0.0898715 0.0886523
 0.44167 0.240709 0.182058 0.0584244 0.0771389
 0.631353 0.227087 0.0610295 0.0461591 0.0343709
 0.42214 0.447574 0.0802562 0.0215688 0.0284605
 0.591135 0.246151 0.126029 0.0225986 0.0140873
 0.473576 0.393116 0.0802561 0.0410909 0.0119612
 0.566993 0.282009 0.11276 0.0230204 0.0152173
 0.690332 0.226678 0.0540498 0.0216116 0.00732865
 0.290142 0.582413 0.0932904 0.0222444 0.0119105
 0.296354 0.324127 0.311381 0.0498768 0.0182606
 0.512896 0.22773 0.119478 0.11478 0.0251164
 0.507435 0.340628 0.0710331 0.0372673 0.043636
 0.583194 0.290165 0.0875769 0.0182629 0.0208005
 0.51183 0.367605 0.0839333 0.0253325 0.0112995
 0.492496 0.347849 0.120224 0.0274502 0.0119804
 0.510535 0.326597 0.111632 0.0385824 0.0126541
 0.509676 0.333891 0.10438 0.0356776 0.0163752
 0.613576 0.262568 0.0843409 0.0263665 0.0131485
 0.498991 0.382551 0.0804904 0.0258547 0.0121133
 0.453915 0.364519 0.138636 0.0291697 0.0137596
 0.528764 0.295448 0.117341 0.044628 0.0138192
 0.453159 0.379933 0.104645 0.0415611 0.0207014
pobs_pel_tallas
 0 0 0 0 0 0 0 0 0 0 0 0 0 0 0 0 0 0 0 0 0 0 0 0 0 0 0 0 0 0 0 0 0 0 0 0
 0 0 0 0 0 0 0 0 0 0 0 0 0 0 0 0 0 0 0 0 0 0 0 0 0 0 0 0 0 0 0 0 0 0 0 0
 0 0 0 0 0 0 0 0 0 0 0 0 0 0 0 0 0 0 0 0 0 0 0 0 0 0 0 0 0 0 0 0 0 0 0 0
 0 0 0 0 0 0 0 0 0 0 0 0 0 0 0 0 0 0 0 0 0 0 0 0 0 0 0 0 0 0 0 0 0 0 0 0
 0 0 0 0 0 0 0 0 0 0 0 0 0 0 0 0 0 0 0 0 0 0 0 0 0 0 0 0 0 0 0 0 0 0 0 0
 0 0 0 0 0 0 0 0 0 0 0 0 0 0 0 0 0 0 0 0 0 0 0 0 0 0 0 0 0 0 0 0 0 0 0 0
 0 0 0 0 0 0 0 0 0 0 0 0 0 0 0 0 0 0 0 0 0 0 0 0 0 0 0 0 0 0 0 0 0 0 0 0
 0 0 0 0 0 0 0 0 0 0 0 0 0 0 0 0 0 0 0 0 0 0 0 0 0 0 0 0 0 0 0 0 0 0 0 0
 0 0 0 0 0 0 0 0 0 0 0 0 0 0 0 0 0 0 0 0 0 0 0 0 0 0 0 0 0 0 0 0 0 0 0 0
 0 0 0 0 0 0 0 0 0 0 0 0 0 0 0 0 0 0 0 0 0 0 0 0 0 0 0 0 0 0 0 0 0 0 0 0
 0 0 0 0 0 0 0 0 1.78061e-05 0.00172719 0.00360574 0.0105946 0.0120993 0.0124554 0.0147524 0.0171206 0.0266825 0.0428682 0.0675386 0.121331 0.153587 0.119568 0.100827 0.0573624 0.0630603 0.0341343 0.0324427 0.0444173 0.0211091 0.0280891 0.0125444 0.00206551 0 0 0 0
 0 0 0 0 0 0 0 0 0 0 0 0 0 0 0 0 0 0 0 0 0 0 0 0 0 0 0 0 0 0 0 0 0 0 0 0
 0 0 0 0 0 0 0.0133647 0.0140871 0.0187388 0.0205184 0.03894 0.0496705 0.03968 0.0493445 0.0407372 0.0367815 0.0215668 0.0243155 0.0234873 0.0199281 0.019796 0.0243948 0.0301388 0.0376714 0.0412746 0.0863199 0.0771752 0.113111 0.0741005 0.0525337 0.0229764 0.00759418 0.00175318 0 0 0
 0 0 0 0 0 0 0 0 0 0 0.00219441 0.00772107 0.0458388 0.0604681 0.0671733 0.0775358 0.0609151 0.0617685 0.073594 0.0568108 0.0755445 0.0548602 0.0670107 0.0636378 0.0643287 0.046367 0.0373049 0.0286899 0.0247887 0.0153202 0.00654259 0.00121912 0.000365735 0 0 0
 0 0 0 0 0 0 0 0 0 0 0 0 0.000112435 0.00938835 0.0111873 0.0202946 0.0414886 0.0713402 0.111592 0.104902 0.108894 0.110636 0.117776 0.105296 0.107544 0.0401394 0.0192827 0.0124803 0.00416011 0.0028671 0.000618394 0 0 0 0 0
 0 0 0 0 0 0 0 0 0 0 0.00291406 0.0102884 0.027416 0.0768956 0.0749926 0.110853 0.0956884 0.0897413 0.0766577 0.0534642 0.0500743 0.0551293 0.0594112 0.0620874 0.0668451 0.0424026 0.0208742 0.0120726 0.0048766 0.00582813 0.00118941 0.000297354 0 0 0 0
 0 0.00264628 0.0354308 0.0461629 0.0458689 0.0383711 0.0214643 0.0164657 0.0346957 0.0420465 0.0363128 0.0245516 0.0311673 0.0291091 0.0169068 0.0133784 0.00837989 0.0085269 0.0148486 0.0160247 0.0276389 0.0546898 0.0760071 0.122758 0.109233 0.0665981 0.0333725 0.0166128 0.00676272 0.00308733 0.000882094 0 0 0 0 0
 0 0 0 0 0 0 0 0.000805153 0.000690131 0.00759144 0.0133425 0.0154129 0.00931677 0.000345066 0.00356568 0.00563607 0.00851162 0.0253048 0.0502646 0.0516448 0.0657925 0.0565908 0.0611916 0.0827007 0.0866115 0.110766 0.145733 0.0935128 0.0569358 0.0249597 0.0138026 0.00621118 0.00161031 0.00115022 0 0
 0 0 0 0 0 0 0 0 0 0 0 0 0 0 0 0 0 0 0 0 0 0 0 0 0 0 0 0 0 0 0 0 0 0 0 0
 0.00147267 0.00158595 0.00478618 0.00569244 0.00954404 0.0108468 0.00647125 0.017049 0.0510054 0.094081 0.124002 0.0959785 0.0687766 0.0820023 0.061753 0.0591476 0.0492212 0.0479892 0.0443925 0.0268479 0.0217502 0.0140895 0.0121071 0.0120363 0.00920419 0.00665534 0.0049561 0.00860946 0.00930331 0.0156896 0.0114698 0.00855282 0.00243557 0.00046729 0 2.83206e-05
 0 0 0 0 0.000772559 0.00158375 0.000888443 0.00281984 0.00712685 0.0440552 0.0773331 0.111326 0.0921469 0.0852325 0.0710754 0.0886704 0.0786465 0.0553345 0.0373146 0.0185414 0.00753245 0.00457741 0.012979 0.0271748 0.0457355 0.0583668 0.034881 0.0177882 0.00938659 0.00492506 0.0015258 0.00185414 0.000309023 5.79419e-05 3.86279e-05 0
 0 0.00173294 0.00326652 0 0.00397197 0.00683976 0.00946217 0.0152591 0.00757587 0.0136028 0.0228656 0.0392903 0.0559909 0.0764795 0.0681675 0.0726916 0.0566044 0.0477403 0.0527397 0.0444891 0.0609904 0.0582453 0.0661739 0.0445044 0.0529084 0.0360697 0.0280645 0.0235558 0.0158879 0.00826598 0.00280645 0.00217768 0.000904811 0.00058276 9.20147e-05 0
 0 0 0 0 0 0 0 0 0 0 0 0 0 0 0 0 0 0 0 0 0 0 0 0 0 0 0 0 0 0 0 0 0 0 0 0
 0 0 0 0 0 0 0 0 0 0 0 0 0 0 0 0 0 0 0 0 0 0 0 0 0 0 0 0 0 0 0 0 0 0 0 0
ppred_pel_tallas
 1.09976e-16 1.18821e-05 6.96859e-05 0.000331147 0.00127475 0.00397503 0.0100409 0.0205477 0.0340699 0.045785 0.0499022 0.0442056 0.0320551 0.0195394 0.0110431 0.00753718 0.00789143 0.0107158 0.0151325 0.0206622 0.0269154 0.033424 0.0396341 0.0449894 0.0490417 0.0515378 0.0524543 0.0519654 0.0503649 0.0479709 0.0450491 0.0417777 0.0382537 0.0345271 0.0306413 0.0266629
 1.09438e-16 1.73343e-05 0.000101705 0.000483391 0.00186097 0.00580314 0.0146585 0.0299946 0.0497252 0.0667972 0.072735 0.0642678 0.0462464 0.0274787 0.0142554 0.00786063 0.00650819 0.00806401 0.0112159 0.0153488 0.0201146 0.0251764 0.0301473 0.0346315 0.0382959 0.0409292 0.0424669 0.0429725 0.042588 0.0414756 0.0397719 0.037571 0.0349333 0.0319108 0.0285727 0.0250196
 1.09288e-16 1.15817e-05 6.79174e-05 0.000322729 0.00124232 0.00387389 0.00978552 0.0200255 0.0332058 0.044629 0.0486563 0.043135 0.0313506 0.0192525 0.0111346 0.00796637 0.00866772 0.0118943 0.0167807 0.0228214 0.0295673 0.0364676 0.0428786 0.0481689 0.0518505 0.0536809 0.0537002 0.0521885 0.0495657 0.0462698 0.0426582 0.0389582 0.0352715 0.0316156 0.0279773 0.0243573
 1.08275e-16 1.92815e-05 0.000113138 0.000537749 0.00207027 0.00645584 0.0163071 0.0333677 0.0553155 0.074302 0.0808944 0.0714476 0.0513479 0.0303792 0.0155195 0.00817205 0.00632386 0.00757913 0.0104684 0.0143166 0.0187688 0.0235037 0.0281582 0.0323594 0.0357905 0.0382465 0.0396582 0.0400772 0.0396321 0.0384757 0.0367435 0.0345363 0.0319274 0.0289824 0.0257799 0.0224229
 1.04133e-16 2.75518e-05 0.000161694 0.000768592 0.00295908 0.00922757 0.0233082 0.0476923 0.0790579 0.106181 0.115566 0.101987 0.0731137 0.0428879 0.0212231 0.0100485 0.0064001 0.00677098 0.0090015 0.0121106 0.0156335 0.0192169 0.0225011 0.0251436 0.0268849 0.0276026 0.0273318 0.0262409 0.024576 0.022593 0.020502 0.0184376 0.0164602 0.0145772 0.0127727 0.0110326
 1.03357e-16 1.84382e-05 0.000108168 0.00051408 0.00197906 0.00617138 0.0155888 0.0318996 0.0528877 0.071059 0.0774112 0.0684842 0.049464 0.0297569 0.016104 0.00992704 0.00937295 0.0121861 0.0169261 0.0228126 0.0292626 0.0356358 0.0412166 0.0453247 0.0474618 0.0474262 0.0453539 0.0416686 0.0369633 0.0318555 0.0268608 0.0223226 0.0184007 0.0151091 0.0123743 0.0100922
 1.03304e-16 2.57991e-05 0.000151402 0.000719657 0.00277066 0.00863997 0.021824 0.0446558 0.0740255 0.0994251 0.108223 0.0955292 0.068533 0.0402999 0.0201278 0.00984251 0.00668964 0.00740377 0.00997207 0.0134706 0.0174399 0.0215051 0.02527 0.0283477 0.0304325 0.0313619 0.031142 0.0299273 0.0279669 0.0255361 0.0228788 0.0201746 0.0175352 0.0150199 0.012659 0.0104734
 1.03239e-16 2.06788e-05 0.000121328 0.000576653 0.00222 0.00692275 0.0174866 0.0357823 0.0593218 0.0796938 0.0867919 0.0767213 0.0552789 0.0329863 0.0173646 0.00996071 0.00864885 0.0108664 0.0149968 0.0202113 0.0259565 0.0316628 0.0367013 0.040473 0.0425353 0.0427018 0.0410789 0.0380227 0.0340377 0.029651 0.0253048 0.0212955 0.0177656 0.0147357 0.0121551 0.00994911
 1.03195e-16 2.47478e-05 0.000145226 0.000690292 0.00265758 0.00828735 0.0209334 0.0428337 0.0710064 0.0953742 0.103824 0.0916718 0.0658208 0.038816 0.0195922 0.00991962 0.00717476 0.00823709 0.0111739 0.0150769 0.0194607 0.0239015 0.0279459 0.0311552 0.0331915 0.0338882 0.0332788 0.0315704 0.0290783 0.0261427 0.0230586 0.0200358 0.0171934 0.0145797 0.0122027 0.0100564
 1.01927e-16 3.01236e-05 0.000176792 0.000840372 0.00323545 0.0100894 0.0254851 0.0521465 0.0864407 0.116094 0.126349 0.111488 0.0798921 0.0467974 0.0230328 0.0106937 0.00652365 0.00667339 0.0087703 0.0117376 0.0150724 0.0184035 0.0213602 0.0235946 0.0248484 0.0250098 0.0241346 0.0224222 0.0201582 0.0176424 0.015128 0.0127866 0.0107038 0.00889631 0.00734116 0.00600117
 1.02835e-16 1.2688e-05 7.4397e-05 0.0003535 0.00136074 0.00424313 0.0107184 0.0219354 0.0363759 0.0488991 0.0533364 0.0473426 0.0345354 0.0214587 0.0128506 0.00981107 0.0111871 0.0155121 0.0218003 0.0294016 0.037663 0.0457701 0.0527902 0.0578354 0.0602602 0.0598113 0.0566825 0.0514488 0.0449109 0.037903 0.0311256 0.0250485 0.0198948 0.0156862 0.0123193 0.00964102
 1.07093e-16 1.29489e-05 7.59513e-05 0.000360939 0.00138947 0.00433277 0.0109445 0.0223962 0.0371329 0.049895 0.0543656 0.0481208 0.0348106 0.0210532 0.0116039 0.00749321 0.00746426 0.00998821 0.0141163 0.0193648 0.0253797 0.0317451 0.0379565 0.0434853 0.0478739 0.050816 0.0521966 0.0520784 0.0506498 0.0481571 0.0448476 0.0409393 0.0366192 0.0320558 0.0274149 0.0228633
 1.06888e-16 2.23866e-05 0.000131369 0.000624426 0.002404 0.00749658 0.0189359 0.0387463 0.0642301 0.0862707 0.09391 0.0829076 0.0595058 0.0350479 0.0176111 0.00879297 0.00622021 0.00707814 0.00963912 0.0131181 0.0171283 0.0213503 0.0254381 0.0290456 0.0318887 0.0337974 0.0347368 0.0347889 0.0341064 0.0328574 0.0311826 0.029177 0.0268968 0.0243814 0.0216775 0.0188541
 1.04439e-16 2.2153e-05 0.000129988 0.000617835 0.00237858 0.00741729 0.0187357 0.0383376 0.0635557 0.0853744 0.0929593 0.0821275 0.0590747 0.0350523 0.0180886 0.00980577 0.00789181 0.00957799 0.0131332 0.0177059 0.0227809 0.0278624 0.0324109 0.0359125 0.0379855 0.0384652 0.0374343 0.0351853 0.0321328 0.0287067 0.0252614 0.0220273 0.0191065 0.0165045 0.0141752 0.0120624
 1.02938e-16 2.54546e-05 0.000149375 0.000710013 0.00273351 0.00852413 0.0215314 0.0440575 0.073035 0.0980986 0.106789 0.0942877 0.0676947 0.0399119 0.0201276 0.0101595 0.00730509 0.0083492 0.0112973 0.0152081 0.0195756 0.0239594 0.027892 0.0309268 0.0327272 0.03314 0.032223 0.0302157 0.0274676 0.0243491 0.0211753 0.0181625 0.0154232 0.0129874 0.010838 0.00894165
 1.0271e-16 2.23459e-05 0.000131117 0.000623198 0.00239922 0.00748164 0.0188983 0.0386705 0.0641082 0.0861187 0.0937751 0.0828611 0.0596306 0.0354384 0.0183911 0.0101339 0.00834348 0.0102312 0.014047 0.0189163 0.0242901 0.0296272 0.0343362 0.0378537 0.0397629 0.0398862 0.0383211 0.0354 0.0315965 0.0274078 0.0232541 0.0194208 0.0160496 0.0131673 0.0107314 0.00867363
 1.03323e-16 2.15021e-05 0.000126165 0.000599659 0.0023086 0.00719903 0.0181844 0.0372097 0.0616866 0.0828655 0.0902325 0.0797304 0.0573769 0.0340981 0.0176949 0.00975235 0.00803832 0.00987588 0.0135907 0.0183541 0.0236534 0.028983 0.0337852 0.0375213 0.0397812 0.0403715 0.0393504 0.0369935 0.0337107 0.0299405 0.0260605 0.0223358 0.0189118 0.0158391 0.013112 0.0107046
 1.03609e-16 2.22878e-05 0.00013078 0.000621602 0.00239309 0.00746253 0.01885 0.0385713 0.0639428 0.0858932 0.0935212 0.0826167 0.0594113 0.0352212 0.0181202 0.00973582 0.00773892 0.00934392 0.0128143 0.0173054 0.022317 0.0273724 0.0319496 0.0355445 0.0377726 0.0384505 0.0376287 0.0355594 0.0326181 0.0292062 0.0256673 0.0222411 0.0190571 0.0161598 0.0135452 0.0111939
 1.03582e-16 2.22506e-05 0.000130561 0.000620561 0.00238908 0.00745002 0.0188184 0.0385067 0.0638359 0.0857503 0.0933672 0.0824846 0.0593248 0.035187 0.0181337 0.00979234 0.00784015 0.00949703 0.0130278 0.0175839 0.0226572 0.0277599 0.0323585 0.0359392 0.0381129 0.0386987 0.0377563 0.0355531 0.0324821 0.0289608 0.0253446 0.0218786 0.0186918 0.0158222 0.0132566 0.0109654
 1.02804e-16 2.67782e-05 0.000157148 0.000746975 0.00287583 0.00896796 0.0226525 0.046351 0.0768357 0.1032 0.112332 0.099157 0.0711372 0.0418339 0.0208976 0.0102217 0.00694364 0.00766745 0.0102936 0.0138489 0.0178395 0.0218597 0.0254855 0.028312 0.0300321 0.0305025 0.0297692 0.0280409 0.0256261 0.0228525 0.0199999 0.017262 0.0147413 0.0124694 0.0104374 0.0086233
 1.02722e-16 2.17866e-05 0.000127833 0.000607579 0.00233908 0.00729409 0.0184246 0.0377013 0.0625023 0.0839636 0.0914341 0.0808061 0.0581813 0.0346363 0.0180834 0.0101369 0.00854194 0.0105865 0.0145641 0.0196113 0.0251702 0.0306799 0.0355253 0.0391215 0.0410372 0.0410919 0.0393926 0.0362914 0.0322874 0.0279027 0.0235775 0.0196091 0.0161427 0.0132017 0.0107361 0.0086685
 1.03732e-16 1.98205e-05 0.000116291 0.000552713 0.00212784 0.00663534 0.0167606 0.0342966 0.0568586 0.0763843 0.0831863 0.0735312 0.0529743 0.0315994 0.016615 0.0095041 0.00823236 0.0103508 0.0143226 0.0193726 0.024994 0.0306659 0.0358057 0.0398475 0.0423568 0.0431231 0.0421968 0.0398549 0.0365148 0.0326263 0.0285786 0.0246479 0.02099 0.0176651 0.0146782 0.0120136
 1.03942e-16 2.30814e-05 0.000135442 0.000643772 0.00247846 0.00772877 0.0195224 0.039947 0.0662221 0.0889512 0.0968407 0.0855254 0.0614513 0.036327 0.0184987 0.00963414 0.00730386 0.00861182 0.0117614 0.0158985 0.0205471 0.0252741 0.029609 0.0330945 0.0353764 0.036277 0.0358249 0.034227 0.0318005 0.0288876 0.0257832 0.0226951 0.0197403 0.0169672 0.0143875 0.0120035
 1.04005e-16 1.97881e-05 0.000116099 0.000551799 0.00212432 0.00662435 0.0167329 0.03424 0.0567651 0.0762598 0.0830539 0.0734215 0.052911 0.0315931 0.0166684 0.00962207 0.00842646 0.0106369 0.0147145 0.0198731 0.0255883 0.0313168 0.0364539 0.0404182 0.0427723 0.0433188 0.042136 0.0395393 0.0359861 0.0319588 0.0278653 0.0239827 0.0204513 0.0173044 0.014515 0.0120379
pSPR Fmed_Fpbrs
0.589321   0.255389 0.255389
Fs Fmed_Fpbrs
0.290711   1.005 1.005
SSBpbr Bo_Bmed_Bpbrs
998453  538487  205072 205072
Ro
39340.1
SPR SPRFo_SPRFmed_SPRFpbrs
809368 476978 206704
log_Ro
10.4
likeval ReclasPelacesDesembMPH_pf_preclas_ppelaces_ptallas_desvR_qrecl_qpela
 112.367 76.319 0.163403 0.000731771 318.017 178.92 85.8881 0 14.021 0 0 0 0 0 0
q_reclas_q_pelaces
1 1
M
0.7
N
 32373.8 23388.5 11614.4 5767.53 5689.29
 41040.9 14790.6 9830.82 4881.84 4815.62
 17869 18147.9 5823.89 3870.95 3818.44
 22664.5 6608.22 4998.06 1603.94 2117.71
 56861.8 10374 2788.01 2108.68 1570.16
 44172 27752.4 4976.38 1337.4 1764.73
 78008 17875.4 9152.16 1641.11 1023.02
 69301.4 34512.3 7045.8 3607.44 1050.1
 90477.3 27631.1 11048.2 2255.53 1490.99
 189417 35080 8364.59 3344.55 1134.16
 65457.3 81353.5 13031.1 3107.18 1663.7
 37524.5 25125.3 24137.3 3866.29 1415.5
 48451.7 14600.9 7660.29 7359.06 1610.33
 29535 16650 3472.11 1821.63 2132.94
 20765 7852.31 2369.96 494.221 562.893
 14382 6226.08 1421.57 429.054 191.378
 13766.5 5701.92 1970.71 449.961 196.382
 15772.4 5641.56 1928.31 666.465 218.584
 18997.8 6845.52 2140.03 731.472 335.729
 36212.4 8409.9 2701.38 844.501 421.139
 40903.5 16291.9 3427.89 1101.09 515.877
 45794.5 19395.5 7376.63 1552.08 732.128
 71208.3 21325 8469.49 3221.17 997.451
 72099.5 32522 8957.52 3557.6 1772.03
pred_Ctot
 1871.12 2607.94 1295.07 643.111 634.387
 3254.65 2232.21 1483.68 736.772 726.777
 3336.67 6011.57 1929.18 1282.27 1264.87
 1281.63 721.494 545.695 175.12 231.214
 702.119 254.25 68.3295 51.6803 38.4821
 5949.18 6863.3 1230.68 330.745 436.426
 6160.16 2686.97 1375.72 246.686 153.777
 9948.22 9044.26 1846.42 945.362 275.188
 14469.1 7980.06 3190.8 651.413 430.608
 18558.8 6463.36 1541.14 616.221 208.964
 10847.2 24253.4 3884.89 926.323 495.988
 5923.6 7172.66 6890.61 1103.73 404.092
 10961 5705.07 2993.14 2875.44 629.213
 10225.7 9152.65 1908.65 1001.37 1172.5
 6089.74 3796.8 1145.94 238.969 272.174
 2112.64 1665.94 380.376 114.804 51.208
 1749.44 1337.14 462.143 105.519 46.0528
 1440.32 972.933 332.553 114.937 37.6966
 1493.05 1024.32 320.221 109.453 50.2364
 2462.39 1096.17 352.105 110.074 54.8923
 1330.99 1039.11 218.633 70.2283 32.903
 2058.17 1695.4 644.806 135.67 63.9969
 4131.39 2386.62 947.876 360.503 111.631
 4403.25 3823.93 1053.22 418.301 208.354
F
 0.083361 0.166722 0.166722 0.166722 0.166722
 0.116011 0.232022 0.232022 0.232022 0.232022
 0.294754 0.589508 0.589508 0.589508 0.589508
 0.0814928 0.162986 0.162986 0.162986 0.162986
 0.0173013 0.0346026 0.0346026 0.0346026 0.0346026
 0.204666 0.409332 0.409332 0.409332 0.409332
 0.115496 0.230992 0.230992 0.230992 0.230992
 0.219524 0.439048 0.439048 0.439048 0.439048
 0.247467 0.494934 0.494934 0.494934 0.494934
 0.145146 0.290291 0.290291 0.290291 0.290291
 0.257523 0.515046 0.515046 0.515046 0.515046
 0.243913 0.487825 0.487825 0.487825 0.487825
 0.368159 0.736317 0.736317 0.736317 0.736317
 0.624768 1.24954 1.24954 1.24954 1.24954
 0.504523 1.00905 1.00905 1.00905 1.00905
 0.225177 0.450354 0.450354 0.450354 0.450354
 0.19208 0.384159 0.384159 0.384159 0.384159
 0.13467 0.269341 0.269341 0.269341 0.269341
 0.114915 0.22983 0.22983 0.22983 0.22983
 0.0987323 0.197465 0.197465 0.197465 0.197465
 0.0461758 0.0923517 0.0923517 0.0923517 0.0923517
 0.0642851 0.12857 0.12857 0.12857 0.12857
 0.0836921 0.167384 0.167384 0.167384 0.167384
 0.0882726 0.176545 0.176545 0.176545 0.176545
nmprior
 10 10 8 0
nm_flota  nm_reclas  nm_pelaces    nm_pelaL
inf 13.3518 10.6883 17.1668
cv_recla  cv_pelaces  cv_mph
0.981399 1.02797 0.877659
 ------------------------------------------------
Talla a la edad & desviación 
 7.2 14.2025 17.0495 18.207 18.6776
 1.08 2.13037 2.55742 2.73105 2.80164
