years
 1997 1998 1999 2000 2001 2002 2003 2004 2005 2006 2007 2008 2009 2010 2011 2012 2013 2014 2015 2016 2017 2018 2019 2020
reclasobs
 0 0 0 370054 412103 1.49427e+06 250295 1.28982e+06 931140 785840 897777 1.04006e+06 184774 17550 25797 100020 73551 82996 120727 218422 84188 347160 605670 569463
reclaspred
 490892 126999 341828 239123 369456 436534 944673 642027 727585 722226 584902 402030 253616 107476 64936.9 63147.5 78295 102525 108715 157832 231790 216562 376193 432748
pelacesobs
 0 0 0 0 0 0 0 0 0 2.06254e+06 1.5e+06 0 1.87456e+06 323000 250000 174000 83755 137374 0 501740 490994 745055 786931 1.00524e+06
pelacespred
 2.11979e+06 460440 781548 834466 1.1246e+06 1.05769e+06 2.74102e+06 2.20468e+06 2.2746e+06 2.25204e+06 1.59892e+06 1.14651e+06 715279 237327 146462 153711 201056 272870 289996 418641 702636 618717 853800 1.16033e+06
mphobs
 0 0 0 0 0 112323 0 153150 637223 0 255016 313432 73983 77613 109348 50772 0 0 0 0 0 0 0 0
mphpred
 186763 105744 119351 126729 140288 228098 329384 386752 333737 349629 356396 248064 156532 82100.2 34109.7 26854.6 32588.3 43830 53204.7 61989.8 95522 114737 146356 203586
desembarqueobs
 350755 77701 442110 56441 14545 235359 269955 359681 431902 328805 639364 411747 362871 311530 167758 66681 60226 58785 57116 71774 51957 67425 138520 160799
desembarquepred
 350761 77699.6 442097 56442.5 14545.1 235408 269993 359660 431922 328807 639337 411822 362998 311664 167620 66677.7 60246.4 58777.2 57103 71770.8 51957.6 67414.1 138517 160801
Reclutas
 40973.4 50560.9 27060.7 42814 73955.2 53596.3 84591.6 87724.3 109941 125790 65599 46329.5 45908 23604 14900.6 15537.2 11562.6 12462.3 14668.8 24662.6 30227.6 41577 64065.1 60434.3
log_desv_Rt
 0.0406776 0.250934 -0.374162 0.084621 0.631215 0.309236 0.765591 0.801954 1.0277 1.16237 0.511316 0.163535 0.154395 -0.510828 -0.970841 -0.929009 -1.22447 -1.14954 -0.986521 -0.466958 -0.263488 0.0553033 0.487654 0.429313
SSB
 554045 313697 354062 375951 416173 676668 977139 1.14733e+06 990053 1.0372e+06 1.05727e+06 735897 464361 243555 101189 79666.1 96675.2 130025 157835 183897 283372 340376 434175 603951
BT
 1.78475e+06 459053 795187 651682 808738 935447 2.12651e+06 1.96875e+06 2.00729e+06 1.91097e+06 1.70428e+06 1.18825e+06 857958 459298 241599 163154 190402 240458 254031 354076 540395 501807 699191 953876
Ftot
 0.566903 0.509993 0.838768 0.178781 0.0329359 0.31878 0.207317 0.412734 0.462918 0.347223 0.667932 0.625585 0.98105 1.78922 2.01596 0.849851 0.591143 0.419866 0.355814 0.356089 0.165677 0.210428 0.245437 0.247033
BD_Bspro_t
 0.931275 0.693188 0.625405 0.459537 0.611549 0.768099 0.721363 0.727952 0.666032 0.632737 0.609189 0.447171 0.341863 0.238154 0.127661 0.124822 0.197483 0.319715 0.420234 0.518047 0.648358 0.74244 0.756094 0.75824
BD_Bspro
 0.68454 0.387583 0.437455 0.464499 0.514196 0.836045 1.20729 1.41756 1.22324 1.28149 1.30629 0.909224 0.573733 0.300921 0.125022 0.09843 0.119445 0.16065 0.195011 0.227211 0.350116 0.420546 0.536437 0.746201
BD_Bo
 0.578574 0.327585 0.369737 0.392595 0.434599 0.706626 1.0204 1.19812 1.03389 1.08312 1.10408 0.768477 0.48492 0.254338 0.105669 0.0831931 0.100955 0.135781 0.164823 0.192039 0.295918 0.355446 0.453397 0.63069
BD_Brms
 1.97464 1.11803 1.26189 1.3399 1.48326 2.41167 3.48256 4.08911 3.52858 3.69661 3.76816 2.62276 1.655 0.868041 0.36064 0.283933 0.344554 0.463413 0.562531 0.655415 1.00995 1.21311 1.54742 2.1525
S_f
 0.168253 1 1 1 1
 0.168253 1 1 1 1
 0.168253 1 1 1 1
 0.168253 1 1 1 1
 0.168253 1 1 1 1
 0.168253 1 1 1 1
 0.168253 1 1 1 1
 0.168253 1 1 1 1
 0.168253 1 1 1 1
 0.168253 1 1 1 1
 0.168253 1 1 1 1
 0.168253 1 1 1 1
 0.168253 1 1 1 1
 0.168253 1 1 1 1
 0.168253 1 1 1 1
 0.168253 1 1 1 1
 0.168253 1 1 1 1
 0.168253 1 1 1 1
 0.168253 1 1 1 1
 0.168253 1 1 1 1
 0.168253 1 1 1 1
 0.168253 1 1 1 1
 0.168253 1 1 1 1
 0.168253 1 1 1 1
Scru_reclas
 0.933763 1 1 1 1
 0.933763 1 1 1 1
 0.933763 1 1 1 1
 0.933763 1 1 1 1
 0.933763 1 1 1 1
 0.933763 1 1 1 1
 0.933763 1 1 1 1
 0.933763 1 1 1 1
 0.933763 1 1 1 1
 0.933763 1 1 1 1
 0.933763 1 1 1 1
 0.933763 1 1 1 1
 0.933763 1 1 1 1
 0.933763 1 1 1 1
 0.933763 1 1 1 1
 0.933763 1 1 1 1
 0.933763 1 1 1 1
 0.933763 1 1 1 1
 0.933763 1 1 1 1
 0.933763 1 1 1 1
 0.933763 1 1 1 1
 0.933763 1 1 1 1
 0.933763 1 1 1 1
 0.933763 1 1 1 1
Scru_pelaces
 1 1 1 1 1
 1 1 1 1 1
 1 1 1 1 1
 1 1 1 1 1
 1 1 1 1 1
 1 1 1 1 1
 1 1 1 1 1
 1 1 1 1 1
 1 1 1 1 1
 1 1 1 1 1
 1 1 1 1 1
 1 1 1 1 1
 1 1 1 1 1
 1 1 1 1 1
 1 1 1 1 1
 1 1 1 1 1
 1 1 1 1 1
 1 1 1 1 1
 1 1 1 1 1
 1 1 1 1 1
 1 1 1 1 1
 1 1 1 1 1
 1 1 1 1 1
 1 1 1 1 1
pf_obs 
 0.256992 0.487395 0.22802 0.0275931 0
 0.321318 0.546541 0.124235 0.00734118 0.000564706
 0.182869 0.594174 0.210203 0.0122559 0.00049798
 0.330522 0.361315 0.267642 0.0388342 0.00168674
 0.649043 0.306663 0.0425973 0.00169635 0
 0.582887 0.30429 0.105238 0.00758474 0
 0.465427 0.430635 0.0974691 0.00646863 0
 0.296916 0.608066 0.0921331 0.00288517 0
 0.311714 0.524322 0.152257 0.0117073 0
 0.15457 0.633149 0.183074 0.0267441 0.00246327
 0.131901 0.49318 0.331252 0.0422183 0.00144891
 0.196976 0.569456 0.194076 0.0375587 0.00193317
 0.518974 0.381816 0.0799577 0.0180837 0.00116848
 0.0928022 0.601141 0.25162 0.0475244 0.00691264
 0.122501 0.610282 0.24278 0.0234846 0.000952079
 0.383417 0.481906 0.127806 0.00687128 0
 0.0376549 0.599619 0.316969 0.0457579 0
 0.0361596 0.667082 0.258105 0.0386534 0
 0.158088 0.579412 0.248529 0.0139706 0
 0.0477256 0.309471 0.559284 0.082774 0.000745712
 0.0406174 0.521527 0.379366 0.0568643 0.0016247
 0.151134 0.462217 0.34131 0.0453401 0
 0.294876 0.26143 0.354403 0.0886775 0.000613685
 0.281977 0.475581 0.204845 0.0348837 0.00271318
pf_pred 
 0.317565 0.479817 0.18095 0.0216582 9.80326e-06
 0.301161 0.548329 0.105823 0.0399082 0.00477885
 0.167079 0.638229 0.152761 0.0294816 0.0124495
 0.29772 0.452163 0.191653 0.0458724 0.0125914
 0.309048 0.506254 0.118918 0.0504043 0.0153758
 0.167896 0.607176 0.164803 0.0387117 0.0214137
 0.261545 0.430244 0.224898 0.0610429 0.0222704
 0.227213 0.540126 0.135555 0.0708575 0.0262491
 0.266967 0.498871 0.163663 0.0410744 0.0294242
 0.257066 0.542452 0.136439 0.0447613 0.0192811
 0.142883 0.607044 0.182591 0.0459258 0.0215568
 0.161166 0.485537 0.250218 0.0752625 0.0278158
 0.23864 0.462773 0.17283 0.0890666 0.0366913
 0.209695 0.595034 0.11869 0.0443268 0.0322539
 0.295616 0.565517 0.104556 0.0208555 0.0134563
 0.36733 0.557136 0.0606433 0.011212 0.00367943
 0.230605 0.646552 0.108177 0.0117749 0.00289142
 0.247555 0.52954 0.187316 0.0313405 0.00424905
 0.255028 0.525372 0.154546 0.054668 0.0103868
 0.32657 0.476046 0.1392 0.0409476 0.0172366
 0.265854 0.567933 0.117495 0.0343566 0.0143607
 0.265515 0.513704 0.170795 0.0353344 0.0146508
 0.293534 0.497021 0.146488 0.0487038 0.0142538
 0.211028 0.579912 0.14708 0.0433492 0.0186306
pobs_RECLAS
 0 0 0 0 0
 0 0 0 0 0
 0 0 0 0 0
 0 0 0 0 0
 0.835266 0.146461 0.0176864 0.000547809 3.91292e-05
 0.385257 0.428462 0.181853 0.0044286 0
 0.867414 0.0963971 0.0333333 0.00285562 0
 0.441836 0.489002 0.0689373 0.000224442 0
 0.779404 0.147425 0.0564933 0.0165055 0.000172143
 0.814271 0.122319 0.05973 0.00367925 0
 0.40263 0.566651 0.0304383 0.000280538 0
 0.475488 0.404961 0.113038 0.00651328 0
 0.955842 0.0263864 0.0167828 0.000988607 0
 0.975058 0.0227948 0.00214734 0 0
 0.738997 0.206755 0.0527124 0.00153531 0
 0.850938 0.134255 0.0134407 0.00136685 0
 0.542534 0.407297 0.0501686 0 0
 0.764087 0.199537 0.0359546 0.000420521 0
 0.470689 0.182191 0.310203 0.0369168 0
 0.84361 0.089868 0.0606195 0.00523954 0.000663233
 0.607945 0.314616 0.071237 0.00620181 0
 0.523733 0.453247 0.0230204 0 0
 0.530135 0.295979 0.169645 0.0042399 0
 0.562478 0.366248 0.0663022 0.0049721 0
ppred_RECLAS
 0.728802 0.190678 0.071909 0.00860692 3.8958e-06
 0.712315 0.225726 0.0435632 0.0164287 0.00196727
 0.543579 0.349735 0.0837093 0.0161552 0.00682204
 0.703795 0.190711 0.0808348 0.0193479 0.00531077
 0.713165 0.210161 0.0493662 0.0209243 0.00638296
 0.533067 0.340715 0.0924786 0.0217229 0.0120162
 0.665403 0.194945 0.101902 0.0276588 0.0100908
 0.626248 0.261227 0.0655599 0.0342696 0.0126952
 0.675755 0.220667 0.0723938 0.0181686 0.0130153
 0.662378 0.246514 0.0620039 0.0203415 0.00876217
 0.492911 0.35914 0.108025 0.0271707 0.0127535
 0.527341 0.273586 0.140991 0.0424082 0.0156734
 0.654234 0.210164 0.0784892 0.0404489 0.016663
 0.643732 0.268241 0.0535054 0.0199825 0.01454
 0.748626 0.201816 0.0373129 0.00744272 0.00480216
 0.775352 0.197827 0.0215332 0.00398117 0.00130649
 0.634341 0.307277 0.0514116 0.00559606 0.00137416
 0.652297 0.244699 0.0865581 0.0144823 0.00196347
 0.660127 0.239687 0.0705073 0.0249408 0.00473868
 0.733434 0.188435 0.0550999 0.0162084 0.0068228
 0.669748 0.255482 0.0528547 0.0154551 0.00646009
 0.669987 0.230814 0.0767404 0.0158762 0.00658278
 0.700494 0.210712 0.0621035 0.020648 0.00604288
 0.60092 0.293333 0.0743965 0.021927 0.00942381
pobs_PELACES
 0 0 0 0 0
 0 0 0 0 0
 0 0 0 0 0
 0 0 0 0 0
 0 0 0 0 0
 0 0 0 0 0
 0 0 0 0 0
 0 0 0 0 0
 0 0 0 0 0
 0 0 0 0 0
 0.450072 0.473896 0.0757376 0.000293798 0
 0 0 0 0 0
 0.463077 0.371075 0.160297 0.00555027 0
 0.529543 0.364841 0.0842815 0.0213345 0
 0.631943 0.363953 0.00410389 0 0
 0.735681 0.248677 0.0153453 0.000297389 0
 0.695825 0.281241 0.0229344 0 0
 0.275771 0.60734 0.115278 0.00161068 0
 0 0 0 0 0
 0.896147 0.0623911 0.0374545 0.00400742 0
 0.803859 0.145111 0.0509908 3.86294e-05 0
 0.739449 0.233085 0.0266225 0.000797448 4.60066e-05
 0.878498 0.100942 0.0204185 0.000141795 0
 0.694673 0.275183 0.0284847 0.00165964 0
ppred_PELACES
 0.770774 0.161168 0.06078 0.00727487 3.29286e-06
 0.753091 0.193732 0.0373886 0.0141001 0.00168843
 0.616215 0.294077 0.0703875 0.0135842 0.00573636
 0.727711 0.175313 0.0743081 0.0177857 0.00488198
 0.728768 0.198729 0.0466809 0.0197861 0.00603576
 0.571627 0.312578 0.0848416 0.019929 0.0110239
 0.692728 0.179025 0.0935803 0.0254 0.00926674
 0.667738 0.232228 0.0582821 0.0304653 0.0112859
 0.71706 0.192557 0.0631718 0.0158542 0.0113573
 0.697991 0.220512 0.0554637 0.0181958 0.00783794
 0.555645 0.31471 0.0946607 0.0238093 0.0111757
 0.586549 0.239316 0.12333 0.037096 0.0137101
 0.726217 0.166412 0.0621491 0.0320281 0.0131941
 0.759735 0.180899 0.0360836 0.013476 0.00980569
 0.847246 0.122639 0.0226741 0.00452276 0.00291815
 0.823549 0.155385 0.0169134 0.00312703 0.00102619
 0.686041 0.263832 0.0441426 0.00480485 0.00117987
 0.692733 0.216242 0.0764919 0.0127981 0.00173513
 0.696366 0.21413 0.0629893 0.0222814 0.00423341
 0.764657 0.166363 0.0486459 0.0143099 0.00602363
 0.69446 0.236365 0.0488997 0.0142987 0.0059767
 0.697288 0.21172 0.0703919 0.0145628 0.00603821
 0.728208 0.191214 0.0563569 0.0187374 0.00548372
 0.633123 0.269663 0.0683933 0.0201577 0.00866338
pobs_pel_tallas
 0 0 0 0 0 0 0 0 0 0 0 0 0 0 0 0 0 0 0 0 0 0 0 0 0 0 0 0 0 0 0 0 0 0 0 0
 0 0 0 0 0 0 0 0 0 0 0 0 0 0 0 0 0 0 0 0 0 0 0 0 0 0 0 0 0 0 0 0 0 0 0 0
 0 0 0 0 0 0 0 0 0 0 0 0 0 0 0 0 0 0 0 0 0 0 0 0 0 0 0 0 0 0 0 0 0 0 0 0
 0 0 0 0 0 0 0 0 0 0 0 0 0 0 0 0 0 0 0 0 0 0 0 0 0 0 0 0 0 0 0 0 0 0 0 0
 0 0 0 0 0 0 0 0 0 0 0 0 0 0 0 0 0 0 0 0 0 0 0 0 0 0 0 0 0 0 0 0 0 0 0 0
 0 0 0 0 0 0 0 0 0 0 0 0 0 0 0 0 0 0 0 0 0 0 0 0 0 0 0 0 0 0 0 0 0 0 0 0
 0 0 0 0 0 0 0 0 0 0 0 0 0 0 0 0 0 0 0 0 0 0 0 0 0 0 0 0 0 0 0 0 0 0 0 0
 0 0 0 0 0 0 0 0 0 0 0 0 0 0 0 0 0 0 0 0 0 0 0 0 0 0 0 0 0 0 0 0 0 0 0 0
 0 0 0 0 0 0 0 0 0 0 0 0 0 0 0 0 0 0 0 0 0 0 0 0 0 0 0 0 0 0 0 0 0 0 0 0
 0 0 0 0 0 0 0 0 0 0 0 0 0 0 0 0 0 0 0 0 0 0 0 0 0 0 0 0 0 0 0 0 0 0 0 0
 0 0 0 0 0 0 0 0 1.78061e-05 0.00172719 0.00360574 0.0105946 0.0120993 0.0124554 0.0147524 0.0171206 0.0266825 0.0428682 0.0675386 0.121331 0.153587 0.119568 0.100827 0.0573624 0.0630603 0.0341343 0.0324427 0.0444173 0.0211091 0.0280891 0.0125444 0.00206551 0 0 0 0
 0 0 0 0 0 0 0 0 0 0 0 0 0 0 0 0 0 0 0 0 0 0 0 0 0 0 0 0 0 0 0 0 0 0 0 0
 0 0 0 0 0 0 0.0133647 0.0140871 0.0187388 0.0205184 0.03894 0.0496705 0.03968 0.0493445 0.0407372 0.0367815 0.0215668 0.0243155 0.0234873 0.0199281 0.019796 0.0243948 0.0301388 0.0376714 0.0412746 0.0863199 0.0771752 0.113111 0.0741005 0.0525337 0.0229764 0.00759418 0.00175318 0 0 0
 0 0 0 0 0 0 0 0 0 0 0.00219441 0.00772107 0.0458388 0.0604681 0.0671733 0.0775358 0.0609151 0.0617685 0.073594 0.0568108 0.0755445 0.0548602 0.0670107 0.0636378 0.0643287 0.046367 0.0373049 0.0286899 0.0247887 0.0153202 0.00654259 0.00121912 0.000365735 0 0 0
 0 0 0 0 0 0 0 0 0 0 0 0 0.000112435 0.00938835 0.0111873 0.0202946 0.0414886 0.0713402 0.111592 0.104902 0.108894 0.110636 0.117776 0.105296 0.107544 0.0401394 0.0192827 0.0124803 0.00416011 0.0028671 0.000618394 0 0 0 0 0
 0 0 0 0 0 0 0 0 0 0 0.00291406 0.0102884 0.027416 0.0768956 0.0749926 0.110853 0.0956884 0.0897413 0.0766577 0.0534642 0.0500743 0.0551293 0.0594112 0.0620874 0.0668451 0.0424026 0.0208742 0.0120726 0.0048766 0.00582813 0.00118941 0.000297354 0 0 0 0
 0 0.00264628 0.0354308 0.0461629 0.0458689 0.0383711 0.0214643 0.0164657 0.0346957 0.0420465 0.0363128 0.0245516 0.0311673 0.0291091 0.0169068 0.0133784 0.00837989 0.0085269 0.0148486 0.0160247 0.0276389 0.0546898 0.0760071 0.122758 0.109233 0.0665981 0.0333725 0.0166128 0.00676272 0.00308733 0.000882094 0 0 0 0 0
 0 0 0 0 0 0 0 0.000805153 0.000690131 0.00759144 0.0133425 0.0154129 0.00931677 0.000345066 0.00356568 0.00563607 0.00851162 0.0253048 0.0502646 0.0516448 0.0657925 0.0565908 0.0611916 0.0827007 0.0866115 0.110766 0.145733 0.0935128 0.0569358 0.0249597 0.0138026 0.00621118 0.00161031 0.00115022 0 0
 0 0 0 0 0 0 0 0 0 0 0 0 0 0 0 0 0 0 0 0 0 0 0 0 0 0 0 0 0 0 0 0 0 0 0 0
 0.00147267 0.00158595 0.00478618 0.00569244 0.00954404 0.0108468 0.00647125 0.017049 0.0510054 0.094081 0.124002 0.0959785 0.0687766 0.0820023 0.061753 0.0591476 0.0492212 0.0479892 0.0443925 0.0268479 0.0217502 0.0140895 0.0121071 0.0120363 0.00920419 0.00665534 0.0049561 0.00860946 0.00930331 0.0156896 0.0114698 0.00855282 0.00243557 0.00046729 0 2.83206e-05
 0 0 0 0 0.000772559 0.00158375 0.000888443 0.00281984 0.00712685 0.0440552 0.0773331 0.111326 0.0921469 0.0852325 0.0710754 0.0886704 0.0786465 0.0553345 0.0373146 0.0185414 0.00753245 0.00457741 0.012979 0.0271748 0.0457355 0.0583668 0.034881 0.0177882 0.00938659 0.00492506 0.0015258 0.00185414 0.000309023 5.79419e-05 3.86279e-05 0
 0 0.00173294 0.00326652 0 0.00397197 0.00683976 0.00946217 0.0152591 0.00757587 0.0136028 0.0228656 0.0392903 0.0559909 0.0764795 0.0681675 0.0726916 0.0566044 0.0477403 0.0527397 0.0444891 0.0609904 0.0582453 0.0661739 0.0445044 0.0529084 0.0360697 0.0280645 0.0235558 0.0158879 0.00826598 0.00280645 0.00217768 0.000904811 0.00058276 9.20147e-05 0
 0 0 0 0 0 0 0 0 0 0 0 0 0 0 0 0 0 0 0 0 0 0 0 0 0 0 0 0 0 0 0 0 0 0 0 0
 0 0 0 0 0 0 0 0 0 0 0 0 0 0 0 0 0 0 0 0 0 0 0 0 0 0 0 0 0 0 0 0 0 0 0 0
ppred_pel_tallas
 1.01166e-16 3.36287e-05 0.000197376 0.000938242 0.00361229 0.0112646 0.0284535 0.0582195 0.0965049 0.129602 0.141029 0.124389 0.0890219 0.0519143 0.0251214 0.0109415 0.00569837 0.00506579 0.0063925 0.00851297 0.0109478 0.0134043 0.0156116 0.0173164 0.0183263 0.0185498 0.0180131 0.016845 0.0152381 0.0134007 0.0115144 0.00970963 0.0080614 0.00659923 0.00532444 0.00422576
 1.01158e-16 3.28589e-05 0.000192854 0.000916737 0.00352948 0.0110064 0.0278012 0.0568851 0.094294 0.126636 0.137809 0.121568 0.0870451 0.0508455 0.0247607 0.0110501 0.0061345 0.00579398 0.00743385 0.00989532 0.0126724 0.0154275 0.0178387 0.0196081 0.0205181 0.0204796 0.0195499 0.0179118 0.0158227 0.0135518 0.0113264 0.0092996 0.00754639 0.00607803 0.00486703 0.0038708
 1.0183e-16 2.68946e-05 0.000157829 0.000750203 0.00288825 0.00900667 0.0227503 0.0465514 0.0771687 0.103649 0.112828 0.0996102 0.0714957 0.0421117 0.0211598 0.010552 0.00742237 0.00836389 0.0112612 0.0151161 0.0193962 0.0236454 0.0273846 0.0301608 0.0316392 0.0316771 0.0303531 0.0279356 0.0248074 0.0213718 0.0179717 0.0148421 0.0121025 0.00977844 0.00783794 0.00622542
 1.01952e-16 3.17515e-05 0.000186354 0.00088584 0.00341053 0.0106354 0.0268642 0.0549678 0.0911156 0.122367 0.133162 0.117465 0.0840988 0.0491087 0.0238866 0.0106151 0.00583668 0.00547838 0.00704283 0.00942627 0.0121612 0.0149456 0.0174898 0.0195193 0.0208219 0.021291 0.0209439 0.0199056 0.0183685 0.0165419 0.0146085 0.0126997 0.0108922 0.00922034 0.00769363 0.00631283
 1.0169e-16 3.17985e-05 0.000186628 0.000887137 0.00341551 0.0106509 0.0269035 0.0550484 0.0912497 0.122549 0.133365 0.117655 0.0842592 0.0492511 0.0240461 0.0108372 0.00616787 0.00596075 0.00770872 0.0102898 0.0132084 0.016126 0.0187153 0.0206712 0.0217674 0.021906 0.0211365 0.0196339 0.0176488 0.0154441 0.0132419 0.0111924 0.00936994 0.00778918 0.00642937 0.00525768
 1.02507e-16 2.49511e-05 0.000146417 0.000695947 0.00267934 0.0083552 0.0211048 0.0431846 0.0715889 0.0961588 0.104684 0.0924446 0.0664053 0.0392198 0.0199042 0.0102522 0.00762571 0.00888044 0.0120598 0.016227 0.0208577 0.0254796 0.0295874 0.0326998 0.0344572 0.0347008 0.0335029 0.0311346 0.0279873 0.0244747 0.0209489 0.0176519 0.0147087 0.0121502 0.00995119 0.00806515
 1.02693e-16 3.02263e-05 0.000177399 0.000843266 0.00324661 0.0101242 0.025573 0.052326 0.0867369 0.116488 0.126768 0.111833 0.0800865 0.0468053 0.0228408 0.0102792 0.0058385 0.00565068 0.00734535 0.00987435 0.0127891 0.0157916 0.01859 0.0209027 0.0225065 0.0232804 0.0232242 0.0224438 0.0211127 0.0194236 0.0175465 0.015607 0.0136837 0.0118202 0.0100418 0.00836947
 1.02478e-16 2.91387e-05 0.000171009 0.000812878 0.00312959 0.00975929 0.0246513 0.0504404 0.083613 0.112297 0.122221 0.107854 0.0773055 0.0453184 0.0223726 0.0105017 0.00656343 0.00684066 0.00904169 0.0121232 0.0155906 0.019071 0.0221878 0.0245856 0.025999 0.0263099 0.0255692 0.0239722 0.0218007 0.0193504 0.0168699 0.0145265 0.0124029 0.0105155 0.00884434 0.00735861
 1.02035e-16 3.12877e-05 0.00018363 0.000872885 0.00336064 0.0104798 0.0264713 0.054164 0.0897837 0.12058 0.131222 0.115764 0.082904 0.0484574 0.023656 0.0106583 0.00606473 0.00586576 0.00759872 0.0101655 0.0130852 0.0160324 0.0186906 0.0207619 0.0220206 0.0223614 0.0218178 0.0205431 0.0187638 0.0167208 0.0146203 0.0126052 0.0107514 0.00908293 0.00759339 0.00626656
 1.01851e-16 3.04573e-05 0.000178752 0.000849691 0.00327133 0.0102013 0.0257678 0.0527248 0.087399 0.11738 0.127747 0.112717 0.0807616 0.0472849 0.0232323 0.0107183 0.00644676 0.00652291 0.00854764 0.0114357 0.0146863 0.0179356 0.0208222 0.023007 0.0242376 0.0244039 0.023559 0.0218955 0.0196904 0.0172351 0.0147764 0.0124826 0.0104384 0.00866225 0.00713351 0.00581742
 1.02787e-16 2.42543e-05 0.000142326 0.000676497 0.00260445 0.00812166 0.0205149 0.0419777 0.0695885 0.0934729 0.101763 0.0898723 0.0645732 0.0381692 0.0194296 0.010104 0.00763501 0.00897197 0.0122164 0.0164567 0.0211767 0.0259052 0.0301348 0.0333802 0.0352755 0.0356547 0.0345817 0.0323191 0.0292503 0.0257824 0.0222631 0.0189333 0.0159201 0.0132601 0.0109362 0.00891191
 1.03744e-16 2.55988e-05 0.000150226 0.000714072 0.00274915 0.00857292 0.0216546 0.0443091 0.0734508 0.0986529 0.107382 0.094784 0.0679933 0.0399723 0.0199455 0.0097229 0.00657057 0.00724841 0.00976117 0.0131967 0.0171063 0.021128 0.0248791 0.0279847 0.0301475 0.031206 0.0311598 0.0301498 0.0284066 0.026185 0.02371 0.0211461 0.0185956 0.0161147 0.0137364 0.0114888
 1.02654e-16 3.16859e-05 0.00018597 0.000884016 0.00340351 0.0106135 0.0268089 0.0548546 0.0909277 0.122114 0.132884 0.117215 0.0839095 0.0489768 0.0237825 0.010501 0.00567871 0.00524865 0.00671946 0.00899474 0.0116181 0.014303 0.0167782 0.0187872 0.0201324 0.0207144 0.0205485 0.0197486 0.0184887 0.0169545 0.015304 0.0136457 0.0120378 0.0105019 0.00904214 0.00766047
 1.01493e-16 3.3148e-05 0.000194553 0.000924817 0.0035606 0.0111034 0.0280463 0.0573865 0.0951246 0.12775 0.139018 0.122627 0.0877854 0.0512425 0.0248878 0.0109948 0.00594684 0.00548307 0.00698681 0.0092964 0.0119163 0.0145274 0.0168297 0.0185464 0.0194742 0.0195286 0.0187603 0.0173353 0.0154878 0.013462 0.0114628 0.00962678 0.00801886 0.00664703 0.00548576 0.00449811
 1.00654e-16 3.69616e-05 0.000216947 0.00103129 0.00397058 0.0123819 0.0312756 0.0639935 0.106074 0.142448 0.154993 0.136671 0.0977384 0.056848 0.0272283 0.0113774 0.0052251 0.00399235 0.00475561 0.00624731 0.007982 0.00970646 0.0112093 0.0123009 0.0128441 0.0127835 0.0121577 0.0110848 0.00973073 0.00826893 0.00684546 0.00555896 0.00445717 0.00354647 0.0028076 0.00221097
 1.00447e-16 3.59296e-05 0.000210885 0.00100247 0.00385958 0.0120358 0.0304014 0.0622049 0.10311 0.138471 0.150674 0.132883 0.0950726 0.055385 0.0266912 0.0114346 0.0056729 0.00476945 0.00588035 0.00775543 0.00988671 0.0119765 0.0137603 0.0149999 0.0155256 0.0152753 0.0143086 0.0127886 0.0109391 0.00899186 0.00714101 0.00551572 0.00417535 0.00312182 0.00232064 0.00172199
 1.00933e-16 2.9938e-05 0.000175699 0.000835168 0.0032154 0.0100269 0.0253272 0.0518237 0.0859067 0.11538 0.125581 0.11083 0.0794646 0.0466354 0.0231168 0.0110058 0.00707888 0.00751705 0.00995623 0.0133024 0.0170123 0.0206572 0.0238019 0.0260414 0.0270819 0.0268088 0.0253114 0.0228531 0.0198016 0.0165406 0.0133944 0.0105823 0.00821101 0.00629388 0.00478524 0.00361396
 1.01678e-16 3.0228e-05 0.000177406 0.000843291 0.00324669 0.0101245 0.0255737 0.0523276 0.0867406 0.116496 0.126785 0.111867 0.0801521 0.0469269 0.0230545 0.0106343 0.00639598 0.00647614 0.008497 0.0113858 0.0146505 0.0179346 0.020882 0.0231551 0.0244976 0.0247896 0.0240686 0.0225093 0.0203714 0.0179341 0.0154392 0.0130588 0.0108892 0.00896584 0.00728654 0.00583347
 1.01928e-16 3.03863e-05 0.000178335 0.000847711 0.00326371 0.0101775 0.0257077 0.0526019 0.0871951 0.117106 0.127448 0.11245 0.0805643 0.0471577 0.023148 0.0106436 0.00635444 0.0063949 0.00837341 0.0112119 0.0144183 0.017639 0.0205231 0.0227397 0.0240402 0.0243114 0.0235965 0.0220733 0.0200015 0.0176566 0.0152738 0.0130156 0.0109674 0.00915383 0.00756363 0.00617277
 1.01519e-16 3.33621e-05 0.000195811 0.0009308 0.00358364 0.0111753 0.0282278 0.0577577 0.0957396 0.128575 0.139912 0.123407 0.0883266 0.0515231 0.0249587 0.0109156 0.00574895 0.0051679 0.00654141 0.00870986 0.0111916 0.0136884 0.0159233 0.0176388 0.0186421 0.0188456 0.0182837 0.0170955 0.0154834 0.0136622 0.0118147 0.0100672 0.00848551 0.00708784 0.00586436 0.00479524
 1.01542e-16 3.0304e-05 0.000177851 0.000845401 0.00325481 0.0101498 0.0256376 0.0524586 0.0869583 0.116789 0.127108 0.112162 0.0803835 0.0471025 0.0232149 0.010831 0.00667689 0.00688051 0.00905235 0.0121024 0.0155138 0.0188988 0.0218693 0.0240624 0.0252118 0.0252069 0.0241153 0.0221572 0.0196434 0.0168998 0.0142012 0.0117336 0.00958799 0.00777922 0.0062755 0.0050272
 1.01851e-16 3.04264e-05 0.000178571 0.000848831 0.00326802 0.010191 0.0257417 0.0526714 0.0873103 0.11726 0.127615 0.112596 0.0806667 0.0472122 0.0231649 0.010635 0.00632758 0.0063517 0.00831338 0.0111349 0.0143264 0.0175375 0.0204203 0.0226458 0.0239653 0.0242632 0.0235782 0.0220823 0.0200297 0.0176919 0.0153024 0.0130252 0.0109496 0.00910513 0.00748603 0.00607257
 1.01763e-16 3.17738e-05 0.000186483 0.000886452 0.00341288 0.0106427 0.0268827 0.0550058 0.091179 0.122453 0.133259 0.117558 0.0841824 0.049191 0.0239884 0.0107641 0.00606211 0.00580792 0.00749837 0.0100178 0.0128796 0.0157572 0.0183353 0.0203183 0.0214841 0.0217317 0.0210997 0.0197467 0.0179044 0.0158184 0.0136981 0.0116882 0.00986438 0.00824819 0.00682925 0.00558598
 1.02157e-16 2.76308e-05 0.000162153 0.000770768 0.00296744 0.00925363 0.0233741 0.0478275 0.0792831 0.106487 0.115909 0.102312 0.073395 0.0431506 0.0215342 0.0104962 0.00707884 0.00777274 0.0104055 0.0139668 0.0179415 0.0219073 0.0254257 0.0280822 0.029568 0.0297488 0.0286896 0.0266274 0.0239023 0.0208728 0.0178428 0.0150201 0.01251 0.0103362 0.00847342 0.00687864
pSPR Fmed_Fpbrs
0.561457   0.343003 0.343003
Fs Fmed_Fpbrs
0.410458   1.005 1.005
SSBpbr Bo_Bmed_Bpbrs
957604  489773  280581 280581
Ro
39340.1
SPR SPRFo_SPRFmed_SPRFpbrs
809368 454425 277616
log_Ro
10.4
likeval ReclasPelacesDesembMPH_pf_preclas_ppelaces_ptallas_desvR_qrecl_qpela
 62.7025 15.5396 0.00653662 0.000213629 285.067 164.885 80.9306 0 15.5938 2.53667e-05 4.24518e-05 0 0 0 0
q_reclas_q_pelaces
0.489829 2.52682
M
0.7
N
 40973.4 12671.2 4778.61 571.96 0.258889
 50560.9 18495.7 3569.52 1346.15 161.196
 27060.7 23043.2 5515.41 1064.43 449.488
 42814 11669.3 4946.12 1183.86 324.955
 73955.2 20630.8 4846.11 2054.07 626.593
 53596.3 36522.1 9913.02 2328.54 1288.05
 84591.6 25225.2 13185.8 3578.95 1305.72
 87724.3 40567 10181.1 5321.85 1971.48
 109941 40640.1 13332.7 3346.1 2397.02
 125790 50504.4 12703 4167.44 1795.14
 65599 58920.5 17722.5 4457.62 2092.34
 46329.5 29112.8 15003.1 4512.74 1667.83
 45908 20708.1 7733.76 3985.54 1641.86
 23604 19328.4 3855.4 1439.86 1047.7
 14900.6 8674.39 1603.77 319.9 206.404
 15537.2 5270.95 573.734 106.075 34.8104
 11562.6 6687.54 1118.92 121.792 29.9071
 12462.3 5198.21 1838.78 307.653 41.7107
 14668.8 5766.5 1696.3 600.038 114.006
 24662.6 6861.03 2006.22 590.158 248.422
 30227.6 11534.9 2386.36 697.789 291.669
 41577 14597.9 4853.48 1004.1 416.331
 64065.1 19928.3 5873.51 1952.81 571.513
 60434.3 30526.8 7742.36 2281.92 980.724
pred_Ctot
 2695.54 4072.76 1535.93 183.838 0.0832116
 3004.85 5471 1055.86 398.188 47.6814
 2582.4 9864.54 2361.09 455.671 192.421
 913.981 1388.11 588.363 140.825 38.6549
 294.013 481.625 113.132 47.9521 14.6278
 2019.15 7302.02 1981.95 465.555 257.525
 2089.66 3437.51 1796.86 487.713 177.933
 4249.43 10101.7 2535.21 1325.21 490.924
 5951.23 11120.8 3648.38 915.63 655.924
 5150.93 10869.3 2733.88 896.899 386.343
 5047.35 21443.9 6450.06 1622.34 761.499
 3349.03 10089.5 5199.53 1563.95 578.011
 5071.71 9835.11 3673.08 1892.89 779.784
 4489.76 12740.2 2541.27 949.078 690.587
 3143.12 6012.83 1111.68 221.745 143.073
 1501.1 2276.74 247.82 45.8182 15.0361
 791.798 2219.98 371.432 40.4298 9.92788
 613.795 1312.96 464.436 77.7065 10.5352
 615.143 1267.23 372.774 131.863 25.0536
 1035.01 1508.76 441.172 129.777 54.6287
 598.574 1278.71 264.542 77.3543 32.3333
 1042.25 2016.48 670.434 138.701 57.5098
 1868.32 3163.5 932.383 309.996 90.7241
 1773.69 4874.15 1236.21 364.35 156.59
F
 0.0953832 0.566903 0.566903 0.566903 0.566903
 0.0858079 0.509993 0.509993 0.509993 0.509993
 0.141125 0.838768 0.838768 0.838768 0.838768
 0.0300804 0.178781 0.178781 0.178781 0.178781
 0.00554157 0.0329359 0.0329359 0.0329359 0.0329359
 0.0536356 0.31878 0.31878 0.31878 0.31878
 0.0348816 0.207317 0.207317 0.207317 0.207317
 0.0694437 0.412734 0.412734 0.412734 0.412734
 0.0778873 0.462918 0.462918 0.462918 0.462918
 0.0584213 0.347223 0.347223 0.347223 0.347223
 0.112382 0.667932 0.667932 0.667932 0.667932
 0.105257 0.625585 0.625585 0.625585 0.625585
 0.165065 0.98105 0.98105 0.98105 0.98105
 0.301042 1.78922 1.78922 1.78922 1.78922
 0.339192 2.01596 2.01596 2.01596 2.01596
 0.14299 0.849851 0.849851 0.849851 0.849851
 0.0994615 0.591143 0.591143 0.591143 0.591143
 0.0706437 0.419866 0.419866 0.419866 0.419866
 0.0598668 0.355814 0.355814 0.355814 0.355814
 0.0599131 0.356089 0.356089 0.356089 0.356089
 0.0278756 0.165677 0.165677 0.165677 0.165677
 0.0354051 0.210428 0.210428 0.210428 0.210428
 0.0412955 0.245437 0.245437 0.245437 0.245437
 0.041564 0.247033 0.247033 0.247033 0.247033
nmprior
 10 10 8 0
nm_flota  nm_reclas  nm_pelaces    nm_pelaL
inf 18.4342 16.169 28.2111
cv_recla  cv_pelaces  cv_mph
0.73311 0.463858 0.474208
 ------------------------------------------------
Talla a la edad & desviación 
 7.2 14.2025 17.0495 18.207 18.6776
 1.08 2.13037 2.55742 2.73105 2.80164
