years
 1997 1998 1999 2000 2001 2002 2003 2004 2005 2006 2007 2008 2009 2010 2011 2012 2013 2014 2015 2016 2017 2018 2019 2020
reclasobs
 0 0 0 370054 412103 1.49427e+06 250295 1.28982e+06 931140 785840 897777 1.04006e+06 184774 17550 25797 100020 73551 82996 120727 218422 84188 347160 605670 569463
reclaspred
 1.73335e+06 263970 490138 222323 255275 243535 381296 568356 1.06105e+06 1.12682e+06 1.20985e+06 1.00636e+06 570112 192776 113145 108025 130590 176463 185571 292706 440172 412549 666384 686752
pelacesobs
 0 0 0 0 0 0 0 0 0 2.06254e+06 1.5e+06 0 1.87456e+06 323000 250000 174000 83755 137374 0 501740 490994 745055 786931 1.00524e+06
pelacespred
 937986 311847 162684 153449 152497 98506.8 188487 322557 602838 665032 642412 555285 308734 82077.7 47521.8 50359.9 65263 87676.6 97904.4 146262 247929 244515 296698 363382
mphobs
 0 0 0 0 0 112323 0 153150 637223 0 255016 313432 73983 77613 109348 50772 0 0 0 0 0 0 0 0
mphpred
 1.31875e+06 585893 341200 250737 197535 260283 241019 369790 768345 1.05731e+06 1.04766e+06 1.04192e+06 667174 290728 97284.1 96207.7 94767.4 145902 152737 205838 333772 390880 466269 594326
desembarqueobs
 350755 77701 442110 56441 14545 235359 269955 359681 431902 328805 639364 411747 362871 311530 167758 66681 60226 58785 57116 71774 51957 67425 138520 160799
desembarquepred
 351381 78002.4 443549 56462.4 14568.9 235171 271002 360448 432466 328079 639108 411095 362129 311410 167516 66814.3 60314.1 58614.5 57139.9 71647.3 51857.6 67301.1 138674 160853
Reclutas
 35043 25980.1 17025.6 17952.6 31004.6 17158.2 40347.8 124094 147547 97644.7 142297 41400.1 25906.8 15012.5 23978 12091.9 16257.8 9413.31 19526.2 29504.2 33278.4 41549.2 61374.2 47314.6
log_desv_Rt
 0.0643323 -0.234913 -0.657527 -0.60451 -0.0581087 -0.64977 0.205292 1.32879 1.5019 1.08909 1.46567 0.231039 -0.237737 -0.78336 -0.315107 -0.999712 -0.703674 -1.25012 -0.520486 -0.107713 0.0126627 0.234633 0.624745 0.364575
SSB
 1.31875e+06 585893 341200 250737 197535 260283 241019 369790 768345 1.05731e+06 1.04766e+06 1.04192e+06 667174 290728 97284.1 96207.7 94767.4 145902 152737 205838 333772 390880 466269 594326
BT
 2.47714e+06 726375 652690 383552 365793 379318 773483 1.30212e+06 2.01358e+06 1.77028e+06 2.11869e+06 1.4913e+06 963939 468136 275865 166158 215043 236187 268851 402930 617326 556663 725046 886328
Ftot
 0.196269 0.284325 0.828214 0.245218 0.0557678 0.877676 0.668274 0.60315 0.390931 0.280527 0.501411 0.389666 0.594722 1.37572 1.31582 0.581958 0.441169 0.319007 0.296547 0.236725 0.114731 0.158405 0.201504 0.226388
BD_Bspro_t
 0.970528 0.808591 0.62818 0.37712 0.453264 0.577552 0.400883 0.48085 0.600348 0.612622 0.585969 0.511492 0.405941 0.256864 0.119986 0.146631 0.197297 0.341221 0.403394 0.533301 0.664845 0.749678 0.75401 0.739336
BD_Bspro
 1.95069 0.866654 0.504703 0.37089 0.292195 0.385011 0.356515 0.546994 1.13654 1.56398 1.5497 1.5412 0.986884 0.430045 0.143903 0.14231 0.14018 0.215818 0.225928 0.304476 0.493716 0.57819 0.689705 0.879127
BD_Bo
 1.37932 0.612802 0.35687 0.262252 0.206608 0.272237 0.252088 0.386773 0.803633 1.10587 1.09577 1.08977 0.697816 0.30408 0.101752 0.100626 0.0991198 0.152603 0.159751 0.215292 0.349101 0.408832 0.487683 0.621621
BD_Brms
 6.71562 2.98361 1.73753 1.27685 1.00593 1.32547 1.22737 1.88312 3.91273 5.38428 5.33511 5.30587 3.39753 1.48051 0.495411 0.48993 0.482595 0.742994 0.777798 1.04821 1.69971 1.99052 2.37443 3.02655
S_f
 0.5 1 1 1 1
 0.5 1 1 1 1
 0.5 1 1 1 1
 0.5 1 1 1 1
 0.5 1 1 1 1
 0.5 1 1 1 1
 0.5 1 1 1 1
 0.5 1 1 1 1
 0.5 1 1 1 1
 0.5 1 1 1 1
 0.5 1 1 1 1
 0.5 1 1 1 1
 0.5 1 1 1 1
 0.5 1 1 1 1
 0.5 1 1 1 1
 0.5 1 1 1 1
 0.5 1 1 1 1
 0.5 1 1 1 1
 0.5 1 1 1 1
 0.5 1 1 1 1
 0.5 1 1 1 1
 0.5 1 1 1 1
 0.5 1 1 1 1
 0.5 1 1 1 1
Scru_reclas
 0.5 1 1 1 1
 0.5 1 1 1 1
 0.5 1 1 1 1
 0.5 1 1 1 1
 0.5 1 1 1 1
 0.5 1 1 1 1
 0.5 1 1 1 1
 0.5 1 1 1 1
 0.5 1 1 1 1
 0.5 1 1 1 1
 0.5 1 1 1 1
 0.5 1 1 1 1
 0.5 1 1 1 1
 0.5 1 1 1 1
 0.5 1 1 1 1
 0.5 1 1 1 1
 0.5 1 1 1 1
 0.5 1 1 1 1
 0.5 1 1 1 1
 0.5 1 1 1 1
 0.5 1 1 1 1
 0.5 1 1 1 1
 0.5 1 1 1 1
 0.5 1 1 1 1
Scru_pelaces
 0.5 1 1 1 1
 0.5 1 1 1 1
 0.5 1 1 1 1
 0.5 1 1 1 1
 0.5 1 1 1 1
 0.5 1 1 1 1
 0.5 1 1 1 1
 0.5 1 1 1 1
 0.5 1 1 1 1
 0.5 1 1 1 1
 0.5 1 1 1 1
 0.5 1 1 1 1
 0.5 1 1 1 1
 0.5 1 1 1 1
 0.5 1 1 1 1
 0.5 1 1 1 1
 0.5 1 1 1 1
 0.5 1 1 1 1
 0.5 1 1 1 1
 0.5 1 1 1 1
 0.5 1 1 1 1
 0.5 1 1 1 1
 0.5 1 1 1 1
 0.5 1 1 1 1
pf_obs 
 0.256992 0.487395 0.22802 0.0275931 0
 0.321318 0.546541 0.124235 0.00734118 0.000564706
 0.182869 0.594174 0.210203 0.0122559 0.00049798
 0.330522 0.361315 0.267642 0.0388342 0.00168674
 0.649043 0.306663 0.0425973 0.00169635 0
 0.582887 0.30429 0.105238 0.00758474 0
 0.465427 0.430635 0.0974691 0.00646863 0
 0.296916 0.608066 0.0921331 0.00288517 0
 0.311714 0.524322 0.152257 0.0117073 0
 0.15457 0.633149 0.183074 0.0267441 0.00246327
 0.131901 0.49318 0.331252 0.0422183 0.00144891
 0.196976 0.569456 0.194076 0.0375587 0.00193317
 0.518974 0.381816 0.0799577 0.0180837 0.00116848
 0.0928022 0.601141 0.25162 0.0475244 0.00691264
 0.122501 0.610282 0.24278 0.0234846 0.000952079
 0.383417 0.481906 0.127806 0.00687128 0
 0.0376549 0.599619 0.316969 0.0457579 0
 0.0361596 0.667082 0.258105 0.0386534 0
 0.158088 0.579412 0.248529 0.0139706 0
 0.0477256 0.309471 0.559284 0.082774 0.000745712
 0.0406174 0.521527 0.379366 0.0568643 0.0016247
 0.151134 0.462217 0.34131 0.0453401 0
 0.294876 0.26143 0.354403 0.0886775 0.000613685
 0.281977 0.475581 0.204845 0.0348837 0.00271318
pf_pred 
 0.320182 0.34223 0.169947 0.084393 0.0832481
 0.303871 0.34739 0.17556 0.0871807 0.085998
 0.303357 0.338913 0.178519 0.0902177 0.0889938
 0.472075 0.278877 0.12116 0.0638199 0.0640676
 0.566743 0.284806 0.0784197 0.0340701 0.0359617
 0.330688 0.486313 0.120296 0.0331229 0.02958
 0.703016 0.167371 0.0941748 0.0232955 0.0121425
 0.806496 0.164968 0.0160822 0.00904897 0.00340512
 0.614857 0.350037 0.0299289 0.00291767 0.00225946
 0.401945 0.467394 0.118751 0.0101534 0.00175635
 0.526088 0.281033 0.15074 0.0382983 0.00384103
 0.227258 0.556458 0.128258 0.0687945 0.0192316
 0.255461 0.295677 0.323229 0.074501 0.0511316
 0.312138 0.309639 0.150203 0.164199 0.063821
 0.704067 0.172983 0.0553455 0.0268476 0.0407569
 0.492247 0.445995 0.0360997 0.01155 0.0141083
 0.580552 0.292492 0.111514 0.0090262 0.00641549
 0.371138 0.477294 0.105692 0.0402959 0.00557987
 0.595412 0.228233 0.13385 0.0296399 0.0128652
 0.585894 0.315641 0.0555451 0.0325752 0.0103445
 0.496296 0.378652 0.0953171 0.0167735 0.0129609
 0.480212 0.34855 0.128725 0.0324036 0.0101084
 0.525595 0.312639 0.108474 0.0400611 0.0132304
 0.387218 0.429687 0.120662 0.0418651 0.0205677
pobs_RECLAS
 0 0 0 0 0
 0 0 0 0 0
 0 0 0 0 0
 0 0 0 0 0
 0.835266 0.146461 0.0176864 0.000547809 3.91292e-05
 0.385257 0.428462 0.181853 0.0044286 0
 0.867414 0.0963971 0.0333333 0.00285562 0
 0.441836 0.489002 0.0689373 0.000224442 0
 0.779404 0.147425 0.0564933 0.0165055 0.000172143
 0.814271 0.122319 0.05973 0.00367925 0
 0.40263 0.566651 0.0304383 0.000280538 0
 0.475488 0.404961 0.113038 0.00651328 0
 0.955842 0.0263864 0.0167828 0.000988607 0
 0.975058 0.0227948 0.00214734 0 0
 0.738997 0.206755 0.0527124 0.00153531 0
 0.850938 0.134255 0.0134407 0.00136685 0
 0.542534 0.407297 0.0501686 0 0
 0.764087 0.199537 0.0359546 0.000420521 0
 0.470689 0.182191 0.310203 0.0369168 0
 0.84361 0.089868 0.0606195 0.00523954 0.000663233
 0.607945 0.314616 0.071237 0.00620181 0
 0.523733 0.453247 0.0230204 0 0
 0.530135 0.295979 0.169645 0.0042399 0
 0.562478 0.366248 0.0663022 0.0049721 0
ppred_RECLAS
 0.321674 0.341479 0.169574 0.0842077 0.0830654
 0.306133 0.346262 0.17499 0.0868974 0.0857185
 0.312797 0.33432 0.176099 0.0889951 0.0877878
 0.474297 0.277703 0.12065 0.0635512 0.0637979
 0.567162 0.28453 0.0783438 0.0340371 0.0359269
 0.341436 0.478504 0.118365 0.032591 0.029105
 0.709789 0.163554 0.0920272 0.0227642 0.0118656
 0.810879 0.161231 0.0157179 0.00884402 0.003328
 0.618619 0.346618 0.0296366 0.00288918 0.00223739
 0.404471 0.46542 0.118249 0.0101105 0.00174893
 0.531583 0.277774 0.148992 0.0378542 0.00379649
 0.230053 0.554445 0.127794 0.0685457 0.019162
 0.260782 0.293564 0.320919 0.0739686 0.0507662
 0.332775 0.300349 0.145697 0.159273 0.0619063
 0.722116 0.162433 0.05197 0.0252102 0.0382711
 0.49899 0.440072 0.0356203 0.0113966 0.013921
 0.585079 0.289335 0.110311 0.00892878 0.00634625
 0.374014 0.475111 0.105209 0.0401116 0.00555435
 0.598116 0.226707 0.132956 0.0294418 0.0127792
 0.587966 0.314062 0.0552671 0.0324122 0.0102927
 0.497226 0.377953 0.0951412 0.0167425 0.012937
 0.481547 0.347656 0.128395 0.0323204 0.0100824
 0.527356 0.311479 0.108072 0.0399125 0.0131813
 0.389142 0.428338 0.120283 0.0417337 0.0205031
pobs_PELACES
 0 0 0 0 0
 0 0 0 0 0
 0 0 0 0 0
 0 0 0 0 0
 0 0 0 0 0
 0 0 0 0 0
 0 0 0 0 0
 0 0 0 0 0
 0 0 0 0 0
 0 0 0 0 0
 0.450072 0.473896 0.0757376 0.000293798 0
 0 0 0 0 0
 0.463077 0.371075 0.160297 0.00555027 0
 0.529543 0.364841 0.0842815 0.0213345 0
 0.631943 0.363953 0.00410389 0 0
 0.735681 0.248677 0.0153453 0.000297389 0
 0.695825 0.281241 0.0229344 0 0
 0.275771 0.60734 0.115278 0.00161068 0
 0 0 0 0 0
 0.896147 0.0623911 0.0374545 0.00400742 0
 0.803859 0.145111 0.0509908 3.86294e-05 0
 0.739449 0.233085 0.0266225 0.000797448 4.60066e-05
 0.878498 0.100942 0.0204185 0.000141795 0
 0.694673 0.275183 0.0284847 0.00165964 0
ppred_PELACES
 0.328781 0.337902 0.167797 0.0833255 0.0821951
 0.316187 0.341244 0.172454 0.0856382 0.0844764
 0.342895 0.319678 0.168387 0.0850973 0.0839429
 0.484395 0.272369 0.118333 0.0623305 0.0625725
 0.569419 0.283046 0.0779352 0.0338596 0.0357395
 0.374704 0.454331 0.112385 0.0309446 0.0276347
 0.731966 0.151056 0.0849945 0.0210246 0.0109588
 0.825671 0.148621 0.0144886 0.00815229 0.0030677
 0.633717 0.332896 0.0284633 0.0027748 0.00214882
 0.415668 0.45667 0.116026 0.00992046 0.00171605
 0.552118 0.265597 0.14246 0.0361947 0.00363006
 0.241639 0.546102 0.125871 0.0675143 0.0188736
 0.280138 0.285877 0.312516 0.0720318 0.0494369
 0.384932 0.276871 0.134308 0.146823 0.0570671
 0.763523 0.138229 0.044226 0.0214537 0.0325684
 0.522979 0.419001 0.0339148 0.0108509 0.0132544
 0.602634 0.277093 0.105644 0.00855102 0.00607775
 0.386417 0.465698 0.103124 0.0393168 0.0054443
 0.609819 0.220105 0.129084 0.0285844 0.0124071
 0.597395 0.306875 0.0540024 0.0316705 0.0100572
 0.501959 0.374396 0.0942456 0.0165849 0.0128152
 0.488075 0.343278 0.126778 0.0319135 0.00995547
 0.535634 0.306023 0.106179 0.0392134 0.0129504
 0.398058 0.422087 0.118527 0.0411246 0.0202038
pobs_pel_tallas
 0 0 0 0 0 0 0 0 0 0 0 0 0 0 0 0 0 0 0 0 0 0 0 0 0 0 0 0 0 0 0 0 0 0 0 0
 0 0 0 0 0 0 0 0 0 0 0 0 0 0 0 0 0 0 0 0 0 0 0 0 0 0 0 0 0 0 0 0 0 0 0 0
 0 0 0 0 0 0 0 0 0 0 0 0 0 0 0 0 0 0 0 0 0 0 0 0 0 0 0 0 0 0 0 0 0 0 0 0
 0 0 0 0 0 0 0 0 0 0 0 0 0 0 0 0 0 0 0 0 0 0 0 0 0 0 0 0 0 0 0 0 0 0 0 0
 0 0 0 0 0 0 0 0 0 0 0 0 0 0 0 0 0 0 0 0 0 0 0 0 0 0 0 0 0 0 0 0 0 0 0 0
 0 0 0 0 0 0 0 0 0 0 0 0 0 0 0 0 0 0 0 0 0 0 0 0 0 0 0 0 0 0 0 0 0 0 0 0
 0 0 0 0 0 0 0 0 0 0 0 0 0 0 0 0 0 0 0 0 0 0 0 0 0 0 0 0 0 0 0 0 0 0 0 0
 0 0 0 0 0 0 0 0 0 0 0 0 0 0 0 0 0 0 0 0 0 0 0 0 0 0 0 0 0 0 0 0 0 0 0 0
 0 0 0 0 0 0 0 0 0 0 0 0 0 0 0 0 0 0 0 0 0 0 0 0 0 0 0 0 0 0 0 0 0 0 0 0
 0 0 0 0 0 0 0 0 0 0 0 0 0 0 0 0 0 0 0 0 0 0 0 0 0 0 0 0 0 0 0 0 0 0 0 0
 0 0 0 0 0 0 0 0 1.78061e-05 0.00172719 0.00360574 0.0105946 0.0120993 0.0124554 0.0147524 0.0171206 0.0266825 0.0428682 0.0675386 0.121331 0.153587 0.119568 0.100827 0.0573624 0.0630603 0.0341343 0.0324427 0.0444173 0.0211091 0.0280891 0.0125444 0.00206551 0 0 0 0
 0 0 0 0 0 0 0 0 0 0 0 0 0 0 0 0 0 0 0 0 0 0 0 0 0 0 0 0 0 0 0 0 0 0 0 0
 0 0 0 0 0 0 0.0133647 0.0140871 0.0187388 0.0205184 0.03894 0.0496705 0.03968 0.0493445 0.0407372 0.0367815 0.0215668 0.0243155 0.0234873 0.0199281 0.019796 0.0243948 0.0301388 0.0376714 0.0412746 0.0863199 0.0771752 0.113111 0.0741005 0.0525337 0.0229764 0.00759418 0.00175318 0 0 0
 0 0 0 0 0 0 0 0 0 0 0.00219441 0.00772107 0.0458388 0.0604681 0.0671733 0.0775358 0.0609151 0.0617685 0.073594 0.0568108 0.0755445 0.0548602 0.0670107 0.0636378 0.0643287 0.046367 0.0373049 0.0286899 0.0247887 0.0153202 0.00654259 0.00121912 0.000365735 0 0 0
 0 0 0 0 0 0 0 0 0 0 0 0 0.000112435 0.00938835 0.0111873 0.0202946 0.0414886 0.0713402 0.111592 0.104902 0.108894 0.110636 0.117776 0.105296 0.107544 0.0401394 0.0192827 0.0124803 0.00416011 0.0028671 0.000618394 0 0 0 0 0
 0 0 0 0 0 0 0 0 0 0 0.00291406 0.0102884 0.027416 0.0768956 0.0749926 0.110853 0.0956884 0.0897413 0.0766577 0.0534642 0.0500743 0.0551293 0.0594112 0.0620874 0.0668451 0.0424026 0.0208742 0.0120726 0.0048766 0.00582813 0.00118941 0.000297354 0 0 0 0
 0 0.00264628 0.0354308 0.0461629 0.0458689 0.0383711 0.0214643 0.0164657 0.0346957 0.0420465 0.0363128 0.0245516 0.0311673 0.0291091 0.0169068 0.0133784 0.00837989 0.0085269 0.0148486 0.0160247 0.0276389 0.0546898 0.0760071 0.122758 0.109233 0.0665981 0.0333725 0.0166128 0.00676272 0.00308733 0.000882094 0 0 0 0 0
 0 0 0 0 0 0 0 0.000805153 0.000690131 0.00759144 0.0133425 0.0154129 0.00931677 0.000345066 0.00356568 0.00563607 0.00851162 0.0253048 0.0502646 0.0516448 0.0657925 0.0565908 0.0611916 0.0827007 0.0866115 0.110766 0.145733 0.0935128 0.0569358 0.0249597 0.0138026 0.00621118 0.00161031 0.00115022 0 0
 0 0 0 0 0 0 0 0 0 0 0 0 0 0 0 0 0 0 0 0 0 0 0 0 0 0 0 0 0 0 0 0 0 0 0 0
 0.00147267 0.00158595 0.00478618 0.00569244 0.00954404 0.0108468 0.00647125 0.017049 0.0510054 0.094081 0.124002 0.0959785 0.0687766 0.0820023 0.061753 0.0591476 0.0492212 0.0479892 0.0443925 0.0268479 0.0217502 0.0140895 0.0121071 0.0120363 0.00920419 0.00665534 0.0049561 0.00860946 0.00930331 0.0156896 0.0114698 0.00855282 0.00243557 0.00046729 0 2.83206e-05
 0 0 0 0 0.000772559 0.00158375 0.000888443 0.00281984 0.00712685 0.0440552 0.0773331 0.111326 0.0921469 0.0852325 0.0710754 0.0886704 0.0786465 0.0553345 0.0373146 0.0185414 0.00753245 0.00457741 0.012979 0.0271748 0.0457355 0.0583668 0.034881 0.0177882 0.00938659 0.00492506 0.0015258 0.00185414 0.000309023 5.79419e-05 3.86279e-05 0
 0 0.00173294 0.00326652 0 0.00397197 0.00683976 0.00946217 0.0152591 0.00757587 0.0136028 0.0228656 0.0392903 0.0559909 0.0764795 0.0681675 0.0726916 0.0566044 0.0477403 0.0527397 0.0444891 0.0609904 0.0582453 0.0661739 0.0445044 0.0529084 0.0360697 0.0280645 0.0235558 0.0158879 0.00826598 0.00280645 0.00217768 0.000904811 0.00058276 9.20147e-05 0
 0 0 0 0 0 0 0 0 0 0 0 0 0 0 0 0 0 0 0 0 0 0 0 0 0 0 0 0 0 0 0 0 0 0 0 0
 0 0 0 0 0 0 0 0 0 0 0 0 0 0 0 0 0 0 0 0 0 0 0 0 0 0 0 0 0 0 0 0 0 0 0 0
ppred_pel_tallas
 1.09196e-16 1.43629e-05 8.42526e-05 0.000400405 0.00154142 0.00480663 0.0121415 0.0248453 0.0411924 0.0553462 0.0602961 0.0533484 0.0385446 0.0232151 0.012618 0.0078734 0.00755907 0.00994904 0.0139639 0.0190494 0.0248117 0.0308113 0.0365359 0.0414726 0.0452081 0.0475091 0.0483539 0.0479033 0.0464279 0.044221 0.0415276 0.0385119 0.0352634 0.0318281 0.0282461 0.0245787
 1.09449e-16 1.38139e-05 8.10292e-05 0.000385079 0.00148242 0.00462262 0.0116767 0.0238943 0.0396162 0.0532301 0.0579951 0.0513229 0.0371035 0.0223921 0.0122524 0.00777048 0.00758783 0.0100524 0.01413 0.0192849 0.0251279 0.0312176 0.0370378 0.0420705 0.0458973 0.0482803 0.0491944 0.0487978 0.0473593 0.0451707 0.0424759 0.0394385 0.0361483 0.0326529 0.0289955 0.0252415
 1.09341e-16 1.49776e-05 8.78632e-05 0.000417573 0.00160753 0.0050128 0.0126622 0.0259106 0.0429576 0.0577149 0.0628687 0.0556057 0.0401343 0.0240901 0.0129442 0.00784978 0.00730858 0.00950981 0.0133262 0.0181922 0.0237259 0.0295122 0.0350688 0.0399104 0.0436429 0.046038 0.0470638 0.0468577 0.0456592 0.0437295 0.0412866 0.0384767 0.035381 0.0320459 0.0285179 0.0248679
 1.06834e-16 2.11456e-05 0.00012408 0.000589761 0.00227051 0.0070803 0.0178844 0.0365953 0.0606661 0.0814888 0.0887181 0.078356 0.0563088 0.0333052 0.016995 0.00891115 0.00683601 0.00812661 0.0111497 0.0151371 0.0196685 0.0243621 0.0287985 0.0325653 0.0353354 0.0369322 0.0373543 0.0367505 0.0353595 0.0334358 0.0311905 0.0287625 0.0262228 0.0235996 0.0209109 0.0181875
 1.04032e-16 2.48535e-05 0.000145847 0.000693244 0.00266895 0.0083228 0.0210229 0.0430169 0.07131 0.0957817 0.104267 0.0920614 0.0660971 0.0389718 0.019657 0.00992845 0.00714866 0.00818039 0.0110792 0.0149299 0.0192436 0.0235964 0.0275381 0.0306386 0.0325735 0.0331938 0.0325523 0.0308738 0.0284846 0.0257271 0.0228865 0.0201517 0.0176131 0.0152871 0.013152 0.0111793
 1.04098e-16 1.63701e-05 9.60261e-05 0.000456353 0.0017568 0.00547824 0.013838 0.0283174 0.0469506 0.0630876 0.0687421 0.0608502 0.0440273 0.0266409 0.0146992 0.00949391 0.00941117 0.0124741 0.0174146 0.0235273 0.0302526 0.036953 0.0429054 0.0474153 0.0499651 0.0503295 0.0486191 0.0452314 0.0407366 0.0357332 0.0307265 0.0260586 0.0218992 0.0182815 0.0151585 0.0124564
 1.02491e-16 3.19361e-05 0.00018744 0.000891007 0.00343043 0.0106975 0.027021 0.0552884 0.0916463 0.123077 0.13393 0.118129 0.0845455 0.0493117 0.0238779 0.01043 0.00548189 0.00493266 0.00627435 0.00841226 0.0109044 0.0134853 0.0159069 0.0179306 0.0193659 0.0201069 0.0201482 0.0195725 0.0185197 0.017146 0.0155904 0.0139564 0.0123106 0.0106923 0.00912767 0.00764019
 1.00678e-16 3.60218e-05 0.000211427 0.00100505 0.00386951 0.0120667 0.0304796 0.0623649 0.103375 0.138826 0.151059 0.133219 0.0953041 0.0555024 0.0267154 0.0113894 0.00556945 0.00460526 0.00564618 0.00744277 0.00949348 0.0115109 0.0132427 0.014462 0.0150073 0.0148192 0.0139536 0.012564 0.0108611 0.00906208 0.00734745 0.00583583 0.00457993 0.00357897 0.00279929 0.00219459
 1.00709e-16 2.76592e-05 0.000162315 0.000771521 0.00297032 0.00926259 0.0233968 0.0478744 0.0793626 0.106598 0.116044 0.102463 0.0735724 0.0433934 0.0219103 0.0110973 0.00801251 0.00915037 0.0123229 0.0164762 0.0210211 0.0254359 0.0291748 0.0317312 0.0327451 0.0320889 0.029898 0.0265308 0.0224763 0.0182399 0.0142436 0.0107669 0.00793635 0.00575147 0.00413118 0.00295991
 1.02217e-16 1.81565e-05 0.000106513 0.00050621 0.00194876 0.00607686 0.0153501 0.0314112 0.0520785 0.0699734 0.0762329 0.0674522 0.0487411 0.0293673 0.0159757 0.00997498 0.00954975 0.0124863 0.017369 0.0234248 0.0300649 0.0366346 0.0423969 0.0466466 0.0488608 0.0488164 0.0466361 0.0427398 0.0377288 0.0322391 0.0268148 0.0218337 0.0174928 0.0138406 0.0108316 0.00837889
 1.03523e-16 2.40987e-05 0.000141416 0.000672182 0.00258786 0.00806992 0.0203841 0.0417098 0.0691432 0.0928711 0.101098 0.0892623 0.0640853 0.0377817 0.0190512 0.00961734 0.00692671 0.00794484 0.0107979 0.014614 0.0189373 0.0233734 0.0274963 0.030887 0.0332126 0.0342921 0.0341251 0.0328708 0.0307907 0.0281765 0.0252885 0.0223216 0.0194006 0.0165966 0.0139513 0.0114962
 1.05167e-16 1.05715e-05 6.1975e-05 0.000294451 0.0011334 0.00353419 0.00892763 0.0182711 0.0303015 0.0407397 0.0444533 0.0394974 0.0288986 0.0181275 0.0111582 0.00894165 0.0105549 0.0148093 0.0209028 0.028289 0.0363897 0.0444622 0.0516438 0.0571028 0.0602191 0.0607229 0.0587462 0.0547638 0.0494556 0.0435335 0.0375962 0.0320461 0.0270802 0.0227341 0.0189511 0.0156455
 1.09315e-16 1.22402e-05 7.17941e-05 0.000341183 0.00131342 0.00409562 0.0103455 0.0211702 0.0350997 0.0471617 0.0513838 0.0454733 0.0328773 0.0198485 0.0108773 0.0069341 0.00682911 0.00912115 0.0129261 0.0178105 0.0234752 0.0295708 0.0356653 0.0412949 0.0460439 0.0496119 0.0518492 0.0527473 0.0523998 0.0509504 0.0485533 0.0453553 0.0415009 0.0371459 0.0324698 0.0276736
 1.09709e-16 1.68087e-05 9.86178e-05 0.000468712 0.00180444 0.00562687 0.0142132 0.0290838 0.0482159 0.0647718 0.0705351 0.0623374 0.0448861 0.0267283 0.0139719 0.00787195 0.00670588 0.00841028 0.0117116 0.0160022 0.0209221 0.0261135 0.0311669 0.0356691 0.0392808 0.0417989 0.0431811 0.0435215 0.0429939 0.0417849 0.0400429 0.0378586 0.035277 0.0323273 0.0290557 0.0255448
 1.02932e-16 3.33114e-05 0.000195516 0.000929405 0.00357828 0.0111585 0.0281855 0.0576711 0.0955951 0.128378 0.139692 0.123198 0.0881445 0.0513514 0.0247535 0.0106189 0.00529839 0.00450238 0.00560796 0.00747461 0.00965374 0.0118928 0.013967 0.0156668 0.0168324 0.0173856 0.0173419 0.0167963 0.0158905 0.0147722 0.0135622 0.0123377 0.0111334 0.00995439 0.00879456 0.00765084
 1.01611e-16 2.2834e-05 0.000133978 0.000636791 0.00245154 0.00764479 0.0193105 0.0395141 0.0655079 0.0880022 0.0958346 0.0847012 0.0609987 0.0363389 0.0190168 0.0107264 0.0091029 0.0112978 0.0155084 0.0208063 0.0265748 0.0321899 0.0369733 0.0402909 0.0416911 0.0410127 0.0384222 0.0343638 0.0294432 0.0242839 0.0194036 0.0151414 0.0116458 0.0089101 0.00683073 0.00526612
 1.02168e-16 2.63018e-05 0.00015435 0.000733667 0.00282459 0.00880814 0.0222488 0.0455252 0.0754674 0.101364 0.110339 0.0974088 0.0699082 0.041162 0.0206564 0.0102603 0.0071717 0.00806193 0.0108701 0.0146328 0.0188468 0.0230853 0.0268972 0.029849 0.0316104 0.0320238 0.0311335 0.0291594 0.0264312 0.0233046 0.0200899 0.0170092 0.0141896 0.0116808 0.00948457 0.00758189
 1.03221e-16 1.68813e-05 9.90261e-05 0.000470613 0.0018117 0.00564945 0.0142705 0.0292023 0.0484176 0.0650584 0.0708883 0.0627472 0.0453935 0.0274547 0.0151246 0.00973175 0.00960807 0.0127102 0.0177255 0.0239223 0.0307204 0.0374607 0.0433982 0.0478201 0.0501986 0.0503102 0.0482799 0.0445316 0.0396679 0.0343217 0.029028 0.0241505 0.0198701 0.0162212 0.0131498 0.0105682
 1.03467e-16 2.66128e-05 0.000156181 0.000742384 0.00285817 0.00891288 0.0225133 0.046066 0.0763622 0.102561 0.111628 0.0985158 0.0706343 0.0414524 0.0205496 0.00979462 0.00633216 0.00678441 0.00907579 0.0122688 0.0159219 0.019696 0.0232371 0.0261973 0.0282971 0.0293795 0.0294339 0.0285792 0.0270179 0.0249785 0.0226659 0.0202348 0.0177871 0.0153851 0.0130713 0.010883
 1.02425e-16 2.60744e-05 0.000153013 0.000727304 0.00280008 0.00873171 0.0220558 0.0451305 0.0748139 0.100488 0.109392 0.096589 0.0693535 0.0409028 0.02065 0.0104582 0.0075578 0.00865195 0.0116899 0.0156948 0.0201319 0.0245313 0.0283977 0.0312641 0.0327884 0.0328303 0.0314797 0.0290222 0.025859 0.0224073 0.0190154 0.0159149 0.0132137 0.0109222 0.00899346 0.00736126
 1.02629e-16 2.19158e-05 0.000128591 0.000611188 0.00235298 0.00733743 0.018534 0.0379252 0.0628732 0.0844609 0.0919735 0.0812776 0.0585093 0.0348088 0.0181319 0.0100991 0.00843865 0.0104211 0.0143316 0.0193076 0.0247991 0.0302563 0.0350761 0.0386827 0.0406484 0.0407887 0.039199 0.0362149 0.0323169 0.028012 0.0237308 0.0197686 0.016276 0.0132864 0.0107621 0.00863734
 1.03474e-16 2.13092e-05 0.000125033 0.000594276 0.00228787 0.00713441 0.0180212 0.0368757 0.0611328 0.0821216 0.0894224 0.0790144 0.0568613 0.0337911 0.0175349 0.00966368 0.00796622 0.00979101 0.0134809 0.018218 0.0234976 0.0288227 0.0336435 0.0374274 0.0397664 0.040464 0.0395695 0.0373461 0.0341886 0.0305218 0.0267126 0.0230207 0.0195915 0.0164799 0.0136886 0.0112009
 1.0356e-16 2.33814e-05 0.000137202 0.000652139 0.00251067 0.00782922 0.0197762 0.0404662 0.067083 0.090108 0.0981012 0.0866413 0.0622588 0.0368156 0.0187679 0.00980604 0.00746957 0.00882343 0.0120436 0.0162574 0.0209719 0.0257357 0.0300593 0.0334706 0.0356086 0.0363 0.0355893 0.0337094 0.0310078 0.0278562 0.0245728 0.0213791 0.0183952 0.0156626 0.0131797 0.0109312
 1.04178e-16 1.73871e-05 0.000102 0.000484759 0.00186618 0.00581935 0.0146996 0.03008 0.0498712 0.0670066 0.072998 0.0645836 0.0466546 0.0280833 0.0152297 0.00943961 0.00897342 0.011714 0.0163151 0.0220543 0.0283945 0.0347418 0.0404251 0.0447973 0.0473715 0.0479281 0.046555 0.0436043 0.0395877 0.0350458 0.030437 0.0260744 0.0221186 0.0186099 0.0155197 0.0127965
pSPR Fmed_Fpbrs
0.530095   0.255389 0.255389
Fs Fmed_Fpbrs
0.361364   1.005 1.005
SSBpbr Bo_Bmed_Bpbrs
956089  459013  196370 196370
Ro
32859.6
SPR SPRFo_SPRFmed_SPRFpbrs
676041 358366 172654
log_Ro
10.22
likeval ReclasPelacesDesembMPH_pf_preclas_ppelaces_ptallas_desvR_qrecl_qpela
 100.273 93.9025 0.468387 0.000598035 332.334 194.863 86.9 0 18.6413 0 0 0 0 0 0
q_reclas_q_pelaces
1 1
M
0.7
N
 35043 19535.7 9701.15 4817.45 4752.1
 25980.1 15775.3 7972.32 3958.94 3905.23
 17025.6 11191.7 5895.08 2979.19 2938.77
 17952.6 5587.94 2427.73 1278.78 1283.74
 31004.6 7886.29 2171.45 943.402 995.781
 17158.2 14973.1 3703.79 1019.82 910.737
 40347.8 5493.89 3091.25 764.664 398.572
 124094 14345 1398.45 786.865 296.097
 147547 45579.8 3897.17 379.923 294.213
 97644.7 60260.7 15310.4 1309.07 226.445
 142297 42143.2 22604.6 5743.14 575.993
 41400.1 54993.3 12675.4 6798.78 1900.6
 25906.8 16919.2 18495.8 4263.1 2925.85
 15012.5 9555.78 4635.43 5067.37 1969.58
 23978 3747.26 1198.93 581.589 882.899
 12091.9 6167.1 499.178 159.711 195.086
 16257.8 4488.66 1711.33 138.518 98.4538
 9413.31 6475.24 1433.88 546.676 75.6997
 19526.2 3985.34 2337.26 517.564 224.649
 29504.2 8360.22 1471.19 862.804 273.989
 33278.4 13015.9 3276.45 576.575 445.52
 41549.2 15604.2 5762.88 1450.68 452.541
 61374.2 19061.6 6613.66 2442.53 806.655
 47314.6 27556.5 7738.22 2684.87 1319.03
pred_Ctot
 2369.07 2532.21 1257.46 624.434 615.963
 2496.39 2853.92 1442.28 716.215 706.499
 4251.31 4749.61 2501.8 1264.33 1247.18
 1500.37 886.341 385.078 202.835 203.623
 614.14 308.625 84.9781 36.9194 38.9692
 4494.7 6609.96 1635.07 450.206 402.051
 8401.7 2000.24 1125.48 278.403 145.114
 23640.7 4835.66 471.414 265.251 99.8136
 19053.2 10846.9 927.434 90.4127 70.0159
 9264.77 10773.4 2737.18 234.035 40.4836
 23022.4 12298.4 6596.59 1675.99 168.089
 5330.26 13051.5 3008.25 1613.55 451.07
 4875.04 5642.48 6168.27 1421.72 975.758
 5583.36 5538.65 2686.75 2937.12 1141.6
 8629.42 2120.17 678.344 329.059 499.538
 2232.51 2022.74 163.725 52.3834 63.9863
 2344.02 1180.96 450.248 36.444 25.903
 1007.3 1295.42 286.859 109.367 15.1443
 1951.76 748.144 438.76 97.1593 42.172
 2384.76 1284.75 226.084 132.59 42.105
 1338.7 1021.37 257.107 45.2446 34.9605
 2285.76 1659.06 612.718 154.238 48.1148
 4255 2531 878.161 324.319 107.108
 3665.54 4067.57 1142.23 396.31 194.701
F
 0.0981345 0.196269 0.196269 0.196269 0.196269
 0.142163 0.284325 0.284325 0.284325 0.284325
 0.414107 0.828214 0.828214 0.828214 0.828214
 0.122609 0.245218 0.245218 0.245218 0.245218
 0.0278839 0.0557678 0.0557678 0.0557678 0.0557678
 0.438838 0.877676 0.877676 0.877676 0.877676
 0.334137 0.668274 0.668274 0.668274 0.668274
 0.301575 0.60315 0.60315 0.60315 0.60315
 0.195466 0.390931 0.390931 0.390931 0.390931
 0.140264 0.280527 0.280527 0.280527 0.280527
 0.250705 0.501411 0.501411 0.501411 0.501411
 0.194833 0.389666 0.389666 0.389666 0.389666
 0.297361 0.594722 0.594722 0.594722 0.594722
 0.68786 1.37572 1.37572 1.37572 1.37572
 0.657909 1.31582 1.31582 1.31582 1.31582
 0.290979 0.581958 0.581958 0.581958 0.581958
 0.220585 0.441169 0.441169 0.441169 0.441169
 0.159503 0.319007 0.319007 0.319007 0.319007
 0.148273 0.296547 0.296547 0.296547 0.296547
 0.118362 0.236725 0.236725 0.236725 0.236725
 0.0573657 0.114731 0.114731 0.114731 0.114731
 0.0792023 0.158405 0.158405 0.158405 0.158405
 0.100752 0.201504 0.201504 0.201504 0.201504
 0.113194 0.226388 0.226388 0.226388 0.226388
nmprior
 10 10 8 0
nm_flota  nm_reclas  nm_pelaces    nm_pelaL
inf 8.97216 8.13422 12.3703
cv_recla  cv_pelaces  cv_mph
0.927085 1.14026 0.793417
 ------------------------------------------------
Talla a la edad & desviación 
 7.2 14.2025 17.0495 18.207 18.6776
 1.08 2.13037 2.55742 2.73105 2.80164
