    unsorted:	 0.0005320541960 0.0008999967414 5.845401461 12.36749586 8.625833399 3.245905891 28.10286550 149.0889829 55.12124593 73.53917906 97.38701593 146.0339892 182.3876586 311.4411035 402.8475566 437.3885951 500.4229719 554.4339501 587.5045777 661.1114923 761.0772811 754.5584061 706.4707655 792.8079990 814.9584922 827.4003546 840.6540930 869.8761559 886.2666743 963.9663686 1008.431821 1020.321504 1132.487091 1154.705563 1220.783911 1261.438078 1471.726336 4895.293351 202811.8717 214844.4535 292877.0735 344508.7561 419082.0411 454777.2652 555179.2881 611666.0262 739114.9185 707257.7306 863391.5540 973752.7558 1024814.650 1186026.594 1281226.239 1408192.207 1607582.088 1779299.333 1924684.710 2229400.980 2316608.106 2447109.524 2517495.070 3109589.737 3893978.147
      sorted:	 0.0005320541960 0.0008999967414 3.245905891 5.845401461 8.625833399 12.36749586 28.10286550 55.12124593 73.53917906 97.38701593 146.0339892 149.0889829 182.3876586 311.4411035 402.8475566 437.3885951 500.4229719 554.4339501 587.5045777 661.1114923 706.4707655 754.5584061 761.0772811 792.8079990 814.9584922 827.4003546 840.6540930 869.8761559 886.2666743 963.9663686 1008.431821 1020.321504 1132.487091 1154.705563 1220.783911 1261.438078 1471.726336 4895.293351 202811.8717 214844.4535 292877.0735 344508.7561 419082.0411 454777.2652 555179.2881 611666.0262 707257.7306 739114.9185 863391.5540 973752.7558 1024814.650 1186026.594 1281226.239 1408192.207 1607582.088 1779299.333 1924684.710 2229400.980 2316608.106 2447109.524 2517495.070 3109589.737 3893978.147
