years
 1997 1998 1999 2000 2001 2002 2003 2004 2005 2006 2007 2008 2009 2010 2011 2012 2013 2014 2015 2016 2017 2018 2019 2020
reclasobs
 0 0 0 370054 412103 1.49427e+06 250295 1.28982e+06 931140 785840 897777 1.04006e+06 184774 17550 25797 100020 73551 82996 120727 218422 84188 347160 605670 569463
reclaspred
 2.38363e+06 289997 385717 112109 239093 243923 492692 451485 568802 1.07352e+06 978415 615042 375481 163277 98422.9 92524 103751 120252 100016 171521 312085 287055 416195 286607
pelacesobs
 0 0 0 0 0 0 0 0 0 2.06254e+06 1.5e+06 0 1.87456e+06 323000 250000 174000 83755 137374 0 501740 490994 745055 786931 1.00524e+06
pelacespred
 1.46062e+06 564047 167833 113998 214377 144370 454958 403627 505824 988093 737627 472484 316259 106976 66267.7 66107.2 77002.7 90212.2 73911 134431 269184 233991 266102 213216
mphobs
 0 0 0 0 0 112323 0 153150 637223 0 255016 313432 73983 77613 109348 50772 0 0 0 0 0 0 0 0
mphpred
 943220 402601 169402 81796.7 46969 127833 131337 172818 200872 273078 513698 354913 192006 108459 45949.9 36018.7 39999.1 47848.6 48945.3 45793 99728.8 134399 155681 162813
desembarqueobs
 350755 77701 442110 56441 14545 235359 269955 359681 431902 328805 639364 411747 362871 311530 167758 66681 60226 58785 57116 71774 51957 67425 138520 160799
desembarquepred
 350746 77683.6 441639 56421.7 14543.6 235198 269833 359118 431473 328559 638656 411351 362240 311016 167401 66630.1 60202.5 58741.1 57067.5 71704.6 51943.8 67385.7 138433 160704
Reclutas
 4872.87 7104.94 1058.05 5217.43 56879.9 14399.2 51441.7 77381.5 86552.6 228208 50497.6 21783.1 54053.2 22770.7 14871.4 14860.5 10153.5 9351.8 7241.18 28608.5 32843.4 34856.3 37632.6 7990.58
log_desv_Rt
 -1.42856 -1.05145 -2.95581 -1.36024 1.0287 -0.345072 0.928204 1.3365 1.44851 2.41801 0.909681 0.0688896 0.977724 0.113228 -0.312805 -0.313538 -0.694423 -0.776675 -1.03246 0.341459 0.479506 0.538988 0.615625 -0.933982
SSB
 2.37532e+06 1.01388e+06 426608 205990 118283 321924 330748 435210 505859 687696 1.29365e+06 893784 483532 273135 115716 90706.4 100730 120498 123260 115321 251148 338460 392054 410015
BT
 2.83405e+06 1.18043e+06 552164 271767 396456 441166 1.0144e+06 1.10283e+06 1.29554e+06 2.07171e+06 1.87154e+06 1.21415e+06 926690 488300 257187 172997 186588 208906 182063 299335 522615 482276 572795 522773
Ftot
 0.10354 0.191645 0.758795 0.389151 0.117766 0.721917 0.720059 1.14183 0.979081 0.507671 0.516841 0.499527 0.974655 1.60207 1.76009 0.75528 0.587826 0.468233 0.485971 0.604435 0.181418 0.213097 0.283659 0.409873
BD_Bspro_t
 0.983673 0.876467 0.673105 0.346796 0.389864 0.688652 0.502258 0.515403 0.502402 0.530123 0.645233 0.478721 0.338241 0.256149 0.145898 0.143348 0.20703 0.308729 0.367266 0.410488 0.625724 0.741168 0.735147 0.676796
BD_Bspro
 5.67821 2.42367 1.01981 0.492419 0.282754 0.769559 0.790651 1.04037 1.20926 1.64394 3.09247 2.13659 1.15588 0.652928 0.27662 0.216834 0.240796 0.28805 0.294652 0.275675 0.60037 0.809087 0.937205 0.98014
BD_Bo
 2.34869 1.00251 0.421825 0.20368 0.116956 0.318315 0.327039 0.43033 0.500188 0.679985 1.27915 0.883763 0.47811 0.270072 0.114419 0.0896894 0.0996009 0.119147 0.121878 0.114028 0.248333 0.334665 0.387659 0.405418
BD_Brms
 7.84994 3.35064 1.40985 0.680753 0.390899 1.06389 1.09305 1.43828 1.67176 2.27269 4.27524 2.95376 1.59797 0.902651 0.382418 0.299765 0.332892 0.39822 0.407347 0.381111 0.829992 1.11854 1.29566 1.35501
S_f
 0.148437 0.999996 1 1 1
 0.148437 0.999996 1 1 1
 0.148437 0.999996 1 1 1
 0.148437 0.999996 1 1 1
 0.148437 0.999996 1 1 1
 0.148437 0.999996 1 1 1
 0.148437 0.999996 1 1 1
 0.148437 0.999996 1 1 1
 0.148437 0.999996 1 1 1
 0.148437 0.999996 1 1 1
 0.148437 0.999996 1 1 1
 0.148437 0.999996 1 1 1
 0.148437 0.999996 1 1 1
 0.148437 0.999996 1 1 1
 0.148437 0.999996 1 1 1
 0.148437 0.999996 1 1 1
 0.148437 0.999996 1 1 1
 0.148437 0.999996 1 1 1
 0.148437 0.999996 1 1 1
 0.148437 0.999996 1 1 1
 0.148437 0.999996 1 1 1
 0.148437 0.999996 1 1 1
 0.148437 0.999996 1 1 1
 0.148437 0.999996 1 1 1
Scru_reclas
 0.816291 1 1 1 1
 0.816291 1 1 1 1
 0.816291 1 1 1 1
 0.816291 1 1 1 1
 0.816291 1 1 1 1
 0.816291 1 1 1 1
 0.816291 1 1 1 1
 0.816291 1 1 1 1
 0.816291 1 1 1 1
 0.816291 1 1 1 1
 0.816291 1 1 1 1
 0.816291 1 1 1 1
 0.816291 1 1 1 1
 0.816291 1 1 1 1
 0.816291 1 1 1 1
 0.816291 1 1 1 1
 0.816291 1 1 1 1
 0.816291 1 1 1 1
 0.816291 1 1 1 1
 0.816291 1 1 1 1
 0.816291 1 1 1 1
 0.816291 1 1 1 1
 0.816291 1 1 1 1
 0.816291 1 1 1 1
Scru_pelaces
 1 1 1 1 1
 1 1 1 1 1
 1 1 1 1 1
 1 1 1 1 1
 1 1 1 1 1
 1 1 1 1 1
 1 1 1 1 1
 1 1 1 1 1
 1 1 1 1 1
 1 1 1 1 1
 1 1 1 1 1
 1 1 1 1 1
 1 1 1 1 1
 1 1 1 1 1
 1 1 1 1 1
 1 1 1 1 1
 1 1 1 1 1
 1 1 1 1 1
 1 1 1 1 1
 1 1 1 1 1
 1 1 1 1 1
 1 1 1 1 1
 1 1 1 1 1
 1 1 1 1 1
pf_obs 
 0.256992 0.487395 0.22802 0.0275931 0
 0.321318 0.546541 0.124235 0.00734118 0.000564706
 0.182869 0.594174 0.210203 0.0122559 0.00049798
 0.330522 0.361315 0.267642 0.0388342 0.00168674
 0.649043 0.306663 0.0425973 0.00169635 0
 0.582887 0.30429 0.105238 0.00758474 0
 0.465427 0.430635 0.0974691 0.00646863 0
 0.296916 0.608066 0.0921331 0.00288517 0
 0.311714 0.524322 0.152257 0.0117073 0
 0.15457 0.633149 0.183074 0.0267441 0.00246327
 0.131901 0.49318 0.331252 0.0422183 0.00144891
 0.196976 0.569456 0.194076 0.0375587 0.00193317
 0.518974 0.381816 0.0799577 0.0180837 0.00116848
 0.0928022 0.601141 0.25162 0.0475244 0.00691264
 0.122501 0.610282 0.24278 0.0234846 0.000952079
 0.383417 0.481906 0.127806 0.00687128 0
 0.0376549 0.599619 0.316969 0.0457579 0
 0.0361596 0.667082 0.258105 0.0386534 0
 0.158088 0.579412 0.248529 0.0139706 0
 0.0477256 0.309471 0.559284 0.082774 0.000745712
 0.0406174 0.521527 0.379366 0.0568643 0.0016247
 0.151134 0.462217 0.34131 0.0453401 0
 0.294876 0.26143 0.354403 0.0886775 0.000613685
 0.281977 0.475581 0.204845 0.0348837 0.00271318
pf_pred 
 0.00798763 0.638972 0.312087 0.0409521 1.41854e-06
 0.0249773 0.0525825 0.59416 0.290199 0.0380812
 0.00939648 0.157676 0.0449195 0.507569 0.280438
 0.139923 0.073694 0.125171 0.035659 0.625553
 0.672839 0.186533 0.0120494 0.0204661 0.108112
 0.0848381 0.856724 0.0333192 0.0021523 0.022967
 0.419556 0.274634 0.286282 0.0111338 0.00839378
 0.390288 0.533455 0.036081 0.0376111 0.00256549
 0.328471 0.595204 0.0667788 0.00451666 0.00502934
 0.479924 0.439374 0.0715297 0.00802521 0.0011472
 0.0708087 0.825864 0.0872941 0.0142114 0.00182235
 0.06222 0.373925 0.501154 0.0529719 0.00972959
 0.288029 0.259139 0.18056 0.241995 0.030277
 0.164969 0.682985 0.055341 0.0385597 0.0581453
 0.245009 0.572518 0.149248 0.0120932 0.0211321
 0.299957 0.594977 0.0796729 0.0207695 0.00462368
 0.185278 0.658801 0.132519 0.0177455 0.00565581
 0.192833 0.542794 0.213778 0.0430017 0.00759357
 0.165058 0.559179 0.185442 0.0730354 0.0172854
 0.496914 0.316292 0.1251 0.0414871 0.0202066
 0.26537 0.66113 0.0462095 0.0182768 0.00901327
 0.203868 0.578374 0.195971 0.0136973 0.00808925
 0.195238 0.528434 0.200747 0.0680192 0.00756184
 0.0476693 0.621211 0.217425 0.0825972 0.0310977
pobs_RECLAS
 0 0 0 0 0
 0 0 0 0 0
 0 0 0 0 0
 0 0 0 0 0
 0.835266 0.146461 0.0176864 0.000547809 3.91292e-05
 0.385257 0.428462 0.181853 0.0044286 0
 0.867414 0.0963971 0.0333333 0.00285562 0
 0.441836 0.489002 0.0689373 0.000224442 0
 0.779404 0.147425 0.0564933 0.0165055 0.000172143
 0.814271 0.122319 0.05973 0.00367925 0
 0.40263 0.566651 0.0304383 0.000280538 0
 0.475488 0.404961 0.113038 0.00651328 0
 0.955842 0.0263864 0.0167828 0.000988607 0
 0.975058 0.0227948 0.00214734 0 0
 0.738997 0.206755 0.0527124 0.00153531 0
 0.850938 0.134255 0.0134407 0.00136685 0
 0.542534 0.407297 0.0501686 0 0
 0.764087 0.199537 0.0359546 0.000420521 0
 0.470689 0.182191 0.310203 0.0369168 0
 0.84361 0.089868 0.0606195 0.00523954 0.000663233
 0.607945 0.314616 0.071237 0.00620181 0
 0.523733 0.453247 0.0230204 0 0
 0.530135 0.295979 0.169645 0.0042399 0
 0.562478 0.366248 0.0663022 0.0049721 0
ppred_RECLAS
 0.042627 0.61666 0.301189 0.039522 1.369e-06
 0.124664 0.0472066 0.533412 0.260529 0.0341878
 0.0524716 0.15082 0.0429663 0.485498 0.268244
 0.478468 0.0446866 0.0759007 0.0216228 0.379322
 0.919236 0.046048 0.00297454 0.0050523 0.0266887
 0.350264 0.608247 0.0236555 0.00152806 0.0163058
 0.807786 0.0909454 0.0948021 0.00368696 0.0027796
 0.796531 0.17802 0.0120406 0.0125512 0.000856134
 0.745495 0.225578 0.0253086 0.00171178 0.00190608
 0.840156 0.135041 0.0219845 0.00246653 0.000352589
 0.302846 0.61963 0.0654948 0.0106625 0.00136727
 0.274118 0.289434 0.387914 0.0410024 0.0075311
 0.707716 0.106384 0.0741248 0.0993455 0.0124295
 0.564225 0.356427 0.0288806 0.0201229 0.030344
 0.686012 0.238101 0.0620696 0.00502935 0.00878848
 0.71433 0.242795 0.0325124 0.00847549 0.0018868
 0.566136 0.350832 0.0705704 0.00944998 0.00301188
 0.575563 0.285421 0.112412 0.0226118 0.00399296
 0.529157 0.315335 0.104575 0.0411863 0.00974765
 0.850221 0.0941669 0.0372449 0.0123516 0.00601592
 0.667436 0.299291 0.0209188 0.00827381 0.00408026
 0.587736 0.299502 0.10148 0.00709291 0.00418888
 0.57577 0.278564 0.105823 0.0358562 0.00398621
 0.220422 0.508524 0.177983 0.0676139 0.0254566
pobs_PELACES
 0 0 0 0 0
 0 0 0 0 0
 0 0 0 0 0
 0 0 0 0 0
 0 0 0 0 0
 0 0 0 0 0
 0 0 0 0 0
 0 0 0 0 0
 0 0 0 0 0
 0 0 0 0 0
 0.450072 0.473896 0.0757376 0.000293798 0
 0 0 0 0 0
 0.463077 0.371075 0.160297 0.00555027 0
 0.529543 0.364841 0.0842815 0.0213345 0
 0.631943 0.363953 0.00410389 0 0
 0.735681 0.248677 0.0153453 0.000297389 0
 0.695825 0.281241 0.0229344 0 0
 0.275771 0.60734 0.115278 0.00161068 0
 0 0 0 0 0
 0.896147 0.0623911 0.0374545 0.00400742 0
 0.803859 0.145111 0.0509908 3.86294e-05 0
 0.739449 0.233085 0.0266225 0.000797448 4.60066e-05
 0.878498 0.100942 0.0204185 0.000141795 0
 0.694673 0.275183 0.0284847 0.00165964 0
ppred_PELACES
 0.05317 0.60987 0.297872 0.0390867 1.35393e-06
 0.155494 0.045544 0.514625 0.251353 0.0329836
 0.0774601 0.146843 0.0418331 0.472694 0.261169
 0.556301 0.0380176 0.0645734 0.0183959 0.322712
 0.935118 0.0369932 0.00238964 0.00405882 0.0214407
 0.447191 0.517509 0.0201265 0.00130011 0.0138733
 0.863069 0.0647883 0.0675357 0.00262654 0.00198015
 0.868597 0.114968 0.00777601 0.00810575 0.000552903
 0.825325 0.154822 0.0173701 0.00117485 0.0013082
 0.881325 0.10026 0.0163222 0.00183126 0.000261777
 0.38094 0.55022 0.0581581 0.00946807 0.00121411
 0.347404 0.260213 0.348749 0.0368627 0.00677075
 0.795954 0.0742678 0.0517472 0.069354 0.00867717
 0.713311 0.234488 0.019 0.0132386 0.0199628
 0.814442 0.140711 0.0366813 0.0029722 0.00519373
 0.791128 0.177523 0.0237719 0.00619698 0.00137956
 0.653458 0.280221 0.0563669 0.00754801 0.00240569
 0.654561 0.232297 0.0914891 0.0184032 0.00324977
 0.612138 0.25976 0.0861444 0.0339276 0.00802972
 0.891792 0.0680311 0.0269077 0.00892342 0.00434622
 0.721231 0.250878 0.017535 0.00693544 0.00342024
 0.649646 0.254525 0.0862409 0.00602776 0.00355983
 0.642936 0.234461 0.089069 0.0301793 0.0033551
 0.279882 0.469738 0.164408 0.0624568 0.0235149
pobs_pel_tallas
 0 0 0 0 0 0 0 0 0 0 0 0 0 0 0 0 0 0 0 0 0 0 0 0 0 0 0 0 0 0 0 0 0 0 0 0
 0 0 0 0 0 0 0 0 0 0 0 0 0 0 0 0 0 0 0 0 0 0 0 0 0 0 0 0 0 0 0 0 0 0 0 0
 0 0 0 0 0 0 0 0 0 0 0 0 0 0 0 0 0 0 0 0 0 0 0 0 0 0 0 0 0 0 0 0 0 0 0 0
 0 0 0 0 0 0 0 0 0 0 0 0 0 0 0 0 0 0 0 0 0 0 0 0 0 0 0 0 0 0 0 0 0 0 0 0
 0 0 0 0 0 0 0 0 0 0 0 0 0 0 0 0 0 0 0 0 0 0 0 0 0 0 0 0 0 0 0 0 0 0 0 0
 0 0 0 0 0 0 0 0 0 0 0 0 0 0 0 0 0 0 0 0 0 0 0 0 0 0 0 0 0 0 0 0 0 0 0 0
 0 0 0 0 0 0 0 0 0 0 0 0 0 0 0 0 0 0 0 0 0 0 0 0 0 0 0 0 0 0 0 0 0 0 0 0
 0 0 0 0 0 0 0 0 0 0 0 0 0 0 0 0 0 0 0 0 0 0 0 0 0 0 0 0 0 0 0 0 0 0 0 0
 0 0 0 0 0 0 0 0 0 0 0 0 0 0 0 0 0 0 0 0 0 0 0 0 0 0 0 0 0 0 0 0 0 0 0 0
 0 0 0 0 0 0 0 0 0 0 0 0 0 0 0 0 0 0 0 0 0 0 0 0 0 0 0 0 0 0 0 0 0 0 0 0
 0 0 0 0 0 0 0 0 1.78061e-05 0.00172719 0.00360574 0.0105946 0.0120993 0.0124554 0.0147524 0.0171206 0.0266825 0.0428682 0.0675386 0.121331 0.153587 0.119568 0.100827 0.0573624 0.0630603 0.0341343 0.0324427 0.0444173 0.0211091 0.0280891 0.0125444 0.00206551 0 0 0 0
 0 0 0 0 0 0 0 0 0 0 0 0 0 0 0 0 0 0 0 0 0 0 0 0 0 0 0 0 0 0 0 0 0 0 0 0
 0 0 0 0 0 0 0.0133647 0.0140871 0.0187388 0.0205184 0.03894 0.0496705 0.03968 0.0493445 0.0407372 0.0367815 0.0215668 0.0243155 0.0234873 0.0199281 0.019796 0.0243948 0.0301388 0.0376714 0.0412746 0.0863199 0.0771752 0.113111 0.0741005 0.0525337 0.0229764 0.00759418 0.00175318 0 0 0
 0 0 0 0 0 0 0 0 0 0 0.00219441 0.00772107 0.0458388 0.0604681 0.0671733 0.0775358 0.0609151 0.0617685 0.073594 0.0568108 0.0755445 0.0548602 0.0670107 0.0636378 0.0643287 0.046367 0.0373049 0.0286899 0.0247887 0.0153202 0.00654259 0.00121912 0.000365735 0 0 0
 0 0 0 0 0 0 0 0 0 0 0 0 0.000112435 0.00938835 0.0111873 0.0202946 0.0414886 0.0713402 0.111592 0.104902 0.108894 0.110636 0.117776 0.105296 0.107544 0.0401394 0.0192827 0.0124803 0.00416011 0.0028671 0.000618394 0 0 0 0 0
 0 0 0 0 0 0 0 0 0 0 0.00291406 0.0102884 0.027416 0.0768956 0.0749926 0.110853 0.0956884 0.0897413 0.0766577 0.0534642 0.0500743 0.0551293 0.0594112 0.0620874 0.0668451 0.0424026 0.0208742 0.0120726 0.0048766 0.00582813 0.00118941 0.000297354 0 0 0 0
 0 0.00264628 0.0354308 0.0461629 0.0458689 0.0383711 0.0214643 0.0164657 0.0346957 0.0420465 0.0363128 0.0245516 0.0311673 0.0291091 0.0169068 0.0133784 0.00837989 0.0085269 0.0148486 0.0160247 0.0276389 0.0546898 0.0760071 0.122758 0.109233 0.0665981 0.0333725 0.0166128 0.00676272 0.00308733 0.000882094 0 0 0 0 0
 0 0 0 0 0 0 0 0.000805153 0.000690131 0.00759144 0.0133425 0.0154129 0.00931677 0.000345066 0.00356568 0.00563607 0.00851162 0.0253048 0.0502646 0.0516448 0.0657925 0.0565908 0.0611916 0.0827007 0.0866115 0.110766 0.145733 0.0935128 0.0569358 0.0249597 0.0138026 0.00621118 0.00161031 0.00115022 0 0
 0 0 0 0 0 0 0 0 0 0 0 0 0 0 0 0 0 0 0 0 0 0 0 0 0 0 0 0 0 0 0 0 0 0 0 0
 0.00147267 0.00158595 0.00478618 0.00569244 0.00954404 0.0108468 0.00647125 0.017049 0.0510054 0.094081 0.124002 0.0959785 0.0687766 0.0820023 0.061753 0.0591476 0.0492212 0.0479892 0.0443925 0.0268479 0.0217502 0.0140895 0.0121071 0.0120363 0.00920419 0.00665534 0.0049561 0.00860946 0.00930331 0.0156896 0.0114698 0.00855282 0.00243557 0.00046729 0 2.83206e-05
 0 0 0 0 0.000772559 0.00158375 0.000888443 0.00281984 0.00712685 0.0440552 0.0773331 0.111326 0.0921469 0.0852325 0.0710754 0.0886704 0.0786465 0.0553345 0.0373146 0.0185414 0.00753245 0.00457741 0.012979 0.0271748 0.0457355 0.0583668 0.034881 0.0177882 0.00938659 0.00492506 0.0015258 0.00185414 0.000309023 5.79419e-05 3.86279e-05 0
 0 0.00173294 0.00326652 0 0.00397197 0.00683976 0.00946217 0.0152591 0.00757587 0.0136028 0.0228656 0.0392903 0.0559909 0.0764795 0.0681675 0.0726916 0.0566044 0.0477403 0.0527397 0.0444891 0.0609904 0.0582453 0.0661739 0.0445044 0.0529084 0.0360697 0.0280645 0.0235558 0.0158879 0.00826598 0.00280645 0.00217768 0.000904811 0.00058276 9.20147e-05 0
 0 0 0 0 0 0 0 0 0 0 0 0 0 0 0 0 0 0 0 0 0 0 0 0 0 0 0 0 0 0 0 0 0 0 0 0
 0 0 0 0 0 0 0 0 0 0 0 0 0 0 0 0 0 0 0 0 0 0 0 0 0 0 0 0 0 0 0 0 0 0 0 0
ppred_pel_tallas
 1.05771e-16 2.35654e-06 1.37385e-05 6.51138e-05 0.000250369 0.000780459 0.00197204 0.00404001 0.00671562 0.00907596 0.010027 0.00920271 0.00736974 0.00588146 0.00581406 0.00761802 0.0113357 0.0168951 0.024176 0.0329079 0.0425646 0.0523516 0.0613033 0.0684595 0.0730671 0.0747369 0.0735097 0.0698056 0.0642872 0.057686 0.0506531 0.0436723 0.0370445 0.0309237 0.0253736 0.0204181
 1.17498e-16 6.7957e-06 3.98516e-05 0.000189373 0.000728989 0.00227316 0.0057418 0.0117491 0.0194779 0.0261663 0.0284954 0.0251861 0.0181423 0.0108232 0.00571105 0.00334358 0.00308108 0.00418219 0.00626875 0.00927555 0.0132676 0.0183087 0.0243918 0.031401 0.0390919 0.0470887 0.0549023 0.0619703 0.067719 0.0716386 0.0733585 0.072707 0.0697428 0.0647465 0.0581781 0.0506048
 1.29088e-16 3.39515e-06 1.98831e-05 9.44303e-05 0.000363422 0.00113314 0.00286233 0.00585801 0.00971552 0.0130636 0.014258 0.0126771 0.00929496 0.00587291 0.00369967 0.00310689 0.00384431 0.00560325 0.00823277 0.011701 0.0159985 0.0210804 0.0268527 0.0331824 0.0399122 0.0468669 0.0538455 0.0606027 0.0668315 0.0721625 0.0761896 0.0785244 0.0788661 0.0770665 0.073174 0.0674395
 1.16641e-16 2.42709e-05 0.000142451 0.000677151 0.00260708 0.00812992 0.0205354 0.0420176 0.0696467 0.0935274 0.10176 0.0897207 0.0641406 0.0372643 0.0177756 0.00731783 0.00323209 0.00241229 0.00299653 0.00424153 0.00594799 0.00808944 0.0106666 0.0136655 0.0170454 0.0207321 0.0246116 0.0285247 0.0322681 0.035605 0.0382863 0.0400825 0.0408176 0.0403998 0.0388388 0.036249
 1.01188e-16 4.07896e-05 0.000239429 0.00113819 0.0043822 0.0136656 0.0345179 0.0706268 0.117066 0.1572 0.171021 0.150748 0.107682 0.062383 0.0294131 0.0114856 0.00406507 0.00184688 0.00160304 0.00197615 0.00252206 0.00309764 0.00363069 0.00406651 0.00436663 0.00451539 0.00452218 0.00441647 0.00423786 0.00402438 0.00380329 0.00358695 0.0033742 0.00315554 0.00291966 0.00265902
 1.01148e-16 1.95332e-05 0.000114591 0.000544601 0.00209656 0.00653775 0.0165143 0.0337937 0.0560291 0.0752827 0.0820203 0.0725803 0.0524625 0.0316398 0.0172638 0.0108505 0.0104425 0.0136462 0.0189145 0.0253789 0.0323579 0.0390947 0.0447521 0.0485492 0.0499365 0.0487302 0.0451588 0.039798 0.0334249 0.0268363 0.0206917 0.0154208 0.0112065 0.00802915 0.00574066 0.00414044
 1.01163e-16 3.76493e-05 0.000220989 0.00105052 0.00404464 0.0126129 0.031859 0.0651866 0.10805 0.145096 0.157862 0.13917 0.0994584 0.0577134 0.0273912 0.0110148 0.00441912 0.00272717 0.0029713 0.00389755 0.00507784 0.00634385 0.00757768 0.00866953 0.00952565 0.010083 0.0103176 0.010242 0.00989577 0.00933158 0.00860388 0.00776218 0.00684982 0.00590552 0.00496565 0.00406449
 1.00453e-16 3.78922e-05 0.000222411 0.00105727 0.00407061 0.0126939 0.0320636 0.0656057 0.108746 0.146035 0.158893 0.140103 0.100177 0.058235 0.0278333 0.011527 0.00513649 0.00375677 0.00438743 0.00573031 0.0072947 0.00883366 0.0101474 0.0110603 0.0114485 0.0112677 0.0105638 0.0094584 0.00811704 0.00671007 0.00537853 0.00421453 0.00325806 0.00250681 0.00193242 0.00149647
 1.00399e-16 3.6007e-05 0.00021134 0.00100463 0.0038679 0.0120617 0.0304669 0.0623391 0.103333 0.138769 0.150999 0.133169 0.0952758 0.055501 0.0267427 0.0114489 0.00566859 0.00475466 0.00585688 0.00772259 0.0098433 0.0119216 0.0136936 0.0149216 0.0154365 0.0151764 0.0142009 0.012673 0.0108166 0.00886354 0.00700835 0.00538077 0.00404079 0.00299077 0.00219642 0.00160767
 1.0034e-16 3.84466e-05 0.000225667 0.00107276 0.00413023 0.0128798 0.0325332 0.0665664 0.110338 0.148171 0.161214 0.142141 0.101615 0.0590317 0.0281411 0.0115286 0.00494746 0.00341674 0.00389329 0.00506803 0.00645908 0.00783846 0.00902884 0.00987456 0.010264 0.0101538 0.00957834 0.00863822 0.0074736 0.0062308 0.00503332 0.00396475 0.00306553 0.00234053 0.00177205 0.00133262
 1.01387e-16 1.66458e-05 9.76362e-05 0.000463989 0.00178616 0.0055698 0.0140694 0.0287915 0.047739 0.064154 0.0699226 0.0619392 0.0449107 0.027365 0.0154375 0.0104714 0.010851 0.0145751 0.0203334 0.0273466 0.0349394 0.0423216 0.0486048 0.0529519 0.0547636 0.0538216 0.0503395 0.0448978 0.0382934 0.0313515 0.0247631 0.0189887 0.0142402 0.0105243 0.00771744 0.00564046
 1.06619e-16 1.51725e-05 8.90112e-05 0.00042304 0.00162859 0.00507848 0.012828 0.0262496 0.0435181 0.0584636 0.0636727 0.0562893 0.0405684 0.0242333 0.0128114 0.00745541 0.00663648 0.008522 0.0119926 0.0165246 0.0218049 0.0275017 0.0332084 0.0384834 0.0429212 0.046217 0.0482028 0.0488463 0.0482207 0.0464642 0.0437444 0.0402409 0.0361429 0.0316527 0.0269861 0.0223626
 1.03548e-16 3.4723e-05 0.000203809 0.000968843 0.00373015 0.0116322 0.0293818 0.0601182 0.0996494 0.133817 0.145595 0.128365 0.0917589 0.0532907 0.0253777 0.0103563 0.00439619 0.0030103 0.00347063 0.00462567 0.00608035 0.00767374 0.00928736 0.0108082 0.0121381 0.013208 0.0139843 0.0144639 0.0146621 0.014599 0.0142897 0.0137432 0.0129682 0.0119812 0.010814 0.00951595
 1.01734e-16 3.11258e-05 0.000182676 0.000868341 0.00334313 0.0104252 0.0263334 0.0538821 0.0893176 0.119957 0.130553 0.115195 0.0825431 0.0483391 0.0237698 0.0109966 0.00664983 0.00674516 0.00882301 0.011762 0.0150346 0.0182516 0.0210295 0.023015 0.0239561 0.0237605 0.0225157 0.0204611 0.0179229 0.0152349 0.0126711 0.0104071 0.00851489 0.00698477 0.0057588 0.00476365
 1.00912e-16 3.55319e-05 0.000208552 0.000991377 0.00381689 0.0119026 0.030065 0.0615167 0.101969 0.136937 0.149003 0.131404 0.0940017 0.0547361 0.0263323 0.0112034 0.00544822 0.00448216 0.00549792 0.00727053 0.00931524 0.0113596 0.0131644 0.0145109 0.0152379 0.0152758 0.0146605 0.0135188 0.0120323 0.010393 0.0087646 0.00725985 0.0059369 0.00480944 0.00386368 0.00307456
 1.00673e-16 3.45168e-05 0.000202589 0.000963021 0.00370769 0.0115621 0.029205 0.0597572 0.0990539 0.133026 0.144756 0.12768 0.0913866 0.0533107 0.0258284 0.0113 0.00595175 0.00533915 0.00673205 0.00891933 0.0113887 0.013817 0.0159056 0.0173824 0.0180518 0.0178399 0.01681 0.0151429 0.0130884 0.0109062 0.00881376 0.00695677 0.00540323 0.00415776 0.00318514 0.00243372
 1.01264e-16 2.8518e-05 0.000167361 0.000795522 0.00306274 0.00955083 0.0241248 0.0493636 0.0818295 0.109906 0.119631 0.105597 0.0757502 0.0445322 0.0222172 0.0108165 0.00727461 0.00796488 0.010639 0.0142462 0.0182456 0.0221922 0.025626 0.0281161 0.029347 0.0291907 0.0277331 0.025244 0.022103 0.0187085 0.015398 0.0124021 0.009835 0.00771641 0.00600606 0.00463826
 1.02159e-16 2.85642e-05 0.000167636 0.000796842 0.00306784 0.00956674 0.0241649 0.0494453 0.0819637 0.110083 0.119813 0.105733 0.0757949 0.0444525 0.0219822 0.0103822 0.0065774 0.00692979 0.00919765 0.0123609 0.0159342 0.0195466 0.0228188 0.0253875 0.0269743 0.0274434 0.0268258 0.0252977 0.0231257 0.0205986 0.0179677 0.0154133 0.0130392 0.0108881 0.00896623 0.00726535
 1.02849e-16 2.67154e-05 0.00015678 0.000745224 0.00286909 0.00894694 0.0225994 0.0462424 0.0766556 0.102958 0.112068 0.0989231 0.0709672 0.0417298 0.0208381 0.0101804 0.00690058 0.00761088 0.0102176 0.0137519 0.0177244 0.021734 0.0253618 0.0282068 0.0299637 0.0304879 0.0298209 0.0281647 0.025819 0.0231038 0.0202926 0.0175754 0.0150543 0.0127634 0.0106981 0.00884183
 1.00914e-16 3.89017e-05 0.000228342 0.00108548 0.00417923 0.0130326 0.0329191 0.0673558 0.111646 0.149924 0.163114 0.143798 0.102761 0.05962 0.0282763 0.0113338 0.00448351 0.00267939 0.00284665 0.00368026 0.00472901 0.00581254 0.00680766 0.00760698 0.00812886 0.00833261 0.00822512 0.00785441 0.00729395 0.0066228 0.00590905 0.00520055 0.00452408 0.0038904 0.00330174 0.0027581
 1.00729e-16 3.14719e-05 0.000184706 0.000877989 0.00338028 0.010541 0.026626 0.0544809 0.0903105 0.121292 0.132009 0.116486 0.0834832 0.0489197 0.0241108 0.0112468 0.00692386 0.00711482 0.00932881 0.0124213 0.0158407 0.0191691 0.0219917 0.0239274 0.0247066 0.0242343 0.0226134 0.0201141 0.0171037 0.0139605 0.0109987 0.00842482 0.00632941 0.00470838 0.00349804 0.00261043
 1.01681e-16 2.83508e-05 0.000166381 0.000790871 0.00304484 0.00949502 0.0239838 0.0490749 0.0813503 0.109261 0.118924 0.104961 0.0752693 0.0441998 0.0219602 0.0105429 0.00690409 0.0074375 0.00991495 0.0133099 0.0171142 0.0209233 0.0243198 0.0269065 0.0283838 0.028614 0.0276476 0.0256981 0.0230801 0.0201308 0.0171425 0.0143224 0.0117859 0.00957257 0.00767496 0.00606466
 1.02535e-16 2.80573e-05 0.000164661 0.000782695 0.00301337 0.00939687 0.0237359 0.0485674 0.0805087 0.108129 0.117688 0.103862 0.0744623 0.0436883 0.0216367 0.0102736 0.00658217 0.00699191 0.00930262 0.0125117 0.0161389 0.0198137 0.0231557 0.0258001 0.0274669 0.028019 0.0274859 0.0260416 0.0239497 0.0214944 0.0189216 0.0164054 0.0140447 0.0118789 0.00991368 0.00814327
 1.05732e-16 1.22361e-05 7.17544e-05 0.000340959 0.0013125 0.0040927 0.0103383 0.0211568 0.0350825 0.0471532 0.0514133 0.0455912 0.0331617 0.0204161 0.0118977 0.00863852 0.009503 0.0130708 0.0184175 0.0249851 0.0322594 0.0396054 0.0462838 0.0515718 0.0549152 0.0560466 0.0550315 0.0522229 0.0481497 0.0433768 0.0383872 0.0335167 0.0289467 0.0247405 0.0208961 0.0173938
pSPR Fmed_Fpbrs
0.520644   0.349199 0.349199
Fs Fmed_Fpbrs
0.491577   1.005 1.005
SSBpbr Bo_Bmed_Bpbrs
1.01134e+06  475980  302591 302591
Ro
20333
SPR SPRFo_SPRFmed_SPRFpbrs
418323 217797 146078
log_Ro
9.74
likeval ReclasPelacesDesembMPH_pf_preclas_ppelaces_ptallas_desvR_qrecl_qpela
 95.4615 85.1899 0.112672 0.00018805 353.383 171.031 85.495 0 43.8062 5.70201e-06 0 0 0 0 0
q_reclas_q_pelaces
0.712929 1
M
0.7
N
 4872.87 60136.4 29371.8 3854.16 0.133505
 7104.94 2382.89 26925.5 13151 1725.73
 1058.05 3429.25 976.94 11039 6099.16
 5217.43 469.445 797.359 227.154 3984.89
 56879.9 2445.48 157.97 268.313 1417.36
 14399.2 27756.2 1079.48 69.7304 744.084
 51441.7 6423.82 6696.24 260.425 196.334
 77381.5 22955.7 1552.64 1618.48 110.398
 86552.6 32435.7 3639.1 246.135 274.073
 228208 37167 6050.74 678.857 97.0424
 50497.6 105099 11109 1808.52 231.911
 21783.1 23224.5 31126.6 3290.08 604.303
 54053.2 10044.1 6998.4 9379.58 1173.52
 22770.7 23226.5 1882 1311.31 1977.36
 14871.4 8914.39 2323.86 188.297 329.038
 14860.5 5686.97 761.535 198.521 44.1944
 10153.5 6596.87 1326.97 177.693 56.634
 9351.8 4620.79 1819.88 366.072 64.6437
 7241.18 4332.16 1436.68 565.83 133.916
 28608.5 3345.61 1323.26 438.833 213.737
 32843.4 12987.5 907.752 359.034 177.059
 34856.3 15876.2 5379.34 375.986 222.047
 37632.6 16770.2 6370.8 2158.62 239.979
 7990.58 17917.3 6271.05 2382.3 896.933
pred_Ctot
 53.4953 4279.36 2090.13 274.267 0.00950035
 143.542 302.186 3414.57 1667.74 218.848
 81.5825 1368.98 390.002 4406.84 2434.83
 211.306 111.289 189.027 53.8506 944.682
 709.575 196.718 12.7073 21.5835 114.015
 1058.82 10692.3 415.838 26.8617 286.638
 3773.38 2469.99 2574.74 100.135 75.4914
 8761.32 11975.2 809.96 844.306 57.5911
 8490.5 15385.2 1726.13 116.749 130.001
 11965 10954 1783.31 200.077 28.6009
 2693.82 31418.9 3320.99 540.652 69.329
 1124.37 6757.13 9056.26 957.245 175.822
 5279.95 4750.37 3309.91 4436.09 555.018
 3513.63 14546.7 1178.69 821.27 1238.42
 2496.24 5833.02 1520.59 123.21 215.302
 1140.79 2262.8 303.01 78.9902 17.5847
 613.218 2180.44 438.602 58.7325 18.7191
 453.384 1276.21 502.63 101.105 17.8538
 363.94 1232.94 408.884 161.037 38.113
 1774.71 1129.63 446.792 148.17 72.1673
 628.55 1565.94 109.451 43.29 21.3486
 781.936 2218.35 751.647 52.536 31.0263
 1118.6 3027.64 1150.17 389.712 43.3252
 340.392 4435.88 1552.56 589.801 222.059
F
 0.0153691 0.10354 0.10354 0.10354 0.10354
 0.0284471 0.191644 0.191645 0.191645 0.191645
 0.112633 0.758793 0.758795 0.758795 0.758795
 0.0577643 0.389149 0.389151 0.389151 0.389151
 0.0174809 0.117766 0.117766 0.117766 0.117766
 0.107159 0.721914 0.721917 0.721917 0.721917
 0.106883 0.720056 0.720059 0.720059 0.720059
 0.16949 1.14183 1.14183 1.14183 1.14183
 0.145332 0.979078 0.979081 0.979081 0.979081
 0.075357 0.507669 0.507671 0.507671 0.507671
 0.0767182 0.516839 0.516841 0.516841 0.516841
 0.0741482 0.499526 0.499527 0.499527 0.499527
 0.144675 0.974651 0.974655 0.974655 0.974655
 0.237806 1.60206 1.60207 1.60207 1.60207
 0.261262 1.76009 1.76009 1.76009 1.76009
 0.112111 0.755277 0.75528 0.75528 0.75528
 0.087255 0.587824 0.587826 0.587826 0.587826
 0.0695031 0.468232 0.468233 0.468233 0.468233
 0.0721359 0.485969 0.485971 0.485971 0.485971
 0.0897204 0.604433 0.604435 0.604435 0.604435
 0.0269291 0.181417 0.181418 0.181418 0.181418
 0.0316314 0.213096 0.213097 0.213097 0.213097
 0.0421055 0.283658 0.283659 0.283659 0.283659
 0.0608402 0.409871 0.409873 0.409873 0.409873
nmprior
 10 10 8 0
nm_flota  nm_reclas  nm_pelaces    nm_pelaL
inf 20.7467 16.7684 29.4708
cv_recla  cv_pelaces  cv_mph
0.904567 1.08607 0.444913
 ------------------------------------------------
Talla a la edad & desviación 
 7.2 14.2025 17.0495 18.207 18.6776
 1.08 2.13037 2.55742 2.73105 2.80164
