    unsorted:	 0.002170604688 0.0008999983190 22.38806933 33.59409568 25.84342328 3.379069617 9.212704262 46.54565344 40.65564351 78.35609716 122.9657755 94.06362527 230.2129344 303.3294881 335.0891029 414.7518435 489.3569224 552.0325781 616.2859509 681.2191085 665.4851140 719.1821044 779.0467029 805.9858063 835.4654266 854.0020687 880.4903159 906.3538306 919.0792477 1004.098021 1051.255951 1197.356267 1270.333360 1331.889087 1590.486151 1653.282171 2143.613786 4962.888587 203960.4311 222220.3059 303624.7359 351105.2102 385472.3099 421021.1467 552055.3976 564002.8952 522565.4552 649289.1125 758197.9084 810953.1623 984456.6002 1075942.407 1245047.458 1425617.658 1612522.439 1673310.821 1777130.820 1960424.835 2196239.649 2326110.792 2425193.413 2547816.086 2809716.115
      sorted:	 0.0008999983190 0.002170604688 3.379069617 9.212704262 22.38806933 25.84342328 33.59409568 40.65564351 46.54565344 78.35609716 94.06362527 122.9657755 230.2129344 303.3294881 335.0891029 414.7518435 489.3569224 552.0325781 616.2859509 665.4851140 681.2191085 719.1821044 779.0467029 805.9858063 835.4654266 854.0020687 880.4903159 906.3538306 919.0792477 1004.098021 1051.255951 1197.356267 1270.333360 1331.889087 1590.486151 1653.282171 2143.613786 4962.888587 203960.4311 222220.3059 303624.7359 351105.2102 385472.3099 421021.1467 522565.4552 552055.3976 564002.8952 649289.1125 758197.9084 810953.1623 984456.6002 1075942.407 1245047.458 1425617.658 1612522.439 1673310.821 1777130.820 1960424.835 2196239.649 2326110.792 2425193.413 2547816.086 2809716.115
