years
 1997 1998 1999 2000 2001 2002 2003 2004 2005 2006 2007 2008 2009 2010 2011 2012 2013 2014 2015 2016 2017 2018 2019 2020
reclasobs
 0 0 0 370054 412103 1.49427e+06 250295 1.28982e+06 931140 785840 897777 1.04006e+06 184774 17550 25797 100020 73551 82996 120727 218422 84188 347160 605670 569463
reclaspred
 623360 147892 353408 213968 340768 415901 896639 635159 734062 806118 696653 478937 296532 121863 70286.5 67714.7 81346.9 104359 110816 152614 233808 224057 377036 410550
pelacesobs
 0 0 0 0 0 0 0 0 0 2.06254e+06 1.5e+06 0 1.87456e+06 323000 250000 174000 83755 137374 0 501740 490994 745055 786931 1.00524e+06
pelacespred
 2.21751e+06 498306 651094 658832 945166 839323 2.37775e+06 1.87859e+06 2.04434e+06 2.24663e+06 1.62311e+06 1.16643e+06 735263 235436 145046 146285 183571 243337 253575 354265 630717 556797 734916 943206
mphobs
 0 0 0 0 0 112323 0 153150 637223 0 255016 313432 73983 77613 109348 50772 0 0 0 0 0 0 0 0
mphpred
 242036 126020 128694 112295 120914 207167 283231 357585 317874 352694 394134 269216 168731 89411.8 37681 29759.2 33853.6 43260.8 51299.7 58673.7 90253.7 112082 139958 185464
desembarqueobs
 350755 77701 442110 56441 14545 235359 269955 359681 431902 328805 639364 411747 362871 311530 167758 66681 60226 58785 57116 71774 51957 67425 138520 160799
desembarquepred
 350752 77691.8 441996 56441 14545.1 235409 269995 359586 431854 328757 639072 411657 362804 311464 167507 66662 60239.3 58763.8 57091.2 71761.7 51956 67406.2 138506 160794
Reclutas
 34522.6 44450.1 19013.3 28228.4 55250.7 36588.4 71712.5 73578.2 96466.3 123507 63094.2 46842.1 49030.5 25912.9 14528.1 13269.3 9566.09 10239 11799.7 18773 24425.2 31831 46730.3 42047.5
log_desv_Rt
 0.0493685 0.302123 -0.547105 -0.151916 0.519637 0.107488 0.78042 0.806104 1.07695 1.32405 0.652384 0.354539 0.400198 -0.237503 -0.816157 -0.906788 -1.23402 -1.16604 -1.02417 -0.559826 -0.296627 -0.0318054 0.352148 0.246554
SSB
 534125 278100 284002 247813 266832 457175 625034 789117 701483 778325 869775 594104 372355 197314 83154.3 65672.5 74708 95467.9 113208 129481 199172 247343 308858 409281
BT
 1.58766e+06 411100 617795 433982 555433 647634 1.58051e+06 1.47309e+06 1.58631e+06 1.60901e+06 1.48333e+06 1.03543e+06 776029 424119 221946 139191 153818 186955 191197 260790 404867 372572 506771 660312
Ftot
 0.586827 0.599463 1.10132 0.28094 0.0518476 0.490667 0.337931 0.615328 0.68131 0.471214 0.831766 0.798174 1.27488 2.31702 2.56242 1.0821 0.796292 0.596077 0.50904 0.520496 0.239427 0.294383 0.35272 0.374949
BD_Bspro_t
 0.92686 0.666543 0.570503 0.36284 0.507225 0.692279 0.625668 0.64697 0.582925 0.560953 0.556193 0.390288 0.289284 0.196878 0.104455 0.101746 0.154379 0.249687 0.335949 0.425889 0.561574 0.673987 0.685913 0.678718
BD_Bspro
 0.790078 0.411366 0.420096 0.366566 0.394698 0.676254 0.924551 1.16726 1.03763 1.1513 1.28657 0.8788 0.550787 0.291867 0.123002 0.0971428 0.110508 0.141216 0.167457 0.191528 0.294615 0.36587 0.456864 0.605408
BD_Bo
 0.638028 0.332199 0.339248 0.29602 0.318738 0.546109 0.746622 0.942623 0.837942 0.929732 1.03897 0.709675 0.444788 0.235697 0.0993303 0.0784477 0.0892409 0.114039 0.13523 0.154669 0.237916 0.295458 0.36894 0.488898
BD_Brms
 2.14232 1.11543 1.1391 0.993955 1.07024 1.83369 2.50695 3.16507 2.81358 3.12179 3.48858 2.38289 1.49348 0.791407 0.333524 0.263406 0.299647 0.382912 0.454066 0.519336 0.798858 0.992068 1.2388 1.64158
S_f
 0.15281 1 1 1 1
 0.15281 1 1 1 1
 0.15281 1 1 1 1
 0.15281 1 1 1 1
 0.15281 1 1 1 1
 0.15281 1 1 1 1
 0.15281 1 1 1 1
 0.15281 1 1 1 1
 0.15281 1 1 1 1
 0.15281 1 1 1 1
 0.15281 1 1 1 1
 0.15281 1 1 1 1
 0.15281 1 1 1 1
 0.15281 1 1 1 1
 0.15281 1 1 1 1
 0.15281 1 1 1 1
 0.15281 1 1 1 1
 0.15281 1 1 1 1
 0.15281 1 1 1 1
 0.15281 1 1 1 1
 0.15281 1 1 1 1
 0.15281 1 1 1 1
 0.15281 1 1 1 1
 0.15281 1 1 1 1
Scru_reclas
 0.654714 0.940799 0.992548 0.999105 0.999893
 0.654714 0.940799 0.992548 0.999105 0.999893
 0.654714 0.940799 0.992548 0.999105 0.999893
 0.654714 0.940799 0.992548 0.999105 0.999893
 0.654714 0.940799 0.992548 0.999105 0.999893
 0.654714 0.940799 0.992548 0.999105 0.999893
 0.654714 0.940799 0.992548 0.999105 0.999893
 0.654714 0.940799 0.992548 0.999105 0.999893
 0.654714 0.940799 0.992548 0.999105 0.999893
 0.654714 0.940799 0.992548 0.999105 0.999893
 0.654714 0.940799 0.992548 0.999105 0.999893
 0.654714 0.940799 0.992548 0.999105 0.999893
 0.654714 0.940799 0.992548 0.999105 0.999893
 0.654714 0.940799 0.992548 0.999105 0.999893
 0.654714 0.940799 0.992548 0.999105 0.999893
 0.654714 0.940799 0.992548 0.999105 0.999893
 0.654714 0.940799 0.992548 0.999105 0.999893
 0.654714 0.940799 0.992548 0.999105 0.999893
 0.654714 0.940799 0.992548 0.999105 0.999893
 0.654714 0.940799 0.992548 0.999105 0.999893
 0.654714 0.940799 0.992548 0.999105 0.999893
 0.654714 0.940799 0.992548 0.999105 0.999893
 0.654714 0.940799 0.992548 0.999105 0.999893
 0.654714 0.940799 0.992548 0.999105 0.999893
Scru_pelaces
 0.867089 1 1 1 1
 0.867089 1 1 1 1
 0.867089 1 1 1 1
 0.867089 1 1 1 1
 0.867089 1 1 1 1
 0.867089 1 1 1 1
 0.867089 1 1 1 1
 0.867089 1 1 1 1
 0.867089 1 1 1 1
 0.867089 1 1 1 1
 0.867089 1 1 1 1
 0.867089 1 1 1 1
 0.867089 1 1 1 1
 0.867089 1 1 1 1
 0.867089 1 1 1 1
 0.867089 1 1 1 1
 0.867089 1 1 1 1
 0.867089 1 1 1 1
 0.867089 1 1 1 1
 0.867089 1 1 1 1
 0.867089 1 1 1 1
 0.867089 1 1 1 1
 0.867089 1 1 1 1
 0.867089 1 1 1 1
pf_obs 
 0.256992 0.487395 0.22802 0.0275931 0
 0.321318 0.546541 0.124235 0.00734118 0.000564706
 0.182869 0.594174 0.210203 0.0122559 0.00049798
 0.330522 0.361315 0.267642 0.0388342 0.00168674
 0.649043 0.306663 0.0425973 0.00169635 0
 0.582887 0.30429 0.105238 0.00758474 0
 0.465427 0.430635 0.0974691 0.00646863 0
 0.296916 0.608066 0.0921331 0.00288517 0
 0.311714 0.524322 0.152257 0.0117073 0
 0.15457 0.633149 0.183074 0.0267441 0.00246327
 0.131901 0.49318 0.331252 0.0422183 0.00144891
 0.196976 0.569456 0.194076 0.0375587 0.00193317
 0.518974 0.381816 0.0799577 0.0180837 0.00116848
 0.0928022 0.601141 0.25162 0.0475244 0.00691264
 0.122501 0.610282 0.24278 0.0234846 0.000952079
 0.383417 0.481906 0.127806 0.00687128 0
 0.0376549 0.599619 0.316969 0.0457579 0
 0.0361596 0.667082 0.258105 0.0386534 0
 0.158088 0.579412 0.248529 0.0139706 0
 0.0477256 0.309471 0.559284 0.082774 0.000745712
 0.0406174 0.521527 0.379366 0.0568643 0.0016247
 0.151134 0.462217 0.34131 0.0453401 0
 0.294876 0.26143 0.354403 0.0886775 0.000613685
 0.281977 0.475581 0.204845 0.0348837 0.00271318
pf_pred 
 0.263129 0.514491 0.198258 0.0241138 8.77248e-06
 0.28839 0.539118 0.120435 0.0464094 0.00564676
 0.139783 0.672004 0.142591 0.0318537 0.0137683
 0.280811 0.469016 0.195437 0.0414691 0.0132681
 0.323299 0.504384 0.112376 0.0468264 0.013115
 0.157091 0.642425 0.149432 0.0332932 0.0177586
 0.308792 0.420409 0.20639 0.0480076 0.0164012
 0.242253 0.587284 0.10368 0.050899 0.0158842
 0.293544 0.52248 0.142589 0.0251727 0.0162145
 0.290689 0.562169 0.108824 0.0296988 0.00862025
 0.147717 0.657706 0.154214 0.0298524 0.0105116
 0.177694 0.52066 0.23278 0.0545803 0.0142859
 0.272365 0.493948 0.147964 0.0661525 0.0195707
 0.242536 0.625968 0.0892649 0.0267396 0.0154917
 0.309658 0.610158 0.0662643 0.00944949 0.00447056
 0.355622 0.596516 0.0423024 0.00459412 0.00096508
 0.228978 0.665398 0.0977792 0.00693408 0.000911247
 0.254342 0.554562 0.164917 0.0242343 0.00194445
 0.258693 0.555973 0.137837 0.0409903 0.00650675
 0.321842 0.505793 0.129272 0.0320491 0.0110438
 0.274714 0.58064 0.107882 0.0275729 0.0091914
 0.254001 0.548745 0.157915 0.0293404 0.00999868
 0.278662 0.519255 0.148649 0.0427775 0.0106565
 0.200542 0.599658 0.143825 0.0411734 0.0148004
pobs_RECLAS
 0 0 0 0 0
 0 0 0 0 0
 0 0 0 0 0
 0 0 0 0 0
 0.835266 0.146461 0.0176864 0.000547809 3.91292e-05
 0.385257 0.428462 0.181853 0.0044286 0
 0.867414 0.0963971 0.0333333 0.00285562 0
 0.441836 0.489002 0.0689373 0.000224442 0
 0.779404 0.147425 0.0564933 0.0165055 0.000172143
 0.814271 0.122319 0.05973 0.00367925 0
 0.40263 0.566651 0.0304383 0.000280538 0
 0.475488 0.404961 0.113038 0.00651328 0
 0.955842 0.0263864 0.0167828 0.000988607 0
 0.975058 0.0227948 0.00214734 0 0
 0.738997 0.206755 0.0527124 0.00153531 0
 0.850938 0.134255 0.0134407 0.00136685 0
 0.542534 0.407297 0.0501686 0 0
 0.764087 0.199537 0.0359546 0.000420521 0
 0.470689 0.182191 0.310203 0.0369168 0
 0.84361 0.089868 0.0606195 0.00523954 0.000663233
 0.607945 0.314616 0.071237 0.00620181 0
 0.523733 0.453247 0.0230204 0 0
 0.530135 0.295979 0.169645 0.0042399 0
 0.562478 0.366248 0.0663022 0.0049721 0
ppred_RECLAS
 0.625226 0.25734 0.10462 0.0128088 4.66347e-06
 0.655313 0.257569 0.0607041 0.0235467 0.00286725
 0.446974 0.426727 0.0955264 0.0214809 0.0092921
 0.63945 0.230593 0.101372 0.021652 0.00693304
 0.682544 0.233204 0.0548152 0.0229921 0.00644464
 0.464073 0.403008 0.0988985 0.0221799 0.0118402
 0.670255 0.1962 0.101618 0.023793 0.00813503
 0.600531 0.305629 0.0569239 0.0281301 0.00878557
 0.662538 0.245952 0.0708141 0.0125842 0.00811225
 0.655671 0.269718 0.0550834 0.015132 0.00439562
 0.454666 0.415475 0.102776 0.0200266 0.00705733
 0.506812 0.305916 0.144294 0.0340564 0.008921
 0.654622 0.230196 0.0727489 0.0327399 0.0096935
 0.662728 0.275974 0.0415194 0.0125195 0.00725891
 0.744278 0.224552 0.0257282 0.00369316 0.00174862
 0.734086 0.245146 0.018341 0.00200502 0.000421525
 0.588553 0.352401 0.0546332 0.00389995 0.000512919
 0.615217 0.282125 0.088514 0.0130929 0.00105134
 0.618751 0.281928 0.0737401 0.0220739 0.00350676
 0.688367 0.229119 0.0617799 0.0154176 0.00531694
 0.633653 0.289999 0.0568451 0.0146246 0.00487896
 0.608658 0.283632 0.086112 0.0161052 0.00549269
 0.639061 0.255745 0.0772403 0.0223747 0.00557828
 0.535659 0.3434 0.0868935 0.0250397 0.00900797
pobs_PELACES
 0 0 0 0 0
 0 0 0 0 0
 0 0 0 0 0
 0 0 0 0 0
 0 0 0 0 0
 0 0 0 0 0
 0 0 0 0 0
 0 0 0 0 0
 0 0 0 0 0
 0 0 0 0 0
 0.450072 0.473896 0.0757376 0.000293798 0
 0 0 0 0 0
 0.463077 0.371075 0.160297 0.00555027 0
 0.529543 0.364841 0.0842815 0.0213345 0
 0.631943 0.363953 0.00410389 0 0
 0.735681 0.248677 0.0153453 0.000297389 0
 0.695825 0.281241 0.0229344 0 0
 0.275771 0.60734 0.115278 0.00161068 0
 0 0 0 0 0
 0.896147 0.0623911 0.0374545 0.00400742 0
 0.803859 0.145111 0.0509908 3.86294e-05 0
 0.739449 0.233085 0.0266225 0.000797448 4.60066e-05
 0.878498 0.100942 0.0204185 0.000141795 0
 0.694673 0.275183 0.0284847 0.00165964 0
ppred_PELACES
 0.713503 0.200035 0.0770831 0.0093755 3.41076e-06
 0.739571 0.197302 0.0440758 0.0169845 0.00206655
 0.581091 0.327253 0.0694389 0.0155122 0.00670489
 0.709081 0.189721 0.0790559 0.0167746 0.00536706
 0.733887 0.198349 0.0441917 0.0184145 0.00515747
 0.556402 0.338089 0.0786417 0.0175212 0.00934584
 0.73995 0.158169 0.0776492 0.0180617 0.00617057
 0.692652 0.238207 0.0420533 0.020645 0.00644277
 0.750197 0.184749 0.0504195 0.00890109 0.00573347
 0.73252 0.211993 0.0410372 0.0111993 0.00325068
 0.570388 0.331531 0.0777346 0.0150477 0.00529862
 0.620313 0.240406 0.107482 0.0252016 0.0065963
 0.774535 0.153055 0.0458481 0.020498 0.0060642
 0.825357 0.144325 0.0205811 0.00616515 0.0035718
 0.881961 0.104328 0.0113303 0.00161573 0.000764403
 0.82376 0.163149 0.0115699 0.00125651 0.000263953
 0.691705 0.266061 0.0390972 0.00277261 0.000364364
 0.704767 0.219571 0.0652968 0.00959527 0.000769878
 0.702783 0.22291 0.0552637 0.0164345 0.00260879
 0.763554 0.17635 0.045072 0.0111742 0.00385052
 0.699736 0.240381 0.0446625 0.011415 0.00380518
 0.681072 0.234598 0.0675115 0.0125435 0.00427461
 0.712106 0.207241 0.0593275 0.017073 0.00425315
 0.618166 0.286407 0.0686935 0.0196651 0.00706892
pobs_pel_tallas
 0 0 0 0 0 0 0 0 0 0 0 0 0 0 0 0 0 0 0 0 0 0 0 0 0 0 0 0 0 0 0 0 0 0 0 0
 0 0 0 0 0 0 0 0 0 0 0 0 0 0 0 0 0 0 0 0 0 0 0 0 0 0 0 0 0 0 0 0 0 0 0 0
 0 0 0 0 0 0 0 0 0 0 0 0 0 0 0 0 0 0 0 0 0 0 0 0 0 0 0 0 0 0 0 0 0 0 0 0
 0 0 0 0 0 0 0 0 0 0 0 0 0 0 0 0 0 0 0 0 0 0 0 0 0 0 0 0 0 0 0 0 0 0 0 0
 0 0 0 0 0 0 0 0 0 0 0 0 0 0 0 0 0 0 0 0 0 0 0 0 0 0 0 0 0 0 0 0 0 0 0 0
 0 0 0 0 0 0 0 0 0 0 0 0 0 0 0 0 0 0 0 0 0 0 0 0 0 0 0 0 0 0 0 0 0 0 0 0
 0 0 0 0 0 0 0 0 0 0 0 0 0 0 0 0 0 0 0 0 0 0 0 0 0 0 0 0 0 0 0 0 0 0 0 0
 0 0 0 0 0 0 0 0 0 0 0 0 0 0 0 0 0 0 0 0 0 0 0 0 0 0 0 0 0 0 0 0 0 0 0 0
 0 0 0 0 0 0 0 0 0 0 0 0 0 0 0 0 0 0 0 0 0 0 0 0 0 0 0 0 0 0 0 0 0 0 0 0
 0 0 0 0 0 0 0 0 0 0 0 0 0 0 0 0 0 0 0 0 0 0 0 0 0 0 0 0 0 0 0 0 0 0 0 0
 0 0 0 0 0 0 0 0 1.78061e-05 0.00172719 0.00360574 0.0105946 0.0120993 0.0124554 0.0147524 0.0171206 0.0266825 0.0428682 0.0675386 0.121331 0.153587 0.119568 0.100827 0.0573624 0.0630603 0.0341343 0.0324427 0.0444173 0.0211091 0.0280891 0.0125444 0.00206551 0 0 0 0
 0 0 0 0 0 0 0 0 0 0 0 0 0 0 0 0 0 0 0 0 0 0 0 0 0 0 0 0 0 0 0 0 0 0 0 0
 0 0 0 0 0 0 0.0133647 0.0140871 0.0187388 0.0205184 0.03894 0.0496705 0.03968 0.0493445 0.0407372 0.0367815 0.0215668 0.0243155 0.0234873 0.0199281 0.019796 0.0243948 0.0301388 0.0376714 0.0412746 0.0863199 0.0771752 0.113111 0.0741005 0.0525337 0.0229764 0.00759418 0.00175318 0 0 0
 0 0 0 0 0 0 0 0 0 0 0.00219441 0.00772107 0.0458388 0.0604681 0.0671733 0.0775358 0.0609151 0.0617685 0.073594 0.0568108 0.0755445 0.0548602 0.0670107 0.0636378 0.0643287 0.046367 0.0373049 0.0286899 0.0247887 0.0153202 0.00654259 0.00121912 0.000365735 0 0 0
 0 0 0 0 0 0 0 0 0 0 0 0 0.000112435 0.00938835 0.0111873 0.0202946 0.0414886 0.0713402 0.111592 0.104902 0.108894 0.110636 0.117776 0.105296 0.107544 0.0401394 0.0192827 0.0124803 0.00416011 0.0028671 0.000618394 0 0 0 0 0
 0 0 0 0 0 0 0 0 0 0 0.00291406 0.0102884 0.027416 0.0768956 0.0749926 0.110853 0.0956884 0.0897413 0.0766577 0.0534642 0.0500743 0.0551293 0.0594112 0.0620874 0.0668451 0.0424026 0.0208742 0.0120726 0.0048766 0.00582813 0.00118941 0.000297354 0 0 0 0
 0 0.00264628 0.0354308 0.0461629 0.0458689 0.0383711 0.0214643 0.0164657 0.0346957 0.0420465 0.0363128 0.0245516 0.0311673 0.0291091 0.0169068 0.0133784 0.00837989 0.0085269 0.0148486 0.0160247 0.0276389 0.0546898 0.0760071 0.122758 0.109233 0.0665981 0.0333725 0.0166128 0.00676272 0.00308733 0.000882094 0 0 0 0 0
 0 0 0 0 0 0 0 0.000805153 0.000690131 0.00759144 0.0133425 0.0154129 0.00931677 0.000345066 0.00356568 0.00563607 0.00851162 0.0253048 0.0502646 0.0516448 0.0657925 0.0565908 0.0611916 0.0827007 0.0866115 0.110766 0.145733 0.0935128 0.0569358 0.0249597 0.0138026 0.00621118 0.00161031 0.00115022 0 0
 0 0 0 0 0 0 0 0 0 0 0 0 0 0 0 0 0 0 0 0 0 0 0 0 0 0 0 0 0 0 0 0 0 0 0 0
 0.00147267 0.00158595 0.00478618 0.00569244 0.00954404 0.0108468 0.00647125 0.017049 0.0510054 0.094081 0.124002 0.0959785 0.0687766 0.0820023 0.061753 0.0591476 0.0492212 0.0479892 0.0443925 0.0268479 0.0217502 0.0140895 0.0121071 0.0120363 0.00920419 0.00665534 0.0049561 0.00860946 0.00930331 0.0156896 0.0114698 0.00855282 0.00243557 0.00046729 0 2.83206e-05
 0 0 0 0 0.000772559 0.00158375 0.000888443 0.00281984 0.00712685 0.0440552 0.0773331 0.111326 0.0921469 0.0852325 0.0710754 0.0886704 0.0786465 0.0553345 0.0373146 0.0185414 0.00753245 0.00457741 0.012979 0.0271748 0.0457355 0.0583668 0.034881 0.0177882 0.00938659 0.00492506 0.0015258 0.00185414 0.000309023 5.79419e-05 3.86279e-05 0
 0 0.00173294 0.00326652 0 0.00397197 0.00683976 0.00946217 0.0152591 0.00757587 0.0136028 0.0228656 0.0392903 0.0559909 0.0764795 0.0681675 0.0726916 0.0566044 0.0477403 0.0527397 0.0444891 0.0609904 0.0582453 0.0661739 0.0445044 0.0529084 0.0360697 0.0280645 0.0235558 0.0158879 0.00826598 0.00280645 0.00217768 0.000904811 0.00058276 9.20147e-05 0
 0 0 0 0 0 0 0 0 0 0 0 0 0 0 0 0 0 0 0 0 0 0 0 0 0 0 0 0 0 0 0 0 0 0 0 0
 0 0 0 0 0 0 0 0 0 0 0 0 0 0 0 0 0 0 0 0 0 0 0 0 0 0 0 0 0 0 0 0 0 0 0 0
ppred_pel_tallas
 1.01482e-16 3.1133e-05 0.00018272 0.00086856 0.00334399 0.0104279 0.0263401 0.0538956 0.0893391 0.119983 0.130575 0.115198 0.0825105 0.0482501 0.0235975 0.0107045 0.00619244 0.00607504 0.00790229 0.010578 0.0136154 0.0166771 0.0194318 0.0215653 0.0228383 0.0231363 0.0224904 0.0210586 0.0190785 0.0168071 0.0144689 0.0122255 0.0101704 0.00834129 0.00674114 0.00535765
 1.01371e-16 3.22695e-05 0.000189393 0.000900285 0.00346614 0.0108088 0.0273022 0.0558642 0.0926019 0.124364 0.135339 0.119394 0.0854982 0.0499624 0.0243689 0.0109409 0.0061677 0.00590877 0.00761815 0.0101572 0.0130247 0.0158812 0.0184003 0.020278 0.0212905 0.0213428 0.0204875 0.0189037 0.0168463 0.0145831 0.0123406 0.0102727 0.00845634 0.00690632 0.00560015 0.00450113
 1.01939e-16 2.53643e-05 0.000148842 0.000707471 0.00272371 0.00849355 0.0214543 0.0438998 0.0727747 0.0977521 0.10642 0.0939817 0.0675178 0.0398933 0.0202759 0.0104905 0.00785648 0.00917577 0.0124541 0.0167293 0.0214534 0.0261286 0.0302235 0.0332361 0.0347968 0.0347524 0.0331973 0.0304374 0.0269062 0.0230579 0.019277 0.015825 0.0128314 0.0103189 0.00824448 0.00653849
 1.02012e-16 3.09398e-05 0.000181587 0.000863174 0.00332325 0.0103632 0.0261767 0.0535613 0.0887848 0.119238 0.129762 0.114477 0.0819838 0.0479226 0.023401 0.0105548 0.00602391 0.00584593 0.00758871 0.0101699 0.0131175 0.0161121 0.0188414 0.0210084 0.022384 0.0228543 0.0224398 0.0212784 0.0195814 0.017578 0.0154684 0.0133962 0.0114454 0.00965229 0.00802559 0.00656377
 1.01566e-16 3.20217e-05 0.000187938 0.000893367 0.0034395 0.0107258 0.0270924 0.055435 0.0918905 0.123409 0.1343 0.118479 0.0848467 0.0495888 0.0242002 0.0108882 0.00617059 0.00594003 0.00767085 0.0102329 0.0131275 0.0160154 0.0185693 0.0204846 0.0215363 0.0216287 0.0208135 0.0192689 0.0172483 0.0150178 0.0128014 0.0107508 0.00894072 0.00738451 0.00605941 0.00492967
 1.02266e-16 2.42882e-05 0.000142523 0.000677429 0.00260804 0.00813283 0.0205431 0.0420357 0.0696852 0.0936046 0.101911 0.0900147 0.0647004 0.0382943 0.0195846 0.0103312 0.00797975 0.00947784 0.0129192 0.0173751 0.0223017 0.0271909 0.0314958 0.0346972 0.0364109 0.0364741 0.0349775 0.0322293 0.0286688 0.0247576 0.0208869 0.0173238 0.0142023 0.0115491 0.00932537 0.00746671
 1.02063e-16 3.22845e-05 0.000189485 0.000900727 0.00346785 0.0108142 0.0273157 0.0558915 0.0926462 0.124421 0.135392 0.119421 0.0854752 0.0498636 0.0241627 0.0105834 0.00560217 0.00507227 0.00645534 0.0086388 0.0111671 0.0137614 0.01616 0.0181137 0.0194272 0.0199974 0.0198302 0.0190272 0.0177502 0.016178 0.014468 0.0127356 0.0110518 0.00945324 0.00795757 0.00657631
 1.01686e-16 3.02252e-05 0.000177388 0.000843201 0.00324634 0.0101234 0.0255709 0.0523221 0.0867321 0.116486 0.126778 0.111872 0.0801782 0.0469873 0.0231674 0.0108242 0.00669303 0.00691201 0.0090974 0.0121606 0.0155838 0.0189771 0.0219507 0.0241408 0.0252817 0.025265 0.0241624 0.0221982 0.0196874 0.0169579 0.0142843 0.0118499 0.00974104 0.00796708 0.00649104 0.00525948
 1.0135e-16 3.27323e-05 0.000192112 0.00091321 0.00351591 0.010964 0.0276943 0.0566663 0.093931 0.126148 0.137277 0.121094 0.0866976 0.0506262 0.0246236 0.0109384 0.00600362 0.00561529 0.00719163 0.00958489 0.0123016 0.0150185 0.0174286 0.0192456 0.0202568 0.0203687 0.019625 0.0181878 0.0162906 0.0141808 0.0120691 0.0101012 0.00835273 0.00684281 0.0055563 0.00446448
 1.01189e-16 3.19626e-05 0.00018759 0.00089171 0.00343312 0.0107058 0.0270422 0.0553322 0.0917205 0.123182 0.134056 0.118271 0.0847137 0.0495433 0.0242377 0.0110054 0.00637543 0.00625031 0.00810677 0.010808 0.0138404 0.0168435 0.0194661 0.0213826 0.0223548 0.0222859 0.0212397 0.0194179 0.0171044 0.0145961 0.0121437 0.00991665 0.00799784 0.00639972 0.00509136 0.00402455
 1.01977e-16 2.48979e-05 0.000146103 0.000694448 0.00267357 0.00833719 0.0210593 0.0430917 0.0714354 0.0959542 0.104466 0.0922619 0.0662963 0.0391998 0.0199757 0.0104208 0.00790929 0.00930659 0.012657 0.0170133 0.0218299 0.026605 0.0308006 0.0339064 0.0355453 0.0355578 0.0340342 0.0312788 0.0277258 0.023832 0.0199855 0.0164527 0.0133683 0.010761 0.00859306 0.00680019
 1.02779e-16 2.70712e-05 0.00015887 0.000755165 0.00290737 0.00906632 0.0229009 0.0468591 0.0776774 0.104328 0.113555 0.100224 0.0718746 0.0422119 0.0209838 0.0100955 0.00664525 0.00719616 0.00962989 0.0129778 0.0167677 0.0206258 0.0241628 0.0270023 0.0288513 0.0295602 0.0291478 0.0277802 0.0257161 0.023238 0.0205935 0.0179621 0.0154508 0.0131099 0.0109575 0.00899995
 1.01689e-16 3.37923e-05 0.000198337 0.000942815 0.0036299 0.0113195 0.0285922 0.0585032 0.0969749 0.130232 0.141713 0.124986 0.0894377 0.052133 0.0251825 0.0108915 0.00556154 0.00484207 0.00606851 0.00807352 0.0103844 0.0127212 0.0148293 0.0164723 0.0174723 0.0177467 0.0173235 0.0163251 0.0149313 0.0133325 0.0116904 0.0101158 0.00866625 0.00735794 0.00618407 0.00513097
 1.00719e-16 3.6008e-05 0.000211346 0.00100466 0.00386804 0.0120621 0.030468 0.0623411 0.103336 0.138773 0.151 0.133164 0.095261 0.0554686 0.0266828 0.011348 0.00550946 0.0045186 0.00552701 0.00728881 0.00930771 0.0113029 0.0130289 0.0142643 0.0148497 0.0147238 0.0139363 0.0126312 0.0110083 0.00927514 0.00760522 0.00611422 0.00485587 0.00383357 0.0030197 0.00237441
 1.00287e-16 3.84745e-05 0.000225831 0.00107353 0.00413322 0.0128891 0.0325568 0.0666146 0.110418 0.148279 0.161332 0.142247 0.101695 0.0590864 0.0281826 0.011572 0.00500569 0.00349937 0.00400652 0.00521416 0.00663519 0.00803521 0.00923024 0.0100593 0.0104085 0.0102362 0.00958263 0.00855743 0.00731125 0.00600012 0.00475465 0.00366185 0.00276173 0.00205559 0.00152016 0.00112174
 1.00274e-16 3.59391e-05 0.00021094 0.00100273 0.00386058 0.0120389 0.0304093 0.0622211 0.103137 0.138508 0.150716 0.132924 0.0951103 0.0554239 0.0267415 0.0115097 0.00578731 0.00493754 0.00611394 0.00806075 0.0102608 0.0124042 0.0142133 0.0154386 0.0159043 0.0155496 0.0144427 0.0127619 0.0107494 0.00865523 0.0066878 0.00498497 0.00360841 0.00255673 0.00178827 0.00124405
 1.00755e-16 3.01851e-05 0.00017715 0.000842063 0.00324195 0.0101097 0.0255363 0.0522516 0.0866159 0.116332 0.126617 0.111745 0.0801192 0.0470174 0.0233021 0.0110866 0.00712009 0.00755048 0.0099926 0.0133415 0.0170476 0.0206769 0.0237901 0.0259789 0.0269494 0.0265896 0.0249947 0.0224369 0.0192935 0.0159575 0.0127604 0.00992569 0.00756042 0.00567524 0.00421928 0.00311479
 1.01365e-16 3.07528e-05 0.000180487 0.000857937 0.00330308 0.0103003 0.0260179 0.0532365 0.0882471 0.118519 0.128986 0.113808 0.08154 0.0477336 0.0234395 0.0107919 0.00646101 0.00651361 0.00852707 0.0114063 0.0146474 0.0178852 0.020757 0.0229212 0.0241225 0.0242472 0.0233447 0.0216059 0.019308 0.0167466 0.0141757 0.0117734 0.00963561 0.00779107 0.00622679 0.00491176
 1.01544e-16 3.06664e-05 0.000179979 0.000855525 0.00329379 0.0102714 0.0259447 0.0530868 0.0879991 0.118186 0.128624 0.113491 0.0813168 0.047611 0.0233941 0.0107954 0.00649571 0.00657294 0.00861037 0.0115134 0.0147756 0.0180275 0.0209025 0.0230566 0.0242349 0.0243272 0.0233896 0.021621 0.0193066 0.0167471 0.0141982 0.0118352 0.00974787 0.00795664 0.00644015 0.00516059
 1.01262e-16 3.33144e-05 0.00019553 0.000929462 0.00357848 0.0111592 0.0281872 0.0576747 0.0956022 0.128391 0.139715 0.123238 0.0882173 0.0514827 0.0249825 0.0109995 0.00589735 0.00539306 0.00685763 0.00912671 0.0117077 0.014287 0.0165705 0.0182855 0.0192297 0.0193156 0.0185865 0.0171991 0.0153779 0.0133602 0.0113477 0.0094788 0.00782464 0.00640185 0.00519409 0.00417214
 1.01283e-16 3.05343e-05 0.000179202 0.000851825 0.00327954 0.0102269 0.0258324 0.0528572 0.0876191 0.117677 0.128075 0.113015 0.0809968 0.0474651 0.0233992 0.0109259 0.00674625 0.00695778 0.00915105 0.0122247 0.0156537 0.0190424 0.0219951 0.0241427 0.0252163 0.0251071 0.0238897 0.0217951 0.0191476 0.0162862 0.0134966 0.0109721 0.00880631 0.00701235 0.00555334 0.00437233
 1.01666e-16 2.97202e-05 0.000174423 0.000829108 0.00319207 0.00995415 0.0251435 0.0514475 0.0852824 0.114539 0.12466 0.110005 0.0788436 0.046213 0.0228007 0.0106796 0.0066427 0.00689655 0.00910169 0.0121921 0.0156619 0.0191295 0.0222096 0.0245389 0.0258456 0.0260088 0.0250816 0.0232672 0.02086 0.0181729 0.0154737 0.0129485 0.010696 0.00874368 0.00707589 0.00565921
 1.01696e-16 3.10723e-05 0.000182364 0.000866863 0.00333745 0.0104075 0.0262886 0.0537903 0.0891647 0.11975 0.130322 0.114979 0.0823607 0.0481775 0.0235896 0.0107466 0.00627833 0.00620627 0.00808296 0.0108089 0.0138895 0.0169776 0.0197318 0.0218315 0.0230369 0.0232402 0.0224861 0.0209507 0.0188899 0.016575 0.0142377 0.0120381 0.0100602 0.00832736 0.00682639 0.00553048
 1.02075e-16 2.69793e-05 0.000158327 0.000752573 0.00289738 0.00903514 0.0228222 0.0466984 0.0774122 0.103976 0.113181 0.0999174 0.0717059 0.042215 0.0211737 0.0104966 0.0073056 0.00818087 0.0110012 0.01477 0.0189626 0.0231345 0.0268203 0.0295799 0.0310868 0.031201 0.0299961 0.027729 0.0247669 0.0214963 0.0182446 0.0152354 0.0125815 0.0103064 0.00838008 0.00675186
pSPR Fmed_Fpbrs
0.484107   0.347821 0.347821
Fs Fmed_Fpbrs
0.566199   1.005 1.005
SSBpbr Bo_Bmed_Bpbrs
837150  363413  249320 249320
Ro
32859.6
SPR SPRFo_SPRFmed_SPRFpbrs
676041 327276 235141
log_Ro
10.22
likeval ReclasPelacesDesembMPH_pf_preclas_ppelaces_ptallas_desvR_qrecl_qpela
 65.144 14.0887 0.0170147 0.000195514 286.578 162.638 82.2573 0 16.1727 2.3518e-06 7.2359e-05 0 0 0 0
q_reclas_q_pelaces
0.804679 3.35417
M
0.7
N
 34522.6 12679 4885.81 594.253 0.216187
 44450.1 15673 3501.24 1349.19 164.16
 19013.3 20141.1 4273.69 954.712 412.659
 28228.4 7979.27 3324.92 705.506 225.727
 55250.7 13428.8 2991.9 1246.71 349.174
 36588.4 27220.2 6331.58 1410.66 752.45
 71712.5 16856.8 8275.43 1924.92 657.626
 73578.2 33819.1 5970.45 2931.05 914.703
 96466.3 33258.8 9076.58 1602.39 1032.15
 123507 43167.3 8356.25 2280.48 661.924
 63094.2 57070.5 13381.4 2590.36 912.117
 46842.1 27592 12336 2892.44 757.072
 49030.5 20590.2 6167.86 2757.56 815.805
 25912.9 20038 2857.47 855.966 495.907
 14528.1 9031.13 980.798 139.865 66.1701
 13269.3 4876.97 345.854 37.5604 7.89025
 9566.09 5585.09 820.721 58.202 7.64866
 10239 4206.13 1250.83 183.808 14.7479
 11799.7 4641.87 1150.81 342.231 54.3254
 18773 5421.03 1385.52 343.498 118.366
 24425.2 8609.63 1599.66 408.846 136.289
 31831 11693.5 3365.09 625.23 213.067
 46730.3 15111.5 4326.02 1244.92 310.129
 42047.5 21987.9 5273.71 1509.72 542.692
pred_Ctot
 2140.51 4185.29 1612.79 196.161 0.0713625
 2813.03 5258.69 1174.75 452.689 55.0798
 2138.62 10281.3 2181.57 487.348 210.648
 855.202 1428.38 595.198 126.293 40.4077
 313.709 489.423 109.042 45.4374 12.726
 1909.03 7807.03 1815.96 404.593 215.81
 2603.36 3544.39 1740.03 404.742 138.276
 4774.6 11574.9 2043.44 1003.18 313.065
 6900.83 12282.8 3352.07 591.777 381.182
 6196.61 11983.7 2319.79 633.088 183.758
 5455.69 24291.3 5695.64 1102.55 388.231
 3895.44 11414 5103.05 1196.52 313.179
 6312.11 11447.3 3429.08 1533.09 453.555
 5670.66 14635.6 2087.08 625.191 362.206
 3462.05 6821.72 740.852 105.648 49.982
 1468.34 2462.97 174.663 18.9688 3.98474
 793.749 2306.59 338.95 24.0369 3.15883
 644.462 1405.17 417.874 61.4059 4.92691
 637.93 1371.01 339.901 101.081 16.0455
 1036.98 1629.67 416.516 103.262 35.5831
 632.398 1336.65 248.348 63.4734 21.1588
 1009.58 2181.1 627.667 116.62 39.7419
 1768.93 3296.2 943.616 271.549 67.6472
 1689.46 5051.8 1211.65 346.864 124.685
F
 0.0896733 0.586827 0.586827 0.586827 0.586827
 0.0916042 0.599463 0.599463 0.599463 0.599463
 0.168293 1.10132 1.10132 1.10132 1.10132
 0.0429305 0.28094 0.28094 0.28094 0.28094
 0.00792286 0.0518476 0.0518476 0.0518476 0.0518476
 0.0749791 0.490667 0.490667 0.490667 0.490667
 0.0516393 0.337931 0.337931 0.337931 0.337931
 0.0940286 0.615328 0.615328 0.615328 0.615328
 0.104111 0.68131 0.68131 0.68131 0.68131
 0.0720064 0.471214 0.471214 0.471214 0.471214
 0.127102 0.831766 0.831766 0.831766 0.831766
 0.121969 0.798174 0.798174 0.798174 0.798174
 0.194814 1.27488 1.27488 1.27488 1.27488
 0.354064 2.31702 2.31702 2.31702 2.31702
 0.391564 2.56242 2.56242 2.56242 2.56242
 0.165355 1.0821 1.0821 1.0821 1.0821
 0.121682 0.796292 0.796292 0.796292 0.796292
 0.0910868 0.596077 0.596077 0.596077 0.596077
 0.0777866 0.50904 0.50904 0.50904 0.50904
 0.0795371 0.520496 0.520496 0.520496 0.520496
 0.0365869 0.239427 0.239427 0.239427 0.239427
 0.0449848 0.294383 0.294383 0.294383 0.294383
 0.0538993 0.35272 0.35272 0.35272 0.35272
 0.057296 0.374949 0.374949 0.374949 0.374949
nmprior
 10 10 8 0
nm_flota  nm_reclas  nm_pelaces    nm_pelaL
inf 23.2687 13.9612 23.6541
cv_recla  cv_pelaces  cv_mph
0.747247 0.441673 0.453656
 ------------------------------------------------
Talla a la edad & desviación 
 7.2 14.2025 17.0495 18.207 18.6776
 1.08 2.13037 2.55742 2.73105 2.80164
