years
 1997 1998 1999 2000 2001 2002 2003 2004 2005 2006 2007 2008 2009 2010 2011 2012 2013 2014 2015 2016 2017 2018 2019 2020
reclasobs
 0 0 0 370054 412103 1.49427e+06 250295 1.28982e+06 931140 785840 897777 1.04006e+06 184774 17550 25797 100020 73551 82996 120727 218422 84188 347160 605670 569463
reclaspred
 1.48122e+06 248640 552939 222194 290648 354248 1.00813e+06 779890 533070 1.0658e+06 1.30557e+06 798404 373536 168719 141336 147300 162451 215677 214706 271187 445242 485925 754537 459891
pelacesobs
 0 0 0 0 0 0 0 0 0 2.06254e+06 1.5e+06 0 1.87456e+06 323000 250000 174000 83755 137374 0 501740 490994 745055 786931 1.00524e+06
pelacespred
 773256 263641 177618 156978 170966 154855 605022 497766 271270 609185 663963 417750 195871 68026 60003 71738.6 83746 110165 116336 140314 253334 281326 334891 269496
mphobs
 0 0 0 0 0 112323 0 153150 637223 0 255016 313432 73983 77613 109348 50772 0 0 0 0 0 0 0 0
mphpred
 1.14596e+06 485138 370049 276947 187612 356914 491733 972171 555337 541553 1.3593e+06 868679 449373 207642 117954 124543 131339 170796 194117 203360 315880 431663 571341 515275
desembarqueobs
 350755 77701 442110 56441 14545 235359 269955 359681 431902 328805 639364 411747 362871 311530 167758 66681 60226 58785 57116 71774 51957 67425 138520 160799
desembarquepred
 350615 77618 441703 56370.3 14510.9 234451 270280 358819 431486 328481 639104 411917 364435 313052 167354 66497 60184.1 58942.4 57297.2 71945.4 52142.3 67469.5 138366 160313
Reclutas
 26081 45486.2 14970.7 8746.66 53069.1 14123.4 133221 30793.4 43415.7 278651 32816.9 20645.7 41148.8 37835.1 23741.1 15988.8 14205.4 13658.1 13928.9 27060 42840.2 58083.8 25587.4 13085.9
log_desv_Rt
 -0.111036 0.445165 -0.666147 -1.20357 0.599351 -0.72441 1.51976 0.0550557 0.398576 2.25772 0.118699 -0.344736 0.34495 0.260992 -0.205038 -0.600355 -0.718623 -0.757909 -0.738276 -0.0741884 0.385231 0.689642 -0.130146 -0.800707
SSB
 1.14596e+06 485138 370049 276947 187612 356914 491733 972171 555337 541553 1.3593e+06 868679 449373 207642 117954 124543 131339 170796 194117 203360 315880 431663 571341 515275
BT
 2.04004e+06 640326 656750 366903 456051 477264 2.14467e+06 1.3767e+06 1.02215e+06 2.15711e+06 1.83335e+06 1.17544e+06 806199 456900 297237 212882 244097 292842 290277 387184 665027 644719 735230 662391
Ftot
 0.228628 0.30042 0.737411 0.244731 0.0488155 0.617662 0.259688 0.437244 0.749725 0.298235 0.463611 0.487532 0.890658 1.57571 1.07235 0.430204 0.35534 0.26362 0.2574 0.256244 0.114083 0.135041 0.177703 0.333854
BD_Bspro_t
 0.965508 0.783266 0.647752 0.395888 0.433761 0.646746 0.581028 0.686635 0.509216 0.472878 0.656711 0.46778 0.318965 0.205984 0.145124 0.174049 0.235642 0.356667 0.447144 0.523413 0.654527 0.77099 0.786933 0.707914
BD_Bspro
 1.91122 0.80911 0.617165 0.46189 0.312898 0.595259 0.820109 1.62138 0.926188 0.903199 2.26703 1.44878 0.749461 0.346304 0.196722 0.207712 0.219046 0.284853 0.323747 0.339162 0.526823 0.719925 0.952879 0.859373
BD_Bo
 1.22832 0.520007 0.396646 0.296852 0.201097 0.382567 0.527076 1.04204 0.595251 0.580477 1.457 0.931114 0.481671 0.222566 0.126431 0.133494 0.140779 0.183072 0.208069 0.217976 0.338584 0.462689 0.612405 0.55231
BD_Brms
 5.98047 2.53181 1.93119 1.44531 0.9791 1.86264 2.56623 5.07351 2.89816 2.82623 7.09384 4.53341 2.34516 1.08363 0.61557 0.649957 0.685423 0.891343 1.01305 1.06128 1.6485 2.25274 2.98168 2.68909
S_f
 0.5 1 1 1 1
 0.5 1 1 1 1
 0.5 1 1 1 1
 0.5 1 1 1 1
 0.5 1 1 1 1
 0.5 1 1 1 1
 0.5 1 1 1 1
 0.5 1 1 1 1
 0.5 1 1 1 1
 0.5 1 1 1 1
 0.5 1 1 1 1
 0.5 1 1 1 1
 0.5 1 1 1 1
 0.5 1 1 1 1
 0.5 1 1 1 1
 0.5 1 1 1 1
 0.5 1 1 1 1
 0.5 1 1 1 1
 0.5 1 1 1 1
 0.5 1 1 1 1
 0.5 1 1 1 1
 0.5 1 1 1 1
 0.5 1 1 1 1
 0.5 1 1 1 1
Scru_reclas
 0.5 1 1 1 1
 0.5 1 1 1 1
 0.5 1 1 1 1
 0.5 1 1 1 1
 0.5 1 1 1 1
 0.5 1 1 1 1
 0.5 1 1 1 1
 0.5 1 1 1 1
 0.5 1 1 1 1
 0.5 1 1 1 1
 0.5 1 1 1 1
 0.5 1 1 1 1
 0.5 1 1 1 1
 0.5 1 1 1 1
 0.5 1 1 1 1
 0.5 1 1 1 1
 0.5 1 1 1 1
 0.5 1 1 1 1
 0.5 1 1 1 1
 0.5 1 1 1 1
 0.5 1 1 1 1
 0.5 1 1 1 1
 0.5 1 1 1 1
 0.5 1 1 1 1
Scru_pelaces
 0.5 1 1 1 1
 0.5 1 1 1 1
 0.5 1 1 1 1
 0.5 1 1 1 1
 0.5 1 1 1 1
 0.5 1 1 1 1
 0.5 1 1 1 1
 0.5 1 1 1 1
 0.5 1 1 1 1
 0.5 1 1 1 1
 0.5 1 1 1 1
 0.5 1 1 1 1
 0.5 1 1 1 1
 0.5 1 1 1 1
 0.5 1 1 1 1
 0.5 1 1 1 1
 0.5 1 1 1 1
 0.5 1 1 1 1
 0.5 1 1 1 1
 0.5 1 1 1 1
 0.5 1 1 1 1
 0.5 1 1 1 1
 0.5 1 1 1 1
 0.5 1 1 1 1
pf_obs 
 0.256992 0.487395 0.22802 0.0275931 0
 0.321318 0.546541 0.124235 0.00734118 0.000564706
 0.182869 0.594174 0.210203 0.0122559 0.00049798
 0.330522 0.361315 0.267642 0.0388342 0.00168674
 0.649043 0.306663 0.0425973 0.00169635 0
 0.582887 0.30429 0.105238 0.00758474 0
 0.465427 0.430635 0.0974691 0.00646863 0
 0.296916 0.608066 0.0921331 0.00288517 0
 0.311714 0.524322 0.152257 0.0117073 0
 0.15457 0.633149 0.183074 0.0267441 0.00246327
 0.131901 0.49318 0.331252 0.0422183 0.00144891
 0.196976 0.569456 0.194076 0.0375587 0.00193317
 0.518974 0.381816 0.0799577 0.0180837 0.00116848
 0.0928022 0.601141 0.25162 0.0475244 0.00691264
 0.122501 0.610282 0.24278 0.0234846 0.000952079
 0.383417 0.481906 0.127806 0.00687128 0
 0.0376549 0.599619 0.316969 0.0457579 0
 0.0361596 0.667082 0.258105 0.0386534 0
 0.158088 0.579412 0.248529 0.0139706 0
 0.0477256 0.309471 0.559284 0.082774 0.000745712
 0.0406174 0.521527 0.379366 0.0568643 0.0016247
 0.151134 0.462217 0.34131 0.0453401 0
 0.294876 0.26143 0.354403 0.0886775 0.000613685
 0.281977 0.475581 0.204845 0.0348837 0.00271318
pf_pred 
 0.284639 0.360123 0.178832 0.0888053 0.0876006
 0.490765 0.233904 0.138606 0.0688296 0.0678958
 0.232078 0.520338 0.113722 0.0673886 0.0664744
 0.2782 0.310417 0.27875 0.0609217 0.0717116
 0.75953 0.108836 0.0566105 0.0508353 0.0241882
 0.212077 0.681506 0.0481639 0.0250523 0.0332007
 0.843002 0.0616666 0.082456 0.00582739 0.00704807
 0.210817 0.726396 0.0246616 0.0329756 0.00514912
 0.436465 0.212871 0.322766 0.0109581 0.0169403
 0.8686 0.0867288 0.0168741 0.0255855 0.00221149
 0.124104 0.819043 0.0375253 0.007301 0.012027
 0.177929 0.201446 0.580341 0.0265889 0.0136951
 0.503615 0.165349 0.0811194 0.233695 0.0162218
 0.58097 0.304638 0.0381049 0.0186941 0.0575936
 0.583241 0.342603 0.0539116 0.0067434 0.0135006
 0.502302 0.396215 0.0834255 0.0131277 0.00492951
 0.454106 0.379897 0.13215 0.0278251 0.00602266
 0.442296 0.36161 0.136464 0.0474703 0.0121586
 0.438538 0.354338 0.134298 0.0506812 0.0221454
 0.595722 0.253528 0.0951382 0.0360583 0.0195536
 0.585445 0.315183 0.0623176 0.0233851 0.0136695
 0.525684 0.353222 0.0920667 0.0182033 0.0108239
 0.255839 0.51886 0.167781 0.0437319 0.013788
 0.202192 0.334834 0.322805 0.104384 0.0357856
pobs_RECLAS
 0 0 0 0 0
 0 0 0 0 0
 0 0 0 0 0
 0 0 0 0 0
 0.835266 0.146461 0.0176864 0.000547809 3.91292e-05
 0.385257 0.428462 0.181853 0.0044286 0
 0.867414 0.0963971 0.0333333 0.00285562 0
 0.441836 0.489002 0.0689373 0.000224442 0
 0.779404 0.147425 0.0564933 0.0165055 0.000172143
 0.814271 0.122319 0.05973 0.00367925 0
 0.40263 0.566651 0.0304383 0.000280538 0
 0.475488 0.404961 0.113038 0.00651328 0
 0.955842 0.0263864 0.0167828 0.000988607 0
 0.975058 0.0227948 0.00214734 0 0
 0.738997 0.206755 0.0527124 0.00153531 0
 0.850938 0.134255 0.0134407 0.00136685 0
 0.542534 0.407297 0.0501686 0 0
 0.764087 0.199537 0.0359546 0.000420521 0
 0.470689 0.182191 0.310203 0.0369168 0
 0.84361 0.089868 0.0606195 0.00523954 0.000663233
 0.607945 0.314616 0.071237 0.00620181 0
 0.523733 0.453247 0.0230204 0 0
 0.530135 0.295979 0.169645 0.0042399 0
 0.562478 0.366248 0.0663022 0.0049721 0
ppred_RECLAS
 0.286311 0.359281 0.178414 0.0885977 0.0873958
 0.493619 0.232593 0.137829 0.0684438 0.0675153
 0.23883 0.515763 0.112722 0.066796 0.0658899
 0.279989 0.309648 0.278059 0.0607706 0.0715338
 0.759801 0.108713 0.0565467 0.050778 0.0241609
 0.217009 0.67724 0.0478624 0.0248954 0.0329929
 0.844262 0.0611716 0.081794 0.0057806 0.00699149
 0.213895 0.723563 0.0245654 0.032847 0.00512904
 0.445933 0.209294 0.317343 0.010774 0.0166557
 0.869886 0.0858798 0.0167089 0.025335 0.00218984
 0.12628 0.817007 0.0374321 0.00728286 0.0119971
 0.181058 0.20068 0.578132 0.0264878 0.0136429
 0.515914 0.161252 0.0791096 0.227905 0.0158199
 0.609053 0.284221 0.0355511 0.0174412 0.0537337
 0.598888 0.329741 0.0518875 0.00649023 0.0129937
 0.506806 0.392629 0.0826706 0.0130089 0.0048849
 0.457601 0.377464 0.131304 0.0276469 0.0059841
 0.444698 0.360053 0.135877 0.0472659 0.0121062
 0.440866 0.352869 0.133741 0.050471 0.0220536
 0.597984 0.252109 0.0946059 0.0358565 0.0194442
 0.586342 0.314501 0.0621828 0.0233345 0.0136399
 0.526796 0.352394 0.0918508 0.0181606 0.0107985
 0.257002 0.518049 0.167519 0.0436636 0.0137664
 0.204301 0.333948 0.321952 0.104108 0.035691
pobs_PELACES
 0 0 0 0 0
 0 0 0 0 0
 0 0 0 0 0
 0 0 0 0 0
 0 0 0 0 0
 0 0 0 0 0
 0 0 0 0 0
 0 0 0 0 0
 0 0 0 0 0
 0 0 0 0 0
 0.450072 0.473896 0.0757376 0.000293798 0
 0 0 0 0 0
 0.463077 0.371075 0.160297 0.00555027 0
 0.529543 0.364841 0.0842815 0.0213345 0
 0.631943 0.363953 0.00410389 0 0
 0.735681 0.248677 0.0153453 0.000297389 0
 0.695825 0.281241 0.0229344 0 0
 0.275771 0.60734 0.115278 0.00161068 0
 0 0 0 0 0
 0.896147 0.0623911 0.0374545 0.00400742 0
 0.803859 0.145111 0.0509908 3.86294e-05 0
 0.739449 0.233085 0.0266225 0.000797448 4.60066e-05
 0.878498 0.100942 0.0204185 0.000141795 0
 0.694673 0.275183 0.0284847 0.00165964 0
ppred_PELACES
 0.294081 0.35537 0.176471 0.0876331 0.0864443
 0.506011 0.226901 0.134456 0.0667689 0.0658631
 0.261645 0.500303 0.109343 0.0647939 0.0639149
 0.288202 0.306116 0.274887 0.0600775 0.0707179
 0.761268 0.108049 0.0562014 0.0504679 0.0240134
 0.234825 0.661831 0.0467734 0.024329 0.0322422
 0.849813 0.0589911 0.0788786 0.00557456 0.00674229
 0.226276 0.712167 0.0241785 0.0323297 0.00504826
 0.476663 0.197686 0.299742 0.0101764 0.0157319
 0.875355 0.0822701 0.0160066 0.0242701 0.00209779
 0.134965 0.808887 0.0370601 0.00721048 0.0118779
 0.193293 0.197681 0.569495 0.026092 0.0134391
 0.552465 0.149077 0.0731364 0.210697 0.0146254
 0.668925 0.240694 0.0301066 0.0147702 0.0455046
 0.640554 0.295488 0.0464976 0.00581604 0.011644
 0.524533 0.378517 0.0796992 0.0125414 0.00470932
 0.472185 0.367315 0.127773 0.0269035 0.00582319
 0.455463 0.353073 0.133243 0.0463496 0.0118715
 0.45136 0.346246 0.13123 0.0495237 0.0216397
 0.608105 0.245762 0.0922242 0.0349538 0.0189547
 0.5909 0.311036 0.0614976 0.0230774 0.0134896
 0.532347 0.34826 0.0907733 0.0179476 0.0106718
 0.26264 0.514118 0.166248 0.0433322 0.013662
 0.213402 0.330129 0.31827 0.102917 0.0352828
pobs_pel_tallas
 0 0 0 0 0 0 0 0 0 0 0 0 0 0 0 0 0 0 0 0 0 0 0 0 0 0 0 0 0 0 0 0 0 0 0 0
 0 0 0 0 0 0 0 0 0 0 0 0 0 0 0 0 0 0 0 0 0 0 0 0 0 0 0 0 0 0 0 0 0 0 0 0
 0 0 0 0 0 0 0 0 0 0 0 0 0 0 0 0 0 0 0 0 0 0 0 0 0 0 0 0 0 0 0 0 0 0 0 0
 0 0 0 0 0 0 0 0 0 0 0 0 0 0 0 0 0 0 0 0 0 0 0 0 0 0 0 0 0 0 0 0 0 0 0 0
 0 0 0 0 0 0 0 0 0 0 0 0 0 0 0 0 0 0 0 0 0 0 0 0 0 0 0 0 0 0 0 0 0 0 0 0
 0 0 0 0 0 0 0 0 0 0 0 0 0 0 0 0 0 0 0 0 0 0 0 0 0 0 0 0 0 0 0 0 0 0 0 0
 0 0 0 0 0 0 0 0 0 0 0 0 0 0 0 0 0 0 0 0 0 0 0 0 0 0 0 0 0 0 0 0 0 0 0 0
 0 0 0 0 0 0 0 0 0 0 0 0 0 0 0 0 0 0 0 0 0 0 0 0 0 0 0 0 0 0 0 0 0 0 0 0
 0 0 0 0 0 0 0 0 0 0 0 0 0 0 0 0 0 0 0 0 0 0 0 0 0 0 0 0 0 0 0 0 0 0 0 0
 0 0 0 0 0 0 0 0 0 0 0 0 0 0 0 0 0 0 0 0 0 0 0 0 0 0 0 0 0 0 0 0 0 0 0 0
 0 0 0 0 0 0 0 0 1.78061e-05 0.00172719 0.00360574 0.0105946 0.0120993 0.0124554 0.0147524 0.0171206 0.0266825 0.0428682 0.0675386 0.121331 0.153587 0.119568 0.100827 0.0573624 0.0630603 0.0341343 0.0324427 0.0444173 0.0211091 0.0280891 0.0125444 0.00206551 0 0 0 0
 0 0 0 0 0 0 0 0 0 0 0 0 0 0 0 0 0 0 0 0 0 0 0 0 0 0 0 0 0 0 0 0 0 0 0 0
 0 0 0 0 0 0 0.0133647 0.0140871 0.0187388 0.0205184 0.03894 0.0496705 0.03968 0.0493445 0.0407372 0.0367815 0.0215668 0.0243155 0.0234873 0.0199281 0.019796 0.0243948 0.0301388 0.0376714 0.0412746 0.0863199 0.0771752 0.113111 0.0741005 0.0525337 0.0229764 0.00759418 0.00175318 0 0 0
 0 0 0 0 0 0 0 0 0 0 0.00219441 0.00772107 0.0458388 0.0604681 0.0671733 0.0775358 0.0609151 0.0617685 0.073594 0.0568108 0.0755445 0.0548602 0.0670107 0.0636378 0.0643287 0.046367 0.0373049 0.0286899 0.0247887 0.0153202 0.00654259 0.00121912 0.000365735 0 0 0
 0 0 0 0 0 0 0 0 0 0 0 0 0.000112435 0.00938835 0.0111873 0.0202946 0.0414886 0.0713402 0.111592 0.104902 0.108894 0.110636 0.117776 0.105296 0.107544 0.0401394 0.0192827 0.0124803 0.00416011 0.0028671 0.000618394 0 0 0 0 0
 0 0 0 0 0 0 0 0 0 0 0.00291406 0.0102884 0.027416 0.0768956 0.0749926 0.110853 0.0956884 0.0897413 0.0766577 0.0534642 0.0500743 0.0551293 0.0594112 0.0620874 0.0668451 0.0424026 0.0208742 0.0120726 0.0048766 0.00582813 0.00118941 0.000297354 0 0 0 0
 0 0.00264628 0.0354308 0.0461629 0.0458689 0.0383711 0.0214643 0.0164657 0.0346957 0.0420465 0.0363128 0.0245516 0.0311673 0.0291091 0.0169068 0.0133784 0.00837989 0.0085269 0.0148486 0.0160247 0.0276389 0.0546898 0.0760071 0.122758 0.109233 0.0665981 0.0333725 0.0166128 0.00676272 0.00308733 0.000882094 0 0 0 0 0
 0 0 0 0 0 0 0 0.000805153 0.000690131 0.00759144 0.0133425 0.0154129 0.00931677 0.000345066 0.00356568 0.00563607 0.00851162 0.0253048 0.0502646 0.0516448 0.0657925 0.0565908 0.0611916 0.0827007 0.0866115 0.110766 0.145733 0.0935128 0.0569358 0.0249597 0.0138026 0.00621118 0.00161031 0.00115022 0 0
 0 0 0 0 0 0 0 0 0 0 0 0 0 0 0 0 0 0 0 0 0 0 0 0 0 0 0 0 0 0 0 0 0 0 0 0
 0.00147267 0.00158595 0.00478618 0.00569244 0.00954404 0.0108468 0.00647125 0.017049 0.0510054 0.094081 0.124002 0.0959785 0.0687766 0.0820023 0.061753 0.0591476 0.0492212 0.0479892 0.0443925 0.0268479 0.0217502 0.0140895 0.0121071 0.0120363 0.00920419 0.00665534 0.0049561 0.00860946 0.00930331 0.0156896 0.0114698 0.00855282 0.00243557 0.00046729 0 2.83206e-05
 0 0 0 0 0.000772559 0.00158375 0.000888443 0.00281984 0.00712685 0.0440552 0.0773331 0.111326 0.0921469 0.0852325 0.0710754 0.0886704 0.0786465 0.0553345 0.0373146 0.0185414 0.00753245 0.00457741 0.012979 0.0271748 0.0457355 0.0583668 0.034881 0.0177882 0.00938659 0.00492506 0.0015258 0.00185414 0.000309023 5.79419e-05 3.86279e-05 0
 0 0.00173294 0.00326652 0 0.00397197 0.00683976 0.00946217 0.0152591 0.00757587 0.0136028 0.0228656 0.0392903 0.0559909 0.0764795 0.0681675 0.0726916 0.0566044 0.0477403 0.0527397 0.0444891 0.0609904 0.0582453 0.0661739 0.0445044 0.0529084 0.0360697 0.0280645 0.0235558 0.0158879 0.00826598 0.00280645 0.00217768 0.000904811 0.00058276 9.20147e-05 0
 0 0 0 0 0 0 0 0 0 0 0 0 0 0 0 0 0 0 0 0 0 0 0 0 0 0 0 0 0 0 0 0 0 0 0 0
 0 0 0 0 0 0 0 0 0 0 0 0 0 0 0 0 0 0 0 0 0 0 0 0 0 0 0 0 0 0 0 0 0 0 0 0
ppred_pel_tallas
 1.09672e-16 1.28505e-05 7.53722e-05 0.000358182 0.00137885 0.00429965 0.0108609 0.0222253 0.0368502 0.0495173 0.0539596 0.0477746 0.0345883 0.0209743 0.0116579 0.00766843 0.00776169 0.0104165 0.0146763 0.0200326 0.0260942 0.0324041 0.0384247 0.0436166 0.0475452 0.0499651 0.0508536 0.0503797 0.0488281 0.0465071 0.0436744 0.0405028 0.0370864 0.0334735 0.0297063 0.0258493
 1.07355e-16 2.20864e-05 0.000129607 0.000616046 0.00237174 0.00739596 0.0186817 0.0382263 0.0633681 0.0851133 0.0926509 0.0817979 0.0587135 0.0345898 0.017397 0.00871301 0.00619879 0.00707971 0.00965328 0.0131461 0.0171765 0.0214276 0.0255549 0.0292127 0.0321157 0.0340914 0.0351015 0.0352238 0.0346072 0.0334168 0.0317916 0.0298257 0.0275749 0.0250783 0.0223822 0.0195543
 1.06928e-16 1.14419e-05 6.70895e-05 0.000318777 0.00122708 0.00382633 0.00966548 0.0197804 0.0328019 0.0440931 0.0480906 0.0426774 0.0311131 0.019295 0.0114918 0.00869252 0.00985818 0.0136748 0.0192737 0.0261036 0.0336255 0.0411647 0.0479402 0.0531986 0.0563777 0.0572306 0.0558711 0.0527185 0.0483704 0.0434466 0.0384583 0.0337367 0.0294296 0.0255467 0.0220266 0.018796
 1.09371e-16 1.25925e-05 7.38609e-05 0.000351006 0.00135123 0.00421354 0.0106433 0.0217798 0.0361106 0.0485205 0.0528658 0.0467883 0.0338357 0.0204417 0.0112275 0.00719177 0.00710906 0.00949157 0.0134195 0.018431 0.0241972 0.030336 0.0363837 0.0418542 0.0463263 0.0495171 0.0513159 0.0517693 0.0510303 0.0492948 0.0467509 0.0435559 0.0398405 0.0357287 0.0313572 0.0268836
 1.0369e-16 3.32119e-05 0.000194934 0.000926646 0.00356767 0.0111255 0.0281019 0.0574998 0.0953104 0.127994 0.139268 0.122808 0.0878328 0.0511039 0.0245116 0.0103072 0.00484313 0.00383936 0.00468725 0.00627012 0.00817626 0.0102015 0.0121735 0.0139283 0.0153321 0.0163044 0.0168278 0.0169389 0.0167061 0.016204 0.0154927 0.0146109 0.0135792 0.0124115 0.0111276 0.00976028
 1.03223e-16 1.02789e-05 6.02469e-05 0.000286213 0.00110165 0.00343513 0.00867755 0.0177602 0.0294578 0.0396162 0.0432556 0.0385002 0.0283138 0.0180452 0.0115989 0.00994641 0.0122319 0.0173191 0.0244047 0.032875 0.0420206 0.0509202 0.0585176 0.0638166 0.0661073 0.065137 0.0611693 0.0549026 0.0472878 0.0393001 0.0317453 0.0251458 0.019724 0.015459 0.0121819 0.00966869
 1.01646e-16 3.70711e-05 0.000217595 0.00103439 0.00398251 0.0124191 0.0313696 0.0641854 0.10639 0.142867 0.155436 0.13703 0.0979255 0.0568172 0.0269537 0.010819 0.00431232 0.00263335 0.00286403 0.00377622 0.0049574 0.00625209 0.00755388 0.00876107 0.009782 0.0105478 0.0110205 0.0111923 0.0110787 0.0107098 0.0101215 0.00935246 0.00844342 0.00743839 0.00638506 0.00533274
 1.01922e-16 9.90822e-06 5.80658e-05 0.000275834 0.00106167 0.00331044 0.00836266 0.0171163 0.0283919 0.038189 0.0417141 0.0371679 0.0274196 0.0176432 0.0116268 0.0103357 0.0129723 0.0184569 0.0260075 0.0349915 0.0446466 0.053975 0.0618349 0.0671542 0.0691767 0.0676471 0.0628742 0.0556418 0.0470088 0.0380598 0.0296908 0.022484 0.0166858 0.0122681 0.00903171 0.00670902
 1.05405e-16 2.08061e-05 0.000122092 0.000580321 0.00223419 0.00696703 0.0175983 0.0360093 0.059693 0.0801769 0.0872772 0.0770534 0.0553079 0.0325845 0.0163938 0.00822808 0.00589411 0.00679534 0.00935271 0.0128689 0.0170181 0.0215296 0.0260905 0.0303591 0.034015 0.0368081 0.0385875 0.0393033 0.0389879 0.0377287 0.0356448 0.0328749 0.0295754 0.0259203 0.0220982 0.0183007
 1.01187e-16 3.81856e-05 0.000224137 0.00106548 0.00410223 0.0127925 0.0323126 0.066115 0.109589 0.147164 0.160115 0.141163 0.100896 0.0585754 0.0278511 0.0112854 0.00465495 0.0030107 0.00333409 0.00433727 0.00556321 0.0068147 0.00794801 0.00883741 0.00939004 0.00956454 0.00937796 0.00889681 0.00821623 0.00743472 0.00663311 0.00586343 0.00514876 0.00449099 0.00388184 0.00331229
 1.01593e-16 5.93057e-06 3.47045e-05 0.000164752 0.000633938 0.00197656 0.00499351 0.0102235 0.0169699 0.0228602 0.0250615 0.022546 0.0170988 0.0119143 0.00939639 0.0102891 0.0142802 0.020836 0.0294886 0.0396928 0.0506338 0.0611877 0.0700559 0.0760174 0.0782105 0.0763445 0.070772 0.0623892 0.0524081 0.0420732 0.032417 0.0241149 0.0174587 0.0124243 0.00878716 0.00623921
 1.09673e-16 8.45052e-06 4.95517e-05 0.000235454 0.000906359 0.00282623 0.007139 0.014609 0.0242226 0.0325503 0.0354742 0.0314172 0.0227668 0.0138521 0.00779476 0.00529857 0.00559048 0.00773779 0.0112036 0.0157668 0.0212911 0.0275809 0.0343394 0.0411851 0.047695 0.0534522 0.0580859 0.061298 0.0628786 0.0627179 0.0608166 0.0572943 0.0523917 0.0464544 0.0399003 0.0331693
 1.0901e-16 2.41086e-05 0.000141487 0.000672542 0.00258929 0.00807441 0.0203953 0.0417319 0.0691764 0.0929055 0.101109 0.0892081 0.0639078 0.0373988 0.018345 0.008424 0.00503805 0.00512727 0.00683171 0.00935003 0.0123608 0.0156605 0.0190432 0.0222971 0.0252362 0.0277274 0.0297015 0.0311401 0.0320505 0.0324383 0.032292 0.0315861 0.0302985 0.0284343 0.0260457 0.0232371
 1.0314e-16 2.91906e-05 0.000171314 0.000814324 0.00313515 0.00977665 0.0246951 0.0505302 0.083762 0.112498 0.122441 0.108051 0.077453 0.0454176 0.0224446 0.0105725 0.00665371 0.00696313 0.00920059 0.0123132 0.0157951 0.0192609 0.0223239 0.0246241 0.0259008 0.026051 0.0251501 0.023423 0.0211796 0.018736 0.0163481 0.0141758 0.0122803 0.0106483 0.00922666 0.00795509
 1.01501e-16 2.79559e-05 0.000164059 0.000779825 0.0030023 0.00936234 0.0236487 0.0483895 0.0802154 0.10774 0.117278 0.103531 0.074293 0.043725 0.0219059 0.010816 0.00746783 0.00831136 0.0111414 0.0149176 0.0190899 0.0231931 0.0267447 0.0292935 0.0305123 0.030274 0.0286783 0.0260184 0.022702 0.0191529 0.0157269 0.0126617 0.0100689 0.00795754 0.00627289 0.0049349
 1.01906e-16 2.29002e-05 0.000134371 0.000638663 0.00245876 0.00766732 0.0193673 0.0396302 0.0656992 0.0882559 0.0961023 0.0849173 0.06111 0.0363168 0.0188448 0.0103793 0.00853726 0.010458 0.0143435 0.0192914 0.0247316 0.0301017 0.0347884 0.0382103 0.0399402 0.0398023 0.0379091 0.0346193 0.0304405 0.0259052 0.021465 0.0174283 0.0139489 0.0110548 0.00869465 0.00678448
 1.0313e-16 2.06173e-05 0.000120969 0.00057495 0.00221345 0.00690233 0.017435 0.0356765 0.0591458 0.0794555 0.0865277 0.0764766 0.0550783 0.0328183 0.0171893 0.00972642 0.00830529 0.0103706 0.0143186 0.019342 0.0249189 0.0305185 0.035551 0.0394464 0.0417708 0.0423204 0.041158 0.0385783 0.0350189 0.0309489 0.0267739 0.0227803 0.0191274 0.0158718 0.0130089 0.0105093
 1.04154e-16 1.98875e-05 0.000116686 0.000554591 0.00213507 0.0066579 0.0168176 0.0344131 0.0570514 0.0766421 0.0834642 0.0737699 0.0531311 0.0316626 0.016593 0.00940504 0.00805272 0.0100759 0.0139338 0.0188559 0.0243476 0.0299063 0.0349704 0.0389935 0.0415548 0.0424479 0.0417159 0.0396184 0.0365485 0.0329287 0.0291236 0.0253898 0.021871 0.0186231 0.0156535 0.0129545
 1.04689e-16 1.97083e-05 0.000115634 0.000549594 0.00211584 0.00659792 0.0166661 0.034103 0.0565372 0.0759511 0.082711 0.0731025 0.0526468 0.0313668 0.0164249 0.00928967 0.00793285 0.00991666 0.0137162 0.0185714 0.0239983 0.0295067 0.0345485 0.0385901 0.0412191 0.0422315 0.0416653 0.039768 0.0369156 0.0335117 0.029902 0.0263281 0.0229229 0.019737 0.016778 0.0140425
 1.03476e-16 2.6539e-05 0.000155745 0.000740309 0.00285017 0.00888794 0.0224503 0.0459373 0.0761495 0.102277 0.111325 0.0982608 0.0704789 0.0414163 0.0206329 0.0100008 0.0066793 0.00730199 0.0097924 0.0131973 0.0170461 0.0209613 0.024549 0.0274302 0.029313 0.0300528 0.0296766 0.0283595 0.0263672 0.0239843 0.0214538 0.0189445 0.0165483 0.0142993 0.0122015 0.0102523
 1.02398e-16 2.57913e-05 0.00015135 0.000719401 0.00276965 0.00863682 0.0218161 0.0446401 0.0740012 0.0993976 0.108207 0.0955467 0.0686151 0.0404875 0.0204777 0.0104323 0.00761584 0.00877013 0.0118676 0.0159398 0.0204512 0.0249271 0.0288648 0.0317896 0.0333525 0.0334087 0.0320466 0.0295534 0.0263345 0.0228128 0.0193433 0.0161636 0.0133875 0.0110296 0.00904584 0.00737162
 1.02518e-16 2.32398e-05 0.000136367 0.000648159 0.00249534 0.00778137 0.0196554 0.0402194 0.066675 0.0895636 0.0975182 0.0861493 0.061955 0.0367358 0.0189102 0.0101747 0.00809801 0.00976997 0.0133702 0.0180033 0.0231295 0.0282315 0.0327472 0.0361405 0.0380121 0.0381882 0.0367544 0.0340191 0.0304257 0.0264424 0.0224675 0.018775 0.0155056 0.0126925 0.010304 0.00828242
 1.04655e-16 1.14862e-05 6.73471e-05 0.000319997 0.00123177 0.00384095 0.00970244 0.0198562 0.0329279 0.0442639 0.0482803 0.0428541 0.03126 0.0194222 0.0116315 0.00888799 0.0101565 0.0141241 0.0199214 0.0269903 0.0347765 0.0425794 0.0495829 0.0549937 0.0582097 0.058952 0.0573152 0.0537173 0.0487742 0.0431427 0.0373865 0.0318991 0.0268932 0.0224371 0.0185142 0.0150761
 1.09811e-16 9.33194e-06 5.47162e-05 0.000259984 0.00100077 0.00312062 0.00788273 0.0161316 0.0267496 0.0359533 0.0392016 0.0347627 0.0252868 0.0155731 0.00909139 0.00664054 0.00737678 0.0102541 0.0146224 0.0201296 0.026469 0.0332417 0.0399486 0.0460598 0.0511094 0.0547743 0.056913 0.0575517 0.0568335 0.0549542 0.0521108 0.0484781 0.0442139 0.0394772 0.0344454 0.0293178
pSPR Fmed_Fpbrs
0.543271   0.255389 0.255389
Fs Fmed_Fpbrs
0.344561   1.005 1.005
SSBpbr Bo_Bmed_Bpbrs
932946  460195  191617 191617
Ro
29143.9
SPR SPRFo_SPRFmed_SPRFpbrs
599594 325742 153130
log_Ro
10.1
likeval ReclasPelacesDesembMPH_pf_preclas_ppelaces_ptallas_desvR_qrecl_qpela
 104.566 100.128 0.680829 0.000682213 348.338 188.058 96.4351 0 19.7245 0 0 0 0 0 0
q_reclas_q_pelaces
1 1
M
0.7
N
 26081 17326.6 8604.15 4272.69 4214.73
 45486.2 11552.4 6845.67 3399.46 3353.34
 14970.7 19437.4 4248.11 2517.33 2483.18
 8746.66 5141.75 4617.2 1009.1 1187.83
 53069.1 3843.21 1999.03 1795.1 854.133
 14123.4 25717.9 1817.55 945.394 1252.89
 133221 5150.04 6886.24 486.669 588.614
 30793.4 58100 1972.53 2637.51 411.847
 43415.7 12288.7 18632.8 632.593 977.936
 278651 14819.7 2883.35 4371.89 377.886
 32816.9 119205 5461.5 1062.6 1750.43
 20645.7 12924.7 37234.3 1705.93 878.668
 41148.8 8034.49 3941.68 11355.5 788.234
 37835.1 13090.2 1637.36 803.281 2474.78
 23741.1 8545.29 1344.67 168.195 336.735
 15988.8 6896.62 1452.13 228.505 85.8043
 14205.4 6403.14 2227.38 468.99 101.512
 13658.1 5905.9 2228.77 775.295 198.577
 13928.9 5944.85 2253.15 850.295 371.541
 27060 6081.61 2282.17 864.963 469.05
 42840.2 11821.7 2337.37 877.114 512.706
 58083.8 20094.3 5237.53 1035.56 615.753
 25587.4 26960.3 8718.03 2272.34 716.433
 13085.9 11626 11208.4 3624.41 1242.54
pred_Ctot
 2039.54 2580.41 1281.39 636.321 627.689
 4602.14 2193.43 1299.77 645.449 636.693
 3391.03 7602.97 1661.65 984.655 971.297
 729.619 814.115 731.062 159.776 188.074
 921.556 132.053 68.6869 61.6797 29.3481
 2747 8827.46 623.86 324.499 430.044
 11754.1 859.823 1149.69 81.2518 98.2719
 4403.92 15174.2 515.173 688.851 107.564
 9972.96 4863.97 7375.01 250.386 387.075
 28001.1 2795.88 543.972 824.8 71.2918
 4948.6 32659 1496.31 291.125 479.573
 3257.37 3687.9 10624.4 486.767 250.717
 10909.8 3581.95 1757.29 5062.51 351.412
 15509.7 8132.67 1017.26 499.061 1537.53
 7306.07 4291.68 675.332 84.4723 169.117
 2253.19 1777.31 374.224 58.8873 22.1124
 1680.1 1405.54 488.928 102.947 22.2826
 1222.26 999.291 377.112 131.182 33.5996
 1218.72 984.723 373.219 140.845 61.5431
 2357.58 1003.34 376.512 142.701 77.3839
 1713.86 922.681 182.431 68.4587 40.0167
 2738 1839.74 479.525 94.8111 56.3756
 1572.52 3189.19 1031.27 268.8 84.7483
 1460.82 2419.15 2332.24 754.166 258.548
F
 0.114314 0.228628 0.228628 0.228628 0.228628
 0.15021 0.30042 0.30042 0.30042 0.30042
 0.368706 0.737411 0.737411 0.737411 0.737411
 0.122365 0.244731 0.244731 0.244731 0.244731
 0.0244078 0.0488155 0.0488155 0.0488155 0.0488155
 0.308831 0.617662 0.617662 0.617662 0.617662
 0.129844 0.259688 0.259688 0.259688 0.259688
 0.218622 0.437244 0.437244 0.437244 0.437244
 0.374863 0.749725 0.749725 0.749725 0.749725
 0.149118 0.298235 0.298235 0.298235 0.298235
 0.231805 0.463611 0.463611 0.463611 0.463611
 0.243766 0.487532 0.487532 0.487532 0.487532
 0.445329 0.890658 0.890658 0.890658 0.890658
 0.787857 1.57571 1.57571 1.57571 1.57571
 0.536175 1.07235 1.07235 1.07235 1.07235
 0.215102 0.430204 0.430204 0.430204 0.430204
 0.17767 0.35534 0.35534 0.35534 0.35534
 0.13181 0.26362 0.26362 0.26362 0.26362
 0.1287 0.2574 0.2574 0.2574 0.2574
 0.128122 0.256244 0.256244 0.256244 0.256244
 0.0570416 0.114083 0.114083 0.114083 0.114083
 0.0675205 0.135041 0.135041 0.135041 0.135041
 0.0888515 0.177703 0.177703 0.177703 0.177703
 0.166927 0.333854 0.333854 0.333854 0.333854
nmprior
 10 10 8 0
nm_flota  nm_reclas  nm_pelaces    nm_pelaL
inf 9.36951 6.23398 8.98915
cv_recla  cv_pelaces  cv_mph
0.946719 1.17745 0.847419
 ------------------------------------------------
Talla a la edad & desviación 
 7.2 14.2025 17.0495 18.207 18.6776
 1.08 2.13037 2.55742 2.73105 2.80164
