years
 1997 1998 1999 2000 2001 2002 2003 2004 2005 2006 2007 2008 2009 2010 2011 2012 2013 2014 2015 2016 2017 2018 2019 2020
reclasobs
 0 0 0 370054 412103 1.49427e+06 250295 1.28982e+06 931140 785840 897777 1.04006e+06 184774 17550 25797 100020 73551 82996 120727 218422 84188 347160 605670 569463
reclaspred
 382250 105828 331551 246100 362590 432643 947556 635297 707983 638226 501989 337832 206546 96584.8 68769.9 70911 89782.8 121475 127161 186096 272384 251618 438350 508018
pelacesobs
 0 0 0 0 0 0 0 0 0 2.06254e+06 1.5e+06 0 1.87456e+06 323000 250000 174000 83755 137374 0 501740 490994 745055 786931 1.00524e+06
pelacespred
 1.11709e+06 275557 532564 597780 752039 754022 1.86384e+06 1.56748e+06 1.54284e+06 1.40659e+06 998427 693260 422278 165664 115770 127357 168131 229716 248566 352373 571606 515486 710010 974673
mphobs
 0 0 0 0 0 112323 0 153150 637223 0 255016 313432 73983 77613 109348 50772 0 0 0 0 0 0 0 0
mphpred
 711290 438419 545218 686821 730761 1.14337e+06 1.7264e+06 2.0234e+06 1.74516e+06 1.76082e+06 1.63913e+06 1.15642e+06 715364 376991 184214 160560 196401 273274 334625 382917 585930 698697 887635 1.24577e+06
desembarqueobs
 350755 77701 442110 56441 14545 235359 269955 359681 431902 328805 639364 411747 362871 311530 167758 66681 60226 58785 57116 71774 51957 67425 138520 160799
desembarquepred
 350761 77701.1 442108 56442 14545.1 235391 269979 359682 431930 328825 639572 411990 363202 311971 167801 66692.2 60243.9 58786.3 57112.6 71773.1 51957.3 67419.9 138518 160799
Reclutas
 53062.8 68455.1 42018.9 68340.8 116688 84170.6 131667 127023 151286 147067 68691.7 40789.8 42255.5 23495.2 18580 23188.1 19385.6 20923.3 23981.3 44982.5 56455.9 73721.5 116720 109920
log_desv_Rt
 -0.0607694 0.193934 -0.294126 0.192262 0.72726 0.400601 0.848028 0.812121 0.98693 0.958642 0.197384 -0.323812 -0.28851 -0.875449 -1.11016 -0.888604 -1.06772 -0.991381 -0.854969 -0.22597 0.00121471 0.26805 0.727534 0.667506
SSB
 711290 438419 545218 686821 730761 1.14337e+06 1.7264e+06 2.0234e+06 1.74516e+06 1.76082e+06 1.63913e+06 1.15642e+06 715364 376991 184214 160560 196401 273274 334625 382917 585930 698697 887635 1.24577e+06
BT
 2.28833e+06 624841 1.1966e+06 1.13018e+06 1.35765e+06 1.53567e+06 3.521e+06 3.21551e+06 3.1582e+06 2.83657e+06 2.36846e+06 1.6222e+06 1.11425e+06 598160 350784 283309 350520 458359 494463 689538 1.06581e+06 986170 1.36634e+06 1.87782e+06
Ftot
 0.419526 0.34702 0.503497 0.095394 0.0185637 0.182476 0.114118 0.225476 0.250565 0.200332 0.4158 0.385106 0.607618 1.06757 0.993049 0.392572 0.280429 0.189823 0.164091 0.166925 0.0786271 0.100204 0.117955 0.117485
BD_Bspro_t
 0.948522 0.759913 0.722448 0.605172 0.732442 0.848761 0.82043 0.82634 0.779778 0.746531 0.711992 0.565191 0.452758 0.339975 0.221719 0.237091 0.352589 0.517633 0.622281 0.702426 0.798054 0.859343 0.8658 0.867234
BD_Bspro
 0.613133 0.377918 0.469979 0.592041 0.629917 0.985589 1.48816 1.74417 1.50433 1.51783 1.41293 0.996837 0.616645 0.324966 0.158793 0.138403 0.169298 0.235563 0.288447 0.330075 0.505073 0.602278 0.765143 1.07385
BD_Bo
 0.547219 0.33729 0.419454 0.528394 0.562198 0.879634 1.32817 1.55667 1.34261 1.35466 1.26103 0.889673 0.550353 0.290031 0.141722 0.123524 0.151098 0.210239 0.257438 0.29459 0.450775 0.53753 0.682887 0.958408
BD_Brms
 1.9169 1.18152 1.46934 1.85095 1.96937 3.08134 4.65256 5.45297 4.70314 4.74534 4.41738 3.11651 1.92788 1.01597 0.49645 0.432703 0.529292 0.736462 0.901801 1.03194 1.57906 1.88296 2.39214 3.35728
S_f
 0.192877 1 1 1 1
 0.192877 1 1 1 1
 0.192877 1 1 1 1
 0.192877 1 1 1 1
 0.192877 1 1 1 1
 0.192877 1 1 1 1
 0.192877 1 1 1 1
 0.192877 1 1 1 1
 0.192877 1 1 1 1
 0.192877 1 1 1 1
 0.192877 1 1 1 1
 0.192877 1 1 1 1
 0.192877 1 1 1 1
 0.192877 1 1 1 1
 0.192877 1 1 1 1
 0.192877 1 1 1 1
 0.192877 1 1 1 1
 0.192877 1 1 1 1
 0.192877 1 1 1 1
 0.192877 1 1 1 1
 0.192877 1 1 1 1
 0.192877 1 1 1 1
 0.192877 1 1 1 1
 0.192877 1 1 1 1
Scru_reclas
 1 1 1 1 1
 1 1 1 1 1
 1 1 1 1 1
 1 1 1 1 1
 1 1 1 1 1
 1 1 1 1 1
 1 1 1 1 1
 1 1 1 1 1
 1 1 1 1 1
 1 1 1 1 1
 1 1 1 1 1
 1 1 1 1 1
 1 1 1 1 1
 1 1 1 1 1
 1 1 1 1 1
 1 1 1 1 1
 1 1 1 1 1
 1 1 1 1 1
 1 1 1 1 1
 1 1 1 1 1
 1 1 1 1 1
 1 1 1 1 1
 1 1 1 1 1
 1 1 1 1 1
Scru_pelaces
 1 1 1 1 1
 1 1 1 1 1
 1 1 1 1 1
 1 1 1 1 1
 1 1 1 1 1
 1 1 1 1 1
 1 1 1 1 1
 1 1 1 1 1
 1 1 1 1 1
 1 1 1 1 1
 1 1 1 1 1
 1 1 1 1 1
 1 1 1 1 1
 1 1 1 1 1
 1 1 1 1 1
 1 1 1 1 1
 1 1 1 1 1
 1 1 1 1 1
 1 1 1 1 1
 1 1 1 1 1
 1 1 1 1 1
 1 1 1 1 1
 1 1 1 1 1
 1 1 1 1 1
pf_obs 
 0.256992 0.487395 0.22802 0.0275931 0
 0.321318 0.546541 0.124235 0.00734118 0.000564706
 0.182869 0.594174 0.210203 0.0122559 0.00049798
 0.330522 0.361315 0.267642 0.0388342 0.00168674
 0.649043 0.306663 0.0425973 0.00169635 0
 0.582887 0.30429 0.105238 0.00758474 0
 0.465427 0.430635 0.0974691 0.00646863 0
 0.296916 0.608066 0.0921331 0.00288517 0
 0.311714 0.524322 0.152257 0.0117073 0
 0.15457 0.633149 0.183074 0.0267441 0.00246327
 0.131901 0.49318 0.331252 0.0422183 0.00144891
 0.196976 0.569456 0.194076 0.0375587 0.00193317
 0.518974 0.381816 0.0799577 0.0180837 0.00116848
 0.0928022 0.601141 0.25162 0.0475244 0.00691264
 0.122501 0.610282 0.24278 0.0234846 0.000952079
 0.383417 0.481906 0.127806 0.00687128 0
 0.0376549 0.599619 0.316969 0.0457579 0
 0.0361596 0.667082 0.258105 0.0386534 0
 0.158088 0.579412 0.248529 0.0139706 0
 0.0477256 0.309471 0.559284 0.082774 0.000745712
 0.0406174 0.521527 0.379366 0.0568643 0.0016247
 0.151134 0.462217 0.34131 0.0453401 0
 0.294876 0.26143 0.354403 0.0886775 0.000613685
 0.281977 0.475581 0.204845 0.0348837 0.00271318
pf_pred 
 0.343929 0.461874 0.173559 0.0206269 1.07881e-05
 0.319684 0.522303 0.111241 0.0418011 0.0049705
 0.182928 0.605486 0.162442 0.0345971 0.0145465
 0.29999 0.416656 0.209978 0.0563339 0.0170427
 0.322117 0.473715 0.121524 0.0612432 0.0214014
 0.176066 0.587467 0.165247 0.0423913 0.028829
 0.263596 0.402334 0.238193 0.0670004 0.0288768
 0.21513 0.519235 0.145129 0.0859207 0.0345848
 0.243836 0.462629 0.194189 0.0542772 0.045068
 0.217045 0.510728 0.166551 0.0699102 0.0357653
 0.117312 0.539947 0.223573 0.0729083 0.0462598
 0.114924 0.403142 0.294802 0.122067 0.0650639
 0.191427 0.360682 0.204009 0.149184 0.0946975
 0.174448 0.51246 0.139661 0.0789955 0.0944347
 0.251673 0.48574 0.163001 0.0444228 0.0551637
 0.331589 0.493926 0.113258 0.0380062 0.0232202
 0.225721 0.584862 0.139971 0.0320955 0.0173506
 0.230193 0.486802 0.213772 0.0511605 0.018073
 0.235097 0.480663 0.179744 0.078932 0.0255634
 0.335056 0.420257 0.153761 0.057499 0.0334274
 0.276465 0.534101 0.119726 0.0438047 0.0259038
 0.264023 0.494906 0.177954 0.0398909 0.0232258
 0.301552 0.461407 0.159398 0.0573149 0.0203284
 0.215069 0.551448 0.154243 0.053285 0.0259553
pobs_RECLAS
 0 0 0 0 0
 0 0 0 0 0
 0 0 0 0 0
 0 0 0 0 0
 0.835266 0.146461 0.0176864 0.000547809 3.91292e-05
 0.385257 0.428462 0.181853 0.0044286 0
 0.867414 0.0963971 0.0333333 0.00285562 0
 0.441836 0.489002 0.0689373 0.000224442 0
 0.779404 0.147425 0.0564933 0.0165055 0.000172143
 0.814271 0.122319 0.05973 0.00367925 0
 0.40263 0.566651 0.0304383 0.000280538 0
 0.475488 0.404961 0.113038 0.00651328 0
 0.955842 0.0263864 0.0167828 0.000988607 0
 0.975058 0.0227948 0.00214734 0 0
 0.738997 0.206755 0.0527124 0.00153531 0
 0.850938 0.134255 0.0134407 0.00136685 0
 0.542534 0.407297 0.0501686 0 0
 0.764087 0.199537 0.0359546 0.000420521 0
 0.470689 0.182191 0.310203 0.0369168 0
 0.84361 0.089868 0.0606195 0.00523954 0.000663233
 0.607945 0.314616 0.071237 0.00620181 0
 0.523733 0.453247 0.0230204 0 0
 0.530135 0.295979 0.169645 0.0042399 0
 0.562478 0.366248 0.0663022 0.0049721 0
ppred_RECLAS
 0.736192 0.185721 0.0697886 0.0082941 4.33794e-06
 0.713277 0.220127 0.046883 0.0176173 0.00209484
 0.545466 0.336829 0.090366 0.0192462 0.00809216
 0.690651 0.184129 0.0927938 0.0248951 0.00753151
 0.711467 0.201631 0.0517252 0.0260675 0.00910923
 0.528043 0.336506 0.0946548 0.0242821 0.0165135
 0.651169 0.190584 0.112831 0.0317379 0.0136788
 0.589993 0.271242 0.075814 0.044884 0.0180667
 0.629036 0.22696 0.0952667 0.0266277 0.0221098
 0.59234 0.26592 0.0867179 0.0364 0.0186219
 0.414275 0.358292 0.148356 0.0483797 0.0306966
 0.408066 0.269619 0.197162 0.0816381 0.0435144
 0.561565 0.195574 0.110621 0.0808926 0.0513481
 0.545935 0.28186 0.0768158 0.0434486 0.0519404
 0.654707 0.22413 0.0752118 0.0204976 0.0254537
 0.72492 0.203272 0.0466106 0.0156412 0.00955612
 0.605688 0.297849 0.071282 0.0163451 0.00883603
 0.610341 0.246408 0.108207 0.0258963 0.00914813
 0.616487 0.240999 0.0901215 0.0395755 0.0128172
 0.724955 0.173833 0.0636011 0.0237836 0.0138268
 0.665421 0.24698 0.055364 0.0202563 0.0119785
 0.651493 0.234353 0.0842665 0.0188895 0.0109981
 0.6925 0.20314 0.0701768 0.0252335 0.00894982
 0.588335 0.289212 0.0808945 0.0279458 0.0136125
pobs_PELACES
 0 0 0 0 0
 0 0 0 0 0
 0 0 0 0 0
 0 0 0 0 0
 0 0 0 0 0
 0 0 0 0 0
 0 0 0 0 0
 0 0 0 0 0
 0 0 0 0 0
 0 0 0 0 0
 0.450072 0.473896 0.0757376 0.000293798 0
 0 0 0 0 0
 0.463077 0.371075 0.160297 0.00555027 0
 0.529543 0.364841 0.0842815 0.0213345 0
 0.631943 0.363953 0.00410389 0 0
 0.735681 0.248677 0.0153453 0.000297389 0
 0.695825 0.281241 0.0229344 0 0
 0.275771 0.60734 0.115278 0.00161068 0
 0 0 0 0 0
 0.896147 0.0623911 0.0374545 0.00400742 0
 0.803859 0.145111 0.0509908 3.86294e-05 0
 0.739449 0.233085 0.0266225 0.000797448 4.60066e-05
 0.878498 0.100942 0.0204185 0.000141795 0
 0.694673 0.275183 0.0284847 0.00165964 0
ppred_PELACES
 0.757315 0.170851 0.0642008 0.00763003 3.99061e-06
 0.731802 0.205905 0.0438539 0.0164791 0.0019595
 0.578465 0.312376 0.0838055 0.017849 0.00750468
 0.696053 0.180914 0.0911733 0.0244604 0.00739999
 0.712481 0.200923 0.0515434 0.0259759 0.00907722
 0.540137 0.327884 0.0922293 0.0236599 0.0160904
 0.658041 0.186829 0.110608 0.0311126 0.0134094
 0.604438 0.261686 0.073143 0.0433027 0.0174302
 0.644471 0.217516 0.091303 0.0255198 0.0211899
 0.605159 0.257558 0.0839911 0.0352554 0.0180363
 0.441378 0.341713 0.141491 0.0461411 0.0292762
 0.433056 0.258237 0.188839 0.0781915 0.0416774
 0.600933 0.178013 0.100688 0.0736291 0.0467374
 0.615054 0.238955 0.0651226 0.0368347 0.0440338
 0.711831 0.187051 0.062769 0.0171065 0.0212427
 0.745274 0.188232 0.0431619 0.0144839 0.00884905
 0.623379 0.284486 0.0680839 0.0156118 0.0084396
 0.622296 0.238848 0.104887 0.0251018 0.00886746
 0.626766 0.234539 0.087706 0.0385148 0.0124736
 0.733731 0.168287 0.0615717 0.0230248 0.0133856
 0.670067 0.24355 0.0545952 0.019975 0.0118122
 0.657528 0.230295 0.0828073 0.0185624 0.0108076
 0.699149 0.198747 0.0686593 0.0246879 0.00875629
 0.595892 0.283903 0.0794094 0.0274328 0.0133626
pobs_pel_tallas
 0 0 0 0 0 0 0 0 0 0 0 0 0 0 0 0 0 0 0 0 0 0 0 0 0 0 0 0 0 0 0 0 0 0 0 0
 0 0 0 0 0 0 0 0 0 0 0 0 0 0 0 0 0 0 0 0 0 0 0 0 0 0 0 0 0 0 0 0 0 0 0 0
 0 0 0 0 0 0 0 0 0 0 0 0 0 0 0 0 0 0 0 0 0 0 0 0 0 0 0 0 0 0 0 0 0 0 0 0
 0 0 0 0 0 0 0 0 0 0 0 0 0 0 0 0 0 0 0 0 0 0 0 0 0 0 0 0 0 0 0 0 0 0 0 0
 0 0 0 0 0 0 0 0 0 0 0 0 0 0 0 0 0 0 0 0 0 0 0 0 0 0 0 0 0 0 0 0 0 0 0 0
 0 0 0 0 0 0 0 0 0 0 0 0 0 0 0 0 0 0 0 0 0 0 0 0 0 0 0 0 0 0 0 0 0 0 0 0
 0 0 0 0 0 0 0 0 0 0 0 0 0 0 0 0 0 0 0 0 0 0 0 0 0 0 0 0 0 0 0 0 0 0 0 0
 0 0 0 0 0 0 0 0 0 0 0 0 0 0 0 0 0 0 0 0 0 0 0 0 0 0 0 0 0 0 0 0 0 0 0 0
 0 0 0 0 0 0 0 0 0 0 0 0 0 0 0 0 0 0 0 0 0 0 0 0 0 0 0 0 0 0 0 0 0 0 0 0
 0 0 0 0 0 0 0 0 0 0 0 0 0 0 0 0 0 0 0 0 0 0 0 0 0 0 0 0 0 0 0 0 0 0 0 0
 0 0 0 0 0 0 0 0 1.78061e-05 0.00172719 0.00360574 0.0105946 0.0120993 0.0124554 0.0147524 0.0171206 0.0266825 0.0428682 0.0675386 0.121331 0.153587 0.119568 0.100827 0.0573624 0.0630603 0.0341343 0.0324427 0.0444173 0.0211091 0.0280891 0.0125444 0.00206551 0 0 0 0
 0 0 0 0 0 0 0 0 0 0 0 0 0 0 0 0 0 0 0 0 0 0 0 0 0 0 0 0 0 0 0 0 0 0 0 0
 0 0 0 0 0 0 0.0133647 0.0140871 0.0187388 0.0205184 0.03894 0.0496705 0.03968 0.0493445 0.0407372 0.0367815 0.0215668 0.0243155 0.0234873 0.0199281 0.019796 0.0243948 0.0301388 0.0376714 0.0412746 0.0863199 0.0771752 0.113111 0.0741005 0.0525337 0.0229764 0.00759418 0.00175318 0 0 0
 0 0 0 0 0 0 0 0 0 0 0.00219441 0.00772107 0.0458388 0.0604681 0.0671733 0.0775358 0.0609151 0.0617685 0.073594 0.0568108 0.0755445 0.0548602 0.0670107 0.0636378 0.0643287 0.046367 0.0373049 0.0286899 0.0247887 0.0153202 0.00654259 0.00121912 0.000365735 0 0 0
 0 0 0 0 0 0 0 0 0 0 0 0 0.000112435 0.00938835 0.0111873 0.0202946 0.0414886 0.0713402 0.111592 0.104902 0.108894 0.110636 0.117776 0.105296 0.107544 0.0401394 0.0192827 0.0124803 0.00416011 0.0028671 0.000618394 0 0 0 0 0
 0 0 0 0 0 0 0 0 0 0 0.00291406 0.0102884 0.027416 0.0768956 0.0749926 0.110853 0.0956884 0.0897413 0.0766577 0.0534642 0.0500743 0.0551293 0.0594112 0.0620874 0.0668451 0.0424026 0.0208742 0.0120726 0.0048766 0.00582813 0.00118941 0.000297354 0 0 0 0
 0 0.00264628 0.0354308 0.0461629 0.0458689 0.0383711 0.0214643 0.0164657 0.0346957 0.0420465 0.0363128 0.0245516 0.0311673 0.0291091 0.0169068 0.0133784 0.00837989 0.0085269 0.0148486 0.0160247 0.0276389 0.0546898 0.0760071 0.122758 0.109233 0.0665981 0.0333725 0.0166128 0.00676272 0.00308733 0.000882094 0 0 0 0 0
 0 0 0 0 0 0 0 0.000805153 0.000690131 0.00759144 0.0133425 0.0154129 0.00931677 0.000345066 0.00356568 0.00563607 0.00851162 0.0253048 0.0502646 0.0516448 0.0657925 0.0565908 0.0611916 0.0827007 0.0866115 0.110766 0.145733 0.0935128 0.0569358 0.0249597 0.0138026 0.00621118 0.00161031 0.00115022 0 0
 0 0 0 0 0 0 0 0 0 0 0 0 0 0 0 0 0 0 0 0 0 0 0 0 0 0 0 0 0 0 0 0 0 0 0 0
 0.00147267 0.00158595 0.00478618 0.00569244 0.00954404 0.0108468 0.00647125 0.017049 0.0510054 0.094081 0.124002 0.0959785 0.0687766 0.0820023 0.061753 0.0591476 0.0492212 0.0479892 0.0443925 0.0268479 0.0217502 0.0140895 0.0121071 0.0120363 0.00920419 0.00665534 0.0049561 0.00860946 0.00930331 0.0156896 0.0114698 0.00855282 0.00243557 0.00046729 0 2.83206e-05
 0 0 0 0 0.000772559 0.00158375 0.000888443 0.00281984 0.00712685 0.0440552 0.0773331 0.111326 0.0921469 0.0852325 0.0710754 0.0886704 0.0786465 0.0553345 0.0373146 0.0185414 0.00753245 0.00457741 0.012979 0.0271748 0.0457355 0.0583668 0.034881 0.0177882 0.00938659 0.00492506 0.0015258 0.00185414 0.000309023 5.79419e-05 3.86279e-05 0
 0 0.00173294 0.00326652 0 0.00397197 0.00683976 0.00946217 0.0152591 0.00757587 0.0136028 0.0228656 0.0392903 0.0559909 0.0764795 0.0681675 0.0726916 0.0566044 0.0477403 0.0527397 0.0444891 0.0609904 0.0582453 0.0661739 0.0445044 0.0529084 0.0360697 0.0280645 0.0235558 0.0158879 0.00826598 0.00280645 0.00217768 0.000904811 0.00058276 9.20147e-05 0
 0 0 0 0 0 0 0 0 0 0 0 0 0 0 0 0 0 0 0 0 0 0 0 0 0 0 0 0 0 0 0 0 0 0 0 0
 0 0 0 0 0 0 0 0 0 0 0 0 0 0 0 0 0 0 0 0 0 0 0 0 0 0 0 0 0 0 0 0 0 0 0 0
ppred_pel_tallas
 1.0123e-16 3.30422e-05 0.000193932 0.000921867 0.00354924 0.011068 0.0279568 0.0572034 0.0948209 0.127342 0.138572 0.122229 0.0874926 0.0510549 0.0247663 0.0108909 0.00582247 0.00531478 0.00676373 0.00901973 0.011601 0.0142034 0.0165412 0.0183457 0.0194132 0.0196469 0.0190748 0.0178336 0.0161279 0.0141785 0.0121782 0.0102653 0.00851936 0.00697143 0.00562273 0.00446107
 1.01348e-16 3.19311e-05 0.000187406 0.000890833 0.00342974 0.0106953 0.0270156 0.0552777 0.0916301 0.12306 0.133922 0.11815 0.0846206 0.0494759 0.0241809 0.0109398 0.00628338 0.00611755 0.00792293 0.010568 0.0135466 0.0165083 0.0191124 0.0210423 0.0220652 0.0220834 0.0211541 0.0194669 0.0172907 0.0149075 0.0125557 0.0103971 0.00851185 0.00691425 0.00557884 0.00446478
 1.02256e-16 2.52493e-05 0.000148168 0.000704269 0.00271138 0.00845512 0.0213572 0.0437011 0.0724448 0.0973081 0.105934 0.093546 0.0671909 0.0396725 0.020113 0.0103253 0.00763747 0.00886529 0.0120276 0.0161766 0.0207837 0.0253747 0.0294436 0.0325085 0.0342103 0.0343913 0.0331264 0.0306898 0.0274772 0.023907 0.0203358 0.0170098 0.0140563 0.0115074 0.00933719 0.00749652
 1.0254e-16 3.03713e-05 0.000178251 0.000847314 0.00326219 0.0101728 0.0256957 0.0525771 0.0871532 0.117047 0.127377 0.11237 0.0804718 0.0470316 0.0229534 0.010333 0.00587272 0.00568535 0.00738804 0.00992588 0.0128459 0.0158462 0.0186312 0.0209163 0.0224773 0.0231941 0.0230702 0.0222172 0.0208154 0.0190641 0.0171393 0.0151702 0.0132367 0.0113818 0.00962823 0.00799318
 1.02114e-16 3.10884e-05 0.000182459 0.000867316 0.0033392 0.010413 0.0263024 0.0538184 0.0892111 0.119812 0.130388 0.115033 0.0823915 0.0481793 0.0235602 0.0106823 0.0061707 0.00604322 0.00785148 0.0104989 0.0134979 0.0165117 0.0192115 0.0212894 0.0225151 0.0227859 0.0221451 0.0207614 0.0188782 0.0167514 0.0145966 0.0125592 0.0107116 0.00906929 0.00761573 0.00632504
 1.02981e-16 2.35786e-05 0.000138358 0.000657629 0.00253181 0.00789511 0.0199426 0.0408069 0.0676483 0.0908689 0.0989335 0.0873857 0.0628139 0.0371842 0.0190294 0.0100602 0.00780021 0.00929061 0.0126864 0.0170926 0.0219879 0.026885 0.0312567 0.0345989 0.0365333 0.0368908 0.0357424 0.0333662 0.0301653 0.0265659 0.0229301 0.0195066 0.0164233 0.0137126 0.0113508 0.00929425
 1.03327e-16 2.87141e-05 0.000168521 0.000801055 0.00308408 0.00961738 0.0242928 0.0497066 0.0823955 0.110659 0.12043 0.106253 0.0761152 0.0445347 0.0218275 0.00998525 0.00590167 0.00591233 0.00777191 0.0104846 0.0136157 0.0168649 0.0199309 0.0225192 0.024392 0.0254143 0.0255727 0.0249623 0.0237474 0.0221136 0.0202265 0.0182109 0.0161488 0.0140916 0.0120773 0.0101423
 1.03426e-16 2.63797e-05 0.000154809 0.000735853 0.00283301 0.00883442 0.0223152 0.0456608 0.0756918 0.101664 0.110661 0.0976835 0.0700839 0.0412223 0.0206067 0.0101037 0.00689509 0.00763697 0.0102621 0.0138121 0.0178001 0.0218253 0.0254691 0.0283321 0.0301127 0.0306712 0.0300547 0.0284695 0.0262174 0.0236158 0.0209309 0.0183416 0.0159364 0.0137358 0.0117246 0.00987996
 1.03234e-16 2.81236e-05 0.000165051 0.000784554 0.00302054 0.00941922 0.0237923 0.0486828 0.0806994 0.108384 0.117961 0.104094 0.0746081 0.043733 0.0215831 0.0101226 0.0063211 0.00659648 0.00874564 0.0117741 0.01522 0.0187395 0.0219821 0.0246108 0.0263638 0.027108 0.0268607 0.0257694 0.0240623 0.0219855 0.0197513 0.0175087 0.0153419 0.0132862 0.0113516 0.00954302
 1.03331e-16 2.6411e-05 0.000154993 0.000736729 0.00283638 0.00884494 0.0223417 0.0457152 0.0757817 0.101784 0.110791 0.0977964 0.0701605 0.0412587 0.0206088 0.0100787 0.00684567 0.00756183 0.0101587 0.01368 0.0176432 0.0216532 0.0252971 0.0281792 0.0299981 0.0306106 0.0300558 0.0285302 0.026325 0.0237497 0.0210667 0.0184557 0.0160106 0.0137597 0.0116966 0.00980631
 1.05074e-16 1.92729e-05 0.000113078 0.000537443 0.00206905 0.00645203 0.0162976 0.033349 0.0552873 0.0742725 0.0808842 0.0714907 0.0514922 0.0306915 0.0160948 0.00914118 0.00785078 0.00984365 0.0136322 0.0184761 0.0239031 0.0294328 0.0345261 0.0386552 0.0414095 0.0425802 0.0421945 0.0404844 0.0378078 0.034551 0.0310464 0.0275276 0.024126 0.0208965 0.017855 0.0150093
 1.07399e-16 1.89067e-05 0.000110936 0.000527274 0.00202993 0.00633004 0.0159893 0.0327177 0.0542387 0.0728577 0.0793274 0.0700766 0.0503909 0.0298699 0.0153642 0.00826012 0.006594 0.00802396 0.0111099 0.0151807 0.0198671 0.0248223 0.0296516 0.0339511 0.0373801 0.0397221 0.0409117 0.0410184 0.0401991 0.03864 0.0365097 0.0339379 0.0310202 0.0278372 0.0244753 0.0210382
 1.06202e-16 2.62234e-05 0.000153899 0.000731547 0.00281646 0.00878283 0.0221848 0.0453934 0.0752461 0.101058 0.109984 0.097044 0.0695333 0.0407143 0.0200134 0.00925694 0.00561745 0.00575949 0.00764419 0.0103733 0.0135596 0.0169357 0.0202304 0.023174 0.025544 0.0272042 0.0281215 0.0283513 0.028002 0.0271931 0.0260225 0.0245541 0.0228242 0.0208594 0.0186965 0.0163935
 1.04326e-16 2.68416e-05 0.000157523 0.000748762 0.00288272 0.00898945 0.0227067 0.0464618 0.0770187 0.103443 0.112591 0.0993723 0.0712618 0.0418472 0.0207931 0.00998705 0.00654984 0.00707125 0.00944851 0.0127195 0.0164163 0.0201717 0.0236074 0.0263633 0.0281665 0.0288895 0.028571 0.0273908 0.0256109 0.0235037 0.0212927 0.0191214 0.0170536 0.0150962 0.01323 0.0114373
 1.02533e-16 3.10595e-05 0.00018229 0.000866518 0.00333613 0.0104034 0.0262782 0.0537689 0.0891286 0.1197 0.130263 0.114916 0.0822928 0.0480916 0.0234617 0.0105447 0.00596471 0.00574166 0.00743243 0.00995071 0.0128255 0.0157416 0.018394 0.0204947 0.0218249 0.0222804 0.0218896 0.020795 0.019208 0.0173529 0.0154198 0.0135383 0.0117759 0.0101521 0.00866125 0.00729168
 1.01586e-16 3.25178e-05 0.000190852 0.00090722 0.00349284 0.0108921 0.0275126 0.0562945 0.0933149 0.125321 0.136378 0.120304 0.0861371 0.0503096 0.0244896 0.0109128 0.00603701 0.00568707 0.00729775 0.00972669 0.0124794 0.0152293 0.0176651 0.0194977 0.0205135 0.0206212 0.0198692 0.0184253 0.016529 0.0144314 0.0123437 0.0104089 0.00869692 0.0072202 0.0059571 0.00487417
 1.0199e-16 2.72065e-05 0.000159661 0.000758916 0.0029218 0.00911131 0.0230146 0.0470921 0.0780646 0.104852 0.114134 0.100755 0.0723016 0.042554 0.0213222 0.0105345 0.00728632 0.00812724 0.0109175 0.014653 0.0188081 0.0229395 0.0265845 0.0293055 0.0307787 0.0308656 0.0296405 0.0273605 0.0243925 0.0211223 0.0178775 0.0148816 0.0122473 0.00999779 0.00810228 0.00650876
 1.02844e-16 2.71575e-05 0.000159378 0.000757577 0.00291666 0.00909528 0.0229741 0.0470088 0.0779254 0.104661 0.113917 0.100542 0.0720994 0.0423375 0.0210342 0.0100998 0.00662178 0.00715136 0.00956305 0.0128858 0.0166479 0.0204776 0.0239884 0.0268069 0.028643 0.0293491 0.0289448 0.0275959 0.0255594 0.0231157 0.0205096 0.0179177 0.0154442 0.0131369 0.011012 0.00907445
 1.03228e-16 2.73522e-05 0.000160521 0.000763015 0.0029376 0.00916059 0.023139 0.0473463 0.0784846 0.105411 0.114732 0.101257 0.0726035 0.0426155 0.0211389 0.0100938 0.00654337 0.00701076 0.00935388 0.0125962 0.0162678 0.0200036 0.0234264 0.0261743 0.0279682 0.0286696 0.028304 0.0270382 0.0251255 0.0228378 0.0204075 0.0179968 0.0156944 0.0135343 0.0115216 0.00965496
 1.02346e-16 3.20137e-05 0.000187894 0.000893163 0.00343872 0.0107233 0.0270863 0.0554222 0.0918685 0.123377 0.134259 0.118427 0.0847766 0.0494812 0.0240242 0.0106018 0.00572364 0.00527944 0.00675032 0.00902638 0.0116441 0.0143115 0.0167525 0.0187071 0.0199758 0.0204607 0.0201818 0.0192609 0.0178814 0.0162399 0.0145039 0.0127892 0.0111584 0.00963381 0.00821652 0.00690311
 1.02093e-16 2.92407e-05 0.000171607 0.000815718 0.00314052 0.00979337 0.0247374 0.0506167 0.0839055 0.112691 0.122652 0.108239 0.0775931 0.04551 0.0225095 0.010636 0.00673922 0.00708999 0.009386 0.0125726 0.0161406 0.0196983 0.0228488 0.0252194 0.0265343 0.0266758 0.0257068 0.0238451 0.0214004 0.0186969 0.0160075 0.0135158 0.0113115 0.00940927 0.00778041 0.00638111
 1.02394e-16 2.86934e-05 0.000168395 0.000800451 0.00308174 0.00961008 0.0242744 0.0496693 0.0823349 0.110581 0.120354 0.106208 0.0761312 0.0446403 0.0220574 0.0103878 0.00654046 0.0068591 0.00909084 0.0122115 0.0157358 0.0192957 0.0225162 0.02504 0.0265942 0.0270488 0.0264387 0.0249424 0.0228262 0.020376 0.0178377 0.0153843 0.0131113 0.0110528 0.0092077 0.00756229
 1.02297e-16 3.0507e-05 0.000179046 0.00085109 0.00327672 0.0102181 0.0258103 0.0528115 0.0875422 0.117571 0.12795 0.112884 0.0808572 0.0472917 0.0231446 0.0105263 0.00612813 0.00604626 0.00788199 0.0105628 0.0136125 0.0167012 0.019504 0.0217134 0.023095 0.0235365 0.0230673 0.0218392 0.0200784 0.0180271 0.0158922 0.0138179 0.0118823 0.010112 0.00850549 0.00705242
 1.02787e-16 2.6008e-05 0.000152625 0.000725464 0.002793 0.00870965 0.022 0.0450162 0.0746239 0.100232 0.109108 0.0963273 0.0691423 0.0407316 0.0204782 0.0102332 0.00722859 0.00817411 0.0110301 0.0148381 0.0190913 0.0233557 0.0271734 0.0301083 0.0318329 0.0321997 0.0312682 0.0292758 0.0265672 0.0235066 0.0204027 0.0174667 0.0148066 0.0124494 0.0103755 0.00855003
pSPR Fmed_Fpbrs
0.702317   0.335471 0.335471
Fs Fmed_Fpbrs
0.221627   1.005 1.005
SSBpbr Bo_Bmed_Bpbrs
1.29983e+06  847899  371063 371063
Ro
56387.3
SPR SPRFo_SPRFmed_SPRFpbrs
1.16009e+06 814751 389177
log_Ro
10.76
likeval ReclasPelacesDesembMPH_pf_preclas_ppelaces_ptallas_desvR_qrecl_qpela
 64.0389 26.1927 0.0175684 0.00137355 288.065 171.591 80.9208 0 15.407 8.15492e-05 0 0 0 0 0
q_reclas_q_pelaces
0.278133 1
M
0.7
N
 53062.8 15855.7 5958.14 708.102 0.370348
 68455.1 24302 5175.86 1944.94 231.27
 42018.9 31793 8529.57 1816.64 763.812
 68340.8 18934.9 9542.44 2560.09 774.502
 116688 33318.3 8547.27 4307.49 1505.24
 84170.6 57738.5 16241.1 4166.38 2833.43
 131667 40352.4 23889.7 6719.86 2896.22
 127023 63960.2 17877.3 10583.9 4260.21
 151286 60393.2 25350.2 7085.53 5883.34
 147067 71582.2 23343.3 9798.41 5012.76
 68691.7 70263.1 29093.5 9487.54 6019.77
 40789.8 31482.4 23021.9 9532.57 5081.02
 42255.5 18805.6 10636.8 7778.32 4937.43
 23495.2 18662.9 5086.23 2876.88 3439.15
 18580 9496.13 3186.63 868.457 1078.44
 23188.1 7618.29 1746.89 586.206 358.147
 19385.6 10675.2 2554.81 585.823 316.691
 20923.3 9119.73 4004.8 958.438 338.578
 23981.3 10016.7 3745.73 1644.88 532.722
 44982.5 11537.8 4221.37 1578.58 917.718
 56455.9 21629.9 4848.65 1774 1049.05
 73721.5 27613.2 9928.91 2225.7 1295.88
 116720 35908.2 12404.9 4460.44 1582.03
 109920 56657.7 15847.5 5474.69 2666.74
pred_Ctot
 2980.13 4002.13 1503.89 178.731 0.093479
 3199.61 5227.55 1113.37 418.372 49.748
 2812.35 9308.78 2497.4 531.899 223.639
 896.981 1245.82 627.843 168.441 50.9583
 299.994 441.18 113.178 57.0371 19.9315
 2097.67 6999.14 1968.77 505.055 343.472
 2064.06 3150.43 1865.14 524.639 226.117
 3897.39 9406.68 2629.23 1556.58 626.552
 5147.44 9766.18 4099.38 1145.8 951.395
 4017.73 9454.13 3083.04 1294.11 662.054
 3824.83 17604.3 7289.33 2377.09 1508.24
 2109 7398.14 5409.98 2240.08 1194
 3383.46 6375.05 3605.86 2636.83 1673.78
 3181.95 9347.33 2547.44 1440.88 1722.5
 2355.01 4545.28 1525.27 415.683 516.191
 1221.4 1819.36 417.182 139.994 85.5307
 736.338 1907.91 456.606 104.701 56.6003
 542.102 1146.41 503.431 120.482 42.5617
 538.279 1100.53 411.543 180.723 58.53
 1026.86 1287.98 471.238 176.22 102.446
 611.622 1181.59 264.87 96.909 57.307
 1015.98 1904.44 684.782 153.503 89.3747
 1890.65 2892.9 999.383 359.349 127.454
 1773.47 4547.28 1271.9 439.392 214.03
F
 0.0809171 0.419526 0.419526 0.419526 0.419526
 0.0669323 0.34702 0.34702 0.34702 0.34702
 0.0971132 0.503497 0.503497 0.503497 0.503497
 0.0183994 0.095394 0.095394 0.095394 0.095394
 0.00358051 0.0185637 0.0185637 0.0185637 0.0185637
 0.0351954 0.182476 0.182476 0.182476 0.182476
 0.0220109 0.114118 0.114118 0.114118 0.114118
 0.0434893 0.225476 0.225476 0.225476 0.225476
 0.0483283 0.250565 0.250565 0.250565 0.250565
 0.0386395 0.200332 0.200332 0.200332 0.200332
 0.0801985 0.4158 0.4158 0.4158 0.4158
 0.0742783 0.385106 0.385106 0.385106 0.385106
 0.117196 0.607618 0.607618 0.607618 0.607618
 0.205911 1.06757 1.06757 1.06757 1.06757
 0.191537 0.993049 0.993049 0.993049 0.993049
 0.0757184 0.392572 0.392572 0.392572 0.392572
 0.0540885 0.280429 0.280429 0.280429 0.280429
 0.0366125 0.189823 0.189823 0.189823 0.189823
 0.0316495 0.164091 0.164091 0.164091 0.164091
 0.0321961 0.166925 0.166925 0.166925 0.166925
 0.0151654 0.0786271 0.0786271 0.0786271 0.0786271
 0.0193272 0.100204 0.100204 0.100204 0.100204
 0.0227508 0.117955 0.117955 0.117955 0.117955
 0.0226602 0.117485 0.117485 0.117485 0.117485
nmprior
 10 10 8 0
nm_flota  nm_reclas  nm_pelaces    nm_pelaL
inf 14.4833 19.4093 35.1247
cv_recla  cv_pelaces  cv_mph
0.740881 0.602219 1.20243
 ------------------------------------------------
Talla a la edad & desviación 
 7.2 14.2025 17.0495 18.207 18.6776
 1.08 2.13037 2.55742 2.73105 2.80164
