years
 1997 1998 1999 2000 2001 2002 2003 2004 2005 2006 2007 2008 2009 2010 2011 2012 2013 2014 2015 2016 2017 2018 2019 2020
reclasobs
 0 0 0 370054 412103 1.49427e+06 250295 1.28982e+06 931140 785840 897777 1.04006e+06 184774 17550 25797 100020 73551 82996 120727 218422 84188 347160 605670 569463
reclaspred
 3.52721e+06 695242 2.00606e+06 1.16974e+06 1.11997e+06 1.29995e+06 2.51982e+06 1.58751e+06 1.61738e+06 1.45342e+06 1.21586e+06 823903 481313 225436 154387 160972 209240 314281 366154 500423 754685 765468 1.43261e+06 2.15774e+06
pelacesobs
 0 0 0 0 0 0 0 0 0 2.06254e+06 1.5e+06 0 1.87456e+06 323000 250000 174000 83755 137374 0 501740 490994 745055 786931 1.00524e+06
pelacespred
 2.10325e+06 826380 774528 876899 710019 676279 1.28984e+06 1.13786e+06 961140 898561 649296 450809 258616 98966.4 67417.6 79691 108364 164245 202279 266817 437274 461542 653037 1.14866e+06
mphobs
 0 0 0 0 0 112323 0 153150 637223 0 255016 313432 73983 77613 109348 50772 0 0 0 0 0 0 0 0
mphpred
 2.55544e+06 1.36939e+06 1.1341e+06 1.33502e+06 984699 1.13517e+06 1.58997e+06 1.85613e+06 1.41801e+06 1.39341e+06 1.25155e+06 869886 537681 286019 141624 129968 158718 235341 310614 373653 565376 699548 933380 1.51323e+06
desembarqueobs
 350755 77701 442110 56441 14545 235359 269955 359681 431902 328805 639364 411747 362871 311530 167758 66681 60226 58785 57116 71774 51957 67425 138520 160799
desembarquepred
 350771 77700.2 442127 56440.2 14550.9 235429 270032 359660 431836 328675 639532 412007 363312 312245 167939 66729 60247.4 58782.3 57114 71783.8 51969.5 67430.7 138529 160744
Reclutas
 95847.7 82930.2 55522.3 56189.2 90776.2 76260.6 132830 88343 130454 119375 72124 43649.2 45568.6 28857.3 20877.2 20577.3 18931.6 21877.2 25489.6 42445.8 59607 79931.8 148872 254082
log_desv_Rt
 0.470516 0.325755 -0.0754602 -0.0635193 0.416153 0.241911 0.796822 0.388982 0.778775 0.690023 0.186143 -0.316059 -0.273027 -0.72988 -1.05359 -1.06806 -1.15141 -1.0068 -0.853974 -0.344016 -0.00447221 0.288929 0.910843 1.44541
SSB
 2.55544e+06 1.36939e+06 1.1341e+06 1.33502e+06 984699 1.13517e+06 1.58997e+06 1.85613e+06 1.41801e+06 1.39341e+06 1.25155e+06 869886 537681 286019 141624 129968 158718 235341 310614 373653 565376 699548 933380 1.51323e+06
BT
 5.51828e+06 1.68829e+06 2.02558e+06 1.7928e+06 1.52215e+06 1.5045e+06 3.37803e+06 2.75575e+06 2.62585e+06 2.26663e+06 1.94622e+06 1.3139e+06 924414 509774 309346 236842 303783 421018 473271 663312 1.06411e+06 1.00169e+06 1.51267e+06 2.7725e+06
Ftot
 0.0969193 0.108839 0.213156 0.0471548 0.0127224 0.175583 0.104422 0.219105 0.257739 0.218775 0.497629 0.473854 0.701865 1.21611 0.988821 0.396377 0.277698 0.181427 0.15153 0.139505 0.0672422 0.0859141 0.094268 0.0727284
BD_Bspro_t
 0.985647 0.908865 0.851024 0.755446 0.796979 0.857043 0.812943 0.814395 0.741139 0.695674 0.648677 0.487472 0.375543 0.270423 0.168865 0.182921 0.277698 0.443418 0.571085 0.670766 0.77256 0.846002 0.861828 0.879672
BD_Bspro
 2.07451 1.11168 0.920662 1.08377 0.799381 0.921537 1.29074 1.50681 1.15114 1.13117 1.01601 0.706176 0.436491 0.232191 0.114971 0.105508 0.128848 0.19105 0.252158 0.303333 0.458974 0.567895 0.757721 1.22844
BD_Bo
 1.77498 0.951165 0.787729 0.927288 0.68396 0.788478 1.10437 1.28924 0.984931 0.967845 0.869309 0.604212 0.373467 0.198665 0.0983703 0.0902739 0.110244 0.163465 0.215749 0.259535 0.392704 0.485898 0.648315 1.05107
BD_Brms
 8.64201 4.63104 3.8353 4.51478 3.33007 3.83895 5.37699 6.27707 4.79544 4.71225 4.23249 2.94179 1.81834 0.967263 0.478946 0.439526 0.536755 0.795879 1.05044 1.26363 1.912 2.36574 3.15652 5.11746
S_f
 0.5 1 1 1 1
 0.5 1 1 1 1
 0.5 1 1 1 1
 0.5 1 1 1 1
 0.5 1 1 1 1
 0.5 1 1 1 1
 0.5 1 1 1 1
 0.5 1 1 1 1
 0.5 1 1 1 1
 0.5 1 1 1 1
 0.5 1 1 1 1
 0.5 1 1 1 1
 0.5 1 1 1 1
 0.5 1 1 1 1
 0.5 1 1 1 1
 0.5 1 1 1 1
 0.5 1 1 1 1
 0.5 1 1 1 1
 0.5 1 1 1 1
 0.5 1 1 1 1
 0.5 1 1 1 1
 0.5 1 1 1 1
 0.5 1 1 1 1
 0.5 1 1 1 1
Scru_reclas
 0.5 1 1 1 1
 0.5 1 1 1 1
 0.5 1 1 1 1
 0.5 1 1 1 1
 0.5 1 1 1 1
 0.5 1 1 1 1
 0.5 1 1 1 1
 0.5 1 1 1 1
 0.5 1 1 1 1
 0.5 1 1 1 1
 0.5 1 1 1 1
 0.5 1 1 1 1
 0.5 1 1 1 1
 0.5 1 1 1 1
 0.5 1 1 1 1
 0.5 1 1 1 1
 0.5 1 1 1 1
 0.5 1 1 1 1
 0.5 1 1 1 1
 0.5 1 1 1 1
 0.5 1 1 1 1
 0.5 1 1 1 1
 0.5 1 1 1 1
 0.5 1 1 1 1
Scru_pelaces
 0.5 1 1 1 1
 0.5 1 1 1 1
 0.5 1 1 1 1
 0.5 1 1 1 1
 0.5 1 1 1 1
 0.5 1 1 1 1
 0.5 1 1 1 1
 0.5 1 1 1 1
 0.5 1 1 1 1
 0.5 1 1 1 1
 0.5 1 1 1 1
 0.5 1 1 1 1
 0.5 1 1 1 1
 0.5 1 1 1 1
 0.5 1 1 1 1
 0.5 1 1 1 1
 0.5 1 1 1 1
 0.5 1 1 1 1
 0.5 1 1 1 1
 0.5 1 1 1 1
 0.5 1 1 1 1
 0.5 1 1 1 1
 0.5 1 1 1 1
 0.5 1 1 1 1
pf_obs 
 0.256992 0.487395 0.22802 0.0275931 0
 0.321318 0.546541 0.124235 0.00734118 0.000564706
 0.182869 0.594174 0.210203 0.0122559 0.00049798
 0.330522 0.361315 0.267642 0.0388342 0.00168674
 0.649043 0.306663 0.0425973 0.00169635 0
 0.582887 0.30429 0.105238 0.00758474 0
 0.465427 0.430635 0.0974691 0.00646863 0
 0.296916 0.608066 0.0921331 0.00288517 0
 0.311714 0.524322 0.152257 0.0117073 0
 0.15457 0.633149 0.183074 0.0267441 0.00246327
 0.131901 0.49318 0.331252 0.0422183 0.00144891
 0.196976 0.569456 0.194076 0.0375587 0.00193317
 0.518974 0.381816 0.0799577 0.0180837 0.00116848
 0.0928022 0.601141 0.25162 0.0475244 0.00691264
 0.122501 0.610282 0.24278 0.0234846 0.000952079
 0.383417 0.481906 0.127806 0.00687128 0
 0.0376549 0.599619 0.316969 0.0457579 0
 0.0361596 0.667082 0.258105 0.0386534 0
 0.158088 0.579412 0.248529 0.0139706 0
 0.0477256 0.309471 0.559284 0.082774 0.000745712
 0.0406174 0.521527 0.379366 0.0568643 0.0016247
 0.151134 0.462217 0.34131 0.0453401 0
 0.294876 0.26143 0.354403 0.0886775 0.000613685
 0.281977 0.475581 0.204845 0.0348837 0.00271318
pf_pred 
 0.409065 0.297485 0.147727 0.073359 0.0723638
 0.354792 0.378903 0.134062 0.0665733 0.0656702
 0.283654 0.380677 0.197124 0.0697458 0.0687996
 0.343588 0.29998 0.189413 0.098083 0.068936
 0.462281 0.276791 0.119243 0.0752928 0.0663909
 0.35887 0.4059 0.121085 0.0521643 0.0619811
 0.514307 0.262569 0.14126 0.0421397 0.0397245
 0.336443 0.454966 0.112765 0.0606669 0.0351583
 0.476406 0.27181 0.172635 0.0427884 0.0363605
 0.421047 0.383316 0.10156 0.0645036 0.0295733
 0.313601 0.417041 0.178338 0.0472506 0.0437693
 0.30703 0.356193 0.204619 0.0875005 0.0446584
 0.436131 0.284475 0.143611 0.0824988 0.0532842
 0.426909 0.376103 0.0993819 0.0501707 0.047436
 0.525971 0.325129 0.0977186 0.0258213 0.0253601
 0.570227 0.322579 0.0735224 0.0220974 0.0115738
 0.472828 0.394647 0.0994706 0.0226714 0.0103828
 0.478563 0.344248 0.132646 0.0334334 0.01111
 0.4666 0.351524 0.120073 0.0462667 0.0155366
 0.546405 0.293106 0.105766 0.0361275 0.0185953
 0.523763 0.340414 0.0877671 0.0316704 0.0163861
 0.49594 0.34856 0.111151 0.0286576 0.0156913
 0.571866 0.286177 0.0981633 0.031303 0.0124898
 0.572894 0.313009 0.0762659 0.0261604 0.0116707
pobs_RECLAS
 0 0 0 0 0
 0 0 0 0 0
 0 0 0 0 0
 0 0 0 0 0
 0.835266 0.146461 0.0176864 0.000547809 3.91292e-05
 0.385257 0.428462 0.181853 0.0044286 0
 0.867414 0.0963971 0.0333333 0.00285562 0
 0.441836 0.489002 0.0689373 0.000224442 0
 0.779404 0.147425 0.0564933 0.0165055 0.000172143
 0.814271 0.122319 0.05973 0.00367925 0
 0.40263 0.566651 0.0304383 0.000280538 0
 0.475488 0.404961 0.113038 0.00651328 0
 0.955842 0.0263864 0.0167828 0.000988607 0
 0.975058 0.0227948 0.00214734 0 0
 0.738997 0.206755 0.0527124 0.00153531 0
 0.850938 0.134255 0.0134407 0.00136685 0
 0.542534 0.407297 0.0501686 0 0
 0.764087 0.199537 0.0359546 0.000420521 0
 0.470689 0.182191 0.310203 0.0369168 0
 0.84361 0.089868 0.0606195 0.00523954 0.000663233
 0.607945 0.314616 0.071237 0.00620181 0
 0.523733 0.453247 0.0230204 0 0
 0.530135 0.295979 0.169645 0.0042399 0
 0.562478 0.366248 0.0663022 0.0049721 0
ppred_RECLAS
 0.409812 0.297109 0.14754 0.0732663 0.0722723
 0.355596 0.378431 0.133895 0.0664904 0.0655884
 0.285189 0.379861 0.196701 0.0695963 0.0686522
 0.343911 0.299832 0.18932 0.0980347 0.0689021
 0.462374 0.276744 0.119223 0.0752799 0.0663795
 0.360255 0.405023 0.120824 0.0520516 0.0618472
 0.515145 0.262116 0.141016 0.0420671 0.039656
 0.338185 0.453772 0.112469 0.0605077 0.035066
 0.478768 0.270584 0.171856 0.0425954 0.0361965
 0.422945 0.38206 0.101227 0.0642922 0.0294764
 0.318319 0.414174 0.177112 0.0469258 0.0434684
 0.311399 0.353947 0.203329 0.0869488 0.0443768
 0.444752 0.280126 0.141415 0.0812375 0.0524695
 0.446153 0.363473 0.0960446 0.0484859 0.0458431
 0.540253 0.315334 0.0947744 0.0250433 0.024596
 0.574193 0.319602 0.072844 0.0218935 0.011467
 0.475413 0.392712 0.0989829 0.0225602 0.0103319
 0.480122 0.343219 0.132249 0.0333334 0.0110767
 0.467865 0.35069 0.119788 0.046157 0.0154998
 0.547551 0.292365 0.105499 0.0360362 0.0185483
 0.524282 0.340042 0.0876714 0.0316358 0.0163682
 0.496617 0.348091 0.111002 0.0286191 0.0156702
 0.5726 0.285687 0.0979951 0.0312494 0.0124684
 0.573449 0.312602 0.0761669 0.0261264 0.0116556
pobs_PELACES
 0 0 0 0 0
 0 0 0 0 0
 0 0 0 0 0
 0 0 0 0 0
 0 0 0 0 0
 0 0 0 0 0
 0 0 0 0 0
 0 0 0 0 0
 0 0 0 0 0
 0 0 0 0 0
 0.450072 0.473896 0.0757376 0.000293798 0
 0 0 0 0 0
 0.463077 0.371075 0.160297 0.00555027 0
 0.529543 0.364841 0.0842815 0.0213345 0
 0.631943 0.363953 0.00410389 0 0
 0.735681 0.248677 0.0153453 0.000297389 0
 0.695825 0.281241 0.0229344 0 0
 0.275771 0.60734 0.115278 0.00161068 0
 0 0 0 0 0
 0.896147 0.0623911 0.0374545 0.00400742 0
 0.803859 0.145111 0.0509908 3.86294e-05 0
 0.739449 0.233085 0.0266225 0.000797448 4.60066e-05
 0.878498 0.100942 0.0204185 0.000141795 0
 0.694673 0.275183 0.0284847 0.00165964 0
ppred_PELACES
 0.413685 0.295159 0.146572 0.0727854 0.071798
 0.359721 0.376008 0.133038 0.0660647 0.0651684
 0.292413 0.376022 0.194714 0.068893 0.0679584
 0.345669 0.299029 0.188813 0.0977721 0.0687175
 0.462896 0.276475 0.119107 0.0752068 0.0663151
 0.366958 0.400779 0.119558 0.0515062 0.0611991
 0.519447 0.25979 0.139765 0.0416938 0.0393042
 0.346324 0.448192 0.111086 0.0597636 0.0346348
 0.489388 0.265071 0.168355 0.0417275 0.0354589
 0.431779 0.376211 0.0996771 0.063308 0.0290251
 0.336396 0.403192 0.172415 0.0456814 0.0423158
 0.328407 0.345205 0.198307 0.0848013 0.0432808
 0.473503 0.265621 0.134093 0.0770311 0.0497527
 0.496108 0.330689 0.0873818 0.0441127 0.0417082
 0.580424 0.287781 0.0864932 0.0228551 0.0224468
 0.590101 0.307662 0.0701226 0.0210755 0.0110386
 0.486851 0.384149 0.0968247 0.0220683 0.0101067
 0.487598 0.338283 0.130348 0.032854 0.0109175
 0.474094 0.346585 0.118386 0.0456166 0.0153183
 0.553247 0.288685 0.104171 0.0355825 0.0183148
 0.527049 0.338065 0.0871615 0.0314519 0.016273
 0.500161 0.345641 0.110221 0.0284176 0.0155599
 0.576402 0.283145 0.0971233 0.0309714 0.0123574
 0.576381 0.310453 0.0756432 0.0259468 0.0115754
pobs_pel_tallas
 0 0 0 0 0 0 0 0 0 0 0 0 0 0 0 0 0 0 0 0 0 0 0 0 0 0 0 0 0 0 0 0 0 0 0 0
 0 0 0 0 0 0 0 0 0 0 0 0 0 0 0 0 0 0 0 0 0 0 0 0 0 0 0 0 0 0 0 0 0 0 0 0
 0 0 0 0 0 0 0 0 0 0 0 0 0 0 0 0 0 0 0 0 0 0 0 0 0 0 0 0 0 0 0 0 0 0 0 0
 0 0 0 0 0 0 0 0 0 0 0 0 0 0 0 0 0 0 0 0 0 0 0 0 0 0 0 0 0 0 0 0 0 0 0 0
 0 0 0 0 0 0 0 0 0 0 0 0 0 0 0 0 0 0 0 0 0 0 0 0 0 0 0 0 0 0 0 0 0 0 0 0
 0 0 0 0 0 0 0 0 0 0 0 0 0 0 0 0 0 0 0 0 0 0 0 0 0 0 0 0 0 0 0 0 0 0 0 0
 0 0 0 0 0 0 0 0 0 0 0 0 0 0 0 0 0 0 0 0 0 0 0 0 0 0 0 0 0 0 0 0 0 0 0 0
 0 0 0 0 0 0 0 0 0 0 0 0 0 0 0 0 0 0 0 0 0 0 0 0 0 0 0 0 0 0 0 0 0 0 0 0
 0 0 0 0 0 0 0 0 0 0 0 0 0 0 0 0 0 0 0 0 0 0 0 0 0 0 0 0 0 0 0 0 0 0 0 0
 0 0 0 0 0 0 0 0 0 0 0 0 0 0 0 0 0 0 0 0 0 0 0 0 0 0 0 0 0 0 0 0 0 0 0 0
 0 0 0 0 0 0 0 0 1.78061e-05 0.00172719 0.00360574 0.0105946 0.0120993 0.0124554 0.0147524 0.0171206 0.0266825 0.0428682 0.0675386 0.121331 0.153587 0.119568 0.100827 0.0573624 0.0630603 0.0341343 0.0324427 0.0444173 0.0211091 0.0280891 0.0125444 0.00206551 0 0 0 0
 0 0 0 0 0 0 0 0 0 0 0 0 0 0 0 0 0 0 0 0 0 0 0 0 0 0 0 0 0 0 0 0 0 0 0 0
 0 0 0 0 0 0 0.0133647 0.0140871 0.0187388 0.0205184 0.03894 0.0496705 0.03968 0.0493445 0.0407372 0.0367815 0.0215668 0.0243155 0.0234873 0.0199281 0.019796 0.0243948 0.0301388 0.0376714 0.0412746 0.0863199 0.0771752 0.113111 0.0741005 0.0525337 0.0229764 0.00759418 0.00175318 0 0 0
 0 0 0 0 0 0 0 0 0 0 0.00219441 0.00772107 0.0458388 0.0604681 0.0671733 0.0775358 0.0609151 0.0617685 0.073594 0.0568108 0.0755445 0.0548602 0.0670107 0.0636378 0.0643287 0.046367 0.0373049 0.0286899 0.0247887 0.0153202 0.00654259 0.00121912 0.000365735 0 0 0
 0 0 0 0 0 0 0 0 0 0 0 0 0.000112435 0.00938835 0.0111873 0.0202946 0.0414886 0.0713402 0.111592 0.104902 0.108894 0.110636 0.117776 0.105296 0.107544 0.0401394 0.0192827 0.0124803 0.00416011 0.0028671 0.000618394 0 0 0 0 0
 0 0 0 0 0 0 0 0 0 0 0.00291406 0.0102884 0.027416 0.0768956 0.0749926 0.110853 0.0956884 0.0897413 0.0766577 0.0534642 0.0500743 0.0551293 0.0594112 0.0620874 0.0668451 0.0424026 0.0208742 0.0120726 0.0048766 0.00582813 0.00118941 0.000297354 0 0 0 0
 0 0.00264628 0.0354308 0.0461629 0.0458689 0.0383711 0.0214643 0.0164657 0.0346957 0.0420465 0.0363128 0.0245516 0.0311673 0.0291091 0.0169068 0.0133784 0.00837989 0.0085269 0.0148486 0.0160247 0.0276389 0.0546898 0.0760071 0.122758 0.109233 0.0665981 0.0333725 0.0166128 0.00676272 0.00308733 0.000882094 0 0 0 0 0
 0 0 0 0 0 0 0 0.000805153 0.000690131 0.00759144 0.0133425 0.0154129 0.00931677 0.000345066 0.00356568 0.00563607 0.00851162 0.0253048 0.0502646 0.0516448 0.0657925 0.0565908 0.0611916 0.0827007 0.0866115 0.110766 0.145733 0.0935128 0.0569358 0.0249597 0.0138026 0.00621118 0.00161031 0.00115022 0 0
 0 0 0 0 0 0 0 0 0 0 0 0 0 0 0 0 0 0 0 0 0 0 0 0 0 0 0 0 0 0 0 0 0 0 0 0
 0.00147267 0.00158595 0.00478618 0.00569244 0.00954404 0.0108468 0.00647125 0.017049 0.0510054 0.094081 0.124002 0.0959785 0.0687766 0.0820023 0.061753 0.0591476 0.0492212 0.0479892 0.0443925 0.0268479 0.0217502 0.0140895 0.0121071 0.0120363 0.00920419 0.00665534 0.0049561 0.00860946 0.00930331 0.0156896 0.0114698 0.00855282 0.00243557 0.00046729 0 2.83206e-05
 0 0 0 0 0.000772559 0.00158375 0.000888443 0.00281984 0.00712685 0.0440552 0.0773331 0.111326 0.0921469 0.0852325 0.0710754 0.0886704 0.0786465 0.0553345 0.0373146 0.0185414 0.00753245 0.00457741 0.012979 0.0271748 0.0457355 0.0583668 0.034881 0.0177882 0.00938659 0.00492506 0.0015258 0.00185414 0.000309023 5.79419e-05 3.86279e-05 0
 0 0.00173294 0.00326652 0 0.00397197 0.00683976 0.00946217 0.0152591 0.00757587 0.0136028 0.0228656 0.0392903 0.0559909 0.0764795 0.0681675 0.0726916 0.0566044 0.0477403 0.0527397 0.0444891 0.0609904 0.0582453 0.0661739 0.0445044 0.0529084 0.0360697 0.0280645 0.0235558 0.0158879 0.00826598 0.00280645 0.00217768 0.000904811 0.00058276 9.20147e-05 0
 0 0 0 0 0 0 0 0 0 0 0 0 0 0 0 0 0 0 0 0 0 0 0 0 0 0 0 0 0 0 0 0 0 0 0 0
 0 0 0 0 0 0 0 0 0 0 0 0 0 0 0 0 0 0 0 0 0 0 0 0 0 0 0 0 0 0 0 0 0 0 0 0
ppred_pel_tallas
 1.08033e-16 1.80633e-05 0.000105982 0.000503716 0.00193921 0.00604714 0.0152748 0.031256 0.0518168 0.0696085 0.0758005 0.0669868 0.048225 0.0286982 0.0149671 0.00837493 0.00706327 0.00880519 0.0122206 0.0166435 0.0216737 0.0269139 0.0319144 0.0362266 0.0394896 0.0414995 0.0422375 0.0418438 0.0405551 0.0386273 0.0362747 0.0336404 0.0308029 0.0278021 0.0246732 0.0214696
 1.07327e-16 1.57135e-05 9.21787e-05 0.000438079 0.00168646 0.00525893 0.013284 0.0271832 0.0450685 0.0605539 0.0659688 0.0583659 0.0421659 0.0253877 0.0137813 0.00856709 0.00818031 0.0107193 0.0149844 0.0203449 0.0263423 0.0324678 0.0381397 0.0427882 0.0459724 0.0474715 0.0473204 0.0457716 0.0432079 0.0400333 0.0365841 0.0330828 0.0296391 0.0262839 0.0230147 0.0198339
 1.0843e-16 1.27787e-05 7.49484e-05 0.000356163 0.00137107 0.00427537 0.0107996 0.0221 0.0366432 0.0492411 0.0536641 0.0475258 0.0344361 0.0209376 0.0117376 0.00786915 0.00810463 0.0109374 0.0154149 0.0210197 0.0273378 0.0338787 0.0400648 0.0453178 0.0491732 0.0513725 0.0518994 0.0509491 0.0488474 0.0459516 0.0425689 0.0389154 0.0351184 0.0312467 0.0273498 0.0234871
 1.09349e-16 1.50977e-05 8.85704e-05 0.00042094 0.0016205 0.00505324 0.0127643 0.0261194 0.0433032 0.0581774 0.0633675 0.0560351 0.0404187 0.0242101 0.0129171 0.00769424 0.00702396 0.00907782 0.0127238 0.0174065 0.0227666 0.02842 0.0339173 0.0388 0.0426866 0.0453419 0.0467065 0.0468747 0.0460365 0.0444071 0.0421714 0.0394606 0.0363594 0.0329327 0.0292547 0.0254265
 1.07464e-16 2.02083e-05 0.000118577 0.000563597 0.00216978 0.00676615 0.0170909 0.0349718 0.0579752 0.077876 0.0847892 0.0748962 0.053845 0.0318933 0.0163585 0.00871464 0.00685177 0.00825246 0.0113603 0.0154398 0.0200797 0.0248985 0.0294741 0.0333895 0.0363134 0.0380647 0.0386377 0.0381764 0.0369134 0.0350963 0.032928 0.0305396 0.0279959 0.0253223 0.0225378 0.0196793
 1.06458e-16 1.60301e-05 9.4035e-05 0.000446899 0.00172042 0.0053648 0.0135514 0.0277306 0.0459764 0.061775 0.0673025 0.0595536 0.0430408 0.0259479 0.0141449 0.00888151 0.00856459 0.0112535 0.0157173 0.021297 0.0275004 0.0337775 0.0395026 0.0440687 0.0470136 0.0481197 0.0474506 0.0453098 0.0421428 0.0384171 0.0345216 0.030713 0.0271142 0.0237497 0.0205957 0.017624
 1.05338e-16 2.26737e-05 0.000133051 0.000632416 0.00243475 0.00759246 0.0191781 0.0392422 0.0650529 0.0873783 0.0951221 0.083993 0.0603183 0.0355934 0.0180086 0.0091926 0.00675127 0.00783807 0.0106972 0.0145131 0.0188574 0.0233559 0.0276008 0.0311889 0.033797 0.0352444 0.0355201 0.0347606 0.0331954 0.0310782 0.0286298 0.0260091 0.0233133 0.0205969 0.0178985 0.0152592
 1.05395e-16 1.51323e-05 8.87596e-05 0.000421809 0.0016238 0.00506348 0.0127904 0.0261738 0.0433974 0.058316 0.0635503 0.0562723 0.0407537 0.0247377 0.0137897 0.00911881 0.00924974 0.0123692 0.0173123 0.0234239 0.0301701 0.0369324 0.0430049 0.0477069 0.050528 0.05124 0.049939 0.0469975 0.0429518 0.0383634 0.0337017 0.0292791 0.0252461 0.0216284 0.0183848 0.0154579
 1.05567e-16 2.13633e-05 0.000125358 0.000595837 0.00229391 0.00715325 0.0180687 0.0369723 0.0612908 0.0823274 0.0896295 0.079157 0.0568761 0.0336242 0.017128 0.00893436 0.00680176 0.00806099 0.011066 0.0150484 0.0195938 0.0243275 0.0288339 0.032697 0.0355766 0.0372735 0.037757 0.0371461 0.0356561 0.0335322 0.0309938 0.0282061 0.0252801 0.0222899 0.0192968 0.0163645
 1.0507e-16 1.88556e-05 0.000110625 0.000525776 0.00202412 0.0063119 0.0159437 0.0326251 0.0540883 0.0726652 0.0791429 0.0699732 0.0504459 0.0301613 0.0159867 0.00934503 0.00831318 0.0105695 0.0146523 0.0198126 0.0255439 0.0313162 0.036537 0.0406349 0.0431786 0.0439705 0.0430811 0.0408099 0.037592 0.0338839 0.0300664 0.0263932 0.0229869 0.0198715 0.0170204 0.0143973
 1.06126e-16 1.46977e-05 8.6212e-05 0.000409706 0.00157721 0.00491822 0.0124234 0.0254226 0.0421511 0.0566391 0.0617171 0.0546353 0.0395386 0.0239417 0.0132429 0.00860922 0.00860291 0.0114653 0.0160792 0.0218374 0.0282656 0.0348167 0.0408583 0.0457677 0.0490591 0.050484 0.0500716 0.0480925 0.044966 0.0411455 0.0370217 0.0328697 0.0288453 0.0250149 0.0213993 0.01801
 1.07864e-16 1.4347e-05 8.41584e-05 0.000399954 0.00153968 0.00480121 0.0121278 0.0248173 0.0411463 0.0552852 0.0602319 0.053297 0.0385192 0.0232234 0.0126654 0.00796913 0.00771871 0.0101944 0.0143197 0.0195389 0.0254506 0.0316019 0.0374619 0.0424957 0.0462679 0.0485262 0.0492366 0.0485566 0.0467643 0.0441709 0.0410489 0.0375964 0.0339396 0.0301588 0.0263222 0.022508
 1.06962e-16 2.06705e-05 0.00012129 0.000576502 0.00221946 0.0069211 0.0174823 0.0357725 0.0593021 0.0796569 0.0867242 0.0765961 0.0550468 0.0325644 0.0166279 0.00873807 0.00672993 0.00802405 0.011029 0.015 0.0195318 0.0242562 0.0287654 0.0326541 0.0355953 0.037403 0.0380575 0.0376828 0.0364905 0.0347111 0.0325393 0.0301078 0.027492 0.024734 0.0218709 0.0189553
 1.04813e-16 2.16588e-05 0.000127087 0.000604045 0.00232549 0.00725173 0.0183175 0.0374819 0.0621371 0.0834688 0.0908845 0.0802946 0.0577569 0.0342715 0.0176887 0.00959517 0.00773307 0.00939891 0.0129054 0.0174267 0.0224669 0.0275487 0.0321503 0.0357706 0.0380319 0.0387617 0.0380229 0.0360786 0.0333103 0.0301166 0.0268287 0.0236645 0.0207266 0.018031 0.0155502 0.0132497
 1.03156e-16 2.53337e-05 0.000148665 0.000706641 0.00272053 0.00848364 0.0214292 0.0438482 0.072688 0.0976325 0.106282 0.0938392 0.0673719 0.0397199 0.0200278 0.0101045 0.00726029 0.00829563 0.0112263 0.015117 0.0194662 0.0238384 0.0277711 0.0308222 0.0326582 0.0331262 0.0322818 0.0303593 0.0277012 0.0246698 0.0215727 0.0186199 0.0159195 0.0134999 0.0113444 0.00942219
 1.02336e-16 2.57564e-05 0.000151145 0.000718427 0.0027659 0.00862513 0.0217866 0.0445796 0.0739009 0.0992627 0.108059 0.0954154 0.0685182 0.0404252 0.0204369 0.0103969 0.00757291 0.00871165 0.0117896 0.0158423 0.0203388 0.0248095 0.0287566 0.0317084 0.0333161 0.0334313 0.032135 0.0297053 0.0265377 0.0230472 0.0195846 0.0163874 0.0135734 0.0111642 0.00912396 0.00739578
 1.02731e-16 2.12574e-05 0.000124725 0.000592806 0.0022822 0.00711671 0.0179765 0.0367846 0.0609829 0.0819236 0.0892156 0.0788528 0.0567906 0.0338403 0.0177265 0.0100309 0.00855994 0.0106738 0.0147106 0.0198265 0.0254701 0.0310807 0.0360404 0.0397586 0.0417958 0.0419622 0.0403543 0.0373145 0.0333343 0.0289316 0.0245468 0.0204819 0.0168911 0.0138094 0.0111995 0.00899582
 1.036e-16 2.12882e-05 0.00012491 0.000593693 0.00228563 0.00712742 0.0180035 0.0368395 0.0610727 0.0820405 0.0893331 0.0789333 0.056798 0.0337435 0.0174921 0.00961167 0.00789188 0.00968341 0.013332 0.0180237 0.0232601 0.0285522 0.0333586 0.037154 0.0395343 0.0403022 0.0395014 0.037385 0.0343357 0.0307665 0.0270349 0.0233947 0.0199896 0.0168768 0.0140635 0.0115389
 1.04077e-16 2.06996e-05 0.000121454 0.000577262 0.00222236 0.00693012 0.0175052 0.0358199 0.0593829 0.0797722 0.0868674 0.0767646 0.0552592 0.032873 0.0171209 0.00953534 0.00797482 0.00986888 0.0136096 0.0183993 0.0237384 0.0291296 0.0340216 0.0378804 0.040298 0.0410791 0.040275 0.0381498 0.0350978 0.0315398 0.0278352 0.0242338 0.02087 0.0177893 0.0149883 0.0124488
 1.03652e-16 2.41487e-05 0.000141708 0.000673566 0.00259318 0.00808651 0.0204261 0.0417958 0.0692862 0.0930649 0.101314 0.0894629 0.0642518 0.0379248 0.0192055 0.00982724 0.00723641 0.00839268 0.0114112 0.0154013 0.0198787 0.0244141 0.028546 0.0318291 0.0339218 0.0346582 0.0340761 0.0323897 0.029921 0.0270145 0.0239649 0.0209773 0.0181631 0.0155618 0.013174 0.0109899
 1.03189e-16 2.30083e-05 0.000135009 0.000641705 0.00247049 0.00770389 0.0194597 0.0398188 0.0660108 0.0886709 0.0965448 0.0852861 0.0613271 0.0363492 0.0186852 0.0100125 0.0079226 0.00953395 0.0130467 0.0175805 0.0226107 0.0276383 0.0321212 0.0355418 0.0375129 0.0378636 0.036671 0.0342249 0.0309428 0.0272642 0.0235605 0.0200836 0.0169601 0.0142176 0.0118263 0.00973734
 1.03381e-16 2.18362e-05 0.000128127 0.000608986 0.00234451 0.00731103 0.0184673 0.0377885 0.0626458 0.0841533 0.0916327 0.0809627 0.0582528 0.0345966 0.0179131 0.00980737 0.00800813 0.00979277 0.0134589 0.0181662 0.0233994 0.0286544 0.0333776 0.0370358 0.0392254 0.0397595 0.0387017 0.0363321 0.0330629 0.0293326 0.0255161 0.0218738 0.0185443 0.0155703 0.0129382 0.0106152
 1.03113e-16 2.51581e-05 0.000147635 0.000701744 0.00270167 0.00842485 0.0212807 0.0435443 0.0721843 0.0969558 0.105545 0.0931878 0.0669027 0.0394405 0.019882 0.0100238 0.00719522 0.00822029 0.0111311 0.0150025 0.0193415 0.0237206 0.0276844 0.0307955 0.0327204 0.0333004 0.0325796 0.030777 0.0282191 0.0252544 0.0221816 0.019209 0.0164493 0.0139409 0.0116801 0.0096495
 1.02608e-16 2.51583e-05 0.000147634 0.000701731 0.00270162 0.00842466 0.0212802 0.0435436 0.0721838 0.0969573 0.105552 0.093208 0.0669469 0.0395259 0.020034 0.010277 0.00759216 0.00880649 0.011946 0.016067 0.0206444 0.0252083 0.0292577 0.0323168 0.0340315 0.0342482 0.0330432 0.0306895 0.0275785 0.0241216 0.0206667 0.0174499 0.0145893 0.0121091 0.00997815 0.00814555
pSPR Fmed_Fpbrs
0.709219   0.255389 0.255389
Fs Fmed_Fpbrs
0.177951   1.005 1.005
SSBpbr Bo_Bmed_Bpbrs
1.4397e+06  949080  295699 295699
Ro
59874.1
SPR SPRFo_SPRFmed_SPRFpbrs
1.23183e+06 873635 314595
log_Ro
10.82
likeval ReclasPelacesDesembMPH_pf_preclas_ppelaces_ptallas_desvR_qrecl_qpela
 178.591 54.6332 0.0486259 0.00111865 315.625 187.305 83.9591 0 16.1386 0 0 0 0 0 0
q_reclas_q_pelaces
1 1
M
0.7
N
 95847.7 35596.4 17676.7 8777.97 8658.88
 82930.2 45345 16043.8 7967.14 7859.06
 55522.3 39000.7 20195.5 7145.52 7048.59
 56189.2 24784.2 15649.3 8103.58 5695.47
 90776.2 27252.6 11740.6 7413.25 6536.78
 76260.6 44792.3 13362.1 5756.5 6839.81
 132830 34687 18661.3 5566.92 5247.86
 88343 62605.7 15517.1 8348.08 4837.96
 130454 39317.7 24971.9 6189.4 5259.59
 119375 56948.7 15088.5 9583.2 4393.66
 72124 53137.4 22722.9 6020.44 5576.87
 43649.2 27926.4 16042.7 6860.26 3501.33
 45568.6 17103.1 8634.09 4959.96 3203.53
 28857.3 15931.3 4209.71 2125.17 2009.34
 20877.2 7801.46 2344.75 619.58 608.513
 20577.3 6323.35 1441.22 433.163 226.875
 18931.6 8381.28 2112.5 481.482 220.505
 21877.2 8182.36 3152.84 794.671 264.07
 25489.6 9921.77 3389.07 1305.88 438.522
 42445.8 11734.2 4234.23 1446.32 744.443
 59607 19657.8 5068.28 1828.87 946.245
 79931.8 28621.3 9126.97 2353.16 1288.46
 148872 38024 13042.8 4159.19 1659.5
 254082 70524.1 17183.5 5894.2 2629.53
pred_Ctot
 3269.84 2377.93 1180.85 586.391 578.436
 3168.83 3384.18 1197.38 594.601 586.534
 4061.61 5450.89 2822.6 998.685 985.137
 942.886 823.215 519.795 269.163 189.177
 414.112 247.95 106.818 67.4473 59.473
 4632.96 5240.11 1563.2 673.434 800.167
 4874.23 2488.44 1338.76 399.37 376.48
 6634.35 8971.51 2223.63 1196.3 693.288
 11428.3 6520.35 4141.28 1026.43 872.238
 8951.9 8149.71 2159.26 1371.42 628.76
 11590.3 15413.3 6591.13 1746.32 1617.66
 6712.9 7787.8 4473.79 1913.11 976.412
 9896.63 6455.27 3258.79 1872.05 1209.12
 9787.9 8623.05 2278.57 1150.28 1087.58
 6024.39 3723.98 1119.25 295.753 290.47
 2691.1 1522.36 346.978 104.285 54.6207
 1779.24 1485.05 374.305 85.3119 39.0704
 1371.57 986.621 380.166 95.8206 31.8413
 1343.42 1012.1 345.711 133.21 44.7327
 2064.97 1107.71 399.711 136.533 70.2753
 1420.04 922.94 237.957 85.8657 44.4264
 2423.07 1703 543.066 140.016 76.6649
 4942.7 2473.46 848.435 270.555 107.95
 6539.07 3572.71 870.506 298.597 133.211
F
 0.0484596 0.0969193 0.0969193 0.0969193 0.0969193
 0.0544196 0.108839 0.108839 0.108839 0.108839
 0.106578 0.213156 0.213156 0.213156 0.213156
 0.0235774 0.0471548 0.0471548 0.0471548 0.0471548
 0.00636119 0.0127224 0.0127224 0.0127224 0.0127224
 0.0877914 0.175583 0.175583 0.175583 0.175583
 0.0522109 0.104422 0.104422 0.104422 0.104422
 0.109553 0.219105 0.219105 0.219105 0.219105
 0.128869 0.257739 0.257739 0.257739 0.257739
 0.109388 0.218775 0.218775 0.218775 0.218775
 0.248815 0.497629 0.497629 0.497629 0.497629
 0.236927 0.473854 0.473854 0.473854 0.473854
 0.350933 0.701865 0.701865 0.701865 0.701865
 0.608053 1.21611 1.21611 1.21611 1.21611
 0.49441 0.988821 0.988821 0.988821 0.988821
 0.198189 0.396377 0.396377 0.396377 0.396377
 0.138849 0.277698 0.277698 0.277698 0.277698
 0.0907135 0.181427 0.181427 0.181427 0.181427
 0.075765 0.15153 0.15153 0.15153 0.15153
 0.0697523 0.139505 0.139505 0.139505 0.139505
 0.0336211 0.0672422 0.0672422 0.0672422 0.0672422
 0.0429571 0.0859141 0.0859141 0.0859141 0.0859141
 0.047134 0.094268 0.094268 0.094268 0.094268
 0.0363642 0.0727284 0.0727284 0.0727284 0.0727284
nmprior
 10 10 8 0
nm_flota  nm_reclas  nm_pelaces    nm_pelaL
inf 12.4645 14.329 24.404
cv_recla  cv_pelaces  cv_mph
1.23725 0.869747 1.08514
 ------------------------------------------------
Talla a la edad & desviación 
 7.2 14.2025 17.0495 18.207 18.6776
 1.08 2.13037 2.55742 2.73105 2.80164
