years
 1997 1998 1999 2000 2001 2002 2003 2004 2005 2006 2007 2008 2009 2010 2011 2012 2013 2014 2015 2016 2017 2018 2019 2020
reclasobs
 0 0 0 370054 412103 1.49427e+06 250295 1.28982e+06 931140 785840 897777 1.04006e+06 184774 17550 25797 100020 73551 82996 120727 218422 84188 347160 605670 569463
reclaspred
 1.19394e+06 233422 565817 290343 375187 479958 982362 774174 1.03805e+06 1.19673e+06 1.14337e+06 784076 452310 206016 134989 130955 153446 210472 222735 296528 480415 481105 783075 840515
pelacesobs
 0 0 0 0 0 0 0 0 0 2.06254e+06 1.5e+06 0 1.87456e+06 323000 250000 174000 83755 137374 0 501740 490994 745055 786931 1.00524e+06
pelacespred
 669402 236776 190916 202213 223080 217966 503508 489745 592171 708998 591987 420792 240334 87954.8 57026.1 63122.4 77482.7 107249 119749 153462 272912 285366 352726 451058
mphobs
 0 0 0 0 0 112323 0 153150 637223 0 255016 313432 73983 77613 109348 50772 0 0 0 0 0 0 0 0
mphpred
 847068 440731 365107 316720 275483 432588 589043 792512 804530 1.0241e+06 1.14654e+06 827446 504302 266969 125485 109537 121108 162935 196445 217632 347219 450988 547145 708243
desembarqueobs
 350755 77701 442110 56441 14545 235359 269955 359681 431902 328805 639364 411747 362871 311530 167758 66681 60226 58785 57116 71774 51957 67425 138520 160799
desembarquepred
 350752 77696.6 442057 56441 14545 235395 269963 359572 431796 328720 639233 411792 362857 311614 167680 66683.4 60240.1 58782 57107.2 71760.8 51953.9 67413.4 138504 160787
Reclutas
 38737.7 42129.2 20587 23896.2 50763.1 36816.6 75111.3 85036.6 131308 143486 72818.8 39952.1 46355.1 28160.2 19897.8 16537.3 14000.2 14701.3 15359.1 30046.7 42873.2 46700.5 69196.4 63589.3
log_desv_Rt
 -0.0154317 0.0684966 -0.647584 -0.498527 0.254925 -0.0662971 0.646726 0.770838 1.2053 1.29399 0.615729 0.0154368 0.164086 -0.334336 -0.681635 -0.866624 -1.03318 -0.98431 -0.940535 -0.269491 0.0860013 0.171511 0.564705 0.480201
SSB
 847068 440731 365107 316720 275483 432588 589043 792512 804530 1.0241e+06 1.14654e+06 827446 504302 266969 125485 109537 121108 162935 196445 217632 347219 450988 547145 708243
BT
 2.04595e+06 584568 721209 487478 543968 616791 1.5733e+06 1.53286e+06 1.93681e+06 1.97904e+06 1.82971e+06 1.24388e+06 891049 486448 285562 198166 231158 290984 299211 419542 700443 637242 839292 1.08099e+06
Ftot
 0.282908 0.319873 0.723426 0.188417 0.037918 0.465203 0.265395 0.443093 0.398501 0.265182 0.52766 0.496597 0.74333 1.31252 1.11547 0.483554 0.376049 0.269365 0.247497 0.234086 0.10539 0.136243 0.171592 0.185428
BD_Bspro_t
 0.959246 0.760613 0.631834 0.416139 0.512969 0.681999 0.607715 0.644156 0.611727 0.616028 0.612955 0.459532 0.348412 0.24926 0.149506 0.156394 0.223932 0.352675 0.455107 0.542597 0.675632 0.777584 0.782947 0.77206
BD_Bspro
 1.04658 0.544537 0.451102 0.391318 0.340368 0.534477 0.727782 0.979173 0.994023 1.26531 1.41659 1.02234 0.623081 0.329849 0.155041 0.135336 0.149633 0.201311 0.242714 0.268891 0.429 0.557211 0.676016 0.875057
BD_Bo
 0.904066 0.470387 0.389675 0.338032 0.294019 0.461697 0.62868 0.845839 0.858666 1.09301 1.22369 0.883124 0.538236 0.284933 0.133929 0.116907 0.129257 0.173899 0.209664 0.232276 0.370582 0.481335 0.583962 0.7559
BD_Brms
 4.40172 2.29022 1.89725 1.64581 1.43152 2.24791 3.06092 4.11822 4.18068 5.32165 5.95792 4.29976 2.62056 1.38728 0.652075 0.569198 0.629329 0.846678 1.02081 1.13091 1.80429 2.34353 2.8432 3.68033
S_f
 0.5 1 1 1 1
 0.5 1 1 1 1
 0.5 1 1 1 1
 0.5 1 1 1 1
 0.5 1 1 1 1
 0.5 1 1 1 1
 0.5 1 1 1 1
 0.5 1 1 1 1
 0.5 1 1 1 1
 0.5 1 1 1 1
 0.5 1 1 1 1
 0.5 1 1 1 1
 0.5 1 1 1 1
 0.5 1 1 1 1
 0.5 1 1 1 1
 0.5 1 1 1 1
 0.5 1 1 1 1
 0.5 1 1 1 1
 0.5 1 1 1 1
 0.5 1 1 1 1
 0.5 1 1 1 1
 0.5 1 1 1 1
 0.5 1 1 1 1
 0.5 1 1 1 1
Scru_reclas
 0.5 1 1 1 1
 0.5 1 1 1 1
 0.5 1 1 1 1
 0.5 1 1 1 1
 0.5 1 1 1 1
 0.5 1 1 1 1
 0.5 1 1 1 1
 0.5 1 1 1 1
 0.5 1 1 1 1
 0.5 1 1 1 1
 0.5 1 1 1 1
 0.5 1 1 1 1
 0.5 1 1 1 1
 0.5 1 1 1 1
 0.5 1 1 1 1
 0.5 1 1 1 1
 0.5 1 1 1 1
 0.5 1 1 1 1
 0.5 1 1 1 1
 0.5 1 1 1 1
 0.5 1 1 1 1
 0.5 1 1 1 1
 0.5 1 1 1 1
 0.5 1 1 1 1
Scru_pelaces
 0.5 1 1 1 1
 0.5 1 1 1 1
 0.5 1 1 1 1
 0.5 1 1 1 1
 0.5 1 1 1 1
 0.5 1 1 1 1
 0.5 1 1 1 1
 0.5 1 1 1 1
 0.5 1 1 1 1
 0.5 1 1 1 1
 0.5 1 1 1 1
 0.5 1 1 1 1
 0.5 1 1 1 1
 0.5 1 1 1 1
 0.5 1 1 1 1
 0.5 1 1 1 1
 0.5 1 1 1 1
 0.5 1 1 1 1
 0.5 1 1 1 1
 0.5 1 1 1 1
 0.5 1 1 1 1
 0.5 1 1 1 1
 0.5 1 1 1 1
 0.5 1 1 1 1
pf_obs 
 0.256992 0.487395 0.22802 0.0275931 0
 0.321318 0.546541 0.124235 0.00734118 0.000564706
 0.182869 0.594174 0.210203 0.0122559 0.00049798
 0.330522 0.361315 0.267642 0.0388342 0.00168674
 0.649043 0.306663 0.0425973 0.00169635 0
 0.582887 0.30429 0.105238 0.00758474 0
 0.465427 0.430635 0.0974691 0.00646863 0
 0.296916 0.608066 0.0921331 0.00288517 0
 0.311714 0.524322 0.152257 0.0117073 0
 0.15457 0.633149 0.183074 0.0267441 0.00246327
 0.131901 0.49318 0.331252 0.0422183 0.00144891
 0.196976 0.569456 0.194076 0.0375587 0.00193317
 0.518974 0.381816 0.0799577 0.0180837 0.00116848
 0.0928022 0.601141 0.25162 0.0475244 0.00691264
 0.122501 0.610282 0.24278 0.0234846 0.000952079
 0.383417 0.481906 0.127806 0.00687128 0
 0.0376549 0.599619 0.316969 0.0457579 0
 0.0361596 0.667082 0.258105 0.0386534 0
 0.158088 0.579412 0.248529 0.0139706 0
 0.0477256 0.309471 0.559284 0.082774 0.000745712
 0.0406174 0.521527 0.379366 0.0568643 0.0016247
 0.151134 0.462217 0.34131 0.0453401 0
 0.294876 0.26143 0.354403 0.0886775 0.000613685
 0.281977 0.475581 0.204845 0.0348837 0.00271318
pf_pred 
 0.407287 0.414453 0.159034 0.0192211 5.11794e-06
 0.446841 0.331075 0.155292 0.0595887 0.00720389
 0.298922 0.448149 0.151382 0.0710063 0.0305405
 0.473442 0.270922 0.16341 0.0551989 0.0370273
 0.608142 0.25661 0.069587 0.0419723 0.0236886
 0.38325 0.46767 0.0976259 0.026474 0.0249803
 0.617071 0.22497 0.119777 0.0250034 0.0131782
 0.525724 0.368362 0.0622242 0.0331289 0.0105606
 0.601654 0.285291 0.0878081 0.0148327 0.0104145
 0.523217 0.368228 0.0777458 0.0239289 0.0068802
 0.313726 0.48253 0.157355 0.0332232 0.0131657
 0.291531 0.365906 0.240861 0.078546 0.0231556
 0.458546 0.26411 0.143241 0.0942898 0.0398131
 0.433811 0.384632 0.0885595 0.0480306 0.0449664
 0.5419 0.320243 0.0936514 0.0215627 0.0226432
 0.554334 0.343193 0.0716358 0.0209491 0.00988851
 0.465487 0.396287 0.106443 0.0222183 0.00956447
 0.471489 0.348905 0.13316 0.035767 0.0106796
 0.455189 0.35872 0.122851 0.0468861 0.016354
 0.600766 0.256332 0.0940913 0.0322234 0.0165877
 0.557679 0.337456 0.0673296 0.0247146 0.012821
 0.462308 0.388238 0.114022 0.0227497 0.0126828
 0.515201 0.310862 0.12559 0.0368846 0.011462
 0.420149 0.40042 0.115054 0.0464826 0.0178937
pobs_RECLAS
 0 0 0 0 0
 0 0 0 0 0
 0 0 0 0 0
 0 0 0 0 0
 0.835266 0.146461 0.0176864 0.000547809 3.91292e-05
 0.385257 0.428462 0.181853 0.0044286 0
 0.867414 0.0963971 0.0333333 0.00285562 0
 0.441836 0.489002 0.0689373 0.000224442 0
 0.779404 0.147425 0.0564933 0.0165055 0.000172143
 0.814271 0.122319 0.05973 0.00367925 0
 0.40263 0.566651 0.0304383 0.000280538 0
 0.475488 0.404961 0.113038 0.00651328 0
 0.955842 0.0263864 0.0167828 0.000988607 0
 0.975058 0.0227948 0.00214734 0 0
 0.738997 0.206755 0.0527124 0.00153531 0
 0.850938 0.134255 0.0134407 0.00136685 0
 0.542534 0.407297 0.0501686 0 0
 0.764087 0.199537 0.0359546 0.000420521 0
 0.470689 0.182191 0.310203 0.0369168 0
 0.84361 0.089868 0.0606195 0.00523954 0.000663233
 0.607945 0.314616 0.071237 0.00620181 0
 0.523733 0.453247 0.0230204 0 0
 0.530135 0.295979 0.169645 0.0042399 0
 0.562478 0.366248 0.0663022 0.0049721 0
ppred_RECLAS
 0.409849 0.412661 0.158346 0.019138 5.09581e-06
 0.449894 0.329247 0.154435 0.0592598 0.00716412
 0.306629 0.443223 0.149718 0.0702258 0.0302048
 0.47507 0.270084 0.162905 0.0550282 0.0369129
 0.608414 0.256432 0.0695388 0.0419431 0.0236721
 0.38798 0.464083 0.0968772 0.026271 0.0247887
 0.619387 0.22361 0.119053 0.0248522 0.0130985
 0.530391 0.364738 0.061612 0.032803 0.0104567
 0.605557 0.282496 0.0869477 0.0146873 0.0103124
 0.525661 0.366341 0.0773473 0.0238063 0.00684493
 0.318833 0.478939 0.156184 0.032976 0.0130677
 0.296048 0.363573 0.239326 0.0780453 0.023008
 0.467979 0.259509 0.140746 0.0926471 0.0391195
 0.455514 0.369889 0.0851649 0.0461895 0.0432428
 0.558893 0.308363 0.0901772 0.0207628 0.0218032
 0.559519 0.3392 0.0708024 0.0207053 0.00977346
 0.469257 0.393492 0.105693 0.0220616 0.00949702
 0.473978 0.347261 0.132533 0.0355985 0.0106293
 0.457426 0.357248 0.122346 0.0466936 0.0162869
 0.602787 0.255034 0.093615 0.0320603 0.0165037
 0.558514 0.336819 0.0672024 0.0246679 0.0127968
 0.463428 0.387429 0.113784 0.0227023 0.0126563
 0.516664 0.309924 0.125211 0.0367733 0.0114274
 0.421711 0.399342 0.114744 0.0463574 0.0178455
pobs_PELACES
 0 0 0 0 0
 0 0 0 0 0
 0 0 0 0 0
 0 0 0 0 0
 0 0 0 0 0
 0 0 0 0 0
 0 0 0 0 0
 0 0 0 0 0
 0 0 0 0 0
 0 0 0 0 0
 0.450072 0.473896 0.0757376 0.000293798 0
 0 0 0 0 0
 0.463077 0.371075 0.160297 0.00555027 0
 0.529543 0.364841 0.0842815 0.0213345 0
 0.631943 0.363953 0.00410389 0 0
 0.735681 0.248677 0.0153453 0.000297389 0
 0.695825 0.281241 0.0229344 0 0
 0.275771 0.60734 0.115278 0.00161068 0
 0 0 0 0 0
 0.896147 0.0623911 0.0374545 0.00400742 0
 0.803859 0.145111 0.0509908 3.86294e-05 0
 0.739449 0.233085 0.0266225 0.000797448 4.60066e-05
 0.878498 0.100942 0.0204185 0.000141795 0
 0.694673 0.275183 0.0284847 0.00165964 0
ppred_PELACES
 0.421186 0.404734 0.155305 0.0187703 4.99793e-06
 0.462988 0.32141 0.150759 0.0578492 0.0069936
 0.332575 0.426637 0.144116 0.067598 0.0290745
 0.482828 0.266093 0.160497 0.0542149 0.0363673
 0.609904 0.255456 0.0692742 0.0417836 0.0235821
 0.406355 0.450149 0.0939686 0.0254822 0.0240445
 0.629655 0.217578 0.115841 0.0241817 0.0127451
 0.548552 0.350632 0.0592292 0.0315343 0.0100523
 0.621149 0.271329 0.0835108 0.0141068 0.00990478
 0.536557 0.357925 0.0755705 0.0232594 0.00668769
 0.338032 0.46544 0.151782 0.0320465 0.0126994
 0.313404 0.354609 0.233425 0.076121 0.0224407
 0.498598 0.244574 0.132645 0.0873151 0.0368681
 0.509536 0.333189 0.0767151 0.0416067 0.0389524
 0.603657 0.277071 0.0810261 0.0186558 0.0195906
 0.57908 0.324136 0.0676582 0.0197859 0.00933944
 0.484735 0.382017 0.10261 0.0214182 0.00922006
 0.485071 0.339939 0.129738 0.0348478 0.0104052
 0.467577 0.350564 0.120057 0.04582 0.0159822
 0.611997 0.249121 0.0914443 0.0313169 0.0161211
 0.562798 0.333551 0.0665504 0.0244286 0.0126726
 0.469022 0.38339 0.112598 0.0224656 0.0125244
 0.523731 0.305393 0.123381 0.0362356 0.0112603
 0.42919 0.394177 0.11326 0.0457579 0.0176147
pobs_pel_tallas
 0 0 0 0 0 0 0 0 0 0 0 0 0 0 0 0 0 0 0 0 0 0 0 0 0 0 0 0 0 0 0 0 0 0 0 0
 0 0 0 0 0 0 0 0 0 0 0 0 0 0 0 0 0 0 0 0 0 0 0 0 0 0 0 0 0 0 0 0 0 0 0 0
 0 0 0 0 0 0 0 0 0 0 0 0 0 0 0 0 0 0 0 0 0 0 0 0 0 0 0 0 0 0 0 0 0 0 0 0
 0 0 0 0 0 0 0 0 0 0 0 0 0 0 0 0 0 0 0 0 0 0 0 0 0 0 0 0 0 0 0 0 0 0 0 0
 0 0 0 0 0 0 0 0 0 0 0 0 0 0 0 0 0 0 0 0 0 0 0 0 0 0 0 0 0 0 0 0 0 0 0 0
 0 0 0 0 0 0 0 0 0 0 0 0 0 0 0 0 0 0 0 0 0 0 0 0 0 0 0 0 0 0 0 0 0 0 0 0
 0 0 0 0 0 0 0 0 0 0 0 0 0 0 0 0 0 0 0 0 0 0 0 0 0 0 0 0 0 0 0 0 0 0 0 0
 0 0 0 0 0 0 0 0 0 0 0 0 0 0 0 0 0 0 0 0 0 0 0 0 0 0 0 0 0 0 0 0 0 0 0 0
 0 0 0 0 0 0 0 0 0 0 0 0 0 0 0 0 0 0 0 0 0 0 0 0 0 0 0 0 0 0 0 0 0 0 0 0
 0 0 0 0 0 0 0 0 0 0 0 0 0 0 0 0 0 0 0 0 0 0 0 0 0 0 0 0 0 0 0 0 0 0 0 0
 0 0 0 0 0 0 0 0 1.78061e-05 0.00172719 0.00360574 0.0105946 0.0120993 0.0124554 0.0147524 0.0171206 0.0266825 0.0428682 0.0675386 0.121331 0.153587 0.119568 0.100827 0.0573624 0.0630603 0.0341343 0.0324427 0.0444173 0.0211091 0.0280891 0.0125444 0.00206551 0 0 0 0
 0 0 0 0 0 0 0 0 0 0 0 0 0 0 0 0 0 0 0 0 0 0 0 0 0 0 0 0 0 0 0 0 0 0 0 0
 0 0 0 0 0 0 0.0133647 0.0140871 0.0187388 0.0205184 0.03894 0.0496705 0.03968 0.0493445 0.0407372 0.0367815 0.0215668 0.0243155 0.0234873 0.0199281 0.019796 0.0243948 0.0301388 0.0376714 0.0412746 0.0863199 0.0771752 0.113111 0.0741005 0.0525337 0.0229764 0.00759418 0.00175318 0 0 0
 0 0 0 0 0 0 0 0 0 0 0.00219441 0.00772107 0.0458388 0.0604681 0.0671733 0.0775358 0.0609151 0.0617685 0.073594 0.0568108 0.0755445 0.0548602 0.0670107 0.0636378 0.0643287 0.046367 0.0373049 0.0286899 0.0247887 0.0153202 0.00654259 0.00121912 0.000365735 0 0 0
 0 0 0 0 0 0 0 0 0 0 0 0 0.000112435 0.00938835 0.0111873 0.0202946 0.0414886 0.0713402 0.111592 0.104902 0.108894 0.110636 0.117776 0.105296 0.107544 0.0401394 0.0192827 0.0124803 0.00416011 0.0028671 0.000618394 0 0 0 0 0
 0 0 0 0 0 0 0 0 0 0 0.00291406 0.0102884 0.027416 0.0768956 0.0749926 0.110853 0.0956884 0.0897413 0.0766577 0.0534642 0.0500743 0.0551293 0.0594112 0.0620874 0.0668451 0.0424026 0.0208742 0.0120726 0.0048766 0.00582813 0.00118941 0.000297354 0 0 0 0
 0 0.00264628 0.0354308 0.0461629 0.0458689 0.0383711 0.0214643 0.0164657 0.0346957 0.0420465 0.0363128 0.0245516 0.0311673 0.0291091 0.0169068 0.0133784 0.00837989 0.0085269 0.0148486 0.0160247 0.0276389 0.0546898 0.0760071 0.122758 0.109233 0.0665981 0.0333725 0.0166128 0.00676272 0.00308733 0.000882094 0 0 0 0 0
 0 0 0 0 0 0 0 0.000805153 0.000690131 0.00759144 0.0133425 0.0154129 0.00931677 0.000345066 0.00356568 0.00563607 0.00851162 0.0253048 0.0502646 0.0516448 0.0657925 0.0565908 0.0611916 0.0827007 0.0866115 0.110766 0.145733 0.0935128 0.0569358 0.0249597 0.0138026 0.00621118 0.00161031 0.00115022 0 0
 0 0 0 0 0 0 0 0 0 0 0 0 0 0 0 0 0 0 0 0 0 0 0 0 0 0 0 0 0 0 0 0 0 0 0 0
 0.00147267 0.00158595 0.00478618 0.00569244 0.00954404 0.0108468 0.00647125 0.017049 0.0510054 0.094081 0.124002 0.0959785 0.0687766 0.0820023 0.061753 0.0591476 0.0492212 0.0479892 0.0443925 0.0268479 0.0217502 0.0140895 0.0121071 0.0120363 0.00920419 0.00665534 0.0049561 0.00860946 0.00930331 0.0156896 0.0114698 0.00855282 0.00243557 0.00046729 0 2.83206e-05
 0 0 0 0 0.000772559 0.00158375 0.000888443 0.00281984 0.00712685 0.0440552 0.0773331 0.111326 0.0921469 0.0852325 0.0710754 0.0886704 0.0786465 0.0553345 0.0373146 0.0185414 0.00753245 0.00457741 0.012979 0.0271748 0.0457355 0.0583668 0.034881 0.0177882 0.00938659 0.00492506 0.0015258 0.00185414 0.000309023 5.79419e-05 3.86279e-05 0
 0 0.00173294 0.00326652 0 0.00397197 0.00683976 0.00946217 0.0152591 0.00757587 0.0136028 0.0228656 0.0392903 0.0559909 0.0764795 0.0681675 0.0726916 0.0566044 0.0477403 0.0527397 0.0444891 0.0609904 0.0582453 0.0661739 0.0445044 0.0529084 0.0360697 0.0280645 0.0235558 0.0158879 0.00826598 0.00280645 0.00217768 0.000904811 0.00058276 9.20147e-05 0
 0 0 0 0 0 0 0 0 0 0 0 0 0 0 0 0 0 0 0 0 0 0 0 0 0 0 0 0 0 0 0 0 0 0 0 0
 0 0 0 0 0 0 0 0 0 0 0 0 0 0 0 0 0 0 0 0 0 0 0 0 0 0 0 0 0 0 0 0 0 0 0 0
ppred_pel_tallas
 1.02982e-16 1.83951e-05 0.000107919 0.0005129 0.00197453 0.00615726 0.0155531 0.0318262 0.0527651 0.0708911 0.0772202 0.0682961 0.0492866 0.029568 0.0158546 0.00955317 0.00880596 0.0113618 0.0157967 0.021364 0.0275323 0.0337256 0.0392932 0.0436026 0.0461699 0.046764 0.0454484 0.0425435 0.0385308 0.0339308 0.0291982 0.0246603 0.0205058 0.0168107 0.0135806 0.0107898
 1.0456e-16 2.02144e-05 0.000118607 0.000563734 0.00217029 0.00676772 0.017095 0.0349804 0.0579908 0.0779009 0.0848268 0.0749544 0.0539413 0.0320597 0.0166448 0.00918976 0.00760183 0.0093734 0.0129435 0.0175503 0.0227316 0.0280318 0.0329421 0.0369612 0.0396944 0.0409334 0.0406888 0.0391635 0.0366807 0.0335953 0.0302177 0.0267733 0.0233982 0.0201617 0.0170985 0.0142346
 1.05866e-16 1.4532e-05 8.52371e-05 0.000405066 0.00155934 0.00486249 0.0122826 0.0251348 0.0416747 0.0560012 0.0610281 0.0540397 0.0391386 0.0237613 0.0132538 0.00877974 0.00892693 0.0119608 0.0167723 0.0227442 0.0293774 0.0360902 0.0422129 0.0470923 0.0502274 0.0513759 0.0505958 0.0482028 0.0446691 0.0404972 0.0361129 0.0318083 0.027737 0.0239484 0.0204379 0.0171893
 1.05928e-16 2.10773e-05 0.000123678 0.000587853 0.00226317 0.00705739 0.0178266 0.0364769 0.0604697 0.0812248 0.0884302 0.0781006 0.0561229 0.0331908 0.0169291 0.0088664 0.00679334 0.00807849 0.0110988 0.0150954 0.0196571 0.02441 0.0289394 0.0328304 0.0357448 0.0374852 0.038023 0.0374777 0.0360636 0.0340219 0.0315661 0.0288536 0.0259872 0.0230339 0.0200503 0.0170987
 1.03605e-16 2.66177e-05 0.000156207 0.000742502 0.00285861 0.00891426 0.0225168 0.0460734 0.0763754 0.102581 0.111657 0.098558 0.0707004 0.0415628 0.0207358 0.0100989 0.00680444 0.00747544 0.0100256 0.0134912 0.0173889 0.0213264 0.024896 0.0277089 0.0294721 0.0300502 0.0294895 0.0279909 0.0258472 0.0233652 0.0208009 0.0183242 0.0160168 0.013895 0.0119412 0.0101323
 1.0348e-16 1.775e-05 0.000104128 0.000494871 0.0019051 0.00594073 0.0150062 0.0307076 0.0509121 0.0684065 0.0745267 0.0659444 0.0476559 0.028722 0.0156401 0.00978894 0.0093955 0.0122972 0.0171112 0.0230822 0.0296346 0.0361284 0.0418443 0.0460957 0.0483762 0.0484743 0.046516 0.0429152 0.0382572 0.0331539 0.0281196 0.0234999 0.0194614 0.0160278 0.0131376 0.0106988
 1.03142e-16 2.74776e-05 0.000161258 0.000766523 0.00295111 0.00920272 0.0232454 0.0475639 0.0788448 0.105894 0.115253 0.101708 0.0729082 0.0427564 0.0211389 0.00997879 0.00632102 0.00667122 0.00888167 0.0119834 0.0155248 0.019165 0.0225526 0.0253452 0.0272708 0.0281824 0.02808 0.0270938 0.0254369 0.023346 0.0210314 0.0186487 0.0162961 0.014028 0.0118759 0.00986418
 1.02509e-16 2.39464e-05 0.000140515 0.000667881 0.00257127 0.00801818 0.0202535 0.0414432 0.0687035 0.0922875 0.100481 0.0887604 0.0638184 0.0378115 0.0194095 0.0103542 0.00813292 0.00973964 0.0132928 0.0178677 0.0229106 0.0278971 0.0322624 0.0354732 0.0371394 0.0371032 0.0354713 0.0325755 0.0288806 0.0248698 0.0209469 0.0173806 0.0142965 0.011706 0.00955281 0.00775637
 1.02222e-16 2.71088e-05 0.000159088 0.000756196 0.00291133 0.00907866 0.0229321 0.0469232 0.0777844 0.104474 0.113721 0.100385 0.0720234 0.0423654 0.021182 0.0103912 0.0070959 0.00785746 0.0105475 0.0141749 0.0182307 0.0222927 0.0259197 0.0286918 0.0302931 0.0305803 0.0296094 0.0276086 0.0249114 0.0218724 0.0187955 0.0158922 0.0132755 0.0109789 0.00898795 0.00726982
 1.02302e-16 2.34237e-05 0.000137446 0.000653287 0.00251508 0.00784293 0.0198109 0.0405376 0.0672027 0.0902729 0.0982917 0.0868355 0.0624546 0.0370442 0.0190909 0.0103059 0.00823975 0.00995818 0.013623 0.0183251 0.0235106 0.0286463 0.033154 0.0364856 0.0382368 0.0382394 0.0365944 0.0336336 0.0298272 0.0256677 0.0215713 0.0178203 0.0145541 0.0117966 0.00950155 0.00759548
 1.04001e-16 1.47716e-05 8.66401e-05 0.000411728 0.00158497 0.00494242 0.0124846 0.0255483 0.0423612 0.0569263 0.062043 0.0549548 0.0398368 0.0242556 0.0136551 0.00922962 0.00955324 0.0128667 0.0180356 0.0244094 0.0314406 0.0384832 0.0447952 0.0496571 0.0525235 0.0531423 0.051601 0.0482808 0.0437429 0.0385869 0.0333279 0.0283266 0.0237788 0.0197481 0.0162189 0.0131454
 1.07094e-16 1.36934e-05 8.03198e-05 0.000381702 0.00146941 0.00458204 0.0115742 0.0236848 0.0392694 0.0527659 0.0574941 0.0508909 0.0368162 0.0222687 0.012276 0.00792472 0.00787895 0.0105103 0.0147977 0.0202061 0.0263337 0.0327152 0.0388001 0.0440295 0.0479433 0.0502677 0.0509533 0.0501508 0.0481416 0.04525 0.0417703 0.037929 0.0338843 0.0297479 0.025615 0.0215832
 1.06686e-16 2.17639e-05 0.000127712 0.000607033 0.00233703 0.00728772 0.0184083 0.037667 0.0624417 0.0838708 0.0913033 0.0806199 0.0578937 0.0341584 0.0172754 0.00880858 0.00646171 0.00750647 0.0102646 0.013964 0.0182077 0.022653 0.0269249 0.0306488 0.0335193 0.035357 0.0361324 0.035946 0.0349781 0.033428 0.0314656 0.0292087 0.0267285 0.0240709 0.0212818 0.018424
 1.04448e-16 2.22444e-05 0.000130525 0.000620389 0.00238842 0.00744796 0.0188132 0.0384961 0.0638182 0.0857262 0.0933404 0.0824596 0.0593037 0.0351682 0.018112 0.00976055 0.00778948 0.00941712 0.0129065 0.0174079 0.0224135 0.0274384 0.031955 0.0354594 0.0375752 0.0381361 0.0372163 0.035094 0.032167 0.0288494 0.0254841 0.0222953 0.0193858 0.0167661 0.0143987 0.0122369
 1.02797e-16 2.63463e-05 0.000154611 0.000734911 0.00282938 0.00882308 0.0222866 0.0456024 0.0755953 0.101535 0.110525 0.097572 0.0700226 0.0412237 0.0206765 0.0102517 0.00714029 0.00800595 0.0107821 0.014502 0.0186615 0.022835 0.0265751 0.0294558 0.0311568 0.0315331 0.0306414 0.0287122 0.0260808 0.0231019 0.0200766 0.0172111 0.0146114 0.0123046 0.0102723 0.00848099
 1.02183e-16 2.52765e-05 0.000148327 0.000705022 0.00271428 0.00846416 0.02138 0.0437479 0.0725227 0.0974135 0.106051 0.0936548 0.0672808 0.0397491 0.0201947 0.010436 0.00780092 0.00910246 0.012354 0.0165984 0.0212927 0.0259448 0.0300297 0.0330511 0.0346437 0.0346555 0.0331783 0.0305128 0.0270841 0.0233377 0.0196491 0.0162722 0.0133315 0.0108471 0.00877575 0.00705033
 1.02748e-16 2.1165e-05 0.000124183 0.00059023 0.00227228 0.00708577 0.0178984 0.0366247 0.0607178 0.0815675 0.0888279 0.0785102 0.0565442 0.0336941 0.0176513 0.00999082 0.00852944 0.0106395 0.0146677 0.0197753 0.0254148 0.0310293 0.0360042 0.0397509 0.0418302 0.0420493 0.0404997 0.037517 0.0335852 0.0292162 0.0248463 0.0207768 0.0171638 0.0140466 0.0113932 0.00914381
 1.03637e-16 2.1178e-05 0.000124263 0.000590618 0.00227379 0.0070905 0.0179103 0.0366487 0.0607565 0.081616 0.0888717 0.0785276 0.0565104 0.0335814 0.017424 0.00959976 0.00791131 0.00972423 0.013393 0.0181069 0.0233673 0.028683 0.0335106 0.0373224 0.0397128 0.0404839 0.0396802 0.0375561 0.0344965 0.0309161 0.0271737 0.0235235 0.0201093 0.0169875 0.0141648 0.0116301
 1.0414e-16 2.04156e-05 0.000119786 0.000569332 0.00219183 0.00683491 0.0172647 0.0353279 0.0585675 0.0786776 0.0856776 0.0757184 0.0545174 0.0324545 0.0169447 0.00950376 0.00802376 0.00997285 0.0137661 0.0186139 0.0240164 0.0294719 0.0344231 0.0383299 0.0407795 0.0415742 0.0407656 0.0386207 0.0355379 0.0319424 0.0281976 0.024556 0.0211534 0.0180359 0.0152002 0.0126282
 1.03209e-16 2.67088e-05 0.000156742 0.000745047 0.00286841 0.00894483 0.0225941 0.0462313 0.076637 0.102932 0.112038 0.0988909 0.0709323 0.0416856 0.0207723 0.0100766 0.00673975 0.00737319 0.00988586 0.0133161 0.0171867 0.0211136 0.0246963 0.02755 0.0293793 0.0300397 0.0295627 0.028131 0.0260207 0.0235271 0.0209033 0.0183255 0.0158898 0.0136313 0.0115519 0.00964455
 1.02485e-16 2.45669e-05 0.00014416 0.00068521 0.002638 0.00822627 0.0207791 0.0425185 0.0704853 0.0946786 0.103078 0.0910401 0.0654259 0.0387004 0.0197492 0.0103479 0.00790824 0.00933913 0.012711 0.017087 0.0219241 0.0267202 0.0309372 0.0340658 0.0357314 0.0357786 0.034302 0.0316103 0.0281388 0.0243423 0.020603 0.0171772 0.0141882 0.0116531 0.00952526 0.00773529
 1.03081e-16 2.048e-05 0.000120161 0.000571108 0.00219866 0.00685618 0.0173185 0.0354381 0.0587511 0.0789269 0.085956 0.0759807 0.0547417 0.0326588 0.0171803 0.00983781 0.00852694 0.0107121 0.0147971 0.0199686 0.0256875 0.0313996 0.0364892 0.0403651 0.0425829 0.042943 0.0415284 0.0386654 0.0348289 0.0305227 0.0261777 0.0220924 0.0184243 0.0152177 0.0124483 0.0100657
 1.03623e-16 2.28624e-05 0.000134155 0.000637652 0.00245489 0.00765527 0.0193368 0.0395672 0.0655929 0.0881072 0.095925 0.084724 0.0608914 0.036028 0.0184054 0.00968122 0.00745456 0.00886066 0.0121199 0.0163801 0.0211574 0.026004 0.0304314 0.0339651 0.0362382 0.0370678 0.0364859 0.0347117 0.0320803 0.028954 0.0256471 0.0223831 0.0192899 0.0164213 0.0137897 0.0113939
 1.04132e-16 1.87435e-05 0.000109965 0.000522634 0.00201202 0.00627415 0.0158483 0.0324302 0.0537659 0.0722338 0.0786778 0.0695733 0.0501824 0.0300533 0.0160197 0.00950474 0.00860494 0.0110177 0.0152888 0.0206628 0.0266145 0.0325849 0.0379475 0.0420979 0.0445804 0.0451868 0.0439949 0.0413275 0.0376557 0.0334775 0.0292152 0.0251572 0.0214521 0.0181385 0.0151935 0.0125745
pSPR Fmed_Fpbrs
0.56674   0.255389 0.255389
Fs Fmed_Fpbrs
0.316223   1.005 1.005
SSBpbr Bo_Bmed_Bpbrs
936953  484162  192440 192440
Ro
39340.1
SPR SPRFo_SPRFmed_SPRFpbrs
809368 458701 206704
log_Ro
10.4
likeval ReclasPelacesDesembMPH_pf_preclas_ppelaces_ptallas_desvR_qrecl_qpela
 104.032 84.1743 0.00387214 0.000679839 311.977 178.15 84.311 0 14.1603 0 0 0 0 0 0
q_reclas_q_pelaces
1 1
M
0.7
N
 38737.7 20931 8031.64 970.715 0.258469
 42129.2 16699.2 7832.81 3005.61 363.359
 20587 17828.6 6022.4 2824.83 1214.99
 23896.2 7120.29 4294.69 1450.72 973.141
 50763.1 10799.6 2928.62 1766.43 996.949
 36816.6 24734.8 5163.38 1400.2 1321.2
 75111.3 14488.4 7713.78 1610.25 848.692
 85036.6 32664 5517.65 2937.66 936.445
 131308 33836.3 10414.3 1759.2 1235.19
 143486 53425.8 11280 3471.82 998.239
 72818.8 62405.1 20350.6 4296.72 1702.71
 39952.1 27775.2 18283.3 5962.27 1757.7
 46355.1 15477.4 8394.24 5525.59 2333.14
 28160.2 15873.7 3654.84 1982.22 1855.76
 19897.8 7254.71 2121.55 488.477 512.953
 16537.3 5656.88 1180.78 345.306 162.993
 14000.2 6448.48 1732.07 361.542 155.635
 14701.3 5760.61 2198.54 590.533 176.326
 15359.1 6380.53 2185.14 833.959 290.888
 30046.7 6739.34 2473.8 847.2 436.115
 42873.2 13272.7 2648.19 972.067 504.272
 46700.5 20197.3 5931.76 1183.51 659.796
 69196.4 21663.6 8752.23 2570.44 798.771
 63589.3 31536.7 9061.57 3660.93 1409.29
pred_Ctot
 3704.83 3770.01 1446.63 174.842 0.0465546
 4519.58 3348.66 1570.7 602.711 72.8639
 4587.96 6878.33 2323.46 1089.83 468.746
 1553.5 888.975 536.196 181.124 121.498
 686.369 289.618 78.5381 47.3712 26.7357
 5568.91 6795.58 1418.58 384.687 362.982
 6764.33 2466.12 1312.99 274.087 144.459
 12308.9 8624.57 1456.87 775.657 247.258
 17256.6 8182.7 2518.51 425.43 298.707
 12912.2 9087.34 1918.65 590.531 169.793
 12329.8 18964 6184.25 1305.71 517.427
 6408.35 8043.25 5294.55 1726.58 509.001
 10571.3 6088.76 3302.26 2173.74 917.846
 10115.6 8968.85 2065.03 1119.98 1048.53
 6315.07 3731.98 1091.37 251.283 263.874
 2590.06 1603.52 334.709 97.8818 46.2028
 1744.59 1485.23 398.937 83.2715 35.8465
 1342.62 993.546 379.188 101.851 30.4114
 1294.92 1020.48 349.484 133.381 46.5237
 2402.91 1025.26 376.34 128.885 66.3464
 1587.5 960.608 191.662 70.353 36.4965
 2220.41 1864.67 547.634 109.265 60.9139
 4111.81 2480.99 1002.33 294.375 91.4778
 4071.04 3879.88 1114.82 450.394 173.381
F
 0.141454 0.282908 0.282908 0.282908 0.282908
 0.159936 0.319873 0.319873 0.319873 0.319873
 0.361713 0.723426 0.723426 0.723426 0.723426
 0.0942084 0.188417 0.188417 0.188417 0.188417
 0.018959 0.037918 0.037918 0.037918 0.037918
 0.232602 0.465203 0.465203 0.465203 0.465203
 0.132697 0.265395 0.265395 0.265395 0.265395
 0.221547 0.443093 0.443093 0.443093 0.443093
 0.19925 0.398501 0.398501 0.398501 0.398501
 0.132591 0.265182 0.265182 0.265182 0.265182
 0.26383 0.52766 0.52766 0.52766 0.52766
 0.248299 0.496597 0.496597 0.496597 0.496597
 0.371665 0.74333 0.74333 0.74333 0.74333
 0.656258 1.31252 1.31252 1.31252 1.31252
 0.557737 1.11547 1.11547 1.11547 1.11547
 0.241777 0.483554 0.483554 0.483554 0.483554
 0.188025 0.376049 0.376049 0.376049 0.376049
 0.134683 0.269365 0.269365 0.269365 0.269365
 0.123748 0.247497 0.247497 0.247497 0.247497
 0.117043 0.234086 0.234086 0.234086 0.234086
 0.052695 0.10539 0.10539 0.10539 0.10539
 0.0681213 0.136243 0.136243 0.136243 0.136243
 0.0857959 0.171592 0.171592 0.171592 0.171592
 0.0927139 0.185428 0.185428 0.185428 0.185428
nmprior
 10 10 8 0
nm_flota  nm_reclas  nm_pelaces    nm_pelaL
inf 14.2087 12.8092 21.3317
cv_recla  cv_pelaces  cv_mph
0.944301 1.07958 0.845943
 ------------------------------------------------
Talla a la edad & desviación 
 7.2 14.2025 17.0495 18.207 18.6776
 1.08 2.13037 2.55742 2.73105 2.80164
