years
 1997 1998 1999 2000 2001 2002 2003 2004 2005 2006 2007 2008 2009 2010 2011 2012 2013 2014 2015 2016 2017 2018 2019 2020
reclasobs
 0 0 0 370054 412103 1.49427e+06 250295 1.28982e+06 931140 785840 897777 1.04006e+06 184774 17550 25797 100020 73551 82996 120727 218422 84188 347160 605670 569463
reclaspred
 467041 137327 468267 333955 438571 514718 1.08703e+06 686379 708738 592471 452635 302128 183289 85810.1 61916.3 65009.8 84492.1 117439 126141 180881 259273 241981 434245 541078
pelacesobs
 0 0 0 0 0 0 0 0 0 2.06254e+06 1.5e+06 0 1.87456e+06 323000 250000 174000 83755 137374 0 501740 490994 745055 786931 1.00524e+06
pelacespred
 1.94004e+06 524461 1.0474e+06 1.16072e+06 1.28485e+06 1.29015e+06 2.92632e+06 2.42516e+06 2.15755e+06 1.84468e+06 1.27022e+06 871311 520803 204054 143525 161537 218964 308410 343937 476003 755491 692269 977373 1.435e+06
mphobs
 0 0 0 0 0 112323 0 153150 637223 0 255016 313432 73983 77613 109348 50772 0 0 0 0 0 0 0 0
mphpred
 166371 114908 151502 206533 197033 278760 416196 469429 380737 354324 305476 210838 129916 67814.2 33386.5 29592.7 36999.7 52889.7 66574.3 77626.1 115234 135459 175360 256139
desembarqueobs
 350755 77701 442110 56441 14545 235359 269955 359681 431902 328805 639364 411747 362871 311530 167758 66681 60226 58785 57116 71774 51957 67425 138520 160799
desembarquepred
 350766 77705 442158 56442.9 14545.1 235395 269982 359715 431983 328873 639766 412098 363361 312129 167850 66699.3 60248.2 58789.5 57115.4 71778.3 51958.9 67423.1 138524 160803
Reclutas
 76992.1 95494.4 61828.2 87725.5 142560 107688 156178 136444 147362 134612 67940.2 41920.3 41449 23924.5 19034.3 24170.6 20805 23181 27134.7 46735.7 59162.1 81124.8 133913 143864
log_desv_Rt
 0.191458 0.406822 -0.0278849 0.321968 0.807517 0.526997 0.898753 0.763672 0.840648 0.750154 0.0663825 -0.416474 -0.42778 -0.977341 -1.206 -0.967106 -1.11705 -1.00891 -0.851431 -0.307737 -0.0719643 0.243744 0.744945 0.816623
SSB
 917306 633558 835322 1.13874e+06 1.08637e+06 1.53697e+06 2.29474e+06 2.58825e+06 2.09924e+06 1.95361e+06 1.68428e+06 1.16248e+06 716309 373902 184080 163163 204002 291613 367065 428001 635359 746870 966868 1.41225e+06
BT
 3.1702e+06 884337 1.77362e+06 1.73531e+06 1.87477e+06 2.03713e+06 4.44682e+06 3.91239e+06 3.52566e+06 2.9849e+06 2.41554e+06 1.63615e+06 1.11062e+06 596236 352954 290009 367765 494265 545156 749680 1.14042e+06 1.05929e+06 1.50705e+06 2.2051e+06
Ftot
 0.320735 0.232186 0.313465 0.0576994 0.0126969 0.13547 0.0852084 0.176259 0.208105 0.181925 0.407948 0.384602 0.604711 1.07216 0.983136 0.381916 0.266386 0.175866 0.147826 0.148012 0.0724735 0.0931546 0.10699 0.101516
BD_Bspro_t
 0.961654 0.820231 0.799503 0.715235 0.801333 0.883072 0.859383 0.860118 0.810957 0.767374 0.720541 0.570754 0.457489 0.341238 0.22286 0.240471 0.361541 0.533205 0.642867 0.724093 0.810009 0.866939 0.875327 0.880945
BD_Bspro
 0.701305 0.484372 0.638626 0.870598 0.830556 1.17506 1.75439 1.97879 1.60493 1.49359 1.28768 0.888746 0.547638 0.285858 0.140734 0.124742 0.155965 0.222946 0.280631 0.327218 0.485749 0.571002 0.739196 1.07971
BD_Bo
 0.617503 0.426493 0.562314 0.766568 0.73131 1.03465 1.54475 1.74233 1.41315 1.31511 1.13381 0.782546 0.482198 0.2517 0.123917 0.109836 0.137329 0.196306 0.247098 0.288118 0.427705 0.502771 0.650867 0.950689
BD_Brms
 2.18726 1.51068 1.99178 2.71526 2.59038 3.66482 5.47168 6.17153 5.00552 4.65826 4.01606 2.77186 1.708 0.891547 0.438928 0.389052 0.486432 0.695335 0.875246 1.02054 1.51498 1.78087 2.30544 3.36744
S_f
 0.203367 1 1 1 1
 0.203367 1 1 1 1
 0.203367 1 1 1 1
 0.203367 1 1 1 1
 0.203367 1 1 1 1
 0.203367 1 1 1 1
 0.203367 1 1 1 1
 0.203367 1 1 1 1
 0.203367 1 1 1 1
 0.203367 1 1 1 1
 0.203367 1 1 1 1
 0.203367 1 1 1 1
 0.203367 1 1 1 1
 0.203367 1 1 1 1
 0.203367 1 1 1 1
 0.203367 1 1 1 1
 0.203367 1 1 1 1
 0.203367 1 1 1 1
 0.203367 1 1 1 1
 0.203367 1 1 1 1
 0.203367 1 1 1 1
 0.203367 1 1 1 1
 0.203367 1 1 1 1
 0.203367 1 1 1 1
Scru_reclas
 1 1 1 1 1
 1 1 1 1 1
 1 1 1 1 1
 1 1 1 1 1
 1 1 1 1 1
 1 1 1 1 1
 1 1 1 1 1
 1 1 1 1 1
 1 1 1 1 1
 1 1 1 1 1
 1 1 1 1 1
 1 1 1 1 1
 1 1 1 1 1
 1 1 1 1 1
 1 1 1 1 1
 1 1 1 1 1
 1 1 1 1 1
 1 1 1 1 1
 1 1 1 1 1
 1 1 1 1 1
 1 1 1 1 1
 1 1 1 1 1
 1 1 1 1 1
 1 1 1 1 1
Scru_pelaces
 0.951148 1 1 1 1
 0.951148 1 1 1 1
 0.951148 1 1 1 1
 0.951148 1 1 1 1
 0.951148 1 1 1 1
 0.951148 1 1 1 1
 0.951148 1 1 1 1
 0.951148 1 1 1 1
 0.951148 1 1 1 1
 0.951148 1 1 1 1
 0.951148 1 1 1 1
 0.951148 1 1 1 1
 0.951148 1 1 1 1
 0.951148 1 1 1 1
 0.951148 1 1 1 1
 0.951148 1 1 1 1
 0.951148 1 1 1 1
 0.951148 1 1 1 1
 0.951148 1 1 1 1
 0.951148 1 1 1 1
 0.951148 1 1 1 1
 0.951148 1 1 1 1
 0.951148 1 1 1 1
 0.951148 1 1 1 1
pf_obs 
 0.256992 0.487395 0.22802 0.0275931 0
 0.321318 0.546541 0.124235 0.00734118 0.000564706
 0.182869 0.594174 0.210203 0.0122559 0.00049798
 0.330522 0.361315 0.267642 0.0388342 0.00168674
 0.649043 0.306663 0.0425973 0.00169635 0
 0.582887 0.30429 0.105238 0.00758474 0
 0.465427 0.430635 0.0974691 0.00646863 0
 0.296916 0.608066 0.0921331 0.00288517 0
 0.311714 0.524322 0.152257 0.0117073 0
 0.15457 0.633149 0.183074 0.0267441 0.00246327
 0.131901 0.49318 0.331252 0.0422183 0.00144891
 0.196976 0.569456 0.194076 0.0375587 0.00193317
 0.518974 0.381816 0.0799577 0.0180837 0.00116848
 0.0928022 0.601141 0.25162 0.0475244 0.00691264
 0.122501 0.610282 0.24278 0.0234846 0.000952079
 0.383417 0.481906 0.127806 0.00687128 0
 0.0376549 0.599619 0.316969 0.0457579 0
 0.0361596 0.667082 0.258105 0.0386534 0
 0.158088 0.579412 0.248529 0.0139706 0
 0.0477256 0.309471 0.559284 0.082774 0.000745712
 0.0406174 0.521527 0.379366 0.0568643 0.0016247
 0.151134 0.462217 0.34131 0.0453401 0
 0.294876 0.26143 0.354403 0.0886775 0.000613685
 0.281977 0.475581 0.204845 0.0348837 0.00271318
pf_pred 
 0.39015 0.430875 0.160108 0.018858 9.33044e-06
 0.315385 0.537137 0.104197 0.0387183 0.00456263
 0.181207 0.585964 0.182674 0.0354362 0.0147193
 0.260238 0.411803 0.234702 0.073168 0.0200892
 0.301988 0.446474 0.140024 0.0798049 0.03171
 0.181357 0.557881 0.166792 0.0523097 0.0416594
 0.252317 0.401173 0.236137 0.0705988 0.0397747
 0.196693 0.508398 0.158235 0.0931393 0.0435346
 0.217956 0.442568 0.214848 0.0668698 0.0577582
 0.19982 0.480842 0.180717 0.0877308 0.0508903
 0.123255 0.500948 0.225822 0.084872 0.0651019
 0.124457 0.398152 0.272769 0.122961 0.0816614
 0.195467 0.365857 0.199487 0.136666 0.102523
 0.186318 0.498919 0.143137 0.0780467 0.0935793
 0.265483 0.480663 0.155654 0.0446561 0.0535442
 0.348541 0.4824 0.110631 0.0358256 0.022602
 0.240344 0.575944 0.136037 0.0311979 0.0164767
 0.245934 0.480465 0.207435 0.0489958 0.0171707
 0.24915 0.476435 0.174848 0.0754886 0.024079
 0.327182 0.427614 0.155588 0.0570998 0.0325155
 0.28257 0.515674 0.128228 0.0466558 0.0268727
 0.281871 0.478794 0.172029 0.0427768 0.0245291
 0.32327 0.452074 0.149783 0.0538166 0.0210556
 0.24889 0.534302 0.144833 0.0479869 0.0239872
pobs_RECLAS
 0 0 0 0 0
 0 0 0 0 0
 0 0 0 0 0
 0 0 0 0 0
 0.835266 0.146461 0.0176864 0.000547809 3.91292e-05
 0.385257 0.428462 0.181853 0.0044286 0
 0.867414 0.0963971 0.0333333 0.00285562 0
 0.441836 0.489002 0.0689373 0.000224442 0
 0.779404 0.147425 0.0564933 0.0165055 0.000172143
 0.814271 0.122319 0.05973 0.00367925 0
 0.40263 0.566651 0.0304383 0.000280538 0
 0.475488 0.404961 0.113038 0.00651328 0
 0.955842 0.0263864 0.0167828 0.000988607 0
 0.975058 0.0227948 0.00214734 0 0
 0.738997 0.206755 0.0527124 0.00153531 0
 0.850938 0.134255 0.0134407 0.00136685 0
 0.542534 0.407297 0.0501686 0 0
 0.764087 0.199537 0.0359546 0.000420521 0
 0.470689 0.182191 0.310203 0.0369168 0
 0.84361 0.089868 0.0606195 0.00523954 0.000663233
 0.607945 0.314616 0.071237 0.00620181 0
 0.523733 0.453247 0.0230204 0 0
 0.530135 0.295979 0.169645 0.0042399 0
 0.562478 0.366248 0.0663022 0.0049721 0
ppred_RECLAS
 0.762207 0.168007 0.0624291 0.00735311 3.63812e-06
 0.696455 0.238156 0.0461991 0.017167 0.00202298
 0.525677 0.339446 0.105822 0.020528 0.00852682
 0.634321 0.203562 0.116018 0.0361684 0.0099305
 0.680372 0.204445 0.0641185 0.0365436 0.0145203
 0.523114 0.324984 0.0971619 0.0304721 0.024268
 0.624961 0.201229 0.118446 0.0354124 0.019951
 0.548592 0.285688 0.088918 0.0523385 0.0244637
 0.580882 0.237184 0.115143 0.0358373 0.0309541
 0.553542 0.268284 0.100831 0.0489491 0.0283941
 0.41484 0.334345 0.150719 0.0566456 0.0434506
 0.417095 0.265075 0.181599 0.0818631 0.0543672
 0.554719 0.202489 0.110409 0.0756398 0.0567426
 0.552642 0.274303 0.078696 0.0429097 0.0514495
 0.658571 0.223429 0.0723533 0.0207577 0.0248892
 0.72919 0.200533 0.0459889 0.0148926 0.00939561
 0.612297 0.293943 0.0694289 0.0159224 0.00840914
 0.618134 0.243312 0.105047 0.0248119 0.0086954
 0.621813 0.239969 0.0880672 0.0380219 0.012128
 0.70671 0.186402 0.0678228 0.0248905 0.0141739
 0.660279 0.244184 0.0607189 0.0220926 0.0127249
 0.659748 0.226854 0.0815078 0.0202677 0.011622
 0.702522 0.198724 0.065842 0.0236568 0.00925565
 0.620879 0.269688 0.0731043 0.0242212 0.0121075
pobs_PELACES
 0 0 0 0 0
 0 0 0 0 0
 0 0 0 0 0
 0 0 0 0 0
 0 0 0 0 0
 0 0 0 0 0
 0 0 0 0 0
 0 0 0 0 0
 0 0 0 0 0
 0 0 0 0 0
 0.450072 0.473896 0.0757376 0.000293798 0
 0 0 0 0 0
 0.463077 0.371075 0.160297 0.00555027 0
 0.529543 0.364841 0.0842815 0.0213345 0
 0.631943 0.363953 0.00410389 0 0
 0.735681 0.248677 0.0153453 0.000297389 0
 0.695825 0.281241 0.0229344 0 0
 0.275771 0.60734 0.115278 0.00161068 0
 0 0 0 0 0
 0.896147 0.0623911 0.0374545 0.00400742 0
 0.803859 0.145111 0.0509908 3.86294e-05 0
 0.739449 0.233085 0.0266225 0.000797448 4.60066e-05
 0.878498 0.100942 0.0204185 0.000141795 0
 0.694673 0.275183 0.0284847 0.00165964 0
ppred_PELACES
 0.768356 0.163663 0.0608149 0.00716298 3.54405e-06
 0.698765 0.236344 0.0458474 0.0170363 0.00200758
 0.533728 0.333684 0.104026 0.0201795 0.00838208
 0.626185 0.208092 0.118599 0.0369731 0.0101515
 0.670122 0.211002 0.0661748 0.0377155 0.014986
 0.519502 0.327445 0.0978977 0.0307029 0.0244517
 0.61845 0.204723 0.120503 0.0360273 0.0202974
 0.547663 0.286276 0.0891009 0.0524462 0.024514
 0.582007 0.236547 0.114834 0.0357411 0.0308711
 0.552984 0.26862 0.100957 0.0490103 0.0284296
 0.428779 0.32638 0.147129 0.0552962 0.0424155
 0.42955 0.259412 0.177719 0.0801139 0.0532056
 0.581429 0.190343 0.103786 0.0711025 0.0533389
 0.609003 0.239745 0.0687813 0.0375037 0.0449675
 0.703767 0.193853 0.0627756 0.0180099 0.0215946
 0.739011 0.19326 0.0443211 0.0143526 0.00905489
 0.617021 0.290361 0.068583 0.0157284 0.00830668
 0.617224 0.243892 0.105297 0.0248711 0.00871612
 0.61917 0.241647 0.0886827 0.0382876 0.0122128
 0.704389 0.187878 0.0683597 0.0250876 0.0142861
 0.653284 0.249212 0.0619692 0.0225476 0.0129869
 0.653979 0.2307 0.0828898 0.0206114 0.011819
 0.697912 0.201803 0.0668622 0.0240234 0.00939907
 0.615356 0.273617 0.0741693 0.0245741 0.0122839
pobs_pel_tallas
 0 0 0 0 0 0 0 0 0 0 0 0 0 0 0 0 0 0 0 0 0 0 0 0 0 0 0 0 0 0 0 0 0 0 0 0
 0 0 0 0 0 0 0 0 0 0 0 0 0 0 0 0 0 0 0 0 0 0 0 0 0 0 0 0 0 0 0 0 0 0 0 0
 0 0 0 0 0 0 0 0 0 0 0 0 0 0 0 0 0 0 0 0 0 0 0 0 0 0 0 0 0 0 0 0 0 0 0 0
 0 0 0 0 0 0 0 0 0 0 0 0 0 0 0 0 0 0 0 0 0 0 0 0 0 0 0 0 0 0 0 0 0 0 0 0
 0 0 0 0 0 0 0 0 0 0 0 0 0 0 0 0 0 0 0 0 0 0 0 0 0 0 0 0 0 0 0 0 0 0 0 0
 0 0 0 0 0 0 0 0 0 0 0 0 0 0 0 0 0 0 0 0 0 0 0 0 0 0 0 0 0 0 0 0 0 0 0 0
 0 0 0 0 0 0 0 0 0 0 0 0 0 0 0 0 0 0 0 0 0 0 0 0 0 0 0 0 0 0 0 0 0 0 0 0
 0 0 0 0 0 0 0 0 0 0 0 0 0 0 0 0 0 0 0 0 0 0 0 0 0 0 0 0 0 0 0 0 0 0 0 0
 0 0 0 0 0 0 0 0 0 0 0 0 0 0 0 0 0 0 0 0 0 0 0 0 0 0 0 0 0 0 0 0 0 0 0 0
 0 0 0 0 0 0 0 0 0 0 0 0 0 0 0 0 0 0 0 0 0 0 0 0 0 0 0 0 0 0 0 0 0 0 0 0
 0 0 0 0 0 0 0 0 1.78061e-05 0.00172719 0.00360574 0.0105946 0.0120993 0.0124554 0.0147524 0.0171206 0.0266825 0.0428682 0.0675386 0.121331 0.153587 0.119568 0.100827 0.0573624 0.0630603 0.0341343 0.0324427 0.0444173 0.0211091 0.0280891 0.0125444 0.00206551 0 0 0 0
 0 0 0 0 0 0 0 0 0 0 0 0 0 0 0 0 0 0 0 0 0 0 0 0 0 0 0 0 0 0 0 0 0 0 0 0
 0 0 0 0 0 0 0.0133647 0.0140871 0.0187388 0.0205184 0.03894 0.0496705 0.03968 0.0493445 0.0407372 0.0367815 0.0215668 0.0243155 0.0234873 0.0199281 0.019796 0.0243948 0.0301388 0.0376714 0.0412746 0.0863199 0.0771752 0.113111 0.0741005 0.0525337 0.0229764 0.00759418 0.00175318 0 0 0
 0 0 0 0 0 0 0 0 0 0 0.00219441 0.00772107 0.0458388 0.0604681 0.0671733 0.0775358 0.0609151 0.0617685 0.073594 0.0568108 0.0755445 0.0548602 0.0670107 0.0636378 0.0643287 0.046367 0.0373049 0.0286899 0.0247887 0.0153202 0.00654259 0.00121912 0.000365735 0 0 0
 0 0 0 0 0 0 0 0 0 0 0 0 0.000112435 0.00938835 0.0111873 0.0202946 0.0414886 0.0713402 0.111592 0.104902 0.108894 0.110636 0.117776 0.105296 0.107544 0.0401394 0.0192827 0.0124803 0.00416011 0.0028671 0.000618394 0 0 0 0 0
 0 0 0 0 0 0 0 0 0 0 0.00291406 0.0102884 0.027416 0.0768956 0.0749926 0.110853 0.0956884 0.0897413 0.0766577 0.0534642 0.0500743 0.0551293 0.0594112 0.0620874 0.0668451 0.0424026 0.0208742 0.0120726 0.0048766 0.00582813 0.00118941 0.000297354 0 0 0 0
 0 0.00264628 0.0354308 0.0461629 0.0458689 0.0383711 0.0214643 0.0164657 0.0346957 0.0420465 0.0363128 0.0245516 0.0311673 0.0291091 0.0169068 0.0133784 0.00837989 0.0085269 0.0148486 0.0160247 0.0276389 0.0546898 0.0760071 0.122758 0.109233 0.0665981 0.0333725 0.0166128 0.00676272 0.00308733 0.000882094 0 0 0 0 0
 0 0 0 0 0 0 0 0.000805153 0.000690131 0.00759144 0.0133425 0.0154129 0.00931677 0.000345066 0.00356568 0.00563607 0.00851162 0.0253048 0.0502646 0.0516448 0.0657925 0.0565908 0.0611916 0.0827007 0.0866115 0.110766 0.145733 0.0935128 0.0569358 0.0249597 0.0138026 0.00621118 0.00161031 0.00115022 0 0
 0 0 0 0 0 0 0 0 0 0 0 0 0 0 0 0 0 0 0 0 0 0 0 0 0 0 0 0 0 0 0 0 0 0 0 0
 0.00147267 0.00158595 0.00478618 0.00569244 0.00954404 0.0108468 0.00647125 0.017049 0.0510054 0.094081 0.124002 0.0959785 0.0687766 0.0820023 0.061753 0.0591476 0.0492212 0.0479892 0.0443925 0.0268479 0.0217502 0.0140895 0.0121071 0.0120363 0.00920419 0.00665534 0.0049561 0.00860946 0.00930331 0.0156896 0.0114698 0.00855282 0.00243557 0.00046729 0 2.83206e-05
 0 0 0 0 0.000772559 0.00158375 0.000888443 0.00281984 0.00712685 0.0440552 0.0773331 0.111326 0.0921469 0.0852325 0.0710754 0.0886704 0.0786465 0.0553345 0.0373146 0.0185414 0.00753245 0.00457741 0.012979 0.0271748 0.0457355 0.0583668 0.034881 0.0177882 0.00938659 0.00492506 0.0015258 0.00185414 0.000309023 5.79419e-05 3.86279e-05 0
 0 0.00173294 0.00326652 0 0.00397197 0.00683976 0.00946217 0.0152591 0.00757587 0.0136028 0.0228656 0.0392903 0.0559909 0.0764795 0.0681675 0.0726916 0.0566044 0.0477403 0.0527397 0.0444891 0.0609904 0.0582453 0.0661739 0.0445044 0.0529084 0.0360697 0.0280645 0.0235558 0.0158879 0.00826598 0.00280645 0.00217768 0.000904811 0.00058276 9.20147e-05 0
 0 0 0 0 0 0 0 0 0 0 0 0 0 0 0 0 0 0 0 0 0 0 0 0 0 0 0 0 0 0 0 0 0 0 0 0
 0 0 0 0 0 0 0 0 0 0 0 0 0 0 0 0 0 0 0 0 0 0 0 0 0 0 0 0 0 0 0 0 0 0 0 0
ppred_pel_tallas
 1.01163e-16 3.35233e-05 0.000196757 0.000935301 0.00360097 0.0112293 0.0283643 0.058037 0.0962024 0.129196 0.140588 0.124001 0.0887484 0.0517623 0.0250618 0.0109394 0.00573165 0.00512675 0.00648175 0.00863348 0.0111012 0.013589 0.0158222 0.0175435 0.0185579 0.0187732 0.0182167 0.0170202 0.0153802 0.013509 0.0115916 0.00976064 0.00809202 0.0066152 0.00533072 0.00422621
 1.01408e-16 3.04917e-05 0.000178953 0.000850641 0.00327498 0.0102127 0.0257965 0.0527838 0.0874972 0.117513 0.127895 0.112855 0.080878 0.0473875 0.0233462 0.0108767 0.00668354 0.00686956 0.00902957 0.0120665 0.0154606 0.0188231 0.0217653 0.0239246 0.0250354 0.0249888 0.0238547 0.021856 0.0193066 0.016535 0.0138185 0.0113441 0.00920341 0.00741036 0.00593162 0.00471532
 1.02671e-16 2.32994e-05 0.000136718 0.000649833 0.00250179 0.00780149 0.0197062 0.0403232 0.0668467 0.089793 0.0977647 0.0863593 0.0620892 0.0367816 0.0188722 0.0100563 0.00789208 0.00945977 0.0129375 0.0174378 0.022437 0.0274399 0.0319083 0.0353257 0.037303 0.0376627 0.0364727 0.0340123 0.0306907 0.0269435 0.0231449 0.0195561 0.0163175 0.0134721 0.0110046 0.00887621
 1.03497e-16 2.73259e-05 0.000160369 0.000762295 0.00293484 0.00915197 0.0231172 0.0473015 0.0784097 0.105309 0.114615 0.101141 0.0724927 0.0424953 0.0209776 0.00984965 0.00617057 0.0064649 0.00859934 0.0116169 0.0150792 0.0186618 0.0220303 0.0248572 0.0268792 0.0279483 0.0280538 0.0273061 0.0258934 0.0240273 0.0218963 0.0196413 0.0173543 0.0150913 0.0128917 0.010792
 1.03005e-16 2.92417e-05 0.000171616 0.000815768 0.00314072 0.00979402 0.024739 0.0506197 0.0839096 0.112694 0.122648 0.108219 0.0775422 0.045407 0.0223234 0.0103242 0.0062487 0.00636301 0.00837096 0.0112392 0.0144965 0.0178026 0.0208173 0.0232174 0.024757 0.0253184 0.0249327 0.023758 0.0220285 0.0199924 0.0178586 0.0157684 0.0137938 0.0119552 0.0102467 0.00865796
 1.03694e-16 2.26788e-05 0.000133075 0.000632516 0.00243511 0.00759358 0.019181 0.0392486 0.0650653 0.0874005 0.0951607 0.0840613 0.0604417 0.0358152 0.0183942 0.00983127 0.00775216 0.00931815 0.012759 0.0172139 0.0221755 0.0271635 0.0316551 0.035148 0.0372631 0.0378258 0.0368981 0.0347449 0.0317537 0.0283341 0.0248334 0.0214884 0.0184205 0.0156615 0.013193 0.0109815
 1.03964e-16 2.69885e-05 0.000158388 0.00075288 0.00289859 0.00903893 0.0228317 0.0467172 0.0774412 0.104008 0.113199 0.0998917 0.0715976 0.041971 0.0207198 0.00973101 0.00610076 0.00639795 0.00851774 0.0115178 0.0149686 0.0185535 0.0219458 0.0248241 0.0269288 0.0281115 0.0283562 0.0277642 0.0265115 0.024796 0.0227938 0.0206357 0.0184072 0.0161617 0.01394 0.0117832
 1.04306e-16 2.3905e-05 0.000140278 0.000666768 0.00256701 0.00800489 0.0202199 0.0413739 0.0685869 0.0921257 0.100291 0.0885601 0.0636037 0.0375428 0.019013 0.0097303 0.00716693 0.00831349 0.0113045 0.0152592 0.0196994 0.0242025 0.0283148 0.0316001 0.033725 0.0345301 0.0340565 0.0325168 0.0302262 0.0275175 0.0246701 0.0218717 0.0192166 0.0167302 0.0144038 0.012224
 1.04378e-16 2.54006e-05 0.000149063 0.000708542 0.00272786 0.00850653 0.0214869 0.043966 0.072882 0.0978888 0.10655 0.0940491 0.0674649 0.0396591 0.0197846 0.00963681 0.00650269 0.00716716 0.00965093 0.0130502 0.0169222 0.0209114 0.0246425 0.027749 0.0299409 0.0310621 0.0311142 0.0302359 0.0286516 0.026606 0.0243111 0.0219172 0.0195126 0.0171413 0.0148282 0.0125975
 1.04534e-16 2.41363e-05 0.000141638 0.000673235 0.00259191 0.00808256 0.0204161 0.0417752 0.0692515 0.0930166 0.101257 0.0894018 0.0641848 0.0378389 0.0190767 0.00962305 0.00691866 0.00792115 0.0107496 0.0145264 0.0187905 0.0231451 0.0271654 0.0304401 0.0326502 0.0336354 0.0334191 0.0321833 0.0302057 0.0277829 0.0251658 0.0225258 0.0199539 0.0174829 0.0151185 0.0128648
 1.06077e-16 1.87229e-05 0.00010985 0.000522102 0.00200999 0.00626785 0.0158323 0.032397 0.0537089 0.0721518 0.078574 0.0694472 0.0500168 0.0298053 0.0156182 0.00885346 0.0075887 0.00951485 0.0131926 0.0179119 0.0232267 0.0286848 0.0337766 0.0379997 0.0409582 0.0424427 0.042462 0.0412146 0.0390151 0.0362047 0.0330755 0.0298317 0.0265889 0.0233999 0.0202905 0.017287
 1.07847e-16 1.87538e-05 0.000110038 0.000523007 0.0020135 0.00627881 0.0158599 0.032453 0.0537999 0.0722685 0.0786865 0.069512 0.0499884 0.0296383 0.0152578 0.00822327 0.00658784 0.00802929 0.011119 0.0151898 0.0198734 0.0248227 0.0296437 0.0339345 0.0373583 0.0397039 0.0409119 0.0410572 0.0402998 0.0388253 0.0367975 0.0343375 0.0315297 0.0284423 0.0251514 0.0217534
 1.06471e-16 2.53735e-05 0.000148908 0.000707815 0.00272508 0.00849787 0.021465 0.0439208 0.0728057 0.0977824 0.106423 0.0939131 0.0673137 0.0394626 0.0194875 0.00916449 0.0057669 0.0060746 0.00811709 0.0110201 0.0143947 0.0179601 0.0214264 0.0245059 0.0269623 0.0286537 0.0295499 0.0297164 0.0292761 0.028363 0.0270868 0.0255182 0.023696 0.0216458 0.019402 0.0170201
 1.04445e-16 2.65777e-05 0.000155974 0.000741397 0.00285436 0.00890102 0.0224834 0.0460048 0.0762612 0.102426 0.111485 0.0983983 0.070568 0.0414493 0.0206132 0.00993061 0.00655278 0.00710501 0.00950645 0.0128045 0.0165345 0.0203294 0.0238105 0.0266158 0.0284707 0.0292446 0.0289736 0.0278341 0.0260853 0.023997 0.0217911 0.0196103 0.0175193 0.0155265 0.0136159 0.0117729
 1.02583e-16 3.07081e-05 0.000180227 0.000856707 0.00329835 0.0102856 0.0259806 0.0531601 0.0881198 0.118346 0.128792 0.113623 0.0813781 0.0475796 0.0232541 0.0105227 0.006052 0.00590971 0.00768067 0.0102874 0.0132562 0.0162636 0.0189941 0.0211496 0.0225042 0.0229512 0.022522 0.0213662 0.0197049 0.0177722 0.0157661 0.0138213 0.0120069 0.0103421 0.00881893 0.00742346
 1.01609e-16 3.22449e-05 0.000189249 0.0008996 0.0034635 0.0108006 0.0272815 0.0558217 0.0925314 0.124269 0.135235 0.1193 0.0854264 0.0499114 0.0243273 0.0108941 0.00610228 0.00581402 0.00748588 0.00998255 0.0128079 0.015629 0.0181269 0.0200047 0.0210431 0.0211485 0.0203706 0.0188823 0.0169296 0.0147709 0.0126235 0.0106344 0.00887583 0.00736055 0.00606628 0.00495842
 1.01997e-16 2.69295e-05 0.000158034 0.000751181 0.00289202 0.00901842 0.02278 0.0466121 0.0772692 0.103784 0.112974 0.0997365 0.0715814 0.0421522 0.0211617 0.0105226 0.00736377 0.00827265 0.0111315 0.0149428 0.0191783 0.0233873 0.0270978 0.0298634 0.0313537 0.031428 0.0301632 0.0278226 0.0247817 0.0214356 0.0181192 0.015061 0.0123761 0.0100877 0.0081637 0.00654992
 1.02837e-16 2.69366e-05 0.00015808 0.000751407 0.0028929 0.00902119 0.0227869 0.046626 0.077291 0.10381 0.112992 0.0997291 0.0715255 0.0420181 0.0209083 0.0100938 0.00668912 0.00727559 0.00974529 0.0131322 0.0169621 0.0208568 0.0244216 0.0272756 0.0291231 0.0298148 0.0293724 0.0279672 0.0258643 0.0233519 0.0206816 0.0180345 0.0155171 0.0131772 0.0110296 0.0090776
 1.03224e-16 2.70213e-05 0.000158578 0.000753774 0.00290202 0.00904962 0.0228587 0.0467728 0.0775343 0.104136 0.113346 0.10004 0.0717432 0.0421358 0.0209479 0.0100808 0.00663776 0.00718729 0.00961357 0.0129479 0.0167173 0.0205474 0.0240499 0.0268518 0.0286663 0.029352 0.0289372 0.0275962 0.0255929 0.0232102 0.0206898 0.0182003 0.0158336 0.013624 0.0115751 0.0096833
 1.02562e-16 3.0735e-05 0.000180385 0.000857461 0.00330126 0.0102947 0.0260035 0.0532069 0.0881971 0.118449 0.128903 0.113718 0.0814397 0.0476024 0.0232408 0.010476 0.00596965 0.00578567 0.00750815 0.0100628 0.0129828 0.0159536 0.0186693 0.0208395 0.0222417 0.0227671 0.0224387 0.0213932 0.0198369 0.0179902 0.0160415 0.0141209 0.0122988 0.0106003 0.0090262 0.00757194
 1.02343e-16 2.85091e-05 0.000167312 0.000795295 0.00306188 0.00954815 0.024118 0.0493494 0.0818051 0.109871 0.119586 0.105541 0.0756749 0.0444175 0.02203 0.0105119 0.00679816 0.00725863 0.00965107 0.012945 0.0166356 0.0203272 0.0236151 0.0261174 0.0275495 0.0277869 0.0268883 0.0250693 0.0226395 0.0199241 0.0171977 0.0146456 0.0123602 0.01036 0.00862072 0.00710437
 1.02513e-16 2.85387e-05 0.000167487 0.000796133 0.00306511 0.00955823 0.0241434 0.0494013 0.0818907 0.109985 0.119705 0.105637 0.075724 0.0444063 0.0219506 0.0103525 0.0065387 0.00687336 0.00911646 0.0122493 0.0157885 0.0193664 0.0226082 0.0251561 0.0267371 0.0272204 0.0266401 0.0251734 0.0230852 0.0206595 0.0181403 0.0156989 0.0134292 0.011365 0.00950515 0.00783713
 1.0228e-16 3.04532e-05 0.000178729 0.000849586 0.00327093 0.0102001 0.0257646 0.0527182 0.0873876 0.117363 0.127725 0.112688 0.0807202 0.0472195 0.0231239 0.0105413 0.00617034 0.00611452 0.007979 0.0106912 0.0137722 0.0168876 0.0197078 0.0219208 0.0232898 0.0237027 0.0231919 0.0219143 0.0201028 0.0180054 0.015834 0.0137353 0.0117877 0.0100166 0.00841764 0.00697734
 1.02561e-16 2.68563e-05 0.000157606 0.000749147 0.00288419 0.00899403 0.0227183 0.0464858 0.0770595 0.103501 0.112662 0.0994534 0.0713605 0.0419868 0.0210136 0.0103429 0.00710657 0.00789935 0.0106127 0.0142628 0.0183419 0.0224265 0.026074 0.028864 0.0304819 0.0307871 0.0298398 0.0278722 0.0252203 0.0222386 0.0192276 0.0163925 0.0138378 0.0115885 0.00962362 0.00790619
pSPR Fmed_Fpbrs
0.734961   0.332318 0.332318
Fs Fmed_Fpbrs
0.187962   1.005 1.005
SSBpbr Bo_Bmed_Bpbrs
1.48551e+06  1.01751e+06  419385 419385
Ro
63576.6
SPR SPRFo_SPRFmed_SPRFpbrs
1.308e+06 961328 434671
log_Ro
10.88
likeval ReclasPelacesDesembMPH_pf_preclas_ppelaces_ptallas_desvR_qrecl_qpela
 61.1857 23.0555 0.0364318 0.000228502 290.609 173.841 81.164 0 16.631 9.68781e-05 2.62009e-06 0 0 0 0
q_reclas_q_pelaces
0.247896 1.25896
M
0.7
N
 76992.1 19283.4 7165.44 843.97 0.417574
 95494.4 35818.9 6948.37 2581.92 304.258
 61828.2 45234 14101.6 2735.52 1136.27
 87725.5 28806.8 16418.1 5118.31 1405.3
 142560 43055 13503 7695.87 3057.9
 107688 70610.5 21110.7 6620.79 5272.79
 156178 52023.3 30621.7 9155.11 5157.9
 136444 76223.5 23723.9 13964.3 6527.08
 147362 65370.5 31734.7 9877.15 8531.31
 134612 70145.4 26363.1 12798.2 7423.91
 67940.2 64418.5 29039.2 10914 8371.66
 41920.3 31052 21273.3 9589.78 6368.8
 41449 19250.8 10496.7 7191.15 5394.58
 23924.5 18201.2 5221.81 2847.24 3413.89
 19034.3 9553.07 3093.58 887.53 1064.18
 24170.6 7739.24 1774.87 574.758 362.609
 20805 11105.8 2623.18 601.584 317.716
 23181 9786.67 4225.27 998.004 349.753
 27134.7 11106.9 4076.16 1759.83 561.342
 46735.7 13075.6 4757.59 1746 994.263
 59162.1 22520.1 5599.85 2037.51 1173.56
 81124.8 28949.2 10401.3 2586.4 1483.1
 133913 39529.4 13097.1 4705.72 1841.1
 143864 65067.9 17638 5843.89 2921.19
pred_Ctot
 3509.55 3875.89 1440.23 169.635 0.083931
 3176.1 5409.27 1049.32 389.915 45.9482
 2756.23 8912.77 2778.54 538.999 223.887
 736.47 1165.4 664.203 207.064 56.8523
 264.428 390.943 122.608 69.8792 27.766
 2107.87 6484.11 1938.58 607.982 484.196
 1931.48 3070.96 1807.62 540.431 304.473
 3462.23 8948.9 2785.27 1639.45 766.302
 4402.31 8939.08 4339.55 1350.65 1166.61
 3523.75 8479.46 3186.88 1547.1 897.432
 3908.69 15886.1 7161.3 2691.47 2064.52
 2278.42 7288.95 4993.56 2251.04 1494.97
 3473.95 6502.22 3545.4 2428.9 1822.09
 3413.32 9140.11 2622.24 1429.8 1714.36
 2509.4 4543.32 1471.27 422.099 506.111
 1304.84 1805.97 414.169 134.121 84.6155
 791.475 1896.63 447.982 102.737 54.259
 586.918 1146.62 495.039 116.928 40.9776
 578.931 1107.06 406.282 175.407 55.9506
 998.364 1304.82 474.761 174.234 99.2178
 623.024 1136.98 282.722 102.869 59.2502
 1096.06 1861.8 668.939 166.339 95.3821
 2075.41 2902.34 961.616 345.505 135.178
 2116.61 4543.8 1231.69 408.089 203.991
F
 0.0652269 0.320735 0.320735 0.320735 0.320735
 0.047219 0.232186 0.232186 0.232186 0.232186
 0.0637485 0.313465 0.313465 0.313465 0.313465
 0.0117342 0.0576994 0.0576994 0.0576994 0.0576994
 0.00258213 0.0126969 0.0126969 0.0126969 0.0126969
 0.0275501 0.13547 0.13547 0.13547 0.13547
 0.0173286 0.0852084 0.0852084 0.0852084 0.0852084
 0.0358453 0.176259 0.176259 0.176259 0.176259
 0.0423216 0.208105 0.208105 0.208105 0.208105
 0.0369975 0.181925 0.181925 0.181925 0.181925
 0.0829633 0.407948 0.407948 0.407948 0.407948
 0.0782154 0.384602 0.384602 0.384602 0.384602
 0.122978 0.604711 0.604711 0.604711 0.604711
 0.218041 1.07216 1.07216 1.07216 1.07216
 0.199938 0.983136 0.983136 0.983136 0.983136
 0.0776691 0.381916 0.381916 0.381916 0.381916
 0.0541741 0.266386 0.266386 0.266386 0.266386
 0.0357654 0.175866 0.175866 0.175866 0.175866
 0.0300629 0.147826 0.147826 0.147826 0.147826
 0.0301007 0.148012 0.148012 0.148012 0.148012
 0.0147387 0.0724735 0.0724735 0.0724735 0.0724735
 0.0189446 0.0931546 0.0931546 0.0931546 0.0931546
 0.0217582 0.10699 0.10699 0.10699 0.10699
 0.0206451 0.101516 0.101516 0.101516 0.101516
nmprior
 10 10 8 0
nm_flota  nm_reclas  nm_pelaces    nm_pelaL
inf 13.1528 19.475 35.2674
cv_recla  cv_pelaces  cv_mph
0.724188 0.565004 0.490437
 ------------------------------------------------
Talla a la edad & desviación 
 7.2 14.2025 17.0495 18.207 18.6776
 1.08 2.13037 2.55742 2.73105 2.80164
