years
 1997 1998 1999 2000 2001 2002 2003 2004 2005 2006 2007 2008 2009 2010 2011 2012 2013 2014 2015 2016 2017 2018 2019 2020
reclasobs
 0 0 0 370054 412103 1.49427e+06 250295 1.28982e+06 931140 785840 897777 1.04006e+06 184774 17550 25797 100020 73551 82996 120727 218422 84188 347160 605670 569463
reclaspred
 615894 118528 182688 128218 266476 285139 617604 482790 670848 910704 765632 511507 322957 141041 88733.5 84659.4 98914 120565 111884 183816 295129 265553 416122 358748
pelacesobs
 0 0 0 0 0 0 0 0 0 2.06254e+06 1.5e+06 0 1.87456e+06 323000 250000 174000 83755 137374 0 501740 490994 745055 786931 1.00524e+06
pelacespred
 699895 180292 117772 151019 284613 241847 670884 559102 758046 1.02279e+06 784114 545892 347466 122515 75709.8 78014 95526.3 119041 112689 179737 326533 286635 356023 368090
mphobs
 0 0 0 0 0 112323 0 153150 637223 0 255016 313432 73983 77613 109348 50772 0 0 0 0 0 0 0 0
mphpred
 259006 111675 81389.7 48773.9 71100.7 146753 185814 223907 229356 309681 427990 311316 186785 100499 43415.2 34130.3 39451.3 50033.7 55199.2 57745.2 104864 133460 159894 192395
desembarqueobs
 350755 77701 442110 56441 14545 235359 269955 359681 431902 328805 639364 411747 362871 311530 167758 66681 60226 58785 57116 71774 51957 67425 138520 160799
desembarquepred
 350736 77673.1 441672 56429.1 14544.6 235330 269937 359420 431681 328660 638954 411593 362620 311347 167545 66656.3 60224.2 58764.2 57091.3 71741.2 51949.7 67401.1 138479 160763
Reclutas
 20631.2 37102.1 8162.99 29872.4 60189.6 29416.5 61201.7 80245.9 119385 187683 64090.3 34328.7 46970.8 21905.6 15197.7 16670.2 12086.1 11747.6 11580.5 31055.4 36702.8 42218.4 55997.4 27174.6
log_desv_Rt
 -0.465438 0.121429 -1.39263 -0.0953103 0.605255 -0.110687 0.621931 0.892851 1.29011 1.74251 0.668049 0.0437383 0.357281 -0.405504 -0.771099 -0.678624 -1.00019 -1.0286 -1.04292 -0.0564705 0.110608 0.250611 0.53306 -0.189962
SSB
 787662 339614 247514 148326 216224 446291 565076 680923 697494 941768 1.30156e+06 946742 568030 305628 132030 103793 119975 152157 167866 175609 318901 405864 486252 585092
BT
 1.49105e+06 471087 443779 330858 521435 616529 1.39024e+06 1.39741e+06 1.74958e+06 2.13913e+06 1.96251e+06 1.34891e+06 979040 517709 276261 194578 219938 260464 251435 380413 626125 576802 733524 796185
Ftot
 0.348387 0.532326 1.31615 0.476665 0.0617125 0.497629 0.38164 0.717672 0.674952 0.374597 0.519435 0.471455 0.798861 1.3934 1.51324 0.648087 0.48396 0.36167 0.345101 0.384324 0.144941 0.177094 0.22483 0.270116
BD_Bspro_t
 0.949936 0.707149 0.537161 0.263629 0.474846 0.700252 0.605777 0.613514 0.583818 0.607709 0.65147 0.500035 0.380746 0.281232 0.163466 0.162195 0.241865 0.366106 0.446228 0.516834 0.681629 0.777742 0.777625 0.752473
BD_Bspro
 1.16511 0.502358 0.366122 0.219404 0.319839 0.660154 0.835861 1.00722 1.03173 1.39306 1.92527 1.40042 0.84023 0.452085 0.195299 0.153531 0.177467 0.225071 0.248307 0.25976 0.471719 0.600355 0.719265 0.865468
BD_Bo
 0.870101 0.375159 0.273419 0.16385 0.238855 0.493001 0.624219 0.75219 0.770495 1.04034 1.43778 1.04583 0.627481 0.337616 0.145848 0.114657 0.132532 0.168082 0.185435 0.193988 0.352278 0.448343 0.537145 0.646329
BD_Brms
 2.9218 1.25978 0.918141 0.550209 0.802073 1.6555 2.09613 2.52585 2.58732 3.49345 4.82807 3.5119 2.10708 1.13371 0.489759 0.385017 0.445042 0.56442 0.622691 0.651412 1.18295 1.50554 1.80373 2.17037
S_f
 0.152887 1 1 1 1
 0.152887 1 1 1 1
 0.152887 1 1 1 1
 0.152887 1 1 1 1
 0.152887 1 1 1 1
 0.152887 1 1 1 1
 0.152887 1 1 1 1
 0.152887 1 1 1 1
 0.152887 1 1 1 1
 0.152887 1 1 1 1
 0.152887 1 1 1 1
 0.152887 1 1 1 1
 0.152887 1 1 1 1
 0.152887 1 1 1 1
 0.152887 1 1 1 1
 0.152887 1 1 1 1
 0.152887 1 1 1 1
 0.152887 1 1 1 1
 0.152887 1 1 1 1
 0.152887 1 1 1 1
 0.152887 1 1 1 1
 0.152887 1 1 1 1
 0.152887 1 1 1 1
 0.152887 1 1 1 1
Scru_reclas
 1 1 1 1 1
 1 1 1 1 1
 1 1 1 1 1
 1 1 1 1 1
 1 1 1 1 1
 1 1 1 1 1
 1 1 1 1 1
 1 1 1 1 1
 1 1 1 1 1
 1 1 1 1 1
 1 1 1 1 1
 1 1 1 1 1
 1 1 1 1 1
 1 1 1 1 1
 1 1 1 1 1
 1 1 1 1 1
 1 1 1 1 1
 1 1 1 1 1
 1 1 1 1 1
 1 1 1 1 1
 1 1 1 1 1
 1 1 1 1 1
 1 1 1 1 1
 1 1 1 1 1
Scru_pelaces
 1 1 1 1 1
 1 1 1 1 1
 1 1 1 1 1
 1 1 1 1 1
 1 1 1 1 1
 1 1 1 1 1
 1 1 1 1 1
 1 1 1 1 1
 1 1 1 1 1
 1 1 1 1 1
 1 1 1 1 1
 1 1 1 1 1
 1 1 1 1 1
 1 1 1 1 1
 1 1 1 1 1
 1 1 1 1 1
 1 1 1 1 1
 1 1 1 1 1
 1 1 1 1 1
 1 1 1 1 1
 1 1 1 1 1
 1 1 1 1 1
 1 1 1 1 1
 1 1 1 1 1
pf_obs 
 0.256992 0.487395 0.22802 0.0275931 0
 0.321318 0.546541 0.124235 0.00734118 0.000564706
 0.182869 0.594174 0.210203 0.0122559 0.00049798
 0.330522 0.361315 0.267642 0.0388342 0.00168674
 0.649043 0.306663 0.0425973 0.00169635 0
 0.582887 0.30429 0.105238 0.00758474 0
 0.465427 0.430635 0.0974691 0.00646863 0
 0.296916 0.608066 0.0921331 0.00288517 0
 0.311714 0.524322 0.152257 0.0117073 0
 0.15457 0.633149 0.183074 0.0267441 0.00246327
 0.131901 0.49318 0.331252 0.0422183 0.00144891
 0.196976 0.569456 0.194076 0.0375587 0.00193317
 0.518974 0.381816 0.0799577 0.0180837 0.00116848
 0.0928022 0.601141 0.25162 0.0475244 0.00691264
 0.122501 0.610282 0.24278 0.0234846 0.000952079
 0.383417 0.481906 0.127806 0.00687128 0
 0.0376549 0.599619 0.316969 0.0457579 0
 0.0361596 0.667082 0.258105 0.0386534 0
 0.158088 0.579412 0.248529 0.0139706 0
 0.0477256 0.309471 0.559284 0.082774 0.000745712
 0.0406174 0.521527 0.379366 0.0568643 0.0016247
 0.151134 0.462217 0.34131 0.0453401 0
 0.294876 0.26143 0.354403 0.0886775 0.000613685
 0.281977 0.475581 0.204845 0.0348837 0.00271318
pf_pred 
 0.10698 0.599621 0.259205 0.0341879 6.45909e-06
 0.253368 0.359417 0.259997 0.112392 0.0148267
 0.0771928 0.685357 0.114305 0.0826865 0.0404591
 0.4597 0.281593 0.192138 0.0320451 0.0345236
 0.374118 0.547973 0.040605 0.0277058 0.00959903
 0.12678 0.699481 0.152112 0.0112716 0.0103555
 0.302936 0.382094 0.252302 0.0548668 0.00780087
 0.29812 0.543224 0.0869672 0.0574256 0.0142636
 0.340686 0.526889 0.102491 0.0164082 0.0135257
 0.336402 0.547844 0.0925039 0.0179939 0.00525538
 0.0966147 0.721976 0.149766 0.0252881 0.00635573
 0.0911078 0.431442 0.381573 0.0791531 0.0167241
 0.212324 0.356416 0.204715 0.181052 0.0454928
 0.155516 0.612244 0.105086 0.0603586 0.0667951
 0.233956 0.54746 0.158471 0.0272002 0.032912
 0.30354 0.568718 0.0912919 0.0264259 0.010024
 0.189258 0.646496 0.13412 0.0215293 0.00859595
 0.194909 0.530965 0.218592 0.0453483 0.0101859
 0.191932 0.528299 0.18451 0.0759606 0.0192981
 0.392872 0.393151 0.139894 0.0488584 0.0252246
 0.25395 0.623847 0.0791331 0.0281577 0.0149113
 0.21403 0.553865 0.194086 0.0246192 0.0133993
 0.231081 0.507295 0.184364 0.0646051 0.0126551
 0.104849 0.614576 0.18511 0.0672738 0.028192
pobs_RECLAS
 0 0 0 0 0
 0 0 0 0 0
 0 0 0 0 0
 0 0 0 0 0
 0.835266 0.146461 0.0176864 0.000547809 3.91292e-05
 0.385257 0.428462 0.181853 0.0044286 0
 0.867414 0.0963971 0.0333333 0.00285562 0
 0.441836 0.489002 0.0689373 0.000224442 0
 0.779404 0.147425 0.0564933 0.0165055 0.000172143
 0.814271 0.122319 0.05973 0.00367925 0
 0.40263 0.566651 0.0304383 0.000280538 0
 0.475488 0.404961 0.113038 0.00651328 0
 0.955842 0.0263864 0.0167828 0.000988607 0
 0.975058 0.0227948 0.00214734 0 0
 0.738997 0.206755 0.0527124 0.00153531 0
 0.850938 0.134255 0.0134407 0.00136685 0
 0.542534 0.407297 0.0501686 0 0
 0.764087 0.199537 0.0359546 0.000420521 0
 0.470689 0.182191 0.310203 0.0369168 0
 0.84361 0.089868 0.0606195 0.00523954 0.000663233
 0.607945 0.314616 0.071237 0.00620181 0
 0.523733 0.453247 0.0230204 0 0
 0.530135 0.295979 0.169645 0.0042399 0
 0.562478 0.366248 0.0663022 0.0049721 0
ppred_RECLAS
 0.444712 0.37285 0.161176 0.0212583 4.01632e-06
 0.697308 0.145711 0.105405 0.0455647 0.0060109
 0.383978 0.457511 0.0763044 0.0551975 0.0270085
 0.851799 0.0772394 0.0527025 0.00878979 0.00946963
 0.796837 0.177873 0.0131805 0.00899338 0.00311587
 0.495605 0.404039 0.0878642 0.00651077 0.00598162
 0.744432 0.140089 0.0925025 0.020116 0.00286007
 0.745926 0.196642 0.0314813 0.0207875 0.00516327
 0.780512 0.175404 0.0341196 0.00546236 0.00450276
 0.772515 0.187804 0.0317108 0.0061684 0.00180157
 0.42035 0.46325 0.0960961 0.0162259 0.00407811
 0.403645 0.283084 0.250363 0.0519351 0.0109733
 0.652715 0.157143 0.0902584 0.0798256 0.0200577
 0.581258 0.303585 0.0521077 0.0299292 0.0331207
 0.701077 0.213628 0.0618382 0.010614 0.0128428
 0.749454 0.204592 0.0328415 0.0095065 0.00360606
 0.612094 0.309321 0.0641708 0.0103008 0.0041128
 0.61834 0.251708 0.103625 0.0214977 0.00482869
 0.613526 0.252669 0.0882457 0.0363296 0.00922971
 0.812669 0.121308 0.0431646 0.0150754 0.0077831
 0.691756 0.257754 0.0326953 0.0116339 0.0061609
 0.642717 0.251774 0.0882271 0.0111913 0.006091
 0.665713 0.220546 0.0801521 0.028087 0.00550181
 0.43775 0.386019 0.116269 0.0422551 0.0177076
pobs_PELACES
 0 0 0 0 0
 0 0 0 0 0
 0 0 0 0 0
 0 0 0 0 0
 0 0 0 0 0
 0 0 0 0 0
 0 0 0 0 0
 0 0 0 0 0
 0 0 0 0 0
 0 0 0 0 0
 0.450072 0.473896 0.0757376 0.000293798 0
 0 0 0 0 0
 0.463077 0.371075 0.160297 0.00555027 0
 0.529543 0.364841 0.0842815 0.0213345 0
 0.631943 0.363953 0.00410389 0 0
 0.735681 0.248677 0.0153453 0.000297389 0
 0.695825 0.281241 0.0229344 0 0
 0.275771 0.60734 0.115278 0.00161068 0
 0 0 0 0 0
 0.896147 0.0623911 0.0374545 0.00400742 0
 0.803859 0.145111 0.0509908 3.86294e-05 0
 0.739449 0.233085 0.0266225 0.000797448 4.60066e-05
 0.878498 0.100942 0.0204185 0.000141795 0
 0.694673 0.275183 0.0284847 0.00165964 0
ppred_PELACES
 0.468873 0.356627 0.154163 0.0203333 3.84157e-06
 0.727767 0.131049 0.0947988 0.0409797 0.00540604
 0.473831 0.390779 0.0651746 0.0471464 0.0230691
 0.867844 0.0688769 0.0469965 0.00783815 0.00844438
 0.799616 0.175441 0.0130002 0.00887038 0.00307325
 0.530345 0.376211 0.0818126 0.00606234 0.00556963
 0.764196 0.129256 0.0853492 0.0185605 0.00263889
 0.782045 0.168687 0.0270059 0.0178324 0.00442926
 0.811124 0.15094 0.0293609 0.00470052 0.00387475
 0.790392 0.173046 0.0292189 0.00568368 0.00166
 0.456081 0.434694 0.0901725 0.0152257 0.00382672
 0.435731 0.267853 0.236893 0.0491408 0.0103829
 0.701472 0.135081 0.0775867 0.0686186 0.0172417
 0.672047 0.237763 0.04081 0.0234401 0.0259396
 0.781675 0.156028 0.0451649 0.00775216 0.00938005
 0.781917 0.178083 0.0285862 0.00827475 0.00313883
 0.64369 0.284127 0.0589441 0.00946183 0.00377781
 0.641899 0.236171 0.0972287 0.0201708 0.00453063
 0.636135 0.237888 0.0830831 0.0342043 0.00868975
 0.828479 0.11107 0.0395218 0.0138031 0.00712625
 0.700328 0.250586 0.0317861 0.0113103 0.00598957
 0.654003 0.243821 0.0854401 0.0108378 0.00589859
 0.679551 0.211416 0.0768341 0.0269243 0.00527406
 0.456413 0.373205 0.112409 0.0408524 0.0171198
pobs_pel_tallas
 0 0 0 0 0 0 0 0 0 0 0 0 0 0 0 0 0 0 0 0 0 0 0 0 0 0 0 0 0 0 0 0 0 0 0 0
 0 0 0 0 0 0 0 0 0 0 0 0 0 0 0 0 0 0 0 0 0 0 0 0 0 0 0 0 0 0 0 0 0 0 0 0
 0 0 0 0 0 0 0 0 0 0 0 0 0 0 0 0 0 0 0 0 0 0 0 0 0 0 0 0 0 0 0 0 0 0 0 0
 0 0 0 0 0 0 0 0 0 0 0 0 0 0 0 0 0 0 0 0 0 0 0 0 0 0 0 0 0 0 0 0 0 0 0 0
 0 0 0 0 0 0 0 0 0 0 0 0 0 0 0 0 0 0 0 0 0 0 0 0 0 0 0 0 0 0 0 0 0 0 0 0
 0 0 0 0 0 0 0 0 0 0 0 0 0 0 0 0 0 0 0 0 0 0 0 0 0 0 0 0 0 0 0 0 0 0 0 0
 0 0 0 0 0 0 0 0 0 0 0 0 0 0 0 0 0 0 0 0 0 0 0 0 0 0 0 0 0 0 0 0 0 0 0 0
 0 0 0 0 0 0 0 0 0 0 0 0 0 0 0 0 0 0 0 0 0 0 0 0 0 0 0 0 0 0 0 0 0 0 0 0
 0 0 0 0 0 0 0 0 0 0 0 0 0 0 0 0 0 0 0 0 0 0 0 0 0 0 0 0 0 0 0 0 0 0 0 0
 0 0 0 0 0 0 0 0 0 0 0 0 0 0 0 0 0 0 0 0 0 0 0 0 0 0 0 0 0 0 0 0 0 0 0 0
 0 0 0 0 0 0 0 0 1.78061e-05 0.00172719 0.00360574 0.0105946 0.0120993 0.0124554 0.0147524 0.0171206 0.0266825 0.0428682 0.0675386 0.121331 0.153587 0.119568 0.100827 0.0573624 0.0630603 0.0341343 0.0324427 0.0444173 0.0211091 0.0280891 0.0125444 0.00206551 0 0 0 0
 0 0 0 0 0 0 0 0 0 0 0 0 0 0 0 0 0 0 0 0 0 0 0 0 0 0 0 0 0 0 0 0 0 0 0 0
 0 0 0 0 0 0 0.0133647 0.0140871 0.0187388 0.0205184 0.03894 0.0496705 0.03968 0.0493445 0.0407372 0.0367815 0.0215668 0.0243155 0.0234873 0.0199281 0.019796 0.0243948 0.0301388 0.0376714 0.0412746 0.0863199 0.0771752 0.113111 0.0741005 0.0525337 0.0229764 0.00759418 0.00175318 0 0 0
 0 0 0 0 0 0 0 0 0 0 0.00219441 0.00772107 0.0458388 0.0604681 0.0671733 0.0775358 0.0609151 0.0617685 0.073594 0.0568108 0.0755445 0.0548602 0.0670107 0.0636378 0.0643287 0.046367 0.0373049 0.0286899 0.0247887 0.0153202 0.00654259 0.00121912 0.000365735 0 0 0
 0 0 0 0 0 0 0 0 0 0 0 0 0.000112435 0.00938835 0.0111873 0.0202946 0.0414886 0.0713402 0.111592 0.104902 0.108894 0.110636 0.117776 0.105296 0.107544 0.0401394 0.0192827 0.0124803 0.00416011 0.0028671 0.000618394 0 0 0 0 0
 0 0 0 0 0 0 0 0 0 0 0.00291406 0.0102884 0.027416 0.0768956 0.0749926 0.110853 0.0956884 0.0897413 0.0766577 0.0534642 0.0500743 0.0551293 0.0594112 0.0620874 0.0668451 0.0424026 0.0208742 0.0120726 0.0048766 0.00582813 0.00118941 0.000297354 0 0 0 0
 0 0.00264628 0.0354308 0.0461629 0.0458689 0.0383711 0.0214643 0.0164657 0.0346957 0.0420465 0.0363128 0.0245516 0.0311673 0.0291091 0.0169068 0.0133784 0.00837989 0.0085269 0.0148486 0.0160247 0.0276389 0.0546898 0.0760071 0.122758 0.109233 0.0665981 0.0333725 0.0166128 0.00676272 0.00308733 0.000882094 0 0 0 0 0
 0 0 0 0 0 0 0 0.000805153 0.000690131 0.00759144 0.0133425 0.0154129 0.00931677 0.000345066 0.00356568 0.00563607 0.00851162 0.0253048 0.0502646 0.0516448 0.0657925 0.0565908 0.0611916 0.0827007 0.0866115 0.110766 0.145733 0.0935128 0.0569358 0.0249597 0.0138026 0.00621118 0.00161031 0.00115022 0 0
 0 0 0 0 0 0 0 0 0 0 0 0 0 0 0 0 0 0 0 0 0 0 0 0 0 0 0 0 0 0 0 0 0 0 0 0
 0.00147267 0.00158595 0.00478618 0.00569244 0.00954404 0.0108468 0.00647125 0.017049 0.0510054 0.094081 0.124002 0.0959785 0.0687766 0.0820023 0.061753 0.0591476 0.0492212 0.0479892 0.0443925 0.0268479 0.0217502 0.0140895 0.0121071 0.0120363 0.00920419 0.00665534 0.0049561 0.00860946 0.00930331 0.0156896 0.0114698 0.00855282 0.00243557 0.00046729 0 2.83206e-05
 0 0 0 0 0.000772559 0.00158375 0.000888443 0.00281984 0.00712685 0.0440552 0.0773331 0.111326 0.0921469 0.0852325 0.0710754 0.0886704 0.0786465 0.0553345 0.0373146 0.0185414 0.00753245 0.00457741 0.012979 0.0271748 0.0457355 0.0583668 0.034881 0.0177882 0.00938659 0.00492506 0.0015258 0.00185414 0.000309023 5.79419e-05 3.86279e-05 0
 0 0.00173294 0.00326652 0 0.00397197 0.00683976 0.00946217 0.0152591 0.00757587 0.0136028 0.0228656 0.0392903 0.0559909 0.0764795 0.0681675 0.0726916 0.0566044 0.0477403 0.0527397 0.0444891 0.0609904 0.0582453 0.0661739 0.0445044 0.0529084 0.0360697 0.0280645 0.0235558 0.0158879 0.00826598 0.00280645 0.00217768 0.000904811 0.00058276 9.20147e-05 0
 0 0 0 0 0 0 0 0 0 0 0 0 0 0 0 0 0 0 0 0 0 0 0 0 0 0 0 0 0 0 0 0 0 0 0 0
 0 0 0 0 0 0 0 0 0 0 0 0 0 0 0 0 0 0 0 0 0 0 0 0 0 0 0 0 0 0 0 0 0 0 0 0
ppred_pel_tallas
 1.03004e-16 2.04725e-05 0.000120119 0.000570914 0.00219792 0.00685389 0.0173126 0.035426 0.0587304 0.0788971 0.0859182 0.0759348 0.0546815 0.032569 0.0170356 0.00960453 0.00816587 0.0101838 0.0140702 0.0190316 0.024561 0.0301443 0.0352073 0.0391902 0.0416601 0.042402 0.0414568 0.0390891 0.0357056 0.0317499 0.0276127 0.0235792 0.01982 0.0164125 0.0133769 0.0107078
 1.0305e-16 3.17522e-05 0.000186362 0.000885886 0.00341072 0.010636 0.0268657 0.0549706 0.0911189 0.122368 0.133153 0.117435 0.0840281 0.0489687 0.0236352 0.0101948 0.0051763 0.00450068 0.00567944 0.00763815 0.00996106 0.0124157 0.0147888 0.0168718 0.0184909 0.0195375 0.0199822 0.0198673 0.0192816 0.018331 0.017113 0.0157046 0.0141635 0.0125359 0.0108668 0.0092055
 1.03751e-16 2.06898e-05 0.000121393 0.000576962 0.0022212 0.00692647 0.017496 0.0358015 0.0593535 0.0797361 0.0868371 0.0767593 0.0553021 0.0329915 0.0173516 0.00992801 0.00859204 0.010778 0.0148674 0.0200318 0.0257198 0.0313665 0.0363497 0.0400788 0.0421201 0.0422954 0.040717 0.0377437 0.0338784 0.0296416 0.025465 0.0216309 0.0182664 0.0153774 0.0129012 0.0107556
 1.01354e-16 3.78576e-05 0.000222212 0.00105633 0.00406701 0.0126827 0.0320352 0.0655473 0.108648 0.145899 0.158736 0.139942 0.100012 0.0580389 0.0275532 0.0110919 0.00446651 0.00277127 0.00301908 0.0039444 0.00511093 0.0063435 0.00751924 0.00852701 0.00927697 0.00971591 0.00983461 0.00966311 0.00925722 0.00868136 0.00799425 0.00724129 0.00645413 0.00565487 0.00486162 0.00409231
 1.00691e-16 3.48867e-05 0.000204761 0.00097335 0.00374746 0.0116861 0.0295182 0.0603981 0.100116 0.134452 0.146307 0.129045 0.0923572 0.0538641 0.0260724 0.0113651 0.00592492 0.00525709 0.00660035 0.00873048 0.0111319 0.0134826 0.0154879 0.0168808 0.0174723 0.0171949 0.0161183 0.014428 0.0123771 0.0102258 0.00818996 0.00641058 0.0049492 0.00380261 0.00292755 0.00226523
 1.01753e-16 2.31536e-05 0.000135858 0.000645736 0.002486 0.00775224 0.0195818 0.0400691 0.0664266 0.0892324 0.097164 0.0858517 0.0617741 0.0366949 0.0190106 0.010422 0.00851675 0.0104001 0.0142537 0.019167 0.0245691 0.029899 0.0345462 0.0379318 0.0396304 0.0394668 0.0375529 0.0342463 0.0300532 0.0255057 0.0210559 0.0170138 0.0135353 0.0106503 0.00830887 0.00642681
 1.02015e-16 3.33406e-05 0.000195687 0.000930221 0.00358142 0.0111683 0.0282103 0.0577217 0.0956788 0.12849 0.139813 0.123301 0.0882112 0.0513765 0.0247405 0.0105722 0.00521874 0.00438867 0.00546163 0.00730448 0.00947949 0.0117458 0.0138875 0.015697 0.017006 0.0177166 0.0178152 0.0173642 0.0164758 0.0152796 0.0138943 0.0124129 0.0109006 0.0094016 0.00794984 0.00657558
 1.01259e-16 3.41203e-05 0.000200262 0.000951963 0.00366512 0.0114293 0.0288696 0.0590709 0.0979162 0.131498 0.143092 0.126209 0.090327 0.0526793 0.0254981 0.0111149 0.00579791 0.00515438 0.0064886 0.00861001 0.0110226 0.0134201 0.0155212 0.0170683 0.0178741 0.017863 0.0170868 0.0157051 0.0139409 0.012026 0.0101535 0.00845117 0.00697815 0.00573878 0.0047052 0.00383857
 1.00809e-16 3.53876e-05 0.000207704 0.000987344 0.00380135 0.0118542 0.0299427 0.0612665 0.101555 0.136382 0.148401 0.130878 0.0936379 0.0545488 0.026288 0.0112624 0.00559073 0.0047085 0.00581823 0.00769345 0.00983965 0.0119695 0.0138272 0.0151798 0.0158579 0.0157929 0.015031 0.0137169 0.0120541 0.0102553 0.00850024 0.00691065 0.00554597 0.00441496 0.00349495 0.00275047
 1.00745e-16 3.44845e-05 0.0002024 0.000962123 0.00370424 0.0115513 0.0291777 0.0597014 0.0989614 0.132901 0.14462 0.127558 0.0912945 0.053248 0.0257815 0.0112517 0.00588729 0.00524779 0.00660682 0.00875759 0.0111936 0.0135987 0.0156817 0.0171763 0.0178896 0.0177459 0.0168022 0.0152294 0.013266 0.0111607 0.0091235 0.00729591 0.00574626 0.00448282 0.00347626 0.00268152
 1.02124e-16 1.99177e-05 0.000116855 0.000555382 0.00213809 0.0066673 0.0168414 0.0344625 0.0571354 0.0767615 0.0836116 0.0739413 0.0533439 0.0319679 0.0170772 0.0101853 0.00926763 0.0118706 0.0164344 0.0221331 0.0283763 0.034533 0.0399015 0.0438147 0.0457823 0.0456033 0.0434078 0.0396094 0.0347924 0.0295698 0.0244614 0.0198221 0.0158287 0.0125129 0.00981513 0.00763767
 1.05624e-16 1.90239e-05 0.000111623 0.000530537 0.00204248 0.00636919 0.0160883 0.0329202 0.0545747 0.0733099 0.0798221 0.0705194 0.0507218 0.0300915 0.0155254 0.00842344 0.00681515 0.00834854 0.0115761 0.0158193 0.0206969 0.025843 0.0308366 0.0352439 0.0386937 0.0409443 0.041915 0.0416732 0.0403892 0.0382779 0.0355492 0.0323824 0.0289248 0.0253035 0.0216402 0.0180575
 1.04309e-16 3.06056e-05 0.000179631 0.000853885 0.00328751 0.0102518 0.0258952 0.0529848 0.0878276 0.117948 0.128347 0.113201 0.0810106 0.0472341 0.0228429 0.00993061 0.00515644 0.00459332 0.00584562 0.0078781 0.0102873 0.0128438 0.0153355 0.0175555 0.0193327 0.020562 0.0212165 0.0213376 0.0210084 0.0203217 0.0193561 0.0181654 0.0167835 0.0152372 0.0135596 0.0117982
 1.02675e-16 2.93267e-05 0.000172113 0.000818124 0.00314978 0.00982227 0.0248104 0.050766 0.0841528 0.113022 0.123011 0.108552 0.0778084 0.0456182 0.0225293 0.0105888 0.00663357 0.00692088 0.00914101 0.0122388 0.0157101 0.0191727 0.0222423 0.0245594 0.0258608 0.0260375 0.0251561 0.023432 0.0211667 0.0186717 0.0162037 0.0139289 0.0119195 0.010176 0.0086589 0.00731897
 1.01397e-16 3.41037e-05 0.000200166 0.000951506 0.00366336 0.0114239 0.0288558 0.0590426 0.0978689 0.131433 0.143019 0.126139 0.0902636 0.0526161 0.0254189 0.0109984 0.00562164 0.00489702 0.00613352 0.00815013 0.0104659 0.0127939 0.0148729 0.0164613 0.0173785 0.0175437 0.0169909 0.0158523 0.0143203 0.0125983 0.0108595 0.00922315 0.00775105 0.00645918 0.00533645 0.00436193
 1.00895e-16 3.41152e-05 0.000200231 0.000951812 0.00366454 0.0114275 0.028865 0.0590616 0.097901 0.131478 0.143073 0.126197 0.0903294 0.0527027 0.0255504 0.0112072 0.00594528 0.00537413 0.00679704 0.00901777 0.0115294 0.0140107 0.0161632 0.0177136 0.0184642 0.0183372 0.0173915 0.0158021 0.0138131 0.0116787 0.00961228 0.00775693 0.00618054 0.00488976 0.00385345 0.00302537
 1.01431e-16 2.80922e-05 0.000164861 0.000783635 0.00301698 0.00940811 0.0237643 0.048626 0.080607 0.108265 0.117847 0.104027 0.0746346 0.043898 0.0219409 0.0107489 0.0073161 0.00807341 0.0108073 0.0144804 0.0185541 0.0225796 0.026092 0.0286543 0.0299462 0.0298361 0.0284091 0.0259353 0.022796 0.0193915 0.0160609 0.0130354 0.0104301 0.00826515 0.0065015 0.00507527
 1.02362e-16 2.80122e-05 0.000164395 0.000781433 0.00300851 0.00938172 0.0236976 0.0484891 0.080379 0.107955 0.117499 0.103697 0.074347 0.043627 0.0216181 0.0102847 0.00661582 0.00704805 0.00938509 0.0126253 0.0162873 0.0199975 0.0233714 0.0260397 0.0277175 0.028264 0.0277065 0.0262189 0.0240672 0.0215396 0.018888 0.0162937 0.013862 0.0116385 0.0096333 0.00784251
 1.02839e-16 2.77609e-05 0.00016292 0.000774419 0.00298151 0.00929751 0.0234849 0.0480539 0.0796576 0.106987 0.116446 0.102769 0.073686 0.0432472 0.0214451 0.0102273 0.00661145 0.00706663 0.00941607 0.0126656 0.0163354 0.020052 0.0234312 0.0261055 0.0277937 0.0283604 0.0278385 0.0264069 0.0243336 0.0219052 0.0193669 0.0168894 0.0145656 0.0124282 0.0104771 0.00870266
 1.01405e-16 3.61428e-05 0.000212141 0.00100845 0.00388261 0.0121076 0.0305828 0.0625758 0.103724 0.139291 0.151557 0.133638 0.0955622 0.0555682 0.0265897 0.0110682 0.00502354 0.00378498 0.00449979 0.00593921 0.00764375 0.00938376 0.0109699 0.0122292 0.0130303 0.0133095 0.013082 0.0124304 0.0114791 0.0103607 0.0091887 0.00804197 0.00696303 0.00596671 0.00505282 0.00421704
 1.01202e-16 3.05604e-05 0.000179355 0.000852549 0.00328232 0.0102356 0.0258544 0.0529022 0.0876939 0.117778 0.128187 0.113119 0.0810815 0.0475355 0.0234723 0.0110233 0.0068894 0.00716543 0.00943706 0.0125948 0.016101 0.0195445 0.0225129 0.0246245 0.0256043 0.0253483 0.0239454 0.0216492 0.0188097 0.0157894 0.0128911 0.0103153 0.008154 0.00641054 0.0050338 0.00395129
 1.01941e-16 2.85403e-05 0.000167495 0.000796168 0.00306524 0.00955863 0.0241444 0.0494035 0.0818947 0.109991 0.119716 0.105653 0.0757507 0.0444526 0.0220304 0.0104846 0.00674649 0.00718247 0.00955044 0.0128235 0.0165031 0.0202004 0.0235166 0.0260715 0.0275773 0.0278992 0.0270809 0.0253204 0.0229115 0.0201694 0.0173669 0.0146973 0.0122682 0.0101177 0.00824163 0.0066183
 1.02332e-16 2.9653e-05 0.000174031 0.000827245 0.00318491 0.00993182 0.025087 0.0513319 0.0850901 0.114279 0.124372 0.109739 0.0786282 0.0460365 0.0226208 0.0104413 0.00629152 0.00638375 0.00838862 0.0112579 0.0145139 0.017812 0.0208074 0.0231719 0.0246545 0.0251336 0.024638 0.0233271 0.0214404 0.0192351 0.0169328 0.0146891 0.0125906 0.0106698 0.00892875 0.00735929
 1.03921e-16 1.99297e-05 0.000116932 0.000555757 0.00213955 0.00667188 0.0168529 0.0344855 0.0571719 0.0768055 0.0836461 0.0739401 0.0532739 0.0317883 0.0167322 0.00959785 0.00833988 0.0104942 0.0145119 0.0196064 0.025259 0.0309356 0.0360419 0.0400045 0.04239 0.0429986 0.0419006 0.0393983 0.0359348 0.0319797 0.0279323 0.0240669 0.0205265 0.0173514 0.0145233 0.0120058
pSPR Fmed_Fpbrs
0.548957   0.347797 0.347797
Fs Fmed_Fpbrs
0.437315   1.005 1.005
SSBpbr Bo_Bmed_Bpbrs
905253  451683  269581 269581
Ro
32859.6
SPR SPRFo_SPRFmed_SPRFpbrs
676041 371118 235125
log_Ro
10.22
likeval ReclasPelacesDesembMPH_pf_preclas_ppelaces_ptallas_desvR_qrecl_qpela
 83.1559 58.7371 0.0304875 0.000173177 292.259 164.526 80.8749 0 19.1432 2.22472e-05 0 0 0 0 0
q_reclas_q_pelaces
0.51254 1
M
0.7
N
 20631.2 20047.7 8666.25 1143.04 0.215953
 37102.1 9713.75 7026.79 3037.55 400.713
 8162.99 16984.3 2832.66 2049.11 1002.64
 29872.4 3314.77 2261.76 377.219 406.394
 60189.6 13791.6 1021.96 697.311 241.592
 29416.5 29608.6 6438.83 477.119 438.342
 61201.7 13537.7 8939.1 1943.94 276.386
 80245.9 28669.3 4589.8 3030.71 752.778
 119385 35707.9 6945.93 1112.01 916.653
 187683 53472.2 9028.82 1756.29 512.95
 64090.3 88012.8 18257.3 3082.76 774.799
 34328.7 29396.6 25998.7 5393.15 1139.51
 46970.8 15861.6 9110.47 8057.41 2024.57
 21905.6 20643.3 3543.24 2035.14 2252.16
 15197.7 8790.82 2544.65 436.767 528.484
 16670.2 5988.21 961.241 278.247 105.546
 12086.1 7497.25 1555.36 249.67 99.6851
 11747.6 5573.75 2294.64 476.039 106.925
 11580.5 5519.87 1927.84 793.666 201.634
 31055.4 5455.18 1941.1 677.936 350.004
 36702.8 14541.6 1844.56 656.344 347.578
 42218.4 17826.6 6246.83 792.391 431.267
 55997.4 20405 7415.7 2598.62 509.03
 27174.6 26867.9 8092.6 2941.06 1232.49
pred_Ctot
 771.981 4326.96 1870.46 246.705 0.0466098
 2095.38 2972.41 2150.2 929.491 122.618
 1082.49 9610.91 1602.92 1159.53 567.366
 1516.29 928.814 633.754 105.698 113.874
 406.707 595.707 44.1421 30.1193 10.4352
 1556.64 8588.41 1867.68 138.396 127.148
 2503.06 3157.12 2084.68 453.346 64.4559
 6035.17 10997.1 1760.57 1162.53 288.754
 8468.23 13096.6 2547.55 407.849 336.199
 7537.83 12275.7 2072.75 403.193 117.758
 3534.95 26415.7 5479.66 925.245 232.545
 1724.04 8164.21 7220.52 1497.82 316.472
 3911.17 6565.45 3771 3335.12 838.011
 3059.98 12046.7 2067.72 1187.64 1314.28
 2287.7 5353.25 1549.59 265.973 321.825
 1137.41 2131.07 342.085 99.0219 37.5616
 622.563 2126.64 441.186 70.8202 28.2763
 455.927 1242.02 511.325 106.078 23.8265
 429.329 1181.74 412.727 169.915 43.1676
 1278.82 1279.73 455.363 159.037 82.1076
 579.219 1422.89 180.489 64.2229 34.0103
 812.299 2102.07 736.609 93.4365 50.8538
 1363.45 2993.2 1087.81 381.19 74.6693
 792.521 4645.4 1399.2 508.503 213.095
F
 0.0532637 0.348387 0.348387 0.348387 0.348387
 0.0813855 0.532326 0.532326 0.532326 0.532326
 0.201221 1.31615 1.31615 1.31615 1.31615
 0.0728757 0.476665 0.476665 0.476665 0.476665
 0.00943502 0.0617125 0.0617125 0.0617125 0.0617125
 0.0760808 0.497629 0.497629 0.497629 0.497629
 0.0583476 0.38164 0.38164 0.38164 0.38164
 0.109722 0.717672 0.717672 0.717672 0.717672
 0.103191 0.674952 0.674952 0.674952 0.674952
 0.0572708 0.374597 0.374597 0.374597 0.374597
 0.0794147 0.519435 0.519435 0.519435 0.519435
 0.0720792 0.471455 0.471455 0.471455 0.471455
 0.122135 0.798861 0.798861 0.798861 0.798861
 0.213032 1.3934 1.3934 1.3934 1.3934
 0.231354 1.51324 1.51324 1.51324 1.51324
 0.0990838 0.648087 0.648087 0.648087 0.648087
 0.073991 0.48396 0.48396 0.48396 0.48396
 0.0552945 0.36167 0.36167 0.36167 0.36167
 0.0527613 0.345101 0.345101 0.345101 0.345101
 0.0587579 0.384324 0.384324 0.384324 0.384324
 0.0221596 0.144941 0.144941 0.144941 0.144941
 0.0270752 0.177094 0.177094 0.177094 0.177094
 0.0343735 0.22483 0.22483 0.22483 0.22483
 0.0412971 0.270116 0.270116 0.270116 0.270116
nmprior
 10 10 8 0
nm_flota  nm_reclas  nm_pelaces    nm_pelaL
inf 25.1117 19.171 34.6078
cv_recla  cv_pelaces  cv_mph
0.844254 0.901822 0.426956
 ------------------------------------------------
Talla a la edad & desviación 
 7.2 14.2025 17.0495 18.207 18.6776
 1.08 2.13037 2.55742 2.73105 2.80164
