years
 1997 1998 1999 2000 2001 2002 2003 2004 2005 2006 2007 2008 2009 2010 2011 2012 2013 2014 2015 2016 2017 2018 2019 2020
reclasobs
 0 0 0 370054 412103 1.49427e+06 250295 1.28982e+06 931140 785840 897777 1.04006e+06 184774 17550 25797 100020 73551 82996 120727 218422 84188 347160 605670 569463
reclaspred
 5.04309e+06 1.17122e+06 3.74796e+06 2.22976e+06 1.85965e+06 1.88607e+06 3.13405e+06 1.86657e+06 1.86817e+06 1.49846e+06 1.18814e+06 826522 516932 273374 202454 213750 277514 423796 488434 646980 1.02152e+06 1.0767e+06 2.16977e+06 3.80545e+06
pelacesobs
 0 0 0 0 0 0 0 0 0 2.06254e+06 1.5e+06 0 1.87456e+06 323000 250000 174000 83755 137374 0 501740 490994 745055 786931 1.00524e+06
pelacespred
 3.34521e+06 1.36597e+06 1.48008e+06 1.69798e+06 1.21719e+06 1.03556e+06 1.56798e+06 1.36496e+06 1.11725e+06 937568 640304 455677 280214 126399 93555.2 109779 147882 224942 275370 352442 597562 653817 996587 1.99809e+06
mphobs
 0 0 0 0 0 112323 0 153150 637223 0 255016 313432 73983 77613 109348 50772 0 0 0 0 0 0 0 0
mphpred
 3.5258e+06 2.19096e+06 2.03323e+06 2.60509e+06 1.7815e+06 1.70222e+06 2.11991e+06 2.11024e+06 1.71981e+06 1.50587e+06 1.22326e+06 862506 560239 327408 184539 173326 211253 315792 420843 488443 744497 980646 1.34053e+06 2.53001e+06
desembarqueobs
 350755 77701 442110 56441 14545 235359 269955 359681 431902 328805 639364 411747 362871 311530 167758 66681 60226 58785 57116 71774 51957 67425 138520 160799
desembarquepred
 350699 77719.7 442759 56533.4 14529.1 235138 270250 360969 433359 329114 639295 411568 363030 311904 167716 66641.9 60207.1 58752.1 57097.5 71689.2 51955.3 67482.8 138381 160727
Reclutas
 194334 146357 102183 78401.7 98994.9 89730.1 114542 129835 115119 98543.3 78745.2 49831.2 50411.7 31919 21882 24276.5 23652.7 28306.9 29631.4 53171.6 87942.8 106543 270329 467227
log_desv_Rt
 0.937336 0.653805 0.294517 0.0296004 0.262824 0.164561 0.408699 0.534017 0.413725 0.258251 0.0339725 -0.423604 -0.412021 -0.869043 -1.24658 -1.14273 -1.16877 -0.989138 -0.943411 -0.35872 0.144442 0.336306 1.2674 1.81457
SSB
 3.5258e+06 2.19096e+06 2.03323e+06 2.60509e+06 1.7815e+06 1.70222e+06 2.11991e+06 2.11024e+06 1.71981e+06 1.50587e+06 1.22326e+06 862506 560239 327408 184539 173326 211253 315792 420843 488443 744497 980646 1.34053e+06 2.53001e+06
BT
 9.29124e+06 2.70517e+06 3.63031e+06 3.32774e+06 2.45149e+06 2.17512e+06 3.75717e+06 3.32254e+06 2.85291e+06 2.28131e+06 1.95404e+06 1.34215e+06 974422 565799 363502 300204 392153 555159 615812 851524 1.46639e+06 1.38553e+06 2.33695e+06 4.79878e+06
Ftot
 0.0678988 0.0647927 0.11499 0.0248092 0.00765239 0.121286 0.0841023 0.18748 0.2243 0.212497 0.508766 0.472112 0.656075 1.02487 0.767781 0.300074 0.210119 0.134847 0.113812 0.107954 0.0497127 0.0612114 0.0622922 0.0413017
BD_Bspro_t
 0.990268 0.940543 0.909308 0.854154 0.872372 0.897376 0.853898 0.839852 0.780609 0.714821 0.647242 0.490481 0.390224 0.299764 0.208064 0.228385 0.337502 0.518363 0.645808 0.72931 0.819333 0.886218 0.900503 0.923858
BD_Bspro
 2.25153 1.39912 1.29839 1.66358 1.13764 1.08702 1.35375 1.34757 1.09825 0.961626 0.781158 0.550784 0.357761 0.209079 0.117844 0.110683 0.134903 0.201661 0.268745 0.311913 0.475425 0.626227 0.856042 1.61563
BD_Bo
 1.92153 1.19405 1.10809 1.41975 0.9709 0.927697 1.15533 1.15006 0.93728 0.820684 0.666667 0.470058 0.305325 0.178435 0.100572 0.0944609 0.115131 0.172104 0.229356 0.266197 0.405744 0.534443 0.730575 1.37883
BD_Brms
 9.35555 5.81361 5.39508 6.9125 4.72712 4.51677 5.62509 5.59942 4.56344 3.99575 3.24587 2.28862 1.48657 0.868764 0.489665 0.459912 0.56055 0.83794 1.11669 1.29606 1.97549 2.6021 3.55703 6.71326
S_f
 0.5 1 1 1 1
 0.5 1 1 1 1
 0.5 1 1 1 1
 0.5 1 1 1 1
 0.5 1 1 1 1
 0.5 1 1 1 1
 0.5 1 1 1 1
 0.5 1 1 1 1
 0.5 1 1 1 1
 0.5 1 1 1 1
 0.5 1 1 1 1
 0.5 1 1 1 1
 0.5 1 1 1 1
 0.5 1 1 1 1
 0.5 1 1 1 1
 0.5 1 1 1 1
 0.5 1 1 1 1
 0.5 1 1 1 1
 0.5 1 1 1 1
 0.5 1 1 1 1
 0.5 1 1 1 1
 0.5 1 1 1 1
 0.5 1 1 1 1
 0.5 1 1 1 1
Scru_reclas
 0.5 1 1 1 1
 0.5 1 1 1 1
 0.5 1 1 1 1
 0.5 1 1 1 1
 0.5 1 1 1 1
 0.5 1 1 1 1
 0.5 1 1 1 1
 0.5 1 1 1 1
 0.5 1 1 1 1
 0.5 1 1 1 1
 0.5 1 1 1 1
 0.5 1 1 1 1
 0.5 1 1 1 1
 0.5 1 1 1 1
 0.5 1 1 1 1
 0.5 1 1 1 1
 0.5 1 1 1 1
 0.5 1 1 1 1
 0.5 1 1 1 1
 0.5 1 1 1 1
 0.5 1 1 1 1
 0.5 1 1 1 1
 0.5 1 1 1 1
 0.5 1 1 1 1
Scru_pelaces
 0.5 1 1 1 1
 0.5 1 1 1 1
 0.5 1 1 1 1
 0.5 1 1 1 1
 0.5 1 1 1 1
 0.5 1 1 1 1
 0.5 1 1 1 1
 0.5 1 1 1 1
 0.5 1 1 1 1
 0.5 1 1 1 1
 0.5 1 1 1 1
 0.5 1 1 1 1
 0.5 1 1 1 1
 0.5 1 1 1 1
 0.5 1 1 1 1
 0.5 1 1 1 1
 0.5 1 1 1 1
 0.5 1 1 1 1
 0.5 1 1 1 1
 0.5 1 1 1 1
 0.5 1 1 1 1
 0.5 1 1 1 1
 0.5 1 1 1 1
 0.5 1 1 1 1
pf_obs 
 0.256992 0.487395 0.22802 0.0275931 0
 0.321318 0.546541 0.124235 0.00734118 0.000564706
 0.182869 0.594174 0.210203 0.0122559 0.00049798
 0.330522 0.361315 0.267642 0.0388342 0.00168674
 0.649043 0.306663 0.0425973 0.00169635 0
 0.582887 0.30429 0.105238 0.00758474 0
 0.465427 0.430635 0.0974691 0.00646863 0
 0.296916 0.608066 0.0921331 0.00288517 0
 0.311714 0.524322 0.152257 0.0117073 0
 0.15457 0.633149 0.183074 0.0267441 0.00246327
 0.131901 0.49318 0.331252 0.0422183 0.00144891
 0.196976 0.569456 0.194076 0.0375587 0.00193317
 0.518974 0.381816 0.0799577 0.0180837 0.00116848
 0.0928022 0.601141 0.25162 0.0475244 0.00691264
 0.122501 0.610282 0.24278 0.0234846 0.000952079
 0.383417 0.481906 0.127806 0.00687128 0
 0.0376549 0.599619 0.316969 0.0457579 0
 0.0361596 0.667082 0.258105 0.0386534 0
 0.158088 0.579412 0.248529 0.0139706 0
 0.0477256 0.309471 0.559284 0.082774 0.000745712
 0.0406174 0.521527 0.379366 0.0568643 0.0016247
 0.151134 0.462217 0.34131 0.0453401 0
 0.294876 0.26143 0.354403 0.0886775 0.000613685
 0.281977 0.475581 0.204845 0.0348837 0.00271318
pf_pred 
 0.523163 0.240047 0.119204 0.0591948 0.0583918
 0.354778 0.445869 0.100358 0.0498361 0.04916
 0.282287 0.379154 0.233955 0.0526593 0.0519449
 0.269456 0.327506 0.212917 0.131379 0.0587414
 0.354656 0.275057 0.166001 0.10792 0.0963654
 0.330216 0.351063 0.135845 0.0819844 0.100892
 0.412636 0.296651 0.152376 0.0589621 0.0793759
 0.422353 0.340781 0.11963 0.0614486 0.0557876
 0.384288 0.373541 0.142868 0.0501535 0.0491497
 0.365571 0.362246 0.165129 0.0631565 0.0438982
 0.353549 0.355844 0.165931 0.0756389 0.0490375
 0.336421 0.371308 0.160883 0.0750199 0.0563683
 0.441954 0.300222 0.144266 0.0625088 0.0510489
 0.414714 0.385298 0.107591 0.051701 0.040696
 0.469826 0.350161 0.118504 0.0330912 0.028418
 0.546945 0.312981 0.0925137 0.031309 0.0162509
 0.463558 0.388761 0.102022 0.0301566 0.015503
 0.471484 0.342093 0.135101 0.0354544 0.0158675
 0.428816 0.371021 0.12956 0.0511664 0.019437
 0.543455 0.277546 0.116272 0.0406019 0.0221259
 0.558022 0.314031 0.0777826 0.0325853 0.0175796
 0.476841 0.376227 0.104397 0.0258581 0.0166768
 0.63435 0.237555 0.0921184 0.0255613 0.0104146
 0.585377 0.323114 0.0594516 0.0230539 0.00900348
pobs_RECLAS
 0 0 0 0 0
 0 0 0 0 0
 0 0 0 0 0
 0 0 0 0 0
 0.835266 0.146461 0.0176864 0.000547809 3.91292e-05
 0.385257 0.428462 0.181853 0.0044286 0
 0.867414 0.0963971 0.0333333 0.00285562 0
 0.441836 0.489002 0.0689373 0.000224442 0
 0.779404 0.147425 0.0564933 0.0165055 0.000172143
 0.814271 0.122319 0.05973 0.00367925 0
 0.40263 0.566651 0.0304383 0.000280538 0
 0.475488 0.404961 0.113038 0.00651328 0
 0.955842 0.0263864 0.0167828 0.000988607 0
 0.975058 0.0227948 0.00214734 0 0
 0.738997 0.206755 0.0527124 0.00153531 0
 0.850938 0.134255 0.0134407 0.00136685 0
 0.542534 0.407297 0.0501686 0 0
 0.764087 0.199537 0.0359546 0.000420521 0
 0.470689 0.182191 0.310203 0.0369168 0
 0.84361 0.089868 0.0606195 0.00523954 0.000663233
 0.607945 0.314616 0.071237 0.00620181 0
 0.523733 0.453247 0.0230204 0 0
 0.530135 0.295979 0.169645 0.0042399 0
 0.562478 0.366248 0.0663022 0.0049721 0
ppred_RECLAS
 0.523688 0.239783 0.119072 0.0591297 0.0583275
 0.355236 0.445552 0.100286 0.0498007 0.0491251
 0.283043 0.378755 0.233708 0.0526038 0.0518902
 0.269601 0.327441 0.212875 0.131353 0.0587297
 0.354707 0.275035 0.165988 0.107912 0.0963578
 0.331092 0.350604 0.135667 0.0818772 0.10076
 0.413278 0.296326 0.152209 0.0588976 0.0792891
 0.423937 0.339846 0.119302 0.0612801 0.0556346
 0.386186 0.37239 0.142427 0.0499989 0.0489982
 0.367316 0.36125 0.164674 0.0629828 0.0437775
 0.358705 0.353006 0.164607 0.0750356 0.0486464
 0.34098 0.368757 0.159778 0.0745045 0.055981
 0.449817 0.295992 0.142233 0.061628 0.0503296
 0.429474 0.375581 0.104878 0.0503972 0.0396697
 0.479732 0.343619 0.116289 0.0324729 0.027887
 0.549769 0.31103 0.091937 0.0311138 0.0161496
 0.465403 0.387424 0.101671 0.0300529 0.0154497
 0.472594 0.341375 0.134817 0.03538 0.0158342
 0.429719 0.370434 0.129355 0.0510855 0.0194063
 0.544317 0.277021 0.116052 0.0405252 0.0220841
 0.558395 0.313766 0.0777169 0.0325578 0.0175647
 0.477312 0.375889 0.104303 0.0258348 0.0166618
 0.634796 0.237266 0.0920062 0.0255302 0.0104019
 0.58568 0.322878 0.0594083 0.0230371 0.00899691
pobs_PELACES
 0 0 0 0 0
 0 0 0 0 0
 0 0 0 0 0
 0 0 0 0 0
 0 0 0 0 0
 0 0 0 0 0
 0 0 0 0 0
 0 0 0 0 0
 0 0 0 0 0
 0 0 0 0 0
 0.450072 0.473896 0.0757376 0.000293798 0
 0 0 0 0 0
 0.463077 0.371075 0.160297 0.00555027 0
 0.529543 0.364841 0.0842815 0.0213345 0
 0.631943 0.363953 0.00410389 0 0
 0.735681 0.248677 0.0153453 0.000297389 0
 0.695825 0.281241 0.0229344 0 0
 0.275771 0.60734 0.115278 0.00161068 0
 0 0 0 0 0
 0.896147 0.0623911 0.0374545 0.00400742 0
 0.803859 0.145111 0.0509908 3.86294e-05 0
 0.739449 0.233085 0.0266225 0.000797448 4.60066e-05
 0.878498 0.100942 0.0204185 0.000141795 0
 0.694673 0.275183 0.0284847 0.00165964 0
ppred_PELACES
 0.526482 0.238376 0.118374 0.0587828 0.0579854
 0.357689 0.443857 0.0999048 0.0496112 0.0489382
 0.286909 0.376712 0.232448 0.0523202 0.0516104
 0.270408 0.32708 0.21264 0.131208 0.0586649
 0.354996 0.274912 0.165914 0.107863 0.0963146
 0.335539 0.348273 0.134765 0.0813329 0.10009
 0.416647 0.294625 0.151335 0.0585595 0.0788339
 0.431509 0.335379 0.117734 0.0604746 0.0549034
 0.394995 0.367046 0.140383 0.0492813 0.048295
 0.375501 0.356576 0.162544 0.0621679 0.0432111
 0.378236 0.342255 0.159594 0.0727504 0.0471649
 0.358695 0.358844 0.155483 0.0725017 0.0544761
 0.476728 0.281514 0.135276 0.0586136 0.0478679
 0.471308 0.348042 0.0971879 0.0467018 0.0367609
 0.51139 0.32271 0.109213 0.030497 0.0261901
 0.561992 0.302586 0.0894411 0.0302692 0.0157112
 0.474038 0.381165 0.100029 0.0295674 0.0152002
 0.478143 0.337783 0.133399 0.0350077 0.0156676
 0.434327 0.367441 0.12831 0.0506727 0.0192495
 0.548732 0.274338 0.114928 0.0401326 0.0218702
 0.560417 0.312329 0.0773611 0.0324087 0.0174843
 0.479832 0.374076 0.1038 0.0257103 0.0165815
 0.637175 0.23572 0.0914067 0.0253638 0.0103341
 0.587332 0.32159 0.0591713 0.0229452 0.00896102
pobs_pel_tallas
 0 0 0 0 0 0 0 0 0 0 0 0 0 0 0 0 0 0 0 0 0 0 0 0 0 0 0 0 0 0 0 0 0 0 0 0
 0 0 0 0 0 0 0 0 0 0 0 0 0 0 0 0 0 0 0 0 0 0 0 0 0 0 0 0 0 0 0 0 0 0 0 0
 0 0 0 0 0 0 0 0 0 0 0 0 0 0 0 0 0 0 0 0 0 0 0 0 0 0 0 0 0 0 0 0 0 0 0 0
 0 0 0 0 0 0 0 0 0 0 0 0 0 0 0 0 0 0 0 0 0 0 0 0 0 0 0 0 0 0 0 0 0 0 0 0
 0 0 0 0 0 0 0 0 0 0 0 0 0 0 0 0 0 0 0 0 0 0 0 0 0 0 0 0 0 0 0 0 0 0 0 0
 0 0 0 0 0 0 0 0 0 0 0 0 0 0 0 0 0 0 0 0 0 0 0 0 0 0 0 0 0 0 0 0 0 0 0 0
 0 0 0 0 0 0 0 0 0 0 0 0 0 0 0 0 0 0 0 0 0 0 0 0 0 0 0 0 0 0 0 0 0 0 0 0
 0 0 0 0 0 0 0 0 0 0 0 0 0 0 0 0 0 0 0 0 0 0 0 0 0 0 0 0 0 0 0 0 0 0 0 0
 0 0 0 0 0 0 0 0 0 0 0 0 0 0 0 0 0 0 0 0 0 0 0 0 0 0 0 0 0 0 0 0 0 0 0 0
 0 0 0 0 0 0 0 0 0 0 0 0 0 0 0 0 0 0 0 0 0 0 0 0 0 0 0 0 0 0 0 0 0 0 0 0
 0 0 0 0 0 0 0 0 1.78061e-05 0.00172719 0.00360574 0.0105946 0.0120993 0.0124554 0.0147524 0.0171206 0.0266825 0.0428682 0.0675386 0.121331 0.153587 0.119568 0.100827 0.0573624 0.0630603 0.0341343 0.0324427 0.0444173 0.0211091 0.0280891 0.0125444 0.00206551 0 0 0 0
 0 0 0 0 0 0 0 0 0 0 0 0 0 0 0 0 0 0 0 0 0 0 0 0 0 0 0 0 0 0 0 0 0 0 0 0
 0 0 0 0 0 0 0.0133647 0.0140871 0.0187388 0.0205184 0.03894 0.0496705 0.03968 0.0493445 0.0407372 0.0367815 0.0215668 0.0243155 0.0234873 0.0199281 0.019796 0.0243948 0.0301388 0.0376714 0.0412746 0.0863199 0.0771752 0.113111 0.0741005 0.0525337 0.0229764 0.00759418 0.00175318 0 0 0
 0 0 0 0 0 0 0 0 0 0 0.00219441 0.00772107 0.0458388 0.0604681 0.0671733 0.0775358 0.0609151 0.0617685 0.073594 0.0568108 0.0755445 0.0548602 0.0670107 0.0636378 0.0643287 0.046367 0.0373049 0.0286899 0.0247887 0.0153202 0.00654259 0.00121912 0.000365735 0 0 0
 0 0 0 0 0 0 0 0 0 0 0 0 0.000112435 0.00938835 0.0111873 0.0202946 0.0414886 0.0713402 0.111592 0.104902 0.108894 0.110636 0.117776 0.105296 0.107544 0.0401394 0.0192827 0.0124803 0.00416011 0.0028671 0.000618394 0 0 0 0 0
 0 0 0 0 0 0 0 0 0 0 0.00291406 0.0102884 0.027416 0.0768956 0.0749926 0.110853 0.0956884 0.0897413 0.0766577 0.0534642 0.0500743 0.0551293 0.0594112 0.0620874 0.0668451 0.0424026 0.0208742 0.0120726 0.0048766 0.00582813 0.00118941 0.000297354 0 0 0 0
 0 0.00264628 0.0354308 0.0461629 0.0458689 0.0383711 0.0214643 0.0164657 0.0346957 0.0420465 0.0363128 0.0245516 0.0311673 0.0291091 0.0169068 0.0133784 0.00837989 0.0085269 0.0148486 0.0160247 0.0276389 0.0546898 0.0760071 0.122758 0.109233 0.0665981 0.0333725 0.0166128 0.00676272 0.00308733 0.000882094 0 0 0 0 0
 0 0 0 0 0 0 0 0.000805153 0.000690131 0.00759144 0.0133425 0.0154129 0.00931677 0.000345066 0.00356568 0.00563607 0.00851162 0.0253048 0.0502646 0.0516448 0.0657925 0.0565908 0.0611916 0.0827007 0.0866115 0.110766 0.145733 0.0935128 0.0569358 0.0249597 0.0138026 0.00621118 0.00161031 0.00115022 0 0
 0 0 0 0 0 0 0 0 0 0 0 0 0 0 0 0 0 0 0 0 0 0 0 0 0 0 0 0 0 0 0 0 0 0 0 0
 0.00147267 0.00158595 0.00478618 0.00569244 0.00954404 0.0108468 0.00647125 0.017049 0.0510054 0.094081 0.124002 0.0959785 0.0687766 0.0820023 0.061753 0.0591476 0.0492212 0.0479892 0.0443925 0.0268479 0.0217502 0.0140895 0.0121071 0.0120363 0.00920419 0.00665534 0.0049561 0.00860946 0.00930331 0.0156896 0.0114698 0.00855282 0.00243557 0.00046729 0 2.83206e-05
 0 0 0 0 0.000772559 0.00158375 0.000888443 0.00281984 0.00712685 0.0440552 0.0773331 0.111326 0.0921469 0.0852325 0.0710754 0.0886704 0.0786465 0.0553345 0.0373146 0.0185414 0.00753245 0.00457741 0.012979 0.0271748 0.0457355 0.0583668 0.034881 0.0177882 0.00938659 0.00492506 0.0015258 0.00185414 0.000309023 5.79419e-05 3.86279e-05 0
 0 0.00173294 0.00326652 0 0.00397197 0.00683976 0.00946217 0.0152591 0.00757587 0.0136028 0.0228656 0.0392903 0.0559909 0.0764795 0.0681675 0.0726916 0.0566044 0.0477403 0.0527397 0.0444891 0.0609904 0.0582453 0.0661739 0.0445044 0.0529084 0.0360697 0.0280645 0.0235558 0.0158879 0.00826598 0.00280645 0.00217768 0.000904811 0.00058276 9.20147e-05 0
 0 0 0 0 0 0 0 0 0 0 0 0 0 0 0 0 0 0 0 0 0 0 0 0 0 0 0 0 0 0 0 0 0 0 0 0
 0 0 0 0 0 0 0 0 0 0 0 0 0 0 0 0 0 0 0 0 0 0 0 0 0 0 0 0 0 0 0 0 0 0 0 0
ppred_pel_tallas
 1.06488e-16 2.29795e-05 0.000134849 0.000640966 0.00246768 0.00769515 0.0194375 0.0397727 0.0659315 0.0885562 0.0963983 0.0851054 0.0610855 0.0359826 0.018088 0.00904122 0.00640461 0.00728558 0.00990478 0.0134474 0.0175049 0.0217363 0.0257747 0.0292573 0.0318925 0.0335158 0.0341118 0.0337939 0.0327531 0.0311962 0.0292961 0.0271686 0.024877 0.0224535 0.0199265 0.0173393
 1.05555e-16 1.56276e-05 9.16682e-05 0.000435638 0.00167704 0.00522954 0.0132098 0.0270319 0.0448196 0.0602252 0.065626 0.0580985 0.0420507 0.0254737 0.0141075 0.0091911 0.00919045 0.0122246 0.0170873 0.0231067 0.0297462 0.0363911 0.0423433 0.0469313 0.0496548 0.0502948 0.0489548 0.0460119 0.0420042 0.0374916 0.0329388 0.0286508 0.024768 0.0213049 0.0182088 0.0154122
 1.07632e-16 1.25389e-05 7.354e-05 0.000349466 0.00134528 0.00419496 0.0105965 0.0216845 0.0359545 0.0483167 0.0526592 0.0466421 0.0338094 0.020584 0.0115892 0.00784481 0.00815298 0.0110421 0.0155823 0.0212668 0.0276853 0.0343456 0.0406636 0.0460497 0.0500235 0.0523071 0.0528648 0.0518751 0.0496542 0.04656 0.0429115 0.0389477 0.0348259 0.0306479 0.0264933 0.0224438
 1.10375e-16 1.18172e-05 6.9308e-05 0.000329358 0.00126788 0.00395359 0.00998675 0.0204365 0.0338847 0.0455331 0.04962 0.0439374 0.0318212 0.0193189 0.0107805 0.00715961 0.00732259 0.00988424 0.0139814 0.019165 0.0250929 0.031359 0.0374751 0.0429391 0.0473296 0.0503823 0.0520221 0.0523397 0.05153 0.0498168 0.0473939 0.0444013 0.0409336 0.037069 0.0329003 0.0285516
 1.10652e-16 1.55034e-05 9.09543e-05 0.000432278 0.00166417 0.00518942 0.0131083 0.026823 0.0444686 0.0597401 0.0650616 0.0575142 0.0414443 0.0247416 0.0130496 0.00753902 0.00663627 0.00845284 0.011825 0.0161959 0.0212275 0.0265727 0.0318276 0.0365794 0.0404821 0.0433191 0.0450275 0.0456768 0.0454152 0.0444071 0.0427847 0.0406316 0.0379946 0.0349128 0.0314479 0.0277007
 1.09498e-16 1.46578e-05 8.59837e-05 0.000408633 0.0015731 0.00490542 0.012391 0.0253559 0.042039 0.0564836 0.0615351 0.0544445 0.0393358 0.0236899 0.0128719 0.00802345 0.00768989 0.0101051 0.0141608 0.0192831 0.025061 0.0310381 0.0366877 0.0414891 0.0450321 0.0470993 0.0476969 0.0470207 0.0453767 0.0430856 0.0404068 0.0375019 0.0344429 0.0312471 0.0279215 0.0244958
 1.0794e-16 1.81925e-05 0.00010674 0.00050732 0.00195309 0.00609041 0.0153841 0.0314796 0.0521875 0.0701062 0.0763418 0.0674635 0.0485648 0.0288935 0.0150563 0.00840455 0.00706534 0.00879457 0.0122018 0.0166165 0.0216371 0.0268661 0.0318533 0.0361499 0.0393944 0.0413825 0.042095 0.0416724 0.0403525 0.0383935 0.0360124 0.0333561 0.0305057 0.0275036 0.0243856 0.0212042
 1.06424e-16 1.88421e-05 0.00011055 0.000525427 0.00202279 0.00630777 0.0159332 0.0326034 0.0540512 0.072612 0.0790761 0.0698933 0.0503431 0.0300094 0.0157422 0.0089491 0.00769522 0.00965485 0.013375 0.0181336 0.0234719 0.028924 0.0339687 0.0380971 0.040916 0.042229 0.0420679 0.0406595 0.0383467 0.0354916 0.032396 0.0292598 0.0261819 0.0231902 0.0202826 0.0174602
 1.06063e-16 1.72513e-05 0.000101208 0.000481004 0.00185174 0.00577434 0.0145858 0.0298469 0.0494832 0.0664811 0.0724145 0.064041 0.0462055 0.0276993 0.0148168 0.00887549 0.00813334 0.0104833 0.0146007 0.0198037 0.0256214 0.0315475 0.0370076 0.0414396 0.044408 0.0456948 0.0453347 0.0435802 0.0408158 0.0374524 0.0338383 0.0302121 0.0267005 0.0233485 0.0201615 0.0171408
 1.06579e-16 1.64009e-05 9.6216e-05 0.000457276 0.00176038 0.00548945 0.0138662 0.0283744 0.0470423 0.0632028 0.0688465 0.0608923 0.0439488 0.0263767 0.0141654 0.00857435 0.00795614 0.0103168 0.0144055 0.0195803 0.0253953 0.0313663 0.0369379 0.041561 0.0448023 0.0464314 0.0464569 0.0450942 0.0426861 0.039605 0.0361705 0.0326068 0.0290419 0.0255358 0.0221189 0.0188217
 1.07081e-16 1.65196e-05 9.69138e-05 0.000460596 0.00177317 0.00552934 0.0139669 0.0285804 0.0473834 0.0636596 0.0693401 0.0613196 0.0442369 0.0265092 0.0141633 0.00846088 0.00773596 0.00997621 0.013923 0.0189389 0.024593 0.0304231 0.0358996 0.0404973 0.0437989 0.0455786 0.0458355 0.0447633 0.0426752 0.0399113 0.0367621 0.0334297 0.0300289 0.0266156 0.0232237 0.0198932
 1.07361e-16 1.56682e-05 9.19139e-05 0.000436823 0.00168163 0.00524387 0.0132459 0.0271052 0.0449387 0.0603784 0.0657745 0.0581864 0.04202 0.0252677 0.0136585 0.00840467 0.00794237 0.0103749 0.0145109 0.0197339 0.0256063 0.0316458 0.0372981 0.0420146 0.045363 0.047114 0.0472764 0.0460637 0.0438144 0.0408925 0.0376063 0.0341667 0.0306888 0.0272219 0.0237904 0.0204249
 1.06263e-16 2.08118e-05 0.000122118 0.000580435 0.0022346 0.00696831 0.0176016 0.0360166 0.0597072 0.0802021 0.0873208 0.0771303 0.0554462 0.0328318 0.0168215 0.00893107 0.00698497 0.00838766 0.0115335 0.0156621 0.020348 0.0251961 0.0297694 0.0336361 0.0364521 0.038029 0.0383612 0.0376012 0.0359989 0.0338254 0.0313117 0.0286178 0.0258344 0.0230064 0.0201639 0.0173446
 1.04816e-16 2.05781e-05 0.000120741 0.000573871 0.00220931 0.0068894 0.0174024 0.0356095 0.0590341 0.0793038 0.0863579 0.0763156 0.0549386 0.0326874 0.0170334 0.00950041 0.00795976 0.00985552 0.0135877 0.0183606 0.0236744 0.0290316 0.0338825 0.0376981 0.0400783 0.0408387 0.0400429 0.0379661 0.0350093 0.0315935 0.0280706 0.0246752 0.0215212 0.0186318 0.0159831 0.0135422
 1.03928e-16 2.23249e-05 0.000130998 0.00062264 0.00239709 0.00747501 0.0188815 0.0386357 0.0640495 0.0860361 0.0936757 0.0827506 0.0595019 0.0352637 0.0181214 0.00970309 0.00767401 0.00924247 0.0126691 0.0171099 0.0220684 0.027074 0.0316122 0.0351865 0.0374183 0.0381278 0.0373655 0.0353801 0.032541 0.0292415 0.0258167 0.0224979 0.0194076 0.0165843 0.0140204 0.0116949
 1.03143e-16 2.45305e-05 0.000143949 0.000684215 0.00263418 0.00821436 0.020749 0.0424566 0.070382 0.0945374 0.102918 0.0908835 0.0652803 0.0385482 0.0195506 0.0100503 0.00745395 0.00867184 0.0117841 0.0158762 0.0204418 0.0250274 0.029147 0.0323357 0.0342426 0.0347073 0.0337888 0.0317346 0.0289063 0.0256867 0.0224012 0.0192726 0.0164164 0.0138638 0.0115979 0.00958651
 1.03271e-16 2.06985e-05 0.000121445 0.00057721 0.00222215 0.00692946 0.0175036 0.0358168 0.0593787 0.0797693 0.0868717 0.076786 0.0553127 0.0329811 0.017316 0.00986181 0.0084878 0.010628 0.0146675 0.0197855 0.0254422 0.0310859 0.0361061 0.0399178 0.042084 0.0424121 0.0409905 0.0381492 0.0343634 0.0301347 0.025888 0.0219139 0.0183601 0.0152609 0.0125833 0.0102704
 1.03939e-16 2.08759e-05 0.000122489 0.000582186 0.00224132 0.00698925 0.0176545 0.0361254 0.0598891 0.0804511 0.0876042 0.0774097 0.0557104 0.0331153 0.0171994 0.00950399 0.00786553 0.00968963 0.0133563 0.0180676 0.0233318 0.0286633 0.0335236 0.0373884 0.0398535 0.0407192 0.0400245 0.038016 0.0350688 0.0315875 0.0279224 0.0243216 0.0209258 0.017792 0.0149298 0.0123336
 1.04582e-16 1.89664e-05 0.000111277 0.000528874 0.00203605 0.00634911 0.0160376 0.0328173 0.0544068 0.0730922 0.0796059 0.0703775 0.0507267 0.0303077 0.0160256 0.0093088 0.00822022 0.0104242 0.0144537 0.0195625 0.0252535 0.0310079 0.0362438 0.0403956 0.0430299 0.0439372 0.0431681 0.0409978 0.0378383 0.0341295 0.0302473 0.0264525 0.0228857 0.0195955 0.0165804 0.0138257
 1.04122e-16 2.39512e-05 0.00014055 0.000668064 0.002572 0.00802046 0.0202592 0.0414543 0.0687199 0.0923033 0.100482 0.0887229 0.0637081 0.0375795 0.018986 0.00964346 0.00701632 0.00808892 0.0109958 0.0148635 0.0192273 0.0236817 0.0277905 0.0311291 0.0333673 0.0343361 0.0340557 0.0327097 0.0305834 0.0279845 0.0251783 0.0223515 0.0196096 0.0169979 0.0145311 0.0122177
 1.03131e-16 2.44622e-05 0.000143547 0.000682302 0.00262681 0.00819138 0.020691 0.042338 0.0701855 0.0942743 0.102634 0.0906378 0.0651153 0.0384736 0.0195546 0.0101198 0.00758622 0.00887378 0.0120659 0.0162436 0.0208902 0.0255378 0.0296851 0.032855 0.0346911 0.0350367 0.0339636 0.0317396 0.0287492 0.025396 0.0220197 0.0188494 0.0159979 0.013487 0.0112871 0.0093523
 1.03254e-16 2.09509e-05 0.000122927 0.000584259 0.00224929 0.00701409 0.0177173 0.0362542 0.0601034 0.0807419 0.087928 0.0777131 0.0559664 0.0333423 0.0174536 0.00985837 0.00839509 0.0104632 0.0144285 0.0194652 0.025038 0.0306045 0.0355652 0.0393451 0.0415131 0.0418773 0.0405211 0.0377642 0.0340698 0.0299275 0.0257534 0.0218335 0.0183149 0.0152345 0.0125641 0.0102516
 1.02729e-16 2.78062e-05 0.000163186 0.000775684 0.00298638 0.0093127 0.0235232 0.0481324 0.0797877 0.107161 0.116635 0.102935 0.0738025 0.0433107 0.0214674 0.0102231 0.00658976 0.0070307 0.00936628 0.0126025 0.0162612 0.0199718 0.0233525 0.0260368 0.0277432 0.0283332 0.0278351 0.0264223 0.0243577 0.0219244 0.0193672 0.0168594 0.0144984 0.0123231 0.0103389 0.0085409
 1.02152e-16 2.56362e-05 0.000150439 0.000715064 0.00275295 0.00858473 0.0216846 0.044371 0.0735555 0.0988 0.107559 0.0949815 0.0682238 0.0402859 0.0204299 0.0104959 0.00776972 0.00901547 0.0122166 0.0164036 0.0210312 0.025609 0.0296162 0.0325621 0.0340871 0.0340446 0.0325308 0.0298495 0.0264271 0.0227085 0.019067 0.0157531 0.0128863 0.010481 0.00848855 0.00683658
pSPR Fmed_Fpbrs
0.768887   0.255389 0.255389
Fs Fmed_Fpbrs
0.132692   1.005 1.005
SSBpbr Bo_Bmed_Bpbrs
1.83489e+06  1.31908e+06  376867 376867
Ro
76115
SPR SPRFo_SPRFmed_SPRFpbrs
1.56596e+06 1.20404e+06 399929
log_Ro
11.06
likeval ReclasPelacesDesembMPH_pf_preclas_ppelaces_ptallas_desvR_qrecl_qpela
 260.16 46.0635 0.196411 0.00133456 318.728 196.073 84.0077 0 20.1963 0 0 0 0 0 0
q_reclas_q_pelaces
1 1
M
0.7
N
 194334 45251.9 22471.4 11159 11007.6
 146357 93282.4 20996.3 10426.5 10285
 102183 70362 43416.4 9772.31 9639.74
 78401.7 47907.3 31145.3 19218 8592.63
 98994.9 38453.1 23207.1 15087.3 13472
 89730.1 48971.7 18949.7 11436.4 14074
 114542 41936.8 21541 8335.32 11221.2
 129835 54537.7 19145.4 9834.08 8928.11
 115119 58704.8 22452.7 7881.99 7724.24
 98543.3 51101.8 23294.6 8909.45 6192.7
 78745.2 44002.5 20518.4 9353.25 6063.82
 49831.2 30320.8 13137.6 6126.09 4603
 50411.7 19542.4 9390.72 4068.89 3322.93
 31919 18032.7 5035.49 2419.71 1904.65
 21882 9495.02 3213.36 897.305 770.585
 24276.5 7402.17 2188 740.474 384.342
 23652.7 10375.8 2722.9 804.86 413.766
 28306.9 10574.2 4176 1095.91 490.468
 29631.4 13140.3 4588.57 1812.14 688.392
 53171.6 13900.5 5823.32 2033.5 1108.15
 87942.8 25016.8 6196.43 2595.86 1400.45
 106543 42599 11820.5 2927.83 1888.26
 270329 51313.1 19898 5521.36 2249.6
 467227 130125 23942.5 9284.32 3625.89
pred_Ctot
 4674.24 2144.72 1065.04 528.881 521.707
 3361.52 4224.6 950.887 472.197 465.791
 4119.58 5533.22 3414.24 768.489 758.063
 695.595 845.451 549.642 339.153 151.64
 271.94 210.906 127.285 82.7501 73.8902
 3810.36 4050.91 1567.51 946.016 1164.19
 3400.38 2444.59 1255.67 485.885 654.108
 8400.38 6777.95 2379.39 1222.18 1109.59
 8840.2 8592.99 3286.55 1153.74 1130.65
 7187.46 7122.09 3246.58 1241.72 863.08
 12907.1 12990.9 6057.68 2761.38 1790.23
 7638.28 8430.37 3652.78 1703.29 1279.82
 10331.9 7018.49 3372.61 1461.31 1193.41
 9477.49 8805.24 2458.79 1181.53 930.028
 5128.43 3822.23 1293.54 361.211 310.2
 2453.57 1404.02 415.012 140.451 72.9009
 1706.72 1431.34 375.624 111.03 57.079
 1332.49 966.813 381.818 100.2 44.8442
 1182.68 1023.28 357.328 141.118 53.6075
 2015.6 1029.38 431.235 150.587 82.0618
 1554.9 875.033 216.738 90.7975 48.9847
 2313.64 1825.46 506.534 125.464 80.9162
 5972.57 2236.64 867.318 240.666 98.056
 6876 3795.38 698.335 270.798 105.757
F
 0.0339494 0.0678988 0.0678988 0.0678988 0.0678988
 0.0323963 0.0647927 0.0647927 0.0647927 0.0647927
 0.0574949 0.11499 0.11499 0.11499 0.11499
 0.0124046 0.0248092 0.0248092 0.0248092 0.0248092
 0.00382619 0.00765239 0.00765239 0.00765239 0.00765239
 0.0606428 0.121286 0.121286 0.121286 0.121286
 0.0420511 0.0841023 0.0841023 0.0841023 0.0841023
 0.0937402 0.18748 0.18748 0.18748 0.18748
 0.11215 0.2243 0.2243 0.2243 0.2243
 0.106249 0.212497 0.212497 0.212497 0.212497
 0.254383 0.508766 0.508766 0.508766 0.508766
 0.236056 0.472112 0.472112 0.472112 0.472112
 0.328037 0.656075 0.656075 0.656075 0.656075
 0.512435 1.02487 1.02487 1.02487 1.02487
 0.38389 0.767781 0.767781 0.767781 0.767781
 0.150037 0.300074 0.300074 0.300074 0.300074
 0.105059 0.210119 0.210119 0.210119 0.210119
 0.0674234 0.134847 0.134847 0.134847 0.134847
 0.0569059 0.113812 0.113812 0.113812 0.113812
 0.053977 0.107954 0.107954 0.107954 0.107954
 0.0248563 0.0497127 0.0497127 0.0497127 0.0497127
 0.0306057 0.0612114 0.0612114 0.0612114 0.0612114
 0.0311461 0.0622922 0.0622922 0.0622922 0.0622922
 0.0206509 0.0413017 0.0413017 0.0413017 0.0413017
nmprior
 10 10 8 0
nm_flota  nm_reclas  nm_pelaces    nm_pelaL
inf 10.6168 14.0197 23.7731
cv_recla  cv_pelaces  cv_mph
1.4933 0.798625 1.18524
 ------------------------------------------------
Talla a la edad & desviación 
 7.2 14.2025 17.0495 18.207 18.6776
 1.08 2.13037 2.55742 2.73105 2.80164
