years
 1997 1998 1999 2000 2001 2002 2003 2004 2005 2006 2007 2008 2009 2010 2011 2012 2013 2014 2015 2016 2017 2018 2019 2020
reclasobs
 0 0 0 370054 412103 1.49427e+06 250295 1.28982e+06 931140 785840 897777 1.04006e+06 184774 17550 25797 100020 73551 82996 120727 218422 84188 347160 605670 569463
reclaspred
 470196 135788 448643 319663 431375 506586 1.07806e+06 689963 725080 624099 481667 322095 195781 88399.2 61188.4 63371 82479.3 114226 122756 176792 254728 237858 425638 528687
pelacesobs
 0 0 0 0 0 0 0 0 0 2.06254e+06 1.5e+06 0 1.87456e+06 323000 250000 174000 83755 137374 0 501740 490994 745055 786931 1.00524e+06
pelacespred
 1.95381e+06 516880 1.00974e+06 1.12182e+06 1.27685e+06 1.2839e+06 2.94336e+06 2.44548e+06 2.22245e+06 1.95181e+06 1.35443e+06 933454 554173 204361 137862 155561 212659 301567 336260 466935 749920 688481 967906 1.41676e+06
mphobs
 0 0 0 0 0 112323 0 153150 637223 0 255016 313432 73983 77613 109348 50772 0 0 0 0 0 0 0 0
mphpred
 168061 112278 145461 191910 187635 271611 404420 459776 376842 357912 317585 219260 134958 69602.1 32392.7 28012.4 35260.1 50453.2 63580.9 74297.5 111096 131342 169793 247163
desembarqueobs
 350755 77701 442110 56441 14545 235359 269955 359681 431902 328805 639364 411747 362871 311530 167758 66681 60226 58785 57116 71774 51957 67425 138520 160799
desembarquepred
 350766 77705.1 442160 56443.1 14545.1 235400 269986 359713 431983 328868 639710 412059 363306 312055 167812 66697.8 60250.4 58788.9 57114.3 71778.3 51959.1 67422.3 138524 160804
Reclutas
 65977.5 81425.3 51754.8 74356.3 121794 91922.3 135079 122049 136362 130393 67083.9 42342.9 41694.1 23373.6 17662.5 21262.2 17843.7 19841.9 23134.3 39634.7 50039.6 68627.5 112602 120559
log_desv_Rt
 0.157069 0.367442 -0.0857281 0.276624 0.770088 0.488699 0.873616 0.772178 0.883065 0.838308 0.173699 -0.286444 -0.301885 -0.880639 -1.1608 -0.975316 -1.15059 -1.04445 -0.890927 -0.35254 -0.119429 0.196449 0.691618 0.759897
SSB
 790304 527984 684029 902457 882354 1.27725e+06 1.90178e+06 2.16209e+06 1.77209e+06 1.68308e+06 1.49344e+06 1.03107e+06 634637 327303 152326 131728 165810 237256 298989 349384 522426 617635 798452 1.16228e+06
BT
 2.72823e+06 744698 1.47575e+06 1.40241e+06 1.55082e+06 1.70575e+06 3.75772e+06 3.33729e+06 3.07782e+06 2.65912e+06 2.19781e+06 1.49227e+06 1.02175e+06 544499 310550 243382 306572 410607 450621 622271 949048 882195 1.2539e+06 1.82835e+06
Ftot
 0.379994 0.282811 0.391113 0.0730663 0.0156391 0.164009 0.103461 0.212395 0.24856 0.211677 0.462737 0.436186 0.690972 1.25453 1.22377 0.480047 0.330308 0.21852 0.182418 0.182512 0.0885434 0.113311 0.130322 0.124121
BD_Bspro_t
 0.954756 0.791843 0.765308 0.666355 0.766427 0.862336 0.83491 0.836592 0.783191 0.739147 0.694199 0.539204 0.424951 0.308176 0.189199 0.200461 0.310498 0.476165 0.589957 0.678742 0.776542 0.842533 0.852457 0.858809
BD_Bspro
 0.681243 0.455123 0.589634 0.777919 0.76059 1.10099 1.63934 1.86373 1.52755 1.45082 1.28735 0.888784 0.547058 0.282136 0.131306 0.11355 0.142929 0.204515 0.257729 0.301169 0.450332 0.532402 0.688267 1.00189
BD_Bo
 0.598064 0.399553 0.51764 0.682936 0.667723 0.966559 1.43918 1.63617 1.34104 1.27367 1.13016 0.780264 0.480263 0.247687 0.115273 0.0996856 0.125477 0.179544 0.22626 0.264397 0.395347 0.467396 0.60423 0.879559
BD_Brms
 2.09801 1.40163 1.81588 2.39574 2.34237 3.39068 5.04863 5.73967 4.70435 4.46804 3.96461 2.73716 1.68476 0.868887 0.404378 0.349697 0.440173 0.629839 0.79372 0.927502 1.38688 1.63962 2.11964 3.08549
S_f
 0.194229 1 1 1 1
 0.194229 1 1 1 1
 0.194229 1 1 1 1
 0.194229 1 1 1 1
 0.194229 1 1 1 1
 0.194229 1 1 1 1
 0.194229 1 1 1 1
 0.194229 1 1 1 1
 0.194229 1 1 1 1
 0.194229 1 1 1 1
 0.194229 1 1 1 1
 0.194229 1 1 1 1
 0.194229 1 1 1 1
 0.194229 1 1 1 1
 0.194229 1 1 1 1
 0.194229 1 1 1 1
 0.194229 1 1 1 1
 0.194229 1 1 1 1
 0.194229 1 1 1 1
 0.194229 1 1 1 1
 0.194229 1 1 1 1
 0.194229 1 1 1 1
 0.194229 1 1 1 1
 0.194229 1 1 1 1
Scru_reclas
 1 1 1 1 1
 1 1 1 1 1
 1 1 1 1 1
 1 1 1 1 1
 1 1 1 1 1
 1 1 1 1 1
 1 1 1 1 1
 1 1 1 1 1
 1 1 1 1 1
 1 1 1 1 1
 1 1 1 1 1
 1 1 1 1 1
 1 1 1 1 1
 1 1 1 1 1
 1 1 1 1 1
 1 1 1 1 1
 1 1 1 1 1
 1 1 1 1 1
 1 1 1 1 1
 1 1 1 1 1
 1 1 1 1 1
 1 1 1 1 1
 1 1 1 1 1
 1 1 1 1 1
Scru_pelaces
 0.922289 1 1 1 1
 0.922289 1 1 1 1
 0.922289 1 1 1 1
 0.922289 1 1 1 1
 0.922289 1 1 1 1
 0.922289 1 1 1 1
 0.922289 1 1 1 1
 0.922289 1 1 1 1
 0.922289 1 1 1 1
 0.922289 1 1 1 1
 0.922289 1 1 1 1
 0.922289 1 1 1 1
 0.922289 1 1 1 1
 0.922289 1 1 1 1
 0.922289 1 1 1 1
 0.922289 1 1 1 1
 0.922289 1 1 1 1
 0.922289 1 1 1 1
 0.922289 1 1 1 1
 0.922289 1 1 1 1
 0.922289 1 1 1 1
 0.922289 1 1 1 1
 0.922289 1 1 1 1
 0.922289 1 1 1 1
pf_obs 
 0.256992 0.487395 0.22802 0.0275931 0
 0.321318 0.546541 0.124235 0.00734118 0.000564706
 0.182869 0.594174 0.210203 0.0122559 0.00049798
 0.330522 0.361315 0.267642 0.0388342 0.00168674
 0.649043 0.306663 0.0425973 0.00169635 0
 0.582887 0.30429 0.105238 0.00758474 0
 0.465427 0.430635 0.0974691 0.00646863 0
 0.296916 0.608066 0.0921331 0.00288517 0
 0.311714 0.524322 0.152257 0.0117073 0
 0.15457 0.633149 0.183074 0.0267441 0.00246327
 0.131901 0.49318 0.331252 0.0422183 0.00144891
 0.196976 0.569456 0.194076 0.0375587 0.00193317
 0.518974 0.381816 0.0799577 0.0180837 0.00116848
 0.0928022 0.601141 0.25162 0.0475244 0.00691264
 0.122501 0.610282 0.24278 0.0234846 0.000952079
 0.383417 0.481906 0.127806 0.00687128 0
 0.0376549 0.599619 0.316969 0.0457579 0
 0.0361596 0.667082 0.258105 0.0386534 0
 0.158088 0.579412 0.248529 0.0139706 0
 0.0477256 0.309471 0.559284 0.082774 0.000745712
 0.0406174 0.521527 0.379366 0.0568643 0.0016247
 0.151134 0.462217 0.34131 0.0453401 0
 0.294876 0.26143 0.354403 0.0886775 0.000613685
 0.281977 0.475581 0.204845 0.0348837 0.00271318
pf_pred 
 0.379957 0.438166 0.162716 0.0191517 9.64438e-06
 0.311629 0.543866 0.102117 0.0379219 0.00446568
 0.178991 0.596381 0.177473 0.0333228 0.0138318
 0.263064 0.422832 0.228165 0.0678982 0.0180405
 0.299764 0.458746 0.13856 0.0747684 0.0281617
 0.177758 0.566857 0.16731 0.0505346 0.0375399
 0.251272 0.408315 0.234683 0.0692676 0.0364635
 0.200073 0.515342 0.155197 0.0892008 0.0401874
 0.225523 0.454342 0.206242 0.0621104 0.0517818
 0.209417 0.495643 0.173025 0.0785421 0.0433729
 0.128334 0.523356 0.218367 0.0762301 0.0537126
 0.131822 0.420901 0.268549 0.112051 0.0666773
 0.204833 0.389077 0.196876 0.125614 0.0835999
 0.19327 0.522947 0.138856 0.0702624 0.0746653
 0.277568 0.503497 0.14192 0.0376834 0.0393313
 0.355055 0.505572 0.0971356 0.0273795 0.0148578
 0.23947 0.593323 0.131073 0.0251831 0.0109503
 0.246501 0.492647 0.203503 0.0449564 0.0123933
 0.248057 0.489174 0.171802 0.0709679 0.0199997
 0.324302 0.438276 0.154454 0.0542455 0.0287225
 0.277795 0.526263 0.127093 0.0447892 0.0240594
 0.276627 0.487087 0.172179 0.0415815 0.0225255
 0.316595 0.461 0.149758 0.0529376 0.0197101
 0.24333 0.542358 0.144567 0.0469631 0.0227818
pobs_RECLAS
 0 0 0 0 0
 0 0 0 0 0
 0 0 0 0 0
 0 0 0 0 0
 0.835266 0.146461 0.0176864 0.000547809 3.91292e-05
 0.385257 0.428462 0.181853 0.0044286 0
 0.867414 0.0963971 0.0333333 0.00285562 0
 0.441836 0.489002 0.0689373 0.000224442 0
 0.779404 0.147425 0.0564933 0.0165055 0.000172143
 0.814271 0.122319 0.05973 0.00367925 0
 0.40263 0.566651 0.0304383 0.000280538 0
 0.475488 0.404961 0.113038 0.00651328 0
 0.955842 0.0263864 0.0167828 0.000988607 0
 0.975058 0.0227948 0.00214734 0 0
 0.738997 0.206755 0.0527124 0.00153531 0
 0.850938 0.134255 0.0134407 0.00136685 0
 0.542534 0.407297 0.0501686 0 0
 0.764087 0.199537 0.0359546 0.000420521 0
 0.470689 0.182191 0.310203 0.0369168 0
 0.84361 0.089868 0.0606195 0.00523954 0.000663233
 0.607945 0.314616 0.071237 0.00620181 0
 0.523733 0.453247 0.0230204 0 0
 0.530135 0.295979 0.169645 0.0042399 0
 0.562478 0.366248 0.0663022 0.0049721 0
ppred_RECLAS
 0.763559 0.167086 0.0620482 0.00730311 3.67768e-06
 0.703181 0.23451 0.044032 0.0163516 0.00192556
 0.534863 0.337875 0.100546 0.0188788 0.00783634
 0.648449 0.20171 0.108845 0.0323904 0.00860612
 0.688053 0.204366 0.0617268 0.0333084 0.0125457
 0.528917 0.324766 0.0958562 0.0289525 0.0215075
 0.634626 0.199254 0.114523 0.0338021 0.0177939
 0.565752 0.279759 0.0842501 0.0484235 0.0218162
 0.603231 0.232762 0.105659 0.0318196 0.0265281
 0.579784 0.263447 0.0919671 0.0417472 0.0230539
 0.43851 0.337123 0.140663 0.0491041 0.0345993
 0.445584 0.268786 0.171495 0.0715552 0.04258
 0.582461 0.204303 0.103379 0.0659593 0.043898
 0.58112 0.27153 0.0720984 0.0364824 0.0387686
 0.689011 0.216743 0.0610932 0.0162218 0.0169311
 0.745187 0.199748 0.0383776 0.0108174 0.00587022
 0.623108 0.29403 0.0649552 0.0124799 0.0054266
 0.630276 0.24173 0.0998538 0.022059 0.0060811
 0.6317 0.239596 0.0841481 0.0347599 0.00979582
 0.71391 0.185566 0.0653956 0.0229675 0.0121611
 0.665461 0.243775 0.058872 0.0207472 0.0111448
 0.664462 0.225936 0.0798656 0.0192876 0.0104485
 0.705991 0.198328 0.0644276 0.0227744 0.00847951
 0.624947 0.268827 0.0716564 0.0232779 0.0112921
pobs_PELACES
 0 0 0 0 0
 0 0 0 0 0
 0 0 0 0 0
 0 0 0 0 0
 0 0 0 0 0
 0 0 0 0 0
 0 0 0 0 0
 0 0 0 0 0
 0 0 0 0 0
 0 0 0 0 0
 0.450072 0.473896 0.0757376 0.000293798 0
 0 0 0 0 0
 0.463077 0.371075 0.160297 0.00555027 0
 0.529543 0.364841 0.0842815 0.0213345 0
 0.631943 0.363953 0.00410389 0 0
 0.735681 0.248677 0.0153453 0.000297389 0
 0.695825 0.281241 0.0229344 0 0
 0.275771 0.60734 0.115278 0.00161068 0
 0 0 0 0 0
 0.896147 0.0623911 0.0374545 0.00400742 0
 0.803859 0.145111 0.0509908 3.86294e-05 0
 0.739449 0.233085 0.0266225 0.000797448 4.60066e-05
 0.878498 0.100942 0.0204185 0.000141795 0
 0.694673 0.275183 0.0284847 0.00165964 0
ppred_PELACES
 0.767177 0.164529 0.0610989 0.00719137 3.62141e-06
 0.701991 0.23545 0.0442086 0.0164171 0.00193328
 0.540606 0.333704 0.0993049 0.0186457 0.00773959
 0.634312 0.209821 0.113222 0.0336929 0.0089522
 0.67135 0.215309 0.0650321 0.035092 0.0132175
 0.519618 0.331177 0.0977484 0.029524 0.0219321
 0.622161 0.206052 0.118431 0.0349553 0.018401
 0.559743 0.28363 0.0854158 0.0490936 0.022118
 0.599682 0.234844 0.106604 0.0321041 0.0267654
 0.573777 0.267214 0.0932819 0.042344 0.0233834
 0.448913 0.330877 0.138057 0.0481943 0.0339583
 0.454267 0.264577 0.168809 0.0704345 0.041913
 0.607239 0.192179 0.0972442 0.0620451 0.0412929
 0.641081 0.232662 0.0617777 0.0312601 0.033219
 0.738851 0.182007 0.0513021 0.013622 0.0142177
 0.753962 0.192869 0.037056 0.0104449 0.00566807
 0.624735 0.292761 0.0646748 0.012426 0.00540317
 0.62495 0.245212 0.101292 0.0223768 0.00616871
 0.624132 0.244519 0.0858771 0.0354741 0.00999709
 0.707254 0.189883 0.0669171 0.0235018 0.012444
 0.652574 0.253166 0.0611398 0.0215464 0.0115741
 0.653051 0.23362 0.0825818 0.0199436 0.0108038
 0.696302 0.204864 0.0665509 0.0235249 0.00875896
 0.613656 0.27692 0.0738135 0.0239787 0.0116321
pobs_pel_tallas
 0 0 0 0 0 0 0 0 0 0 0 0 0 0 0 0 0 0 0 0 0 0 0 0 0 0 0 0 0 0 0 0 0 0 0 0
 0 0 0 0 0 0 0 0 0 0 0 0 0 0 0 0 0 0 0 0 0 0 0 0 0 0 0 0 0 0 0 0 0 0 0 0
 0 0 0 0 0 0 0 0 0 0 0 0 0 0 0 0 0 0 0 0 0 0 0 0 0 0 0 0 0 0 0 0 0 0 0 0
 0 0 0 0 0 0 0 0 0 0 0 0 0 0 0 0 0 0 0 0 0 0 0 0 0 0 0 0 0 0 0 0 0 0 0 0
 0 0 0 0 0 0 0 0 0 0 0 0 0 0 0 0 0 0 0 0 0 0 0 0 0 0 0 0 0 0 0 0 0 0 0 0
 0 0 0 0 0 0 0 0 0 0 0 0 0 0 0 0 0 0 0 0 0 0 0 0 0 0 0 0 0 0 0 0 0 0 0 0
 0 0 0 0 0 0 0 0 0 0 0 0 0 0 0 0 0 0 0 0 0 0 0 0 0 0 0 0 0 0 0 0 0 0 0 0
 0 0 0 0 0 0 0 0 0 0 0 0 0 0 0 0 0 0 0 0 0 0 0 0 0 0 0 0 0 0 0 0 0 0 0 0
 0 0 0 0 0 0 0 0 0 0 0 0 0 0 0 0 0 0 0 0 0 0 0 0 0 0 0 0 0 0 0 0 0 0 0 0
 0 0 0 0 0 0 0 0 0 0 0 0 0 0 0 0 0 0 0 0 0 0 0 0 0 0 0 0 0 0 0 0 0 0 0 0
 0 0 0 0 0 0 0 0 1.78061e-05 0.00172719 0.00360574 0.0105946 0.0120993 0.0124554 0.0147524 0.0171206 0.0266825 0.0428682 0.0675386 0.121331 0.153587 0.119568 0.100827 0.0573624 0.0630603 0.0341343 0.0324427 0.0444173 0.0211091 0.0280891 0.0125444 0.00206551 0 0 0 0
 0 0 0 0 0 0 0 0 0 0 0 0 0 0 0 0 0 0 0 0 0 0 0 0 0 0 0 0 0 0 0 0 0 0 0 0
 0 0 0 0 0 0 0.0133647 0.0140871 0.0187388 0.0205184 0.03894 0.0496705 0.03968 0.0493445 0.0407372 0.0367815 0.0215668 0.0243155 0.0234873 0.0199281 0.019796 0.0243948 0.0301388 0.0376714 0.0412746 0.0863199 0.0771752 0.113111 0.0741005 0.0525337 0.0229764 0.00759418 0.00175318 0 0 0
 0 0 0 0 0 0 0 0 0 0 0.00219441 0.00772107 0.0458388 0.0604681 0.0671733 0.0775358 0.0609151 0.0617685 0.073594 0.0568108 0.0755445 0.0548602 0.0670107 0.0636378 0.0643287 0.046367 0.0373049 0.0286899 0.0247887 0.0153202 0.00654259 0.00121912 0.000365735 0 0 0
 0 0 0 0 0 0 0 0 0 0 0 0 0.000112435 0.00938835 0.0111873 0.0202946 0.0414886 0.0713402 0.111592 0.104902 0.108894 0.110636 0.117776 0.105296 0.107544 0.0401394 0.0192827 0.0124803 0.00416011 0.0028671 0.000618394 0 0 0 0 0
 0 0 0 0 0 0 0 0 0 0 0.00291406 0.0102884 0.027416 0.0768956 0.0749926 0.110853 0.0956884 0.0897413 0.0766577 0.0534642 0.0500743 0.0551293 0.0594112 0.0620874 0.0668451 0.0424026 0.0208742 0.0120726 0.0048766 0.00582813 0.00118941 0.000297354 0 0 0 0
 0 0.00264628 0.0354308 0.0461629 0.0458689 0.0383711 0.0214643 0.0164657 0.0346957 0.0420465 0.0363128 0.0245516 0.0311673 0.0291091 0.0169068 0.0133784 0.00837989 0.0085269 0.0148486 0.0160247 0.0276389 0.0546898 0.0760071 0.122758 0.109233 0.0665981 0.0333725 0.0166128 0.00676272 0.00308733 0.000882094 0 0 0 0 0
 0 0 0 0 0 0 0 0.000805153 0.000690131 0.00759144 0.0133425 0.0154129 0.00931677 0.000345066 0.00356568 0.00563607 0.00851162 0.0253048 0.0502646 0.0516448 0.0657925 0.0565908 0.0611916 0.0827007 0.0866115 0.110766 0.145733 0.0935128 0.0569358 0.0249597 0.0138026 0.00621118 0.00161031 0.00115022 0 0
 0 0 0 0 0 0 0 0 0 0 0 0 0 0 0 0 0 0 0 0 0 0 0 0 0 0 0 0 0 0 0 0 0 0 0 0
 0.00147267 0.00158595 0.00478618 0.00569244 0.00954404 0.0108468 0.00647125 0.017049 0.0510054 0.094081 0.124002 0.0959785 0.0687766 0.0820023 0.061753 0.0591476 0.0492212 0.0479892 0.0443925 0.0268479 0.0217502 0.0140895 0.0121071 0.0120363 0.00920419 0.00665534 0.0049561 0.00860946 0.00930331 0.0156896 0.0114698 0.00855282 0.00243557 0.00046729 0 2.83206e-05
 0 0 0 0 0.000772559 0.00158375 0.000888443 0.00281984 0.00712685 0.0440552 0.0773331 0.111326 0.0921469 0.0852325 0.0710754 0.0886704 0.0786465 0.0553345 0.0373146 0.0185414 0.00753245 0.00457741 0.012979 0.0271748 0.0457355 0.0583668 0.034881 0.0177882 0.00938659 0.00492506 0.0015258 0.00185414 0.000309023 5.79419e-05 3.86279e-05 0
 0 0.00173294 0.00326652 0 0.00397197 0.00683976 0.00946217 0.0152591 0.00757587 0.0136028 0.0228656 0.0392903 0.0559909 0.0764795 0.0681675 0.0726916 0.0566044 0.0477403 0.0527397 0.0444891 0.0609904 0.0582453 0.0661739 0.0445044 0.0529084 0.0360697 0.0280645 0.0235558 0.0158879 0.00826598 0.00280645 0.00217768 0.000904811 0.00058276 9.20147e-05 0
 0 0 0 0 0 0 0 0 0 0 0 0 0 0 0 0 0 0 0 0 0 0 0 0 0 0 0 0 0 0 0 0 0 0 0 0
 0 0 0 0 0 0 0 0 0 0 0 0 0 0 0 0 0 0 0 0 0 0 0 0 0 0 0 0 0 0 0 0 0 0 0 0
ppred_pel_tallas
 1.01169e-16 3.3472e-05 0.000196456 0.000933867 0.00359545 0.0112121 0.0283208 0.057948 0.0960549 0.128998 0.140373 0.123812 0.0886145 0.0516871 0.0250308 0.0109352 0.00574279 0.00514895 0.00651481 0.00867858 0.0111593 0.01366 0.0159047 0.0176347 0.018654 0.0188699 0.01831 0.0171067 0.0154577 0.0135764 0.0116487 0.00980814 0.00813091 0.00664661 0.00535574 0.00424586
 1.01359e-16 3.06324e-05 0.000179778 0.000854567 0.0032901 0.0102598 0.0259156 0.0530274 0.0879009 0.118055 0.128485 0.113374 0.0812471 0.0475981 0.0234394 0.0109023 0.00667491 0.00684112 0.0089841 0.012002 0.0153741 0.0187119 0.021628 0.0237614 0.0248479 0.0247802 0.0236291 0.0216184 0.0190625 0.0162904 0.013579 0.0111155 0.0089906 0.00721753 0.00576171 0.0045699
 1.02521e-16 2.35993e-05 0.000138479 0.000658203 0.00253401 0.00790199 0.01996 0.0408426 0.0677076 0.0909489 0.099022 0.0874671 0.0628792 0.0372367 0.0190818 0.010129 0.00790213 0.00944121 0.0128992 0.0173771 0.0223468 0.027311 0.0317308 0.0350902 0.0370017 0.0372912 0.0360308 0.0335053 0.0301295 0.0263441 0.0225268 0.0189405 0.0157251 0.0129212 0.0105091 0.00844495
 1.03252e-16 2.76804e-05 0.00016245 0.000772188 0.00297292 0.00927075 0.0234172 0.0479154 0.0794272 0.106675 0.116101 0.102451 0.0734295 0.0430389 0.0212355 0.00995257 0.00620922 0.00648276 0.00860988 0.0116189 0.0150643 0.0186161 0.0219364 0.0246951 0.0266292 0.027594 0.0275853 0.0267229 0.0252054 0.0232542 0.0210658 0.018786 0.0165076 0.0142842 0.0121495 0.0101328
 1.02817e-16 2.92955e-05 0.000171931 0.000817265 0.00314648 0.00981198 0.0247844 0.0507126 0.0840637 0.112901 0.122874 0.108421 0.077691 0.0455027 0.0223862 0.0103796 0.00631718 0.00645875 0.00850287 0.0114114 0.0147073 0.0180431 0.0210707 0.0234601 0.0249612 0.0254562 0.0249804 0.0237002 0.0218607 0.0197208 0.0174991 0.0153438 0.0133302 0.0114789 0.00978133 0.00822269
 1.03535e-16 2.2684e-05 0.000133106 0.000632659 0.00243566 0.00759528 0.0191853 0.0392574 0.0650801 0.0874207 0.0951835 0.0840833 0.0604617 0.0358354 0.01842 0.00986955 0.00781069 0.0094046 0.0128801 0.0173736 0.0223736 0.0273938 0.0319045 0.0353974 0.0374892 0.0380047 0.0370088 0.0347726 0.0316917 0.0281848 0.0246069 0.0212008 0.0180913 0.015311 0.0128403 0.010643
 1.0381e-16 2.71503e-05 0.000159338 0.000757397 0.00291598 0.00909316 0.0229687 0.0469975 0.0779058 0.104632 0.113878 0.100491 0.0720263 0.0422212 0.0208411 0.00978381 0.0061276 0.00641988 0.00854205 0.0115448 0.0149947 0.0185718 0.0219465 0.0247954 0.0268582 0.0279874 0.0281704 0.0275131 0.0261973 0.0244267 0.0223824 0.0201987 0.0179621 0.015726 0.0135287 0.0114082
 1.04026e-16 2.44317e-05 0.00014337 0.000681468 0.00262361 0.0081814 0.0206657 0.0422861 0.0700988 0.0941555 0.102499 0.0905036 0.0649871 0.0383344 0.0193673 0.00983512 0.007149 0.00822881 0.0111657 0.0150607 0.0194308 0.0238539 0.0278792 0.0310741 0.0331094 0.0338295 0.033279 0.0316735 0.0293312 0.0265878 0.0237252 0.0209329 0.0183062 0.0158696 0.0136117 0.011515
 1.03944e-16 2.61713e-05 0.000153588 0.000730053 0.00281069 0.00876481 0.0221393 0.0453008 0.0750943 0.100859 0.10978 0.0968947 0.0694926 0.0408239 0.0203147 0.00980959 0.00650677 0.00708786 0.00950951 0.0128398 0.0166265 0.0205112 0.0241196 0.0270877 0.0291302 0.0300975 0.0299991 0.0289832 0.0272833 0.0251533 0.0228123 0.020415 0.0180506 0.0157601 0.0135615 0.0114701
 1.03959e-16 2.5043e-05 0.000146961 0.00069854 0.00268934 0.0083864 0.0211835 0.0433455 0.0718542 0.0965112 0.105058 0.09275 0.0665716 0.0392117 0.0197047 0.00983365 0.00693519 0.00784558 0.0106087 0.0143134 0.0184868 0.022728 0.0266116 0.0297278 0.031762 0.0325603 0.0321554 0.0307401 0.0286047 0.0260577 0.0233607 0.0206925 0.0181469 0.0157549 0.0135155 0.0114222
 1.05311e-16 1.9601e-05 0.000115005 0.000546608 0.00210434 0.00656209 0.0165756 0.0339177 0.0562296 0.0755368 0.082257 0.0726945 0.0523384 0.0311539 0.0162606 0.00911441 0.00769438 0.00957474 0.0132423 0.0179508 0.023236 0.0286323 0.0336192 0.0376868 0.0404373 0.0416671 0.0413992 0.0398526 0.0373673 0.0343096 0.0309936 0.0276389 0.0243679 0.0212319 0.0182472 0.0154249
 1.06862e-16 1.98318e-05 0.000116366 0.000553092 0.00212933 0.00664002 0.0167723 0.0343198 0.0568944 0.076424 0.0832078 0.0734984 0.0528381 0.0312933 0.0160453 0.00854187 0.006715 0.00809938 0.0111758 0.0152333 0.0198814 0.0247571 0.0294534 0.0335589 0.0367341 0.0387738 0.0396347 0.0394157 0.0383062 0.0365224 0.0342551 0.0316451 0.0287871 0.025749 0.0225973 0.0194113
 1.05505e-16 2.6499e-05 0.000155516 0.000739228 0.00284603 0.00887504 0.0224177 0.0458701 0.0760366 0.102121 0.111143 0.0980726 0.0702832 0.0411794 0.02029 0.00946418 0.00584802 0.00607152 0.00807044 0.0109272 0.0142337 0.0176983 0.0210234 0.0239164 0.0261408 0.0275605 0.0281574 0.0280153 0.0272793 0.026107 0.0246299 0.0229359 0.0210735 0.0190703 0.0169541 0.0147671
 1.0358e-16 2.79763e-05 0.000164185 0.000780435 0.00300467 0.00936975 0.0236673 0.0484272 0.0802762 0.107817 0.117347 0.10356 0.074242 0.0435519 0.0215554 0.0102113 0.00650915 0.00688671 0.00914821 0.0122932 0.015844 0.0194354 0.0226952 0.0252708 0.0268966 0.0274508 0.0269763 0.0256562 0.0237563 0.0215537 0.019278 0.0170795 0.0150278 0.0131329 0.0113753 0.00973175
 1.01921e-16 3.22375e-05 0.000189207 0.000899401 0.00346274 0.0107982 0.0272755 0.0558093 0.0925105 0.12424 0.135201 0.119264 0.0853885 0.0498644 0.0242583 0.0107857 0.00593473 0.00556685 0.00714158 0.00953135 0.0122532 0.0149919 0.0174477 0.0193404 0.0204602 0.0207127 0.0201359 0.0188816 0.0171699 0.015233 0.0132673 0.0114065 0.00971793 0.00821762 0.00689194 0.00571805
 1.01213e-16 3.28968e-05 0.000193077 0.000917796 0.00353356 0.0110191 0.0278333 0.0569509 0.0944029 0.126782 0.137968 0.121708 0.0871435 0.0509001 0.0247818 0.0110503 0.00612158 0.00577042 0.00739904 0.00984769 0.0126108 0.0153518 0.0177502 0.01951 0.0204148 0.0203763 0.0194523 0.0178252 0.0157517 0.0134999 0.0112955 0.00929064 0.00755872 0.00610977 0.00491519 0.00393151
 1.01693e-16 2.7266e-05 0.00016001 0.000760571 0.00292817 0.00913117 0.0230648 0.0471948 0.0782351 0.105081 0.114385 0.100981 0.072472 0.0426711 0.0214116 0.0106289 0.00741412 0.00831015 0.0111707 0.0149842 0.0192142 0.0234041 0.0270765 0.0297811 0.0311864 0.0311541 0.0297671 0.0272981 0.0241339 0.0206808 0.0172834 0.0141769 0.011479 0.00921209 0.00733956 0.00580066
 1.02575e-16 2.72735e-05 0.000160058 0.00076081 0.00292911 0.00913409 0.0230721 0.0472094 0.0782581 0.105108 0.114405 0.100975 0.0724155 0.0425341 0.0211522 0.0101895 0.00672258 0.00728794 0.00974924 0.0131269 0.01694 0.020806 0.024327 0.0271197 0.0288886 0.0294868 0.0289416 0.0274318 0.0252313 0.022637 0.0199078 0.0172299 0.0147114 0.012399 0.0103034 0.00842204
 1.02985e-16 2.72378e-05 0.000159848 0.000759814 0.00292527 0.00912214 0.0230419 0.0471477 0.0781557 0.104971 0.114254 0.100841 0.0723185 0.042474 0.0211164 0.0101621 0.00669046 0.00724155 0.00968096 0.01303 0.016809 0.0206375 0.0241217 0.0268838 0.0286348 0.029235 0.0287177 0.0272656 0.0251529 0.0226727 0.0200759 0.0175369 0.0151505 0.0129503 0.0109363 0.00909937
 1.02401e-16 3.086e-05 0.000181119 0.00086095 0.00331469 0.0103365 0.0261093 0.0534233 0.088556 0.118931 0.129428 0.114182 0.0817726 0.0477989 0.0233403 0.0105265 0.00600581 0.00582555 0.00755913 0.0101263 0.0130559 0.0160295 0.018737 0.0208849 0.0222491 0.0227211 0.0223273 0.0212096 0.0195809 0.0176684 0.0156664 0.0137094 0.0118697 0.0101723 0.00861627 0.00719361
 1.02232e-16 2.84783e-05 0.00016713 0.000794433 0.00305856 0.00953779 0.0240918 0.0492959 0.0817166 0.109753 0.119458 0.10543 0.0756003 0.0443836 0.0220313 0.0105426 0.00685716 0.00734955 0.00977942 0.0131148 0.016847 0.0205739 0.0238843 0.02639 0.0278025 0.0279967 0.0270346 0.0251383 0.0226259 0.0198312 0.0170362 0.0144315 0.0121118 0.0100956 0.00835681 0.00685406
 1.02439e-16 2.84983e-05 0.00016725 0.000795004 0.00306077 0.00954468 0.0241092 0.0493313 0.0817747 0.109829 0.119537 0.10549 0.0756225 0.0443545 0.0219393 0.010371 0.00658173 0.00694168 0.00921361 0.0123784 0.0159501 0.0195565 0.0228178 0.0253717 0.0269421 0.0273977 0.0267746 0.0252546 0.0231084 0.0206261 0.0180572 0.0155765 0.0132799 0.0112013 0.00933837 0.00767652
 1.0223e-16 3.03831e-05 0.000178318 0.000847627 0.00326339 0.0101766 0.0257052 0.0525967 0.0871862 0.117093 0.127432 0.112431 0.0805406 0.0471229 0.0230924 0.0105535 0.00621393 0.00618692 0.00808293 0.01083 0.0139469 0.0170946 0.0199385 0.022162 0.023525 0.0239147 0.0233657 0.0220392 0.0201738 0.0180236 0.0158054 0.0136694 0.0116957 0.00990947 0.00830522 0.00686754
 1.02506e-16 2.67823e-05 0.000157171 0.000747079 0.00287623 0.00896919 0.0226556 0.0463575 0.0768469 0.103216 0.112353 0.0991824 0.071171 0.041885 0.0209807 0.0103565 0.00715367 0.00797738 0.0107246 0.0144123 0.0185299 0.0226491 0.026322 0.0291229 0.0307339 0.0310138 0.0300248 0.0280041 0.0252938 0.0222548 0.0191933 0.016318 0.0137352 0.01147 0.00949982 0.00778566
pSPR Fmed_Fpbrs
0.696586   0.335063 0.335063
Fs Fmed_Fpbrs
0.227387   1.005 1.005
SSBpbr Bo_Bmed_Bpbrs
1.32144e+06  854424  376693 376693
Ro
56387.3
SPR SPRFo_SPRFmed_SPRFpbrs
1.16009e+06 808104 388704
log_Ro
10.76
likeval ReclasPelacesDesembMPH_pf_preclas_ppelaces_ptallas_desvR_qrecl_qpela
 60.1405 21.7378 0.0280934 0.000232347 288.607 171.173 80.5687 0 16.1617 7.48519e-05 9.06356e-06 0 0 0 0
q_reclas_q_pelaces
0.293469 1.53467
M
0.7
N
 65977.5 16826 6248.42 735.443 0.370352
 81425.3 30432.4 5714.05 2121.95 249.88
 51754.8 38273.5 11389.6 2138.53 887.675
 74356.3 23820.6 12853.8 3825.1 1016.33
 121794 36403.9 10995.5 5933.28 2234.78
 91922.3 60297.7 17797.1 5375.47 3993.2
 135079 44216.1 25413.6 7500.94 3948.6
 122049 65743.8 19798.9 11379.6 5126.84
 136362 58158.4 26400.2 7950.48 6628.36
 130393 64523.7 22524.6 10224.7 5646.36
 67083.9 62143.1 25928.8 9051.52 6377.8
 42342.9 30449.4 19427.7 8106.12 4823.66
 41694.1 19318.8 9775.51 6237.11 4150.99
 23373.6 18104.4 4807.17 2432.47 2584.91
 17662.5 9096.95 2564.15 680.847 710.619
 21262.2 6915.42 1328.66 374.508 203.231
 17843.7 9618.51 2124.86 408.25 177.519
 19841.9 8310.3 3432.82 758.356 209.059
 23134.3 9443.74 3316.72 1370.07 386.104
 39634.7 11088.3 3907.64 1372.4 726.672
 50039.6 18996.5 4587.68 1616.76 868.473
 68627.5 24425.3 8634.03 2085.13 1129.55
 112602 33337.6 10829.9 3828.23 1425.35
 120559 54519 14532.2 4720.84 2290.08
pred_Ctot
 3390.31 3909.71 1451.89 170.889 0.0860556
 3139.81 5479.71 1028.88 382.082 44.9939
 2734.7 9111.75 2711.51 509.119 211.328
 754.146 1212.16 654.097 194.649 51.7181
 265.704 406.621 122.816 66.2729 24.9618
 2076.5 6621.83 1954.46 590.327 438.528
 1934.88 3144.17 1807.14 533.386 280.782
 3555.74 9158.74 2758.18 1585.29 714.218
 4634.86 9337.45 4238.6 1276.47 1064.2
 3786.21 8961.1 3128.24 1420.02 784.171
 4168.49 16999.5 7092.94 2476.08 1744.67
 2485.73 7936.79 5063.94 2112.9 1257.31
 3795.11 7208.74 3647.69 2327.35 1548.92
 3686.39 9974.59 2648.51 1340.17 1424.15
 2724.24 4941.65 1392.9 369.85 386.023
 1368.62 1948.81 374.426 105.539 57.2721
 800.387 1983.08 438.089 84.1702 36.5996
 594.426 1187.99 490.737 108.41 29.8859
 580.344 1144.45 401.94 166.034 46.7905
 994.776 1344.39 473.778 166.395 88.1046
 614.208 1163.57 281.005 99.0295 53.1957
 1075.71 1894.11 669.546 161.696 87.5937
 2027.02 2951.57 958.832 338.935 126.195
 2068.09 4609.56 1228.69 399.145 193.625
F
 0.0738059 0.379994 0.379994 0.379994 0.379994
 0.0549301 0.282811 0.282811 0.282811 0.282811
 0.0759656 0.391113 0.391113 0.391113 0.391113
 0.0141916 0.0730663 0.0730663 0.0730663 0.0730663
 0.00303757 0.0156391 0.0156391 0.0156391 0.0156391
 0.0318554 0.164009 0.164009 0.164009 0.164009
 0.0200951 0.103461 0.103461 0.103461 0.103461
 0.0412533 0.212395 0.212395 0.212395 0.212395
 0.0482777 0.24856 0.24856 0.24856 0.24856
 0.0411138 0.211677 0.211677 0.211677 0.211677
 0.089877 0.462737 0.462737 0.462737 0.462737
 0.08472 0.436186 0.436186 0.436186 0.436186
 0.134207 0.690972 0.690972 0.690972 0.690972
 0.243666 1.25453 1.25453 1.25453 1.25453
 0.237692 1.22377 1.22377 1.22377 1.22377
 0.0932392 0.480047 0.480047 0.480047 0.480047
 0.0641554 0.330308 0.330308 0.330308 0.330308
 0.0424429 0.21852 0.21852 0.21852 0.21852
 0.0354309 0.182418 0.182418 0.182418 0.182418
 0.0354492 0.182512 0.182512 0.182512 0.182512
 0.0171977 0.0885434 0.0885434 0.0885434 0.0885434
 0.0220082 0.113311 0.113311 0.113311 0.113311
 0.0253123 0.130322 0.130322 0.130322 0.130322
 0.0241079 0.124121 0.124121 0.124121 0.124121
nmprior
 10 10 8 0
nm_flota  nm_reclas  nm_pelaces    nm_pelaL
inf 14.2071 18.561 33.2905
cv_recla  cv_pelaces  cv_mph
0.717976 0.548621 0.494546
 ------------------------------------------------
Talla a la edad & desviación 
 7.2 14.2025 17.0495 18.207 18.6776
 1.08 2.13037 2.55742 2.73105 2.80164
