years
 1997 1998 1999 2000 2001 2002 2003 2004 2005 2006 2007 2008 2009 2010 2011 2012 2013 2014 2015 2016 2017 2018 2019 2020
reclasobs
 0 0 0 370054 412103 1.49427e+06 250295 1.28982e+06 931140 785840 897777 1.04006e+06 184774 17550 25797 100020 73551 82996 120727 218422 84188 347160 605670 569463
reclaspred
 471028 141095 496843 353844 448708 524842 1.09464e+06 677494 682677 550712 416673 279317 170736 84869.9 64589.1 68090.9 87396.6 121588 129897 184239 262087 244194 439914 553106
pelacesobs
 0 0 0 0 0 0 0 0 0 2.06254e+06 1.5e+06 0 1.87456e+06 323000 250000 174000 83755 137374 0 501740 490994 745055 786931 1.00524e+06
pelacespred
 1.95479e+06 562123 1.11815e+06 1.25362e+06 1.33186e+06 1.34993e+06 2.95382e+06 2.46189e+06 2.11593e+06 1.76079e+06 1.21118e+06 832842 505032 217767 159431 176406 233415 325302 363684 494441 771845 712726 1.00651e+06 1.48936e+06
mphobs
 0 0 0 0 0 112323 0 153150 637223 0 255016 313432 73983 77613 109348 50772 0 0 0 0 0 0 0 0
mphpred
 1.1637e+06 836218 1.11938e+06 1.57875e+06 1.46009e+06 2.00479e+06 2.99322e+06 3.33372e+06 2.66037e+06 2.40998e+06 2.00724e+06 1.39235e+06 866522 465026 249809 226656 275599 389752 489225 565953 829006 966976 1.25302e+06 1.8404e+06
desembarqueobs
 350755 77701 442110 56441 14545 235359 269955 359681 431902 328805 639364 411747 362871 311530 167758 66681 60226 58785 57116 71774 51957 67425 138520 160799
desembarquepred
 350765 77704.5 442153 56442.5 14545.1 235388 269978 359715 431982 328877 639814 412128 363403 312184 167883 66700.3 60245.3 58789.8 57116.4 71778.2 51958.7 67423.9 138524 160803
Reclutas
 97788.9 121709 80075.3 111672 179429 135326 192393 160261 165028 142348 70983.6 42713.8 42362.2 25692.3 21584.9 29128.6 26078.8 29234.2 33926.4 58655.1 74710 102270 170599 186176
log_desv_Rt
 0.250567 0.469387 0.0507225 0.383322 0.857537 0.575442 0.927293 0.744559 0.773872 0.626031 -0.0697959 -0.577722 -0.585989 -1.08605 -1.26025 -0.960526 -1.07112 -0.956906 -0.808051 -0.26057 -0.0186307 0.295368 0.80707 0.894447
SSB
 1.1637e+06 836218 1.11938e+06 1.57875e+06 1.46009e+06 2.00479e+06 2.99322e+06 3.33372e+06 2.66037e+06 2.40998e+06 2.00724e+06 1.39235e+06 866522 465026 249809 226656 275599 389752 489225 565953 829006 966976 1.25302e+06 1.8404e+06
BT
 4.01271e+06 1.1515e+06 2.32515e+06 2.35037e+06 2.4628e+06 2.63221e+06 5.65647e+06 4.9094e+06 4.2851e+06 3.53784e+06 2.79394e+06 1.89735e+06 1.28206e+06 701932 440258 380744 480827 645534 713055 970290 1.46791e+06 1.36057e+06 1.93868e+06 2.86042e+06
Ftot
 0.24562 0.17274 0.228064 0.0414455 0.00943686 0.103138 0.0648245 0.13586 0.162735 0.147133 0.339874 0.318602 0.490977 0.832053 0.698503 0.271532 0.195899 0.129941 0.110276 0.111133 0.0552124 0.0714071 0.0819065 0.077161
BD_Bspro_t
 0.970404 0.85749 0.842504 0.776247 0.844079 0.908065 0.88875 0.888291 0.845043 0.80337 0.756198 0.616749 0.508588 0.397283 0.284307 0.310809 0.440747 0.611827 0.711529 0.779761 0.849217 0.894895 0.901374 0.906132
BD_Bspro
 0.743123 0.533997 0.71482 1.00817 0.932391 1.28023 1.91143 2.12887 1.69888 1.53898 1.2818 0.889137 0.553349 0.296959 0.159525 0.144739 0.175994 0.24889 0.312413 0.36141 0.529392 0.617498 0.800162 1.17525
BD_Bo
 0.653554 0.469634 0.628662 0.886652 0.820009 1.12593 1.68104 1.87227 1.49411 1.35348 1.1273 0.781968 0.486653 0.261167 0.140297 0.127294 0.154781 0.218891 0.274757 0.317849 0.465584 0.54307 0.703718 1.0336
BD_Brms
 2.34874 1.68777 2.25929 3.18645 2.94695 4.04635 6.04133 6.72857 5.36953 4.86415 4.0513 2.81024 1.74894 0.938581 0.5042 0.457469 0.556252 0.786651 0.987423 1.14229 1.67322 1.95169 2.52902 3.71455
S_f
 0.217039 1 1 1 1
 0.217039 1 1 1 1
 0.217039 1 1 1 1
 0.217039 1 1 1 1
 0.217039 1 1 1 1
 0.217039 1 1 1 1
 0.217039 1 1 1 1
 0.217039 1 1 1 1
 0.217039 1 1 1 1
 0.217039 1 1 1 1
 0.217039 1 1 1 1
 0.217039 1 1 1 1
 0.217039 1 1 1 1
 0.217039 1 1 1 1
 0.217039 1 1 1 1
 0.217039 1 1 1 1
 0.217039 1 1 1 1
 0.217039 1 1 1 1
 0.217039 1 1 1 1
 0.217039 1 1 1 1
 0.217039 1 1 1 1
 0.217039 1 1 1 1
 0.217039 1 1 1 1
 0.217039 1 1 1 1
Scru_reclas
 1 1 1 1 1
 1 1 1 1 1
 1 1 1 1 1
 1 1 1 1 1
 1 1 1 1 1
 1 1 1 1 1
 1 1 1 1 1
 1 1 1 1 1
 1 1 1 1 1
 1 1 1 1 1
 1 1 1 1 1
 1 1 1 1 1
 1 1 1 1 1
 1 1 1 1 1
 1 1 1 1 1
 1 1 1 1 1
 1 1 1 1 1
 1 1 1 1 1
 1 1 1 1 1
 1 1 1 1 1
 1 1 1 1 1
 1 1 1 1 1
 1 1 1 1 1
 1 1 1 1 1
Scru_pelaces
 0.928099 1 1 1 1
 0.928099 1 1 1 1
 0.928099 1 1 1 1
 0.928099 1 1 1 1
 0.928099 1 1 1 1
 0.928099 1 1 1 1
 0.928099 1 1 1 1
 0.928099 1 1 1 1
 0.928099 1 1 1 1
 0.928099 1 1 1 1
 0.928099 1 1 1 1
 0.928099 1 1 1 1
 0.928099 1 1 1 1
 0.928099 1 1 1 1
 0.928099 1 1 1 1
 0.928099 1 1 1 1
 0.928099 1 1 1 1
 0.928099 1 1 1 1
 0.928099 1 1 1 1
 0.928099 1 1 1 1
 0.928099 1 1 1 1
 0.928099 1 1 1 1
 0.928099 1 1 1 1
 0.928099 1 1 1 1
pf_obs 
 0.256992 0.487395 0.22802 0.0275931 0
 0.321318 0.546541 0.124235 0.00734118 0.000564706
 0.182869 0.594174 0.210203 0.0122559 0.00049798
 0.330522 0.361315 0.267642 0.0388342 0.00168674
 0.649043 0.306663 0.0425973 0.00169635 0
 0.582887 0.30429 0.105238 0.00758474 0
 0.465427 0.430635 0.0974691 0.00646863 0
 0.296916 0.608066 0.0921331 0.00288517 0
 0.311714 0.524322 0.152257 0.0117073 0
 0.15457 0.633149 0.183074 0.0267441 0.00246327
 0.131901 0.49318 0.331252 0.0422183 0.00144891
 0.196976 0.569456 0.194076 0.0375587 0.00193317
 0.518974 0.381816 0.0799577 0.0180837 0.00116848
 0.0928022 0.601141 0.25162 0.0475244 0.00691264
 0.122501 0.610282 0.24278 0.0234846 0.000952079
 0.383417 0.481906 0.127806 0.00687128 0
 0.0376549 0.599619 0.316969 0.0457579 0
 0.0361596 0.667082 0.258105 0.0386534 0
 0.158088 0.579412 0.248529 0.0139706 0
 0.0477256 0.309471 0.559284 0.082774 0.000745712
 0.0406174 0.521527 0.379366 0.0568643 0.0016247
 0.151134 0.462217 0.34131 0.0453401 0
 0.294876 0.26143 0.354403 0.0886775 0.000613685
 0.281977 0.475581 0.204845 0.0348837 0.00271318
pf_pred 
 0.402979 0.421568 0.156928 0.0185163 8.73879e-06
 0.320794 0.527265 0.107288 0.0399378 0.00471458
 0.184443 0.572063 0.189023 0.0384624 0.0160078
 0.25815 0.397359 0.24164 0.0798436 0.0230082
 0.30598 0.430405 0.1412 0.0858659 0.0365481
 0.186733 0.545723 0.165921 0.0544327 0.0471906
 0.254505 0.391696 0.237408 0.0721813 0.0442095
 0.192919 0.498845 0.161953 0.0981599 0.0481236
 0.208914 0.426447 0.225378 0.0731703 0.0660909
 0.188762 0.459708 0.189498 0.10015 0.0618826
 0.118531 0.470375 0.232957 0.0960277 0.0821098
 0.116631 0.370354 0.273758 0.135581 0.103676
 0.183656 0.336673 0.201103 0.148651 0.129917
 0.177838 0.464136 0.147655 0.0881982 0.122172
 0.246646 0.448523 0.172087 0.0547457 0.0779985
 0.336933 0.448127 0.127969 0.0490982 0.0378734
 0.243452 0.548908 0.140331 0.0400734 0.0272352
 0.248253 0.464547 0.208376 0.0532724 0.0255517
 0.250549 0.462465 0.177345 0.0795495 0.0300918
 0.331878 0.41283 0.157533 0.0604105 0.0373481
 0.29101 0.500688 0.128709 0.0491146 0.0304784
 0.290424 0.468023 0.170584 0.0438512 0.0271173
 0.334685 0.439473 0.148961 0.0542931 0.0225876
 0.260378 0.522267 0.143574 0.0486649 0.0251166
pobs_RECLAS
 0 0 0 0 0
 0 0 0 0 0
 0 0 0 0 0
 0 0 0 0 0
 0.835266 0.146461 0.0176864 0.000547809 3.91292e-05
 0.385257 0.428462 0.181853 0.0044286 0
 0.867414 0.0963971 0.0333333 0.00285562 0
 0.441836 0.489002 0.0689373 0.000224442 0
 0.779404 0.147425 0.0564933 0.0165055 0.000172143
 0.814271 0.122319 0.05973 0.00367925 0
 0.40263 0.566651 0.0304383 0.000280538 0
 0.475488 0.404961 0.113038 0.00651328 0
 0.955842 0.0263864 0.0167828 0.000988607 0
 0.975058 0.0227948 0.00214734 0 0
 0.738997 0.206755 0.0527124 0.00153531 0
 0.850938 0.134255 0.0134407 0.00136685 0
 0.542534 0.407297 0.0501686 0 0
 0.764087 0.199537 0.0359546 0.000420521 0
 0.470689 0.182191 0.310203 0.0369168 0
 0.84361 0.089868 0.0606195 0.00523954 0.000663233
 0.607945 0.314616 0.071237 0.00620181 0
 0.523733 0.453247 0.0230204 0 0
 0.530135 0.295979 0.169645 0.0042399 0
 0.562478 0.366248 0.0663022 0.0049721 0
ppred_RECLAS
 0.759157 0.170064 0.0633062 0.00746964 3.5253e-06
 0.687087 0.242914 0.049428 0.0183996 0.00217203
 0.513369 0.341342 0.112788 0.02295 0.00955162
 0.616334 0.205504 0.12497 0.0412931 0.0118993
 0.670209 0.204524 0.0670969 0.0408026 0.0173673
 0.515341 0.325219 0.0988792 0.0324387 0.0281228
 0.612077 0.203822 0.123537 0.03756 0.0230047
 0.525825 0.29308 0.0951502 0.0576707 0.0282735
 0.55097 0.242057 0.127927 0.0415324 0.037514
 0.519267 0.272419 0.112295 0.0593479 0.0366711
 0.387247 0.326981 0.16194 0.0667536 0.0570786
 0.382555 0.258865 0.191348 0.0947663 0.072466
 0.516835 0.199265 0.119026 0.0879814 0.0768932
 0.515113 0.273734 0.0870827 0.0520167 0.0720536
 0.613314 0.23022 0.0883296 0.0281002 0.0400355
 0.703877 0.200132 0.0571503 0.0219271 0.0169141
 0.599694 0.290439 0.0742522 0.0212037 0.0144107
 0.604982 0.244104 0.109495 0.0279929 0.0134266
 0.607653 0.242106 0.0928422 0.0416452 0.0157534
 0.697092 0.187166 0.0714213 0.0273885 0.0169326
 0.654712 0.243842 0.0626832 0.0239195 0.0148434
 0.654253 0.228048 0.0831187 0.0213669 0.0132131
 0.699429 0.198542 0.0672965 0.0245281 0.0102045
 0.619494 0.268686 0.073863 0.0250362 0.0129215
pobs_PELACES
 0 0 0 0 0
 0 0 0 0 0
 0 0 0 0 0
 0 0 0 0 0
 0 0 0 0 0
 0 0 0 0 0
 0 0 0 0 0
 0 0 0 0 0
 0 0 0 0 0
 0 0 0 0 0
 0.450072 0.473896 0.0757376 0.000293798 0
 0 0 0 0 0
 0.463077 0.371075 0.160297 0.00555027 0
 0.529543 0.364841 0.0842815 0.0213345 0
 0.631943 0.363953 0.00410389 0 0
 0.735681 0.248677 0.0153453 0.000297389 0
 0.695825 0.281241 0.0229344 0 0
 0.275771 0.60734 0.115278 0.00161068 0
 0 0 0 0 0
 0.896147 0.0623911 0.0374545 0.00400742 0
 0.803859 0.145111 0.0509908 3.86294e-05 0
 0.739449 0.233085 0.0266225 0.000797448 4.60066e-05
 0.878498 0.100942 0.0204185 0.000141795 0
 0.694673 0.275183 0.0284847 0.00165964 0
ppred_PELACES
 0.757111 0.171508 0.0638438 0.00753308 3.55524e-06
 0.680604 0.247946 0.050452 0.0187807 0.00221703
 0.509448 0.344092 0.113696 0.0231349 0.00962857
 0.601113 0.213656 0.129928 0.0429312 0.0123713
 0.654064 0.214537 0.0703816 0.0428001 0.0182175
 0.503353 0.333263 0.101325 0.033241 0.0288184
 0.598251 0.211086 0.12794 0.0388987 0.0238246
 0.515964 0.299175 0.0971289 0.0588701 0.0288614
 0.542899 0.246407 0.130227 0.0422788 0.0381883
 0.510125 0.2776 0.11443 0.0604766 0.0373685
 0.390383 0.325307 0.161111 0.066412 0.0567865
 0.384376 0.258102 0.190783 0.0944868 0.0722523
 0.529866 0.19389 0.115816 0.0856086 0.0748195
 0.550041 0.254016 0.0808098 0.0482698 0.0668633
 0.6381 0.215464 0.0826679 0.0262991 0.0374694
 0.702946 0.200761 0.0573299 0.021996 0.0169673
 0.593919 0.294629 0.0753235 0.0215096 0.0146186
 0.595132 0.25019 0.112225 0.0286909 0.0137613
 0.596604 0.248924 0.0954569 0.042818 0.0161971
 0.687312 0.193209 0.0737271 0.0282727 0.0174793
 0.640944 0.253565 0.0651825 0.0248732 0.0154353
 0.64144 0.2365 0.0861989 0.0221587 0.0137028
 0.688073 0.206043 0.0698391 0.0254548 0.01059
 0.606523 0.277845 0.0763809 0.0258896 0.013362
pobs_pel_tallas
 0 0 0 0 0 0 0 0 0 0 0 0 0 0 0 0 0 0 0 0 0 0 0 0 0 0 0 0 0 0 0 0 0 0 0 0
 0 0 0 0 0 0 0 0 0 0 0 0 0 0 0 0 0 0 0 0 0 0 0 0 0 0 0 0 0 0 0 0 0 0 0 0
 0 0 0 0 0 0 0 0 0 0 0 0 0 0 0 0 0 0 0 0 0 0 0 0 0 0 0 0 0 0 0 0 0 0 0 0
 0 0 0 0 0 0 0 0 0 0 0 0 0 0 0 0 0 0 0 0 0 0 0 0 0 0 0 0 0 0 0 0 0 0 0 0
 0 0 0 0 0 0 0 0 0 0 0 0 0 0 0 0 0 0 0 0 0 0 0 0 0 0 0 0 0 0 0 0 0 0 0 0
 0 0 0 0 0 0 0 0 0 0 0 0 0 0 0 0 0 0 0 0 0 0 0 0 0 0 0 0 0 0 0 0 0 0 0 0
 0 0 0 0 0 0 0 0 0 0 0 0 0 0 0 0 0 0 0 0 0 0 0 0 0 0 0 0 0 0 0 0 0 0 0 0
 0 0 0 0 0 0 0 0 0 0 0 0 0 0 0 0 0 0 0 0 0 0 0 0 0 0 0 0 0 0 0 0 0 0 0 0
 0 0 0 0 0 0 0 0 0 0 0 0 0 0 0 0 0 0 0 0 0 0 0 0 0 0 0 0 0 0 0 0 0 0 0 0
 0 0 0 0 0 0 0 0 0 0 0 0 0 0 0 0 0 0 0 0 0 0 0 0 0 0 0 0 0 0 0 0 0 0 0 0
 0 0 0 0 0 0 0 0 1.78061e-05 0.00172719 0.00360574 0.0105946 0.0120993 0.0124554 0.0147524 0.0171206 0.0266825 0.0428682 0.0675386 0.121331 0.153587 0.119568 0.100827 0.0573624 0.0630603 0.0341343 0.0324427 0.0444173 0.0211091 0.0280891 0.0125444 0.00206551 0 0 0 0
 0 0 0 0 0 0 0 0 0 0 0 0 0 0 0 0 0 0 0 0 0 0 0 0 0 0 0 0 0 0 0 0 0 0 0 0
 0 0 0 0 0 0 0.0133647 0.0140871 0.0187388 0.0205184 0.03894 0.0496705 0.03968 0.0493445 0.0407372 0.0367815 0.0215668 0.0243155 0.0234873 0.0199281 0.019796 0.0243948 0.0301388 0.0376714 0.0412746 0.0863199 0.0771752 0.113111 0.0741005 0.0525337 0.0229764 0.00759418 0.00175318 0 0 0
 0 0 0 0 0 0 0 0 0 0 0.00219441 0.00772107 0.0458388 0.0604681 0.0671733 0.0775358 0.0609151 0.0617685 0.073594 0.0568108 0.0755445 0.0548602 0.0670107 0.0636378 0.0643287 0.046367 0.0373049 0.0286899 0.0247887 0.0153202 0.00654259 0.00121912 0.000365735 0 0 0
 0 0 0 0 0 0 0 0 0 0 0 0 0.000112435 0.00938835 0.0111873 0.0202946 0.0414886 0.0713402 0.111592 0.104902 0.108894 0.110636 0.117776 0.105296 0.107544 0.0401394 0.0192827 0.0124803 0.00416011 0.0028671 0.000618394 0 0 0 0 0
 0 0 0 0 0 0 0 0 0 0 0.00291406 0.0102884 0.027416 0.0768956 0.0749926 0.110853 0.0956884 0.0897413 0.0766577 0.0534642 0.0500743 0.0551293 0.0594112 0.0620874 0.0668451 0.0424026 0.0208742 0.0120726 0.0048766 0.00582813 0.00118941 0.000297354 0 0 0 0
 0 0.00264628 0.0354308 0.0461629 0.0458689 0.0383711 0.0214643 0.0164657 0.0346957 0.0420465 0.0363128 0.0245516 0.0311673 0.0291091 0.0169068 0.0133784 0.00837989 0.0085269 0.0148486 0.0160247 0.0276389 0.0546898 0.0760071 0.122758 0.109233 0.0665981 0.0333725 0.0166128 0.00676272 0.00308733 0.000882094 0 0 0 0 0
 0 0 0 0 0 0 0 0.000805153 0.000690131 0.00759144 0.0133425 0.0154129 0.00931677 0.000345066 0.00356568 0.00563607 0.00851162 0.0253048 0.0502646 0.0516448 0.0657925 0.0565908 0.0611916 0.0827007 0.0866115 0.110766 0.145733 0.0935128 0.0569358 0.0249597 0.0138026 0.00621118 0.00161031 0.00115022 0 0
 0 0 0 0 0 0 0 0 0 0 0 0 0 0 0 0 0 0 0 0 0 0 0 0 0 0 0 0 0 0 0 0 0 0 0 0
 0.00147267 0.00158595 0.00478618 0.00569244 0.00954404 0.0108468 0.00647125 0.017049 0.0510054 0.094081 0.124002 0.0959785 0.0687766 0.0820023 0.061753 0.0591476 0.0492212 0.0479892 0.0443925 0.0268479 0.0217502 0.0140895 0.0121071 0.0120363 0.00920419 0.00665534 0.0049561 0.00860946 0.00930331 0.0156896 0.0114698 0.00855282 0.00243557 0.00046729 0 2.83206e-05
 0 0 0 0 0.000772559 0.00158375 0.000888443 0.00281984 0.00712685 0.0440552 0.0773331 0.111326 0.0921469 0.0852325 0.0710754 0.0886704 0.0786465 0.0553345 0.0373146 0.0185414 0.00753245 0.00457741 0.012979 0.0271748 0.0457355 0.0583668 0.034881 0.0177882 0.00938659 0.00492506 0.0015258 0.00185414 0.000309023 5.79419e-05 3.86279e-05 0
 0 0.00173294 0.00326652 0 0.00397197 0.00683976 0.00946217 0.0152591 0.00757587 0.0136028 0.0228656 0.0392903 0.0559909 0.0764795 0.0681675 0.0726916 0.0566044 0.0477403 0.0527397 0.0444891 0.0609904 0.0582453 0.0661739 0.0445044 0.0529084 0.0360697 0.0280645 0.0235558 0.0158879 0.00826598 0.00280645 0.00217768 0.000904811 0.00058276 9.20147e-05 0
 0 0 0 0 0 0 0 0 0 0 0 0 0 0 0 0 0 0 0 0 0 0 0 0 0 0 0 0 0 0 0 0 0 0 0 0
 0 0 0 0 0 0 0 0 0 0 0 0 0 0 0 0 0 0 0 0 0 0 0 0 0 0 0 0 0 0 0 0 0 0 0 0
ppred_pel_tallas
 1.01222e-16 3.30333e-05 0.00019388 0.000921619 0.00354829 0.011065 0.0279493 0.057188 0.0947955 0.127308 0.138535 0.122197 0.0874703 0.0510436 0.0247638 0.0108949 0.00583177 0.0053295 0.00678457 0.00904727 0.0116352 0.0142433 0.0165845 0.0183896 0.019454 0.019681 0.0190994 0.0178467 0.0161292 0.0141689 0.0121598 0.0102408 0.00849159 0.00694298 0.00559567 0.00443682
 1.01546e-16 2.97003e-05 0.000174305 0.000828544 0.0031899 0.00994736 0.0251264 0.0514126 0.0852248 0.114463 0.12458 0.10994 0.0788119 0.046223 0.0228584 0.010794 0.00682829 0.0071718 0.00948324 0.0126879 0.0162647 0.0198117 0.0229225 0.0252165 0.0264142 0.0263998 0.0252444 0.0231791 0.0205306 0.017641 0.0147994 0.0122014 0.00994319 0.0080409 0.00646162 0.00515354
 1.02971e-16 2.22412e-05 0.000130504 0.000620288 0.00238803 0.00744674 0.0188101 0.0384899 0.0638083 0.0857141 0.0933302 0.0824578 0.0593181 0.0352084 0.0181913 0.00989788 0.00801057 0.00975294 0.0133896 0.0180666 0.0232641 0.0284776 0.0331536 0.0367592 0.0388906 0.0393605 0.0382325 0.0357875 0.0324393 0.0286304 0.0247412 0.0210386 0.0176679 0.014677 0.0120556 0.00977079
 1.03968e-16 2.62329e-05 0.000153951 0.000731785 0.00281736 0.00878564 0.0221919 0.0454083 0.0752719 0.101096 0.110034 0.0971075 0.0696221 0.0408537 0.0202443 0.00963589 0.00621409 0.00665072 0.00890283 0.0120513 0.0156678 0.0194265 0.0229864 0.0260109 0.0282267 0.0294759 0.0297385 0.0291173 0.0277935 0.0259734 0.0238416 0.021538 0.0191561 0.0167575 0.0143899 0.012101
 1.03391e-16 2.85417e-05 0.000167506 0.000796227 0.00306548 0.00955939 0.0241463 0.0494071 0.0818999 0.109996 0.119714 0.105635 0.0757032 0.0443547 0.0218522 0.0101846 0.00627195 0.00647461 0.00855395 0.0115007 0.0148501 0.0182611 0.02139 0.0239086 0.025566 0.0262397 0.0259563 0.02487 0.0232116 0.0212252 0.0191161 0.0170226 0.0150154 0.0131151 0.0113191 0.00962222
 1.04036e-16 2.19749e-05 0.000128942 0.000612864 0.00235945 0.00735761 0.018585 0.0380291 0.0630443 0.0846873 0.0922106 0.081465 0.0585961 0.0347643 0.0179333 0.00971231 0.00780929 0.00948031 0.0130127 0.0175681 0.0226432 0.0277534 0.0323683 0.0359774 0.0381943 0.0388399 0.0379742 0.0358626 0.0328941 0.02948 0.0259684 0.0225957 0.019483 0.0166618 0.0141145 0.0118106
 1.04335e-16 2.6108e-05 0.000153218 0.0007283 0.00280395 0.00874379 0.0220862 0.045192 0.0749133 0.100614 0.109509 0.0966437 0.069288 0.0406543 0.0201394 0.0095758 0.0061624 0.00658679 0.00881642 0.0119381 0.0155284 0.0192663 0.0228169 0.025849 0.0280937 0.0293953 0.029733 0.0292058 0.0279889 0.0262803 0.0242564 0.0220487 0.0197438 0.0173977 0.0150558 0.012765
 1.04848e-16 2.25233e-05 0.000132165 0.000628195 0.00241849 0.00754174 0.01905 0.0389804 0.06462 0.0868002 0.0945014 0.0834655 0.0599841 0.0354855 0.0181179 0.00951297 0.00730471 0.00867026 0.0118569 0.0160276 0.0207102 0.0254709 0.0298385 0.0333574 0.0356781 0.0366306 0.0362522 0.0347579 0.0324688 0.0297243 0.026809 0.0239137 0.0211345 0.0184987 0.0160009 0.0136334
 1.05167e-16 2.36958e-05 0.000139053 0.000660951 0.00254462 0.0079351 0.0200436 0.0410128 0.0679874 0.0913175 0.0994039 0.0877585 0.0629889 0.0371017 0.0186465 0.00931272 0.00658502 0.00747796 0.0101527 0.0137635 0.0178821 0.0221487 0.0261761 0.0295828 0.0320628 0.0334459 0.0337221 0.033021 0.0315598 0.0295779 0.0272828 0.0248228 0.0222875 0.0197265 0.0171746 0.0146704
 1.05539e-16 2.22679e-05 0.000130667 0.000621079 0.00239109 0.00745632 0.0188342 0.0385387 0.0638874 0.0858147 0.0934249 0.0825061 0.0592759 0.0350294 0.0178173 0.00924736 0.00697631 0.00821278 0.0112299 0.0152147 0.0197239 0.0243593 0.028687 0.0322829 0.0348139 0.036106 0.0361699 0.0351756 0.0333896 0.0310974 0.0285404 0.0258827 0.0232123 0.0205652 0.0179566 0.0154061
 1.07329e-16 1.70486e-05 0.000100021 0.000475372 0.00183007 0.00570677 0.0144151 0.0294972 0.0489026 0.065698 0.0715537 0.0632612 0.0456028 0.0272579 0.0144363 0.00842753 0.00749977 0.0095674 0.0133307 0.0181432 0.0235855 0.0292186 0.0345408 0.039053 0.0423559 0.0442291 0.0446623 0.0438278 0.0420102 0.0395195 0.0366206 0.0334979 0.0302574 0.0269538 0.0236253 0.0203195
 1.09415e-16 1.67839e-05 9.84734e-05 0.000468028 0.00180182 0.00561868 0.0141925 0.0290413 0.0481451 0.0646754 0.0704268 0.0622338 0.0447946 0.0266402 0.0138654 0.00771894 0.00647782 0.00808247 0.0112681 0.0154426 0.0202685 0.0254149 0.0304975 0.0351194 0.0389413 0.0417408 0.0434378 0.0440778 0.0437857 0.0427103 0.040982 0.0386962 0.0359228 0.0327291 0.029203 0.025464
 1.08145e-16 2.31251e-05 0.000135708 0.000645062 0.00248346 0.00774439 0.0195618 0.0400267 0.0663514 0.0891162 0.0969975 0.0856098 0.061394 0.0360567 0.0179268 0.00863641 0.00571597 0.00624571 0.00844119 0.0115101 0.0150933 0.01892 0.0227033 0.0261535 0.0290275 0.0311709 0.0325353 0.0331623 0.0331466 0.032592 0.0315793 0.030156 0.0283461 0.0261725 0.0236787 0.0209407
 1.06013e-16 2.40073e-05 0.000140882 0.000669645 0.0025781 0.00803948 0.0203072 0.0415524 0.0688818 0.0925188 0.100712 0.0889129 0.0638171 0.0375886 0.0188884 0.00942643 0.00665127 0.00753326 0.0102025 0.0137935 0.0178636 0.0220413 0.025933 0.0291583 0.0314244 0.0325857 0.0326662 0.0318331 0.0303363 0.0284353 0.0263398 0.0241804 0.0220124 0.0198411 0.0176556 0.0154555
 1.03899e-16 2.78456e-05 0.000163419 0.000776798 0.00299068 0.0093261 0.0235571 0.0482015 0.0799016 0.107312 0.116795 0.103065 0.0738707 0.0433009 0.0213703 0.0100234 0.00626032 0.00653452 0.00866538 0.0116693 0.0150908 0.0185918 0.0218285 0.0244711 0.0262645 0.0270804 0.0269379 0.0259826 0.0244365 0.022536 0.0204803 0.018404 0.0163771 0.014423 0.0125433 0.0107398
 1.02428e-16 3.06726e-05 0.000180018 0.000855712 0.00329452 0.0102736 0.0259504 0.0530983 0.0880176 0.118209 0.128645 0.113497 0.0812957 0.0475474 0.0232679 0.0105785 0.00615181 0.00606119 0.00789295 0.0105663 0.0136001 0.0166605 0.0194203 0.0215717 0.0228831 0.0232486 0.0227065 0.0214192 0.0196229 0.0175667 0.0154604 0.0134458 0.0115938 0.009921 0.00841412 0.00705222
 1.02588e-16 2.59224e-05 0.000152121 0.000723067 0.00278377 0.00868086 0.0219273 0.0448675 0.0743778 0.099902 0.108752 0.0960189 0.0689342 0.0406357 0.0204791 0.0103138 0.00738495 0.008415 0.0113693 0.0152856 0.0196457 0.0239993 0.0278704 0.0308069 0.0324719 0.0327177 0.0316142 0.0294177 0.0264967 0.023239 0.0199727 0.0169212 0.0141969 0.0118238 0.00977438 0.00800275
 1.03304e-16 2.59736e-05 0.000152425 0.000724523 0.00278939 0.0086984 0.0219716 0.0449578 0.0745261 0.100098 0.108955 0.0961761 0.0689982 0.0405755 0.020269 0.00991651 0.00674453 0.00746406 0.0100462 0.0135573 0.0175302 0.0215834 0.0253145 0.0283334 0.0303353 0.0311637 0.0308353 0.0295183 0.0274756 0.024994 0.0223235 0.019644 0.0170616 0.0146258 0.0123553 0.0102597
 1.03665e-16 2.60376e-05 0.000152802 0.000726313 0.00279628 0.00871989 0.0220259 0.0450688 0.0747101 0.100344 0.109223 0.096411 0.069163 0.040665 0.0202997 0.00990795 0.00670738 0.00739914 0.00994806 0.0134179 0.0173419 0.0213411 0.0250178 0.0279881 0.0299553 0.0307704 0.0304571 0.0291881 0.0272269 0.0248567 0.0223195 0.0197836 0.0173413 0.0150287 0.0128533 0.0108172
 1.02898e-16 2.99906e-05 0.000176015 0.000836681 0.00322125 0.0100451 0.0253733 0.0519174 0.08606 0.11558 0.125783 0.110972 0.079487 0.0464889 0.0227494 0.0103436 0.00601984 0.0059423 0.00775616 0.0104118 0.0134474 0.0165451 0.0193921 0.0216901 0.0232093 0.023835 0.0235865 0.0225988 0.0210777 0.0192434 0.017284 0.0153296 0.0134508 0.011674 0.0100033 0.00843872
 1.02584e-16 2.79712e-05 0.000164153 0.000780279 0.00300406 0.00936784 0.0236625 0.0484176 0.0802608 0.107798 0.117332 0.103557 0.0742646 0.0436144 0.0216776 0.0104206 0.00684134 0.00738197 0.00984431 0.0132153 0.0169933 0.0207793 0.0241629 0.0267559 0.0282681 0.028571 0.0277214 0.0259347 0.0235213 0.0208077 0.0180687 0.0154901 0.0131643 0.0111103 0.00930536 0.00771406
 1.02703e-16 2.79922e-05 0.000164278 0.000780875 0.00300636 0.00937502 0.0236807 0.0484545 0.0803215 0.107878 0.117415 0.103622 0.0742934 0.0435948 0.0216007 0.0102735 0.00660409 0.00703067 0.00935766 0.0125832 0.0162255 0.0199114 0.0232578 0.0258981 0.0275523 0.028085 0.0275296 0.0260654 0.0239612 0.0215053 0.0189452 0.0164547 0.0141289 0.0120025 0.0100753 0.00833654
 1.02429e-16 3.00243e-05 0.000176211 0.000837614 0.00322483 0.0100563 0.0254015 0.0519753 0.0861563 0.11571 0.125928 0.111107 0.0795972 0.0465818 0.0228476 0.0104765 0.00621738 0.0062317 0.00815963 0.010942 0.0141016 0.0173001 0.0202019 0.0224886 0.0239178 0.0243739 0.0238881 0.0226184 0.0207999 0.0186832 0.0164825 0.0143463 0.0123539 0.0105319 0.00887712 0.00737793
 1.02689e-16 2.64713e-05 0.000155345 0.000738399 0.00284281 0.00886497 0.0223924 0.0458189 0.0759541 0.102017 0.111049 0.0980343 0.070353 0.0414156 0.0207679 0.0102886 0.00715477 0.00801334 0.010787 0.0145039 0.0186569 0.0228187 0.0265404 0.0293955 0.0310639 0.0314022 0.03047 0.0285013 0.025835 0.0228292 0.0197869 0.0169153 0.0143198 0.0120262 0.0100139 0.00824707
pSPR Fmed_Fpbrs
0.784261   0.328257 0.328257
Fs Fmed_Fpbrs
0.143024   1.005 1.005
SSBpbr Bo_Bmed_Bpbrs
1.78057e+06  1.30741e+06  495457 495457
Ro
76115
SPR SPRFo_SPRFmed_SPRFpbrs
1.56596e+06 1.22812e+06 514037
log_Ro
11.06
likeval ReclasPelacesDesembMPH_pf_preclas_ppelaces_ptallas_desvR_qrecl_qpela
 63.5721 24.246 0.0438655 0.00192491 294.01 177.955 82.5247 0 17.4991 0.000133764 0 0 0 0 0
q_reclas_q_pelaces
0.194194 1
M
0.7
N
 97788.9 24117.4 8977.68 1059.3 0.499936
 121709 46039.6 9368.13 3487.28 411.666
 80075.3 58214.8 19235.6 3914.05 1629
 111672 37843.8 23013.4 7604.18 2191.27
 179429 54958.1 18029.7 10964.1 4666.79
 135326 88919.7 27035.1 8869.21 7689.19
 192393 65713.4 39829 12109.6 7416.86
 160261 94204.5 30584 18537 9087.91
 165028 77270.9 40837.8 13258.2 11975.5
 142348 79106.7 32608.8 17233.8 10648.8
 70983.6 68466.3 33908.4 13977.5 11951.7
 42713.8 32742.8 24202.8 11986.6 9165.94
 42362.2 19793.9 11823.4 8739.61 7638.17
 25692.3 18910.1 6015.84 3593.42 4977.6
 21584.9 10650.5 4086.31 1299.97 1852.13
 29128.6 9210.93 2630.31 1009.18 778.462
 26078.8 13637 3486.36 995.579 676.628
 29234.2 12411.3 5567.17 1423.27 682.662
 33926.4 14113.6 5412.24 2427.7 918.346
 58655.1 16448.9 6276.8 2407.01 1488.11
 74710 28433.1 7309.15 2789.12 1730.81
 102270 36658 13361 3434.65 2123.97
 170599 50004.6 16949.3 6177.63 2570.09
 186176 83224.2 22878.7 7754.84 4002.37
pred_Ctot
 3662.11 3831.04 1426.1 168.269 0.0794147
 3227.8 5305.29 1079.52 401.85 47.4376
 2789.07 8650.47 2858.32 581.611 242.062
 719.549 1107.57 673.531 222.551 64.1317
 264.054 371.43 121.852 74.1002 31.5401
 2157.11 6304.13 1916.7 628.8 545.14
 1934.61 2977.47 1804.65 548.684 336.058
 3354.57 8674.16 2816.11 1706.85 836.796
 4127.09 8424.46 4452.35 1445.48 1305.63
 3223.4 7850.21 3235.96 1710.21 1056.74
 3645.62 14467.1 7164.96 2953.49 2525.42
 2060.57 6543.25 4836.63 2395.38 1831.7
 3098.44 5679.96 3392.79 2507.88 2191.81
 3084.72 8050.74 2561.18 1529.86 2119.16
 2202.81 4005.79 1536.92 488.938 696.61
 1202.95 1599.95 456.887 175.296 135.22
 782.622 1764.56 451.119 128.823 87.5525
 585.6 1095.81 491.536 125.664 60.2735
 577.826 1066.56 409 183.461 69.399
 1006.69 1252.24 477.847 183.243 113.288
 640.445 1101.9 283.259 108.09 67.0759
 1132.09 1824.38 664.948 170.934 105.705
 2163.97 2841.5 963.136 351.042 146.045
 2225.74 4464.41 1227.29 415.994 214.7
F
 0.053309 0.24562 0.24562 0.24562 0.24562
 0.0374913 0.17274 0.17274 0.17274 0.17274
 0.0494987 0.228064 0.228064 0.228064 0.228064
 0.00899527 0.0414455 0.0414455 0.0414455 0.0414455
 0.00204816 0.00943686 0.00943686 0.00943686 0.00943686
 0.0223848 0.103138 0.103138 0.103138 0.103138
 0.0140694 0.0648245 0.0648245 0.0648245 0.0648245
 0.0294868 0.13586 0.13586 0.13586 0.13586
 0.0353198 0.162735 0.162735 0.162735 0.162735
 0.0319336 0.147133 0.147133 0.147133 0.147133
 0.0737657 0.339874 0.339874 0.339874 0.339874
 0.0691489 0.318602 0.318602 0.318602 0.318602
 0.106561 0.490977 0.490977 0.490977 0.490977
 0.180588 0.832053 0.832053 0.832053 0.832053
 0.151602 0.698503 0.698503 0.698503 0.698503
 0.0589328 0.271532 0.271532 0.271532 0.271532
 0.0425177 0.195899 0.195899 0.195899 0.195899
 0.0282023 0.129941 0.129941 0.129941 0.129941
 0.0239341 0.110276 0.110276 0.110276 0.110276
 0.0241202 0.111133 0.111133 0.111133 0.111133
 0.0119832 0.0552124 0.0552124 0.0552124 0.0552124
 0.0154981 0.0714071 0.0714071 0.0714071 0.0714071
 0.0177769 0.0819065 0.0819065 0.0819065 0.0819065
 0.0167469 0.077161 0.077161 0.077161 0.077161
nmprior
 10 10 8 0
nm_flota  nm_reclas  nm_pelaces    nm_pelaL
inf 11.9762 18.8367 33.885
cv_recla  cv_pelaces  cv_mph
0.738176 0.579408 1.42345
 ------------------------------------------------
Talla a la edad & desviación 
 7.2 14.2025 17.0495 18.207 18.6776
 1.08 2.13037 2.55742 2.73105 2.80164
