    unsorted:	 8.101435790e-06 1.591924806e-05 0.0008999966421 0.007398076907 114.8955796 88.03883469 93.44490351 63.78609715 40.65736515 30.75597831 226.0818086 250.9146663 403.5151942 491.5453116 545.0273099 647.8035427 724.8834627 849.6202838 787.2499034 929.7061948 1035.578760 1091.083533 1328.648998 1403.083025 1714.425965 1870.879151 2135.138894 2265.015870 2803.358653 2863.671679 3284.475075 3164.683779 3784.618515 4348.672614 4500.543027 4812.844771 9982.244654 20159.36222 204623.6179 216953.0926 278244.1297 341895.8038 376495.9128 402719.5586 431269.5623 438828.8643 463425.0321 526580.2164 553393.7158 619651.8234 709866.7090 741988.8474 852879.9044 1008003.813 1195078.714 1299543.059 1404083.035 1550196.257 1835396.502 1993332.552 2338117.653 2402768.547 2651840.355
      sorted:	 8.101435790e-06 1.591924806e-05 0.0008999966421 0.007398076907 30.75597831 40.65736515 63.78609715 88.03883469 93.44490351 114.8955796 226.0818086 250.9146663 403.5151942 491.5453116 545.0273099 647.8035427 724.8834627 787.2499034 849.6202838 929.7061948 1035.578760 1091.083533 1328.648998 1403.083025 1714.425965 1870.879151 2135.138894 2265.015870 2803.358653 2863.671679 3164.683779 3284.475075 3784.618515 4348.672614 4500.543027 4812.844771 9982.244654 20159.36222 204623.6179 216953.0926 278244.1297 341895.8038 376495.9128 402719.5586 431269.5623 438828.8643 463425.0321 526580.2164 553393.7158 619651.8234 709866.7090 741988.8474 852879.9044 1008003.813 1195078.714 1299543.059 1404083.035 1550196.257 1835396.502 1993332.552 2338117.653 2402768.547 2651840.355
