years
 1997 1998 1999 2000 2001 2002 2003 2004 2005 2006 2007 2008 2009 2010 2011 2012 2013 2014 2015 2016 2017 2018 2019 2020
reclasobs
 0 0 0 370054 412103 1.49427e+06 250295 1.28982e+06 931140 785840 897777 1.04006e+06 184774 17550 25797 100020 73551 82996 120727 218422 84188 347160 605670 569463
reclaspred
 2.85539e+06 544267 1.47463e+06 792262 763953 931439 1.92189e+06 1.19496e+06 1.32396e+06 1.34352e+06 1.13919e+06 749843 450399 224546 169131 169233 189374 267549 287501 378806 598761 620786 1.10112e+06 1.38009e+06
pelacesobs
 0 0 0 0 0 0 0 0 0 2.06254e+06 1.5e+06 0 1.87456e+06 323000 250000 174000 83755 137374 0 501740 490994 745055 786931 1.00524e+06
pelacespred
 1.65582e+06 636321 542474 592059 481864 464587 959796 832316 778084 815408 594620 404182 239848 97877.7 75220.9 84623 99694.3 138657 158272 199925 344723 369927 499239 743576
mphobs
 0 0 0 0 0 112323 0 153150 637223 0 255016 313432 73983 77613 109348 50772 0 0 0 0 0 0 0 0
mphpred
 2.09505e+06 1.07212e+06 863620 918671 657143 794609 1.18884e+06 1.40737e+06 1.0865e+06 1.23088e+06 1.19633e+06 785915 493519 277979 148308 145446 150500 206378 251691 283784 435143 568732 739440 1.07322e+06
desembarqueobs
 350755 77701 442110 56441 14545 235359 269955 359681 431902 328805 639364 411747 362871 311530 167758 66681 60226 58785 57116 71774 51957 67425 138520 160799
desembarquepred
 350831 77715.8 442064 56396.7 14563.4 235320 270072 359567 431952 328875 639933 412735 363078 312018 167602 66627.6 60247 58759.9 57099.4 71778.2 52015.4 67415.3 138189 160659
Reclutas
 71142.9 70364.4 34601.9 36335.5 69533.6 73529.9 104068 71563.2 140572 130392 57555.4 46279.2 50338.2 30941 23135.6 16412.5 16948.7 17404.4 19184.1 34281 52894.6 63942.6 104510 126284
log_desv_Rt
 0.352446 0.341442 -0.368337 -0.319449 0.329565 0.385447 0.732797 0.358336 1.03347 0.958302 0.140503 -0.0775525 0.00652012 -0.480164 -0.770874 -1.1142 -1.08205 -1.05552 -0.958164 -0.377653 0.0560572 0.245741 0.737041 0.926292
SSB
 2.09505e+06 1.07212e+06 863620 918671 657143 794609 1.18884e+06 1.40737e+06 1.0865e+06 1.23088e+06 1.19633e+06 785915 493519 277979 148308 145446 150500 206378 251691 283784 435143 568732 739440 1.07322e+06
BT
 4.3293e+06 1.33612e+06 1.45555e+06 1.22539e+06 1.05777e+06 1.11549e+06 2.58844e+06 2.13896e+06 2.32565e+06 2.14252e+06 1.79971e+06 1.23533e+06 899817 507883 329163 238170 282563 358137 378574 517344 870325 813671 1.16116e+06 1.74903e+06
Ftot
 0.119573 0.138811 0.2883 0.0694772 0.0186618 0.243867 0.136677 0.289615 0.314054 0.236621 0.529617 0.519709 0.747261 1.22099 0.908724 0.376602 0.306226 0.212588 0.192421 0.18381 0.0847543 0.10579 0.122136 0.113368
BD_Bspro_t
 0.982198 0.886887 0.812578 0.681434 0.725908 0.809571 0.764022 0.764673 0.685601 0.666204 0.632369 0.456542 0.35175 0.262773 0.173535 0.196268 0.262282 0.408072 0.518352 0.608789 0.724588 0.817109 0.830938 0.837487
BD_Bspro
 2.03619 1.042 0.839356 0.89286 0.638679 0.772283 1.15544 1.36783 1.05597 1.1963 1.16272 0.763834 0.479653 0.270169 0.144141 0.14136 0.146271 0.20058 0.244619 0.275811 0.422917 0.552753 0.718665 1.04307
BD_Bo
 1.70942 0.874779 0.704654 0.749572 0.536183 0.648346 0.970013 1.14832 0.886506 1.00432 0.976123 0.641252 0.402677 0.226812 0.121009 0.118674 0.122797 0.16839 0.205362 0.231548 0.355047 0.464046 0.603332 0.875674
BD_Brms
 8.32283 4.25913 3.43082 3.64952 2.61057 3.15667 4.7228 5.59094 4.31622 4.88981 4.75255 3.12213 1.96056 1.1043 0.589169 0.5778 0.597876 0.819859 0.999869 1.12736 1.72865 2.25935 2.93751 4.26349
S_f
 0.5 1 1 1 1
 0.5 1 1 1 1
 0.5 1 1 1 1
 0.5 1 1 1 1
 0.5 1 1 1 1
 0.5 1 1 1 1
 0.5 1 1 1 1
 0.5 1 1 1 1
 0.5 1 1 1 1
 0.5 1 1 1 1
 0.5 1 1 1 1
 0.5 1 1 1 1
 0.5 1 1 1 1
 0.5 1 1 1 1
 0.5 1 1 1 1
 0.5 1 1 1 1
 0.5 1 1 1 1
 0.5 1 1 1 1
 0.5 1 1 1 1
 0.5 1 1 1 1
 0.5 1 1 1 1
 0.5 1 1 1 1
 0.5 1 1 1 1
 0.5 1 1 1 1
Scru_reclas
 0.5 1 1 1 1
 0.5 1 1 1 1
 0.5 1 1 1 1
 0.5 1 1 1 1
 0.5 1 1 1 1
 0.5 1 1 1 1
 0.5 1 1 1 1
 0.5 1 1 1 1
 0.5 1 1 1 1
 0.5 1 1 1 1
 0.5 1 1 1 1
 0.5 1 1 1 1
 0.5 1 1 1 1
 0.5 1 1 1 1
 0.5 1 1 1 1
 0.5 1 1 1 1
 0.5 1 1 1 1
 0.5 1 1 1 1
 0.5 1 1 1 1
 0.5 1 1 1 1
 0.5 1 1 1 1
 0.5 1 1 1 1
 0.5 1 1 1 1
 0.5 1 1 1 1
Scru_pelaces
 0.5 1 1 1 1
 0.5 1 1 1 1
 0.5 1 1 1 1
 0.5 1 1 1 1
 0.5 1 1 1 1
 0.5 1 1 1 1
 0.5 1 1 1 1
 0.5 1 1 1 1
 0.5 1 1 1 1
 0.5 1 1 1 1
 0.5 1 1 1 1
 0.5 1 1 1 1
 0.5 1 1 1 1
 0.5 1 1 1 1
 0.5 1 1 1 1
 0.5 1 1 1 1
 0.5 1 1 1 1
 0.5 1 1 1 1
 0.5 1 1 1 1
 0.5 1 1 1 1
 0.5 1 1 1 1
 0.5 1 1 1 1
 0.5 1 1 1 1
 0.5 1 1 1 1
pf_obs 
 0.256992 0.487395 0.22802 0.0275931 0
 0.321318 0.546541 0.124235 0.00734118 0.000564706
 0.182869 0.594174 0.210203 0.0122559 0.00049798
 0.330522 0.361315 0.267642 0.0388342 0.00168674
 0.649043 0.306663 0.0425973 0.00169635 0
 0.582887 0.30429 0.105238 0.00758474 0
 0.465427 0.430635 0.0974691 0.00646863 0
 0.296916 0.608066 0.0921331 0.00288517 0
 0.311714 0.524322 0.152257 0.0117073 0
 0.15457 0.633149 0.183074 0.0267441 0.00246327
 0.131901 0.49318 0.331252 0.0422183 0.00144891
 0.196976 0.569456 0.194076 0.0375587 0.00193317
 0.518974 0.381816 0.0799577 0.0180837 0.00116848
 0.0928022 0.601141 0.25162 0.0475244 0.00691264
 0.122501 0.610282 0.24278 0.0234846 0.000952079
 0.383417 0.481906 0.127806 0.00687128 0
 0.0376549 0.599619 0.316969 0.0457579 0
 0.0361596 0.667082 0.258105 0.0386534 0
 0.158088 0.579412 0.248529 0.0139706 0
 0.0477256 0.309471 0.559284 0.082774 0.000745712
 0.0406174 0.521527 0.379366 0.0568643 0.0016247
 0.151134 0.462217 0.34131 0.0453401 0
 0.294876 0.26143 0.354403 0.0886775 0.000613685
 0.281977 0.475581 0.204845 0.0348837 0.00271318
pf_pred 
 0.382006 0.311107 0.154491 0.0767181 0.0756773
 0.379422 0.348247 0.137096 0.0680797 0.0671561
 0.240045 0.425441 0.187718 0.0738995 0.072897
 0.335408 0.270493 0.220626 0.0973469 0.076126
 0.503973 0.251591 0.0994869 0.081146 0.0638031
 0.431851 0.381421 0.0947102 0.0374514 0.0545655
 0.506853 0.305649 0.125875 0.0312559 0.0303671
 0.349396 0.443185 0.128556 0.0529432 0.0259187
 0.568196 0.232577 0.135712 0.0393664 0.0241491
 0.46043 0.40055 0.0748785 0.0436927 0.0204489
 0.264898 0.474998 0.193088 0.0360957 0.0309199
 0.349302 0.297538 0.2282 0.0927638 0.0321958
 0.478017 0.290114 0.106024 0.0813164 0.0445279
 0.439913 0.390043 0.0945094 0.0345391 0.0409958
 0.535676 0.323885 0.0978019 0.0236979 0.0189401
 0.478264 0.392797 0.0899401 0.0271588 0.0118402
 0.473546 0.353571 0.130158 0.0298026 0.0129227
 0.455303 0.360987 0.123381 0.0454195 0.0149093
 0.451488 0.350945 0.130934 0.0447517 0.0218819
 0.566821 0.275024 0.10119 0.0377528 0.0192128
 0.560098 0.32283 0.0743289 0.0273478 0.0153957
 0.484351 0.372729 0.104884 0.0241487 0.013887
 0.540185 0.303177 0.113223 0.0318606 0.0115541
 0.484362 0.365398 0.09906 0.0369945 0.0141853
pobs_RECLAS
 0 0 0 0 0
 0 0 0 0 0
 0 0 0 0 0
 0 0 0 0 0
 0.835266 0.146461 0.0176864 0.000547809 3.91292e-05
 0.385257 0.428462 0.181853 0.0044286 0
 0.867414 0.0963971 0.0333333 0.00285562 0
 0.441836 0.489002 0.0689373 0.000224442 0
 0.779404 0.147425 0.0564933 0.0165055 0.000172143
 0.814271 0.122319 0.05973 0.00367925 0
 0.40263 0.566651 0.0304383 0.000280538 0
 0.475488 0.404961 0.113038 0.00651328 0
 0.955842 0.0263864 0.0167828 0.000988607 0
 0.975058 0.0227948 0.00214734 0 0
 0.738997 0.206755 0.0527124 0.00153531 0
 0.850938 0.134255 0.0134407 0.00136685 0
 0.542534 0.407297 0.0501686 0 0
 0.764087 0.199537 0.0359546 0.000420521 0
 0.470689 0.182191 0.310203 0.0369168 0
 0.84361 0.089868 0.0606195 0.00523954 0.000663233
 0.607945 0.314616 0.071237 0.00620181 0
 0.523733 0.453247 0.0230204 0 0
 0.530135 0.295979 0.169645 0.0042399 0
 0.562478 0.366248 0.0663022 0.0049721 0
ppred_RECLAS
 0.382926 0.310644 0.154261 0.0766039 0.0755647
 0.380506 0.347639 0.136856 0.0679608 0.0670388
 0.242031 0.424329 0.187227 0.0737064 0.0727065
 0.335889 0.270297 0.220466 0.0972765 0.0760709
 0.504111 0.251521 0.0994593 0.0811235 0.0637854
 0.434026 0.379962 0.0943478 0.0373081 0.0543567
 0.507983 0.304949 0.125587 0.0311843 0.0302975
 0.351882 0.441492 0.128065 0.052741 0.0258197
 0.571154 0.230984 0.134782 0.0390968 0.0239836
 0.462553 0.398974 0.0745839 0.0435208 0.0203685
 0.269546 0.471995 0.191867 0.0358675 0.0307244
 0.35458 0.295125 0.226349 0.0920115 0.0319347
 0.487561 0.28481 0.104086 0.0798295 0.0437137
 0.459393 0.376477 0.0912224 0.0333378 0.03957
 0.548255 0.31511 0.0951521 0.0230559 0.018427
 0.482051 0.389946 0.0892873 0.0269617 0.0117543
 0.476462 0.351613 0.129437 0.0296376 0.0128512
 0.457169 0.35975 0.122959 0.0452639 0.0148583
 0.453145 0.349884 0.130538 0.0446165 0.0218158
 0.568377 0.274036 0.100826 0.0376171 0.0191438
 0.560756 0.322347 0.0742177 0.0273069 0.0153727
 0.485201 0.372115 0.104712 0.024109 0.0138641
 0.541175 0.302524 0.112979 0.031792 0.0115292
 0.485279 0.364749 0.0988838 0.0369287 0.0141601
pobs_PELACES
 0 0 0 0 0
 0 0 0 0 0
 0 0 0 0 0
 0 0 0 0 0
 0 0 0 0 0
 0 0 0 0 0
 0 0 0 0 0
 0 0 0 0 0
 0 0 0 0 0
 0 0 0 0 0
 0.450072 0.473896 0.0757376 0.000293798 0
 0 0 0 0 0
 0.463077 0.371075 0.160297 0.00555027 0
 0.529543 0.364841 0.0842815 0.0213345 0
 0.631943 0.363953 0.00410389 0 0
 0.735681 0.248677 0.0153453 0.000297389 0
 0.695825 0.281241 0.0229344 0 0
 0.275771 0.60734 0.115278 0.00161068 0
 0 0 0 0 0
 0.896147 0.0623911 0.0374545 0.00400742 0
 0.803859 0.145111 0.0509908 3.86294e-05 0
 0.739449 0.233085 0.0266225 0.000797448 4.60066e-05
 0.878498 0.100942 0.0204185 0.000141795 0
 0.694673 0.275183 0.0284847 0.00165964 0
ppred_PELACES
 0.387598 0.308292 0.153093 0.0760239 0.0749925
 0.385919 0.344601 0.13566 0.0673669 0.066453
 0.250864 0.419384 0.185045 0.0728474 0.0718592
 0.338451 0.269254 0.219616 0.0969012 0.0757774
 0.504881 0.25113 0.0993049 0.0809976 0.0636864
 0.443935 0.373309 0.0926959 0.0366549 0.053405
 0.513618 0.301456 0.124148 0.0308271 0.0299505
 0.362856 0.434017 0.125897 0.051848 0.0253825
 0.583797 0.224174 0.130809 0.0379442 0.0232766
 0.472271 0.391759 0.0732352 0.0427338 0.0200001
 0.287094 0.460656 0.187258 0.0350058 0.0299863
 0.37444 0.286044 0.219384 0.0891802 0.030952
 0.518375 0.267684 0.0978268 0.0750293 0.0410851
 0.509668 0.341466 0.0827389 0.0302375 0.03589
 0.585056 0.28944 0.0874007 0.0211777 0.0169258
 0.497578 0.378256 0.0866107 0.0261534 0.0114019
 0.489078 0.343139 0.126317 0.0289234 0.0125415
 0.465886 0.353973 0.120984 0.044537 0.0146197
 0.461024 0.344843 0.128657 0.0439737 0.0215015
 0.575802 0.269322 0.0990917 0.0369701 0.0188145
 0.564197 0.319821 0.0736362 0.027093 0.0152522
 0.489562 0.368962 0.103825 0.0239047 0.0137466
 0.546175 0.299228 0.111748 0.0314455 0.0114035
 0.489952 0.361437 0.097986 0.0365934 0.0140315
pobs_pel_tallas
 0 0 0 0 0 0 0 0 0 0 0 0 0 0 0 0 0 0 0 0 0 0 0 0 0 0 0 0 0 0 0 0 0 0 0 0
 0 0 0 0 0 0 0 0 0 0 0 0 0 0 0 0 0 0 0 0 0 0 0 0 0 0 0 0 0 0 0 0 0 0 0 0
 0 0 0 0 0 0 0 0 0 0 0 0 0 0 0 0 0 0 0 0 0 0 0 0 0 0 0 0 0 0 0 0 0 0 0 0
 0 0 0 0 0 0 0 0 0 0 0 0 0 0 0 0 0 0 0 0 0 0 0 0 0 0 0 0 0 0 0 0 0 0 0 0
 0 0 0 0 0 0 0 0 0 0 0 0 0 0 0 0 0 0 0 0 0 0 0 0 0 0 0 0 0 0 0 0 0 0 0 0
 0 0 0 0 0 0 0 0 0 0 0 0 0 0 0 0 0 0 0 0 0 0 0 0 0 0 0 0 0 0 0 0 0 0 0 0
 0 0 0 0 0 0 0 0 0 0 0 0 0 0 0 0 0 0 0 0 0 0 0 0 0 0 0 0 0 0 0 0 0 0 0 0
 0 0 0 0 0 0 0 0 0 0 0 0 0 0 0 0 0 0 0 0 0 0 0 0 0 0 0 0 0 0 0 0 0 0 0 0
 0 0 0 0 0 0 0 0 0 0 0 0 0 0 0 0 0 0 0 0 0 0 0 0 0 0 0 0 0 0 0 0 0 0 0 0
 0 0 0 0 0 0 0 0 0 0 0 0 0 0 0 0 0 0 0 0 0 0 0 0 0 0 0 0 0 0 0 0 0 0 0 0
 0 0 0 0 0 0 0 0 1.78061e-05 0.00172719 0.00360574 0.0105946 0.0120993 0.0124554 0.0147524 0.0171206 0.0266825 0.0428682 0.0675386 0.121331 0.153587 0.119568 0.100827 0.0573624 0.0630603 0.0341343 0.0324427 0.0444173 0.0211091 0.0280891 0.0125444 0.00206551 0 0 0 0
 0 0 0 0 0 0 0 0 0 0 0 0 0 0 0 0 0 0 0 0 0 0 0 0 0 0 0 0 0 0 0 0 0 0 0 0
 0 0 0 0 0 0 0.0133647 0.0140871 0.0187388 0.0205184 0.03894 0.0496705 0.03968 0.0493445 0.0407372 0.0367815 0.0215668 0.0243155 0.0234873 0.0199281 0.019796 0.0243948 0.0301388 0.0376714 0.0412746 0.0863199 0.0771752 0.113111 0.0741005 0.0525337 0.0229764 0.00759418 0.00175318 0 0 0
 0 0 0 0 0 0 0 0 0 0 0.00219441 0.00772107 0.0458388 0.0604681 0.0671733 0.0775358 0.0609151 0.0617685 0.073594 0.0568108 0.0755445 0.0548602 0.0670107 0.0636378 0.0643287 0.046367 0.0373049 0.0286899 0.0247887 0.0153202 0.00654259 0.00121912 0.000365735 0 0 0
 0 0 0 0 0 0 0 0 0 0 0 0 0.000112435 0.00938835 0.0111873 0.0202946 0.0414886 0.0713402 0.111592 0.104902 0.108894 0.110636 0.117776 0.105296 0.107544 0.0401394 0.0192827 0.0124803 0.00416011 0.0028671 0.000618394 0 0 0 0 0
 0 0 0 0 0 0 0 0 0 0 0.00291406 0.0102884 0.027416 0.0768956 0.0749926 0.110853 0.0956884 0.0897413 0.0766577 0.0534642 0.0500743 0.0551293 0.0594112 0.0620874 0.0668451 0.0424026 0.0208742 0.0120726 0.0048766 0.00582813 0.00118941 0.000297354 0 0 0 0
 0 0.00264628 0.0354308 0.0461629 0.0458689 0.0383711 0.0214643 0.0164657 0.0346957 0.0420465 0.0363128 0.0245516 0.0311673 0.0291091 0.0169068 0.0133784 0.00837989 0.0085269 0.0148486 0.0160247 0.0276389 0.0546898 0.0760071 0.122758 0.109233 0.0665981 0.0333725 0.0166128 0.00676272 0.00308733 0.000882094 0 0 0 0 0
 0 0 0 0 0 0 0 0.000805153 0.000690131 0.00759144 0.0133425 0.0154129 0.00931677 0.000345066 0.00356568 0.00563607 0.00851162 0.0253048 0.0502646 0.0516448 0.0657925 0.0565908 0.0611916 0.0827007 0.0866115 0.110766 0.145733 0.0935128 0.0569358 0.0249597 0.0138026 0.00621118 0.00161031 0.00115022 0 0
 0 0 0 0 0 0 0 0 0 0 0 0 0 0 0 0 0 0 0 0 0 0 0 0 0 0 0 0 0 0 0 0 0 0 0 0
 0.00147267 0.00158595 0.00478618 0.00569244 0.00954404 0.0108468 0.00647125 0.017049 0.0510054 0.094081 0.124002 0.0959785 0.0687766 0.0820023 0.061753 0.0591476 0.0492212 0.0479892 0.0443925 0.0268479 0.0217502 0.0140895 0.0121071 0.0120363 0.00920419 0.00665534 0.0049561 0.00860946 0.00930331 0.0156896 0.0114698 0.00855282 0.00243557 0.00046729 0 2.83206e-05
 0 0 0 0 0.000772559 0.00158375 0.000888443 0.00281984 0.00712685 0.0440552 0.0773331 0.111326 0.0921469 0.0852325 0.0710754 0.0886704 0.0786465 0.0553345 0.0373146 0.0185414 0.00753245 0.00457741 0.012979 0.0271748 0.0457355 0.0583668 0.034881 0.0177882 0.00938659 0.00492506 0.0015258 0.00185414 0.000309023 5.79419e-05 3.86279e-05 0
 0 0.00173294 0.00326652 0 0.00397197 0.00683976 0.00946217 0.0152591 0.00757587 0.0136028 0.0228656 0.0392903 0.0559909 0.0764795 0.0681675 0.0726916 0.0566044 0.0477403 0.0527397 0.0444891 0.0609904 0.0582453 0.0661739 0.0445044 0.0529084 0.0360697 0.0280645 0.0235558 0.0158879 0.00826598 0.00280645 0.00217768 0.000904811 0.00058276 9.20147e-05 0
 0 0 0 0 0 0 0 0 0 0 0 0 0 0 0 0 0 0 0 0 0 0 0 0 0 0 0 0 0 0 0 0 0 0 0 0
 0 0 0 0 0 0 0 0 0 0 0 0 0 0 0 0 0 0 0 0 0 0 0 0 0 0 0 0 0 0 0 0 0 0 0 0
ppred_pel_tallas
 1.0839e-16 1.69264e-05 9.93054e-05 0.000471973 0.00181699 0.00566599 0.0143121 0.0292863 0.0485524 0.0652264 0.0710368 0.0627964 0.0452507 0.0270135 0.0142453 0.00822084 0.00721561 0.00915664 0.0127562 0.0173827 0.0226379 0.0281114 0.0333344 0.0378384 0.0412466 0.043346 0.0441168 0.0437056 0.0423596 0.040346 0.0378886 0.0351372 0.0321734 0.0290391 0.025771 0.0224249
 1.07458e-16 1.68546e-05 9.88808e-05 0.000469947 0.00180918 0.00564162 0.0142506 0.0291607 0.0483452 0.0649511 0.0707451 0.062558 0.0451211 0.0270204 0.0144019 0.00854844 0.00775518 0.00996351 0.0138846 0.0188654 0.0244665 0.030221 0.0355978 0.0400742 0.0432413 0.0448868 0.0450274 0.043876 0.0417623 0.0390368 0.0359913 0.0328197 0.0296199 0.0264253 0.0232458 0.0201004
 1.08625e-16 1.09687e-05 6.43182e-05 0.000305617 0.00117644 0.00366842 0.00926654 0.0189636 0.0314458 0.0422659 0.0460861 0.0408711 0.029737 0.0183253 0.0107125 0.00783042 0.00867082 0.0119745 0.0169309 0.0230618 0.0299301 0.0369897 0.0435954 0.0491062 0.0530162 0.0550574 0.0552397 0.0538134 0.0511745 0.04775 0.0439014 0.0398769 0.0358118 0.0317645 0.0277629 0.0238418
 1.10076e-16 1.47819e-05 8.67187e-05 0.000412142 0.00158664 0.00494765 0.0124976 0.0255734 0.0423974 0.0569587 0.0620357 0.054847 0.039539 0.0236382 0.0125313 0.00734265 0.00658225 0.00846084 0.0118795 0.0163153 0.0214483 0.0269428 0.0323995 0.0374012 0.0415863 0.0447104 0.0466742 0.0475074 0.0473239 0.0462656 0.0444613 0.0420105 0.0389935 0.0354938 0.03162 0.0275142
 1.07251e-16 2.2038e-05 0.000129321 0.000614682 0.00236647 0.00737955 0.0186403 0.0381417 0.0632285 0.0849277 0.0924539 0.0816359 0.0586232 0.0345884 0.0174913 0.00891421 0.0065296 0.00757091 0.0103332 0.0140276 0.0182448 0.0226314 0.0268051 0.0303905 0.0330899 0.0347416 0.035342 0.0350213 0.033987 0.0324573 0.0306075 0.0285458 0.0263205 0.0239459 0.021434 0.018817
 1.05193e-16 1.93855e-05 0.000113737 0.000540569 0.00208108 0.00648952 0.0163923 0.0335431 0.0556097 0.0747078 0.0813639 0.0719283 0.0518366 0.030955 0.0163381 0.00944149 0.00828006 0.0104602 0.0144758 0.0195589 0.0251983 0.0308647 0.0359702 0.0399497 0.0423801 0.0430721 0.0421049 0.0397857 0.0365561 0.032876 0.029127 0.0255592 0.022288 0.019327 0.0166369 0.0141685
 1.0432e-16 2.24212e-05 0.000131565 0.000625342 0.0024075 0.00750748 0.0189635 0.0388034 0.0643267 0.0864067 0.0940742 0.0830911 0.0597215 0.0353434 0.01807 0.00952861 0.00736695 0.00877806 0.0120192 0.0162568 0.0210181 0.0258647 0.0303176 0.0339105 0.036282 0.0372497 0.0368411 0.0352652 0.032843 0.0299208 0.0267965 0.0236795 0.0206873 0.0178675 0.0152312 0.0127809
 1.04897e-16 1.58526e-05 9.29898e-05 0.000441923 0.00170124 0.005305 0.0134004 0.0274219 0.0454657 0.0610921 0.0665672 0.0589237 0.0426305 0.0257902 0.0142208 0.00917355 0.00908741 0.012052 0.0168466 0.0227989 0.029381 0.0359907 0.0419419 0.0465705 0.0493745 0.0501236 0.0489003 0.0460558 0.042103 0.0375841 0.0329572 0.0285348 0.024476 0.0208219 0.0175475 0.0146091
 1.04322e-16 2.54782e-05 0.00014952 0.000710715 0.00273623 0.00853263 0.0215529 0.0441008 0.073105 0.0981874 0.106872 0.0943272 0.0676504 0.0397402 0.0197736 0.00954742 0.00633648 0.00691467 0.00929961 0.0125935 0.0163671 0.020283 0.0239854 0.0271227 0.0294112 0.0306892 0.0309407 0.0302778 0.0288947 0.0270094 0.0248156 0.0224567 0.0200258 0.0175806 0.0151642 0.0128204
 1.03571e-16 2.06219e-05 0.000120994 0.000575065 0.00221389 0.00690368 0.0174385 0.0356837 0.0591583 0.0794742 0.0865526 0.0765094 0.0551255 0.0328933 0.017313 0.0099267 0.0086143 0.0108199 0.0149311 0.0201218 0.0258407 0.0315212 0.0365386 0.0402983 0.0423625 0.0425487 0.0409657 0.0379701 0.0340642 0.0297706 0.0255248 0.0216149 0.018175 0.0152179 0.0126868 0.0105035
 1.05413e-16 1.25503e-05 7.35994e-05 0.000349732 0.00134628 0.00419804 0.0106044 0.0217012 0.0359845 0.0483638 0.0527284 0.0467459 0.0339767 0.0208686 0.0120743 0.00864385 0.0094041 0.0128929 0.0181626 0.0246505 0.0318483 0.0391318 0.045773 0.0510574 0.0544324 0.0556243 0.0546851 0.0519498 0.0479294 0.0431761 0.0381684 0.0332464 0.0286037 0.0243197 0.0204088 0.0168636
 1.07718e-16 1.63519e-05 9.59344e-05 0.00045595 0.0017553 0.00547362 0.0138262 0.0282919 0.0469038 0.0630112 0.0686232 0.0606606 0.0437069 0.0260831 0.0137404 0.00791135 0.00693402 0.00881358 0.0123192 0.0168593 0.0220714 0.0275813 0.0329512 0.0377304 0.0415366 0.0441239 0.0454145 0.0454811 0.0444961 0.0426677 0.0401888 0.0372126 0.033857 0.0302234 0.0264183 0.0225639
 1.05974e-16 2.26271e-05 0.000132778 0.000631114 0.00242974 0.00757682 0.0191386 0.0391614 0.0649192 0.0871992 0.0949285 0.0838251 0.0602044 0.0355395 0.0180052 0.0092283 0.00682017 0.00793883 0.0108281 0.0146669 0.019018 0.0234973 0.0276899 0.0311909 0.0336846 0.035007 0.035171 0.0343402 0.0327671 0.0307186 0.028415 0.0260001 0.0235445 0.0210705 0.0185848 0.016104
 1.04002e-16 2.22505e-05 0.00013056 0.000620553 0.00238905 0.00744992 0.0188182 0.0385063 0.0638353 0.08575 0.0933682 0.0824887 0.0593344 0.0352061 0.0181676 0.00984819 0.00792593 0.00962019 0.0131926 0.0177882 0.0228897 0.0279983 0.0325708 0.0360879 0.0381623 0.0386237 0.0375502 0.035232 0.0320848 0.0285431 0.0249696 0.0216053 0.0185646 0.0158644 0.0134677 0.0113235
 1.02854e-16 2.55357e-05 0.000149851 0.000712279 0.00274223 0.00855133 0.0216001 0.044198 0.073268 0.0984114 0.107129 0.094587 0.0679075 0.0400331 0.0201808 0.0101734 0.00729886 0.0083312 0.0112694 0.0151696 0.0195255 0.0238973 0.0278183 0.0308427 0.0326345 0.0330405 0.0321181 0.0301059 0.0273528 0.0242288 0.0210486 0.0180293 0.0152839 0.0128438 0.0106927 0.0087982
 1.02785e-16 2.17249e-05 0.00012747 0.000605858 0.00233245 0.00727343 0.0183724 0.0375945 0.0623251 0.0837253 0.091174 0.0805749 0.0580118 0.0345296 0.0180171 0.0100836 0.0084799 0.0105021 0.01445 0.0194655 0.0249967 0.0304897 0.0353364 0.0389573 0.0409232 0.0410515 0.0394421 0.036437 0.0325232 0.0282125 0.0239371 0.0199907 0.0165195 0.0135512 0.0110423 0.00892291
 1.03485e-16 2.13529e-05 0.00012529 0.000595497 0.00229257 0.00714907 0.0180582 0.0369515 0.0612584 0.0822902 0.0896058 0.0791759 0.0569763 0.033857 0.0175645 0.00967262 0.00796502 0.00978426 0.0134695 0.0182012 0.0234742 0.0287913 0.0336029 0.0373768 0.0397056 0.0403934 0.0394906 0.0372609 0.0341001 0.0304335 0.0266285 0.0229445 0.0195263 0.0164281 0.0136513 0.0111779
 1.04047e-16 2.0342e-05 0.000119354 0.000567276 0.00218391 0.00681021 0.0172023 0.0352003 0.0583561 0.078394 0.0853699 0.0754491 0.0543293 0.032354 0.0169134 0.00951955 0.00807427 0.0100561 0.0138858 0.0187743 0.024219 0.0297132 0.0346937 0.0386146 0.0410593 0.0418286 0.0409759 0.0387725 0.0356231 0.0319597 0.0281521 0.0244572 0.021014 0.0178698 0.0150206 0.012447
 1.04455e-16 2.01296e-05 0.000118108 0.000561354 0.00216112 0.00673912 0.0170227 0.0348328 0.0577467 0.0775751 0.0844772 0.0746579 0.0537547 0.0320024 0.0167126 0.00938053 0.00792952 0.00986525 0.0136279 0.0184426 0.0238205 0.0292706 0.0342459 0.0382145 0.0407667 0.0417013 0.04106 0.0390941 0.0361838 0.0327366 0.0291022 0.0255246 0.022138 0.0189922 0.0160919 0.0134295
 1.03644e-16 2.51314e-05 0.000147479 0.000701006 0.00269884 0.008416 0.0212583 0.0434985 0.0721079 0.0968521 0.105429 0.0930785 0.0668089 0.0393545 0.0197821 0.00988157 0.00698055 0.0079044 0.0106898 0.0144214 0.0186225 0.022888 0.0267872 0.0299049 0.0319218 0.032681 0.0322147 0.0307181 0.0284861 0.0258344 0.023033 0.0202692 0.0176449 0.015197 0.0129282 0.0108331
 1.02794e-16 2.46274e-05 0.000144516 0.000686907 0.00264454 0.00824666 0.0208306 0.0426237 0.0706594 0.0949112 0.103329 0.0912535 0.0655629 0.0387487 0.0197137 0.0102329 0.00770669 0.00903416 0.0122835 0.0165247 0.0212298 0.0259178 0.030074 0.0332093 0.0349609 0.035173 0.0339266 0.0315053 0.0283137 0.0247757 0.0212485 0.0179728 0.0150665 0.0125504 0.0103886 0.00852557
 1.03058e-16 2.1375e-05 0.000125417 0.000596098 0.00229488 0.00715625 0.0180764 0.0369888 0.061321 0.0823763 0.0897048 0.079276 0.0570757 0.0339705 0.0177226 0.00991573 0.00833834 0.0103327 0.0142303 0.019193 0.024685 0.0301689 0.0350523 0.0387673 0.0408879 0.0412244 0.039859 0.0371078 0.0334289 0.0293073 0.0251562 0.0212605 0.0177681 0.0147175 0.0120821 0.00981067
 1.03298e-16 2.38408e-05 0.0001399 0.000664964 0.00256006 0.00798321 0.0201652 0.041262 0.0684019 0.0918784 0.100026 0.0883336 0.0634588 0.0374931 0.019054 0.00985954 0.0073949 0.00866325 0.0118041 0.0159321 0.0205556 0.0252301 0.0294755 0.0328277 0.0349307 0.0356117 0.0349109 0.033053 0.0303771 0.0272476 0.0239788 0.0207925 0.0178127 0.0150864 0.0126173 0.0103943
 1.03422e-16 2.13917e-05 0.000125516 0.000596569 0.0022967 0.00716192 0.0180907 0.037018 0.0613692 0.0824403 0.0897727 0.0793317 0.0571063 0.0339699 0.0176878 0.00984182 0.00821566 0.0101478 0.013969 0.0188452 0.024249 0.0296554 0.0344862 0.038187 0.0403422 0.0407654 0.0395352 0.0369567 0.033472 0.0295479 0.0255797 0.0218373 0.0184586 0.0154769 0.0128654 0.0105768
pSPR Fmed_Fpbrs
0.664369   0.255389 0.255389
Fs Fmed_Fpbrs
0.216247   1.005 1.005
SSBpbr Bo_Bmed_Bpbrs
1.22559e+06  752967  251724 251724
Ro
50011.1
SPR SPRFo_SPRFmed_SPRFpbrs
1.02891e+06 683574 262772
log_Ro
10.64
likeval ReclasPelacesDesembMPH_pf_preclas_ppelaces_ptallas_desvR_qrecl_qpela
 142.622 61.7943 0.108424 0.000934805 313.495 185.021 84.8413 0 14.2916 0 0 0 0 0 0
q_reclas_q_pelaces
1 1
M
0.7
N
 71142.9 29732.6 14764.8 7331.97 7232.51
 70364.4 33278.3 13100.8 6505.66 6417.4
 34601.9 32599 14383.7 5662.47 5585.66
 36335.5 14876.1 12133.6 5353.73 4186.65
 69533.6 17427.6 6891.44 5620.97 4419.63
 73529.9 34208.7 8494.3 3358.92 4893.83
 104068 32322.3 13311.3 3305.3 3211.31
 71563.2 48264.8 14000.3 5765.75 2822.66
 140572 30746.4 17941 5204.2 3192.48
 130392 59661.7 11153.1 6508.01 3045.86
 57555.4 57525.9 23384.4 4371.46 3744.64
 46279.2 21931.8 16820.8 6837.71 2373.18
 50338.2 17722.6 6476.82 4967.47 2720.13
 30941 17203.9 4168.59 1523.44 1808.23
 23135.6 8344.35 2519.7 610.537 487.96
 16412.5 7293.68 1670.06 504.3 219.856
 16948.7 6751.37 2485.33 569.075 246.757
 17404.4 7221.63 2468.27 908.628 298.265
 19184.1 7771.24 2899.37 990.972 484.548
 34281 8652.69 3183.59 1187.76 604.465
 52894.6 15528.7 3575.34 1315.48 740.559
 63942.6 25176.8 7084.67 1631.18 938.029
 104510 30117 11247.4 3164.97 1147.76
 126284 48823.8 13236.2 4943.13 1895.41
pred_Ctot
 2979.5 2426.52 1204.97 598.373 590.255
 3406.69 3126.79 1230.93 611.264 602.971
 3368.44 5970.01 2634.15 1037 1022.93
 893.969 720.948 588.038 259.46 202.9
 464.682 231.976 91.7306 74.8196 58.8289
 6113.13 5399.26 1340.68 530.148 772.409
 4963.28 2993.02 1232.61 306.068 297.365
 6996.35 8874.39 2574.22 1060.14 518.998
 14824.6 6068.08 3540.81 1027.1 630.064
 10534.9 9164.84 1713.27 999.717 467.884
 9777.5 17532.4 7126.95 1332.31 1141.27
 7730.93 6585.26 5050.63 2053.09 712.573
 11531 6998.28 2557.57 1961.55 1074.12
 10526.7 9333.34 2261.52 826.486 980.988
 6235.44 3770.12 1138.45 275.851 220.469
 2047.97 1681.99 385.131 116.296 50.7009
 1745.78 1303.48 479.841 109.871 47.6412
 1269.95 1006.88 344.139 126.685 41.5856
 1272.57 989.175 369.051 126.137 61.6765
 2176.32 1055.96 388.519 144.953 73.7679
 1582.22 911.96 209.971 77.2547 43.4912
 2376.42 1828.76 514.605 118.483 68.1351
 4468.29 2507.81 936.556 263.543 95.5725
 5021.24 3787.98 1026.93 383.512 147.055
F
 0.0597863 0.119573 0.119573 0.119573 0.119573
 0.0694056 0.138811 0.138811 0.138811 0.138811
 0.14415 0.2883 0.2883 0.2883 0.2883
 0.0347386 0.0694772 0.0694772 0.0694772 0.0694772
 0.0093309 0.0186618 0.0186618 0.0186618 0.0186618
 0.121934 0.243867 0.243867 0.243867 0.243867
 0.0683384 0.136677 0.136677 0.136677 0.136677
 0.144807 0.289615 0.289615 0.289615 0.289615
 0.157027 0.314054 0.314054 0.314054 0.314054
 0.118311 0.236621 0.236621 0.236621 0.236621
 0.264809 0.529617 0.529617 0.529617 0.529617
 0.259854 0.519709 0.519709 0.519709 0.519709
 0.37363 0.747261 0.747261 0.747261 0.747261
 0.610497 1.22099 1.22099 1.22099 1.22099
 0.454362 0.908724 0.908724 0.908724 0.908724
 0.188301 0.376602 0.376602 0.376602 0.376602
 0.153113 0.306226 0.306226 0.306226 0.306226
 0.106294 0.212588 0.212588 0.212588 0.212588
 0.0962105 0.192421 0.192421 0.192421 0.192421
 0.091905 0.18381 0.18381 0.18381 0.18381
 0.0423772 0.0847543 0.0847543 0.0847543 0.0847543
 0.0528948 0.10579 0.10579 0.10579 0.10579
 0.0610681 0.122136 0.122136 0.122136 0.122136
 0.0566841 0.113368 0.113368 0.113368 0.113368
nmprior
 10 10 8 0
nm_flota  nm_reclas  nm_pelaces    nm_pelaL
inf 12.9189 12.568 20.8506
cv_recla  cv_pelaces  cv_mph
1.10566 0.924994 0.991971
 ------------------------------------------------
Talla a la edad & desviación 
 7.2 14.2025 17.0495 18.207 18.6776
 1.08 2.13037 2.55742 2.73105 2.80164
