years
 1997 1998 1999 2000 2001 2002 2003 2004 2005 2006 2007 2008 2009 2010 2011 2012 2013 2014 2015 2016 2017 2018 2019 2020
reclasobs
 0 0 0 370054 412103 1.49427e+06 250295 1.28982e+06 931140 785840 897777 1.04006e+06 184774 17550 25797 100020 73551 82996 120727 218422 84188 347160 605670 569463
reclaspred
 615893 118528 182689 128218 266475 285138 617602 482788 670847 910703 765630 511506 322957 141041 88733.4 84659.5 98914.1 120565 111884 183817 295130 265553 416122 358749
pelacesobs
 0 0 0 0 0 0 0 0 0 2.06254e+06 1.5e+06 0 1.87456e+06 323000 250000 174000 83755 137374 0 501740 490994 745055 786931 1.00524e+06
pelacespred
 699894 180292 117773 151019 284612 241846 670880 559099 758044 1.02279e+06 784110 545889 347465 122515 75709.5 78013.8 95526.2 119041 112689 179737 326533 286635 356023 368090
mphobs
 0 0 0 0 0 112323 0 153150 637223 0 255016 313432 73983 77613 109348 50772 0 0 0 0 0 0 0 0
mphpred
 787659 339613 247514 148326 216224 446289 565073 680919 697490 941765 1.30155e+06 946738 568027 305627 132029 103793 119975 152157 167866 175609 318901 405864 486252 585092
desembarqueobs
 350755 77701 442110 56441 14545 235359 269955 359681 431902 328805 639364 411747 362871 311530 167758 66681 60226 58785 57116 71774 51957 67425 138520 160799
desembarquepred
 350736 77673.1 441672 56429.1 14544.6 235330 269937 359420 431681 328660 638954 411593 362620 311347 167545 66656.3 60224.2 58764.2 57091.3 71741.2 51949.7 67401.1 138479 160763
Reclutas
 20631.3 37102.2 8163.03 29872.3 60189.3 29416.5 61201.4 80245.7 119385 187682 64090.3 34328.8 46970.9 21905.6 15197.7 16670.2 12086.1 11747.6 11580.6 31055.4 36702.8 42218.4 55997.4 27174.7
log_desv_Rt
 -0.465435 0.121431 -1.39263 -0.0953132 0.60525 -0.110688 0.621926 0.892848 1.29011 1.7425 0.668048 0.0437405 0.357283 -0.405503 -0.771098 -0.678623 -1.00019 -1.0286 -1.04292 -0.0564711 0.110608 0.250611 0.533061 -0.189958
SSB
 787659 339613 247514 148326 216224 446289 565073 680919 697490 941765 1.30155e+06 946738 568027 305627 132029 103793 119975 152157 167866 175609 318901 405864 486252 585092
BT
 1.49104e+06 471086 443780 330858 521433 616527 1.39023e+06 1.3974e+06 1.74957e+06 2.13912e+06 1.96251e+06 1.34891e+06 979038 517707 276260 194577 219938 260464 251435 380413 626125 576802 733524 796186
Ftot
 0.348388 0.532327 1.31615 0.476665 0.0617127 0.497632 0.381642 0.717677 0.674956 0.374598 0.519437 0.471457 0.798866 1.3934 1.51325 0.648089 0.48396 0.36167 0.345101 0.384324 0.144941 0.177094 0.22483 0.270115
BD_Bspro_t
 0.949936 0.707149 0.537161 0.263629 0.474845 0.700251 0.605776 0.613512 0.583817 0.607708 0.651469 0.500034 0.380745 0.281231 0.163466 0.162194 0.241865 0.366105 0.446228 0.516833 0.681629 0.777742 0.777625 0.752473
BD_Bspro
 1.16511 0.502356 0.366122 0.219404 0.319838 0.660151 0.835857 1.00722 1.03173 1.39306 1.92526 1.40042 0.840226 0.452084 0.195298 0.153531 0.177467 0.225071 0.248307 0.25976 0.471719 0.600355 0.719264 0.865468
BD_Bo
 0.8701 0.375159 0.27342 0.163851 0.238855 0.493 0.624217 0.752187 0.770493 1.04033 1.43778 1.04583 0.62748 0.337615 0.145848 0.114657 0.132532 0.168083 0.185435 0.193989 0.352279 0.448344 0.537146 0.646331
BD_Brms
 2.92179 1.25978 0.918143 0.55021 0.802073 1.65549 2.09612 2.52584 2.58731 3.49344 4.82806 3.51189 2.10707 1.13371 0.489757 0.385016 0.445042 0.564421 0.622692 0.651413 1.18295 1.50554 1.80373 2.17038
S_f
 0.152887 1 1 1 1
 0.152887 1 1 1 1
 0.152887 1 1 1 1
 0.152887 1 1 1 1
 0.152887 1 1 1 1
 0.152887 1 1 1 1
 0.152887 1 1 1 1
 0.152887 1 1 1 1
 0.152887 1 1 1 1
 0.152887 1 1 1 1
 0.152887 1 1 1 1
 0.152887 1 1 1 1
 0.152887 1 1 1 1
 0.152887 1 1 1 1
 0.152887 1 1 1 1
 0.152887 1 1 1 1
 0.152887 1 1 1 1
 0.152887 1 1 1 1
 0.152887 1 1 1 1
 0.152887 1 1 1 1
 0.152887 1 1 1 1
 0.152887 1 1 1 1
 0.152887 1 1 1 1
 0.152887 1 1 1 1
Scru_reclas
 1 1 1 1 1
 1 1 1 1 1
 1 1 1 1 1
 1 1 1 1 1
 1 1 1 1 1
 1 1 1 1 1
 1 1 1 1 1
 1 1 1 1 1
 1 1 1 1 1
 1 1 1 1 1
 1 1 1 1 1
 1 1 1 1 1
 1 1 1 1 1
 1 1 1 1 1
 1 1 1 1 1
 1 1 1 1 1
 1 1 1 1 1
 1 1 1 1 1
 1 1 1 1 1
 1 1 1 1 1
 1 1 1 1 1
 1 1 1 1 1
 1 1 1 1 1
 1 1 1 1 1
Scru_pelaces
 1 1 1 1 1
 1 1 1 1 1
 1 1 1 1 1
 1 1 1 1 1
 1 1 1 1 1
 1 1 1 1 1
 1 1 1 1 1
 1 1 1 1 1
 1 1 1 1 1
 1 1 1 1 1
 1 1 1 1 1
 1 1 1 1 1
 1 1 1 1 1
 1 1 1 1 1
 1 1 1 1 1
 1 1 1 1 1
 1 1 1 1 1
 1 1 1 1 1
 1 1 1 1 1
 1 1 1 1 1
 1 1 1 1 1
 1 1 1 1 1
 1 1 1 1 1
 1 1 1 1 1
pf_obs 
 0.256992 0.487395 0.22802 0.0275931 0
 0.321318 0.546541 0.124235 0.00734118 0.000564706
 0.182869 0.594174 0.210203 0.0122559 0.00049798
 0.330522 0.361315 0.267642 0.0388342 0.00168674
 0.649043 0.306663 0.0425973 0.00169635 0
 0.582887 0.30429 0.105238 0.00758474 0
 0.465427 0.430635 0.0974691 0.00646863 0
 0.296916 0.608066 0.0921331 0.00288517 0
 0.311714 0.524322 0.152257 0.0117073 0
 0.15457 0.633149 0.183074 0.0267441 0.00246327
 0.131901 0.49318 0.331252 0.0422183 0.00144891
 0.196976 0.569456 0.194076 0.0375587 0.00193317
 0.518974 0.381816 0.0799577 0.0180837 0.00116848
 0.0928022 0.601141 0.25162 0.0475244 0.00691264
 0.122501 0.610282 0.24278 0.0234846 0.000952079
 0.383417 0.481906 0.127806 0.00687128 0
 0.0376549 0.599619 0.316969 0.0457579 0
 0.0361596 0.667082 0.258105 0.0386534 0
 0.158088 0.579412 0.248529 0.0139706 0
 0.0477256 0.309471 0.559284 0.082774 0.000745712
 0.0406174 0.521527 0.379366 0.0568643 0.0016247
 0.151134 0.462217 0.34131 0.0453401 0
 0.294876 0.26143 0.354403 0.0886775 0.000613685
 0.281977 0.475581 0.204845 0.0348837 0.00271318
pf_pred 
 0.10698 0.599621 0.259204 0.0341878 6.45911e-06
 0.253368 0.359418 0.259996 0.112391 0.0148266
 0.0771931 0.685357 0.114305 0.0826859 0.0404588
 0.459698 0.281595 0.192139 0.0320452 0.0345234
 0.374117 0.547973 0.0406053 0.027706 0.00959904
 0.12678 0.69948 0.152113 0.0112717 0.0103556
 0.302936 0.382096 0.252301 0.0548667 0.00780091
 0.29812 0.543224 0.0869673 0.0574253 0.0142635
 0.340687 0.526889 0.10249 0.0164081 0.0135255
 0.336402 0.547845 0.0925036 0.0179937 0.00525532
 0.0966149 0.721975 0.149766 0.025288 0.00635566
 0.0911082 0.431443 0.381572 0.0791529 0.016724
 0.212325 0.356417 0.204714 0.181051 0.0454924
 0.155516 0.612245 0.105086 0.0603582 0.0667943
 0.233957 0.547461 0.158471 0.0272 0.0329115
 0.303541 0.568718 0.0912914 0.0264257 0.0100239
 0.189258 0.646497 0.13412 0.0215291 0.00859582
 0.194909 0.530965 0.218592 0.0453482 0.0101857
 0.191932 0.528299 0.18451 0.0759606 0.019298
 0.392871 0.393152 0.139894 0.0488584 0.0252245
 0.25395 0.623847 0.0791332 0.0281577 0.0149113
 0.21403 0.553866 0.194086 0.0246193 0.0133993
 0.231081 0.507295 0.184364 0.064605 0.0126551
 0.104849 0.614576 0.18511 0.0672737 0.028192
pobs_RECLAS
 0 0 0 0 0
 0 0 0 0 0
 0 0 0 0 0
 0 0 0 0 0
 0.835266 0.146461 0.0176864 0.000547809 3.91292e-05
 0.385257 0.428462 0.181853 0.0044286 0
 0.867414 0.0963971 0.0333333 0.00285562 0
 0.441836 0.489002 0.0689373 0.000224442 0
 0.779404 0.147425 0.0564933 0.0165055 0.000172143
 0.814271 0.122319 0.05973 0.00367925 0
 0.40263 0.566651 0.0304383 0.000280538 0
 0.475488 0.404961 0.113038 0.00651328 0
 0.955842 0.0263864 0.0167828 0.000988607 0
 0.975058 0.0227948 0.00214734 0 0
 0.738997 0.206755 0.0527124 0.00153531 0
 0.850938 0.134255 0.0134407 0.00136685 0
 0.542534 0.407297 0.0501686 0 0
 0.764087 0.199537 0.0359546 0.000420521 0
 0.470689 0.182191 0.310203 0.0369168 0
 0.84361 0.089868 0.0606195 0.00523954 0.000663233
 0.607945 0.314616 0.071237 0.00620181 0
 0.523733 0.453247 0.0230204 0 0
 0.530135 0.295979 0.169645 0.0042399 0
 0.562478 0.366248 0.0663022 0.0049721 0
ppred_RECLAS
 0.444714 0.372849 0.161175 0.0212582 4.01632e-06
 0.697309 0.145711 0.105405 0.0455644 0.00601086
 0.383979 0.457511 0.0763043 0.055197 0.0270083
 0.851798 0.07724 0.0527027 0.00878983 0.00946959
 0.796837 0.177873 0.0131806 0.00899344 0.00311587
 0.495606 0.404038 0.0878642 0.00651082 0.00598164
 0.744432 0.140089 0.0925022 0.020116 0.00286008
 0.745927 0.196641 0.0314812 0.0207873 0.00516325
 0.780512 0.175403 0.0341193 0.00546232 0.0045027
 0.772515 0.187804 0.0317107 0.00616834 0.00180155
 0.420351 0.463249 0.096096 0.0162258 0.00407805
 0.403646 0.283084 0.250362 0.0519348 0.0109732
 0.652717 0.157143 0.0902579 0.0798248 0.0200575
 0.581259 0.303585 0.0521075 0.0299289 0.0331202
 0.701078 0.213628 0.0618378 0.0106139 0.0128426
 0.749455 0.204591 0.0328412 0.00950639 0.00360599
 0.612095 0.309321 0.0641706 0.0103007 0.00411273
 0.61834 0.251708 0.103625 0.0214977 0.00482863
 0.613526 0.252669 0.0882456 0.0363296 0.00922966
 0.812669 0.121308 0.0431646 0.0150754 0.0077831
 0.691756 0.257754 0.0326953 0.0116339 0.00616089
 0.642717 0.251774 0.088227 0.0111913 0.006091
 0.665713 0.220546 0.080152 0.028087 0.00550181
 0.43775 0.386018 0.116269 0.042255 0.0177075
pobs_PELACES
 0 0 0 0 0
 0 0 0 0 0
 0 0 0 0 0
 0 0 0 0 0
 0 0 0 0 0
 0 0 0 0 0
 0 0 0 0 0
 0 0 0 0 0
 0 0 0 0 0
 0 0 0 0 0
 0.450072 0.473896 0.0757376 0.000293798 0
 0 0 0 0 0
 0.463077 0.371075 0.160297 0.00555027 0
 0.529543 0.364841 0.0842815 0.0213345 0
 0.631943 0.363953 0.00410389 0 0
 0.735681 0.248677 0.0153453 0.000297389 0
 0.695825 0.281241 0.0229344 0 0
 0.275771 0.60734 0.115278 0.00161068 0
 0 0 0 0 0
 0.896147 0.0623911 0.0374545 0.00400742 0
 0.803859 0.145111 0.0509908 3.86294e-05 0
 0.739449 0.233085 0.0266225 0.000797448 4.60066e-05
 0.878498 0.100942 0.0204185 0.000141795 0
 0.694673 0.275183 0.0284847 0.00165964 0
ppred_PELACES
 0.468875 0.356626 0.154162 0.0203333 3.84157e-06
 0.727768 0.131049 0.0947982 0.0409794 0.005406
 0.473833 0.390778 0.0651746 0.047146 0.0230688
 0.867843 0.0688775 0.0469967 0.00783818 0.00844434
 0.799615 0.175441 0.0130003 0.00887044 0.00307326
 0.530346 0.376209 0.0818125 0.00606239 0.00556965
 0.764196 0.129256 0.0853489 0.0185604 0.00263891
 0.782046 0.168687 0.0270058 0.0178322 0.00442924
 0.811125 0.150939 0.0293606 0.00470048 0.00387469
 0.790392 0.173046 0.0292188 0.00568362 0.00165998
 0.456082 0.434693 0.0901724 0.0152256 0.00382667
 0.435733 0.267853 0.236891 0.0491405 0.0103828
 0.701473 0.135081 0.0775862 0.0686179 0.0172415
 0.672049 0.237763 0.0408097 0.0234398 0.0259392
 0.781676 0.156028 0.0451645 0.00775207 0.00937986
 0.781918 0.178082 0.028586 0.00827464 0.00313876
 0.64369 0.284127 0.0589439 0.00946174 0.00377775
 0.641899 0.236171 0.0972287 0.0201707 0.00453058
 0.636136 0.237887 0.0830831 0.0342042 0.0086897
 0.828479 0.11107 0.0395218 0.0138031 0.00712625
 0.700328 0.250586 0.0317861 0.0113103 0.00598957
 0.654003 0.243821 0.08544 0.0108378 0.00589859
 0.679551 0.211416 0.076834 0.0269243 0.00527406
 0.456414 0.373205 0.112409 0.0408523 0.0171197
pobs_pel_tallas
 0 0 0 0 0 0 0 0 0 0 0 0 0 0 0 0 0 0 0 0 0 0 0 0 0 0 0 0 0 0 0 0 0 0 0 0
 0 0 0 0 0 0 0 0 0 0 0 0 0 0 0 0 0 0 0 0 0 0 0 0 0 0 0 0 0 0 0 0 0 0 0 0
 0 0 0 0 0 0 0 0 0 0 0 0 0 0 0 0 0 0 0 0 0 0 0 0 0 0 0 0 0 0 0 0 0 0 0 0
 0 0 0 0 0 0 0 0 0 0 0 0 0 0 0 0 0 0 0 0 0 0 0 0 0 0 0 0 0 0 0 0 0 0 0 0
 0 0 0 0 0 0 0 0 0 0 0 0 0 0 0 0 0 0 0 0 0 0 0 0 0 0 0 0 0 0 0 0 0 0 0 0
 0 0 0 0 0 0 0 0 0 0 0 0 0 0 0 0 0 0 0 0 0 0 0 0 0 0 0 0 0 0 0 0 0 0 0 0
 0 0 0 0 0 0 0 0 0 0 0 0 0 0 0 0 0 0 0 0 0 0 0 0 0 0 0 0 0 0 0 0 0 0 0 0
 0 0 0 0 0 0 0 0 0 0 0 0 0 0 0 0 0 0 0 0 0 0 0 0 0 0 0 0 0 0 0 0 0 0 0 0
 0 0 0 0 0 0 0 0 0 0 0 0 0 0 0 0 0 0 0 0 0 0 0 0 0 0 0 0 0 0 0 0 0 0 0 0
 0 0 0 0 0 0 0 0 0 0 0 0 0 0 0 0 0 0 0 0 0 0 0 0 0 0 0 0 0 0 0 0 0 0 0 0
 0 0 0 0 0 0 0 0 1.78061e-05 0.00172719 0.00360574 0.0105946 0.0120993 0.0124554 0.0147524 0.0171206 0.0266825 0.0428682 0.0675386 0.121331 0.153587 0.119568 0.100827 0.0573624 0.0630603 0.0341343 0.0324427 0.0444173 0.0211091 0.0280891 0.0125444 0.00206551 0 0 0 0
 0 0 0 0 0 0 0 0 0 0 0 0 0 0 0 0 0 0 0 0 0 0 0 0 0 0 0 0 0 0 0 0 0 0 0 0
 0 0 0 0 0 0 0.0133647 0.0140871 0.0187388 0.0205184 0.03894 0.0496705 0.03968 0.0493445 0.0407372 0.0367815 0.0215668 0.0243155 0.0234873 0.0199281 0.019796 0.0243948 0.0301388 0.0376714 0.0412746 0.0863199 0.0771752 0.113111 0.0741005 0.0525337 0.0229764 0.00759418 0.00175318 0 0 0
 0 0 0 0 0 0 0 0 0 0 0.00219441 0.00772107 0.0458388 0.0604681 0.0671733 0.0775358 0.0609151 0.0617685 0.073594 0.0568108 0.0755445 0.0548602 0.0670107 0.0636378 0.0643287 0.046367 0.0373049 0.0286899 0.0247887 0.0153202 0.00654259 0.00121912 0.000365735 0 0 0
 0 0 0 0 0 0 0 0 0 0 0 0 0.000112435 0.00938835 0.0111873 0.0202946 0.0414886 0.0713402 0.111592 0.104902 0.108894 0.110636 0.117776 0.105296 0.107544 0.0401394 0.0192827 0.0124803 0.00416011 0.0028671 0.000618394 0 0 0 0 0
 0 0 0 0 0 0 0 0 0 0 0.00291406 0.0102884 0.027416 0.0768956 0.0749926 0.110853 0.0956884 0.0897413 0.0766577 0.0534642 0.0500743 0.0551293 0.0594112 0.0620874 0.0668451 0.0424026 0.0208742 0.0120726 0.0048766 0.00582813 0.00118941 0.000297354 0 0 0 0
 0 0.00264628 0.0354308 0.0461629 0.0458689 0.0383711 0.0214643 0.0164657 0.0346957 0.0420465 0.0363128 0.0245516 0.0311673 0.0291091 0.0169068 0.0133784 0.00837989 0.0085269 0.0148486 0.0160247 0.0276389 0.0546898 0.0760071 0.122758 0.109233 0.0665981 0.0333725 0.0166128 0.00676272 0.00308733 0.000882094 0 0 0 0 0
 0 0 0 0 0 0 0 0.000805153 0.000690131 0.00759144 0.0133425 0.0154129 0.00931677 0.000345066 0.00356568 0.00563607 0.00851162 0.0253048 0.0502646 0.0516448 0.0657925 0.0565908 0.0611916 0.0827007 0.0866115 0.110766 0.145733 0.0935128 0.0569358 0.0249597 0.0138026 0.00621118 0.00161031 0.00115022 0 0
 0 0 0 0 0 0 0 0 0 0 0 0 0 0 0 0 0 0 0 0 0 0 0 0 0 0 0 0 0 0 0 0 0 0 0 0
 0.00147267 0.00158595 0.00478618 0.00569244 0.00954404 0.0108468 0.00647125 0.017049 0.0510054 0.094081 0.124002 0.0959785 0.0687766 0.0820023 0.061753 0.0591476 0.0492212 0.0479892 0.0443925 0.0268479 0.0217502 0.0140895 0.0121071 0.0120363 0.00920419 0.00665534 0.0049561 0.00860946 0.00930331 0.0156896 0.0114698 0.00855282 0.00243557 0.00046729 0 2.83206e-05
 0 0 0 0 0.000772559 0.00158375 0.000888443 0.00281984 0.00712685 0.0440552 0.0773331 0.111326 0.0921469 0.0852325 0.0710754 0.0886704 0.0786465 0.0553345 0.0373146 0.0185414 0.00753245 0.00457741 0.012979 0.0271748 0.0457355 0.0583668 0.034881 0.0177882 0.00938659 0.00492506 0.0015258 0.00185414 0.000309023 5.79419e-05 3.86279e-05 0
 0 0.00173294 0.00326652 0 0.00397197 0.00683976 0.00946217 0.0152591 0.00757587 0.0136028 0.0228656 0.0392903 0.0559909 0.0764795 0.0681675 0.0726916 0.0566044 0.0477403 0.0527397 0.0444891 0.0609904 0.0582453 0.0661739 0.0445044 0.0529084 0.0360697 0.0280645 0.0235558 0.0158879 0.00826598 0.00280645 0.00217768 0.000904811 0.00058276 9.20147e-05 0
 0 0 0 0 0 0 0 0 0 0 0 0 0 0 0 0 0 0 0 0 0 0 0 0 0 0 0 0 0 0 0 0 0 0 0 0
 0 0 0 0 0 0 0 0 0 0 0 0 0 0 0 0 0 0 0 0 0 0 0 0 0 0 0 0 0 0 0 0 0 0 0 0
ppred_pel_tallas
 1.03004e-16 2.04726e-05 0.00012012 0.000570917 0.00219793 0.00685392 0.0173127 0.0354262 0.0587307 0.0788974 0.0859186 0.0759351 0.0546818 0.0325691 0.0170356 0.00960454 0.00816586 0.0101837 0.0140702 0.0190316 0.0245609 0.0301442 0.0352072 0.0391901 0.04166 0.0424019 0.0414566 0.039089 0.0357055 0.0317497 0.0276125 0.0235791 0.0198199 0.0164125 0.0133768 0.0107077
 1.0305e-16 3.17522e-05 0.000186362 0.000885887 0.00341072 0.010636 0.0268657 0.0549706 0.091119 0.122368 0.133154 0.117435 0.0840282 0.0489687 0.0236352 0.0101948 0.00517631 0.00450068 0.00567944 0.00763815 0.00996106 0.0124157 0.0147888 0.0168718 0.0184909 0.0195374 0.0199822 0.0198672 0.0192816 0.0183309 0.0171129 0.0157045 0.0141634 0.0125358 0.0108668 0.00920544
 1.03751e-16 2.06898e-05 0.000121393 0.000576964 0.0022212 0.00692649 0.0174961 0.0358015 0.0593536 0.0797362 0.0868373 0.0767595 0.0553022 0.0329916 0.0173516 0.00992802 0.00859204 0.010778 0.0148674 0.0200318 0.0257198 0.0313664 0.0363497 0.0400788 0.0421201 0.0422953 0.0407169 0.0377436 0.0338783 0.0296415 0.0254649 0.0216308 0.0182663 0.0153773 0.0129012 0.0107555
 1.01354e-16 3.78575e-05 0.000222212 0.00105633 0.00406701 0.0126826 0.0320352 0.0655473 0.108648 0.145899 0.158736 0.139942 0.100012 0.0580389 0.0275531 0.0110919 0.00446651 0.00277128 0.0030191 0.00394442 0.00511097 0.00634354 0.00751929 0.00852706 0.00927703 0.00971597 0.00983467 0.00966316 0.00925726 0.0086814 0.00799429 0.00724132 0.00645416 0.00565489 0.00486164 0.00409232
 1.00691e-16 3.48867e-05 0.000204761 0.000973349 0.00374746 0.0116861 0.0295182 0.0603981 0.100116 0.134452 0.146307 0.129045 0.0923571 0.0538641 0.0260724 0.0113651 0.00592493 0.00525709 0.00660036 0.0087305 0.0111319 0.0134827 0.015488 0.0168809 0.0174724 0.017195 0.0161183 0.0144281 0.0123772 0.0102259 0.00818999 0.0064106 0.00494922 0.00380263 0.00292757 0.00226525
 1.01753e-16 2.31536e-05 0.000135859 0.000645737 0.002486 0.00775226 0.0195819 0.0400692 0.0664268 0.0892326 0.0971642 0.0858519 0.0617743 0.036695 0.0190106 0.010422 0.00851673 0.0104001 0.0142536 0.019167 0.024569 0.0298989 0.0345461 0.0379317 0.0396302 0.0394667 0.0375528 0.0342462 0.0300531 0.0255056 0.0210559 0.0170137 0.0135353 0.0106503 0.00830886 0.0064268
 1.02015e-16 3.33406e-05 0.000195688 0.000930221 0.00358142 0.0111683 0.0282103 0.0577217 0.0956789 0.12849 0.139813 0.123301 0.0882112 0.0513765 0.0247405 0.0105722 0.00521874 0.00438868 0.00546163 0.00730449 0.0094795 0.0117458 0.0138875 0.015697 0.017006 0.0177166 0.0178152 0.0173642 0.0164758 0.0152795 0.0138943 0.0124129 0.0109005 0.00940158 0.00794981 0.00657556
 1.01259e-16 3.41204e-05 0.000200262 0.000951964 0.00366512 0.0114294 0.0288696 0.059071 0.0979163 0.131498 0.143092 0.126209 0.0903271 0.0526794 0.0254982 0.0111149 0.0057979 0.00515437 0.00648857 0.00860997 0.0110225 0.01342 0.0155211 0.0170682 0.017874 0.017863 0.0170868 0.015705 0.0139409 0.0120259 0.0101534 0.00845112 0.00697812 0.00573875 0.00470518 0.00383855
 1.00809e-16 3.53877e-05 0.000207704 0.000987346 0.00380136 0.0118542 0.0299427 0.0612665 0.101555 0.136382 0.148401 0.130878 0.093638 0.0545488 0.026288 0.0112624 0.00559072 0.00470848 0.00581821 0.00769342 0.00983961 0.0119694 0.0138271 0.0151797 0.0158579 0.0157928 0.0150309 0.0137168 0.012054 0.0102552 0.00850018 0.00691061 0.00554593 0.00441493 0.00349492 0.00275044
 1.00745e-16 3.44845e-05 0.0002024 0.000962123 0.00370424 0.0115513 0.0291777 0.0597014 0.0989614 0.132901 0.14462 0.127558 0.0912945 0.053248 0.0257815 0.0112517 0.00588729 0.00524779 0.00660682 0.0087576 0.0111936 0.0135987 0.0156817 0.0171763 0.0178896 0.0177459 0.0168022 0.0152294 0.013266 0.0111607 0.00912349 0.00729589 0.00574624 0.00448281 0.00347624 0.0026815
 1.02124e-16 1.99178e-05 0.000116856 0.000555384 0.0021381 0.00666732 0.0168415 0.0344626 0.0571355 0.0767617 0.0836118 0.0739415 0.053344 0.031968 0.0170773 0.0101853 0.00926762 0.0118706 0.0164344 0.022133 0.0283762 0.0345329 0.0399015 0.0438146 0.0457822 0.0456032 0.0434077 0.0396094 0.0347923 0.0295697 0.0244614 0.019822 0.0158287 0.0125129 0.0098151 0.00763765
 1.05624e-16 1.9024e-05 0.000111623 0.000530539 0.00204249 0.00636922 0.0160883 0.0329204 0.0545749 0.0733102 0.0798225 0.0705197 0.0507221 0.0300916 0.0155254 0.00842346 0.00681515 0.00834853 0.0115761 0.0158193 0.0206969 0.0258429 0.0308366 0.0352438 0.0386936 0.0409442 0.0419149 0.041673 0.0403891 0.0382777 0.035549 0.0323822 0.0289246 0.0253033 0.0216401 0.0180574
 1.04309e-16 3.06057e-05 0.000179631 0.000853887 0.00328751 0.0102518 0.0258952 0.0529849 0.0878278 0.117949 0.128347 0.113201 0.0810108 0.0472342 0.022843 0.00993063 0.00515644 0.00459331 0.00584561 0.00787809 0.0102873 0.0128438 0.0153355 0.0175555 0.0193327 0.0205619 0.0212164 0.0213375 0.0210082 0.0203216 0.0193559 0.0181652 0.0167834 0.0152371 0.0135595 0.0117981
 1.02675e-16 2.93268e-05 0.000172113 0.000818126 0.00314979 0.00982229 0.0248104 0.0507661 0.0841529 0.113023 0.123011 0.108552 0.0778085 0.0456183 0.0225293 0.0105888 0.00663357 0.00692087 0.00914099 0.0122388 0.0157101 0.0191727 0.0222422 0.0245594 0.0258607 0.0260374 0.025156 0.0234319 0.0211666 0.0186716 0.0162037 0.0139288 0.0119194 0.0101759 0.00865882 0.0073189
 1.01397e-16 3.41038e-05 0.000200166 0.000951507 0.00366337 0.0114239 0.0288558 0.0590427 0.097869 0.131433 0.143019 0.126139 0.0902638 0.0526162 0.0254189 0.0109984 0.00562163 0.00489701 0.0061335 0.0081501 0.0104659 0.0127939 0.0148729 0.0164612 0.0173784 0.0175437 0.0169908 0.0158522 0.0143202 0.0125982 0.0108594 0.00922308 0.00775098 0.00645911 0.0053364 0.00436188
 1.00895e-16 3.41152e-05 0.000200231 0.000951813 0.00366454 0.0114275 0.028865 0.0590617 0.0979011 0.131478 0.143073 0.126197 0.0903295 0.0527028 0.0255505 0.0112072 0.00594527 0.00537412 0.00679703 0.00901775 0.0115294 0.0140107 0.0161632 0.0177135 0.0184641 0.0183372 0.0173914 0.0158021 0.0138131 0.0116787 0.00961223 0.00775689 0.00618049 0.00488972 0.00385342 0.00302534
 1.01431e-16 2.80922e-05 0.000164861 0.000783636 0.00301698 0.00940811 0.0237643 0.048626 0.0806071 0.108265 0.117847 0.104027 0.0746347 0.043898 0.0219409 0.0107489 0.0073161 0.00807341 0.0108073 0.0144804 0.0185541 0.0225796 0.026092 0.0286543 0.0299461 0.0298361 0.0284091 0.0259353 0.022796 0.0193915 0.0160609 0.0130354 0.01043 0.00826512 0.00650148 0.00507524
 1.02362e-16 2.80122e-05 0.000164395 0.000781433 0.00300851 0.00938172 0.0236976 0.0484892 0.080379 0.107955 0.117499 0.103697 0.074347 0.043627 0.0216181 0.0102847 0.00661582 0.00704805 0.00938509 0.0126253 0.0162873 0.0199975 0.0233714 0.0260397 0.0277175 0.028264 0.0277065 0.0262189 0.0240672 0.0215396 0.018888 0.0162937 0.013862 0.0116385 0.00963329 0.0078425
 1.02839e-16 2.77609e-05 0.00016292 0.000774419 0.00298151 0.00929751 0.0234849 0.0480539 0.0796577 0.106987 0.116446 0.102769 0.073686 0.0432472 0.0214451 0.0102273 0.00661145 0.00706663 0.00941607 0.0126656 0.0163354 0.020052 0.0234312 0.0261055 0.0277937 0.0283604 0.0278384 0.0264069 0.0243336 0.0219052 0.0193668 0.0168894 0.0145656 0.0124282 0.0104771 0.00870265
 1.01405e-16 3.61427e-05 0.000212141 0.00100845 0.00388261 0.0121076 0.0305828 0.0625758 0.103724 0.139291 0.151557 0.133638 0.0955622 0.0555682 0.0265897 0.0110682 0.00502354 0.00378498 0.00449979 0.00593921 0.00764376 0.00938377 0.0109699 0.0122292 0.0130303 0.0133096 0.013082 0.0124304 0.0114791 0.0103607 0.00918871 0.00804197 0.00696303 0.00596672 0.00505282 0.00421704
 1.01202e-16 3.05604e-05 0.000179355 0.000852549 0.00328232 0.0102356 0.0258544 0.0529022 0.0876939 0.117778 0.128187 0.113119 0.0810815 0.0475355 0.0234723 0.0110233 0.0068894 0.00716542 0.00943706 0.0125948 0.016101 0.0195445 0.0225129 0.0246245 0.0256043 0.0253482 0.0239454 0.0216492 0.0188097 0.0157894 0.0128911 0.0103153 0.008154 0.00641054 0.0050338 0.00395129
 1.01941e-16 2.85403e-05 0.000167495 0.000796168 0.00306524 0.00955863 0.0241444 0.0494035 0.0818947 0.109991 0.119716 0.105653 0.0757507 0.0444526 0.0220304 0.0104846 0.00674649 0.00718247 0.00955044 0.0128235 0.0165031 0.0202004 0.0235166 0.0260715 0.0275773 0.0278992 0.0270809 0.0253204 0.0229115 0.0201694 0.0173669 0.0146973 0.0122682 0.0101177 0.00824163 0.0066183
 1.02332e-16 2.9653e-05 0.000174031 0.000827245 0.00318491 0.00993182 0.025087 0.0513319 0.0850901 0.114279 0.124372 0.109739 0.0786282 0.0460365 0.0226208 0.0104413 0.00629152 0.00638374 0.00838862 0.0112579 0.0145139 0.017812 0.0208074 0.0231719 0.0246545 0.0251336 0.024638 0.0233271 0.0214404 0.0192351 0.0169327 0.0146891 0.0125906 0.0106698 0.00892875 0.00735928
 1.03921e-16 1.99298e-05 0.000116932 0.000555758 0.00213956 0.00667189 0.016853 0.0344856 0.057172 0.0768057 0.0836463 0.0739402 0.053274 0.0317883 0.0167322 0.00959785 0.00833987 0.0104942 0.0145119 0.0196063 0.0252589 0.0309356 0.0360418 0.0400045 0.0423899 0.0429985 0.0419005 0.0393983 0.0359348 0.0319797 0.0279323 0.0240669 0.0205265 0.0173513 0.0145233 0.0120058
pSPR Fmed_Fpbrs
0.548957   0.347797 0.347797
Fs Fmed_Fpbrs
0.437317   1.005 1.005
SSBpbr Bo_Bmed_Bpbrs
905252  451681  269581 269581
Ro
32859.6
SPR SPRFo_SPRFmed_SPRFpbrs
676041 371117 235125
log_Ro
10.22
likeval ReclasPelacesDesembMPH_pf_preclas_ppelaces_ptallas_desvR_qrecl_qpela
 83.1559 58.7374 0.0304876 0.000729834 292.259 164.526 80.8749 0 19.1431 2.22471e-05 0 0 0 0 0
q_reclas_q_pelaces
0.512542 1
M
0.7
N
 20631.3 20047.7 8666.22 1143.03 0.215953
 37102.2 9713.78 7026.76 3037.53 400.711
 8163.03 16984.3 2832.67 2049.09 1002.64
 29872.3 3314.79 2261.76 377.22 406.392
 60189.3 13791.5 1021.97 697.312 241.592
 29416.5 29608.4 6438.81 477.122 438.342
 61201.4 13537.7 8939.03 1943.93 276.386
 80245.7 28669.2 4589.79 3030.68 752.773
 119385 35707.8 6945.86 1112 916.64
 187682 53472.1 9028.75 1756.27 512.942
 64090.3 88012.5 18257.2 3082.73 774.788
 34328.8 29396.6 25998.6 5393.12 1139.5
 46970.9 15861.7 9110.44 8057.34 2024.56
 21905.6 20643.3 3543.23 2035.12 2252.13
 15197.7 8790.82 2544.64 436.763 528.475
 16670.2 5988.2 961.234 278.243 105.544
 12086.1 7497.26 1555.35 249.667 99.6835
 11747.6 5573.75 2294.64 476.038 106.924
 11580.6 5519.87 1927.84 793.666 201.633
 31055.4 5455.18 1941.1 677.936 350.003
 36702.8 14541.6 1844.56 656.344 347.577
 42218.4 17826.6 6246.83 792.392 431.267
 55997.4 20405 7415.7 2598.62 509.03
 27174.7 26867.9 8092.6 2941.06 1232.49
pred_Ctot
 771.986 4326.96 1870.46 246.705 0.04661
 2095.39 2972.43 2150.19 929.487 122.618
 1082.5 9610.92 1602.92 1159.52 567.362
 1516.28 928.818 633.755 105.699 113.873
 406.706 595.707 44.1425 30.1194 10.4352
 1556.64 8588.4 1867.68 138.397 127.148
 2503.06 3157.13 2084.68 453.345 64.4563
 6035.19 10997.1 1760.58 1162.52 288.753
 8468.26 13096.6 2547.53 407.847 336.196
 7537.83 12275.7 2072.75 403.189 117.757
 3534.96 26415.7 5479.66 925.24 232.542
 1724.05 8164.23 7220.51 1497.82 316.469
 3911.2 6565.48 3771 3335.11 838.007
 3059.99 12046.8 2067.72 1187.63 1314.27
 2287.71 5353.27 1549.58 265.972 321.821
 1137.41 2131.08 342.083 99.021 37.5609
 622.563 2126.64 441.185 70.8196 28.2758
 455.927 1242.02 511.325 106.078 23.8263
 429.329 1181.74 412.727 169.915 43.1674
 1278.82 1279.73 455.363 159.037 82.1075
 579.218 1422.89 180.49 64.223 34.0103
 812.299 2102.07 736.609 93.4366 50.8538
 1363.45 2993.2 1087.81 381.19 74.6694
 792.523 4645.41 1399.19 508.503 213.095
F
 0.0532638 0.348388 0.348388 0.348388 0.348388
 0.0813856 0.532327 0.532327 0.532327 0.532327
 0.201221 1.31615 1.31615 1.31615 1.31615
 0.0728756 0.476665 0.476665 0.476665 0.476665
 0.00943504 0.0617127 0.0617127 0.0617127 0.0617127
 0.0760812 0.497632 0.497632 0.497632 0.497632
 0.0583478 0.381642 0.381642 0.381642 0.381642
 0.109723 0.717677 0.717677 0.717677 0.717677
 0.103192 0.674956 0.674956 0.674956 0.674956
 0.057271 0.374598 0.374598 0.374598 0.374598
 0.079415 0.519437 0.519437 0.519437 0.519437
 0.0720795 0.471457 0.471457 0.471457 0.471457
 0.122136 0.798866 0.798866 0.798866 0.798866
 0.213033 1.3934 1.3934 1.3934 1.3934
 0.231355 1.51325 1.51325 1.51325 1.51325
 0.099084 0.648089 0.648089 0.648089 0.648089
 0.073991 0.48396 0.48396 0.48396 0.48396
 0.0552945 0.36167 0.36167 0.36167 0.36167
 0.0527613 0.345101 0.345101 0.345101 0.345101
 0.0587579 0.384324 0.384324 0.384324 0.384324
 0.0221596 0.144941 0.144941 0.144941 0.144941
 0.0270752 0.177094 0.177094 0.177094 0.177094
 0.0343735 0.22483 0.22483 0.22483 0.22483
 0.041297 0.270115 0.270115 0.270115 0.270115
nmprior
 10 10 8 0
nm_flota  nm_reclas  nm_pelaces    nm_pelaL
inf 25.1117 19.1709 34.6075
cv_recla  cv_pelaces  cv_mph
0.844254 0.901824 0.876497
 ------------------------------------------------
Talla a la edad & desviación 
 7.2 14.2025 17.0495 18.207 18.6776
 1.08 2.13037 2.55742 2.73105 2.80164
