years
 1997 1998 1999 2000 2001 2002 2003 2004 2005 2006 2007 2008 2009 2010 2011 2012 2013 2014 2015 2016 2017 2018 2019 2020
reclasobs
 0 0 0 370054 412103 1.49427e+06 250295 1.28982e+06 931140 785840 897777 1.04006e+06 184774 17550 25797 100020 73551 82996 120727 218422 84188 347160 605670 569463
reclaspred
 536513 135840 359207 236890 365763 442260 953582 655997 744516 761959 634206 433318 268793 112359 67187.9 65389.6 80274.1 104930 112151 158398 238064 225154 387077 443343
pelacesobs
 0 0 0 0 0 0 0 0 0 2.06254e+06 1.5e+06 0 1.87456e+06 323000 250000 174000 83755 137374 0 501740 490994 745055 786931 1.00524e+06
pelacespred
 2.06812e+06 468044 726288 765332 1.0373e+06 972696 2.55888e+06 2.05654e+06 2.13417e+06 2.18635e+06 1.56798e+06 1.11871e+06 690030 223801 139284 145581 188241 255355 272627 384653 663418 592752 802247 1.08608e+06
mphobs
 0 0 0 0 0 112323 0 153150 637223 0 255016 313432 73983 77613 109348 50772 0 0 0 0 0 0 0 0
mphpred
 226173 125388 138013 139061 150287 247085 350335 424512 368274 391739 409649 282735 176767 92183.5 38647.9 31012.5 36613.9 48494.5 58657.3 68100.7 104545 127875 161874 222263
desembarqueobs
 350755 77701 442110 56441 14545 235359 269955 359681 431902 328805 639364 411747 362871 311530 167758 66681 60226 58785 57116 71774 51957 67425 138520 160799
desembarquepred
 350764 77699.4 442085 56442.4 14544.6 235411 269994 359646 431914 328798 639278 411783 362947 311616 167593 66675.9 60246.5 58774.7 57100.7 71769.4 51957.4 67412.8 138516 160800
Reclutas
 39126.4 48505 24605.5 36637.8 66680.2 46356.4 81391.4 81820.5 104639 123952 64578.9 45939.9 46764.1 24775.1 15018.3 14542.2 10787.3 11644.6 13625.2 22213.6 28420.6 37839.7 57568.5 55428.4
log_desv_Rt
 0.0545519 0.269422 -0.409274 -0.0111654 0.587663 0.224114 0.787024 0.792283 1.03827 1.20765 0.555642 0.215089 0.232871 -0.402405 -0.902972 -0.935188 -1.23387 -1.1574 -1.00033 -0.511542 -0.265131 0.0211151 0.44073 0.402847
SSB
 541914 300431 330683 333193 360090 592021 839409 1.01714e+06 882391 938613 981526 677439 423536 220873 92601 74306.4 87727.6 116194 140544 163171 250492 306391 387853 532546
BT
 1.72122e+06 441406 738669 572333 712464 822539 1.93461e+06 1.78313e+06 1.84798e+06 1.79073e+06 1.61481e+06 1.12149e+06 818508 441762 233538 153431 175708 219496 229963 317379 490732 454111 627769 853310
Ftot
 0.582225 0.538914 0.912311 0.204075 0.0382453 0.369089 0.244722 0.468416 0.525914 0.386009 0.725887 0.68687 1.09298 2.01499 2.2342 0.92569 0.660986 0.476032 0.402506 0.404915 0.18843 0.234779 0.276785 0.282221
BD_Bspro_t
 0.929143 0.683815 0.608705 0.430695 0.577801 0.743616 0.690516 0.703386 0.639103 0.608222 0.589518 0.425275 0.319794 0.218879 0.117017 0.115907 0.180045 0.292413 0.389306 0.4859 0.618504 0.720815 0.733971 0.734117
BD_Bspro
 0.710955 0.394145 0.433834 0.437127 0.472414 0.776692 1.10125 1.33442 1.15764 1.2314 1.2877 0.888755 0.555651 0.289771 0.121486 0.097485 0.115093 0.152438 0.184384 0.214069 0.328629 0.401965 0.508837 0.698665
BD_Bo
 0.594897 0.329804 0.363013 0.365769 0.395296 0.649902 0.921477 1.11658 0.968662 1.03038 1.07749 0.743672 0.464945 0.242468 0.101655 0.0815713 0.0963047 0.127554 0.154285 0.179124 0.274983 0.336347 0.425773 0.584613
BD_Brms
 2.01869 1.11914 1.23183 1.24118 1.34137 2.20534 3.12688 3.78895 3.287 3.49643 3.65629 2.52353 1.57772 0.822776 0.344948 0.276799 0.326795 0.432834 0.523541 0.607827 0.933109 1.14134 1.44479 1.98379
S_f
 0.162802 1 1 1 1
 0.162802 1 1 1 1
 0.162802 1 1 1 1
 0.162802 1 1 1 1
 0.162802 1 1 1 1
 0.162802 1 1 1 1
 0.162802 1 1 1 1
 0.162802 1 1 1 1
 0.162802 1 1 1 1
 0.162802 1 1 1 1
 0.162802 1 1 1 1
 0.162802 1 1 1 1
 0.162802 1 1 1 1
 0.162802 1 1 1 1
 0.162802 1 1 1 1
 0.162802 1 1 1 1
 0.162802 1 1 1 1
 0.162802 1 1 1 1
 0.162802 1 1 1 1
 0.162802 1 1 1 1
 0.162802 1 1 1 1
 0.162802 1 1 1 1
 0.162802 1 1 1 1
 0.162802 1 1 1 1
Scru_reclas
 0.793886 1 1 1 1
 0.793886 1 1 1 1
 0.793886 1 1 1 1
 0.793886 1 1 1 1
 0.793886 1 1 1 1
 0.793886 1 1 1 1
 0.793886 1 1 1 1
 0.793886 1 1 1 1
 0.793886 1 1 1 1
 0.793886 1 1 1 1
 0.793886 1 1 1 1
 0.793886 1 1 1 1
 0.793886 1 1 1 1
 0.793886 1 1 1 1
 0.793886 1 1 1 1
 0.793886 1 1 1 1
 0.793886 1 1 1 1
 0.793886 1 1 1 1
 0.793886 1 1 1 1
 0.793886 1 1 1 1
 0.793886 1 1 1 1
 0.793886 1 1 1 1
 0.793886 1 1 1 1
 0.793886 1 1 1 1
Scru_pelaces
 0.896479 1 1 1 1
 0.896479 1 1 1 1
 0.896479 1 1 1 1
 0.896479 1 1 1 1
 0.896479 1 1 1 1
 0.896479 1 1 1 1
 0.896479 1 1 1 1
 0.896479 1 1 1 1
 0.896479 1 1 1 1
 0.896479 1 1 1 1
 0.896479 1 1 1 1
 0.896479 1 1 1 1
 0.896479 1 1 1 1
 0.896479 1 1 1 1
 0.896479 1 1 1 1
 0.896479 1 1 1 1
 0.896479 1 1 1 1
 0.896479 1 1 1 1
 0.896479 1 1 1 1
 0.896479 1 1 1 1
 0.896479 1 1 1 1
 0.896479 1 1 1 1
 0.896479 1 1 1 1
 0.896479 1 1 1 1
pf_obs 
 0.256992 0.487395 0.22802 0.0275931 0
 0.321318 0.546541 0.124235 0.00734118 0.000564706
 0.182869 0.594174 0.210203 0.0122559 0.00049798
 0.330522 0.361315 0.267642 0.0388342 0.00168674
 0.649043 0.306663 0.0425973 0.00169635 0
 0.582887 0.30429 0.105238 0.00758474 0
 0.465427 0.430635 0.0974691 0.00646863 0
 0.296916 0.608066 0.0921331 0.00288517 0
 0.311714 0.524322 0.152257 0.0117073 0
 0.15457 0.633149 0.183074 0.0267441 0.00246327
 0.131901 0.49318 0.331252 0.0422183 0.00144891
 0.196976 0.569456 0.194076 0.0375587 0.00193317
 0.518974 0.381816 0.0799577 0.0180837 0.00116848
 0.0928022 0.601141 0.25162 0.0475244 0.00691264
 0.122501 0.610282 0.24278 0.0234846 0.000952079
 0.383417 0.481906 0.127806 0.00687128 0
 0.0376549 0.599619 0.316969 0.0457579 0
 0.0361596 0.667082 0.258105 0.0386534 0
 0.158088 0.579412 0.248529 0.0139706 0
 0.0477256 0.309471 0.559284 0.082774 0.000745712
 0.0406174 0.521527 0.379366 0.0568643 0.0016247
 0.151134 0.462217 0.34131 0.0453401 0
 0.294876 0.26143 0.354403 0.0886775 0.000613685
 0.281977 0.475581 0.204845 0.0348837 0.00271318
pf_pred 
 0.304558 0.488056 0.185171 0.0222046 9.5548e-06
 0.296526 0.549792 0.107853 0.0409198 0.00490898
 0.159694 0.647932 0.150348 0.0294937 0.0125325
 0.283404 0.464777 0.19417 0.0450556 0.0125942
 0.312918 0.5002 0.12121 0.0506377 0.0150346
 0.162167 0.620103 0.158509 0.0384104 0.020811
 0.281494 0.421618 0.219735 0.0561682 0.0209852
 0.227942 0.56363 0.122305 0.0637418 0.0223811
 0.274235 0.504252 0.161712 0.0350908 0.0247097
 0.266802 0.549868 0.127375 0.0408489 0.0151058
 0.145299 0.623224 0.173598 0.0402134 0.0176653
 0.166091 0.499792 0.243629 0.0678623 0.0226258
 0.252447 0.472441 0.164884 0.0803746 0.0298526
 0.227988 0.604816 0.105665 0.0368777 0.0246532
 0.307495 0.584222 0.0848316 0.0148206 0.00863032
 0.359771 0.577953 0.0525387 0.00762885 0.00210893
 0.231005 0.65063 0.106851 0.00971331 0.00180031
 0.25086 0.538441 0.178267 0.0292764 0.00315464
 0.256489 0.536511 0.14878 0.0492581 0.00896123
 0.321753 0.488446 0.136959 0.0379801 0.014862
 0.272269 0.56755 0.115356 0.0323454 0.0124797
 0.259504 0.52971 0.16439 0.0334128 0.0129836
 0.287951 0.503069 0.149493 0.0463937 0.0130938
 0.212687 0.582032 0.145033 0.0430983 0.0171501
pobs_RECLAS
 0 0 0 0 0
 0 0 0 0 0
 0 0 0 0 0
 0 0 0 0 0
 0.835266 0.146461 0.0176864 0.000547809 3.91292e-05
 0.385257 0.428462 0.181853 0.0044286 0
 0.867414 0.0963971 0.0333333 0.00285562 0
 0.441836 0.489002 0.0689373 0.000224442 0
 0.779404 0.147425 0.0564933 0.0165055 0.000172143
 0.814271 0.122319 0.05973 0.00367925 0
 0.40263 0.566651 0.0304383 0.000280538 0
 0.475488 0.404961 0.113038 0.00651328 0
 0.955842 0.0263864 0.0167828 0.000988607 0
 0.975058 0.0227948 0.00214734 0 0
 0.738997 0.206755 0.0527124 0.00153531 0
 0.850938 0.134255 0.0134407 0.00136685 0
 0.542534 0.407297 0.0501686 0 0
 0.764087 0.199537 0.0359546 0.000420521 0
 0.470689 0.182191 0.310203 0.0369168 0
 0.84361 0.089868 0.0606195 0.00523954 0.000663233
 0.607945 0.314616 0.071237 0.00620181 0
 0.523733 0.453247 0.0230204 0 0
 0.530135 0.295979 0.169645 0.0042399 0
 0.562478 0.366248 0.0663022 0.0049721 0
ppred_RECLAS
 0.690001 0.217555 0.0825415 0.0098979 4.25913e-06
 0.680907 0.249384 0.0489216 0.0185611 0.0022267
 0.500034 0.385507 0.089454 0.0175482 0.00745658
 0.66112 0.219794 0.0918232 0.0213069 0.00595584
 0.689932 0.225731 0.0546998 0.0228519 0.00678484
 0.491358 0.376459 0.0962298 0.0233186 0.0126342
 0.659608 0.199741 0.104099 0.0266096 0.00994174
 0.597655 0.293727 0.0637373 0.033218 0.0116635
 0.656431 0.238707 0.0765528 0.0166116 0.0116973
 0.645205 0.266081 0.0616369 0.0197668 0.00730967
 0.467055 0.388608 0.108246 0.0250749 0.0110151
 0.5056 0.296312 0.14444 0.0402336 0.0134142
 0.645066 0.224313 0.0782862 0.0381614 0.0141738
 0.648226 0.27559 0.0481473 0.0168036 0.0112334
 0.743046 0.216776 0.0314768 0.00549919 0.00320228
 0.747601 0.227847 0.0207124 0.00300753 0.000831405
 0.606053 0.33331 0.0547388 0.00497602 0.000922279
 0.627683 0.267602 0.0885975 0.0145502 0.00156783
 0.633196 0.264683 0.0733994 0.0243011 0.00442094
 0.703644 0.213423 0.0598432 0.0165952 0.00649387
 0.648349 0.274249 0.0557417 0.0156298 0.00603037
 0.633995 0.261819 0.0812532 0.0165149 0.00641738
 0.667182 0.235139 0.0698743 0.0216848 0.00612016
 0.572583 0.315973 0.0787357 0.0233972 0.00931042
pobs_PELACES
 0 0 0 0 0
 0 0 0 0 0
 0 0 0 0 0
 0 0 0 0 0
 0 0 0 0 0
 0 0 0 0 0
 0 0 0 0 0
 0 0 0 0 0
 0 0 0 0 0
 0 0 0 0 0
 0.450072 0.473896 0.0757376 0.000293798 0
 0 0 0 0 0
 0.463077 0.371075 0.160297 0.00555027 0
 0.529543 0.364841 0.0842815 0.0213345 0
 0.631943 0.363953 0.00410389 0 0
 0.735681 0.248677 0.0153453 0.000297389 0
 0.695825 0.281241 0.0229344 0 0
 0.275771 0.60734 0.115278 0.00161068 0
 0 0 0 0 0
 0.896147 0.0623911 0.0374545 0.00400742 0
 0.803859 0.145111 0.0509908 3.86294e-05 0
 0.739449 0.233085 0.0266225 0.000797448 4.60066e-05
 0.878498 0.100942 0.0204185 0.000141795 0
 0.694673 0.275183 0.0284847 0.00165964 0
ppred_PELACES
 0.746969 0.177575 0.067373 0.00807898 3.47644e-06
 0.736598 0.205859 0.0403832 0.0153216 0.00183807
 0.592358 0.314319 0.0729355 0.0143077 0.00607966
 0.699771 0.194726 0.0813505 0.0188768 0.00527656
 0.717461 0.20569 0.0498434 0.020823 0.00618246
 0.547093 0.335208 0.0856853 0.0207635 0.0112498
 0.700713 0.175621 0.0915286 0.0233964 0.00874122
 0.656255 0.250946 0.0544542 0.0283799 0.00996478
 0.713871 0.198799 0.0637542 0.0138344 0.00974166
 0.695553 0.228323 0.0528903 0.0169618 0.00627239
 0.547385 0.330035 0.0919305 0.0212954 0.00935486
 0.582659 0.250128 0.121927 0.0339626 0.0113234
 0.735152 0.16738 0.0584164 0.0284757 0.0105764
 0.784058 0.169175 0.0295559 0.0103152 0.0068958
 0.858228 0.119604 0.017367 0.00303413 0.00176683
 0.812012 0.169702 0.0154267 0.00224002 0.000619235
 0.675879 0.274232 0.0450364 0.00409403 0.000758807
 0.684675 0.226639 0.0750356 0.0123229 0.00132784
 0.685397 0.227015 0.0629536 0.0208427 0.00379178
 0.749907 0.180107 0.0505014 0.0140046 0.00548015
 0.686839 0.244231 0.0496405 0.013919 0.00537032
 0.676075 0.231718 0.0719114 0.0146162 0.00567956
 0.709605 0.205166 0.0609676 0.0189207 0.00534004
 0.620555 0.28051 0.0698987 0.0207712 0.00826546
pobs_pel_tallas
 0 0 0 0 0 0 0 0 0 0 0 0 0 0 0 0 0 0 0 0 0 0 0 0 0 0 0 0 0 0 0 0 0 0 0 0
 0 0 0 0 0 0 0 0 0 0 0 0 0 0 0 0 0 0 0 0 0 0 0 0 0 0 0 0 0 0 0 0 0 0 0 0
 0 0 0 0 0 0 0 0 0 0 0 0 0 0 0 0 0 0 0 0 0 0 0 0 0 0 0 0 0 0 0 0 0 0 0 0
 0 0 0 0 0 0 0 0 0 0 0 0 0 0 0 0 0 0 0 0 0 0 0 0 0 0 0 0 0 0 0 0 0 0 0 0
 0 0 0 0 0 0 0 0 0 0 0 0 0 0 0 0 0 0 0 0 0 0 0 0 0 0 0 0 0 0 0 0 0 0 0 0
 0 0 0 0 0 0 0 0 0 0 0 0 0 0 0 0 0 0 0 0 0 0 0 0 0 0 0 0 0 0 0 0 0 0 0 0
 0 0 0 0 0 0 0 0 0 0 0 0 0 0 0 0 0 0 0 0 0 0 0 0 0 0 0 0 0 0 0 0 0 0 0 0
 0 0 0 0 0 0 0 0 0 0 0 0 0 0 0 0 0 0 0 0 0 0 0 0 0 0 0 0 0 0 0 0 0 0 0 0
 0 0 0 0 0 0 0 0 0 0 0 0 0 0 0 0 0 0 0 0 0 0 0 0 0 0 0 0 0 0 0 0 0 0 0 0
 0 0 0 0 0 0 0 0 0 0 0 0 0 0 0 0 0 0 0 0 0 0 0 0 0 0 0 0 0 0 0 0 0 0 0 0
 0 0 0 0 0 0 0 0 1.78061e-05 0.00172719 0.00360574 0.0105946 0.0120993 0.0124554 0.0147524 0.0171206 0.0266825 0.0428682 0.0675386 0.121331 0.153587 0.119568 0.100827 0.0573624 0.0630603 0.0341343 0.0324427 0.0444173 0.0211091 0.0280891 0.0125444 0.00206551 0 0 0 0
 0 0 0 0 0 0 0 0 0 0 0 0 0 0 0 0 0 0 0 0 0 0 0 0 0 0 0 0 0 0 0 0 0 0 0 0
 0 0 0 0 0 0 0.0133647 0.0140871 0.0187388 0.0205184 0.03894 0.0496705 0.03968 0.0493445 0.0407372 0.0367815 0.0215668 0.0243155 0.0234873 0.0199281 0.019796 0.0243948 0.0301388 0.0376714 0.0412746 0.0863199 0.0771752 0.113111 0.0741005 0.0525337 0.0229764 0.00759418 0.00175318 0 0 0
 0 0 0 0 0 0 0 0 0 0 0.00219441 0.00772107 0.0458388 0.0604681 0.0671733 0.0775358 0.0609151 0.0617685 0.073594 0.0568108 0.0755445 0.0548602 0.0670107 0.0636378 0.0643287 0.046367 0.0373049 0.0286899 0.0247887 0.0153202 0.00654259 0.00121912 0.000365735 0 0 0
 0 0 0 0 0 0 0 0 0 0 0 0 0.000112435 0.00938835 0.0111873 0.0202946 0.0414886 0.0713402 0.111592 0.104902 0.108894 0.110636 0.117776 0.105296 0.107544 0.0401394 0.0192827 0.0124803 0.00416011 0.0028671 0.000618394 0 0 0 0 0
 0 0 0 0 0 0 0 0 0 0 0.00291406 0.0102884 0.027416 0.0768956 0.0749926 0.110853 0.0956884 0.0897413 0.0766577 0.0534642 0.0500743 0.0551293 0.0594112 0.0620874 0.0668451 0.0424026 0.0208742 0.0120726 0.0048766 0.00582813 0.00118941 0.000297354 0 0 0 0
 0 0.00264628 0.0354308 0.0461629 0.0458689 0.0383711 0.0214643 0.0164657 0.0346957 0.0420465 0.0363128 0.0245516 0.0311673 0.0291091 0.0169068 0.0133784 0.00837989 0.0085269 0.0148486 0.0160247 0.0276389 0.0546898 0.0760071 0.122758 0.109233 0.0665981 0.0333725 0.0166128 0.00676272 0.00308733 0.000882094 0 0 0 0 0
 0 0 0 0 0 0 0 0.000805153 0.000690131 0.00759144 0.0133425 0.0154129 0.00931677 0.000345066 0.00356568 0.00563607 0.00851162 0.0253048 0.0502646 0.0516448 0.0657925 0.0565908 0.0611916 0.0827007 0.0866115 0.110766 0.145733 0.0935128 0.0569358 0.0249597 0.0138026 0.00621118 0.00161031 0.00115022 0 0
 0 0 0 0 0 0 0 0 0 0 0 0 0 0 0 0 0 0 0 0 0 0 0 0 0 0 0 0 0 0 0 0 0 0 0 0
 0.00147267 0.00158595 0.00478618 0.00569244 0.00954404 0.0108468 0.00647125 0.017049 0.0510054 0.094081 0.124002 0.0959785 0.0687766 0.0820023 0.061753 0.0591476 0.0492212 0.0479892 0.0443925 0.0268479 0.0217502 0.0140895 0.0121071 0.0120363 0.00920419 0.00665534 0.0049561 0.00860946 0.00930331 0.0156896 0.0114698 0.00855282 0.00243557 0.00046729 0 2.83206e-05
 0 0 0 0 0.000772559 0.00158375 0.000888443 0.00281984 0.00712685 0.0440552 0.0773331 0.111326 0.0921469 0.0852325 0.0710754 0.0886704 0.0786465 0.0553345 0.0373146 0.0185414 0.00753245 0.00457741 0.012979 0.0271748 0.0457355 0.0583668 0.034881 0.0177882 0.00938659 0.00492506 0.0015258 0.00185414 0.000309023 5.79419e-05 3.86279e-05 0
 0 0.00173294 0.00326652 0 0.00397197 0.00683976 0.00946217 0.0152591 0.00757587 0.0136028 0.0228656 0.0392903 0.0559909 0.0764795 0.0681675 0.0726916 0.0566044 0.0477403 0.0527397 0.0444891 0.0609904 0.0582453 0.0661739 0.0445044 0.0529084 0.0360697 0.0280645 0.0235558 0.0158879 0.00826598 0.00280645 0.00217768 0.000904811 0.00058276 9.20147e-05 0
 0 0 0 0 0 0 0 0 0 0 0 0 0 0 0 0 0 0 0 0 0 0 0 0 0 0 0 0 0 0 0 0 0 0 0 0
 0 0 0 0 0 0 0 0 0 0 0 0 0 0 0 0 0 0 0 0 0 0 0 0 0 0 0 0 0 0 0 0 0 0 0 0
ppred_pel_tallas
 1.01293e-16 3.25914e-05 0.000191285 0.000909279 0.00350077 0.0109168 0.0275751 0.0564223 0.0935265 0.125604 0.136684 0.120569 0.0863159 0.0503921 0.0244894 0.0108453 0.00590741 0.00549072 0.00702761 0.00938119 0.0120687 0.0147785 0.0172141 0.0190967 0.020214 0.0204651 0.0198785 0.0185957 0.0168285 0.0148061 0.0127283 0.0107389 0.00892058 0.00730606 0.00589718 0.00468193
 1.01253e-16 3.21402e-05 0.000188633 0.000896671 0.00345222 0.0107654 0.0271926 0.05564 0.0922305 0.123866 0.134799 0.118922 0.0851714 0.0497931 0.0243266 0.0109898 0.00628916 0.00610272 0.00789349 0.0105219 0.0134789 0.0164125 0.0189818 0.0208706 0.0218475 0.0218171 0.0208398 0.019109 0.0168974 0.0144904 0.0121286 0.00997486 0.00810864 0.00654231 0.00524729 0.00417907
 1.01914e-16 2.58551e-05 0.000151724 0.000721177 0.00277649 0.00865814 0.02187 0.0447503 0.074184 0.0996434 0.108475 0.0957853 0.06879 0.040598 0.0205472 0.01049 0.00768568 0.00886902 0.0120075 0.0161291 0.0206935 0.0252196 0.0291967 0.0321412 0.0336958 0.0337097 0.0322687 0.0296619 0.0263007 0.0226178 0.0189809 0.0156414 0.0127264 0.010262 0.00821167 0.00651408
 1.02114e-16 3.0534e-05 0.000179204 0.000851845 0.00327963 0.0102272 0.0258331 0.0528583 0.0876197 0.117674 0.128062 0.112981 0.0809229 0.0473224 0.0231454 0.0105031 0.00608349 0.00597916 0.00779088 0.0104484 0.0134801 0.0165613 0.0193724 0.0216086 0.0230349 0.0235337 0.0231254 0.0219506 0.0202249 0.0181822 0.0160266 0.013905 0.0119027 0.0100571 0.00837768 0.00686379
 1.0178e-16 3.13057e-05 0.000183734 0.000873379 0.00336254 0.0104858 0.0264862 0.0541947 0.0898349 0.12065 0.1313 0.11584 0.0829723 0.0485253 0.023741 0.0107833 0.00625428 0.00614346 0.00798359 0.0106669 0.013697 0.0167279 0.0194216 0.021462 0.0226144 0.0227767 0.0219985 0.0204596 0.0184178 0.0161439 0.0138669 0.0117421 0.00984686 0.00819726 0.00677321 0.00554222
 1.02565e-16 2.38822e-05 0.00014014 0.000666099 0.00256441 0.00799679 0.0201995 0.0413325 0.0685197 0.0920395 0.100208 0.0885127 0.063626 0.0376688 0.0192842 0.010205 0.00792246 0.00943817 0.0128804 0.0173379 0.0222762 0.0271945 0.0315519 0.0348331 0.0366544 0.0368489 0.0354987 0.0328999 0.0294775 0.0256797 0.0218872 0.0183607 0.0152328 0.0125337 0.0102319 0.00827241
 1.02569e-16 3.05743e-05 0.000179443 0.000852982 0.00328402 0.0102409 0.0258677 0.0529289 0.0877361 0.117829 0.128226 0.113116 0.080998 0.047323 0.0230653 0.0103323 0.00580121 0.00555694 0.00720073 0.00967348 0.0125253 0.0154611 0.018194 0.0204474 0.0220024 0.0227409 0.0226633 0.021875 0.0205478 0.0188721 0.0170165 0.0151055 0.0132168 0.0113934 0.00965981 0.00803546
 1.02296e-16 2.86387e-05 0.000168072 0.000798911 0.0030758 0.00959156 0.0242276 0.0495738 0.0821771 0.110371 0.12013 0.10602 0.0760187 0.0446188 0.0221288 0.0105568 0.00682339 0.00728089 0.00967561 0.0129707 0.0166576 0.020337 0.0236019 0.0260688 0.0274541 0.0276363 0.0266794 0.0248055 0.0223312 0.0195871 0.0168507 0.0143079 0.0120483 0.0100859 0.00839128 0.00692096
 1.01901e-16 3.11489e-05 0.000182814 0.000869008 0.00334571 0.0104333 0.0263537 0.0539234 0.0893851 0.120045 0.130641 0.115256 0.0825489 0.048267 0.0235952 0.0106853 0.0061554 0.00601576 0.00781417 0.0104537 0.0134486 0.0164641 0.0191732 0.0212679 0.0225159 0.0228098 0.0221867 0.0208085 0.0189133 0.0167545 0.014549 0.0124474 0.0105303 0.00882247 0.00731585 0.00599079
 1.01702e-16 3.03513e-05 0.000178129 0.000846727 0.00325992 0.0101657 0.0256779 0.0525409 0.0870944 0.116972 0.127305 0.112331 0.0804951 0.0471489 0.0232026 0.0107667 0.00655958 0.00670171 0.00880133 0.011772 0.0151056 0.0184265 0.0213603 0.023556 0.0247541 0.0248437 0.0238844 0.0220818 0.0197287 0.0171332 0.0145554 0.0121724 0.0100724 0.0082726 0.00674765 0.00545623
 1.02582e-16 2.38947e-05 0.000140214 0.000666451 0.00256577 0.00800103 0.0202102 0.0413544 0.0685558 0.0920875 0.10026 0.0885554 0.0636509 0.0376723 0.0192653 0.0101621 0.00785107 0.00933184 0.0127329 0.0171464 0.0220435 0.0269314 0.0312774 0.0345727 0.0364367 0.0367001 0.0354381 0.0329355 0.0296047 0.0258824 0.0221411 0.0186379 0.0155067 0.0127825 0.0104411 0.00843509
 1.03509e-16 2.54297e-05 0.000149232 0.000709343 0.00273094 0.00851613 0.0215112 0.0440158 0.0729648 0.0980012 0.106675 0.0941672 0.0675655 0.0397504 0.0198894 0.00978578 0.00672824 0.00750096 0.0101209 0.0136751 0.0177052 0.0218329 0.0256572 0.0287865 0.0309124 0.0318716 0.0316716 0.0304699 0.0285187 0.0260955 0.023444 0.0207423 0.0180988 0.0155696 0.0131828 0.0109587
 1.02357e-16 3.20756e-05 0.000188258 0.000894891 0.00344538 0.0107441 0.0271387 0.0555294 0.0920462 0.123616 0.134518 0.118655 0.0849379 0.0495718 0.0240615 0.0106068 0.00570974 0.00525167 0.00670849 0.00896849 0.0115683 0.014217 0.0166404 0.0185805 0.0198396 0.0203212 0.020046 0.0191356 0.0177725 0.0161516 0.0144384 0.0127468 0.0111374 0.00963069 0.00822699 0.00692239
 1.01152e-16 3.42082e-05 0.000200778 0.000954413 0.00367455 0.0114588 0.0289439 0.059223 0.0981683 0.131836 0.14346 0.126534 0.0905595 0.0528149 0.0255637 0.0111433 0.0058123 0.00516644 0.00650276 0.00862719 0.0110418 0.0134387 0.0155351 0.0170717 0.01786 0.017824 0.0170159 0.0155968 0.0137924 0.0118376 0.00992918 0.00819828 0.00670668 0.00546038 0.00443181 0.00358114
 1.00473e-16 3.74403e-05 0.000219758 0.00104466 0.00402203 0.0125424 0.0316809 0.0648228 0.107448 0.144293 0.156999 0.138437 0.0989946 0.057565 0.0275458 0.0114649 0.00519643 0.00389665 0.00460256 0.00603038 0.00769093 0.00933261 0.010748 0.0117526 0.0122142 0.0120822 0.0113985 0.010284 0.0089061 0.00743917 0.0060295 0.00477521 0.00372255 0.00287531 0.0022106 0.00169445
 1.00381e-16 3.54271e-05 0.000207934 0.000988434 0.00380554 0.0118673 0.0299757 0.0613341 0.101667 0.136535 0.148571 0.131037 0.0937721 0.0546676 0.0264207 0.0114474 0.0058672 0.00511276 0.00637922 0.00842597 0.010736 0.0129924 0.0149077 0.0162221 0.0167516 0.0164303 0.0153265 0.0136216 0.0115639 0.00941018 0.00737473 0.00559998 0.00415058 0.00302701 0.00218891 0.00157847
 1.00905e-16 2.94953e-05 0.000173099 0.000822806 0.0031678 0.00987844 0.0249523 0.0510566 0.0846355 0.113674 0.123727 0.109203 0.0783154 0.0459965 0.0228664 0.0109968 0.00721848 0.00777294 0.0103312 0.0138091 0.017658 0.0214358 0.0246906 0.0270013 0.028063 0.0277573 0.0261781 0.0236006 0.0204086 0.0170028 0.0137215 0.0107938 0.00833083 0.00634634 0.00479203 0.00359266
 1.01625e-16 2.9877e-05 0.000175344 0.000833488 0.00320894 0.0100068 0.0252764 0.0517193 0.0857327 0.115143 0.125316 0.110578 0.0792444 0.046427 0.0228677 0.0106469 0.00653738 0.0067243 0.00885706 0.0118693 0.0152622 0.0186653 0.0217056 0.0240299 0.025372 0.0256091 0.0247853 0.0230891 0.0207981 0.0182098 0.0155809 0.013093 0.0108463 0.00887469 0.00717169 0.00571331
 1.01862e-16 2.99085e-05 0.000175529 0.000834367 0.00321233 0.0100173 0.025303 0.0517739 0.0858231 0.115265 0.125448 0.110694 0.0793266 0.0464734 0.022887 0.0106495 0.0065296 0.0067073 0.0088285 0.0118248 0.0151962 0.0185722 0.0215809 0.0238719 0.025183 0.0253971 0.0245643 0.0228783 0.0206201 0.0180874 0.0155337 0.0131336 0.0109783 0.00909201 0.00745909 0.00604919
 1.01513e-16 3.27195e-05 0.000192037 0.000912855 0.00351454 0.0109598 0.0276835 0.0566442 0.0938943 0.126098 0.137222 0.121043 0.086656 0.0505914 0.0245873 0.0108897 0.00593131 0.00550933 0.00704376 0.00939034 0.0120611 0.0147406 0.0171298 0.0189503 0.0199938 0.0201676 0.0195112 0.0181783 0.0163918 0.0143876 0.0123665 0.010467 0.00876105 0.00726757 0.0059739 0.00485576
 1.01514e-16 2.9972e-05 0.000175901 0.00083613 0.00321911 0.0100385 0.0253564 0.0518834 0.086005 0.11551 0.125718 0.110941 0.0795217 0.0466237 0.0230275 0.010825 0.00678277 0.00707422 0.00933609 0.0124858 0.0160025 0.019488 0.0225417 0.0247886 0.0259538 0.0259238 0.0247697 0.0227205 0.0200994 0.0172449 0.0144426 0.0118859 0.00966957 0.00780868 0.0062696 0.00499969
 1.01864e-16 2.95022e-05 0.000173144 0.000823024 0.00316865 0.00988111 0.024959 0.05107 0.0846566 0.113699 0.123746 0.109197 0.0782645 0.0458728 0.0226318 0.0105992 0.00659194 0.00684564 0.00903955 0.0121178 0.0155814 0.0190544 0.0221574 0.0245308 0.0259046 0.0261555 0.0253307 0.0236243 0.0213203 0.018721 0.0160861 0.0135966 0.0113497 0.0093753 0.00766234 0.0061839
 1.01833e-16 3.09632e-05 0.000181723 0.000863819 0.00332573 0.010371 0.0261963 0.0536014 0.0888516 0.119329 0.129864 0.114574 0.0820697 0.0480051 0.023501 0.0106997 0.00624235 0.00616498 0.00802954 0.010742 0.0138119 0.0168959 0.0196568 0.0217773 0.023019 0.0232735 0.0225823 0.0211161 0.0191242 0.0168711 0.0145828 0.0124156 0.0104518 0.00871513 0.00719476 0.00586732
 1.02184e-16 2.70832e-05 0.000158938 0.000755478 0.00290856 0.00907002 0.0229103 0.0468787 0.0777108 0.104376 0.113616 0.100297 0.0719701 0.0423539 0.0212127 0.0104656 0.00722075 0.00804363 0.0108055 0.0145095 0.0186365 0.0227504 0.0263958 0.0291417 0.0306672 0.0308334 0.0297094 0.027543 0.0246898 0.0215241 0.0183635 0.0154247 0.0128176 0.0105663 0.00864343 0.00700291
pSPR Fmed_Fpbrs
0.53444   0.344695 0.344695
Fs Fmed_Fpbrs
0.459189   1.005 1.005
SSBpbr Bo_Bmed_Bpbrs
910938  441295  268449 268449
Ro
37049.1
SPR SPRFo_SPRFmed_SPRFpbrs
762234 407369 262738
log_Ro
10.34
likeval ReclasPelacesDesembMPH_pf_preclas_ppelaces_ptallas_desvR_qrecl_qpela
 62.595 15.404 0.00732054 0.000215488 285.383 163.978 81.0889 0 15.6042 1.31423e-05 5.22679e-05 0 0 0 0
q_reclas_q_pelaces
0.598272 2.79704
M
0.7
N
 39126.4 12496.6 4741.28 568.548 0.24465
 48505 17672.5 3466.81 1315.32 157.794
 24605.5 22063.6 5119.7 1004.33 426.761
 36637.8 10532.3 4400.06 1021 285.397
 66680.2 17599.2 4264.69 1781.66 528.982
 46356.4 32906.9 8411.59 2038.32 1104.37
 81391.4 21677.4 11297.6 2887.88 1078.95
 81820.5 38839.1 8427.91 4392.38 1542.25
 104639 37647.6 12073.5 2619.89 1844.83
 123952 47698.3 11049.2 3543.44 1310.35
 64578.9 57803.7 16101.1 3729.77 1638.45
 45939.9 28494.5 13889.9 3869.01 1289.96
 46764.1 20399.5 7119.52 3470.48 1289
 24775.1 19436.9 3395.75 1185.13 792.277
 15018.3 8862.19 1286.83 224.817 130.915
 14542.2 5183.81 471.233 68.4251 18.9155
 10787.3 6211.19 1020.05 92.7274 17.1865
 11644.6 4810.31 1592.6 261.548 28.1828
 13625.2 5351.34 1483.98 491.317 89.3822
 22213.6 6336.9 1776.85 492.738 192.814
 28420.6 10327.2 2099.03 588.561 227.082
 37839.7 13686.9 4247.59 863.333 335.475
 57568.5 18086 5374.46 1667.91 470.739
 55428.4 27328.1 6809.73 2023.59 805.245
pred_Ctot
 2558.62 4100.2 1555.64 186.543 0.0802707
 2944.98 5460.32 1071.15 406.4 48.7541
 2463.39 9994.75 2319.21 454.959 193.321
 862.675 1414.77 591.047 137.148 38.3365
 297.761 475.972 115.339 48.185 14.3064
 1950.99 7460.3 1906.99 462.106 250.372
 2291.49 3432.17 1788.74 457.235 170.83
 4339.53 10730.3 2328.42 1213.51 426.087
 6205.63 11410.7 3659.37 794.066 559.153
 5449.33 11230.9 2601.59 834.324 308.529
 5211.98 22355.5 6227.08 1442.48 633.668
 3518.05 10586.3 5160.41 1437.42 479.246
 5538.65 10365.3 3617.54 1763.41 654.961
 5077.76 13470.5 2353.38 821.342 549.077
 3362.82 6389.16 927.733 162.081 94.3827
 1475.87 2370.9 215.526 31.2954 8.65132
 796.408 2243.1 368.379 33.4874 6.20672
 627.301 1346.42 445.774 73.2085 7.88847
 623.874 1304.99 361.886 119.813 21.7969
 1023.03 1553.04 435.468 120.76 47.2547
 618.581 1289.44 262.082 73.487 28.3531
 1022.78 2087.74 647.911 131.689 51.172
 1828.94 3195.28 949.514 294.673 83.1662
 1794.84 4911.69 1223.92 363.701 144.727
F
 0.0947876 0.582225 0.582225 0.582225 0.582225
 0.0877365 0.538914 0.538914 0.538914 0.538914
 0.148526 0.912311 0.912311 0.912311 0.912311
 0.0332239 0.204075 0.204075 0.204075 0.204075
 0.00622643 0.0382453 0.0382453 0.0382453 0.0382453
 0.0600886 0.369089 0.369089 0.369089 0.369089
 0.0398413 0.244722 0.244722 0.244722 0.244722
 0.0762593 0.468416 0.468416 0.468416 0.468416
 0.0856201 0.525914 0.525914 0.525914 0.525914
 0.0628432 0.386009 0.386009 0.386009 0.386009
 0.118176 0.725887 0.725887 0.725887 0.725887
 0.111824 0.68687 0.68687 0.68687 0.68687
 0.17794 1.09298 1.09298 1.09298 1.09298
 0.328046 2.01499 2.01499 2.01499 2.01499
 0.363733 2.2342 2.2342 2.2342 2.2342
 0.150705 0.92569 0.92569 0.92569 0.92569
 0.10761 0.660986 0.660986 0.660986 0.660986
 0.0774992 0.476032 0.476032 0.476032 0.476032
 0.065529 0.402506 0.402506 0.402506 0.402506
 0.0659212 0.404915 0.404915 0.404915 0.404915
 0.0306768 0.18843 0.18843 0.18843 0.18843
 0.0382226 0.234779 0.234779 0.234779 0.234779
 0.0450613 0.276785 0.276785 0.276785 0.276785
 0.0459462 0.282221 0.282221 0.282221 0.282221
nmprior
 10 10 8 0
nm_flota  nm_reclas  nm_pelaces    nm_pelaL
inf 20.6192 14.8688 25.5113
cv_recla  cv_pelaces  cv_mph
0.732481 0.461829 0.476266
 ------------------------------------------------
Talla a la edad & desviación 
 7.2 14.2025 17.0495 18.207 18.6776
 1.08 2.13037 2.55742 2.73105 2.80164
