years
 1997 1998 1999 2000 2001 2002 2003 2004 2005 2006 2007 2008 2009 2010 2011 2012 2013 2014 2015 2016 2017 2018 2019 2020
reclasobs
 0 0 0 370054 412103 1.49427e+06 250295 1.28982e+06 931140 785840 897777 1.04006e+06 184774 17550 25797 100020 73551 82996 120727 218422 84188 347160 605670 569463
reclaspred
 374163 98025.2 277827 209437 331650 394298 872777 605117 710929 683441 547857 369771 227065 104140 72081 73149.9 91428 121638 125303 186270 276915 254465 435351 482793
pelacesobs
 0 0 0 0 0 0 0 0 0 2.06254e+06 1.5e+06 0 1.87456e+06 323000 250000 174000 83755 137374 0 501740 490994 745055 786931 1.00524e+06
pelacespred
 913967 214055 377484 430599 588088 582557 1.49088e+06 1.26033e+06 1.32956e+06 1.28487e+06 930344 650003 398056 151507 103064 112196 146587 197679 210080 302554 500410 448785 607523 800074
mphobs
 0 0 0 0 0 112323 0 153150 637223 0 255016 313432 73983 77613 109348 50772 0 0 0 0 0 0 0 0
mphpred
 140831 79968 92795.2 106293 122068 202804 302554 359913 321638 344344 341778 243664 150530 79241.1 37468 31965.2 38789.4 53222.4 64171.9 72611.9 113779 137275 172465 236149
desembarqueobs
 350755 77701 442110 56441 14545 235359 269955 359681 431902 328805 639364 411747 362871 311530 167758 66681 60226 58785 57116 71774 51957 67425 138520 160799
desembarquepred
 350756 77696.9 442055 56441.1 14545 235389 269978 359655 431896 328795 639447 411914 363093 311853 167755 66686.9 60242 58783.7 57110 71769.3 51956.2 67417.2 138514 160796
Reclutas
 42735.7 56155.2 31551.7 56204.9 98028.1 67743.1 110662 114187 146159 152302 68343.4 40073.9 42776.9 22959.3 17649.6 21282 17302.6 18333.7 20630.4 40687.8 50718.1 64500 99415.2 86152.8
log_desv_Rt
 -0.157211 0.115874 -0.460618 0.11676 0.673009 0.303478 0.794234 0.82559 1.07245 1.11362 0.3123 -0.221519 -0.156245 -0.778523 -1.04153 -0.854384 -1.06139 -1.0035 -0.885481 -0.206317 0.0140386 0.25442 0.68706 0.543878
SSB
 629403 357393 414721 475045 545544 906371 1.35218e+06 1.60852e+06 1.43746e+06 1.53894e+06 1.52747e+06 1.08898e+06 672750 354144 167452 142859 173358 237862 286797 324517 508502 613508 770779 1.0554e+06
BT
 1.91618e+06 516027 918645 830961 1.0644e+06 1.22814e+06 2.85405e+06 2.6637e+06 2.77558e+06 2.61649e+06 2.24136e+06 1.54253e+06 1.0702e+06 571847 327354 256044 311817 401068 425624 600365 938267 866903 1.18315e+06 1.56612e+06
Ftot
 0.478223 0.439402 0.691349 0.138486 0.0247056 0.2321 0.147365 0.285883 0.306747 0.228799 0.445652 0.409342 0.651717 1.15281 1.11531 0.447111 0.321174 0.220638 0.193259 0.198775 0.0908043 0.114812 0.1371 0.140639
BD_Bspro_t
 0.940261 0.720638 0.663687 0.517374 0.673665 0.816738 0.781365 0.790071 0.744055 0.719203 0.695025 0.547103 0.433933 0.322614 0.203797 0.214864 0.322235 0.48056 0.583616 0.665798 0.773943 0.842545 0.848336 0.846871
BD_Bspro
 0.611719 0.347352 0.403069 0.461698 0.530217 0.880906 1.31418 1.56333 1.39708 1.49571 1.48456 1.05839 0.653849 0.344194 0.162747 0.138845 0.168487 0.231179 0.27874 0.3154 0.494215 0.596271 0.749124 1.02575
BD_Bo
 0.540795 0.307079 0.356335 0.408167 0.468742 0.778771 1.16181 1.38207 1.23509 1.32229 1.31243 0.935673 0.578039 0.304287 0.143878 0.122747 0.148952 0.204375 0.246421 0.278831 0.436914 0.527137 0.662268 0.906818
BD_Brms
 1.87472 1.06452 1.23527 1.41495 1.62494 2.69969 4.02755 4.79109 4.28158 4.58385 4.54969 3.24361 2.00383 1.05484 0.498767 0.425515 0.516358 0.708487 0.854245 0.966597 1.51461 1.82737 2.29582 3.14358
S_f
 0.183012 1 1 1 1
 0.183012 1 1 1 1
 0.183012 1 1 1 1
 0.183012 1 1 1 1
 0.183012 1 1 1 1
 0.183012 1 1 1 1
 0.183012 1 1 1 1
 0.183012 1 1 1 1
 0.183012 1 1 1 1
 0.183012 1 1 1 1
 0.183012 1 1 1 1
 0.183012 1 1 1 1
 0.183012 1 1 1 1
 0.183012 1 1 1 1
 0.183012 1 1 1 1
 0.183012 1 1 1 1
 0.183012 1 1 1 1
 0.183012 1 1 1 1
 0.183012 1 1 1 1
 0.183012 1 1 1 1
 0.183012 1 1 1 1
 0.183012 1 1 1 1
 0.183012 1 1 1 1
 0.183012 1 1 1 1
Scru_reclas
 1 1 1 1 1
 1 1 1 1 1
 1 1 1 1 1
 1 1 1 1 1
 1 1 1 1 1
 1 1 1 1 1
 1 1 1 1 1
 1 1 1 1 1
 1 1 1 1 1
 1 1 1 1 1
 1 1 1 1 1
 1 1 1 1 1
 1 1 1 1 1
 1 1 1 1 1
 1 1 1 1 1
 1 1 1 1 1
 1 1 1 1 1
 1 1 1 1 1
 1 1 1 1 1
 1 1 1 1 1
 1 1 1 1 1
 1 1 1 1 1
 1 1 1 1 1
 1 1 1 1 1
Scru_pelaces
 1 1 1 1 1
 1 1 1 1 1
 1 1 1 1 1
 1 1 1 1 1
 1 1 1 1 1
 1 1 1 1 1
 1 1 1 1 1
 1 1 1 1 1
 1 1 1 1 1
 1 1 1 1 1
 1 1 1 1 1
 1 1 1 1 1
 1 1 1 1 1
 1 1 1 1 1
 1 1 1 1 1
 1 1 1 1 1
 1 1 1 1 1
 1 1 1 1 1
 1 1 1 1 1
 1 1 1 1 1
 1 1 1 1 1
 1 1 1 1 1
 1 1 1 1 1
 1 1 1 1 1
pf_obs 
 0.256992 0.487395 0.22802 0.0275931 0
 0.321318 0.546541 0.124235 0.00734118 0.000564706
 0.182869 0.594174 0.210203 0.0122559 0.00049798
 0.330522 0.361315 0.267642 0.0388342 0.00168674
 0.649043 0.306663 0.0425973 0.00169635 0
 0.582887 0.30429 0.105238 0.00758474 0
 0.465427 0.430635 0.0974691 0.00646863 0
 0.296916 0.608066 0.0921331 0.00288517 0
 0.311714 0.524322 0.152257 0.0117073 0
 0.15457 0.633149 0.183074 0.0267441 0.00246327
 0.131901 0.49318 0.331252 0.0422183 0.00144891
 0.196976 0.569456 0.194076 0.0375587 0.00193317
 0.518974 0.381816 0.0799577 0.0180837 0.00116848
 0.0928022 0.601141 0.25162 0.0475244 0.00691264
 0.122501 0.610282 0.24278 0.0234846 0.000952079
 0.383417 0.481906 0.127806 0.00687128 0
 0.0376549 0.599619 0.316969 0.0457579 0
 0.0361596 0.667082 0.258105 0.0386534 0
 0.158088 0.579412 0.248529 0.0139706 0
 0.0477256 0.309471 0.559284 0.082774 0.000745712
 0.0406174 0.521527 0.379366 0.0568643 0.0016247
 0.151134 0.462217 0.34131 0.0453401 0
 0.294876 0.26143 0.354403 0.0886775 0.000613685
 0.281977 0.475581 0.204845 0.0348837 0.00271318
pf_pred 
 0.307523 0.485496 0.184779 0.0221919 1.09633e-05
 0.316391 0.514583 0.118504 0.0451022 0.00541946
 0.176312 0.62342 0.150751 0.0347165 0.0148007
 0.326771 0.417502 0.193551 0.0468031 0.0153734
 0.329473 0.495321 0.108653 0.0503709 0.0161812
 0.168677 0.607569 0.165288 0.0362574 0.0222083
 0.267809 0.404587 0.239428 0.0651358 0.0230399
 0.227351 0.526523 0.136002 0.0804837 0.0296402
 0.263779 0.476752 0.176816 0.0456717 0.0369815
 0.233851 0.531117 0.152199 0.0564469 0.0263863
 0.115517 0.574672 0.21477 0.0615454 0.0334956
 0.112292 0.415804 0.306608 0.114588 0.0507078
 0.194013 0.367569 0.205356 0.151426 0.0816354
 0.171214 0.532732 0.135015 0.075431 0.0856079
 0.249974 0.500639 0.160302 0.0406267 0.0484575
 0.325833 0.512646 0.107815 0.0345217 0.0191847
 0.21777 0.598738 0.13953 0.0293446 0.0146176
 0.222353 0.496714 0.215033 0.0501113 0.0157888
 0.22663 0.490181 0.180884 0.0783067 0.0239982
 0.339584 0.420371 0.152147 0.0561443 0.0317543
 0.270893 0.55044 0.113726 0.0411613 0.0237798
 0.25215 0.507894 0.181155 0.0374282 0.0213727
 0.286778 0.470819 0.164626 0.0587184 0.0190594
 0.194343 0.564474 0.159212 0.0556696 0.0263012
pobs_RECLAS
 0 0 0 0 0
 0 0 0 0 0
 0 0 0 0 0
 0 0 0 0 0
 0.835266 0.146461 0.0176864 0.000547809 3.91292e-05
 0.385257 0.428462 0.181853 0.0044286 0
 0.867414 0.0963971 0.0333333 0.00285562 0
 0.441836 0.489002 0.0689373 0.000224442 0
 0.779404 0.147425 0.0564933 0.0165055 0.000172143
 0.814271 0.122319 0.05973 0.00367925 0
 0.40263 0.566651 0.0304383 0.000280538 0
 0.475488 0.404961 0.113038 0.00651328 0
 0.955842 0.0263864 0.0167828 0.000988607 0
 0.975058 0.0227948 0.00214734 0 0
 0.738997 0.206755 0.0527124 0.00153531 0
 0.850938 0.134255 0.0134407 0.00136685 0
 0.542534 0.407297 0.0501686 0 0
 0.764087 0.199537 0.0359546 0.000420521 0
 0.470689 0.182191 0.310203 0.0369168 0
 0.84361 0.089868 0.0606195 0.00523954 0.000663233
 0.607945 0.314616 0.071237 0.00620181 0
 0.523733 0.453247 0.0230204 0 0
 0.530135 0.295979 0.169645 0.0042399 0
 0.562478 0.366248 0.0663022 0.0049721 0
ppred_RECLAS
 0.714625 0.200076 0.0761485 0.00914543 4.51805e-06
 0.722334 0.209012 0.0481335 0.0183195 0.00220126
 0.551755 0.339261 0.0820375 0.0188925 0.00805443
 0.727639 0.168904 0.0783028 0.0189346 0.00621947
 0.728857 0.200295 0.0439365 0.0203687 0.00654326
 0.52903 0.344207 0.0936406 0.0205409 0.0125817
 0.668245 0.183318 0.108485 0.029513 0.0104394
 0.620478 0.258626 0.0668034 0.0395332 0.0145591
 0.665957 0.216315 0.080226 0.0207225 0.0167795
 0.62817 0.257763 0.0738657 0.027395 0.0128059
 0.423455 0.374597 0.139997 0.040118 0.0218339
 0.414966 0.274031 0.202067 0.0755176 0.0334184
 0.57963 0.191709 0.107105 0.0789779 0.0425777
 0.556253 0.285235 0.0722895 0.0403871 0.0458361
 0.668043 0.22158 0.0709487 0.0179811 0.021447
 0.731061 0.204505 0.0430096 0.0137714 0.00765317
 0.607949 0.300086 0.0699318 0.0147074 0.00732629
 0.612666 0.247406 0.107105 0.0249597 0.00786414
 0.61807 0.242077 0.0893298 0.0386719 0.0118516
 0.739621 0.165738 0.0599862 0.0221358 0.0125196
 0.671003 0.248377 0.0513168 0.0185733 0.0107302
 0.649529 0.238018 0.0848961 0.0175403 0.0100161
 0.688762 0.205457 0.0718398 0.0256237 0.00831718
 0.570428 0.300975 0.0848908 0.0296827 0.0140237
pobs_PELACES
 0 0 0 0 0
 0 0 0 0 0
 0 0 0 0 0
 0 0 0 0 0
 0 0 0 0 0
 0 0 0 0 0
 0 0 0 0 0
 0 0 0 0 0
 0 0 0 0 0
 0 0 0 0 0
 0.450072 0.473896 0.0757376 0.000293798 0
 0 0 0 0 0
 0.463077 0.371075 0.160297 0.00555027 0
 0.529543 0.364841 0.0842815 0.0213345 0
 0.631943 0.363953 0.00410389 0 0
 0.735681 0.248677 0.0153453 0.000297389 0
 0.695825 0.281241 0.0229344 0 0
 0.275771 0.60734 0.115278 0.00161068 0
 0 0 0 0 0
 0.896147 0.0623911 0.0374545 0.00400742 0
 0.803859 0.145111 0.0509908 3.86294e-05 0
 0.739449 0.233085 0.0266225 0.000797448 4.60066e-05
 0.878498 0.100942 0.0204185 0.000141795 0
 0.694673 0.275183 0.0284847 0.00165964 0
ppred_PELACES
 0.740177 0.182162 0.0693304 0.00832658 4.11352e-06
 0.745459 0.191605 0.0441249 0.0167938 0.00201793
 0.597283 0.304802 0.073705 0.0169736 0.00723635
 0.734975 0.164355 0.0761937 0.0184246 0.00605194
 0.730171 0.199324 0.0437236 0.0202699 0.00651154
 0.544588 0.332837 0.0905473 0.0198624 0.0121661
 0.676993 0.178484 0.105624 0.0287348 0.0101641
 0.638453 0.246377 0.0636396 0.0376609 0.0138696
 0.684095 0.204569 0.0758698 0.0195973 0.0158684
 0.642461 0.247857 0.0710269 0.0263421 0.0123137
 0.453025 0.355384 0.132816 0.0380604 0.0207141
 0.441984 0.261376 0.192735 0.07203 0.0318751
 0.621745 0.172503 0.0963748 0.0710654 0.038312
 0.631061 0.237149 0.0601027 0.0335785 0.0381088
 0.731067 0.179512 0.0574787 0.0145673 0.0173751
 0.754092 0.186992 0.0393264 0.0125921 0.00699778
 0.628384 0.284444 0.0662868 0.0139408 0.00694442
 0.626684 0.238452 0.103229 0.0240563 0.00757953
 0.630292 0.23433 0.0864713 0.0374344 0.0114723
 0.749808 0.159253 0.0576393 0.0212697 0.0120298
 0.676385 0.244314 0.0504774 0.0182695 0.0105547
 0.656543 0.233255 0.0831972 0.0171893 0.00981563
 0.69663 0.200264 0.0700237 0.024976 0.00810693
 0.579693 0.294483 0.0830598 0.0290425 0.0137212
pobs_pel_tallas
 0 0 0 0 0 0 0 0 0 0 0 0 0 0 0 0 0 0 0 0 0 0 0 0 0 0 0 0 0 0 0 0 0 0 0 0
 0 0 0 0 0 0 0 0 0 0 0 0 0 0 0 0 0 0 0 0 0 0 0 0 0 0 0 0 0 0 0 0 0 0 0 0
 0 0 0 0 0 0 0 0 0 0 0 0 0 0 0 0 0 0 0 0 0 0 0 0 0 0 0 0 0 0 0 0 0 0 0 0
 0 0 0 0 0 0 0 0 0 0 0 0 0 0 0 0 0 0 0 0 0 0 0 0 0 0 0 0 0 0 0 0 0 0 0 0
 0 0 0 0 0 0 0 0 0 0 0 0 0 0 0 0 0 0 0 0 0 0 0 0 0 0 0 0 0 0 0 0 0 0 0 0
 0 0 0 0 0 0 0 0 0 0 0 0 0 0 0 0 0 0 0 0 0 0 0 0 0 0 0 0 0 0 0 0 0 0 0 0
 0 0 0 0 0 0 0 0 0 0 0 0 0 0 0 0 0 0 0 0 0 0 0 0 0 0 0 0 0 0 0 0 0 0 0 0
 0 0 0 0 0 0 0 0 0 0 0 0 0 0 0 0 0 0 0 0 0 0 0 0 0 0 0 0 0 0 0 0 0 0 0 0
 0 0 0 0 0 0 0 0 0 0 0 0 0 0 0 0 0 0 0 0 0 0 0 0 0 0 0 0 0 0 0 0 0 0 0 0
 0 0 0 0 0 0 0 0 0 0 0 0 0 0 0 0 0 0 0 0 0 0 0 0 0 0 0 0 0 0 0 0 0 0 0 0
 0 0 0 0 0 0 0 0 1.78061e-05 0.00172719 0.00360574 0.0105946 0.0120993 0.0124554 0.0147524 0.0171206 0.0266825 0.0428682 0.0675386 0.121331 0.153587 0.119568 0.100827 0.0573624 0.0630603 0.0341343 0.0324427 0.0444173 0.0211091 0.0280891 0.0125444 0.00206551 0 0 0 0
 0 0 0 0 0 0 0 0 0 0 0 0 0 0 0 0 0 0 0 0 0 0 0 0 0 0 0 0 0 0 0 0 0 0 0 0
 0 0 0 0 0 0 0.0133647 0.0140871 0.0187388 0.0205184 0.03894 0.0496705 0.03968 0.0493445 0.0407372 0.0367815 0.0215668 0.0243155 0.0234873 0.0199281 0.019796 0.0243948 0.0301388 0.0376714 0.0412746 0.0863199 0.0771752 0.113111 0.0741005 0.0525337 0.0229764 0.00759418 0.00175318 0 0 0
 0 0 0 0 0 0 0 0 0 0 0.00219441 0.00772107 0.0458388 0.0604681 0.0671733 0.0775358 0.0609151 0.0617685 0.073594 0.0568108 0.0755445 0.0548602 0.0670107 0.0636378 0.0643287 0.046367 0.0373049 0.0286899 0.0247887 0.0153202 0.00654259 0.00121912 0.000365735 0 0 0
 0 0 0 0 0 0 0 0 0 0 0 0 0.000112435 0.00938835 0.0111873 0.0202946 0.0414886 0.0713402 0.111592 0.104902 0.108894 0.110636 0.117776 0.105296 0.107544 0.0401394 0.0192827 0.0124803 0.00416011 0.0028671 0.000618394 0 0 0 0 0
 0 0 0 0 0 0 0 0 0 0 0.00291406 0.0102884 0.027416 0.0768956 0.0749926 0.110853 0.0956884 0.0897413 0.0766577 0.0534642 0.0500743 0.0551293 0.0594112 0.0620874 0.0668451 0.0424026 0.0208742 0.0120726 0.0048766 0.00582813 0.00118941 0.000297354 0 0 0 0
 0 0.00264628 0.0354308 0.0461629 0.0458689 0.0383711 0.0214643 0.0164657 0.0346957 0.0420465 0.0363128 0.0245516 0.0311673 0.0291091 0.0169068 0.0133784 0.00837989 0.0085269 0.0148486 0.0160247 0.0276389 0.0546898 0.0760071 0.122758 0.109233 0.0665981 0.0333725 0.0166128 0.00676272 0.00308733 0.000882094 0 0 0 0 0
 0 0 0 0 0 0 0 0.000805153 0.000690131 0.00759144 0.0133425 0.0154129 0.00931677 0.000345066 0.00356568 0.00563607 0.00851162 0.0253048 0.0502646 0.0516448 0.0657925 0.0565908 0.0611916 0.0827007 0.0866115 0.110766 0.145733 0.0935128 0.0569358 0.0249597 0.0138026 0.00621118 0.00161031 0.00115022 0 0
 0 0 0 0 0 0 0 0 0 0 0 0 0 0 0 0 0 0 0 0 0 0 0 0 0 0 0 0 0 0 0 0 0 0 0 0
 0.00147267 0.00158595 0.00478618 0.00569244 0.00954404 0.0108468 0.00647125 0.017049 0.0510054 0.094081 0.124002 0.0959785 0.0687766 0.0820023 0.061753 0.0591476 0.0492212 0.0479892 0.0443925 0.0268479 0.0217502 0.0140895 0.0121071 0.0120363 0.00920419 0.00665534 0.0049561 0.00860946 0.00930331 0.0156896 0.0114698 0.00855282 0.00243557 0.00046729 0 2.83206e-05
 0 0 0 0 0.000772559 0.00158375 0.000888443 0.00281984 0.00712685 0.0440552 0.0773331 0.111326 0.0921469 0.0852325 0.0710754 0.0886704 0.0786465 0.0553345 0.0373146 0.0185414 0.00753245 0.00457741 0.012979 0.0271748 0.0457355 0.0583668 0.034881 0.0177882 0.00938659 0.00492506 0.0015258 0.00185414 0.000309023 5.79419e-05 3.86279e-05 0
 0 0.00173294 0.00326652 0 0.00397197 0.00683976 0.00946217 0.0152591 0.00757587 0.0136028 0.0228656 0.0392903 0.0559909 0.0764795 0.0681675 0.0726916 0.0566044 0.0477403 0.0527397 0.0444891 0.0609904 0.0582453 0.0661739 0.0445044 0.0529084 0.0360697 0.0280645 0.0235558 0.0158879 0.00826598 0.00280645 0.00217768 0.000904811 0.00058276 9.20147e-05 0
 0 0 0 0 0 0 0 0 0 0 0 0 0 0 0 0 0 0 0 0 0 0 0 0 0 0 0 0 0 0 0 0 0 0 0 0
 0 0 0 0 0 0 0 0 0 0 0 0 0 0 0 0 0 0 0 0 0 0 0 0 0 0 0 0 0 0 0 0 0 0 0 0
ppred_pel_tallas
 1.0133e-16 3.22954e-05 0.000189546 0.000901015 0.00346895 0.0108176 0.0273244 0.0559095 0.0926766 0.124463 0.135444 0.119479 0.0855436 0.0499575 0.0243085 0.010817 0.00596568 0.00560994 0.007206 0.00962524 0.012384 0.0151654 0.0176659 0.0195994 0.0207481 0.0210083 0.0204092 0.0190956 0.0172846 0.0152111 0.01308 0.0110388 0.00917217 0.00751407 0.00606647 0.00481725
 1.01361e-16 3.2526e-05 0.0001909 0.000907447 0.00349371 0.0108948 0.0275195 0.0563086 0.0933384 0.125353 0.136413 0.120337 0.0861647 0.0503337 0.0245162 0.0109498 0.00609267 0.0057693 0.00741342 0.00988039 0.0126718 0.0154556 0.017914 0.0197518 0.0207511 0.0208187 0.0200047 0.0184815 0.0164954 0.0143052 0.0121301 0.0101194 0.00834799 0.00683115 0.00554816 0.00446471
 1.02067e-16 2.60695e-05 0.000152984 0.000727167 0.00279955 0.00873007 0.0220516 0.0451219 0.0747997 0.100469 0.109371 0.0965701 0.0693391 0.0408928 0.0206426 0.010451 0.00754993 0.00864403 0.0116847 0.0156979 0.0201512 0.0245773 0.0284811 0.0313939 0.0329681 0.0330551 0.0317342 0.0292807 0.0260879 0.02257 0.0190788 0.0158549 0.0130203 0.0106013 0.00856554 0.00685779
 1.02052e-16 3.20678e-05 0.000188212 0.000894675 0.00344455 0.0107415 0.0271322 0.055516 0.092024 0.123586 0.134485 0.118625 0.0849143 0.0495541 0.0240458 0.0105884 0.00568515 0.00521898 0.00666836 0.00892479 0.0115288 0.0141933 0.0166467 0.0186309 0.0199445 0.0204832 0.0202571 0.0193758 0.0180121 0.0163551 0.0145709 0.0127801 0.0110553 0.00943193 0.0079245 0.00654073
 1.01687e-16 3.18597e-05 0.000186987 0.000888845 0.00342209 0.0106715 0.0269553 0.0551543 0.0914254 0.122785 0.133621 0.117881 0.0844212 0.0493455 0.0240915 0.0108563 0.0061765 0.00596639 0.00771348 0.010293 0.0132076 0.0161177 0.0186951 0.0206341 0.0217093 0.0218241 0.0210303 0.019506 0.0175043 0.0152906 0.0130881 0.0110468 0.00924002 0.00768008 0.00634365 0.0051953
 1.02645e-16 2.37729e-05 0.000139498 0.000663048 0.00255267 0.00796017 0.020107 0.0411432 0.0682059 0.0916179 0.0997494 0.0881072 0.0633342 0.0374957 0.0191951 0.0101574 0.00788579 0.00939639 0.0128272 0.0172728 0.0222033 0.027122 0.0314922 0.0348014 0.0366666 0.0369189 0.0356356 0.0331056 0.0297463 0.0259989 0.0222389 0.0187247 0.0155895 0.0128665 0.0105288 0.00852638
 1.0302e-16 2.95401e-05 0.000173371 0.000824116 0.00317287 0.00989429 0.0249922 0.0511376 0.0847672 0.113843 0.123891 0.109298 0.0782782 0.0457626 0.0223589 0.0101089 0.00580946 0.00568442 0.0074212 0.00999822 0.012978 0.0160678 0.0189782 0.0214269 0.0231869 0.0241293 0.0242426 0.0236191 0.0224182 0.0208199 0.0189856 0.0170369 0.0150543 0.0130881 0.0111748 0.00934786
 1.02926e-16 2.78622e-05 0.000163514 0.000777243 0.00299238 0.0093314 0.0235705 0.0482292 0.0799483 0.107378 0.116873 0.103149 0.0739652 0.0434248 0.0215581 0.0103217 0.00672317 0.0072182 0.0096187 0.0129202 0.0166311 0.0203649 0.0237247 0.0263346 0.0279121 0.0283299 0.027638 0.0260383 0.023823 0.0212991 0.0187238 0.0162696 0.0140212 0.0119959 0.0101746 0.00852925
 1.02559e-16 2.98508e-05 0.000175193 0.000832772 0.00320619 0.00999818 0.0252547 0.0516748 0.0856583 0.115041 0.1252 0.110465 0.0791378 0.0463141 0.0227186 0.0104216 0.00619154 0.006213 0.00814111 0.0109243 0.0140898 0.0173023 0.0202291 0.0225531 0.0240318 0.0245472 0.0241258 0.0229198 0.0211578 0.0190849 0.0169112 0.0147834 0.0127819 0.0109355 0.00924504 0.00770315
 1.0257e-16 2.80371e-05 0.000164541 0.000782122 0.00301116 0.00938998 0.0237185 0.0485319 0.0804502 0.108052 0.117607 0.103796 0.0744294 0.0436972 0.0216931 0.0103859 0.00676426 0.00726133 0.00967485 0.0129933 0.0167207 0.0204666 0.0238293 0.026428 0.0279761 0.0283432 0.027579 0.0258874 0.023566 0.020929 0.0182429 0.0156898 0.0133633 0.0112874 0.00944687 0.00781394
 1.04277e-16 1.97813e-05 0.000116062 0.000551625 0.00212365 0.00662228 0.0167276 0.0342291 0.0567464 0.0762327 0.0830194 0.0733791 0.0528547 0.0315082 0.0165307 0.00939917 0.00808011 0.0101277 0.0140095 0.0189571 0.0244747 0.0300569 0.0351386 0.0391707 0.0417308 0.0426129 0.0418629 0.0397443 0.0366547 0.0330211 0.0292104 0.0254802 0.0219726 0.0187409 0.0157887 0.0131049
 1.06786e-16 1.92962e-05 0.000113222 0.000538143 0.00207177 0.00646053 0.016319 0.0333922 0.0553567 0.0743592 0.0809614 0.0715182 0.0514235 0.0304738 0.0156596 0.00839372 0.00666977 0.00809496 0.0111969 0.0152881 0.0199903 0.0249483 0.0297591 0.0340112 0.0373586 0.0395829 0.0406219 0.0405527 0.0395442 0.037797 0.0354949 0.0327819 0.0297649 0.0265312 0.0231698 0.0197815
 1.05657e-16 2.71307e-05 0.000159226 0.000756873 0.00291397 0.00908692 0.0229529 0.0469649 0.0778508 0.104555 0.113787 0.100392 0.0719153 0.0420755 0.0206195 0.00943032 0.00557549 0.00559766 0.00738362 0.0100047 0.0130663 0.0163036 0.0194514 0.0222473 0.0244755 0.0260053 0.0268073 0.0269392 0.0265116 0.0256465 0.0244451 0.0229748 0.0212748 0.0193732 0.0173052 0.0151245
 1.03865e-16 2.75395e-05 0.000161621 0.000768242 0.00295772 0.00922334 0.0232975 0.0476706 0.0790222 0.106133 0.115517 0.101949 0.073098 0.0429018 0.0212728 0.010143 0.006553 0.00699911 0.00932084 0.012531 0.0161533 0.0198184 0.0231488 0.0257863 0.0274617 0.0280518 0.0276012 0.0262964 0.0244067 0.0222122 0.0199433 0.0177489 0.0156955 0.0137897 0.0120089 0.0103287
 1.02187e-16 3.1898e-05 0.000187214 0.000889926 0.00342626 0.0106845 0.0269881 0.0552214 0.0915359 0.122931 0.133777 0.118008 0.0844899 0.049341 0.0240066 0.0106793 0.00588541 0.00553154 0.00710613 0.00949613 0.0122266 0.0149887 0.0174875 0.0194463 0.020656 0.0210188 0.0205656 0.0194377 0.0178437 0.0160043 0.014107 0.01228 0.0105895 0.00905417 0.00766618 0.00641034
 1.01379e-16 3.29022e-05 0.000193109 0.000917951 0.00353416 0.0110209 0.0278381 0.0569605 0.0944187 0.126803 0.137989 0.121723 0.0871481 0.0508895 0.0247519 0.0109953 0.00603328 0.00563898 0.00721531 0.00960618 0.0123127 0.0150077 0.0173808 0.0191449 0.020089 0.020125 0.0193048 0.0178002 0.0158545 0.0137222 0.0116177 0.00968542 0.00799578 0.00655971 0.00535262 0.00433689
 1.01838e-16 2.74248e-05 0.000160942 0.000765008 0.00294526 0.00918445 0.0231993 0.0474701 0.0786911 0.105693 0.115049 0.101562 0.0728766 0.0428855 0.0214751 0.0105882 0.00729502 0.00811608 0.0108934 0.0146149 0.0187513 0.0228582 0.026472 0.0291552 0.0305844 0.0306228 0.029347 0.0270171 0.0240037 0.0206964 0.0174257 0.0144175 0.0117855 0.00955268 0.0076865 0.00613229
 1.02724e-16 2.73489e-05 0.000160501 0.000762917 0.00293722 0.0091594 0.023136 0.0473402 0.0784747 0.105399 0.114719 0.101248 0.0726029 0.0426268 0.0211662 0.0101432 0.00662374 0.00713314 0.00953013 0.0128367 0.0165787 0.0203836 0.0238651 0.0266503 0.02845 0.0291181 0.0286759 0.0272913 0.0252238 0.022756 0.0201348 0.017538 0.0150706 0.01278 0.0106809 0.00877631
 1.03127e-16 2.75059e-05 0.000161424 0.000767305 0.00295412 0.0092121 0.0232691 0.0476125 0.0789258 0.106004 0.115376 0.101824 0.0730082 0.0428484 0.0212456 0.0101299 0.00654675 0.00699882 0.00933123 0.0125618 0.0162186 0.0199355 0.0233356 0.0260569 0.027821 0.0284905 0.0280924 0.0267953 0.0248548 0.0225447 0.0200996 0.0176828 0.0153837 0.013236 0.0112437 0.0094039
 1.02164e-16 3.27143e-05 0.000192008 0.000912724 0.00351405 0.0109582 0.0276796 0.056636 0.0938802 0.126077 0.137195 0.121009 0.0866079 0.0505163 0.0244634 0.0106875 0.00561514 0.00504113 0.00638981 0.00853066 0.0110001 0.0135155 0.0158146 0.0176509 0.0188358 0.0192773 0.018995 0.0181053 0.0167833 0.0152161 0.0135635 0.0119359 0.0103929 0.00895558 0.00762448 0.00639537
 1.01918e-16 2.95162e-05 0.000173224 0.000823407 0.00317012 0.00988569 0.0249706 0.0510938 0.0846963 0.113753 0.123807 0.109257 0.0783201 0.0459306 0.0227066 0.0107104 0.00676044 0.0070908 0.00937593 0.0125502 0.0160993 0.0196286 0.0227392 0.0250573 0.0263079 0.0263758 0.0253288 0.0233905 0.0208772 0.0181197 0.0153958 0.0128921 0.0106985 0.0088279 0.0072477 0.00590901
 1.02307e-16 2.86506e-05 0.000168144 0.000799253 0.00307713 0.0095957 0.0242381 0.049595 0.0822118 0.110416 0.120175 0.106052 0.0760233 0.044585 0.0220448 0.0104065 0.00658484 0.0069298 0.00919161 0.0123458 0.0159044 0.0194948 0.022737 0.0252686 0.0268137 0.0272411 0.0265878 0.0250363 0.0228591 0.0203481 0.017755 0.0152568 0.0129515 0.0108739 0.00902216 0.00738071
 1.02297e-16 3.03972e-05 0.000178401 0.000848025 0.00326492 0.0101813 0.0257173 0.0526213 0.087227 0.117147 0.12749 0.11248 0.0805704 0.04713 0.0230767 0.0105145 0.00614783 0.00608777 0.0079446 0.010649 0.0137248 0.0168402 0.0196681 0.0218983 0.0232943 0.0237424 0.0232718 0.0220347 0.020259 0.0181883 0.0160316 0.0139343 0.0119758 0.010184 0.00855798 0.00708799
 1.02915e-16 2.53021e-05 0.000148479 0.000705754 0.00271711 0.00847298 0.0214023 0.0437932 0.072597 0.0975109 0.106151 0.0937274 0.0672997 0.0396936 0.0200443 0.0101613 0.00736069 0.00844805 0.0114407 0.0154001 0.0198176 0.0242474 0.0282154 0.0312693 0.0330691 0.0334612 0.0325067 0.0304509 0.0276504 0.0244821 0.0212657 0.0182198 0.0154566 0.0130045 0.010844 0.0089395
pSPR Fmed_Fpbrs
0.665414   0.338467 0.338467
Fs Fmed_Fpbrs
0.263678   1.005 1.005
SSBpbr Bo_Bmed_Bpbrs
1.16385e+06  716249  335732 335732
Ro
50011.1
SPR SPRFo_SPRFmed_SPRFpbrs
1.02891e+06 684650 348251
log_Ro
10.64
likeval ReclasPelacesDesembMPH_pf_preclas_ppelaces_ptallas_desvR_qrecl_qpela
 66.2358 30.4556 0.00891649 0.000178101 286.483 169.321 80.562 0 15.1341 6.42039e-05 0 0 0 0 0
q_reclas_q_pelaces
0.321281 1
M
0.7
N
 42735.7 14546.1 5536.22 664.9 0.328476
 56155.2 19443.5 4477.66 1704.19 204.774
 31551.7 25731.2 6222.12 1432.9 610.887
 56204.9 13806 6400.36 1547.69 508.37
 98028.1 27212 5969.21 2767.29 888.966
 67743.1 48459.7 13183.3 2891.89 1771.34
 110662 32241.2 19079.8 5190.62 1836.03
 114187 53490.8 13816.7 8176.52 3011.22
 146159 53813 19957.9 5155.15 4174.25
 152302 68618.4 19663.6 7292.73 3409.02
 68343.4 72529.5 27106.2 7767.66 4227.49
 40073.9 31280.2 23065.6 8620.21 3814.66
 42776.9 18463.8 10315.5 7606.47 4100.72
 22959.3 18854 4778.35 2669.59 3029.77
 17649.6 9232.63 2956.24 749.225 893.636
 21282 7146.33 1502.95 481.236 267.436
 17302.6 9737.98 2269.34 477.266 237.743
 18333.7 8101.76 3507.35 817.351 257.526
 20630.4 8743.95 3226.64 1396.85 428.086
 40687.8 9888.73 3579.07 1320.73 746.983
 50718.1 19483.1 4025.39 1456.93 841.7
 64500 24770.8 8835.21 1825.43 1042.38
 99415.2 31363.7 10966.6 3911.55 1269.65
 86152.8 48144.8 13579.4 4748.14 2243.27
pred_Ctot
 2588.56 4086.64 1555.36 186.799 0.0922831
 3134.96 5098.74 1174.19 446.894 53.6986
 2716.52 9605.3 2322.68 534.893 228.041
 1013.06 1294.34 600.047 145.099 47.6608
 318.116 478.246 104.908 48.6345 15.6234
 2031.06 7315.82 1990.25 436.58 267.413
 2120.97 3204.2 1896.2 515.856 182.469
 4198.68 9723.75 2511.66 1486.36 547.391
 5756.92 10405 3858.97 996.777 807.115
 4502.54 10226 2930.42 1086.82 508.039
 3867.72 19241.2 7190.93 2060.66 1121.5
 2089.15 7735.9 5704.35 2131.86 943.402
 3482.76 6598.31 3686.38 2718.28 1465.45
 3179.02 9891.54 2506.9 1400.57 1589.53
 2371.25 4749.05 1520.62 385.384 459.666
 1208.2 1900.91 399.782 128.008 71.1376
 712.745 1959.63 456.67 96.0427 47.8423
 523.014 1168.36 505.797 117.871 37.138
 516.634 1117.43 412.349 178.511 54.7072
 1047.54 1296.75 469.338 173.192 97.9548
 601.714 1222.65 252.61 91.4285 52.8203
 965.666 1945.1 693.775 143.34 81.8517
 1774.15 2912.72 1018.46 363.262 117.911
 1576.71 4579.6 1291.69 451.649 213.383
F
 0.0875205 0.478223 0.478223 0.478223 0.478223
 0.0804158 0.439402 0.439402 0.439402 0.439402
 0.126525 0.691349 0.691349 0.691349 0.691349
 0.0253446 0.138486 0.138486 0.138486 0.138486
 0.00452142 0.0247056 0.0247056 0.0247056 0.0247056
 0.0424771 0.2321 0.2321 0.2321 0.2321
 0.0269696 0.147365 0.147365 0.147365 0.147365
 0.05232 0.285883 0.285883 0.285883 0.285883
 0.0561383 0.306747 0.306747 0.306747 0.306747
 0.0418729 0.228799 0.228799 0.228799 0.228799
 0.0815595 0.445652 0.445652 0.445652 0.445652
 0.0749145 0.409342 0.409342 0.409342 0.409342
 0.119272 0.651717 0.651717 0.651717 0.651717
 0.210978 1.15281 1.15281 1.15281 1.15281
 0.204115 1.11531 1.11531 1.11531 1.11531
 0.0818266 0.447111 0.447111 0.447111 0.447111
 0.0587786 0.321174 0.321174 0.321174 0.321174
 0.0403794 0.220638 0.220638 0.220638 0.220638
 0.0353686 0.193259 0.193259 0.193259 0.193259
 0.0363781 0.198775 0.198775 0.198775 0.198775
 0.0166183 0.0908043 0.0908043 0.0908043 0.0908043
 0.0210119 0.114812 0.114812 0.114812 0.114812
 0.025091 0.1371 0.1371 0.1371 0.1371
 0.0257386 0.140639 0.140639 0.140639 0.140639
nmprior
 10 10 8 0
nm_flota  nm_reclas  nm_pelaces    nm_pelaL
inf 16.0163 18.9447 34.1181
cv_recla  cv_pelaces  cv_mph
0.753482 0.649379 0.432983
 ------------------------------------------------
Talla a la edad & desviación 
 7.2 14.2025 17.0495 18.207 18.6776
 1.08 2.13037 2.55742 2.73105 2.80164
