years
 1997 1998 1999 2000 2001 2002 2003 2004 2005 2006 2007 2008 2009 2010 2011 2012 2013 2014 2015 2016 2017 2018 2019 2020
reclasobs
 0 0 0 370054 412103 1.49427e+06 250295 1.28982e+06 931140 785840 897777 1.04006e+06 184774 17550 25797 100020 73551 82996 120727 218422 84188 347160 605670 569463
reclaspred
 2.41769e+06 419679 1.04094e+06 531994 528349 632899 1.33926e+06 952767 1.1063e+06 1.14452e+06 1.0325e+06 722369 445401 226223 162482 160770 180316 242662 268786 359396 542267 544051 902251 1.0825e+06
pelacesobs
 0 0 0 0 0 0 0 0 0 2.06254e+06 1.5e+06 0 1.87456e+06 323000 250000 174000 83755 137374 0 501740 490994 745055 786931 1.00524e+06
pelacespred
 1.33705e+06 494554 376136 392367 329192 302800 681386 630195 634338 681740 529644 385495 234904 98633.4 71396.6 79900.3 93553 125371 146240 187302 313033 325114 409724 580434
mphobs
 0 0 0 0 0 112323 0 153150 637223 0 255016 313432 73983 77613 109348 50772 0 0 0 0 0 0 0 0
mphpred
 1.80413e+06 858736 633363 620175 441190 556095 805097 1.04344e+06 913024 1.02176e+06 1.04969e+06 744342 485649 276672 148412 135041 146583 188554 229070 272563 398651 509566 623224 851802
desembarqueobs
 350755 77701 442110 56441 14545 235359 269955 359681 431902 328805 639364 411747 362871 311530 167758 66681 60226 58785 57116 71774 51957 67425 138520 160799
desembarquepred
 350756 77734.3 442210 56453.9 14550.9 235441 269896 359659 431856 328810 639560 411853 362685 311493 167398 66595.4 60207.5 58730.5 57103.4 71771.5 51945.4 67389.6 138428 160872
Reclutas
 49783.1 51608 27369.4 25621.4 53406 51625.5 90270.6 80573.3 119611 125833 71311.7 49491.1 49400.3 31787.4 20738 17908.2 14500.8 16100.6 20741.4 30035.2 47726.7 51858.3 82127.5 101656
log_desv_Rt
 0.115431 0.151431 -0.482819 -0.548818 0.185678 0.151771 0.710568 0.596923 0.991998 1.04271 0.474816 0.109548 0.107712 -0.333175 -0.760277 -0.906984 -1.11804 -1.01339 -0.760111 -0.389874 0.0732465 0.156269 0.616028 0.829354
SSB
 1.80413e+06 858736 633363 620175 441190 556095 805097 1.04344e+06 913024 1.02176e+06 1.04969e+06 744342 485649 276672 148412 135041 146583 188554 229070 272563 398651 509566 623224 851802
BT
 3.42165e+06 1.06915e+06 1.10651e+06 836592 741785 792630 1.99468e+06 1.78801e+06 1.97511e+06 1.88204e+06 1.71369e+06 1.20677e+06 885382 509124 315991 232246 263074 329291 360192 481301 792711 716210 963539 1.39881e+06
Ftot
 0.140982 0.179586 0.404845 0.103362 0.0269494 0.356116 0.195394 0.361802 0.374241 0.277058 0.581925 0.537677 0.754238 1.21184 0.940386 0.395854 0.320944 0.233954 0.205699 0.193572 0.0934139 0.120551 0.149063 0.144463
BD_Bspro_t
 0.978788 0.862687 0.761858 0.594433 0.644472 0.749693 0.687716 0.707611 0.643216 0.61921 0.597494 0.439249 0.343587 0.256409 0.169762 0.182351 0.254859 0.384375 0.493678 0.597458 0.705946 0.799481 0.805499 0.804776
BD_Bspro
 1.977 0.941019 0.694051 0.679599 0.483465 0.60938 0.882241 1.14343 1.00051 1.11966 1.15027 0.815664 0.532183 0.303182 0.162632 0.147981 0.160629 0.206621 0.251019 0.29868 0.436849 0.558392 0.68294 0.93342
BD_Bo
 1.68251 0.800847 0.590667 0.578368 0.411449 0.518608 0.750824 0.973103 0.851475 0.952881 0.978927 0.694165 0.45291 0.258021 0.138407 0.125938 0.136702 0.175843 0.213628 0.254189 0.371777 0.475215 0.581211 0.79438
BD_Brms
 8.19183 3.89917 2.87584 2.81596 2.00326 2.525 3.65562 4.73785 4.14567 4.63939 4.76621 3.37975 2.20513 1.25625 0.673876 0.613166 0.665575 0.856145 1.04011 1.2376 1.81011 2.31373 2.8298 3.86768
S_f
 0.5 1 1 1 1
 0.5 1 1 1 1
 0.5 1 1 1 1
 0.5 1 1 1 1
 0.5 1 1 1 1
 0.5 1 1 1 1
 0.5 1 1 1 1
 0.5 1 1 1 1
 0.5 1 1 1 1
 0.5 1 1 1 1
 0.5 1 1 1 1
 0.5 1 1 1 1
 0.5 1 1 1 1
 0.5 1 1 1 1
 0.5 1 1 1 1
 0.5 1 1 1 1
 0.5 1 1 1 1
 0.5 1 1 1 1
 0.5 1 1 1 1
 0.5 1 1 1 1
 0.5 1 1 1 1
 0.5 1 1 1 1
 0.5 1 1 1 1
 0.5 1 1 1 1
Scru_reclas
 0.5 1 1 1 1
 0.5 1 1 1 1
 0.5 1 1 1 1
 0.5 1 1 1 1
 0.5 1 1 1 1
 0.5 1 1 1 1
 0.5 1 1 1 1
 0.5 1 1 1 1
 0.5 1 1 1 1
 0.5 1 1 1 1
 0.5 1 1 1 1
 0.5 1 1 1 1
 0.5 1 1 1 1
 0.5 1 1 1 1
 0.5 1 1 1 1
 0.5 1 1 1 1
 0.5 1 1 1 1
 0.5 1 1 1 1
 0.5 1 1 1 1
 0.5 1 1 1 1
 0.5 1 1 1 1
 0.5 1 1 1 1
 0.5 1 1 1 1
 0.5 1 1 1 1
Scru_pelaces
 0.5 1 1 1 1
 0.5 1 1 1 1
 0.5 1 1 1 1
 0.5 1 1 1 1
 0.5 1 1 1 1
 0.5 1 1 1 1
 0.5 1 1 1 1
 0.5 1 1 1 1
 0.5 1 1 1 1
 0.5 1 1 1 1
 0.5 1 1 1 1
 0.5 1 1 1 1
 0.5 1 1 1 1
 0.5 1 1 1 1
 0.5 1 1 1 1
 0.5 1 1 1 1
 0.5 1 1 1 1
 0.5 1 1 1 1
 0.5 1 1 1 1
 0.5 1 1 1 1
 0.5 1 1 1 1
 0.5 1 1 1 1
 0.5 1 1 1 1
 0.5 1 1 1 1
pf_obs 
 0.256992 0.487395 0.22802 0.0275931 0
 0.321318 0.546541 0.124235 0.00734118 0.000564706
 0.182869 0.594174 0.210203 0.0122559 0.00049798
 0.330522 0.361315 0.267642 0.0388342 0.00168674
 0.649043 0.306663 0.0425973 0.00169635 0
 0.582887 0.30429 0.105238 0.00758474 0
 0.465427 0.430635 0.0974691 0.00646863 0
 0.296916 0.608066 0.0921331 0.00288517 0
 0.311714 0.524322 0.152257 0.0117073 0
 0.15457 0.633149 0.183074 0.0267441 0.00246327
 0.131901 0.49318 0.331252 0.0422183 0.00144891
 0.196976 0.569456 0.194076 0.0375587 0.00193317
 0.518974 0.381816 0.0799577 0.0180837 0.00116848
 0.0928022 0.601141 0.25162 0.0475244 0.00691264
 0.122501 0.610282 0.24278 0.0234846 0.000952079
 0.383417 0.481906 0.127806 0.00687128 0
 0.0376549 0.599619 0.316969 0.0457579 0
 0.0361596 0.667082 0.258105 0.0386534 0
 0.158088 0.579412 0.248529 0.0139706 0
 0.0477256 0.309471 0.559284 0.082774 0.000745712
 0.0406174 0.521527 0.379366 0.0568643 0.0016247
 0.151134 0.462217 0.34131 0.0453401 0
 0.294876 0.26143 0.354403 0.0886775 0.000613685
 0.281977 0.475581 0.204845 0.0348837 0.00271318
pf_pred 
 0.328827 0.337878 0.167785 0.0833198 0.0821894
 0.370205 0.31798 0.156972 0.07795 0.0768926
 0.260109 0.409175 0.166977 0.0824289 0.0813106
 0.342675 0.290319 0.202961 0.0828251 0.0812191
 0.535103 0.240686 0.0990267 0.0692293 0.0559548
 0.426254 0.400902 0.0894844 0.036817 0.0465421
 0.577215 0.263083 0.111591 0.0249081 0.0232031
 0.44263 0.41397 0.0892322 0.0378495 0.0163183
 0.552857 0.285363 0.120158 0.0259003 0.0157226
 0.498524 0.367982 0.0851946 0.035873 0.0124265
 0.335034 0.454064 0.154759 0.0358296 0.0203129
 0.362529 0.347359 0.198099 0.0675184 0.0244939
 0.466037 0.305083 0.124717 0.0711262 0.0330364
 0.448246 0.378847 0.0987914 0.0403857 0.0337298
 0.504108 0.349083 0.100802 0.026286 0.0197204
 0.524809 0.347202 0.0900977 0.0260168 0.0118742
 0.431091 0.405353 0.119504 0.0310108 0.0130417
 0.462849 0.335411 0.143742 0.0423769 0.0156214
 0.496939 0.326089 0.110506 0.0473575 0.0191083
 0.532794 0.316252 0.0978501 0.0331596 0.0199445
 0.559729 0.31116 0.0873948 0.0270404 0.0146751
 0.459709 0.390646 0.105762 0.029705 0.0141789
 0.52732 0.301461 0.123796 0.033516 0.0139069
 0.492147 0.35523 0.0973389 0.0399726 0.0153124
pobs_RECLAS
 0 0 0 0 0
 0 0 0 0 0
 0 0 0 0 0
 0 0 0 0 0
 0.835266 0.146461 0.0176864 0.000547809 3.91292e-05
 0.385257 0.428462 0.181853 0.0044286 0
 0.867414 0.0963971 0.0333333 0.00285562 0
 0.441836 0.489002 0.0689373 0.000224442 0
 0.779404 0.147425 0.0564933 0.0165055 0.000172143
 0.814271 0.122319 0.05973 0.00367925 0
 0.40263 0.566651 0.0304383 0.000280538 0
 0.475488 0.404961 0.113038 0.00651328 0
 0.955842 0.0263864 0.0167828 0.000988607 0
 0.975058 0.0227948 0.00214734 0 0
 0.738997 0.206755 0.0527124 0.00153531 0
 0.850938 0.134255 0.0134407 0.00136685 0
 0.542534 0.407297 0.0501686 0 0
 0.764087 0.199537 0.0359546 0.000420521 0
 0.470689 0.182191 0.310203 0.0369168 0
 0.84361 0.089868 0.0606195 0.00523954 0.000663233
 0.607945 0.314616 0.071237 0.00620181 0
 0.523733 0.453247 0.0230204 0 0
 0.530135 0.295979 0.169645 0.0042399 0
 0.562478 0.366248 0.0663022 0.0049721 0
ppred_RECLAS
 0.329861 0.337358 0.167527 0.0831914 0.0820628
 0.371646 0.317253 0.156613 0.0777717 0.0767167
 0.263326 0.407395 0.166251 0.0820705 0.0809571
 0.343422 0.289989 0.202731 0.082731 0.0811268
 0.535303 0.240583 0.0989842 0.0691996 0.0559308
 0.429714 0.398485 0.0889449 0.0365951 0.0462615
 0.578876 0.262049 0.111153 0.0248102 0.0231119
 0.446189 0.411327 0.0886623 0.0376077 0.0162141
 0.556574 0.28299 0.119159 0.025685 0.0155919
 0.501108 0.366086 0.0847555 0.0356881 0.0123624
 0.341069 0.449943 0.153355 0.0355044 0.0201286
 0.368145 0.344299 0.196354 0.0669236 0.0242781
 0.475687 0.299569 0.122463 0.0698408 0.0324394
 0.467564 0.365583 0.0953325 0.0389717 0.0325488
 0.517423 0.33971 0.0980955 0.0255802 0.0191909
 0.528841 0.344256 0.0893333 0.0257961 0.0117734
 0.434134 0.403185 0.118864 0.0308449 0.012972
 0.464945 0.334103 0.143181 0.0422116 0.0155604
 0.498748 0.324917 0.110108 0.0471873 0.0190396
 0.53447 0.315117 0.097499 0.0330406 0.0198729
 0.560461 0.310643 0.0872497 0.0269955 0.0146507
 0.460685 0.38994 0.105571 0.0296513 0.0141532
 0.528563 0.300669 0.123471 0.0334279 0.0138703
 0.49335 0.354388 0.0971083 0.0398779 0.0152761
pobs_PELACES
 0 0 0 0 0
 0 0 0 0 0
 0 0 0 0 0
 0 0 0 0 0
 0 0 0 0 0
 0 0 0 0 0
 0 0 0 0 0
 0 0 0 0 0
 0 0 0 0 0
 0 0 0 0 0
 0.450072 0.473896 0.0757376 0.000293798 0
 0 0 0 0 0
 0.463077 0.371075 0.160297 0.00555027 0
 0.529543 0.364841 0.0842815 0.0213345 0
 0.631943 0.363953 0.00410389 0 0
 0.735681 0.248677 0.0153453 0.000297389 0
 0.695825 0.281241 0.0229344 0 0
 0.275771 0.60734 0.115278 0.00161068 0
 0 0 0 0 0
 0.896147 0.0623911 0.0374545 0.00400742 0
 0.803859 0.145111 0.0509908 3.86294e-05 0
 0.739449 0.233085 0.0266225 0.000797448 4.60066e-05
 0.878498 0.100942 0.0204185 0.000141795 0
 0.694673 0.275183 0.0284847 0.00165964 0
ppred_PELACES
 0.335024 0.334759 0.166236 0.0825505 0.0814306
 0.378591 0.313746 0.154882 0.0769121 0.0758687
 0.276487 0.400117 0.163281 0.0806042 0.0795107
 0.347278 0.288286 0.20154 0.0822451 0.0806504
 0.536409 0.24001 0.0987487 0.0690349 0.0557977
 0.444169 0.388385 0.0866905 0.0356675 0.0450889
 0.586715 0.257171 0.109084 0.0243484 0.0226817
 0.460984 0.400338 0.0862938 0.0366031 0.0157809
 0.571756 0.273301 0.115079 0.0248056 0.015058
 0.512534 0.357701 0.0828144 0.0348707 0.0120793
 0.362966 0.434991 0.148259 0.0343246 0.0194597
 0.389013 0.332929 0.189869 0.0647134 0.0234763
 0.50678 0.281804 0.115201 0.0656991 0.0305157
 0.5175 0.331296 0.0863915 0.0353167 0.0294962
 0.555985 0.312564 0.0902568 0.0235361 0.0176573
 0.545079 0.332391 0.0862545 0.024907 0.0113676
 0.447185 0.393886 0.116123 0.0301335 0.0126728
 0.47456 0.328099 0.140608 0.0414531 0.0152808
 0.507232 0.319417 0.108244 0.0463885 0.0187173
 0.542408 0.309744 0.0958366 0.0324772 0.0195341
 0.564254 0.307962 0.0864967 0.0267625 0.0145242
 0.46563 0.386364 0.104602 0.0293794 0.0140235
 0.534687 0.296763 0.121867 0.0329936 0.0136901
 0.499308 0.35022 0.0959662 0.0394089 0.0150964
pobs_pel_tallas
 0 0 0 0 0 0 0 0 0 0 0 0 0 0 0 0 0 0 0 0 0 0 0 0 0 0 0 0 0 0 0 0 0 0 0 0
 0 0 0 0 0 0 0 0 0 0 0 0 0 0 0 0 0 0 0 0 0 0 0 0 0 0 0 0 0 0 0 0 0 0 0 0
 0 0 0 0 0 0 0 0 0 0 0 0 0 0 0 0 0 0 0 0 0 0 0 0 0 0 0 0 0 0 0 0 0 0 0 0
 0 0 0 0 0 0 0 0 0 0 0 0 0 0 0 0 0 0 0 0 0 0 0 0 0 0 0 0 0 0 0 0 0 0 0 0
 0 0 0 0 0 0 0 0 0 0 0 0 0 0 0 0 0 0 0 0 0 0 0 0 0 0 0 0 0 0 0 0 0 0 0 0
 0 0 0 0 0 0 0 0 0 0 0 0 0 0 0 0 0 0 0 0 0 0 0 0 0 0 0 0 0 0 0 0 0 0 0 0
 0 0 0 0 0 0 0 0 0 0 0 0 0 0 0 0 0 0 0 0 0 0 0 0 0 0 0 0 0 0 0 0 0 0 0 0
 0 0 0 0 0 0 0 0 0 0 0 0 0 0 0 0 0 0 0 0 0 0 0 0 0 0 0 0 0 0 0 0 0 0 0 0
 0 0 0 0 0 0 0 0 0 0 0 0 0 0 0 0 0 0 0 0 0 0 0 0 0 0 0 0 0 0 0 0 0 0 0 0
 0 0 0 0 0 0 0 0 0 0 0 0 0 0 0 0 0 0 0 0 0 0 0 0 0 0 0 0 0 0 0 0 0 0 0 0
 0 0 0 0 0 0 0 0 1.78061e-05 0.00172719 0.00360574 0.0105946 0.0120993 0.0124554 0.0147524 0.0171206 0.0266825 0.0428682 0.0675386 0.121331 0.153587 0.119568 0.100827 0.0573624 0.0630603 0.0341343 0.0324427 0.0444173 0.0211091 0.0280891 0.0125444 0.00206551 0 0 0 0
 0 0 0 0 0 0 0 0 0 0 0 0 0 0 0 0 0 0 0 0 0 0 0 0 0 0 0 0 0 0 0 0 0 0 0 0
 0 0 0 0 0 0 0.0133647 0.0140871 0.0187388 0.0205184 0.03894 0.0496705 0.03968 0.0493445 0.0407372 0.0367815 0.0215668 0.0243155 0.0234873 0.0199281 0.019796 0.0243948 0.0301388 0.0376714 0.0412746 0.0863199 0.0771752 0.113111 0.0741005 0.0525337 0.0229764 0.00759418 0.00175318 0 0 0
 0 0 0 0 0 0 0 0 0 0 0.00219441 0.00772107 0.0458388 0.0604681 0.0671733 0.0775358 0.0609151 0.0617685 0.073594 0.0568108 0.0755445 0.0548602 0.0670107 0.0636378 0.0643287 0.046367 0.0373049 0.0286899 0.0247887 0.0153202 0.00654259 0.00121912 0.000365735 0 0 0
 0 0 0 0 0 0 0 0 0 0 0 0 0.000112435 0.00938835 0.0111873 0.0202946 0.0414886 0.0713402 0.111592 0.104902 0.108894 0.110636 0.117776 0.105296 0.107544 0.0401394 0.0192827 0.0124803 0.00416011 0.0028671 0.000618394 0 0 0 0 0
 0 0 0 0 0 0 0 0 0 0 0.00291406 0.0102884 0.027416 0.0768956 0.0749926 0.110853 0.0956884 0.0897413 0.0766577 0.0534642 0.0500743 0.0551293 0.0594112 0.0620874 0.0668451 0.0424026 0.0208742 0.0120726 0.0048766 0.00582813 0.00118941 0.000297354 0 0 0 0
 0 0.00264628 0.0354308 0.0461629 0.0458689 0.0383711 0.0214643 0.0164657 0.0346957 0.0420465 0.0363128 0.0245516 0.0311673 0.0291091 0.0169068 0.0133784 0.00837989 0.0085269 0.0148486 0.0160247 0.0276389 0.0546898 0.0760071 0.122758 0.109233 0.0665981 0.0333725 0.0166128 0.00676272 0.00308733 0.000882094 0 0 0 0 0
 0 0 0 0 0 0 0 0.000805153 0.000690131 0.00759144 0.0133425 0.0154129 0.00931677 0.000345066 0.00356568 0.00563607 0.00851162 0.0253048 0.0502646 0.0516448 0.0657925 0.0565908 0.0611916 0.0827007 0.0866115 0.110766 0.145733 0.0935128 0.0569358 0.0249597 0.0138026 0.00621118 0.00161031 0.00115022 0 0
 0 0 0 0 0 0 0 0 0 0 0 0 0 0 0 0 0 0 0 0 0 0 0 0 0 0 0 0 0 0 0 0 0 0 0 0
 0.00147267 0.00158595 0.00478618 0.00569244 0.00954404 0.0108468 0.00647125 0.017049 0.0510054 0.094081 0.124002 0.0959785 0.0687766 0.0820023 0.061753 0.0591476 0.0492212 0.0479892 0.0443925 0.0268479 0.0217502 0.0140895 0.0121071 0.0120363 0.00920419 0.00665534 0.0049561 0.00860946 0.00930331 0.0156896 0.0114698 0.00855282 0.00243557 0.00046729 0 2.83206e-05
 0 0 0 0 0.000772559 0.00158375 0.000888443 0.00281984 0.00712685 0.0440552 0.0773331 0.111326 0.0921469 0.0852325 0.0710754 0.0886704 0.0786465 0.0553345 0.0373146 0.0185414 0.00753245 0.00457741 0.012979 0.0271748 0.0457355 0.0583668 0.034881 0.0177882 0.00938659 0.00492506 0.0015258 0.00185414 0.000309023 5.79419e-05 3.86279e-05 0
 0 0.00173294 0.00326652 0 0.00397197 0.00683976 0.00946217 0.0152591 0.00757587 0.0136028 0.0228656 0.0392903 0.0559909 0.0764795 0.0681675 0.0726916 0.0566044 0.0477403 0.0527397 0.0444891 0.0609904 0.0582453 0.0661739 0.0445044 0.0529084 0.0360697 0.0280645 0.0235558 0.0158879 0.00826598 0.00280645 0.00217768 0.000904811 0.00058276 9.20147e-05 0
 0 0 0 0 0 0 0 0 0 0 0 0 0 0 0 0 0 0 0 0 0 0 0 0 0 0 0 0 0 0 0 0 0 0 0 0
 0 0 0 0 0 0 0 0 0 0 0 0 0 0 0 0 0 0 0 0 0 0 0 0 0 0 0 0 0 0 0 0 0 0 0 0
ppred_pel_tallas
 1.09111e-16 1.4635e-05 8.58503e-05 0.000408001 0.00157067 0.00489785 0.0123718 0.0253166 0.0419736 0.0563948 0.0614361 0.0543512 0.0392564 0.0236183 0.0127907 0.00791028 0.00752261 0.00986493 0.0138357 0.0188725 0.024581 0.0305247 0.0361961 0.0410869 0.0447876 0.0470672 0.0479042 0.0474577 0.0459961 0.0438097 0.0411414 0.0381537 0.0349355 0.0315321 0.0279834 0.0243501
 1.08489e-16 1.65338e-05 9.70004e-05 0.000461014 0.00177479 0.00553439 0.0139797 0.0286062 0.0474254 0.0637135 0.0693924 0.0613504 0.0442254 0.0264349 0.0140014 0.00817639 0.00728195 0.00929833 0.0129695 0.0176752 0.0230166 0.0285776 0.033881 0.0384503 0.0419021 0.0440204 0.0447861 0.0443497 0.0429641 0.0409026 0.038394 0.0355914 0.0325781 0.0293963 0.0260827 0.0226928
 1.08933e-16 1.20851e-05 7.08746e-05 0.000336791 0.00129647 0.00404275 0.010212 0.020898 0.0346515 0.0465686 0.0507619 0.0449801 0.0326449 0.0199548 0.0113767 0.00790646 0.00840121 0.0114483 0.0161461 0.0219858 0.0285356 0.0352732 0.0415864 0.0468684 0.0506424 0.052658 0.0529286 0.0516938 0.0493283 0.0462314 0.0427361 0.0390637 0.0353273 0.0315682 0.0278029 0.0240601
 1.0955e-16 1.51675e-05 8.89809e-05 0.000422893 0.00162802 0.00507671 0.0128236 0.0262406 0.0435038 0.0584458 0.0636573 0.0562852 0.0405856 0.0242831 0.0129072 0.00761343 0.00687326 0.00884785 0.0124018 0.0169844 0.0222477 0.0278235 0.0332797 0.0381722 0.042127 0.0449069 0.0464402 0.0468014 0.046157 0.0446999 0.0425987 0.0399758 0.0369156 0.033489 0.0297801 0.0259008
 1.0646e-16 2.34123e-05 0.00013739 0.000653047 0.0025142 0.00784021 0.0198039 0.0405224 0.0671742 0.0902249 0.0982135 0.086705 0.0622273 0.0366422 0.018395 0.00915305 0.00642894 0.0072714 0.00986363 0.0133726 0.0173813 0.0215439 0.0254917 0.0288632 0.0313722 0.0328638 0.0333357 0.0329158 0.0318083 0.0302295 0.028356 0.0263006 0.0241176 0.0218262 0.0194399 0.0169881
 1.0469e-16 1.93963e-05 0.000113799 0.00054086 0.0020822 0.006493 0.0164011 0.0335612 0.0556402 0.07475 0.0814131 0.0719794 0.0518901 0.0310201 0.0164326 0.00958942 0.00850896 0.0107984 0.014948 0.0201796 0.0259642 0.031749 0.0369193 0.0408871 0.043215 0.0437132 0.0424751 0.0398348 0.0362681 0.03227 0.0282516 0.0244833 0.0210895 0.0180827 0.0154144 0.0130215
 1.03529e-16 2.56068e-05 0.000150271 0.000714282 0.00274996 0.00857542 0.021661 0.0443223 0.073473 0.0986841 0.107419 0.0948261 0.0680426 0.0400395 0.0200494 0.00988876 0.00682764 0.00762672 0.0102859 0.0138803 0.0179403 0.0220759 0.0258747 0.0289374 0.0309541 0.0317679 0.0314011 0.0300315 0.0279333 0.0254034 0.0226986 0.0200009 0.0174142 0.0149825 0.012718 0.010624
 1.03351e-16 2.01301e-05 0.000118105 0.000561332 0.00216101 0.00673878 0.017022 0.0348316 0.0577462 0.0775788 0.0844929 0.0746996 0.0538451 0.0321766 0.0170224 0.00989671 0.00873888 0.0110609 0.0152908 0.0206159 0.0264827 0.0323138 0.037469 0.0413377 0.0434678 0.0436674 0.0420424 0.0389528 0.0349101 0.0304496 0.026021 0.0219266 0.0183131 0.0152036 0.0125491 0.0102756
 1.03279e-16 2.49552e-05 0.000146445 0.000696085 0.00267989 0.00835691 0.0211091 0.0431931 0.0716019 0.0961731 0.104692 0.0924313 0.066353 0.0391033 0.0196881 0.00988812 0.0070534 0.00803454 0.0108833 0.0146893 0.0189742 0.0233265 0.027307 0.03049 0.0325457 0.0333088 0.0328059 0.0312313 0.0288833 0.0260856 0.0231194 0.0201859 0.0174012 0.0148155 0.0124418 0.0102805
 1.03055e-16 2.23762e-05 0.000131296 0.00062405 0.00240251 0.00749189 0.0189242 0.0387233 0.0641956 0.0862351 0.0938995 0.0829655 0.0596937 0.0354517 0.0183538 0.0100434 0.00819023 0.0100001 0.0137218 0.0184861 0.023755 0.0290028 0.0336561 0.0371679 0.0391317 0.0393725 0.0379799 0.0352702 0.0316952 0.0277287 0.0237704 0.0200903 0.0168216 0.0139892 0.0115546 0.00945761
 1.04335e-16 1.58576e-05 9.30185e-05 0.000442058 0.00170176 0.00530663 0.0134045 0.0274303 0.0454797 0.0611111 0.0665884 0.0589436 0.0426476 0.025806 0.0142395 0.00920122 0.00913123 0.0121204 0.0169489 0.0229449 0.0295798 0.0362485 0.0422591 0.04694 0.0497794 0.0505366 0.0492848 0.046369 0.0423004 0.0376258 0.0328146 0.0281949 0.0239451 0.0201252 0.0167261 0.013714
 1.06125e-16 1.69893e-05 9.96718e-05 0.000473709 0.00182366 0.00568679 0.0143646 0.029394 0.0487318 0.0654696 0.0713074 0.0630494 0.045463 0.0272004 0.0144538 0.00851326 0.00765847 0.00981557 0.0136911 0.0186383 0.0242304 0.030015 0.0354717 0.0400798 0.0434188 0.0452504 0.0455535 0.0444985 0.0423783 0.0395211 0.0362184 0.0326867 0.0290658 0.0254421 0.0218789 0.0184387
 1.05411e-16 2.21222e-05 0.000129812 0.00061701 0.00237543 0.00740746 0.0187108 0.0382862 0.063469 0.0852533 0.0928152 0.0819711 0.0588992 0.0348222 0.0177402 0.00925353 0.00703678 0.00831896 0.0113847 0.015424 0.0199911 0.0246819 0.0290556 0.0326808 0.0352195 0.0364951 0.0365192 0.035466 0.0336082 0.0312384 0.0286044 0.0258757 0.0231442 0.0204481 0.0178038 0.0152308
 1.03927e-16 2.25916e-05 0.000132563 0.00063008 0.00242573 0.00756433 0.0191071 0.0390974 0.0648149 0.0870645 0.0947959 0.0837415 0.060217 0.0356925 0.0183503 0.00983808 0.00779208 0.00938495 0.0128522 0.0173329 0.0223165 0.0273179 0.0318097 0.0352869 0.0373709 0.037892 0.0369201 0.0347301 0.0317189 0.028303 0.0248313 0.0215377 0.0185359 0.0158475 0.0134435 0.0112817
 1.03017e-16 2.4269e-05 0.000142413 0.00067691 0.00260605 0.00812663 0.0205274 0.0420033 0.0696309 0.0935297 0.101824 0.0899249 0.0646078 0.0381833 0.019425 0.0100825 0.00759548 0.00891067 0.0121282 0.0163371 0.0210231 0.0257188 0.0299213 0.0331502 0.0350442 0.0354401 0.0344031 0.0321946 0.0291947 0.0258056 0.022369 0.0191193 0.0161775 0.0135748 0.0112906 0.00928611
 1.0272e-16 2.37943e-05 0.000139624 0.000663647 0.00255497 0.00796735 0.0201251 0.0411804 0.0682674 0.0917005 0.099839 0.0881858 0.0633895 0.037526 0.0192059 0.0101555 0.00787506 0.00937746 0.0127988 0.0172329 0.0221499 0.0270542 0.0314102 0.0347072 0.0365644 0.0368145 0.0355364 0.0330197 0.0296818 0.0259625 0.0222351 0.0187551 0.0156525 0.0129574 0.0106404 0.00865016
 1.03405e-16 1.95282e-05 0.000114572 0.000544536 0.00209635 0.00653712 0.0165126 0.0337893 0.0560185 0.0752586 0.081968 0.0724725 0.0522509 0.0312466 0.0165726 0.00970296 0.00864514 0.0109923 0.0152255 0.0205604 0.0264604 0.032361 0.0376319 0.0416662 0.0440071 0.0444482 0.0430717 0.0402084 0.036341 0.0319811 0.0275658 0.0233975 0.019635 0.0163232 0.0134391 0.0109344
 1.04242e-16 2.07192e-05 0.000121571 0.00057782 0.00222452 0.00693685 0.0175222 0.0358545 0.0594398 0.0798471 0.086945 0.076824 0.055282 0.0328468 0.017035 0.00937446 0.00771649 0.00948654 0.0130798 0.0177106 0.022901 0.0281818 0.0330313 0.0369394 0.039509 0.0405383 0.0400535 0.0382801 0.0355675 0.032295 0.0287924 0.0252955 0.0219414 0.0187913 0.0158654 0.0131715
 1.0411e-16 2.21435e-05 0.000129933 0.000617579 0.0023776 0.00741424 0.018728 0.0383217 0.0635288 0.0853367 0.0929141 0.0820779 0.0590182 0.0349772 0.0179745 0.00962543 0.00761475 0.00917448 0.0125809 0.0169991 0.0219392 0.0269372 0.0314855 0.0350932 0.0373847 0.0381796 0.037523 0.035655 0.0329335 0.0297401 0.0263993 0.0231349 0.0200658 0.0172309 0.0146266 0.0122385
 1.03491e-16 2.36769e-05 0.000138937 0.000660384 0.00254242 0.00792821 0.0200262 0.0409779 0.0679311 0.0912471 0.0993409 0.0877353 0.0630427 0.0372747 0.0189932 0.00990884 0.00752792 0.00887587 0.0121027 0.0163216 0.0210308 0.0257711 0.0300469 0.0333823 0.035417 0.0359836 0.0351376 0.0331264 0.0303133 0.0270836 0.0237644 0.0205802 0.0176479 0.0150003 0.012624 0.010491
 1.02927e-16 2.46294e-05 0.000144529 0.000686971 0.00264479 0.00824744 0.0208326 0.0426277 0.0706656 0.0949186 0.103334 0.0912526 0.0655496 0.0387156 0.0196507 0.0101261 0.00753895 0.00878686 0.0119408 0.016079 0.0206873 0.0253029 0.0294305 0.0325965 0.0344459 0.0348188 0.0337807 0.0315905 0.0286238 0.025278 0.0218901 0.018691 0.0157994 0.0132452 0.0110068 0.00904536
 1.03276e-16 2.03322e-05 0.000119293 0.000566981 0.00218276 0.00680662 0.0171933 0.035182 0.0583267 0.0783572 0.0853369 0.0754365 0.0543562 0.032442 0.0170902 0.00982376 0.00855543 0.0107693 0.0148803 0.0200781 0.0258227 0.0315563 0.0366601 0.0405405 0.0427532 0.043101 0.0416718 0.038798 0.0349598 0.0306648 0.0263442 0.0222938 0.0186656 0.0154968 0.0127569 0.0103906
 1.03601e-16 2.33398e-05 0.000136958 0.000650982 0.00250622 0.00781533 0.0197411 0.0403944 0.0669636 0.089947 0.0979243 0.0864811 0.062135 0.0367252 0.0186903 0.00971556 0.00734281 0.00864214 0.0117957 0.0159388 0.0205904 0.0253131 0.0296319 0.0330855 0.0353169 0.0361473 0.0356067 0.0339062 0.0313697 0.0283479 0.0251447 0.0219767 0.018968 0.0161715 0.0136 0.0112537
 1.03536e-16 2.17992e-05 0.000127909 0.00060795 0.00234052 0.00729859 0.0184359 0.0377243 0.0625394 0.0840107 0.0914784 0.0808287 0.0581614 0.0345523 0.0179082 0.00983295 0.0080601 0.0098718 0.0135669 0.0183031 0.0235597 0.0288269 0.0335451 0.0371776 0.0393211 0.0397939 0.0386692 0.036239 0.0329271 0.0291807 0.0253781 0.0217771 0.018509 0.0156056 0.0130422 0.0107764
pSPR Fmed_Fpbrs
0.623419   0.255389 0.255389
Fs Fmed_Fpbrs
0.255071   1.005 1.005
SSBpbr Bo_Bmed_Bpbrs
1.07228e+06  614868  220236 220236
Ro
44355.9
SPR SPRFo_SPRFmed_SPRFpbrs
912560 568907 233058
log_Ro
10.52
likeval ReclasPelacesDesembMPH_pf_preclas_ppelaces_ptallas_desvR_qrecl_qpela
 123.157 71.1991 0.0465071 0.00076633 312.388 181.641 84.867 0 13.0905 0 0 0 0 0 0
q_reclas_q_pelaces
1 1
M
0.7
N
 49783.1 26370.5 13095.2 6502.88 6414.66
 51608 23038.9 11373.2 5647.78 5571.16
 27369.4 23426.9 9560.1 4719.38 4655.35
 25621.4 11100.7 7760.43 3166.9 3105.49
 53406 12082.3 4971.1 3475.28 2808.91
 51625.5 26165.7 5840.38 2402.94 3037.66
 90270.6 21455 9100.52 2031.31 1892.26
 80573.3 40654.7 8763.21 3717.08 1602.57
 119611 33390.3 14059.7 3030.6 1839.7
 125833 49260.5 11404.7 4802.19 1663.49
 71311.7 54403.6 18542.5 4292.92 2433.79
 49491.1 26472.3 15097.1 5145.58 1866.68
 49400.3 18783 7678.47 4379.03 2033.96
 31787.4 16824.5 4387.31 1793.52 1497.93
 20738 8611.94 2486.8 648.48 486.504
 17908.2 6435.15 1669.9 482.204 220.079
 14500.8 7296.05 2150.97 558.17 234.741
 16100.6 6133.28 2628.44 774.899 285.65
 20741.4 7112.69 2410.36 1032.97 416.792
 30035.2 9293.21 2875.37 974.409 586.078
 47726.7 13539.1 3802.7 1176.58 638.538
 51858.3 22618.9 6123.72 1719.96 820.973
 82127.5 24245.7 9956.58 2695.6 1118.49
 101656 37854.2 10372.7 4259.58 1631.72
pred_Ctot
 2446.78 2514.13 1248.48 619.977 611.566
 3203.96 2751.98 1358.53 674.624 665.472
 3649.25 5740.6 2342.64 1156.45 1140.76
 930.86 788.639 551.335 224.99 220.628
 514.461 231.401 95.2066 66.5586 53.7962
 6118.16 5754.27 1284.4 528.446 668.033
 6076.66 2769.62 1174.78 262.221 244.272
 9689.45 9062.08 1953.35 828.549 357.218
 14839 7659.3 3225.11 695.179 422.004
 11800.6 8710.52 2016.64 849.15 294.147
 13165.6 17843 6081.47 1407.97 798.222
 8521.04 8164.48 4656.2 1586.98 575.714
 11405.4 7466.32 3052.22 1740.68 808.504
 10752.9 9088.12 2369.9 968.81 809.141
 5747.01 3979.67 1149.18 299.67 224.819
 2339.21 1547.57 401.589 115.964 52.9262
 1560.48 1467.31 432.583 112.254 47.2088
 1286.92 932.587 399.664 117.826 43.4341
 1466.58 962.365 326.127 139.763 56.393
 2003.79 1189.4 368.006 124.71 75.0095
 1570.51 873.066 245.216 75.8711 41.1759
 2189.15 1860.27 503.641 141.456 67.5203
 4260.34 2435.58 1000.18 270.783 112.357
 5115.79 3692.56 1011.82 415.509 159.17
F
 0.0704909 0.140982 0.140982 0.140982 0.140982
 0.089793 0.179586 0.179586 0.179586 0.179586
 0.202422 0.404845 0.404845 0.404845 0.404845
 0.051681 0.103362 0.103362 0.103362 0.103362
 0.0134747 0.0269494 0.0269494 0.0269494 0.0269494
 0.178058 0.356116 0.356116 0.356116 0.356116
 0.0976972 0.195394 0.195394 0.195394 0.195394
 0.180901 0.361802 0.361802 0.361802 0.361802
 0.187121 0.374241 0.374241 0.374241 0.374241
 0.138529 0.277058 0.277058 0.277058 0.277058
 0.290963 0.581925 0.581925 0.581925 0.581925
 0.268839 0.537677 0.537677 0.537677 0.537677
 0.377119 0.754238 0.754238 0.754238 0.754238
 0.60592 1.21184 1.21184 1.21184 1.21184
 0.470193 0.940386 0.940386 0.940386 0.940386
 0.197927 0.395854 0.395854 0.395854 0.395854
 0.160472 0.320944 0.320944 0.320944 0.320944
 0.116977 0.233954 0.233954 0.233954 0.233954
 0.10285 0.205699 0.205699 0.205699 0.205699
 0.0967862 0.193572 0.193572 0.193572 0.193572
 0.0467069 0.0934139 0.0934139 0.0934139 0.0934139
 0.0602754 0.120551 0.120551 0.120551 0.120551
 0.0745317 0.149063 0.149063 0.149063 0.149063
 0.0722317 0.144463 0.144463 0.144463 0.144463
nmprior
 10 10 8 0
nm_flota  nm_reclas  nm_pelaces    nm_pelaL
inf 14.4586 13.5825 22.8863
cv_recla  cv_pelaces  cv_mph
1.02744 0.992892 0.898145
 ------------------------------------------------
Talla a la edad & desviación 
 7.2 14.2025 17.0495 18.207 18.6776
 1.08 2.13037 2.55742 2.73105 2.80164
