years
 1997 1998 1999 2000 2001 2002 2003 2004 2005 2006 2007 2008 2009 2010 2011 2012 2013 2014 2015 2016 2017 2018 2019 2020
reclasobs
 0 0 0 370054 412103 1.49427e+06 250295 1.28982e+06 931140 785840 897777 1.04006e+06 184774 17550 25797 100020 73551 82996 120727 218422 84188 347160 605670 569463
reclaspred
 1.60248e+06 473696 1.66044e+06 1.05677e+06 1.10865e+06 1.34428e+06 2.59349e+06 1.67478e+06 1.7243e+06 1.48633e+06 1.20864e+06 812688 472361 219455 155287 168203 224534 341898 399288 543288 827756 856442 1.63989e+06 2.53132e+06
pelacesobs
 0 0 0 0 0 0 0 0 0 2.06254e+06 1.5e+06 0 1.87456e+06 323000 250000 174000 83755 137374 0 501740 490994 745055 786931 1.00524e+06
pelacespred
 1.17888e+06 470593 639639 776695 693294 694957 1.30909e+06 1.19948e+06 1.02516e+06 923015 647349 445350 252710 95405.8 67928.1 83505.1 116755 179385 221795 291285 481314 516355 748484 1.34828e+06
mphobs
 0 0 0 0 0 112323 0 153150 637223 0 255016 313432 73983 77613 109348 50772 0 0 0 0 0 0 0 0
mphpred
 1.04521e+06 779084 903779 1.15878e+06 950902 1.15715e+06 1.65382e+06 1.89222e+06 1.54261e+06 1.44677e+06 1.25477e+06 858051 530730 278171 139414 134107 168712 255373 339055 406919 615785 776423 1.05756e+06 1.75849e+06
desembarqueobs
 350755 77701 442110 56441 14545 235359 269955 359681 431902 328805 639364 411747 362871 311530 167758 66681 60226 58785 57116 71774 51957 67425 138520 160799
desembarquepred
 350803 77720.4 442381 56449.2 14545.5 235483 270031 359837 432133 328966 640288 412417 363603 312394 167941 66723.6 60266 58803.5 57127.6 71788.8 51962.5 67430.3 138535 160808
Reclutas
 100361 91653.5 57763.4 63753.9 94705.9 82911.5 125418 110507 123708 113642 70469.2 45111.4 44437.9 29359.2 21893 21779.7 20352.9 23495.1 27139.8 45295.6 66959.1 90604.8 173185 300401
log_desv_Rt
 0.456532 0.36577 -0.0958901 0.00278606 0.398532 0.265528 0.679404 0.552833 0.665677 0.580811 0.102932 -0.343109 -0.358152 -0.77264 -1.06608 -1.07127 -1.13902 -0.995451 -0.851245 -0.339036 0.051837 0.354263 1.00212 1.55287
SSB
 1.04521e+06 779084 903779 1.15878e+06 950902 1.15715e+06 1.65382e+06 1.89222e+06 1.54261e+06 1.44677e+06 1.25477e+06 858051 530730 278171 139414 134107 168712 255373 339055 406919 615785 776423 1.05756e+06 1.75849e+06
BT
 3.94411e+06 1.03718e+06 1.79477e+06 1.63403e+06 1.50241e+06 1.54591e+06 3.36223e+06 2.9457e+06 2.71645e+06 2.2959e+06 1.94105e+06 1.30958e+06 910807 502976 312353 246159 323787 454530 512704 716422 1.17289e+06 1.11544e+06 1.72542e+06 3.24006e+06
Ftot
 0.212164 0.159377 0.256964 0.052192 0.0128474 0.169903 0.101465 0.208001 0.242109 0.21416 0.50101 0.480651 0.714779 1.24593 0.984448 0.379799 0.25918 0.166977 0.139093 0.128586 0.0613184 0.0768281 0.0824129 0.062055
BD_Bspro_t
 0.972261 0.846433 0.80588 0.71087 0.770986 0.845932 0.811123 0.814418 0.754816 0.702201 0.648558 0.484955 0.374008 0.26594 0.166968 0.187347 0.289544 0.46226 0.59104 0.688508 0.787075 0.859251 0.876043 0.894477
BD_Bspro
 0.799092 0.595631 0.690964 0.88592 0.72699 0.884672 1.26439 1.44665 1.17936 1.10609 0.959304 0.656003 0.405757 0.21267 0.106586 0.102528 0.128985 0.19524 0.259217 0.311101 0.470784 0.593596 0.808535 1.34441
BD_Bo
 0.778488 0.580273 0.673148 0.863077 0.708245 0.861861 1.23179 1.40935 1.14896 1.07757 0.934569 0.639088 0.395295 0.207186 0.103838 0.0998847 0.125659 0.190206 0.252533 0.303079 0.458645 0.578291 0.787687 1.30975
BD_Brms
 3.79031 2.82524 3.27742 4.20215 3.44831 4.19624 5.99735 6.86185 5.59404 5.24649 4.55023 3.1116 1.92461 1.00875 0.505565 0.486319 0.611808 0.926074 1.22953 1.47563 2.23306 2.81558 3.8351 6.3769
S_f
 0.5 1 1 1 1
 0.5 1 1 1 1
 0.5 1 1 1 1
 0.5 1 1 1 1
 0.5 1 1 1 1
 0.5 1 1 1 1
 0.5 1 1 1 1
 0.5 1 1 1 1
 0.5 1 1 1 1
 0.5 1 1 1 1
 0.5 1 1 1 1
 0.5 1 1 1 1
 0.5 1 1 1 1
 0.5 1 1 1 1
 0.5 1 1 1 1
 0.5 1 1 1 1
 0.5 1 1 1 1
 0.5 1 1 1 1
 0.5 1 1 1 1
 0.5 1 1 1 1
 0.5 1 1 1 1
 0.5 1 1 1 1
 0.5 1 1 1 1
 0.5 1 1 1 1
Scru_reclas
 0.5 1 1 1 1
 0.5 1 1 1 1
 0.5 1 1 1 1
 0.5 1 1 1 1
 0.5 1 1 1 1
 0.5 1 1 1 1
 0.5 1 1 1 1
 0.5 1 1 1 1
 0.5 1 1 1 1
 0.5 1 1 1 1
 0.5 1 1 1 1
 0.5 1 1 1 1
 0.5 1 1 1 1
 0.5 1 1 1 1
 0.5 1 1 1 1
 0.5 1 1 1 1
 0.5 1 1 1 1
 0.5 1 1 1 1
 0.5 1 1 1 1
 0.5 1 1 1 1
 0.5 1 1 1 1
 0.5 1 1 1 1
 0.5 1 1 1 1
 0.5 1 1 1 1
Scru_pelaces
 0.5 1 1 1 1
 0.5 1 1 1 1
 0.5 1 1 1 1
 0.5 1 1 1 1
 0.5 1 1 1 1
 0.5 1 1 1 1
 0.5 1 1 1 1
 0.5 1 1 1 1
 0.5 1 1 1 1
 0.5 1 1 1 1
 0.5 1 1 1 1
 0.5 1 1 1 1
 0.5 1 1 1 1
 0.5 1 1 1 1
 0.5 1 1 1 1
 0.5 1 1 1 1
 0.5 1 1 1 1
 0.5 1 1 1 1
 0.5 1 1 1 1
 0.5 1 1 1 1
 0.5 1 1 1 1
 0.5 1 1 1 1
 0.5 1 1 1 1
 0.5 1 1 1 1
pf_obs 
 0.256992 0.487395 0.22802 0.0275931 0
 0.321318 0.546541 0.124235 0.00734118 0.000564706
 0.182869 0.594174 0.210203 0.0122559 0.00049798
 0.330522 0.361315 0.267642 0.0388342 0.00168674
 0.649043 0.306663 0.0425973 0.00169635 0
 0.582887 0.30429 0.105238 0.00758474 0
 0.465427 0.430635 0.0974691 0.00646863 0
 0.296916 0.608066 0.0921331 0.00288517 0
 0.311714 0.524322 0.152257 0.0117073 0
 0.15457 0.633149 0.183074 0.0267441 0.00246327
 0.131901 0.49318 0.331252 0.0422183 0.00144891
 0.196976 0.569456 0.194076 0.0375587 0.00193317
 0.518974 0.381816 0.0799577 0.0180837 0.00116848
 0.0928022 0.601141 0.25162 0.0475244 0.00691264
 0.122501 0.610282 0.24278 0.0234846 0.000952079
 0.383417 0.481906 0.127806 0.00687128 0
 0.0376549 0.599619 0.316969 0.0457579 0
 0.0361596 0.667082 0.258105 0.0386534 0
 0.158088 0.579412 0.248529 0.0139706 0
 0.0477256 0.309471 0.559284 0.082774 0.000745712
 0.0406174 0.521527 0.379366 0.0568643 0.0016247
 0.151134 0.462217 0.34131 0.0453401 0
 0.294876 0.26143 0.354403 0.0886775 0.000613685
 0.281977 0.475581 0.204845 0.0348837 0.00271318
pf_pred 
 0.644648 0.254714 0.0903596 0.0102728 5.12555e-06
 0.456604 0.431463 0.0802326 0.0284624 0.00323744
 0.316355 0.435796 0.196796 0.0365951 0.0144587
 0.389465 0.304694 0.194961 0.0880399 0.0228398
 0.464854 0.30193 0.116389 0.0744725 0.0423546
 0.369032 0.400985 0.129757 0.0500191 0.0502073
 0.482988 0.284916 0.147499 0.0477298 0.0368674
 0.391001 0.400625 0.114831 0.0594475 0.0340958
 0.431696 0.327759 0.158241 0.0453566 0.0369481
 0.403762 0.369382 0.130834 0.0631664 0.0328544
 0.312565 0.405669 0.17456 0.0618289 0.0453768
 0.31936 0.349214 0.195582 0.0841591 0.0516861
 0.430395 0.295824 0.140467 0.0786706 0.0546423
 0.43837 0.366139 0.101529 0.0482092 0.0457537
 0.54141 0.320119 0.0902718 0.025032 0.0231667
 0.574776 0.323914 0.0707199 0.0199426 0.0106479
 0.474552 0.394694 0.0996014 0.0217459 0.00940638
 0.475357 0.346535 0.133787 0.0337613 0.0105595
 0.460551 0.35344 0.122862 0.0474335 0.0157137
 0.542373 0.29278 0.108005 0.0375446 0.0192967
 0.533484 0.331613 0.0863079 0.0318386 0.0167561
 0.499807 0.349841 0.106874 0.0278158 0.0156614
 0.577511 0.283609 0.0971345 0.029674 0.0120716
 0.576116 0.312277 0.0749198 0.0256596 0.0110278
pobs_RECLAS
 0 0 0 0 0
 0 0 0 0 0
 0 0 0 0 0
 0 0 0 0 0
 0.835266 0.146461 0.0176864 0.000547809 3.91292e-05
 0.385257 0.428462 0.181853 0.0044286 0
 0.867414 0.0963971 0.0333333 0.00285562 0
 0.441836 0.489002 0.0689373 0.000224442 0
 0.779404 0.147425 0.0564933 0.0165055 0.000172143
 0.814271 0.122319 0.05973 0.00367925 0
 0.40263 0.566651 0.0304383 0.000280538 0
 0.475488 0.404961 0.113038 0.00651328 0
 0.955842 0.0263864 0.0167828 0.000988607 0
 0.975058 0.0227948 0.00214734 0 0
 0.738997 0.206755 0.0527124 0.00153531 0
 0.850938 0.134255 0.0134407 0.00136685 0
 0.542534 0.407297 0.0501686 0 0
 0.764087 0.199537 0.0359546 0.000420521 0
 0.470689 0.182191 0.310203 0.0369168 0
 0.84361 0.089868 0.0606195 0.00523954 0.000663233
 0.607945 0.314616 0.071237 0.00620181 0
 0.523733 0.453247 0.0230204 0 0
 0.530135 0.295979 0.169645 0.0042399 0
 0.562478 0.366248 0.0663022 0.0049721 0
ppred_RECLAS
 0.646365 0.253484 0.0899231 0.0102232 5.10079e-06
 0.45794 0.430403 0.0800354 0.0283924 0.00322949
 0.318398 0.434493 0.196207 0.0364857 0.0144155
 0.389844 0.304505 0.19484 0.0879852 0.0228256
 0.464948 0.301877 0.116369 0.0744594 0.0423472
 0.370381 0.400128 0.129479 0.0499121 0.0500999
 0.483799 0.284469 0.147268 0.0476549 0.0368096
 0.392747 0.399476 0.114502 0.059277 0.033998
 0.433851 0.326516 0.15764 0.0451846 0.036808
 0.40559 0.36825 0.130433 0.0629728 0.0327537
 0.317318 0.402864 0.173353 0.0614014 0.0450631
 0.323908 0.34688 0.194275 0.0835968 0.0513408
 0.439215 0.291243 0.138292 0.0774524 0.0537962
 0.458448 0.35305 0.097899 0.0464858 0.0441181
 0.555528 0.310265 0.0874929 0.0242614 0.0224535
 0.57852 0.321062 0.0700972 0.019767 0.0105541
 0.476929 0.392908 0.0991508 0.0216475 0.00936382
 0.476773 0.3456 0.133426 0.0336702 0.010531
 0.461697 0.352689 0.122601 0.0473328 0.0156803
 0.543421 0.29211 0.107758 0.0374587 0.0192526
 0.533954 0.331279 0.0862209 0.0318065 0.0167392
 0.500408 0.349421 0.106746 0.0277824 0.0156426
 0.578143 0.283184 0.0969892 0.0296296 0.0120535
 0.576583 0.311933 0.0748372 0.0256314 0.0110156
pobs_PELACES
 0 0 0 0 0
 0 0 0 0 0
 0 0 0 0 0
 0 0 0 0 0
 0 0 0 0 0
 0 0 0 0 0
 0 0 0 0 0
 0 0 0 0 0
 0 0 0 0 0
 0 0 0 0 0
 0.450072 0.473896 0.0757376 0.000293798 0
 0 0 0 0 0
 0.463077 0.371075 0.160297 0.00555027 0
 0.529543 0.364841 0.0842815 0.0213345 0
 0.631943 0.363953 0.00410389 0 0
 0.735681 0.248677 0.0153453 0.000297389 0
 0.695825 0.281241 0.0229344 0 0
 0.275771 0.60734 0.115278 0.00161068 0
 0 0 0 0 0
 0.896147 0.0623911 0.0374545 0.00400742 0
 0.803859 0.145111 0.0509908 3.86294e-05 0
 0.739449 0.233085 0.0266225 0.000797448 4.60066e-05
 0.878498 0.100942 0.0204185 0.000141795 0
 0.694673 0.275183 0.0284847 0.00165964 0
ppred_PELACES
 0.654325 0.247778 0.0878989 0.00999304 4.98597e-06
 0.464475 0.425214 0.0790705 0.0280502 0.00319055
 0.32767 0.428583 0.193538 0.0359894 0.0142194
 0.391895 0.303482 0.194185 0.0876896 0.0227489
 0.465475 0.301579 0.116254 0.0743861 0.0423054
 0.376942 0.395958 0.12813 0.049392 0.0495778
 0.487981 0.282164 0.146075 0.0472689 0.0365114
 0.400962 0.394072 0.112953 0.0584751 0.0335381
 0.443688 0.320842 0.154901 0.0443995 0.0361685
 0.414137 0.362955 0.128558 0.0620673 0.0322827
 0.33549 0.39214 0.168739 0.059767 0.0438636
 0.341512 0.337848 0.189216 0.0814201 0.0500039
 0.46844 0.276066 0.131085 0.0734161 0.0509927
 0.509745 0.319608 0.0886257 0.0420825 0.0399391
 0.59519 0.282578 0.0796854 0.0220964 0.0204498
 0.59372 0.309483 0.0675691 0.0190541 0.0101735
 0.487607 0.384888 0.0971269 0.0212056 0.00917268
 0.48365 0.341058 0.131672 0.0332277 0.0103926
 0.467405 0.348949 0.121301 0.0468308 0.015514
 0.54868 0.288745 0.106517 0.0370272 0.0190308
 0.536471 0.32949 0.0857553 0.0316348 0.0166488
 0.503577 0.347205 0.106069 0.0276062 0.0155434
 0.581456 0.280961 0.0962275 0.0293969 0.0119589
 0.579081 0.310093 0.0743958 0.0254802 0.0109506
pobs_pel_tallas
 0 0 0 0 0 0 0 0 0 0 0 0 0 0 0 0 0 0 0 0 0 0 0 0 0 0 0 0 0 0 0 0 0 0 0 0
 0 0 0 0 0 0 0 0 0 0 0 0 0 0 0 0 0 0 0 0 0 0 0 0 0 0 0 0 0 0 0 0 0 0 0 0
 0 0 0 0 0 0 0 0 0 0 0 0 0 0 0 0 0 0 0 0 0 0 0 0 0 0 0 0 0 0 0 0 0 0 0 0
 0 0 0 0 0 0 0 0 0 0 0 0 0 0 0 0 0 0 0 0 0 0 0 0 0 0 0 0 0 0 0 0 0 0 0 0
 0 0 0 0 0 0 0 0 0 0 0 0 0 0 0 0 0 0 0 0 0 0 0 0 0 0 0 0 0 0 0 0 0 0 0 0
 0 0 0 0 0 0 0 0 0 0 0 0 0 0 0 0 0 0 0 0 0 0 0 0 0 0 0 0 0 0 0 0 0 0 0 0
 0 0 0 0 0 0 0 0 0 0 0 0 0 0 0 0 0 0 0 0 0 0 0 0 0 0 0 0 0 0 0 0 0 0 0 0
 0 0 0 0 0 0 0 0 0 0 0 0 0 0 0 0 0 0 0 0 0 0 0 0 0 0 0 0 0 0 0 0 0 0 0 0
 0 0 0 0 0 0 0 0 0 0 0 0 0 0 0 0 0 0 0 0 0 0 0 0 0 0 0 0 0 0 0 0 0 0 0 0
 0 0 0 0 0 0 0 0 0 0 0 0 0 0 0 0 0 0 0 0 0 0 0 0 0 0 0 0 0 0 0 0 0 0 0 0
 0 0 0 0 0 0 0 0 1.78061e-05 0.00172719 0.00360574 0.0105946 0.0120993 0.0124554 0.0147524 0.0171206 0.0266825 0.0428682 0.0675386 0.121331 0.153587 0.119568 0.100827 0.0573624 0.0630603 0.0341343 0.0324427 0.0444173 0.0211091 0.0280891 0.0125444 0.00206551 0 0 0 0
 0 0 0 0 0 0 0 0 0 0 0 0 0 0 0 0 0 0 0 0 0 0 0 0 0 0 0 0 0 0 0 0 0 0 0 0
 0 0 0 0 0 0 0.0133647 0.0140871 0.0187388 0.0205184 0.03894 0.0496705 0.03968 0.0493445 0.0407372 0.0367815 0.0215668 0.0243155 0.0234873 0.0199281 0.019796 0.0243948 0.0301388 0.0376714 0.0412746 0.0863199 0.0771752 0.113111 0.0741005 0.0525337 0.0229764 0.00759418 0.00175318 0 0 0
 0 0 0 0 0 0 0 0 0 0 0.00219441 0.00772107 0.0458388 0.0604681 0.0671733 0.0775358 0.0609151 0.0617685 0.073594 0.0568108 0.0755445 0.0548602 0.0670107 0.0636378 0.0643287 0.046367 0.0373049 0.0286899 0.0247887 0.0153202 0.00654259 0.00121912 0.000365735 0 0 0
 0 0 0 0 0 0 0 0 0 0 0 0 0.000112435 0.00938835 0.0111873 0.0202946 0.0414886 0.0713402 0.111592 0.104902 0.108894 0.110636 0.117776 0.105296 0.107544 0.0401394 0.0192827 0.0124803 0.00416011 0.0028671 0.000618394 0 0 0 0 0
 0 0 0 0 0 0 0 0 0 0 0.00291406 0.0102884 0.027416 0.0768956 0.0749926 0.110853 0.0956884 0.0897413 0.0766577 0.0534642 0.0500743 0.0551293 0.0594112 0.0620874 0.0668451 0.0424026 0.0208742 0.0120726 0.0048766 0.00582813 0.00118941 0.000297354 0 0 0 0
 0 0.00264628 0.0354308 0.0461629 0.0458689 0.0383711 0.0214643 0.0164657 0.0346957 0.0420465 0.0363128 0.0245516 0.0311673 0.0291091 0.0169068 0.0133784 0.00837989 0.0085269 0.0148486 0.0160247 0.0276389 0.0546898 0.0760071 0.122758 0.109233 0.0665981 0.0333725 0.0166128 0.00676272 0.00308733 0.000882094 0 0 0 0 0
 0 0 0 0 0 0 0 0.000805153 0.000690131 0.00759144 0.0133425 0.0154129 0.00931677 0.000345066 0.00356568 0.00563607 0.00851162 0.0253048 0.0502646 0.0516448 0.0657925 0.0565908 0.0611916 0.0827007 0.0866115 0.110766 0.145733 0.0935128 0.0569358 0.0249597 0.0138026 0.00621118 0.00161031 0.00115022 0 0
 0 0 0 0 0 0 0 0 0 0 0 0 0 0 0 0 0 0 0 0 0 0 0 0 0 0 0 0 0 0 0 0 0 0 0 0
 0.00147267 0.00158595 0.00478618 0.00569244 0.00954404 0.0108468 0.00647125 0.017049 0.0510054 0.094081 0.124002 0.0959785 0.0687766 0.0820023 0.061753 0.0591476 0.0492212 0.0479892 0.0443925 0.0268479 0.0217502 0.0140895 0.0121071 0.0120363 0.00920419 0.00665534 0.0049561 0.00860946 0.00930331 0.0156896 0.0114698 0.00855282 0.00243557 0.00046729 0 2.83206e-05
 0 0 0 0 0.000772559 0.00158375 0.000888443 0.00281984 0.00712685 0.0440552 0.0773331 0.111326 0.0921469 0.0852325 0.0710754 0.0886704 0.0786465 0.0553345 0.0373146 0.0185414 0.00753245 0.00457741 0.012979 0.0271748 0.0457355 0.0583668 0.034881 0.0177882 0.00938659 0.00492506 0.0015258 0.00185414 0.000309023 5.79419e-05 3.86279e-05 0
 0 0.00173294 0.00326652 0 0.00397197 0.00683976 0.00946217 0.0152591 0.00757587 0.0136028 0.0228656 0.0392903 0.0559909 0.0764795 0.0681675 0.0726916 0.0566044 0.0477403 0.0527397 0.0444891 0.0609904 0.0582453 0.0661739 0.0445044 0.0529084 0.0360697 0.0280645 0.0235558 0.0158879 0.00826598 0.00280645 0.00217768 0.000904811 0.00058276 9.20147e-05 0
 0 0 0 0 0 0 0 0 0 0 0 0 0 0 0 0 0 0 0 0 0 0 0 0 0 0 0 0 0 0 0 0 0 0 0 0
 0 0 0 0 0 0 0 0 0 0 0 0 0 0 0 0 0 0 0 0 0 0 0 0 0 0 0 0 0 0 0 0 0 0 0 0
ppred_pel_tallas
 1.01673e-16 2.85545e-05 0.000167578 0.000796562 0.00306676 0.00956336 0.0241564 0.049428 0.0819354 0.110046 0.119776 0.105709 0.0757953 0.0444881 0.0220652 0.0105298 0.00681303 0.00728039 0.0096882 0.0130067 0.0167328 0.0204709 0.0238145 0.0263761 0.0278624 0.0281362 0.0272429 0.0253859 0.022867 0.0200112 0.0171008 0.0143375 0.0118351 0.00963564 0.00773633 0.00611427
 1.02374e-16 2.02833e-05 0.000119003 0.000565593 0.00217741 0.00678991 0.0171511 0.035096 0.0581852 0.0781704 0.0851419 0.0752843 0.0542905 0.0324904 0.0172748 0.0101767 0.00912638 0.0116191 0.0160658 0.021632 0.0277332 0.0337512 0.0390015 0.0428342 0.0447728 0.0446241 0.0425177 0.0388591 0.0342183 0.0291913 0.0242802 0.0198241 0.0159878 0.0127948 0.0101818 0.00805109
 1.04788e-16 1.43184e-05 8.39823e-05 0.0003991 0.00153636 0.00479083 0.0121017 0.0247645 0.0410611 0.0551777 0.0601335 0.0532542 0.0385843 0.0234541 0.0131358 0.00878242 0.00900967 0.0121154 0.0170118 0.0230911 0.0298559 0.0367199 0.0430031 0.0480356 0.0512949 0.0525149 0.0517302 0.0492393 0.0455067 0.04104 0.0362851 0.0315658 0.027076 0.0229067 0.0190896 0.0156343
 1.06932e-16 1.71137e-05 0.000100405 0.000477202 0.00183712 0.00572877 0.0144706 0.0296107 0.0490901 0.0659482 0.0718216 0.0634871 0.0457419 0.0272939 0.0143703 0.00825856 0.00721457 0.00914338 0.0127465 0.0173917 0.0226844 0.0282185 0.033525 0.0381292 0.0416396 0.0438207 0.0446255 0.0441736 0.0426921 0.0404416 0.0376557 0.0345107 0.0311283 0.0275961 0.0239948 0.0204143
 1.06282e-16 2.03219e-05 0.000119241 0.000566749 0.0021819 0.00680396 0.0171865 0.0351675 0.0583002 0.0783145 0.0852717 0.0753347 0.0541868 0.0321489 0.016587 0.00899183 0.00724921 0.00883095 0.0121674 0.0165028 0.0213957 0.0264236 0.0311186 0.0350225 0.0377769 0.0391956 0.0392932 0.0382558 0.0363726 0.0339511 0.0312484 0.0284361 0.0256025 0.0227794 0.0199782 0.0172173
 1.05962e-16 1.64653e-05 9.65903e-05 0.000459048 0.00176719 0.00551067 0.0139199 0.0284844 0.0472258 0.0634523 0.0691261 0.0611583 0.044181 0.0265962 0.0144277 0.00895207 0.00852565 0.01115 0.0155596 0.0210831 0.0272276 0.033447 0.0391207 0.0436453 0.0465597 0.0476438 0.0469554 0.0447909 0.0415894 0.0378152 0.0338583 0.0299814 0.0263167 0.0228993 0.019715 0.0167421
 1.05496e-16 2.13026e-05 0.000125 0.000594132 0.00228734 0.00713276 0.018017 0.0368666 0.061116 0.082094 0.089379 0.0789446 0.0567424 0.0335832 0.0171766 0.00907096 0.0070361 0.00841213 0.0115536 0.0156823 0.0203646 0.0252002 0.0297468 0.0335665 0.0363101 0.037785 0.0379841 0.0370624 0.0352765 0.0329086 0.0302043 0.02734 0.0244221 0.0215086 0.0186374 0.015848
 1.05309e-16 1.75126e-05 0.000102739 0.00048828 0.00187974 0.00586166 0.0148064 0.0302984 0.0502324 0.0674891 0.0735166 0.0650255 0.0469372 0.0281802 0.0151501 0.00918993 0.00853593 0.0110491 0.0153767 0.0208092 0.0268398 0.0329188 0.0384262 0.0427618 0.0454711 0.046343 0.0454469 0.043092 0.0397306 0.0358389 0.0318161 0.0279303 0.0243141 0.0209982 0.0179599 0.0151655
 1.05519e-16 1.93728e-05 0.000113667 0.000540245 0.00207985 0.00648569 0.0163826 0.0335228 0.0555748 0.0746568 0.0812978 0.0718446 0.0517216 0.0307774 0.0160474 0.00896978 0.00754713 0.00938353 0.0129875 0.0176286 0.0228577 0.0282262 0.0332298 0.0373713 0.0402572 0.0416775 0.0416377 0.0403318 0.0380708 0.0351951 0.0320001 0.0286968 0.0254101 0.0222021 0.0191054 0.0161492
 1.05585e-16 1.80858e-05 0.000106107 0.000504299 0.00194143 0.00605405 0.0152923 0.0312924 0.051879 0.0696977 0.0759124 0.0671206 0.0483976 0.0289532 0.0153776 0.00904032 0.00810272 0.0103455 0.0143748 0.0194804 0.0251831 0.0309782 0.0362959 0.0405809 0.0434051 0.0445577 0.0440796 0.0422286 0.0393933 0.0359878 0.0323624 0.0287566 0.0252963 0.0220238 0.01894 0.0160403
 1.06627e-16 1.46577e-05 8.59785e-05 0.000408598 0.00157295 0.00490494 0.0123898 0.0253539 0.0420369 0.0564847 0.0615467 0.0544792 0.0394142 0.0238438 0.0131483 0.00848768 0.00842504 0.0112048 0.0157148 0.0213561 0.0276677 0.0341208 0.0401037 0.0450127 0.0483748 0.0499447 0.0497438 0.0480242 0.0451802 0.0416377 0.0377619 0.0338083 0.0299204 0.0261602 0.0225516 0.0191144
 1.07931e-16 1.49181e-05 8.75122e-05 0.0004159 0.00160108 0.00499268 0.0126114 0.0258068 0.0427862 0.0574864 0.0626245 0.055401 0.0400111 0.0240655 0.0130205 0.00803358 0.00762113 0.00998529 0.0140028 0.0191005 0.024877 0.0308871 0.0366124 0.041531 0.0452192 0.0474329 0.0481415 0.0475011 0.0457848 0.043296 0.0402985 0.0369816 0.0334629 0.0298152 0.0260999 0.0223901
 1.06857e-16 2.04501e-05 0.000119996 0.000570345 0.00219576 0.00684717 0.0172956 0.0353905 0.0586693 0.078808 0.085803 0.0757899 0.0544833 0.0322629 0.0165327 0.00878269 0.00687638 0.00826512 0.0113738 0.0154588 0.0201063 0.024933 0.0295139 0.0334284 0.0363396 0.0380607 0.0385803 0.0380389 0.0366686 0.0347207 0.0324066 0.0298695 0.0271884 0.0244028 0.0215431 0.0186535
 1.04675e-16 2.22529e-05 0.000130576 0.000620636 0.00238938 0.00745095 0.0188207 0.0385114 0.0638432 0.0857588 0.093373 0.0824815 0.0593046 0.0351391 0.018043 0.00963758 0.00759381 0.00912738 0.0125037 0.0168821 0.0217704 0.0267047 0.03118 0.0347111 0.0369315 0.0376719 0.0369901 0.0351372 0.032479 0.0293984 0.0262146 0.0231389 0.020272 0.0176327 0.0151974 0.0129364
 1.02939e-16 2.59773e-05 0.000152445 0.000724609 0.00278971 0.00869939 0.0219741 0.0449632 0.0745359 0.100113 0.108979 0.096213 0.0690591 0.0406803 0.0204483 0.0102115 0.0072049 0.008142 0.0109857 0.0147796 0.0190186 0.023271 0.0270817 0.030017 0.0317514 0.0321382 0.0312363 0.0292815 0.0266158 0.0236002 0.0205401 0.0176435 0.0150159 0.0126826 0.0106228 0.00880115
 1.02191e-16 2.59143e-05 0.000152072 0.000722833 0.00278286 0.00867802 0.0219202 0.044853 0.0743541 0.0998714 0.108722 0.096 0.0689373 0.0406708 0.020558 0.010453 0.00760628 0.00874359 0.0118279 0.0158875 0.0203869 0.0248527 0.0287833 0.0317044 0.0332662 0.0333216 0.0319557 0.0294522 0.0262137 0.0226623 0.0191542 0.0159308 0.0131109 0.0107152 0.0087048 0.00701852
 1.02662e-16 2.12904e-05 0.000124919 0.000593726 0.00228574 0.00712775 0.0180044 0.0368417 0.0610775 0.0820507 0.0893541 0.0789752 0.0568789 0.033893 0.0177543 0.0100468 0.00857367 0.0106907 0.0147331 0.0198557 0.0255054 0.0311203 0.0360807 0.0397948 0.0418221 0.0419726 0.0403434 0.0372784 0.0332711 0.028842 0.0244334 0.0203496 0.0167458 0.0136579 0.0110483 0.00885092
 1.03608e-16 2.11161e-05 0.0001239 0.00058889 0.00226713 0.00706974 0.0178579 0.0365414 0.0605787 0.0813774 0.0886125 0.0782998 0.0563493 0.0334913 0.0173877 0.0095965 0.0079278 0.0097558 0.0134401 0.0181715 0.0234511 0.0287864 0.0336319 0.0374576 0.0398562 0.0406285 0.0398185 0.0376812 0.0346028 0.0309997 0.0272326 0.0235578 0.0201208 0.0169794 0.0141412 0.0115957
 1.0417e-16 2.04081e-05 0.000119742 0.000569123 0.00219102 0.00683239 0.0172583 0.0353148 0.0585459 0.0786484 0.0856455 0.0756893 0.0544949 0.032438 0.0169305 0.00948695 0.00800002 0.00993863 0.0137189 0.0185524 0.0239416 0.0293872 0.0343346 0.038246 0.0407098 0.0415279 0.0407499 0.0386394 0.0355908 0.0320254 0.0283035 0.0246759 0.0212782 0.0181573 0.0153117 0.0127255
 1.03768e-16 2.39495e-05 0.000140539 0.000668008 0.00257178 0.00801977 0.0202575 0.0414509 0.0687145 0.0922973 0.100479 0.0887273 0.0637272 0.0376226 0.0190663 0.00977907 0.00722984 0.00840503 0.0114364 0.0154409 0.0199371 0.0244969 0.0286595 0.0319792 0.0341135 0.0348948 0.0343584 0.0327154 0.0302843 0.0274064 0.0243738 0.0213901 0.0185663 0.0159432 0.0135235 0.0112999
 1.0319e-16 2.34188e-05 0.00013742 0.000653168 0.00251463 0.00784154 0.0198073 0.0405301 0.0671895 0.0902529 0.0982638 0.0867962 0.0623946 0.036945 0.0189236 0.0100309 0.00780901 0.00932011 0.0127317 0.0171535 0.0220646 0.0269767 0.0313616 0.0347145 0.0366582 0.0370251 0.0358893 0.0335316 0.0303571 0.0267921 0.0231969 0.0198158 0.0167715 0.0140909 0.0117458 0.00968984
 1.03294e-16 2.19852e-05 0.000129001 0.000613144 0.00236052 0.00736095 0.0185934 0.0380465 0.0630735 0.0847277 0.0922578 0.0815142 0.0586477 0.0348275 0.0180256 0.00985743 0.00803492 0.00981562 0.0134842 0.0181937 0.0234245 0.0286693 0.0333717 0.0369967 0.0391404 0.0396181 0.038498 0.0360661 0.0327411 0.0289675 0.0251247 0.021475 0.0181567 0.0152096 0.0126163 0.010339
 1.03027e-16 2.53784e-05 0.000148929 0.000707894 0.00272535 0.00849869 0.0214672 0.0439259 0.0728167 0.0978048 0.106468 0.0939999 0.0674796 0.0397682 0.0200241 0.0100574 0.00717165 0.00816107 0.0110398 0.014876 0.0191756 0.0235131 0.0274362 0.0305107 0.0324057 0.032964 0.0322301 0.0304223 0.0278659 0.024908 0.0218466 0.0188892 0.0161486 0.0136629 0.0114283 0.00942656
 1.02545e-16 2.5276e-05 0.000148325 0.000705016 0.00271426 0.0084641 0.0213798 0.0437474 0.0725216 0.0974109 0.106046 0.0936425 0.0672564 0.0397035 0.0201144 0.0103024 0.00759125 0.00879209 0.0119212 0.0160306 0.020594 0.0251411 0.0291714 0.0322093 0.0339019 0.0340964 0.0328702 0.0304976 0.0273713 0.0239037 0.0204436 0.0172277 0.0143742 0.0119066 0.00979302 0.00798116
pSPR Fmed_Fpbrs
0.704936   0.255389 0.255389
Fs Fmed_Fpbrs
0.181437   1.005 1.005
SSBpbr Bo_Bmed_Bpbrs
1.34262e+06  879328  275759 275759
Ro
63576.6
SPR SPRFo_SPRFmed_SPRFpbrs
1.308e+06 922055 334049
log_Ro
10.88
likeval ReclasPelacesDesembMPH_pf_preclas_ppelaces_ptallas_desvR_qrecl_qpela
 189.357 54.4057 0.101269 0.00113048 314.384 187.862 83.728 0 16.5803 0 0 0 0 0 0
q_reclas_q_pelaces
1 1
M
0.7
N
 100361 20751.2 7361.48 836.91 0.417572
 91653.5 44821.8 8334.82 2956.77 336.316
 57763.4 42027.6 18978.7 3529.18 1394.38
 63753.9 25225.9 16141 7288.91 1890.93
 94705.9 30843.8 11889.8 7607.77 4326.75
 82911.5 46728.4 15121 5828.93 5850.86
 125418 37819.4 19578.9 6335.6 4893.74
 110507 59199.7 16968.5 8784.47 5038.28
 123708 49455.7 23877 6843.89 5575.13
 113642 54427.4 19278.1 9307.38 4840.99
 70469.2 50702.5 21817.4 7727.68 5671.42
 45111.4 27239.6 15255.9 6564.64 4031.66
 44437.9 17616 8364.7 4684.76 3253.9
 29359.2 15436 4280.34 2032.45 1928.93
 21893 7819.64 2205.09 611.462 565.898
 21779.7 6645.52 1450.91 409.148 218.455
 20352.9 8944.85 2257.24 492.821 213.174
 23495.1 8878.49 3427.73 864.99 270.542
 27139.8 10732.8 3730.92 1440.4 477.173
 45295.6 12571.8 4637.67 1612.14 828.588
 66959.1 21092.5 5489.66 2025.11 1065.78
 90604.8 32246.9 9851.24 2563.95 1443.6
 173185 43297.4 14829.1 4530.21 1842.92
 300401 82529.3 19800 6781.39 2914.44
pred_Ctot
 7309.09 2887.98 1024.51 116.474 0.0581141
 5072.04 4792.76 891.237 316.165 35.9621
 5045.95 6951.07 3138.95 583.702 230.62
 1182.8 925.348 592.091 267.375 69.3637
 436.272 283.365 109.233 69.8935 39.7504
 4880.08 5302.64 1715.9 661.454 663.943
 4474.83 2639.72 1366.56 442.212 341.573
 7897.19 8091.57 2319.29 1200.68 688.645
 10214.5 7755.22 3744.19 1073.2 874.243
 8350.58 7639.53 2705.91 1306.4 679.491
 11393.2 14786.8 6362.8 2253.69 1654.01
 7027.18 7684.09 4303.57 1851.84 1137.3
 9802.42 6737.51 3199.2 1791.75 1244.5
 10142.7 8471.44 2349.09 1115.43 1058.62
 6295.1 3722.1 1049.61 291.052 269.364
 2738.88 1543.49 336.989 95.0291 50.7387
 1792.41 1490.78 376.2 82.1354 35.5284
 1359.96 991.407 382.754 96.5882 30.2098
 1316.56 1010.36 351.221 135.596 44.9201
 2035.99 1099.05 405.436 140.937 72.4371
 1456.56 905.394 235.644 86.928 45.7488
 2461.04 1722.61 526.248 136.965 77.1166
 5039.89 2475.03 847.684 258.962 105.348
 6612.03 3583.97 859.847 294.493 126.565
F
 0.106082 0.212164 0.212164 0.212164 0.212164
 0.0796884 0.159377 0.159377 0.159377 0.159377
 0.128482 0.256964 0.256964 0.256964 0.256964
 0.026096 0.052192 0.052192 0.052192 0.052192
 0.0064237 0.0128474 0.0128474 0.0128474 0.0128474
 0.0849513 0.169903 0.169903 0.169903 0.169903
 0.0507325 0.101465 0.101465 0.101465 0.101465
 0.104 0.208001 0.208001 0.208001 0.208001
 0.121054 0.242109 0.242109 0.242109 0.242109
 0.10708 0.21416 0.21416 0.21416 0.21416
 0.250505 0.50101 0.50101 0.50101 0.50101
 0.240325 0.480651 0.480651 0.480651 0.480651
 0.357389 0.714779 0.714779 0.714779 0.714779
 0.622967 1.24593 1.24593 1.24593 1.24593
 0.492224 0.984448 0.984448 0.984448 0.984448
 0.1899 0.379799 0.379799 0.379799 0.379799
 0.12959 0.25918 0.25918 0.25918 0.25918
 0.0834886 0.166977 0.166977 0.166977 0.166977
 0.0695463 0.139093 0.139093 0.139093 0.139093
 0.0642931 0.128586 0.128586 0.128586 0.128586
 0.0306592 0.0613184 0.0613184 0.0613184 0.0613184
 0.0384141 0.0768281 0.0768281 0.0768281 0.0768281
 0.0412065 0.0824129 0.0824129 0.0824129 0.0824129
 0.0310275 0.062055 0.062055 0.062055 0.062055
nmprior
 10 10 8 0
nm_flota  nm_reclas  nm_pelaces    nm_pelaL
inf 12.6317 14.756 25.2791
cv_recla  cv_pelaces  cv_mph
1.27399 0.867934 1.09086
 ------------------------------------------------
Talla a la edad & desviación 
 7.2 14.2025 17.0495 18.207 18.6776
 1.08 2.13037 2.55742 2.73105 2.80164
