years
 1997 1998 1999 2000 2001 2002 2003 2004 2005 2006 2007 2008 2009 2010 2011 2012 2013 2014 2015 2016 2017 2018 2019 2020
reclasobs
 0 0 0 370054 412103 1.49427e+06 250295 1.28982e+06 931140 785840 897777 1.04006e+06 184774 17550 25797 100020 73551 82996 120727 218422 84188 347160 605670 569463
reclaspred
 505903 127245 322370 222959 355556 419580 907925 625379 719278 738044 604012 418053 266082 112272 66186.2 63592.7 77934.6 100709 106139 153749 226727 211733 364775 409902
pelacesobs
 0 0 0 0 0 0 0 0 0 2.06254e+06 1.5e+06 0 1.87456e+06 323000 250000 174000 83755 137374 0 501740 490994 745055 786931 1.00524e+06
pelacespred
 2.16736e+06 460695 730253 776922 1.08842e+06 1.00602e+06 2.66358e+06 2.13196e+06 2.25906e+06 2.30672e+06 1.64687e+06 1.19342e+06 753721 248089 150169 154939 199991 268243 281616 407728 690072 603130 825799 1.09544e+06
mphobs
 0 0 0 0 0 112323 0 153150 637223 0 255016 313432 73983 77613 109348 50772 0 0 0 0 0 0 0 0
mphpred
 194070 106053 114951 114393 130042 217100 309520 365609 319583 342244 360162 251056 159683 84502.1 34722.8 26820.5 32158.9 42548.4 51114.2 59262.4 91724.5 110439 140311 192513
desembarqueobs
 350755 77701 442110 56441 14545 235359 269955 359681 431902 328805 639364 411747 362871 311530 167758 66681 60226 58785 57116 71774 51957 67425 138520 160799
desembarquepred
 350757 77697.3 442065 56442.3 14545.1 235405 269992 359637 431898 328788 639237 411760 362924 311577 167576 66671.7 60243.5 58772.9 57099.3 71767.3 51956.7 67411.2 138513 160799
Reclutas
 38012.9 47341 23764.2 38732 67990.3 48433.5 77935.1 83288.9 106043 125832 65392.4 47247.8 46834.1 23794.4 14518.6 14878.4 10848.6 11622.4 13627 22830.8 27812.8 38260.2 57977.3 52608.4
log_desv_Rt
 0.0256796 0.245133 -0.444063 0.0444216 0.60712 0.267946 0.743632 0.810071 1.0516 1.2227 0.568161 0.243162 0.234367 -0.442794 -0.936812 -0.912332 -1.22821 -1.15931 -1.00019 -0.484133 -0.28675 0.0321648 0.447806 0.350631
SSB
 538826 294450 319156 317608 361055 602767 859367 1.0151e+06 887308 950225 999972 697045 443353 234616 96406.2 74465.9 89287.7 118134 141916 164539 254669 306630 389566 534502
BT
 1.68746e+06 433030 715497 565522 719567 839742 1.91615e+06 1.79104e+06 1.86377e+06 1.81383e+06 1.63969e+06 1.1508e+06 840193 451260 234848 154913 177789 221508 231511 322305 491080 455483 630890 843822
Ftot
 0.583065 0.55175 0.952075 0.21309 0.0379105 0.360771 0.237674 0.470391 0.522127 0.380301 0.709717 0.664095 1.03501 1.87342 2.14673 0.922492 0.646354 0.467564 0.398721 0.400843 0.184969 0.234826 0.275031 0.281488
BD_Bspro_t
 0.928598 0.679404 0.599939 0.419525 0.578844 0.747146 0.694964 0.702443 0.640646 0.611486 0.594261 0.432212 0.329861 0.229643 0.121292 0.116597 0.183685 0.297532 0.393116 0.489129 0.622967 0.721217 0.735058 0.73477
BD_Bspro
 0.706903 0.386299 0.418711 0.41668 0.47368 0.79079 1.12743 1.33174 1.16409 1.24663 1.3119 0.914476 0.581649 0.307801 0.126479 0.0976943 0.11714 0.154983 0.186185 0.215865 0.334109 0.402278 0.511085 0.701231
BD_Bo
 0.589282 0.322023 0.349042 0.347349 0.394865 0.659211 0.93984 1.11015 0.970396 1.03921 1.09361 0.762317 0.484869 0.256586 0.105434 0.081439 0.0976488 0.129196 0.155206 0.179947 0.278516 0.335343 0.426046 0.584554
BD_Brms
 2.0018 1.09392 1.1857 1.17995 1.34136 2.23935 3.19266 3.77121 3.29646 3.5302 3.71502 2.58961 1.64711 0.871628 0.358161 0.27665 0.331715 0.438881 0.527237 0.611284 0.946127 1.13917 1.44729 1.98574
S_f
 0.163829 1 1 1 1
 0.163829 1 1 1 1
 0.163829 1 1 1 1
 0.163829 1 1 1 1
 0.163829 1 1 1 1
 0.163829 1 1 1 1
 0.163829 1 1 1 1
 0.163829 1 1 1 1
 0.163829 1 1 1 1
 0.163829 1 1 1 1
 0.163829 1 1 1 1
 0.163829 1 1 1 1
 0.163829 1 1 1 1
 0.163829 1 1 1 1
 0.163829 1 1 1 1
 0.163829 1 1 1 1
 0.163829 1 1 1 1
 0.163829 1 1 1 1
 0.163829 1 1 1 1
 0.163829 1 1 1 1
 0.163829 1 1 1 1
 0.163829 1 1 1 1
 0.163829 1 1 1 1
 0.163829 1 1 1 1
Scru_reclas
 0.913912 1 1 1 1
 0.913912 1 1 1 1
 0.913912 1 1 1 1
 0.913912 1 1 1 1
 0.913912 1 1 1 1
 0.913912 1 1 1 1
 0.913912 1 1 1 1
 0.913912 1 1 1 1
 0.913912 1 1 1 1
 0.913912 1 1 1 1
 0.913912 1 1 1 1
 0.913912 1 1 1 1
 0.913912 1 1 1 1
 0.913912 1 1 1 1
 0.913912 1 1 1 1
 0.913912 1 1 1 1
 0.913912 1 1 1 1
 0.913912 1 1 1 1
 0.913912 1 1 1 1
 0.913912 1 1 1 1
 0.913912 1 1 1 1
 0.913912 1 1 1 1
 0.913912 1 1 1 1
 0.913912 1 1 1 1
Scru_pelaces
 1 1 1 1 1
 1 1 1 1 1
 1 1 1 1 1
 1 1 1 1 1
 1 1 1 1 1
 1 1 1 1 1
 1 1 1 1 1
 1 1 1 1 1
 1 1 1 1 1
 1 1 1 1 1
 1 1 1 1 1
 1 1 1 1 1
 1 1 1 1 1
 1 1 1 1 1
 1 1 1 1 1
 1 1 1 1 1
 1 1 1 1 1
 1 1 1 1 1
 1 1 1 1 1
 1 1 1 1 1
 1 1 1 1 1
 1 1 1 1 1
 1 1 1 1 1
 1 1 1 1 1
pf_obs 
 0.256992 0.487395 0.22802 0.0275931 0
 0.321318 0.546541 0.124235 0.00734118 0.000564706
 0.182869 0.594174 0.210203 0.0122559 0.00049798
 0.330522 0.361315 0.267642 0.0388342 0.00168674
 0.649043 0.306663 0.0425973 0.00169635 0
 0.582887 0.30429 0.105238 0.00758474 0
 0.465427 0.430635 0.0974691 0.00646863 0
 0.296916 0.608066 0.0921331 0.00288517 0
 0.311714 0.524322 0.152257 0.0117073 0
 0.15457 0.633149 0.183074 0.0267441 0.00246327
 0.131901 0.49318 0.331252 0.0422183 0.00144891
 0.196976 0.569456 0.194076 0.0375587 0.00193317
 0.518974 0.381816 0.0799577 0.0180837 0.00116848
 0.0928022 0.601141 0.25162 0.0475244 0.00691264
 0.122501 0.610282 0.24278 0.0234846 0.000952079
 0.383417 0.481906 0.127806 0.00687128 0
 0.0376549 0.599619 0.316969 0.0457579 0
 0.0361596 0.667082 0.258105 0.0386534 0
 0.158088 0.579412 0.248529 0.0139706 0
 0.0477256 0.309471 0.559284 0.082774 0.000745712
 0.0406174 0.521527 0.379366 0.0568643 0.0016247
 0.151134 0.462217 0.34131 0.0453401 0
 0.294876 0.26143 0.354403 0.0886775 0.000613685
 0.281977 0.475581 0.204845 0.0348837 0.00271318
pf_pred 
 0.299271 0.491749 0.186696 0.0222748 9.56981e-06
 0.298334 0.544598 0.110225 0.0418477 0.00499501
 0.161298 0.647963 0.148043 0.0299633 0.0127336
 0.30763 0.453218 0.184764 0.0422137 0.0121748
 0.313249 0.5151 0.112361 0.0458064 0.0134839
 0.16578 0.616636 0.163199 0.0355994 0.018785
 0.265984 0.433517 0.222122 0.0587869 0.0195901
 0.235511 0.5446 0.129869 0.0665412 0.0234794
 0.276687 0.508176 0.153258 0.0365469 0.0253331
 0.268127 0.549392 0.128205 0.0386648 0.0156114
 0.144939 0.62305 0.174162 0.0406422 0.017206
 0.166802 0.49575 0.245885 0.0687326 0.0228297
 0.243949 0.475457 0.166952 0.082806 0.0308351
 0.211414 0.606275 0.11465 0.0402582 0.027403
 0.294756 0.576167 0.0992357 0.018766 0.0110748
 0.368343 0.5631 0.0560094 0.00964674 0.00290084
 0.229036 0.655127 0.103264 0.0102713 0.00230104
 0.248381 0.536351 0.182924 0.0288334 0.00351044
 0.25634 0.533006 0.150322 0.0512678 0.00906494
 0.328162 0.482584 0.135645 0.0382554 0.0153541
 0.264457 0.576237 0.11443 0.032164 0.0127119
 0.264266 0.519061 0.169746 0.0337084 0.0132194
 0.289418 0.504709 0.145243 0.0474982 0.0131313
 0.203877 0.58852 0.147455 0.0424341 0.0177134
pobs_RECLAS
 0 0 0 0 0
 0 0 0 0 0
 0 0 0 0 0
 0 0 0 0 0
 0.835266 0.146461 0.0176864 0.000547809 3.91292e-05
 0.385257 0.428462 0.181853 0.0044286 0
 0.867414 0.0963971 0.0333333 0.00285562 0
 0.441836 0.489002 0.0689373 0.000224442 0
 0.779404 0.147425 0.0564933 0.0165055 0.000172143
 0.814271 0.122319 0.05973 0.00367925 0
 0.40263 0.566651 0.0304383 0.000280538 0
 0.475488 0.404961 0.113038 0.00651328 0
 0.955842 0.0263864 0.0167828 0.000988607 0
 0.975058 0.0227948 0.00214734 0 0
 0.738997 0.206755 0.0527124 0.00153531 0
 0.850938 0.134255 0.0134407 0.00136685 0
 0.542534 0.407297 0.0501686 0 0
 0.764087 0.199537 0.0359546 0.000420521 0
 0.470689 0.182191 0.310203 0.0369168 0
 0.84361 0.089868 0.0606195 0.00523954 0.000663233
 0.607945 0.314616 0.071237 0.00620181 0
 0.523733 0.453247 0.0230204 0 0
 0.530135 0.295979 0.169645 0.0042399 0
 0.562478 0.366248 0.0663022 0.0049721 0
ppred_RECLAS
 0.712915 0.201467 0.0764886 0.00912589 3.92071e-06
 0.711407 0.223992 0.0453351 0.0172118 0.00205444
 0.537729 0.35714 0.0815972 0.016515 0.00701845
 0.714998 0.186559 0.0760548 0.0173765 0.00501155
 0.718256 0.211323 0.0460969 0.0187924 0.00553187
 0.531367 0.346403 0.0916791 0.0199984 0.0105527
 0.672064 0.193682 0.0992372 0.0262642 0.00875225
 0.639424 0.256864 0.0612535 0.0313846 0.0110742
 0.688657 0.218739 0.0659683 0.0157312 0.0109044
 0.676739 0.24266 0.056627 0.0170778 0.0068954
 0.49948 0.36471 0.101948 0.0237904 0.0100718
 0.539841 0.273793 0.135798 0.0379597 0.0126084
 0.663488 0.211622 0.0743091 0.0368563 0.0137245
 0.650838 0.26844 0.0507635 0.0178251 0.0121332
 0.753665 0.20125 0.0346621 0.00655479 0.00386834
 0.7785 0.197459 0.0196405 0.00338277 0.00101722
 0.634751 0.310371 0.0489221 0.00486609 0.00109013
 0.655388 0.245913 0.0838694 0.0132199 0.00160951
 0.663592 0.241114 0.0680007 0.0231919 0.00410068
 0.736545 0.189241 0.0531918 0.0150015 0.00602097
 0.669578 0.258859 0.0514045 0.0144488 0.00571045
 0.670076 0.232762 0.0761189 0.0151158 0.00592794
 0.697828 0.214625 0.061764 0.0201984 0.00558402
 0.592282 0.301399 0.0755163 0.0217318 0.00907158
pobs_PELACES
 0 0 0 0 0
 0 0 0 0 0
 0 0 0 0 0
 0 0 0 0 0
 0 0 0 0 0
 0 0 0 0 0
 0 0 0 0 0
 0 0 0 0 0
 0 0 0 0 0
 0 0 0 0 0
 0.450072 0.473896 0.0757376 0.000293798 0
 0 0 0 0 0
 0.463077 0.371075 0.160297 0.00555027 0
 0.529543 0.364841 0.0842815 0.0213345 0
 0.631943 0.363953 0.00410389 0 0
 0.735681 0.248677 0.0153453 0.000297389 0
 0.695825 0.281241 0.0229344 0 0
 0.275771 0.60734 0.115278 0.00161068 0
 0 0 0 0 0
 0.896147 0.0623911 0.0374545 0.00400742 0
 0.803859 0.145111 0.0509908 3.86294e-05 0
 0.739449 0.233085 0.0266225 0.000797448 4.60066e-05
 0.878498 0.100942 0.0204185 0.000141795 0
 0.694673 0.275183 0.0284847 0.00165964 0
ppred_PELACES
 0.761422 0.167426 0.0635647 0.00758394 3.25824e-06
 0.758504 0.187437 0.0379366 0.0144029 0.00171916
 0.623384 0.290965 0.0664779 0.0134549 0.00571799
 0.744331 0.167358 0.068227 0.0155881 0.00449575
 0.738137 0.196411 0.0428441 0.0174663 0.00514152
 0.578155 0.311818 0.082526 0.0180018 0.00949911
 0.705399 0.173994 0.0891499 0.0235944 0.00786259
 0.688407 0.22197 0.0529324 0.0271211 0.00956983
 0.736517 0.185114 0.0558276 0.013313 0.00922814
 0.717843 0.211806 0.0494267 0.0149063 0.00601863
 0.570472 0.312981 0.0874879 0.0204161 0.00864322
 0.606583 0.234082 0.116102 0.032454 0.0107797
 0.741637 0.162477 0.0570521 0.0282971 0.0105372
 0.773764 0.173933 0.0328917 0.0115496 0.00786159
 0.858226 0.115826 0.0199491 0.00377249 0.00222635
 0.83223 0.149561 0.0148762 0.00256219 0.000770469
 0.694454 0.259638 0.0409254 0.00407069 0.000911941
 0.703047 0.211904 0.0722706 0.0113916 0.00138692
 0.706695 0.210221 0.059288 0.0202204 0.00357528
 0.773593 0.162629 0.0457117 0.0128919 0.00517426
 0.700008 0.235019 0.0466704 0.0131181 0.00518454
 0.703359 0.20928 0.0684399 0.0135909 0.00532992
 0.731626 0.19062 0.0548557 0.0179392 0.00495945
 0.632068 0.271987 0.0681472 0.0196111 0.00818634
pobs_pel_tallas
 0 0 0 0 0 0 0 0 0 0 0 0 0 0 0 0 0 0 0 0 0 0 0 0 0 0 0 0 0 0 0 0 0 0 0 0
 0 0 0 0 0 0 0 0 0 0 0 0 0 0 0 0 0 0 0 0 0 0 0 0 0 0 0 0 0 0 0 0 0 0 0 0
 0 0 0 0 0 0 0 0 0 0 0 0 0 0 0 0 0 0 0 0 0 0 0 0 0 0 0 0 0 0 0 0 0 0 0 0
 0 0 0 0 0 0 0 0 0 0 0 0 0 0 0 0 0 0 0 0 0 0 0 0 0 0 0 0 0 0 0 0 0 0 0 0
 0 0 0 0 0 0 0 0 0 0 0 0 0 0 0 0 0 0 0 0 0 0 0 0 0 0 0 0 0 0 0 0 0 0 0 0
 0 0 0 0 0 0 0 0 0 0 0 0 0 0 0 0 0 0 0 0 0 0 0 0 0 0 0 0 0 0 0 0 0 0 0 0
 0 0 0 0 0 0 0 0 0 0 0 0 0 0 0 0 0 0 0 0 0 0 0 0 0 0 0 0 0 0 0 0 0 0 0 0
 0 0 0 0 0 0 0 0 0 0 0 0 0 0 0 0 0 0 0 0 0 0 0 0 0 0 0 0 0 0 0 0 0 0 0 0
 0 0 0 0 0 0 0 0 0 0 0 0 0 0 0 0 0 0 0 0 0 0 0 0 0 0 0 0 0 0 0 0 0 0 0 0
 0 0 0 0 0 0 0 0 0 0 0 0 0 0 0 0 0 0 0 0 0 0 0 0 0 0 0 0 0 0 0 0 0 0 0 0
 0 0 0 0 0 0 0 0 1.78061e-05 0.00172719 0.00360574 0.0105946 0.0120993 0.0124554 0.0147524 0.0171206 0.0266825 0.0428682 0.0675386 0.121331 0.153587 0.119568 0.100827 0.0573624 0.0630603 0.0341343 0.0324427 0.0444173 0.0211091 0.0280891 0.0125444 0.00206551 0 0 0 0
 0 0 0 0 0 0 0 0 0 0 0 0 0 0 0 0 0 0 0 0 0 0 0 0 0 0 0 0 0 0 0 0 0 0 0 0
 0 0 0 0 0 0 0.0133647 0.0140871 0.0187388 0.0205184 0.03894 0.0496705 0.03968 0.0493445 0.0407372 0.0367815 0.0215668 0.0243155 0.0234873 0.0199281 0.019796 0.0243948 0.0301388 0.0376714 0.0412746 0.0863199 0.0771752 0.113111 0.0741005 0.0525337 0.0229764 0.00759418 0.00175318 0 0 0
 0 0 0 0 0 0 0 0 0 0 0.00219441 0.00772107 0.0458388 0.0604681 0.0671733 0.0775358 0.0609151 0.0617685 0.073594 0.0568108 0.0755445 0.0548602 0.0670107 0.0636378 0.0643287 0.046367 0.0373049 0.0286899 0.0247887 0.0153202 0.00654259 0.00121912 0.000365735 0 0 0
 0 0 0 0 0 0 0 0 0 0 0 0 0.000112435 0.00938835 0.0111873 0.0202946 0.0414886 0.0713402 0.111592 0.104902 0.108894 0.110636 0.117776 0.105296 0.107544 0.0401394 0.0192827 0.0124803 0.00416011 0.0028671 0.000618394 0 0 0 0 0
 0 0 0 0 0 0 0 0 0 0 0.00291406 0.0102884 0.027416 0.0768956 0.0749926 0.110853 0.0956884 0.0897413 0.0766577 0.0534642 0.0500743 0.0551293 0.0594112 0.0620874 0.0668451 0.0424026 0.0208742 0.0120726 0.0048766 0.00582813 0.00118941 0.000297354 0 0 0 0
 0 0.00264628 0.0354308 0.0461629 0.0458689 0.0383711 0.0214643 0.0164657 0.0346957 0.0420465 0.0363128 0.0245516 0.0311673 0.0291091 0.0169068 0.0133784 0.00837989 0.0085269 0.0148486 0.0160247 0.0276389 0.0546898 0.0760071 0.122758 0.109233 0.0665981 0.0333725 0.0166128 0.00676272 0.00308733 0.000882094 0 0 0 0 0
 0 0 0 0 0 0 0 0.000805153 0.000690131 0.00759144 0.0133425 0.0154129 0.00931677 0.000345066 0.00356568 0.00563607 0.00851162 0.0253048 0.0502646 0.0516448 0.0657925 0.0565908 0.0611916 0.0827007 0.0866115 0.110766 0.145733 0.0935128 0.0569358 0.0249597 0.0138026 0.00621118 0.00161031 0.00115022 0 0
 0 0 0 0 0 0 0 0 0 0 0 0 0 0 0 0 0 0 0 0 0 0 0 0 0 0 0 0 0 0 0 0 0 0 0 0
 0.00147267 0.00158595 0.00478618 0.00569244 0.00954404 0.0108468 0.00647125 0.017049 0.0510054 0.094081 0.124002 0.0959785 0.0687766 0.0820023 0.061753 0.0591476 0.0492212 0.0479892 0.0443925 0.0268479 0.0217502 0.0140895 0.0121071 0.0120363 0.00920419 0.00665534 0.0049561 0.00860946 0.00930331 0.0156896 0.0114698 0.00855282 0.00243557 0.00046729 0 2.83206e-05
 0 0 0 0 0.000772559 0.00158375 0.000888443 0.00281984 0.00712685 0.0440552 0.0773331 0.111326 0.0921469 0.0852325 0.0710754 0.0886704 0.0786465 0.0553345 0.0373146 0.0185414 0.00753245 0.00457741 0.012979 0.0271748 0.0457355 0.0583668 0.034881 0.0177882 0.00938659 0.00492506 0.0015258 0.00185414 0.000309023 5.79419e-05 3.86279e-05 0
 0 0.00173294 0.00326652 0 0.00397197 0.00683976 0.00946217 0.0152591 0.00757587 0.0136028 0.0228656 0.0392903 0.0559909 0.0764795 0.0681675 0.0726916 0.0566044 0.0477403 0.0527397 0.0444891 0.0609904 0.0582453 0.0661739 0.0445044 0.0529084 0.0360697 0.0280645 0.0235558 0.0158879 0.00826598 0.00280645 0.00217768 0.000904811 0.00058276 9.20147e-05 0
 0 0 0 0 0 0 0 0 0 0 0 0 0 0 0 0 0 0 0 0 0 0 0 0 0 0 0 0 0 0 0 0 0 0 0 0
 0 0 0 0 0 0 0 0 0 0 0 0 0 0 0 0 0 0 0 0 0 0 0 0 0 0 0 0 0 0 0 0 0 0 0 0
ppred_pel_tallas
 1.01218e-16 3.32211e-05 0.000194983 0.000926864 0.00356848 0.011128 0.0281084 0.0575135 0.0953347 0.128031 0.139322 0.122888 0.0879585 0.0513157 0.0248721 0.010902 0.00577782 0.0052288 0.00663656 0.00884697 0.0113795 0.0139343 0.0162309 0.018006 0.0190596 0.0192965 0.0187435 0.017534 0.0158678 0.0139608 0.0120015 0.0101256 0.00841084 0.00688831 0.0055597 0.00441371
 1.01175e-16 3.30946e-05 0.000194238 0.000923321 0.00355484 0.0110854 0.0280009 0.0572937 0.094971 0.127544 0.138796 0.122434 0.087656 0.0511835 0.0248901 0.0110482 0.00604975 0.00564241 0.00721308 0.00959818 0.0122955 0.0149758 0.0173271 0.0190611 0.0199665 0.0199559 0.019083 0.0175227 0.0155218 0.013339 0.0111926 0.00923046 0.00752506 0.00608835 0.00489538 0.00390687
 1.01769e-16 2.7207e-05 0.000159663 0.000758926 0.00292184 0.00911141 0.0230149 0.0470927 0.0780658 0.104854 0.114137 0.100762 0.0723137 0.0425759 0.0213602 0.0105976 0.00738542 0.00827424 0.0111231 0.0149238 0.0191429 0.0233271 0.0270021 0.0297203 0.0311513 0.0311561 0.0298149 0.0273961 0.024281 0.0208709 0.0175062 0.0144195 0.011728 0.009455 0.00756605 0.00600341
 1.01769e-16 3.24759e-05 0.000190608 0.000906064 0.0034884 0.0108782 0.0274776 0.0562227 0.0931954 0.125159 0.136197 0.120135 0.0859943 0.0501829 0.0243479 0.0107156 0.00574323 0.00525944 0.00670787 0.00896245 0.011554 0.014188 0.016587 0.0184887 0.0196917 0.0200961 0.0197212 0.0186895 0.0171882 0.0154202 0.0135622 0.0117406 0.0100288 0.00845787 0.00703439 0.00575597
 1.01513e-16 3.22069e-05 0.000189026 0.000898538 0.00345941 0.0107878 0.0272493 0.0557558 0.0924223 0.124123 0.135076 0.119162 0.0853315 0.0498638 0.0243188 0.010915 0.00614841 0.00588663 0.00758886 0.0101192 0.0129784 0.0158291 0.0183467 0.0202297 0.0212557 0.0213305 0.0205063 0.0189608 0.0169464 0.0147277 0.0125275 0.0104965 0.00870866 0.0071768 0.00587741 0.00477391
 1.02336e-16 2.52357e-05 0.000148088 0.000703891 0.00270993 0.00845058 0.0213457 0.0436776 0.0724059 0.0972558 0.105877 0.0934954 0.067154 0.0396497 0.0200995 0.0103152 0.00762607 0.00884955 0.0120055 0.016147 0.0207461 0.0253299 0.0293933 0.0324562 0.0341606 0.0343496 0.0330982 0.0306803 0.0274906 0.0239457 0.0204004 0.0170988 0.0141663 0.0116334 0.00947303 0.00763564
 1.02501e-16 3.07786e-05 0.000180642 0.000858685 0.00330597 0.0103094 0.0260406 0.0532827 0.0883225 0.118616 0.129082 0.11387 0.0815334 0.0476278 0.0231989 0.0103664 0.00578381 0.00550843 0.00712468 0.00956674 0.0123835 0.0152812 0.0179752 0.0201916 0.021714 0.0224263 0.0223302 0.0215316 0.020202 0.0185316 0.0166883 0.0147957 0.0129308 0.0111353 0.0094325 0.00784025
 1.02203e-16 3.00395e-05 0.000176299 0.000838027 0.00322642 0.0100613 0.025414 0.052001 0.0861994 0.115769 0.125995 0.111174 0.0796623 0.0466536 0.0229452 0.010625 0.00644456 0.00656484 0.00862091 0.011542 0.014832 0.0181279 0.0210681 0.0233128 0.0246094 0.024847 0.0240775 0.0224917 0.0203636 0.0179802 0.0155828 0.0133337 0.0113125 0.00953402 0.0079765 0.00660688
 1.01742e-16 3.21358e-05 0.00018861 0.000896561 0.0034518 0.0107641 0.0271893 0.0556331 0.0922186 0.123849 0.134776 0.118891 0.0851264 0.0497212 0.0242072 0.0107946 0.00598447 0.00565276 0.00726731 0.00970266 0.0124739 0.0152614 0.0177594 0.0196814 0.0208124 0.0210545 0.0204449 0.0191373 0.0173557 0.0153383 0.0132879 0.0113447 0.00958201 0.00802056 0.00665004 0.00544918
 1.01565e-16 3.13226e-05 0.000183833 0.000873847 0.00336434 0.0104914 0.0265004 0.0542237 0.0898832 0.120715 0.131373 0.115907 0.0830272 0.048571 0.0237887 0.0108474 0.0063493 0.00628268 0.00817781 0.0109223 0.0140126 0.0170925 0.0198133 0.0218489 0.0229585 0.0230393 0.0221464 0.0204706 0.0182837 0.0158718 0.0134765 0.0112626 0.00931207 0.00764127 0.00622675 0.00503017
 1.0245e-16 2.49007e-05 0.000146121 0.000694541 0.00267393 0.00833832 0.0210621 0.0430974 0.0714443 0.0959647 0.104473 0.092259 0.0662736 0.0391452 0.0198724 0.0102457 0.00763322 0.00889762 0.0120866 0.0162653 0.0209097 0.0255469 0.0296709 0.0327989 0.0345697 0.0348229 0.0336291 0.0312583 0.0281014 0.0245722 0.0210238 0.0177 0.014728 0.0121414 0.00991733 0.00801127
 1.03344e-16 2.64722e-05 0.000155354 0.000738451 0.00284302 0.00886565 0.022394 0.045822 0.0759581 0.102019 0.111042 0.0980064 0.0702859 0.0412819 0.0205276 0.00988746 0.00652613 0.00708591 0.00949964 0.0128255 0.0166078 0.0204868 0.024086 0.0270388 0.0290556 0.0299824 0.0298242 0.0287262 0.0269222 0.0246697 0.0221955 0.0196654 0.0171813 0.0147966 0.0125396 0.0104312
 1.02328e-16 3.23581e-05 0.000189917 0.000902781 0.00347576 0.0108388 0.027378 0.056019 0.0928576 0.124705 0.135702 0.119695 0.0856744 0.0499852 0.0242313 0.010629 0.00564662 0.0051268 0.00652285 0.00871553 0.0112429 0.0138199 0.01618 0.0180727 0.0193061 0.0197861 0.0195321 0.0186614 0.0173504 0.0157871 0.0141315 0.0124932 0.0109309 0.00946453 0.00809471 0.00681834
 1.01288e-16 3.37595e-05 0.000198143 0.000941887 0.00362632 0.0113084 0.028564 0.0584457 0.0968801 0.130107 0.14158 0.12488 0.0893851 0.0521488 0.0252767 0.0110789 0.00586685 0.005297 0.00670297 0.0089046 0.0114052 0.0138924 0.0160765 0.0176907 0.0185406 0.0185461 0.0177583 0.0163399 0.0145195 0.0125357 0.0105883 0.00881091 0.00726699 0.00596386 0.00487537 0.0039634
 1.00555e-16 3.74401e-05 0.000219757 0.00104465 0.00402202 0.0125423 0.0316808 0.0648225 0.107448 0.144292 0.156997 0.138434 0.0989879 0.0575528 0.0275245 0.0114295 0.00514093 0.00381463 0.0044884 0.00588101 0.00750771 0.00912278 0.0105252 0.0115359 0.0120257 0.0119435 0.011327 0.0102897 0.00899017 0.00759406 0.00624071 0.00502406 0.00398929 0.00314173 0.00246193 0.00192032
 1.00385e-16 3.63079e-05 0.000213107 0.00101303 0.00390025 0.0121626 0.0307217 0.0628604 0.104197 0.139929 0.152259 0.134276 0.0960599 0.0559408 0.0269229 0.0114716 0.00559964 0.00461898 0.00565516 0.00744747 0.009489 0.0114887 0.0131911 0.0143668 0.0148531 0.0145911 0.0136397 0.0121571 0.0103607 0.00847494 0.00668778 0.00512406 0.00384078 0.00283904 0.00208439 0.00152739
 1.00849e-16 3.03047e-05 0.000177852 0.000845405 0.00325482 0.0101498 0.0256377 0.0524589 0.0869595 0.116793 0.127117 0.112182 0.0804238 0.0471786 0.0233494 0.011055 0.00702884 0.00740215 0.00978094 0.01306 0.0166954 0.0202625 0.0233327 0.0255072 0.0264982 0.0261944 0.024686 0.0222351 0.019206 0.0159791 0.0128749 0.0101104 0.00778991 0.00592518 0.0044691 0.00334904
 1.01552e-16 3.06775e-05 0.000180045 0.00085584 0.00329501 0.0102752 0.0259543 0.0531063 0.0880312 0.118228 0.128668 0.113524 0.0813293 0.0475954 0.0233442 0.0107024 0.00634675 0.00635322 0.00830715 0.0111215 0.0143026 0.0174976 0.0203568 0.0225495 0.0238258 0.0240697 0.0233208 0.0217535 0.0196255 0.0172135 0.0147566 0.0124246 0.0103117 0.00845115 0.00683837 0.0054529
 1.01773e-16 3.08365e-05 0.000180979 0.000860279 0.0033121 0.0103285 0.0260889 0.0533818 0.0884877 0.118841 0.129334 0.11411 0.0817442 0.0478287 0.0234409 0.0107164 0.0063126 0.00628297 0.0081991 0.0109684 0.0140965 0.0172329 0.0200323 0.0221698 0.0234022 0.0236203 0.0228694 0.0213274 0.0192531 0.0169204 0.0145631 0.0123422 0.0103419 0.00858518 0.00705859 0.00573534
 1.01387e-16 3.37516e-05 0.000198098 0.000941674 0.00362551 0.0113058 0.0285576 0.0584325 0.0968578 0.130076 0.141545 0.124843 0.0893467 0.0521026 0.0252101 0.0109754 0.00570769 0.0050636 0.00638025 0.00848571 0.0108967 0.0133184 0.0154791 0.017127 0.0180743 0.0182368 0.0176501 0.0164527 0.0148454 0.0130407 0.0112196 0.00950687 0.00796714 0.00661745 0.00544654 0.0044327
 1.01433e-16 3.05459e-05 0.000179271 0.000852153 0.0032808 0.0102309 0.0258424 0.0528776 0.0876526 0.117722 0.128122 0.113054 0.0810185 0.0474655 0.0233766 0.0108774 0.0066659 0.00683743 0.00898256 0.012003 0.0153798 0.0187256 0.021654 0.0238042 0.0249122 0.0248693 0.0237449 0.0217606 0.0192286 0.0164754 0.0137766 0.0113185 0.00919208 0.00741108 0.0059422 0.00473367
 1.01756e-16 3.0691e-05 0.000180125 0.000856219 0.00329647 0.0102797 0.0259658 0.0531298 0.0880701 0.11828 0.128724 0.113572 0.08136 0.0476063 0.0233364 0.0106766 0.00630115 0.00628323 0.00820726 0.0109871 0.0141317 0.0172928 0.0201258 0.0223055 0.0235865 0.0238554 0.0231518 0.0216474 0.0195955 0.0172663 0.0148923 0.0126366 0.0105878 0.00877495 0.00719108 0.00581526
 1.0169e-16 3.19228e-05 0.000187358 0.000890612 0.0034289 0.0106927 0.0270089 0.055264 0.0916068 0.123028 0.133884 0.118108 0.0845741 0.0494153 0.0240894 0.0107949 0.00605883 0.00578654 0.00746256 0.00996595 0.0128086 0.0156638 0.0182169 0.0201731 0.0213117 0.0215328 0.0208764 0.0195025 0.0176439 0.0155474 0.0134233 0.0114166 0.00960325 0.00800395 0.00660724 0.00538994
 1.02113e-16 2.75849e-05 0.000161884 0.000769486 0.0029625 0.00923823 0.0233352 0.0477479 0.0791513 0.10631 0.115717 0.102144 0.073278 0.0430885 0.0215154 0.0105073 0.00711231 0.00782745 0.0104838 0.0140712 0.0180726 0.0220621 0.0255976 0.0282608 0.0297407 0.0299022 0.0288122 0.0267111 0.0239434 0.0208722 0.0178055 0.0149538 0.0124238 0.0102389 0.00837307 0.0067816
pSPR Fmed_Fpbrs
0.53717   0.344376 0.344376
Fs Fmed_Fpbrs
0.453824   1.005 1.005
SSBpbr Bo_Bmed_Bpbrs
914376  445457  269170 269170
Ro
37049.1
SPR SPRFo_SPRFmed_SPRFpbrs
762234 409449 262495
log_Ro
10.34
likeval ReclasPelacesDesembMPH_pf_preclas_ppelaces_ptallas_desvR_qrecl_qpela
 64.3129 14.5159 0.0081969 0.000207921 285.051 164.099 81.2439 0 15.7601 1.9561e-05 5.07023e-05 0 0 0 0
q_reclas_q_pelaces
0.534338 2.75396
M
0.7
N
 38012.9 12527.7 4756.22 567.468 0.243798
 47341 17156.9 3472.5 1318.36 157.362
 23764.2 21477 4906.94 993.147 422.062
 38732 10096.7 4116.11 940.424 271.227
 67990.3 18573.9 4051.61 1651.72 486.214
 48433.5 33553.9 8880.39 1937.12 1022.17
 77935.1 22671 11616 3074.29 1024.48
 83288.9 37223.4 8876.54 4548.1 1604.82
 106043 38292.4 11548.4 2753.91 1908.92
 125832 48342.1 11281.1 3402.19 1373.68
 65392.4 58712 16411.8 3829.85 1621.38
 47247.8 28908.4 14338.2 4007.97 1331.26
 46834.1 21043.8 7389.34 3665.01 1364.77
 23794.4 19629.8 3712.09 1303.46 887.244
 14518.6 8693.11 1497.25 283.138 167.095
 14878.4 5072 504.492 86.8908 26.1286
 10848.6 6352.07 1001.24 99.5899 22.3107
 11622.4 4845.95 1652.73 260.511 31.717
 13627 5345.92 1507.69 514.204 90.9191
 22830.8 6339.05 1781.78 502.51 201.686
 27812.8 10616.8 2108.31 592.603 234.209
 38260.2 13399.2 4381.86 870.156 341.248
 57977.3 18282.4 5261.23 1720.55 475.663
 52608.4 27522.2 6895.76 1984.43 828.37
pred_Ctot
 2504.29 4114.95 1562.27 186.396 0.0800802
 2957.92 5399.58 1092.86 414.911 49.5245
 2490.53 10004.9 2285.87 462.651 196.615
 957.572 1410.75 575.121 131.4 37.8971
 302.854 498.007 108.633 44.2864 13.0365
 2005.9 7461.14 1974.67 430.744 227.293
 2145.28 3496.51 1791.51 474.143 158.003
 4462.44 10319 2460.74 1260.82 444.886
 6283.19 11540 3480.29 829.933 575.281
 5485.84 11240.5 2623.07 791.077 319.408
 5196.89 22339.8 6244.68 1457.25 616.933
 3524.92 10476.3 5196.13 1452.48 482.444
 5304.85 10339.2 3630.49 1800.68 670.532
 4603.04 13200.2 2496.24 876.529 596.637
 3159.04 6175.07 1063.56 201.124 118.694
 1513.98 2314.49 230.213 39.6506 11.9232
 788.728 2256.05 355.609 35.371 7.92404
 619.085 1336.84 455.935 71.8666 8.7497
 622.043 1293.41 364.776 124.408 21.9973
 1047.57 1540.51 433.007 122.12 49.0136
 598.081 1303.19 258.789 72.7403 28.7484
 1040.76 2044.23 668.514 132.755 52.0621
 1841.8 3211.87 924.3 302.269 83.565
 1709.69 4935.26 1236.54 355.847 148.543
F
 0.0955231 0.583065 0.583065 0.583065 0.583065
 0.0903929 0.55175 0.55175 0.55175 0.55175
 0.155978 0.952075 0.952075 0.952075 0.952075
 0.0349104 0.21309 0.21309 0.21309 0.21309
 0.00621085 0.0379105 0.0379105 0.0379105 0.0379105
 0.0591048 0.360771 0.360771 0.360771 0.360771
 0.038938 0.237674 0.237674 0.237674 0.237674
 0.0770638 0.470391 0.470391 0.470391 0.470391
 0.0855397 0.522127 0.522127 0.522127 0.522127
 0.0623044 0.380301 0.380301 0.380301 0.380301
 0.116272 0.709717 0.709717 0.709717 0.709717
 0.108798 0.664095 0.664095 0.664095 0.664095
 0.169565 1.03501 1.03501 1.03501 1.03501
 0.30692 1.87342 1.87342 1.87342 1.87342
 0.351698 2.14673 2.14673 2.14673 2.14673
 0.151131 0.922492 0.922492 0.922492 0.922492
 0.105892 0.646354 0.646354 0.646354 0.646354
 0.0766006 0.467564 0.467564 0.467564 0.467564
 0.0653221 0.398721 0.398721 0.398721 0.398721
 0.0656698 0.400843 0.400843 0.400843 0.400843
 0.0303033 0.184969 0.184969 0.184969 0.184969
 0.0384715 0.234826 0.234826 0.234826 0.234826
 0.0450582 0.275031 0.275031 0.275031 0.275031
 0.0461161 0.281488 0.281488 0.281488 0.281488
nmprior
 10 10 8 0
nm_flota  nm_reclas  nm_pelaces    nm_pelaL
inf 18.7714 15.5659 26.953
cv_recla  cv_pelaces  cv_mph
0.742464 0.448319 0.467829
 ------------------------------------------------
Talla a la edad & desviación 
 7.2 14.2025 17.0495 18.207 18.6776
 1.08 2.13037 2.55742 2.73105 2.80164
