years
 1997 1998 1999 2000 2001 2002 2003 2004 2005 2006 2007 2008 2009 2010 2011 2012 2013 2014 2015 2016 2017 2018 2019 2020
reclasobs
 0 0 0 370054 412103 1.49427e+06 250295 1.28982e+06 931140 785840 897777 1.04006e+06 184774 17550 25797 100020 73551 82996 120727 218422 84188 347160 605670 569463
reclaspred
 3.88749e+06 821193 2.44655e+06 1.41824e+06 1.29517e+06 1.46653e+06 2.79263e+06 1.6862e+06 1.66609e+06 1.45979e+06 1.20255e+06 810194 483610 237492 165640 169445 214704 326854 381819 513950 800469 834797 1.59393e+06 2.43255e+06
pelacesobs
 0 0 0 0 0 0 0 0 0 2.06254e+06 1.5e+06 0 1.87456e+06 323000 250000 174000 83755 137374 0 501740 490994 745055 786931 1.00524e+06
pelacespred
 2.40346e+06 961187 934229 1.06939e+06 830568 771196 1.39985e+06 1.22334e+06 993225 905297 641981 442964 260178 105668 73328.8 84638.1 111962 171251 211420 275749 464258 502209 726861 1.29666e+06
mphobs
 0 0 0 0 0 112323 0 153150 637223 0 255016 313432 73983 77613 109348 50772 0 0 0 0 0 0 0 0
mphpred
 2.78415e+06 1.56959e+06 1.37092e+06 1.62632e+06 1.17712e+06 1.27079e+06 1.79036e+06 1.98243e+06 1.49284e+06 1.40462e+06 1.24882e+06 852769 533602 295180 152603 138514 164401 241868 326745 383806 590050 755892 1.02991e+06 1.7001e+06
desembarqueobs
 350755 77701 442110 56441 14545 235359 269955 359681 431902 328805 639364 411747 362871 311530 167758 66681 60226 58785 57116 71774 51957 67425 138520 160799
desembarquepred
 350736 77698.4 442303 56438.4 14542.7 235429 269865 359588 431896 328850 639896 412374 363742 312321 167995 66734.1 60281.7 58815 57141.2 71815.3 51956.1 67412.8 138519 160775
Reclutas
 120284 105019 59060.5 64709.4 91045 92825.6 127279 93276 123345 119557 68944.2 45425.8 48233.7 30017 20707.7 20429.1 19078.3 23623.6 24743.6 44461.8 66333.8 88423 167234 285352
log_desv_Rt
 0.637614 0.501892 -0.0736831 0.0176611 0.359109 0.378478 0.694136 0.383318 0.662738 0.631552 0.0810523 -0.336164 -0.276186 -0.750481 -1.12174 -1.13529 -1.20369 -0.989998 -0.943679 -0.357614 0.0424554 0.329888 0.967149 1.50148
SSB
 2.78415e+06 1.56959e+06 1.37092e+06 1.62632e+06 1.17712e+06 1.27079e+06 1.79036e+06 1.98243e+06 1.49284e+06 1.40462e+06 1.24882e+06 852769 533602 295180 152603 138514 164401 241868 326745 383806 590050 755892 1.02991e+06 1.7001e+06
BT
 6.44072e+06 1.94599e+06 2.33586e+06 2.16242e+06 1.73869e+06 1.6991e+06 3.53722e+06 2.93131e+06 2.65807e+06 2.28041e+06 1.92525e+06 1.30533e+06 933806 523756 320850 245946 311145 440221 487965 685890 1.13957e+06 1.08677e+06 1.6764e+06 3.11204e+06
Ftot
 0.0879809 0.0922389 0.175277 0.0389093 0.010996 0.155852 0.0942066 0.206414 0.250309 0.217948 0.503113 0.482036 0.699793 1.16253 0.926745 0.377032 0.270892 0.174629 0.145427 0.135925 0.0633948 0.0787909 0.0847673 0.0645522
BD_Bspro_t
 0.987106 0.919521 0.872369 0.788278 0.822435 0.8697 0.830375 0.824725 0.751692 0.698952 0.649846 0.484147 0.375346 0.2773 0.179131 0.191651 0.283594 0.45016 0.583803 0.677181 0.78049 0.856015 0.87304 0.891103
BD_Bspro
 2.12856 1.2 1.04811 1.24337 0.899937 0.97155 1.36878 1.51562 1.14132 1.07387 0.954758 0.651964 0.407953 0.225673 0.116669 0.105898 0.125689 0.184914 0.249805 0.29343 0.451109 0.577899 0.787392 1.29977
BD_Bo
 1.81237 1.02174 0.892411 1.05867 0.766253 0.827228 1.16545 1.29048 0.971778 0.914345 0.81293 0.555116 0.347352 0.19215 0.0993384 0.0901667 0.107018 0.157446 0.212697 0.249842 0.384098 0.492054 0.670426 1.10669
BD_Brms
 8.82406 4.97465 4.34498 5.15444 3.73073 4.02761 5.67434 6.28307 4.7314 4.45177 3.958 2.70275 1.69119 0.93554 0.483659 0.439004 0.521049 0.766572 1.03558 1.21643 1.8701 2.39571 3.26417 5.38828
S_f
 0.5 1 1 1 1
 0.5 1 1 1 1
 0.5 1 1 1 1
 0.5 1 1 1 1
 0.5 1 1 1 1
 0.5 1 1 1 1
 0.5 1 1 1 1
 0.5 1 1 1 1
 0.5 1 1 1 1
 0.5 1 1 1 1
 0.5 1 1 1 1
 0.5 1 1 1 1
 0.5 1 1 1 1
 0.5 1 1 1 1
 0.5 1 1 1 1
 0.5 1 1 1 1
 0.5 1 1 1 1
 0.5 1 1 1 1
 0.5 1 1 1 1
 0.5 1 1 1 1
 0.5 1 1 1 1
 0.5 1 1 1 1
 0.5 1 1 1 1
 0.5 1 1 1 1
Scru_reclas
 0.5 1 1 1 1
 0.5 1 1 1 1
 0.5 1 1 1 1
 0.5 1 1 1 1
 0.5 1 1 1 1
 0.5 1 1 1 1
 0.5 1 1 1 1
 0.5 1 1 1 1
 0.5 1 1 1 1
 0.5 1 1 1 1
 0.5 1 1 1 1
 0.5 1 1 1 1
 0.5 1 1 1 1
 0.5 1 1 1 1
 0.5 1 1 1 1
 0.5 1 1 1 1
 0.5 1 1 1 1
 0.5 1 1 1 1
 0.5 1 1 1 1
 0.5 1 1 1 1
 0.5 1 1 1 1
 0.5 1 1 1 1
 0.5 1 1 1 1
 0.5 1 1 1 1
Scru_pelaces
 0.5 1 1 1 1
 0.5 1 1 1 1
 0.5 1 1 1 1
 0.5 1 1 1 1
 0.5 1 1 1 1
 0.5 1 1 1 1
 0.5 1 1 1 1
 0.5 1 1 1 1
 0.5 1 1 1 1
 0.5 1 1 1 1
 0.5 1 1 1 1
 0.5 1 1 1 1
 0.5 1 1 1 1
 0.5 1 1 1 1
 0.5 1 1 1 1
 0.5 1 1 1 1
 0.5 1 1 1 1
 0.5 1 1 1 1
 0.5 1 1 1 1
 0.5 1 1 1 1
 0.5 1 1 1 1
 0.5 1 1 1 1
 0.5 1 1 1 1
 0.5 1 1 1 1
pf_obs 
 0.256992 0.487395 0.22802 0.0275931 0
 0.321318 0.546541 0.124235 0.00734118 0.000564706
 0.182869 0.594174 0.210203 0.0122559 0.00049798
 0.330522 0.361315 0.267642 0.0388342 0.00168674
 0.649043 0.306663 0.0425973 0.00169635 0
 0.582887 0.30429 0.105238 0.00758474 0
 0.465427 0.430635 0.0974691 0.00646863 0
 0.296916 0.608066 0.0921331 0.00288517 0
 0.311714 0.524322 0.152257 0.0117073 0
 0.15457 0.633149 0.183074 0.0267441 0.00246327
 0.131901 0.49318 0.331252 0.0422183 0.00144891
 0.196976 0.569456 0.194076 0.0375587 0.00193317
 0.518974 0.381816 0.0799577 0.0180837 0.00116848
 0.0928022 0.601141 0.25162 0.0475244 0.00691264
 0.122501 0.610282 0.24278 0.0234846 0.000952079
 0.383417 0.481906 0.127806 0.00687128 0
 0.0376549 0.599619 0.316969 0.0457579 0
 0.0361596 0.667082 0.258105 0.0386534 0
 0.158088 0.579412 0.248529 0.0139706 0
 0.0477256 0.309471 0.559284 0.082774 0.000745712
 0.0406174 0.521527 0.379366 0.0568643 0.0016247
 0.151134 0.462217 0.34131 0.0453401 0
 0.294876 0.26143 0.354403 0.0886775 0.000613685
 0.281977 0.475581 0.204845 0.0348837 0.00271318
pf_pred 
 0.449508 0.277126 0.137617 0.0683384 0.0674113
 0.369797 0.394532 0.11864 0.058915 0.0581158
 0.251763 0.40882 0.212488 0.0638977 0.0630308
 0.334745 0.275608 0.212894 0.110654 0.0660984
 0.422046 0.291469 0.118688 0.0916807 0.0761165
 0.388195 0.363606 0.12517 0.0509698 0.0720597
 0.464841 0.305119 0.136717 0.047064 0.0462593
 0.341287 0.422101 0.134903 0.0604469 0.0412613
 0.449147 0.288424 0.168164 0.053745 0.0405202
 0.424577 0.366329 0.109481 0.0638321 0.0357815
 0.304965 0.424642 0.172139 0.0514454 0.0468088
 0.322185 0.341842 0.205268 0.0832106 0.0474952
 0.449968 0.287498 0.132404 0.0795054 0.0506256
 0.424951 0.384512 0.0995922 0.0458661 0.0450787
 0.502731 0.338209 0.106357 0.0275473 0.0251554
 0.554585 0.324563 0.0821953 0.0258479 0.0128084
 0.469336 0.390211 0.102345 0.0259187 0.0121895
 0.493243 0.33273 0.127967 0.0335633 0.0124973
 0.443741 0.373623 0.119916 0.0461195 0.0166003
 0.555814 0.27736 0.112052 0.0359638 0.0188102
 0.540769 0.331695 0.0796366 0.032173 0.0157269
 0.498647 0.353784 0.106587 0.0255904 0.0153921
 0.57496 0.284938 0.0988641 0.0297853 0.0114525
 0.571888 0.314578 0.076111 0.026408 0.0110152
pobs_RECLAS
 0 0 0 0 0
 0 0 0 0 0
 0 0 0 0 0
 0 0 0 0 0
 0.835266 0.146461 0.0176864 0.000547809 3.91292e-05
 0.385257 0.428462 0.181853 0.0044286 0
 0.867414 0.0963971 0.0333333 0.00285562 0
 0.441836 0.489002 0.0689373 0.000224442 0
 0.779404 0.147425 0.0564933 0.0165055 0.000172143
 0.814271 0.122319 0.05973 0.00367925 0
 0.40263 0.566651 0.0304383 0.000280538 0
 0.475488 0.404961 0.113038 0.00651328 0
 0.955842 0.0263864 0.0167828 0.000988607 0
 0.975058 0.0227948 0.00214734 0 0
 0.738997 0.206755 0.0527124 0.00153531 0
 0.850938 0.134255 0.0134407 0.00136685 0
 0.542534 0.407297 0.0501686 0 0
 0.764087 0.199537 0.0359546 0.000420521 0
 0.470689 0.182191 0.310203 0.0369168 0
 0.84361 0.089868 0.0606195 0.00523954 0.000663233
 0.607945 0.314616 0.071237 0.00620181 0
 0.523733 0.453247 0.0230204 0 0
 0.530135 0.295979 0.169645 0.0042399 0
 0.562478 0.366248 0.0663022 0.0049721 0
ppred_RECLAS
 0.450196 0.276779 0.137445 0.068253 0.0673271
 0.37048 0.394105 0.118512 0.0588512 0.0580528
 0.252896 0.408201 0.212167 0.0638009 0.0629354
 0.335006 0.2755 0.212811 0.110611 0.0660725
 0.422125 0.291429 0.118671 0.0916683 0.0761062
 0.389441 0.362865 0.124915 0.0508659 0.0719128
 0.465586 0.304694 0.136526 0.0469985 0.0461949
 0.342922 0.421054 0.134568 0.0602969 0.0411589
 0.451409 0.28724 0.167473 0.0535243 0.0403539
 0.42647 0.365123 0.109121 0.063622 0.0356637
 0.309681 0.42176 0.170971 0.0510964 0.0464912
 0.326771 0.339528 0.203879 0.0826475 0.0471738
 0.458603 0.282984 0.130325 0.0782571 0.0498307
 0.442902 0.372509 0.0964832 0.0444342 0.0436715
 0.515765 0.329344 0.103569 0.0268253 0.0244961
 0.558335 0.32183 0.0815033 0.0256303 0.0127006
 0.471841 0.388369 0.101862 0.0257964 0.012132
 0.494737 0.331749 0.12759 0.0334643 0.0124605
 0.444938 0.372819 0.119658 0.0460202 0.0165646
 0.556923 0.276667 0.111773 0.035874 0.0187632
 0.541255 0.331344 0.0795524 0.0321389 0.0157103
 0.499264 0.353349 0.106455 0.0255589 0.0153732
 0.575613 0.2845 0.0987123 0.0297396 0.0114349
 0.572376 0.314219 0.0760242 0.0263779 0.0110026
pobs_PELACES
 0 0 0 0 0
 0 0 0 0 0
 0 0 0 0 0
 0 0 0 0 0
 0 0 0 0 0
 0 0 0 0 0
 0 0 0 0 0
 0 0 0 0 0
 0 0 0 0 0
 0 0 0 0 0
 0.450072 0.473896 0.0757376 0.000293798 0
 0 0 0 0 0
 0.463077 0.371075 0.160297 0.00555027 0
 0.529543 0.364841 0.0842815 0.0213345 0
 0.631943 0.363953 0.00410389 0 0
 0.735681 0.248677 0.0153453 0.000297389 0
 0.695825 0.281241 0.0229344 0 0
 0.275771 0.60734 0.115278 0.00161068 0
 0 0 0 0 0
 0.896147 0.0623911 0.0374545 0.00400742 0
 0.803859 0.145111 0.0509908 3.86294e-05 0
 0.739449 0.233085 0.0266225 0.000797448 4.60066e-05
 0.878498 0.100942 0.0204185 0.000141795 0
 0.694673 0.275183 0.0284847 0.00165964 0
ppred_PELACES
 0.453792 0.274969 0.136546 0.0678066 0.0668867
 0.374036 0.391878 0.117842 0.0585187 0.0577249
 0.258399 0.405195 0.210604 0.063331 0.0624718
 0.336438 0.274907 0.212353 0.110372 0.0659302
 0.422568 0.291206 0.118581 0.0915981 0.0760479
 0.395573 0.359221 0.12366 0.0503551 0.0711906
 0.469456 0.302488 0.135538 0.0466582 0.0458604
 0.350637 0.41611 0.132989 0.059589 0.0406757
 0.461656 0.281874 0.164345 0.0525246 0.0396001
 0.435289 0.359509 0.107443 0.0626438 0.0351154
 0.327702 0.41075 0.166508 0.0497625 0.0452775
 0.344503 0.330586 0.198509 0.0804706 0.0459313
 0.487378 0.267944 0.123398 0.0740979 0.0471823
 0.490608 0.34061 0.0882212 0.0406292 0.0399318
 0.55379 0.303483 0.0954361 0.0247188 0.0225725
 0.573616 0.310696 0.0786835 0.0247436 0.0122612
 0.482992 0.380169 0.099711 0.0252517 0.0118758
 0.50194 0.327019 0.125771 0.0329872 0.0122829
 0.450872 0.368833 0.118379 0.0455283 0.0163875
 0.56245 0.273216 0.110378 0.0354266 0.0185292
 0.543851 0.329469 0.0791022 0.031957 0.0156214
 0.502514 0.351055 0.105764 0.025393 0.0152734
 0.579026 0.282212 0.0979184 0.0295004 0.0113429
 0.574981 0.312305 0.0755611 0.0262172 0.0109356
pobs_pel_tallas
 0 0 0 0 0 0 0 0 0 0 0 0 0 0 0 0 0 0 0 0 0 0 0 0 0 0 0 0 0 0 0 0 0 0 0 0
 0 0 0 0 0 0 0 0 0 0 0 0 0 0 0 0 0 0 0 0 0 0 0 0 0 0 0 0 0 0 0 0 0 0 0 0
 0 0 0 0 0 0 0 0 0 0 0 0 0 0 0 0 0 0 0 0 0 0 0 0 0 0 0 0 0 0 0 0 0 0 0 0
 0 0 0 0 0 0 0 0 0 0 0 0 0 0 0 0 0 0 0 0 0 0 0 0 0 0 0 0 0 0 0 0 0 0 0 0
 0 0 0 0 0 0 0 0 0 0 0 0 0 0 0 0 0 0 0 0 0 0 0 0 0 0 0 0 0 0 0 0 0 0 0 0
 0 0 0 0 0 0 0 0 0 0 0 0 0 0 0 0 0 0 0 0 0 0 0 0 0 0 0 0 0 0 0 0 0 0 0 0
 0 0 0 0 0 0 0 0 0 0 0 0 0 0 0 0 0 0 0 0 0 0 0 0 0 0 0 0 0 0 0 0 0 0 0 0
 0 0 0 0 0 0 0 0 0 0 0 0 0 0 0 0 0 0 0 0 0 0 0 0 0 0 0 0 0 0 0 0 0 0 0 0
 0 0 0 0 0 0 0 0 0 0 0 0 0 0 0 0 0 0 0 0 0 0 0 0 0 0 0 0 0 0 0 0 0 0 0 0
 0 0 0 0 0 0 0 0 0 0 0 0 0 0 0 0 0 0 0 0 0 0 0 0 0 0 0 0 0 0 0 0 0 0 0 0
 0 0 0 0 0 0 0 0 1.78061e-05 0.00172719 0.00360574 0.0105946 0.0120993 0.0124554 0.0147524 0.0171206 0.0266825 0.0428682 0.0675386 0.121331 0.153587 0.119568 0.100827 0.0573624 0.0630603 0.0341343 0.0324427 0.0444173 0.0211091 0.0280891 0.0125444 0.00206551 0 0 0 0
 0 0 0 0 0 0 0 0 0 0 0 0 0 0 0 0 0 0 0 0 0 0 0 0 0 0 0 0 0 0 0 0 0 0 0 0
 0 0 0 0 0 0 0.0133647 0.0140871 0.0187388 0.0205184 0.03894 0.0496705 0.03968 0.0493445 0.0407372 0.0367815 0.0215668 0.0243155 0.0234873 0.0199281 0.019796 0.0243948 0.0301388 0.0376714 0.0412746 0.0863199 0.0771752 0.113111 0.0741005 0.0525337 0.0229764 0.00759418 0.00175318 0 0 0
 0 0 0 0 0 0 0 0 0 0 0.00219441 0.00772107 0.0458388 0.0604681 0.0671733 0.0775358 0.0609151 0.0617685 0.073594 0.0568108 0.0755445 0.0548602 0.0670107 0.0636378 0.0643287 0.046367 0.0373049 0.0286899 0.0247887 0.0153202 0.00654259 0.00121912 0.000365735 0 0 0
 0 0 0 0 0 0 0 0 0 0 0 0 0.000112435 0.00938835 0.0111873 0.0202946 0.0414886 0.0713402 0.111592 0.104902 0.108894 0.110636 0.117776 0.105296 0.107544 0.0401394 0.0192827 0.0124803 0.00416011 0.0028671 0.000618394 0 0 0 0 0
 0 0 0 0 0 0 0 0 0 0 0.00291406 0.0102884 0.027416 0.0768956 0.0749926 0.110853 0.0956884 0.0897413 0.0766577 0.0534642 0.0500743 0.0551293 0.0594112 0.0620874 0.0668451 0.0424026 0.0208742 0.0120726 0.0048766 0.00582813 0.00118941 0.000297354 0 0 0 0
 0 0.00264628 0.0354308 0.0461629 0.0458689 0.0383711 0.0214643 0.0164657 0.0346957 0.0420465 0.0363128 0.0245516 0.0311673 0.0291091 0.0169068 0.0133784 0.00837989 0.0085269 0.0148486 0.0160247 0.0276389 0.0546898 0.0760071 0.122758 0.109233 0.0665981 0.0333725 0.0166128 0.00676272 0.00308733 0.000882094 0 0 0 0 0
 0 0 0 0 0 0 0 0.000805153 0.000690131 0.00759144 0.0133425 0.0154129 0.00931677 0.000345066 0.00356568 0.00563607 0.00851162 0.0253048 0.0502646 0.0516448 0.0657925 0.0565908 0.0611916 0.0827007 0.0866115 0.110766 0.145733 0.0935128 0.0569358 0.0249597 0.0138026 0.00621118 0.00161031 0.00115022 0 0
 0 0 0 0 0 0 0 0 0 0 0 0 0 0 0 0 0 0 0 0 0 0 0 0 0 0 0 0 0 0 0 0 0 0 0 0
 0.00147267 0.00158595 0.00478618 0.00569244 0.00954404 0.0108468 0.00647125 0.017049 0.0510054 0.094081 0.124002 0.0959785 0.0687766 0.0820023 0.061753 0.0591476 0.0492212 0.0479892 0.0443925 0.0268479 0.0217502 0.0140895 0.0121071 0.0120363 0.00920419 0.00665534 0.0049561 0.00860946 0.00930331 0.0156896 0.0114698 0.00855282 0.00243557 0.00046729 0 2.83206e-05
 0 0 0 0 0.000772559 0.00158375 0.000888443 0.00281984 0.00712685 0.0440552 0.0773331 0.111326 0.0921469 0.0852325 0.0710754 0.0886704 0.0786465 0.0553345 0.0373146 0.0185414 0.00753245 0.00457741 0.012979 0.0271748 0.0457355 0.0583668 0.034881 0.0177882 0.00938659 0.00492506 0.0015258 0.00185414 0.000309023 5.79419e-05 3.86279e-05 0
 0 0.00173294 0.00326652 0 0.00397197 0.00683976 0.00946217 0.0152591 0.00757587 0.0136028 0.0228656 0.0392903 0.0559909 0.0764795 0.0681675 0.0726916 0.0566044 0.0477403 0.0527397 0.0444891 0.0609904 0.0582453 0.0661739 0.0445044 0.0529084 0.0360697 0.0280645 0.0235558 0.0158879 0.00826598 0.00280645 0.00217768 0.000904811 0.00058276 9.20147e-05 0
 0 0 0 0 0 0 0 0 0 0 0 0 0 0 0 0 0 0 0 0 0 0 0 0 0 0 0 0 0 0 0 0 0 0 0 0
 0 0 0 0 0 0 0 0 0 0 0 0 0 0 0 0 0 0 0 0 0 0 0 0 0 0 0 0 0 0 0 0 0 0 0 0
ppred_pel_tallas
 1.07484e-16 1.98113e-05 0.000116246 0.000552517 0.00212712 0.00663311 0.0167549 0.0342842 0.0568355 0.0763456 0.0831244 0.0734291 0.0527978 0.0312883 0.0160768 0.00861184 0.00682908 0.00826487 0.0113972 0.0155071 0.0201914 0.0250729 0.0297313 0.0337486 0.0367883 0.0386608 0.0393483 0.0389816 0.037781 0.0359851 0.0337933 0.0313393 0.0286958 0.0259003 0.0229854 0.020001
 1.06509e-16 1.63383e-05 9.58456e-05 0.000455508 0.00175357 0.00546818 0.0138125 0.0282648 0.0468616 0.0629629 0.0685926 0.0606857 0.0438382 0.0263872 0.0143094 0.00887128 0.00844145 0.0110368 0.0154022 0.0208731 0.0269627 0.0331333 0.0387739 0.0432911 0.0462326 0.0473836 0.046803 0.0447829 0.0417535 0.0381663 0.0343962 0.0306907 0.0271681 0.0238524 0.0207232 0.0177571
 1.08217e-16 1.12968e-05 6.62454e-05 0.000314782 0.00121173 0.00377847 0.0095445 0.0195322 0.032388 0.0435299 0.0474583 0.0420736 0.0305807 0.0187835 0.0108715 0.00779357 0.00850126 0.0116913 0.0165301 0.0225379 0.0292895 0.0362577 0.0428168 0.0483407 0.0523282 0.0545025 0.0548524 0.053598 0.0511041 0.047772 0.0439494 0.0398849 0.0357272 0.0315567 0.0274267 0.0233943
 1.09978e-16 1.46943e-05 8.62041e-05 0.000409694 0.00157721 0.00491825 0.0124233 0.0254215 0.0421458 0.0566214 0.06167 0.0545275 0.0393172 0.0235225 0.0125008 0.00737249 0.00665926 0.00858409 0.0120541 0.0165458 0.0217341 0.0272754 0.0327615 0.0377677 0.0419283 0.0449996 0.046888 0.0476327 0.0473587 0.0462183 0.0443479 0.0418508 0.0388072 0.0352979 0.0314272 0.0273328
 1.08479e-16 1.84504e-05 0.000108255 0.000514523 0.00198082 0.0061769 0.0156026 0.0319266 0.0529282 0.0711004 0.077422 0.0684125 0.0492356 0.0292677 0.0152051 0.00841329 0.00698698 0.00864498 0.0119738 0.016294 0.0212037 0.0263108 0.0311754 0.0353619 0.0385241 0.040473 0.0412019 0.0408589 0.0396824 0.0379231 0.0357829 0.0333873 0.0307928 0.0280177 0.025078 0.0220135
 1.0693e-16 1.72761e-05 0.000101354 0.000481703 0.00185444 0.00578275 0.0146071 0.0298902 0.0495549 0.0665765 0.0725162 0.0641258 0.0462555 0.0277067 0.0147796 0.00878929 0.00798709 0.0102598 0.0142801 0.0193694 0.0250645 0.0308727 0.0362366 0.0406124 0.0435808 0.044935 0.0447136 0.0431646 0.0406604 0.0375932 0.0342884 0.0309604 0.0277127 0.0245706 0.0215257 0.0185727
 1.05769e-16 2.04956e-05 0.00012026 0.000571595 0.00220056 0.00686214 0.0173334 0.0354681 0.0587987 0.078984 0.0860004 0.0759779 0.0546481 0.03242 0.0167222 0.00905776 0.00729427 0.00888176 0.0122372 0.0165989 0.0215216 0.026579 0.0312978 0.035213 0.0379585 0.0393411 0.0393698 0.0382293 0.0362112 0.0336312 0.0307587 0.027781 0.0248027 0.0218704 0.0190056 0.0162312
 1.05972e-16 1.53191e-05 8.98592e-05 0.000427043 0.00164396 0.00512637 0.0129492 0.0264985 0.0439347 0.0590349 0.0643255 0.0569391 0.0411943 0.0249208 0.0137411 0.00886538 0.00878748 0.0116653 0.0163256 0.0221273 0.0285714 0.0350881 0.0410248 0.0457468 0.0487693 0.0498611 0.0490842 0.0467519 0.0433284 0.039305 0.0350952 0.0309788 0.0270983 0.0234928 0.0201489 0.0170435
 1.0608e-16 2.01547e-05 0.000118261 0.000562093 0.00216398 0.00674807 0.0170453 0.0348784 0.0578207 0.0776693 0.0845662 0.0747043 0.053718 0.0318404 0.0163729 0.0087906 0.00699434 0.00847836 0.0116935 0.0159056 0.0206988 0.0256808 0.0304122 0.0344541 0.0374507 0.0391972 0.0396693 0.0390011 0.0374272 0.0352103 0.0325819 0.0297113 0.0267068 0.0236363 0.0205536 0.0175179
 1.05436e-16 1.9008e-05 0.000111521 0.00053004 0.00204054 0.00636311 0.016073 0.0328896 0.0545264 0.073252 0.0797776 0.0705239 0.0508202 0.0303396 0.0159985 0.00922397 0.00807014 0.0101928 0.0141209 0.0191106 0.0246728 0.0303023 0.0354349 0.0395241 0.0421537 0.0431265 0.0424978 0.0405384 0.0376479 0.0342468 0.0306866 0.0272021 0.0239089 0.0208348 0.0179639 0.015275
 1.06323e-16 1.43189e-05 8.39874e-05 0.000399129 0.00153648 0.00479121 0.0121026 0.0247663 0.0410635 0.0551793 0.0601307 0.0532413 0.0385521 0.0233891 0.0130178 0.0085831 0.00869268 0.011639 0.0163345 0.0221809 0.0287008 0.0353381 0.0414497 0.0464033 0.0497076 0.0511142 0.0506586 0.0486218 0.045435 0.0415625 0.0374014 0.0332288 0.0291974 0.0253678 0.0217539 0.0183612
 1.07837e-16 1.50483e-05 8.8277e-05 0.000419538 0.00161509 0.00503637 0.0127217 0.0260325 0.0431601 0.0579879 0.0631686 0.0558769 0.0403431 0.0242418 0.0130736 0.00800238 0.00752768 0.0098339 0.0137889 0.01882 0.0245323 0.0304908 0.0361879 0.0411104 0.0448385 0.0471253 0.0479304 0.0473957 0.0457779 0.0433664 0.0404158 0.0371124 0.0335774 0.0298917 0.026127 0.0223666
 1.0659e-16 2.12756e-05 0.000124843 0.000593389 0.00228449 0.00712387 0.0179945 0.0368205 0.0610391 0.0819894 0.0892618 0.078833 0.0566447 0.0334901 0.0170639 0.00890658 0.0067845 0.00803738 0.0110226 0.0149706 0.0194646 0.0241284 0.028549 0.0323186 0.0351114 0.0367481 0.0372201 0.0366664 0.0353152 0.0334122 0.0311638 0.028709 0.0261236 0.0234437 0.0206967 0.0179228
 1.04626e-16 2.14193e-05 0.00012568 0.000597355 0.00229973 0.00717139 0.0181146 0.0370668 0.0614494 0.0825462 0.0898831 0.0794175 0.0571425 0.0339402 0.0175787 0.00963304 0.0078759 0.00963744 0.0132486 0.0178863 0.0230466 0.0282382 0.0329224 0.0365822 0.0388294 0.0394883 0.0386275 0.0365238 0.0335769 0.0302046 0.026755 0.0234582 0.0204232 0.0176672 0.0151598 0.0128609
 1.03358e-16 2.41729e-05 0.000141849 0.000674234 0.00259574 0.00809451 0.0204463 0.0418372 0.0693554 0.0931589 0.101419 0.0895632 0.0643396 0.0380082 0.0193056 0.00997186 0.00745493 0.00871303 0.0118561 0.0159825 0.0205904 0.0252269 0.0294054 0.0326592 0.034635 0.0351689 0.034316 0.0323199 0.0295383 0.0263508 0.0230803 0.0199487 0.0170717 0.0144824 0.0121669 0.0100967
 1.02642e-16 2.50377e-05 0.000146926 0.000698366 0.00268866 0.00838425 0.0211781 0.0433348 0.0718377 0.0964926 0.105047 0.0927629 0.0666298 0.039344 0.0199516 0.010251 0.00759325 0.00882173 0.0119726 0.0161066 0.0207003 0.025284 0.0293565 0.032441 0.0341822 0.0344247 0.0332428 0.0309074 0.0278083 0.0243555 0.0208964 0.0176675 0.0147881 0.0122843 0.0101269 0.00826735
 1.02962e-16 2.1089e-05 0.000123737 0.000588108 0.00226411 0.0070603 0.0178341 0.036493 0.0604995 0.0812742 0.0885084 0.0782277 0.0563402 0.0335716 0.0175854 0.00995096 0.00849277 0.0105928 0.014604 0.0196917 0.0253113 0.0309099 0.0358769 0.0396279 0.0417268 0.0419824 0.0404855 0.0375688 0.0337116 0.0294199 0.0251236 0.0211177 0.0175536 0.0144671 0.0118251 0.00956793
 1.036e-16 2.19131e-05 0.00012858 0.000611143 0.00235282 0.00733695 0.0185328 0.0379223 0.062867 0.0844489 0.0919503 0.0812333 0.0584257 0.0346558 0.0178644 0.00965541 0.0077435 0.00939392 0.0129022 0.0174379 0.0225064 0.0276321 0.0322919 0.0359781 0.0383004 0.039068 0.0383222 0.0363066 0.0333895 0.029968 0.0263853 0.0228848 0.0196037 0.0165962 0.0138691 0.0114128
 1.04131e-16 1.96879e-05 0.000115512 0.000549011 0.00211358 0.00659088 0.0166483 0.0340669 0.0564779 0.0758733 0.0826313 0.0730437 0.0526299 0.0314075 0.0165385 0.00949816 0.00826731 0.0104139 0.01441 0.0194814 0.0251182 0.0307947 0.0359245 0.0399405 0.0424114 0.0431344 0.0421713 0.0398117 0.0364839 0.0326431 0.0286775 0.0248548 0.0213169 0.0181077 0.0152166 0.0126161
 1.03739e-16 2.45494e-05 0.000144062 0.000684759 0.00263628 0.00822092 0.0207655 0.0424903 0.0704369 0.0946088 0.10299 0.0909317 0.0652825 0.0384846 0.0193994 0.00978086 0.00702484 0.00803561 0.0108981 0.014717 0.01902 0.023399 0.0274178 0.0306531 0.0327773 0.0336258 0.0332241 0.0317629 0.0295349 0.0268557 0.023997 0.0211505 0.018424 0.0158619 0.0134747 0.0112647
 1.03059e-16 2.37406e-05 0.000139309 0.000662149 0.00254921 0.00794938 0.0200797 0.0410875 0.0681133 0.0914933 0.0996129 0.0879847 0.0632421 0.0374329 0.0191476 0.0101075 0.00781733 0.00929629 0.0126847 0.01708 0.0219562 0.0268233 0.0311524 0.0344399 0.0363108 0.0366017 0.035392 0.0329688 0.029743 0.0261463 0.0225418 0.019175 0.0161667 0.0135399 0.0112609 0.00927767
 1.03202e-16 2.1939e-05 0.00012873 0.000611853 0.00235555 0.00734544 0.0185543 0.0379664 0.0629408 0.0845499 0.0920652 0.0813465 0.0585325 0.0347699 0.0180156 0.00988342 0.00809185 0.0099052 0.0136113 0.0183624 0.0236351 0.0289164 0.0336431 0.0372742 0.039402 0.0398411 0.0386625 0.0361586 0.0327559 0.0289072 0.0249992 0.0212991 0.0179475 0.0149844 0.0123904 0.0101246
 1.03026e-16 2.52725e-05 0.000148307 0.000704937 0.00271397 0.00846318 0.0213775 0.0437424 0.0725126 0.0973966 0.106024 0.0936097 0.0672027 0.0396116 0.0199575 0.0100443 0.00718783 0.00819698 0.0110945 0.0149518 0.0192751 0.0236374 0.0275845 0.03068 0.0325908 0.0331585 0.0324268 0.0306142 0.0280468 0.025073 0.0219919 0.0190127 0.0162494 0.0137414 0.0114859 0.00946574
 1.02587e-16 2.50973e-05 0.000147275 0.000700028 0.00269506 0.0084042 0.0212285 0.0434379 0.0720086 0.0967223 0.105297 0.0929841 0.0667892 0.0394393 0.0200019 0.0102798 0.0076178 0.00885125 0.0120109 0.0161543 0.0207551 0.0253407 0.0294073 0.0324761 0.0341911 0.0343982 0.0331745 0.0307955 0.0276558 0.0241699 0.0206884 0.0174495 0.0145721 0.0120805 0.00994298 0.00810785
pSPR Fmed_Fpbrs
0.724918   0.255389 0.255389
Fs Fmed_Fpbrs
0.165461   1.005 1.005
SSBpbr Bo_Bmed_Bpbrs
1.5362e+06  1.03681e+06  315519 315519
Ro
63576.6
SPR SPRFo_SPRFmed_SPRFpbrs
1.308e+06 948192 334049
log_Ro
10.88
likeval ReclasPelacesDesembMPH_pf_preclas_ppelaces_ptallas_desvR_qrecl_qpela
 196.087 51.6171 0.1 0.00117498 315.667 189.232 84.0384 0 17.3018 0 0 0 0 0 0
q_reclas_q_pelaces
1 1
M
0.7
N
 120284 37797.6 18769.7 9320.77 9194.32
 105019 57160.8 17188.9 8535.76 8419.96
 59060.5 49800.1 25884.1 7783.65 7678.05
 64709.4 26867.6 20754 10787.1 6443.61
 91045 31514.6 12832.9 9912.84 8229.98
 92825.6 44963.7 15478.5 6302.95 8910.93
 127279 42640.2 19106 6577.16 6464.7
 93276 60296.7 19270.8 8634.78 5894.14
 123345 41777.4 24358.1 7784.82 5869.25
 119557 54045.6 16152 9417.35 5278.95
 68944.2 53240.7 21582.4 6450.12 5868.78
 45425.8 26622.1 15985.9 6480.3 3698.85
 48233.7 17726.5 8163.76 4902.15 3121.47
 30017 16880.5 4372.22 2013.57 1979.01
 20707.7 8335.28 2621.19 678.913 619.964
 20429.1 6469.73 1638.45 515.244 255.318
 19078.3 8401.77 2203.62 558.065 262.457
 23623.6 8273.92 3182.13 834.611 310.769
 24743.6 10750.3 3450.36 1327 477.642
 44461.8 11425.6 4615.89 1481.49 774.866
 66333.8 20628.4 4952.67 2000.87 978.073
 88423 31912.7 9614.51 2308.35 1388.43
 167234 42213.4 14646.7 4412.68 1696.68
 285352 79599.7 19258.8 6682.18 2787.25
pred_Ctot
 3732.35 2301.03 1142.66 567.427 559.729
 3413.19 3641.49 1095.04 543.779 536.402
 3582.02 5816.59 3023.23 909.119 896.786
 897.613 739.037 570.872 296.716 177.242
 359.116 248.009 100.99 78.0105 64.767
 5027.14 4708.72 1620.95 660.061 933.176
 4223.08 2772.01 1242.07 427.577 420.266
 6617.26 8184.17 2615.66 1172.01 800.021
 10510.9 6749.66 3935.35 1257.73 948.25
 8933.3 7707.72 2303.53 1343.06 752.859
 11188.4 15579 6315.36 1887.4 1717.3
 7094.48 7527.33 4519.99 1832.29 1045.84
 10449 6676.18 3074.64 1846.25 1175.61
 9836.24 8900.22 2305.24 1061.65 1043.43
 5671.01 3815.13 1199.74 310.745 283.763
 2551.83 1493.42 378.207 118.935 58.9356
 1751.66 1456.35 381.972 96.7341 45.4939
 1427.67 963.075 370.396 97.1478 36.1732
 1253.25 1055.22 338.677 130.254 46.8839
 2109.19 1052.52 425.214 136.475 71.3803
 1491.14 914.628 219.593 88.715 43.3661
 2462.08 1746.82 526.273 126.353 75.999
 5003.15 2479.45 860.289 259.184 99.6563
 6529.96 3591.94 869.055 301.534 125.775
F
 0.0439904 0.0879809 0.0879809 0.0879809 0.0879809
 0.0461195 0.0922389 0.0922389 0.0922389 0.0922389
 0.0876387 0.175277 0.175277 0.175277 0.175277
 0.0194546 0.0389093 0.0389093 0.0389093 0.0389093
 0.00549802 0.010996 0.010996 0.010996 0.010996
 0.0779258 0.155852 0.155852 0.155852 0.155852
 0.0471033 0.0942066 0.0942066 0.0942066 0.0942066
 0.103207 0.206414 0.206414 0.206414 0.206414
 0.125155 0.250309 0.250309 0.250309 0.250309
 0.108974 0.217948 0.217948 0.217948 0.217948
 0.251557 0.503113 0.503113 0.503113 0.503113
 0.241018 0.482036 0.482036 0.482036 0.482036
 0.349897 0.699793 0.699793 0.699793 0.699793
 0.581266 1.16253 1.16253 1.16253 1.16253
 0.463372 0.926745 0.926745 0.926745 0.926745
 0.188516 0.377032 0.377032 0.377032 0.377032
 0.135446 0.270892 0.270892 0.270892 0.270892
 0.0873146 0.174629 0.174629 0.174629 0.174629
 0.0727136 0.145427 0.145427 0.145427 0.145427
 0.0679624 0.135925 0.135925 0.135925 0.135925
 0.0316974 0.0633948 0.0633948 0.0633948 0.0633948
 0.0393955 0.0787909 0.0787909 0.0787909 0.0787909
 0.0423836 0.0847673 0.0847673 0.0847673 0.0847673
 0.0322761 0.0645522 0.0645522 0.0645522 0.0645522
nmprior
 10 10 8 0
nm_flota  nm_reclas  nm_pelaces    nm_pelaL
inf 12.0598 14.076 23.8877
cv_recla  cv_pelaces  cv_mph
1.29644 0.845398 1.11212
 ------------------------------------------------
Talla a la edad & desviación 
 7.2 14.2025 17.0495 18.207 18.6776
 1.08 2.13037 2.55742 2.73105 2.80164
