    unsorted:	 2.300431886e-06 3.004468124e-06 4.902530860e-06 5.470205040e-05 0.0008999966089 0.006895012673 47.75348197 60.21369617 104.1988853 178.5650553 190.2817850 352.0907680 496.0033141 591.7236796 735.7722990 787.0582348 844.5346687 979.3047960 1118.875530 1308.373519 1334.154674 1556.428749 1748.241634 1939.785995 2311.132952 2345.549867 2673.057365 3274.516440 3038.778106 3509.570075 3810.091267 4166.720800 4534.752883 5018.493294 5290.074409 5736.959377 5878.728154 21080.56935 204616.3534 408962.5579 384998.1661 372337.9309 314165.9720 445675.1905 479027.2332 489769.6242 508415.7102 518346.3880 558183.7173 596248.7173 629184.5246 748777.3268 741987.1909 857764.0807 1051322.238 1106430.332 1274480.449 1492589.655 1872094.494 2016090.026 2280200.341 2610860.632 6004772.505
      sorted:	 2.300431886e-06 3.004468124e-06 4.902530860e-06 5.470205040e-05 0.0008999966089 0.006895012673 47.75348197 60.21369617 104.1988853 178.5650553 190.2817850 352.0907680 496.0033141 591.7236796 735.7722990 787.0582348 844.5346687 979.3047960 1118.875530 1308.373519 1334.154674 1556.428749 1748.241634 1939.785995 2311.132952 2345.549867 2673.057365 3038.778106 3274.516440 3509.570075 3810.091267 4166.720800 4534.752883 5018.493294 5290.074409 5736.959377 5878.728154 21080.56935 204616.3534 314165.9720 372337.9309 384998.1661 408962.5579 445675.1905 479027.2332 489769.6242 508415.7102 518346.3880 558183.7173 596248.7173 629184.5246 741987.1909 748777.3268 857764.0807 1051322.238 1106430.332 1274480.449 1492589.655 1872094.494 2016090.026 2280200.341 2610860.632 6004772.505
