years
 1997 1998 1999 2000 2001 2002 2003 2004 2005 2006 2007 2008 2009 2010 2011 2012 2013 2014 2015 2016 2017 2018 2019 2020
reclasobs
 0 0 0 370054 412103 1.49427e+06 250295 1.28982e+06 931140 785840 897777 1.04006e+06 184774 17550 25797 100020 73551 82996 120727 218422 84188 347160 605670 569463
reclaspred
 2.03042e+06 341637 617806 196957 269903 359192 701106 633540 667083 837955 910313 706934 392516 145846 81257 75646.8 78721.9 108141 131774 131853 196815 216311 349213 289057
pelacesobs
 0 0 0 0 0 0 0 0 0 2.06254e+06 1.5e+06 0 1.87456e+06 323000 250000 174000 83755 137374 0 501740 490994 745055 786931 1.00524e+06
pelacespred
 5.43674e+06 2.09266e+06 883610 731509 935208 779266 2.11305e+06 1.97465e+06 1.86581e+06 2.56356e+06 2.31094e+06 1.91034e+06 1.00384e+06 288848 161309 166603 179159 269760 340887 313703 592057 645695 749302 678960
mphobs
 0 0 0 0 0 112323 0 153150 637223 0 255016 313432 73983 77613 109348 50772 0 0 0 0 0 0 0 0
mphpred
 477519 193805 160374 70789.2 57505.6 143530 162340 287026 256968 279894 379989 280665 175765 95744.5 45827.5 32078.3 28571.3 35426.9 46398.9 43332.4 55945.4 76317.3 91573 103986
desembarqueobs
 350755 77701 442110 56441 14545 235359 269955 359681 431902 328805 639364 411747 362871 311530 167758 66681 60226 58785 57116 71774 51957 67425 138520 160799
desembarquepred
 350734 77666.3 441564 56420.5 14543.7 235227 269916 359159 431471 328546 638310 411113 362201 310970 167256 66614.2 60202 58709.1 57038.9 71698.8 51944.1 67362.4 138418 160702
Reclutas
 15767.6 42573.8 3891.76 7675.82 38610.2 15134.6 63541.3 58437.1 66069 112233 71746.3 48707.1 52525.9 29566.2 12452 9320.65 7439.84 9042.68 7552.27 9341.25 15725.2 19145.5 26266.3 13799.1
log_desv_Rt
 -0.314285 0.678994 -1.71338 -1.03417 0.581272 -0.35526 1.07945 0.995705 1.11845 1.64833 1.20089 0.81358 0.889062 0.314387 -0.550366 -0.840013 -1.0654 -0.870289 -1.0504 -0.837805 -0.316982 -0.120176 0.196041 -0.447644
SSB
 700572 284334 235287 103855 84366.9 210575 238171 421099 377001 410634 557486 411766 257866 140468 67234 47062.3 41917.2 51975.1 68072.2 63573.4 82078 111966 134348 152559
BT
 1.26239e+06 420711 377321 170934 274518 325502 1.0547e+06 967289 1.01463e+06 1.14155e+06 1.20319e+06 853123 681969 393650 199298 105275 106115 131580 122275 137713 212614 189587 252257 262156
Ftot
 0.495099 0.760356 1.7731 0.883918 0.223778 1.67063 1.48195 1.76744 2.02347 1.37502 1.96758 1.65432 2.69178 4.95303 4.95303 2.45367 2.28325 1.7171 1.233 1.61106 0.872531 0.932341 1.1562 1.50352
BD_Bspro_t
 0.942228 0.666339 0.524968 0.200371 0.264071 0.518411 0.401672 0.493419 0.418535 0.397754 0.435629 0.302365 0.213598 0.14159 0.0824652 0.0719441 0.0892803 0.149641 0.230054 0.262145 0.345675 0.482079 0.483898 0.43471
BD_Bspro
 1.57719 0.640116 0.529698 0.233808 0.189934 0.474064 0.536191 0.948014 0.848737 0.924455 1.25506 0.927003 0.58053 0.316233 0.151363 0.105951 0.0943677 0.117011 0.15325 0.143122 0.184781 0.252067 0.302455 0.343455
BD_Bo
 0.936202 0.379966 0.314423 0.138786 0.112743 0.2814 0.318277 0.562731 0.503801 0.548747 0.744991 0.550259 0.344596 0.187712 0.0898474 0.0628913 0.0560157 0.0694564 0.0909676 0.0849556 0.109684 0.149624 0.179534 0.203871
BD_Brms
 2.53348 1.02824 0.850867 0.375573 0.305096 0.761502 0.861298 1.52282 1.36335 1.48498 2.01604 1.48907 0.932521 0.507973 0.243138 0.170192 0.151585 0.187958 0.24617 0.229901 0.296819 0.404902 0.485841 0.5517
S_f
 0.0805149 0.693694 0.983214 0.99934 0.999974
 0.0805149 0.693694 0.983214 0.99934 0.999974
 0.0805149 0.693694 0.983214 0.99934 0.999974
 0.0805149 0.693694 0.983214 0.99934 0.999974
 0.0805149 0.693694 0.983214 0.99934 0.999974
 0.0805149 0.693694 0.983214 0.99934 0.999974
 0.0805149 0.693694 0.983214 0.99934 0.999974
 0.0805149 0.693694 0.983214 0.99934 0.999974
 0.0805149 0.693694 0.983214 0.99934 0.999974
 0.0805149 0.693694 0.983214 0.99934 0.999974
 0.0805149 0.693694 0.983214 0.99934 0.999974
 0.0805149 0.693694 0.983214 0.99934 0.999974
 0.0805149 0.693694 0.983214 0.99934 0.999974
 0.0805149 0.693694 0.983214 0.99934 0.999974
 0.0805149 0.693694 0.983214 0.99934 0.999974
 0.0805149 0.693694 0.983214 0.99934 0.999974
 0.0805149 0.693694 0.983214 0.99934 0.999974
 0.0805149 0.693694 0.983214 0.99934 0.999974
 0.0805149 0.693694 0.983214 0.99934 0.999974
 0.0805149 0.693694 0.983214 0.99934 0.999974
 0.0805149 0.693694 0.983214 0.99934 0.999974
 0.0805149 0.693694 0.983214 0.99934 0.999974
 0.0805149 0.693694 0.983214 0.99934 0.999974
 0.0805149 0.693694 0.983214 0.99934 0.999974
Scru_reclas
 0.159353 0.488226 0.827618 0.960258 0.991843
 0.159353 0.488226 0.827618 0.960258 0.991843
 0.159353 0.488226 0.827618 0.960258 0.991843
 0.159353 0.488226 0.827618 0.960258 0.991843
 0.159353 0.488226 0.827618 0.960258 0.991843
 0.159353 0.488226 0.827618 0.960258 0.991843
 0.159353 0.488226 0.827618 0.960258 0.991843
 0.159353 0.488226 0.827618 0.960258 0.991843
 0.159353 0.488226 0.827618 0.960258 0.991843
 0.159353 0.488226 0.827618 0.960258 0.991843
 0.159353 0.488226 0.827618 0.960258 0.991843
 0.159353 0.488226 0.827618 0.960258 0.991843
 0.159353 0.488226 0.827618 0.960258 0.991843
 0.159353 0.488226 0.827618 0.960258 0.991843
 0.159353 0.488226 0.827618 0.960258 0.991843
 0.159353 0.488226 0.827618 0.960258 0.991843
 0.159353 0.488226 0.827618 0.960258 0.991843
 0.159353 0.488226 0.827618 0.960258 0.991843
 0.159353 0.488226 0.827618 0.960258 0.991843
 0.159353 0.488226 0.827618 0.960258 0.991843
 0.159353 0.488226 0.827618 0.960258 0.991843
 0.159353 0.488226 0.827618 0.960258 0.991843
 0.159353 0.488226 0.827618 0.960258 0.991843
 0.159353 0.488226 0.827618 0.960258 0.991843
Scru_pelaces
 0.143655 0.457772 0.809479 0.955322 0.990793
 0.143655 0.457772 0.809479 0.955322 0.990793
 0.143655 0.457772 0.809479 0.955322 0.990793
 0.143655 0.457772 0.809479 0.955322 0.990793
 0.143655 0.457772 0.809479 0.955322 0.990793
 0.143655 0.457772 0.809479 0.955322 0.990793
 0.143655 0.457772 0.809479 0.955322 0.990793
 0.143655 0.457772 0.809479 0.955322 0.990793
 0.143655 0.457772 0.809479 0.955322 0.990793
 0.143655 0.457772 0.809479 0.955322 0.990793
 0.143655 0.457772 0.809479 0.955322 0.990793
 0.143655 0.457772 0.809479 0.955322 0.990793
 0.143655 0.457772 0.809479 0.955322 0.990793
 0.143655 0.457772 0.809479 0.955322 0.990793
 0.143655 0.457772 0.809479 0.955322 0.990793
 0.143655 0.457772 0.809479 0.955322 0.990793
 0.143655 0.457772 0.809479 0.955322 0.990793
 0.143655 0.457772 0.809479 0.955322 0.990793
 0.143655 0.457772 0.809479 0.955322 0.990793
 0.143655 0.457772 0.809479 0.955322 0.990793
 0.143655 0.457772 0.809479 0.955322 0.990793
 0.143655 0.457772 0.809479 0.955322 0.990793
 0.143655 0.457772 0.809479 0.955322 0.990793
 0.143655 0.457772 0.809479 0.955322 0.990793
pf_obs 
 0.256992 0.487395 0.22802 0.0275931 0
 0.321318 0.546541 0.124235 0.00734118 0.000564706
 0.182869 0.594174 0.210203 0.0122559 0.00049798
 0.330522 0.361315 0.267642 0.0388342 0.00168674
 0.649043 0.306663 0.0425973 0.00169635 0
 0.582887 0.30429 0.105238 0.00758474 0
 0.465427 0.430635 0.0974691 0.00646863 0
 0.296916 0.608066 0.0921331 0.00288517 0
 0.311714 0.524322 0.152257 0.0117073 0
 0.15457 0.633149 0.183074 0.0267441 0.00246327
 0.131901 0.49318 0.331252 0.0422183 0.00144891
 0.196976 0.569456 0.194076 0.0375587 0.00193317
 0.518974 0.381816 0.0799577 0.0180837 0.00116848
 0.0928022 0.601141 0.25162 0.0475244 0.00691264
 0.122501 0.610282 0.24278 0.0234846 0.000952079
 0.383417 0.481906 0.127806 0.00687128 0
 0.0376549 0.599619 0.316969 0.0457579 0
 0.0361596 0.667082 0.258105 0.0386534 0
 0.158088 0.579412 0.248529 0.0139706 0
 0.0477256 0.309471 0.559284 0.082774 0.000745712
 0.0406174 0.521527 0.379366 0.0568643 0.0016247
 0.151134 0.462217 0.34131 0.0453401 0
 0.294876 0.26143 0.354403 0.0886775 0.000613685
 0.281977 0.475581 0.204845 0.0348837 0.00271318
pf_pred 
 0.0634344 0.625081 0.274922 0.0365565 5.85512e-06
 0.231035 0.28942 0.361649 0.104307 0.0135893
 0.0265944 0.767441 0.101756 0.0790431 0.0251653
 0.159496 0.239564 0.530224 0.0355704 0.0351458
 0.481554 0.359348 0.0628938 0.0851318 0.0110725
 0.110139 0.790643 0.0763212 0.00915082 0.0137459
 0.504653 0.313419 0.170943 0.00851782 0.00246727
 0.257286 0.697141 0.0347559 0.0101833 0.000633637
 0.290033 0.593093 0.113173 0.0028458 0.000854654
 0.363132 0.55459 0.0752152 0.00684781 0.000215298
 0.189041 0.713562 0.0900773 0.00670915 0.000610977
 0.179185 0.64764 0.162498 0.00990252 0.000774517
 0.288535 0.550387 0.141575 0.0183394 0.00116437
 0.27619 0.662746 0.0546306 0.0056865 0.000746405
 0.265087 0.708657 0.0257296 0.000475565 5.15654e-05
 0.303287 0.667355 0.0291158 0.000237776 4.4865e-06
 0.255753 0.666386 0.076416 0.00143407 1.14094e-05
 0.307567 0.597407 0.0902957 0.00464531 8.42232e-05
 0.207846 0.683053 0.100906 0.00780036 0.000394576
 0.262816 0.558227 0.164141 0.0137326 0.00108344
 0.317343 0.567325 0.0987738 0.015229 0.00132933
 0.240945 0.623165 0.120934 0.0128533 0.00210207
 0.261199 0.566421 0.152404 0.017827 0.00214906
 0.135732 0.698891 0.140795 0.0218034 0.00277862
pobs_RECLAS
 0 0 0 0 0
 0 0 0 0 0
 0 0 0 0 0
 0 0 0 0 0
 0.835266 0.146461 0.0176864 0.000547809 3.91292e-05
 0.385257 0.428462 0.181853 0.0044286 0
 0.867414 0.0963971 0.0333333 0.00285562 0
 0.441836 0.489002 0.0689373 0.000224442 0
 0.779404 0.147425 0.0564933 0.0165055 0.000172143
 0.814271 0.122319 0.05973 0.00367925 0
 0.40263 0.566651 0.0304383 0.000280538 0
 0.475488 0.404961 0.113038 0.00651328 0
 0.955842 0.0263864 0.0167828 0.000988607 0
 0.975058 0.0227948 0.00214734 0 0
 0.738997 0.206755 0.0527124 0.00153531 0
 0.850938 0.134255 0.0134407 0.00136685 0
 0.542534 0.407297 0.0501686 0 0
 0.764087 0.199537 0.0359546 0.000420521 0
 0.470689 0.182191 0.310203 0.0369168 0
 0.84361 0.089868 0.0606195 0.00523954 0.000663233
 0.607945 0.314616 0.071237 0.00620181 0
 0.523733 0.453247 0.0230204 0 0
 0.530135 0.295979 0.169645 0.0042399 0
 0.562478 0.366248 0.0663022 0.0049721 0
ppred_RECLAS
 0.154411 0.529167 0.274743 0.0416714 6.88932e-06
 0.437037 0.187431 0.273515 0.089924 0.0120925
 0.0771565 0.701367 0.101978 0.0899457 0.0295533
 0.33081 0.168717 0.433533 0.0331408 0.0337984
 0.707307 0.186029 0.0387568 0.0598694 0.00803775
 0.276823 0.632291 0.0674547 0.00918776 0.0142435
 0.75017 0.150865 0.0921809 0.00522235 0.00156122
 0.521576 0.445435 0.0243627 0.00810531 0.000520488
 0.567809 0.356384 0.0730778 0.00208389 0.000645844
 0.631399 0.315206 0.0482378 0.00499547 0.0001621
 0.42753 0.498283 0.0679098 0.00573772 0.000539223
 0.400715 0.461554 0.128143 0.00887172 0.000716128
 0.587002 0.317581 0.082545 0.0120804 0.00079139
 0.661729 0.315421 0.0201955 0.00233813 0.00031647
 0.646685 0.343409 0.0096847 0.000199097 2.22612e-05
 0.598022 0.38447 0.0173451 0.000160257 3.12021e-06
 0.534072 0.414881 0.0499767 0.00106213 8.71992e-06
 0.580129 0.356922 0.0594127 0.00347148 6.49569e-05
 0.437283 0.475356 0.0799589 0.00703481 0.000367279
 0.519664 0.3532 0.115283 0.0109599 0.000892393
 0.570157 0.346374 0.0700528 0.0123078 0.0011089
 0.476235 0.416823 0.0936828 0.0113441 0.00191491
 0.505785 0.365038 0.112354 0.0149617 0.0018616
 0.321151 0.534427 0.120431 0.0212023 0.00278868
pobs_PELACES
 0 0 0 0 0
 0 0 0 0 0
 0 0 0 0 0
 0 0 0 0 0
 0 0 0 0 0
 0 0 0 0 0
 0 0 0 0 0
 0 0 0 0 0
 0 0 0 0 0
 0 0 0 0 0
 0.450072 0.473896 0.0757376 0.000293798 0
 0 0 0 0 0
 0.463077 0.371075 0.160297 0.00555027 0
 0.529543 0.364841 0.0842815 0.0213345 0
 0.631943 0.363953 0.00410389 0 0
 0.735681 0.248677 0.0153453 0.000297389 0
 0.695825 0.281241 0.0229344 0 0
 0.275771 0.60734 0.115278 0.00161068 0
 0 0 0 0 0
 0.896147 0.0623911 0.0374545 0.00400742 0
 0.803859 0.145111 0.0509908 3.86294e-05 0
 0.739449 0.233085 0.0266225 0.000797448 4.60066e-05
 0.878498 0.100942 0.0204185 0.000141795 0
 0.694673 0.275183 0.0284847 0.00165964 0
ppred_PELACES
 0.162689 0.524604 0.271001 0.0416989 6.92141e-06
 0.469815 0.17968 0.254353 0.084715 0.0114369
 0.10583 0.698924 0.0894881 0.0795297 0.0262284
 0.369353 0.163838 0.403596 0.0312343 0.0319788
 0.706161 0.18462 0.0392743 0.0616361 0.00830849
 0.343482 0.581934 0.0552073 0.00758088 0.0117965
 0.801868 0.124271 0.0687508 0.00393065 0.00117952
 0.601761 0.373799 0.0180132 0.00603859 0.000389219
 0.661038 0.286543 0.0505179 0.00144958 0.000450911
 0.687715 0.270353 0.0378458 0.00395746 0.000128907
 0.521128 0.424243 0.0499778 0.00425033 0.000400913
 0.479584 0.411094 0.101652 0.00709567 0.000574915
 0.711483 0.232219 0.0486845 0.00714408 0.000469666
 0.83996 0.152852 0.00636012 0.000729487 9.90396e-05
 0.828823 0.168028 0.00307955 6.27199e-05 7.03423e-06
 0.703092 0.286154 0.0106525 9.88117e-05 1.93076e-06
 0.640384 0.325974 0.0329333 0.000703321 5.79509e-06
 0.656726 0.296896 0.0437532 0.0025767 4.83944e-05
 0.492308 0.433717 0.0676458 0.006014 0.00031519
 0.597139 0.304694 0.0889425 0.00852729 0.000696936
 0.605208 0.320514 0.0622115 0.0110661 0.00100093
 0.51582 0.388834 0.0833938 0.0102206 0.001732
 0.558435 0.331748 0.0953743 0.0128392 0.00160367
 0.386243 0.493151 0.100413 0.0178381 0.00235507
pobs_pel_tallas
 0 0 0 0 0 0 0 0 0 0 0 0 0 0 0 0 0 0 0 0 0 0 0 0 0 0 0 0 0 0 0 0 0 0 0 0
 0 0 0 0 0 0 0 0 0 0 0 0 0 0 0 0 0 0 0 0 0 0 0 0 0 0 0 0 0 0 0 0 0 0 0 0
 0 0 0 0 0 0 0 0 0 0 0 0 0 0 0 0 0 0 0 0 0 0 0 0 0 0 0 0 0 0 0 0 0 0 0 0
 0 0 0 0 0 0 0 0 0 0 0 0 0 0 0 0 0 0 0 0 0 0 0 0 0 0 0 0 0 0 0 0 0 0 0 0
 0 0 0 0 0 0 0 0 0 0 0 0 0 0 0 0 0 0 0 0 0 0 0 0 0 0 0 0 0 0 0 0 0 0 0 0
 0 0 0 0 0 0 0 0 0 0 0 0 0 0 0 0 0 0 0 0 0 0 0 0 0 0 0 0 0 0 0 0 0 0 0 0
 0 0 0 0 0 0 0 0 0 0 0 0 0 0 0 0 0 0 0 0 0 0 0 0 0 0 0 0 0 0 0 0 0 0 0 0
 0 0 0 0 0 0 0 0 0 0 0 0 0 0 0 0 0 0 0 0 0 0 0 0 0 0 0 0 0 0 0 0 0 0 0 0
 0 0 0 0 0 0 0 0 0 0 0 0 0 0 0 0 0 0 0 0 0 0 0 0 0 0 0 0 0 0 0 0 0 0 0 0
 0 0 0 0 0 0 0 0 0 0 0 0 0 0 0 0 0 0 0 0 0 0 0 0 0 0 0 0 0 0 0 0 0 0 0 0
 0 0 0 0 0 0 0 0 1.78061e-05 0.00172719 0.00360574 0.0105946 0.0120993 0.0124554 0.0147524 0.0171206 0.0266825 0.0428682 0.0675386 0.121331 0.153587 0.119568 0.100827 0.0573624 0.0630603 0.0341343 0.0324427 0.0444173 0.0211091 0.0280891 0.0125444 0.00206551 0 0 0 0
 0 0 0 0 0 0 0 0 0 0 0 0 0 0 0 0 0 0 0 0 0 0 0 0 0 0 0 0 0 0 0 0 0 0 0 0
 0 0 0 0 0 0 0.0133647 0.0140871 0.0187388 0.0205184 0.03894 0.0496705 0.03968 0.0493445 0.0407372 0.0367815 0.0215668 0.0243155 0.0234873 0.0199281 0.019796 0.0243948 0.0301388 0.0376714 0.0412746 0.0863199 0.0771752 0.113111 0.0741005 0.0525337 0.0229764 0.00759418 0.00175318 0 0 0
 0 0 0 0 0 0 0 0 0 0 0.00219441 0.00772107 0.0458388 0.0604681 0.0671733 0.0775358 0.0609151 0.0617685 0.073594 0.0568108 0.0755445 0.0548602 0.0670107 0.0636378 0.0643287 0.046367 0.0373049 0.0286899 0.0247887 0.0153202 0.00654259 0.00121912 0.000365735 0 0 0
 0 0 0 0 0 0 0 0 0 0 0 0 0.000112435 0.00938835 0.0111873 0.0202946 0.0414886 0.0713402 0.111592 0.104902 0.108894 0.110636 0.117776 0.105296 0.107544 0.0401394 0.0192827 0.0124803 0.00416011 0.0028671 0.000618394 0 0 0 0 0
 0 0 0 0 0 0 0 0 0 0 0.00291406 0.0102884 0.027416 0.0768956 0.0749926 0.110853 0.0956884 0.0897413 0.0766577 0.0534642 0.0500743 0.0551293 0.0594112 0.0620874 0.0668451 0.0424026 0.0208742 0.0120726 0.0048766 0.00582813 0.00118941 0.000297354 0 0 0 0
 0 0.00264628 0.0354308 0.0461629 0.0458689 0.0383711 0.0214643 0.0164657 0.0346957 0.0420465 0.0363128 0.0245516 0.0311673 0.0291091 0.0169068 0.0133784 0.00837989 0.0085269 0.0148486 0.0160247 0.0276389 0.0546898 0.0760071 0.122758 0.109233 0.0665981 0.0333725 0.0166128 0.00676272 0.00308733 0.000882094 0 0 0 0 0
 0 0 0 0 0 0 0 0.000805153 0.000690131 0.00759144 0.0133425 0.0154129 0.00931677 0.000345066 0.00356568 0.00563607 0.00851162 0.0253048 0.0502646 0.0516448 0.0657925 0.0565908 0.0611916 0.0827007 0.0866115 0.110766 0.145733 0.0935128 0.0569358 0.0249597 0.0138026 0.00621118 0.00161031 0.00115022 0 0
 0 0 0 0 0 0 0 0 0 0 0 0 0 0 0 0 0 0 0 0 0 0 0 0 0 0 0 0 0 0 0 0 0 0 0 0
 0.00147267 0.00158595 0.00478618 0.00569244 0.00954404 0.0108468 0.00647125 0.017049 0.0510054 0.094081 0.124002 0.0959785 0.0687766 0.0820023 0.061753 0.0591476 0.0492212 0.0479892 0.0443925 0.0268479 0.0217502 0.0140895 0.0121071 0.0120363 0.00920419 0.00665534 0.0049561 0.00860946 0.00930331 0.0156896 0.0114698 0.00855282 0.00243557 0.00046729 0 2.83206e-05
 0 0 0 0 0.000772559 0.00158375 0.000888443 0.00281984 0.00712685 0.0440552 0.0773331 0.111326 0.0921469 0.0852325 0.0710754 0.0886704 0.0786465 0.0553345 0.0373146 0.0185414 0.00753245 0.00457741 0.012979 0.0271748 0.0457355 0.0583668 0.034881 0.0177882 0.00938659 0.00492506 0.0015258 0.00185414 0.000309023 5.79419e-05 3.86279e-05 0
 0 0.00173294 0.00326652 0 0.00397197 0.00683976 0.00946217 0.0152591 0.00757587 0.0136028 0.0228656 0.0392903 0.0559909 0.0764795 0.0681675 0.0726916 0.0566044 0.0477403 0.0527397 0.0444891 0.0609904 0.0582453 0.0661739 0.0445044 0.0529084 0.0360697 0.0280645 0.0235558 0.0158879 0.00826598 0.00280645 0.00217768 0.000904811 0.00058276 9.20147e-05 0
 0 0 0 0 0 0 0 0 0 0 0 0 0 0 0 0 0 0 0 0 0 0 0 0 0 0 0 0 0 0 0 0 0 0 0 0
 0 0 0 0 0 0 0 0 0 0 0 0 0 0 0 0 0 0 0 0 0 0 0 0 0 0 0 0 0 0 0 0 0 0 0 0
ppred_pel_tallas
 1.05451e-16 7.12855e-06 4.17624e-05 0.000198361 0.000763433 0.00238045 0.00601337 0.0123082 0.0204177 0.0274672 0.0300131 0.0267674 0.0198022 0.0128527 0.00866535 0.00796677 0.0102268 0.0147221 0.0209497 0.0285139 0.0369151 0.0454618 0.053323 0.0596713 0.0638527 0.0655223 0.0647004 0.0617304 0.0571637 0.0516131 0.0456262 0.0396132 0.0338345 0.0284309 0.0234711 0.0189927
 1.07115e-16 2.05066e-05 0.000120335 0.000571976 0.00220207 0.00686686 0.0173452 0.0354914 0.058834 0.0790218 0.0860161 0.0759313 0.0544834 0.0320603 0.0160592 0.00794394 0.00554696 0.00630556 0.00866553 0.0119501 0.0158584 0.0201536 0.0245637 0.0287883 0.0325421 0.035595 0.0377966 0.0390757 0.0394244 0.038876 0.0374885 0.0353413 0.0325398 0.0292216 0.0255576 0.0217409
 1.05457e-16 4.6557e-06 2.723e-05 0.00012924 0.000497244 0.00155032 0.00391673 0.00801955 0.0133138 0.0179421 0.019688 0.0177551 0.0135581 0.00962483 0.00787166 0.00892155 0.0125729 0.0184473 0.0262043 0.035419 0.0454244 0.0552788 0.0638793 0.0701724 0.0733921 0.0732377 0.0699372 0.0641654 0.0568571 0.0489775 0.0413248 0.03442 0.0284928 0.023543 0.0194367 0.0159971
 1.0835e-16 1.61257e-05 9.46163e-05 0.000449706 0.0017313 0.00539879 0.013637 0.027904 0.0462578 0.0621344 0.067645 0.0597404 0.0429239 0.0253769 0.0129367 0.00678422 0.00525265 0.00636997 0.00895737 0.0125193 0.0168408 0.021734 0.0269526 0.0321952 0.0371384 0.0414753 0.0449446 0.0473457 0.0485443 0.0484734 0.0471366 0.0446132 0.0410628 0.0367185 0.0318687 0.0268256
 1.03124e-16 3.08121e-05 0.000180838 0.000859616 0.00330956 0.0103205 0.0260689 0.0533405 0.0884186 0.118746 0.129225 0.113999 0.0816344 0.047703 0.0232649 0.0104437 0.00588989 0.00565447 0.00731392 0.00979179 0.0126236 0.0155014 0.018129 0.0202285 0.021591 0.02212 0.0218477 0.0209148 0.0195244 0.0178869 0.0161737 0.0144941 0.0128956 0.0113821 0.00993887 0.00855278
 1.01785e-16 1.50137e-05 8.80515e-05 0.000418415 0.00161068 0.00502256 0.0126872 0.0259636 0.0430526 0.057864 0.0630876 0.0559332 0.0406613 0.024986 0.0144715 0.0103669 0.0112523 0.0153486 0.0214749 0.0288925 0.0369134 0.044709 0.0513424 0.0559308 0.0578436 0.0568535 0.0531901 0.0474698 0.0405363 0.0332611 0.0263709 0.0203466 0.0154044 0.0115438 0.00862715 0.00646015
 1.01207e-16 3.4983e-05 0.000205331 0.000976067 0.00375794 0.0117188 0.0296007 0.0605666 0.100394 0.134821 0.146698 0.129365 0.0925306 0.0538544 0.0258622 0.0109266 0.00520558 0.00418701 0.00511417 0.00679488 0.00877219 0.0108021 0.0126724 0.0141837 0.0151794 0.0155759 0.0153764 0.0146611 0.0135604 0.01222 0.0107717 0.00931556 0.00791653 0.00661119 0.00541843 0.0043486
 1.00604e-16 2.62674e-05 0.00015414 0.000732649 0.00282064 0.0087958 0.0222178 0.0454623 0.0753658 0.101235 0.110219 0.0973511 0.0699715 0.041409 0.0211657 0.0111405 0.00856255 0.0101179 0.0137262 0.0183591 0.0234006 0.0282744 0.0323696 0.0351197 0.0361256 0.0352523 0.032662 0.0287689 0.0241331 0.019331 0.0148411 0.0109776 0.00787789 0.00553293 0.00384077 0.00266014
 1.00882e-16 2.88487e-05 0.000169302 0.000804751 0.00309828 0.00966163 0.0244047 0.0499363 0.0827789 0.111182 0.12102 0.106823 0.0766323 0.0450549 0.0224852 0.0109584 0.00738276 0.00808851 0.0107984 0.0144451 0.0184753 0.0224316 0.0258423 0.0282666 0.0293846 0.029071 0.0274223 0.0247248 0.0213788 0.017803 0.0143522 0.0112676 0.00866809 0.00657064 0.00492721 0.00366089
 1.00768e-16 3.00113e-05 0.000176129 0.000837209 0.00322325 0.0100514 0.0253891 0.0519503 0.0861167 0.115662 0.12589 0.111106 0.079668 0.0467669 0.0232043 0.0110841 0.00717623 0.00765269 0.0101418 0.0135423 0.0173022 0.0209821 0.0241359 0.0263493 0.0273241 0.0269475 0.0253175 0.0227117 0.0195145 0.0161258 0.0128824 0.0100109 0.00761926 0.00571691 0.00425086 0.00314091
 1.01013e-16 2.27536e-05 0.000133506 0.000634542 0.00244288 0.00761777 0.0192422 0.0393746 0.0652768 0.0876924 0.095499 0.0844088 0.0607975 0.0362378 0.0189986 0.0107711 0.00920278 0.011458 0.0157412 0.0211249 0.0269877 0.0326967 0.037562 0.0409362 0.0423554 0.0416485 0.0389776 0.0347876 0.029691 0.0243235 0.0192185 0.0147334 0.0110349 0.00813214 0.00593362 0.00430419
 1.01848e-16 2.09416e-05 0.000122869 0.000583975 0.00224819 0.00701064 0.0177086 0.0362367 0.0600755 0.0807074 0.0878988 0.0777069 0.0560044 0.0334501 0.0176651 0.0102208 0.00896923 0.0113174 0.0156255 0.021045 0.0269978 0.0328823 0.0380326 0.0418136 0.0437554 0.0436595 0.0416394 0.0380771 0.033518 0.0285389 0.0236329 0.0191422 0.0152446 0.0119825 0.00931255 0.00715274
 1.01035e-16 3.10462e-05 0.000182208 0.000866117 0.00333457 0.0103985 0.0262659 0.0537441 0.0890889 0.11965 0.130219 0.114901 0.0823329 0.0482177 0.0237139 0.0109785 0.00665174 0.00676222 0.00885975 0.0118293 0.0151477 0.0184284 0.021287 0.0233654 0.0244012 0.024287 0.0230927 0.0210399 0.0184419 0.015628 0.0128775 0.010382 0.00823744 0.00646184 0.00502384 0.0038709
 1.0017e-16 3.6645e-05 0.000215086 0.00102244 0.00393648 0.0122756 0.0310071 0.0634442 0.105164 0.141229 0.153673 0.135524 0.0969533 0.0564625 0.0271764 0.0115831 0.00565766 0.00466698 0.00570761 0.00750371 0.00953935 0.0115162 0.0131727 0.0142754 0.0146614 0.0142763 0.0131881 0.0115678 0.0096469 0.007663 0.00581369 0.00422869 0.00296458 0.00201731 0.00134403 0.000885227
 1.00102e-16 3.616e-05 0.000212237 0.00100889 0.00388431 0.0121129 0.0305962 0.0626036 0.103772 0.13936 0.151644 0.133743 0.0957 0.0557741 0.0269225 0.0116074 0.0058639 0.00502582 0.00622705 0.00820004 0.0104185 0.0125635 0.0143491 0.0155196 0.0158972 0.0154247 0.0141803 0.012356 0.01021 0.00800709 0.00596663 0.00423194 0.00286429 0.00185687 0.00115917 0.000701899
 1.00249e-16 3.06824e-05 0.000180068 0.000855931 0.00329533 0.0102762 0.0259569 0.0531122 0.0880429 0.11825 0.128707 0.113596 0.0814609 0.0478336 0.0237592 0.0113896 0.00742221 0.00794038 0.0105123 0.0140001 0.017823 0.0215129 0.0245965 0.0266394 0.0273372 0.0265892 0.0245241 0.0214641 0.0178445 0.0141123 0.010639 0.00766856 0.005307 0.00354627 0.00230485 0.00146958
 1.00599e-16 2.79497e-05 0.00016402 0.000779632 0.00300155 0.00935999 0.0236428 0.0483777 0.0801966 0.107718 0.11726 0.103531 0.0743269 0.0438134 0.0220763 0.0111062 0.00792614 0.00899112 0.0120906 0.0161646 0.0206276 0.0249666 0.0286461 0.0311686 0.0321796 0.0315516 0.0294142 0.026116 0.0221343 0.0179636 0.0140182 0.0105748 0.00776092 0.00558064 0.0039586 0.00278478
 1.00809e-16 2.86611e-05 0.0001682 0.000799507 0.00307808 0.00959866 0.0242456 0.0496109 0.0822399 0.110459 0.120235 0.106138 0.0761544 0.0448021 0.0224112 0.0110079 0.00752538 0.00831981 0.0111274 0.0148807 0.0190173 0.023065 0.0265354 0.0289732 0.0300503 0.0296417 0.0278542 0.0249914 0.0214751 0.0177444 0.0141698 0.0110014 0.00835896 0.00625482 0.00463221 0.00340417
 1.01323e-16 2.14973e-05 0.000126129 0.000599471 0.00230785 0.00719667 0.0181786 0.0371984 0.06167 0.0828502 0.0902342 0.0797755 0.0575038 0.0343622 0.018176 0.0105593 0.00930675 0.0117526 0.016205 0.0217782 0.0278591 0.033808 0.0389209 0.0425337 0.0441659 0.0436323 0.0410846 0.0369622 0.0318758 0.0264626 0.0212603 0.0166323 0.0127539 0.00964503 0.00722623 0.00537495
 1.01688e-16 2.60633e-05 0.000152947 0.000726992 0.00279888 0.00872797 0.0220463 0.0451111 0.0747818 0.100445 0.109345 0.0965478 0.0693243 0.0408866 0.0206442 0.0104603 0.00756806 0.00867431 0.0117322 0.0157687 0.0202521 0.0247142 0.0286578 0.0316099 0.0332168 0.0333225 0.0319991 0.0295156 0.0262621 0.0226538 0.019048 0.0156954 0.0127307 0.0101937 0.00806396 0.00629464
 1.01415e-16 2.64157e-05 0.000155015 0.000736819 0.00283671 0.00884594 0.0223443 0.0457209 0.075793 0.101804 0.110827 0.0978605 0.0702771 0.0414688 0.0209748 0.0106857 0.00779856 0.00897391 0.0121312 0.0162728 0.0208429 0.0253469 0.0292619 0.0320954 0.0334873 0.0332923 0.0316101 0.0287503 0.0251486 0.0212615 0.0174755 0.0140539 0.0111269 0.00871586 0.00677348 0.00522343
 1.01743e-16 2.25208e-05 0.000132142 0.000628064 0.00241795 0.00754005 0.0190459 0.0389725 0.0646095 0.0867935 0.0945139 0.0835233 0.0601275 0.0357745 0.0186397 0.0103879 0.00868285 0.0107164 0.0147207 0.019801 0.0253812 0.0308848 0.0356813 0.0391723 0.0409184 0.0407386 0.038749 0.0353196 0.0309743 0.0262634 0.0216549 0.0174696 0.0138693 0.0108849 0.00846526 0.00652333
 1.01979e-16 2.43767e-05 0.000143043 0.000679901 0.00261756 0.00816252 0.0206181 0.042189 0.0699392 0.0939453 0.102281 0.0903375 0.0649248 0.0384119 0.0196171 0.0103044 0.00790837 0.00936513 0.0127634 0.0171764 0.0220663 0.0269337 0.0312399 0.0344708 0.036242 0.0363839 0.0349745 0.0323056 0.0288001 0.0249077 0.0210145 0.0173904 0.0141798 0.0114239 0.00910011 0.00715783
 1.0231e-16 1.68748e-05 9.89856e-05 0.000470415 0.00181093 0.00564703 0.0142644 0.0291901 0.0483981 0.0650345 0.0708684 0.062744 0.0454225 0.0275347 0.0152805 0.00999843 0.0100301 0.0133374 0.0186036 0.0250794 0.0321529 0.0391212 0.0451905 0.0496041 0.0518065 0.051571 0.0490468 0.0447054 0.0392119 0.0332642 0.0274538 0.0221846 0.0176576 0.0139082 0.0108676 0.00842318
pSPR Fmed_Fpbrs
0.342562   0.419532 0.419532
Fs Fmed_Fpbrs
1.46361   1.005 1.005
SSBpbr Bo_Bmed_Bpbrs
748313  218928  276526 276526
Ro
21590.3
SPR SPRFo_SPRFmed_SPRFpbrs
444190 152163 186352
log_Ro
9.8
likeval ReclasPelacesDesembMPH_pf_preclas_ppelaces_ptallas_desvR_qrecl_qpela
 71.8384 12.7583 0.171334 0.000160533 308.074 167.894 84.7594 0 26.6763 8.74012e-05 0.000505018 0 0 0 0
q_reclas_q_pelaces
3.76133 24.4634
M
0.7
N
 15767.6 20527.8 6754.53 886.506 0.141916
 42573.8 7523.99 7230.69 2061.48 268.453
 3891.76 19886.1 2204.81 1700.19 541.144
 7675.82 1675.48 2886.45 191.532 189.165
 38610.2 3549.85 450.648 601.064 78.1314
 15134.6 18830.9 1509.34 179.588 269.687
 63541.3 6569.74 2934.66 145.016 41.9916
 58437.1 28004.7 1167.02 339.434 21.1147
 66069 25169.8 4080.86 101.945 30.6087
 112233 27876.4 3070.9 277.149 8.71072
 71746.3 49892.3 5333.1 394.565 35.9222
 48707.1 30408.3 6327.9 382.656 29.9201
 52525.9 21170.9 4792.86 617.807 39.2173
 29566.2 21001.2 1624.76 168.729 22.1452
 12452 9853.61 335.776 6.19179 0.671315
 9320.65 4149.91 157.544 1.27961 0.0241394
 7439.84 3798.76 375.683 7.00919 0.0557524
 9042.68 3074.1 387.05 19.7633 0.35822
 7552.27 3910.65 463.879 35.5263 1.79642
 9341.25 3395.92 825.617 68.5332 5.40528
 15725.2 4074.41 551.557 84.109 7.33869
 19145.5 7279.13 1104.57 116.147 18.9873
 26266.3 8819.82 1893.17 219.318 26.429
 13799.1 11884 1963.94 301.634 38.428
pred_Ctot
 444.157 4376.71 1924.96 255.962 0.0409965
 1824.63 2285.73 2856.16 823.776 107.323
 375.431 10833.9 1436.49 1115.85 355.257
 380.772 571.922 1265.83 84.9188 83.9051
 496.33 370.374 64.8236 87.7439 11.4123
 1380.53 9910.26 956.644 114.7 172.297
 5175.26 3214.14 1753.04 87.351 25.3021
 5620.43 15229.1 759.244 222.454 13.8418
 7210.79 14745.5 2813.71 70.752 21.2484
 8513.2 13001.7 1763.33 160.539 5.04741
 7628.84 28796.1 3635.11 270.751 24.6563
 4402.01 15910.5 3992.07 243.274 19.0275
 7452.92 14216.6 3656.91 473.711 30.0761
 7154.43 17167.8 1415.15 147.303 19.3349
 3013.13 8055.01 292.458 5.40555 0.586123
 1215.4 2674.37 116.679 0.952868 0.0179793
 908.061 2366.03 271.318 5.09174 0.0405097
 846.423 1644.06 248.493 12.7838 0.231782
 516.247 1696.56 250.629 19.3745 0.980044
 823.398 1748.92 514.252 43.0242 3.3944
 770.332 1377.15 239.768 36.9675 3.22687
 1000.07 2586.52 501.953 53.3491 8.7249
 1688.16 3660.83 985.001 115.217 13.8896
 1139.4 5866.82 1181.9 183.028 23.325
F
 0.0398628 0.343447 0.486788 0.494772 0.495086
 0.06122 0.527455 0.747593 0.759855 0.760337
 0.142761 1.22999 1.74334 1.77193 1.77306
 0.0711686 0.613169 0.869081 0.883335 0.883896
 0.0180175 0.155234 0.220022 0.223631 0.223773
 0.134511 1.15891 1.64259 1.66953 1.67059
 0.119319 1.02802 1.45707 1.48097 1.48191
 0.142306 1.22607 1.73777 1.76628 1.7674
 0.16292 1.40367 1.98951 2.02214 2.02342
 0.11071 0.953846 1.35194 1.37412 1.37499
 0.15842 1.3649 1.93455 1.96628 1.96753
 0.133197 1.14759 1.62655 1.65323 1.65428
 0.216728 1.86727 2.64659 2.69 2.69171
 0.398793 3.43589 4.86989 4.94976 4.95291
 0.398793 3.43589 4.86989 4.94976 4.95291
 0.197557 1.7021 2.41248 2.45205 2.45361
 0.183836 1.58388 2.24492 2.28174 2.28319
 0.138253 1.19115 1.68828 1.71597 1.71706
 0.0992751 0.855327 1.21231 1.23219 1.23297
 0.129714 1.11758 1.58402 1.61 1.61102
 0.0702518 0.60527 0.857884 0.871955 0.872509
 0.0750674 0.64676 0.916691 0.931726 0.932317
 0.0930913 0.802049 1.13679 1.15544 1.15617
 0.121056 1.04298 1.47828 1.50253 1.50348
nmprior
 10 10 8 0
nm_flota  nm_reclas  nm_pelaces    nm_pelaL
inf 19.3579 8.68638 13.3846
cv_recla  cv_pelaces  cv_mph
0.784702 0.420302 0.411075
 ------------------------------------------------
Talla a la edad & desviación 
 7.2 14.2025 17.0495 18.207 18.6776
 1.08 2.13037 2.55742 2.73105 2.80164
