years
 1997 1998 1999 2000 2001 2002 2003 2004 2005 2006 2007 2008 2009 2010 2011 2012 2013 2014 2015 2016 2017 2018 2019 2020
reclasobs
 0 0 0 370054 412103 1.49427e+06 250295 1.28982e+06 931140 785840 897777 1.04006e+06 184774 17550 25797 100020 73551 82996 120727 218422 84188 347160 605670 569463
reclaspred
 1.13033e+06 285598 879433 529928 622555 792235 1.61986e+06 1.16258e+06 1.34297e+06 1.31176e+06 1.15077e+06 786147 457970 210722 143021 146484 183988 267189 299474 402270 624362 634883 1.13367e+06 1.51182e+06
pelacesobs
 0 0 0 0 0 0 0 0 0 2.06254e+06 1.5e+06 0 1.87456e+06 323000 250000 174000 83755 137374 0 501740 490994 745055 786931 1.00524e+06
pelacespred
 750652 276153 323709 379041 379334 386512 823859 787986 781519 794783 603989 425507 243436 90421.4 61306.2 71590.6 94298.8 138351 164023 212412 359452 380162 514851 809378
mphobs
 0 0 0 0 0 112323 0 153150 637223 0 255016 313432 73983 77613 109348 50772 0 0 0 0 0 0 0 0
mphpred
 772572 488270 510530 569812 497686 685878 996053 1.25115e+06 1.13206e+06 1.20936e+06 1.17253e+06 826922 512194 270034 130856 119505 141385 202751 258135 299739 459929 584549 756186 1.13356e+06
desembarqueobs
 350755 77701 442110 56441 14545 235359 269955 359681 431902 328805 639364 411747 362871 311530 167758 66681 60226 58785 57116 71774 51957 67425 138520 160799
desembarquepred
 350790 77715.6 442324 56448.3 14545.4 235469 270013 359738 431982 328844 639760 412116 363248 312030 167824 66707.7 60257.4 58796.4 57121 71779.6 51959.6 67424.8 138527 160804
Reclutas
 59849.1 58052.2 34683.5 39282.8 66734.5 56634.8 98774 98372.7 127170 125077 72419.5 43776.3 45329.7 28770.5 20724.2 18848.3 16755.5 18512.1 20576.6 36142.6 52494.4 64706 111600 153452
log_desv_Rt
 0.179582 0.149097 -0.365982 -0.241457 0.288478 0.124378 0.68059 0.676518 0.933282 0.916687 0.370231 -0.133152 -0.0982821 -0.552895 -0.880944 -0.97582 -1.09352 -0.993822 -0.88809 -0.324773 0.0484615 0.25761 0.802678 1.12114
SSB
 772572 488270 510530 569812 497686 685878 996053 1.25115e+06 1.13206e+06 1.20936e+06 1.17253e+06 826922 512194 270034 130856 119505 141385 202751 258135 299739 459929 584549 756186 1.13356e+06
BT
 2.53552e+06 660196 1.06031e+06 849401 866338 950387 2.30975e+06 2.14143e+06 2.27845e+06 2.08968e+06 1.85832e+06 1.26628e+06 894532 491877 296178 218316 270874 361549 392064 545504 895295 833413 1.20139e+06 1.92912e+06
Ftot
 0.298967 0.262633 0.476976 0.103777 0.0228677 0.285981 0.161911 0.297927 0.30958 0.242227 0.524804 0.495849 0.735304 1.28905 1.05996 0.434199 0.315073 0.213027 0.184896 0.173201 0.0812043 0.103469 0.118947 0.103652
BD_Bspro_t
 0.959551 0.777362 0.702785 0.551872 0.642113 0.76565 0.719828 0.740498 0.68991 0.658297 0.625551 0.4677 0.358715 0.255325 0.156149 0.168804 0.252695 0.404214 0.523053 0.619417 0.733889 0.820427 0.834075 0.845044
BD_Bspro
 0.750866 0.474552 0.496186 0.553803 0.483703 0.666607 0.968068 1.216 1.10025 1.17538 1.13959 0.803689 0.497804 0.262447 0.12718 0.116147 0.137413 0.197055 0.250882 0.291317 0.447007 0.568125 0.734941 1.10171
BD_Bo
 0.721544 0.45602 0.476809 0.532176 0.464814 0.640575 0.930264 1.16851 1.05729 1.12948 1.09509 0.772304 0.478364 0.252198 0.122213 0.111611 0.132046 0.189359 0.241085 0.279941 0.429551 0.545939 0.70624 1.05869
BD_Brms
 3.51306 2.22027 2.32149 2.59106 2.26309 3.11884 4.52927 5.68925 5.14773 5.49921 5.33177 3.7602 2.32906 1.2279 0.595033 0.543414 0.642908 0.921953 1.17379 1.36298 2.0914 2.65807 3.43854 5.15456
S_f
 0.5 1 1 1 1
 0.5 1 1 1 1
 0.5 1 1 1 1
 0.5 1 1 1 1
 0.5 1 1 1 1
 0.5 1 1 1 1
 0.5 1 1 1 1
 0.5 1 1 1 1
 0.5 1 1 1 1
 0.5 1 1 1 1
 0.5 1 1 1 1
 0.5 1 1 1 1
 0.5 1 1 1 1
 0.5 1 1 1 1
 0.5 1 1 1 1
 0.5 1 1 1 1
 0.5 1 1 1 1
 0.5 1 1 1 1
 0.5 1 1 1 1
 0.5 1 1 1 1
 0.5 1 1 1 1
 0.5 1 1 1 1
 0.5 1 1 1 1
 0.5 1 1 1 1
Scru_reclas
 0.5 1 1 1 1
 0.5 1 1 1 1
 0.5 1 1 1 1
 0.5 1 1 1 1
 0.5 1 1 1 1
 0.5 1 1 1 1
 0.5 1 1 1 1
 0.5 1 1 1 1
 0.5 1 1 1 1
 0.5 1 1 1 1
 0.5 1 1 1 1
 0.5 1 1 1 1
 0.5 1 1 1 1
 0.5 1 1 1 1
 0.5 1 1 1 1
 0.5 1 1 1 1
 0.5 1 1 1 1
 0.5 1 1 1 1
 0.5 1 1 1 1
 0.5 1 1 1 1
 0.5 1 1 1 1
 0.5 1 1 1 1
 0.5 1 1 1 1
 0.5 1 1 1 1
Scru_pelaces
 0.5 1 1 1 1
 0.5 1 1 1 1
 0.5 1 1 1 1
 0.5 1 1 1 1
 0.5 1 1 1 1
 0.5 1 1 1 1
 0.5 1 1 1 1
 0.5 1 1 1 1
 0.5 1 1 1 1
 0.5 1 1 1 1
 0.5 1 1 1 1
 0.5 1 1 1 1
 0.5 1 1 1 1
 0.5 1 1 1 1
 0.5 1 1 1 1
 0.5 1 1 1 1
 0.5 1 1 1 1
 0.5 1 1 1 1
 0.5 1 1 1 1
 0.5 1 1 1 1
 0.5 1 1 1 1
 0.5 1 1 1 1
 0.5 1 1 1 1
 0.5 1 1 1 1
pf_obs 
 0.256992 0.487395 0.22802 0.0275931 0
 0.321318 0.546541 0.124235 0.00734118 0.000564706
 0.182869 0.594174 0.210203 0.0122559 0.00049798
 0.330522 0.361315 0.267642 0.0388342 0.00168674
 0.649043 0.306663 0.0425973 0.00169635 0
 0.582887 0.30429 0.105238 0.00758474 0
 0.465427 0.430635 0.0974691 0.00646863 0
 0.296916 0.608066 0.0921331 0.00288517 0
 0.311714 0.524322 0.152257 0.0117073 0
 0.15457 0.633149 0.183074 0.0267441 0.00246327
 0.131901 0.49318 0.331252 0.0422183 0.00144891
 0.196976 0.569456 0.194076 0.0375587 0.00193317
 0.518974 0.381816 0.0799577 0.0180837 0.00116848
 0.0928022 0.601141 0.25162 0.0475244 0.00691264
 0.122501 0.610282 0.24278 0.0234846 0.000952079
 0.383417 0.481906 0.127806 0.00687128 0
 0.0376549 0.599619 0.316969 0.0457579 0
 0.0361596 0.667082 0.258105 0.0386534 0
 0.158088 0.579412 0.248529 0.0139706 0
 0.0477256 0.309471 0.559284 0.082774 0.000745712
 0.0406174 0.521527 0.379366 0.0568643 0.0016247
 0.151134 0.462217 0.34131 0.0453401 0
 0.294876 0.26143 0.354403 0.0886775 0.000613685
 0.281977 0.475581 0.204845 0.0348837 0.00271318
pf_pred 
 0.571213 0.306527 0.10969 0.0125645 5.88506e-06
 0.471506 0.393117 0.0967771 0.0346315 0.00396875
 0.33251 0.439208 0.169806 0.0418027 0.0166733
 0.441544 0.29821 0.171241 0.0662052 0.022799
 0.528696 0.291984 0.0957554 0.0549856 0.0285793
 0.388955 0.423489 0.116195 0.0381059 0.0332547
 0.549019 0.261669 0.131204 0.0359992 0.0221088
 0.454125 0.392076 0.0892373 0.0447447 0.0198166
 0.509706 0.31599 0.125194 0.0284944 0.0206151
 0.458161 0.376305 0.106685 0.0422682 0.0165804
 0.320802 0.437711 0.167712 0.0475476 0.0262277
 0.314885 0.359279 0.209986 0.0804577 0.0353928
 0.443548 0.286773 0.141422 0.082656 0.0456018
 0.437654 0.374198 0.0969639 0.0478176 0.0433666
 0.542124 0.320795 0.0912169 0.0236365 0.0222277
 0.566312 0.332577 0.0708396 0.020143 0.010128
 0.470596 0.395872 0.1024 0.0218114 0.00932036
 0.473849 0.347612 0.133506 0.0345339 0.010499
 0.459742 0.354863 0.122485 0.0470423 0.0158678
 0.563885 0.280018 0.102531 0.0353896 0.0181766
 0.542644 0.334292 0.0790159 0.0289322 0.0151154
 0.483561 0.365778 0.110122 0.0260293 0.0145101
 0.55273 0.294521 0.108187 0.0325712 0.0119905
 0.519288 0.345531 0.0890151 0.0326982 0.0134682
pobs_RECLAS
 0 0 0 0 0
 0 0 0 0 0
 0 0 0 0 0
 0 0 0 0 0
 0.835266 0.146461 0.0176864 0.000547809 3.91292e-05
 0.385257 0.428462 0.181853 0.0044286 0
 0.867414 0.0963971 0.0333333 0.00285562 0
 0.441836 0.489002 0.0689373 0.000224442 0
 0.779404 0.147425 0.0564933 0.0165055 0.000172143
 0.814271 0.122319 0.05973 0.00367925 0
 0.40263 0.566651 0.0304383 0.000280538 0
 0.475488 0.404961 0.113038 0.00651328 0
 0.955842 0.0263864 0.0167828 0.000988607 0
 0.975058 0.0227948 0.00214734 0 0
 0.738997 0.206755 0.0527124 0.00153531 0
 0.850938 0.134255 0.0134407 0.00136685 0
 0.542534 0.407297 0.0501686 0 0
 0.764087 0.199537 0.0359546 0.000420521 0
 0.470689 0.182191 0.310203 0.0369168 0
 0.84361 0.089868 0.0606195 0.00523954 0.000663233
 0.607945 0.314616 0.071237 0.00620181 0
 0.523733 0.453247 0.0230204 0 0
 0.530135 0.295979 0.169645 0.0042399 0
 0.562478 0.366248 0.0663022 0.0049721 0
ppred_RECLAS
 0.573991 0.304541 0.108979 0.0124831 5.84693e-06
 0.47392 0.391321 0.0963351 0.0344733 0.00395062
 0.337106 0.436184 0.168637 0.0415149 0.0165585
 0.442366 0.297772 0.170989 0.0661078 0.0227655
 0.528865 0.291879 0.0957211 0.0549659 0.028569
 0.391512 0.421717 0.115709 0.0379464 0.0331155
 0.550375 0.260882 0.13081 0.035891 0.0220423
 0.456928 0.390063 0.088779 0.044515 0.0197149
 0.512668 0.314082 0.124438 0.0283222 0.0204906
 0.460343 0.37479 0.106256 0.042098 0.0165137
 0.325931 0.434405 0.166446 0.0471885 0.0260296
 0.319591 0.356811 0.208544 0.0799051 0.0351496
 0.452787 0.282011 0.139074 0.0812837 0.0448447
 0.458799 0.360128 0.0933179 0.0460196 0.041736
 0.55787 0.309763 0.08808 0.0228237 0.0214633
 0.570785 0.329147 0.0701089 0.0199352 0.0100235
 0.473616 0.393614 0.101816 0.021687 0.00926721
 0.475729 0.34637 0.133029 0.0344105 0.0104615
 0.461329 0.353821 0.122125 0.0469041 0.0158212
 0.565341 0.279083 0.102188 0.0352714 0.018116
 0.543277 0.33383 0.0789066 0.0288922 0.0150945
 0.48439 0.365191 0.109945 0.0259875 0.0144868
 0.553687 0.293891 0.107956 0.0325015 0.0119648
 0.520118 0.344934 0.0888613 0.0326418 0.0134449
pobs_PELACES
 0 0 0 0 0
 0 0 0 0 0
 0 0 0 0 0
 0 0 0 0 0
 0 0 0 0 0
 0 0 0 0 0
 0 0 0 0 0
 0 0 0 0 0
 0 0 0 0 0
 0 0 0 0 0
 0.450072 0.473896 0.0757376 0.000293798 0
 0 0 0 0 0
 0.463077 0.371075 0.160297 0.00555027 0
 0.529543 0.364841 0.0842815 0.0213345 0
 0.631943 0.363953 0.00410389 0 0
 0.735681 0.248677 0.0153453 0.000297389 0
 0.695825 0.281241 0.0229344 0 0
 0.275771 0.60734 0.115278 0.00161068 0
 0 0 0 0 0
 0.896147 0.0623911 0.0374545 0.00400742 0
 0.803859 0.145111 0.0509908 3.86294e-05 0
 0.739449 0.233085 0.0266225 0.000797448 4.60066e-05
 0.878498 0.100942 0.0204185 0.000141795 0
 0.694673 0.275183 0.0284847 0.00165964 0
ppred_PELACES
 0.586007 0.295951 0.105905 0.012131 5.68201e-06
 0.484735 0.383277 0.0943547 0.0337646 0.00386941
 0.354912 0.424467 0.164107 0.0403998 0.0161137
 0.446594 0.295514 0.169693 0.0656066 0.0225929
 0.529805 0.291297 0.0955301 0.0548563 0.028512
 0.402809 0.413887 0.113561 0.0372419 0.0325007
 0.556977 0.257051 0.128889 0.035364 0.0217186
 0.46915 0.381284 0.086781 0.0435132 0.0192712
 0.525419 0.305864 0.121182 0.0275812 0.0199544
 0.470286 0.367884 0.104298 0.0413223 0.0162094
 0.345235 0.421965 0.161679 0.0458372 0.0252842
 0.337638 0.347347 0.203012 0.0777857 0.0342173
 0.482983 0.266449 0.131399 0.0767982 0.04237
 0.511876 0.324809 0.0841659 0.0415063 0.0376428
 0.600468 0.279918 0.0795938 0.0206247 0.0193953
 0.588241 0.315761 0.0672577 0.0191245 0.00961586
 0.486591 0.383911 0.0993062 0.0211524 0.00903877
 0.484502 0.340574 0.130803 0.0338347 0.0102865
 0.468919 0.348835 0.120404 0.0462432 0.0155983
 0.57235 0.274583 0.100541 0.0347027 0.0178238
 0.5466 0.331401 0.0783326 0.028682 0.0149847
 0.488655 0.36217 0.109036 0.0257726 0.014367
 0.558532 0.2907 0.106784 0.0321487 0.011835
 0.524385 0.341867 0.0880712 0.0323515 0.0133254
pobs_pel_tallas
 0 0 0 0 0 0 0 0 0 0 0 0 0 0 0 0 0 0 0 0 0 0 0 0 0 0 0 0 0 0 0 0 0 0 0 0
 0 0 0 0 0 0 0 0 0 0 0 0 0 0 0 0 0 0 0 0 0 0 0 0 0 0 0 0 0 0 0 0 0 0 0 0
 0 0 0 0 0 0 0 0 0 0 0 0 0 0 0 0 0 0 0 0 0 0 0 0 0 0 0 0 0 0 0 0 0 0 0 0
 0 0 0 0 0 0 0 0 0 0 0 0 0 0 0 0 0 0 0 0 0 0 0 0 0 0 0 0 0 0 0 0 0 0 0 0
 0 0 0 0 0 0 0 0 0 0 0 0 0 0 0 0 0 0 0 0 0 0 0 0 0 0 0 0 0 0 0 0 0 0 0 0
 0 0 0 0 0 0 0 0 0 0 0 0 0 0 0 0 0 0 0 0 0 0 0 0 0 0 0 0 0 0 0 0 0 0 0 0
 0 0 0 0 0 0 0 0 0 0 0 0 0 0 0 0 0 0 0 0 0 0 0 0 0 0 0 0 0 0 0 0 0 0 0 0
 0 0 0 0 0 0 0 0 0 0 0 0 0 0 0 0 0 0 0 0 0 0 0 0 0 0 0 0 0 0 0 0 0 0 0 0
 0 0 0 0 0 0 0 0 0 0 0 0 0 0 0 0 0 0 0 0 0 0 0 0 0 0 0 0 0 0 0 0 0 0 0 0
 0 0 0 0 0 0 0 0 0 0 0 0 0 0 0 0 0 0 0 0 0 0 0 0 0 0 0 0 0 0 0 0 0 0 0 0
 0 0 0 0 0 0 0 0 1.78061e-05 0.00172719 0.00360574 0.0105946 0.0120993 0.0124554 0.0147524 0.0171206 0.0266825 0.0428682 0.0675386 0.121331 0.153587 0.119568 0.100827 0.0573624 0.0630603 0.0341343 0.0324427 0.0444173 0.0211091 0.0280891 0.0125444 0.00206551 0 0 0 0
 0 0 0 0 0 0 0 0 0 0 0 0 0 0 0 0 0 0 0 0 0 0 0 0 0 0 0 0 0 0 0 0 0 0 0 0
 0 0 0 0 0 0 0.0133647 0.0140871 0.0187388 0.0205184 0.03894 0.0496705 0.03968 0.0493445 0.0407372 0.0367815 0.0215668 0.0243155 0.0234873 0.0199281 0.019796 0.0243948 0.0301388 0.0376714 0.0412746 0.0863199 0.0771752 0.113111 0.0741005 0.0525337 0.0229764 0.00759418 0.00175318 0 0 0
 0 0 0 0 0 0 0 0 0 0 0.00219441 0.00772107 0.0458388 0.0604681 0.0671733 0.0775358 0.0609151 0.0617685 0.073594 0.0568108 0.0755445 0.0548602 0.0670107 0.0636378 0.0643287 0.046367 0.0373049 0.0286899 0.0247887 0.0153202 0.00654259 0.00121912 0.000365735 0 0 0
 0 0 0 0 0 0 0 0 0 0 0 0 0.000112435 0.00938835 0.0111873 0.0202946 0.0414886 0.0713402 0.111592 0.104902 0.108894 0.110636 0.117776 0.105296 0.107544 0.0401394 0.0192827 0.0124803 0.00416011 0.0028671 0.000618394 0 0 0 0 0
 0 0 0 0 0 0 0 0 0 0 0.00291406 0.0102884 0.027416 0.0768956 0.0749926 0.110853 0.0956884 0.0897413 0.0766577 0.0534642 0.0500743 0.0551293 0.0594112 0.0620874 0.0668451 0.0424026 0.0208742 0.0120726 0.0048766 0.00582813 0.00118941 0.000297354 0 0 0 0
 0 0.00264628 0.0354308 0.0461629 0.0458689 0.0383711 0.0214643 0.0164657 0.0346957 0.0420465 0.0363128 0.0245516 0.0311673 0.0291091 0.0169068 0.0133784 0.00837989 0.0085269 0.0148486 0.0160247 0.0276389 0.0546898 0.0760071 0.122758 0.109233 0.0665981 0.0333725 0.0166128 0.00676272 0.00308733 0.000882094 0 0 0 0 0
 0 0 0 0 0 0 0 0.000805153 0.000690131 0.00759144 0.0133425 0.0154129 0.00931677 0.000345066 0.00356568 0.00563607 0.00851162 0.0253048 0.0502646 0.0516448 0.0657925 0.0565908 0.0611916 0.0827007 0.0866115 0.110766 0.145733 0.0935128 0.0569358 0.0249597 0.0138026 0.00621118 0.00161031 0.00115022 0 0
 0 0 0 0 0 0 0 0 0 0 0 0 0 0 0 0 0 0 0 0 0 0 0 0 0 0 0 0 0 0 0 0 0 0 0 0
 0.00147267 0.00158595 0.00478618 0.00569244 0.00954404 0.0108468 0.00647125 0.017049 0.0510054 0.094081 0.124002 0.0959785 0.0687766 0.0820023 0.061753 0.0591476 0.0492212 0.0479892 0.0443925 0.0268479 0.0217502 0.0140895 0.0121071 0.0120363 0.00920419 0.00665534 0.0049561 0.00860946 0.00930331 0.0156896 0.0114698 0.00855282 0.00243557 0.00046729 0 2.83206e-05
 0 0 0 0 0.000772559 0.00158375 0.000888443 0.00281984 0.00712685 0.0440552 0.0773331 0.111326 0.0921469 0.0852325 0.0710754 0.0886704 0.0786465 0.0553345 0.0373146 0.0185414 0.00753245 0.00457741 0.012979 0.0271748 0.0457355 0.0583668 0.034881 0.0177882 0.00938659 0.00492506 0.0015258 0.00185414 0.000309023 5.79419e-05 3.86279e-05 0
 0 0.00173294 0.00326652 0 0.00397197 0.00683976 0.00946217 0.0152591 0.00757587 0.0136028 0.0228656 0.0392903 0.0559909 0.0764795 0.0681675 0.0726916 0.0566044 0.0477403 0.0527397 0.0444891 0.0609904 0.0582453 0.0661739 0.0445044 0.0529084 0.0360697 0.0280645 0.0235558 0.0158879 0.00826598 0.00280645 0.00217768 0.000904811 0.00058276 9.20147e-05 0
 0 0 0 0 0 0 0 0 0 0 0 0 0 0 0 0 0 0 0 0 0 0 0 0 0 0 0 0 0 0 0 0 0 0 0 0
 0 0 0 0 0 0 0 0 0 0 0 0 0 0 0 0 0 0 0 0 0 0 0 0 0 0 0 0 0 0 0 0 0 0 0 0
ppred_pel_tallas
 1.02017e-16 2.55775e-05 0.000150096 0.00071344 0.0027467 0.00856526 0.0216353 0.0442701 0.0733876 0.0985728 0.107307 0.0947474 0.068031 0.0401228 0.0202574 0.0102638 0.00742865 0.00852306 0.0115431 0.0155404 0.0200011 0.0244733 0.0284753 0.0315448 0.033331 0.0336696 0.0326139 0.0304059 0.0274053 0.0239993 0.0205248 0.0172224 0.0142282 0.0115932 0.00931458 0.00736609
 1.02806e-16 2.11651e-05 0.000124183 0.00059023 0.00227228 0.00708577 0.0178984 0.0366247 0.0607179 0.0815676 0.0888282 0.0785109 0.0565457 0.0336968 0.0176559 0.00999821 0.00854051 0.0106549 0.0146873 0.0197981 0.025438 0.0310489 0.0360149 0.0397474 0.0418084 0.0420077 0.0404405 0.0374466 0.0335133 0.029154 0.0248047 0.020764 0.0171836 0.0140981 0.0114712 0.00923972
 1.04609e-16 1.5506e-05 9.09554e-05 0.000432252 0.00166401 0.0051889 0.0131071 0.0268217 0.0444708 0.0597556 0.0651118 0.0576375 0.0417049 0.0252403 0.0139366 0.0090208 0.00897049 0.0119227 0.0166898 0.0226206 0.0292043 0.0358543 0.0418968 0.0466735 0.0496775 0.0506609 0.0496779 0.0470448 0.0432408 0.0387824 0.0341167 0.029561 0.0252945 0.0213885 0.0178519 0.014672
 1.05816e-16 1.94985e-05 0.000114407 0.000543769 0.00209342 0.00652804 0.0164895 0.0337414 0.0559364 0.0751404 0.0818184 0.0722906 0.0520122 0.0308892 0.0159943 0.00876538 0.00718316 0.00883214 0.012216 0.0166169 0.0216136 0.0267961 0.0317028 0.0358719 0.0389299 0.0406629 0.0410477 0.0402293 0.0384596 0.0360212 0.0331647 0.0300753 0.026873 0.0236334 0.020415 0.0172785
 1.04669e-16 2.31265e-05 0.000135707 0.000645036 0.00248333 0.00774396 0.0195608 0.0400254 0.0663519 0.089125 0.0970285 0.085688 0.0615607 0.0363766 0.0184961 0.00958688 0.00721165 0.00846586 0.0115481 0.0156036 0.0201602 0.0247926 0.029041 0.0324614 0.0347131 0.0356304 0.0352499 0.0337811 0.0315375 0.0288506 0.0259986 0.0231686 0.0204553 0.0178861 0.015456 0.0131573
 1.04546e-16 1.7594e-05 0.000103215 0.000490538 0.00188843 0.00588875 0.0148749 0.0304386 0.0504653 0.0678036 0.073863 0.0653412 0.0471852 0.0283693 0.0153242 0.00940578 0.00884769 0.0115033 0.0160101 0.0216426 0.0278698 0.0341098 0.0397062 0.0440267 0.0465958 0.0471996 0.0459246 0.0431151 0.0392695 0.034913 0.0304883 0.0262951 0.022483 0.0190854 0.01607 0.0133848
 1.04144e-16 2.43101e-05 0.000142659 0.00067809 0.00261061 0.00814087 0.0205633 0.0420764 0.0697506 0.0936859 0.101983 0.0900363 0.0646264 0.0380715 0.019143 0.00957423 0.00678392 0.0077067 0.0104513 0.0141426 0.0183306 0.0226342 0.0266442 0.0299593 0.0322622 0.0333821 0.0333213 0.0322341 0.0303702 0.0280044 0.0253775 0.0226641 0.0199704 0.0173522 0.0148404 0.0124612
 1.03752e-16 2.04854e-05 0.000120193 0.000571261 0.00219925 0.00685803 0.0173231 0.0354476 0.0587668 0.0789476 0.0859777 0.0759978 0.0547495 0.0326542 0.0171607 0.00979904 0.00846176 0.0106104 0.0146467 0.0197569 0.0254042 0.031039 0.0360538 0.0398678 0.0420489 0.0424096 0.041043 0.0382811 0.0345984 0.0304913 0.0263762 0.0225317 0.0190927 0.0160815 0.0134561 0.0111554
 1.037e-16 2.2936e-05 0.000134587 0.000639707 0.00246281 0.00767994 0.0193991 0.0396947 0.0658043 0.088391 0.0962337 0.0849962 0.0610858 0.0361406 0.0184584 0.00970147 0.00746053 0.00886075 0.012116 0.0163707 0.0211393 0.0259726 0.0303817 0.0338921 0.036138 0.0369387 0.0363296 0.0345335 0.0318891 0.0287619 0.0254673 0.0222283 0.0191706 0.0163442 0.0137569 0.011403
 1.03778e-16 2.05344e-05 0.000120482 0.000572637 0.00220455 0.00687457 0.0173649 0.035533 0.058908 0.0791361 0.08618 0.0761697 0.0548581 0.0326887 0.0171239 0.00969272 0.00827881 0.0103362 0.0142661 0.0192624 0.0248035 0.0303597 0.0353447 0.0391941 0.0414833 0.042019 0.0408755 0.0383563 0.0349032 0.0309835 0.026993 0.0232021 0.0197497 0.0166713 0.0139439 0.0115259
 1.05189e-16 1.50839e-05 8.84776e-05 0.000420473 0.00161866 0.00504747 0.0127499 0.0260908 0.0432591 0.0581284 0.0633412 0.056076 0.0405875 0.0245892 0.0136226 0.00888637 0.00890485 0.0118706 0.0166309 0.0225518 0.0291316 0.0357908 0.0418629 0.0466958 0.0497866 0.0508884 0.0500518 0.0475855 0.0439575 0.0396708 0.0351585 0.0307253 0.0265406 0.0226698 0.0191208 0.0158839
 1.07267e-16 1.47497e-05 8.65221e-05 0.000411191 0.00158295 0.00493612 0.0124685 0.0255146 0.0423021 0.0568373 0.0619208 0.0547865 0.0395849 0.0238442 0.0129645 0.00809671 0.0077805 0.0102433 0.0143754 0.019605 0.0255225 0.0316681 0.0375044 0.0424901 0.0461853 0.048336 0.0489101 0.0480712 0.0461071 0.0433417 0.0400611 0.0364767 0.0327257 0.0288959 0.0250584 0.0212896
 1.06571e-16 2.10839e-05 0.000123718 0.000588041 0.00226389 0.00705965 0.0178323 0.0364886 0.060489 0.0812506 0.088458 0.0781242 0.0561379 0.0331957 0.0169237 0.00884995 0.00676258 0.00802724 0.0110181 0.0149743 0.0194836 0.0241734 0.028633 0.0324548 0.0353114 0.0370187 0.0375613 0.0370698 0.035764 0.0338832 0.0316304 0.0291448 0.0265061 0.0237575 0.0209344 0.0180851
 1.04486e-16 2.23461e-05 0.000131122 0.000623232 0.00239937 0.00748212 0.0188995 0.0386725 0.0641104 0.086118 0.0937648 0.0828293 0.0595585 0.035297 0.0181376 0.00970941 0.0076743 0.00923615 0.0126515 0.0170727 0.0220002 0.0269611 0.0314415 0.0349486 0.0371118 0.0377632 0.0369674 0.0349867 0.0322006 0.0290055 0.0257317 0.022597 0.0197043 0.0170701 0.0146659 0.0124547
 1.02837e-16 2.62073e-05 0.000153795 0.000731031 0.00281444 0.00877649 0.0221689 0.0453616 0.0751963 0.101 0.109943 0.0970608 0.069661 0.0410214 0.0205948 0.0102436 0.00717562 0.0080734 0.0108813 0.0146359 0.0188317 0.0230398 0.0268085 0.029708 0.0314155 0.0317853 0.0308764 0.0289225 0.0262633 0.0232577 0.0202096 0.0173265 0.0147143 0.0123988 0.01036 0.00856268
 1.02165e-16 2.56756e-05 0.00015067 0.000716167 0.0027572 0.00859798 0.021718 0.0444394 0.0736688 0.0989517 0.107723 0.095123 0.0683187 0.0403284 0.0204266 0.0104542 0.00769106 0.00889559 0.0120495 0.016186 0.0207659 0.0253075 0.0292991 0.032257 0.0338249 0.0338537 0.032432 0.0298512 0.0265242 0.0228836 0.0192944 0.0160038 0.0131331 0.0107025 0.00867108 0.00697457
 1.02684e-16 2.12461e-05 0.000124659 0.00059249 0.00228098 0.00711291 0.0179669 0.036765 0.0609504 0.0818799 0.0891681 0.0788108 0.0567606 0.0338228 0.0177182 0.0100276 0.00855896 0.010674 0.0147121 0.0198302 0.0254771 0.0310928 0.0360592 0.0397854 0.0418314 0.042006 0.0404041 0.0373668 0.0333843 0.0289739 0.0245764 0.0204949 0.0168853 0.0137848 0.0111582 0.00894153
 1.03611e-16 2.11533e-05 0.000124118 0.000589927 0.00227113 0.00708219 0.0178893 0.0366058 0.0606854 0.0815206 0.0887681 0.0784367 0.0564463 0.033546 0.0174107 0.00960053 0.00792119 0.00974179 0.0134189 0.0181422 0.0234127 0.0287385 0.0335749 0.037393 0.039786 0.0405555 0.0397458 0.0376117 0.034539 0.0309435 0.0271853 0.0235201 0.0200925 0.0169599 0.0141295 0.0115902
 1.04141e-16 2.0474e-05 0.000120129 0.000570964 0.00219812 0.00685451 0.0173142 0.0354291 0.0587353 0.0789028 0.0859222 0.075933 0.0546686 0.0325378 0.0169759 0.00950185 0.00800052 0.00993201 0.0137069 0.0185344 0.0239161 0.0293523 0.0342886 0.0381874 0.0406376 0.0414417 0.0406503 0.0385278 0.0354696 0.0318979 0.0281738 0.024548 0.0211561 0.0180446 0.015211 0.0126385
 1.03542e-16 2.49811e-05 0.000146597 0.000696808 0.00268267 0.00836559 0.021131 0.043238 0.0716762 0.0962729 0.1048 0.0925273 0.0664218 0.0391436 0.0197078 0.00989648 0.00705632 0.00803365 0.0108768 0.0146728 0.0189412 0.0232692 0.0272175 0.0303622 0.0323779 0.0331055 0.0325797 0.0310022 0.0286771 0.02593 0.0230397 0.0202004 0.0175178 0.0150302 0.0127397 0.0106383
 1.02906e-16 2.38605e-05 0.000140013 0.000665496 0.00256209 0.00798956 0.0201812 0.0412951 0.0684576 0.0919557 0.100116 0.0884293 0.0635615 0.0376215 0.0192433 0.0101563 0.00785258 0.00933544 0.012735 0.0171427 0.0220289 0.0268993 0.0312213 0.0344879 0.0363224 0.0365619 0.0352887 0.032795 0.0294981 0.0258362 0.0221788 0.0187752 0.0157488 0.0131226 0.0108612 0.00890914
 1.03223e-16 2.13352e-05 0.000125184 0.000594991 0.00229062 0.00714297 0.0180428 0.0369201 0.0612069 0.0822225 0.0895361 0.079124 0.0569598 0.0338888 0.0176567 0.00984254 0.0082373 0.0101878 0.0140303 0.0189326 0.0243677 0.029809 0.0346756 0.0384093 0.0405894 0.0410248 0.0397894 0.0371855 0.0336545 0.0296651 0.0256174 0.0217886 0.0183247 0.0152676 0.0125972 0.010271
 1.03269e-16 2.43792e-05 0.000143062 0.000679999 0.00261795 0.00816374 0.0206211 0.042195 0.0699479 0.0939536 0.102281 0.0903163 0.0648633 0.0382829 0.0193814 0.00990819 0.00728426 0.00843924 0.0114691 0.0154737 0.0199629 0.0245023 0.0286253 0.0318815 0.0339259 0.0345912 0.0339171 0.0321224 0.0295363 0.0265122 0.0233544 0.0202768 0.0173979 0.014762 0.0123713 0.0102143
 1.03096e-16 2.28923e-05 0.000134327 0.000638465 0.00245801 0.00766499 0.0193614 0.0396178 0.0656777 0.088224 0.0960595 0.0848606 0.061028 0.0361857 0.0186265 0.0100217 0.00797744 0.00962835 0.0131837 0.0177651 0.0228452 0.0279198 0.0324405 0.0358831 0.0378561 0.0381867 0.0369534 0.0344505 0.0311016 0.0273531 0.0235825 0.0200469 0.0168759 0.0140985 0.0116848 0.00958527
pSPR Fmed_Fpbrs
0.633005   0.255389 0.255389
Fs Fmed_Fpbrs
0.245617   1.005 1.005
SSBpbr Bo_Bmed_Bpbrs
1.07072e+06  624235  219915 219915
Ro
50011.1
SPR SPRFo_SPRFmed_SPRFpbrs
1.02891e+06 651304 262772
log_Ro
10.64
likeval ReclasPelacesDesembMPH_pf_preclas_ppelaces_ptallas_desvR_qrecl_qpela
 133.047 65.6606 0.0306079 0.000867371 311.657 182.154 83.6317 0 14.1995 0 0 0 0 0 0
q_reclas_q_pelaces
1 1
M
0.7
N
 59849.1 17109.2 6122.48 701.304 0.328481
 58052.2 25593.6 6300.61 2254.66 258.383
 34683.5 25280.3 9773.85 2406.12 959.697
 39282.8 13568.8 7791.63 3012.39 1037.38
 66734.5 18520.9 6073.88 3487.81 1812.82
 56634.8 32762.6 8989.27 2948.01 2572.7
 98774 24376.8 12222.9 3353.65 2059.63
 98372.7 45235.3 10295.6 5162.37 2286.32
 127170 42089.5 16675.7 3795.41 2745.91
 125077 54094.7 15336.2 6076.15 2383.47
 72419.5 55026.7 21083.9 5977.44 3297.21
 43776.3 27662.4 16167.7 6194.77 2725.04
 45329.7 16965.3 8366.4 4889.87 2697.77
 28770.5 15585 4038.46 1991.56 1806.18
 20724.2 7499.43 2132.43 552.566 519.63
 18848.3 6057.64 1290.29 366.888 184.473
 16755.5 7533.24 1948.62 415.059 177.362
 18512.1 7107.8 2729.86 706.132 214.679
 20576.6 8264.01 2852.41 1095.52 369.529
 36142.6 9315.75 3411.03 1177.35 604.707
 52494.4 16459 3890.37 1424.49 744.211
 64706 25030.7 7535.81 1781.22 992.948
 111600 30512 11208.1 3374.33 1242.2
 153452 52219.1 13452.6 4941.6 2035.41
pred_Ctot
 6027.94 3234.74 1157.55 132.592 0.0621043
 5176.71 4316.07 1062.53 380.222 43.5733
 5365.64 7087.39 2740.12 674.56 269.053
 1432.8 967.681 555.672 214.833 73.982
 545.982 301.53 98.8862 56.7834 29.5137
 5471.69 5957.51 1634.59 536.062 467.816
 5549.94 2645.17 1326.32 363.911 223.494
 9875.73 8526.37 1940.62 973.051 430.947
 13232.9 8203.7 3250.27 739.767 535.207
 10332.4 8486.39 2405.95 953.227 373.92
 12203.2 16650.3 6379.7 1808.69 997.691
 7012.28 8000.92 4676.26 1791.74 788.175
 10242.7 6622.38 3265.82 1908.76 1053.07
 10196.7 8718.26 2259.11 1114.08 1010.38
 6319.6 3739.54 1063.32 275.534 259.11
 2678.56 1573.03 335.059 95.2727 47.9035
 1772.37 1490.94 385.661 82.1464 35.1026
 1353.43 992.863 381.325 98.6371 29.9877
 1313.71 1014.01 349.998 134.422 45.3421
 2167.06 1076.13 394.033 136.005 69.8543
 1505.65 927.542 219.241 80.2767 41.9399
 2353.23 1780.05 535.905 126.671 70.6129
 4650.06 2477.77 910.169 274.018 100.875
 5590.38 3719.8 958.29 352.012 144.991
F
 0.149484 0.298967 0.298967 0.298967 0.298967
 0.131316 0.262633 0.262633 0.262633 0.262633
 0.238488 0.476976 0.476976 0.476976 0.476976
 0.0518883 0.103777 0.103777 0.103777 0.103777
 0.0114339 0.0228677 0.0228677 0.0228677 0.0228677
 0.142991 0.285981 0.285981 0.285981 0.285981
 0.0809557 0.161911 0.161911 0.161911 0.161911
 0.148964 0.297927 0.297927 0.297927 0.297927
 0.15479 0.30958 0.30958 0.30958 0.30958
 0.121113 0.242227 0.242227 0.242227 0.242227
 0.262402 0.524804 0.524804 0.524804 0.524804
 0.247925 0.495849 0.495849 0.495849 0.495849
 0.367652 0.735304 0.735304 0.735304 0.735304
 0.644523 1.28905 1.28905 1.28905 1.28905
 0.529981 1.05996 1.05996 1.05996 1.05996
 0.2171 0.434199 0.434199 0.434199 0.434199
 0.157537 0.315073 0.315073 0.315073 0.315073
 0.106513 0.213027 0.213027 0.213027 0.213027
 0.092448 0.184896 0.184896 0.184896 0.184896
 0.0866004 0.173201 0.173201 0.173201 0.173201
 0.0406022 0.0812043 0.0812043 0.0812043 0.0812043
 0.0517344 0.103469 0.103469 0.103469 0.103469
 0.0594735 0.118947 0.118947 0.118947 0.118947
 0.0518258 0.103652 0.103652 0.103652 0.103652
nmprior
 10 10 8 0
nm_flota  nm_reclas  nm_pelaces    nm_pelaL
inf 14.4187 14.0961 23.9286
cv_recla  cv_pelaces  cv_mph
1.0679 0.953492 0.955522
 ------------------------------------------------
Talla a la edad & desviación 
 7.2 14.2025 17.0495 18.207 18.6776
 1.08 2.13037 2.55742 2.73105 2.80164
