years
 1997 1998 1999 2000 2001 2002 2003 2004 2005 2006 2007 2008 2009 2010 2011 2012 2013 2014 2015 2016 2017 2018 2019 2020
reclasobs
 0 0 0 370054 412103 1.49427e+06 250295 1.28982e+06 931140 785840 897777 1.04006e+06 184774 17550 25797 100020 73551 82996 120727 218422 84188 347160 605670 569463
reclaspred
 437313 122109 372015 271453 401453 478459 1.03415e+06 681744 744255 687009 547634 372793 229240 98179.1 63016.2 62652.8 79392.1 108148 116330 167573 245765 230872 412664 510693
pelacesobs
 0 0 0 0 0 0 0 0 0 2.06254e+06 1.5e+06 0 1.87456e+06 323000 250000 174000 83755 137374 0 501740 490994 745055 786931 1.00524e+06
pelacespred
 1.82782e+06 436969 839311 943366 1.1968e+06 1.2073e+06 2.8699e+06 2.37522e+06 2.27149e+06 2.12892e+06 1.50833e+06 1.06633e+06 632778 212708 134390 148914 199651 283996 314414 438100 729881 673048 940117 1.37187e+06
mphobs
 0 0 0 0 0 112323 0 153150 637223 0 255016 313432 73983 77613 109348 50772 0 0 0 0 0 0 0 0
mphpred
 156975 96290.7 120725 145367 158370 247452 365521 424896 355987 355057 336615 234618 146136 74946.3 32209.6 26784.9 32641.1 45553.5 57189.2 66898.5 101707 122321 157788 229435
desembarqueobs
 350755 77701 442110 56441 14545 235359 269955 359681 431902 328805 639364 411747 362871 311530 167758 66681 60226 58785 57116 71774 51957 67425 138520 160799
desembarquepred
 350769 77705.7 442163 56443.9 14545.2 235417 270002 359716 431989 328858 639590 411961 363166 311876 167720 66692.5 60255.3 58788 57111.3 71778 51960 67421.1 138526 160806
Reclutas
 46497.7 56786.5 35471.1 53107.6 87503.4 65424.6 100132 96324.9 115686 121010 66427.8 44131.1 42728.4 23059.5 15709.1 16582.1 13216.9 14718.5 16945.9 28490.9 36068.5 49403.8 81065.4 85702.2
log_desv_Rt
 0.0471583 0.247053 -0.223526 0.180076 0.679433 0.388653 0.814249 0.775482 0.958634 1.00363 0.403871 -0.00508083 -0.0373804 -0.654168 -1.038 -0.98392 -1.21074 -1.10314 -0.962217 -0.442661 -0.206825 0.107782 0.603011 0.658634
SSB
 537355 329622 413266 497620 542133 847078 1.25125e+06 1.4545e+06 1.21861e+06 1.21543e+06 1.1523e+06 803145 500254 256556 110260 91690.1 111737 155938 195770 229007 348162 418729 540141 785403
BT
 1.91686e+06 486080 967674 840639 1.01217e+06 1.15686e+06 2.61786e+06 2.37271e+06 2.30686e+06 2.08575e+06 1.81713e+06 1.25059e+06 881406 471367 255821 180559 217702 284871 307035 426160 654715 610013 869861 1.26258e+06
Ftot
 0.725413 0.579714 0.849427 0.156109 0.0298321 0.298216 0.183065 0.378073 0.432321 0.348567 0.713683 0.641494 1.0158 1.97235 2.20251 0.906155 0.629402 0.410372 0.337599 0.33666 0.162612 0.199922 0.231767 0.223047
BD_Bspro_t
 0.929489 0.703561 0.661251 0.52717 0.670098 0.805415 0.768744 0.774347 0.713427 0.672732 0.63525 0.475849 0.365773 0.254394 0.141925 0.145643 0.227888 0.367597 0.479563 0.576949 0.69727 0.783467 0.7964 0.805048
BD_Bspro
 0.588843 0.361206 0.452864 0.545301 0.59408 0.928244 1.37114 1.59387 1.33538 1.33189 1.26271 0.880102 0.548188 0.281139 0.120825 0.100476 0.122444 0.17088 0.214528 0.25095 0.381522 0.458851 0.591897 0.860659
BD_Bo
 0.509296 0.312411 0.391687 0.471636 0.513825 0.802847 1.18591 1.37856 1.15498 1.15197 1.09213 0.761208 0.474133 0.24316 0.104503 0.0869024 0.105903 0.147796 0.185547 0.217049 0.329982 0.396865 0.511937 0.744392
BD_Brms
 1.50372 0.922404 1.15647 1.39252 1.51709 2.37044 3.50146 4.07024 3.41013 3.40122 3.22456 2.2475 1.3999 0.717938 0.308548 0.256583 0.312682 0.436373 0.547836 0.640846 0.974285 1.17176 1.51151 2.19785
S_f
 0.13764 0.752018 0.982941 0.999087 0.999952
 0.13764 0.752018 0.982941 0.999087 0.999952
 0.13764 0.752018 0.982941 0.999087 0.999952
 0.13764 0.752018 0.982941 0.999087 0.999952
 0.13764 0.752018 0.982941 0.999087 0.999952
 0.13764 0.752018 0.982941 0.999087 0.999952
 0.13764 0.752018 0.982941 0.999087 0.999952
 0.13764 0.752018 0.982941 0.999087 0.999952
 0.13764 0.752018 0.982941 0.999087 0.999952
 0.13764 0.752018 0.982941 0.999087 0.999952
 0.13764 0.752018 0.982941 0.999087 0.999952
 0.13764 0.752018 0.982941 0.999087 0.999952
 0.13764 0.752018 0.982941 0.999087 0.999952
 0.13764 0.752018 0.982941 0.999087 0.999952
 0.13764 0.752018 0.982941 0.999087 0.999952
 0.13764 0.752018 0.982941 0.999087 0.999952
 0.13764 0.752018 0.982941 0.999087 0.999952
 0.13764 0.752018 0.982941 0.999087 0.999952
 0.13764 0.752018 0.982941 0.999087 0.999952
 0.13764 0.752018 0.982941 0.999087 0.999952
 0.13764 0.752018 0.982941 0.999087 0.999952
 0.13764 0.752018 0.982941 0.999087 0.999952
 0.13764 0.752018 0.982941 0.999087 0.999952
 0.13764 0.752018 0.982941 0.999087 0.999952
Scru_reclas
 0.949013 1 1 1 1
 0.949013 1 1 1 1
 0.949013 1 1 1 1
 0.949013 1 1 1 1
 0.949013 1 1 1 1
 0.949013 1 1 1 1
 0.949013 1 1 1 1
 0.949013 1 1 1 1
 0.949013 1 1 1 1
 0.949013 1 1 1 1
 0.949013 1 1 1 1
 0.949013 1 1 1 1
 0.949013 1 1 1 1
 0.949013 1 1 1 1
 0.949013 1 1 1 1
 0.949013 1 1 1 1
 0.949013 1 1 1 1
 0.949013 1 1 1 1
 0.949013 1 1 1 1
 0.949013 1 1 1 1
 0.949013 1 1 1 1
 0.949013 1 1 1 1
 0.949013 1 1 1 1
 0.949013 1 1 1 1
Scru_pelaces
 0.852991 1 1 1 1
 0.852991 1 1 1 1
 0.852991 1 1 1 1
 0.852991 1 1 1 1
 0.852991 1 1 1 1
 0.852991 1 1 1 1
 0.852991 1 1 1 1
 0.852991 1 1 1 1
 0.852991 1 1 1 1
 0.852991 1 1 1 1
 0.852991 1 1 1 1
 0.852991 1 1 1 1
 0.852991 1 1 1 1
 0.852991 1 1 1 1
 0.852991 1 1 1 1
 0.852991 1 1 1 1
 0.852991 1 1 1 1
 0.852991 1 1 1 1
 0.852991 1 1 1 1
 0.852991 1 1 1 1
 0.852991 1 1 1 1
 0.852991 1 1 1 1
 0.852991 1 1 1 1
 0.852991 1 1 1 1
pf_obs 
 0.256992 0.487395 0.22802 0.0275931 0
 0.321318 0.546541 0.124235 0.00734118 0.000564706
 0.182869 0.594174 0.210203 0.0122559 0.00049798
 0.330522 0.361315 0.267642 0.0388342 0.00168674
 0.649043 0.306663 0.0425973 0.00169635 0
 0.582887 0.30429 0.105238 0.00758474 0
 0.465427 0.430635 0.0974691 0.00646863 0
 0.296916 0.608066 0.0921331 0.00288517 0
 0.311714 0.524322 0.152257 0.0117073 0
 0.15457 0.633149 0.183074 0.0267441 0.00246327
 0.131901 0.49318 0.331252 0.0422183 0.00144891
 0.196976 0.569456 0.194076 0.0375587 0.00193317
 0.518974 0.381816 0.0799577 0.0180837 0.00116848
 0.0928022 0.601141 0.25162 0.0475244 0.00691264
 0.122501 0.610282 0.24278 0.0234846 0.000952079
 0.383417 0.481906 0.127806 0.00687128 0
 0.0376549 0.599619 0.316969 0.0457579 0
 0.0361596 0.667082 0.258105 0.0386534 0
 0.158088 0.579412 0.248529 0.0139706 0
 0.0477256 0.309471 0.559284 0.082774 0.000745712
 0.0406174 0.521527 0.379366 0.0568643 0.0016247
 0.151134 0.462217 0.34131 0.0453401 0
 0.294876 0.26143 0.354403 0.0886775 0.000613685
 0.281977 0.475581 0.204845 0.0348837 0.00271318
pf_pred 
 0.364669 0.438045 0.176485 0.0207887 1.28491e-05
 0.311746 0.539411 0.113239 0.031926 0.00367807
 0.183714 0.594249 0.185642 0.0278309 0.00856454
 0.275117 0.425359 0.238435 0.0512774 0.00981119
 0.289373 0.462622 0.161619 0.0690057 0.0173812
 0.164654 0.549825 0.202189 0.0546072 0.0287253
 0.237713 0.38512 0.272231 0.0747123 0.0302239
 0.199704 0.497194 0.1744 0.0933459 0.0353565
 0.232544 0.445275 0.222879 0.0576078 0.0416936
 0.221088 0.492838 0.187455 0.0686455 0.0299744
 0.135141 0.530333 0.234593 0.0659173 0.0340169
 0.138258 0.433864 0.29734 0.092172 0.0383662
 0.206849 0.411827 0.225291 0.109168 0.0468652
 0.198043 0.550011 0.156582 0.0569582 0.0384053
 0.28855 0.533082 0.142182 0.02282 0.0133657
 0.354636 0.53578 0.0928583 0.0134438 0.00328114
 0.234242 0.598423 0.146961 0.0173294 0.00304389
 0.241866 0.485174 0.22781 0.0397572 0.00539203
 0.238482 0.485812 0.195315 0.0673089 0.013081
 0.307947 0.434014 0.181908 0.0542289 0.0219021
 0.263853 0.51685 0.1524 0.0474233 0.0194745
 0.257101 0.472095 0.205023 0.0459536 0.0198264
 0.295884 0.447454 0.179244 0.058863 0.0185551
 0.225453 0.528066 0.172414 0.0520045 0.0220629
pobs_RECLAS
 0 0 0 0 0
 0 0 0 0 0
 0 0 0 0 0
 0 0 0 0 0
 0.835266 0.146461 0.0176864 0.000547809 3.91292e-05
 0.385257 0.428462 0.181853 0.0044286 0
 0.867414 0.0963971 0.0333333 0.00285562 0
 0.441836 0.489002 0.0689373 0.000224442 0
 0.779404 0.147425 0.0564933 0.0165055 0.000172143
 0.814271 0.122319 0.05973 0.00367925 0
 0.40263 0.566651 0.0304383 0.000280538 0
 0.475488 0.404961 0.113038 0.00651328 0
 0.955842 0.0263864 0.0167828 0.000988607 0
 0.975058 0.0227948 0.00214734 0 0
 0.738997 0.206755 0.0527124 0.00153531 0
 0.850938 0.134255 0.0134407 0.00136685 0
 0.542534 0.407297 0.0501686 0 0
 0.764087 0.199537 0.0359546 0.000420521 0
 0.470689 0.182191 0.310203 0.0369168 0
 0.84361 0.089868 0.0606195 0.00523954 0.000663233
 0.607945 0.314616 0.071237 0.00620181 0
 0.523733 0.453247 0.0230204 0 0
 0.530135 0.295979 0.169645 0.0042399 0
 0.562478 0.366248 0.0663022 0.0049721 0
ppred_RECLAS
 0.770077 0.171868 0.05203 0.00602166 3.71838e-06
 0.71848 0.233142 0.0369578 0.0102414 0.00117879
 0.567593 0.338184 0.0790127 0.0116342 0.00357682
 0.687234 0.203677 0.0871325 0.0184325 0.0035237
 0.697572 0.214848 0.0574009 0.0241115 0.00606795
 0.530212 0.337199 0.0943555 0.0250618 0.0131717
 0.64899 0.201315 0.108548 0.0293026 0.0118436
 0.59195 0.279551 0.0744717 0.039195 0.0148326
 0.64109 0.232179 0.0881362 0.0223981 0.016196
 0.621418 0.26316 0.076075 0.0273951 0.0119515
 0.482191 0.351855 0.116999 0.0323015 0.0166537
 0.495143 0.290278 0.149917 0.0456702 0.0189925
 0.621392 0.225035 0.09143 0.0434906 0.0186519
 0.622293 0.28624 0.0573414 0.0203917 0.013733
 0.731928 0.217846 0.0402329 0.00630513 0.00368822
 0.757973 0.210058 0.0271654 0.00386214 0.0009417
 0.633669 0.302662 0.0560356 0.00649374 0.00113956
 0.64869 0.246408 0.087796 0.0150654 0.0020414
 0.643725 0.249259 0.0761841 0.025818 0.0050131
 0.720253 0.192962 0.0614857 0.0180251 0.00727355
 0.668309 0.250876 0.0564481 0.0172783 0.00708915
 0.664734 0.233531 0.0773356 0.0170496 0.00734952
 0.706926 0.204244 0.0623485 0.0201383 0.00634253
 0.622615 0.278724 0.0693613 0.0205774 0.00872228
pobs_PELACES
 0 0 0 0 0
 0 0 0 0 0
 0 0 0 0 0
 0 0 0 0 0
 0 0 0 0 0
 0 0 0 0 0
 0 0 0 0 0
 0 0 0 0 0
 0 0 0 0 0
 0 0 0 0 0
 0.450072 0.473896 0.0757376 0.000293798 0
 0 0 0 0 0
 0.463077 0.371075 0.160297 0.00555027 0
 0.529543 0.364841 0.0842815 0.0213345 0
 0.631943 0.363953 0.00410389 0 0
 0.735681 0.248677 0.0153453 0.000297389 0
 0.695825 0.281241 0.0229344 0 0
 0.275771 0.60734 0.115278 0.00161068 0
 0 0 0 0 0
 0.896147 0.0623911 0.0374545 0.00400742 0
 0.803859 0.145111 0.0509908 3.86294e-05 0
 0.739449 0.233085 0.0266225 0.000797448 4.60066e-05
 0.878498 0.100942 0.0204185 0.000141795 0
 0.694673 0.275183 0.0284847 0.00165964 0
ppred_PELACES
 0.779527 0.167088 0.0478628 0.00551799 3.40666e-06
 0.722194 0.231816 0.0351595 0.00971299 0.00111779
 0.586978 0.327546 0.0717306 0.0105142 0.00323172
 0.671811 0.214618 0.0907273 0.019177 0.00366586
 0.676079 0.230272 0.0613819 0.0257796 0.00648771
 0.520307 0.34655 0.0947933 0.0251381 0.0132107
 0.634388 0.210961 0.112173 0.0302517 0.0122266
 0.586923 0.285624 0.0739286 0.0388309 0.0146932
 0.639417 0.23602 0.0866907 0.02198 0.0158918
 0.614859 0.269928 0.075986 0.0273122 0.0119142
 0.496055 0.348466 0.109739 0.0301821 0.0155579
 0.506218 0.289911 0.142584 0.0432881 0.0179986
 0.651644 0.213689 0.0803529 0.0380152 0.016299
 0.695878 0.238742 0.041152 0.0144815 0.00974719
 0.798036 0.169082 0.026402 0.00408934 0.00239058
 0.773396 0.198439 0.0239505 0.00338867 0.000826041
 0.640415 0.299547 0.0528616 0.00610542 0.00107123
 0.645462 0.251005 0.0866804 0.0148415 0.00201083
 0.63672 0.256154 0.0763029 0.0258118 0.00501141
 0.714094 0.198805 0.0617429 0.0180681 0.00729018
 0.652469 0.263664 0.0585949 0.0179198 0.00735204
 0.6509 0.244307 0.0796808 0.017548 0.0075639
 0.695562 0.21332 0.063979 0.0206394 0.00649993
 0.609145 0.289977 0.0709454 0.0210223 0.00891032
pobs_pel_tallas
 0 0 0 0 0 0 0 0 0 0 0 0 0 0 0 0 0 0 0 0 0 0 0 0 0 0 0 0 0 0 0 0 0 0 0 0
 0 0 0 0 0 0 0 0 0 0 0 0 0 0 0 0 0 0 0 0 0 0 0 0 0 0 0 0 0 0 0 0 0 0 0 0
 0 0 0 0 0 0 0 0 0 0 0 0 0 0 0 0 0 0 0 0 0 0 0 0 0 0 0 0 0 0 0 0 0 0 0 0
 0 0 0 0 0 0 0 0 0 0 0 0 0 0 0 0 0 0 0 0 0 0 0 0 0 0 0 0 0 0 0 0 0 0 0 0
 0 0 0 0 0 0 0 0 0 0 0 0 0 0 0 0 0 0 0 0 0 0 0 0 0 0 0 0 0 0 0 0 0 0 0 0
 0 0 0 0 0 0 0 0 0 0 0 0 0 0 0 0 0 0 0 0 0 0 0 0 0 0 0 0 0 0 0 0 0 0 0 0
 0 0 0 0 0 0 0 0 0 0 0 0 0 0 0 0 0 0 0 0 0 0 0 0 0 0 0 0 0 0 0 0 0 0 0 0
 0 0 0 0 0 0 0 0 0 0 0 0 0 0 0 0 0 0 0 0 0 0 0 0 0 0 0 0 0 0 0 0 0 0 0 0
 0 0 0 0 0 0 0 0 0 0 0 0 0 0 0 0 0 0 0 0 0 0 0 0 0 0 0 0 0 0 0 0 0 0 0 0
 0 0 0 0 0 0 0 0 0 0 0 0 0 0 0 0 0 0 0 0 0 0 0 0 0 0 0 0 0 0 0 0 0 0 0 0
 0 0 0 0 0 0 0 0 1.78061e-05 0.00172719 0.00360574 0.0105946 0.0120993 0.0124554 0.0147524 0.0171206 0.0266825 0.0428682 0.0675386 0.121331 0.153587 0.119568 0.100827 0.0573624 0.0630603 0.0341343 0.0324427 0.0444173 0.0211091 0.0280891 0.0125444 0.00206551 0 0 0 0
 0 0 0 0 0 0 0 0 0 0 0 0 0 0 0 0 0 0 0 0 0 0 0 0 0 0 0 0 0 0 0 0 0 0 0 0
 0 0 0 0 0 0 0.0133647 0.0140871 0.0187388 0.0205184 0.03894 0.0496705 0.03968 0.0493445 0.0407372 0.0367815 0.0215668 0.0243155 0.0234873 0.0199281 0.019796 0.0243948 0.0301388 0.0376714 0.0412746 0.0863199 0.0771752 0.113111 0.0741005 0.0525337 0.0229764 0.00759418 0.00175318 0 0 0
 0 0 0 0 0 0 0 0 0 0 0.00219441 0.00772107 0.0458388 0.0604681 0.0671733 0.0775358 0.0609151 0.0617685 0.073594 0.0568108 0.0755445 0.0548602 0.0670107 0.0636378 0.0643287 0.046367 0.0373049 0.0286899 0.0247887 0.0153202 0.00654259 0.00121912 0.000365735 0 0 0
 0 0 0 0 0 0 0 0 0 0 0 0 0.000112435 0.00938835 0.0111873 0.0202946 0.0414886 0.0713402 0.111592 0.104902 0.108894 0.110636 0.117776 0.105296 0.107544 0.0401394 0.0192827 0.0124803 0.00416011 0.0028671 0.000618394 0 0 0 0 0
 0 0 0 0 0 0 0 0 0 0 0.00291406 0.0102884 0.027416 0.0768956 0.0749926 0.110853 0.0956884 0.0897413 0.0766577 0.0534642 0.0500743 0.0551293 0.0594112 0.0620874 0.0668451 0.0424026 0.0208742 0.0120726 0.0048766 0.00582813 0.00118941 0.000297354 0 0 0 0
 0 0.00264628 0.0354308 0.0461629 0.0458689 0.0383711 0.0214643 0.0164657 0.0346957 0.0420465 0.0363128 0.0245516 0.0311673 0.0291091 0.0169068 0.0133784 0.00837989 0.0085269 0.0148486 0.0160247 0.0276389 0.0546898 0.0760071 0.122758 0.109233 0.0665981 0.0333725 0.0166128 0.00676272 0.00308733 0.000882094 0 0 0 0 0
 0 0 0 0 0 0 0 0.000805153 0.000690131 0.00759144 0.0133425 0.0154129 0.00931677 0.000345066 0.00356568 0.00563607 0.00851162 0.0253048 0.0502646 0.0516448 0.0657925 0.0565908 0.0611916 0.0827007 0.0866115 0.110766 0.145733 0.0935128 0.0569358 0.0249597 0.0138026 0.00621118 0.00161031 0.00115022 0 0
 0 0 0 0 0 0 0 0 0 0 0 0 0 0 0 0 0 0 0 0 0 0 0 0 0 0 0 0 0 0 0 0 0 0 0 0
 0.00147267 0.00158595 0.00478618 0.00569244 0.00954404 0.0108468 0.00647125 0.017049 0.0510054 0.094081 0.124002 0.0959785 0.0687766 0.0820023 0.061753 0.0591476 0.0492212 0.0479892 0.0443925 0.0268479 0.0217502 0.0140895 0.0121071 0.0120363 0.00920419 0.00665534 0.0049561 0.00860946 0.00930331 0.0156896 0.0114698 0.00855282 0.00243557 0.00046729 0 2.83206e-05
 0 0 0 0 0.000772559 0.00158375 0.000888443 0.00281984 0.00712685 0.0440552 0.0773331 0.111326 0.0921469 0.0852325 0.0710754 0.0886704 0.0786465 0.0553345 0.0373146 0.0185414 0.00753245 0.00457741 0.012979 0.0271748 0.0457355 0.0583668 0.034881 0.0177882 0.00938659 0.00492506 0.0015258 0.00185414 0.000309023 5.79419e-05 3.86279e-05 0
 0 0.00173294 0.00326652 0 0.00397197 0.00683976 0.00946217 0.0152591 0.00757587 0.0136028 0.0228656 0.0392903 0.0559909 0.0764795 0.0681675 0.0726916 0.0566044 0.0477403 0.0527397 0.0444891 0.0609904 0.0582453 0.0661739 0.0445044 0.0529084 0.0360697 0.0280645 0.0235558 0.0158879 0.00826598 0.00280645 0.00217768 0.000904811 0.00058276 9.20147e-05 0
 0 0 0 0 0 0 0 0 0 0 0 0 0 0 0 0 0 0 0 0 0 0 0 0 0 0 0 0 0 0 0 0 0 0 0 0
 0 0 0 0 0 0 0 0 0 0 0 0 0 0 0 0 0 0 0 0 0 0 0 0 0 0 0 0 0 0 0 0 0 0 0 0
ppred_pel_tallas
 1.00924e-16 3.40106e-05 0.000199618 0.000948898 0.00365332 0.0113926 0.0287767 0.0588808 0.097601 0.131074 0.142632 0.125803 0.0900372 0.0525118 0.0254201 0.011087 0.00579387 0.00516386 0.00651212 0.00865441 0.0110985 0.0135402 0.0156983 0.0173123 0.0181884 0.0182415 0.0175116 0.0161467 0.0143611 0.0123828 0.0104076 0.0085729 0.00695208 0.00556637 0.00440408 0.00343898
 1.00961e-16 3.15131e-05 0.00018495 0.000879152 0.00338476 0.010555 0.0266613 0.054553 0.0904295 0.12145 0.132177 0.116625 0.0835617 0.0489237 0.0240352 0.0110828 0.00665282 0.00671062 0.00876643 0.0116873 0.0149434 0.0181461 0.0209117 0.022885 0.0238094 0.0235853 0.0222918 0.0201607 0.0175139 0.0146867 0.0119611 0.00952617 0.00747209 0.00580749 0.00449025 0.00345723
 1.01638e-16 2.5621e-05 0.000150349 0.000714636 0.0027513 0.00857958 0.0216716 0.0443444 0.0735116 0.0987417 0.107497 0.0949305 0.0681953 0.0402854 0.0204597 0.0105604 0.00787777 0.00917984 0.0124513 0.0167203 0.0214348 0.0260944 0.0301656 0.0331445 0.0346601 0.0345588 0.032936 0.0301004 0.0264892 0.0225626 0.018711 0.0152021 0.0121706 0.00964281 0.00757674 0.00590179
 1.02189e-16 2.93157e-05 0.00017205 0.000817828 0.00314865 0.00981874 0.0248014 0.0507475 0.0841216 0.112979 0.122959 0.108496 0.077746 0.0455371 0.0224076 0.0103977 0.00634105 0.00649644 0.00856289 0.0115035 0.014842 0.0182304 0.0213176 0.0237672 0.0253197 0.0258453 0.0253667 0.0240398 0.0221035 0.0198182 0.0174113 0.0150471 0.0128224 0.0107799 0.00893106 0.00727481
 1.02136e-16 2.95023e-05 0.000173144 0.000823028 0.00316867 0.00988116 0.0249591 0.0510703 0.084657 0.113699 0.123745 0.109196 0.0782612 0.0458659 0.022619 0.0105774 0.0065567 0.0067916 0.00896086 0.012009 0.0154385 0.0188765 0.0219476 0.0242978 0.0256621 0.0259223 0.0251287 0.0234764 0.0212477 0.0187404 0.0162067 0.0138192 0.0116655 0.00976702 0.00810646 0.00665353
 1.0294e-16 2.27147e-05 0.000133284 0.000633505 0.00243891 0.00760543 0.019211 0.03931 0.0651677 0.0875396 0.0953162 0.0842083 0.0605684 0.0359324 0.0185315 0.0100277 0.00804899 0.00975509 0.0133696 0.0180181 0.0231707 0.0283164 0.0328982 0.0363832 0.0383723 0.0386885 0.03741 0.0348346 0.0313927 0.0275394 0.0236616 0.0200247 0.0167657 0.0139184 0.011456 0.0093292
 1.03272e-16 2.76837e-05 0.000162469 0.00077228 0.00297328 0.00927185 0.02342 0.0479211 0.0794367 0.106688 0.116116 0.102465 0.07344 0.0430474 0.0212438 0.00996333 0.00622486 0.00650531 0.00864078 0.0116586 0.0151118 0.0186687 0.0219894 0.0247426 0.0266646 0.0276116 0.0275812 0.026696 0.0251579 0.0231912 0.0209943 0.0187139 0.0164422 0.0142313 0.0121126 0.0101129
 1.03164e-16 2.56169e-05 0.000150329 0.000714549 0.00275097 0.00857859 0.021669 0.0443389 0.0735013 0.0987243 0.107469 0.0948836 0.0681138 0.0401413 0.0202104 0.0101472 0.00722839 0.00821565 0.011101 0.0149393 0.0192275 0.023532 0.0273947 0.0303791 0.0321581 0.0325846 0.0317188 0.0297979 0.027165 0.0241806 0.0211477 0.0182707 0.0156507 0.013309 0.011223 0.00935764
 1.02806e-16 2.79039e-05 0.00016376 0.000778412 0.00299688 0.00934546 0.023606 0.0483017 0.0800683 0.107538 0.117045 0.103296 0.0740601 0.043459 0.0215357 0.0102465 0.00659217 0.0070226 0.00934957 0.0125748 0.0162184 0.0199085 0.0232634 0.0259175 0.027591 0.0281486 0.0276225 0.0261901 0.024118 0.0216918 0.0191568 0.0166845 0.0143689 0.012244 0.0103102 0.00855744
 1.02662e-16 2.68345e-05 0.000157478 0.000748541 0.00288186 0.00898675 0.0227 0.0464482 0.076997 0.103417 0.11257 0.0993701 0.071297 0.0419419 0.0209773 0.0103025 0.00705068 0.00781902 0.0105015 0.0141178 0.0181645 0.0222242 0.0258608 0.0286593 0.0303083 0.0306668 0.0297908 0.0279053 0.0253371 0.0224318 0.0194824 0.0166893 0.0141554 0.0119069 0.00992591 0.00818004
 1.03436e-16 2.16573e-05 0.000127076 0.00060399 0.00232527 0.00725104 0.0183158 0.0374785 0.0621321 0.0834637 0.0908832 0.0803038 0.0577859 0.0343337 0.0178034 0.00978958 0.00804216 0.00986282 0.0135634 0.0183086 0.0235824 0.0288776 0.0336364 0.0373218 0.0395272 0.0400648 0.0389992 0.0366135 0.033323 0.0295699 0.0257315 0.0220695 0.0187226 0.0157326 0.0130854 0.0107469
 1.04447e-16 2.20981e-05 0.00012967 0.000616331 0.00237281 0.00739929 0.0186902 0.0382441 0.0633995 0.0851608 0.0927168 0.0818897 0.0588526 0.0348187 0.017783 0.00934859 0.00719736 0.00856493 0.0117388 0.0159061 0.0206127 0.02544 0.0299281 0.0336247 0.0361724 0.0373798 0.0372522 0.0359669 0.0338091 0.0310929 0.0280933 0.0250103 0.0219653 0.0190215 0.0162128 0.0135667
 1.03279e-16 2.84362e-05 0.000166887 0.000793282 0.00305414 0.00952403 0.024057 0.0492244 0.0815969 0.109589 0.119271 0.105245 0.0754247 0.0441937 0.021777 0.010157 0.00626598 0.00647892 0.00856683 0.0115255 0.0148928 0.0183293 0.0214916 0.0240507 0.0257523 0.0264694 0.0262224 0.0251593 0.0235053 0.0215019 0.0193545 0.0172049 0.01513 0.0131584 0.0112953 0.0095422
 1.01616e-16 3.03659e-05 0.000178214 0.000847128 0.00326145 0.0101705 0.02569 0.0525658 0.0871359 0.117028 0.127368 0.112392 0.0805497 0.0472026 0.023269 0.0108639 0.00670646 0.00691628 0.00909768 0.0121563 0.0155716 0.0189518 0.0219056 0.0240685 0.0251748 0.0251176 0.023971 0.0219629 0.0194122 0.0166511 0.0139572 0.011516 0.00941435 0.00766036 0.00621467 0.00502052
 1.00683e-16 3.48177e-05 0.000204356 0.000971424 0.00374005 0.011663 0.0294598 0.0602786 0.099918 0.134185 0.146016 0.128786 0.0921657 0.053741 0.0259918 0.0112948 0.00583931 0.00513963 0.00644223 0.00853026 0.0108967 0.0132295 0.0152435 0.0166786 0.0173474 0.0171773 0.0162262 0.0146633 0.0127243 0.0106542 0.0086596 0.00687924 0.00537931 0.00416641 0.0032097 0.0024627
 1.0056e-16 3.37444e-05 0.000198052 0.000941451 0.00362463 0.0113031 0.0285507 0.0584187 0.096836 0.13005 0.141523 0.124843 0.0893859 0.0522049 0.0254071 0.0113106 0.00623646 0.00584652 0.00747108 0.00991455 0.012652 0.0153324 0.0176234 0.0192207 0.0199071 0.0196019 0.0183797 0.016447 0.0140886 0.0115996 0.00922791 0.00713909 0.00541034 0.00404588 0.00300357 0.00222151
 1.01108e-16 2.795e-05 0.000164025 0.000779658 0.00300166 0.00936032 0.0236436 0.0483792 0.0801984 0.107718 0.117255 0.103513 0.0742853 0.0437313 0.0219291 0.0108606 0.0075409 0.008422 0.0112992 0.0151303 0.0193608 0.0235188 0.0271132 0.0296839 0.0308966 0.0306191 0.0289507 0.0261876 0.0227446 0.0190552 0.0154861 0.0122862 0.00957716 0.00737608 0.00563352 0.00427144
 1.01917e-16 2.81682e-05 0.00016531 0.000785777 0.00302523 0.00943387 0.0238293 0.0487588 0.0808263 0.108557 0.118157 0.104284 0.0747822 0.0439108 0.0218112 0.0104627 0.00684129 0.00736433 0.00981947 0.0131893 0.0169726 0.0207717 0.0241763 0.0267952 0.0283321 0.0286487 0.0277904 0.0259619 0.0234665 0.0206295 0.0177327 0.0149758 0.0124701 0.0102551 0.00832668 0.00666221
 1.02288e-16 2.77871e-05 0.000163072 0.00077514 0.00298427 0.00930613 0.0235067 0.0480987 0.0797323 0.107089 0.116561 0.102879 0.0737853 0.0433459 0.0215685 0.0104092 0.00688829 0.00747403 0.00998398 0.0134111 0.0172537 0.0211094 0.0245622 0.0272164 0.0287743 0.0291 0.0282449 0.0264213 0.0239398 0.0211299 0.0182732 0.0155648 0.0131076 0.0109318 0.00902438 0.00735722
 1.01903e-16 3.11587e-05 0.000182872 0.000869279 0.00334675 0.0104365 0.0263619 0.0539402 0.089413 0.120082 0.130682 0.115292 0.0825743 0.0482815 0.0236015 0.0106868 0.00615425 0.00601279 0.00780928 0.0104464 0.0134382 0.01645 0.0191551 0.0212457 0.0224901 0.0227814 0.0221574 0.0207805 0.0188886 0.0167352 0.0145364 0.0124423 0.0105322 0.00883017 0.00732753 0.00600432
 1.01878e-16 2.84742e-05 0.000167105 0.000794311 0.00305809 0.00953631 0.0240881 0.0492883 0.0817043 0.109737 0.119443 0.105423 0.075607 0.0444114 0.0220895 0.0106436 0.0070175 0.00758793 0.010113 0.0135542 0.0173905 0.0212035 0.0245632 0.0270649 0.02841 0.0284724 0.0273233 0.0252031 0.0224535 0.0194331 0.0164446 0.0136935 0.0112815 0.00922715 0.00749865 0.00604536
 1.02168e-16 2.8405e-05 0.000166701 0.000792392 0.0030507 0.0095133 0.0240299 0.0491692 0.0815064 0.10947 0.119148 0.105153 0.0753943 0.0442472 0.0219354 0.0104509 0.00673975 0.00718628 0.00955901 0.0128355 0.0165185 0.0202199 0.0235413 0.0261041 0.0276219 0.027962 0.02717 0.0254451 0.023081 0.0203909 0.017644 0.0150284 0.0126461 0.0105299 0.00867192 0.00704839
 1.01991e-16 3.03512e-05 0.000178129 0.000846731 0.00325994 0.0101658 0.025678 0.0525411 0.0870943 0.11697 0.1273 0.112319 0.0804705 0.0471017 0.0231187 0.0106271 0.00634069 0.00637837 0.00835165 0.0111843 0.0143857 0.0176037 0.0204889 0.0227118 0.0240243 0.0243131 0.0236204 0.022122 0.0200754 0.0177539 0.0153905 0.0131465 0.0111065 0.00929519 0.00770181 0.00630322
 1.02241e-16 2.65861e-05 0.000156018 0.000741597 0.00285511 0.00890334 0.0224893 0.0460173 0.0762834 0.10246 0.111534 0.0984675 0.0706757 0.0416292 0.0209183 0.0104336 0.00734303 0.00827973 0.0111546 0.0149836 0.0192438 0.0234877 0.0272452 0.0300707 0.0316335 0.0317905 0.0306144 0.0283627 0.025404 0.0221265 0.0188589 0.0158256 0.0131393 0.0108242 0.00885084 0.00717019
pSPR Fmed_Fpbrs
0.603109   0.388692 0.388692
Fs Fmed_Fpbrs
0.408539   1.005 1.005
SSBpbr Bo_Bmed_Bpbrs
1.05509e+06  583582  357351 357351
Ro
44355.9
SPR SPRFo_SPRFmed_SPRFpbrs
912560 550373 354704
log_Ro
10.52
likeval ReclasPelacesDesembMPH_pf_preclas_ppelaces_ptallas_desvR_qrecl_qpela
 60.1458 18.6708 0.014097 0.000226627 283.988 166.48 79.1221 0 15.6158 3.68043e-05 3.4214e-05 0 0 0 0
q_reclas_q_pelaces
0.423302 2.29831
M
0.7
N
 46497.7 12306.7 4051.13 471.609 0.29131
 56786.5 20896 3541.75 986.057 113.524
 35471.1 26036.7 6710.02 994.81 305.958
 53107.6 15670.9 6825.88 1445.8 276.41
 87503.4 25811.8 6919.94 2907.45 731.705
 65424.6 43274.8 12533.4 3337.04 1754.07
 100132 31182.3 17172.5 4642.58 1876.6
 96324.9 48487 13493.2 7123.26 2696.1
 115686 45408 18119.3 4620.77 3341.9
 121010 54129.2 16290.4 5882.8 2566.85
 66427.8 57276.8 20681.6 5742.85 2961.76
 44131.1 29900.8 16629.7 5092.34 2118.3
 42728.4 20062.8 9165.71 4395.77 1886.05
 23059.5 18449.7 4641.19 1676.99 1130.35
 15709.1 8728.57 2078.83 331.63 194.174
 16582.1 5760.87 827.186 118.466 28.8966
 13216.9 7268.88 1447.22 168.567 29.5893
 14718.5 6018.69 2248.54 387.12 52.465
 16945.9 6907.61 2195.17 745.953 144.863
 28490.9 8033.02 2661.11 782.252 315.702
 36068.5 13507.5 3096.85 949.164 389.463
 49403.8 17514.7 5935.54 1310.68 565.039
 81065.4 23867.3 7483.44 2421.64 762.77
 85702.2 38992 9956.41 2959.08 1254.41
pred_Ctot
 3195.89 3838.94 1546.68 182.188 0.112607
 3146.46 5444.28 1142.92 322.229 37.1228
 2833.77 9166.2 2863.5 429.287 132.107
 812.904 1256.84 704.518 151.513 28.9897
 257.924 412.344 144.054 61.5062 15.4922
 1896.67 6333.49 2329.03 629.026 330.89
 1794.42 2907.16 2054.99 563.981 228.152
 3523.23 8771.64 3076.82 1646.84 623.77
 4822.76 9234.63 4622.32 1194.74 864.69
 4087.96 9112.68 3466.08 1269.27 554.233
 4495.05 17639.9 7803.03 2192.54 1131.47
 2695.83 8459.72 5797.7 1797.22 748.086
 4041.97 8047.39 4402.34 2133.21 915.779
 4004.71 11122 3166.32 1151.78 776.611
 3006.37 5554.1 1481.38 237.758 139.255
 1408.44 2127.86 368.788 53.3921 13.0311
 792.737 2025.22 497.356 58.6473 10.3013
 583.21 1169.9 549.316 95.8661 13.0018
 554.823 1130.23 454.396 156.592 30.4327
 930.27 1311.1 549.521 163.819 66.1635
 574.862 1126.07 332.037 103.322 42.4295
 965.88 1773.57 770.233 172.638 74.4839
 1833.8 2773.18 1110.9 364.814 114.999
 1866.74 4372.36 1427.58 430.594 182.68
F
 0.0998457 0.545524 0.713037 0.724751 0.725378
 0.0797918 0.435956 0.569825 0.579185 0.579687
 0.116915 0.638785 0.834936 0.848652 0.849386
 0.0214868 0.117397 0.153446 0.155967 0.156102
 0.00410608 0.0224343 0.0293232 0.0298049 0.0298306
 0.0410464 0.224264 0.293128 0.297944 0.298201
 0.025197 0.137668 0.179942 0.182898 0.183056
 0.0520378 0.284318 0.371623 0.377728 0.378054
 0.0595046 0.325113 0.424946 0.431927 0.4323
 0.0479767 0.262129 0.34262 0.348249 0.34855
 0.0982312 0.536703 0.701508 0.713031 0.713648
 0.0882951 0.482415 0.63055 0.640908 0.641463
 0.139814 0.763897 0.998467 1.01487 1.01575
 0.271475 1.48325 1.93871 1.97055 1.97226
 0.303153 1.65633 2.16494 2.2005 2.2024
 0.124723 0.681445 0.890697 0.905328 0.906112
 0.0866308 0.473322 0.618665 0.628828 0.629372
 0.0564836 0.308608 0.403372 0.409998 0.410353
 0.0464671 0.253881 0.33184 0.337291 0.337583
 0.0463378 0.253174 0.330916 0.336352 0.336643
 0.0223819 0.122287 0.159838 0.162464 0.162604
 0.0275173 0.150345 0.196512 0.19974 0.199913
 0.0319003 0.174293 0.227813 0.231555 0.231755
 0.0307002 0.167736 0.219242 0.222844 0.223037
nmprior
 10 10 8 0
nm_flota  nm_reclas  nm_pelaces    nm_pelaL
inf 17.053 17.1714 30.3225
cv_recla  cv_pelaces  cv_mph
0.718008 0.508447 0.488421
 ------------------------------------------------
Talla a la edad & desviación 
 7.2 14.2025 17.0495 18.207 18.6776
 1.08 2.13037 2.55742 2.73105 2.80164
