years
 1997 1998 1999 2000 2001 2002 2003 2004 2005 2006 2007 2008 2009 2010 2011 2012 2013 2014 2015 2016 2017 2018 2019 2020
reclasobs
 0 0 0 370054 412103 1.49427e+06 250295 1.28982e+06 931140 785840 897777 1.04006e+06 184774 17550 25797 100020 73551 82996 120727 218422 84188 347160 605670 569463
reclaspred
 453510 134665 468443 335498 434798 510928 1.07573e+06 674516 689733 565651 430074 288186 175949 86212.8 64790.2 68241.9 87410.8 120856 129137 184524 263430 245363 439711 543862
pelacesobs
 0 0 0 0 0 0 0 0 0 2.06254e+06 1.5e+06 0 1.87456e+06 323000 250000 174000 83755 137374 0 501740 490994 745055 786931 1.00524e+06
pelacespred
 1.8446e+06 499773 1.01872e+06 1.12209e+06 1.22881e+06 1.22794e+06 2.79701e+06 2.30653e+06 2.03216e+06 1.70461e+06 1.17132e+06 804770 489833 206581 151612 167789 222534 308039 341209 472115 742371 675330 955244 1.39328e+06
mphobs
 0 0 0 0 0 112323 0 153150 637223 0 255016 313432 73983 77613 109348 50772 0 0 0 0 0 0 0 0
mphpred
 1.05162e+06 740134 984622 1.37167e+06 1.29244e+06 1.80931e+06 2.71194e+06 3.04863e+06 2.46228e+06 2.26532e+06 1.91773e+06 1.33075e+06 826291 441064 231972 209327 255949 360803 450514 522624 771781 902748 1.16742e+06 1.70105e+06
desembarqueobs
 350755 77701 442110 56441 14545 235359 269955 359681 431902 328805 639364 411747 362871 311530 167758 66681 60226 58785 57116 71774 51957 67425 138520 160799
desembarquepred
 350765 77704.4 442151 56442.6 14545.1 235390 269978 359712 431976 328871 639781 412111 363378 312156 167871 66699.1 60245.2 58789.3 57115.8 71777.6 51958.5 67423.3 138523 160802
Reclutas
 87339.3 109313 71592.6 101813 165332 124380 179560 153170 161311 141958 69911.8 42278.4 42214.1 25097.4 20872.9 27784.3 24374.2 27086.8 31843.2 55416.9 70169.4 95822.2 158019 167193
log_desv_Rt
 0.197556 0.421974 -0.001253 0.350893 0.835712 0.5511 0.918262 0.759304 0.811089 0.683284 -0.0250101 -0.527968 -0.529489 -1.04948 -1.23379 -0.947775 -1.07872 -0.973197 -0.811421 -0.257361 -0.0213324 0.290249 0.790472 0.846903
SSB
 1.05162e+06 740134 984622 1.37167e+06 1.29244e+06 1.80931e+06 2.71194e+06 3.04863e+06 2.46228e+06 2.26532e+06 1.91773e+06 1.33075e+06 826291 441064 231972 209327 255949 360803 450514 522624 771781 902748 1.16742e+06 1.70105e+06
BT
 3.6024e+06 1.02483e+06 2.06563e+06 2.06812e+06 2.21027e+06 2.38505e+06 5.19e+06 4.54179e+06 4.03567e+06 3.37375e+06 2.6875e+06 1.82593e+06 1.23664e+06 673461 416376 356013 448202 598439 660175 903800 1.37151e+06 1.27193e+06 1.8047e+06 2.62547e+06
Ftot
 0.274152 0.196507 0.261796 0.0477091 0.0106386 0.114407 0.071684 0.148672 0.176066 0.156402 0.35591 0.333775 0.51722 0.884736 0.758748 0.294931 0.211557 0.140997 0.120073 0.120523 0.0593783 0.0766685 0.0881941 0.0839696
BD_Bspro_t
 0.96694 0.842008 0.824744 0.751221 0.827476 0.899045 0.878449 0.878855 0.834383 0.79302 0.746898 0.604891 0.495331 0.383076 0.268402 0.292745 0.420815 0.591557 0.693024 0.765074 0.839521 0.888048 0.894804 0.89919
BD_Bspro
 0.713075 0.501866 0.667647 0.930092 0.876373 1.22685 1.8389 2.0672 1.66961 1.53606 1.30036 0.902347 0.560286 0.299074 0.157294 0.14194 0.173552 0.244651 0.305482 0.354378 0.523325 0.61213 0.791601 1.15344
BD_Bo
 0.62988 0.443313 0.589752 0.821578 0.774126 1.08371 1.62435 1.82602 1.47482 1.35684 1.14865 0.79707 0.494917 0.264181 0.138943 0.125379 0.153304 0.216107 0.269841 0.313033 0.462268 0.540713 0.699244 1.01887
BD_Brms
 2.25325 1.58585 2.1097 2.939 2.76925 3.87672 5.81074 6.53215 5.27581 4.85378 4.10901 2.85133 1.77045 0.945044 0.497034 0.448515 0.548408 0.773073 0.965294 1.1198 1.65365 1.93427 2.50138 3.64476
S_f
 0.212688 1 1 1 1
 0.212688 1 1 1 1
 0.212688 1 1 1 1
 0.212688 1 1 1 1
 0.212688 1 1 1 1
 0.212688 1 1 1 1
 0.212688 1 1 1 1
 0.212688 1 1 1 1
 0.212688 1 1 1 1
 0.212688 1 1 1 1
 0.212688 1 1 1 1
 0.212688 1 1 1 1
 0.212688 1 1 1 1
 0.212688 1 1 1 1
 0.212688 1 1 1 1
 0.212688 1 1 1 1
 0.212688 1 1 1 1
 0.212688 1 1 1 1
 0.212688 1 1 1 1
 0.212688 1 1 1 1
 0.212688 1 1 1 1
 0.212688 1 1 1 1
 0.212688 1 1 1 1
 0.212688 1 1 1 1
Scru_reclas
 1 1 1 1 1
 1 1 1 1 1
 1 1 1 1 1
 1 1 1 1 1
 1 1 1 1 1
 1 1 1 1 1
 1 1 1 1 1
 1 1 1 1 1
 1 1 1 1 1
 1 1 1 1 1
 1 1 1 1 1
 1 1 1 1 1
 1 1 1 1 1
 1 1 1 1 1
 1 1 1 1 1
 1 1 1 1 1
 1 1 1 1 1
 1 1 1 1 1
 1 1 1 1 1
 1 1 1 1 1
 1 1 1 1 1
 1 1 1 1 1
 1 1 1 1 1
 1 1 1 1 1
Scru_pelaces
 1 1 1 1 1
 1 1 1 1 1
 1 1 1 1 1
 1 1 1 1 1
 1 1 1 1 1
 1 1 1 1 1
 1 1 1 1 1
 1 1 1 1 1
 1 1 1 1 1
 1 1 1 1 1
 1 1 1 1 1
 1 1 1 1 1
 1 1 1 1 1
 1 1 1 1 1
 1 1 1 1 1
 1 1 1 1 1
 1 1 1 1 1
 1 1 1 1 1
 1 1 1 1 1
 1 1 1 1 1
 1 1 1 1 1
 1 1 1 1 1
 1 1 1 1 1
 1 1 1 1 1
pf_obs 
 0.256992 0.487395 0.22802 0.0275931 0
 0.321318 0.546541 0.124235 0.00734118 0.000564706
 0.182869 0.594174 0.210203 0.0122559 0.00049798
 0.330522 0.361315 0.267642 0.0388342 0.00168674
 0.649043 0.306663 0.0425973 0.00169635 0
 0.582887 0.30429 0.105238 0.00758474 0
 0.465427 0.430635 0.0974691 0.00646863 0
 0.296916 0.608066 0.0921331 0.00288517 0
 0.311714 0.524322 0.152257 0.0117073 0
 0.15457 0.633149 0.183074 0.0267441 0.00246327
 0.131901 0.49318 0.331252 0.0422183 0.00144891
 0.196976 0.569456 0.194076 0.0375587 0.00193317
 0.518974 0.381816 0.0799577 0.0180837 0.00116848
 0.0928022 0.601141 0.25162 0.0475244 0.00691264
 0.122501 0.610282 0.24278 0.0234846 0.000952079
 0.383417 0.481906 0.127806 0.00687128 0
 0.0376549 0.599619 0.316969 0.0457579 0
 0.0361596 0.667082 0.258105 0.0386534 0
 0.158088 0.579412 0.248529 0.0139706 0
 0.0477256 0.309471 0.559284 0.082774 0.000745712
 0.0406174 0.521527 0.379366 0.0568643 0.0016247
 0.151134 0.462217 0.34131 0.0453401 0
 0.294876 0.26143 0.354403 0.0886775 0.000613685
 0.281977 0.475581 0.204845 0.0348837 0.00271318
pf_pred 
 0.395273 0.426996 0.158966 0.0187561 9.13288e-06
 0.320581 0.527645 0.107167 0.039897 0.00470967
 0.184448 0.577231 0.185083 0.037591 0.0156468
 0.262851 0.401485 0.237576 0.0761762 0.0219115
 0.308051 0.436823 0.138954 0.0822248 0.033948
 0.185433 0.552056 0.165721 0.052716 0.0440735
 0.255931 0.394092 0.23719 0.0712018 0.0415854
 0.196209 0.502663 0.159491 0.0959917 0.0456455
 0.214029 0.432916 0.220788 0.0700543 0.0622123
 0.193362 0.468415 0.186295 0.0950108 0.0569177
 0.118478 0.482346 0.231802 0.0921906 0.075184
 0.117493 0.376031 0.27713 0.133181 0.0961645
 0.186466 0.342716 0.200613 0.147849 0.122356
 0.178185 0.474533 0.146299 0.0856377 0.115345
 0.249744 0.455885 0.169976 0.0524037 0.0719914
 0.338189 0.457064 0.124412 0.0463868 0.0339476
 0.239585 0.557317 0.140265 0.0381798 0.0246533
 0.244554 0.468032 0.210648 0.0530159 0.0237489
 0.250575 0.463443 0.177179 0.0797432 0.0290602
 0.332061 0.416655 0.155393 0.0594084 0.036482
 0.287788 0.50672 0.128184 0.047807 0.0295008
 0.286759 0.471491 0.171999 0.0435104 0.026241
 0.328711 0.444158 0.150146 0.0547729 0.0222123
 0.251085 0.528253 0.146001 0.0493549 0.025306
pobs_RECLAS
 0 0 0 0 0
 0 0 0 0 0
 0 0 0 0 0
 0 0 0 0 0
 0.835266 0.146461 0.0176864 0.000547809 3.91292e-05
 0.385257 0.428462 0.181853 0.0044286 0
 0.867414 0.0963971 0.0333333 0.00285562 0
 0.441836 0.489002 0.0689373 0.000224442 0
 0.779404 0.147425 0.0564933 0.0165055 0.000172143
 0.814271 0.122319 0.05973 0.00367925 0
 0.40263 0.566651 0.0304383 0.000280538 0
 0.475488 0.404961 0.113038 0.00651328 0
 0.955842 0.0263864 0.0167828 0.000988607 0
 0.975058 0.0227948 0.00214734 0 0
 0.738997 0.206755 0.0527124 0.00153531 0
 0.850938 0.134255 0.0134407 0.00136685 0
 0.542534 0.407297 0.0501686 0 0
 0.764087 0.199537 0.0359546 0.000420521 0
 0.470689 0.182191 0.310203 0.0369168 0
 0.84361 0.089868 0.0606195 0.00523954 0.000663233
 0.607945 0.314616 0.071237 0.00620181 0
 0.523733 0.453247 0.0230204 0 0
 0.530135 0.295979 0.169645 0.0042399 0
 0.562478 0.366248 0.0663022 0.0049721 0
ppred_RECLAS
 0.757333 0.171346 0.0637904 0.00752652 3.66487e-06
 0.691527 0.239564 0.0486563 0.0181142 0.00213831
 0.518992 0.340448 0.109161 0.022171 0.00922838
 0.626911 0.203201 0.120243 0.0385546 0.01109
 0.676814 0.204025 0.0649004 0.0384044 0.015856
 0.518412 0.326386 0.0979777 0.0311667 0.0260571
 0.618731 0.201937 0.121538 0.0364846 0.0213088
 0.536285 0.289991 0.0920119 0.0553786 0.0263333
 0.563736 0.240296 0.122552 0.0388846 0.0345318
 0.531879 0.271838 0.108113 0.0551382 0.0330314
 0.392239 0.332551 0.159815 0.0635604 0.0518352
 0.389607 0.260085 0.191679 0.0921157 0.0665129
 0.527121 0.199209 0.116609 0.0859397 0.0711214
 0.522264 0.275855 0.085046 0.0497827 0.0670523
 0.623485 0.228785 0.0853023 0.0262987 0.0361288
 0.709579 0.200572 0.0545952 0.0203558 0.0148972
 0.599729 0.293363 0.0738335 0.0200973 0.0129771
 0.605217 0.244586 0.110081 0.0277052 0.0124108
 0.612636 0.239545 0.0915803 0.0412178 0.0150206
 0.701637 0.186116 0.069413 0.0265373 0.0162962
 0.655797 0.244891 0.0619499 0.0231045 0.0142574
 0.65486 0.228156 0.0832309 0.0210548 0.0126981
 0.698092 0.199757 0.0675272 0.0246338 0.00998984
 0.612823 0.273098 0.0754799 0.0255157 0.0130828
pobs_PELACES
 0 0 0 0 0
 0 0 0 0 0
 0 0 0 0 0
 0 0 0 0 0
 0 0 0 0 0
 0 0 0 0 0
 0 0 0 0 0
 0 0 0 0 0
 0 0 0 0 0
 0 0 0 0 0
 0.450072 0.473896 0.0757376 0.000293798 0
 0 0 0 0 0
 0.463077 0.371075 0.160297 0.00555027 0
 0.529543 0.364841 0.0842815 0.0213345 0
 0.631943 0.363953 0.00410389 0 0
 0.735681 0.248677 0.0153453 0.000297389 0
 0.695825 0.281241 0.0229344 0 0
 0.275771 0.60734 0.115278 0.00161068 0
 0 0 0 0 0
 0.896147 0.0623911 0.0374545 0.00400742 0
 0.803859 0.145111 0.0509908 3.86294e-05 0
 0.739449 0.233085 0.0266225 0.000797448 4.60066e-05
 0.878498 0.100942 0.0204185 0.000141795 0
 0.694673 0.275183 0.0284847 0.00165964 0
ppred_PELACES
 0.770182 0.162273 0.0604127 0.00712798 3.47081e-06
 0.70231 0.231189 0.0469555 0.017481 0.00206356
 0.535943 0.32845 0.105314 0.0213897 0.00890316
 0.629806 0.201625 0.11931 0.0382555 0.0110039
 0.677418 0.203644 0.0647791 0.0383326 0.0158263
 0.525828 0.32136 0.0964689 0.0306868 0.0256558
 0.623115 0.199615 0.120141 0.0360651 0.0210638
 0.545876 0.283993 0.0901088 0.0542332 0.0257887
 0.574952 0.234118 0.119401 0.037885 0.033644
 0.541982 0.265971 0.10578 0.0539482 0.0323185
 0.414488 0.320377 0.153964 0.0612335 0.0499376
 0.410416 0.251218 0.185145 0.0889753 0.0642454
 0.560445 0.18517 0.108392 0.0798834 0.0661093
 0.579076 0.24305 0.0749324 0.0438626 0.0590785
 0.66852 0.20142 0.0750993 0.0231531 0.0318074
 0.725113 0.189844 0.0516751 0.019267 0.0141003
 0.612848 0.283748 0.0714135 0.0194386 0.0125518
 0.613935 0.239185 0.10765 0.0270934 0.0121367
 0.620013 0.234983 0.0898363 0.0404328 0.0147346
 0.708151 0.182053 0.0678977 0.0259579 0.0159405
 0.659271 0.24242 0.0613247 0.0228713 0.0141135
 0.659348 0.225189 0.0821486 0.020781 0.012533
 0.702899 0.196577 0.066452 0.0242415 0.00983078
 0.617987 0.269456 0.0744733 0.0251754 0.0129083
pobs_pel_tallas
 0 0 0 0 0 0 0 0 0 0 0 0 0 0 0 0 0 0 0 0 0 0 0 0 0 0 0 0 0 0 0 0 0 0 0 0
 0 0 0 0 0 0 0 0 0 0 0 0 0 0 0 0 0 0 0 0 0 0 0 0 0 0 0 0 0 0 0 0 0 0 0 0
 0 0 0 0 0 0 0 0 0 0 0 0 0 0 0 0 0 0 0 0 0 0 0 0 0 0 0 0 0 0 0 0 0 0 0 0
 0 0 0 0 0 0 0 0 0 0 0 0 0 0 0 0 0 0 0 0 0 0 0 0 0 0 0 0 0 0 0 0 0 0 0 0
 0 0 0 0 0 0 0 0 0 0 0 0 0 0 0 0 0 0 0 0 0 0 0 0 0 0 0 0 0 0 0 0 0 0 0 0
 0 0 0 0 0 0 0 0 0 0 0 0 0 0 0 0 0 0 0 0 0 0 0 0 0 0 0 0 0 0 0 0 0 0 0 0
 0 0 0 0 0 0 0 0 0 0 0 0 0 0 0 0 0 0 0 0 0 0 0 0 0 0 0 0 0 0 0 0 0 0 0 0
 0 0 0 0 0 0 0 0 0 0 0 0 0 0 0 0 0 0 0 0 0 0 0 0 0 0 0 0 0 0 0 0 0 0 0 0
 0 0 0 0 0 0 0 0 0 0 0 0 0 0 0 0 0 0 0 0 0 0 0 0 0 0 0 0 0 0 0 0 0 0 0 0
 0 0 0 0 0 0 0 0 0 0 0 0 0 0 0 0 0 0 0 0 0 0 0 0 0 0 0 0 0 0 0 0 0 0 0 0
 0 0 0 0 0 0 0 0 1.78061e-05 0.00172719 0.00360574 0.0105946 0.0120993 0.0124554 0.0147524 0.0171206 0.0266825 0.0428682 0.0675386 0.121331 0.153587 0.119568 0.100827 0.0573624 0.0630603 0.0341343 0.0324427 0.0444173 0.0211091 0.0280891 0.0125444 0.00206551 0 0 0 0
 0 0 0 0 0 0 0 0 0 0 0 0 0 0 0 0 0 0 0 0 0 0 0 0 0 0 0 0 0 0 0 0 0 0 0 0
 0 0 0 0 0 0 0.0133647 0.0140871 0.0187388 0.0205184 0.03894 0.0496705 0.03968 0.0493445 0.0407372 0.0367815 0.0215668 0.0243155 0.0234873 0.0199281 0.019796 0.0243948 0.0301388 0.0376714 0.0412746 0.0863199 0.0771752 0.113111 0.0741005 0.0525337 0.0229764 0.00759418 0.00175318 0 0 0
 0 0 0 0 0 0 0 0 0 0 0.00219441 0.00772107 0.0458388 0.0604681 0.0671733 0.0775358 0.0609151 0.0617685 0.073594 0.0568108 0.0755445 0.0548602 0.0670107 0.0636378 0.0643287 0.046367 0.0373049 0.0286899 0.0247887 0.0153202 0.00654259 0.00121912 0.000365735 0 0 0
 0 0 0 0 0 0 0 0 0 0 0 0 0.000112435 0.00938835 0.0111873 0.0202946 0.0414886 0.0713402 0.111592 0.104902 0.108894 0.110636 0.117776 0.105296 0.107544 0.0401394 0.0192827 0.0124803 0.00416011 0.0028671 0.000618394 0 0 0 0 0
 0 0 0 0 0 0 0 0 0 0 0.00291406 0.0102884 0.027416 0.0768956 0.0749926 0.110853 0.0956884 0.0897413 0.0766577 0.0534642 0.0500743 0.0551293 0.0594112 0.0620874 0.0668451 0.0424026 0.0208742 0.0120726 0.0048766 0.00582813 0.00118941 0.000297354 0 0 0 0
 0 0.00264628 0.0354308 0.0461629 0.0458689 0.0383711 0.0214643 0.0164657 0.0346957 0.0420465 0.0363128 0.0245516 0.0311673 0.0291091 0.0169068 0.0133784 0.00837989 0.0085269 0.0148486 0.0160247 0.0276389 0.0546898 0.0760071 0.122758 0.109233 0.0665981 0.0333725 0.0166128 0.00676272 0.00308733 0.000882094 0 0 0 0 0
 0 0 0 0 0 0 0 0.000805153 0.000690131 0.00759144 0.0133425 0.0154129 0.00931677 0.000345066 0.00356568 0.00563607 0.00851162 0.0253048 0.0502646 0.0516448 0.0657925 0.0565908 0.0611916 0.0827007 0.0866115 0.110766 0.145733 0.0935128 0.0569358 0.0249597 0.0138026 0.00621118 0.00161031 0.00115022 0 0
 0 0 0 0 0 0 0 0 0 0 0 0 0 0 0 0 0 0 0 0 0 0 0 0 0 0 0 0 0 0 0 0 0 0 0 0
 0.00147267 0.00158595 0.00478618 0.00569244 0.00954404 0.0108468 0.00647125 0.017049 0.0510054 0.094081 0.124002 0.0959785 0.0687766 0.0820023 0.061753 0.0591476 0.0492212 0.0479892 0.0443925 0.0268479 0.0217502 0.0140895 0.0121071 0.0120363 0.00920419 0.00665534 0.0049561 0.00860946 0.00930331 0.0156896 0.0114698 0.00855282 0.00243557 0.00046729 0 2.83206e-05
 0 0 0 0 0.000772559 0.00158375 0.000888443 0.00281984 0.00712685 0.0440552 0.0773331 0.111326 0.0921469 0.0852325 0.0710754 0.0886704 0.0786465 0.0553345 0.0373146 0.0185414 0.00753245 0.00457741 0.012979 0.0271748 0.0457355 0.0583668 0.034881 0.0177882 0.00938659 0.00492506 0.0015258 0.00185414 0.000309023 5.79419e-05 3.86279e-05 0
 0 0.00173294 0.00326652 0 0.00397197 0.00683976 0.00946217 0.0152591 0.00757587 0.0136028 0.0228656 0.0392903 0.0559909 0.0764795 0.0681675 0.0726916 0.0566044 0.0477403 0.0527397 0.0444891 0.0609904 0.0582453 0.0661739 0.0445044 0.0529084 0.0360697 0.0280645 0.0235558 0.0158879 0.00826598 0.00280645 0.00217768 0.000904811 0.00058276 9.20147e-05 0
 0 0 0 0 0 0 0 0 0 0 0 0 0 0 0 0 0 0 0 0 0 0 0 0 0 0 0 0 0 0 0 0 0 0 0 0
 0 0 0 0 0 0 0 0 0 0 0 0 0 0 0 0 0 0 0 0 0 0 0 0 0 0 0 0 0 0 0 0 0 0 0 0
ppred_pel_tallas
 1.01156e-16 3.36029e-05 0.000197225 0.000937523 0.00360952 0.011256 0.0284317 0.0581749 0.0964309 0.129503 0.140921 0.124294 0.0889558 0.0518787 0.0251096 0.0109456 0.00571372 0.00509135 0.00642914 0.0085618 0.011009 0.0134765 0.0156918 0.0173997 0.0184068 0.0186217 0.0180714 0.0168863 0.0152613 0.0134066 0.0115057 0.00969004 0.00803494 0.00656966 0.00529483 0.00419831
 1.0144e-16 3.06461e-05 0.00017986 0.000854953 0.00329159 0.0102645 0.0259273 0.0530513 0.0879406 0.118108 0.128541 0.113422 0.0812764 0.0476056 0.0234251 0.0108658 0.00661296 0.00674802 0.00885399 0.0118314 0.0151642 0.0184705 0.0213701 0.0235081 0.0246237 0.024609 0.0235305 0.0216036 0.0191331 0.0164382 0.0137884 0.011366 0.00926092 0.00748797 0.00601644 0.00479792
 1.02753e-16 2.33958e-05 0.000137285 0.000652526 0.00251216 0.00783383 0.0197879 0.0404903 0.0671235 0.0901643 0.0981674 0.0867115 0.0623345 0.0369112 0.0189098 0.0100301 0.00781739 0.00933849 0.0127644 0.0172076 0.0221489 0.0271007 0.0315336 0.0349391 0.0369329 0.0373383 0.0362191 0.0338465 0.0306192 0.0269624 0.0232413 0.0197115 0.0165111 0.0136839 0.0112174 0.00907681
 1.03589e-16 2.74835e-05 0.000161295 0.000766699 0.00295179 0.00920486 0.0232508 0.0475747 0.0788624 0.105916 0.115274 0.101718 0.0728974 0.0427139 0.0210509 0.0098263 0.00607915 0.00631195 0.00837948 0.011323 0.0147093 0.018223 0.0215407 0.0243445 0.0263778 0.027494 0.027678 0.0270311 0.0257294 0.0239719 0.0219367 0.0197579 0.017524 0.0152914 0.0131023 0.0109974
 1.03043e-16 2.95596e-05 0.000173483 0.000824645 0.0031749 0.00990061 0.0250082 0.0511705 0.0848224 0.113919 0.123979 0.109388 0.0783675 0.0458659 0.0225035 0.0103311 0.0061491 0.00618007 0.00810262 0.0108761 0.0140331 0.0172427 0.0201768 0.0225237 0.0240456 0.0246283 0.0242996 0.0232097 0.0215819 0.0196524 0.0176197 0.015618 0.0137153 0.0119311 0.0102608 0.00869622
 1.03728e-16 2.29544e-05 0.000134694 0.000640212 0.00246475 0.00768599 0.0194144 0.0397261 0.0658567 0.0884626 0.0963146 0.0850748 0.0611577 0.0362139 0.018552 0.0098399 0.00766997 0.00916567 0.0125349 0.0169101 0.021787 0.0266932 0.0311155 0.0345614 0.0366586 0.0372354 0.0363518 0.0342664 0.0313577 0.0280259 0.0246097 0.0213399 0.0183347 0.0156246 0.0131918 0.0110045
 1.03994e-16 2.71917e-05 0.000159581 0.000758554 0.00292044 0.00910707 0.0230038 0.0470694 0.0780247 0.104791 0.11405 0.100639 0.0721245 0.0422631 0.0208328 0.00973179 0.00603142 0.00627266 0.00833464 0.0112706 0.0146541 0.0181749 0.0215147 0.0243601 0.0264569 0.0276585 0.0279467 0.0274167 0.0262364 0.0245955 0.0226626 0.0205637 0.0183817 0.0161699 0.0139702 0.0118258
 1.04441e-16 2.3827e-05 0.00013982 0.000664592 0.00255863 0.00797877 0.0201539 0.0412389 0.068363 0.0918248 0.0999636 0.0882701 0.0633943 0.0374168 0.0189449 0.00968867 0.00712851 0.00826506 0.0112398 0.0151762 0.0196001 0.0240928 0.0282054 0.0315049 0.0336602 0.0345117 0.0340976 0.0326252 0.0304035 0.0277585 0.0249637 0.0222028 0.019568 0.0170846 0.0147457 0.0125411
 1.04646e-16 2.50929e-05 0.000147257 0.000699955 0.0026948 0.00840343 0.0212265 0.0434331 0.0719986 0.0967025 0.105259 0.0929105 0.06665 0.039184 0.019555 0.00953799 0.00645418 0.00712936 0.00961039 0.0130067 0.0168831 0.0208898 0.0246568 0.0278212 0.0300939 0.0313164 0.0314839 0.0307261 0.0292563 0.0273085 0.0250856 0.0227323 0.0203347 0.0179388 0.0155738 0.0132708
 1.04953e-16 2.36565e-05 0.000138821 0.000659844 0.00254036 0.00792179 0.02001 0.0409442 0.0678742 0.091167 0.0992442 0.0876273 0.062916 0.0371014 0.0187245 0.00947861 0.006858 0.0078841 0.0107165 0.0144972 0.0187757 0.0231626 0.0272395 0.0305994 0.0329248 0.0340518 0.0339962 0.0329282 0.0311111 0.0288274 0.0263153 0.0237378 0.0211819 0.0186813 0.0162472 0.0138922
 1.06728e-16 1.80995e-05 0.000106191 0.000504706 0.00194302 0.00605899 0.0153048 0.0313175 0.0519195 0.0697486 0.0759586 0.0671397 0.048364 0.0288386 0.0151457 0.00864061 0.00747023 0.0094078 0.013067 0.0177651 0.0230724 0.0285506 0.0337028 0.0380366 0.0411603 0.0428607 0.0431344 0.0421602 0.0402288 0.0376568 0.034715 0.0315925 0.0283976 0.0251842 0.0219859 0.0188422
 1.0877e-16 1.79191e-05 0.000105139 0.000499717 0.00192383 0.00599918 0.0151536 0.0310077 0.0514042 0.0690509 0.0751848 0.0664225 0.047775 0.0283431 0.0146235 0.00793539 0.00642449 0.0078786 0.0109399 0.0149779 0.0196463 0.024617 0.0295135 0.0339481 0.0375904 0.040225 0.041777 0.0422954 0.0419081 0.0407673 0.0390072 0.0367273 0.0340007 0.0308954 0.0274965 0.0239171
 1.07433e-16 2.44582e-05 0.000143535 0.000682274 0.00262674 0.00819121 0.0206904 0.0423358 0.0701785 0.0942543 0.102585 0.090528 0.0648926 0.0380541 0.0188128 0.00888365 0.00564232 0.0059898 0.00803233 0.0109331 0.0143231 0.017936 0.0214953 0.0247234 0.0273886 0.0293454 0.0305513 0.0310514 0.0309424 0.0303307 0.0292999 0.0279008 0.0261598 0.0240998 0.0217605 0.0192108
 1.05411e-16 2.52729e-05 0.000148313 0.000704977 0.00271414 0.00846372 0.0213788 0.0437448 0.0725154 0.0973969 0.106015 0.0935802 0.0671344 0.0394764 0.0197142 0.00963552 0.00654106 0.0072306 0.00973099 0.0131364 0.0169976 0.020952 0.0246201 0.0276373 0.0297239 0.0307428 0.0307209 0.0298236 0.0282967 0.0263957 0.0243278 0.0222236 0.020139 0.0180801 0.0160343 0.0139972
 1.03414e-16 2.91715e-05 0.000171205 0.000813815 0.0031332 0.00977057 0.0246797 0.0504984 0.0837084 0.112423 0.122351 0.107952 0.0773415 0.0452698 0.0222196 0.010216 0.00610292 0.00615483 0.00808317 0.0108635 0.0140365 0.0172774 0.0202623 0.0226825 0.0242999 0.0249965 0.0247931 0.02383 0.0223195 0.0204875 0.018525 0.0165612 0.0146636 0.012854 0.0111322 0.00949665
 1.02117e-16 3.16387e-05 0.000185691 0.000882685 0.00339837 0.0105975 0.0267685 0.0547721 0.0907915 0.121933 0.132693 0.117058 0.0838235 0.0489797 0.0238826 0.0107118 0.00602604 0.00576798 0.00744541 0.00994813 0.0127931 0.0156571 0.0182289 0.0202171 0.0214035 0.0216899 0.0211156 0.0198381 0.0180852 0.0160968 0.0140753 0.0121571 0.0104105 0.00885044 0.00746222 0.00622264
 1.02361e-16 2.67473e-05 0.000156965 0.0007461 0.00287246 0.00895742 0.0226259 0.0462968 0.0767464 0.103082 0.112208 0.0990584 0.0710901 0.0418538 0.0209952 0.0104129 0.0072544 0.00813039 0.0109394 0.0146952 0.0188797 0.0230542 0.026759 0.0295582 0.0311276 0.0313262 0.0302229 0.028067 0.0252161 0.0220467 0.0188774 0.0159254 0.0133001 0.0110247 0.00907166 0.00739486
 1.03105e-16 2.6793e-05 0.000157237 0.000747402 0.00287748 0.00897311 0.0226655 0.0463774 0.0768788 0.103256 0.112388 0.099195 0.0711392 0.0417846 0.0207801 0.0100124 0.00661086 0.00717529 0.00961051 0.0129589 0.016754 0.0206259 0.0241889 0.0270696 0.0289764 0.0297597 0.0294353 0.0281644 0.0261991 0.023814 0.0212492 0.0186778 0.0162019 0.0138697 0.0116994 0.00970001
 1.0343e-16 2.70578e-05 0.000158792 0.000754796 0.00290596 0.0090619 0.0228898 0.0468363 0.0776393 0.104276 0.113497 0.100169 0.0718282 0.0421696 0.0209347 0.010025 0.0065372 0.00703402 0.00939772 0.0126625 0.0163626 0.0201339 0.0235998 0.0263979 0.0282479 0.0290096 0.0287055 0.0274991 0.0256399 0.0233957 0.0209955 0.0185984 0.0162922 0.0141107 0.0120609 0.0101446
 1.0266e-16 3.08988e-05 0.000181347 0.000862037 0.00331888 0.0103496 0.0261423 0.0534908 0.0886676 0.11908 0.129588 0.114319 0.0818616 0.0478322 0.0233217 0.0104595 0.00588685 0.00564462 0.00730434 0.00978927 0.0126368 0.0155406 0.0182045 0.0203473 0.0217529 0.0223145 0.0220519 0.0210943 0.0196378 0.0178918 0.0160352 0.0141915 0.0124274 0.010767 0.00921274 0.00776287
 1.02395e-16 2.87699e-05 0.000168843 0.000802578 0.00308992 0.0096356 0.0243389 0.0498013 0.0825539 0.110876 0.120677 0.106499 0.0763508 0.0447916 0.0221735 0.0105104 0.00670523 0.00709195 0.00940779 0.0126167 0.0162181 0.019825 0.0230439 0.0255034 0.0269265 0.027191 0.0263525 0.0246187 0.0222883 0.0196751 0.0170437 0.0145729 0.0123512 0.0103967 0.00868677 0.00718602
 1.0254e-16 2.87726e-05 0.000168861 0.000802664 0.00309026 0.00963666 0.0243415 0.0498066 0.0825623 0.110886 0.120685 0.106497 0.0763311 0.0447437 0.0220827 0.0103568 0.00646422 0.00673703 0.00891667 0.0119792 0.015444 0.0189507 0.0221333 0.0246426 0.0262117 0.0267119 0.0261752 0.0247725 0.0227604 0.0204138 0.0179691 0.0155924 0.0133748 0.0113494 0.00951639 0.00786506
 1.023e-16 3.06704e-05 0.000180005 0.000855653 0.00329429 0.0102729 0.0259486 0.0530947 0.0880114 0.1182 0.128634 0.113486 0.081284 0.0475326 0.023246 0.0105445 0.0060999 0.00598608 0.00779099 0.0104372 0.0134487 0.0164978 0.0192633 0.0214412 0.0228005 0.0232309 0.0227624 0.0215459 0.0198062 0.0177829 0.0156804 0.0136407 0.0117397 0.0100026 0.00842644 0.00699975
 1.02614e-16 2.69708e-05 0.000158279 0.000752347 0.00289651 0.00903244 0.0228154 0.0466843 0.0773884 0.103942 0.113141 0.0998734 0.0716554 0.0421473 0.0210699 0.0103311 0.00704822 0.00780018 0.0104696 0.0140712 0.0181001 0.0221388 0.0257514 0.0285241 0.0301464 0.0304788 0.029579 0.0276733 0.0250903 0.0221767 0.0192264 0.0164403 0.0139206 0.0116928 0.00973706 0.00801917
pSPR Fmed_Fpbrs
0.769454   0.329543 0.329543
Fs Fmed_Fpbrs
0.155909   1.005 1.005
SSBpbr Bo_Bmed_Bpbrs
1.66955e+06  1.20117e+06  466712 466712
Ro
71682.4
SPR SPRFo_SPRFmed_SPRFpbrs
1.47476e+06 1.13476e+06 485999
log_Ro
11
likeval ReclasPelacesDesembMPH_pf_preclas_ppelaces_ptallas_desvR_qrecl_qpela
 63.1011 23.8069 0.039703 0.00180367 292.76 176.651 81.9477 0 16.987 0.000122093 0 0 0 0 0
q_reclas_q_pelaces
0.208926 1
M
0.7
N
 87339.3 22012.4 8194.98 966.911 0.470816
 109313 40914.8 8309.95 3093.7 365.198
 71592.6 52061.4 16692.9 3390.4 1411.21
 101813 33626.4 19898.2 6380.13 1835.2
 165332 50048.4 15920.4 9420.79 3889.55
 124380 81915.9 24590.3 7822.18 6539.77
 179560 60280.7 36280.7 10891.1 6360.93
 153170 87817.5 27863.8 16770.2 7974.47
 161311 73694.5 37584.4 11925.2 10590.3
 141958 77160.4 30687.7 15650.8 9375.86
 69911.8 68187.7 32769.1 13032.7 10628.5
 42278.4 32186.2 23720.8 11399.6 8231.15
 42214.1 19556.1 11447.4 8436.59 6981.89
 25097.4 18779.2 5789.62 3389.02 4564.68
 20872.9 10325.3 3849.77 1186.88 1630.52
 27784.3 8820.46 2400.9 895.175 655.124
 24374.2 12958.4 3261.35 887.732 573.221
 27086.8 11571.3 5207.94 1310.73 587.154
 31843.2 13053.5 4990.49 2246.08 818.521
 55416.9 15414.1 5748.78 2197.81 1349.65
 70169.4 26822.7 6785.33 2530.62 1561.6
 95822.2 34407.8 12551.9 3175.24 1914.98
 158019 46814.2 15825.4 5773.07 2341.18
 167193 77011.8 21284.8 7195.25 3689.26
pred_Ctot
 3569.74 3856.23 1435.63 169.388 0.0824797
 3225.72 5309.23 1078.32 401.449 47.3893
 2797.47 8754.67 2807.09 570.13 237.309
 739.655 1129.77 668.531 214.357 61.6584
 268.768 381.119 121.234 71.7394 29.619
 2153.35 6410.81 1924.46 612.17 511.808
 1955.59 3011.3 1812.39 544.061 317.758
 3434.94 8799.91 2792.14 1680.49 799.096
 4273.12 8643.22 4408.07 1398.64 1242.08
 3346.61 8107.07 3224.28 1644.39 985.1
 3681.52 14988.2 7202.91 2864.69 2336.23
 2092.19 6695.93 4934.82 2371.54 1712.39
 3182.69 5849.63 3424.15 2523.56 2088.43
 3129.71 8334.88 2569.65 1504.17 2025.97
 2257.99 4121.75 1536.79 473.792 650.889
 1219.31 1647.9 448.555 167.243 122.395
 773.26 1798.74 452.707 123.225 79.5685
 576.495 1103.31 496.568 124.976 55.9841
 578.281 1069.54 408.896 184.033 67.0655
 1010.12 1267.45 472.701 180.718 110.977
 633.76 1115.89 282.284 105.279 64.9659
 1115.65 1834.36 669.17 169.279 102.092
 2114.1 2856.59 965.659 352.27 142.858
 2130.53 4482.37 1238.85 418.79 214.729
F
 0.0583089 0.274152 0.274152 0.274152 0.274152
 0.0417946 0.196507 0.196507 0.196507 0.196507
 0.0556809 0.261796 0.261796 0.261796 0.261796
 0.0101472 0.0477091 0.0477091 0.0477091 0.0477091
 0.0022627 0.0106386 0.0106386 0.0106386 0.0106386
 0.0243331 0.114407 0.114407 0.114407 0.114407
 0.0152463 0.071684 0.071684 0.071684 0.071684
 0.0316207 0.148672 0.148672 0.148672 0.148672
 0.0374471 0.176066 0.176066 0.176066 0.176066
 0.0332649 0.156402 0.156402 0.156402 0.156402
 0.0756978 0.35591 0.35591 0.35591 0.35591
 0.07099 0.333775 0.333775 0.333775 0.333775
 0.110006 0.51722 0.51722 0.51722 0.51722
 0.188173 0.884736 0.884736 0.884736 0.884736
 0.161377 0.758748 0.758748 0.758748 0.758748
 0.0627283 0.294931 0.294931 0.294931 0.294931
 0.0449957 0.211557 0.211557 0.211557 0.211557
 0.0299883 0.140997 0.140997 0.140997 0.140997
 0.025538 0.120073 0.120073 0.120073 0.120073
 0.0256338 0.120523 0.120523 0.120523 0.120523
 0.0126291 0.0593783 0.0593783 0.0593783 0.0593783
 0.0163065 0.0766685 0.0766685 0.0766685 0.0766685
 0.0187578 0.0881941 0.0881941 0.0881941 0.0881941
 0.0178593 0.0839696 0.0839696 0.0839696 0.0839696
nmprior
 10 10 8 0
nm_flota  nm_reclas  nm_pelaces    nm_pelaL
inf 12.4083 19.9487 36.2993
cv_recla  cv_pelaces  cv_mph
0.735436 0.574137 1.3779
 ------------------------------------------------
Talla a la edad & desviación 
 7.2 14.2025 17.0495 18.207 18.6776
 1.08 2.13037 2.55742 2.73105 2.80164
