years
 1997 1998 1999 2000 2001 2002 2003 2004 2005 2006 2007 2008 2009 2010 2011 2012 2013 2014 2015 2016 2017 2018 2019 2020
reclasobs
 0 0 0 370054 412103 1.49427e+06 250295 1.28982e+06 931140 785840 897777 1.04006e+06 184774 17550 25797 100020 73551 82996 120727 218422 84188 347160 605670 569463
reclaspred
 464172 137339 473796 338187 439685 515940 1.08643e+06 682382 699763 578323 440054 293999 178761 85494.9 62986.6 66392.4 85736.7 118842 127539 182711 261169 243665 437263 542743
pelacesobs
 0 0 0 0 0 0 0 0 0 2.06254e+06 1.5e+06 0 1.87456e+06 323000 250000 174000 83755 137374 0 501740 490994 745055 786931 1.00524e+06
pelacespred
 1.92349e+06 519105 1.05056e+06 1.15773e+06 1.27101e+06 1.27022e+06 2.88696e+06 2.38154e+06 2.10455e+06 1.7782e+06 1.22021e+06 836550 504308 204590 147349 164787 221170 308724 343361 476001 751603 685626 970180 1.41979e+06
mphobs
 0 0 0 0 0 112323 0 153150 637223 0 255016 313432 73983 77613 109348 50772 0 0 0 0 0 0 0 0
mphpred
 166111 116168 154020 212584 200959 281940 421456 473927 382896 353542 301425 208244 128671 67841.8 34470.8 30879.5 38288.7 54377.2 68160.9 79437.6 117630 137851 178521 260565
desembarqueobs
 350755 77701 442110 56441 14545 235359 269955 359681 431902 328805 639364 411747 362871 311530 167758 66681 60226 58785 57116 71774 51957 67425 138520 160799
desembarquepred
 350766 77704.8 442155 56442.7 14545.1 235392 269980 359714 431981 328874 639782 412110 363377 312151 167863 66699.3 60246.7 58789.4 57115.7 71778 51958.7 67423.2 138524 160803
Reclutas
 82772.1 102966 67097.1 94928.3 153912 116153 167666 144378 153623 137630 68558 41997.4 41725.6 24406.7 19886.2 25895.8 22437 24952 29455 50819.7 64253.3 88200.2 145461 154906
log_desv_Rt
 0.203846 0.422159 -0.00610453 0.340877 0.824134 0.542667 0.909729 0.760188 0.822254 0.712326 0.0154351 -0.474637 -0.481129 -1.01739 -1.22222 -0.958162 -1.10153 -0.995291 -0.82938 -0.28396 -0.0494123 0.267364 0.767663 0.830573
SSB
 988018 690962 916103 1.26444e+06 1.19529e+06 1.67696e+06 2.5068e+06 2.81889e+06 2.27744e+06 2.10285e+06 1.79286e+06 1.23862e+06 765329 403519 205030 183669 227739 323432 405417 472490 699657 819929 1.06183e+06 1.54982e+06
BT
 3.40678e+06 960047 1.93141e+06 1.91286e+06 2.04895e+06 2.21568e+06 4.81988e+06 4.22466e+06 3.77163e+06 3.16836e+06 2.54026e+06 1.72151e+06 1.16639e+06 630003 380884 319790 404520 541996 598732 822147 1.24865e+06 1.15943e+06 1.64839e+06 2.40504e+06
Ftot
 0.294696 0.211537 0.283286 0.0518683 0.0115287 0.123809 0.0777699 0.161333 0.191096 0.168785 0.382102 0.359877 0.562339 0.980613 0.870136 0.337369 0.238038 0.157895 0.13359 0.133605 0.0656542 0.084617 0.0971567 0.0923191
BD_Bspro_t
 0.964646 0.832641 0.813974 0.73583 0.81604 0.891863 0.86979 0.87021 0.823264 0.780451 0.733529 0.587029 0.475186 0.360501 0.243504 0.26454 0.389856 0.561699 0.66759 0.744841 0.825075 0.877698 0.885353 0.890383
BD_Bspro
 0.711377 0.497496 0.659598 0.9104 0.860614 1.20742 1.8049 2.02961 1.63977 1.51406 1.29087 0.891814 0.55104 0.290535 0.147623 0.132243 0.163973 0.232873 0.291902 0.340195 0.503756 0.590352 0.764524 1.11588
BD_Bo
 0.62676 0.438319 0.58114 0.802108 0.758244 1.0638 1.59021 1.78819 1.44472 1.33396 1.13732 0.785734 0.485495 0.255976 0.130063 0.116513 0.144468 0.205173 0.257181 0.299729 0.443835 0.520131 0.673585 0.983147
BD_Brms
 2.23138 1.5605 2.06896 2.85565 2.69949 3.78732 5.66145 6.36629 5.14346 4.74915 4.04906 2.79736 1.72845 0.911323 0.463049 0.414806 0.514334 0.730452 0.91561 1.06709 1.58013 1.85176 2.39809 3.50018
S_f
 0.208172 1 1 1 1
 0.208172 1 1 1 1
 0.208172 1 1 1 1
 0.208172 1 1 1 1
 0.208172 1 1 1 1
 0.208172 1 1 1 1
 0.208172 1 1 1 1
 0.208172 1 1 1 1
 0.208172 1 1 1 1
 0.208172 1 1 1 1
 0.208172 1 1 1 1
 0.208172 1 1 1 1
 0.208172 1 1 1 1
 0.208172 1 1 1 1
 0.208172 1 1 1 1
 0.208172 1 1 1 1
 0.208172 1 1 1 1
 0.208172 1 1 1 1
 0.208172 1 1 1 1
 0.208172 1 1 1 1
 0.208172 1 1 1 1
 0.208172 1 1 1 1
 0.208172 1 1 1 1
 0.208172 1 1 1 1
Scru_reclas
 1 1 1 1 1
 1 1 1 1 1
 1 1 1 1 1
 1 1 1 1 1
 1 1 1 1 1
 1 1 1 1 1
 1 1 1 1 1
 1 1 1 1 1
 1 1 1 1 1
 1 1 1 1 1
 1 1 1 1 1
 1 1 1 1 1
 1 1 1 1 1
 1 1 1 1 1
 1 1 1 1 1
 1 1 1 1 1
 1 1 1 1 1
 1 1 1 1 1
 1 1 1 1 1
 1 1 1 1 1
 1 1 1 1 1
 1 1 1 1 1
 1 1 1 1 1
 1 1 1 1 1
Scru_pelaces
 0.982289 1 1 1 1
 0.982289 1 1 1 1
 0.982289 1 1 1 1
 0.982289 1 1 1 1
 0.982289 1 1 1 1
 0.982289 1 1 1 1
 0.982289 1 1 1 1
 0.982289 1 1 1 1
 0.982289 1 1 1 1
 0.982289 1 1 1 1
 0.982289 1 1 1 1
 0.982289 1 1 1 1
 0.982289 1 1 1 1
 0.982289 1 1 1 1
 0.982289 1 1 1 1
 0.982289 1 1 1 1
 0.982289 1 1 1 1
 0.982289 1 1 1 1
 0.982289 1 1 1 1
 0.982289 1 1 1 1
 0.982289 1 1 1 1
 0.982289 1 1 1 1
 0.982289 1 1 1 1
 0.982289 1 1 1 1
pf_obs 
 0.256992 0.487395 0.22802 0.0275931 0
 0.321318 0.546541 0.124235 0.00734118 0.000564706
 0.182869 0.594174 0.210203 0.0122559 0.00049798
 0.330522 0.361315 0.267642 0.0388342 0.00168674
 0.649043 0.306663 0.0425973 0.00169635 0
 0.582887 0.30429 0.105238 0.00758474 0
 0.465427 0.430635 0.0974691 0.00646863 0
 0.296916 0.608066 0.0921331 0.00288517 0
 0.311714 0.524322 0.152257 0.0117073 0
 0.15457 0.633149 0.183074 0.0267441 0.00246327
 0.131901 0.49318 0.331252 0.0422183 0.00144891
 0.196976 0.569456 0.194076 0.0375587 0.00193317
 0.518974 0.381816 0.0799577 0.0180837 0.00116848
 0.0928022 0.601141 0.25162 0.0475244 0.00691264
 0.122501 0.610282 0.24278 0.0234846 0.000952079
 0.383417 0.481906 0.127806 0.00687128 0
 0.0376549 0.599619 0.316969 0.0457579 0
 0.0361596 0.667082 0.258105 0.0386534 0
 0.158088 0.579412 0.248529 0.0139706 0
 0.0477256 0.309471 0.559284 0.082774 0.000745712
 0.0406174 0.521527 0.379366 0.0568643 0.0016247
 0.151134 0.462217 0.34131 0.0453401 0
 0.294876 0.26143 0.354403 0.0886775 0.000613685
 0.281977 0.475581 0.204845 0.0348837 0.00271318
pf_pred 
 0.393974 0.428075 0.15918 0.0187625 9.20976e-06
 0.317689 0.532976 0.105485 0.0392248 0.00462569
 0.182627 0.581136 0.184532 0.0365222 0.0151824
 0.260382 0.406479 0.236855 0.0752102 0.0210733
 0.304201 0.440977 0.140046 0.0816042 0.0331728
 0.183396 0.554106 0.166363 0.0528337 0.0433009
 0.253644 0.397618 0.236636 0.0710469 0.0410551
 0.195905 0.505171 0.159251 0.0947755 0.0448982
 0.215314 0.437182 0.218318 0.068823 0.0603624
 0.196238 0.473844 0.183812 0.091791 0.0543155
 0.120734 0.49107 0.228854 0.0887762 0.0705656
 0.121298 0.386513 0.274888 0.128106 0.0891952
 0.191488 0.354613 0.199656 0.141995 0.112248
 0.182608 0.487304 0.144776 0.0815126 0.103799
 0.258596 0.468437 0.162734 0.0483477 0.0618844
 0.344505 0.469927 0.117246 0.0407312 0.0275903
 0.239782 0.567429 0.138211 0.0344835 0.0200941
 0.245124 0.473923 0.209705 0.0510786 0.0201702
 0.251081 0.468861 0.175825 0.0778 0.0264332
 0.32946 0.423068 0.15493 0.0580992 0.0344427
 0.284946 0.511071 0.1287 0.0471308 0.0281519
 0.284964 0.474358 0.172021 0.043319 0.0253392
 0.326222 0.448275 0.149599 0.0542506 0.0216529
 0.24991 0.531321 0.14555 0.0485734 0.0246451
pobs_RECLAS
 0 0 0 0 0
 0 0 0 0 0
 0 0 0 0 0
 0 0 0 0 0
 0.835266 0.146461 0.0176864 0.000547809 3.91292e-05
 0.385257 0.428462 0.181853 0.0044286 0
 0.867414 0.0963971 0.0333333 0.00285562 0
 0.441836 0.489002 0.0689373 0.000224442 0
 0.779404 0.147425 0.0564933 0.0165055 0.000172143
 0.814271 0.122319 0.05973 0.00367925 0
 0.40263 0.566651 0.0304383 0.000280538 0
 0.475488 0.404961 0.113038 0.00651328 0
 0.955842 0.0263864 0.0167828 0.000988607 0
 0.975058 0.0227948 0.00214734 0 0
 0.738997 0.206755 0.0527124 0.00153531 0
 0.850938 0.134255 0.0134407 0.00136685 0
 0.542534 0.407297 0.0501686 0 0
 0.764087 0.199537 0.0359546 0.000420521 0
 0.470689 0.182191 0.310203 0.0369168 0
 0.84361 0.089868 0.0606195 0.00523954 0.000663233
 0.607945 0.314616 0.071237 0.00620181 0
 0.523733 0.453247 0.0230204 0 0
 0.530135 0.295979 0.169645 0.0042399 0
 0.562478 0.366248 0.0663022 0.0049721 0
ppred_RECLAS
 0.760533 0.169151 0.0628988 0.00741387 3.63917e-06
 0.693472 0.239439 0.0473892 0.0176217 0.00207809
 0.521691 0.340068 0.107984 0.021372 0.00888439
 0.628991 0.2039 0.118812 0.0377272 0.0105709
 0.677553 0.204357 0.0648998 0.037817 0.0153729
 0.520527 0.325346 0.097681 0.0310216 0.0254243
 0.621028 0.201896 0.120155 0.0360749 0.0208463
 0.541331 0.288158 0.0908393 0.0540615 0.0256107
 0.571109 0.238954 0.119328 0.0376171 0.0329927
 0.541964 0.270027 0.104748 0.0523085 0.0309525
 0.403001 0.333424 0.155386 0.0602768 0.0479123
 0.403879 0.262215 0.186487 0.0869087 0.060511
 0.541627 0.201042 0.113192 0.0805018 0.0636375
 0.537881 0.275501 0.0818504 0.0460838 0.0586835
 0.642139 0.226106 0.0785488 0.0233365 0.0298704
 0.7203 0.200518 0.050029 0.01738 0.0117728
 0.605543 0.294424 0.0717142 0.0178926 0.0104263
 0.611304 0.244029 0.10798 0.026301 0.0103859
 0.618538 0.238815 0.0895563 0.0396275 0.0134638
 0.703824 0.186868 0.0684321 0.0256623 0.0152132
 0.657575 0.244742 0.061632 0.02257 0.0134814
 0.657815 0.227007 0.0823214 0.0207306 0.0121262
 0.700333 0.199373 0.0665352 0.0241282 0.00963026
 0.616533 0.271626 0.0744093 0.024832 0.0125992
pobs_PELACES
 0 0 0 0 0
 0 0 0 0 0
 0 0 0 0 0
 0 0 0 0 0
 0 0 0 0 0
 0 0 0 0 0
 0 0 0 0 0
 0 0 0 0 0
 0 0 0 0 0
 0 0 0 0 0
 0.450072 0.473896 0.0757376 0.000293798 0
 0 0 0 0 0
 0.463077 0.371075 0.160297 0.00555027 0
 0.529543 0.364841 0.0842815 0.0213345 0
 0.631943 0.363953 0.00410389 0 0
 0.735681 0.248677 0.0153453 0.000297389 0
 0.695825 0.281241 0.0229344 0 0
 0.275771 0.60734 0.115278 0.00161068 0
 0 0 0 0 0
 0.896147 0.0623911 0.0374545 0.00400742 0
 0.803859 0.145111 0.0509908 3.86294e-05 0
 0.739449 0.233085 0.0266225 0.000797448 4.60066e-05
 0.878498 0.100942 0.0204185 0.000141795 0
 0.694673 0.275183 0.0284847 0.00165964 0
ppred_PELACES
 0.771137 0.161661 0.0601137 0.00708559 3.47803e-06
 0.701365 0.233274 0.046169 0.017168 0.00202458
 0.535682 0.330121 0.104826 0.0207468 0.00862451
 0.627983 0.204453 0.119135 0.0378297 0.0105996
 0.674299 0.20642 0.0655549 0.0381987 0.0155281
 0.52414 0.322895 0.0969449 0.0307878 0.0252327
 0.621605 0.201588 0.119972 0.03602 0.0208145
 0.547355 0.284373 0.0896463 0.0533515 0.0252743
 0.578944 0.234588 0.117148 0.0369299 0.03239
 0.548469 0.266192 0.10326 0.0515657 0.0305129
 0.42287 0.322327 0.150215 0.0582706 0.0463177
 0.422343 0.254093 0.18071 0.0842168 0.0586367
 0.573456 0.187082 0.105332 0.0749118 0.0592186
 0.596327 0.240658 0.0714985 0.0402554 0.0512616
 0.688723 0.196672 0.0683237 0.0202987 0.025982
 0.734239 0.190525 0.0475358 0.0165139 0.0111861
 0.61608 0.286559 0.0697984 0.0174146 0.0101478
 0.616847 0.240549 0.10644 0.025926 0.0102378
 0.62255 0.236303 0.0886144 0.0392107 0.0133222
 0.707364 0.184634 0.0676141 0.0253555 0.0150314
 0.657414 0.244857 0.061661 0.0225806 0.0134877
 0.658769 0.226374 0.0820919 0.0206728 0.0120924
 0.701909 0.198325 0.0661854 0.0240014 0.00957964
 0.618011 0.27058 0.0741227 0.0247364 0.0125507
pobs_pel_tallas
 0 0 0 0 0 0 0 0 0 0 0 0 0 0 0 0 0 0 0 0 0 0 0 0 0 0 0 0 0 0 0 0 0 0 0 0
 0 0 0 0 0 0 0 0 0 0 0 0 0 0 0 0 0 0 0 0 0 0 0 0 0 0 0 0 0 0 0 0 0 0 0 0
 0 0 0 0 0 0 0 0 0 0 0 0 0 0 0 0 0 0 0 0 0 0 0 0 0 0 0 0 0 0 0 0 0 0 0 0
 0 0 0 0 0 0 0 0 0 0 0 0 0 0 0 0 0 0 0 0 0 0 0 0 0 0 0 0 0 0 0 0 0 0 0 0
 0 0 0 0 0 0 0 0 0 0 0 0 0 0 0 0 0 0 0 0 0 0 0 0 0 0 0 0 0 0 0 0 0 0 0 0
 0 0 0 0 0 0 0 0 0 0 0 0 0 0 0 0 0 0 0 0 0 0 0 0 0 0 0 0 0 0 0 0 0 0 0 0
 0 0 0 0 0 0 0 0 0 0 0 0 0 0 0 0 0 0 0 0 0 0 0 0 0 0 0 0 0 0 0 0 0 0 0 0
 0 0 0 0 0 0 0 0 0 0 0 0 0 0 0 0 0 0 0 0 0 0 0 0 0 0 0 0 0 0 0 0 0 0 0 0
 0 0 0 0 0 0 0 0 0 0 0 0 0 0 0 0 0 0 0 0 0 0 0 0 0 0 0 0 0 0 0 0 0 0 0 0
 0 0 0 0 0 0 0 0 0 0 0 0 0 0 0 0 0 0 0 0 0 0 0 0 0 0 0 0 0 0 0 0 0 0 0 0
 0 0 0 0 0 0 0 0 1.78061e-05 0.00172719 0.00360574 0.0105946 0.0120993 0.0124554 0.0147524 0.0171206 0.0266825 0.0428682 0.0675386 0.121331 0.153587 0.119568 0.100827 0.0573624 0.0630603 0.0341343 0.0324427 0.0444173 0.0211091 0.0280891 0.0125444 0.00206551 0 0 0 0
 0 0 0 0 0 0 0 0 0 0 0 0 0 0 0 0 0 0 0 0 0 0 0 0 0 0 0 0 0 0 0 0 0 0 0 0
 0 0 0 0 0 0 0.0133647 0.0140871 0.0187388 0.0205184 0.03894 0.0496705 0.03968 0.0493445 0.0407372 0.0367815 0.0215668 0.0243155 0.0234873 0.0199281 0.019796 0.0243948 0.0301388 0.0376714 0.0412746 0.0863199 0.0771752 0.113111 0.0741005 0.0525337 0.0229764 0.00759418 0.00175318 0 0 0
 0 0 0 0 0 0 0 0 0 0 0.00219441 0.00772107 0.0458388 0.0604681 0.0671733 0.0775358 0.0609151 0.0617685 0.073594 0.0568108 0.0755445 0.0548602 0.0670107 0.0636378 0.0643287 0.046367 0.0373049 0.0286899 0.0247887 0.0153202 0.00654259 0.00121912 0.000365735 0 0 0
 0 0 0 0 0 0 0 0 0 0 0 0 0.000112435 0.00938835 0.0111873 0.0202946 0.0414886 0.0713402 0.111592 0.104902 0.108894 0.110636 0.117776 0.105296 0.107544 0.0401394 0.0192827 0.0124803 0.00416011 0.0028671 0.000618394 0 0 0 0 0
 0 0 0 0 0 0 0 0 0 0 0.00291406 0.0102884 0.027416 0.0768956 0.0749926 0.110853 0.0956884 0.0897413 0.0766577 0.0534642 0.0500743 0.0551293 0.0594112 0.0620874 0.0668451 0.0424026 0.0208742 0.0120726 0.0048766 0.00582813 0.00118941 0.000297354 0 0 0 0
 0 0.00264628 0.0354308 0.0461629 0.0458689 0.0383711 0.0214643 0.0164657 0.0346957 0.0420465 0.0363128 0.0245516 0.0311673 0.0291091 0.0169068 0.0133784 0.00837989 0.0085269 0.0148486 0.0160247 0.0276389 0.0546898 0.0760071 0.122758 0.109233 0.0665981 0.0333725 0.0166128 0.00676272 0.00308733 0.000882094 0 0 0 0 0
 0 0 0 0 0 0 0 0.000805153 0.000690131 0.00759144 0.0133425 0.0154129 0.00931677 0.000345066 0.00356568 0.00563607 0.00851162 0.0253048 0.0502646 0.0516448 0.0657925 0.0565908 0.0611916 0.0827007 0.0866115 0.110766 0.145733 0.0935128 0.0569358 0.0249597 0.0138026 0.00621118 0.00161031 0.00115022 0 0
 0 0 0 0 0 0 0 0 0 0 0 0 0 0 0 0 0 0 0 0 0 0 0 0 0 0 0 0 0 0 0 0 0 0 0 0
 0.00147267 0.00158595 0.00478618 0.00569244 0.00954404 0.0108468 0.00647125 0.017049 0.0510054 0.094081 0.124002 0.0959785 0.0687766 0.0820023 0.061753 0.0591476 0.0492212 0.0479892 0.0443925 0.0268479 0.0217502 0.0140895 0.0121071 0.0120363 0.00920419 0.00665534 0.0049561 0.00860946 0.00930331 0.0156896 0.0114698 0.00855282 0.00243557 0.00046729 0 2.83206e-05
 0 0 0 0 0.000772559 0.00158375 0.000888443 0.00281984 0.00712685 0.0440552 0.0773331 0.111326 0.0921469 0.0852325 0.0710754 0.0886704 0.0786465 0.0553345 0.0373146 0.0185414 0.00753245 0.00457741 0.012979 0.0271748 0.0457355 0.0583668 0.034881 0.0177882 0.00938659 0.00492506 0.0015258 0.00185414 0.000309023 5.79419e-05 3.86279e-05 0
 0 0.00173294 0.00326652 0 0.00397197 0.00683976 0.00946217 0.0152591 0.00757587 0.0136028 0.0228656 0.0392903 0.0559909 0.0764795 0.0681675 0.0726916 0.0566044 0.0477403 0.0527397 0.0444891 0.0609904 0.0582453 0.0661739 0.0445044 0.0529084 0.0360697 0.0280645 0.0235558 0.0158879 0.00826598 0.00280645 0.00217768 0.000904811 0.00058276 9.20147e-05 0
 0 0 0 0 0 0 0 0 0 0 0 0 0 0 0 0 0 0 0 0 0 0 0 0 0 0 0 0 0 0 0 0 0 0 0 0
 0 0 0 0 0 0 0 0 0 0 0 0 0 0 0 0 0 0 0 0 0 0 0 0 0 0 0 0 0 0 0 0 0 0 0 0
ppred_pel_tallas
 1.0115e-16 3.36445e-05 0.000197469 0.000938684 0.00361399 0.0112699 0.0284669 0.0582469 0.0965503 0.129663 0.141095 0.124447 0.0890644 0.0519399 0.0251352 0.0109499 0.00570599 0.00507529 0.00640503 0.00852875 0.0109662 0.0134239 0.0156301 0.0173308 0.0183333 0.0185465 0.0179974 0.016816 0.0151965 0.0133484 0.0114545 0.00964589 0.00799744 0.00653831 0.00526907 0.00417755
 1.01416e-16 3.0605e-05 0.000179618 0.000853803 0.00328716 0.0102507 0.0258925 0.05298 0.0878223 0.117949 0.128369 0.113271 0.0811714 0.0475497 0.0234081 0.0108753 0.00664218 0.0067958 0.0089222 0.011922 0.0152775 0.0186038 0.0215171 0.0236596 0.0247686 0.024736 0.02363 0.0216695 0.0191633 0.0164348 0.0137568 0.0113137 0.00919596 0.00741794 0.00594752 0.00473454
 1.02712e-16 2.33845e-05 0.000137218 0.00065221 0.00251094 0.00783003 0.0197783 0.0404706 0.067091 0.0901208 0.0981204 0.0866709 0.0623075 0.0368994 0.0189115 0.0100433 0.00784215 0.00937644 0.0128179 0.0172781 0.0222364 0.0272026 0.0316443 0.0350503 0.037035 0.0374216 0.0362751 0.0338698 0.030608 0.0269185 0.0231697 0.0196194 0.0164064 0.0135744 0.0111099 0.0089765
 1.03553e-16 2.74041e-05 0.000160828 0.000764482 0.00294326 0.00917823 0.0231835 0.0474372 0.0786345 0.10561 0.114942 0.101427 0.0726929 0.0426024 0.0210115 0.00983398 0.00611878 0.00637948 0.00847696 0.0114536 0.0148742 0.0184193 0.0217609 0.0245768 0.0266074 0.0277055 0.0278576 0.0271689 0.0258206 0.024017 0.0219406 0.0197284 0.0174705 0.0152232 0.0130276 0.0109227
 1.03036e-16 2.94237e-05 0.000172685 0.000820849 0.00316029 0.00985503 0.0248931 0.050935 0.0844321 0.113395 0.123409 0.108887 0.078014 0.0456684 0.0224244 0.0103246 0.00618616 0.00625011 0.00820594 0.0110164 0.0142128 0.0174609 0.020428 0.0227981 0.0243302 0.0249086 0.0245621 0.0234436 0.0217804 0.0198126 0.0177428 0.0157075 0.0137764 0.0119694 0.0102817 0.00870458
 1.03719e-16 2.28808e-05 0.000134262 0.000638158 0.00245684 0.00766132 0.0193521 0.0395987 0.0656455 0.0881791 0.0960066 0.0848042 0.0609665 0.0361072 0.0185094 0.0098368 0.00769066 0.00920454 0.0125922 0.0169879 0.0218867 0.0268142 0.0312549 0.0347137 0.0368164 0.0373907 0.036497 0.0343952 0.0314661 0.0281122 0.0246743 0.0213848 0.0183627 0.015639 0.0131958 0.0110011
 1.0398e-16 2.71259e-05 0.000159195 0.000756718 0.00291337 0.00908502 0.0229481 0.0469554 0.0778359 0.104538 0.113775 0.100397 0.0719545 0.0421696 0.020798 0.00973448 0.00605847 0.00632001 0.00840334 0.0113629 0.014771 0.0183146 0.0216723 0.0245276 0.0266244 0.0278156 0.0280841 0.0275276 0.0263176 0.0246469 0.0226874 0.0205668 0.0183688 0.0161466 0.0139415 0.0117956
 1.0438e-16 2.38915e-05 0.000140199 0.000666392 0.00256556 0.00800038 0.0202085 0.0413506 0.0685482 0.0920734 0.100234 0.0885087 0.0635649 0.0375161 0.0189924 0.00970845 0.00713725 0.00827094 0.0112455 0.0151819 0.0196045 0.0240935 0.0281989 0.0314873 0.0336274 0.0344597 0.0340234 0.0325276 0.030283 0.0276178 0.0248072 0.0220361 0.0193976 0.0169169 0.0145866 0.0123952
 1.04522e-16 2.5267e-05 0.000148279 0.000704813 0.00271351 0.00846177 0.0213739 0.0437346 0.0724984 0.0973736 0.105989 0.093554 0.0671095 0.0394499 0.0196797 0.0095852 0.00646795 0.00713047 0.00960501 0.0129941 0.0168593 0.0208489 0.0245917 0.0277241 0.0299572 0.0311339 0.0312523 0.0304454 0.0289308 0.0269465 0.0246988 0.0223342 0.0199396 0.01756 0.0152227 0.012956
 1.04751e-16 2.39394e-05 0.000140482 0.000667739 0.00257075 0.00801658 0.0202494 0.0414341 0.0686862 0.0922573 0.10043 0.0886724 0.0636617 0.0375318 0.0189243 0.00955074 0.00687328 0.00787555 0.0106935 0.0144585 0.0187153 0.0230721 0.0271095 0.0304198 0.032686 0.0337464 0.0336201 0.0324818 0.0306005 0.0282636 0.0257143 0.0231186 0.0205649 0.0180865 0.015692 0.0133901
 1.06404e-16 1.8465e-05 0.000108337 0.000514908 0.0019823 0.00618148 0.0156142 0.0319506 0.0529689 0.0711578 0.0774919 0.0684917 0.0493306 0.0294003 0.0154136 0.00875005 0.0075155 0.00943463 0.0130903 0.0177848 0.0230807 0.0285339 0.033643 0.0379122 0.0409489 0.0425424 0.0426951 0.0415945 0.0395422 0.0368652 0.0338437 0.0306734 0.0274656 0.0242735 0.0211267 0.0180585
 1.08282e-16 1.84393e-05 0.000108192 0.000514234 0.00197972 0.00617347 0.0155939 0.0319085 0.0528973 0.0710561 0.0773666 0.0683463 0.0491507 0.029143 0.0150057 0.00809282 0.00649165 0.00792103 0.0109793 0.0150147 0.0196697 0.0246079 0.0294459 0.0337908 0.0373106 0.0397928 0.0411705 0.041505 0.0409393 0.0396412 0.0377587 0.0354014 0.0326475 0.0295648 0.0262337 0.0227585
 1.06898e-16 2.50256e-05 0.000146866 0.000698109 0.00268771 0.00838134 0.0211706 0.0433185 0.0718073 0.0964415 0.104964 0.0926256 0.0663914 0.0389229 0.0192233 0.00904472 0.00569899 0.00601174 0.00804185 0.0109301 0.0142965 0.017868 0.0213621 0.0244971 0.02704 0.028848 0.0298852 0.0302075 0.0299249 0.0291579 0.0280035 0.0265226 0.024748 0.0227037 0.0204263 0.0179771
 1.04872e-16 2.6025e-05 0.000152729 0.00072597 0.00279497 0.00871579 0.0220155 0.0450475 0.0746745 0.100296 0.109168 0.096357 0.0691127 0.040612 0.0202296 0.00980085 0.00654033 0.00714709 0.009586 0.0129246 0.0167052 0.0205636 0.0241216 0.0270168 0.0289729 0.0298567 0.0296998 0.0286734 0.0270298 0.0250316 0.0228934 0.0207523 0.0186687 0.01665 0.0146821 0.0127548
 1.02946e-16 3.00523e-05 0.000176376 0.0008384 0.00322786 0.0100658 0.0254254 0.0520241 0.0862369 0.115818 0.126043 0.111202 0.0796545 0.0465925 0.0228103 0.010388 0.00606772 0.00600545 0.0078401 0.0105171 0.0135694 0.0166736 0.0195113 0.0217805 0.0232504 0.0238094 0.0234838 0.0224186 0.0208301 0.018948 0.0169665 0.0150176 0.0131695 0.0114427 0.00983309 0.00833229
 1.01828e-16 3.20367e-05 0.000188027 0.000893792 0.00344114 0.0107309 0.0271053 0.0554613 0.0919339 0.123467 0.134361 0.118529 0.0848733 0.0495864 0.0241656 0.0108165 0.00605264 0.00576347 0.0074235 0.00990707 0.0127244 0.0155483 0.0180652 0.0199824 0.0210825 0.0212702 0.0205901 0.0192069 0.0173569 0.0152883 0.0132105 0.0112647 0.009521 0.00799328 0.00666297 0.00550095
 1.02157e-16 2.68884e-05 0.000157793 0.000750035 0.0028876 0.00900467 0.0227452 0.0465409 0.0771512 0.103625 0.1128 0.0995816 0.0714665 0.0420773 0.0211107 0.0104754 0.0073038 0.00818818 0.0110149 0.0147905 0.0189917 0.0231742 0.0268727 0.0296469 0.0311702 0.0313018 0.0301149 0.0278654 0.0249197 0.0216632 0.0184224 0.0154203 0.0127689 0.0104916 0.00855841 0.0069192
 1.02959e-16 2.692e-05 0.000157983 0.000750947 0.00289113 0.00901567 0.022773 0.0465974 0.0772435 0.103746 0.112921 0.0996653 0.0714763 0.0419821 0.0208773 0.0100574 0.00663751 0.00720087 0.00964146 0.0129961 0.0167946 0.0206642 0.0242163 0.027075 0.0289479 0.0296857 0.0293069 0.0279768 0.0259525 0.0235141 0.0209065 0.0183059 0.0158165 0.0134863 0.0113323 0.00936091
 1.03305e-16 2.71684e-05 0.000159442 0.000757884 0.00291784 0.00909898 0.0229834 0.0470279 0.0779569 0.104703 0.113962 0.100579 0.072122 0.042342 0.02102 0.0100652 0.00656217 0.00705888 0.00942823 0.0126994 0.0164034 0.0201733 0.0236298 0.0264082 0.0282273 0.0289475 0.0285937 0.0273333 0.0254205 0.0231282 0.0206897 0.0182673 0.0159499 0.0137716 0.0117377 0.00984741
 1.02594e-16 3.08646e-05 0.000181147 0.000861081 0.0033152 0.0103381 0.0261133 0.0534315 0.0885694 0.118949 0.129446 0.114195 0.0817758 0.0477887 0.0233127 0.0104762 0.00592496 0.00570496 0.00739008 0.00990323 0.0127793 0.0157081 0.018389 0.0205369 0.0219329 0.0224696 0.0221688 0.0211637 0.0196556 0.0178594 0.0159586 0.0140801 0.0122921 0.0106191 0.00906233 0.00761818
 1.02362e-16 2.8689e-05 0.000168368 0.000800319 0.00308123 0.00960847 0.0242703 0.0496611 0.0823217 0.110564 0.120339 0.106202 0.0761417 0.0446767 0.022131 0.0105142 0.00673941 0.00715163 0.00949449 0.0127335 0.0163663 0.0200027 0.0232451 0.0257183 0.0271425 0.0273947 0.0265315 0.0247637 0.022394 0.0197406 0.0170719 0.0145692 0.0123229 0.0103511 0.00863098 0.00712601
 1.02515e-16 2.87474e-05 0.000168713 0.00080196 0.00308755 0.0096282 0.0243202 0.0497629 0.0824899 0.110789 0.120579 0.106405 0.0762667 0.0447092 0.0220719 0.0103621 0.00648133 0.0067652 0.00895706 0.0120331 0.0155119 0.0190312 0.022223 0.0247364 0.026303 0.026794 0.026242 0.0248197 0.0227859 0.0204177 0.0179538 0.0155615 0.0133326 0.0113005 0.00946482 0.0078142
 1.02277e-16 3.06273e-05 0.000179752 0.000854448 0.00328965 0.0102585 0.0259121 0.0530199 0.0878876 0.118034 0.128454 0.113328 0.0811733 0.0474727 0.0232258 0.0105506 0.00612451 0.00602731 0.00785026 0.0105164 0.0135484 0.016616 0.0193951 0.0215793 0.0229354 0.0233531 0.0228636 0.0216202 0.0198509 0.0177986 0.0156708 0.0136111 0.0116962 0.00995133 0.00837254 0.00694734
 1.02577e-16 2.69719e-05 0.000158285 0.000752376 0.00289663 0.0090328 0.0228163 0.0466862 0.0773915 0.103947 0.113146 0.0998782 0.0716602 0.0421526 0.0210772 0.0103422 0.00706533 0.00782544 0.0105049 0.0141176 0.0181573 0.0222048 0.0258223 0.0285941 0.0302086 0.0305265 0.0296063 0.0276765 0.0250681 0.0221306 0.0191601 0.0163589 0.0138303 0.0115992 0.00964539 0.00793351
pSPR Fmed_Fpbrs
0.752742   0.330884 0.330884
Fs Fmed_Fpbrs
0.171053   1.005 1.005
SSBpbr Bo_Bmed_Bpbrs
1.57639e+06  1.1078e+06  442784 442784
Ro
67507.9
SPR SPRFo_SPRFmed_SPRFpbrs
1.38888e+06 1.04547e+06 459559
log_Ro
10.94
likeval ReclasPelacesDesembMPH_pf_preclas_ppelaces_ptallas_desvR_qrecl_qpela
 61.9979 23.5111 0.0392017 0.000224098 291.705 175.241 81.5183 0 16.8448 0.000108992 6.77911e-07 0 0 0 0
q_reclas_q_pelaces
0.227778 1.12428
M
0.7
N
 82772.1 20687.6 7692.71 906.738 0.445081
 102966 38657.6 7651.02 2845.04 335.509
 67097.1 48928.9 15536.7 3074.99 1278.28
 94928.3 31411.3 18303.3 5811.98 1628.47
 153912 46633.7 14810 8629.73 3508.06
 116153 76247 22892.2 7270.11 5958.36
 167666 56212.4 33453.9 10044.1 5804.08
 144378 81923.4 25825.6 15369.7 7281.12
 153623 69327.9 34620.7 10913.9 9572.21
 137630 73311.5 28438.7 14201.6 8403.51
 68558 65985.5 30751.3 11928.9 9481.97
 41997.4 31441.8 22361.3 10421.1 7255.78
 41725.6 19350 10894.5 7748.16 6125.01
 24406.7 18431.3 5475.87 3083.05 3925.99
 19886.2 9882.07 3433.02 1019.94 1305.5
 25895.8 8239.06 2055.64 714.126 483.731
 22437 11987.3 2919.81 728.489 424.503
 24952 10603.2 4691.79 1142.8 451.275
 29455 11990.1 4496.34 1989.57 675.973
 50819.7 14225.8 5209.55 1953.6 1158.14
 64253.3 24544.1 6180.81 2263.45 1351.99
 88200.2 31474.1 11413.7 2874.26 1681.28
 145461 43034.2 14361.5 5208.02 2078.67
 154906 70787.5 19391.6 6471.39 3283.45
pred_Ctot
 3554.64 3862.32 1436.21 169.286 0.0830954
 3198.24 5365.57 1061.94 394.884 46.5677
 2772.79 8823.26 2801.71 554.508 230.51
 733.63 1145.26 667.34 211.905 59.3743
 265.363 384.677 122.166 71.1858 28.9376
 2128.62 6431.33 1930.92 613.223 502.579
 1938.22 3038.4 1808.26 542.905 313.723
 3435.93 8860.07 2793.06 1662.25 787.459
 4318.65 8768.73 4378.89 1380.41 1210.71
 3424.3 8268.46 3207.47 1601.73 947.792
 3787.26 15404.2 7178.83 2784.78 2213.54
 2189.48 6976.73 4961.84 2312.38 1610.01
 3337.45 6180.55 3479.8 2474.83 1956.38
 3279.38 8751.3 2599.97 1463.85 1864.08
 2394.33 4337.24 1506.75 447.65 572.985
 1268.2 1729.91 431.611 149.941 101.566
 782.33 1851.33 450.937 112.508 65.5605
 581.341 1123.97 497.34 121.139 47.8362
 581.914 1086.65 407.497 180.312 61.2625
 1004.11 1289.4 472.184 177.071 104.972
 627.751 1125.92 283.534 103.832 62.0202
 1108.67 1845.51 669.255 168.535 98.5837
 2096.98 2881.54 961.633 348.726 139.186
 2122.88 4513.35 1236.39 412.611 209.35
F
 0.0613475 0.294696 0.294696 0.294696 0.294696
 0.0440361 0.211537 0.211537 0.211537 0.211537
 0.0589722 0.283286 0.283286 0.283286 0.283286
 0.0107975 0.0518683 0.0518683 0.0518683 0.0518683
 0.00239995 0.0115287 0.0115287 0.0115287 0.0115287
 0.0257737 0.123809 0.123809 0.123809 0.123809
 0.0161895 0.0777699 0.0777699 0.0777699 0.0777699
 0.033585 0.161333 0.161333 0.161333 0.161333
 0.039781 0.191096 0.191096 0.191096 0.191096
 0.0351363 0.168785 0.168785 0.168785 0.168785
 0.079543 0.382102 0.382102 0.382102 0.382102
 0.0749164 0.359877 0.359877 0.359877 0.359877
 0.117063 0.562339 0.562339 0.562339 0.562339
 0.204136 0.980613 0.980613 0.980613 0.980613
 0.181138 0.870136 0.870136 0.870136 0.870136
 0.0702309 0.337369 0.337369 0.337369 0.337369
 0.0495529 0.238038 0.238038 0.238038 0.238038
 0.0328693 0.157895 0.157895 0.157895 0.157895
 0.0278098 0.13359 0.13359 0.13359 0.13359
 0.0278129 0.133605 0.133605 0.133605 0.133605
 0.0136674 0.0656542 0.0656542 0.0656542 0.0656542
 0.0176149 0.084617 0.084617 0.084617 0.084617
 0.0202253 0.0971567 0.0971567 0.0971567 0.0971567
 0.0192183 0.0923191 0.0923191 0.0923191 0.0923191
nmprior
 10 10 8 0
nm_flota  nm_reclas  nm_pelaces    nm_pelaL
inf 12.767 19.8074 35.9909
cv_recla  cv_pelaces  cv_mph
0.728979 0.570559 0.485688
 ------------------------------------------------
Talla a la edad & desviación 
 7.2 14.2025 17.0495 18.207 18.6776
 1.08 2.13037 2.55742 2.73105 2.80164
