years
 1997 1998 1999 2000 2001 2002 2003 2004 2005 2006 2007 2008 2009 2010 2011 2012 2013 2014 2015 2016 2017 2018 2019 2020
reclasobs
 0 0 0 370054 412103 1.49427e+06 250295 1.28982e+06 931140 785840 897777 1.04006e+06 184774 17550 25797 100020 73551 82996 120727 218422 84188 347160 605670 569463
reclaspred
 689208 169990 456234 121937 189190 267679 355005 412550 539562 1.09378e+06 1.35655e+06 839866 440502 200190 126061 118206 122452 136590 96881.6 182364 426462 390808 480405 271626
pelacesobs
 0 0 0 0 0 0 0 0 0 2.06254e+06 1.5e+06 0 1.87456e+06 323000 250000 174000 83755 137374 0 501740 490994 745055 786931 1.00524e+06
pelacespred
 286680 111558 112832 82457.4 107719 106318 154792 224813 276965 622820 696310 441682 239645 86092.4 52337.3 56098.9 60287.4 67005.1 48860.2 90742.5 228599 234677 218528 142821
mphobs
 0 0 0 0 0 112323 0 153150 637223 0 255016 313432 73983 77613 109348 50772 0 0 0 0 0 0 0 0
mphpred
 598667 183241 322926 174028 97042.1 261639 253813 279072 474267 603136 1.36408e+06 938634 476810 270971 117711 100481 103853 115516 105968 89885.2 291838 390164 387083 326232
desembarqueobs
 350755 77701 442110 56441 14545 235359 269955 359681 431902 328805 639364 411747 362871 311530 167758 66681 60226 58785 57116 71774 51957 67425 138520 160799
desembarquepred
 350577 77675.4 441640 56397.2 14524 235244 270036 358617 431767 328771 638669 411216 361994 310910 167548 66684.7 60166.8 58638.4 57038.4 71650.7 51943.8 67324.9 138322 160783
Reclutas
 2720.2 80188.1 175.899 1223.63 46603.1 22751.2 24869.1 97971.3 68842.4 261692 51204.1 8888.84 58183.9 26032.9 19573.6 15033.2 9901.63 8380.16 3352.8 39941.3 36617.1 27844.2 26126.9 2527.76
log_desv_Rt
 -1.83154 1.55213 -4.57009 -2.63043 1.00942 0.292375 0.381381 1.75243 1.39958 2.73492 1.10357 -0.647448 1.23136 0.427117 0.141939 -0.121982 -0.539546 -0.706378 -1.62245 0.855165 0.76827 0.494381 0.430722 -1.90491
SSB
 598667 183241 322926 174028 97042.1 261639 253813 279072 474267 603136 1.36408e+06 938634 476810 270971 117711 100481 103853 115516 105968 89885.2 291838 390164 387083 326232
BT
 797007 344755 417705 215052 324547 391733 609673 1.02225e+06 1.10803e+06 2.13603e+06 1.94453e+06 1.18449e+06 923399 484712 274915 182175 186845 195268 144851 328186 593532 520758 531876 409270
Ftot
 0.480531 0.438424 0.874841 0.438642 0.0750023 0.806287 0.708819 0.816088 0.745492 0.290769 0.446864 0.463328 0.762054 1.34089 1.1855 0.533515 0.467076 0.409613 0.553211 0.37851 0.118607 0.167127 0.277122 0.555106
BD_Bspro_t
 0.926554 0.60602 0.608319 0.283066 0.271655 0.554967 0.401155 0.404106 0.476296 0.487621 0.642496 0.47491 0.327099 0.248854 0.14418 0.148147 0.198336 0.279072 0.310696 0.338938 0.636029 0.741147 0.710697 0.601621
BD_Bspro
 1.71335 0.524425 0.924196 0.498059 0.277729 0.748797 0.7264 0.798688 1.35733 1.72614 3.90393 2.68632 1.3646 0.775505 0.336883 0.287571 0.297221 0.330601 0.303274 0.257246 0.835224 1.11663 1.10781 0.933657
BD_Bo
 0.706986 0.216395 0.381354 0.205516 0.1146 0.308978 0.299737 0.329565 0.560078 0.712263 1.61089 1.10846 0.56308 0.319999 0.139009 0.118661 0.122643 0.136417 0.125141 0.106148 0.344641 0.460758 0.457119 0.385258
BD_Brms
 3.44218 1.05359 1.85674 1.00062 0.557966 1.50436 1.45936 1.60459 2.72691 3.46787 7.84312 5.3969 2.74153 1.55801 0.676808 0.577739 0.597126 0.664188 0.609286 0.516816 1.67799 2.24334 2.22562 1.87575
S_f
 0.5 1 1 1 1
 0.5 1 1 1 1
 0.5 1 1 1 1
 0.5 1 1 1 1
 0.5 1 1 1 1
 0.5 1 1 1 1
 0.5 1 1 1 1
 0.5 1 1 1 1
 0.5 1 1 1 1
 0.5 1 1 1 1
 0.5 1 1 1 1
 0.5 1 1 1 1
 0.5 1 1 1 1
 0.5 1 1 1 1
 0.5 1 1 1 1
 0.5 1 1 1 1
 0.5 1 1 1 1
 0.5 1 1 1 1
 0.5 1 1 1 1
 0.5 1 1 1 1
 0.5 1 1 1 1
 0.5 1 1 1 1
 0.5 1 1 1 1
 0.5 1 1 1 1
Scru_reclas
 0.5 1 1 1 1
 0.5 1 1 1 1
 0.5 1 1 1 1
 0.5 1 1 1 1
 0.5 1 1 1 1
 0.5 1 1 1 1
 0.5 1 1 1 1
 0.5 1 1 1 1
 0.5 1 1 1 1
 0.5 1 1 1 1
 0.5 1 1 1 1
 0.5 1 1 1 1
 0.5 1 1 1 1
 0.5 1 1 1 1
 0.5 1 1 1 1
 0.5 1 1 1 1
 0.5 1 1 1 1
 0.5 1 1 1 1
 0.5 1 1 1 1
 0.5 1 1 1 1
 0.5 1 1 1 1
 0.5 1 1 1 1
 0.5 1 1 1 1
 0.5 1 1 1 1
Scru_pelaces
 0.5 1 1 1 1
 0.5 1 1 1 1
 0.5 1 1 1 1
 0.5 1 1 1 1
 0.5 1 1 1 1
 0.5 1 1 1 1
 0.5 1 1 1 1
 0.5 1 1 1 1
 0.5 1 1 1 1
 0.5 1 1 1 1
 0.5 1 1 1 1
 0.5 1 1 1 1
 0.5 1 1 1 1
 0.5 1 1 1 1
 0.5 1 1 1 1
 0.5 1 1 1 1
 0.5 1 1 1 1
 0.5 1 1 1 1
 0.5 1 1 1 1
 0.5 1 1 1 1
 0.5 1 1 1 1
 0.5 1 1 1 1
 0.5 1 1 1 1
 0.5 1 1 1 1
pf_obs 
 0.256992 0.487395 0.22802 0.0275931 0
 0.321318 0.546541 0.124235 0.00734118 0.000564706
 0.182869 0.594174 0.210203 0.0122559 0.00049798
 0.330522 0.361315 0.267642 0.0388342 0.00168674
 0.649043 0.306663 0.0425973 0.00169635 0
 0.582887 0.30429 0.105238 0.00758474 0
 0.465427 0.430635 0.0974691 0.00646863 0
 0.296916 0.608066 0.0921331 0.00288517 0
 0.311714 0.524322 0.152257 0.0117073 0
 0.15457 0.633149 0.183074 0.0267441 0.00246327
 0.131901 0.49318 0.331252 0.0422183 0.00144891
 0.196976 0.569456 0.194076 0.0375587 0.00193317
 0.518974 0.381816 0.0799577 0.0180837 0.00116848
 0.0928022 0.601141 0.25162 0.0475244 0.00691264
 0.122501 0.610282 0.24278 0.0234846 0.000952079
 0.383417 0.481906 0.127806 0.00687128 0
 0.0376549 0.599619 0.316969 0.0457579 0
 0.0361596 0.667082 0.258105 0.0386534 0
 0.158088 0.579412 0.248529 0.0139706 0
 0.0477256 0.309471 0.559284 0.082774 0.000745712
 0.0406174 0.521527 0.379366 0.0568643 0.0016247
 0.151134 0.462217 0.34131 0.0453401 0
 0.294876 0.26143 0.354403 0.0886775 0.000613685
 0.281977 0.475581 0.204845 0.0348837 0.00271318
pf_pred 
 0.0696724 0.468341 0.232571 0.115491 0.113925
 0.858782 0.0207717 0.0606344 0.0301102 0.0297017
 0.0030328 0.929715 0.00989206 0.0288758 0.0284841
 0.0856283 0.00720588 0.845972 0.00900104 0.0521933
 0.894964 0.0184369 0.000682458 0.0801207 0.00579562
 0.361329 0.603969 0.00609124 0.000225473 0.0283854
 0.52863 0.278537 0.182355 0.00183911 0.00863841
 0.829936 0.125008 0.026624 0.0174304 0.0010015
 0.53329 0.432138 0.0254125 0.00541235 0.00374699
 0.814098 0.137746 0.0445885 0.0026221 0.000945072
 0.184495 0.738005 0.0574246 0.0185884 0.00148711
 0.0756499 0.314467 0.551924 0.0429455 0.0150137
 0.604099 0.0625022 0.113423 0.19907 0.020905
 0.400495 0.475647 0.0195539 0.0354847 0.0688196
 0.553602 0.299837 0.116281 0.00478034 0.0254993
 0.549779 0.352279 0.065786 0.0255128 0.00664352
 0.414051 0.434087 0.118825 0.0221899 0.0108465
 0.420293 0.358488 0.163885 0.0448613 0.0124726
 0.255629 0.461744 0.174775 0.0798994 0.0279522
 0.884481 0.0516543 0.039616 0.014995 0.00925326
 0.519527 0.453916 0.0118751 0.0091075 0.00557456
 0.367897 0.436784 0.184523 0.00482737 0.00596846
 0.374554 0.343793 0.194622 0.08222 0.00481041
 0.0660944 0.527326 0.223487 0.126517 0.0565753
pobs_RECLAS
 0 0 0 0 0
 0 0 0 0 0
 0 0 0 0 0
 0 0 0 0 0
 0.835266 0.146461 0.0176864 0.000547809 3.91292e-05
 0.385257 0.428462 0.181853 0.0044286 0
 0.867414 0.0963971 0.0333333 0.00285562 0
 0.441836 0.489002 0.0689373 0.000224442 0
 0.779404 0.147425 0.0564933 0.0165055 0.000172143
 0.814271 0.122319 0.05973 0.00367925 0
 0.40263 0.566651 0.0304383 0.000280538 0
 0.475488 0.404961 0.113038 0.00651328 0
 0.955842 0.0263864 0.0167828 0.000988607 0
 0.975058 0.0227948 0.00214734 0 0
 0.738997 0.206755 0.0527124 0.00153531 0
 0.850938 0.134255 0.0134407 0.00136685 0
 0.542534 0.407297 0.0501686 0 0
 0.764087 0.199537 0.0359546 0.000420521 0
 0.470689 0.182191 0.310203 0.0369168 0
 0.84361 0.089868 0.0606195 0.00523954 0.000663233
 0.607945 0.314616 0.071237 0.00620181 0
 0.523733 0.453247 0.0230204 0 0
 0.530135 0.295979 0.169645 0.0042399 0
 0.562478 0.366248 0.0663022 0.0049721 0
ppred_RECLAS
 0.0710353 0.467654 0.23223 0.115322 0.113758
 0.861007 0.0204444 0.0596791 0.0296358 0.0292337
 0.00318128 0.929577 0.00989059 0.0288715 0.0284799
 0.0870863 0.00719439 0.844623 0.00898668 0.05211
 0.895184 0.0183983 0.00068103 0.079953 0.00578349
 0.37122 0.594616 0.00599691 0.000221982 0.0279458
 0.537459 0.27332 0.178939 0.00180467 0.00847661
 0.835969 0.120573 0.0256797 0.0168121 0.000965971
 0.542758 0.423371 0.024897 0.00530255 0.00367097
 0.815753 0.13652 0.0441917 0.00259876 0.000936662
 0.187361 0.735411 0.0572228 0.0185231 0.00148188
 0.0770503 0.313991 0.551088 0.0428805 0.0149909
 0.61346 0.0610244 0.110742 0.194364 0.0204107
 0.422487 0.458199 0.0188366 0.034183 0.066295
 0.572124 0.287396 0.111457 0.004582 0.0244413
 0.555705 0.347642 0.0649201 0.0251771 0.00655609
 0.418929 0.430473 0.117836 0.0220052 0.0107562
 0.424417 0.355938 0.162719 0.0445421 0.0123838
 0.260449 0.458755 0.173643 0.079382 0.0277712
 0.886033 0.0509607 0.039084 0.0147937 0.00912902
 0.52049 0.453006 0.0118512 0.00908924 0.00556339
 0.36922 0.43587 0.184137 0.00481727 0.00595597
 0.37698 0.34246 0.193868 0.0819011 0.00479176
 0.0676728 0.526435 0.223109 0.126303 0.0564797
pobs_PELACES
 0 0 0 0 0
 0 0 0 0 0
 0 0 0 0 0
 0 0 0 0 0
 0 0 0 0 0
 0 0 0 0 0
 0 0 0 0 0
 0 0 0 0 0
 0 0 0 0 0
 0 0 0 0 0
 0.450072 0.473896 0.0757376 0.000293798 0
 0 0 0 0 0
 0.463077 0.371075 0.160297 0.00555027 0
 0.529543 0.364841 0.0842815 0.0213345 0
 0.631943 0.363953 0.00410389 0 0
 0.735681 0.248677 0.0153453 0.000297389 0
 0.695825 0.281241 0.0229344 0 0
 0.275771 0.60734 0.115278 0.00161068 0
 0 0 0 0 0
 0.896147 0.0623911 0.0374545 0.00400742 0
 0.803859 0.145111 0.0509908 3.86294e-05 0
 0.739449 0.233085 0.0266225 0.000797448 4.60066e-05
 0.878498 0.100942 0.0204185 0.000141795 0
 0.694673 0.275183 0.0284847 0.00165964 0
ppred_PELACES
 0.0764487 0.464929 0.230877 0.11465 0.113095
 0.86944 0.019204 0.0560582 0.0278377 0.02746
 0.00367348 0.929118 0.0098857 0.0288573 0.0284658
 0.0930149 0.00714767 0.839137 0.00892832 0.0517716
 0.89634 0.0181954 0.000673522 0.0790716 0.00571973
 0.402766 0.564783 0.00569604 0.000210844 0.0265437
 0.566374 0.256234 0.167753 0.00169185 0.00794671
 0.853609 0.107607 0.0229181 0.0150042 0.000862091
 0.573087 0.395289 0.0232456 0.00495083 0.00342748
 0.822855 0.131258 0.0424883 0.00249859 0.000900557
 0.198847 0.725017 0.056414 0.0182613 0.00146094
 0.0826657 0.31208 0.547735 0.0426196 0.0148997
 0.642818 0.0563894 0.102331 0.179601 0.0188605
 0.477184 0.414802 0.0170525 0.0309454 0.0600161
 0.619194 0.25578 0.0991955 0.00407794 0.0217525
 0.577319 0.33073 0.0617618 0.0239522 0.00623714
 0.437798 0.416495 0.11401 0.0212907 0.0104069
 0.441006 0.345679 0.158029 0.0432584 0.0120269
 0.278411 0.447612 0.169426 0.077454 0.0270967
 0.892189 0.048208 0.0369728 0.0139946 0.0086359
 0.525372 0.448394 0.0117306 0.0089967 0.00550674
 0.375665 0.431416 0.182256 0.00476805 0.00589511
 0.387778 0.336524 0.190508 0.0804816 0.00470871
 0.0736856 0.52304 0.221671 0.125489 0.0561154
pobs_pel_tallas
 0 0 0 0 0 0 0 0 0 0 0 0 0 0 0 0 0 0 0 0 0 0 0 0 0 0 0 0 0 0 0 0 0 0 0 0
 0 0 0 0 0 0 0 0 0 0 0 0 0 0 0 0 0 0 0 0 0 0 0 0 0 0 0 0 0 0 0 0 0 0 0 0
 0 0 0 0 0 0 0 0 0 0 0 0 0 0 0 0 0 0 0 0 0 0 0 0 0 0 0 0 0 0 0 0 0 0 0 0
 0 0 0 0 0 0 0 0 0 0 0 0 0 0 0 0 0 0 0 0 0 0 0 0 0 0 0 0 0 0 0 0 0 0 0 0
 0 0 0 0 0 0 0 0 0 0 0 0 0 0 0 0 0 0 0 0 0 0 0 0 0 0 0 0 0 0 0 0 0 0 0 0
 0 0 0 0 0 0 0 0 0 0 0 0 0 0 0 0 0 0 0 0 0 0 0 0 0 0 0 0 0 0 0 0 0 0 0 0
 0 0 0 0 0 0 0 0 0 0 0 0 0 0 0 0 0 0 0 0 0 0 0 0 0 0 0 0 0 0 0 0 0 0 0 0
 0 0 0 0 0 0 0 0 0 0 0 0 0 0 0 0 0 0 0 0 0 0 0 0 0 0 0 0 0 0 0 0 0 0 0 0
 0 0 0 0 0 0 0 0 0 0 0 0 0 0 0 0 0 0 0 0 0 0 0 0 0 0 0 0 0 0 0 0 0 0 0 0
 0 0 0 0 0 0 0 0 0 0 0 0 0 0 0 0 0 0 0 0 0 0 0 0 0 0 0 0 0 0 0 0 0 0 0 0
 0 0 0 0 0 0 0 0 1.78061e-05 0.00172719 0.00360574 0.0105946 0.0120993 0.0124554 0.0147524 0.0171206 0.0266825 0.0428682 0.0675386 0.121331 0.153587 0.119568 0.100827 0.0573624 0.0630603 0.0341343 0.0324427 0.0444173 0.0211091 0.0280891 0.0125444 0.00206551 0 0 0 0
 0 0 0 0 0 0 0 0 0 0 0 0 0 0 0 0 0 0 0 0 0 0 0 0 0 0 0 0 0 0 0 0 0 0 0 0
 0 0 0 0 0 0 0.0133647 0.0140871 0.0187388 0.0205184 0.03894 0.0496705 0.03968 0.0493445 0.0407372 0.0367815 0.0215668 0.0243155 0.0234873 0.0199281 0.019796 0.0243948 0.0301388 0.0376714 0.0412746 0.0863199 0.0771752 0.113111 0.0741005 0.0525337 0.0229764 0.00759418 0.00175318 0 0 0
 0 0 0 0 0 0 0 0 0 0 0.00219441 0.00772107 0.0458388 0.0604681 0.0671733 0.0775358 0.0609151 0.0617685 0.073594 0.0568108 0.0755445 0.0548602 0.0670107 0.0636378 0.0643287 0.046367 0.0373049 0.0286899 0.0247887 0.0153202 0.00654259 0.00121912 0.000365735 0 0 0
 0 0 0 0 0 0 0 0 0 0 0 0 0.000112435 0.00938835 0.0111873 0.0202946 0.0414886 0.0713402 0.111592 0.104902 0.108894 0.110636 0.117776 0.105296 0.107544 0.0401394 0.0192827 0.0124803 0.00416011 0.0028671 0.000618394 0 0 0 0 0
 0 0 0 0 0 0 0 0 0 0 0.00291406 0.0102884 0.027416 0.0768956 0.0749926 0.110853 0.0956884 0.0897413 0.0766577 0.0534642 0.0500743 0.0551293 0.0594112 0.0620874 0.0668451 0.0424026 0.0208742 0.0120726 0.0048766 0.00582813 0.00118941 0.000297354 0 0 0 0
 0 0.00264628 0.0354308 0.0461629 0.0458689 0.0383711 0.0214643 0.0164657 0.0346957 0.0420465 0.0363128 0.0245516 0.0311673 0.0291091 0.0169068 0.0133784 0.00837989 0.0085269 0.0148486 0.0160247 0.0276389 0.0546898 0.0760071 0.122758 0.109233 0.0665981 0.0333725 0.0166128 0.00676272 0.00308733 0.000882094 0 0 0 0 0
 0 0 0 0 0 0 0 0.000805153 0.000690131 0.00759144 0.0133425 0.0154129 0.00931677 0.000345066 0.00356568 0.00563607 0.00851162 0.0253048 0.0502646 0.0516448 0.0657925 0.0565908 0.0611916 0.0827007 0.0866115 0.110766 0.145733 0.0935128 0.0569358 0.0249597 0.0138026 0.00621118 0.00161031 0.00115022 0 0
 0 0 0 0 0 0 0 0 0 0 0 0 0 0 0 0 0 0 0 0 0 0 0 0 0 0 0 0 0 0 0 0 0 0 0 0
 0.00147267 0.00158595 0.00478618 0.00569244 0.00954404 0.0108468 0.00647125 0.017049 0.0510054 0.094081 0.124002 0.0959785 0.0687766 0.0820023 0.061753 0.0591476 0.0492212 0.0479892 0.0443925 0.0268479 0.0217502 0.0140895 0.0121071 0.0120363 0.00920419 0.00665534 0.0049561 0.00860946 0.00930331 0.0156896 0.0114698 0.00855282 0.00243557 0.00046729 0 2.83206e-05
 0 0 0 0 0.000772559 0.00158375 0.000888443 0.00281984 0.00712685 0.0440552 0.0773331 0.111326 0.0921469 0.0852325 0.0710754 0.0886704 0.0786465 0.0553345 0.0373146 0.0185414 0.00753245 0.00457741 0.012979 0.0271748 0.0457355 0.0583668 0.034881 0.0177882 0.00938659 0.00492506 0.0015258 0.00185414 0.000309023 5.79419e-05 3.86279e-05 0
 0 0.00173294 0.00326652 0 0.00397197 0.00683976 0.00946217 0.0152591 0.00757587 0.0136028 0.0228656 0.0392903 0.0559909 0.0764795 0.0681675 0.0726916 0.0566044 0.0477403 0.0527397 0.0444891 0.0609904 0.0582453 0.0661739 0.0445044 0.0529084 0.0360697 0.0280645 0.0235558 0.0158879 0.00826598 0.00280645 0.00217768 0.000904811 0.00058276 9.20147e-05 0
 0 0 0 0 0 0 0 0 0 0 0 0 0 0 0 0 0 0 0 0 0 0 0 0 0 0 0 0 0 0 0 0 0 0 0 0
 0 0 0 0 0 0 0 0 0 0 0 0 0 0 0 0 0 0 0 0 0 0 0 0 0 0 0 0 0 0 0 0 0 0 0 0
ppred_pel_tallas
 1.12653e-16 3.36521e-06 1.96749e-05 9.33685e-05 0.000359212 0.00111992 0.00282932 0.00579294 0.0096169 0.012959 0.0142176 0.0128159 0.00977486 0.00691961 0.00563635 0.00638287 0.00903254 0.0133485 0.0191446 0.0261994 0.0341378 0.0423941 0.0502709 0.0570634 0.0622032 0.0653692 0.0665317 0.0659116 0.0638816 0.060845 0.0571391 0.0529897 0.0485201 0.0437933 0.0388647 0.0338186
 1.03042e-16 3.79251e-05 0.000222613 0.00105825 0.00407442 0.0127058 0.0320935 0.0656662 0.108844 0.146158 0.159007 0.140154 0.100107 0.0579795 0.0273109 0.0106243 0.00370698 0.00163639 0.00142843 0.00184685 0.00251198 0.00332715 0.00425733 0.00527004 0.00632522 0.00737575 0.00836949 0.00925144 0.00996662 0.0104641 0.0107028 0.0106575 0.0103246 0.0097242 0.00889942 0.00791087
 1.02765e-16 2.10399e-07 1.11138e-06 5.02234e-06 1.8899e-05 5.85573e-05 0.000148957 0.000312112 0.000545052 0.000815687 0.00110827 0.00150232 0.00221988 0.00360372 0.00605917 0.0100033 0.0158124 0.0237321 0.0337458 0.0454437 0.057957 0.0700132 0.0801295 0.0869135 0.089389 0.087237 0.0808774 0.071351 0.060054 0.0484111 0.0375931 0.028352 0.0209942 0.0154623 0.0114731 0.00865642
 1.1464e-16 4.07086e-06 2.38552e-05 0.000113326 0.000436192 0.00136008 0.00343541 0.00702988 0.0116554 0.015661 0.0170639 0.0151038 0.0109282 0.00662145 0.00369351 0.00250545 0.002733 0.00401327 0.00622216 0.00943724 0.0138122 0.0194731 0.0264442 0.0345937 0.043599 0.0529429 0.0619468 0.069845 0.0758896 0.0794675 0.0802043 0.0780284 0.0731854 0.0661905 0.0577398 0.0485962
 1.03e-16 3.90979e-05 0.000229499 0.00109099 0.00420046 0.0130988 0.0330864 0.0676976 0.112211 0.150679 0.163923 0.144484 0.103191 0.0597489 0.0281112 0.0108749 0.00369052 0.00147598 0.00114681 0.00142115 0.00190255 0.00249064 0.00315485 0.00387481 0.00463018 0.00539979 0.00616073 0.0068861 0.00754287 0.00809148 0.00848857 0.00869312 0.00867432 0.00841878 0.00793554 0.00725611
 1.01513e-16 1.7598e-05 0.000103225 0.000490557 0.00188846 0.00588879 0.0148752 0.0304402 0.0504721 0.0678248 0.073918 0.0654655 0.047439 0.0288484 0.0161708 0.0108137 0.0110547 0.0147642 0.0205463 0.0275736 0.0351385 0.0424237 0.0485188 0.052576 0.0540027 0.0526079 0.0486516 0.0427725 0.0358267 0.0286876 0.0220733 0.0164454 0.0119915 0.00867517 0.00631981 0.00469361
 1.02895e-16 2.472e-05 0.000145065 0.000689528 0.00265465 0.0082782 0.0209102 0.0427862 0.070927 0.0952657 0.103701 0.0915518 0.0657099 0.0387011 0.0194438 0.00969959 0.00684262 0.00775578 0.010517 0.0142384 0.0184657 0.0228135 0.0268656 0.0302103 0.0325156 0.0335943 0.0334334 0.0321764 0.0300711 0.0274015 0.0244292 0.0213597 0.0183347 0.0154451 0.0127498 0.0102913
 1.00917e-16 3.72384e-05 0.000218573 0.00103903 0.00400037 0.0124748 0.0315103 0.0644735 0.106869 0.143514 0.15615 0.137683 0.0984428 0.0572197 0.0273353 0.0113002 0.00500746 0.00363897 0.0042508 0.00557471 0.00713859 0.00871123 0.0101068 0.0111592 0.0117464 0.0118163 0.0113963 0.0105821 0.00950946 0.0083209 0.00713603 0.0060353 0.00505795 0.0042107 0.00348145 0.00285185
 1.0079e-16 2.5018e-05 0.000146803 0.000697763 0.00268631 0.0083769 0.0211597 0.0432976 0.0717783 0.0964198 0.104986 0.0927516 0.0667148 0.0395805 0.0204133 0.0110392 0.00883697 0.0106628 0.0145365 0.0194629 0.0248198 0.0300057 0.034376 0.0373316 0.0384491 0.0375832 0.0349022 0.0308396 0.0259836 0.0209395 0.0162106 0.0121275 0.0088356 0.00632708 0.00449703 0.00319971
 1.00774e-16 3.58984e-05 0.000210704 0.00100161 0.00385629 0.0120255 0.0303754 0.0621517 0.103022 0.13835 0.150538 0.132751 0.0949525 0.0552638 0.0265378 0.0112079 0.00532876 0.00426577 0.00518338 0.00684935 0.00878451 0.0107285 0.0124563 0.0137618 0.0144912 0.0145746 0.0140403 0.0130007 0.0116208 0.0100771 0.00852232 0.00706461 0.00576352 0.00463873 0.00368471 0.00288455
 1.01733e-16 8.71278e-06 5.10461e-05 0.000242458 0.000933156 0.00290968 0.00735039 0.0150453 0.0249596 0.0335815 0.0367055 0.0327625 0.0242936 0.0158745 0.0108731 0.0101834 0.0131501 0.0188569 0.026621 0.035848 0.045779 0.0554028 0.0635549 0.0691368 0.0713666 0.0699678 0.0652358 0.0579505 0.0491749 0.0400061 0.031358 0.0238345 0.0177056 0.0129666 0.0094389 0.00687094
 1.10038e-16 3.63123e-06 2.12479e-05 0.000100872 0.000388143 0.00121017 0.00305711 0.00625802 0.0103841 0.013978 0.0152968 0.0136977 0.0102537 0.00689424 0.00506168 0.00518933 0.00708895 0.0104868 0.0152245 0.0211867 0.0281766 0.0358526 0.0437385 0.0512865 0.0579617 0.0633196 0.0670552 0.0690121 0.0691642 0.0675841 0.0644168 0.0598688 0.0542063 0.0477525 0.0408735 0.0339492
 1.08524e-16 2.80448e-05 0.000164604 0.000782462 0.00301254 0.00939433 0.0237292 0.0485525 0.080479 0.108075 0.117589 0.103682 0.0741303 0.0430864 0.0205857 0.00852781 0.00383796 0.00291888 0.00360209 0.00499972 0.00683887 0.00903365 0.0115214 0.0142225 0.0170375 0.0198517 0.0225389 0.0249632 0.0269829 0.028458 0.0292649 0.029315 0.0285735 0.0270715 0.0249085 0.0222409
 1.04245e-16 2.08368e-05 0.000122254 0.000581053 0.00223694 0.00697556 0.01762 0.0360554 0.0597749 0.0803037 0.0874591 0.0773181 0.0557241 0.033282 0.0175737 0.010161 0.00890315 0.0112148 0.0154572 0.0207776 0.0265936 0.0323034 0.0372496 0.040817 0.0425679 0.0423464 0.040312 0.0368882 0.0326458 0.0281629 0.0239049 0.0201588 0.0170282 0.0144741 0.012379 0.0106067
 1.02649e-16 2.7023e-05 0.000158586 0.00075381 0.00290215 0.00905003 0.0228598 0.0467751 0.0775385 0.104143 0.113357 0.100057 0.0717723 0.0421866 0.0210354 0.010226 0.0068665 0.00752807 0.0100929 0.0135835 0.0175103 0.0214757 0.0250647 0.0278792 0.0296145 0.0301241 0.0294453 0.0277749 0.0254089 0.0226658 0.0198212 0.0170704 0.0145226 0.0122189 0.0101599 0.00833083
 1.02099e-16 2.52e-05 0.000147877 0.000702882 0.00270604 0.00843845 0.0213151 0.0436151 0.0723028 0.0971188 0.105732 0.0933768 0.0670896 0.0396532 0.0201774 0.0104778 0.00789282 0.00924654 0.0125572 0.016866 0.0216235 0.0263279 0.0304438 0.0334656 0.0350231 0.0349652 0.0333906 0.0306119 0.0270684 0.0232189 0.0194492 0.0160187 0.0130525 0.0105672 0.00851368 0.00681806
 1.02972e-16 1.91198e-05 0.000112172 0.000533122 0.00205239 0.00640005 0.0161664 0.0330811 0.0548453 0.0736851 0.0802614 0.0709806 0.0512122 0.0306994 0.016417 0.00982078 0.00897228 0.0115226 0.0159828 0.0215691 0.0277249 0.0338526 0.0392836 0.0433759 0.0456499 0.0458946 0.0442085 0.0409568 0.0366666 0.0318959 0.027121 0.0226711 0.018718 0.0153059 0.0124015 0.00994034
 1.04405e-16 1.92569e-05 0.000112984 0.000536993 0.00206732 0.00644662 0.0162839 0.0333211 0.0552412 0.074211 0.0808184 0.0714356 0.0514589 0.0306846 0.0161151 0.00919066 0.00793598 0.00997531 0.0138232 0.0187386 0.0242453 0.0298557 0.0350206 0.0392006 0.0419733 0.0431203 0.0426626 0.0408307 0.037987 0.0345278 0.0308001 0.0270554 0.0234441 0.0200388 0.0168694 0.0139519
 1.06479e-16 1.21711e-05 7.13745e-05 0.000339158 0.00130557 0.0040711 0.0102837 0.021045 0.0348965 0.0469016 0.0511348 0.0453343 0.0329534 0.0202453 0.0117235 0.00840768 0.00916239 0.0125727 0.0177234 0.0240736 0.0311355 0.03831 0.0448969 0.0502082 0.0537112 0.0551396 0.0545379 0.052219 0.0486601 0.0443726 0.0397939 0.035228 0.0308415 0.0266983 0.0228104 0.0191796
 1.01426e-16 3.89182e-05 0.000228441 0.00108595 0.00418106 0.0130383 0.0329336 0.0673852 0.111694 0.149987 0.163178 0.143845 0.102772 0.0595819 0.0281752 0.0111497 0.00418854 0.00224087 0.00223445 0.00287676 0.00373942 0.00467312 0.00558866 0.00640821 0.00706732 0.00752456 0.00776639 0.00780422 0.00766581 0.00738458 0.00699108 0.00650922 0.00595716 0.00535075 0.00470737 0.00404782
 1.0088e-16 2.29395e-05 0.000134595 0.000639717 0.0024628 0.00767988 0.0193991 0.0396958 0.0658098 0.0884099 0.0962843 0.0851122 0.0613241 0.0365915 0.0192557 0.0110273 0.00953856 0.0119302 0.0163844 0.0219492 0.0279719 0.0337819 0.038651 0.041903 0.0430631 0.0419748 0.0388388 0.0341575 0.0286071 0.0228806 0.0175506 0.0129895 0.00935451 0.0066265 0.00467463 0.0033224
 1.03167e-16 1.64113e-05 9.62695e-05 0.000457514 0.00176127 0.0054922 0.0138732 0.0283893 0.0470693 0.0632454 0.0689098 0.0609884 0.0441051 0.0266443 0.0146236 0.00933234 0.00914867 0.0120916 0.0168989 0.0228822 0.0295091 0.0361742 0.0421839 0.046861 0.049684 0.050399 0.0490646 0.0460138 0.0417529 0.0368331 0.0317398 0.0268266 0.0223033 0.0182612 0.0147166 0.0116511
 1.058e-16 1.69356e-05 9.93563e-05 0.000472208 0.00181788 0.00566876 0.0143191 0.0293009 0.0485776 0.0652628 0.0710833 0.062854 0.0453281 0.0271316 0.014439 0.00853852 0.00771735 0.00990983 0.0138268 0.0188216 0.0244643 0.0302973 0.0357934 0.040425 0.043766 0.0455747 0.0458297 0.0447039 0.0424949 0.0395375 0.03613 0.0324961 0.0287823 0.0250804 0.021458 0.0179807
 1.10251e-16 3.24716e-06 1.89763e-05 9.0035e-05 0.000346356 0.00107982 0.00272809 0.00558625 0.00927593 0.0125061 0.0137377 0.0124238 0.00956195 0.00693174 0.00589601 0.00692668 0.00993042 0.014696 0.0210379 0.0287027 0.03725 0.0460226 0.0542197 0.0610421 0.0658596 0.068339 0.0684947 0.066641 0.063275 0.058932 0.0540663 0.0489902 0.043876 0.0387992 0.0337974 0.0289155
pSPR Fmed_Fpbrs
0.459738   0.255389 0.255389
Fs Fmed_Fpbrs
0.464199   1.005 1.005
SSBpbr Bo_Bmed_Bpbrs
846788  346961  173921 173921
Ro
16983.5
SPR SPRFo_SPRFmed_SPRFpbrs
349413 160638 89236.2
log_Ro
9.56
likeval ReclasPelacesDesembMPH_pf_preclas_ppelaces_ptallas_desvR_qrecl_qpela
 110.569 125.806 0.219865 0.000534191 400.753 204.039 101.132 0 82.6408 0 0 0 0 0 0
q_reclas_q_pelaces
1 1
M
0.7
N
 2720.2 10097.1 5014.05 2489.91 2456.13
 80188.1 1062.3 3100.97 1539.89 1519
 175.899 31981.7 340.281 993.312 979.837
 1223.63 56.4011 6621.5 70.452 408.522
 46603.1 487.969 18.0627 2120.56 153.393
 22751.2 22290.6 224.809 8.32152 1047.62
 24869.1 7549.46 4942.54 49.8472 234.135
 97971.3 8664.34 1845.33 1208.11 69.4142
 68842.4 32350.5 1902.42 405.177 280.506
 261692 23548.8 7622.76 448.268 161.567
 51204.1 112368 8743.45 2830.26 226.427
 8888.84 20335.9 35691.7 2777.19 970.9
 58183.9 3501.3 6353.84 11151.7 1171.07
 26032.9 19738.7 811.459 1472.56 2855.92
 19573.6 6612.22 2564.32 105.42 562.328
 15033.2 5373.24 1003.42 389.143 101.332
 9901.63 5717.35 1565.05 292.263 142.859
 8380.16 3892.93 1779.67 487.162 135.443
 3352.8 3390.78 1283.45 586.735 205.265
 39941.3 1262.62 968.361 366.535 226.184
 36617.1 16414.3 429.421 329.342 201.585
 27844.2 17136.5 7239.47 189.394 234.163
 26126.9 12718.6 7200.02 3041.71 177.96
 2527.76 11295.5 4787.18 2710.04 1211.86
pred_Ctot
 423.642 2847.74 1414.14 702.243 692.716
 11496.2 278.062 811.69 403.073 397.605
 45.9555 14087.8 149.893 437.551 431.615
 175.504 14.7692 1733.91 18.4486 106.976
 1236.26 25.4679 0.942718 110.675 8.00582
 5555.49 9286.1 93.6536 3.46668 436.429
 5446.76 2869.92 1878.9 18.9494 89.0061
 24165.2 3639.84 775.212 507.522 29.1605
 15738.1 12753 749.96 159.726 110.579
 25679.8 4345.04 1406.49 82.7109 29.8112
 7468.82 29876.3 2324.69 752.505 60.2019
 1339.65 5568.74 9773.74 760.501 265.869
 13550.7 1402 2544.23 4465.39 468.925
 9500.93 11283.8 463.876 841.802 1632.61
 6511.16 3526.51 1367.64 56.2236 299.908
 2570.53 1647.11 307.587 119.287 31.0623
 1503.16 1575.9 431.381 80.5579 39.3769
 1129.36 963.288 440.372 120.546 33.5148
 592.005 1069.34 404.756 185.037 64.7337
 5007.09 292.418 224.268 84.8877 52.3832
 1521.48 1329.33 34.7772 26.6721 16.3256
 1613.08 1915.12 809.059 21.1661 26.1693
 2450.69 2249.42 1273.41 537.962 31.4743
 447.678 3571.74 1513.75 856.938 383.202
F
 0.240265 0.480531 0.480531 0.480531 0.480531
 0.219212 0.438424 0.438424 0.438424 0.438424
 0.43742 0.874841 0.874841 0.874841 0.874841
 0.219321 0.438642 0.438642 0.438642 0.438642
 0.0375012 0.0750023 0.0750023 0.0750023 0.0750023
 0.403144 0.806287 0.806287 0.806287 0.806287
 0.35441 0.708819 0.708819 0.708819 0.708819
 0.408044 0.816088 0.816088 0.816088 0.816088
 0.372746 0.745492 0.745492 0.745492 0.745492
 0.145384 0.290769 0.290769 0.290769 0.290769
 0.223432 0.446864 0.446864 0.446864 0.446864
 0.231664 0.463328 0.463328 0.463328 0.463328
 0.381027 0.762054 0.762054 0.762054 0.762054
 0.670443 1.34089 1.34089 1.34089 1.34089
 0.592752 1.1855 1.1855 1.1855 1.1855
 0.266758 0.533515 0.533515 0.533515 0.533515
 0.233538 0.467076 0.467076 0.467076 0.467076
 0.204806 0.409613 0.409613 0.409613 0.409613
 0.276605 0.553211 0.553211 0.553211 0.553211
 0.189255 0.37851 0.37851 0.37851 0.37851
 0.0593035 0.118607 0.118607 0.118607 0.118607
 0.0835633 0.167127 0.167127 0.167127 0.167127
 0.138561 0.277122 0.277122 0.277122 0.277122
 0.277553 0.555106 0.555106 0.555106 0.555106
nmprior
 10 10 8 0
nm_flota  nm_reclas  nm_pelaces    nm_pelaL
inf 7.64543 8.38489 12.8291
cv_recla  cv_pelaces  cv_mph
0.973516 1.31982 0.749871
 ------------------------------------------------
Talla a la edad & desviación 
 7.2 14.2025 17.0495 18.207 18.6776
 1.08 2.13037 2.55742 2.73105 2.80164
