years
 1997 1998 1999 2000 2001 2002 2003 2004 2005 2006 2007 2008 2009 2010 2011 2012 2013 2014 2015 2016 2017 2018 2019 2020
reclasobs
 0 0 0 370054 412103 1.49427e+06 250295 1.28982e+06 931140 785840 897777 1.04006e+06 184774 17550 25797 100020 73551 82996 120727 218422 84188 347160 605670 569463
reclaspred
 3.84059e+06 456193 616062 164134 222216 287743 394259 430953 601989 1.1684e+06 1.39434e+06 867334 445985 197784 127414 116591 120669 146383 119201 177184 381723 373904 493334 297825
pelacesobs
 0 0 0 0 0 0 0 0 0 2.06254e+06 1.5e+06 0 1.87456e+06 323000 250000 174000 83755 137374 0 501740 490994 745055 786931 1.00524e+06
pelacespred
 1.62845e+06 657126 194327 122164 127245 118327 198682 237764 318317 670279 719068 460207 243316 84812.2 53052.5 55263.1 59685.4 72189.1 61189.6 88462.8 208108 220196 220705 157109
mphobs
 0 0 0 0 0 112323 0 153150 637223 0 255016 313432 73983 77613 109348 50772 0 0 0 0 0 0 0 0
mphpred
 2.74263e+06 1.17144e+06 482230 239889 112551 301429 259763 337368 488341 687086 1.41611e+06 957646 497794 265761 118024 101433 100152 119292 121583 105893 257249 362841 385982 345306
desembarqueobs
 350755 77701 442110 56441 14545 235359 269955 359681 431902 328805 639364 411747 362871 311530 167758 66681 60226 58785 57116 71774 51957 67425 138520 160799
desembarquepred
 350738 77681.8 441643 56417.1 14543.4 235079 269714 359130 431381 328564 638484 411185 362056 310746 167374 66622.3 60184.3 58731.9 57051.5 71701.5 51939.8 67379.1 138389 160626
Reclutas
 1882.56 2777.88 401.684 1614.38 55556.9 8808.07 40472.5 88196.2 85797.7 260010 45705.8 13337.8 52837 27243.4 19858.5 13741.2 10940.3 9961.06 5326.64 31823.1 37301 31028.8 28784 4035.07
log_desv_Rt
 -2.13961 -1.75056 -3.68433 -2.29329 1.24516 -0.596576 0.928378 1.70732 1.67975 2.78848 1.04998 -0.181641 1.19497 0.532565 0.216388 -0.151849 -0.379787 -0.473561 -1.09952 0.687948 0.846775 0.662672 0.587576 -1.37722
SSB
 2.74263e+06 1.17144e+06 482230 239889 112551 301429 259763 337368 488341 687086 1.41611e+06 957646 497794 265761 118024 101433 100152 119292 121583 105893 257249 362841 385982 345306
BT
 3.16303e+06 1.34968e+06 604991 291080 383161 402982 797181 1.02792e+06 1.24495e+06 2.22315e+06 1.97102e+06 1.23176e+06 919506 483397 276735 178319 188985 210023 170667 302401 559580 498165 538158 435695
Ftot
 0.0889982 0.165095 0.664231 0.32912 0.0639707 0.751114 0.64422 0.781185 0.672984 0.272157 0.43497 0.449315 0.752584 1.35541 1.1735 0.539836 0.47416 0.383745 0.454138 0.388852 0.132418 0.17476 0.270154 0.508249
BD_Bspro_t
 0.985879 0.891365 0.700587 0.383377 0.385799 0.680769 0.447533 0.466568 0.491977 0.521983 0.652023 0.481564 0.337453 0.247027 0.145616 0.150199 0.194537 0.287266 0.342242 0.373405 0.607524 0.730958 0.711613 0.615449
BD_Bspro
 8.33462 3.55991 1.46546 0.729002 0.342033 0.916017 0.7894 1.02523 1.48403 2.088 4.30345 2.91021 1.51275 0.807626 0.358665 0.308248 0.304355 0.36252 0.369481 0.321801 0.78176 1.10264 1.17297 1.04936
BD_Bo
 2.50985 1.07202 0.441302 0.219528 0.102998 0.275845 0.237716 0.308734 0.446894 0.62877 1.29592 0.876368 0.455544 0.243205 0.108007 0.0928244 0.0916521 0.109168 0.111264 0.0969057 0.235416 0.332045 0.353223 0.315998
BD_Brms
 12.22 5.21944 2.14861 1.06884 0.501478 1.34304 1.15739 1.50317 2.17584 3.06136 6.3096 4.26686 2.21796 1.18412 0.525864 0.451944 0.446236 0.531516 0.541722 0.471815 1.14619 1.61666 1.71977 1.53853
S_f
 0.5 1 1 1 1
 0.5 1 1 1 1
 0.5 1 1 1 1
 0.5 1 1 1 1
 0.5 1 1 1 1
 0.5 1 1 1 1
 0.5 1 1 1 1
 0.5 1 1 1 1
 0.5 1 1 1 1
 0.5 1 1 1 1
 0.5 1 1 1 1
 0.5 1 1 1 1
 0.5 1 1 1 1
 0.5 1 1 1 1
 0.5 1 1 1 1
 0.5 1 1 1 1
 0.5 1 1 1 1
 0.5 1 1 1 1
 0.5 1 1 1 1
 0.5 1 1 1 1
 0.5 1 1 1 1
 0.5 1 1 1 1
 0.5 1 1 1 1
 0.5 1 1 1 1
Scru_reclas
 0.5 1 1 1 1
 0.5 1 1 1 1
 0.5 1 1 1 1
 0.5 1 1 1 1
 0.5 1 1 1 1
 0.5 1 1 1 1
 0.5 1 1 1 1
 0.5 1 1 1 1
 0.5 1 1 1 1
 0.5 1 1 1 1
 0.5 1 1 1 1
 0.5 1 1 1 1
 0.5 1 1 1 1
 0.5 1 1 1 1
 0.5 1 1 1 1
 0.5 1 1 1 1
 0.5 1 1 1 1
 0.5 1 1 1 1
 0.5 1 1 1 1
 0.5 1 1 1 1
 0.5 1 1 1 1
 0.5 1 1 1 1
 0.5 1 1 1 1
 0.5 1 1 1 1
Scru_pelaces
 0.5 1 1 1 1
 0.5 1 1 1 1
 0.5 1 1 1 1
 0.5 1 1 1 1
 0.5 1 1 1 1
 0.5 1 1 1 1
 0.5 1 1 1 1
 0.5 1 1 1 1
 0.5 1 1 1 1
 0.5 1 1 1 1
 0.5 1 1 1 1
 0.5 1 1 1 1
 0.5 1 1 1 1
 0.5 1 1 1 1
 0.5 1 1 1 1
 0.5 1 1 1 1
 0.5 1 1 1 1
 0.5 1 1 1 1
 0.5 1 1 1 1
 0.5 1 1 1 1
 0.5 1 1 1 1
 0.5 1 1 1 1
 0.5 1 1 1 1
 0.5 1 1 1 1
pf_obs 
 0.256992 0.487395 0.22802 0.0275931 0
 0.321318 0.546541 0.124235 0.00734118 0.000564706
 0.182869 0.594174 0.210203 0.0122559 0.00049798
 0.330522 0.361315 0.267642 0.0388342 0.00168674
 0.649043 0.306663 0.0425973 0.00169635 0
 0.582887 0.30429 0.105238 0.00758474 0
 0.465427 0.430635 0.0974691 0.00646863 0
 0.296916 0.608066 0.0921331 0.00288517 0
 0.311714 0.524322 0.152257 0.0117073 0
 0.15457 0.633149 0.183074 0.0267441 0.00246327
 0.131901 0.49318 0.331252 0.0422183 0.00144891
 0.196976 0.569456 0.194076 0.0375587 0.00193317
 0.518974 0.381816 0.0799577 0.0180837 0.00116848
 0.0928022 0.601141 0.25162 0.0475244 0.00691264
 0.122501 0.610282 0.24278 0.0234846 0.000952079
 0.383417 0.481906 0.127806 0.00687128 0
 0.0376549 0.599619 0.316969 0.0457579 0
 0.0361596 0.667082 0.258105 0.0386534 0
 0.158088 0.579412 0.248529 0.0139706 0
 0.0477256 0.309471 0.559284 0.082774 0.000745712
 0.0406174 0.521527 0.379366 0.0568643 0.0016247
 0.151134 0.462217 0.34131 0.0453401 0
 0.294876 0.26143 0.354403 0.0886775 0.000613685
 0.281977 0.475581 0.204845 0.0348837 0.00271318
pf_pred 
 0.0088506 0.630096 0.318176 0.0428767 9.76216e-07
 0.0281341 0.0174773 0.606726 0.306375 0.0412874
 0.0102334 0.0566194 0.016781 0.582554 0.333812
 0.129471 0.0214123 0.0485736 0.0143964 0.786146
 0.910801 0.0219867 0.00165321 0.0037503 0.0618088
 0.154387 0.806809 0.00956475 0.000719189 0.0285199
 0.706665 0.092127 0.191975 0.00227587 0.00695724
 0.751081 0.21252 0.011432 0.023822 0.00114573
 0.594392 0.358669 0.0400751 0.00215574 0.0047082
 0.779699 0.172244 0.0424955 0.00474815 0.000813248
 0.164119 0.739291 0.0755196 0.018632 0.00243837
 0.110027 0.274446 0.5444 0.0556112 0.0155158
 0.560534 0.0966635 0.105712 0.209694 0.0273969
 0.424418 0.438548 0.0301417 0.0329631 0.0739298
 0.555417 0.308616 0.103596 0.00712026 0.0252509
 0.522821 0.373631 0.0718795 0.0241286 0.00753954
 0.454678 0.39256 0.119613 0.0230112 0.0101381
 0.452798 0.359564 0.135075 0.0411573 0.0114063
 0.317528 0.443018 0.157344 0.0591084 0.0230016
 0.808396 0.0987165 0.0602965 0.0214151 0.0111755
 0.571565 0.387429 0.0211272 0.0129046 0.00697501
 0.405751 0.436624 0.142538 0.0077729 0.0073139
 0.388863 0.36017 0.184397 0.0601975 0.00637152
 0.094086 0.524513 0.224777 0.11508 0.0415447
pobs_RECLAS
 0 0 0 0 0
 0 0 0 0 0
 0 0 0 0 0
 0 0 0 0 0
 0.835266 0.146461 0.0176864 0.000547809 3.91292e-05
 0.385257 0.428462 0.181853 0.0044286 0
 0.867414 0.0963971 0.0333333 0.00285562 0
 0.441836 0.489002 0.0689373 0.000224442 0
 0.779404 0.147425 0.0564933 0.0165055 0.000172143
 0.814271 0.122319 0.05973 0.00367925 0
 0.40263 0.566651 0.0304383 0.000280538 0
 0.475488 0.404961 0.113038 0.00651328 0
 0.955842 0.0263864 0.0167828 0.000988607 0
 0.975058 0.0227948 0.00214734 0 0
 0.738997 0.206755 0.0527124 0.00153531 0
 0.850938 0.134255 0.0134407 0.00136685 0
 0.542534 0.407297 0.0501686 0 0
 0.764087 0.199537 0.0359546 0.000420521 0
 0.470689 0.182191 0.310203 0.0369168 0
 0.84361 0.089868 0.0606195 0.00523954 0.000663233
 0.607945 0.314616 0.071237 0.00620181 0
 0.523733 0.453247 0.0230204 0 0
 0.530135 0.295979 0.169645 0.0042399 0
 0.562478 0.366248 0.0663022 0.0049721 0
ppred_RECLAS
 0.00887534 0.63008 0.318168 0.0428756 9.76191e-07
 0.0282877 0.0174746 0.60663 0.306327 0.0412808
 0.0105666 0.0566004 0.0167754 0.582358 0.3337
 0.13092 0.0213767 0.0484927 0.0143724 0.784838
 0.910961 0.0219471 0.00165024 0.00374356 0.0616977
 0.159481 0.801949 0.00950713 0.000714857 0.0283481
 0.713056 0.0901199 0.187793 0.00222629 0.00680567
 0.758616 0.206086 0.0110859 0.0231009 0.00111105
 0.602318 0.35166 0.0392921 0.00211362 0.00461621
 0.781432 0.170889 0.0421613 0.00471081 0.000806853
 0.166642 0.73706 0.0752916 0.0185757 0.00243101
 0.111908 0.273865 0.54325 0.0554937 0.015483
 0.570022 0.0945766 0.103429 0.205166 0.0268054
 0.447119 0.421251 0.0289529 0.031663 0.071014
 0.573639 0.295966 0.0993501 0.00682841 0.0242159
 0.528893 0.368877 0.0709648 0.0238215 0.0074436
 0.459759 0.388903 0.118498 0.0227968 0.0100436
 0.456651 0.357032 0.134124 0.0408674 0.0113259
 0.321734 0.440288 0.156374 0.0587441 0.0228598
 0.810833 0.0974612 0.0595298 0.0211428 0.0110334
 0.572633 0.386462 0.0210746 0.0128724 0.00695762
 0.407194 0.435564 0.142192 0.00775402 0.00729613
 0.391248 0.358765 0.183678 0.0599626 0.00634666
 0.0960176 0.523394 0.224298 0.114834 0.0414562
pobs_PELACES
 0 0 0 0 0
 0 0 0 0 0
 0 0 0 0 0
 0 0 0 0 0
 0 0 0 0 0
 0 0 0 0 0
 0 0 0 0 0
 0 0 0 0 0
 0 0 0 0 0
 0 0 0 0 0
 0.450072 0.473896 0.0757376 0.000293798 0
 0 0 0 0 0
 0.463077 0.371075 0.160297 0.00555027 0
 0.529543 0.364841 0.0842815 0.0213345 0
 0.631943 0.363953 0.00410389 0 0
 0.735681 0.248677 0.0153453 0.000297389 0
 0.695825 0.281241 0.0229344 0 0
 0.275771 0.60734 0.115278 0.00161068 0
 0 0 0 0 0
 0.896147 0.0623911 0.0374545 0.00400742 0
 0.803859 0.145111 0.0509908 3.86294e-05 0
 0.739449 0.233085 0.0266225 0.000797448 4.60066e-05
 0.878498 0.100942 0.0204185 0.000141795 0
 0.694673 0.275183 0.0284847 0.00165964 0
ppred_PELACES
 0.00900545 0.629997 0.318126 0.04287 9.76063e-07
 0.0290462 0.0174609 0.606157 0.306088 0.0412486
 0.0117761 0.0565312 0.0167549 0.581646 0.333292
 0.137224 0.0212216 0.048141 0.0142682 0.779146
 0.911814 0.021737 0.00163444 0.00370772 0.061107
 0.176802 0.785422 0.00931121 0.000700125 0.0277638
 0.734303 0.0834466 0.173887 0.00206143 0.00630172
 0.781427 0.186611 0.0100383 0.0209178 0.00100605
 0.62859 0.328428 0.0366963 0.00197398 0.00431124
 0.789005 0.164968 0.0407005 0.00454759 0.000778898
 0.176849 0.728032 0.0743695 0.0183482 0.00240124
 0.119491 0.271527 0.538611 0.0550198 0.0153508
 0.600157 0.0879483 0.0961807 0.190788 0.0249268
 0.502831 0.378803 0.0260354 0.0284725 0.0638581
 0.620187 0.263654 0.0885036 0.00608292 0.0215721
 0.551016 0.351555 0.0676325 0.0227029 0.00709406
 0.479242 0.374877 0.114225 0.0219746 0.00968141
 0.4724 0.346683 0.130237 0.0396829 0.0109977
 0.338299 0.429535 0.152555 0.0573094 0.0223015
 0.820478 0.0924917 0.0564944 0.0200647 0.0104708
 0.577971 0.381635 0.0208113 0.0127117 0.00687072
 0.414173 0.430436 0.140518 0.00766274 0.00721024
 0.401915 0.352479 0.180459 0.0589119 0.00623545
 0.103547 0.519035 0.222429 0.113878 0.0411108
pobs_pel_tallas
 0 0 0 0 0 0 0 0 0 0 0 0 0 0 0 0 0 0 0 0 0 0 0 0 0 0 0 0 0 0 0 0 0 0 0 0
 0 0 0 0 0 0 0 0 0 0 0 0 0 0 0 0 0 0 0 0 0 0 0 0 0 0 0 0 0 0 0 0 0 0 0 0
 0 0 0 0 0 0 0 0 0 0 0 0 0 0 0 0 0 0 0 0 0 0 0 0 0 0 0 0 0 0 0 0 0 0 0 0
 0 0 0 0 0 0 0 0 0 0 0 0 0 0 0 0 0 0 0 0 0 0 0 0 0 0 0 0 0 0 0 0 0 0 0 0
 0 0 0 0 0 0 0 0 0 0 0 0 0 0 0 0 0 0 0 0 0 0 0 0 0 0 0 0 0 0 0 0 0 0 0 0
 0 0 0 0 0 0 0 0 0 0 0 0 0 0 0 0 0 0 0 0 0 0 0 0 0 0 0 0 0 0 0 0 0 0 0 0
 0 0 0 0 0 0 0 0 0 0 0 0 0 0 0 0 0 0 0 0 0 0 0 0 0 0 0 0 0 0 0 0 0 0 0 0
 0 0 0 0 0 0 0 0 0 0 0 0 0 0 0 0 0 0 0 0 0 0 0 0 0 0 0 0 0 0 0 0 0 0 0 0
 0 0 0 0 0 0 0 0 0 0 0 0 0 0 0 0 0 0 0 0 0 0 0 0 0 0 0 0 0 0 0 0 0 0 0 0
 0 0 0 0 0 0 0 0 0 0 0 0 0 0 0 0 0 0 0 0 0 0 0 0 0 0 0 0 0 0 0 0 0 0 0 0
 0 0 0 0 0 0 0 0 1.78061e-05 0.00172719 0.00360574 0.0105946 0.0120993 0.0124554 0.0147524 0.0171206 0.0266825 0.0428682 0.0675386 0.121331 0.153587 0.119568 0.100827 0.0573624 0.0630603 0.0341343 0.0324427 0.0444173 0.0211091 0.0280891 0.0125444 0.00206551 0 0 0 0
 0 0 0 0 0 0 0 0 0 0 0 0 0 0 0 0 0 0 0 0 0 0 0 0 0 0 0 0 0 0 0 0 0 0 0 0
 0 0 0 0 0 0 0.0133647 0.0140871 0.0187388 0.0205184 0.03894 0.0496705 0.03968 0.0493445 0.0407372 0.0367815 0.0215668 0.0243155 0.0234873 0.0199281 0.019796 0.0243948 0.0301388 0.0376714 0.0412746 0.0863199 0.0771752 0.113111 0.0741005 0.0525337 0.0229764 0.00759418 0.00175318 0 0 0
 0 0 0 0 0 0 0 0 0 0 0.00219441 0.00772107 0.0458388 0.0604681 0.0671733 0.0775358 0.0609151 0.0617685 0.073594 0.0568108 0.0755445 0.0548602 0.0670107 0.0636378 0.0643287 0.046367 0.0373049 0.0286899 0.0247887 0.0153202 0.00654259 0.00121912 0.000365735 0 0 0
 0 0 0 0 0 0 0 0 0 0 0 0 0.000112435 0.00938835 0.0111873 0.0202946 0.0414886 0.0713402 0.111592 0.104902 0.108894 0.110636 0.117776 0.105296 0.107544 0.0401394 0.0192827 0.0124803 0.00416011 0.0028671 0.000618394 0 0 0 0 0
 0 0 0 0 0 0 0 0 0 0 0.00291406 0.0102884 0.027416 0.0768956 0.0749926 0.110853 0.0956884 0.0897413 0.0766577 0.0534642 0.0500743 0.0551293 0.0594112 0.0620874 0.0668451 0.0424026 0.0208742 0.0120726 0.0048766 0.00582813 0.00118941 0.000297354 0 0 0 0
 0 0.00264628 0.0354308 0.0461629 0.0458689 0.0383711 0.0214643 0.0164657 0.0346957 0.0420465 0.0363128 0.0245516 0.0311673 0.0291091 0.0169068 0.0133784 0.00837989 0.0085269 0.0148486 0.0160247 0.0276389 0.0546898 0.0760071 0.122758 0.109233 0.0665981 0.0333725 0.0166128 0.00676272 0.00308733 0.000882094 0 0 0 0 0
 0 0 0 0 0 0 0 0.000805153 0.000690131 0.00759144 0.0133425 0.0154129 0.00931677 0.000345066 0.00356568 0.00563607 0.00851162 0.0253048 0.0502646 0.0516448 0.0657925 0.0565908 0.0611916 0.0827007 0.0866115 0.110766 0.145733 0.0935128 0.0569358 0.0249597 0.0138026 0.00621118 0.00161031 0.00115022 0 0
 0 0 0 0 0 0 0 0 0 0 0 0 0 0 0 0 0 0 0 0 0 0 0 0 0 0 0 0 0 0 0 0 0 0 0 0
 0.00147267 0.00158595 0.00478618 0.00569244 0.00954404 0.0108468 0.00647125 0.017049 0.0510054 0.094081 0.124002 0.0959785 0.0687766 0.0820023 0.061753 0.0591476 0.0492212 0.0479892 0.0443925 0.0268479 0.0217502 0.0140895 0.0121071 0.0120363 0.00920419 0.00665534 0.0049561 0.00860946 0.00930331 0.0156896 0.0114698 0.00855282 0.00243557 0.00046729 0 2.83206e-05
 0 0 0 0 0.000772559 0.00158375 0.000888443 0.00281984 0.00712685 0.0440552 0.0773331 0.111326 0.0921469 0.0852325 0.0710754 0.0886704 0.0786465 0.0553345 0.0373146 0.0185414 0.00753245 0.00457741 0.012979 0.0271748 0.0457355 0.0583668 0.034881 0.0177882 0.00938659 0.00492506 0.0015258 0.00185414 0.000309023 5.79419e-05 3.86279e-05 0
 0 0.00173294 0.00326652 0 0.00397197 0.00683976 0.00946217 0.0152591 0.00757587 0.0136028 0.0228656 0.0392903 0.0559909 0.0764795 0.0681675 0.0726916 0.0566044 0.0477403 0.0527397 0.0444891 0.0609904 0.0582453 0.0661739 0.0445044 0.0529084 0.0360697 0.0280645 0.0235558 0.0158879 0.00826598 0.00280645 0.00217768 0.000904811 0.00058276 9.20147e-05 0
 0 0 0 0 0 0 0 0 0 0 0 0 0 0 0 0 0 0 0 0 0 0 0 0 0 0 0 0 0 0 0 0 0 0 0 0
 0 0 0 0 0 0 0 0 0 0 0 0 0 0 0 0 0 0 0 0 0 0 0 0 0 0 0 0 0 0 0 0 0 0 0 0
ppred_pel_tallas
 1.06195e-16 4.31618e-07 2.43556e-06 1.1374e-05 4.34496e-05 0.000135183 0.000342164 0.000705321 0.00118899 0.00165684 0.00196141 0.00210716 0.00233171 0.00302456 0.00458387 0.00734386 0.0115736 0.017462 0.0250465 0.0341167 0.0441521 0.0543393 0.0636823 0.071188 0.0760744 0.0779328 0.0767962 0.0730876 0.0674808 0.0607224 0.0534787 0.0462474 0.0393419 0.0329274 0.0270791 0.021832
 1.21056e-16 1.28099e-06 7.47767e-06 3.54679e-05 0.000136425 0.000425275 0.00107419 0.00219863 0.00364754 0.00490811 0.00536643 0.00479463 0.00356764 0.00236347 0.00169562 0.00173813 0.00247383 0.00389726 0.00609801 0.00923964 0.013504 0.0190353 0.0258887 0.033984 0.0430715 0.0527184 0.062327 0.071186 0.078555 0.0837663 0.0863257 0.0859917 0.0828149 0.077125 0.0694772 0.0605602
 1.35816e-16 5.27002e-07 3.05379e-06 1.4442e-05 5.54811e-05 0.000172869 0.000436658 0.000894216 0.00148549 0.00200494 0.00220819 0.00201085 0.00157819 0.00120569 0.00113129 0.00146546 0.00225099 0.00354327 0.00544099 0.00807454 0.0115817 0.0160849 0.0216713 0.0283718 0.036137 0.0448126 0.0541167 0.0636293 0.0728027 0.0810001 0.0875631 0.0919001 0.0935773 0.0923917 0.0884118 0.0819709
 1.37587e-16 5.99551e-06 3.51624e-05 0.000167098 0.000643259 0.00200584 0.00506654 0.010367 0.0171854 0.0230828 0.0251273 0.0221847 0.0159265 0.0093914 0.00474993 0.00245015 0.00189656 0.00240415 0.00361697 0.00547565 0.00807 0.0115364 0.0160045 0.0215634 0.0282306 0.0359213 0.0444233 0.0533836 0.0623163 0.0706361 0.0777161 0.0829654 0.0859113 0.0862707 0.0839934 0.0792752
 1.03014e-16 3.97727e-05 0.000233461 0.00110982 0.00427297 0.0133249 0.0336575 0.0688663 0.114148 0.15328 0.166753 0.146979 0.104975 0.0607844 0.0286029 0.0110719 0.0037654 0.00151111 0.0011669 0.00142229 0.0018657 0.00238596 0.00294405 0.00351484 0.00407914 0.00462452 0.00514464 0.00563555 0.00609029 0.00649421 0.00682333 0.00704681 0.00713296 0.00705682 0.00680679 0.00638893
 1.0171e-16 7.75384e-06 4.54111e-05 0.000215658 0.000829947 0.00258782 0.00653746 0.0133824 0.0222049 0.0298875 0.0326999 0.029263 0.0218621 0.0146033 0.0105309 0.0104969 0.0139721 0.020174 0.0284853 0.0383059 0.0488202 0.0589302 0.0673752 0.0729759 0.0749069 0.0729022 0.0673242 0.0590636 0.049315 0.0392983 0.0300187 0.0221246 0.0158832 0.0112483 0.00797639 0.00574486
 1.02861e-16 3.20355e-05 0.000188029 0.000893821 0.00344129 0.0107313 0.0271064 0.0554628 0.0919336 0.123458 0.13433 0.118449 0.084703 0.04926 0.0235868 0.00985472 0.00454893 0.00355028 0.00436028 0.00592838 0.00789071 0.0100842 0.0123673 0.0145867 0.0165891 0.0182404 0.0194403 0.020127 0.0202751 0.019891 0.019008 0.0176847 0.016004 0.01407 0.0120018 0.00992142
 1.0097e-16 3.40941e-05 0.000200106 0.000951218 0.00366225 0.0114204 0.028847 0.0590248 0.0978402 0.131397 0.142986 0.126125 0.0902862 0.0526948 0.0255784 0.0112728 0.00605447 0.00553579 0.00701917 0.00930277 0.01187 0.0143871 0.0165433 0.0180564 0.0187265 0.0184821 0.0173965 0.015665 0.013553 0.0113322 0.0092265 0.00738027 0.00585417 0.00464169 0.00369608 0.00295641
 1.00898e-16 2.74355e-05 0.000161002 0.00076528 0.00294629 0.00918766 0.0232075 0.0474871 0.0787205 0.105736 0.115105 0.101633 0.072976 0.0430401 0.0217295 0.0110024 0.0079413 0.00907025 0.0122211 0.0163516 0.020881 0.0252961 0.0290589 0.0316686 0.0327667 0.0322224 0.030162 0.0269309 0.0230036 0.0188716 0.0149466 0.0115031 0.0086674 0.00644403 0.00475975 0.00350833
 1.00825e-16 3.44237e-05 0.000202043 0.000960431 0.00369773 0.011531 0.0291264 0.0595964 0.0987872 0.132667 0.144363 0.127328 0.0911219 0.0531316 0.0256959 0.0111653 0.00577326 0.0050869 0.00638707 0.008475 0.0108546 0.0132225 0.0153005 0.0168323 0.0176291 0.0176112 0.0168231 0.0154173 0.013611 0.011634 0.00968252 0.0078922 0.00633333 0.00502248 0.00394235 0.00306092
 1.02036e-16 7.75373e-06 4.54153e-05 0.000215688 0.000830081 0.00258825 0.00653848 0.0133841 0.0222062 0.0298848 0.0326852 0.0292223 0.0217725 0.0144297 0.010222 0.00998334 0.0131693 0.018993 0.0268519 0.0361864 0.0462489 0.0560291 0.064359 0.0701329 0.0725591 0.0713491 0.0667852 0.0596343 0.0509483 0.0418155 0.0331461 0.025545 0.0192886 0.0143832 0.0106642 0.00789502
 1.10342e-16 5.23531e-06 3.06691e-05 0.00014567 0.000560641 0.00174811 0.00441585 0.00903778 0.0149904 0.0201597 0.022012 0.019593 0.0144127 0.00919849 0.00595019 0.00518958 0.00653196 0.00948272 0.0137567 0.0192042 0.0256512 0.0328096 0.04027 0.0475483 0.0541556 0.0596638 0.063751 0.0662148 0.0669646 0.0660044 0.0634198 0.059374 0.0541105 0.0479467 0.0412561 0.0344338
 1.09115e-16 2.61858e-05 0.000153687 0.000730556 0.00281268 0.00877106 0.0221549 0.0453316 0.0751413 0.10091 0.109803 0.096837 0.0692824 0.0403613 0.019458 0.00836287 0.00422267 0.00369228 0.00475138 0.00656099 0.00883945 0.0114644 0.0143266 0.0173019 0.0202606 0.0230789 0.0256451 0.0278563 0.0296135 0.0308175 0.031375 0.0312125 0.0302958 0.0286465 0.0263505 0.0235516
 1.04456e-16 2.19537e-05 0.000128814 0.000612248 0.00235706 0.00735017 0.0185662 0.0379911 0.0629823 0.0846075 0.0921328 0.0814176 0.0586084 0.0348639 0.0181526 0.0100952 0.00841267 0.0103654 0.0142289 0.0191319 0.0245171 0.0298316 0.0344759 0.037888 0.0396648 0.0396569 0.0379998 0.0350666 0.0313643 0.0274066 0.023607 0.0202202 0.0173382 0.0149287 0.0128921 0.0111154
 1.0256e-16 2.70666e-05 0.000158841 0.000755022 0.00290682 0.00906458 0.0228965 0.0468504 0.0776634 0.104311 0.113541 0.100223 0.0718993 0.0422765 0.0211081 0.0103068 0.00697776 0.00768688 0.0103107 0.0138645 0.0178488 0.0218537 0.0254515 0.0282341 0.0298926 0.0302841 0.0294573 0.0276268 0.0251085 0.0222393 0.0193081 0.016516 0.013971 0.0117064 0.00971191 0.00796074
 1.02187e-16 2.40539e-05 0.000141146 0.00067088 0.00258282 0.00805418 0.0203445 0.0416293 0.069012 0.0927018 0.100932 0.0891586 0.0641042 0.0379799 0.0194944 0.0103969 0.00816358 0.00977487 0.0133408 0.0179325 0.0229936 0.0279971 0.0323745 0.0355884 0.0372445 0.0371812 0.0355031 0.032542 0.0287648 0.0246597 0.0206379 0.0169765 0.01381 0.0111574 0.00896776 0.007163
 1.02952e-16 2.09253e-05 0.000122776 0.000583542 0.00224653 0.00700549 0.0176956 0.0362097 0.0600298 0.0806431 0.0878209 0.0776196 0.0559014 0.0333085 0.017445 0.00986828 0.00842061 0.0105059 0.0144926 0.0195563 0.0251613 0.0307635 0.0357601 0.0395719 0.0417626 0.0421347 0.0407666 0.0379749 0.0342217 0.0299988 0.0257279 0.0217028 0.0180803 0.0149074 0.0121643 0.00980462
 1.0384e-16 2.06258e-05 0.00012102 0.0005752 0.00221443 0.00690536 0.0174427 0.035692 0.0591709 0.0794875 0.0865579 0.0764924 0.055066 0.0327638 0.0170746 0.00952677 0.00798802 0.00989861 0.0136577 0.0184708 0.0238397 0.0292667 0.0341988 0.0380986 0.0405533 0.0413616 0.0405687 0.0384336 0.0353473 0.0317304 0.0279462 0.0242511 0.0207888 0.0176149 0.0147353 0.0121387
 1.05317e-16 1.47818e-05 8.67031e-05 0.000412035 0.00158617 0.00494616 0.012494 0.0255673 0.0423916 0.0569641 0.0620763 0.0549651 0.039803 0.0241528 0.0134508 0.00887841 0.00899648 0.0120384 0.0168747 0.0228775 0.0295407 0.0362756 0.0424048 0.047267 0.0503546 0.0514216 0.050526 0.0479881 0.044289 0.0399429 0.0353899 0.0309362 0.0267478 0.0228836 0.0193438 0.0161123
 1.02011e-16 3.57932e-05 0.00021009 0.000998701 0.0038451 0.0119906 0.0302872 0.061971 0.102721 0.137943 0.150087 0.132333 0.0946111 0.054979 0.0262407 0.0108088 0.00473777 0.00340128 0.00397987 0.00527054 0.00684083 0.00849241 0.0100684 0.0114223 0.012436 0.0130404 0.0132249 0.0130307 0.0125321 0.0118131 0.0109483 0.00999338 0.00898501 0.00794773 0.0069022 0.00587095
 1.01178e-16 2.52304e-05 0.000148051 0.0007037 0.00270917 0.00844821 0.0213398 0.043666 0.0723885 0.0972379 0.105872 0.0935258 0.0672513 0.0398579 0.0204814 0.0109564 0.00863264 0.0103356 0.0140695 0.0188398 0.024037 0.0290798 0.0333479 0.0362643 0.0374211 0.0366772 0.0341927 0.0303816 0.0258052 0.0210401 0.0165636 0.0126872 0.00954493 0.00712575 0.0053281 0.0040143
 1.02736e-16 1.80903e-05 0.000106127 0.000504377 0.00194171 0.00605489 0.0152945 0.0312974 0.0518893 0.0697172 0.0759487 0.0671887 0.0485248 0.0291854 0.0157842 0.00971701 0.00916837 0.0119307 0.0165999 0.0224232 0.0288437 0.0352474 0.0409414 0.0452566 0.0476887 0.0480085 0.0463063 0.0429488 0.0384737 0.0334562 0.0283937 0.0236378 0.0193818 0.0156894 0.0125428 0.00988829
 1.04993e-16 1.75527e-05 0.000102978 0.000489421 0.00188415 0.00587542 0.0148411 0.0303691 0.0503485 0.067642 0.0736747 0.0651454 0.0469805 0.0281203 0.0149635 0.00884378 0.00798309 0.0102354 0.014257 0.0193674 0.0251087 0.0309936 0.0364652 0.0409711 0.0440728 0.0455334 0.0453546 0.0437486 0.0410612 0.0376755 0.0339309 0.0300778 0.0262736 0.022605 0.0191221 0.0158646
 1.09161e-16 4.54916e-06 2.66204e-05 0.000126376 0.000486281 0.00151617 0.00383026 0.00784135 0.0130136 0.0175246 0.0191959 0.0172312 0.0129877 0.00889948 0.00679169 0.00721923 0.00993972 0.0145683 0.0208125 0.0283731 0.0367951 0.0454179 0.0534413 0.0600682 0.0646714 0.0669216 0.0668383 0.0647435 0.0611449 0.0565912 0.0515524 0.0463566 0.0411892 0.036134 0.0312299 0.0265158
pSPR Fmed_Fpbrs
0.506717   0.255389 0.255389
Fs Fmed_Fpbrs
0.392927   1.005 1.005
SSBpbr Bo_Bmed_Bpbrs
1.09274e+06  499075  224438 224438
Ro
15994.5
SPR SPRFo_SPRFmed_SPRFpbrs
329064 166742 84039.5
log_Ro
9.5
likeval ReclasPelacesDesembMPH_pf_preclas_ppelaces_ptallas_desvR_qrecl_qpela
 101.778 123.911 0.176812 0.00057447 422.42 196.189 96.7531 0 71.0028 0 0 0 0 0 0
q_reclas_q_pelaces
1 1
M
0.7
N
 1882.56 68326.9 34502.7 4649.5 0.10586
 2777.88 894.163 31040.9 15674.6 2112.32
 401.684 1270.16 376.453 13068.6 7488.48
 1614.38 143.101 324.623 96.2127 5253.91
 55556.9 680.036 51.133 115.995 1911.71
 8808.07 26720.3 316.77 23.8184 944.534
 40472.5 3004.5 6260.81 74.2221 226.894
 88196.2 14563.4 783.403 1632.46 78.5138
 85797.7 29635.5 3311.26 178.121 389.021
 260010 30432.2 7508.14 838.907 143.685
 45705.8 112690 11511.5 2840.08 371.681
 13337.8 18260.5 36222.2 3700.15 1032.36
 52837 5290.68 5785.91 11477.1 1499.51
 27243.4 18009.9 1237.83 1353.7 3036.08
 19858.5 6869.59 2305.99 158.492 562.068
 13741.2 5484.27 1055.07 354.166 110.668
 10940.3 5209.47 1587.32 305.37 134.538
 9961.06 4286.1 1610.13 490.606 135.966
 5326.64 4082.91 1450.1 544.751 211.986
 31823.1 2107.81 1287.46 457.259 238.621
 37301 13010.6 709.495 433.363 234.235
 31028.8 17336.4 5659.58 308.628 290.403
 28784 14119.2 7228.64 2359.83 249.773
 4035.07 12487.7 5351.53 2739.83 989.104
pred_Ctot
 59.0769 4205.83 2123.8 286.198 0.00651615
 159.043 98.7999 3429.84 1731.95 233.399
 83.2073 460.371 136.446 4736.74 2714.22
 177.843 29.412 66.7208 19.7749 1079.85
 1260.07 30.4179 2.28718 5.18843 85.5108
 2026.46 10590.1 125.546 9.43998 374.348
 8165.04 1064.47 2218.14 26.2962 80.3862
 20973.4 5934.45 319.229 665.212 31.9936
 17974.1 10846 1211.85 65.1886 142.374
 23977.5 5296.89 1306.83 146.016 25.0093
 6505.77 29305.9 2993.63 738.581 96.6583
 1955.16 4876.84 9673.88 988.2 275.713
 12176.2 2099.78 2296.33 4555.08 595.131
 10022 10355.7 711.755 778.378 1745.75
 6554.56 3642.03 1222.56 84.0273 297.99
 2374.28 1696.77 326.426 109.575 34.2393
 1683.52 1453.52 442.885 85.2026 37.5379
 1264.59 1004.2 377.244 114.946 31.8559
 788.393 1099.97 390.67 146.761 57.1108
 4089.37 499.369 305.017 108.331 56.5325
 1725.15 1169.38 63.7684 38.95 21.0527
 1876.55 2019.34 659.224 35.9488 33.8259
 2635.99 2441.49 1249.98 408.061 43.1907
 660.788 3683.78 1578.66 808.231 291.779
F
 0.0444991 0.0889982 0.0889982 0.0889982 0.0889982
 0.0825475 0.165095 0.165095 0.165095 0.165095
 0.332116 0.664231 0.664231 0.664231 0.664231
 0.16456 0.32912 0.32912 0.32912 0.32912
 0.0319854 0.0639707 0.0639707 0.0639707 0.0639707
 0.375557 0.751114 0.751114 0.751114 0.751114
 0.32211 0.64422 0.64422 0.64422 0.64422
 0.390592 0.781185 0.781185 0.781185 0.781185
 0.336492 0.672984 0.672984 0.672984 0.672984
 0.136079 0.272157 0.272157 0.272157 0.272157
 0.217485 0.43497 0.43497 0.43497 0.43497
 0.224658 0.449315 0.449315 0.449315 0.449315
 0.376292 0.752584 0.752584 0.752584 0.752584
 0.677705 1.35541 1.35541 1.35541 1.35541
 0.586749 1.1735 1.1735 1.1735 1.1735
 0.269918 0.539836 0.539836 0.539836 0.539836
 0.23708 0.47416 0.47416 0.47416 0.47416
 0.191873 0.383745 0.383745 0.383745 0.383745
 0.227069 0.454138 0.454138 0.454138 0.454138
 0.194426 0.388852 0.388852 0.388852 0.388852
 0.0662088 0.132418 0.132418 0.132418 0.132418
 0.0873798 0.17476 0.17476 0.17476 0.17476
 0.135077 0.270154 0.270154 0.270154 0.270154
 0.254124 0.508249 0.508249 0.508249 0.508249
nmprior
 10 10 8 0
nm_flota  nm_reclas  nm_pelaces    nm_pelaL
inf 8.69675 7.73494 11.6452
cv_recla  cv_pelaces  cv_mph
0.934015 1.30984 0.777628
 ------------------------------------------------
Talla a la edad & desviación 
 7.2 14.2025 17.0495 18.207 18.6776
 1.08 2.13037 2.55742 2.73105 2.80164
