years
 1997 1998 1999 2000 2001 2002 2003 2004 2005 2006 2007 2008 2009 2010 2011 2012 2013 2014 2015 2016 2017 2018 2019 2020
reclasobs
 0 0 0 370054 412103 1.49427e+06 250295 1.28982e+06 931140 785840 897777 1.04006e+06 184774 17550 25797 100020 73551 82996 120727 218422 84188 347160 605670 569463
reclaspred
 471036 134334 434428 309479 425082 499331 1.06775e+06 689233 732366 642037 497466 333268 203514 90507.6 61486.8 63344 81907.3 112276 120817 175110 252757 236200 421129 516011
pelacesobs
 0 0 0 0 0 0 0 0 0 2.06254e+06 1.5e+06 0 1.87456e+06 323000 250000 174000 83755 137374 0 501740 490994 745055 786931 1.00524e+06
pelacespred
 1.95558e+06 495247 969301 1.06389e+06 1.23962e+06 1.23128e+06 2.89349e+06 2.38425e+06 2.20875e+06 1.96488e+06 1.36275e+06 941700 562752 202457 135573 152223 207263 291453 323001 454281 734363 668172 939678 1.35894e+06
mphobs
 0 0 0 0 0 112323 0 153150 637223 0 255016 313432 73983 77613 109348 50772 0 0 0 0 0 0 0 0
mphpred
 167868 109767 140337 181156 179967 264435 393054 449119 370699 356683 322203 222175 136852 70502.1 32016 27391.3 34552.2 49017.4 61352.3 72042.2 108464 128476 166023 240135
desembarqueobs
 350755 77701 442110 56441 14545 235359 269955 359681 431902 328805 639364 411747 362871 311530 167758 66681 60226 58785 57116 71774 51957 67425 138520 160799
desembarquepred
 350766 77705 442158 56443.3 14545.1 235402 269988 359710 431979 328862 639669 412033 363270 312006 167788 66695.5 60250.3 58787.8 57113.3 71777.7 51959 67421.4 138524 160804
Reclutas
 60828.4 74924.2 46982.8 68202.2 112374 84623.6 125468 115609 131629 129233 66285.8 42725.7 42271.7 23230.1 17151.9 20190.8 16481.5 18177.2 21560.4 36745.9 46032.9 63442.1 102925 107416
log_desv_Rt
 0.135812 0.344232 -0.122463 0.250232 0.749584 0.465969 0.859804 0.777971 0.907741 0.889374 0.221732 -0.217444 -0.228126 -0.826796 -1.13014 -0.967016 -1.17 -1.07208 -0.901387 -0.368218 -0.142887 0.177882 0.66176 0.704461
SSB
 735115 480682 614554 793306 788099 1.15799e+06 1.72123e+06 1.96675e+06 1.62334e+06 1.56196e+06 1.41097e+06 972934 599293 308738 140202 119950 151309 214653 268669 315482 474977 562614 727037 1.05158e+06
BT
 2.5264e+06 681897 1.33727e+06 1.24874e+06 1.40195e+06 1.55348e+06 3.44209e+06 3.07479e+06 2.87621e+06 2.51722e+06 2.10123e+06 1.42985e+06 985966 524422 294619 226014 281877 373955 409485 568281 867402 807159 1.14462e+06 1.64981e+06
Ftot
 0.412402 0.313361 0.440991 0.0832646 0.0174967 0.181495 0.114693 0.23429 0.272535 0.228303 0.49119 0.463745 0.736234 1.34449 1.34896 0.531383 0.363689 0.243235 0.203729 0.202534 0.0975704 0.12476 0.143549 0.137903
BD_Bspro_t
 0.950903 0.775986 0.745352 0.63763 0.745849 0.850165 0.820558 0.822923 0.76765 0.72412 0.681089 0.523614 0.409591 0.294009 0.175545 0.184357 0.288913 0.448555 0.561642 0.654653 0.758822 0.829201 0.839986 0.846083
BD_Bspro
 0.672855 0.43997 0.562504 0.726117 0.721351 1.05992 1.57545 1.80018 1.48585 1.42967 1.29147 0.890531 0.548536 0.282589 0.128328 0.109791 0.138494 0.196473 0.245914 0.288762 0.434749 0.514963 0.665461 0.962517
BD_Bo
 0.5889 0.385074 0.492318 0.635516 0.631345 0.927667 1.37888 1.57556 1.30045 1.25129 1.13032 0.779416 0.480093 0.247329 0.112316 0.0960918 0.121213 0.171959 0.215231 0.252732 0.380504 0.450709 0.582429 0.84242
BD_Brms
 2.05676 1.34489 1.71945 2.21957 2.205 3.23992 4.8158 5.50273 4.5419 4.37018 3.94772 2.72215 1.67675 0.86381 0.392269 0.335606 0.423343 0.600574 0.751704 0.88268 1.32893 1.57413 2.03416 2.94219
S_f
 0.19006 1 1 1 1
 0.19006 1 1 1 1
 0.19006 1 1 1 1
 0.19006 1 1 1 1
 0.19006 1 1 1 1
 0.19006 1 1 1 1
 0.19006 1 1 1 1
 0.19006 1 1 1 1
 0.19006 1 1 1 1
 0.19006 1 1 1 1
 0.19006 1 1 1 1
 0.19006 1 1 1 1
 0.19006 1 1 1 1
 0.19006 1 1 1 1
 0.19006 1 1 1 1
 0.19006 1 1 1 1
 0.19006 1 1 1 1
 0.19006 1 1 1 1
 0.19006 1 1 1 1
 0.19006 1 1 1 1
 0.19006 1 1 1 1
 0.19006 1 1 1 1
 0.19006 1 1 1 1
 0.19006 1 1 1 1
Scru_reclas
 0.999994 1 1 1 1
 0.999994 1 1 1 1
 0.999994 1 1 1 1
 0.999994 1 1 1 1
 0.999994 1 1 1 1
 0.999994 1 1 1 1
 0.999994 1 1 1 1
 0.999994 1 1 1 1
 0.999994 1 1 1 1
 0.999994 1 1 1 1
 0.999994 1 1 1 1
 0.999994 1 1 1 1
 0.999994 1 1 1 1
 0.999994 1 1 1 1
 0.999994 1 1 1 1
 0.999994 1 1 1 1
 0.999994 1 1 1 1
 0.999994 1 1 1 1
 0.999994 1 1 1 1
 0.999994 1 1 1 1
 0.999994 1 1 1 1
 0.999994 1 1 1 1
 0.999994 1 1 1 1
 0.999994 1 1 1 1
Scru_pelaces
 0.956963 1 1 1 1
 0.956963 1 1 1 1
 0.956963 1 1 1 1
 0.956963 1 1 1 1
 0.956963 1 1 1 1
 0.956963 1 1 1 1
 0.956963 1 1 1 1
 0.956963 1 1 1 1
 0.956963 1 1 1 1
 0.956963 1 1 1 1
 0.956963 1 1 1 1
 0.956963 1 1 1 1
 0.956963 1 1 1 1
 0.956963 1 1 1 1
 0.956963 1 1 1 1
 0.956963 1 1 1 1
 0.956963 1 1 1 1
 0.956963 1 1 1 1
 0.956963 1 1 1 1
 0.956963 1 1 1 1
 0.956963 1 1 1 1
 0.956963 1 1 1 1
 0.956963 1 1 1 1
 0.956963 1 1 1 1
pf_obs 
 0.256992 0.487395 0.22802 0.0275931 0
 0.321318 0.546541 0.124235 0.00734118 0.000564706
 0.182869 0.594174 0.210203 0.0122559 0.00049798
 0.330522 0.361315 0.267642 0.0388342 0.00168674
 0.649043 0.306663 0.0425973 0.00169635 0
 0.582887 0.30429 0.105238 0.00758474 0
 0.465427 0.430635 0.0974691 0.00646863 0
 0.296916 0.608066 0.0921331 0.00288517 0
 0.311714 0.524322 0.152257 0.0117073 0
 0.15457 0.633149 0.183074 0.0267441 0.00246327
 0.131901 0.49318 0.331252 0.0422183 0.00144891
 0.196976 0.569456 0.194076 0.0375587 0.00193317
 0.518974 0.381816 0.0799577 0.0180837 0.00116848
 0.0928022 0.601141 0.25162 0.0475244 0.00691264
 0.122501 0.610282 0.24278 0.0234846 0.000952079
 0.383417 0.481906 0.127806 0.00687128 0
 0.0376549 0.599619 0.316969 0.0457579 0
 0.0361596 0.667082 0.258105 0.0386534 0
 0.158088 0.579412 0.248529 0.0139706 0
 0.0477256 0.309471 0.559284 0.082774 0.000745712
 0.0406174 0.521527 0.379366 0.0568643 0.0016247
 0.151134 0.462217 0.34131 0.0453401 0
 0.294876 0.26143 0.354403 0.0886775 0.000613685
 0.281977 0.475581 0.204845 0.0348837 0.00271318
pf_pred 
 0.373268 0.442834 0.164523 0.0193656 9.78199e-06
 0.310281 0.546041 0.101519 0.0377167 0.0044418
 0.178207 0.60191 0.174078 0.0323644 0.0134402
 0.266502 0.428264 0.223565 0.0646569 0.0170129
 0.300087 0.465474 0.13688 0.071455 0.0261031
 0.176318 0.572083 0.167325 0.0492046 0.0350694
 0.251869 0.411757 0.233626 0.0683318 0.0344157
 0.20299 0.51897 0.153028 0.0868264 0.0381857
 0.230739 0.460677 0.200933 0.0592489 0.0484018
 0.215675 0.503221 0.168341 0.0734252 0.0393378
 0.129898 0.536383 0.214113 0.0716268 0.047979
 0.136256 0.429674 0.267587 0.106815 0.059668
 0.211218 0.400609 0.193099 0.120255 0.0748188
 0.196262 0.536381 0.135786 0.0654506 0.0661202
 0.283521 0.513155 0.135689 0.0343501 0.0332837
 0.358984 0.515328 0.0900199 0.0238032 0.0118646
 0.236562 0.603965 0.128204 0.0223953 0.00887349
 0.244938 0.497487 0.203771 0.0432546 0.0105497
 0.250997 0.491567 0.169617 0.0694751 0.0183444
 0.324325 0.445564 0.151021 0.0521101 0.0269801
 0.274868 0.53289 0.126771 0.0429681 0.0225026
 0.27512 0.489918 0.172671 0.0410773 0.0212143
 0.312266 0.466883 0.149264 0.0526079 0.0189785
 0.2364 0.548569 0.145978 0.0466697 0.0223826
pobs_RECLAS
 0 0 0 0 0
 0 0 0 0 0
 0 0 0 0 0
 0 0 0 0 0
 0.835266 0.146461 0.0176864 0.000547809 3.91292e-05
 0.385257 0.428462 0.181853 0.0044286 0
 0.867414 0.0963971 0.0333333 0.00285562 0
 0.441836 0.489002 0.0689373 0.000224442 0
 0.779404 0.147425 0.0564933 0.0165055 0.000172143
 0.814271 0.122319 0.05973 0.00367925 0
 0.40263 0.566651 0.0304383 0.000280538 0
 0.475488 0.404961 0.113038 0.00651328 0
 0.955842 0.0263864 0.0167828 0.000988607 0
 0.975058 0.0227948 0.00214734 0 0
 0.738997 0.206755 0.0527124 0.00153531 0
 0.850938 0.134255 0.0134407 0.00136685 0
 0.542534 0.407297 0.0501686 0 0
 0.764087 0.199537 0.0359546 0.000420521 0
 0.470689 0.182191 0.310203 0.0369168 0
 0.84361 0.089868 0.0606195 0.00523954 0.000663233
 0.607945 0.314616 0.071237 0.00620181 0
 0.523733 0.453247 0.0230204 0 0
 0.530135 0.295979 0.169645 0.0042399 0
 0.562478 0.366248 0.0663022 0.0049721 0
ppred_RECLAS
 0.762802 0.167598 0.0622666 0.00732927 3.70217e-06
 0.706844 0.232087 0.0431494 0.016031 0.00188793
 0.539931 0.336971 0.0974551 0.0181187 0.00752428
 0.657492 0.199978 0.104394 0.0301916 0.00794421
 0.693037 0.204144 0.060032 0.0313382 0.0114481
 0.532132 0.324955 0.0950439 0.0279492 0.0199201
 0.640521 0.19785 0.112258 0.0328336 0.0165368
 0.575864 0.276174 0.0814352 0.0462054 0.0203209
 0.61584 0.230057 0.100344 0.0295882 0.0241713
 0.594376 0.260247 0.0870598 0.0379728 0.0203441
 0.447914 0.340339 0.135856 0.0454477 0.030443
 0.461011 0.268123 0.166978 0.0666543 0.0372337
 0.598231 0.204052 0.0983554 0.0612525 0.0381092
 0.594187 0.270823 0.0685595 0.0330465 0.0333846
 0.703643 0.212256 0.0561251 0.0142082 0.0137671
 0.753328 0.198306 0.0346409 0.0091598 0.00456567
 0.625033 0.296641 0.0629682 0.0109996 0.00435826
 0.633745 0.241314 0.0988423 0.0209813 0.00511732
 0.640669 0.235827 0.0813728 0.0333303 0.00880066
 0.718601 0.185564 0.0628956 0.0217023 0.0112364
 0.667143 0.244612 0.0581917 0.0197236 0.0103294
 0.667758 0.224549 0.079142 0.0188274 0.00972337
 0.706489 0.199256 0.0637029 0.022452 0.00809964
 0.621306 0.272053 0.0723954 0.023145 0.0111003
pobs_PELACES
 0 0 0 0 0
 0 0 0 0 0
 0 0 0 0 0
 0 0 0 0 0
 0 0 0 0 0
 0 0 0 0 0
 0 0 0 0 0
 0 0 0 0 0
 0 0 0 0 0
 0 0 0 0 0
 0.450072 0.473896 0.0757376 0.000293798 0
 0 0 0 0 0
 0.463077 0.371075 0.160297 0.00555027 0
 0.529543 0.364841 0.0842815 0.0213345 0
 0.631943 0.363953 0.00410389 0 0
 0.735681 0.248677 0.0153453 0.000297389 0
 0.695825 0.281241 0.0229344 0 0
 0.275771 0.60734 0.115278 0.00161068 0
 0 0 0 0 0
 0.896147 0.0623911 0.0374545 0.00400742 0
 0.803859 0.145111 0.0509908 3.86294e-05 0
 0.739449 0.233085 0.0266225 0.000797448 4.60066e-05
 0.878498 0.100942 0.0204185 0.000141795 0
 0.694673 0.275183 0.0284847 0.00165964 0
ppred_PELACES
 0.774579 0.159277 0.0591752 0.00696539 3.51836e-06
 0.715017 0.225617 0.0419464 0.0155841 0.00183529
 0.558222 0.323574 0.0935806 0.0173984 0.00722514
 0.652582 0.202845 0.10589 0.0306244 0.0080581
 0.684612 0.209747 0.0616797 0.0321983 0.0117623
 0.533258 0.324173 0.094815 0.0278819 0.0198721
 0.637446 0.199543 0.113218 0.0331144 0.0166783
 0.58041 0.273215 0.0805625 0.0457102 0.0201031
 0.622645 0.225982 0.0985662 0.0290641 0.0237431
 0.598477 0.257616 0.0861797 0.0375889 0.0201384
 0.469587 0.326978 0.130523 0.0436636 0.0292479
 0.480933 0.258213 0.160806 0.0641907 0.0358576
 0.634344 0.185711 0.0895149 0.0557469 0.0346838
 0.667449 0.22193 0.0561823 0.0270805 0.0273576
 0.765177 0.168185 0.0444716 0.0112581 0.0109086
 0.771092 0.184025 0.0321463 0.00850018 0.00423688
 0.637422 0.28684 0.0608878 0.0106362 0.00421427
 0.638612 0.238107 0.0975288 0.0207025 0.00504931
 0.643076 0.234248 0.0808278 0.0331071 0.00874172
 0.720649 0.184214 0.0624379 0.0215444 0.0111547
 0.663155 0.247543 0.0588889 0.0199599 0.0104531
 0.665394 0.226147 0.0797052 0.0189614 0.00979257
 0.705323 0.200048 0.0639559 0.0225412 0.00813181
 0.619628 0.273259 0.0727162 0.0232476 0.0111494
pobs_pel_tallas
 0 0 0 0 0 0 0 0 0 0 0 0 0 0 0 0 0 0 0 0 0 0 0 0 0 0 0 0 0 0 0 0 0 0 0 0
 0 0 0 0 0 0 0 0 0 0 0 0 0 0 0 0 0 0 0 0 0 0 0 0 0 0 0 0 0 0 0 0 0 0 0 0
 0 0 0 0 0 0 0 0 0 0 0 0 0 0 0 0 0 0 0 0 0 0 0 0 0 0 0 0 0 0 0 0 0 0 0 0
 0 0 0 0 0 0 0 0 0 0 0 0 0 0 0 0 0 0 0 0 0 0 0 0 0 0 0 0 0 0 0 0 0 0 0 0
 0 0 0 0 0 0 0 0 0 0 0 0 0 0 0 0 0 0 0 0 0 0 0 0 0 0 0 0 0 0 0 0 0 0 0 0
 0 0 0 0 0 0 0 0 0 0 0 0 0 0 0 0 0 0 0 0 0 0 0 0 0 0 0 0 0 0 0 0 0 0 0 0
 0 0 0 0 0 0 0 0 0 0 0 0 0 0 0 0 0 0 0 0 0 0 0 0 0 0 0 0 0 0 0 0 0 0 0 0
 0 0 0 0 0 0 0 0 0 0 0 0 0 0 0 0 0 0 0 0 0 0 0 0 0 0 0 0 0 0 0 0 0 0 0 0
 0 0 0 0 0 0 0 0 0 0 0 0 0 0 0 0 0 0 0 0 0 0 0 0 0 0 0 0 0 0 0 0 0 0 0 0
 0 0 0 0 0 0 0 0 0 0 0 0 0 0 0 0 0 0 0 0 0 0 0 0 0 0 0 0 0 0 0 0 0 0 0 0
 0 0 0 0 0 0 0 0 1.78061e-05 0.00172719 0.00360574 0.0105946 0.0120993 0.0124554 0.0147524 0.0171206 0.0266825 0.0428682 0.0675386 0.121331 0.153587 0.119568 0.100827 0.0573624 0.0630603 0.0341343 0.0324427 0.0444173 0.0211091 0.0280891 0.0125444 0.00206551 0 0 0 0
 0 0 0 0 0 0 0 0 0 0 0 0 0 0 0 0 0 0 0 0 0 0 0 0 0 0 0 0 0 0 0 0 0 0 0 0
 0 0 0 0 0 0 0.0133647 0.0140871 0.0187388 0.0205184 0.03894 0.0496705 0.03968 0.0493445 0.0407372 0.0367815 0.0215668 0.0243155 0.0234873 0.0199281 0.019796 0.0243948 0.0301388 0.0376714 0.0412746 0.0863199 0.0771752 0.113111 0.0741005 0.0525337 0.0229764 0.00759418 0.00175318 0 0 0
 0 0 0 0 0 0 0 0 0 0 0.00219441 0.00772107 0.0458388 0.0604681 0.0671733 0.0775358 0.0609151 0.0617685 0.073594 0.0568108 0.0755445 0.0548602 0.0670107 0.0636378 0.0643287 0.046367 0.0373049 0.0286899 0.0247887 0.0153202 0.00654259 0.00121912 0.000365735 0 0 0
 0 0 0 0 0 0 0 0 0 0 0 0 0.000112435 0.00938835 0.0111873 0.0202946 0.0414886 0.0713402 0.111592 0.104902 0.108894 0.110636 0.117776 0.105296 0.107544 0.0401394 0.0192827 0.0124803 0.00416011 0.0028671 0.000618394 0 0 0 0 0
 0 0 0 0 0 0 0 0 0 0 0.00291406 0.0102884 0.027416 0.0768956 0.0749926 0.110853 0.0956884 0.0897413 0.0766577 0.0534642 0.0500743 0.0551293 0.0594112 0.0620874 0.0668451 0.0424026 0.0208742 0.0120726 0.0048766 0.00582813 0.00118941 0.000297354 0 0 0 0
 0 0.00264628 0.0354308 0.0461629 0.0458689 0.0383711 0.0214643 0.0164657 0.0346957 0.0420465 0.0363128 0.0245516 0.0311673 0.0291091 0.0169068 0.0133784 0.00837989 0.0085269 0.0148486 0.0160247 0.0276389 0.0546898 0.0760071 0.122758 0.109233 0.0665981 0.0333725 0.0166128 0.00676272 0.00308733 0.000882094 0 0 0 0 0
 0 0 0 0 0 0 0 0.000805153 0.000690131 0.00759144 0.0133425 0.0154129 0.00931677 0.000345066 0.00356568 0.00563607 0.00851162 0.0253048 0.0502646 0.0516448 0.0657925 0.0565908 0.0611916 0.0827007 0.0866115 0.110766 0.145733 0.0935128 0.0569358 0.0249597 0.0138026 0.00621118 0.00161031 0.00115022 0 0
 0 0 0 0 0 0 0 0 0 0 0 0 0 0 0 0 0 0 0 0 0 0 0 0 0 0 0 0 0 0 0 0 0 0 0 0
 0.00147267 0.00158595 0.00478618 0.00569244 0.00954404 0.0108468 0.00647125 0.017049 0.0510054 0.094081 0.124002 0.0959785 0.0687766 0.0820023 0.061753 0.0591476 0.0492212 0.0479892 0.0443925 0.0268479 0.0217502 0.0140895 0.0121071 0.0120363 0.00920419 0.00665534 0.0049561 0.00860946 0.00930331 0.0156896 0.0114698 0.00855282 0.00243557 0.00046729 0 2.83206e-05
 0 0 0 0 0.000772559 0.00158375 0.000888443 0.00281984 0.00712685 0.0440552 0.0773331 0.111326 0.0921469 0.0852325 0.0710754 0.0886704 0.0786465 0.0553345 0.0373146 0.0185414 0.00753245 0.00457741 0.012979 0.0271748 0.0457355 0.0583668 0.034881 0.0177882 0.00938659 0.00492506 0.0015258 0.00185414 0.000309023 5.79419e-05 3.86279e-05 0
 0 0.00173294 0.00326652 0 0.00397197 0.00683976 0.00946217 0.0152591 0.00757587 0.0136028 0.0228656 0.0392903 0.0559909 0.0764795 0.0681675 0.0726916 0.0566044 0.0477403 0.0527397 0.0444891 0.0609904 0.0582453 0.0661739 0.0445044 0.0529084 0.0360697 0.0280645 0.0235558 0.0158879 0.00826598 0.00280645 0.00217768 0.000904811 0.00058276 9.20147e-05 0
 0 0 0 0 0 0 0 0 0 0 0 0 0 0 0 0 0 0 0 0 0 0 0 0 0 0 0 0 0 0 0 0 0 0 0 0
 0 0 0 0 0 0 0 0 0 0 0 0 0 0 0 0 0 0 0 0 0 0 0 0 0 0 0 0 0 0 0 0 0 0 0 0
ppred_pel_tallas
 1.01132e-16 3.37945e-05 0.00019835 0.000942872 0.00363012 0.0113202 0.0285939 0.0585068 0.0969809 0.130241 0.141724 0.125 0.0894556 0.0521599 0.0252265 0.0109637 0.00567562 0.00501362 0.00631289 0.00840281 0.0108036 0.0132246 0.0153978 0.0170729 0.01806 0.0182693 0.0177276 0.016563 0.0149668 0.0131457 0.0112796 0.0094977 0.00787384 0.00643669 0.00518675 0.00411199
 1.01291e-16 3.12e-05 0.000183112 0.000870415 0.00335112 0.0104501 0.0263963 0.0540108 0.0895307 0.120243 0.130862 0.115464 0.0827264 0.0484285 0.0237807 0.0109475 0.00654894 0.00659161 0.00861317 0.0114967 0.0147243 0.0179193 0.0207094 0.0227487 0.0237843 0.0237134 0.0226045 0.0206723 0.0182188 0.0155594 0.0129599 0.0105997 0.00856577 0.00687047 0.00548032 0.00434384
 1.0237e-16 2.4367e-05 0.000142987 0.000679638 0.00261654 0.00815936 0.0206101 0.0421726 0.0699118 0.0939079 0.102238 0.0902955 0.0648853 0.0383698 0.0195611 0.0102195 0.0077777 0.00917157 0.0124918 0.0168168 0.0216186 0.0264108 0.03067 0.033896 0.035714 0.0359571 0.0346977 0.0322148 0.0289136 0.0252241 0.0215143 0.01804 0.0149362 0.012241 0.0099328 0.00796631
 1.02999e-16 2.84767e-05 0.000167126 0.000794419 0.00305852 0.00953769 0.0240915 0.0492949 0.0817136 0.109745 0.119439 0.105388 0.0755161 0.0442256 0.0217529 0.0100802 0.00613322 0.00628169 0.00829699 0.0111818 0.0144864 0.0178869 0.021055 0.0236718 0.0254843 0.0263553 0.0262845 0.0253919 0.0238747 0.0219512 0.0198149 0.0176086 0.0154221 0.0133054 0.0112878 0.00939327
 1.026e-16 2.98735e-05 0.000175326 0.000833403 0.00320862 0.0100058 0.0252738 0.051714 0.0857234 0.115129 0.125297 0.110552 0.0792051 0.0463629 0.0227597 0.0104688 0.00625691 0.00630556 0.00826623 0.0110826 0.0142753 0.0175016 0.0204214 0.0227128 0.0241328 0.0245681 0.0240554 0.0227598 0.0209237 0.018803 0.0166136 0.0145021 0.0125431 0.010756 0.00913095 0.00765088
 1.03339e-16 2.32785e-05 0.000136596 0.000649256 0.00249957 0.00779458 0.0196887 0.0402873 0.066787 0.089712 0.0976743 0.0862743 0.0620168 0.036716 0.0187968 0.00994917 0.00772959 0.00921877 0.0125973 0.0169838 0.0218658 0.0267641 0.0311591 0.0345531 0.036571 0.0370421 0.0360313 0.0338062 0.0307563 0.0272941 0.0237696 0.0204222 0.0173753 0.0146612 0.0122597 0.0101339
 1.0359e-16 2.78166e-05 0.00016325 0.000775997 0.00298759 0.0093165 0.0235328 0.0481517 0.0798187 0.1072 0.11667 0.102947 0.0737711 0.043212 0.0212704 0.00988474 0.00605497 0.00623842 0.00826208 0.0111556 0.0144832 0.0179305 0.0211773 0.0239104 0.025878 0.0269386 0.0270815 0.0264116 0.0251073 0.0233684 0.0213724 0.0192506 0.0170876 0.0149344 0.0128271 0.0108006
 1.03743e-16 2.53324e-05 0.000148659 0.000706615 0.00272043 0.00848335 0.0214284 0.0438466 0.0726849 0.0976271 0.106273 0.0938233 0.0673434 0.039669 0.0199391 0.00995723 0.00702838 0.0079505 0.0107416 0.0144754 0.0186676 0.022906 0.0267554 0.0297986 0.0317191 0.0323685 0.0317918 0.0301999 0.0279025 0.0252263 0.0224458 0.0197456 0.0172183 0.0148871 0.0127394 0.0107558
 1.03581e-16 2.71722e-05 0.000159465 0.000757995 0.00291827 0.00910032 0.0229868 0.0470347 0.0779679 0.104717 0.113975 0.100585 0.0721153 0.0423154 0.0209651 0.00997016 0.00641173 0.00683613 0.00911812 0.0122937 0.0159056 0.0196029 0.0230236 0.0258174 0.0277111 0.0285637 0.0283887 0.027334 0.0256305 0.0235282 0.0212425 0.0189252 0.0166628 0.0144933 0.0124306 0.0104845
 1.0354e-16 2.61196e-05 0.000153282 0.000728597 0.00280507 0.0087473 0.0220951 0.0452105 0.0749453 0.100661 0.109569 0.0967201 0.0693928 0.0408161 0.0204045 0.0100068 0.0068338 0.0075763 0.0101902 0.01373 0.0177176 0.0217599 0.0254448 0.0283769 0.0302541 0.0309311 0.0304441 0.0289854 0.0268416 0.0243173 0.0216705 0.0190777 0.0166313 0.0143598 0.0122589 0.010317
 1.04827e-16 2.05023e-05 0.000120297 0.000571768 0.00220122 0.00686418 0.0173386 0.0354789 0.0588172 0.0790109 0.0860351 0.0760213 0.054707 0.0325105 0.0168703 0.00929922 0.00767213 0.00944217 0.0130217 0.017633 0.0228026 0.0280652 0.0329038 0.0368144 0.0394059 0.0404816 0.0400712 0.0384008 0.0358167 0.0326914 0.0293443 0.0259985 0.0227773 0.01973 0.0168674 0.0141927
 1.06248e-16 2.09943e-05 0.000123192 0.000585542 0.00225427 0.00702965 0.0177565 0.0363335 0.0602317 0.0809047 0.0880802 0.0777881 0.0558909 0.0330388 0.0168245 0.00876832 0.00666771 0.00790105 0.0108535 0.0147744 0.019263 0.0239586 0.028461 0.032368 0.0353495 0.0372088 0.0379094 0.0375561 0.0363437 0.034493 0.0321996 0.0296081 0.0268143 0.0238849 0.020881 0.0178736
 1.04868e-16 2.76806e-05 0.000162454 0.000772212 0.00297303 0.00927108 0.0234181 0.0479168 0.079429 0.106675 0.116096 0.102433 0.0733864 0.0429538 0.0210822 0.00969473 0.00580057 0.00587093 0.00774438 0.010463 0.0136084 0.016891 0.0200203 0.0227128 0.0247413 0.0259781 0.026412 0.0261325 0.0252898 0.0240467 0.0225394 0.0208598 0.0190584 0.0171617 0.0151925 0.0131847
 1.03079e-16 2.91256e-05 0.000170934 0.00081252 0.00312821 0.00975501 0.0246405 0.0504182 0.0835759 0.112247 0.122164 0.107797 0.0772531 0.0452635 0.0223006 0.0103932 0.00639645 0.00659304 0.00869354 0.0116612 0.0150135 0.0183941 0.0214457 0.023831 0.0252975 0.0257312 0.0251775 0.0238169 0.0219097 0.0197276 0.0174962 0.0153643 0.0134012 0.0116167 0.00998993 0.00849415
 1.01583e-16 3.33848e-05 0.000195944 0.000931433 0.00358608 0.0111829 0.028247 0.057797 0.0958047 0.128662 0.140008 0.123492 0.088389 0.0515625 0.0249833 0.0109355 0.00577192 0.00519865 0.00658207 0.00876022 0.0112488 0.0137469 0.0159749 0.0176735 0.0186501 0.0188194 0.01822 0.0169963 0.0153566 0.0135203 0.0116728 0.00994017 0.00838595 0.00702397 0.00583919 0.00480681
 1.01007e-16 3.36434e-05 0.00019746 0.000938639 0.00361382 0.0112694 0.0284655 0.0582442 0.0965464 0.129659 0.141096 0.124459 0.089096 0.0520054 0.0252542 0.0111488 0.0060172 0.00553305 0.00703788 0.00934944 0.0119611 0.0145453 0.0167946 0.0184266 0.0192359 0.0191406 0.0181993 0.01659 0.0145622 0.0123761 0.0102505 0.00833224 0.00669189 0.00533757 0.00423916 0.00335136
 1.01521e-16 2.7819e-05 0.000163256 0.000776008 0.00298761 0.00931653 0.023533 0.0481527 0.0798227 0.107212 0.116702 0.10302 0.0739193 0.0434918 0.0217651 0.0107079 0.00734641 0.00814858 0.0109231 0.0146413 0.0187654 0.0228442 0.026409 0.0290186 0.030349 0.0302666 0.0288554 0.0263861 0.0232416 0.0198238 0.0164733 0.0134225 0.0107872 0.0085885 0.00678818 0.0053236
 1.0241e-16 2.7869e-05 0.000163554 0.000777434 0.00299312 0.00933371 0.0235763 0.048241 0.0799678 0.107403 0.116899 0.103169 0.0739728 0.0434155 0.0215286 0.0102676 0.00663871 0.00709773 0.00945998 0.012728 0.0164201 0.0201609 0.023563 0.0262541 0.0279474 0.0285011 0.0279429 0.0264481 0.0242847 0.0217431 0.0190767 0.0164676 0.0140216 0.0117839 0.00976431 0.00795877
 1.0277e-16 2.80634e-05 0.000164696 0.000782864 0.00301402 0.00939891 0.023741 0.048578 0.0805261 0.108153 0.117713 0.103884 0.0744769 0.0436948 0.021636 0.0102663 0.00656779 0.00696835 0.00926667 0.0124595 0.0160666 0.0197182 0.0230357 0.0256571 0.0273061 0.0278499 0.0273219 0.0258995 0.0238477 0.0214495 0.0189473 0.0165095 0.0142272 0.012132 0.0102229 0.00848928
 1.02208e-16 3.14439e-05 0.000184547 0.000877249 0.00337745 0.0105322 0.0266036 0.0544347 0.0902322 0.121181 0.131874 0.116334 0.0833016 0.0486673 0.0237168 0.0106153 0.00594276 0.00566743 0.00731504 0.00978693 0.0126097 0.0154699 0.0180657 0.0201121 0.0213926 0.021804 0.0213743 0.0202446 0.018625 0.0167394 0.0147788 0.0128755 0.0110999 0.00947524 0.00799825 0.0066583
 1.02091e-16 2.89394e-05 0.000169838 0.000807308 0.00310813 0.00969239 0.0244823 0.0500948 0.0830406 0.11153 0.12139 0.107129 0.0768063 0.045066 0.0223225 0.0106024 0.00679121 0.00720088 0.0095537 0.012804 0.0164425 0.0200731 0.0232926 0.0257211 0.0270772 0.0272392 0.0262689 0.0243854 0.0219017 0.0191465 0.0163973 0.0138421 0.011574 0.00961114 0.00792706 0.00647989
 1.02315e-16 2.90362e-05 0.000170408 0.000810022 0.00311859 0.00972501 0.0245647 0.0502632 0.0833191 0.111902 0.12179 0.107472 0.0770276 0.0451474 0.0222734 0.0104316 0.00649028 0.00674663 0.00891994 0.0119757 0.0154282 0.0189138 0.0220638 0.0245272 0.026037 0.0264661 0.0258501 0.0243656 0.0222754 0.0198615 0.017366 0.0149591 0.0127341 0.0107237 0.00892582 0.00732565
 1.02128e-16 3.07763e-05 0.000180626 0.000858605 0.00330566 0.0103084 0.0260382 0.0532778 0.0883151 0.118608 0.129079 0.11388 0.0815686 0.0477045 0.0233402 0.0106038 0.00615647 0.0060582 0.00788752 0.0105607 0.0135962 0.0166599 0.0194244 0.0215805 0.0228941 0.0232558 0.0227005 0.0213868 0.0195494 0.0174375 0.0152642 0.0131766 0.011253 0.00951769 0.00796433 0.00657668
 1.02442e-16 2.70425e-05 0.000158699 0.000754346 0.00290421 0.00905645 0.022876 0.0468084 0.0775942 0.104219 0.113443 0.100141 0.0718508 0.0422686 0.0211422 0.0103856 0.00710907 0.00788253 0.0105819 0.0142168 0.0182768 0.0223378 0.0259573 0.0287151 0.0302975 0.0305654 0.0295806 0.0275774 0.0248941 0.0218876 0.0188604 0.0160193 0.0134695 0.0112356 0.00929543 0.00761004
pSPR Fmed_Fpbrs
0.67624   0.336324 0.336324
Fs Fmed_Fpbrs
0.250085   1.005 1.005
SSBpbr Bo_Bmed_Bpbrs
1.24829e+06  781727  357414 357414
Ro
53103.6
SPR SPRFo_SPRFmed_SPRFpbrs
1.09253e+06 738814 367444
log_Ro
10.7
likeval ReclasPelacesDesembMPH_pf_preclas_ppelaces_ptallas_desvR_qrecl_qpela
 59.9308 20.9053 0.0232075 0.000231714 287.749 169.917 80.4196 0 15.9028 6.50078e-05 1.16707e-05 0 0 0 0
q_reclas_q_pelaces
0.319013 1.62584
M
0.7
N
 60828.4 15794 5867.84 690.691 0.348882
 74924.2 27929.3 5192.57 1929.16 227.192
 46982.8 35055 10138.2 1884.89 782.749
 68202.2 21455.2 11200.2 3239.19 852.315
 112374 33336.4 9803.13 5117.48 1869.46
 84623.6 55617.8 16267.3 4783.66 3409.43
 125468 40598 23034.8 6737.3 3393.28
 115609 60962 17975.8 10199.3 4485.57
 131629 54909.5 23949.8 7062.05 5769.15
 129233 62065.4 20762.6 9055.98 4851.78
 66285.8 61450.2 24529.7 8205.86 5496.67
 42725.7 29982.7 18672.2 7453.58 4163.64
 42271.7 19426.9 9364.03 5831.6 3628.23
 23230.1 18250.5 4620.15 2226.97 2249.75
 17151.9 8934.46 2362.46 598.063 579.497
 20190.8 6591.13 1151.37 304.447 151.75
 16481.5 9063.31 1923.88 336.072 133.159
 18177.2 7637.86 3128.47 664.084 161.969
 21560.4 8618.75 2973.93 1218.12 321.637
 36745.9 10299.9 3491.08 1204.61 623.689
 46032.9 17558.4 4177.04 1415.77 741.448
 63442.1 22439.3 7908.69 1881.43 971.661
 102925 30766.2 9836.04 3466.7 1250.62
 107416 49735.6 13235 4231.28 2029.3
pred_Ctot
 3312.86 3930.28 1460.19 171.876 0.0868181
 3126.17 5501.52 1022.83 380.007 44.7524
 2729.72 9219.87 2666.47 495.747 205.872
 770.804 1238.67 646.616 187.007 49.2065
 268.349 416.244 122.403 63.8977 23.3423
 2067.63 6708.64 1962.16 577.007 411.247
 1948.1 3184.77 1807 528.518 266.191
 3630.36 9281.46 2736.81 1552.84 682.928
 4792.85 9569.05 4173.72 1230.7 1005.39
 3956.46 9231.38 3088.15 1346.95 721.636
 4271.86 17639.6 7041.38 2355.53 1577.85
 2605.55 8216.41 5116.91 2042.57 1141
 4001.85 7590.18 3658.56 2278.43 1417.56
 3823.01 10448.2 2644.99 1274.92 1287.96
 2831.1 5124.1 1354.92 343.002 332.354
 1403.03 2014.08 351.828 93.0308 46.3709
 794.801 2029.2 430.739 75.2435 29.8131
 592.153 1202.7 492.628 104.571 25.5046
 590.227 1155.94 398.86 163.373 43.1376
 1000.14 1374.02 465.712 160.695 83.2004
 608.907 1180.49 280.832 95.1858 49.8493
 1070.61 1906.47 671.934 159.849 82.5537
 1995.33 2983.32 953.776 336.157 121.27
 2001.43 4644.35 1235.9 395.12 189.498
F
 0.0783812 0.412402 0.412402 0.412402 0.412402
 0.0595575 0.313361 0.313361 0.313361 0.313361
 0.083815 0.440991 0.440991 0.440991 0.440991
 0.0158253 0.0832646 0.0832646 0.0832646 0.0832646
 0.00332542 0.0174967 0.0174967 0.0174967 0.0174967
 0.0344949 0.181495 0.181495 0.181495 0.181495
 0.0217986 0.114693 0.114693 0.114693 0.114693
 0.0445292 0.23429 0.23429 0.23429 0.23429
 0.0517981 0.272535 0.272535 0.272535 0.272535
 0.0433914 0.228303 0.228303 0.228303 0.228303
 0.0933557 0.49119 0.49119 0.49119 0.49119
 0.0881395 0.463745 0.463745 0.463745 0.463745
 0.139929 0.736234 0.736234 0.736234 0.736234
 0.255533 1.34449 1.34449 1.34449 1.34449
 0.256384 1.34896 1.34896 1.34896 1.34896
 0.100995 0.531383 0.531383 0.531383 0.531383
 0.0691228 0.363689 0.363689 0.363689 0.363689
 0.0462293 0.243235 0.243235 0.243235 0.243235
 0.0387207 0.203729 0.203729 0.203729 0.203729
 0.0384938 0.202534 0.202534 0.202534 0.202534
 0.0185442 0.0975704 0.0975704 0.0975704 0.0975704
 0.023712 0.12476 0.12476 0.12476 0.12476
 0.0272829 0.143549 0.143549 0.143549 0.143549
 0.02621 0.137903 0.137903 0.137903 0.137903
nmprior
 10 10 8 0
nm_flota  nm_reclas  nm_pelaces    nm_pelaL
inf 15.0406 17.955 31.9905
cv_recla  cv_pelaces  cv_mph
0.716724 0.538013 0.493872
 ------------------------------------------------
Talla a la edad & desviación 
 7.2 14.2025 17.0495 18.207 18.6776
 1.08 2.13037 2.55742 2.73105 2.80164
