years
 1997 1998 1999 2000 2001 2002 2003 2004 2005 2006 2007 2008 2009 2010 2011 2012 2013 2014 2015 2016 2017 2018 2019 2020
reclasobs
 0 0 0 370054 412103 1.49427e+06 250295 1.28982e+06 931140 785840 897777 1.04006e+06 184774 17550 25797 100020 73551 82996 120727 218422 84188 347160 605670 569463
reclaspred
 2.16615e+06 311546 546528 205880 271570 347042 670002 559550 848439 1.15515e+06 1.1894e+06 802148 451015 203273 130812 122528 135696 177056 175145 234234 408543 407543 608532 517035
pelacesobs
 0 0 0 0 0 0 0 0 0 2.06254e+06 1.5e+06 0 1.87456e+06 323000 250000 174000 83755 137374 0 501740 490994 745055 786931 1.00524e+06
pelacespred
 1.00925e+06 383233 169300 145341 159049 148152 345546 332181 476800 674770 613048 428554 240811 86795.2 54828.5 58534.7 67777.8 88957.9 92507.5 119054 229042 239840 272142 276434
mphobs
 0 0 0 0 0 112323 0 153150 637223 0 255016 313432 73983 77613 109348 50772 0 0 0 0 0 0 0 0
mphpred
 1.54501e+06 701815 394363 249394 177858 331054 399081 552412 611877 907145 1.18553e+06 856855 502252 266408 122364 104448 109533 139662 159434 166498 287313 387234 445020 495904
desembarqueobs
 350755 77701 442110 56441 14545 235359 269955 359681 431902 328805 639364 411747 362871 311530 167758 66681 60226 58785 57116 71774 51957 67425 138520 160799
desembarquepred
 350735 77682.7 441767 56429 14544.3 235266 269883 359378 431634 328632 638843 411521 362518 311245 167548 66658.3 60219.2 58763.9 57088.9 71737.2 51947.4 67399.4 138466 160745
Reclutas
 22463.9 27554.2 8016.46 12978.2 47795.3 24753 61122.2 75302.7 130718 168966 69821.4 33114.1 47766.4 27703.1 19576.8 15111.7 12372.5 12402.4 11675.3 27742.8 38897.2 37669 47049.6 24771.1
log_desv_Rt
 -0.320335 -0.116089 -1.35075 -0.868971 0.434683 -0.223296 0.68063 0.889271 1.44079 1.69745 0.813696 0.0677149 0.434078 -0.110701 -0.4579 -0.716776 -0.91677 -0.914357 -0.974769 -0.10927 0.228677 0.196593 0.418959 -0.222567
SSB
 1.54501e+06 701815 394363 249394 177858 331054 399081 552412 611877 907145 1.18553e+06 856855 502252 266408 122364 104448 109533 139662 159434 166498 287313 387234 445020 495904
BT
 2.38462e+06 858829 599138 357398 420856 473850 1.19464e+06 1.19451e+06 1.71189e+06 1.98327e+06 1.85478e+06 1.23626e+06 896404 484535 280255 186961 208207 249306 241122 349159 604872 542523 658480 684904
Ftot
 0.157122 0.240655 0.744027 0.264178 0.052355 0.632852 0.386277 0.606077 0.485255 0.274692 0.507674 0.485314 0.744878 1.32607 1.14651 0.515187 0.423582 0.318998 0.31314 0.295251 0.123798 0.160548 0.220001 0.298765
BD_Bspro_t
 0.975813 0.833435 0.654095 0.376059 0.442522 0.654661 0.530136 0.565324 0.547407 0.585951 0.615898 0.461912 0.342985 0.247038 0.146567 0.150823 0.207287 0.318963 0.404683 0.477556 0.633145 0.748315 0.743856 0.701254
BD_Bspro
 2.42671 1.10232 0.619414 0.391715 0.279356 0.519977 0.626824 0.867656 0.961056 1.42482 1.86208 1.34584 0.788871 0.418439 0.192193 0.164053 0.17204 0.219363 0.250417 0.261513 0.451274 0.608217 0.698979 0.778901
BD_Bo
 1.61599 0.734057 0.41248 0.260851 0.186029 0.346263 0.417415 0.57779 0.639987 0.94882 1.24 0.89622 0.525326 0.278647 0.127985 0.109246 0.114565 0.146078 0.166758 0.174147 0.300513 0.405024 0.465465 0.518687
BD_Brms
 7.86796 3.57398 2.00829 1.27003 0.905739 1.68589 2.03231 2.81315 3.11597 4.61962 6.03731 4.36352 2.55771 1.35668 0.623134 0.531897 0.557794 0.711227 0.811913 0.847889 1.46314 1.97198 2.26626 2.52538
S_f
 0.5 1 1 1 1
 0.5 1 1 1 1
 0.5 1 1 1 1
 0.5 1 1 1 1
 0.5 1 1 1 1
 0.5 1 1 1 1
 0.5 1 1 1 1
 0.5 1 1 1 1
 0.5 1 1 1 1
 0.5 1 1 1 1
 0.5 1 1 1 1
 0.5 1 1 1 1
 0.5 1 1 1 1
 0.5 1 1 1 1
 0.5 1 1 1 1
 0.5 1 1 1 1
 0.5 1 1 1 1
 0.5 1 1 1 1
 0.5 1 1 1 1
 0.5 1 1 1 1
 0.5 1 1 1 1
 0.5 1 1 1 1
 0.5 1 1 1 1
 0.5 1 1 1 1
Scru_reclas
 0.5 1 1 1 1
 0.5 1 1 1 1
 0.5 1 1 1 1
 0.5 1 1 1 1
 0.5 1 1 1 1
 0.5 1 1 1 1
 0.5 1 1 1 1
 0.5 1 1 1 1
 0.5 1 1 1 1
 0.5 1 1 1 1
 0.5 1 1 1 1
 0.5 1 1 1 1
 0.5 1 1 1 1
 0.5 1 1 1 1
 0.5 1 1 1 1
 0.5 1 1 1 1
 0.5 1 1 1 1
 0.5 1 1 1 1
 0.5 1 1 1 1
 0.5 1 1 1 1
 0.5 1 1 1 1
 0.5 1 1 1 1
 0.5 1 1 1 1
 0.5 1 1 1 1
Scru_pelaces
 0.5 1 1 1 1
 0.5 1 1 1 1
 0.5 1 1 1 1
 0.5 1 1 1 1
 0.5 1 1 1 1
 0.5 1 1 1 1
 0.5 1 1 1 1
 0.5 1 1 1 1
 0.5 1 1 1 1
 0.5 1 1 1 1
 0.5 1 1 1 1
 0.5 1 1 1 1
 0.5 1 1 1 1
 0.5 1 1 1 1
 0.5 1 1 1 1
 0.5 1 1 1 1
 0.5 1 1 1 1
 0.5 1 1 1 1
 0.5 1 1 1 1
 0.5 1 1 1 1
 0.5 1 1 1 1
 0.5 1 1 1 1
 0.5 1 1 1 1
 0.5 1 1 1 1
pf_obs 
 0.256992 0.487395 0.22802 0.0275931 0
 0.321318 0.546541 0.124235 0.00734118 0.000564706
 0.182869 0.594174 0.210203 0.0122559 0.00049798
 0.330522 0.361315 0.267642 0.0388342 0.00168674
 0.649043 0.306663 0.0425973 0.00169635 0
 0.582887 0.30429 0.105238 0.00758474 0
 0.465427 0.430635 0.0974691 0.00646863 0
 0.296916 0.608066 0.0921331 0.00288517 0
 0.311714 0.524322 0.152257 0.0117073 0
 0.15457 0.633149 0.183074 0.0267441 0.00246327
 0.131901 0.49318 0.331252 0.0422183 0.00144891
 0.196976 0.569456 0.194076 0.0375587 0.00193317
 0.518974 0.381816 0.0799577 0.0180837 0.00116848
 0.0928022 0.601141 0.25162 0.0475244 0.00691264
 0.122501 0.610282 0.24278 0.0234846 0.000952079
 0.383417 0.481906 0.127806 0.00687128 0
 0.0376549 0.599619 0.316969 0.0457579 0
 0.0361596 0.667082 0.258105 0.0386534 0
 0.158088 0.579412 0.248529 0.0139706 0
 0.0477256 0.309471 0.559284 0.082774 0.000745712
 0.0406174 0.521527 0.379366 0.0568643 0.0016247
 0.151134 0.462217 0.34131 0.0453401 0
 0.294876 0.26143 0.354403 0.0886775 0.000613685
 0.281977 0.475581 0.204845 0.0348837 0.00271318
pf_pred 
 0.163718 0.558857 0.24545 0.0319731 2.86845e-06
 0.290049 0.20622 0.336625 0.147846 0.0192606
 0.151693 0.395963 0.131392 0.21448 0.106471
 0.436078 0.174319 0.181855 0.0603447 0.147404
 0.727994 0.170069 0.0315107 0.0328728 0.0375535
 0.339396 0.557898 0.0642162 0.0118981 0.0265921
 0.671941 0.181648 0.123649 0.0142324 0.0085307
 0.582796 0.342477 0.0413765 0.0281652 0.00518509
 0.6682 0.255436 0.0626869 0.00757354 0.00610443
 0.591356 0.336244 0.0557371 0.0136785 0.00298459
 0.286557 0.540774 0.142077 0.0235513 0.00704087
 0.247187 0.363298 0.295243 0.0775689 0.0167022
 0.480565 0.223838 0.142652 0.115929 0.0370163
 0.429903 0.398149 0.0740965 0.0472218 0.0506293
 0.543977 0.317719 0.0965899 0.0179756 0.0237384
 0.542453 0.353875 0.0722299 0.0219586 0.00948321
 0.460943 0.39567 0.110898 0.0226355 0.0098533
 0.468023 0.350729 0.133037 0.0372873 0.0109237
 0.438952 0.369513 0.126278 0.047899 0.0173581
 0.652868 0.219163 0.0842814 0.0288024 0.0148843
 0.574648 0.34187 0.0527064 0.0202687 0.0105062
 0.441723 0.411293 0.118136 0.0182131 0.0106345
 0.471106 0.329779 0.146692 0.0421343 0.0102888
 0.2922 0.463479 0.152341 0.067764 0.0242167
pobs_RECLAS
 0 0 0 0 0
 0 0 0 0 0
 0 0 0 0 0
 0 0 0 0 0
 0.835266 0.146461 0.0176864 0.000547809 3.91292e-05
 0.385257 0.428462 0.181853 0.0044286 0
 0.867414 0.0963971 0.0333333 0.00285562 0
 0.441836 0.489002 0.0689373 0.000224442 0
 0.779404 0.147425 0.0564933 0.0165055 0.000172143
 0.814271 0.122319 0.05973 0.00367925 0
 0.40263 0.566651 0.0304383 0.000280538 0
 0.475488 0.404961 0.113038 0.00651328 0
 0.955842 0.0263864 0.0167828 0.000988607 0
 0.975058 0.0227948 0.00214734 0 0
 0.738997 0.206755 0.0527124 0.00153531 0
 0.850938 0.134255 0.0134407 0.00136685 0
 0.542534 0.407297 0.0501686 0 0
 0.764087 0.199537 0.0359546 0.000420521 0
 0.470689 0.182191 0.310203 0.0369168 0
 0.84361 0.089868 0.0606195 0.00523954 0.000663233
 0.607945 0.314616 0.071237 0.00620181 0
 0.523733 0.453247 0.0230204 0 0
 0.530135 0.295979 0.169645 0.0042399 0
 0.562478 0.366248 0.0663022 0.0049721 0
ppred_RECLAS
 0.164444 0.558371 0.245237 0.0319453 2.86596e-06
 0.291847 0.205697 0.335772 0.147471 0.0192118
 0.156647 0.393651 0.130625 0.213227 0.10585
 0.438478 0.173577 0.18108 0.0600878 0.146776
 0.72831 0.169872 0.031474 0.0328346 0.0375098
 0.346216 0.552138 0.0635532 0.0117752 0.0263176
 0.675386 0.17974 0.12235 0.014083 0.00844111
 0.589714 0.336799 0.0406905 0.0276982 0.00509912
 0.672863 0.251845 0.0618057 0.00746709 0.00601863
 0.593826 0.334211 0.0554003 0.0135959 0.00296655
 0.291163 0.537283 0.14116 0.0233992 0.00699541
 0.251138 0.361392 0.293694 0.0771619 0.0166146
 0.490069 0.219742 0.140042 0.113808 0.036339
 0.451912 0.382779 0.071236 0.0453988 0.0486748
 0.561669 0.305393 0.0928425 0.0172782 0.0228174
 0.548124 0.349489 0.0713348 0.0216865 0.00936569
 0.465333 0.392448 0.109995 0.0224512 0.00977306
 0.471087 0.348709 0.13227 0.0370725 0.0108608
 0.441915 0.367562 0.125611 0.047646 0.0172664
 0.655397 0.217567 0.0836674 0.0285926 0.0147759
 0.575637 0.341075 0.0525838 0.0202216 0.0104817
 0.443062 0.410307 0.117853 0.0181694 0.010609
 0.473058 0.328562 0.14615 0.0419788 0.0102508
 0.294551 0.461939 0.151835 0.0675389 0.0241363
pobs_PELACES
 0 0 0 0 0
 0 0 0 0 0
 0 0 0 0 0
 0 0 0 0 0
 0 0 0 0 0
 0 0 0 0 0
 0 0 0 0 0
 0 0 0 0 0
 0 0 0 0 0
 0 0 0 0 0
 0.450072 0.473896 0.0757376 0.000293798 0
 0 0 0 0 0
 0.463077 0.371075 0.160297 0.00555027 0
 0.529543 0.364841 0.0842815 0.0213345 0
 0.631943 0.363953 0.00410389 0 0
 0.735681 0.248677 0.0153453 0.000297389 0
 0.695825 0.281241 0.0229344 0 0
 0.275771 0.60734 0.115278 0.00161068 0
 0 0 0 0 0
 0.896147 0.0623911 0.0374545 0.00400742 0
 0.803859 0.145111 0.0509908 3.86294e-05 0
 0.739449 0.233085 0.0266225 0.000797448 4.60066e-05
 0.878498 0.100942 0.0204185 0.000141795 0
 0.694673 0.275183 0.0284847 0.00165964 0
ppred_PELACES
 0.168037 0.55597 0.244182 0.031808 2.85363e-06
 0.300121 0.203294 0.331849 0.145748 0.0189874
 0.173556 0.385758 0.128006 0.208952 0.103727
 0.449238 0.170251 0.177611 0.0589365 0.143964
 0.730016 0.168805 0.0312764 0.0326284 0.0372743
 0.370215 0.53187 0.0612203 0.011343 0.0253515
 0.689201 0.172091 0.117143 0.0134836 0.00808189
 0.613674 0.317129 0.0383141 0.0260807 0.00480133
 0.690238 0.238469 0.0585232 0.0070705 0.00569897
 0.60471 0.325256 0.0539158 0.0132316 0.00288706
 0.308749 0.523953 0.137658 0.0228187 0.00682186
 0.266495 0.353981 0.287671 0.0755794 0.0162738
 0.520782 0.206507 0.131607 0.106954 0.0341503
 0.506462 0.344681 0.0641459 0.0408803 0.0438302
 0.607571 0.273412 0.0831201 0.0154688 0.020428
 0.56908 0.333281 0.0680266 0.0206808 0.00893135
 0.482757 0.379659 0.10641 0.0217196 0.00945457
 0.484219 0.340051 0.128986 0.0361521 0.0105912
 0.454693 0.359146 0.122735 0.0465551 0.0168711
 0.666315 0.210674 0.0810166 0.0276867 0.0143077
 0.580619 0.337071 0.0519665 0.0199842 0.0103587
 0.449609 0.405484 0.116467 0.0179558 0.0104843
 0.482115 0.322915 0.143638 0.0412573 0.0100746
 0.304897 0.455164 0.149608 0.0665484 0.0237823
pobs_pel_tallas
 0 0 0 0 0 0 0 0 0 0 0 0 0 0 0 0 0 0 0 0 0 0 0 0 0 0 0 0 0 0 0 0 0 0 0 0
 0 0 0 0 0 0 0 0 0 0 0 0 0 0 0 0 0 0 0 0 0 0 0 0 0 0 0 0 0 0 0 0 0 0 0 0
 0 0 0 0 0 0 0 0 0 0 0 0 0 0 0 0 0 0 0 0 0 0 0 0 0 0 0 0 0 0 0 0 0 0 0 0
 0 0 0 0 0 0 0 0 0 0 0 0 0 0 0 0 0 0 0 0 0 0 0 0 0 0 0 0 0 0 0 0 0 0 0 0
 0 0 0 0 0 0 0 0 0 0 0 0 0 0 0 0 0 0 0 0 0 0 0 0 0 0 0 0 0 0 0 0 0 0 0 0
 0 0 0 0 0 0 0 0 0 0 0 0 0 0 0 0 0 0 0 0 0 0 0 0 0 0 0 0 0 0 0 0 0 0 0 0
 0 0 0 0 0 0 0 0 0 0 0 0 0 0 0 0 0 0 0 0 0 0 0 0 0 0 0 0 0 0 0 0 0 0 0 0
 0 0 0 0 0 0 0 0 0 0 0 0 0 0 0 0 0 0 0 0 0 0 0 0 0 0 0 0 0 0 0 0 0 0 0 0
 0 0 0 0 0 0 0 0 0 0 0 0 0 0 0 0 0 0 0 0 0 0 0 0 0 0 0 0 0 0 0 0 0 0 0 0
 0 0 0 0 0 0 0 0 0 0 0 0 0 0 0 0 0 0 0 0 0 0 0 0 0 0 0 0 0 0 0 0 0 0 0 0
 0 0 0 0 0 0 0 0 1.78061e-05 0.00172719 0.00360574 0.0105946 0.0120993 0.0124554 0.0147524 0.0171206 0.0266825 0.0428682 0.0675386 0.121331 0.153587 0.119568 0.100827 0.0573624 0.0630603 0.0341343 0.0324427 0.0444173 0.0211091 0.0280891 0.0125444 0.00206551 0 0 0 0
 0 0 0 0 0 0 0 0 0 0 0 0 0 0 0 0 0 0 0 0 0 0 0 0 0 0 0 0 0 0 0 0 0 0 0 0
 0 0 0 0 0 0 0.0133647 0.0140871 0.0187388 0.0205184 0.03894 0.0496705 0.03968 0.0493445 0.0407372 0.0367815 0.0215668 0.0243155 0.0234873 0.0199281 0.019796 0.0243948 0.0301388 0.0376714 0.0412746 0.0863199 0.0771752 0.113111 0.0741005 0.0525337 0.0229764 0.00759418 0.00175318 0 0 0
 0 0 0 0 0 0 0 0 0 0 0.00219441 0.00772107 0.0458388 0.0604681 0.0671733 0.0775358 0.0609151 0.0617685 0.073594 0.0568108 0.0755445 0.0548602 0.0670107 0.0636378 0.0643287 0.046367 0.0373049 0.0286899 0.0247887 0.0153202 0.00654259 0.00121912 0.000365735 0 0 0
 0 0 0 0 0 0 0 0 0 0 0 0 0.000112435 0.00938835 0.0111873 0.0202946 0.0414886 0.0713402 0.111592 0.104902 0.108894 0.110636 0.117776 0.105296 0.107544 0.0401394 0.0192827 0.0124803 0.00416011 0.0028671 0.000618394 0 0 0 0 0
 0 0 0 0 0 0 0 0 0 0 0.00291406 0.0102884 0.027416 0.0768956 0.0749926 0.110853 0.0956884 0.0897413 0.0766577 0.0534642 0.0500743 0.0551293 0.0594112 0.0620874 0.0668451 0.0424026 0.0208742 0.0120726 0.0048766 0.00582813 0.00118941 0.000297354 0 0 0 0
 0 0.00264628 0.0354308 0.0461629 0.0458689 0.0383711 0.0214643 0.0164657 0.0346957 0.0420465 0.0363128 0.0245516 0.0311673 0.0291091 0.0169068 0.0133784 0.00837989 0.0085269 0.0148486 0.0160247 0.0276389 0.0546898 0.0760071 0.122758 0.109233 0.0665981 0.0333725 0.0166128 0.00676272 0.00308733 0.000882094 0 0 0 0 0
 0 0 0 0 0 0 0 0.000805153 0.000690131 0.00759144 0.0133425 0.0154129 0.00931677 0.000345066 0.00356568 0.00563607 0.00851162 0.0253048 0.0502646 0.0516448 0.0657925 0.0565908 0.0611916 0.0827007 0.0866115 0.110766 0.145733 0.0935128 0.0569358 0.0249597 0.0138026 0.00621118 0.00161031 0.00115022 0 0
 0 0 0 0 0 0 0 0 0 0 0 0 0 0 0 0 0 0 0 0 0 0 0 0 0 0 0 0 0 0 0 0 0 0 0 0
 0.00147267 0.00158595 0.00478618 0.00569244 0.00954404 0.0108468 0.00647125 0.017049 0.0510054 0.094081 0.124002 0.0959785 0.0687766 0.0820023 0.061753 0.0591476 0.0492212 0.0479892 0.0443925 0.0268479 0.0217502 0.0140895 0.0121071 0.0120363 0.00920419 0.00665534 0.0049561 0.00860946 0.00930331 0.0156896 0.0114698 0.00855282 0.00243557 0.00046729 0 2.83206e-05
 0 0 0 0 0.000772559 0.00158375 0.000888443 0.00281984 0.00712685 0.0440552 0.0773331 0.111326 0.0921469 0.0852325 0.0710754 0.0886704 0.0786465 0.0553345 0.0373146 0.0185414 0.00753245 0.00457741 0.012979 0.0271748 0.0457355 0.0583668 0.034881 0.0177882 0.00938659 0.00492506 0.0015258 0.00185414 0.000309023 5.79419e-05 3.86279e-05 0
 0 0.00173294 0.00326652 0 0.00397197 0.00683976 0.00946217 0.0152591 0.00757587 0.0136028 0.0228656 0.0392903 0.0559909 0.0764795 0.0681675 0.0726916 0.0566044 0.0477403 0.0527397 0.0444891 0.0609904 0.0582453 0.0661739 0.0445044 0.0529084 0.0360697 0.0280645 0.0235558 0.0158879 0.00826598 0.00280645 0.00217768 0.000904811 0.00058276 9.20147e-05 0
 0 0 0 0 0 0 0 0 0 0 0 0 0 0 0 0 0 0 0 0 0 0 0 0 0 0 0 0 0 0 0 0 0 0 0 0
 0 0 0 0 0 0 0 0 0 0 0 0 0 0 0 0 0 0 0 0 0 0 0 0 0 0 0 0 0 0 0 0 0 0 0 0
ppred_pel_tallas
 1.04741e-16 7.36296e-06 4.31359e-05 0.000204884 0.00078854 0.00245874 0.00621116 0.0127131 0.0210896 0.0283719 0.0310039 0.027656 0.0204702 0.0133065 0.00900406 0.00831511 0.0106918 0.0153829 0.0218589 0.0296938 0.0383477 0.0470788 0.0550029 0.0612483 0.0651387 0.0663368 0.0649029 0.0612464 0.0559978 0.0498458 0.0433981 0.037099 0.0312157 0.0258712 0.0211003 0.0168981
 1.10673e-16 1.31082e-05 7.68977e-05 0.000365463 0.00140693 0.00438726 0.011082 0.0226766 0.0375944 0.0505046 0.0550022 0.048619 0.035029 0.0209028 0.0110144 0.00636068 0.00562716 0.00724544 0.0102754 0.0143058 0.0191208 0.0244959 0.0301395 0.0357122 0.0408741 0.0453287 0.0488506 0.0512892 0.0525578 0.0526188 0.0514763 0.0491807 0.0458407 0.0416312 0.0367911 0.0316032
 1.1397e-16 7.59598e-06 4.45215e-05 0.00021151 0.000814117 0.00253855 0.00641255 0.0131239 0.0217655 0.0292644 0.0319351 0.0283825 0.0207833 0.0130721 0.00811242 0.00660228 0.00790172 0.0111906 0.0159389 0.0218125 0.0284634 0.0354278 0.0421463 0.0480578 0.0527138 0.0558653 0.0574929 0.0577677 0.0569651 0.0553645 0.0531734 0.050499 0.0473671 0.0437703 0.0397217 0.0352902
 1.11329e-16 1.96085e-05 0.000115065 0.000546923 0.00210561 0.00656609 0.0165855 0.0339368 0.0562568 0.0755599 0.0822468 0.0726016 0.0520891 0.0306409 0.0153281 0.00754841 0.00522643 0.00590979 0.00811213 0.0111895 0.0148631 0.0189223 0.023131 0.0272341 0.0309953 0.0342313 0.0368275 0.0387291 0.039919 0.0403913 0.0401367 0.0391445 0.0374191 0.035 0.0319772 0.0284933
 1.03362e-16 3.18516e-05 0.000186943 0.00088864 0.00342131 0.010669 0.0269491 0.0551416 0.0914033 0.122752 0.133579 0.117827 0.0843464 0.0492288 0.0238987 0.0105406 0.00568039 0.00522712 0.0066726 0.00891059 0.0114788 0.0140873 0.0164654 0.0183617 0.0195894 0.0200658 0.019826 0.0190038 0.0177886 0.0163729 0.0149104 0.013494 0.0121571 0.0108918 0.00967278 0.00847863
 1.02617e-16 1.61774e-05 9.48878e-05 0.000450926 0.00173588 0.00541299 0.0136733 0.0279809 0.0463949 0.0623476 0.0679537 0.0601946 0.0436447 0.0265918 0.0149987 0.0101711 0.0105403 0.0141642 0.0197742 0.0266198 0.0340539 0.0413189 0.0475616 0.0519763 0.0539834 0.0533672 0.0503237 0.0453982 0.0393408 0.032926 0.0267988 0.0213839 0.0168718 0.0132622 0.0104377 0.00823529
 1.0256e-16 3.00723e-05 0.000176495 0.000838971 0.00323007 0.0100727 0.0254427 0.0520594 0.0862949 0.115894 0.126121 0.11126 0.0796713 0.0465534 0.0227011 0.0101891 0.00575201 0.00554281 0.00720669 0.0097069 0.0126055 0.0156153 0.0184541 0.0208453 0.0225644 0.0234803 0.0235757 0.0229346 0.0217091 0.0200748 0.0181937 0.0161934 0.0141636 0.0121653 0.0102439 0.00843837
 1.01768e-16 2.67846e-05 0.000157181 0.000747121 0.00287638 0.00896964 0.0226568 0.0463602 0.0768524 0.103227 0.112373 0.0992201 0.0712414 0.0420135 0.021205 0.010728 0.00773519 0.00883554 0.0119168 0.0159684 0.0204327 0.0248192 0.0286131 0.0313329 0.0326314 0.0323757 0.0306765 0.0278507 0.024336 0.020585 0.0169747 0.0137534 0.0110333 0.00881723 0.00704124 0.00561697
 1.01418e-16 3.012e-05 0.00017677 0.000840264 0.00323503 0.0100881 0.0254818 0.0521399 0.08643 0.11608 0.126338 0.111484 0.0799031 0.0468317 0.0231015 0.0108121 0.00671173 0.0069539 0.00916462 0.0122599 0.0157234 0.0191647 0.0221912 0.0244347 0.0256229 0.0256402 0.0245503 0.0225714 0.0200148 0.0172091 0.0144339 0.0118816 0.00965058 0.00776269 0.00619224 0.00489381
 1.01461e-16 2.63941e-05 0.000154888 0.000736215 0.00283438 0.00883869 0.022326 0.0456835 0.075731 0.101722 0.110738 0.0977841 0.0702274 0.0414497 0.020984 0.0107206 0.00786034 0.00906665 0.0122593 0.0164382 0.021042 0.0255693 0.02949 0.0323064 0.0336568 0.0333986 0.0316393 0.0286994 0.0250262 0.0210865 0.017273 0.0138506 0.0109463 0.00857484 0.00668065 0.00517935
 1.03228e-16 1.34971e-05 7.91521e-05 0.000376118 0.00144785 0.00451477 0.0114045 0.0233387 0.0387004 0.0520156 0.0567141 0.0502896 0.0365744 0.0225068 0.0130956 0.00947345 0.0103785 0.0142298 0.0199877 0.0270116 0.0347048 0.0423381 0.0490724 0.0541006 0.0568209 0.0569726 0.0546871 0.050434 0.0448877 0.0387621 0.0326668 0.0270238 0.0220527 0.0178085 0.0142445 0.0112713
 1.07557e-16 1.1648e-05 6.83116e-05 0.000324613 0.0012496 0.00389658 0.00984276 0.0201422 0.0333976 0.0448818 0.0489187 0.0433364 0.0314294 0.019168 0.0108532 0.00744136 0.00783211 0.0106731 0.0151169 0.0207079 0.027077 0.0337715 0.0402431 0.0459246 0.0503354 0.0531695 0.0543356 0.0539383 0.0522156 0.0494581 0.0459431 0.0418996 0.0375077 0.0329165 0.0282673 0.0237051
 1.07207e-16 2.27297e-05 0.000133385 0.000634014 0.00244092 0.00761172 0.0192267 0.0393412 0.0652155 0.0875922 0.0953429 0.0841593 0.0603753 0.035502 0.0177322 0.00867826 0.00592133 0.00659824 0.00895715 0.0122141 0.0160021 0.0200321 0.023993 0.0275695 0.0304957 0.0326023 0.0338354 0.0342421 0.0339322 0.0330313 0.0316463 0.0298517 0.0276981 0.0252309 0.0225116 0.0196267
 1.04476e-16 2.21108e-05 0.000129739 0.000616653 0.00237403 0.00740309 0.0186999 0.0382643 0.0634343 0.0852116 0.092783 0.081974 0.0589694 0.0349998 0.0180799 0.00982999 0.00794404 0.0096591 0.0132463 0.017853 0.0229596 0.0280646 0.0326225 0.0361149 0.0381583 0.0385902 0.0374995 0.0351871 0.0320773 0.028608 0.0251389 0.0219012 0.0189948 0.0164199 0.014124 0.0120449
 1.02756e-16 2.65168e-05 0.000155613 0.000739672 0.00284771 0.00888026 0.022431 0.0458979 0.076085 0.102193 0.111239 0.0981994 0.0704661 0.0414714 0.020776 0.0102602 0.00709464 0.00791979 0.0106556 0.0143316 0.0184452 0.0225751 0.0262797 0.0291377 0.030832 0.031218 0.0303502 0.0284543 0.0258599 0.0229165 0.0199214 0.017079 0.0144954 0.0121996 0.0101752 0.00839092
 1.02203e-16 2.48408e-05 0.000145768 0.000692856 0.00266744 0.00831807 0.021011 0.0429929 0.0712717 0.0957345 0.104227 0.0920521 0.0661478 0.0391166 0.0199416 0.0104161 0.00792082 0.00932825 0.0126864 0.0170485 0.0218677 0.0266402 0.0308269 0.0339176 0.0355372 0.0355302 0.0339925 0.0312346 0.0276951 0.0238334 0.0200363 0.0165655 0.0135486 0.0110055 0.00889068 0.00713367
 1.02823e-16 2.10787e-05 0.000123676 0.000587821 0.00226301 0.00705686 0.0178254 0.0364752 0.06047 0.0812346 0.0884653 0.0781896 0.056313 0.0335559 0.0175781 0.00994851 0.00849307 0.0105955 0.0146103 0.0197038 0.0253322 0.0309433 0.0359261 0.0396953 0.0418127 0.0420838 0.0405959 0.0376781 0.0338072 0.0294883 0.0251527 0.0210991 0.0174837 0.0143482 0.0116648 0.00937801
 1.03679e-16 2.11409e-05 0.000124045 0.000589582 0.0022698 0.00707805 0.0178788 0.0365844 0.0606499 0.0814729 0.0887161 0.0783905 0.0564126 0.0335251 0.0173982 0.00959093 0.00791021 0.00972654 0.0133974 0.0181133 0.023376 0.0286946 0.0335256 0.0373416 0.039737 0.0405143 0.0397178 0.0376021 0.0345519 0.0309812 0.0272482 0.0236062 0.0201982 0.0170797 0.0142571 0.0117191
 1.04248e-16 1.98541e-05 0.000116489 0.000553656 0.00213147 0.00664667 0.0167892 0.0343551 0.0569554 0.0765137 0.0833257 0.0736507 0.0530521 0.0316293 0.0166005 0.009448 0.00813098 0.0101939 0.014097 0.0190662 0.0246005 0.0301882 0.0352588 0.0392592 0.0417667 0.0425789 0.041749 0.0395506 0.0363922 0.0327094 0.0288748 0.0251466 0.0216638 0.0184736 0.0155718 0.0129399
 1.02839e-16 2.90758e-05 0.000170642 0.000811136 0.00312288 0.0097384 0.0245985 0.0503322 0.0834332 0.112054 0.121952 0.107606 0.0771057 0.0451567 0.0222105 0.0102897 0.0062532 0.0063902 0.00841937 0.0113146 0.0146076 0.017959 0.0210277 0.0234875 0.0250871 0.0257022 0.0253554 0.0241973 0.0224567 0.0203795 0.0181767 0.0159959 0.0139186 0.0119764 0.0101742 0.00851005
 1.02019e-16 2.53441e-05 0.000148722 0.000706902 0.00272151 0.00848671 0.021437 0.0438645 0.0727164 0.0976746 0.106338 0.0939137 0.0674791 0.039891 0.020312 0.0105688 0.00798536 0.00936649 0.0127168 0.0170673 0.0218591 0.0265796 0.0306828 0.0336556 0.0351252 0.0349445 0.0332241 0.0302928 0.0266087 0.0226476 0.0188074 0.0153528 0.0124069 0.0099785 0.00800731 0.00640676
 1.02893e-16 1.96344e-05 0.000115194 0.000547491 0.00210772 0.00657259 0.0166022 0.0339727 0.0563228 0.0756682 0.0824162 0.0728734 0.0525503 0.0314463 0.0167159 0.00984433 0.00883101 0.0112569 0.0155924 0.0210418 0.0270535 0.0330435 0.0383601 0.0423773 0.0446261 0.0448981 0.043286 0.0401418 0.0359757 0.0313293 0.0266658 0.0223074 0.0184238 0.015062 0.0121935 0.00975916
 1.04033e-16 2.10485e-05 0.000123504 0.000587013 0.00225991 0.00704722 0.017801 0.0364249 0.0603851 0.081116 0.0883242 0.0780367 0.0561416 0.0333314 0.0172383 0.0094097 0.00765811 0.00936454 0.0128981 0.0174644 0.0225867 0.0278013 0.0325938 0.0364607 0.0390086 0.0400358 0.0395652 0.0378156 0.035129 0.0318786 0.0283904 0.0248997 0.0215462 0.0183954 0.0154722 0.0127882
 1.0567e-16 1.33263e-05 7.81558e-05 0.000371395 0.00142969 0.00445816 0.0112614 0.0230455 0.0382125 0.0513547 0.0559802 0.049607 0.0360092 0.0220228 0.0125743 0.00876018 0.00931508 0.0126702 0.0178121 0.0241508 0.0311722 0.0382577 0.0446911 0.0497744 0.0529742 0.0540361 0.0530288 0.0502993 0.0463633 0.0417692 0.0369835 0.0323271 0.0279694 0.0239642 0.0203027 0.01696
pSPR Fmed_Fpbrs
0.533681   0.255389 0.255389
Fs Fmed_Fpbrs
0.356723   1.005 1.005
SSBpbr Bo_Bmed_Bpbrs
956076  462436  196368 196368
Ro
30946
SPR SPRFo_SPRFmed_SPRFpbrs
636671 339779 162599
log_Ro
10.16
likeval ReclasPelacesDesembMPH_pf_preclas_ppelaces_ptallas_desvR_qrecl_qpela
 98.42 102.441 0.0390701 0.000595531 323.663 177.504 86.2988 0 19.0156 0 0 0 0 0 0
q_reclas_q_pelaces
1 1
M
0.7
N
 22463.9 39666.1 17421.4 2269.37 0.203595
 27554.2 10312.4 16833.6 7393.32 963.164
 8016.46 12131.8 4025.68 6571.37 3262.14
 12978.2 2744.18 2862.81 949.963 2320.47
 47795.3 5647.34 1046.35 1091.58 1247
 24753 23121.2 2661.34 493.097 1102.07
 61122.2 8957.78 6097.61 701.859 420.684
 75302.7 25021.5 3022.98 2057.76 378.825
 130718 27618.3 6777.84 818.868 660.025
 168966 50927.9 8442.03 2071.77 452.051
 69821.4 73138.3 19215.5 3185.25 952.26
 33114.1 26899.4 21860.4 5743.36 1236.67
 47766.4 12901 8221.8 6681.64 2133.45
 27703.1 16344.4 3041.72 1938.49 2078.38
 19576.8 7088.75 2155.05 401.061 529.636
 15111.7 5479.92 1118.51 340.04 146.852
 12372.5 5800.1 1625.64 331.812 144.439
 12402.4 4971.31 1885.69 528.518 154.836
 11675.3 5250.85 1794.43 680.652 246.661
 27742.8 4957.52 1906.46 651.516 336.686
 38897.2 11885.9 1832.45 704.687 365.27
 37669 18156.4 5215.07 804.01 469.456
 47049.6 17263 7678.88 2205.61 538.587
 24771.1 20930.4 6879.61 3060.18 1093.61
pred_Ctot
 1226.15 4185.51 1838.28 239.46 0.021483
 2262.2 1608.38 2625.46 1153.1 150.22
 1829.6 4775.79 1584.75 2586.88 1284.17
 1163.73 465.194 485.303 161.038 393.366
 889.461 207.79 38.4997 40.1639 45.8827
 4917.26 8082.98 930.382 172.383 385.274
 7806.67 2110.4 1436.56 165.354 99.1104
 14406.4 8465.86 1022.81 696.231 128.173
 20537.4 7850.94 1926.71 232.776 187.623
 15718.2 8937.33 1481.49 363.575 79.3302
 11422.5 21555.9 5663.35 938.78 280.657
 5203.23 7647.33 6214.79 1632.8 351.577
 10912.3 5082.74 3239.23 2632.44 840.538
 10027.6 9286.95 1728.32 1101.46 1180.94
 6346.8 3706.96 1126.95 209.729 276.965
 2504.83 1634.05 333.528 101.396 43.7896
 1719.14 1475.7 413.608 84.422 36.7491
 1327.12 994.526 377.238 105.732 30.9753
 1227.92 1033.68 353.25 133.993 48.5576
 2761.69 927.082 356.518 121.837 62.962
 1685.04 1002.47 154.551 59.4341 30.8073
 2099.36 1954.74 561.459 86.5605 50.5421
 3547.08 2482.99 1104.48 317.24 77.4668
 2493.34 3954.86 1299.92 578.23 206.641
F
 0.0785608 0.157122 0.157122 0.157122 0.157122
 0.120327 0.240655 0.240655 0.240655 0.240655
 0.372013 0.744027 0.744027 0.744027 0.744027
 0.132089 0.264178 0.264178 0.264178 0.264178
 0.0261775 0.052355 0.052355 0.052355 0.052355
 0.316426 0.632852 0.632852 0.632852 0.632852
 0.193139 0.386277 0.386277 0.386277 0.386277
 0.303038 0.606077 0.606077 0.606077 0.606077
 0.242627 0.485255 0.485255 0.485255 0.485255
 0.137346 0.274692 0.274692 0.274692 0.274692
 0.253837 0.507674 0.507674 0.507674 0.507674
 0.242657 0.485314 0.485314 0.485314 0.485314
 0.372439 0.744878 0.744878 0.744878 0.744878
 0.663034 1.32607 1.32607 1.32607 1.32607
 0.573254 1.14651 1.14651 1.14651 1.14651
 0.257594 0.515187 0.515187 0.515187 0.515187
 0.211791 0.423582 0.423582 0.423582 0.423582
 0.159499 0.318998 0.318998 0.318998 0.318998
 0.15657 0.31314 0.31314 0.31314 0.31314
 0.147625 0.295251 0.295251 0.295251 0.295251
 0.0618989 0.123798 0.123798 0.123798 0.123798
 0.0802741 0.160548 0.160548 0.160548 0.160548
 0.110001 0.220001 0.220001 0.220001 0.220001
 0.149382 0.298765 0.298765 0.298765 0.298765
nmprior
 10 10 8 0
nm_flota  nm_reclas  nm_pelaces    nm_pelaL
inf 13.5709 11.0001 17.7695
cv_recla  cv_pelaces  cv_mph
0.918477 1.19097 0.791754
 ------------------------------------------------
Talla a la edad & desviación 
 7.2 14.2025 17.0495 18.207 18.6776
 1.08 2.13037 2.55742 2.73105 2.80164
