years
 1997 1998 1999 2000 2001 2002 2003 2004 2005 2006 2007 2008 2009 2010 2011 2012 2013 2014 2015 2016 2017 2018 2019 2020
reclasobs
 0 0 0 370054 412103 1.49427e+06 250295 1.28982e+06 931140 785840 897777 1.04006e+06 184774 17550 25797 100020 73551 82996 120727 218422 84188 347160 605670 569463
reclaspred
 2.42692e+06 385636 586537 170509 253858 337505 673075 590479 661671 905453 958123 656806 365130 144732 80547.5 80058.4 90175.3 109036 115965 135524 217414 230587 379117 311510
pelacesobs
 0 0 0 0 0 0 0 0 0 2.06254e+06 1.5e+06 0 1.87456e+06 323000 250000 174000 83755 137374 0 501740 490994 745055 786931 1.00524e+06
pelacespred
 3.67253e+06 1.15612e+06 463911 320883 700071 458252 2.06505e+06 1.55541e+06 1.73416e+06 2.49586e+06 1.80371e+06 1.30071e+06 873154 288080 173055 158210 177049 221262 211133 260414 521413 440818 549574 459350
mphobs
 0 0 0 0 0 112323 0 153150 637223 0 255016 313432 73983 77613 109348 50772 0 0 0 0 0 0 0 0
mphpred
 632339 264329 162907 71270.4 55901.9 144534 160221 270733 253600 297806 423966 269177 168736 94515.1 43204.6 32470.6 32964.3 37474 42740.7 44555.1 64983.2 85467.9 105352 120532
desembarqueobs
 350755 77701 442110 56441 14545 235359 269955 359681 431902 328805 639364 411747 362871 311530 167758 66681 60226 58785 57116 71774 51957 67425 138520 160799
desembarquepred
 350737 77672.4 441529 56418.4 14543.7 235210 269893 359140 431448 328529 638163 411067 362151 310912 167193 66595 60179 58696.4 57029.1 71694.4 51938.3 67358.2 138408 160687
Reclutas
 13447.6 33421.9 3110.67 7483.21 41651.7 14935.1 62530 60672.2 72691.6 129722 55798.7 48443 53116.1 28668.9 13352.1 11034.8 7352.07 8087.69 8532.68 11663.1 16987.4 21924 28931.6 11690.2
log_desv_Rt
 -0.473447 0.436966 -1.93741 -1.05958 0.657098 -0.36853 1.0634 1.03324 1.21398 1.79315 0.949507 0.808143 0.900235 0.283568 -0.480569 -0.671191 -1.07726 -0.981901 -0.928341 -0.615814 -0.239774 0.015338 0.29269 -0.613495
SSB
 1.00526e+06 420215 258981 113302 88869.7 229771 254710 430395 403158 473436 673998 427923 268246 150255 68684.3 51620 52404.8 59574.1 67946.8 70831.2 103307 135872 167482 191615
BT
 1.53793e+06 558273 395001 180381 293520 344733 1.06115e+06 990099 1.08758e+06 1.30302e+06 1.23102e+06 868506 693866 395248 203659 116018 116437 133414 126719 157595 245077 223175 296708 296414
Ftot
 0.340514 0.505038 1.58449 0.799874 0.211643 1.58414 1.34365 1.77471 1.90269 1.18194 1.6147 1.54107 2.61709 4.71698 4.95303 2.25145 1.79614 1.47238 1.28058 1.44857 0.692638 0.770053 0.929815 1.20442
BD_Bspro_t
 0.960554 0.746253 0.548722 0.218137 0.287398 0.558931 0.423403 0.50254 0.438134 0.433485 0.483538 0.309137 0.221769 0.152894 0.0856073 0.0791712 0.109708 0.167519 0.229145 0.284807 0.398598 0.528944 0.538767 0.491335
BD_Bspro
 2.26312 0.946024 0.58304 0.255074 0.200071 0.517281 0.573425 0.968943 0.907625 1.06584 1.51736 0.963377 0.603899 0.338266 0.154628 0.116211 0.117978 0.134118 0.152968 0.159461 0.232573 0.305887 0.377051 0.43138
BD_Bo
 1.26891 0.530424 0.326904 0.143017 0.112178 0.290033 0.321513 0.543275 0.508895 0.597604 0.850767 0.540154 0.338599 0.189662 0.0866981 0.0651584 0.066149 0.0751986 0.0857671 0.0894081 0.130401 0.171507 0.211408 0.24187
BD_Brms
 3.37513 1.41086 0.869522 0.380408 0.298378 0.771452 0.855184 1.44504 1.3536 1.58955 2.26293 1.43674 0.900631 0.504477 0.230606 0.173313 0.175948 0.200019 0.22813 0.237814 0.34685 0.456188 0.562319 0.643343
S_f
 0.0875168 0.645679 0.971929 0.998482 0.99992
 0.0875168 0.645679 0.971929 0.998482 0.99992
 0.0875168 0.645679 0.971929 0.998482 0.99992
 0.0875168 0.645679 0.971929 0.998482 0.99992
 0.0875168 0.645679 0.971929 0.998482 0.99992
 0.0875168 0.645679 0.971929 0.998482 0.99992
 0.0875168 0.645679 0.971929 0.998482 0.99992
 0.0875168 0.645679 0.971929 0.998482 0.99992
 0.0875168 0.645679 0.971929 0.998482 0.99992
 0.0875168 0.645679 0.971929 0.998482 0.99992
 0.0875168 0.645679 0.971929 0.998482 0.99992
 0.0875168 0.645679 0.971929 0.998482 0.99992
 0.0875168 0.645679 0.971929 0.998482 0.99992
 0.0875168 0.645679 0.971929 0.998482 0.99992
 0.0875168 0.645679 0.971929 0.998482 0.99992
 0.0875168 0.645679 0.971929 0.998482 0.99992
 0.0875168 0.645679 0.971929 0.998482 0.99992
 0.0875168 0.645679 0.971929 0.998482 0.99992
 0.0875168 0.645679 0.971929 0.998482 0.99992
 0.0875168 0.645679 0.971929 0.998482 0.99992
 0.0875168 0.645679 0.971929 0.998482 0.99992
 0.0875168 0.645679 0.971929 0.998482 0.99992
 0.0875168 0.645679 0.971929 0.998482 0.99992
 0.0875168 0.645679 0.971929 0.998482 0.99992
Scru_reclas
 0.237398 0.610388 0.887443 0.975417 0.995017
 0.237398 0.610388 0.887443 0.975417 0.995017
 0.237398 0.610388 0.887443 0.975417 0.995017
 0.237398 0.610388 0.887443 0.975417 0.995017
 0.237398 0.610388 0.887443 0.975417 0.995017
 0.237398 0.610388 0.887443 0.975417 0.995017
 0.237398 0.610388 0.887443 0.975417 0.995017
 0.237398 0.610388 0.887443 0.975417 0.995017
 0.237398 0.610388 0.887443 0.975417 0.995017
 0.237398 0.610388 0.887443 0.975417 0.995017
 0.237398 0.610388 0.887443 0.975417 0.995017
 0.237398 0.610388 0.887443 0.975417 0.995017
 0.237398 0.610388 0.887443 0.975417 0.995017
 0.237398 0.610388 0.887443 0.975417 0.995017
 0.237398 0.610388 0.887443 0.975417 0.995017
 0.237398 0.610388 0.887443 0.975417 0.995017
 0.237398 0.610388 0.887443 0.975417 0.995017
 0.237398 0.610388 0.887443 0.975417 0.995017
 0.237398 0.610388 0.887443 0.975417 0.995017
 0.237398 0.610388 0.887443 0.975417 0.995017
 0.237398 0.610388 0.887443 0.975417 0.995017
 0.237398 0.610388 0.887443 0.975417 0.995017
 0.237398 0.610388 0.887443 0.975417 0.995017
 0.237398 0.610388 0.887443 0.975417 0.995017
Scru_pelaces
 0.778177 1 1 1 1
 0.778177 1 1 1 1
 0.778177 1 1 1 1
 0.778177 1 1 1 1
 0.778177 1 1 1 1
 0.778177 1 1 1 1
 0.778177 1 1 1 1
 0.778177 1 1 1 1
 0.778177 1 1 1 1
 0.778177 1 1 1 1
 0.778177 1 1 1 1
 0.778177 1 1 1 1
 0.778177 1 1 1 1
 0.778177 1 1 1 1
 0.778177 1 1 1 1
 0.778177 1 1 1 1
 0.778177 1 1 1 1
 0.778177 1 1 1 1
 0.778177 1 1 1 1
 0.778177 1 1 1 1
 0.778177 1 1 1 1
 0.778177 1 1 1 1
 0.778177 1 1 1 1
 0.778177 1 1 1 1
pf_obs 
 0.256992 0.487395 0.22802 0.0275931 0
 0.321318 0.546541 0.124235 0.00734118 0.000564706
 0.182869 0.594174 0.210203 0.0122559 0.00049798
 0.330522 0.361315 0.267642 0.0388342 0.00168674
 0.649043 0.306663 0.0425973 0.00169635 0
 0.582887 0.30429 0.105238 0.00758474 0
 0.465427 0.430635 0.0974691 0.00646863 0
 0.296916 0.608066 0.0921331 0.00288517 0
 0.311714 0.524322 0.152257 0.0117073 0
 0.15457 0.633149 0.183074 0.0267441 0.00246327
 0.131901 0.49318 0.331252 0.0422183 0.00144891
 0.196976 0.569456 0.194076 0.0375587 0.00193317
 0.518974 0.381816 0.0799577 0.0180837 0.00116848
 0.0928022 0.601141 0.25162 0.0475244 0.00691264
 0.122501 0.610282 0.24278 0.0234846 0.000952079
 0.383417 0.481906 0.127806 0.00687128 0
 0.0376549 0.599619 0.316969 0.0457579 0
 0.0361596 0.667082 0.258105 0.0386534 0
 0.158088 0.579412 0.248529 0.0139706 0
 0.0477256 0.309471 0.559284 0.082774 0.000745712
 0.0406174 0.521527 0.379366 0.0568643 0.0016247
 0.151134 0.462217 0.34131 0.0453401 0
 0.294876 0.26143 0.354403 0.0886775 0.000613685
 0.281977 0.475581 0.204845 0.0348837 0.00271318
pf_pred 
 0.0412297 0.638063 0.283432 0.0372707 4.88441e-06
 0.149239 0.189309 0.501573 0.141801 0.018078
 0.0233879 0.620365 0.114308 0.184976 0.0569637
 0.16414 0.180512 0.51724 0.045986 0.0921225
 0.530303 0.309127 0.051946 0.0864513 0.022173
 0.11187 0.790312 0.0735771 0.00800108 0.0162396
 0.501611 0.282424 0.203996 0.00912684 0.00284169
 0.288193 0.656701 0.0397268 0.0145665 0.000812583
 0.321735 0.558065 0.115828 0.00320292 0.00116905
 0.39041 0.518549 0.0831001 0.00766882 0.00027204
 0.137438 0.739046 0.113085 0.0095594 0.000871832
 0.195939 0.509964 0.272498 0.0198646 0.00173348
 0.30859 0.525842 0.129632 0.0334262 0.00250954
 0.278423 0.649416 0.0648421 0.00582488 0.0014935
 0.301726 0.659914 0.0375442 0.000742867 7.35784e-05
 0.346885 0.619724 0.033036 0.00034866 6.62099e-06
 0.22318 0.681267 0.093514 0.00201849 2.02583e-05
 0.272317 0.558118 0.159388 0.0099717 0.000204935
 0.258918 0.5918 0.129857 0.0183156 0.00110985
 0.308736 0.535293 0.138102 0.015641 0.00222877
 0.301979 0.568484 0.113177 0.0145702 0.00179007
 0.254128 0.566955 0.15777 0.0185628 0.00258481
 0.258138 0.540183 0.170568 0.0275577 0.00355294
 0.105793 0.672588 0.183516 0.0324312 0.00567245
pobs_RECLAS
 0 0 0 0 0
 0 0 0 0 0
 0 0 0 0 0
 0 0 0 0 0
 0.835266 0.146461 0.0176864 0.000547809 3.91292e-05
 0.385257 0.428462 0.181853 0.0044286 0
 0.867414 0.0963971 0.0333333 0.00285562 0
 0.441836 0.489002 0.0689373 0.000224442 0
 0.779404 0.147425 0.0564933 0.0165055 0.000172143
 0.814271 0.122319 0.05973 0.00367925 0
 0.40263 0.566651 0.0304383 0.000280538 0
 0.475488 0.404961 0.113038 0.00651328 0
 0.955842 0.0263864 0.0167828 0.000988607 0
 0.975058 0.0227948 0.00214734 0 0
 0.738997 0.206755 0.0527124 0.00153531 0
 0.850938 0.134255 0.0134407 0.00136685 0
 0.542534 0.407297 0.0501686 0 0
 0.764087 0.199537 0.0359546 0.000420521 0
 0.470689 0.182191 0.310203 0.0369168 0
 0.84361 0.089868 0.0606195 0.00523954 0.000663233
 0.607945 0.314616 0.071237 0.00620181 0
 0.523733 0.453247 0.0230204 0 0
 0.530135 0.295979 0.169645 0.0042399 0
 0.562478 0.366248 0.0663022 0.0049721 0
ppred_RECLAS
 0.112277 0.597778 0.254203 0.0357364 4.77038e-06
 0.345105 0.149463 0.376821 0.11383 0.0147813
 0.0716965 0.604723 0.0993297 0.170719 0.0535312
 0.377277 0.139437 0.375087 0.0355882 0.0726107
 0.764951 0.154226 0.0249081 0.0443325 0.0115819
 0.2858 0.64204 0.053286 0.00615436 0.012719
 0.763587 0.139327 0.0913582 0.00434849 0.00137872
 0.566143 0.403624 0.0214277 0.00833259 0.000473261
 0.610871 0.327727 0.05903 0.00172937 0.000642626
 0.663956 0.289174 0.0425384 0.00418069 0.000151028
 0.337784 0.576129 0.0783968 0.00703706 0.000653476
 0.442283 0.367334 0.175576 0.0135982 0.00120828
 0.618646 0.303247 0.0604468 0.0164069 0.00125361
 0.649686 0.327685 0.0202696 0.00187212 0.000487894
 0.679694 0.30952 0.0105497 0.000214 2.15406e-05
 0.641655 0.342824 0.0153471 0.000171087 3.30711e-06
 0.482971 0.460392 0.0553571 0.00126702 1.29468e-05
 0.544076 0.357801 0.0918852 0.00611042 0.000127873
 0.521694 0.388244 0.0776808 0.0116611 0.000719575
 0.586586 0.32695 0.0759876 0.0091494 0.00132757
 0.563508 0.358676 0.0673933 0.00926353 0.00115918
 0.506141 0.380138 0.0994595 0.0124901 0.00177137
 0.514619 0.35908 0.105697 0.0182124 0.0023914
 0.269011 0.559918 0.140027 0.0263501 0.00469346
pobs_PELACES
 0 0 0 0 0
 0 0 0 0 0
 0 0 0 0 0
 0 0 0 0 0
 0 0 0 0 0
 0 0 0 0 0
 0 0 0 0 0
 0 0 0 0 0
 0 0 0 0 0
 0 0 0 0 0
 0.450072 0.473896 0.0757376 0.000293798 0
 0 0 0 0 0
 0.463077 0.371075 0.160297 0.00555027 0
 0.529543 0.364841 0.0842815 0.0213345 0
 0.631943 0.363953 0.00410389 0 0
 0.735681 0.248677 0.0153453 0.000297389 0
 0.695825 0.281241 0.0229344 0 0
 0.275771 0.60734 0.115278 0.00161068 0
 0 0 0 0 0
 0.896147 0.0623911 0.0374545 0.00400742 0
 0.803859 0.145111 0.0509908 3.86294e-05 0
 0.739449 0.233085 0.0266225 0.000797448 4.60066e-05
 0.878498 0.100942 0.0204185 0.000141795 0
 0.694673 0.275183 0.0284847 0.00165964 0
ppred_PELACES
 0.232897 0.582056 0.164116 0.0209283 2.7382e-06
 0.616884 0.121668 0.199816 0.0546738 0.00695812
 0.197903 0.623094 0.0593548 0.0915332 0.0281149
 0.666845 0.106304 0.180455 0.0154685 0.0309271
 0.885896 0.0858557 0.00932227 0.0150677 0.00385853
 0.52864 0.443333 0.0213391 0.0022114 0.00447682
 0.90864 0.064696 0.0252481 0.00108058 0.000335643
 0.788912 0.202724 0.00611492 0.00213005 0.000118497
 0.827397 0.156266 0.0157734 0.000413478 0.000150484
 0.838842 0.146874 0.0130848 0.00115794 4.09838e-05
 0.592653 0.375239 0.0295157 0.00237657 0.000216181
 0.711172 0.222255 0.0618962 0.00430295 0.000374538
 0.853977 0.129193 0.0133633 0.00322521 0.000241277
 0.901945 0.0953662 0.00244172 0.000196872 5.01839e-05
 0.915178 0.0836488 0.0011505 2.03311e-05 2.00145e-06
 0.846963 0.149391 0.0036097 3.58959e-05 6.79474e-07
 0.732043 0.250527 0.0170759 0.000350033 3.5033e-06
 0.774782 0.194166 0.0292683 0.00174812 3.58372e-05
 0.74959 0.220225 0.0264037 0.00356589 0.000215576
 0.802491 0.1712 0.0234154 0.00253273 0.00036001
 0.758556 0.212411 0.0254782 0.00316697 0.00038836
 0.721156 0.234905 0.0389096 0.00441566 0.000613679
 0.736857 0.216522 0.0396608 0.00616707 0.000793472
 0.503968 0.419955 0.0634514 0.0107492 0.00187586
pobs_pel_tallas
 0 0 0 0 0 0 0 0 0 0 0 0 0 0 0 0 0 0 0 0 0 0 0 0 0 0 0 0 0 0 0 0 0 0 0 0
 0 0 0 0 0 0 0 0 0 0 0 0 0 0 0 0 0 0 0 0 0 0 0 0 0 0 0 0 0 0 0 0 0 0 0 0
 0 0 0 0 0 0 0 0 0 0 0 0 0 0 0 0 0 0 0 0 0 0 0 0 0 0 0 0 0 0 0 0 0 0 0 0
 0 0 0 0 0 0 0 0 0 0 0 0 0 0 0 0 0 0 0 0 0 0 0 0 0 0 0 0 0 0 0 0 0 0 0 0
 0 0 0 0 0 0 0 0 0 0 0 0 0 0 0 0 0 0 0 0 0 0 0 0 0 0 0 0 0 0 0 0 0 0 0 0
 0 0 0 0 0 0 0 0 0 0 0 0 0 0 0 0 0 0 0 0 0 0 0 0 0 0 0 0 0 0 0 0 0 0 0 0
 0 0 0 0 0 0 0 0 0 0 0 0 0 0 0 0 0 0 0 0 0 0 0 0 0 0 0 0 0 0 0 0 0 0 0 0
 0 0 0 0 0 0 0 0 0 0 0 0 0 0 0 0 0 0 0 0 0 0 0 0 0 0 0 0 0 0 0 0 0 0 0 0
 0 0 0 0 0 0 0 0 0 0 0 0 0 0 0 0 0 0 0 0 0 0 0 0 0 0 0 0 0 0 0 0 0 0 0 0
 0 0 0 0 0 0 0 0 0 0 0 0 0 0 0 0 0 0 0 0 0 0 0 0 0 0 0 0 0 0 0 0 0 0 0 0
 0 0 0 0 0 0 0 0 1.78061e-05 0.00172719 0.00360574 0.0105946 0.0120993 0.0124554 0.0147524 0.0171206 0.0266825 0.0428682 0.0675386 0.121331 0.153587 0.119568 0.100827 0.0573624 0.0630603 0.0341343 0.0324427 0.0444173 0.0211091 0.0280891 0.0125444 0.00206551 0 0 0 0
 0 0 0 0 0 0 0 0 0 0 0 0 0 0 0 0 0 0 0 0 0 0 0 0 0 0 0 0 0 0 0 0 0 0 0 0
 0 0 0 0 0 0 0.0133647 0.0140871 0.0187388 0.0205184 0.03894 0.0496705 0.03968 0.0493445 0.0407372 0.0367815 0.0215668 0.0243155 0.0234873 0.0199281 0.019796 0.0243948 0.0301388 0.0376714 0.0412746 0.0863199 0.0771752 0.113111 0.0741005 0.0525337 0.0229764 0.00759418 0.00175318 0 0 0
 0 0 0 0 0 0 0 0 0 0 0.00219441 0.00772107 0.0458388 0.0604681 0.0671733 0.0775358 0.0609151 0.0617685 0.073594 0.0568108 0.0755445 0.0548602 0.0670107 0.0636378 0.0643287 0.046367 0.0373049 0.0286899 0.0247887 0.0153202 0.00654259 0.00121912 0.000365735 0 0 0
 0 0 0 0 0 0 0 0 0 0 0 0 0.000112435 0.00938835 0.0111873 0.0202946 0.0414886 0.0713402 0.111592 0.104902 0.108894 0.110636 0.117776 0.105296 0.107544 0.0401394 0.0192827 0.0124803 0.00416011 0.0028671 0.000618394 0 0 0 0 0
 0 0 0 0 0 0 0 0 0 0 0.00291406 0.0102884 0.027416 0.0768956 0.0749926 0.110853 0.0956884 0.0897413 0.0766577 0.0534642 0.0500743 0.0551293 0.0594112 0.0620874 0.0668451 0.0424026 0.0208742 0.0120726 0.0048766 0.00582813 0.00118941 0.000297354 0 0 0 0
 0 0.00264628 0.0354308 0.0461629 0.0458689 0.0383711 0.0214643 0.0164657 0.0346957 0.0420465 0.0363128 0.0245516 0.0311673 0.0291091 0.0169068 0.0133784 0.00837989 0.0085269 0.0148486 0.0160247 0.0276389 0.0546898 0.0760071 0.122758 0.109233 0.0665981 0.0333725 0.0166128 0.00676272 0.00308733 0.000882094 0 0 0 0 0
 0 0 0 0 0 0 0 0.000805153 0.000690131 0.00759144 0.0133425 0.0154129 0.00931677 0.000345066 0.00356568 0.00563607 0.00851162 0.0253048 0.0502646 0.0516448 0.0657925 0.0565908 0.0611916 0.0827007 0.0866115 0.110766 0.145733 0.0935128 0.0569358 0.0249597 0.0138026 0.00621118 0.00161031 0.00115022 0 0
 0 0 0 0 0 0 0 0 0 0 0 0 0 0 0 0 0 0 0 0 0 0 0 0 0 0 0 0 0 0 0 0 0 0 0 0
 0.00147267 0.00158595 0.00478618 0.00569244 0.00954404 0.0108468 0.00647125 0.017049 0.0510054 0.094081 0.124002 0.0959785 0.0687766 0.0820023 0.061753 0.0591476 0.0492212 0.0479892 0.0443925 0.0268479 0.0217502 0.0140895 0.0121071 0.0120363 0.00920419 0.00665534 0.0049561 0.00860946 0.00930331 0.0156896 0.0114698 0.00855282 0.00243557 0.00046729 0 2.83206e-05
 0 0 0 0 0.000772559 0.00158375 0.000888443 0.00281984 0.00712685 0.0440552 0.0773331 0.111326 0.0921469 0.0852325 0.0710754 0.0886704 0.0786465 0.0553345 0.0373146 0.0185414 0.00753245 0.00457741 0.012979 0.0271748 0.0457355 0.0583668 0.034881 0.0177882 0.00938659 0.00492506 0.0015258 0.00185414 0.000309023 5.79419e-05 3.86279e-05 0
 0 0.00173294 0.00326652 0 0.00397197 0.00683976 0.00946217 0.0152591 0.00757587 0.0136028 0.0228656 0.0392903 0.0559909 0.0764795 0.0681675 0.0726916 0.0566044 0.0477403 0.0527397 0.0444891 0.0609904 0.0582453 0.0661739 0.0445044 0.0529084 0.0360697 0.0280645 0.0235558 0.0158879 0.00826598 0.00280645 0.00217768 0.000904811 0.00058276 9.20147e-05 0
 0 0 0 0 0 0 0 0 0 0 0 0 0 0 0 0 0 0 0 0 0 0 0 0 0 0 0 0 0 0 0 0 0 0 0 0
 0 0 0 0 0 0 0 0 0 0 0 0 0 0 0 0 0 0 0 0 0 0 0 0 0 0 0 0 0 0 0 0 0 0 0 0
ppred_pel_tallas
 1.03239e-16 1.0192e-05 5.9743e-05 0.000283832 0.0010925 0.00340663 0.00860547 0.0176122 0.0292105 0.039278 0.0428718 0.0381242 0.0279632 0.0176775 0.011119 0.00922925 0.0111431 0.0157312 0.02222 0.0300566 0.0386273 0.0471324 0.0546401 0.0602504 0.0632902 0.0634642 0.0609131 0.0561541 0.0499345 0.043049 0.0361798 0.0298038 0.0241756 0.019367 0.0153354 0.0119881
 1.0508e-16 2.6917e-05 0.000157976 0.000750935 0.00289113 0.00901568 0.0227729 0.0465963 0.0772386 0.103729 0.112879 0.0995685 0.0712778 0.041607 0.0202145 0.00895545 0.00491103 0.00465179 0.00609856 0.00836917 0.0111329 0.0142018 0.0173858 0.0204763 0.0232693 0.0255929 0.0273243 0.0283928 0.0287717 0.0284672 0.0275104 0.0259563 0.0238871 0.0214145 0.0186766 0.0158277
 1.05505e-16 8.66736e-06 5.07892e-05 0.000241258 0.000928573 0.00289542 0.00731423 0.0149705 0.0248328 0.0334027 0.0364885 0.0325176 0.0240018 0.01547 0.0102411 0.00916828 0.0115669 0.0165097 0.0233346 0.0315136 0.0404069 0.0491665 0.0568113 0.0624081 0.0652818 0.0651727 0.0622913 0.0572437 0.0508632 0.0440041 0.0373662 0.0313973 0.0262838 0.0220076 0.0184357 0.0154029
 1.04573e-16 2.90949e-05 0.000170763 0.000811732 0.00312522 0.00974569 0.0246168 0.0503689 0.0834912 0.112124 0.122006 0.107602 0.0769902 0.0448633 0.0216492 0.00933707 0.00475413 0.00417653 0.00534542 0.00730547 0.00971039 0.0123818 0.0151506 0.0178337 0.020253 0.022259 0.0237463 0.024656 0.024968 0.0246915 0.0238569 0.0225143 0.0207358 0.0186169 0.0162746 0.0138384
 1.00859e-16 3.86453e-05 0.000226835 0.00107831 0.00415163 0.0129465 0.0327017 0.0669111 0.110909 0.148937 0.162043 0.142864 0.102113 0.0592849 0.0281934 0.0114317 0.00472528 0.00306377 0.00338945 0.00439458 0.00561094 0.00683255 0.00790819 0.00870698 0.00913513 0.00915572 0.00879591 0.0081368 0.00729046 0.00637184 0.00547499 0.00465997 0.00395177 0.00334834 0.00283274 0.00238443
 1.00733e-16 2.30818e-05 0.000135431 0.000643692 0.00247811 0.00772762 0.0195197 0.0399425 0.0662186 0.0889584 0.0968799 0.0856347 0.0616918 0.0367934 0.0193302 0.0110205 0.00947931 0.0118282 0.0162391 0.0217585 0.0277375 0.033512 0.0383608 0.0416127 0.0427947 0.0417474 0.0386643 0.0340375 0.0285328 0.0228346 0.0175113 0.0129358 0.00927033 0.00650348 0.00451286 0.00312933
 1.00433e-16 3.96363e-05 0.000232655 0.00110598 0.00425817 0.0132788 0.033541 0.0686281 0.113754 0.152755 0.166193 0.146509 0.104692 0.0607259 0.0287741 0.0114861 0.00446838 0.00257651 0.00267538 0.0034346 0.00439578 0.00537858 0.00626247 0.00694381 0.00734486 0.00742875 0.00720591 0.00672817 0.00607328 0.00532547 0.00455849 0.00382567 0.00315793 0.00256779 0.00205611 0.00161832
 1.00232e-16 3.44211e-05 0.000202025 0.000960337 0.00369735 0.0115298 0.0291235 0.0595907 0.0987786 0.132658 0.144362 0.127345 0.0911751 0.0532443 0.0259021 0.0115111 0.00631594 0.0058878 0.00749901 0.009925 0.0126254 0.0152386 0.0174238 0.0188731 0.0193712 0.0188473 0.0173927 0.0152361 0.0126852 0.0100561 0.00761085 0.00552074 0.00385956 0.00262034 0.00174451 0.00115161
 1.00297e-16 3.60974e-05 0.00021187 0.00100715 0.00387761 0.012092 0.0305434 0.0624956 0.103592 0.139118 0.151378 0.133504 0.0955164 0.0556429 0.0268143 0.011485 0.00569394 0.00478222 0.00589179 0.00776561 0.00989215 0.0119711 0.0137358 0.0149464 0.0154327 0.0151336 0.0141111 0.0125324 0.010626 0.00862883 0.00673938 0.00509011 0.00374203 0.00269698 0.00191885 0.00135495
 1.00276e-16 3.65961e-05 0.000214799 0.00102108 0.00393123 0.0122592 0.0309657 0.0633596 0.105024 0.14104 0.153467 0.135339 0.0968149 0.0563699 0.0271095 0.0115168 0.00557078 0.00454435 0.00553958 0.00728664 0.00927737 0.011223 0.0128717 0.0139983 0.0144434 0.0141505 0.0131791 0.0116873 0.00989107 0.00801362 0.00624172 0.0046995 0.00344346 0.00247416 0.00175634 0.00123928
 1.00634e-16 2.58704e-05 0.000151808 0.000721565 0.00277796 0.00866272 0.0218816 0.0447746 0.0742258 0.0997045 0.108554 0.0958858 0.0689285 0.0408123 0.020899 0.0110625 0.00857851 0.0101868 0.0138406 0.018526 0.0236314 0.0285806 0.03276 0.0355989 0.0366923 0.0358983 0.0333723 0.0295219 0.0249024 0.0200875 0.0155562 0.011626 0.00844011 0.00599758 0.0042049 0.00292869
 1.01117e-16 3.10322e-05 0.000182127 0.000865734 0.0033331 0.0103939 0.0262543 0.0537203 0.0890491 0.119596 0.130158 0.114842 0.0822807 0.0481666 0.0236509 0.0108865 0.00651276 0.00655941 0.00857998 0.011467 0.0147093 0.0179356 0.0207773 0.0228889 0.0240136 0.0240397 0.0230228 0.021163 0.0187489 0.0160871 0.013441 0.0109949 0.00884702 0.00702477 0.00551043 0.00426622
 1.00355e-16 3.72553e-05 0.000218671 0.00103949 0.00400212 0.0124803 0.0315241 0.064502 0.106917 0.14358 0.156226 0.137761 0.0985228 0.0573144 0.0274703 0.0115098 0.00533101 0.00411619 0.0049158 0.00644667 0.00821123 0.00994414 0.0114222 0.012447 0.0128775 0.0126626 0.0118521 0.0105822 0.00903951 0.00741721 0.0058769 0.00452609 0.00341402 0.00254199 0.00188094 0.00138899
 1.00075e-16 3.93455e-05 0.000230945 0.00109785 0.00422685 0.0131811 0.0332943 0.0681235 0.112919 0.151636 0.164981 0.145457 0.103974 0.0603797 0.0287403 0.0116978 0.00490083 0.00324702 0.00361863 0.00467536 0.00592731 0.00714852 0.00816837 0.00884044 0.00906351 0.00880464 0.00810749 0.00708038 0.00586912 0.00462332 0.00346704 0.00248147 0.00170151 0.0011237 0.000719983 0.000451726
 1.00045e-16 3.99221e-05 0.000234331 0.00111395 0.00428884 0.0133744 0.0337826 0.0691225 0.114574 0.153858 0.167396 0.147579 0.105474 0.0612177 0.0290772 0.0117274 0.00474731 0.00295577 0.00318917 0.00409312 0.00518258 0.00624619 0.00713184 0.00771089 0.00789489 0.00765556 0.00703207 0.00612041 0.00504947 0.0039513 0.00293528 0.0020728 0.00139421 0.000895904 0.000552398 0.000328851
 1.00102e-16 3.69503e-05 0.000216878 0.00103096 0.00396929 0.0123779 0.0312655 0.063973 0.106041 0.142405 0.154952 0.136649 0.0977517 0.0569148 0.0273701 0.0116243 0.00561635 0.00457183 0.00556235 0.00730275 0.00927648 0.0111887 0.0127829 0.0138313 0.0141757 0.0137646 0.0126666 0.011052 0.00914945 0.00719379 0.00537976 0.00383474 0.00261352 0.00171061 0.00108182 0.000666313
 1.00337e-16 3.19433e-05 0.000187474 0.000891148 0.00343094 0.010699 0.027025 0.0552974 0.0916639 0.123109 0.133985 0.118228 0.0847254 0.0496356 0.0244412 0.0113626 0.0069428 0.00709148 0.00927891 0.0123432 0.015726 0.0190066 0.0217686 0.0236302 0.0243221 0.0237511 0.0220237 0.0194151 0.0162993 0.0130623 0.010026 0.00740331 0.00528975 0.00368312 0.00251859 0.00170414
 1.00541e-16 3.38047e-05 0.000198407 0.000943136 0.00363113 0.0113233 0.0286018 0.0585233 0.0970092 0.130282 0.141775 0.125063 0.0895382 0.0522837 0.0254267 0.0112878 0.00618001 0.00575696 0.007345 0.00974932 0.0124491 0.0150994 0.0173744 0.0189752 0.0196868 0.0194271 0.0182653 0.0163996 0.0141049 0.0116681 0.00933107 0.00725729 0.00552538 0.00414374 0.00307581 0.00226533
 1.0058e-16 3.27072e-05 0.000191961 0.000912488 0.00351312 0.0109553 0.0276723 0.0566216 0.0938579 0.126052 0.13718 0.121028 0.086689 0.0506997 0.0248052 0.0112645 0.00652393 0.00638729 0.00826728 0.0109933 0.0140308 0.0170014 0.019538 0.0213034 0.0220563 0.0217074 0.0203399 0.0181837 0.0155553 0.0127832 0.0101432 0.00781969 0.00589889 0.00438564 0.00323309 0.00237214
 1.00493e-16 3.5012e-05 0.000205497 0.000976848 0.00376093 0.0117281 0.0296243 0.0606152 0.100476 0.134935 0.146831 0.129505 0.0926814 0.054043 0.0261402 0.0113629 0.00587895 0.00517687 0.00648654 0.00858237 0.0109519 0.0132786 0.0152727 0.0166712 0.0172852 0.0170438 0.0160092 0.0143577 0.0123329 0.0101882 0.00813692 0.00632233 0.00481234 0.00361255 0.00268888 0.00199012
 1.00558e-16 3.30979e-05 0.000194255 0.000923397 0.00355512 0.0110863 0.0280031 0.0572984 0.0949795 0.127558 0.138816 0.122465 0.0877054 0.0512679 0.0250342 0.0112857 0.00642172 0.00619262 0.00798002 0.0106037 0.0135321 0.0163968 0.0188428 0.0205449 0.0212702 0.0209329 0.019613 0.0175325 0.0149966 0.0123223 0.00977569 0.0075347 0.0056824 0.00422349 0.00311269 0.00228328
 1.0081e-16 3.1468e-05 0.000184685 0.000877891 0.0033799 0.0105399 0.026623 0.0544747 0.0902999 0.121276 0.131988 0.116461 0.0834484 0.048866 0.0240231 0.0111045 0.00670297 0.00679065 0.00888125 0.0118418 0.0151394 0.0183808 0.0211762 0.0231648 0.024085 0.0238351 0.0224948 0.0202993 0.0175763 0.0146681 0.0118636 0.00935852 0.00724786 0.00554343 0.00420431 0.0031668
 1.00883e-16 3.21519e-05 0.000188701 0.000896991 0.00345345 0.0107692 0.0272023 0.0556599 0.0922637 0.123912 0.134851 0.118974 0.0852202 0.0498458 0.0243973 0.0110971 0.00645416 0.00634644 0.00823422 0.0109707 0.0140342 0.0170555 0.0196748 0.0215587 0.0224649 0.0222968 0.021124 0.0191586 0.0166978 0.0140526 0.0114859 0.00917649 0.0072121 0.00560568 0.00432307 0.00330998
 1.01495e-16 2.20052e-05 0.000129112 0.000613655 0.00236246 0.007367 0.0186088 0.0380785 0.0631284 0.0848074 0.09236 0.0816412 0.0588188 0.0350884 0.0184512 0.0105492 0.00911417 0.0114103 0.0157056 0.0211041 0.0270007 0.0327743 0.0377439 0.0412677 0.0428809 0.0424047 0.0399854 0.0360467 0.0311773 0.0259904 0.0210022 0.0165603 0.0128307 0.00983002 0.00748039 0.00566397
pSPR Fmed_Fpbrs
0.374396   0.425958 0.425958
Fs Fmed_Fpbrs
1.28267   1.005 1.005
SSBpbr Bo_Bmed_Bpbrs
792224  256994  297843 297843
Ro
21590.3
SPR SPRFo_SPRFmed_SPRFpbrs
444190 166303 189206
log_Ro
9.8
likeval ReclasPelacesDesembMPH_pf_preclas_ppelaces_ptallas_desvR_qrecl_qpela
 73.598 16.9466 0.212176 0.000164966 308.838 166.732 88.371 0 27.4429 4.32029e-05 0.000140157 0 0 0 0
q_reclas_q_pelaces
2.53808 5.3887
M
0.7
N
 13447.6 30622 9468.11 1216.49 0.159226
 33421.9 6481.79 12205.1 3376.95 430.031
 3110.67 15879.2 2323.11 3709.87 1141.66
 7483.21 1344.7 2834.71 247.312 494.937
 41651.7 3464.82 398.402 646.954 165.713
 14935.1 20304 1500.81 161.057 326.666
 62530 6456.42 3625.42 159.826 49.7238
 60672.2 27606.6 1346.5 487.745 27.1911
 72691.6 25794.7 4358.64 119.148 43.4622
 129722 30560.5 3749.57 340.575 12.0712
 55798.7 58087.6 7074.89 590.3 53.7991
 48443 24057.3 10169.3 731.383 63.7783
 53116.1 21020.9 4416.72 1129.26 84.7437
 28668.9 20977.3 1926.52 172.35 44.181
 13352.1 9421.54 495.487 9.76596 0.967087
 11034.8 4298.23 191.078 1.9968 0.0378991
 7352.07 4499.71 498.817 10.638 0.106698
 8087.69 3119.87 700.673 43.2296 0.887785
 8532.68 3530.66 598.759 83.1787 5.03626
 11663.1 3787.98 766.933 85.6465 12.1951
 16987.4 5102.12 738.243 93.1759 11.4354
 21924 7939.53 1620.01 186.994 26.012
 28931.6 10177.6 2398.03 380.601 49.0236
 11690.2 13244.2 2772.72 482.358 84.2979
pred_Ctot
 284.44 4401.94 1955.37 257.127 0.0336971
 1041.89 1321.63 3501.66 989.962 126.209
 291.993 7745.16 1427.11 2309.39 711.182
 365.32 401.76 1151.2 102.349 205.034
 550.307 320.788 53.9055 89.7125 23.0094
 1401.65 9902.03 921.867 100.248 203.471
 5022.94 2828.08 2042.74 91.3926 28.4555
 6333.4 14431.8 873.047 320.116 17.8575
 8096.27 14043.4 2914.75 80.5995 29.4184
 9222.64 12249.7 1963.07 181.16 6.4264
 5331.52 28669.3 4386.81 370.831 33.8204
 4429.93 11529.6 6160.83 449.113 39.1917
 7923.3 13501.4 3328.41 858.245 64.4346
 7140.09 16654.1 1662.86 149.377 38.3005
 3462.48 7572.89 430.841 8.52483 0.844354
 1435.47 2564.53 136.709 1.44281 0.0273988
 776.102 2369.08 325.192 7.01924 0.0704474
 708.457 1451.99 414.662 25.9422 0.533156
 654.804 1496.66 328.409 46.3201 2.80682
 1006.04 1744.29 450.014 50.9673 7.2626
 721.07 1357.43 270.244 34.7908 4.27436
 1031.57 2301.42 640.43 75.3512 10.4924
 1633.73 3418.75 1079.5 174.409 22.4861
 846.201 5379.79 1467.88 259.405 45.372
F
 0.0298006 0.219863 0.330955 0.339997 0.340486
 0.0441993 0.326092 0.490861 0.504271 0.504997
 0.138669 1.02307 1.54001 1.58208 1.58436
 0.0700024 0.516462 0.77742 0.79866 0.79981
 0.0185223 0.136654 0.205702 0.211322 0.211626
 0.138639 1.02285 1.53968 1.58174 1.58402
 0.117592 0.867568 1.30593 1.34161 1.34354
 0.155317 1.14589 1.72489 1.77202 1.77457
 0.166517 1.22853 1.84928 1.8998 1.90254
 0.10344 0.763157 1.14877 1.18015 1.18185
 0.141313 1.04258 1.56937 1.61224 1.61457
 0.13487 0.99504 1.49782 1.53874 1.54095
 0.229039 1.6898 2.54363 2.61312 2.61688
 0.412815 3.04566 4.58457 4.70982 4.7166
 0.433473 3.19807 4.81399 4.94551 4.95264
 0.19704 1.45372 2.18825 2.24804 2.25127
 0.157192 1.15973 1.74572 1.79341 1.79599
 0.128858 0.950687 1.43105 1.47015 1.47226
 0.112072 0.826842 1.24463 1.27863 1.28047
 0.126774 0.935314 1.40791 1.44637 1.44846
 0.0606174 0.447222 0.673195 0.691587 0.692583
 0.0673926 0.497208 0.748437 0.768885 0.769992
 0.0813744 0.600362 0.903714 0.928404 0.929741
 0.105407 0.777669 1.17061 1.20259 1.20432
nmprior
 10 10 8 0
nm_flota  nm_reclas  nm_pelaces    nm_pelaL
inf 17.046 10.5452 16.8914
cv_recla  cv_pelaces  cv_mph
0.794255 0.484402 0.416712
 ------------------------------------------------
Talla a la edad & desviación 
 7.2 14.2025 17.0495 18.207 18.6776
 1.08 2.13037 2.55742 2.73105 2.80164
