    unsorted:	 0.006404473682 0.0008999974350 0.2652318980 5.849102538 23.26976172 20.78343058 37.37330663 63.16113479 85.12940859 148.0784305 152.3826604 212.6212916 323.3697318 377.0770400 394.4841495 473.8075494 543.0065619 625.0477312 658.8795306 687.0273329 771.5166644 810.8532350 884.0365763 943.0948037 1068.700339 1151.682461 1367.576401 1556.591012 1618.782028 1986.096963 2186.348171 2499.676704 2592.195121 3089.059166 3417.705026 3564.018552 3681.006361 4312.289952 204578.9715 197463.9672 278338.1914 341811.9346 379251.2100 415540.9852 437149.1163 470489.3576 482079.7433 556572.6476 577125.3969 692926.9492 755443.8046 795702.9411 942695.9452 1103946.509 1269501.278 1381666.571 1480628.240 1636222.603 1916273.705 2006510.201 2366108.228 2427983.944 2616735.462
      sorted:	 0.0008999974350 0.006404473682 0.2652318980 5.849102538 20.78343058 23.26976172 37.37330663 63.16113479 85.12940859 148.0784305 152.3826604 212.6212916 323.3697318 377.0770400 394.4841495 473.8075494 543.0065619 625.0477312 658.8795306 687.0273329 771.5166644 810.8532350 884.0365763 943.0948037 1068.700339 1151.682461 1367.576401 1556.591012 1618.782028 1986.096963 2186.348171 2499.676704 2592.195121 3089.059166 3417.705026 3564.018552 3681.006361 4312.289952 197463.9672 204578.9715 278338.1914 341811.9346 379251.2100 415540.9852 437149.1163 470489.3576 482079.7433 556572.6476 577125.3969 692926.9492 755443.8046 795702.9411 942695.9452 1103946.509 1269501.278 1381666.571 1480628.240 1636222.603 1916273.705 2006510.201 2366108.228 2427983.944 2616735.462
