years
 1997 1998 1999 2000 2001 2002 2003 2004 2005 2006 2007 2008 2009 2010 2011 2012 2013 2014 2015 2016 2017 2018 2019 2020
reclasobs
 0 0 0 370054 412103 1.49427e+06 250295 1.28982e+06 931140 785840 897777 1.04006e+06 184774 17550 25797 100020 73551 82996 120727 218422 84188 347160 605670 569463
reclaspred
 740552 192370 573462 177880 185433 223006 357130 413510 483487 1.14823e+06 1.43959e+06 870220 443869 204925 130283 114323 115010 138814 110693 166665 380211 373581 469733 279597
pelacesobs
 0 0 0 0 0 0 0 0 0 2.06254e+06 1.5e+06 0 1.87456e+06 323000 250000 174000 83755 137374 0 501740 490994 745055 786931 1.00524e+06
pelacespred
 308919 126810 150175 125746 111669 85210.7 159881 225136 241584 652720 738788 459433 244258 88943.5 54307.5 54150.3 56667.9 68069.4 56146.5 82749.2 207487 220908 211847 145449
mphobs
 0 0 0 0 0 112323 0 153150 637223 0 255016 313432 73983 77613 109348 50772 0 0 0 0 0 0 0 0
mphpred
 637283 200828 383255 243334 126693 218972 234750 293274 450727 566208 1.48728e+06 960357 492636 271535 123364 100940 96264.9 112880 114830 97026.7 249765 368261 373032 327472
desembarqueobs
 350755 77701 442110 56441 14545 235359 269955 359681 431902 328805 639364 411747 362871 311530 167758 66681 60226 58785 57116 71774 51957 67425 138520 160799
desembarquepred
 350630 77658 441541 56425.7 14561.8 235141 270182 359007 431600 328612 638339 411070 361744 310840 167554 66698.5 60244.8 58750.6 57082.9 71665.5 51922.5 67406.4 138609 160883
Reclutas
 2423.93 90604.8 467.937 1430.12 33934 28272 30343.2 93981.9 57821.8 299189 29659.9 11344.7 56047.9 28125.8 18852.9 13061.9 10568.3 9836.6 4592.87 31469.4 39582.1 27164.7 28437.8 3353.27
log_desv_Rt
 -2.00685 1.61426 -3.65167 -2.53449 0.632173 0.449626 0.520329 1.65086 1.16512 2.80883 0.49755 -0.463497 1.13396 0.444442 0.0444241 -0.322547 -0.534386 -0.606135 -1.36774 0.556772 0.786131 0.409673 0.455473 -1.68231
SSB
 637283 200828 383255 243334 126693 218972 234750 293274 450727 566208 1.48728e+06 960357 492636 271535 123364 100940 96264.9 112880 114830 97026.7 249765 368261 373032 327472
BT
 831706 380252 486205 293067 299783 358258 649907 1.01311e+06 1.00345e+06 2.29639e+06 1.95673e+06 1.22265e+06 931018 492793 277396 175221 182386 201969 159916 290278 567297 494349 522926 413278
Ftot
 0.448586 0.388462 0.7098 0.304336 0.0766831 0.954662 0.706747 0.814106 0.824534 0.277214 0.421441 0.447711 0.755814 1.31576 1.14971 0.550553 0.497113 0.404231 0.487756 0.41278 0.13291 0.174957 0.2839 0.540494
BD_Bspro_t
 0.931181 0.628358 0.65072 0.35451 0.325505 0.509914 0.384819 0.411013 0.458382 0.471549 0.660691 0.479872 0.334458 0.251069 0.151576 0.149482 0.187885 0.276251 0.329855 0.353979 0.600602 0.732586 0.703829 0.602366
BD_Bspro
 1.71766 0.541288 1.03298 0.655852 0.341473 0.590192 0.632717 0.790456 1.21483 1.52609 4.00865 2.58843 1.32779 0.731861 0.3325 0.272062 0.259461 0.304244 0.3095 0.261514 0.673186 0.992567 1.00542 0.882627
BD_Bo
 0.744682 0.234673 0.447844 0.284342 0.148044 0.255875 0.274312 0.342699 0.526686 0.661629 1.73793 1.1222 0.575658 0.317295 0.144154 0.117951 0.112488 0.131904 0.134182 0.113378 0.291857 0.430323 0.435898 0.382659
BD_Brms
 3.62571 1.14258 2.18047 1.3844 0.720798 1.24581 1.33557 1.66853 2.56433 3.22134 8.46165 5.46378 2.80277 1.54485 0.701858 0.574282 0.547682 0.642214 0.653308 0.552017 1.42099 2.09516 2.1223 1.86309
S_f
 0.5 1 1 1 1
 0.5 1 1 1 1
 0.5 1 1 1 1
 0.5 1 1 1 1
 0.5 1 1 1 1
 0.5 1 1 1 1
 0.5 1 1 1 1
 0.5 1 1 1 1
 0.5 1 1 1 1
 0.5 1 1 1 1
 0.5 1 1 1 1
 0.5 1 1 1 1
 0.5 1 1 1 1
 0.5 1 1 1 1
 0.5 1 1 1 1
 0.5 1 1 1 1
 0.5 1 1 1 1
 0.5 1 1 1 1
 0.5 1 1 1 1
 0.5 1 1 1 1
 0.5 1 1 1 1
 0.5 1 1 1 1
 0.5 1 1 1 1
 0.5 1 1 1 1
Scru_reclas
 0.5 1 1 1 1
 0.5 1 1 1 1
 0.5 1 1 1 1
 0.5 1 1 1 1
 0.5 1 1 1 1
 0.5 1 1 1 1
 0.5 1 1 1 1
 0.5 1 1 1 1
 0.5 1 1 1 1
 0.5 1 1 1 1
 0.5 1 1 1 1
 0.5 1 1 1 1
 0.5 1 1 1 1
 0.5 1 1 1 1
 0.5 1 1 1 1
 0.5 1 1 1 1
 0.5 1 1 1 1
 0.5 1 1 1 1
 0.5 1 1 1 1
 0.5 1 1 1 1
 0.5 1 1 1 1
 0.5 1 1 1 1
 0.5 1 1 1 1
 0.5 1 1 1 1
Scru_pelaces
 0.5 1 1 1 1
 0.5 1 1 1 1
 0.5 1 1 1 1
 0.5 1 1 1 1
 0.5 1 1 1 1
 0.5 1 1 1 1
 0.5 1 1 1 1
 0.5 1 1 1 1
 0.5 1 1 1 1
 0.5 1 1 1 1
 0.5 1 1 1 1
 0.5 1 1 1 1
 0.5 1 1 1 1
 0.5 1 1 1 1
 0.5 1 1 1 1
 0.5 1 1 1 1
 0.5 1 1 1 1
 0.5 1 1 1 1
 0.5 1 1 1 1
 0.5 1 1 1 1
 0.5 1 1 1 1
 0.5 1 1 1 1
 0.5 1 1 1 1
 0.5 1 1 1 1
pf_obs 
 0.256992 0.487395 0.22802 0.0275931 0
 0.321318 0.546541 0.124235 0.00734118 0.000564706
 0.182869 0.594174 0.210203 0.0122559 0.00049798
 0.330522 0.361315 0.267642 0.0388342 0.00168674
 0.649043 0.306663 0.0425973 0.00169635 0
 0.582887 0.30429 0.105238 0.00758474 0
 0.465427 0.430635 0.0974691 0.00646863 0
 0.296916 0.608066 0.0921331 0.00288517 0
 0.311714 0.524322 0.152257 0.0117073 0
 0.15457 0.633149 0.183074 0.0267441 0.00246327
 0.131901 0.49318 0.331252 0.0422183 0.00144891
 0.196976 0.569456 0.194076 0.0375587 0.00193317
 0.518974 0.381816 0.0799577 0.0180837 0.00116848
 0.0928022 0.601141 0.25162 0.0475244 0.00691264
 0.122501 0.610282 0.24278 0.0234846 0.000952079
 0.383417 0.481906 0.127806 0.00687128 0
 0.0376549 0.599619 0.316969 0.0457579 0
 0.0361596 0.667082 0.258105 0.0386534 0
 0.158088 0.579412 0.248529 0.0139706 0
 0.0477256 0.309471 0.559284 0.082774 0.000745712
 0.0406174 0.521527 0.379366 0.0568643 0.0016247
 0.151134 0.462217 0.34131 0.0453401 0
 0.294876 0.26143 0.354403 0.0886775 0.000613685
 0.281977 0.475581 0.204845 0.0348837 0.00271318
pf_pred 
 0.0587883 0.47382 0.235292 0.116843 0.115257
 0.864307 0.0169173 0.0597936 0.0296926 0.0292898
 0.00675494 0.928164 0.00811383 0.028678 0.0282889
 0.0719013 0.0153618 0.852931 0.00745616 0.0523494
 0.803636 0.0284086 0.00277998 0.154353 0.0108229
 0.483478 0.461359 0.00798055 0.000780952 0.0464012
 0.589255 0.293715 0.104531 0.00180817 0.0106902
 0.802612 0.153976 0.0310435 0.0110481 0.00132098
 0.499639 0.456501 0.034214 0.00689797 0.00274846
 0.85724 0.102712 0.0365378 0.00273845 0.000772089
 0.104137 0.831896 0.0460222 0.0163715 0.00157297
 0.0979724 0.187769 0.663259 0.0366929 0.0143069
 0.589317 0.0815071 0.0685224 0.242043 0.0186113
 0.423377 0.451384 0.0248559 0.0208962 0.0794874
 0.527372 0.326243 0.114592 0.00631011 0.0254841
 0.513788 0.37035 0.0799766 0.0280915 0.00779418
 0.458786 0.385992 0.118233 0.0255323 0.0114564
 0.464115 0.354969 0.129029 0.0395228 0.0123645
 0.296045 0.4652 0.15815 0.0574865 0.0231175
 0.825372 0.0860105 0.0585617 0.0199087 0.0101468
 0.594305 0.370905 0.0171357 0.0116671 0.00598791
 0.365953 0.477186 0.143409 0.00662547 0.00682628
 0.401138 0.328275 0.203644 0.0612015 0.00574069
 0.0830385 0.543242 0.20486 0.127084 0.0417753
pobs_RECLAS
 0 0 0 0 0
 0 0 0 0 0
 0 0 0 0 0
 0 0 0 0 0
 0.835266 0.146461 0.0176864 0.000547809 3.91292e-05
 0.385257 0.428462 0.181853 0.0044286 0
 0.867414 0.0963971 0.0333333 0.00285562 0
 0.441836 0.489002 0.0689373 0.000224442 0
 0.779404 0.147425 0.0564933 0.0165055 0.000172143
 0.814271 0.122319 0.05973 0.00367925 0
 0.40263 0.566651 0.0304383 0.000280538 0
 0.475488 0.404961 0.113038 0.00651328 0
 0.955842 0.0263864 0.0167828 0.000988607 0
 0.975058 0.0227948 0.00214734 0 0
 0.738997 0.206755 0.0527124 0.00153531 0
 0.850938 0.134255 0.0134407 0.00136685 0
 0.542534 0.407297 0.0501686 0 0
 0.764087 0.199537 0.0359546 0.000420521 0
 0.470689 0.182191 0.310203 0.0369168 0
 0.84361 0.089868 0.0606195 0.00523954 0.000663233
 0.607945 0.314616 0.071237 0.00620181 0
 0.523733 0.453247 0.0230204 0 0
 0.530135 0.295979 0.169645 0.0042399 0
 0.562478 0.366248 0.0663022 0.0049721 0
ppred_RECLAS
 0.0598502 0.473285 0.235027 0.116711 0.115127
 0.866148 0.0166878 0.0589824 0.0292898 0.0288924
 0.00699761 0.927938 0.00811185 0.028671 0.028282
 0.0726795 0.0153489 0.852216 0.0074499 0.0523055
 0.804014 0.0283539 0.00277463 0.154056 0.010802
 0.497093 0.449198 0.0077702 0.000760368 0.0451782
 0.597777 0.287621 0.102362 0.00177066 0.0104684
 0.809367 0.148706 0.029981 0.01067 0.00127577
 0.510639 0.446465 0.0334618 0.00674632 0.00268804
 0.858501 0.101805 0.036215 0.00271425 0.000765268
 0.105785 0.830366 0.0459376 0.0163414 0.00157007
 0.0996627 0.187417 0.662016 0.0366241 0.0142801
 0.598685 0.0796478 0.0669593 0.236521 0.0181867
 0.44505 0.434418 0.0239217 0.0201108 0.0764998
 0.545244 0.313906 0.110258 0.00607149 0.0245204
 0.520033 0.365593 0.0789493 0.0277306 0.00769406
 0.464204 0.382128 0.11705 0.0252767 0.0113417
 0.46825 0.35223 0.128033 0.0392178 0.0122691
 0.300495 0.46226 0.157151 0.0571232 0.0229714
 0.827819 0.0848052 0.0577411 0.0196297 0.0100046
 0.595361 0.369939 0.0170911 0.0116368 0.00597233
 0.367344 0.476139 0.143095 0.00661094 0.0068113
 0.4037 0.326871 0.202773 0.0609398 0.00571613
 0.0849149 0.54213 0.204441 0.126824 0.0416898
pobs_PELACES
 0 0 0 0 0
 0 0 0 0 0
 0 0 0 0 0
 0 0 0 0 0
 0 0 0 0 0
 0 0 0 0 0
 0 0 0 0 0
 0 0 0 0 0
 0 0 0 0 0
 0 0 0 0 0
 0.450072 0.473896 0.0757376 0.000293798 0
 0 0 0 0 0
 0.463077 0.371075 0.160297 0.00555027 0
 0.529543 0.364841 0.0842815 0.0213345 0
 0.631943 0.363953 0.00410389 0 0
 0.735681 0.248677 0.0153453 0.000297389 0
 0.695825 0.281241 0.0229344 0 0
 0.275771 0.60734 0.115278 0.00161068 0
 0 0 0 0 0
 0.896147 0.0623911 0.0374545 0.00400742 0
 0.803859 0.145111 0.0509908 3.86294e-05 0
 0.739449 0.233085 0.0266225 0.000797448 4.60066e-05
 0.878498 0.100942 0.0204185 0.000141795 0
 0.694673 0.275183 0.0284847 0.00165964 0
ppred_PELACES
 0.0641532 0.471119 0.233951 0.116177 0.1146
 0.873406 0.0157829 0.055784 0.0277015 0.0273257
 0.00786024 0.927131 0.0081048 0.0286461 0.0282575
 0.0761374 0.0152916 0.849038 0.00742212 0.0521105
 0.806 0.0280666 0.00274651 0.152495 0.0106926
 0.536408 0.414082 0.00716275 0.000700925 0.0416463
 0.625469 0.26782 0.0953151 0.00164875 0.00974767
 0.829237 0.133206 0.026856 0.00955786 0.00114279
 0.544534 0.415541 0.0311441 0.00627904 0.00250186
 0.863967 0.0978721 0.0348161 0.00260941 0.000735707
 0.112545 0.824088 0.0455903 0.0162178 0.0015582
 0.10649 0.185996 0.656996 0.0363464 0.0141718
 0.628246 0.073781 0.0620271 0.219099 0.0168471
 0.499102 0.392105 0.0215917 0.018152 0.0690487
 0.591743 0.281809 0.0989844 0.00545068 0.0220132
 0.54265 0.348365 0.075229 0.0264239 0.0073315
 0.484653 0.367544 0.112582 0.024312 0.0109088
 0.484886 0.34121 0.124028 0.0379909 0.0118853
 0.317678 0.450905 0.15329 0.05572 0.0224071
 0.837312 0.0801299 0.0545579 0.0185476 0.00945309
 0.600633 0.365119 0.0168684 0.0114852 0.00589452
 0.374078 0.471071 0.141571 0.00654057 0.0067388
 0.415025 0.320663 0.198922 0.0597823 0.00560757
 0.0921061 0.53787 0.202834 0.125828 0.0413622
pobs_pel_tallas
 0 0 0 0 0 0 0 0 0 0 0 0 0 0 0 0 0 0 0 0 0 0 0 0 0 0 0 0 0 0 0 0 0 0 0 0
 0 0 0 0 0 0 0 0 0 0 0 0 0 0 0 0 0 0 0 0 0 0 0 0 0 0 0 0 0 0 0 0 0 0 0 0
 0 0 0 0 0 0 0 0 0 0 0 0 0 0 0 0 0 0 0 0 0 0 0 0 0 0 0 0 0 0 0 0 0 0 0 0
 0 0 0 0 0 0 0 0 0 0 0 0 0 0 0 0 0 0 0 0 0 0 0 0 0 0 0 0 0 0 0 0 0 0 0 0
 0 0 0 0 0 0 0 0 0 0 0 0 0 0 0 0 0 0 0 0 0 0 0 0 0 0 0 0 0 0 0 0 0 0 0 0
 0 0 0 0 0 0 0 0 0 0 0 0 0 0 0 0 0 0 0 0 0 0 0 0 0 0 0 0 0 0 0 0 0 0 0 0
 0 0 0 0 0 0 0 0 0 0 0 0 0 0 0 0 0 0 0 0 0 0 0 0 0 0 0 0 0 0 0 0 0 0 0 0
 0 0 0 0 0 0 0 0 0 0 0 0 0 0 0 0 0 0 0 0 0 0 0 0 0 0 0 0 0 0 0 0 0 0 0 0
 0 0 0 0 0 0 0 0 0 0 0 0 0 0 0 0 0 0 0 0 0 0 0 0 0 0 0 0 0 0 0 0 0 0 0 0
 0 0 0 0 0 0 0 0 0 0 0 0 0 0 0 0 0 0 0 0 0 0 0 0 0 0 0 0 0 0 0 0 0 0 0 0
 0 0 0 0 0 0 0 0 1.78061e-05 0.00172719 0.00360574 0.0105946 0.0120993 0.0124554 0.0147524 0.0171206 0.0266825 0.0428682 0.0675386 0.121331 0.153587 0.119568 0.100827 0.0573624 0.0630603 0.0341343 0.0324427 0.0444173 0.0211091 0.0280891 0.0125444 0.00206551 0 0 0 0
 0 0 0 0 0 0 0 0 0 0 0 0 0 0 0 0 0 0 0 0 0 0 0 0 0 0 0 0 0 0 0 0 0 0 0 0
 0 0 0 0 0 0 0.0133647 0.0140871 0.0187388 0.0205184 0.03894 0.0496705 0.03968 0.0493445 0.0407372 0.0367815 0.0215668 0.0243155 0.0234873 0.0199281 0.019796 0.0243948 0.0301388 0.0376714 0.0412746 0.0863199 0.0771752 0.113111 0.0741005 0.0525337 0.0229764 0.00759418 0.00175318 0 0 0
 0 0 0 0 0 0 0 0 0 0 0.00219441 0.00772107 0.0458388 0.0604681 0.0671733 0.0775358 0.0609151 0.0617685 0.073594 0.0568108 0.0755445 0.0548602 0.0670107 0.0636378 0.0643287 0.046367 0.0373049 0.0286899 0.0247887 0.0153202 0.00654259 0.00121912 0.000365735 0 0 0
 0 0 0 0 0 0 0 0 0 0 0 0 0.000112435 0.00938835 0.0111873 0.0202946 0.0414886 0.0713402 0.111592 0.104902 0.108894 0.110636 0.117776 0.105296 0.107544 0.0401394 0.0192827 0.0124803 0.00416011 0.0028671 0.000618394 0 0 0 0 0
 0 0 0 0 0 0 0 0 0 0 0.00291406 0.0102884 0.027416 0.0768956 0.0749926 0.110853 0.0956884 0.0897413 0.0766577 0.0534642 0.0500743 0.0551293 0.0594112 0.0620874 0.0668451 0.0424026 0.0208742 0.0120726 0.0048766 0.00582813 0.00118941 0.000297354 0 0 0 0
 0 0.00264628 0.0354308 0.0461629 0.0458689 0.0383711 0.0214643 0.0164657 0.0346957 0.0420465 0.0363128 0.0245516 0.0311673 0.0291091 0.0169068 0.0133784 0.00837989 0.0085269 0.0148486 0.0160247 0.0276389 0.0546898 0.0760071 0.122758 0.109233 0.0665981 0.0333725 0.0166128 0.00676272 0.00308733 0.000882094 0 0 0 0 0
 0 0 0 0 0 0 0 0.000805153 0.000690131 0.00759144 0.0133425 0.0154129 0.00931677 0.000345066 0.00356568 0.00563607 0.00851162 0.0253048 0.0502646 0.0516448 0.0657925 0.0565908 0.0611916 0.0827007 0.0866115 0.110766 0.145733 0.0935128 0.0569358 0.0249597 0.0138026 0.00621118 0.00161031 0.00115022 0 0
 0 0 0 0 0 0 0 0 0 0 0 0 0 0 0 0 0 0 0 0 0 0 0 0 0 0 0 0 0 0 0 0 0 0 0 0
 0.00147267 0.00158595 0.00478618 0.00569244 0.00954404 0.0108468 0.00647125 0.017049 0.0510054 0.094081 0.124002 0.0959785 0.0687766 0.0820023 0.061753 0.0591476 0.0492212 0.0479892 0.0443925 0.0268479 0.0217502 0.0140895 0.0121071 0.0120363 0.00920419 0.00665534 0.0049561 0.00860946 0.00930331 0.0156896 0.0114698 0.00855282 0.00243557 0.00046729 0 2.83206e-05
 0 0 0 0 0.000772559 0.00158375 0.000888443 0.00281984 0.00712685 0.0440552 0.0773331 0.111326 0.0921469 0.0852325 0.0710754 0.0886704 0.0786465 0.0553345 0.0373146 0.0185414 0.00753245 0.00457741 0.012979 0.0271748 0.0457355 0.0583668 0.034881 0.0177882 0.00938659 0.00492506 0.0015258 0.00185414 0.000309023 5.79419e-05 3.86279e-05 0
 0 0.00173294 0.00326652 0 0.00397197 0.00683976 0.00946217 0.0152591 0.00757587 0.0136028 0.0228656 0.0392903 0.0559909 0.0764795 0.0681675 0.0726916 0.0566044 0.0477403 0.0527397 0.0444891 0.0609904 0.0582453 0.0661739 0.0445044 0.0529084 0.0360697 0.0280645 0.0235558 0.0158879 0.00826598 0.00280645 0.00217768 0.000904811 0.00058276 9.20147e-05 0
 0 0 0 0 0 0 0 0 0 0 0 0 0 0 0 0 0 0 0 0 0 0 0 0 0 0 0 0 0 0 0 0 0 0 0 0
 0 0 0 0 0 0 0 0 0 0 0 0 0 0 0 0 0 0 0 0 0 0 0 0 0 0 0 0 0 0 0 0 0 0 0 0
ppred_pel_tallas
 1.12822e-16 2.82932e-06 1.65282e-05 7.84074e-05 0.000301605 0.000940278 0.00237556 0.00486457 0.0080783 0.0108936 0.0119723 0.0108409 0.00837298 0.00612557 0.00529615 0.00631024 0.00910434 0.0135141 0.019397 0.0265478 0.0345922 0.0429585 0.0509402 0.0578231 0.0630314 0.0662395 0.0674174 0.0667891 0.0647321 0.0616551 0.0578998 0.0536952 0.049166 0.0443763 0.0393821 0.0342688
 1.03026e-16 3.80979e-05 0.000223628 0.00106308 0.00409299 0.0127637 0.0322398 0.0659656 0.10934 0.146824 0.15973 0.14079 0.100557 0.058231 0.0274124 0.0106342 0.00366254 0.00155146 0.00130306 0.00167683 0.00229444 0.00306346 0.00395422 0.00493937 0.00598254 0.00703794 0.00805208 0.0089664 0.00972098 0.0102599 0.0105379 0.010527 0.0102224 0.00964436 0.00883682 0.00786152
 1.02722e-16 3.92877e-07 2.18288e-06 1.01168e-05 3.85146e-05 0.000119728 0.000303467 0.000628235 0.00106897 0.001519 0.00187285 0.00217491 0.00269736 0.00387433 0.0061754 0.0100286 0.0157888 0.0236769 0.0336614 0.0453266 0.0578036 0.0698216 0.0799009 0.0866523 0.0891022 0.0869335 0.0805668 0.0710422 0.0597547 0.0481273 0.0373294 0.0281116 0.0207792 0.0152739 0.0113117 0.00852135
 1.14748e-16 3.33528e-06 1.95359e-05 9.27891e-05 0.000357118 0.00111349 0.00281256 0.00575554 0.00954343 0.0128259 0.0139819 0.0123927 0.00900396 0.00553165 0.00322691 0.0024066 0.00283341 0.00424436 0.00657562 0.00992755 0.0144556 0.0202776 0.0274052 0.0356925 0.044805 0.0542168 0.063246 0.0711281 0.0771202 0.0806165 0.0812499 0.0789565 0.0739883 0.0668665 0.0582927 0.0490344
 1.05788e-16 3.51589e-05 0.000206373 0.000981045 0.00377714 0.0117787 0.0297519 0.0608752 0.100903 0.135496 0.14741 0.129939 0.0928251 0.0537913 0.0253937 0.00997739 0.00364409 0.00183781 0.00179882 0.0023863 0.00325184 0.00430829 0.0055257 0.00687769 0.00833211 0.00984958 0.0113815 0.0128667 0.0142295 0.0153818 0.0162303 0.0166902 0.0167002 0.016236 0.0153184 0.0140124
 1.02207e-16 2.34193e-05 0.000137415 0.000653131 0.00251446 0.00784099 0.0198061 0.0405281 0.0671884 0.090258 0.0982869 0.0868583 0.0625297 0.0372057 0.0193871 0.0108023 0.00901653 0.0111001 0.0152001 0.0203676 0.0259821 0.0314244 0.0360274 0.0391721 0.0404243 0.0396408 0.0370045 0.0329715 0.0281532 0.023171 0.0185321 0.0145573 0.0113711 0.00893969 0.00713376 0.00579068
 1.01953e-16 2.72971e-05 0.000160194 0.000761453 0.00293157 0.00914178 0.0230915 0.0472494 0.078325 0.1052 0.114509 0.101078 0.072515 0.0426427 0.0212989 0.0104127 0.00706539 0.00779343 0.0104542 0.0140525 0.0180806 0.0221198 0.0257327 0.0285011 0.0301087 0.0304083 0.0294497 0.0274537 0.0247472 0.0216813 0.0185604 0.0156012 0.0129246 0.0105735 0.00854235 0.00680427
 1.00807e-16 3.61767e-05 0.000212338 0.00100938 0.0038862 0.0121188 0.030611 0.0626338 0.103821 0.139423 0.151705 0.13378 0.0956878 0.0556901 0.0267391 0.0112862 0.00535421 0.00427067 0.00517557 0.00682422 0.00873081 0.0106307 0.0122966 0.0135227 0.0141588 0.0141429 0.0135135 0.0123955 0.0109649 0.00940625 0.00787528 0.00647755 0.00526494 0.00424599 0.00340274 0.00270685
 1.00911e-16 2.37738e-05 0.000139496 0.000663023 0.00255254 0.00795976 0.020106 0.0411419 0.0682059 0.0916246 0.0997741 0.0881706 0.06347 0.0377566 0.0196587 0.0109296 0.00909681 0.011186 0.0153173 0.0205295 0.0261958 0.0316908 0.0363384 0.0395077 0.0407512 0.0399117 0.0371606 0.0329477 0.0278854 0.0226054 0.0176339 0.0133185 0.00981445 0.00711816 0.00512525 0.00368883
 1.00651e-16 3.76897e-05 0.000221224 0.00105163 0.00404889 0.0126261 0.0318925 0.0652555 0.108165 0.145253 0.15804 0.139343 0.0996173 0.0578766 0.027601 0.011327 0.00489411 0.00342314 0.0039353 0.00515228 0.00660662 0.00807863 0.00939597 0.0104039 0.0109863 0.0110893 0.0107308 0.00999174 0.00899173 0.00785957 0.00670724 0.0056147 0.00462707 0.0037609 0.00301481 0.00237937
 1.01546e-16 4.95363e-06 2.89676e-05 0.000137474 0.000528907 0.00164902 0.0041662 0.00853091 0.0141648 0.0190951 0.0209693 0.0189486 0.0145503 0.0104809 0.00880157 0.0101994 0.0144788 0.0212396 0.0300931 0.0405213 0.051707 0.0625086 0.0716033 0.0777451 0.0800524 0.0782231 0.0726095 0.0641169 0.0539732 0.0434416 0.0335722 0.0250551 0.018193 0.0129695 0.00916515 0.00647517
 1.11298e-16 4.66527e-06 2.73295e-05 0.000129809 0.000499598 0.00155777 0.00393496 0.00805326 0.0133563 0.017959 0.0196008 0.0174274 0.0127783 0.00807589 0.00509352 0.00428951 0.00532212 0.00776679 0.0114082 0.0161788 0.0220139 0.0287596 0.036144 0.0437913 0.0512572 0.0580738 0.063791 0.068013 0.0704288 0.070841 0.0691909 0.0655777 0.0602622 0.053645 0.0462226 0.0385236
 1.09221e-16 2.74099e-05 0.000160875 0.000764733 0.00294427 0.00918144 0.0231915 0.0474524 0.0786561 0.105628 0.114931 0.101347 0.0724819 0.0421695 0.0202245 0.00850998 0.00402692 0.00326271 0.00409581 0.00564894 0.0076382 0.00995698 0.0125207 0.0152338 0.0179931 0.0206959 0.0232416 0.025529 0.0274504 0.0288911 0.0297368 0.0298907 0.0292953 0.0279502 0.0259236 0.0233466
 1.04285e-16 2.17916e-05 0.000127862 0.000607717 0.00233961 0.00729574 0.0184288 0.0377099 0.0625167 0.0839833 0.0914567 0.0808287 0.0582031 0.03466 0.0181143 0.010181 0.00860347 0.0106656 0.0146535 0.0196933 0.0252144 0.0306441 0.0353607 0.0387824 0.0404945 0.0403475 0.0384894 0.0353165 0.0313646 0.0271761 0.0231877 0.0196685 0.0167149 0.0142905 0.0122851 0.0105722
 1.02713e-16 2.5827e-05 0.000151562 0.000720413 0.00277356 0.00864901 0.0218469 0.0447028 0.0741044 0.099534 0.108349 0.0956579 0.0686636 0.0404533 0.0203454 0.0101794 0.0072081 0.00816615 0.0110304 0.0148514 0.0191275 0.0234281 0.0272972 0.0302978 0.0320981 0.0325429 0.0316814 0.0297401 0.0270543 0.0239827 0.0208339 0.0178243 0.0150718 0.0126155 0.0104479 0.00854355
 1.02432e-16 2.3689e-05 0.000139004 0.000660698 0.00254361 0.00793193 0.0200357 0.0409974 0.0679646 0.0912952 0.0994016 0.0878084 0.0631378 0.0374161 0.0192215 0.0102787 0.00810473 0.00972855 0.0132915 0.0178808 0.0229493 0.0279775 0.0324031 0.0356928 0.0374525 0.0375167 0.0359809 0.033164 0.0295187 0.0255199 0.0215682 0.0179351 0.0147548 0.0120507 0.00977989 0.00787432
 1.03063e-16 2.11609e-05 0.00012416 0.000590124 0.00227188 0.00708452 0.0178952 0.0366181 0.0607065 0.0815511 0.088807 0.0784845 0.05651 0.0336424 0.0175672 0.0098544 0.00831681 0.0103257 0.014231 0.0192041 0.0247143 0.0302274 0.0351533 0.0389242 0.0411124 0.0415231 0.0402315 0.0375452 0.033914 0.0298163 0.0256621 0.0217363 0.0181911 0.0150717 0.0123596 0.0100117
 1.03733e-16 2.117e-05 0.000124216 0.000590394 0.00227293 0.00708781 0.0179035 0.0366348 0.0607335 0.0815852 0.0888384 0.0784987 0.0564908 0.0335721 0.0174234 0.00960594 0.0079233 0.00974196 0.0134164 0.0181351 0.0233979 0.028712 0.0335328 0.037332 0.039705 0.0404564 0.039634 0.0374966 0.0344328 0.0308595 0.0271359 0.0235143 0.0201347 0.0170489 0.0142586 0.0117491
 1.05285e-16 1.38834e-05 8.14272e-05 0.000386948 0.00148957 0.00464491 0.0117331 0.0240106 0.039812 0.0535022 0.0583152 0.0516624 0.0374711 0.022857 0.0129435 0.00886193 0.00928231 0.0125612 0.0176402 0.0239111 0.0308567 0.0378606 0.0442113 0.049215 0.0523414 0.0533375 0.0522712 0.0494882 0.0455029 0.0408644 0.0360416 0.0313598 0.0269938 0.0230017 0.0193775 0.0160958
 1.0188e-16 3.65267e-05 0.000214398 0.00101918 0.00392396 0.0122365 0.0309084 0.0632418 0.104827 0.14077 0.153159 0.135034 0.0965236 0.0560535 0.0266843 0.0108715 0.00458175 0.0030891 0.00351523 0.00463754 0.00602685 0.00749934 0.00891707 0.0101522 0.0111002 0.0116975 0.0119299 0.0118274 0.0114484 0.0108606 0.0101251 0.00928891 0.00838493 0.00743771 0.00647002 0.00550703
 1.01029e-16 2.62178e-05 0.00015385 0.000731272 0.00281534 0.00877928 0.022176 0.0453768 0.0752238 0.101044 0.110009 0.0971614 0.069826 0.0413046 0.0210788 0.011041 0.00842284 0.00991541 0.0134437 0.0179866 0.0229389 0.0277386 0.0317909 0.0345442 0.0356091 0.0348528 0.0324311 0.0287435 0.0243307 0.0197474 0.0154525 0.0117451 0.00875318 0.00646455 0.00477946 0.00356301
 1.02703e-16 1.63436e-05 9.58688e-05 0.000455601 0.00175389 0.00546919 0.0138152 0.0282708 0.0468738 0.0629861 0.0686358 0.0607665 0.0439892 0.0266629 0.0147925 0.00967582 0.00970968 0.0129259 0.018058 0.0243931 0.031353 0.0382718 0.0443914 0.0489816 0.0514948 0.0516884 0.0496715 0.0458579 0.0408487 0.0352842 0.0297158 0.024531 0.0199388 0.0160018 0.0126901 0.00993283
 1.05245e-16 1.81231e-05 0.000106329 0.000505362 0.00194554 0.00606686 0.0153246 0.0313582 0.0519871 0.0698396 0.0760584 0.0672296 0.0484324 0.0288872 0.015186 0.00868852 0.00754217 0.00952108 0.013241 0.0180213 0.0234327 0.0290337 0.0343186 0.0387803 0.0420064 0.0437591 0.0440102 0.0429181 0.0407631 0.0378649 0.0345135 0.0309314 0.0272706 0.0236316 0.0200901 0.0167162
 1.09311e-16 4.05097e-06 2.3694e-05 0.000112461 0.000432696 0.00134906 0.00340819 0.00697789 0.0115829 0.015605 0.0171117 0.015404 0.0117041 0.00819955 0.00654338 0.00726447 0.0101822 0.0149798 0.0214016 0.0291539 0.0377671 0.0465554 0.05469 0.0613501 0.065896 0.0680017 0.0677071 0.0653663 0.0615245 0.0567638 0.0515773 0.0463017 0.0411175 0.0360932 0.0312477 0.0265998
pSPR Fmed_Fpbrs
0.465361   0.255389 0.255389
Fs Fmed_Fpbrs
0.455048   1.005 1.005
SSBpbr Bo_Bmed_Bpbrs
855778  355457  175768 175768
Ro
18033.7
SPR SPRFo_SPRFmed_SPRFpbrs
371019 172658 94754.3
log_Ro
9.62
likeval ReclasPelacesDesembMPH_pf_preclas_ppelaces_ptallas_desvR_qrecl_qpela
 110.465 127.268 0.175584 0.000550033 394.978 201.327 100.123 0 66.5909 0 0 0 0 0 0
q_reclas_q_pelaces
1 1
M
0.7
N
 2423.93 10721.4 5324.11 2643.87 2608.01
 90604.8 961.846 3399.6 1688.19 1665.29
 467.937 37050.3 323.886 1144.76 1129.23
 1430.12 162.948 9047.39 79.0904 555.291
 33934 609.931 59.686 3313.95 232.366
 28272 16217.3 280.525 27.4513 1631.05
 30343.2 8710.59 3100.04 53.6242 317.034
 93981.9 10582.5 2133.56 759.319 90.7885
 57821.8 31064 2328.2 469.394 187.028
 299189 19012.5 6763.33 506.901 142.918
 29659.9 129343 7155.52 2545.43 244.564
 11344.7 11930.2 42141.2 2331.34 909.009
 56047.9 4503.67 3786.2 13374 1028.36
 28125.8 19073.5 1050.3 882.981 3358.79
 18852.9 7234.11 2540.95 139.92 565.085
 13061.9 5268.87 1137.81 399.65 110.886
 10568.3 4925.47 1508.72 325.806 146.19
 9836.6 4093.1 1487.81 455.732 142.574
 4592.87 3990.81 1356.72 493.159 198.318
 31469.4 1787.16 1216.82 413.671 210.835
 39582.1 12713 587.339 399.9 205.24
 27164.7 18392.1 5527.4 255.365 263.104
 28437.8 12359.7 7667.29 2304.26 216.139
 3353.27 12253 4620.67 2866.42 942.252
pred_Ctot
 354.797 2859.58 1420.02 705.163 695.597
 11632.3 227.682 804.732 399.618 394.197
 102.607 14098.8 123.249 435.617 429.708
 146.458 31.2908 1737.36 15.1876 106.632
 920.018 32.5227 3.18258 176.706 12.3902
 7930.86 7568.02 130.911 12.8105 761.154
 6629.11 3304.29 1175.97 20.3419 120.264
 23134.3 4438.17 894.792 318.45 38.0757
 14384.8 13142.8 985.035 198.595 79.1294
 28072.5 3363.57 1196.52 89.6776 25.2841
 4102.25 32770.7 1812.94 644.918 61.9635
 1657.61 3176.9 11221.8 620.814 242.061
 12963 1792.88 1507.26 5324.12 409.385
 10121.8 10791.4 594.239 499.572 1900.33
 6125.29 3789.23 1330.95 73.2903 295.992
 2296.54 1655.4 357.481 125.564 34.8386
 1696.74 1427.52 437.264 94.4266 42.3694
 1309.73 1001.72 364.118 111.533 34.8925
 724.935 1139.15 387.267 140.769 56.6084
 4270.94 445.066 303.031 103.019 52.5054
 1837.26 1146.63 52.974 36.0683 18.5113
 1644.65 2144.54 644.502 29.7759 30.6783
 2728.7 2233.06 1385.27 416.317 39.0504
 580.024 3794.54 1430.95 887.684 291.8
F
 0.224293 0.448586 0.448586 0.448586 0.448586
 0.194231 0.388462 0.388462 0.388462 0.388462
 0.3549 0.7098 0.7098 0.7098 0.7098
 0.152168 0.304336 0.304336 0.304336 0.304336
 0.0383416 0.0766831 0.0766831 0.0766831 0.0766831
 0.477331 0.954662 0.954662 0.954662 0.954662
 0.353374 0.706747 0.706747 0.706747 0.706747
 0.407053 0.814106 0.814106 0.814106 0.814106
 0.412267 0.824534 0.824534 0.824534 0.824534
 0.138607 0.277214 0.277214 0.277214 0.277214
 0.210721 0.421441 0.421441 0.421441 0.421441
 0.223856 0.447711 0.447711 0.447711 0.447711
 0.377907 0.755814 0.755814 0.755814 0.755814
 0.657879 1.31576 1.31576 1.31576 1.31576
 0.574853 1.14971 1.14971 1.14971 1.14971
 0.275277 0.550553 0.550553 0.550553 0.550553
 0.248557 0.497113 0.497113 0.497113 0.497113
 0.202115 0.404231 0.404231 0.404231 0.404231
 0.243878 0.487756 0.487756 0.487756 0.487756
 0.20639 0.41278 0.41278 0.41278 0.41278
 0.0664548 0.13291 0.13291 0.13291 0.13291
 0.0874787 0.174957 0.174957 0.174957 0.174957
 0.14195 0.2839 0.2839 0.2839 0.2839
 0.270247 0.540494 0.540494 0.540494 0.540494
nmprior
 10 10 8 0
nm_flota  nm_reclas  nm_pelaces    nm_pelaL
inf 8.47334 7.06836 10.4516
cv_recla  cv_pelaces  cv_mph
0.973057 1.32747 0.760908
 ------------------------------------------------
Talla a la edad & desviación 
 7.2 14.2025 17.0495 18.207 18.6776
 1.08 2.13037 2.55742 2.73105 2.80164
