years
 1997 1998 1999 2000 2001 2002 2003 2004 2005 2006 2007 2008 2009 2010 2011 2012 2013 2014 2015 2016 2017 2018 2019 2020
reclasobs
 0 0 0 370054 412103 1.49427e+06 250295 1.28982e+06 931140 785840 897777 1.04006e+06 184774 17550 25797 100020 73551 82996 120727 218422 84188 347160 605670 569463
reclaspred
 2.28603e+06 394907 969482 502216 473307 527809 1.14031e+06 885484 1.20424e+06 1.3823e+06 1.19337e+06 761334 466895 233209 155565 151173 169520 223185 233404 312129 497652 493316 839218 987220
pelacesobs
 0 0 0 0 0 0 0 0 0 2.06254e+06 1.5e+06 0 1.87456e+06 323000 250000 174000 83755 137374 0 501740 490994 745055 786931 1.00524e+06
pelacespred
 1.27366e+06 465088 352619 368265 297058 247684 575180 571650 696626 829393 619682 411869 252338 102821 67918.9 74629.5 87015.1 114637 126456 162262 282519 293242 377563 525517
mphobs
 0 0 0 0 0 112323 0 153150 637223 0 255016 313432 73983 77613 109348 50772 0 0 0 0 0 0 0 0
mphpred
 1.70641e+06 814682 591570 580834 414392 468674 679146 907485 928593 1.19621e+06 1.28432e+06 790295 506297 293951 145271 126768 138354 174513 206476 228552 364356 461103 570829 798589
desembarqueobs
 350755 77701 442110 56441 14545 235359 269955 359681 431902 328805 639364 411747 362871 311530 167758 66681 60226 58785 57116 71774 51957 67425 138520 160799
desembarquepred
 350795 77719 442121 56483.3 14575.6 235372 270552 359796 431819 329465 639621 411539 362633 311880 167613 66728.4 60288.2 58868.4 57234.4 71937.1 51973.7 67206.3 138582 161766
Reclutas
 49497.9 46988.7 28297 25887 39541.1 49717.5 80319.5 92480.7 147019 154741 38618.1 49124.4 54063.1 27890.9 19877.8 17716.3 13522.3 14922 15905.4 31604.7 42281.7 49057.4 82316.6 80707.9
log_desv_Rt
 0.169685 0.117663 -0.38949 -0.478503 -0.0549048 0.174113 0.653768 0.794755 1.25832 1.30951 -0.0785231 0.162112 0.257907 -0.403943 -0.74264 -0.85776 -1.1279 -1.02941 -0.965586 -0.278938 0.0121098 0.160746 0.678328 0.658592
SSB
 1.70641e+06 814682 591570 580834 414392 468674 679146 907485 928593 1.19621e+06 1.28432e+06 790295 506297 293951 145271 126768 138354 174513 206476 228552 364356 461103 570829 798589
BT
 3.30447e+06 1.01287e+06 1.07165e+06 793857 648000 690172 1.73576e+06 1.71284e+06 2.19293e+06 2.23404e+06 1.78802e+06 1.25655e+06 933999 514164 307925 222212 247790 305555 312997 440430 715498 654636 905242 1.25266e+06
Ftot
 0.149046 0.190667 0.433651 0.10951 0.030128 0.424723 0.229587 0.389061 0.344704 0.230567 0.505851 0.510875 0.722034 1.17862 0.97933 0.421093 0.341332 0.254621 0.236878 0.223085 0.101793 0.132495 0.160337 0.159116
BD_Bspro_t
 0.977647 0.855995 0.749054 0.578421 0.629013 0.715233 0.649531 0.678879 0.647186 0.652501 0.637674 0.450403 0.354569 0.273386 0.171063 0.176498 0.247059 0.36998 0.470019 0.557218 0.687555 0.782322 0.791227 0.79232
BD_Bspro
 1.98555 0.947948 0.688339 0.675847 0.482178 0.545339 0.790241 1.05593 1.08049 1.39189 1.49441 0.919571 0.589117 0.342035 0.169035 0.147505 0.160986 0.203059 0.240251 0.265939 0.423958 0.53653 0.664206 0.929223
BD_Bo
 1.59924 0.763514 0.554415 0.544353 0.388365 0.439238 0.636491 0.850489 0.870271 1.12108 1.20365 0.740659 0.474498 0.275488 0.136147 0.118806 0.129664 0.163552 0.193507 0.214198 0.341472 0.432142 0.534977 0.748432
BD_Brms
 7.78638 3.7174 2.69934 2.65035 1.89087 2.13856 3.09895 4.14086 4.23718 5.45833 5.86036 3.60612 2.31024 1.3413 0.662875 0.578444 0.631309 0.796303 0.94215 1.04289 1.66256 2.10402 2.6047 3.64397
S_f
 0.5 1 1 1 1
 0.5 1 1 1 1
 0.5 1 1 1 1
 0.5 1 1 1 1
 0.5 1 1 1 1
 0.5 1 1 1 1
 0.5 1 1 1 1
 0.5 1 1 1 1
 0.5 1 1 1 1
 0.5 1 1 1 1
 0.5 1 1 1 1
 0.5 1 1 1 1
 0.5 1 1 1 1
 0.5 1 1 1 1
 0.5 1 1 1 1
 0.5 1 1 1 1
 0.5 1 1 1 1
 0.5 1 1 1 1
 0.5 1 1 1 1
 0.5 1 1 1 1
 0.5 1 1 1 1
 0.5 1 1 1 1
 0.5 1 1 1 1
 0.5 1 1 1 1
Scru_reclas
 0.5 1 1 1 1
 0.5 1 1 1 1
 0.5 1 1 1 1
 0.5 1 1 1 1
 0.5 1 1 1 1
 0.5 1 1 1 1
 0.5 1 1 1 1
 0.5 1 1 1 1
 0.5 1 1 1 1
 0.5 1 1 1 1
 0.5 1 1 1 1
 0.5 1 1 1 1
 0.5 1 1 1 1
 0.5 1 1 1 1
 0.5 1 1 1 1
 0.5 1 1 1 1
 0.5 1 1 1 1
 0.5 1 1 1 1
 0.5 1 1 1 1
 0.5 1 1 1 1
 0.5 1 1 1 1
 0.5 1 1 1 1
 0.5 1 1 1 1
 0.5 1 1 1 1
Scru_pelaces
 0.5 1 1 1 1
 0.5 1 1 1 1
 0.5 1 1 1 1
 0.5 1 1 1 1
 0.5 1 1 1 1
 0.5 1 1 1 1
 0.5 1 1 1 1
 0.5 1 1 1 1
 0.5 1 1 1 1
 0.5 1 1 1 1
 0.5 1 1 1 1
 0.5 1 1 1 1
 0.5 1 1 1 1
 0.5 1 1 1 1
 0.5 1 1 1 1
 0.5 1 1 1 1
 0.5 1 1 1 1
 0.5 1 1 1 1
 0.5 1 1 1 1
 0.5 1 1 1 1
 0.5 1 1 1 1
 0.5 1 1 1 1
 0.5 1 1 1 1
 0.5 1 1 1 1
pf_obs 
 0.256992 0.487395 0.22802 0.0275931 0
 0.321318 0.546541 0.124235 0.00734118 0.000564706
 0.182869 0.594174 0.210203 0.0122559 0.00049798
 0.330522 0.361315 0.267642 0.0388342 0.00168674
 0.649043 0.306663 0.0425973 0.00169635 0
 0.582887 0.30429 0.105238 0.00758474 0
 0.465427 0.430635 0.0974691 0.00646863 0
 0.296916 0.608066 0.0921331 0.00288517 0
 0.311714 0.524322 0.152257 0.0117073 0
 0.15457 0.633149 0.183074 0.0267441 0.00246327
 0.131901 0.49318 0.331252 0.0422183 0.00144891
 0.196976 0.569456 0.194076 0.0375587 0.00193317
 0.518974 0.381816 0.0799577 0.0180837 0.00116848
 0.0928022 0.601141 0.25162 0.0475244 0.00691264
 0.122501 0.610282 0.24278 0.0234846 0.000952079
 0.383417 0.481906 0.127806 0.00687128 0
 0.0376549 0.599619 0.316969 0.0457579 0
 0.0361596 0.667082 0.258105 0.0386534 0
 0.158088 0.579412 0.248529 0.0139706 0
 0.0477256 0.309471 0.559284 0.082774 0.000745712
 0.0406174 0.521527 0.379366 0.0568643 0.0016247
 0.151134 0.462217 0.34131 0.0453401 0
 0.294876 0.26143 0.354403 0.0886775 0.000613685
 0.281977 0.475581 0.204845 0.0348837 0.00271318
pf_pred 
 0.341295 0.331602 0.164669 0.081772 0.0806627
 0.357882 0.333553 0.155336 0.0771378 0.0760913
 0.282968 0.387646 0.171102 0.0796826 0.0786016
 0.356369 0.30413 0.183543 0.0810135 0.0749446
 0.465787 0.284829 0.117839 0.0711163 0.0604281
 0.472326 0.33639 0.101988 0.0421944 0.0471017
 0.585867 0.27729 0.0872365 0.0264487 0.0231573
 0.514537 0.364741 0.0808322 0.0254301 0.0144605
 0.595316 0.284727 0.090127 0.0199736 0.00985692
 0.502885 0.380165 0.0822829 0.0260457 0.00862067
 0.176238 0.563168 0.199288 0.0431339 0.0181726
 0.37807 0.206347 0.284115 0.10054 0.0309288
 0.49176 0.297616 0.0698818 0.0962189 0.0445234
 0.396092 0.426493 0.103891 0.0243942 0.0491301
 0.505614 0.323774 0.12049 0.0293507 0.0207717
 0.540023 0.337802 0.0800125 0.0297761 0.0123865
 0.425442 0.417353 0.11545 0.0273457 0.0144098
 0.463318 0.332977 0.147969 0.040932 0.0148041
 0.454601 0.354522 0.118427 0.0526269 0.0198232
 0.602216 0.254899 0.0928789 0.0310259 0.0189807
 0.540337 0.350921 0.0696813 0.0253902 0.0136702
 0.47233 0.373357 0.117807 0.0233926 0.0131129
 0.548558 0.29352 0.111739 0.0352575 0.0109254
 0.442778 0.399965 0.102246 0.0389235 0.0160875
pobs_RECLAS
 0 0 0 0 0
 0 0 0 0 0
 0 0 0 0 0
 0 0 0 0 0
 0.835266 0.146461 0.0176864 0.000547809 3.91292e-05
 0.385257 0.428462 0.181853 0.0044286 0
 0.867414 0.0963971 0.0333333 0.00285562 0
 0.441836 0.489002 0.0689373 0.000224442 0
 0.779404 0.147425 0.0564933 0.0165055 0.000172143
 0.814271 0.122319 0.05973 0.00367925 0
 0.40263 0.566651 0.0304383 0.000280538 0
 0.475488 0.404961 0.113038 0.00651328 0
 0.955842 0.0263864 0.0167828 0.000988607 0
 0.975058 0.0227948 0.00214734 0 0
 0.738997 0.206755 0.0527124 0.00153531 0
 0.850938 0.134255 0.0134407 0.00136685 0
 0.542534 0.407297 0.0501686 0 0
 0.764087 0.199537 0.0359546 0.000420521 0
 0.470689 0.182191 0.310203 0.0369168 0
 0.84361 0.089868 0.0606195 0.00523954 0.000663233
 0.607945 0.314616 0.071237 0.00620181 0
 0.523733 0.453247 0.0230204 0 0
 0.530135 0.295979 0.169645 0.0042399 0
 0.562478 0.366248 0.0663022 0.0049721 0
ppred_RECLAS
 0.342417 0.331037 0.164388 0.0816327 0.0805253
 0.359404 0.332762 0.154968 0.0769549 0.0759109
 0.286676 0.385641 0.170217 0.0792705 0.0781951
 0.357179 0.303747 0.183312 0.0809114 0.0748502
 0.466011 0.28471 0.11779 0.0710865 0.0604028
 0.476744 0.333574 0.101134 0.0418411 0.0467073
 0.587865 0.275953 0.0868157 0.0263211 0.0230456
 0.518487 0.361773 0.0801745 0.0252232 0.0143428
 0.598578 0.282432 0.0894005 0.0198125 0.00977746
 0.504956 0.378582 0.0819402 0.0259372 0.00858477
 0.179501 0.560937 0.198499 0.042963 0.0181006
 0.383401 0.204578 0.281679 0.0996778 0.0306636
 0.500861 0.292286 0.0686305 0.0944959 0.0437261
 0.414073 0.413794 0.100798 0.0236679 0.0476672
 0.519746 0.314518 0.117046 0.0285117 0.0201779
 0.544372 0.334608 0.079256 0.0294945 0.0122694
 0.428719 0.414972 0.114792 0.0271898 0.0143277
 0.465639 0.331537 0.147329 0.040755 0.0147401
 0.456722 0.353143 0.117966 0.0524222 0.0197461
 0.604121 0.253677 0.092434 0.0308773 0.0188898
 0.541147 0.350303 0.0695585 0.0253455 0.0136462
 0.473419 0.372587 0.117564 0.0233443 0.0130858
 0.5499 0.292648 0.111407 0.0351527 0.0108929
 0.444104 0.399013 0.102002 0.0388309 0.0160492
pobs_PELACES
 0 0 0 0 0
 0 0 0 0 0
 0 0 0 0 0
 0 0 0 0 0
 0 0 0 0 0
 0 0 0 0 0
 0 0 0 0 0
 0 0 0 0 0
 0 0 0 0 0
 0 0 0 0 0
 0.450072 0.473896 0.0757376 0.000293798 0
 0 0 0 0 0
 0.463077 0.371075 0.160297 0.00555027 0
 0.529543 0.364841 0.0842815 0.0213345 0
 0.631943 0.363953 0.00410389 0 0
 0.735681 0.248677 0.0153453 0.000297389 0
 0.695825 0.281241 0.0229344 0 0
 0.275771 0.60734 0.115278 0.00161068 0
 0 0 0 0 0
 0.896147 0.0623911 0.0374545 0.00400742 0
 0.803859 0.145111 0.0509908 3.86294e-05 0
 0.739449 0.233085 0.0266225 0.000797448 4.60066e-05
 0.878498 0.100942 0.0204185 0.000141795 0
 0.694673 0.275183 0.0284847 0.00165964 0
ppred_PELACES
 0.347976 0.328239 0.162998 0.0809427 0.0798446
 0.366679 0.328983 0.153208 0.076081 0.0750489
 0.301529 0.377612 0.166673 0.07762 0.076567
 0.361339 0.301782 0.182126 0.0803879 0.0743659
 0.467248 0.28405 0.117517 0.0709218 0.0602628
 0.494247 0.322415 0.0977511 0.0404415 0.0451449
 0.597011 0.269829 0.084889 0.0257369 0.0225341
 0.534489 0.34975 0.07751 0.0243849 0.0138662
 0.612164 0.272872 0.0863746 0.019142 0.00944653
 0.514463 0.371312 0.0803666 0.0254391 0.00841991
 0.192124 0.552307 0.195445 0.042302 0.0178221
 0.403514 0.197905 0.272491 0.0964264 0.0296634
 0.530607 0.274868 0.0645405 0.0888645 0.0411203
 0.461904 0.380015 0.0925695 0.0217358 0.043776
 0.559865 0.288244 0.107268 0.0261299 0.0184923
 0.561545 0.321996 0.0762687 0.0283828 0.0118069
 0.442564 0.404915 0.11201 0.0265308 0.0139804
 0.476106 0.325043 0.144443 0.0399567 0.0144514
 0.466436 0.346829 0.115857 0.0514849 0.019393
 0.61289 0.248059 0.0903866 0.0301934 0.0184714
 0.545314 0.347121 0.0689268 0.0251152 0.0135222
 0.478872 0.368729 0.116347 0.0231026 0.0129503
 0.556439 0.288396 0.109788 0.034642 0.0107347
 0.450595 0.394354 0.100811 0.0383775 0.0158618
pobs_pel_tallas
 0 0 0 0 0 0 0 0 0 0 0 0 0 0 0 0 0 0 0 0 0 0 0 0 0 0 0 0 0 0 0 0 0 0 0 0
 0 0 0 0 0 0 0 0 0 0 0 0 0 0 0 0 0 0 0 0 0 0 0 0 0 0 0 0 0 0 0 0 0 0 0 0
 0 0 0 0 0 0 0 0 0 0 0 0 0 0 0 0 0 0 0 0 0 0 0 0 0 0 0 0 0 0 0 0 0 0 0 0
 0 0 0 0 0 0 0 0 0 0 0 0 0 0 0 0 0 0 0 0 0 0 0 0 0 0 0 0 0 0 0 0 0 0 0 0
 0 0 0 0 0 0 0 0 0 0 0 0 0 0 0 0 0 0 0 0 0 0 0 0 0 0 0 0 0 0 0 0 0 0 0 0
 0 0 0 0 0 0 0 0 0 0 0 0 0 0 0 0 0 0 0 0 0 0 0 0 0 0 0 0 0 0 0 0 0 0 0 0
 0 0 0 0 0 0 0 0 0 0 0 0 0 0 0 0 0 0 0 0 0 0 0 0 0 0 0 0 0 0 0 0 0 0 0 0
 0 0 0 0 0 0 0 0 0 0 0 0 0 0 0 0 0 0 0 0 0 0 0 0 0 0 0 0 0 0 0 0 0 0 0 0
 0 0 0 0 0 0 0 0 0 0 0 0 0 0 0 0 0 0 0 0 0 0 0 0 0 0 0 0 0 0 0 0 0 0 0 0
 0 0 0 0 0 0 0 0 0 0 0 0 0 0 0 0 0 0 0 0 0 0 0 0 0 0 0 0 0 0 0 0 0 0 0 0
 0 0 0 0 0 0 0 0 1.78061e-05 0.00172719 0.00360574 0.0105946 0.0120993 0.0124554 0.0147524 0.0171206 0.0266825 0.0428682 0.0675386 0.121331 0.153587 0.119568 0.100827 0.0573624 0.0630603 0.0341343 0.0324427 0.0444173 0.0211091 0.0280891 0.0125444 0.00206551 0 0 0 0
 0 0 0 0 0 0 0 0 0 0 0 0 0 0 0 0 0 0 0 0 0 0 0 0 0 0 0 0 0 0 0 0 0 0 0 0
 0 0 0 0 0 0 0.0133647 0.0140871 0.0187388 0.0205184 0.03894 0.0496705 0.03968 0.0493445 0.0407372 0.0367815 0.0215668 0.0243155 0.0234873 0.0199281 0.019796 0.0243948 0.0301388 0.0376714 0.0412746 0.0863199 0.0771752 0.113111 0.0741005 0.0525337 0.0229764 0.00759418 0.00175318 0 0 0
 0 0 0 0 0 0 0 0 0 0 0.00219441 0.00772107 0.0458388 0.0604681 0.0671733 0.0775358 0.0609151 0.0617685 0.073594 0.0568108 0.0755445 0.0548602 0.0670107 0.0636378 0.0643287 0.046367 0.0373049 0.0286899 0.0247887 0.0153202 0.00654259 0.00121912 0.000365735 0 0 0
 0 0 0 0 0 0 0 0 0 0 0 0 0.000112435 0.00938835 0.0111873 0.0202946 0.0414886 0.0713402 0.111592 0.104902 0.108894 0.110636 0.117776 0.105296 0.107544 0.0401394 0.0192827 0.0124803 0.00416011 0.0028671 0.000618394 0 0 0 0 0
 0 0 0 0 0 0 0 0 0 0 0.00291406 0.0102884 0.027416 0.0768956 0.0749926 0.110853 0.0956884 0.0897413 0.0766577 0.0534642 0.0500743 0.0551293 0.0594112 0.0620874 0.0668451 0.0424026 0.0208742 0.0120726 0.0048766 0.00582813 0.00118941 0.000297354 0 0 0 0
 0 0.00264628 0.0354308 0.0461629 0.0458689 0.0383711 0.0214643 0.0164657 0.0346957 0.0420465 0.0363128 0.0245516 0.0311673 0.0291091 0.0169068 0.0133784 0.00837989 0.0085269 0.0148486 0.0160247 0.0276389 0.0546898 0.0760071 0.122758 0.109233 0.0665981 0.0333725 0.0166128 0.00676272 0.00308733 0.000882094 0 0 0 0 0
 0 0 0 0 0 0 0 0.000805153 0.000690131 0.00759144 0.0133425 0.0154129 0.00931677 0.000345066 0.00356568 0.00563607 0.00851162 0.0253048 0.0502646 0.0516448 0.0657925 0.0565908 0.0611916 0.0827007 0.0866115 0.110766 0.145733 0.0935128 0.0569358 0.0249597 0.0138026 0.00621118 0.00161031 0.00115022 0 0
 0 0 0 0 0 0 0 0 0 0 0 0 0 0 0 0 0 0 0 0 0 0 0 0 0 0 0 0 0 0 0 0 0 0 0 0
 0.00147267 0.00158595 0.00478618 0.00569244 0.00954404 0.0108468 0.00647125 0.017049 0.0510054 0.094081 0.124002 0.0959785 0.0687766 0.0820023 0.061753 0.0591476 0.0492212 0.0479892 0.0443925 0.0268479 0.0217502 0.0140895 0.0121071 0.0120363 0.00920419 0.00665534 0.0049561 0.00860946 0.00930331 0.0156896 0.0114698 0.00855282 0.00243557 0.00046729 0 2.83206e-05
 0 0 0 0 0.000772559 0.00158375 0.000888443 0.00281984 0.00712685 0.0440552 0.0773331 0.111326 0.0921469 0.0852325 0.0710754 0.0886704 0.0786465 0.0553345 0.0373146 0.0185414 0.00753245 0.00457741 0.012979 0.0271748 0.0457355 0.0583668 0.034881 0.0177882 0.00938659 0.00492506 0.0015258 0.00185414 0.000309023 5.79419e-05 3.86279e-05 0
 0 0.00173294 0.00326652 0 0.00397197 0.00683976 0.00946217 0.0152591 0.00757587 0.0136028 0.0228656 0.0392903 0.0559909 0.0764795 0.0681675 0.0726916 0.0566044 0.0477403 0.0527397 0.0444891 0.0609904 0.0582453 0.0661739 0.0445044 0.0529084 0.0360697 0.0280645 0.0235558 0.0158879 0.00826598 0.00280645 0.00217768 0.000904811 0.00058276 9.20147e-05 0
 0 0 0 0 0 0 0 0 0 0 0 0 0 0 0 0 0 0 0 0 0 0 0 0 0 0 0 0 0 0 0 0 0 0 0 0
 0 0 0 0 0 0 0 0 0 0 0 0 0 0 0 0 0 0 0 0 0 0 0 0 0 0 0 0 0 0 0 0 0 0 0 0
ppred_pel_tallas
 1.08933e-16 1.51995e-05 8.9165e-05 0.000423761 0.00163135 0.00508708 0.0128498 0.0262946 0.0435943 0.0585705 0.0638013 0.0564317 0.0407331 0.0244547 0.0131491 0.00798678 0.00744698 0.00969044 0.0135698 0.0185055 0.0241023 0.0299302 0.0354911 0.0402866 0.0439153 0.0461505 0.0469712 0.0465334 0.0451002 0.0429564 0.04034 0.0374106 0.034255 0.0309179 0.0274383 0.0238758
 1.08403e-16 1.6015e-05 9.39531e-05 0.000446524 0.001719 0.00536039 0.0135402 0.0277071 0.0459355 0.0617143 0.0672209 0.059445 0.0428833 0.0256956 0.0137247 0.00819396 0.00748954 0.00966315 0.0134991 0.0183866 0.0239172 0.029654 0.0350953 0.0397418 0.0431946 0.045234 0.04585 0.0452131 0.0436022 0.0413174 0.0386096 0.0356459 0.0325156 0.0292594 0.0259076 0.0225074
 1.08734e-16 1.31762e-05 7.72819e-05 0.000367257 0.00141378 0.00440858 0.0111361 0.0227885 0.0377843 0.0507733 0.0553307 0.0489942 0.0354834 0.0215409 0.012015 0.00796387 0.00811336 0.0109021 0.0153423 0.0208989 0.0271498 0.0336005 0.0396734 0.0447943 0.0485086 0.0505718 0.0509856 0.0499634 0.0478461 0.0449995 0.0417302 0.0382445 0.0346517 0.030998 0.0273097 0.023626
 1.08921e-16 1.57811e-05 9.25823e-05 0.000440012 0.00169393 0.00528224 0.0133427 0.0273029 0.0452649 0.0608117 0.0662335 0.0585616 0.042224 0.0252568 0.0134117 0.00788827 0.00709169 0.0091024 0.0127307 0.0173934 0.0227175 0.0283098 0.033714 0.0384674 0.0421888 0.0446489 0.0458004 0.0457542 0.0447194 0.0429302 0.040587 0.0378306 0.0347484 0.031401 0.0278524 0.024189
 1.07014e-16 2.03984e-05 0.000119692 0.000568898 0.00219018 0.00682978 0.0172517 0.0353007 0.0585206 0.078609 0.0855882 0.0756042 0.0543588 0.0322072 0.0165369 0.00883694 0.00697842 0.00841979 0.0115877 0.0157346 0.0204377 0.0253021 0.0298913 0.0337757 0.0366163 0.0382314 0.0386233 0.0379512 0.0364678 0.0344413 0.0320937 0.0295701 0.026943 0.0242394 0.0214745 0.0186775
 1.04992e-16 2.15773e-05 0.000126609 0.000601776 0.00231676 0.00722449 0.0182487 0.037341 0.0619035 0.0831545 0.0905408 0.0799878 0.0575292 0.0341225 0.0175865 0.00950011 0.00761241 0.00923009 0.0126746 0.017129 0.0221082 0.0271482 0.0317408 0.0353959 0.037741 0.0386004 0.0380253 0.0362608 0.033667 0.0306229 0.0274446 0.0243424 0.0214188 0.0186962 0.016157 0.0137786
 1.03231e-16 2.60562e-05 0.000152909 0.000726819 0.00279822 0.00872594 0.0220412 0.0451003 0.0747628 0.100417 0.109307 0.096495 0.069246 0.0407594 0.0204308 0.0101095 0.00701732 0.0078555 0.0105829 0.0142486 0.018361 0.0225081 0.0262565 0.0291916 0.0309994 0.0315333 0.0308404 0.0291339 0.0267278 0.0239546 0.0210965 0.0183464 0.015804 0.0134973 0.0114143 0.0095321
 1.02701e-16 2.33332e-05 0.000136915 0.000650766 0.00250537 0.00781267 0.0197344 0.0403811 0.0669431 0.0899237 0.09791 0.0864949 0.0622023 0.0368798 0.0189792 0.010203 0.00810899 0.00977385 0.0133682 0.0179915 0.0231006 0.0281759 0.0326543 0.0360009 0.03782 0.0379439 0.0364663 0.0337042 0.030108 0.0261501 0.0222283 0.0186116 0.0154321 0.0127124 0.01041 0.00845841
 1.02415e-16 2.67171e-05 0.000156789 0.000745263 0.00286924 0.00894739 0.0226005 0.0462448 0.07666 0.102965 0.112079 0.0989392 0.0709938 0.0417754 0.0209163 0.0103096 0.00710343 0.00791195 0.0106391 0.0143075 0.0184125 0.022532 0.0262236 0.0290649 0.0307374 0.0310945 0.030189 0.0282457 0.0255944 0.0225867 0.0195237 0.0166153 0.0139738 0.0116342 0.00958489 0.00779726
 1.0253e-16 2.24608e-05 0.000131792 0.000626404 0.00241156 0.00752013 0.0189955 0.0388694 0.0644381 0.0865619 0.094258 0.0832885 0.0599395 0.0356248 0.0184927 0.0101973 0.0084032 0.0103069 0.014148 0.0190451 0.0244432 0.0297946 0.0345009 0.0379936 0.0398529 0.0399024 0.0382447 0.035221 0.0313153 0.0270351 0.0228093 0.0189285 0.0155366 0.0126587 0.0102488 0.00823323
 1.05241e-16 8.41293e-06 4.93009e-05 0.000234195 0.000901397 0.00281068 0.00710013 0.014532 0.0241042 0.0324191 0.0354048 0.0315301 0.0232263 0.01488 0.00970135 0.00850687 0.010625 0.0151605 0.0214936 0.0291586 0.0376033 0.0460868 0.0537346 0.0596921 0.0633064 0.0642682 0.0626667 0.0589371 0.0537275 0.0477333 0.0415539 0.035612 0.0301413 0.0252255 0.0208596 0.0170053
 1.08632e-16 1.76163e-05 0.000103365 0.000491294 0.00189141 0.0058981 0.0148982 0.0304848 0.0505362 0.0678815 0.0739022 0.0652675 0.0468968 0.0277277 0.014135 0.00740274 0.00569872 0.00684902 0.00953665 0.0131818 0.0175062 0.022264 0.0271615 0.0318728 0.0360877 0.0395558 0.0421124 0.0436772 0.0442354 0.0438139 0.0424636 0.0402569 0.0372954 0.0337186 0.0297069 0.025471
 1.05981e-16 2.31607e-05 0.00013591 0.000646002 0.00248706 0.00775558 0.0195902 0.0400853 0.0664507 0.0892562 0.0971671 0.0858003 0.0616195 0.0363674 0.0184101 0.00941003 0.00691847 0.00802126 0.0109145 0.0147509 0.0190764 0.0234936 0.0275771 0.0309182 0.0332058 0.0342914 0.0342127 0.0331631 0.031425 0.0292885 0.0269857 0.0246586 0.0223633 0.0200986 0.0178436 0.0155888
 1.04231e-16 2.01693e-05 0.000118338 0.000562441 0.00216529 0.00675213 0.0170557 0.0349004 0.0578597 0.0777294 0.0846523 0.0748293 0.0539143 0.0321695 0.0169307 0.00970687 0.00842619 0.0105919 0.0146321 0.0197454 0.025401 0.0310532 0.0360979 0.039957 0.0421997 0.042638 0.0413621 0.0386998 0.0351196 0.0311114 0.027085 0.0233136 0.0199273 0.0169453 0.0143242 0.0120028
 1.03379e-16 2.44373e-05 0.000143403 0.000681621 0.00262419 0.00818322 0.0206703 0.0422956 0.0701147 0.0941773 0.102524 0.0905288 0.0650121 0.0383629 0.0194075 0.00989799 0.00724794 0.00837873 0.0113819 0.0153564 0.0198141 0.0243241 0.028424 0.0316674 0.0337123 0.0343926 0.0337471 0.0319921 0.0294529 0.0264787 0.0233696 0.0203363 0.0174951 0.0148887 0.0125187 0.0103737
 1.02715e-16 2.45118e-05 0.000143837 0.000683681 0.00263211 0.00820791 0.0207328 0.0424235 0.0703276 0.0944659 0.102845 0.0908284 0.0652623 0.0385808 0.0196465 0.0102275 0.00773858 0.00909473 0.0123736 0.0166483 0.0213902 0.0261155 0.0303056 0.0334673 0.0352345 0.0354487 0.0341903 0.0317438 0.028516 0.0249341 0.0213586 0.0180339 0.0150811 0.012524 0.0103284 0.00844052
 1.03287e-16 1.93271e-05 0.000113391 0.000538917 0.00207471 0.00646965 0.0163422 0.0334407 0.055441 0.074484 0.0811278 0.0717378 0.051739 0.0309761 0.0164939 0.00975739 0.00880026 0.011244 0.0155841 0.0210365 0.0270546 0.0330582 0.0383986 0.0424529 0.0447546 0.0450964 0.0435702 0.0405251 0.0364658 0.0319266 0.0273623 0.0230862 0.0192606 0.015927 0.0130547 0.0105857
 1.04205e-16 2.07865e-05 0.000121966 0.000579701 0.00223176 0.00695943 0.0175792 0.0359712 0.0596331 0.0801064 0.0872265 0.0770706 0.0554548 0.03294 0.0170661 0.0093643 0.00767747 0.00942186 0.0129879 0.0175895 0.0227515 0.0280086 0.0328438 0.0367507 0.039334 0.0403907 0.0399433 0.0382116 0.0355384 0.0322976 0.028815 0.0253255 0.0219673 0.018805 0.0158626 0.0131518
 1.04433e-16 2.03657e-05 0.000119493 0.000567941 0.00218648 0.00681821 0.0172225 0.0352415 0.0584243 0.0784849 0.0854672 0.0755308 0.0543789 0.0323652 0.0168856 0.00945091 0.00795745 0.00987901 0.0136351 0.01844 0.023799 0.0292169 0.0341441 0.038048 0.0405214 0.0413692 0.0406416 0.0386004 0.0356356 0.0321624 0.0285337 0.0249926 0.0216675 0.0186001 0.0157853 0.0132062
 1.03265e-16 2.67477e-05 0.000156971 0.000746134 0.0028726 0.00895788 0.022627 0.0462987 0.0767487 0.103082 0.112201 0.0990337 0.0710329 0.0417409 0.0207929 0.0100749 0.00672337 0.00734435 0.00984355 0.0132584 0.0171124 0.0210229 0.0245914 0.0274349 0.0292599 0.029923 0.0294558 0.0280405 0.0259517 0.023483 0.0208854 0.0183334 0.0159213 0.0136827 0.0116185 0.0097212
 1.02587e-16 2.38051e-05 0.000139686 0.000663939 0.00255609 0.00797085 0.020134 0.0411986 0.0682979 0.0917426 0.0998879 0.088236 0.0634409 0.037587 0.0192929 0.0102903 0.0080821 0.00968098 0.0132184 0.0177774 0.0228106 0.0277997 0.0321856 0.0354384 0.0371684 0.0372141 0.0356744 0.0328706 0.0292562 0.0253048 0.0214141 0.017851 0.0147434 0.0121089 0.00989856 0.00803981
 1.03171e-16 2.09089e-05 0.00012268 0.000583088 0.00224479 0.00700004 0.0176818 0.0361815 0.0599828 0.0805796 0.0877505 0.0775543 0.0558479 0.0332636 0.0173979 0.00980471 0.00832629 0.0103678 0.0143002 0.0193035 0.0248496 0.0304041 0.0353751 0.039193 0.0414273 0.041881 0.0406264 0.0379693 0.0343577 0.0302687 0.0261116 0.0221715 0.0186015 0.0154485 0.0126963 0.0103044
 1.03345e-16 2.42879e-05 0.000142526 0.00067745 0.00260814 0.00813315 0.0205439 0.0420368 0.0696858 0.0936014 0.101897 0.0899772 0.0646189 0.0381371 0.0193048 0.00986479 0.00724788 0.00839571 0.0114125 0.015403 0.0198814 0.0244173 0.0285483 0.0318271 0.0339098 0.0346276 0.0340161 0.0322878 0.0297646 0.0267929 0.0236718 0.0206121 0.0177323 0.0150788 0.0126576 0.0104618
 1.0362e-16 1.96768e-05 0.000115445 0.000548686 0.00211232 0.00658695 0.0166384 0.0340468 0.0564453 0.0758316 0.0825912 0.0730213 0.0526418 0.0314708 0.0166737 0.00973372 0.00864067 0.0109669 0.0151799 0.0204886 0.0263534 0.032209 0.0374259 0.0414004 0.0436811 0.044069 0.0426548 0.0397777 0.0359261 0.0316141 0.0272765 0.0232086 0.019559 0.0163602 0.0135774 0.0111531
pSPR Fmed_Fpbrs
0.611444   0.255389 0.255389
Fs Fmed_Fpbrs
0.267218   1.005 1.005
SSBpbr Bo_Bmed_Bpbrs
1.06702e+06  599070  219154 219154
Ro
41772.8
SPR SPRFo_SPRFmed_SPRFpbrs
859416 525485 219486
log_Ro
10.46
likeval ReclasPelacesDesembMPH_pf_preclas_ppelaces_ptallas_desvR_qrecl_qpela
 117.098 71.119 0.383868 0.000760374 314.333 184.861 86.3357 0 14.7571 0 0 0 0 0 0
q_reclas_q_pelaces
1 1
M
0.7
N
 49497.9 24834.8 12332.6 6124.18 6041.1
 46988.7 22814.7 10624.9 5276.16 5204.59
 28297 21212.1 9362.76 4360.26 4301.11
 25887 11312.7 6827.26 3013.46 2787.71
 39541.1 12170.2 5035.03 3038.65 2581.97
 49717.5 19341.9 5864.16 2426.12 2708.28
 80319.5 19965.3 6281.15 1904.34 1667.35
 92480.7 35559.9 7880.64 2479.27 1409.81
 147019 37806 11967.1 2652.09 1308.8
 154741 61449 13300 4209.96 1393.42
 38618.1 68474.9 24231.2 5244.59 2209.58
 49124.4 14891.6 20503.9 7255.72 2232.06
 54063.1 18895.4 4436.74 6108.86 2826.75
 27890.9 18711.4 4558 1070.24 2155.47
 19877.8 7682.85 2859.12 696.466 492.892
 17716.3 6049.28 1432.84 533.223 221.814
 13522.3 7127.34 1971.6 466.997 246.084
 14922 5661.42 2515.84 695.944 251.706
 15905.4 6524.26 2179.41 968.492 364.806
 31604.7 7016.18 2556.53 854 522.452
 42281.7 14037.9 2787.47 1015.69 546.852
 49057.4 19954.6 6296.35 1250.25 700.836
 82316.6 22799.6 8679.49 2738.68 848.648
 80707.9 37728.1 9644.67 3671.59 1517.51
pred_Ctot
 2567.39 2494.47 1238.72 615.13 606.785
 3089.74 2879.7 1341.08 665.962 656.927
 4016.7 5502.59 2428.77 1131.08 1115.74
 995.111 849.242 512.519 226.219 209.272
 425.529 260.211 107.654 64.9696 55.2052
 6925.14 4932.08 1495.33 618.645 690.595
 6306.02 2984.64 938.976 284.682 249.255
 11889.9 8428.42 1867.87 587.638 334.153
 16906.2 8085.86 2559.49 567.222 279.923
 12198.2 9221.48 1995.89 631.777 209.107
 6297.5 20123.7 7121.16 1541.3 649.362
 8081.77 4410.96 6073.35 2149.18 661.146
 12028.6 7279.78 1709.33 2353.54 1089.06
 9236.59 9945.52 2422.68 568.857 1145.68
 5691.81 3644.8 1356.39 330.408 233.831
 2448.49 1531.61 362.781 135.006 56.1609
 1540.88 1511.58 418.141 99.0415 52.1899
 1292.29 928.74 412.716 114.168 41.2917
 1286.39 1003.19 335.114 148.919 56.0938
 2414.47 1021.97 372.381 124.393 76.0997
 1513.36 982.851 195.161 71.1121 38.2872
 2270.18 1794.48 566.22 112.432 63.0249
 4581.83 2451.62 933.299 294.488 91.2545
 4459.27 4028.09 1029.73 392.003 162.019
F
 0.0745228 0.149046 0.149046 0.149046 0.149046
 0.0953336 0.190667 0.190667 0.190667 0.190667
 0.216825 0.433651 0.433651 0.433651 0.433651
 0.0547548 0.10951 0.10951 0.10951 0.10951
 0.015064 0.030128 0.030128 0.030128 0.030128
 0.212362 0.424723 0.424723 0.424723 0.424723
 0.114793 0.229587 0.229587 0.229587 0.229587
 0.194531 0.389061 0.389061 0.389061 0.389061
 0.172352 0.344704 0.344704 0.344704 0.344704
 0.115284 0.230567 0.230567 0.230567 0.230567
 0.252926 0.505851 0.505851 0.505851 0.505851
 0.255438 0.510875 0.510875 0.510875 0.510875
 0.361017 0.722034 0.722034 0.722034 0.722034
 0.589311 1.17862 1.17862 1.17862 1.17862
 0.489665 0.97933 0.97933 0.97933 0.97933
 0.210546 0.421093 0.421093 0.421093 0.421093
 0.170666 0.341332 0.341332 0.341332 0.341332
 0.127311 0.254621 0.254621 0.254621 0.254621
 0.118439 0.236878 0.236878 0.236878 0.236878
 0.111543 0.223085 0.223085 0.223085 0.223085
 0.0508967 0.101793 0.101793 0.101793 0.101793
 0.0662477 0.132495 0.132495 0.132495 0.132495
 0.0801686 0.160337 0.160337 0.160337 0.160337
 0.0795581 0.159116 0.159116 0.159116 0.159116
nmprior
 10 10 8 0
nm_flota  nm_reclas  nm_pelaces    nm_pelaL
inf 10.8846 9.91635 15.69
cv_recla  cv_pelaces  cv_mph
1.00185 0.992333 0.894647
 ------------------------------------------------
Talla a la edad & desviación 
 7.2 14.2025 17.0495 18.207 18.6776
 1.08 2.13037 2.55742 2.73105 2.80164
