years
 1997 1998 1999 2000 2001 2002 2003 2004 2005 2006 2007 2008 2009 2010 2011 2012 2013 2014 2015 2016 2017 2018 2019 2020
reclasobs
 0 0 0 370054 412103 1.49427e+06 250295 1.28982e+06 931140 785840 897777 1.04006e+06 184774 17550 25797 100020 73551 82996 120727 218422 84188 347160 605670 569463
reclaspred
 439322 100065 206159 155059 285047 324476 715627 529499 697713 799917 663858 448420 279295 124105 81127.4 79333.4 95562.1 121409 119060 185373 286917 260405 425297 416398
pelacesobs
 0 0 0 0 0 0 0 0 0 2.06254e+06 1.5e+06 0 1.87456e+06 323000 250000 174000 83755 137374 0 501740 490994 745055 786931 1.00524e+06
pelacespred
 715664 162702 188811 227736 371513 343577 926282 778123 962831 1.09876e+06 827706 581911 363170 131566 84583.2 89253.2 112688 145989 146869 221686 385364 341169 441441 516164
mphobs
 0 0 0 0 0 112323 0 153150 637223 0 255016 313432 73983 77613 109348 50772 0 0 0 0 0 0 0 0
mphpred
 175182 84170.5 78785 65719.5 88218.9 165183 229326 276274 266183 328157 386853 280850 171947 91212.7 40727.3 33132 39124.6 51497.8 59373.3 64807.3 108863 135209 165359 211927
desembarqueobs
 350755 77701 442110 56441 14545 235359 269955 359681 431902 328805 639364 411747 362871 311530 167758 66681 60226 58785 57116 71774 51957 67425 138520 160799
desembarquepred
 350741 77682.8 441861 56436.5 14544.9 235368 269965 359555 431791 328722 639165 411737 362833 311572 167640 66671.5 60234.1 58774.7 57101.4 71756.4 51953 67409.3 138498 160782
Reclutas
 29361.9 43028.7 16252.3 38547.5 71030.8 42123.6 76847 91035.1 132967 169277 66936.5 37735.3 44704 22227.9 16091.5 18209.3 13891.2 14055.2 14922.7 34021.5 41447.6 49647.5 71094.6 47478.4
log_desv_Rt
 -0.292547 0.0896234 -0.884012 -0.0203541 0.590868 0.0683636 0.669572 0.839 1.21785 1.45929 0.5315 -0.0416488 0.127819 -0.570896 -0.893953 -0.770311 -1.04099 -1.02926 -0.969358 -0.145251 0.052186 0.232703 0.591767 0.188029
SSB
 616601 296262 277306 231318 310511 581410 807177 972425 936908 1.15504e+06 1.36164e+06 988531 605215 321049 143351 116617 137710 181261 208981 228108 383173 475906 582027 745937
BT
 1.53846e+06 429671 575753 467804 676953 799314 1.84514e+06 1.79524e+06 2.11745e+06 2.2785e+06 2.0471e+06 1.41619e+06 1.00687e+06 534565 292977 214789 250865 308640 312556 455552 731916 674411 886259 1.05971e+06
Ftot
 0.475749 0.571252 1.12911 0.292258 0.0430642 0.372119 0.256213 0.487206 0.485312 0.304598 0.498336 0.451535 0.738249 1.30541 1.35804 0.564571 0.414464 0.297441 0.271529 0.289501 0.120811 0.149842 0.185233 0.205776
BD_Bspro_t
 0.936614 0.680228 0.565994 0.350354 0.550026 0.744492 0.682584 0.693446 0.653669 0.65598 0.66509 0.515852 0.400647 0.295032 0.176566 0.179912 0.270227 0.409631 0.502325 0.581989 0.720235 0.804929 0.807886 0.79573
BD_Bspro
 0.761831 0.366041 0.342621 0.285801 0.383647 0.718351 0.997293 1.20146 1.15758 1.42709 1.68235 1.22136 0.747762 0.396666 0.177115 0.144085 0.170145 0.223954 0.258203 0.281835 0.473422 0.587997 0.719113 0.921629
BD_Bo
 0.63344 0.304352 0.284879 0.237635 0.318991 0.597287 0.829219 0.99898 0.962493 1.18658 1.39882 1.01553 0.621742 0.329816 0.147266 0.119802 0.141471 0.186211 0.214688 0.234337 0.393636 0.488902 0.597921 0.766307
BD_Brms
 2.15248 1.03421 0.968042 0.807504 1.08396 2.02963 2.81775 3.39462 3.27063 4.03211 4.75332 3.45084 2.11273 1.12074 0.500421 0.407097 0.480729 0.63276 0.729528 0.796296 1.33761 1.66133 2.03178 2.60397
S_f
 0.164125 1 1 1 1
 0.164125 1 1 1 1
 0.164125 1 1 1 1
 0.164125 1 1 1 1
 0.164125 1 1 1 1
 0.164125 1 1 1 1
 0.164125 1 1 1 1
 0.164125 1 1 1 1
 0.164125 1 1 1 1
 0.164125 1 1 1 1
 0.164125 1 1 1 1
 0.164125 1 1 1 1
 0.164125 1 1 1 1
 0.164125 1 1 1 1
 0.164125 1 1 1 1
 0.164125 1 1 1 1
 0.164125 1 1 1 1
 0.164125 1 1 1 1
 0.164125 1 1 1 1
 0.164125 1 1 1 1
 0.164125 1 1 1 1
 0.164125 1 1 1 1
 0.164125 1 1 1 1
 0.164125 1 1 1 1
Scru_reclas
 1 1 1 1 1
 1 1 1 1 1
 1 1 1 1 1
 1 1 1 1 1
 1 1 1 1 1
 1 1 1 1 1
 1 1 1 1 1
 1 1 1 1 1
 1 1 1 1 1
 1 1 1 1 1
 1 1 1 1 1
 1 1 1 1 1
 1 1 1 1 1
 1 1 1 1 1
 1 1 1 1 1
 1 1 1 1 1
 1 1 1 1 1
 1 1 1 1 1
 1 1 1 1 1
 1 1 1 1 1
 1 1 1 1 1
 1 1 1 1 1
 1 1 1 1 1
 1 1 1 1 1
Scru_pelaces
 1 1 1 1 1
 1 1 1 1 1
 1 1 1 1 1
 1 1 1 1 1
 1 1 1 1 1
 1 1 1 1 1
 1 1 1 1 1
 1 1 1 1 1
 1 1 1 1 1
 1 1 1 1 1
 1 1 1 1 1
 1 1 1 1 1
 1 1 1 1 1
 1 1 1 1 1
 1 1 1 1 1
 1 1 1 1 1
 1 1 1 1 1
 1 1 1 1 1
 1 1 1 1 1
 1 1 1 1 1
 1 1 1 1 1
 1 1 1 1 1
 1 1 1 1 1
 1 1 1 1 1
pf_obs 
 0.256992 0.487395 0.22802 0.0275931 0
 0.321318 0.546541 0.124235 0.00734118 0.000564706
 0.182869 0.594174 0.210203 0.0122559 0.00049798
 0.330522 0.361315 0.267642 0.0388342 0.00168674
 0.649043 0.306663 0.0425973 0.00169635 0
 0.582887 0.30429 0.105238 0.00758474 0
 0.465427 0.430635 0.0974691 0.00646863 0
 0.296916 0.608066 0.0921331 0.00288517 0
 0.311714 0.524322 0.152257 0.0117073 0
 0.15457 0.633149 0.183074 0.0267441 0.00246327
 0.131901 0.49318 0.331252 0.0422183 0.00144891
 0.196976 0.569456 0.194076 0.0375587 0.00193317
 0.518974 0.381816 0.0799577 0.0180837 0.00116848
 0.0928022 0.601141 0.25162 0.0475244 0.00691264
 0.122501 0.610282 0.24278 0.0234846 0.000952079
 0.383417 0.481906 0.127806 0.00687128 0
 0.0376549 0.599619 0.316969 0.0457579 0
 0.0361596 0.667082 0.258105 0.0386534 0
 0.158088 0.579412 0.248529 0.0139706 0
 0.0477256 0.309471 0.559284 0.082774 0.000745712
 0.0406174 0.521527 0.379366 0.0568643 0.0016247
 0.151134 0.462217 0.34131 0.0453401 0
 0.294876 0.26143 0.354403 0.0886775 0.000613685
 0.281977 0.475581 0.204845 0.0348837 0.00271318
pf_pred 
 0.20498 0.547677 0.219785 0.0275495 9.30211e-06
 0.297853 0.466411 0.162394 0.0651695 0.00817159
 0.132954 0.670735 0.130403 0.0454034 0.0205052
 0.395352 0.37739 0.175803 0.0341793 0.017275
 0.347612 0.535491 0.0729608 0.0339881 0.00994766
 0.147509 0.654816 0.162255 0.0221073 0.0133126
 0.28157 0.400663 0.244084 0.0604808 0.0132028
 0.261122 0.539071 0.111431 0.0678837 0.0204926
 0.312063 0.503387 0.134644 0.0278322 0.0220738
 0.283217 0.557421 0.116611 0.0311908 0.0115609
 0.107431 0.656751 0.183388 0.0383644 0.0140651
 0.102722 0.433379 0.341336 0.0953132 0.0272494
 0.201279 0.371116 0.20653 0.162666 0.0584082
 0.162504 0.576804 0.121127 0.0674087 0.0721558
 0.241876 0.529634 0.157367 0.0330466 0.0380767
 0.311898 0.548421 0.0975825 0.028994 0.0131041
 0.200765 0.626927 0.13733 0.0244357 0.0105418
 0.205967 0.517305 0.217068 0.0475495 0.0121107
 0.207759 0.511496 0.182903 0.0767487 0.021094
 0.360568 0.412583 0.146461 0.0523721 0.0280161
 0.260375 0.590063 0.0965027 0.034257 0.0188027
 0.228425 0.535659 0.188211 0.0307812 0.0169243
 0.254875 0.491342 0.176187 0.0619056 0.0156911
 0.145494 0.593606 0.17204 0.0616906 0.02717
pobs_RECLAS
 0 0 0 0 0
 0 0 0 0 0
 0 0 0 0 0
 0 0 0 0 0
 0.835266 0.146461 0.0176864 0.000547809 3.91292e-05
 0.385257 0.428462 0.181853 0.0044286 0
 0.867414 0.0963971 0.0333333 0.00285562 0
 0.441836 0.489002 0.0689373 0.000224442 0
 0.779404 0.147425 0.0564933 0.0165055 0.000172143
 0.814271 0.122319 0.05973 0.00367925 0
 0.40263 0.566651 0.0304383 0.000280538 0
 0.475488 0.404961 0.113038 0.00651328 0
 0.955842 0.0263864 0.0167828 0.000988607 0
 0.975058 0.0227948 0.00214734 0 0
 0.738997 0.206755 0.0527124 0.00153531 0
 0.850938 0.134255 0.0134407 0.00136685 0
 0.542534 0.407297 0.0501686 0 0
 0.764087 0.199537 0.0359546 0.000420521 0
 0.470689 0.182191 0.310203 0.0369168 0
 0.84361 0.089868 0.0606195 0.00523954 0.000663233
 0.607945 0.314616 0.071237 0.00620181 0
 0.523733 0.453247 0.0230204 0 0
 0.530135 0.295979 0.169645 0.0042399 0
 0.562478 0.366248 0.0663022 0.0049721 0
ppred_RECLAS
 0.61858 0.262754 0.105444 0.0132172 4.4628e-06
 0.729073 0.179967 0.0626607 0.025146 0.00315305
 0.508824 0.379967 0.0738722 0.0257208 0.0116161
 0.802144 0.123491 0.0575273 0.0111843 0.00565282
 0.7649 0.192974 0.0262928 0.0122482 0.00358483
 0.51906 0.36942 0.0915375 0.012472 0.00751042
 0.707943 0.162878 0.0992252 0.0245867 0.00536723
 0.689935 0.226217 0.0467611 0.0284869 0.00859958
 0.740642 0.189781 0.0507621 0.010493 0.00832202
 0.710321 0.225275 0.0471269 0.0126054 0.00467219
 0.431354 0.418409 0.116835 0.0244415 0.00896069
 0.418144 0.281033 0.221346 0.0618076 0.0176704
 0.619074 0.176992 0.0984983 0.0775788 0.027856
 0.573248 0.293915 0.0617213 0.0343486 0.0367675
 0.689998 0.216571 0.0643484 0.013513 0.0155698
 0.741847 0.205749 0.0366097 0.0108776 0.00491623
 0.611204 0.304975 0.0668058 0.011887 0.00512818
 0.616703 0.249714 0.104784 0.0229532 0.00584608
 0.61885 0.246082 0.0879952 0.036924 0.0101484
 0.777563 0.143524 0.0509488 0.0182185 0.00974586
 0.683419 0.252564 0.041306 0.014663 0.00804811
 0.645206 0.246312 0.0865451 0.0141541 0.00778232
 0.678014 0.21232 0.0761344 0.0267508 0.0067805
 0.512087 0.338942 0.0982328 0.0352246 0.0155137
pobs_PELACES
 0 0 0 0 0
 0 0 0 0 0
 0 0 0 0 0
 0 0 0 0 0
 0 0 0 0 0
 0 0 0 0 0
 0 0 0 0 0
 0 0 0 0 0
 0 0 0 0 0
 0 0 0 0 0
 0.450072 0.473896 0.0757376 0.000293798 0
 0 0 0 0 0
 0.463077 0.371075 0.160297 0.00555027 0
 0.529543 0.364841 0.0842815 0.0213345 0
 0.631943 0.363953 0.00410389 0 0
 0.735681 0.248677 0.0153453 0.000297389 0
 0.695825 0.281241 0.0229344 0 0
 0.275771 0.60734 0.115278 0.00161068 0
 0 0 0 0 0
 0.896147 0.0623911 0.0374545 0.00400742 0
 0.803859 0.145111 0.0509908 3.86294e-05 0
 0.739449 0.233085 0.0266225 0.000797448 4.60066e-05
 0.878498 0.100942 0.0204185 0.000141795 0
 0.694673 0.275183 0.0284847 0.00165964 0
ppred_PELACES
 0.649024 0.241782 0.0970278 0.0121622 4.10658e-06
 0.759054 0.160052 0.0557267 0.0223633 0.00280414
 0.585829 0.320397 0.0622907 0.0216883 0.00979494
 0.814628 0.1157 0.0538976 0.0104786 0.00529616
 0.767029 0.191227 0.0260546 0.0121373 0.00355236
 0.544612 0.349793 0.0866743 0.0118094 0.00711141
 0.722338 0.15485 0.0943346 0.0233749 0.00510269
 0.717928 0.205794 0.0425395 0.0259151 0.00782321
 0.765518 0.171578 0.0458932 0.00948653 0.00752381
 0.727299 0.212071 0.0443648 0.0118666 0.00439834
 0.465339 0.393403 0.109852 0.0229808 0.00842516
 0.448719 0.266265 0.209714 0.0585598 0.0167418
 0.665802 0.155281 0.0864156 0.0680623 0.0244389
 0.658181 0.235419 0.0494374 0.0275125 0.02945
 0.763995 0.164876 0.0489884 0.0102874 0.0118533
 0.770533 0.182887 0.0325417 0.00966889 0.00436994
 0.638001 0.283955 0.0622013 0.0110677 0.00477472
 0.635903 0.237206 0.0995349 0.0218034 0.00555325
 0.636353 0.234782 0.0839544 0.0352285 0.00968238
 0.791068 0.13481 0.0478554 0.0171124 0.00915414
 0.690584 0.246848 0.040371 0.0143311 0.00786595
 0.65461 0.239784 0.0842512 0.013779 0.00757605
 0.689066 0.205033 0.0735213 0.0258327 0.00654777
 0.526255 0.329099 0.0953803 0.0342017 0.0150632
pobs_pel_tallas
 0 0 0 0 0 0 0 0 0 0 0 0 0 0 0 0 0 0 0 0 0 0 0 0 0 0 0 0 0 0 0 0 0 0 0 0
 0 0 0 0 0 0 0 0 0 0 0 0 0 0 0 0 0 0 0 0 0 0 0 0 0 0 0 0 0 0 0 0 0 0 0 0
 0 0 0 0 0 0 0 0 0 0 0 0 0 0 0 0 0 0 0 0 0 0 0 0 0 0 0 0 0 0 0 0 0 0 0 0
 0 0 0 0 0 0 0 0 0 0 0 0 0 0 0 0 0 0 0 0 0 0 0 0 0 0 0 0 0 0 0 0 0 0 0 0
 0 0 0 0 0 0 0 0 0 0 0 0 0 0 0 0 0 0 0 0 0 0 0 0 0 0 0 0 0 0 0 0 0 0 0 0
 0 0 0 0 0 0 0 0 0 0 0 0 0 0 0 0 0 0 0 0 0 0 0 0 0 0 0 0 0 0 0 0 0 0 0 0
 0 0 0 0 0 0 0 0 0 0 0 0 0 0 0 0 0 0 0 0 0 0 0 0 0 0 0 0 0 0 0 0 0 0 0 0
 0 0 0 0 0 0 0 0 0 0 0 0 0 0 0 0 0 0 0 0 0 0 0 0 0 0 0 0 0 0 0 0 0 0 0 0
 0 0 0 0 0 0 0 0 0 0 0 0 0 0 0 0 0 0 0 0 0 0 0 0 0 0 0 0 0 0 0 0 0 0 0 0
 0 0 0 0 0 0 0 0 0 0 0 0 0 0 0 0 0 0 0 0 0 0 0 0 0 0 0 0 0 0 0 0 0 0 0 0
 0 0 0 0 0 0 0 0 1.78061e-05 0.00172719 0.00360574 0.0105946 0.0120993 0.0124554 0.0147524 0.0171206 0.0266825 0.0428682 0.0675386 0.121331 0.153587 0.119568 0.100827 0.0573624 0.0630603 0.0341343 0.0324427 0.0444173 0.0211091 0.0280891 0.0125444 0.00206551 0 0 0 0
 0 0 0 0 0 0 0 0 0 0 0 0 0 0 0 0 0 0 0 0 0 0 0 0 0 0 0 0 0 0 0 0 0 0 0 0
 0 0 0 0 0 0 0.0133647 0.0140871 0.0187388 0.0205184 0.03894 0.0496705 0.03968 0.0493445 0.0407372 0.0367815 0.0215668 0.0243155 0.0234873 0.0199281 0.019796 0.0243948 0.0301388 0.0376714 0.0412746 0.0863199 0.0771752 0.113111 0.0741005 0.0525337 0.0229764 0.00759418 0.00175318 0 0 0
 0 0 0 0 0 0 0 0 0 0 0.00219441 0.00772107 0.0458388 0.0604681 0.0671733 0.0775358 0.0609151 0.0617685 0.073594 0.0568108 0.0755445 0.0548602 0.0670107 0.0636378 0.0643287 0.046367 0.0373049 0.0286899 0.0247887 0.0153202 0.00654259 0.00121912 0.000365735 0 0 0
 0 0 0 0 0 0 0 0 0 0 0 0 0.000112435 0.00938835 0.0111873 0.0202946 0.0414886 0.0713402 0.111592 0.104902 0.108894 0.110636 0.117776 0.105296 0.107544 0.0401394 0.0192827 0.0124803 0.00416011 0.0028671 0.000618394 0 0 0 0 0
 0 0 0 0 0 0 0 0 0 0 0.00291406 0.0102884 0.027416 0.0768956 0.0749926 0.110853 0.0956884 0.0897413 0.0766577 0.0534642 0.0500743 0.0551293 0.0594112 0.0620874 0.0668451 0.0424026 0.0208742 0.0120726 0.0048766 0.00582813 0.00118941 0.000297354 0 0 0 0
 0 0.00264628 0.0354308 0.0461629 0.0458689 0.0383711 0.0214643 0.0164657 0.0346957 0.0420465 0.0363128 0.0245516 0.0311673 0.0291091 0.0169068 0.0133784 0.00837989 0.0085269 0.0148486 0.0160247 0.0276389 0.0546898 0.0760071 0.122758 0.109233 0.0665981 0.0333725 0.0166128 0.00676272 0.00308733 0.000882094 0 0 0 0 0
 0 0 0 0 0 0 0 0.000805153 0.000690131 0.00759144 0.0133425 0.0154129 0.00931677 0.000345066 0.00356568 0.00563607 0.00851162 0.0253048 0.0502646 0.0516448 0.0657925 0.0565908 0.0611916 0.0827007 0.0866115 0.110766 0.145733 0.0935128 0.0569358 0.0249597 0.0138026 0.00621118 0.00161031 0.00115022 0 0
 0 0 0 0 0 0 0 0 0 0 0 0 0 0 0 0 0 0 0 0 0 0 0 0 0 0 0 0 0 0 0 0 0 0 0 0
 0.00147267 0.00158595 0.00478618 0.00569244 0.00954404 0.0108468 0.00647125 0.017049 0.0510054 0.094081 0.124002 0.0959785 0.0687766 0.0820023 0.061753 0.0591476 0.0492212 0.0479892 0.0443925 0.0268479 0.0217502 0.0140895 0.0121071 0.0120363 0.00920419 0.00665534 0.0049561 0.00860946 0.00930331 0.0156896 0.0114698 0.00855282 0.00243557 0.00046729 0 2.83206e-05
 0 0 0 0 0.000772559 0.00158375 0.000888443 0.00281984 0.00712685 0.0440552 0.0773331 0.111326 0.0921469 0.0852325 0.0710754 0.0886704 0.0786465 0.0553345 0.0373146 0.0185414 0.00753245 0.00457741 0.012979 0.0271748 0.0457355 0.0583668 0.034881 0.0177882 0.00938659 0.00492506 0.0015258 0.00185414 0.000309023 5.79419e-05 3.86279e-05 0
 0 0.00173294 0.00326652 0 0.00397197 0.00683976 0.00946217 0.0152591 0.00757587 0.0136028 0.0228656 0.0392903 0.0559909 0.0764795 0.0681675 0.0726916 0.0566044 0.0477403 0.0527397 0.0444891 0.0609904 0.0582453 0.0661739 0.0445044 0.0529084 0.0360697 0.0280645 0.0235558 0.0158879 0.00826598 0.00280645 0.00217768 0.000904811 0.00058276 9.20147e-05 0
 0 0 0 0 0 0 0 0 0 0 0 0 0 0 0 0 0 0 0 0 0 0 0 0 0 0 0 0 0 0 0 0 0 0 0 0
 0 0 0 0 0 0 0 0 0 0 0 0 0 0 0 0 0 0 0 0 0 0 0 0 0 0 0 0 0 0 0 0 0 0 0 0
ppred_pel_tallas
 1.01875e-16 2.83232e-05 0.00016622 0.000790108 0.00304191 0.00948588 0.0239607 0.0490275 0.0812715 0.109154 0.118805 0.10485 0.0751763 0.0441185 0.0218706 0.0104189 0.00671945 0.00716813 0.00954209 0.0128246 0.0165229 0.0202524 0.023617 0.0262371 0.0278219 0.0282306 0.0274974 0.0258094 0.0234498 0.020726 0.017907 0.0151876 0.0126817 0.010437 0.00846082 0.00674194
 1.01743e-16 3.31175e-05 0.000194375 0.000923977 0.00355737 0.0110933 0.0280209 0.0573343 0.0950376 0.127632 0.138885 0.122499 0.0876721 0.0511321 0.0247523 0.0107974 0.00564827 0.00504635 0.00638247 0.00851062 0.0109603 0.0134447 0.0156984 0.0174725 0.0185777 0.018923 0.018532 0.0175266 0.0160897 0.0144168 0.0126762 0.0109853 0.00940872 0.0079698 0.00666846 0.0054971
 1.02192e-16 2.55706e-05 0.000150054 0.000713234 0.0027459 0.00856276 0.0216291 0.0442574 0.0733672 0.0985472 0.107284 0.0947384 0.0680492 0.0401829 0.0203778 0.0104697 0.00775144 0.00899594 0.0121925 0.0163749 0.0210004 0.0255805 0.0295969 0.0325598 0.0341098 0.034099 0.032621 0.0299756 0.0265852 0.0228909 0.0192638 0.0159531 0.0130791 0.0106582 0.00864419 0.00696771
 1.01411e-16 3.5539e-05 0.000208596 0.000991592 0.00381772 0.0119052 0.0300716 0.0615299 0.101991 0.136964 0.149027 0.131412 0.0939801 0.0546684 0.0261973 0.0109716 0.00508225 0.00394053 0.00474403 0.00628441 0.00810608 0.00997557 0.0116958 0.013084 0.0139983 0.0143656 0.0141934 0.0135598 0.0125872 0.0114098 0.0101457 0.00888054 0.00766595 0.0065269 0.00547333 0.0045099
 1.01016e-16 3.34665e-05 0.000196421 0.000933698 0.00359479 0.01121 0.0283156 0.0579377 0.0960384 0.128978 0.140356 0.123811 0.0886413 0.0517589 0.0251695 0.0111706 0.00611251 0.00569301 0.00726674 0.00965315 0.0123399 0.0149894 0.0172833 0.0189294 0.0197172 0.0195652 0.0185392 0.0168294 0.0146993 0.0124222 0.0102267 0.00826407 0.00660427 0.00525096 0.00416738 0.00330131
 1.02083e-16 2.37746e-05 0.000139507 0.000663086 0.00255281 0.0079606 0.0201081 0.0411456 0.0682103 0.0916253 0.0997611 0.0881263 0.0633671 0.0375535 0.0192948 0.0103225 0.00814499 0.00978079 0.0133647 0.0179804 0.0230781 0.0281344 0.0325824 0.0358832 0.0376371 0.0376737 0.0360856 0.0331919 0.0294482 0.0253356 0.0212639 0.0175151 0.0142342 0.0114538 0.00913757 0.00721994
 1.02432e-16 3.15164e-05 0.000184976 0.000879291 0.00338532 0.0105568 0.0266656 0.0545614 0.0904414 0.12146 0.132171 0.116582 0.0834468 0.0486883 0.0236087 0.0103688 0.00553211 0.00505485 0.00646402 0.00867877 0.0112592 0.0139365 0.0164559 0.018571 0.0200835 0.0208805 0.0209512 0.0203757 0.0192935 0.0178629 0.0162268 0.0144947 0.0127402 0.0110105 0.00933952 0.00775735
 1.01928e-16 3.1326e-05 0.000183854 0.000873947 0.00336473 0.0104926 0.0265035 0.0542299 0.0898933 0.120728 0.131386 0.115914 0.0830253 0.0485549 0.0237528 0.010784 0.0062477 0.00613024 0.00796215 0.0106344 0.0136501 0.0166634 0.0193371 0.0213571 0.0224912 0.0226408 0.021859 0.0203286 0.0183093 0.0160718 0.0138427 0.011773 0.00993467 0.00833761 0.00695638 0.00575467
 1.01385e-16 3.33999e-05 0.000196032 0.00093185 0.00358768 0.0111879 0.0282596 0.0578229 0.0958477 0.12872 0.140072 0.12355 0.0884346 0.051597 0.0250147 0.0109742 0.00582784 0.00528044 0.00669671 0.00891212 0.0114383 0.0139686 0.0162169 0.0179182 0.0188751 0.0190011 0.0183366 0.0170312 0.0153006 0.0133724 0.0114401 0.0096364 0.00802933 0.00663508 0.00543877 0.0044139
 1.01313e-16 3.1735e-05 0.000186254 0.000885356 0.00340865 0.0106295 0.0268494 0.0549379 0.091067 0.122304 0.133102 0.11743 0.0841141 0.049198 0.0240789 0.0109508 0.00636875 0.00626575 0.00813762 0.0108562 0.0139112 0.0169434 0.0196023 0.0215618 0.0225825 0.0225651 0.0215706 0.0197969 0.0175239 0.015045 0.0126081 0.0103814 0.00844793 0.00682167 0.00547448 0.00436162
 1.02871e-16 2.03198e-05 0.00011922 0.00056663 0.00218141 0.0068024 0.0171826 0.0351603 0.0582909 0.0783097 0.0852868 0.0753963 0.0543361 0.0324476 0.0171255 0.00989443 0.00867156 0.0109442 0.0151276 0.0204078 0.0262368 0.0320455 0.0372015 0.0410982 0.0432814 0.0435501 0.0419951 0.0389581 0.0349339 0.0304469 0.0259449 0.0217381 0.017989 0.0147409 0.011965 0.00960326
 1.05859e-16 1.95901e-05 0.000114947 0.000546342 0.00210334 0.00655897 0.0165676 0.033901 0.0562003 0.0754924 0.0821954 0.0726088 0.0522087 0.0309412 0.0159036 0.00853054 0.00678496 0.00823724 0.0113913 0.0155467 0.0203154 0.0253313 0.0301781 0.0344305 0.0377298 0.0398492 0.0407237 0.0404351 0.0391641 0.0371293 0.034537 0.0315551 0.0283133 0.0249174 0.0214681 0.0180699
 1.04758e-16 2.90511e-05 0.000170502 0.000810484 0.00312039 0.00973064 0.0245788 0.0502916 0.0833643 0.111957 0.121834 0.107473 0.0769477 0.0449379 0.0218689 0.00974145 0.00539855 0.00512395 0.00664784 0.00898052 0.0117185 0.014611 0.0174158 0.0198953 0.0218545 0.0231759 0.023834 0.023883 0.0234258 0.0225763 0.0214309 0.0200551 0.0184887 0.0167602 0.014903 0.0129649
 1.031e-16 2.8722e-05 0.000168563 0.000801247 0.0030848 0.00961963 0.0242985 0.0497187 0.0824168 0.110691 0.120475 0.106316 0.0762112 0.0446925 0.0220925 0.0104186 0.00657595 0.00690262 0.00913986 0.012257 0.0157618 0.0192798 0.0224323 0.0248634 0.026309 0.0266547 0.0259569 0.0244167 0.0223196 0.0199614 0.0175864 0.015353 0.0133315 0.0115262 0.00990571 0.00843236
 1.01657e-16 3.33332e-05 0.000195641 0.000929993 0.00358053 0.0111656 0.0282033 0.0577077 0.0956565 0.128463 0.139791 0.123299 0.0882477 0.051474 0.0249291 0.010893 0.00572326 0.0051327 0.00649281 0.00864589 0.0111124 0.0135966 0.0158246 0.0175414 0.0185561 0.018782 0.0182526 0.0171046 0.0155375 0.0137623 0.0119583 0.0102486 0.00869671 0.00731935 0.00610602 0.0050371
 1.01059e-16 3.36189e-05 0.000197317 0.000937959 0.0036112 0.0112612 0.0284449 0.058202 0.0964763 0.129565 0.140993 0.124368 0.0890298 0.0519646 0.0252304 0.0111317 0.00599879 0.00550842 0.00700439 0.00930611 0.0119086 0.0144864 0.0167341 0.0183709 0.0191928 0.0191176 0.0182026 0.0166234 0.0146266 0.012469 0.0103669 0.00846536 0.00683394 0.00548091 0.00437703 0.00347846
 1.01579e-16 2.78441e-05 0.000163404 0.000776712 0.00299032 0.00932498 0.0235543 0.0481964 0.079895 0.107309 0.116807 0.10311 0.0739808 0.0435208 0.0217663 0.0106867 0.00730447 0.00808372 0.0108317 0.0145206 0.0186157 0.0226703 0.0262203 0.0288289 0.0301747 0.030124 0.0287582 0.026343 0.0232551 0.01989 0.0165832 0.013564 0.0109471 0.00875412 0.00694899 0.00547177
 1.02499e-16 2.77508e-05 0.000162861 0.000774136 0.00298042 0.00929411 0.0234763 0.0480364 0.0796285 0.106948 0.116404 0.102732 0.0736599 0.0432333 0.0214408 0.0102302 0.00662102 0.00708467 0.00944657 0.0127143 0.0164092 0.0201578 0.0235748 0.0262892 0.0280142 0.0286069 0.0280924 0.0266426 0.0245209 0.022014 0.0193717 0.0167744 0.0143273 0.0120766 0.0100343 0.0081991
 1.02932e-16 2.77703e-05 0.000162975 0.000774682 0.00298252 0.00930067 0.0234928 0.0480702 0.0796846 0.107023 0.116484 0.102801 0.0737054 0.0432514 0.0214337 0.0101996 0.00656465 0.00699619 0.00931725 0.0125353 0.0161741 0.0198648 0.0232289 0.0259034 0.0276104 0.0282145 0.027746 0.0263783 0.0243726 0.0220082 0.0195244 0.0170878 0.0147895 0.0126622 0.0107077 0.008919
 1.0174e-16 3.45125e-05 0.000202567 0.000962928 0.00370735 0.011561 0.0292022 0.0597513 0.099043 0.133008 0.144728 0.127633 0.0913056 0.0531686 0.0255834 0.0108951 0.00531741 0.00440091 0.00542453 0.00720569 0.00928199 0.0113973 0.0133261 0.0148592 0.0158373 0.0161831 0.0159148 0.0151324 0.0139864 0.0126372 0.0112219 0.00983565 0.00852946 0.00732105 0.00621009 0.00519154
 1.01514e-16 3.01354e-05 0.00017686 0.000840689 0.00323666 0.0100932 0.0254947 0.0521663 0.086474 0.11614 0.126404 0.111547 0.0799558 0.0468787 0.0231541 0.010885 0.00681974 0.00710969 0.00937694 0.0125306 0.0160441 0.0195145 0.0225372 0.0247352 0.0258344 0.0257261 0.024489 0.0223623 0.0196794 0.0167872 0.0139761 0.0114399 0.00926941 0.00747266 0.00600721 0.00481168
 1.02102e-16 2.85666e-05 0.00016765 0.000796905 0.00306808 0.00956749 0.0241668 0.0494492 0.0819704 0.110092 0.119825 0.105747 0.0758131 0.044479 0.0220246 0.0104505 0.00668347 0.00708573 0.00941354 0.0126415 0.0162753 0.0199325 0.0232215 0.0257692 0.0272924 0.0276578 0.0269064 0.0252305 0.0229153 0.020267 0.0175497 0.0149502 0.0125719 0.0104512 0.0085848 0.0069532
 1.02305e-16 3.00676e-05 0.000176465 0.000838821 0.00322948 0.0100708 0.0254381 0.0520502 0.0862805 0.115877 0.126109 0.111266 0.07971 0.0466452 0.022874 0.0104808 0.00620949 0.00621602 0.00813744 0.0109139 0.0140688 0.0172649 0.0201675 0.0224585 0.023895 0.0243595 0.0238808 0.0226136 0.0207906 0.018661 0.0164391 0.0142751 0.0122518 0.0103995 0.00871913 0.0072021
 1.03341e-16 2.29733e-05 0.000134804 0.000640735 0.00246676 0.00769226 0.0194303 0.0397586 0.0659108 0.0885359 0.0963961 0.0851507 0.0612208 0.0362684 0.0186113 0.00992166 0.00779232 0.00934561 0.0127867 0.0172426 0.0221999 0.0271735 0.0316365 0.0350834 0.0371333 0.0376128 0.0365874 0.0343281 0.0312302 0.0277119 0.0241282 0.0207225 0.0176203 0.014855 0.0124072 0.0102404
pSPR Fmed_Fpbrs
0.592096   0.344284 0.344284
Fs Fmed_Fpbrs
0.36411   1.005 1.005
SSBpbr Bo_Bmed_Bpbrs
973418  527686  286461 286461
Ro
39340.1
SPR SPRFo_SPRFmed_SPRFpbrs
809368 479224 278652
log_Ro
10.4
likeval ReclasPelacesDesembMPH_pf_preclas_ppelaces_ptallas_desvR_qrecl_qpela
 74.5354 44.8711 0.00773671 0.000166973 286.429 165.717 80.317 0 16.0548 3.61129e-05 0 0 0 0 0
q_reclas_q_pelaces
0.42675 1
M
0.7
N
 29361.9 15215.7 6106.1 765.384 0.258433
 43028.7 13485.5 4695.37 1884.27 236.268
 16252.3 19455.1 3782.42 1316.96 594.769
 38547.5 6705.44 3123.66 607.295 306.942
 71030.8 18245.6 2485.97 1158.06 338.943
 42123.6 35024.4 8678.6 1182.46 712.057
 76847 19678.7 11988.2 2970.53 648.46
 91035.1 36589.7 7563.4 4607.63 1390.94
 132967 41732.6 11162.5 2307.39 1830
 169277 60973.9 12755.6 3411.83 1264.6
 66936.5 79961.6 22328.1 4670.99 1712.47
 37735.3 30629.2 24124.1 6736.3 1925.86
 44704 17400.3 9683.47 7626.85 2738.55
 22227.9 19666.2 4129.84 2298.3 2460.16
 16091.5 8909.33 2647.17 555.898 640.514
 18209.3 6394.28 1137.76 338.054 152.787
 13891.2 8242.25 1805.49 321.258 138.594
 14055.2 6444.51 2704.21 592.366 150.873
 14922.7 6647.04 2376.88 997.372 274.123
 34021.5 7087.43 2515.93 899.658 481.266
 41447.6 16110.6 2634.84 935.328 513.375
 49647.5 20178.2 7089.88 1159.52 637.537
 71094.6 24055.3 8625.82 3030.8 768.212
 47478.4 34247.4 9925.65 3559.17 1567.54
pred_Ctot
 1593.23 4256.88 1708.3 214.131 0.0723016
 2784.45 4360.19 1518.13 609.23 76.3912
 1998.34 10081.4 1960 682.431 308.202
 1301.95 1242.8 578.944 112.557 56.889
 359.922 554.455 75.5446 35.1917 10.2999
 1801.14 7995.56 1981.2 269.938 162.552
 2281.32 3246.23 1977.61 490.025 106.971
 5054.53 10434.8 2156.96 1314.02 396.675
 7355 11864.3 3173.42 655.974 520.256
 5953.5 11717.6 2451.28 655.662 243.021
 3798.39 23220.4 6483.97 1356.43 497.291
 1946.74 8213.17 6468.82 1806.33 516.416
 3694.4 6811.69 3790.78 2985.68 1072.06
 3121.14 11078.4 2326.43 1294.69 1385.86
 2341.99 5128.23 1523.72 319.977 368.681
 1165.13 2048.68 364.528 108.31 48.9516
 659.548 2059.57 451.156 80.2757 34.6318
 482.955 1212.99 508.987 111.495 28.3974
 468.969 1154.59 412.862 173.243 47.615
 1138.47 1302.7 462.441 165.362 88.4591
 585.88 1327.72 217.144 77.083 42.3087
 868.605 2036.89 715.689 117.048 64.3563
 1533.68 2956.6 1060.19 372.511 94.4198
 1136.13 4635.34 1343.42 481.729 212.165
F
 0.0780821 0.475749 0.475749 0.475749 0.475749
 0.0937564 0.571252 0.571252 0.571252 0.571252
 0.185314 1.12911 1.12911 1.12911 1.12911
 0.0479667 0.292258 0.292258 0.292258 0.292258
 0.0070679 0.0430642 0.0430642 0.0430642 0.0430642
 0.0610738 0.372119 0.372119 0.372119 0.372119
 0.0420509 0.256213 0.256213 0.256213 0.256213
 0.0799624 0.487206 0.487206 0.487206 0.487206
 0.0796517 0.485312 0.485312 0.485312 0.485312
 0.0499921 0.304598 0.304598 0.304598 0.304598
 0.0817892 0.498336 0.498336 0.498336 0.498336
 0.074108 0.451535 0.451535 0.451535 0.451535
 0.121165 0.738249 0.738249 0.738249 0.738249
 0.21425 1.30541 1.30541 1.30541 1.30541
 0.222888 1.35804 1.35804 1.35804 1.35804
 0.09266 0.564571 0.564571 0.564571 0.564571
 0.0680237 0.414464 0.414464 0.414464 0.414464
 0.0488175 0.297441 0.297441 0.297441 0.297441
 0.0445645 0.271529 0.271529 0.271529 0.271529
 0.0475142 0.289501 0.289501 0.289501 0.289501
 0.0198281 0.120811 0.120811 0.120811 0.120811
 0.0245928 0.149842 0.149842 0.149842 0.149842
 0.0304013 0.185233 0.185233 0.185233 0.185233
 0.033773 0.205776 0.205776 0.205776 0.205776
nmprior
 10 10 8 0
nm_flota  nm_reclas  nm_pelaces    nm_pelaL
inf 20.5943 18.2459 32.6136
cv_recla  cv_pelaces  cv_mph
0.799296 0.788221 0.419239
 ------------------------------------------------
Talla a la edad & desviación 
 7.2 14.2025 17.0495 18.207 18.6776
 1.08 2.13037 2.55742 2.73105 2.80164
