years
 1997 1998 1999 2000 2001 2002 2003 2004 2005 2006 2007 2008 2009 2010 2011 2012 2013 2014 2015 2016 2017 2018 2019 2020
reclasobs
 0 0 0 370054 412103 1.49427e+06 250295 1.28982e+06 931140 785840 897777 1.04006e+06 184774 17550 25797 100020 73551 82996 120727 218422 84188 347160 605670 569463
reclaspred
 2.38364e+06 289998 385718 112109 239093 243923 492693 451485 568804 1.07352e+06 978417 615042 375481 163277 98423.1 92524.4 103752 120253 100016 171522 312086 287056 416197 286609
pelacesobs
 0 0 0 0 0 0 0 0 0 2.06254e+06 1.5e+06 0 1.87456e+06 323000 250000 174000 83755 137374 0 501740 490994 745055 786931 1.00524e+06
pelacespred
 1.46061e+06 564046 167833 113998 214376 144369 454958 403626 505824 988091 737624 472482 316258 106975 66267.6 66107.2 77002.7 90212.2 73911.1 134431 269184 233991 266102 213216
mphobs
 0 0 0 0 0 112323 0 153150 637223 0 255016 313432 73983 77613 109348 50772 0 0 0 0 0 0 0 0
mphpred
 2.37532e+06 1.01388e+06 426608 205990 118282 321923 330746 435210 505858 687695 1.29365e+06 893780 483529 273134 115716 90706.4 100730 120498 123260 115321 251148 338460 392054 410015
desembarqueobs
 350755 77701 442110 56441 14545 235359 269955 359681 431902 328805 639364 411747 362871 311530 167758 66681 60226 58785 57116 71774 51957 67425 138520 160799
desembarquepred
 350746 77683.6 441639 56421.7 14543.6 235198 269833 359118 431472 328558 638656 411351 362240 311016 167401 66630.1 60202.5 58741.1 57067.5 71704.5 51943.8 67385.7 138433 160704
Reclutas
 4872.88 7104.96 1058.06 5217.42 56879.7 14399.2 51441.8 77381.2 86552.6 228207 50497.5 21783.1 54053.3 22770.7 14871.4 14860.5 10153.5 9351.8 7241.2 28608.4 32843.4 34856.2 37632.6 7990.61
log_desv_Rt
 -1.42856 -1.05145 -2.95581 -1.36024 1.02869 -0.345073 0.928206 1.3365 1.44851 2.41801 0.90968 0.068892 0.977726 0.113231 -0.312806 -0.313539 -0.694423 -0.776675 -1.03246 0.341457 0.479507 0.538986 0.615625 -0.933978
SSB
 2.37532e+06 1.01388e+06 426608 205990 118282 321923 330746 435210 505858 687695 1.29365e+06 893780 483529 273134 115716 90706.4 100730 120498 123260 115321 251148 338460 392054 410015
BT
 2.83404e+06 1.18043e+06 552163 271767 396455 441165 1.0144e+06 1.10283e+06 1.29554e+06 2.0717e+06 1.87154e+06 1.21415e+06 926688 488299 257187 172997 186588 208906 182063 299334 522615 482276 572795 522772
Ftot
 0.10354 0.191645 0.758796 0.389152 0.117767 0.721918 0.720063 1.14184 0.979086 0.507673 0.516842 0.49953 0.974662 1.60207 1.7601 0.755281 0.587827 0.468234 0.48597 0.604436 0.181418 0.213097 0.283659 0.409872
BD_Bspro_t
 0.983673 0.876467 0.673105 0.346795 0.389864 0.688651 0.502257 0.515402 0.502401 0.530123 0.645233 0.478721 0.33824 0.256148 0.145898 0.143348 0.20703 0.308729 0.367266 0.410488 0.625724 0.741169 0.735147 0.676797
BD_Bspro
 5.6782 2.42367 1.01981 0.492418 0.282754 0.769556 0.790648 1.04037 1.20925 1.64393 3.09246 2.13658 1.15588 0.652926 0.276619 0.216834 0.240796 0.28805 0.294652 0.275675 0.60037 0.809087 0.937205 0.980139
BD_Bo
 2.34869 1.00251 0.421825 0.20368 0.116956 0.318314 0.327038 0.43033 0.500187 0.679985 1.27915 0.88376 0.478108 0.270072 0.114419 0.0896896 0.099601 0.119147 0.121878 0.114028 0.248333 0.334665 0.387659 0.405418
BD_Brms
 7.84993 3.35064 1.40985 0.680751 0.390897 1.06389 1.09305 1.43827 1.67175 2.27268 4.27523 2.95375 1.59796 0.902648 0.382417 0.299765 0.332892 0.398219 0.407347 0.381112 0.829991 1.11854 1.29565 1.35501
S_f
 0.148434 1 1 1 1
 0.148434 1 1 1 1
 0.148434 1 1 1 1
 0.148434 1 1 1 1
 0.148434 1 1 1 1
 0.148434 1 1 1 1
 0.148434 1 1 1 1
 0.148434 1 1 1 1
 0.148434 1 1 1 1
 0.148434 1 1 1 1
 0.148434 1 1 1 1
 0.148434 1 1 1 1
 0.148434 1 1 1 1
 0.148434 1 1 1 1
 0.148434 1 1 1 1
 0.148434 1 1 1 1
 0.148434 1 1 1 1
 0.148434 1 1 1 1
 0.148434 1 1 1 1
 0.148434 1 1 1 1
 0.148434 1 1 1 1
 0.148434 1 1 1 1
 0.148434 1 1 1 1
 0.148434 1 1 1 1
Scru_reclas
 0.81629 1 1 1 1
 0.81629 1 1 1 1
 0.81629 1 1 1 1
 0.81629 1 1 1 1
 0.81629 1 1 1 1
 0.81629 1 1 1 1
 0.81629 1 1 1 1
 0.81629 1 1 1 1
 0.81629 1 1 1 1
 0.81629 1 1 1 1
 0.81629 1 1 1 1
 0.81629 1 1 1 1
 0.81629 1 1 1 1
 0.81629 1 1 1 1
 0.81629 1 1 1 1
 0.81629 1 1 1 1
 0.81629 1 1 1 1
 0.81629 1 1 1 1
 0.81629 1 1 1 1
 0.81629 1 1 1 1
 0.81629 1 1 1 1
 0.81629 1 1 1 1
 0.81629 1 1 1 1
 0.81629 1 1 1 1
Scru_pelaces
 1 1 1 1 1
 1 1 1 1 1
 1 1 1 1 1
 1 1 1 1 1
 1 1 1 1 1
 1 1 1 1 1
 1 1 1 1 1
 1 1 1 1 1
 1 1 1 1 1
 1 1 1 1 1
 1 1 1 1 1
 1 1 1 1 1
 1 1 1 1 1
 1 1 1 1 1
 1 1 1 1 1
 1 1 1 1 1
 1 1 1 1 1
 1 1 1 1 1
 1 1 1 1 1
 1 1 1 1 1
 1 1 1 1 1
 1 1 1 1 1
 1 1 1 1 1
 1 1 1 1 1
pf_obs 
 0.256992 0.487395 0.22802 0.0275931 0
 0.321318 0.546541 0.124235 0.00734118 0.000564706
 0.182869 0.594174 0.210203 0.0122559 0.00049798
 0.330522 0.361315 0.267642 0.0388342 0.00168674
 0.649043 0.306663 0.0425973 0.00169635 0
 0.582887 0.30429 0.105238 0.00758474 0
 0.465427 0.430635 0.0974691 0.00646863 0
 0.296916 0.608066 0.0921331 0.00288517 0
 0.311714 0.524322 0.152257 0.0117073 0
 0.15457 0.633149 0.183074 0.0267441 0.00246327
 0.131901 0.49318 0.331252 0.0422183 0.00144891
 0.196976 0.569456 0.194076 0.0375587 0.00193317
 0.518974 0.381816 0.0799577 0.0180837 0.00116848
 0.0928022 0.601141 0.25162 0.0475244 0.00691264
 0.122501 0.610282 0.24278 0.0234846 0.000952079
 0.383417 0.481906 0.127806 0.00687128 0
 0.0376549 0.599619 0.316969 0.0457579 0
 0.0361596 0.667082 0.258105 0.0386534 0
 0.158088 0.579412 0.248529 0.0139706 0
 0.0477256 0.309471 0.559284 0.082774 0.000745712
 0.0406174 0.521527 0.379366 0.0568643 0.0016247
 0.151134 0.462217 0.34131 0.0453401 0
 0.294876 0.26143 0.354403 0.0886775 0.000613685
 0.281977 0.475581 0.204845 0.0348837 0.00271318
pf_pred 
 0.00798748 0.638971 0.312087 0.0409521 1.42592e-06
 0.0249769 0.0525829 0.594159 0.2902 0.0380813
 0.00939632 0.157677 0.0449197 0.507568 0.280439
 0.139921 0.0736948 0.125171 0.0356592 0.625554
 0.672834 0.186536 0.0120497 0.0204664 0.108113
 0.0848366 0.856725 0.0333191 0.00215231 0.0229669
 0.419553 0.274638 0.286282 0.0111339 0.00839381
 0.390282 0.533461 0.0360811 0.0376109 0.00256549
 0.328467 0.595208 0.0667788 0.00451664 0.00502929
 0.479918 0.43938 0.0715297 0.00802522 0.00114719
 0.0708073 0.825865 0.0872941 0.0142112 0.00182233
 0.0622191 0.373927 0.501152 0.0529719 0.00972949
 0.288026 0.259142 0.18056 0.241994 0.030277
 0.164967 0.682989 0.0553406 0.0385592 0.0581444
 0.245005 0.572523 0.149247 0.0120931 0.0211317
 0.299952 0.594983 0.0796726 0.0207693 0.00462358
 0.185275 0.658805 0.13252 0.0177453 0.00565571
 0.192829 0.542797 0.213778 0.0430018 0.0075935
 0.165055 0.559182 0.185442 0.0730354 0.0172854
 0.496907 0.316297 0.125101 0.0414875 0.0202068
 0.265366 0.661134 0.0462098 0.0182769 0.0090133
 0.203864 0.578378 0.195971 0.0136974 0.00808927
 0.195234 0.528437 0.200748 0.0680193 0.00756187
 0.0476685 0.621213 0.217424 0.0825971 0.0310977
pobs_RECLAS
 0 0 0 0 0
 0 0 0 0 0
 0 0 0 0 0
 0 0 0 0 0
 0.835266 0.146461 0.0176864 0.000547809 3.91292e-05
 0.385257 0.428462 0.181853 0.0044286 0
 0.867414 0.0963971 0.0333333 0.00285562 0
 0.441836 0.489002 0.0689373 0.000224442 0
 0.779404 0.147425 0.0564933 0.0165055 0.000172143
 0.814271 0.122319 0.05973 0.00367925 0
 0.40263 0.566651 0.0304383 0.000280538 0
 0.475488 0.404961 0.113038 0.00651328 0
 0.955842 0.0263864 0.0167828 0.000988607 0
 0.975058 0.0227948 0.00214734 0 0
 0.738997 0.206755 0.0527124 0.00153531 0
 0.850938 0.134255 0.0134407 0.00136685 0
 0.542534 0.407297 0.0501686 0 0
 0.764087 0.199537 0.0359546 0.000420521 0
 0.470689 0.182191 0.310203 0.0369168 0
 0.84361 0.089868 0.0606195 0.00523954 0.000663233
 0.607945 0.314616 0.071237 0.00620181 0
 0.523733 0.453247 0.0230204 0 0
 0.530135 0.295979 0.169645 0.0042399 0
 0.562478 0.366248 0.0663022 0.0049721 0
ppred_RECLAS
 0.0426271 0.61666 0.30119 0.0395221 1.37612e-06
 0.124665 0.0472068 0.533411 0.26053 0.0341879
 0.0524718 0.150821 0.0429664 0.485497 0.268244
 0.478468 0.0446868 0.0759008 0.0216229 0.379322
 0.919236 0.0460481 0.00297456 0.00505231 0.0266887
 0.350265 0.608246 0.0236555 0.00152807 0.0163058
 0.807787 0.0909452 0.0948012 0.00368694 0.00277958
 0.796531 0.178021 0.0120406 0.0125511 0.000856129
 0.745497 0.225577 0.0253084 0.00171176 0.00190605
 0.840155 0.135042 0.0219843 0.00246651 0.000352584
 0.302846 0.619629 0.065495 0.0106624 0.00136726
 0.27412 0.289435 0.387912 0.0410024 0.00753102
 0.707718 0.106384 0.0741243 0.0993444 0.0124294
 0.564227 0.356427 0.0288802 0.0201226 0.0303434
 0.686012 0.238101 0.0620689 0.00502927 0.00878826
 0.71433 0.242796 0.0325121 0.00847535 0.00188675
 0.566136 0.350832 0.0705704 0.0094499 0.00301183
 0.575562 0.285421 0.112412 0.0226118 0.00399292
 0.529157 0.315334 0.104575 0.0411862 0.00974761
 0.85022 0.0941674 0.037245 0.0123516 0.00601593
 0.667436 0.299291 0.0209189 0.00827381 0.00408026
 0.587736 0.299502 0.10148 0.00709293 0.00418888
 0.57577 0.278564 0.105824 0.0358561 0.00398622
 0.220422 0.508524 0.177983 0.0676139 0.0254565
pobs_PELACES
 0 0 0 0 0
 0 0 0 0 0
 0 0 0 0 0
 0 0 0 0 0
 0 0 0 0 0
 0 0 0 0 0
 0 0 0 0 0
 0 0 0 0 0
 0 0 0 0 0
 0 0 0 0 0
 0.450072 0.473896 0.0757376 0.000293798 0
 0 0 0 0 0
 0.463077 0.371075 0.160297 0.00555027 0
 0.529543 0.364841 0.0842815 0.0213345 0
 0.631943 0.363953 0.00410389 0 0
 0.735681 0.248677 0.0153453 0.000297389 0
 0.695825 0.281241 0.0229344 0 0
 0.275771 0.60734 0.115278 0.00161068 0
 0 0 0 0 0
 0.896147 0.0623911 0.0374545 0.00400742 0
 0.803859 0.145111 0.0509908 3.86294e-05 0
 0.739449 0.233085 0.0266225 0.000797448 4.60066e-05
 0.878498 0.100942 0.0204185 0.000141795 0
 0.694673 0.275183 0.0284847 0.00165964 0
ppred_PELACES
 0.0531703 0.609869 0.297873 0.0390869 1.36097e-06
 0.155495 0.0455441 0.514624 0.251353 0.0329837
 0.0774605 0.146843 0.0418332 0.472693 0.26117
 0.556301 0.0380178 0.0645735 0.0183959 0.322712
 0.935118 0.0369933 0.00238965 0.00405883 0.0214407
 0.447193 0.517507 0.0201265 0.00130011 0.0138733
 0.863071 0.064788 0.0675349 0.00262652 0.00198013
 0.868597 0.114968 0.00777596 0.00810565 0.000552898
 0.825327 0.15482 0.0173699 0.00117483 0.00130818
 0.881324 0.10026 0.0163221 0.00183124 0.000261773
 0.380941 0.550218 0.0581582 0.00946798 0.0012141
 0.347407 0.260213 0.348747 0.0368627 0.00677067
 0.795956 0.0742673 0.0517466 0.0693529 0.00867705
 0.713313 0.234486 0.0189998 0.0132383 0.0199623
 0.814444 0.14071 0.0366807 0.00297213 0.00519358
 0.791128 0.177523 0.0237717 0.00619688 0.00137952
 0.653459 0.280221 0.0563669 0.00754794 0.00240564
 0.654561 0.232297 0.091489 0.0184031 0.00324973
 0.612139 0.259759 0.0861442 0.0339275 0.00802968
 0.891791 0.0680314 0.0269077 0.00892343 0.00434622
 0.721232 0.250878 0.017535 0.00693544 0.00342024
 0.649646 0.254526 0.0862408 0.00602778 0.00355983
 0.642936 0.23446 0.089069 0.0301792 0.0033551
 0.279883 0.469737 0.164408 0.0624568 0.0235149
pobs_pel_tallas
 0 0 0 0 0 0 0 0 0 0 0 0 0 0 0 0 0 0 0 0 0 0 0 0 0 0 0 0 0 0 0 0 0 0 0 0
 0 0 0 0 0 0 0 0 0 0 0 0 0 0 0 0 0 0 0 0 0 0 0 0 0 0 0 0 0 0 0 0 0 0 0 0
 0 0 0 0 0 0 0 0 0 0 0 0 0 0 0 0 0 0 0 0 0 0 0 0 0 0 0 0 0 0 0 0 0 0 0 0
 0 0 0 0 0 0 0 0 0 0 0 0 0 0 0 0 0 0 0 0 0 0 0 0 0 0 0 0 0 0 0 0 0 0 0 0
 0 0 0 0 0 0 0 0 0 0 0 0 0 0 0 0 0 0 0 0 0 0 0 0 0 0 0 0 0 0 0 0 0 0 0 0
 0 0 0 0 0 0 0 0 0 0 0 0 0 0 0 0 0 0 0 0 0 0 0 0 0 0 0 0 0 0 0 0 0 0 0 0
 0 0 0 0 0 0 0 0 0 0 0 0 0 0 0 0 0 0 0 0 0 0 0 0 0 0 0 0 0 0 0 0 0 0 0 0
 0 0 0 0 0 0 0 0 0 0 0 0 0 0 0 0 0 0 0 0 0 0 0 0 0 0 0 0 0 0 0 0 0 0 0 0
 0 0 0 0 0 0 0 0 0 0 0 0 0 0 0 0 0 0 0 0 0 0 0 0 0 0 0 0 0 0 0 0 0 0 0 0
 0 0 0 0 0 0 0 0 0 0 0 0 0 0 0 0 0 0 0 0 0 0 0 0 0 0 0 0 0 0 0 0 0 0 0 0
 0 0 0 0 0 0 0 0 1.78061e-05 0.00172719 0.00360574 0.0105946 0.0120993 0.0124554 0.0147524 0.0171206 0.0266825 0.0428682 0.0675386 0.121331 0.153587 0.119568 0.100827 0.0573624 0.0630603 0.0341343 0.0324427 0.0444173 0.0211091 0.0280891 0.0125444 0.00206551 0 0 0 0
 0 0 0 0 0 0 0 0 0 0 0 0 0 0 0 0 0 0 0 0 0 0 0 0 0 0 0 0 0 0 0 0 0 0 0 0
 0 0 0 0 0 0 0.0133647 0.0140871 0.0187388 0.0205184 0.03894 0.0496705 0.03968 0.0493445 0.0407372 0.0367815 0.0215668 0.0243155 0.0234873 0.0199281 0.019796 0.0243948 0.0301388 0.0376714 0.0412746 0.0863199 0.0771752 0.113111 0.0741005 0.0525337 0.0229764 0.00759418 0.00175318 0 0 0
 0 0 0 0 0 0 0 0 0 0 0.00219441 0.00772107 0.0458388 0.0604681 0.0671733 0.0775358 0.0609151 0.0617685 0.073594 0.0568108 0.0755445 0.0548602 0.0670107 0.0636378 0.0643287 0.046367 0.0373049 0.0286899 0.0247887 0.0153202 0.00654259 0.00121912 0.000365735 0 0 0
 0 0 0 0 0 0 0 0 0 0 0 0 0.000112435 0.00938835 0.0111873 0.0202946 0.0414886 0.0713402 0.111592 0.104902 0.108894 0.110636 0.117776 0.105296 0.107544 0.0401394 0.0192827 0.0124803 0.00416011 0.0028671 0.000618394 0 0 0 0 0
 0 0 0 0 0 0 0 0 0 0 0.00291406 0.0102884 0.027416 0.0768956 0.0749926 0.110853 0.0956884 0.0897413 0.0766577 0.0534642 0.0500743 0.0551293 0.0594112 0.0620874 0.0668451 0.0424026 0.0208742 0.0120726 0.0048766 0.00582813 0.00118941 0.000297354 0 0 0 0
 0 0.00264628 0.0354308 0.0461629 0.0458689 0.0383711 0.0214643 0.0164657 0.0346957 0.0420465 0.0363128 0.0245516 0.0311673 0.0291091 0.0169068 0.0133784 0.00837989 0.0085269 0.0148486 0.0160247 0.0276389 0.0546898 0.0760071 0.122758 0.109233 0.0665981 0.0333725 0.0166128 0.00676272 0.00308733 0.000882094 0 0 0 0 0
 0 0 0 0 0 0 0 0.000805153 0.000690131 0.00759144 0.0133425 0.0154129 0.00931677 0.000345066 0.00356568 0.00563607 0.00851162 0.0253048 0.0502646 0.0516448 0.0657925 0.0565908 0.0611916 0.0827007 0.0866115 0.110766 0.145733 0.0935128 0.0569358 0.0249597 0.0138026 0.00621118 0.00161031 0.00115022 0 0
 0 0 0 0 0 0 0 0 0 0 0 0 0 0 0 0 0 0 0 0 0 0 0 0 0 0 0 0 0 0 0 0 0 0 0 0
 0.00147267 0.00158595 0.00478618 0.00569244 0.00954404 0.0108468 0.00647125 0.017049 0.0510054 0.094081 0.124002 0.0959785 0.0687766 0.0820023 0.061753 0.0591476 0.0492212 0.0479892 0.0443925 0.0268479 0.0217502 0.0140895 0.0121071 0.0120363 0.00920419 0.00665534 0.0049561 0.00860946 0.00930331 0.0156896 0.0114698 0.00855282 0.00243557 0.00046729 0 2.83206e-05
 0 0 0 0 0.000772559 0.00158375 0.000888443 0.00281984 0.00712685 0.0440552 0.0773331 0.111326 0.0921469 0.0852325 0.0710754 0.0886704 0.0786465 0.0553345 0.0373146 0.0185414 0.00753245 0.00457741 0.012979 0.0271748 0.0457355 0.0583668 0.034881 0.0177882 0.00938659 0.00492506 0.0015258 0.00185414 0.000309023 5.79419e-05 3.86279e-05 0
 0 0.00173294 0.00326652 0 0.00397197 0.00683976 0.00946217 0.0152591 0.00757587 0.0136028 0.0228656 0.0392903 0.0559909 0.0764795 0.0681675 0.0726916 0.0566044 0.0477403 0.0527397 0.0444891 0.0609904 0.0582453 0.0661739 0.0445044 0.0529084 0.0360697 0.0280645 0.0235558 0.0158879 0.00826598 0.00280645 0.00217768 0.000904811 0.00058276 9.20147e-05 0
 0 0 0 0 0 0 0 0 0 0 0 0 0 0 0 0 0 0 0 0 0 0 0 0 0 0 0 0 0 0 0 0 0 0 0 0
 0 0 0 0 0 0 0 0 0 0 0 0 0 0 0 0 0 0 0 0 0 0 0 0 0 0 0 0 0 0 0 0 0 0 0 0
ppred_pel_tallas
 1.05771e-16 2.35655e-06 1.37385e-05 6.51141e-05 0.00025037 0.000780462 0.00197205 0.00404003 0.00671565 0.009076 0.010027 0.00920274 0.00736976 0.00588147 0.00581406 0.00761801 0.0113357 0.016895 0.024176 0.0329079 0.0425645 0.0523515 0.0613032 0.0684595 0.073067 0.0747368 0.0735097 0.0698056 0.0642872 0.057686 0.0506532 0.0436723 0.0370446 0.0309237 0.0253737 0.0204181
 1.17498e-16 6.79572e-06 3.98518e-05 0.000189373 0.000728992 0.00227316 0.00574182 0.0117491 0.019478 0.0261664 0.0284955 0.0251862 0.0181424 0.0108232 0.00571106 0.00334359 0.00308108 0.00418219 0.00626875 0.00927555 0.0132676 0.0183087 0.0243918 0.0314009 0.0390918 0.0470887 0.0549023 0.0619702 0.0677189 0.0716386 0.0733585 0.0727069 0.0697428 0.0647465 0.0581781 0.0506048
 1.29088e-16 3.39517e-06 1.98832e-05 9.44308e-05 0.000363424 0.00113315 0.00286235 0.00585804 0.00971557 0.0130637 0.0142581 0.0126772 0.00929501 0.00587294 0.00369969 0.0031069 0.00384431 0.00560325 0.00823277 0.011701 0.0159985 0.0210804 0.0268527 0.0331824 0.0399122 0.0468669 0.0538455 0.0606027 0.0668315 0.0721625 0.0761895 0.0785243 0.0788661 0.0770665 0.073174 0.0674395
 1.16641e-16 2.42709e-05 0.000142451 0.000677151 0.00260708 0.00812992 0.0205354 0.0420176 0.0696467 0.0935274 0.10176 0.0897207 0.0641406 0.0372643 0.0177756 0.00731783 0.0032321 0.00241229 0.00299654 0.00424154 0.005948 0.00808945 0.0106666 0.0136655 0.0170454 0.0207321 0.0246116 0.0285247 0.0322681 0.0356049 0.0382863 0.0400824 0.0408176 0.0403998 0.0388388 0.036249
 1.01188e-16 4.07896e-05 0.000239429 0.00113819 0.0043822 0.0136656 0.0345179 0.0706268 0.117066 0.1572 0.171021 0.150748 0.107682 0.062383 0.0294131 0.0114856 0.00406507 0.00184688 0.00160304 0.00197615 0.00252206 0.00309764 0.0036307 0.00406651 0.00436663 0.0045154 0.00452218 0.00441647 0.00423786 0.00402439 0.00380329 0.00358696 0.00337421 0.00315554 0.00291966 0.00265902
 1.01148e-16 1.95333e-05 0.000114592 0.000544604 0.00209656 0.00653778 0.0165144 0.0337939 0.0560294 0.075283 0.0820206 0.0725806 0.0524627 0.03164 0.0172639 0.0108505 0.0104425 0.0136461 0.0189144 0.0253788 0.0323578 0.0390946 0.044752 0.0485491 0.0499363 0.0487301 0.0451586 0.0397979 0.0334248 0.0268362 0.0206916 0.0154207 0.0112065 0.00802913 0.00574065 0.00414043
 1.01163e-16 3.76493e-05 0.00022099 0.00105052 0.00404464 0.0126129 0.031859 0.0651867 0.10805 0.145097 0.157862 0.13917 0.0994586 0.0577135 0.0273912 0.0110148 0.00441911 0.00272716 0.00297128 0.00389752 0.00507781 0.0063438 0.00757762 0.00866946 0.00952557 0.0100829 0.0103175 0.0102419 0.00989567 0.00933149 0.00860379 0.0077621 0.00684974 0.00590546 0.00496559 0.00406445
 1.00453e-16 3.78922e-05 0.000222411 0.00105727 0.00407061 0.0126939 0.0320636 0.0656057 0.108746 0.146035 0.158893 0.140103 0.100177 0.058235 0.0278333 0.011527 0.00513649 0.00375676 0.00438743 0.00573031 0.00729469 0.00883365 0.0101474 0.0110603 0.0114485 0.0112677 0.0105638 0.00945838 0.00811703 0.00671005 0.00537851 0.00421451 0.00325805 0.0025068 0.0019324 0.00149646
 1.00399e-16 3.60071e-05 0.00021134 0.00100463 0.00386791 0.0120617 0.030467 0.0623392 0.103333 0.13877 0.150999 0.133169 0.095276 0.0555011 0.0267427 0.0114489 0.00566858 0.00475462 0.00585683 0.00772252 0.00984321 0.0119215 0.0136935 0.0149215 0.0154363 0.0151762 0.0142008 0.0126729 0.0108165 0.00886346 0.00700829 0.00538072 0.00404075 0.00299075 0.0021964 0.00160766
 1.0034e-16 3.84466e-05 0.000225667 0.00107276 0.00413023 0.0128798 0.0325332 0.0665664 0.110338 0.148171 0.161214 0.142141 0.101615 0.0590317 0.0281411 0.0115286 0.00494746 0.00341675 0.00389329 0.00506804 0.00645909 0.00783847 0.00902886 0.00987457 0.010264 0.0101538 0.00957835 0.00863822 0.0074736 0.0062308 0.00503332 0.00396474 0.00306552 0.00234052 0.00177205 0.00133261
 1.01387e-16 1.66459e-05 9.76365e-05 0.00046399 0.00178617 0.00556981 0.0140694 0.0287916 0.0477391 0.0641541 0.0699228 0.0619394 0.0449108 0.027365 0.0154376 0.0104714 0.010851 0.0145751 0.0203334 0.0273466 0.0349393 0.0423216 0.0486048 0.0529518 0.0547635 0.0538215 0.0503394 0.0448977 0.0382933 0.0313515 0.0247631 0.0189887 0.0142402 0.0105243 0.00771743 0.00564045
 1.06619e-16 1.51726e-05 8.90118e-05 0.000423042 0.0016286 0.00507852 0.0128281 0.0262497 0.0435184 0.058464 0.063673 0.0562896 0.0405686 0.0242335 0.0128115 0.00745543 0.00663648 0.00852199 0.0119926 0.0165245 0.0218049 0.0275016 0.0332083 0.0384833 0.0429211 0.0462168 0.0482027 0.0488461 0.0482205 0.046464 0.0437442 0.0402407 0.0361428 0.0316526 0.026986 0.0223625
 1.03548e-16 3.47231e-05 0.000203809 0.000968846 0.00373016 0.0116322 0.0293819 0.0601184 0.0996497 0.133817 0.145595 0.128366 0.0917592 0.0532908 0.0253777 0.0103564 0.00439618 0.00301028 0.00347061 0.00462564 0.0060803 0.00767367 0.00928727 0.0108081 0.012138 0.0132079 0.0139842 0.0144637 0.014662 0.0145989 0.0142895 0.0137431 0.012968 0.011981 0.0108139 0.00951582
 1.01734e-16 3.11259e-05 0.000182676 0.000868345 0.00334315 0.0104253 0.0263335 0.0538823 0.089318 0.119958 0.130554 0.115196 0.0825434 0.0483392 0.0237698 0.0109967 0.00664981 0.00674512 0.00882294 0.0117619 0.0150344 0.0182514 0.0210293 0.0230148 0.0239559 0.0237603 0.0225155 0.0204609 0.0179227 0.0152347 0.012671 0.0104069 0.00851476 0.00698466 0.0057587 0.00476356
 1.00912e-16 3.5532e-05 0.000208552 0.000991379 0.00381689 0.0119027 0.0300651 0.0615168 0.101969 0.136938 0.149004 0.131404 0.0940019 0.0547362 0.0263324 0.0112034 0.00544821 0.00448214 0.00549789 0.00727048 0.00931517 0.0113595 0.0131643 0.0145108 0.0152378 0.0152756 0.0146604 0.0135186 0.0120322 0.0103929 0.0087645 0.00725976 0.00593682 0.00480937 0.00386362 0.0030745
 1.00673e-16 3.45168e-05 0.000202589 0.000963022 0.0037077 0.0115621 0.029205 0.0597572 0.099054 0.133026 0.144757 0.127681 0.0913866 0.0533107 0.0258284 0.0113 0.00595175 0.00533915 0.00673205 0.00891933 0.0113887 0.013817 0.0159056 0.0173824 0.0180518 0.0178399 0.01681 0.0151429 0.0130884 0.0109061 0.00881372 0.00695673 0.0054032 0.00415773 0.00318511 0.00243369
 1.01264e-16 2.8518e-05 0.000167361 0.000795523 0.00306275 0.00955084 0.0241248 0.0493636 0.0818295 0.109907 0.119631 0.105597 0.0757502 0.0445322 0.0222172 0.0108165 0.0072746 0.00796487 0.010639 0.0142462 0.0182456 0.0221921 0.025626 0.0281161 0.029347 0.0291906 0.0277331 0.025244 0.022103 0.0187084 0.015398 0.012402 0.00983498 0.00771639 0.00600604 0.00463824
 1.02159e-16 2.85642e-05 0.000167636 0.000796842 0.00306784 0.00956674 0.0241649 0.0494453 0.0819637 0.110083 0.119813 0.105733 0.075795 0.0444525 0.0219822 0.0103822 0.0065774 0.00692979 0.00919764 0.0123609 0.0159342 0.0195466 0.0228187 0.0253875 0.0269743 0.0274434 0.0268258 0.0252977 0.0231257 0.0205986 0.0179677 0.0154133 0.0130391 0.010888 0.00896621 0.00726533
 1.02849e-16 2.67155e-05 0.00015678 0.000745226 0.0028691 0.00894696 0.0225994 0.0462424 0.0766557 0.102958 0.112068 0.0989232 0.0709674 0.0417299 0.0208381 0.0101804 0.00690057 0.00761086 0.0102176 0.0137519 0.0177243 0.0217339 0.0253617 0.0282067 0.0299636 0.0304878 0.0298209 0.0281646 0.0258189 0.0231037 0.0202925 0.0175753 0.0150543 0.0127634 0.0106981 0.00884181
 1.00914e-16 3.89017e-05 0.000228342 0.00108548 0.00417923 0.0130326 0.0329191 0.0673558 0.111646 0.149924 0.163114 0.143798 0.102761 0.05962 0.0282763 0.0113338 0.00448352 0.0026794 0.00284666 0.00368027 0.00472902 0.00581256 0.00680768 0.007607 0.00812888 0.00833263 0.00822513 0.00785443 0.00729396 0.00662282 0.00590906 0.00520056 0.00452409 0.00389041 0.00330174 0.0027581
 1.00729e-16 3.14719e-05 0.000184706 0.00087799 0.00338028 0.0105411 0.026626 0.0544809 0.0903106 0.121292 0.132009 0.116486 0.0834833 0.0489197 0.0241109 0.0112468 0.00692385 0.0071148 0.0093288 0.0124213 0.0158406 0.019169 0.0219916 0.0239274 0.0247065 0.0242342 0.0226134 0.0201141 0.0171037 0.0139605 0.0109987 0.00842481 0.0063294 0.00470838 0.00349803 0.00261043
 1.01681e-16 2.83508e-05 0.000166381 0.000790871 0.00304484 0.00949501 0.0239838 0.0490748 0.0813503 0.109261 0.118924 0.104961 0.0752693 0.0441998 0.0219602 0.0105429 0.00690409 0.0074375 0.00991496 0.0133099 0.0171142 0.0209233 0.0243198 0.0269065 0.0283838 0.028614 0.0276477 0.0256982 0.0230801 0.0201308 0.0171425 0.0143224 0.0117859 0.00957257 0.00767496 0.00606466
 1.02535e-16 2.80574e-05 0.000164661 0.000782695 0.00301337 0.00939688 0.0237359 0.0485675 0.0805087 0.108129 0.117688 0.103862 0.0744624 0.0436883 0.0216367 0.0102736 0.00658217 0.0069919 0.00930261 0.0125117 0.0161389 0.0198137 0.0231556 0.0258001 0.0274669 0.028019 0.0274859 0.0260416 0.0239497 0.0214944 0.0189215 0.0164054 0.0140447 0.0118789 0.00991368 0.00814327
 1.05732e-16 1.22362e-05 7.17547e-05 0.00034096 0.0013125 0.00409271 0.0103383 0.0211569 0.0350826 0.0471534 0.0514135 0.0455914 0.0331618 0.0204161 0.0118977 0.00863853 0.00950299 0.0130708 0.0184175 0.0249851 0.0322593 0.0396053 0.0462837 0.0515717 0.0549151 0.0560465 0.0550314 0.0522229 0.0481497 0.0433767 0.0383872 0.0335167 0.0289467 0.0247404 0.0208961 0.0173938
pSPR Fmed_Fpbrs
0.520643   0.349199 0.349199
Fs Fmed_Fpbrs
0.491578   1.005 1.005
SSBpbr Bo_Bmed_Bpbrs
1.01134e+06  475980  302592 302592
Ro
20333
SPR SPRFo_SPRFmed_SPRFpbrs
418323 217797 146078
log_Ro
9.74
likeval ReclasPelacesDesembMPH_pf_preclas_ppelaces_ptallas_desvR_qrecl_qpela
 95.4616 85.1901 0.112737 0.000571754 353.383 171.031 85.495 0 43.8061 5.70185e-06 0 0 0 0 0
q_reclas_q_pelaces
0.712932 1
M
0.7
N
 4872.88 60136.2 29371.8 3854.17 0.134199
 7104.96 2382.9 26925.5 13151 1725.73
 1058.06 3429.27 976.942 11038.9 6099.16
 5217.42 469.448 797.359 227.155 3984.88
 56879.7 2445.47 157.97 268.313 1417.36
 14399.2 27756.1 1079.47 69.7305 744.082
 51441.8 6423.83 6696.19 260.423 196.333
 77381.2 22955.8 1552.63 1618.46 110.397
 86552.6 32435.6 3639.09 246.133 274.069
 228207 37167.1 6050.68 678.851 97.0407
 50497.5 105099 11108.9 1808.5 231.908
 21783.1 23224.5 31126.4 3290.07 604.296
 54053.3 10044.1 6998.37 9379.5 1173.51
 22770.7 23226.6 1881.99 1311.29 1977.33
 14871.4 8914.45 2323.85 188.295 329.031
 14860.5 5686.99 761.53 198.518 44.1932
 10153.5 6596.88 1326.97 177.691 56.6329
 9351.8 4620.8 1819.88 366.071 64.643
 7241.2 4332.17 1436.68 565.829 133.916
 28608.4 3345.62 1323.26 438.833 213.737
 32843.4 12987.4 907.753 359.034 177.059
 34856.2 15876.2 5379.33 375.987 222.047
 37632.6 16770.1 6370.8 2158.62 239.979
 7990.61 17917.3 6271.03 2382.3 896.931
pred_Ctot
 53.4943 4279.36 2090.13 274.267 0.00954973
 143.539 302.188 3414.56 1667.74 218.849
 81.5812 1368.99 390.004 4406.83 2434.84
 211.301 111.29 189.027 53.8508 944.682
 709.562 196.719 12.7074 21.5836 114.015
 1058.8 10692.3 415.837 26.8618 286.637
 3773.33 2470.01 2574.73 100.135 75.4914
 8761.14 11975.3 809.957 844.298 57.5907
 8490.38 15385.2 1726.13 116.748 130
 11964.8 10954.1 1783.3 200.076 28.6005
 2693.77 31419 3320.99 540.647 69.3283
 1124.35 6757.18 9056.24 957.247 175.82
 5279.9 4750.42 3309.91 4436.07 555.017
 3513.59 14546.8 1178.68 821.262 1238.4
 2496.21 5833.08 1520.58 123.209 215.298
 1140.77 2262.82 303.008 78.989 17.5842
 613.206 2180.45 438.602 58.732 18.7188
 453.375 1276.21 502.629 101.105 17.8536
 363.933 1232.95 408.883 161.037 38.1129
 1774.67 1129.63 446.792 148.17 72.1673
 628.538 1565.94 109.451 43.29 21.3486
 781.919 2218.36 751.645 52.536 31.0263
 1118.58 3027.64 1150.17 389.712 43.3252
 340.386 4435.89 1552.56 589.801 222.059
F
 0.0153688 0.10354 0.10354 0.10354 0.10354
 0.0284466 0.191645 0.191645 0.191645 0.191645
 0.112631 0.758796 0.758796 0.758796 0.758796
 0.0577632 0.389152 0.389152 0.389152 0.389152
 0.0174806 0.117767 0.117767 0.117767 0.117767
 0.107157 0.721918 0.721918 0.721918 0.721918
 0.106882 0.720063 0.720063 0.720063 0.720063
 0.169487 1.14184 1.14184 1.14184 1.14184
 0.145329 0.979086 0.979086 0.979086 0.979086
 0.0753558 0.507673 0.507673 0.507673 0.507673
 0.0767167 0.516842 0.516842 0.516842 0.516842
 0.0741471 0.49953 0.49953 0.49953 0.49953
 0.144673 0.974662 0.974662 0.974662 0.974662
 0.237802 1.60207 1.60207 1.60207 1.60207
 0.261258 1.7601 1.7601 1.7601 1.7601
 0.112109 0.755281 0.755281 0.755281 0.755281
 0.0872533 0.587827 0.587827 0.587827 0.587827
 0.0695017 0.468234 0.468234 0.468234 0.468234
 0.0721344 0.48597 0.48597 0.48597 0.48597
 0.0897186 0.604436 0.604436 0.604436 0.604436
 0.0269286 0.181418 0.181418 0.181418 0.181418
 0.0316308 0.213097 0.213097 0.213097 0.213097
 0.0421046 0.283659 0.283659 0.283659 0.283659
 0.0608389 0.409872 0.409872 0.409872 0.409872
nmprior
 10 10 8 0
nm_flota  nm_reclas  nm_pelaces    nm_pelaL
inf 20.7468 16.7684 29.4706
cv_recla  cv_pelaces  cv_mph
0.904567 1.08607 0.775787
 ------------------------------------------------
Talla a la edad & desviación 
 7.2 14.2025 17.0495 18.207 18.6776
 1.08 2.13037 2.55742 2.73105 2.80164
