years
 1997 1998 1999 2000 2001 2002 2003 2004 2005 2006 2007 2008 2009 2010 2011 2012 2013 2014 2015 2016 2017 2018 2019 2020
reclasobs
 0 0 0 370054 412103 1.49427e+06 250295 1.28982e+06 931140 785840 897777 1.04006e+06 184774 17550 25797 100020 73551 82996 120727 218422 84188 347160 605670 569463
reclaspred
 2.22975e+06 274475 367061 111613 240051 246100 504647 451400 582196 1.05645e+06 955405 606278 371908 161489 97702.7 91881.1 103377 120413 101574 172996 310507 284876 416269 293678
pelacesobs
 0 0 0 0 0 0 0 0 0 2.06254e+06 1.5e+06 0 1.87456e+06 323000 250000 174000 83755 137374 0 501740 490994 745055 786931 1.00524e+06
pelacespred
 1.41776e+06 540503 163656 115555 217665 150025 470433 410529 529306 984703 739482 479485 318617 108123 66982.5 66987.1 78373.2 92364.7 77088.1 137677 273214 237548 272743 224701
mphobs
 0 0 0 0 0 112323 0 153150 637223 0 255016 313432 73983 77613 109348 50772 0 0 0 0 0 0 0 0
mphpred
 2.278e+06 973361 415704 201910 123665 327996 346260 451846 516736 709995 1.28587e+06 895918 492014 275635 116909 91698.3 102142 122849 126669 120299 255802 343083 398476 423360
desembarqueobs
 350755 77701 442110 56441 14545 235359 269955 359681 431902 328805 639364 411747 362871 311530 167758 66681 60226 58785 57116 71774 51957 67425 138520 160799
desembarquepred
 350745 77683.2 441638 56422 14543.7 235213 269846 359149 431493 328568 638683 411377 362282 311047 167415 66633 60205.1 58743.8 57070.4 71709.1 51944.3 67387.3 138438 160712
Reclutas
 6065.35 8814.08 1342.94 6602.59 56832.2 15783.9 52221 76679.2 90733.4 222523 52612.5 23520.8 53057.1 22698.8 14917 14989.8 10301.3 9534.27 7658.86 28645.8 33137.1 35324.3 39192.1 9293.49
log_desv_Rt
 -1.26965 -0.895894 -2.77738 -1.18478 0.967858 -0.313252 0.88324 1.26739 1.43568 2.33279 0.89071 0.0856403 0.899124 0.0500669 -0.369742 -0.364873 -0.739971 -0.817352 -1.03638 0.282761 0.428408 0.492325 0.59623 -0.842931
SSB
 2.278e+06 973361 415704 201910 123665 327996 346260 451846 516736 709995 1.28587e+06 895918 492014 275635 116909 91698.3 102142 122849 126669 120299 255802 343083 398476 423360
BT
 2.7578e+06 1.13773e+06 543627 274175 402273 451311 1.04064e+06 1.1168e+06 1.33792e+06 2.0662e+06 1.8756e+06 1.22702e+06 930227 490457 258665 174589 189064 212755 187737 305112 529931 488658 584669 542840
Ftot
 0.108222 0.199274 0.778199 0.394774 0.111963 0.70593 0.678209 1.09818 0.952151 0.491879 0.520743 0.498384 0.952407 1.58301 1.73806 0.745371 0.57843 0.457977 0.470987 0.576442 0.178324 0.210082 0.278611 0.39404
BD_Bspro_t
 0.982973 0.872022 0.66721 0.341686 0.397314 0.689721 0.512329 0.52388 0.508144 0.537952 0.644185 0.479901 0.342538 0.257955 0.147037 0.144688 0.209648 0.313231 0.373941 0.420819 0.630136 0.744105 0.73857 0.684133
BD_Bspro
 5.12843 2.19131 0.93587 0.454556 0.278404 0.738413 0.779531 1.01723 1.16332 1.5984 2.89487 2.01697 1.10767 0.620532 0.263196 0.206439 0.229951 0.276569 0.285169 0.270828 0.575884 0.772378 0.897084 0.953106
BD_Bo
 2.27511 0.972128 0.415178 0.201654 0.123508 0.327581 0.345822 0.451274 0.516082 0.709096 1.28424 0.894783 0.491391 0.275285 0.116761 0.0915821 0.102013 0.122694 0.126509 0.120147 0.255478 0.342649 0.397971 0.422824
BD_Brms
 7.61324 3.25304 1.38931 0.674796 0.413296 1.09619 1.15723 1.5101 1.72697 2.37285 4.29748 2.99422 1.64435 0.921191 0.390719 0.306462 0.341367 0.410571 0.423338 0.402048 0.85491 1.14661 1.33174 1.4149
S_f
 0.149583 1 1 1 1
 0.149583 1 1 1 1
 0.149583 1 1 1 1
 0.149583 1 1 1 1
 0.149583 1 1 1 1
 0.149583 1 1 1 1
 0.149583 1 1 1 1
 0.149583 1 1 1 1
 0.149583 1 1 1 1
 0.149583 1 1 1 1
 0.149583 1 1 1 1
 0.149583 1 1 1 1
 0.149583 1 1 1 1
 0.149583 1 1 1 1
 0.149583 1 1 1 1
 0.149583 1 1 1 1
 0.149583 1 1 1 1
 0.149583 1 1 1 1
 0.149583 1 1 1 1
 0.149583 1 1 1 1
 0.149583 1 1 1 1
 0.149583 1 1 1 1
 0.149583 1 1 1 1
 0.149583 1 1 1 1
Scru_reclas
 0.830704 1 1 1 1
 0.830704 1 1 1 1
 0.830704 1 1 1 1
 0.830704 1 1 1 1
 0.830704 1 1 1 1
 0.830704 1 1 1 1
 0.830704 1 1 1 1
 0.830704 1 1 1 1
 0.830704 1 1 1 1
 0.830704 1 1 1 1
 0.830704 1 1 1 1
 0.830704 1 1 1 1
 0.830704 1 1 1 1
 0.830704 1 1 1 1
 0.830704 1 1 1 1
 0.830704 1 1 1 1
 0.830704 1 1 1 1
 0.830704 1 1 1 1
 0.830704 1 1 1 1
 0.830704 1 1 1 1
 0.830704 1 1 1 1
 0.830704 1 1 1 1
 0.830704 1 1 1 1
 0.830704 1 1 1 1
Scru_pelaces
 1 1 1 1 1
 1 1 1 1 1
 1 1 1 1 1
 1 1 1 1 1
 1 1 1 1 1
 1 1 1 1 1
 1 1 1 1 1
 1 1 1 1 1
 1 1 1 1 1
 1 1 1 1 1
 1 1 1 1 1
 1 1 1 1 1
 1 1 1 1 1
 1 1 1 1 1
 1 1 1 1 1
 1 1 1 1 1
 1 1 1 1 1
 1 1 1 1 1
 1 1 1 1 1
 1 1 1 1 1
 1 1 1 1 1
 1 1 1 1 1
 1 1 1 1 1
 1 1 1 1 1
pf_obs 
 0.256992 0.487395 0.22802 0.0275931 0
 0.321318 0.546541 0.124235 0.00734118 0.000564706
 0.182869 0.594174 0.210203 0.0122559 0.00049798
 0.330522 0.361315 0.267642 0.0388342 0.00168674
 0.649043 0.306663 0.0425973 0.00169635 0
 0.582887 0.30429 0.105238 0.00758474 0
 0.465427 0.430635 0.0974691 0.00646863 0
 0.296916 0.608066 0.0921331 0.00288517 0
 0.311714 0.524322 0.152257 0.0117073 0
 0.15457 0.633149 0.183074 0.0267441 0.00246327
 0.131901 0.49318 0.331252 0.0422183 0.00144891
 0.196976 0.569456 0.194076 0.0375587 0.00193317
 0.518974 0.381816 0.0799577 0.0180837 0.00116848
 0.0928022 0.601141 0.25162 0.0475244 0.00691264
 0.122501 0.610282 0.24278 0.0234846 0.000952079
 0.383417 0.481906 0.127806 0.00687128 0
 0.0376549 0.599619 0.316969 0.0457579 0
 0.0361596 0.667082 0.258105 0.0386534 0
 0.158088 0.579412 0.248529 0.0139706 0
 0.0477256 0.309471 0.559284 0.082774 0.000745712
 0.0406174 0.521527 0.379366 0.0568643 0.0016247
 0.151134 0.462217 0.34131 0.0453401 0
 0.294876 0.26143 0.354403 0.0886775 0.000613685
 0.281977 0.475581 0.204845 0.0348837 0.00271318
pf_pred 
 0.0104482 0.63837 0.310398 0.0407826 1.57549e-06
 0.0320645 0.0669769 0.581218 0.282608 0.0371328
 0.0119845 0.193663 0.0549657 0.476986 0.262401
 0.170587 0.0889291 0.145144 0.0411949 0.554145
 0.641935 0.223876 0.0143876 0.0234825 0.0963185
 0.0915917 0.841836 0.041624 0.002675 0.0222739
 0.407537 0.290288 0.280031 0.0138459 0.00829906
 0.379506 0.537303 0.0407606 0.0393204 0.00310948
 0.337556 0.581762 0.0698644 0.00530001 0.00551706
 0.462373 0.45545 0.0721679 0.00866671 0.00134186
 0.0750823 0.813881 0.0940645 0.0149049 0.00206708
 0.0669267 0.384915 0.482352 0.0557479 0.0100586
 0.277699 0.274601 0.184687 0.231438 0.0315747
 0.165215 0.6737 0.0612405 0.0411881 0.058656
 0.245397 0.569693 0.149228 0.0135651 0.022116
 0.301105 0.592208 0.0805439 0.0210981 0.00504464
 0.186478 0.656823 0.132779 0.0180587 0.00586145
 0.193841 0.541224 0.213904 0.0432414 0.00778996
 0.170064 0.554583 0.184861 0.0730614 0.0174303
 0.484205 0.32671 0.126351 0.0421169 0.0206167
 0.265953 0.655603 0.0496872 0.0192158 0.00954073
 0.205324 0.576315 0.195026 0.0147807 0.00855436
 0.200427 0.524962 0.199154 0.0673938 0.00806375
 0.0534098 0.622242 0.212951 0.0807869 0.0306095
pobs_RECLAS
 0 0 0 0 0
 0 0 0 0 0
 0 0 0 0 0
 0 0 0 0 0
 0.835266 0.146461 0.0176864 0.000547809 3.91292e-05
 0.385257 0.428462 0.181853 0.0044286 0
 0.867414 0.0963971 0.0333333 0.00285562 0
 0.441836 0.489002 0.0689373 0.000224442 0
 0.779404 0.147425 0.0564933 0.0165055 0.000172143
 0.814271 0.122319 0.05973 0.00367925 0
 0.40263 0.566651 0.0304383 0.000280538 0
 0.475488 0.404961 0.113038 0.00651328 0
 0.955842 0.0263864 0.0167828 0.000988607 0
 0.975058 0.0227948 0.00214734 0 0
 0.738997 0.206755 0.0527124 0.00153531 0
 0.850938 0.134255 0.0134407 0.00136685 0
 0.542534 0.407297 0.0501686 0 0
 0.764087 0.199537 0.0359546 0.000420521 0
 0.470689 0.182191 0.310203 0.0369168 0
 0.84361 0.089868 0.0606195 0.00523954 0.000663233
 0.607945 0.314616 0.071237 0.00620181 0
 0.523733 0.453247 0.0230204 0 0
 0.530135 0.295979 0.169645 0.0042399 0
 0.562478 0.366248 0.0663022 0.0049721 0
ppred_RECLAS
 0.0556922 0.609183 0.296206 0.038918 1.50346e-06
 0.156881 0.0583401 0.506269 0.246165 0.0323445
 0.066867 0.182906 0.0519124 0.45049 0.247825
 0.539544 0.0493699 0.0805781 0.0228697 0.307639
 0.909224 0.0567567 0.00364752 0.00595323 0.0244184
 0.3715 0.58244 0.0287983 0.00185075 0.0154106
 0.800842 0.0975807 0.0941329 0.00465433 0.00278975
 0.7897 0.182105 0.0138148 0.0133266 0.00105388
 0.754373 0.215711 0.025905 0.00196519 0.00204567
 0.831644 0.142623 0.0225992 0.00271396 0.000420201
 0.318549 0.599643 0.0693039 0.0109815 0.00152296
 0.291894 0.29211 0.366055 0.0423069 0.0076334
 0.69855 0.114604 0.0770785 0.09659 0.0131776
 0.566269 0.350036 0.0318189 0.0214002 0.0304761
 0.687712 0.235764 0.0617573 0.00561384 0.00915259
 0.717211 0.239621 0.0325899 0.00853677 0.00204118
 0.570259 0.346965 0.07014 0.00953946 0.00309629
 0.579311 0.282434 0.111625 0.0225652 0.00406514
 0.540196 0.307252 0.102417 0.0404777 0.00965682
 0.844564 0.0984551 0.0380762 0.012692 0.00621291
 0.670224 0.294535 0.0223223 0.00863285 0.00428624
 0.592222 0.295729 0.100075 0.00758453 0.00438956
 0.586026 0.271795 0.10311 0.0348927 0.00417495
 0.243248 0.497452 0.170244 0.0645851 0.0244707
pobs_PELACES
 0 0 0 0 0
 0 0 0 0 0
 0 0 0 0 0
 0 0 0 0 0
 0 0 0 0 0
 0 0 0 0 0
 0 0 0 0 0
 0 0 0 0 0
 0 0 0 0 0
 0 0 0 0 0
 0.450072 0.473896 0.0757376 0.000293798 0
 0 0 0 0 0
 0.463077 0.371075 0.160297 0.00555027 0
 0.529543 0.364841 0.0842815 0.0213345 0
 0.631943 0.363953 0.00410389 0 0
 0.735681 0.248677 0.0153453 0.000297389 0
 0.695825 0.281241 0.0229344 0 0
 0.275771 0.60734 0.115278 0.00161068 0
 0 0 0 0 0
 0.896147 0.0623911 0.0374545 0.00400742 0
 0.803859 0.145111 0.0509908 3.86294e-05 0
 0.739449 0.233085 0.0266225 0.000797448 4.60066e-05
 0.878498 0.100942 0.0204185 0.000141795 0
 0.694673 0.275183 0.0284847 0.00165964 0
ppred_PELACES
 0.0681946 0.601117 0.292284 0.0384027 1.48355e-06
 0.191512 0.0559438 0.485474 0.236054 0.031016
 0.0969162 0.177016 0.0502407 0.435983 0.239844
 0.611774 0.0416253 0.0679381 0.0192822 0.25938
 0.925608 0.0465129 0.00298919 0.00487875 0.0200112
 0.464511 0.496245 0.0245365 0.00157686 0.01313
 0.854132 0.0714707 0.0689454 0.00340896 0.00204328
 0.86018 0.121074 0.00918484 0.00886031 0.000700678
 0.828462 0.150646 0.0180912 0.00137243 0.00142863
 0.872233 0.108238 0.0171508 0.00205965 0.000318895
 0.394407 0.532892 0.0615891 0.00975904 0.00135343
 0.36335 0.262633 0.329116 0.0380377 0.0068631
 0.784682 0.0818585 0.055055 0.0689916 0.00941241
 0.710204 0.233875 0.0212597 0.0142985 0.0203625
 0.811944 0.141975 0.0371895 0.00338059 0.00551158
 0.790067 0.177887 0.0241937 0.00633741 0.0015153
 0.652653 0.280442 0.0566922 0.00771048 0.00250264
 0.653386 0.232703 0.0919698 0.018592 0.00334935
 0.617462 0.255621 0.0852069 0.0336758 0.00803407
 0.884917 0.0728951 0.0281912 0.00939704 0.00459997
 0.720053 0.25003 0.0189494 0.00732843 0.00363859
 0.649672 0.254065 0.0859759 0.00651598 0.00377114
 0.648222 0.230961 0.087619 0.0296504 0.0035477
 0.301769 0.458983 0.157079 0.0595907 0.0225784
pobs_pel_tallas
 0 0 0 0 0 0 0 0 0 0 0 0 0 0 0 0 0 0 0 0 0 0 0 0 0 0 0 0 0 0 0 0 0 0 0 0
 0 0 0 0 0 0 0 0 0 0 0 0 0 0 0 0 0 0 0 0 0 0 0 0 0 0 0 0 0 0 0 0 0 0 0 0
 0 0 0 0 0 0 0 0 0 0 0 0 0 0 0 0 0 0 0 0 0 0 0 0 0 0 0 0 0 0 0 0 0 0 0 0
 0 0 0 0 0 0 0 0 0 0 0 0 0 0 0 0 0 0 0 0 0 0 0 0 0 0 0 0 0 0 0 0 0 0 0 0
 0 0 0 0 0 0 0 0 0 0 0 0 0 0 0 0 0 0 0 0 0 0 0 0 0 0 0 0 0 0 0 0 0 0 0 0
 0 0 0 0 0 0 0 0 0 0 0 0 0 0 0 0 0 0 0 0 0 0 0 0 0 0 0 0 0 0 0 0 0 0 0 0
 0 0 0 0 0 0 0 0 0 0 0 0 0 0 0 0 0 0 0 0 0 0 0 0 0 0 0 0 0 0 0 0 0 0 0 0
 0 0 0 0 0 0 0 0 0 0 0 0 0 0 0 0 0 0 0 0 0 0 0 0 0 0 0 0 0 0 0 0 0 0 0 0
 0 0 0 0 0 0 0 0 0 0 0 0 0 0 0 0 0 0 0 0 0 0 0 0 0 0 0 0 0 0 0 0 0 0 0 0
 0 0 0 0 0 0 0 0 0 0 0 0 0 0 0 0 0 0 0 0 0 0 0 0 0 0 0 0 0 0 0 0 0 0 0 0
 0 0 0 0 0 0 0 0 1.78061e-05 0.00172719 0.00360574 0.0105946 0.0120993 0.0124554 0.0147524 0.0171206 0.0266825 0.0428682 0.0675386 0.121331 0.153587 0.119568 0.100827 0.0573624 0.0630603 0.0341343 0.0324427 0.0444173 0.0211091 0.0280891 0.0125444 0.00206551 0 0 0 0
 0 0 0 0 0 0 0 0 0 0 0 0 0 0 0 0 0 0 0 0 0 0 0 0 0 0 0 0 0 0 0 0 0 0 0 0
 0 0 0 0 0 0 0.0133647 0.0140871 0.0187388 0.0205184 0.03894 0.0496705 0.03968 0.0493445 0.0407372 0.0367815 0.0215668 0.0243155 0.0234873 0.0199281 0.019796 0.0243948 0.0301388 0.0376714 0.0412746 0.0863199 0.0771752 0.113111 0.0741005 0.0525337 0.0229764 0.00759418 0.00175318 0 0 0
 0 0 0 0 0 0 0 0 0 0 0.00219441 0.00772107 0.0458388 0.0604681 0.0671733 0.0775358 0.0609151 0.0617685 0.073594 0.0568108 0.0755445 0.0548602 0.0670107 0.0636378 0.0643287 0.046367 0.0373049 0.0286899 0.0247887 0.0153202 0.00654259 0.00121912 0.000365735 0 0 0
 0 0 0 0 0 0 0 0 0 0 0 0 0.000112435 0.00938835 0.0111873 0.0202946 0.0414886 0.0713402 0.111592 0.104902 0.108894 0.110636 0.117776 0.105296 0.107544 0.0401394 0.0192827 0.0124803 0.00416011 0.0028671 0.000618394 0 0 0 0 0
 0 0 0 0 0 0 0 0 0 0 0.00291406 0.0102884 0.027416 0.0768956 0.0749926 0.110853 0.0956884 0.0897413 0.0766577 0.0534642 0.0500743 0.0551293 0.0594112 0.0620874 0.0668451 0.0424026 0.0208742 0.0120726 0.0048766 0.00582813 0.00118941 0.000297354 0 0 0 0
 0 0.00264628 0.0354308 0.0461629 0.0458689 0.0383711 0.0214643 0.0164657 0.0346957 0.0420465 0.0363128 0.0245516 0.0311673 0.0291091 0.0169068 0.0133784 0.00837989 0.0085269 0.0148486 0.0160247 0.0276389 0.0546898 0.0760071 0.122758 0.109233 0.0665981 0.0333725 0.0166128 0.00676272 0.00308733 0.000882094 0 0 0 0 0
 0 0 0 0 0 0 0 0.000805153 0.000690131 0.00759144 0.0133425 0.0154129 0.00931677 0.000345066 0.00356568 0.00563607 0.00851162 0.0253048 0.0502646 0.0516448 0.0657925 0.0565908 0.0611916 0.0827007 0.0866115 0.110766 0.145733 0.0935128 0.0569358 0.0249597 0.0138026 0.00621118 0.00161031 0.00115022 0 0
 0 0 0 0 0 0 0 0 0 0 0 0 0 0 0 0 0 0 0 0 0 0 0 0 0 0 0 0 0 0 0 0 0 0 0 0
 0.00147267 0.00158595 0.00478618 0.00569244 0.00954404 0.0108468 0.00647125 0.017049 0.0510054 0.094081 0.124002 0.0959785 0.0687766 0.0820023 0.061753 0.0591476 0.0492212 0.0479892 0.0443925 0.0268479 0.0217502 0.0140895 0.0121071 0.0120363 0.00920419 0.00665534 0.0049561 0.00860946 0.00930331 0.0156896 0.0114698 0.00855282 0.00243557 0.00046729 0 2.83206e-05
 0 0 0 0 0.000772559 0.00158375 0.000888443 0.00281984 0.00712685 0.0440552 0.0773331 0.111326 0.0921469 0.0852325 0.0710754 0.0886704 0.0786465 0.0553345 0.0373146 0.0185414 0.00753245 0.00457741 0.012979 0.0271748 0.0457355 0.0583668 0.034881 0.0177882 0.00938659 0.00492506 0.0015258 0.00185414 0.000309023 5.79419e-05 3.86279e-05 0
 0 0.00173294 0.00326652 0 0.00397197 0.00683976 0.00946217 0.0152591 0.00757587 0.0136028 0.0228656 0.0392903 0.0559909 0.0764795 0.0681675 0.0726916 0.0566044 0.0477403 0.0527397 0.0444891 0.0609904 0.0582453 0.0661739 0.0445044 0.0529084 0.0360697 0.0280645 0.0235558 0.0158879 0.00826598 0.00280645 0.00217768 0.000904811 0.00058276 9.20147e-05 0
 0 0 0 0 0 0 0 0 0 0 0 0 0 0 0 0 0 0 0 0 0 0 0 0 0 0 0 0 0 0 0 0 0 0 0 0
 0 0 0 0 0 0 0 0 0 0 0 0 0 0 0 0 0 0 0 0 0 0 0 0 0 0 0 0 0 0 0 0 0 0 0 0
ppred_pel_tallas
 1.05665e-16 3.01131e-06 1.75834e-05 8.3395e-05 0.000320759 0.00099997 0.0025265 0.0051744 0.00859561 0.0115996 0.01277 0.0116149 0.00908039 0.00684727 0.00622184 0.00769347 0.0112269 0.0166609 0.0238224 0.0324216 0.0419325 0.0515701 0.0603823 0.0674229 0.07195 0.0735808 0.0723568 0.0686931 0.063244 0.0567317 0.0497984 0.0429211 0.0363962 0.0303743 0.0249175 0.0200477
 1.1647e-16 8.36662e-06 4.90735e-05 0.000233213 0.000897781 0.00279953 0.00707137 0.0144695 0.0239873 0.0322221 0.0350846 0.0309965 0.0222978 0.0132402 0.00686772 0.00382224 0.00328739 0.00431236 0.00638512 0.00937357 0.0133066 0.0182215 0.0240897 0.0307819 0.0380542 0.0455479 0.052808 0.05932 0.0645635 0.0680793 0.0695355 0.0687821 0.0658798 0.0610926 0.0548502 0.0476816
 1.26959e-16 4.24487e-06 2.48686e-05 0.000118125 0.000454641 0.0014176 0.00358088 0.00732844 0.0121536 0.01634 0.0178288 0.0158397 0.011587 0.00726704 0.00448104 0.00362744 0.00437038 0.00629394 0.00917272 0.0129246 0.0174927 0.0227768 0.0286232 0.0348444 0.0412474 0.0476497 0.0538769 0.0597411 0.0650143 0.0694143 0.0726176 0.0743017 0.0742088 0.0722076 0.0683397 0.0628289
 1.13761e-16 2.66901e-05 0.000156653 0.000744668 0.00286703 0.00894058 0.0225831 0.0462073 0.0765912 0.102853 0.111905 0.0986619 0.0705254 0.0409589 0.0195088 0.0079771 0.00343254 0.00244882 0.00296461 0.00414534 0.00575188 0.00773391 0.0100724 0.0127369 0.0156769 0.0188187 0.0220612 0.0252728 0.02829 0.0309254 0.0329835 0.0342856 0.0346976 0.0341549 0.032676 0.0303646
 1.01161e-16 4.03753e-05 0.000236996 0.00112662 0.00433765 0.0135266 0.034167 0.0699089 0.115877 0.155604 0.169286 0.149225 0.106606 0.0617844 0.0291774 0.0114751 0.00419242 0.00208147 0.00194709 0.00244134 0.00311528 0.00381357 0.00444875 0.00495156 0.00527324 0.00539455 0.00532897 0.00511663 0.00481166 0.00446718 0.00412321 0.00380079 0.00350289 0.00322039 0.00293976 0.00265004
 1.01178e-16 2.02877e-05 0.000119022 0.000565671 0.00217769 0.00679076 0.0171534 0.0351011 0.0581955 0.0781898 0.085178 0.0753516 0.0544157 0.0327182 0.0176724 0.0108354 0.0101574 0.0131409 0.0181805 0.0243931 0.0311107 0.0376047 0.0430718 0.0467622 0.0481471 0.047047 0.0436766 0.0385833 0.0325077 0.0262099 0.0203203 0.0152505 0.0111778 0.0080865 0.00583917 0.00424826
 1.01215e-16 3.72598e-05 0.000218702 0.00103965 0.00400276 0.0124823 0.0315292 0.0645119 0.106932 0.143595 0.156231 0.137737 0.0984432 0.0571434 0.0271565 0.010983 0.00450439 0.00289662 0.00322332 0.00424089 0.0055194 0.0068826 0.00820223 0.00935833 0.0102496 0.0108098 0.0110167 0.0108889 0.0104745 0.00983521 0.00903294 0.00812233 0.00714919 0.0061527 0.00516839 0.00422935
 1.00508e-16 3.75254e-05 0.000220258 0.00104703 0.00403118 0.0125709 0.031753 0.0649702 0.107693 0.144621 0.157357 0.138753 0.0992208 0.0576976 0.0276113 0.0114953 0.00521397 0.00391215 0.00461891 0.00604596 0.00770105 0.00933009 0.0107239 0.0116974 0.0121199 0.0119442 0.0112176 0.010067 0.00866555 0.00719169 0.00579318 0.00456668 0.0035544 0.00275448 0.00213791 0.00166532
 1.0042e-16 3.61436e-05 0.000212142 0.00100844 0.00388259 0.0121075 0.0305826 0.0625758 0.103725 0.139296 0.151571 0.13367 0.095629 0.0556952 0.0268147 0.0114429 0.00561176 0.00465542 0.00571308 0.00752966 0.00959947 0.0116307 0.0133663 0.0145747 0.0150909 0.014854 0.0139208 0.0124487 0.0106542 0.00876188 0.0069602 0.00537509 0.00406511 0.00303325 0.00224713 0.00165926
 1.00365e-16 3.80505e-05 0.000223341 0.00106169 0.00408764 0.012747 0.0321977 0.06588 0.109201 0.146644 0.159555 0.140683 0.100584 0.0584556 0.0279091 0.0115075 0.00505174 0.00361506 0.00418581 0.0054647 0.00696653 0.00845344 0.00973551 0.010645 0.0110616 0.0109389 0.0103141 0.00929642 0.00803733 0.00669508 0.00540309 0.00425153 0.00328383 0.00250495 0.00189539 0.0014251
 1.01447e-16 1.72324e-05 0.000101081 0.000480369 0.00184924 0.0057665 0.0145662 0.0298079 0.0494232 0.0664141 0.0723773 0.0640932 0.0464278 0.0282007 0.0157504 0.0104518 0.0106168 0.0141637 0.0197366 0.0265457 0.0339268 0.0411131 0.0472439 0.0515077 0.0533221 0.0524723 0.0491607 0.0439446 0.0375906 0.0308937 0.0245204 0.018916 0.0142871 0.0106434 0.0078698 0.00579774
 1.06386e-16 1.58678e-05 9.30934e-05 0.000442447 0.00170331 0.0053115 0.0134166 0.0274539 0.0455143 0.061144 0.0665886 0.0588592 0.0424033 0.0252945 0.0133078 0.0076409 0.00668567 0.00851595 0.011953 0.0164445 0.021664 0.0272716 0.0328564 0.0379762 0.0422303 0.045325 0.0471086 0.0475681 0.0467968 0.044949 0.0422025 0.0387388 0.0347409 0.0303981 0.0259093 0.021476
 1.03619e-16 3.42318e-05 0.000200925 0.00095513 0.00367734 0.0114675 0.0289658 0.0592672 0.0982392 0.131924 0.143537 0.126557 0.0904773 0.0525694 0.0250774 0.0103091 0.00449243 0.00320743 0.00376565 0.00502924 0.00660173 0.0083135 0.0100342 0.0116391 0.0130209 0.0141059 0.0148615 0.0152904 0.0154168 0.0152701 0.0148739 0.0142431 0.0133901 0.0123327 0.011103 0.00975004
 1.01821e-16 3.09903e-05 0.00018188 0.00086456 0.00332858 0.0103798 0.0262187 0.0536475 0.0889287 0.119435 0.129985 0.114694 0.0821852 0.0481315 0.0236716 0.0109579 0.00663607 0.00673987 0.00882119 0.0117642 0.0150442 0.0182738 0.0210709 0.0230829 0.0240577 0.0239016 0.0226995 0.0206872 0.0181871 0.0155293 0.0129851 0.0107281 0.00883047 0.00728355 0.00603164 0.0050043
 1.00948e-16 3.5423e-05 0.000207912 0.000988338 0.00380518 0.0118661 0.0299728 0.0613281 0.101657 0.136518 0.148547 0.131002 0.0937168 0.0545747 0.0262632 0.0111886 0.00546276 0.00451572 0.00554905 0.00734104 0.00940714 0.0114736 0.0132995 0.0146641 0.0154048 0.015451 0.0148388 0.0136955 0.0122039 0.0105569 0.00891921 0.00740404 0.00606983 0.00493035 0.00397187 0.00316949
 1.00691e-16 3.44705e-05 0.000202317 0.00096173 0.00370272 0.0115466 0.0291658 0.0596771 0.0989211 0.132848 0.144563 0.12751 0.0912653 0.0532416 0.0257981 0.0112922 0.00595548 0.00534982 0.0067488 0.00894283 0.0114199 0.0138565 0.0159537 0.0174387 0.0181154 0.0179094 0.0168839 0.0152194 0.013166 0.0109832 0.00888883 0.00702844 0.00547024 0.00421902 0.00323981 0.0024813
 1.01279e-16 2.84829e-05 0.000167155 0.000794542 0.00305897 0.00953907 0.0240951 0.0493028 0.0817287 0.109771 0.119484 0.105467 0.0756581 0.0444796 0.0221938 0.01081 0.0072766 0.00797172 0.01065 0.0142617 0.0182665 0.0222189 0.025659 0.0281553 0.0293921 0.029241 0.0277877 0.0253018 0.0221629 0.0187691 0.0154582 0.0124604 0.00989026 0.00776747 0.00605203 0.00467854
 1.02177e-16 2.85129e-05 0.000167335 0.000795411 0.00306233 0.00954956 0.0241215 0.0493566 0.0818166 0.109885 0.119598 0.105544 0.0756606 0.044376 0.0219486 0.0103735 0.00658163 0.00694175 0.0092164 0.0123872 0.0159691 0.0195909 0.0228726 0.0254505 0.0270454 0.0275211 0.0269082 0.0253829 0.023212 0.020684 0.0180506 0.0154921 0.0131126 0.0109548 0.0090255 0.00731661
 1.02826e-16 2.69474e-05 0.000158142 0.000751702 0.00289403 0.00902472 0.0227958 0.0466443 0.0773216 0.103852 0.11304 0.099777 0.0715717 0.0420688 0.0209769 0.0101976 0.00684721 0.00750609 0.0100621 0.0135402 0.0174523 0.0214025 0.0249782 0.0277847 0.0295214 0.0300459 0.0293983 0.0277768 0.0254758 0.0228095 0.0200466 0.0173736 0.0148911 0.0126327 0.0105943 0.00876011
 1.00962e-16 3.86022e-05 0.000226583 0.00107711 0.00414702 0.0129322 0.0326655 0.0668368 0.110785 0.14877 0.161859 0.142695 0.10198 0.0591806 0.0280943 0.0113068 0.00454501 0.00280368 0.00303206 0.0039333 0.00505506 0.00621133 0.00727139 0.00812047 0.00867133 0.00888082 0.00875689 0.0083517 0.00774464 0.00702108 0.00625438 0.005496 0.00477453 0.00410113 0.00347763 0.00290336
 1.00773e-16 3.14205e-05 0.000184404 0.000876555 0.00337475 0.0105238 0.0265825 0.0543919 0.090163 0.121094 0.131793 0.116296 0.0833464 0.048839 0.0240702 0.0112264 0.00690977 0.00709972 0.00930995 0.0123985 0.0158153 0.0191445 0.0219726 0.0239197 0.0247164 0.0242673 0.0226735 0.0202025 0.0172188 0.0140978 0.0111517 0.00858554 0.00648995 0.00486159 0.00363826 0.00273388
 1.01704e-16 2.83519e-05 0.000166388 0.000790902 0.00304497 0.0094954 0.0239847 0.0490768 0.0813535 0.109265 0.118928 0.104965 0.0752714 0.0441999 0.0219582 0.0105384 0.00689664 0.00742626 0.00989909 0.0132888 0.0170878 0.0208922 0.0242855 0.0268714 0.0283508 0.0285863 0.0276281 0.025689 0.0230826 0.0201451 0.0171678 0.0143569 0.0118273 0.00961815 0.00772211 0.00611096
 1.02504e-16 2.82877e-05 0.000166013 0.000789126 0.00303814 0.0094741 0.0239309 0.0489665 0.0811701 0.109017 0.118653 0.10471 0.0750635 0.0440268 0.0217779 0.0102964 0.00653794 0.00690079 0.00916611 0.0123248 0.0158973 0.019517 0.0228089 0.0254137 0.0270556 0.0275997 0.027075 0.025653 0.0235935 0.0211763 0.0186435 0.0161666 0.0138428 0.0117108 0.00977595 0.00803256
 1.05482e-16 1.319e-05 7.73557e-05 0.00036759 0.00141504 0.00441247 0.011146 0.0228094 0.0378212 0.0508297 0.0554101 0.049107 0.0356573 0.0218299 0.0125039 0.00876879 0.00937655 0.0127776 0.0179698 0.024366 0.03145 0.0385975 0.045085 0.0502066 0.0534221 0.0544726 0.0534257 0.0506304 0.0466079 0.0419139 0.0370234 0.0322658 0.0278182 0.0237402 0.020027 0.0166551
pSPR Fmed_Fpbrs
0.52424   0.348837 0.348837
Fs Fmed_Fpbrs
0.48406   1.005 1.005
SSBpbr Bo_Bmed_Bpbrs
1.00127e+06  474842  299216 299216
Ro
21590.3
SPR SPRFo_SPRFmed_SPRFpbrs
444190 232863 154950
log_Ro
9.8
likeval ReclasPelacesDesembMPH_pf_preclas_ppelaces_ptallas_desvR_qrecl_qpela
 94.6384 82.6817 0.101219 0.000581665 343.848 169.47 84.6559 0 39.1661 6.63446e-06 0 0 0 0 0
q_reclas_q_pelaces
0.694201 1
M
0.7
N
 6065.35 57708.4 28059.8 3686.73 0.142424
 8814.08 2963.6 25717.8 12504.9 1643.06
 1342.94 4248.4 1205.78 10463.7 5756.29
 6602.59 593.604 968.84 274.977 3698.93
 56832.2 3090.74 198.629 324.189 1329.73
 15783.9 27753.3 1372.24 88.1884 734.316
 52221 7052.61 6803.42 336.39 201.628
 76679.2 23430.4 1777.47 1714.66 135.596
 90733.4 32309.5 3880.08 294.348 306.403
 222523 39075.7 6191.7 743.567 115.126
 52612.5 102663 11865.3 1880.11 260.742
 23520.8 24168.7 30286.8 3500.4 631.575
 53057.1 10841 7291.26 9136.96 1246.54
 22698.8 22848.9 2077.01 1396.92 1989.35
 14917 8895.28 2330.07 211.808 345.323
 14989.8 5711.71 776.826 203.486 48.6543
 10301.3 6658.38 1346.01 183.066 59.419
 9534.27 4691.49 1854.19 374.83 67.5258
 7658.86 4421.09 1473.7 582.439 138.953
 28645.8 3544.55 1370.81 456.935 223.675
 33137.1 13049.9 989.031 382.494 189.91
 35324.3 16022.2 5421.95 410.921 237.821
 39192.1 16998.8 6448.81 2182.28 261.113
 9293.49 18667.8 6388.72 2423.67 918.309
pred_Ctot
 70.1095 4283.58 2082.83 273.659 0.0105718
 186.479 389.521 3380.22 1643.58 215.956
 106.843 1726.53 490.024 4252.37 2339.32
 273.209 142.427 232.46 65.977 887.508
 679.47 236.967 15.2289 24.8556 101.95
 1144.48 10519.1 520.111 33.4254 278.322
 3644.36 2595.87 2504.15 123.816 74.2136
 8433.24 11939.7 905.766 873.763 69.0976
 8733.6 15051.9 1807.6 137.127 142.743
 11400.2 11229.5 1779.36 213.685 33.0847
 2848.22 30874.3 3568.3 565.412 78.4139
 1220.42 7019.01 8795.79 1016.58 183.42
 5108.33 5051.35 3397.35 4257.35 580.824
 3489.09 14227.5 1293.3 869.829 1238.73
 2493 5787.53 1516.01 137.808 224.677
 1144.7 2251.37 306.2 80.2074 19.1779
 617.125 2173.67 439.415 59.7631 19.3977
 455.796 1272.63 502.974 101.678 18.3173
 376.222 1226.87 408.955 161.629 38.5599
 1710.41 1154.08 446.323 148.774 72.8268
 628.241 1548.68 117.372 45.3921 22.5374
 787.33 2209.92 747.84 56.6776 32.8023
 1153.28 3020.71 1145.96 387.794 46.4
 383.861 4472.11 1530.5 580.622 219.993
F
 0.0161882 0.108222 0.108222 0.108222 0.108222
 0.0298081 0.199274 0.199274 0.199274 0.199274
 0.116406 0.778199 0.778199 0.778199 0.778199
 0.0590516 0.394774 0.394774 0.394774 0.394774
 0.0167479 0.111963 0.111963 0.111963 0.111963
 0.105595 0.70593 0.70593 0.70593 0.70593
 0.101449 0.678209 0.678209 0.678209 0.678209
 0.16427 1.09818 1.09818 1.09818 1.09818
 0.142426 0.952151 0.952151 0.952151 0.952151
 0.0735769 0.491879 0.491879 0.491879 0.491879
 0.0778945 0.520743 0.520743 0.520743 0.520743
 0.0745499 0.498384 0.498384 0.498384 0.498384
 0.142464 0.952407 0.952407 0.952407 0.952407
 0.236791 1.58301 1.58301 1.58301 1.58301
 0.259985 1.73806 1.73806 1.73806 1.73806
 0.111495 0.745371 0.745371 0.745371 0.745371
 0.0865235 0.57843 0.57843 0.57843 0.57843
 0.0685058 0.457977 0.457977 0.457977 0.457977
 0.0704518 0.470987 0.470987 0.470987 0.470987
 0.0862261 0.576442 0.576442 0.576442 0.576442
 0.0266743 0.178324 0.178324 0.178324 0.178324
 0.0314248 0.210082 0.210082 0.210082 0.210082
 0.0416756 0.278611 0.278611 0.278611 0.278611
 0.0589418 0.39404 0.39404 0.39404 0.39404
nmprior
 10 10 8 0
nm_flota  nm_reclas  nm_pelaces    nm_pelaL
inf 22.2087 17.1538 30.2853
cv_recla  cv_pelaces  cv_mph
0.900659 1.06996 0.782482
 ------------------------------------------------
Talla a la edad & desviación 
 7.2 14.2025 17.0495 18.207 18.6776
 1.08 2.13037 2.55742 2.73105 2.80164
