    unsorted:	 2.301226926e-06 -2.562437778e-07 -1.336048510e-05 5.279819659e-05 0.0008999975942 0.006934419580 50.54115433 60.66694387 104.8435462 178.0143622 190.7647254 399.4153450 532.8495054 587.2675508 778.0326694 808.4436670 935.9120267 1086.950070 1241.854823 1322.810510 1481.822666 1683.021154 1848.041630 2198.186408 2244.974512 2554.792428 2894.074957 3120.596697 3331.453551 3575.578152 3952.568636 4371.793944 4913.262506 4996.446528 5536.533211 5636.030795 13513.55650 22008.07939 204628.8476 314960.3836 377564.9924 391213.8812 413579.0563 456887.0511 483659.1581 495219.0826 514855.8818 523157.4252 555480.4661 608492.1924 641207.3280 761984.5845 765585.1335 872939.9230 1074959.128 1129477.180 1297193.286 1505561.036 1886850.860 2007792.899 2296237.716 2597186.940 5322644.615
      sorted:	 -1.336048510e-05 -2.562437778e-07 2.301226926e-06 5.279819659e-05 0.0008999975942 0.006934419580 50.54115433 60.66694387 104.8435462 178.0143622 190.7647254 399.4153450 532.8495054 587.2675508 778.0326694 808.4436670 935.9120267 1086.950070 1241.854823 1322.810510 1481.822666 1683.021154 1848.041630 2198.186408 2244.974512 2554.792428 2894.074957 3120.596697 3331.453551 3575.578152 3952.568636 4371.793944 4913.262506 4996.446528 5536.533211 5636.030795 13513.55650 22008.07939 204628.8476 314960.3836 377564.9924 391213.8812 413579.0563 456887.0511 483659.1581 495219.0826 514855.8818 523157.4252 555480.4661 608492.1924 641207.3280 761984.5845 765585.1335 872939.9230 1074959.128 1129477.180 1297193.286 1505561.036 1886850.860 2007792.899 2296237.716 2597186.940 5322644.615
