    unsorted:	 2.071853727e-06 2.747040447e-06 0.0008999968154 0.008106861504 43.26471539 74.67851068 40.47591152 64.01643723 90.66606852 99.19778227 266.3696823 301.6986029 442.9147948 617.5358987 581.5899967 734.4253309 816.4419919 855.9077092 980.0541425 1077.099950 1219.505507 1316.780569 1656.428707 1687.333348 2099.409697 2189.467887 2483.176284 2775.300338 3140.853158 3343.539982 3417.821559 3852.998253 4300.313772 5008.220996 5115.023375 5303.547426 15380.69215 97960.79452 204646.7597 235778.3654 281852.4830 341877.9229 369754.8424 386984.3442 423745.3366 427196.5554 457719.9481 490788.3469 531465.9203 567661.4539 662828.5898 706366.3285 781599.7117 929811.1549 1123851.660 1221048.945 1345287.174 1476430.850 1762134.231 1975489.521 2306775.976 2388276.389 2677703.007
      sorted:	 2.071853727e-06 2.747040447e-06 0.0008999968154 0.008106861504 40.47591152 43.26471539 64.01643723 74.67851068 90.66606852 99.19778227 266.3696823 301.6986029 442.9147948 581.5899967 617.5358987 734.4253309 816.4419919 855.9077092 980.0541425 1077.099950 1219.505507 1316.780569 1656.428707 1687.333348 2099.409697 2189.467887 2483.176284 2775.300338 3140.853158 3343.539982 3417.821559 3852.998253 4300.313772 5008.220996 5115.023375 5303.547426 15380.69215 97960.79452 204646.7597 235778.3654 281852.4830 341877.9229 369754.8424 386984.3442 423745.3366 427196.5554 457719.9481 490788.3469 531465.9203 567661.4539 662828.5898 706366.3285 781599.7117 929811.1549 1123851.660 1221048.945 1345287.174 1476430.850 1762134.231 1975489.521 2306775.976 2388276.389 2677703.007
