years
 1997 1998 1999 2000 2001 2002 2003 2004 2005 2006 2007 2008 2009 2010 2011 2012 2013 2014 2015 2016 2017 2018 2019 2020
reclasobs
 0 0 0 370054 412103 1.49427e+06 250295 1.28982e+06 931140 785840 897777 1.04006e+06 184774 17550 25797 100020 73551 82996 120727 218422 84188 347160 605670 569463
reclaspred
 2.80074e+06 368213 577508 191294 249533 322064 600326 509354 792215 1.1513e+06 1.21922e+06 812652 450477 202232 129790 120534 131173 168374 161644 217655 393699 392870 570061 445547
pelacesobs
 0 0 0 0 0 0 0 0 0 2.06254e+06 1.5e+06 0 1.87456e+06 323000 250000 174000 83755 137374 0 501740 490994 745055 786931 1.00524e+06
pelacespred
 1.24556e+06 487518 178536 137630 145424 135159 310510 296344 442446 669832 628216 433573 241238 86402.6 54293.7 57445.3 65321.7 84210.3 84855 110016 219631 230767 254520 237583
mphobs
 0 0 0 0 0 112323 0 153150 637223 0 255016 313432 73983 77613 109348 50772 0 0 0 0 0 0 0 0
mphpred
 1.99673e+06 881384 430986 246659 153333 313727 358489 497271 563032 868607 1.21573e+06 873780 501559 266277 121395 103322 106635 133686 149492 151792 273722 374775 423474 447786
desembarqueobs
 350755 77701 442110 56441 14545 235359 269955 359681 431902 328805 639364 411747 362871 311530 167758 66681 60226 58785 57116 71774 51957 67425 138520 160799
desembarquepred
 350735 77682 441712 56424.9 14544 235216 269849 359305 431580 328609 638731 411433 362405 311122 167505 66649.5 60211.2 58756.8 57081.3 71728.2 51945.1 67394.3 138449 160724
Reclutas
 15042 18744.6 4294.19 8957.42 49230.5 21060.3 57738.5 72886 127742 181876 67371.7 29620 48524.9 27580.1 19560.6 14726.1 11952.1 11782.4 10425.2 27649.6 38280.2 35638.3 41674.2 17111.5
log_desv_Rt
 -0.6014 -0.38134 -1.85498 -1.11976 0.584269 -0.264853 0.74368 0.976652 1.53777 1.89108 0.897981 0.0762057 0.569832 0.00484878 -0.338729 -0.622627 -0.831338 -0.845639 -0.968018 0.00736492 0.332688 0.261176 0.417637 -0.472493
SSB
 1.99673e+06 881384 430986 246659 153333 313727 358489 497271 563032 868607 1.21573e+06 873780 501559 266277 121395 103322 106635 133686 149492 151792 273722 374775 423474 447786
BT
 2.68763e+06 1.04784e+06 594537 334527 399923 445649 1.10912e+06 1.11533e+06 1.63397e+06 2.0089e+06 1.87401e+06 1.23453e+06 899786 484144 279052 184216 202393 238415 224390 331985 585188 523335 618314 600461
Ftot
 0.121792 0.204062 0.706154 0.283767 0.0569714 0.678385 0.429931 0.663078 0.51867 0.275669 0.495602 0.47908 0.745601 1.3314 1.15439 0.523253 0.437654 0.335018 0.338574 0.317351 0.128431 0.166465 0.234565 0.345283
BD_Bspro_t
 0.980961 0.861807 0.675244 0.380329 0.426381 0.661008 0.512534 0.54351 0.527941 0.575804 0.620551 0.464851 0.34148 0.246693 0.145999 0.149903 0.20318 0.309852 0.389528 0.455433 0.621957 0.741327 0.733478 0.678447
BD_Bspro
 3.53606 1.56086 0.763244 0.436814 0.271541 0.555586 0.634857 0.88063 0.997088 1.53824 2.15296 1.5474 0.888222 0.471557 0.214982 0.182975 0.188842 0.236748 0.264739 0.268811 0.484742 0.663698 0.74994 0.792995
BD_Bo
 1.9983 0.882077 0.431325 0.246853 0.153454 0.313973 0.358771 0.497663 0.563476 0.86929 1.21668 0.874468 0.501953 0.266487 0.121491 0.103403 0.106719 0.133791 0.14961 0.151911 0.273938 0.37507 0.423807 0.448138
BD_Brms
 9.72933 4.29466 2.10004 1.20188 0.747137 1.52868 1.74679 2.42302 2.74345 4.23241 5.92379 4.25761 2.44391 1.29747 0.591515 0.503448 0.519592 0.651403 0.72842 0.739625 1.33375 1.82614 2.06343 2.1819
S_f
 0.5 1 1 1 1
 0.5 1 1 1 1
 0.5 1 1 1 1
 0.5 1 1 1 1
 0.5 1 1 1 1
 0.5 1 1 1 1
 0.5 1 1 1 1
 0.5 1 1 1 1
 0.5 1 1 1 1
 0.5 1 1 1 1
 0.5 1 1 1 1
 0.5 1 1 1 1
 0.5 1 1 1 1
 0.5 1 1 1 1
 0.5 1 1 1 1
 0.5 1 1 1 1
 0.5 1 1 1 1
 0.5 1 1 1 1
 0.5 1 1 1 1
 0.5 1 1 1 1
 0.5 1 1 1 1
 0.5 1 1 1 1
 0.5 1 1 1 1
 0.5 1 1 1 1
Scru_reclas
 0.5 1 1 1 1
 0.5 1 1 1 1
 0.5 1 1 1 1
 0.5 1 1 1 1
 0.5 1 1 1 1
 0.5 1 1 1 1
 0.5 1 1 1 1
 0.5 1 1 1 1
 0.5 1 1 1 1
 0.5 1 1 1 1
 0.5 1 1 1 1
 0.5 1 1 1 1
 0.5 1 1 1 1
 0.5 1 1 1 1
 0.5 1 1 1 1
 0.5 1 1 1 1
 0.5 1 1 1 1
 0.5 1 1 1 1
 0.5 1 1 1 1
 0.5 1 1 1 1
 0.5 1 1 1 1
 0.5 1 1 1 1
 0.5 1 1 1 1
 0.5 1 1 1 1
Scru_pelaces
 0.5 1 1 1 1
 0.5 1 1 1 1
 0.5 1 1 1 1
 0.5 1 1 1 1
 0.5 1 1 1 1
 0.5 1 1 1 1
 0.5 1 1 1 1
 0.5 1 1 1 1
 0.5 1 1 1 1
 0.5 1 1 1 1
 0.5 1 1 1 1
 0.5 1 1 1 1
 0.5 1 1 1 1
 0.5 1 1 1 1
 0.5 1 1 1 1
 0.5 1 1 1 1
 0.5 1 1 1 1
 0.5 1 1 1 1
 0.5 1 1 1 1
 0.5 1 1 1 1
 0.5 1 1 1 1
 0.5 1 1 1 1
 0.5 1 1 1 1
 0.5 1 1 1 1
pf_obs 
 0.256992 0.487395 0.22802 0.0275931 0
 0.321318 0.546541 0.124235 0.00734118 0.000564706
 0.182869 0.594174 0.210203 0.0122559 0.00049798
 0.330522 0.361315 0.267642 0.0388342 0.00168674
 0.649043 0.306663 0.0425973 0.00169635 0
 0.582887 0.30429 0.105238 0.00758474 0
 0.465427 0.430635 0.0974691 0.00646863 0
 0.296916 0.608066 0.0921331 0.00288517 0
 0.311714 0.524322 0.152257 0.0117073 0
 0.15457 0.633149 0.183074 0.0267441 0.00246327
 0.131901 0.49318 0.331252 0.0422183 0.00144891
 0.196976 0.569456 0.194076 0.0375587 0.00193317
 0.518974 0.381816 0.0799577 0.0180837 0.00116848
 0.0928022 0.601141 0.25162 0.0475244 0.00691264
 0.122501 0.610282 0.24278 0.0234846 0.000952079
 0.383417 0.481906 0.127806 0.00687128 0
 0.0376549 0.599619 0.316969 0.0457579 0
 0.0361596 0.667082 0.258105 0.0386534 0
 0.158088 0.579412 0.248529 0.0139706 0
 0.0477256 0.309471 0.559284 0.082774 0.000745712
 0.0406174 0.521527 0.379366 0.0568643 0.0016247
 0.151134 0.462217 0.34131 0.0453401 0
 0.294876 0.26143 0.354403 0.0886775 0.000613685
 0.281977 0.475581 0.204845 0.0348837 0.00271318
pf_pred 
 0.0904112 0.596736 0.276291 0.0365593 2.11635e-06
 0.192087 0.137867 0.439584 0.203529 0.0269328
 0.0897405 0.305034 0.103279 0.329302 0.172644
 0.383556 0.120789 0.166098 0.0562377 0.27332
 0.787683 0.121977 0.0177016 0.0243416 0.0482967
 0.30958 0.60957 0.0464489 0.00674076 0.0276607
 0.689292 0.162651 0.130719 0.00996071 0.0073772
 0.600353 0.333372 0.034694 0.0278829 0.00369824
 0.682372 0.249504 0.0568263 0.00591392 0.00538329
 0.621521 0.315459 0.0495033 0.0112747 0.00224144
 0.270104 0.569654 0.13356 0.0209588 0.00572251
 0.224099 0.35788 0.326248 0.0764915 0.0152807
 0.492587 0.202625 0.140582 0.128156 0.0360498
 0.428747 0.40472 0.0665017 0.0461392 0.0538927
 0.545627 0.316297 0.0978236 0.0160739 0.0241784
 0.538124 0.357979 0.0723241 0.0223682 0.00920405
 0.45947 0.39517 0.112662 0.0227616 0.00993631
 0.466278 0.351683 0.133085 0.0379422 0.011012
 0.426778 0.377244 0.129135 0.0488677 0.0179755
 0.677665 0.20034 0.0802864 0.0274829 0.0142258
 0.579894 0.345193 0.0465607 0.0186592 0.00969346
 0.434362 0.419207 0.120319 0.0162291 0.00988254
 0.45355 0.337097 0.155157 0.0445326 0.00966442
 0.242307 0.484669 0.168425 0.0775214 0.0270786
pobs_RECLAS
 0 0 0 0 0
 0 0 0 0 0
 0 0 0 0 0
 0 0 0 0 0
 0.835266 0.146461 0.0176864 0.000547809 3.91292e-05
 0.385257 0.428462 0.181853 0.0044286 0
 0.867414 0.0963971 0.0333333 0.00285562 0
 0.441836 0.489002 0.0689373 0.000224442 0
 0.779404 0.147425 0.0564933 0.0165055 0.000172143
 0.814271 0.122319 0.05973 0.00367925 0
 0.40263 0.566651 0.0304383 0.000280538 0
 0.475488 0.404961 0.113038 0.00651328 0
 0.955842 0.0263864 0.0167828 0.000988607 0
 0.975058 0.0227948 0.00214734 0 0
 0.738997 0.206755 0.0527124 0.00153531 0
 0.850938 0.134255 0.0134407 0.00136685 0
 0.542534 0.407297 0.0501686 0 0
 0.764087 0.199537 0.0359546 0.000420521 0
 0.470689 0.182191 0.310203 0.0369168 0
 0.84361 0.089868 0.0606195 0.00523954 0.000663233
 0.607945 0.314616 0.071237 0.00620181 0
 0.523733 0.453247 0.0230204 0 0
 0.530135 0.295979 0.169645 0.0042399 0
 0.562478 0.366248 0.0663022 0.0049721 0
ppred_RECLAS
 0.0907386 0.596521 0.276192 0.0365461 2.11559e-06
 0.193202 0.137677 0.438977 0.203248 0.0268957
 0.0926647 0.304054 0.102948 0.328244 0.172089
 0.386076 0.120295 0.165418 0.0560078 0.272203
 0.787975 0.121809 0.0176772 0.0243081 0.0482302
 0.316753 0.603237 0.0459663 0.00667073 0.0273733
 0.693135 0.160639 0.129103 0.00983754 0.00728598
 0.608077 0.326929 0.0340235 0.0273439 0.00362676
 0.687353 0.245592 0.0559353 0.00582119 0.00529888
 0.623935 0.313447 0.0491876 0.0112028 0.00222715
 0.274406 0.566297 0.132773 0.0208353 0.00568878
 0.227729 0.356206 0.324722 0.0761337 0.0152093
 0.502113 0.198821 0.137943 0.125751 0.0353731
 0.450879 0.389039 0.0639252 0.0443516 0.0518047
 0.563489 0.303863 0.0939779 0.015442 0.0232279
 0.543923 0.353485 0.0714161 0.0220874 0.0090885
 0.464049 0.391823 0.111708 0.0225687 0.00985213
 0.469535 0.349537 0.132273 0.0377106 0.0109448
 0.430024 0.375108 0.128404 0.048591 0.0178737
 0.680329 0.198684 0.0796228 0.0272558 0.0141082
 0.580921 0.344349 0.0464469 0.0186136 0.00966976
 0.435753 0.418176 0.120024 0.0161892 0.00985825
 0.455646 0.335804 0.154561 0.0443618 0.00962735
 0.24481 0.483067 0.167868 0.0772652 0.0269891
pobs_PELACES
 0 0 0 0 0
 0 0 0 0 0
 0 0 0 0 0
 0 0 0 0 0
 0 0 0 0 0
 0 0 0 0 0
 0 0 0 0 0
 0 0 0 0 0
 0 0 0 0 0
 0 0 0 0 0
 0.450072 0.473896 0.0757376 0.000293798 0
 0 0 0 0 0
 0.463077 0.371075 0.160297 0.00555027 0
 0.529543 0.364841 0.0842815 0.0213345 0
 0.631943 0.363953 0.00410389 0 0
 0.735681 0.248677 0.0153453 0.000297389 0
 0.695825 0.281241 0.0229344 0 0
 0.275771 0.60734 0.115278 0.00161068 0
 0 0 0 0 0
 0.896147 0.0623911 0.0374545 0.00400742 0
 0.803859 0.145111 0.0509908 3.86294e-05 0
 0.739449 0.233085 0.0266225 0.000797448 4.60066e-05
 0.878498 0.100942 0.0204185 0.000141795 0
 0.694673 0.275183 0.0284847 0.00165964 0
ppred_PELACES
 0.0924103 0.595425 0.275684 0.0364789 2.1117e-06
 0.198504 0.136772 0.436092 0.201913 0.0267189
 0.102937 0.300612 0.101782 0.324528 0.170141
 0.397232 0.118109 0.162413 0.0549902 0.267257
 0.789542 0.120909 0.0175466 0.0241285 0.047874
 0.341459 0.581424 0.0443042 0.00642952 0.0263835
 0.708013 0.152851 0.122843 0.00936056 0.00693271
 0.633821 0.305454 0.0317886 0.0255478 0.00338854
 0.705443 0.231382 0.0526988 0.00548437 0.00499228
 0.634546 0.304603 0.0477997 0.0108867 0.0021643
 0.290985 0.553358 0.129739 0.0203593 0.0055588
 0.241929 0.349656 0.318751 0.0747338 0.0149296
 0.532821 0.186558 0.129435 0.117995 0.0331914
 0.50564 0.350242 0.0575503 0.0399286 0.0466385
 0.609643 0.271735 0.0840414 0.0138093 0.020772
 0.565246 0.336958 0.0680771 0.0210547 0.00866358
 0.482048 0.378664 0.107956 0.0218108 0.00952127
 0.483323 0.340452 0.128835 0.0367305 0.0106603
 0.443766 0.366064 0.125308 0.0474194 0.0174428
 0.691608 0.191674 0.0768134 0.0262941 0.0136104
 0.586071 0.340117 0.0458761 0.0183849 0.00955093
 0.442518 0.413163 0.118585 0.0159951 0.00974005
 0.46526 0.329873 0.151831 0.0435782 0.0094573
 0.255495 0.476232 0.165493 0.076172 0.0266073
pobs_pel_tallas
 0 0 0 0 0 0 0 0 0 0 0 0 0 0 0 0 0 0 0 0 0 0 0 0 0 0 0 0 0 0 0 0 0 0 0 0
 0 0 0 0 0 0 0 0 0 0 0 0 0 0 0 0 0 0 0 0 0 0 0 0 0 0 0 0 0 0 0 0 0 0 0 0
 0 0 0 0 0 0 0 0 0 0 0 0 0 0 0 0 0 0 0 0 0 0 0 0 0 0 0 0 0 0 0 0 0 0 0 0
 0 0 0 0 0 0 0 0 0 0 0 0 0 0 0 0 0 0 0 0 0 0 0 0 0 0 0 0 0 0 0 0 0 0 0 0
 0 0 0 0 0 0 0 0 0 0 0 0 0 0 0 0 0 0 0 0 0 0 0 0 0 0 0 0 0 0 0 0 0 0 0 0
 0 0 0 0 0 0 0 0 0 0 0 0 0 0 0 0 0 0 0 0 0 0 0 0 0 0 0 0 0 0 0 0 0 0 0 0
 0 0 0 0 0 0 0 0 0 0 0 0 0 0 0 0 0 0 0 0 0 0 0 0 0 0 0 0 0 0 0 0 0 0 0 0
 0 0 0 0 0 0 0 0 0 0 0 0 0 0 0 0 0 0 0 0 0 0 0 0 0 0 0 0 0 0 0 0 0 0 0 0
 0 0 0 0 0 0 0 0 0 0 0 0 0 0 0 0 0 0 0 0 0 0 0 0 0 0 0 0 0 0 0 0 0 0 0 0
 0 0 0 0 0 0 0 0 0 0 0 0 0 0 0 0 0 0 0 0 0 0 0 0 0 0 0 0 0 0 0 0 0 0 0 0
 0 0 0 0 0 0 0 0 1.78061e-05 0.00172719 0.00360574 0.0105946 0.0120993 0.0124554 0.0147524 0.0171206 0.0266825 0.0428682 0.0675386 0.121331 0.153587 0.119568 0.100827 0.0573624 0.0630603 0.0341343 0.0324427 0.0444173 0.0211091 0.0280891 0.0125444 0.00206551 0 0 0 0
 0 0 0 0 0 0 0 0 0 0 0 0 0 0 0 0 0 0 0 0 0 0 0 0 0 0 0 0 0 0 0 0 0 0 0 0
 0 0 0 0 0 0 0.0133647 0.0140871 0.0187388 0.0205184 0.03894 0.0496705 0.03968 0.0493445 0.0407372 0.0367815 0.0215668 0.0243155 0.0234873 0.0199281 0.019796 0.0243948 0.0301388 0.0376714 0.0412746 0.0863199 0.0771752 0.113111 0.0741005 0.0525337 0.0229764 0.00759418 0.00175318 0 0 0
 0 0 0 0 0 0 0 0 0 0 0.00219441 0.00772107 0.0458388 0.0604681 0.0671733 0.0775358 0.0609151 0.0617685 0.073594 0.0568108 0.0755445 0.0548602 0.0670107 0.0636378 0.0643287 0.046367 0.0373049 0.0286899 0.0247887 0.0153202 0.00654259 0.00121912 0.000365735 0 0 0
 0 0 0 0 0 0 0 0 0 0 0 0 0.000112435 0.00938835 0.0111873 0.0202946 0.0414886 0.0713402 0.111592 0.104902 0.108894 0.110636 0.117776 0.105296 0.107544 0.0401394 0.0192827 0.0124803 0.00416011 0.0028671 0.000618394 0 0 0 0 0
 0 0 0 0 0 0 0 0 0 0 0.00291406 0.0102884 0.027416 0.0768956 0.0749926 0.110853 0.0956884 0.0897413 0.0766577 0.0534642 0.0500743 0.0551293 0.0594112 0.0620874 0.0668451 0.0424026 0.0208742 0.0120726 0.0048766 0.00582813 0.00118941 0.000297354 0 0 0 0
 0 0.00264628 0.0354308 0.0461629 0.0458689 0.0383711 0.0214643 0.0164657 0.0346957 0.0420465 0.0363128 0.0245516 0.0311673 0.0291091 0.0169068 0.0133784 0.00837989 0.0085269 0.0148486 0.0160247 0.0276389 0.0546898 0.0760071 0.122758 0.109233 0.0665981 0.0333725 0.0166128 0.00676272 0.00308733 0.000882094 0 0 0 0 0
 0 0 0 0 0 0 0 0.000805153 0.000690131 0.00759144 0.0133425 0.0154129 0.00931677 0.000345066 0.00356568 0.00563607 0.00851162 0.0253048 0.0502646 0.0516448 0.0657925 0.0565908 0.0611916 0.0827007 0.0866115 0.110766 0.145733 0.0935128 0.0569358 0.0249597 0.0138026 0.00621118 0.00161031 0.00115022 0 0
 0 0 0 0 0 0 0 0 0 0 0 0 0 0 0 0 0 0 0 0 0 0 0 0 0 0 0 0 0 0 0 0 0 0 0 0
 0.00147267 0.00158595 0.00478618 0.00569244 0.00954404 0.0108468 0.00647125 0.017049 0.0510054 0.094081 0.124002 0.0959785 0.0687766 0.0820023 0.061753 0.0591476 0.0492212 0.0479892 0.0443925 0.0268479 0.0217502 0.0140895 0.0121071 0.0120363 0.00920419 0.00665534 0.0049561 0.00860946 0.00930331 0.0156896 0.0114698 0.00855282 0.00243557 0.00046729 0 2.83206e-05
 0 0 0 0 0.000772559 0.00158375 0.000888443 0.00281984 0.00712685 0.0440552 0.0773331 0.111326 0.0921469 0.0852325 0.0710754 0.0886704 0.0786465 0.0553345 0.0373146 0.0185414 0.00753245 0.00457741 0.012979 0.0271748 0.0457355 0.0583668 0.034881 0.0177882 0.00938659 0.00492506 0.0015258 0.00185414 0.000309023 5.79419e-05 3.86279e-05 0
 0 0.00173294 0.00326652 0 0.00397197 0.00683976 0.00946217 0.0152591 0.00757587 0.0136028 0.0228656 0.0392903 0.0559909 0.0764795 0.0681675 0.0726916 0.0566044 0.0477403 0.0527397 0.0444891 0.0609904 0.0582453 0.0661739 0.0445044 0.0529084 0.0360697 0.0280645 0.0235558 0.0158879 0.00826598 0.00280645 0.00217768 0.000904811 0.00058276 9.20147e-05 0
 0 0 0 0 0 0 0 0 0 0 0 0 0 0 0 0 0 0 0 0 0 0 0 0 0 0 0 0 0 0 0 0 0 0 0 0
 0 0 0 0 0 0 0 0 0 0 0 0 0 0 0 0 0 0 0 0 0 0 0 0 0 0 0 0 0 0 0 0 0 0 0 0
ppred_pel_tallas
 1.05361e-16 4.06696e-06 2.37816e-05 0.000112863 0.000434222 0.0013538 0.00342023 0.007003 0.0116263 0.0156685 0.0171946 0.01551 0.0118517 0.00843041 0.00692568 0.00789244 0.0111725 0.0164622 0.0235006 0.0319612 0.0413086 0.0507601 0.0593715 0.0662073 0.070538 0.0719931 0.0706253 0.066859 0.0613552 0.0548401 0.0479568 0.0411791 0.0347966 0.0289501 0.023689 0.019022
 1.14422e-16 8.67471e-06 5.0875e-05 0.000241761 0.000930668 0.00290206 0.00733046 0.0150002 0.0248691 0.0334127 0.0363969 0.0321937 0.023241 0.0139639 0.00754029 0.00465984 0.00449555 0.00606551 0.00881518 0.0125468 0.0171901 0.0226536 0.0287697 0.035291 0.0419073 0.04827 0.0540161 0.0587897 0.0622659 0.0641786 0.0643523 0.0627336 0.0594131 0.0546253 0.0487271 0.0421515
 1.20644e-16 4.51283e-06 2.64294e-05 0.000125518 0.000483058 0.00150618 0.00380477 0.0077875 0.012918 0.0173771 0.0189852 0.0169258 0.0125085 0.00809487 0.00542293 0.0049574 0.0063776 0.00925702 0.0133322 0.018436 0.024365 0.0308163 0.0374032 0.0437208 0.049423 0.0542798 0.0581932 0.0611651 0.0632379 0.0644315 0.0647076 0.0639746 0.0621277 0.059105 0.0549389 0.0497796
 1.16722e-16 1.73383e-05 0.000101742 0.0004836 0.00186183 0.00580586 0.0146651 0.0300073 0.0497421 0.0668077 0.0727144 0.0641735 0.0460128 0.0270081 0.0134048 0.00643181 0.00425175 0.00470253 0.00649099 0.00908813 0.0123081 0.0160415 0.0201616 0.0245139 0.0289321 0.0332526 0.037321 0.0409863 0.0440923 0.0464731 0.0479614 0.0484106 0.0477252 0.0458893 0.042982 0.0391775
 1.03355e-16 3.44452e-05 0.000202174 0.000961061 0.00370017 0.0115387 0.0291457 0.0596354 0.0988505 0.132748 0.144441 0.127372 0.0911007 0.0530122 0.0254386 0.0107138 0.00505176 0.00400725 0.00486412 0.00644882 0.0083153 0.010232 0.0120042 0.0134556 0.0144555 0.0149464 0.014952 0.0145634 0.0139068 0.0131076 0.0122601 0.0114143 0.0105788 0.00973631 0.00886248 0.00794215
 1.02272e-16 1.49254e-05 8.75333e-05 0.000415952 0.0016012 0.00499299 0.0126125 0.0258108 0.0427993 0.0575237 0.062717 0.055606 0.0404263 0.024847 0.0144006 0.0103295 0.0112227 0.015312 0.0214228 0.0288189 0.0368141 0.044582 0.0511889 0.0557567 0.0576606 0.0566797 0.0530487 0.047388 0.0405419 0.0333786 0.026618 0.0207302 0.0159192 0.0121718 0.0093394 0.00722069
 1.0244e-16 3.08918e-05 0.000181309 0.000861857 0.00331819 0.0103475 0.0261369 0.0534795 0.0886482 0.119052 0.129552 0.114274 0.0817998 0.0477378 0.023168 0.0102113 0.00550315 0.00508453 0.00653646 0.00880415 0.0114597 0.0142404 0.0168937 0.0191705 0.0208642 0.0218474 0.0220909 0.0216541 0.020658 0.0192479 0.0175625 0.0157161 0.0137961 0.0118692 0.00999086 0.00821138
 1.01588e-16 2.76626e-05 0.000162337 0.000771634 0.00297076 0.00926399 0.0234003 0.0478813 0.0793733 0.10661 0.116051 0.102455 0.0735355 0.043309 0.0217527 0.0108307 0.00759174 0.00852552 0.0114486 0.0153248 0.0195966 0.0237862 0.0273965 0.0299645 0.0311573 0.0308502 0.029154 0.0263786 0.0229505 0.0193099 0.0158224 0.0127281 0.010134 0.00803987 0.00638016 0.0050651
 1.01246e-16 3.07827e-05 0.000180662 0.000858766 0.00330626 0.0103103 0.026043 0.0532879 0.0883327 0.118635 0.129114 0.113927 0.0816374 0.047815 0.0235246 0.0109058 0.00662896 0.00675763 0.00886378 0.0118429 0.0151768 0.0184818 0.021376 0.0235022 0.024598 0.0245537 0.0234351 0.0214585 0.018931 0.0161755 0.0134667 0.0109925 0.00884804 0.0070523 0.00557674 0.00437287
 1.01254e-16 2.76943e-05 0.000162523 0.000772517 0.00297416 0.00927458 0.023427 0.0479361 0.0794641 0.106732 0.116184 0.102572 0.0736192 0.0433578 0.0217765 0.0108419 0.00759975 0.00853653 0.0114674 0.0153565 0.0196469 0.023861 0.0275006 0.0300995 0.03132 0.0310304 0.0293344 0.0265354 0.0230562 0.0193374 0.0157494 0.0125418 0.00983366 0.00763744 0.00589866 0.00453505
 1.02982e-16 1.27237e-05 7.46088e-05 0.000354512 0.00136465 0.00425532 0.0107491 0.0219981 0.0364791 0.0490354 0.0534788 0.0474541 0.0345845 0.0214256 0.0127202 0.00956154 0.0107849 0.0149169 0.0209762 0.0283321 0.0363653 0.0443056 0.0512661 0.0563961 0.0590661 0.0590108 0.0563836 0.0516968 0.04568 0.0391021 0.0326176 0.0266763 0.0215076 0.0171609 0.0135731 0.0106337
 1.07905e-16 1.05768e-05 6.20224e-05 0.000294714 0.00113448 0.00353759 0.00893599 0.0182868 0.0303223 0.0407522 0.0444261 0.0393766 0.0286015 0.0175314 0.0100854 0.00715052 0.00774843 0.0106709 0.0151621 0.020811 0.0272699 0.0340992 0.0407585 0.046682 0.0513818 0.0545346 0.0560231 0.0559201 0.0544315 0.0518216 0.048351 0.0442456 0.0396954 0.0348703 0.0299391 0.0250756
 1.07504e-16 2.32538e-05 0.000136464 0.000648656 0.00249731 0.00778756 0.0196708 0.0402497 0.0667209 0.0896118 0.0975353 0.0860806 0.0617231 0.0362331 0.0179836 0.00861329 0.00563698 0.0061183 0.00826524 0.011287 0.0148316 0.0186384 0.0224301 0.0259224 0.0288713 0.0311131 0.0325824 0.0332991 0.0333364 0.0327816 0.0317083 0.0301676 0.0281979 0.0258433 0.0231717 0.0202817
 1.04483e-16 2.20751e-05 0.000129529 0.000615654 0.00237019 0.0073911 0.0186696 0.0382023 0.0633318 0.0850745 0.0926349 0.0818462 0.0588841 0.0349623 0.0180845 0.00987048 0.00801958 0.00977402 0.0134065 0.0180616 0.0232139 0.0283535 0.0329262 0.0364066 0.0384081 0.0387706 0.0375903 0.0351799 0.0319771 0.0284317 0.024912 0.0216527 0.0187521 0.0162047 0.0139506 0.0119191
 1.02727e-16 2.66071e-05 0.000156143 0.000742193 0.00285742 0.00891053 0.0225074 0.0460543 0.0763442 0.10254 0.111617 0.0985317 0.0707013 0.0416034 0.0208301 0.0102671 0.00707428 0.00787982 0.0105966 0.0142517 0.0183433 0.022452 0.0261387 0.0289843 0.0306731 0.031061 0.0302012 0.0283176 0.0257375 0.022808 0.0198249 0.0169919 0.0144156 0.0121254 0.0101062 0.00832719
 1.02205e-16 2.46738e-05 0.000144787 0.000688192 0.00264948 0.00826206 0.0208695 0.0427035 0.0707921 0.0950908 0.103528 0.0914378 0.0657138 0.0388747 0.0198455 0.0104101 0.00796935 0.00941862 0.0128191 0.017228 0.0220967 0.0269168 0.0311432 0.0342603 0.035889 0.0358727 0.0343087 0.0315118 0.0279262 0.0240167 0.0201752 0.0166662 0.0136188 0.0110528 0.00892159 0.00715333
 1.02851e-16 2.10478e-05 0.000123495 0.000586958 0.00225968 0.0070465 0.0177992 0.0364217 0.0603812 0.0811153 0.0883353 0.0780746 0.0562299 0.0335059 0.0175511 0.009932 0.00847795 0.0105767 0.0145855 0.0196726 0.0252959 0.0309048 0.0358902 0.039668 0.0418002 0.0420921 0.0406289 0.0377373 0.033891 0.0295923 0.0252706 0.0212234 0.0176072 0.0144645 0.0117692 0.00946777
 1.037e-16 2.11018e-05 0.000123816 0.000588491 0.0022656 0.00706495 0.0178458 0.0365167 0.0605377 0.0813223 0.0885523 0.0782464 0.0563103 0.033467 0.0173729 0.00958487 0.00791422 0.00973673 0.0134131 0.0181349 0.0234042 0.0287296 0.0335672 0.037389 0.0397891 0.0405698 0.0397755 0.0376612 0.0346116 0.0310411 0.0273079 0.0236654 0.0202561 0.0171356 0.0143098 0.0117677
 1.04343e-16 1.9378e-05 0.000113693 0.000540361 0.00208028 0.00648704 0.016386 0.0335302 0.0555882 0.0746785 0.081331 0.0718968 0.0518089 0.0309285 0.0163065 0.0093974 0.00821673 0.0103737 0.014367 0.0194361 0.025079 0.0307765 0.0359474 0.0400282 0.0425877 0.0434197 0.042578 0.0403415 0.0371261 0.0333755 0.0294691 0.02567 0.02212 0.0188669 0.0159069 0.0132211
 1.02693e-16 3.01779e-05 0.000177114 0.000841909 0.00324138 0.0101079 0.0255318 0.0522418 0.0865977 0.116302 0.126568 0.111663 0.0799784 0.0467695 0.0228739 0.0103786 0.0060104 0.00590846 0.00770305 0.0103388 0.0133528 0.0164283 0.0192536 0.0215315 0.0230323 0.0236405 0.023374 0.0223659 0.0208206 0.0189584 0.0169687 0.0149844 0.01308 0.0112857 0.00960866 0.00805068
 1.01841e-16 2.55819e-05 0.000150118 0.000713538 0.00274706 0.00856638 0.0216382 0.0442763 0.0733991 0.0985915 0.107336 0.0947943 0.0681105 0.0402614 0.0204951 0.0106547 0.00803749 0.00941699 0.0127771 0.0171377 0.0219328 0.0266432 0.0307177 0.033639 0.0350332 0.0347567 0.0329267 0.0298825 0.0260938 0.0220473 0.0181491 0.0146685 0.0117289 0.00933565 0.00742203 0.00589384
 1.02823e-16 1.93255e-05 0.00011338 0.000538865 0.0020745 0.00646901 0.0163405 0.0334374 0.0554359 0.0744778 0.0811231 0.0717382 0.0517493 0.0310023 0.0165442 0.00984336 0.00893686 0.0114483 0.0158724 0.0214204 0.0275362 0.0336259 0.0390252 0.0430956 0.0453593 0.0456047 0.0439272 0.0406874 0.0364073 0.0316414 0.0268645 0.0224068 0.018443 0.0150215 0.012113 0.00965575
 1.04203e-16 2.03139e-05 0.00011919 0.000566504 0.00218095 0.00680097 0.017179 0.0351523 0.0582759 0.0782845 0.0852459 0.0753283 0.0542178 0.0322388 0.0167648 0.00929839 0.00773842 0.00956546 0.0132088 0.0178977 0.0231583 0.028521 0.0334608 0.0374626 0.0401228 0.0412319 0.0408088 0.0390722 0.0363665 0.0330687 0.0295096 0.0259289 0.0224709 0.019206 0.0161642 0.0133626
 1.06365e-16 1.1173e-05 6.55123e-05 0.000311282 0.00119823 0.00373636 0.00943822 0.0193153 0.0320303 0.0430554 0.0469573 0.0416683 0.0303703 0.0188207 0.0111867 0.00843401 0.00954987 0.0132567 0.018717 0.0254085 0.0328254 0.0403301 0.0471766 0.0526342 0.0561416 0.0574257 0.0565486 0.0538608 0.0498883 0.0451924 0.0402509 0.0353937 0.030797 0.0265212 0.0225659 0.0189162
pSPR Fmed_Fpbrs
0.52761   0.255389 0.255389
Fs Fmed_Fpbrs
0.364609   1.005 1.005
SSBpbr Bo_Bmed_Bpbrs
999214  477235  205228 205228
Ro
27446.7
SPR SPRFo_SPRFmed_SPRFpbrs
564677 297929 144212
log_Ro
10.04
likeval ReclasPelacesDesembMPH_pf_preclas_ppelaces_ptallas_desvR_qrecl_qpela
 98.8357 108.36 0.0636668 0.000582306 336.73 178.661 87.5572 0 24.4729 0 0 0 0 0 0
q_reclas_q_pelaces
1 1
M
0.7
N
 15042 50972.1 23600.3 3122.82 0.180775
 18744.6 7028.33 22409.5 10375.7 1373.01
 4294.19 8405.4 2845.92 9074.1 4757.31
 8957.42 1498.08 2060.03 697.49 3389.86
 49230.5 3859.73 560.133 770.244 1528.26
 21060.3 23760.6 1810.54 262.75 1078.19
 57738.5 7449.89 5987.32 456.23 337.898
 72886 23126 2406.73 1934.24 256.547
 127742 25980.8 5917.31 615.814 560.56
 181876 48944.1 7680.52 1749.29 347.764
 67371.7 78687.8 18449 2895.1 790.465
 29620 26112.8 23804.8 5581.22 1114.96
 48524.9 11575.7 8031.29 7321.44 2059.49
 27580.1 16597.9 2727.29 1892.21 2210.19
 19560.6 7038.49 2176.85 357.69 538.037
 14726.1 5453.84 1101.86 340.781 140.224
 11952.1 5629.34 1604.91 324.246 141.546
 11782.4 4768.73 1804.6 514.486 149.319
 10425.2 4948.56 1693.95 641.03 235.797
 27649.6 4370.77 1751.59 599.588 310.361
 38280.2 11715.8 1580.26 633.29 328.994
 35638.3 17827.1 5116.67 690.153 420.262
 41674.2 16284.1 7495.12 2151.23 466.857
 17111.5 18404.6 6395.68 2943.76 1028.27
pred_Ctot
 641.346 4233.04 1959.92 259.339 0.0150127
 1315.31 944.041 3010.04 1393.66 184.422
 937.483 3186.57 1078.92 3440.08 1803.54
 859.118 270.551 372.037 125.965 612.202
 995.941 154.227 22.3817 30.7773 61.066
 4442.45 8747.28 666.538 96.7294 396.929
 8132 1918.89 1542.17 117.512 87.0333
 15075.4 8371.3 871.201 700.165 92.8665
 21301.3 7788.66 1773.92 184.612 168.048
 16975.7 8616.21 1352.09 307.949 61.2209
 10787.1 22750.1 5333.95 837.028 228.538
 4600.47 7346.81 6697.45 1570.27 313.694
 11094.7 4563.78 3166.37 2886.51 811.962
 10012.8 9451.7 1553.06 1077.52 1258.59
 6375.18 3695.66 1142.99 187.81 282.504
 2474.91 1646.4 332.629 102.875 42.3308
 1710.78 1471.37 419.484 84.7501 36.9967
 1319.56 995.254 376.627 107.375 31.1635
 1179.05 1042.21 356.76 135.006 49.6608
 2944.42 870.468 348.84 119.412 61.8104
 1718.63 1023.05 137.992 55.3004 28.7285
 2056.74 1984.97 569.721 76.8459 46.7945
 3339.26 2481.88 1142.34 327.871 71.1543
 1970.77 3941.98 1369.86 630.509 220.24
F
 0.0608958 0.121792 0.121792 0.121792 0.121792
 0.102031 0.204062 0.204062 0.204062 0.204062
 0.353077 0.706154 0.706154 0.706154 0.706154
 0.141884 0.283767 0.283767 0.283767 0.283767
 0.0284857 0.0569714 0.0569714 0.0569714 0.0569714
 0.339192 0.678385 0.678385 0.678385 0.678385
 0.214966 0.429931 0.429931 0.429931 0.429931
 0.331539 0.663078 0.663078 0.663078 0.663078
 0.259335 0.51867 0.51867 0.51867 0.51867
 0.137835 0.275669 0.275669 0.275669 0.275669
 0.247801 0.495602 0.495602 0.495602 0.495602
 0.23954 0.47908 0.47908 0.47908 0.47908
 0.3728 0.745601 0.745601 0.745601 0.745601
 0.665699 1.3314 1.3314 1.3314 1.3314
 0.577197 1.15439 1.15439 1.15439 1.15439
 0.261627 0.523253 0.523253 0.523253 0.523253
 0.218827 0.437654 0.437654 0.437654 0.437654
 0.167509 0.335018 0.335018 0.335018 0.335018
 0.169287 0.338574 0.338574 0.338574 0.338574
 0.158675 0.317351 0.317351 0.317351 0.317351
 0.0642154 0.128431 0.128431 0.128431 0.128431
 0.0832327 0.166465 0.166465 0.166465 0.166465
 0.117283 0.234565 0.234565 0.234565 0.234565
 0.172641 0.345283 0.345283 0.345283 0.345283
nmprior
 10 10 8 0
nm_flota  nm_reclas  nm_pelaces    nm_pelaL
inf 13.2539 10.2283 16.2841
cv_recla  cv_pelaces  cv_mph
0.920414 1.22489 0.782913
 ------------------------------------------------
Talla a la edad & desviación 
 7.2 14.2025 17.0495 18.207 18.6776
 1.08 2.13037 2.55742 2.73105 2.80164
