    unsorted:	 2.294522682e-06 2.983604378e-06 9.365454731e-06 5.757039215e-05 0.0008999962435 0.006704003151 43.10057100 59.47122152 101.9998234 170.6108966 192.5541253 237.3484454 472.5020722 602.8853261 633.1330441 798.3514690 863.8829017 1040.264110 1166.324140 1411.797513 1349.107161 1685.650980 1861.916245 2098.492949 2492.939857 2527.043861 2896.165855 3186.983769 3510.497654 3752.425694 4157.162924 4525.217573 4886.560242 5187.528453 5776.991818 6079.546772 6346.518474 18864.22630 204587.5897 369714.2438 363702.9796 400750.1325 314720.8434 427018.0535 467745.2765 477856.7317 493515.1144 506088.5262 558692.8008 569663.6983 613214.0718 692620.6369 723097.3224 830002.9611 1007038.687 1062173.321 1228282.246 1457867.346 1842161.140 2014016.647 2237587.637 2626038.989 5938965.533
      sorted:	 2.294522682e-06 2.983604378e-06 9.365454731e-06 5.757039215e-05 0.0008999962435 0.006704003151 43.10057100 59.47122152 101.9998234 170.6108966 192.5541253 237.3484454 472.5020722 602.8853261 633.1330441 798.3514690 863.8829017 1040.264110 1166.324140 1349.107161 1411.797513 1685.650980 1861.916245 2098.492949 2492.939857 2527.043861 2896.165855 3186.983769 3510.497654 3752.425694 4157.162924 4525.217573 4886.560242 5187.528453 5776.991818 6079.546772 6346.518474 18864.22630 204587.5897 314720.8434 363702.9796 369714.2438 400750.1325 427018.0535 467745.2765 477856.7317 493515.1144 506088.5262 558692.8008 569663.6983 613214.0718 692620.6369 723097.3224 830002.9611 1007038.687 1062173.321 1228282.246 1457867.346 1842161.140 2014016.647 2237587.637 2626038.989 5938965.533
