years
 1997 1998 1999 2000 2001 2002 2003 2004 2005 2006 2007 2008 2009 2010 2011 2012 2013 2014 2015 2016 2017 2018 2019 2020
reclasobs
 0 0 0 370054 412103 1.49427e+06 250295 1.28982e+06 931140 785840 897777 1.04006e+06 184774 17550 25797 100020 73551 82996 120727 218422 84188 347160 605670 569463
reclaspred
 790625 169537 364096 188729 316959 390291 820646 614698 716808 855320 776052 528572 325278 132515 74456.9 72069.2 84543.8 104977 110860 146804 229438 222452 366533 367690
pelacesobs
 0 0 0 0 0 0 0 0 0 2.06254e+06 1.5e+06 0 1.87456e+06 323000 250000 174000 83755 137374 0 501740 490994 745055 786931 1.00524e+06
pelacespred
 2.4242e+06 564687 581486 550050 861310 708863 2.1983e+06 1.7084e+06 1.93557e+06 2.31539e+06 1.69646e+06 1.22999e+06 787857 249721 151700 147892 180004 232565 236273 321477 592256 516257 662618 772936
mphobs
 0 0 0 0 0 112323 0 153150 637223 0 255016 313432 73983 77613 109348 50772 0 0 0 0 0 0 0 0
mphpred
 290110 139694 130203 94901.6 99044.8 182713 235041 313149 287214 330938 400245 271501 170814 91215.9 38678.3 30090 33050 40660.2 47221.6 53002.9 80505.1 101715 125798 158431
desembarqueobs
 350755 77701 442110 56441 14545 235359 269955 359681 431902 328805 639364 411747 362871 311530 167758 66681 60226 58785 57116 71774 51957 67425 138520 160799
desembarquepred
 350743 77682.8 441870 56437.6 14544.9 235379 269975 359475 431755 328697 638802 411485 362616 311286 167409 66643.2 60225.1 58746.1 57076.2 71747 51952.2 67394.7 138487 160777
Reclutas
 29464.3 41950.5 14014.4 20876.3 47986.3 27915.7 64683.4 67846.2 88539.3 124738 62256.2 47757.2 50553.5 26807.3 14080.7 12306.7 8628.77 9183.36 10458.8 15784.3 21210 27343.1 38048.6 29790.2
log_desv_Rt
 0.0109334 0.364245 -0.732157 -0.333631 0.498672 -0.0430565 0.79726 0.844998 1.1112 1.45397 0.759013 0.493886 0.550788 -0.0835696 -0.727442 -0.862098 -1.21714 -1.15485 -1.0248 -0.613228 -0.317772 -0.0637789 0.266619 0.021934
SSB
 568729 273855 255248 186044 194166 358189 460772 613894 563051 648767 784636 532247 334861 178819 75824.5 58988 64790.9 79709.8 92572.8 103906 157821 199401 246612 310586
BT
 1.48861e+06 403602 524588 327680 440621 516154 1.31403e+06 1.23979e+06 1.37489e+06 1.47087e+06 1.38558e+06 973559 744929 411318 213125 128413 137212 162431 162207 215899 335745 307455 411134 499922
Ftot
 0.533634 0.629928 1.25915 0.387274 0.0716701 0.646539 0.479342 0.810032 0.881302 0.574839 0.936586 0.908649 1.4551 2.62559 2.89371 1.24572 0.943383 0.737126 0.63616 0.664832 0.306721 0.370262 0.4488 0.508852
BD_Bspro_t
 0.930422 0.662486 0.543486 0.302748 0.434028 0.640338 0.554596 0.587058 0.526557 0.513887 0.52683 0.361349 0.265072 0.178911 0.0946463 0.0908817 0.134603 0.214965 0.290459 0.371221 0.502698 0.623448 0.634158 0.614348
BD_Bspro
 0.948523 0.456735 0.425702 0.310283 0.32383 0.597386 0.768472 1.02385 0.939053 1.08201 1.30861 0.887678 0.55848 0.298233 0.12646 0.0983799 0.108058 0.13294 0.154392 0.173294 0.263213 0.33256 0.411299 0.517993
BD_Bo
 0.721228 0.347287 0.32369 0.23593 0.24623 0.454234 0.584323 0.778504 0.714027 0.822727 0.995028 0.674963 0.424651 0.226767 0.096156 0.074805 0.0821639 0.101083 0.117395 0.131768 0.200139 0.252868 0.312739 0.393866
BD_Brms
 2.39697 1.15419 1.07577 0.784102 0.818334 1.50963 1.94197 2.58732 2.37304 2.73429 3.30693 2.24321 1.41131 0.753649 0.31957 0.248611 0.273068 0.335945 0.390157 0.437924 0.665153 0.840395 1.03937 1.309
S_f
 0.143087 1 1 1 1
 0.143087 1 1 1 1
 0.143087 1 1 1 1
 0.143087 1 1 1 1
 0.143087 1 1 1 1
 0.143087 1 1 1 1
 0.143087 1 1 1 1
 0.143087 1 1 1 1
 0.143087 1 1 1 1
 0.143087 1 1 1 1
 0.143087 1 1 1 1
 0.143087 1 1 1 1
 0.143087 1 1 1 1
 0.143087 1 1 1 1
 0.143087 1 1 1 1
 0.143087 1 1 1 1
 0.143087 1 1 1 1
 0.143087 1 1 1 1
 0.143087 1 1 1 1
 0.143087 1 1 1 1
 0.143087 1 1 1 1
 0.143087 1 1 1 1
 0.143087 1 1 1 1
 0.143087 1 1 1 1
Scru_reclas
 0.58714 1 1 1 1
 0.58714 1 1 1 1
 0.58714 1 1 1 1
 0.58714 1 1 1 1
 0.58714 1 1 1 1
 0.58714 1 1 1 1
 0.58714 1 1 1 1
 0.58714 1 1 1 1
 0.58714 1 1 1 1
 0.58714 1 1 1 1
 0.58714 1 1 1 1
 0.58714 1 1 1 1
 0.58714 1 1 1 1
 0.58714 1 1 1 1
 0.58714 1 1 1 1
 0.58714 1 1 1 1
 0.58714 1 1 1 1
 0.58714 1 1 1 1
 0.58714 1 1 1 1
 0.58714 1 1 1 1
 0.58714 1 1 1 1
 0.58714 1 1 1 1
 0.58714 1 1 1 1
 0.58714 1 1 1 1
Scru_pelaces
 0.833731 1 1 1 1
 0.833731 1 1 1 1
 0.833731 1 1 1 1
 0.833731 1 1 1 1
 0.833731 1 1 1 1
 0.833731 1 1 1 1
 0.833731 1 1 1 1
 0.833731 1 1 1 1
 0.833731 1 1 1 1
 0.833731 1 1 1 1
 0.833731 1 1 1 1
 0.833731 1 1 1 1
 0.833731 1 1 1 1
 0.833731 1 1 1 1
 0.833731 1 1 1 1
 0.833731 1 1 1 1
 0.833731 1 1 1 1
 0.833731 1 1 1 1
 0.833731 1 1 1 1
 0.833731 1 1 1 1
 0.833731 1 1 1 1
 0.833731 1 1 1 1
 0.833731 1 1 1 1
 0.833731 1 1 1 1
pf_obs 
 0.256992 0.487395 0.22802 0.0275931 0
 0.321318 0.546541 0.124235 0.00734118 0.000564706
 0.182869 0.594174 0.210203 0.0122559 0.00049798
 0.330522 0.361315 0.267642 0.0388342 0.00168674
 0.649043 0.306663 0.0425973 0.00169635 0
 0.582887 0.30429 0.105238 0.00758474 0
 0.465427 0.430635 0.0974691 0.00646863 0
 0.296916 0.608066 0.0921331 0.00288517 0
 0.311714 0.524322 0.152257 0.0117073 0
 0.15457 0.633149 0.183074 0.0267441 0.00246327
 0.131901 0.49318 0.331252 0.0422183 0.00144891
 0.196976 0.569456 0.194076 0.0375587 0.00193317
 0.518974 0.381816 0.0799577 0.0180837 0.00116848
 0.0928022 0.601141 0.25162 0.0475244 0.00691264
 0.122501 0.610282 0.24278 0.0234846 0.000952079
 0.383417 0.481906 0.127806 0.00687128 0
 0.0376549 0.599619 0.316969 0.0457579 0
 0.0361596 0.667082 0.258105 0.0386534 0
 0.158088 0.579412 0.248529 0.0139706 0
 0.0477256 0.309471 0.559284 0.082774 0.000745712
 0.0406174 0.521527 0.379366 0.0568643 0.0016247
 0.151134 0.462217 0.34131 0.0453401 0
 0.294876 0.26143 0.354403 0.0886775 0.000613685
 0.281977 0.475581 0.204845 0.0348837 0.00271318
pf_pred 
 0.201672 0.550842 0.22 0.0274782 7.56469e-06
 0.278489 0.503145 0.150672 0.0601767 0.00751817
 0.111729 0.699375 0.131726 0.0394468 0.0177229
 0.271641 0.459105 0.211996 0.039929 0.0173294
 0.353212 0.491129 0.0981163 0.045306 0.0122368
 0.145192 0.682134 0.131118 0.0261943 0.0153623
 0.351114 0.403433 0.195871 0.0376497 0.0119327
 0.261945 0.610775 0.0791343 0.0384205 0.0097257
 0.31111 0.543793 0.120075 0.0155573 0.00946526
 0.319872 0.565954 0.0901258 0.0199007 0.00414713
 0.149105 0.692819 0.13154 0.0209471 0.00558921
 0.186706 0.540603 0.222032 0.0421552 0.00850424
 0.285703 0.513522 0.133456 0.054812 0.0125061
 0.254506 0.64009 0.0757768 0.0196932 0.00993365
 0.309915 0.631161 0.0505928 0.00598941 0.00234171
 0.352047 0.61158 0.0332672 0.00266665 0.000439117
 0.22682 0.680126 0.0878302 0.00477757 0.000446025
 0.258949 0.569959 0.1505 0.0194354 0.00115589
 0.26272 0.575174 0.124679 0.0329221 0.00450436
 0.318 0.528027 0.120119 0.026038 0.00781614
 0.280967 0.589614 0.1002 0.0227942 0.00642427
 0.252479 0.568429 0.146857 0.0249572 0.00727755
 0.268717 0.540489 0.145084 0.0374832 0.00822746
 0.180421 0.62481 0.143953 0.0386414 0.0121745
pobs_RECLAS
 0 0 0 0 0
 0 0 0 0 0
 0 0 0 0 0
 0 0 0 0 0
 0.835266 0.146461 0.0176864 0.000547809 3.91292e-05
 0.385257 0.428462 0.181853 0.0044286 0
 0.867414 0.0963971 0.0333333 0.00285562 0
 0.441836 0.489002 0.0689373 0.000224442 0
 0.779404 0.147425 0.0564933 0.0165055 0.000172143
 0.814271 0.122319 0.05973 0.00367925 0
 0.40263 0.566651 0.0304383 0.000280538 0
 0.475488 0.404961 0.113038 0.00651328 0
 0.955842 0.0263864 0.0167828 0.000988607 0
 0.975058 0.0227948 0.00214734 0 0
 0.738997 0.206755 0.0527124 0.00153531 0
 0.850938 0.134255 0.0134407 0.00136685 0
 0.542534 0.407297 0.0501686 0 0
 0.764087 0.199537 0.0359546 0.000420521 0
 0.470689 0.182191 0.310203 0.0369168 0
 0.84361 0.089868 0.0606195 0.00523954 0.000663233
 0.607945 0.314616 0.071237 0.00620181 0
 0.523733 0.453247 0.0230204 0 0
 0.530135 0.295979 0.169645 0.0042399 0
 0.562478 0.366248 0.0663022 0.0049721 0
ppred_RECLAS
 0.518384 0.332312 0.132722 0.016577 4.56363e-06
 0.62401 0.262196 0.0785174 0.031359 0.00391783
 0.36857 0.497153 0.0936381 0.0280409 0.0125984
 0.610786 0.245333 0.113284 0.0213369 0.00926032
 0.692242 0.233692 0.0466863 0.0215578 0.00582259
 0.42248 0.460859 0.0885849 0.0176972 0.010379
 0.696453 0.188724 0.0916276 0.0176124 0.00558209
 0.608642 0.323867 0.0419614 0.0203727 0.00515711
 0.666123 0.263554 0.0581953 0.00754001 0.00458743
 0.667946 0.276312 0.0440015 0.00971596 0.00202473
 0.437963 0.457624 0.0868851 0.0138361 0.00369181
 0.504326 0.329479 0.135321 0.0256921 0.00518304
 0.65653 0.246927 0.0641725 0.0263564 0.00601355
 0.671256 0.282264 0.0334157 0.00868421 0.00438049
 0.740755 0.237109 0.0190062 0.00225005 0.000879712
 0.715627 0.26841 0.0146003 0.00117034 0.000192719
 0.566276 0.381524 0.0492693 0.00268003 0.000250202
 0.60303 0.305319 0.0806208 0.0104112 0.000619195
 0.605231 0.307971 0.0667582 0.0176278 0.00241181
 0.667982 0.257059 0.0584776 0.0126761 0.00380513
 0.620359 0.31131 0.0529046 0.0120351 0.00339194
 0.586653 0.314317 0.0812057 0.0138003 0.00402417
 0.608462 0.289385 0.0776796 0.020069 0.00440509
 0.483436 0.393805 0.0907307 0.0243549 0.00767336
pobs_PELACES
 0 0 0 0 0
 0 0 0 0 0
 0 0 0 0 0
 0 0 0 0 0
 0 0 0 0 0
 0 0 0 0 0
 0 0 0 0 0
 0 0 0 0 0
 0 0 0 0 0
 0 0 0 0 0
 0.450072 0.473896 0.0757376 0.000293798 0
 0 0 0 0 0
 0.463077 0.371075 0.160297 0.00555027 0
 0.529543 0.364841 0.0842815 0.0213345 0
 0.631943 0.363953 0.00410389 0 0
 0.735681 0.248677 0.0153453 0.000297389 0
 0.695825 0.281241 0.0229344 0 0
 0.275771 0.60734 0.115278 0.00161068 0
 0 0 0 0 0
 0.896147 0.0623911 0.0374545 0.00400742 0
 0.803859 0.145111 0.0509908 3.86294e-05 0
 0.739449 0.233085 0.0266225 0.000797448 4.60066e-05
 0.878498 0.100942 0.0204185 0.000141795 0
 0.694673 0.275183 0.0284847 0.00165964 0
ppred_PELACES
 0.639944 0.248437 0.0992229 0.012393 3.41177e-06
 0.737958 0.182735 0.0547218 0.0218553 0.00273049
 0.541989 0.360612 0.0679208 0.0203396 0.0091383
 0.713159 0.180804 0.0834876 0.0157248 0.00682461
 0.765224 0.178274 0.035615 0.0164455 0.00444182
 0.554995 0.355112 0.0682585 0.0136365 0.00799747
 0.788626 0.131418 0.0638047 0.0122643 0.00388708
 0.735229 0.21911 0.0283887 0.013783 0.00348901
 0.784243 0.170313 0.0376069 0.00487248 0.00296448
 0.770672 0.19083 0.0303889 0.00671017 0.00139835
 0.590507 0.333419 0.0633033 0.0100808 0.0026898
 0.651332 0.231762 0.0951874 0.0180724 0.00364586
 0.803765 0.141077 0.0366637 0.0150582 0.00343573
 0.858997 0.121067 0.0143324 0.00372478 0.00187885
 0.901928 0.0896979 0.00719004 0.00085119 0.000332794
 0.835591 0.155179 0.00844107 0.000676622 0.000111419
 0.70767 0.257148 0.0332076 0.00180634 0.000168637
 0.726552 0.210315 0.0555346 0.00717164 0.000426525
 0.722691 0.216337 0.0468948 0.0123828 0.0016942
 0.775167 0.174073 0.0395993 0.00858385 0.00257672
 0.716761 0.232259 0.0394705 0.00897902 0.00253062
 0.691149 0.234856 0.0606765 0.0103115 0.00300684
 0.714718 0.210851 0.0565988 0.0146226 0.00320963
 0.605458 0.300781 0.0692984 0.0186018 0.00586076
pobs_pel_tallas
 0 0 0 0 0 0 0 0 0 0 0 0 0 0 0 0 0 0 0 0 0 0 0 0 0 0 0 0 0 0 0 0 0 0 0 0
 0 0 0 0 0 0 0 0 0 0 0 0 0 0 0 0 0 0 0 0 0 0 0 0 0 0 0 0 0 0 0 0 0 0 0 0
 0 0 0 0 0 0 0 0 0 0 0 0 0 0 0 0 0 0 0 0 0 0 0 0 0 0 0 0 0 0 0 0 0 0 0 0
 0 0 0 0 0 0 0 0 0 0 0 0 0 0 0 0 0 0 0 0 0 0 0 0 0 0 0 0 0 0 0 0 0 0 0 0
 0 0 0 0 0 0 0 0 0 0 0 0 0 0 0 0 0 0 0 0 0 0 0 0 0 0 0 0 0 0 0 0 0 0 0 0
 0 0 0 0 0 0 0 0 0 0 0 0 0 0 0 0 0 0 0 0 0 0 0 0 0 0 0 0 0 0 0 0 0 0 0 0
 0 0 0 0 0 0 0 0 0 0 0 0 0 0 0 0 0 0 0 0 0 0 0 0 0 0 0 0 0 0 0 0 0 0 0 0
 0 0 0 0 0 0 0 0 0 0 0 0 0 0 0 0 0 0 0 0 0 0 0 0 0 0 0 0 0 0 0 0 0 0 0 0
 0 0 0 0 0 0 0 0 0 0 0 0 0 0 0 0 0 0 0 0 0 0 0 0 0 0 0 0 0 0 0 0 0 0 0 0
 0 0 0 0 0 0 0 0 0 0 0 0 0 0 0 0 0 0 0 0 0 0 0 0 0 0 0 0 0 0 0 0 0 0 0 0
 0 0 0 0 0 0 0 0 1.78061e-05 0.00172719 0.00360574 0.0105946 0.0120993 0.0124554 0.0147524 0.0171206 0.0266825 0.0428682 0.0675386 0.121331 0.153587 0.119568 0.100827 0.0573624 0.0630603 0.0341343 0.0324427 0.0444173 0.0211091 0.0280891 0.0125444 0.00206551 0 0 0 0
 0 0 0 0 0 0 0 0 0 0 0 0 0 0 0 0 0 0 0 0 0 0 0 0 0 0 0 0 0 0 0 0 0 0 0 0
 0 0 0 0 0 0 0.0133647 0.0140871 0.0187388 0.0205184 0.03894 0.0496705 0.03968 0.0493445 0.0407372 0.0367815 0.0215668 0.0243155 0.0234873 0.0199281 0.019796 0.0243948 0.0301388 0.0376714 0.0412746 0.0863199 0.0771752 0.113111 0.0741005 0.0525337 0.0229764 0.00759418 0.00175318 0 0 0
 0 0 0 0 0 0 0 0 0 0 0.00219441 0.00772107 0.0458388 0.0604681 0.0671733 0.0775358 0.0609151 0.0617685 0.073594 0.0568108 0.0755445 0.0548602 0.0670107 0.0636378 0.0643287 0.046367 0.0373049 0.0286899 0.0247887 0.0153202 0.00654259 0.00121912 0.000365735 0 0 0
 0 0 0 0 0 0 0 0 0 0 0 0 0.000112435 0.00938835 0.0111873 0.0202946 0.0414886 0.0713402 0.111592 0.104902 0.108894 0.110636 0.117776 0.105296 0.107544 0.0401394 0.0192827 0.0124803 0.00416011 0.0028671 0.000618394 0 0 0 0 0
 0 0 0 0 0 0 0 0 0 0 0.00291406 0.0102884 0.027416 0.0768956 0.0749926 0.110853 0.0956884 0.0897413 0.0766577 0.0534642 0.0500743 0.0551293 0.0594112 0.0620874 0.0668451 0.0424026 0.0208742 0.0120726 0.0048766 0.00582813 0.00118941 0.000297354 0 0 0 0
 0 0.00264628 0.0354308 0.0461629 0.0458689 0.0383711 0.0214643 0.0164657 0.0346957 0.0420465 0.0363128 0.0245516 0.0311673 0.0291091 0.0169068 0.0133784 0.00837989 0.0085269 0.0148486 0.0160247 0.0276389 0.0546898 0.0760071 0.122758 0.109233 0.0665981 0.0333725 0.0166128 0.00676272 0.00308733 0.000882094 0 0 0 0 0
 0 0 0 0 0 0 0 0.000805153 0.000690131 0.00759144 0.0133425 0.0154129 0.00931677 0.000345066 0.00356568 0.00563607 0.00851162 0.0253048 0.0502646 0.0516448 0.0657925 0.0565908 0.0611916 0.0827007 0.0866115 0.110766 0.145733 0.0935128 0.0569358 0.0249597 0.0138026 0.00621118 0.00161031 0.00115022 0 0
 0 0 0 0 0 0 0 0 0 0 0 0 0 0 0 0 0 0 0 0 0 0 0 0 0 0 0 0 0 0 0 0 0 0 0 0
 0.00147267 0.00158595 0.00478618 0.00569244 0.00954404 0.0108468 0.00647125 0.017049 0.0510054 0.094081 0.124002 0.0959785 0.0687766 0.0820023 0.061753 0.0591476 0.0492212 0.0479892 0.0443925 0.0268479 0.0217502 0.0140895 0.0121071 0.0120363 0.00920419 0.00665534 0.0049561 0.00860946 0.00930331 0.0156896 0.0114698 0.00855282 0.00243557 0.00046729 0 2.83206e-05
 0 0 0 0 0.000772559 0.00158375 0.000888443 0.00281984 0.00712685 0.0440552 0.0773331 0.111326 0.0921469 0.0852325 0.0710754 0.0886704 0.0786465 0.0553345 0.0373146 0.0185414 0.00753245 0.00457741 0.012979 0.0271748 0.0457355 0.0583668 0.034881 0.0177882 0.00938659 0.00492506 0.0015258 0.00185414 0.000309023 5.79419e-05 3.86279e-05 0
 0 0.00173294 0.00326652 0 0.00397197 0.00683976 0.00946217 0.0152591 0.00757587 0.0136028 0.0228656 0.0392903 0.0559909 0.0764795 0.0681675 0.0726916 0.0566044 0.0477403 0.0527397 0.0444891 0.0609904 0.0582453 0.0661739 0.0445044 0.0529084 0.0360697 0.0280645 0.0235558 0.0158879 0.00826598 0.00280645 0.00217768 0.000904811 0.00058276 9.20147e-05 0
 0 0 0 0 0 0 0 0 0 0 0 0 0 0 0 0 0 0 0 0 0 0 0 0 0 0 0 0 0 0 0 0 0 0 0 0
 0 0 0 0 0 0 0 0 0 0 0 0 0 0 0 0 0 0 0 0 0 0 0 0 0 0 0 0 0 0 0 0 0 0 0 0
ppred_pel_tallas
 1.01916e-16 2.79275e-05 0.000163897 0.00077906 0.00299937 0.00935322 0.0236256 0.048342 0.0801354 0.107629 0.117147 0.103393 0.0741447 0.0435391 0.0216317 0.0103859 0.00680494 0.00733872 0.00979616 0.0131712 0.0169694 0.0207982 0.024251 0.0269381 0.0285608 0.0289748 0.0282155 0.0264758 0.0240471 0.0212456 0.0183481 0.0155548 0.0129826 0.0106803 0.00865491 0.00689448
 1.01715e-16 3.21986e-05 0.000188978 0.000898314 0.00345855 0.0107852 0.0272425 0.0557419 0.0923988 0.12409 0.135038 0.119121 0.0852878 0.0498089 0.0242376 0.0107873 0.00595131 0.00559677 0.00718681 0.00959524 0.0123391 0.015102 0.0175824 0.0194973 0.0206341 0.0208951 0.0203156 0.0190452 0.0173031 0.0153222 0.0133012 0.0113775 0.00962387 0.0080617 0.00668289 0.00546897
 1.02208e-16 2.36606e-05 0.000138837 0.000659899 0.00254053 0.00792232 0.0200114 0.0409479 0.0678828 0.0911864 0.0992858 0.0877126 0.0630829 0.0374116 0.0192704 0.0103864 0.0082835 0.00999594 0.0136648 0.01837 0.0235507 0.0286681 0.0331396 0.0364139 0.0380873 0.0379956 0.0362478 0.0331863 0.0292926 0.0250693 0.0209395 0.0171883 0.013953 0.011252 0.00903093 0.00720748
 1.02104e-16 3.11172e-05 0.00018263 0.000868133 0.00334235 0.0104228 0.0263272 0.053869 0.0892945 0.119922 0.130504 0.115126 0.082437 0.048164 0.0234753 0.010515 0.00589987 0.00564294 0.00729905 0.00978509 0.0126369 0.0155476 0.0182195 0.0203684 0.021773 0.0223198 0.0220215 0.0210017 0.0194539 0.01759 0.0155962 0.0136082 0.0117073 0.00993305 0.00830021 0.00681485
 1.01337e-16 3.33873e-05 0.000195957 0.000931495 0.00358631 0.0111836 0.0282488 0.0578009 0.0958114 0.128672 0.140021 0.123509 0.0884116 0.0515978 0.0250413 0.01103 0.00591931 0.00541619 0.00688464 0.00915583 0.0117337 0.0143017 0.0165633 0.018245 0.0191463 0.0191835 0.0184065 0.0169792 0.0151331 0.0131105 0.0111145 0.00928188 0.00767855 0.00631404 0.00516442 0.0041938
 1.01927e-16 2.42276e-05 0.000142165 0.000675726 0.00260147 0.00811235 0.0204914 0.04193 0.0695105 0.0933714 0.101661 0.089803 0.0645681 0.0382558 0.0196378 0.010476 0.00822795 0.00985155 0.0134419 0.0180613 0.0231467 0.0281639 0.0325375 0.0357234 0.0373236 0.0371767 0.0353917 0.0323085 0.0284053 0.0241821 0.0200609 0.0163271 0.0131199 0.0104596 0.00829278 0.0065362
 1.01552e-16 3.44059e-05 0.000201942 0.000959954 0.0036959 0.0115253 0.0291121 0.0595667 0.098737 0.132597 0.14428 0.127238 0.0910207 0.052999 0.0254952 0.0108471 0.00528013 0.00435994 0.00537598 0.00715278 0.00923372 0.0113679 0.0133339 0.0149237 0.0159751 0.0164035 0.0162158 0.0154989 0.0143909 0.0130436 0.0115915 0.0101332 0.00872934 0.00741081 0.00619135 0.0050783
 1.01112e-16 3.2081e-05 0.000188285 0.00089501 0.00344582 0.0107455 0.0271422 0.055537 0.0920601 0.123638 0.134554 0.118713 0.0850364 0.0497439 0.0243578 0.0110962 0.00647632 0.00638521 0.00828774 0.0110375 0.0141106 0.017135 0.0197485 0.0216166 0.0224988 0.0223028 0.0211052 0.0191255 0.0166674 0.0140457 0.0115233 0.00927417 0.00737843 0.00583955 0.00461426 0.0036412
 1.00896e-16 3.42163e-05 0.000200825 0.000954638 0.00367542 0.0114615 0.0289507 0.059237 0.0981915 0.131867 0.143495 0.126565 0.0905837 0.0528329 0.0255797 0.0111629 0.00584109 0.00520975 0.00656569 0.00871429 0.0111563 0.0135816 0.0157037 0.0172593 0.0180554 0.0180119 0.0171782 0.0157142 0.0138468 0.0118144 0.00981944 0.00800048 0.00642714 0.0051128 0.0040357 0.00315935
 1.0079e-16 3.36253e-05 0.000197354 0.000938132 0.00361186 0.0112633 0.0284501 0.0582128 0.0964944 0.12959 0.141022 0.124397 0.0890599 0.0520002 0.025281 0.0112103 0.00612026 0.00568793 0.00725517 0.00963599 0.0123162 0.0149575 0.0172405 0.0188723 0.0196408 0.0194633 0.0184045 0.0166541 0.0144767 0.0121479 0.00989982 0.00788877 0.00618955 0.0048102 0.00371697 0.00285866
 1.0148e-16 2.57752e-05 0.000151253 0.000718935 0.00276785 0.00863119 0.0218019 0.0446112 0.073954 0.0993361 0.108145 0.0955041 0.0686106 0.0405373 0.0205995 0.0106512 0.00796651 0.00929348 0.0126024 0.0169115 0.0216596 0.026336 0.0303976 0.0333324 0.0347667 0.0345502 0.032788 0.0298035 0.0260512 0.0220069 0.0180731 0.0145232 0.0114921 0.00900043 0.00699738 0.00540195
 1.02219e-16 2.84234e-05 0.00016681 0.000792912 0.00305271 0.00951955 0.0240457 0.0492014 0.0815595 0.10954 0.119222 0.105212 0.0754232 0.0442374 0.0218813 0.0103439 0.0065663 0.00692926 0.0092031 0.0123735 0.015958 0.0195872 0.0228829 0.0254822 0.0271057 0.0276157 0.0270399 0.0255506 0.0234107 0.0209052 0.0182833 0.0157247 0.013334 0.0111562 0.00920089 0.00746306
 1.01245e-16 3.50663e-05 0.000205818 0.000978383 0.00376685 0.0117466 0.029671 0.0607104 0.100633 0.135143 0.147051 0.129684 0.0927751 0.0540294 0.0260066 0.0110896 0.00543069 0.0045071 0.00555014 0.00735204 0.00943472 0.0115286 0.0133959 0.0148185 0.0156344 0.0157719 0.0152629 0.0142285 0.0128432 0.0112912 0.00972839 0.00826133 0.00694418 0.00578969 0.00478641 0.00391449
 1.00459e-16 3.74739e-05 0.000219955 0.00104559 0.00402564 0.0125536 0.0317093 0.0648809 0.107545 0.144422 0.157141 0.138562 0.0990853 0.0576202 0.0275769 0.0114856 0.00521709 0.00392318 0.00463762 0.00607426 0.00774169 0.00938591 0.0107972 0.0117894 0.0122299 0.0120693 0.0113524 0.0102041 0.00879606 0.00730639 0.00588391 0.00462755 0.00358273 0.00275106 0.00210678 0.00161292
 1.00177e-16 3.93446e-05 0.00023094 0.00109783 0.00422676 0.0131808 0.0332936 0.0681221 0.112916 0.151632 0.164976 0.14545 0.103963 0.0603606 0.0287082 0.0116452 0.0048187 0.00312588 0.00345034 0.00445569 0.00565868 0.00684215 0.00784492 0.00852848 0.00879578 0.0086127 0.00801611 0.00710304 0.00600577 0.00486088 0.00378237 0.00284574 0.00208499 0.00149979 0.00106794 0.000757864
 1.00199e-16 3.64546e-05 0.000213968 0.00101712 0.00391601 0.0122117 0.0308459 0.0631144 0.104618 0.140495 0.152876 0.134822 0.0964556 0.0561811 0.0270568 0.0115594 0.0056865 0.00473095 0.00580478 0.0076379 0.00971456 0.011734 0.013431 0.0145684 0.0149799 0.0146093 0.0135238 0.0118956 0.0099578 0.0079504 0.00607323 0.00445795 0.00316267 0.00218456 0.00148177 0.000995629
 1.00626e-16 3.08809e-05 0.000181235 0.000861488 0.00331674 0.0103429 0.0261255 0.0534569 0.0886135 0.119014 0.129532 0.114308 0.0819375 0.048045 0.0237377 0.0111707 0.00701054 0.00731079 0.00962967 0.0128417 0.0163969 0.0198709 0.0228381 0.0249042 0.0257869 0.0253809 0.0237824 0.0212589 0.0181798 0.0149291 0.0118296 0.00909833 0.00683773 0.00505534 0.003698 0.00268602
 1.01124e-16 3.17024e-05 0.000186062 0.000884447 0.00340515 0.0106186 0.0268219 0.0548814 0.0909734 0.122179 0.132965 0.117309 0.0840264 0.0491452 0.0240505 0.0109339 0.00635444 0.00624999 0.00812021 0.0108399 0.0139016 0.0169484 0.0196312 0.0216236 0.0226838 0.0227072 0.0217479 0.019996 0.0177249 0.0152242 0.0127421 0.0104508 0.00844099 0.00673614 0.00531755 0.00414822
 1.01241e-16 3.15342e-05 0.000185075 0.00087975 0.00338707 0.0105622 0.0266794 0.05459 0.0904905 0.121531 0.132261 0.116692 0.0835924 0.0489074 0.0239638 0.0109443 0.00642833 0.00637671 0.00830133 0.011079 0.0141975 0.0172923 0.0200055 0.0220039 0.0230426 0.0230192 0.0219953 0.0201723 0.0178358 0.0152857 0.0127765 0.0104815 0.00848756 0.00681114 0.00542524 0.00428527
 1.01035e-16 3.38207e-05 0.000198502 0.000943595 0.0036329 0.0113289 0.0286158 0.0585517 0.0970558 0.130343 0.141837 0.125107 0.0895475 0.0522441 0.0253238 0.0111013 0.00588165 0.00531357 0.00672624 0.00893754 0.0114499 0.0139498 0.0161458 0.0177688 0.0186212 0.0186197 0.0178126 0.0163604 0.0144918 0.0124469 0.0104299 0.00858016 0.00696802 0.0056076 0.00447834 0.00354563
 1.01063e-16 3.12763e-05 0.000183559 0.000872541 0.0033593 0.0104757 0.0264607 0.0541427 0.0897495 0.120537 0.131184 0.11575 0.0829385 0.0485658 0.0238725 0.0110301 0.00665242 0.00673653 0.00881254 0.0117563 0.0150409 0.0182787 0.0210856 0.0231053 0.0240791 0.0239046 0.022658 0.0205672 0.0179509 0.0151419 0.0124201 0.00997453 0.00789624 0.00619616 0.00483533 0.00375423
 1.01433e-16 3.01596e-05 0.000177003 0.000841371 0.00323929 0.0101014 0.0255154 0.0522085 0.0865437 0.116233 0.126503 0.111628 0.0800016 0.0468806 0.0231092 0.0107885 0.00666117 0.00687494 0.00905342 0.0121136 0.0155428 0.018956 0.0219666 0.0242112 0.0254204 0.025478 0.0244436 0.0225285 0.0200361 0.0172869 0.0145545 0.0120282 0.00980594 0.00791189 0.00632418 0.00500188
 1.01525e-16 3.11864e-05 0.000183033 0.000870044 0.0033497 0.0104457 0.0263851 0.0539877 0.0894921 0.12019 0.130801 0.115403 0.0826672 0.0483623 0.0236901 0.0108091 0.006337 0.00628055 0.0081821 0.0109354 0.0140401 0.0171422 0.0198941 0.0219696 0.023126 0.0232565 0.022411 0.020774 0.0186117 0.0162058 0.0137965 0.0115496 0.00955121 0.00782345 0.00634939 0.00509686
 1.01995e-16 2.64258e-05 0.000155076 0.000737114 0.00283785 0.00884951 0.0223533 0.0457392 0.0758227 0.101843 0.110864 0.0978833 0.0702712 0.0414206 0.0208684 0.0104986 0.00750092 0.00853164 0.0115131 0.0154602 0.0198399 0.0241888 0.0280183 0.0308661 0.0323904 0.0324464 0.0311148 0.0286696 0.0255015 0.0220209 0.018576 0.015404 0.0126244 0.0102609 0.00827935 0.00662279
pSPR Fmed_Fpbrs
0.438024   0.350892 0.350892
Fs Fmed_Fpbrs
0.68956   1.005 1.005
SSBpbr Bo_Bmed_Bpbrs
788557  305979  237270 237270
Ro
29143.9
SPR SPRFo_SPRFmed_SPRFpbrs
599594 262637 210393
log_Ro
10.1
likeval ReclasPelacesDesembMPH_pf_preclas_ppelaces_ptallas_desvR_qrecl_qpela
 68.685 13.6173 0.0460375 0.000184356 289.878 161.871 83.7785 0 17.4304 2.35303e-09 9.466e-05 0 0 0 0
q_reclas_q_pelaces
0.99315 3.9916
M
0.7
N
 29464.3 13938.9 5567.04 695.327 0.191422
 41950.5 13555.9 4059.46 1621.3 202.557
 14014.4 19036.4 3585.49 1073.71 482.404
 20876.3 5811.98 2683.73 505.476 219.379
 47986.3 9808.01 1959.42 904.777 244.373
 27915.7 23586.2 4533.66 905.722 531.184
 64683.4 12637.6 6135.69 1179.38 373.795
 67846.2 29991.6 3885.82 1886.61 477.572
 88539.3 30004.2 6625.23 858.389 522.254
 124738 38758.2 6172.08 1362.86 284.008
 62256.2 57052.2 10832 1724.95 460.259
 47757.2 27038 11104.8 2108.38 425.336
 50553.5 20824.2 5411.88 2222.72 507.143
 26807.3 20385.6 2413.34 627.188 316.366
 14080.7 9143 732.888 86.7627 33.922
 12306.7 4621.65 251.397 20.1516 3.31836
 8628.77 5113.59 660.359 35.9206 3.35347
 9183.36 3743.86 988.584 127.664 7.59265
 10458.8 4103.83 889.577 234.897 32.1383
 15784.3 4741.83 1078.7 233.828 70.191
 21210 7126.98 1211.17 275.526 77.6536
 27343.1 10080.3 2604.31 442.581 129.057
 38048.6 12877.6 3456.73 893.066 196.026
 29790.2 17719.2 4082.4 1095.84 345.261
pred_Ctot
 1564.61 4273.55 1706.81 213.182 0.0586885
 2613.91 4722.55 1414.21 564.822 70.566
 1679.02 10509.9 1979.53 592.79 266.333
 811.918 1372.24 633.641 119.345 51.7964
 352.302 489.864 97.8635 45.1893 12.2053
 1783.43 8378.84 1610.55 321.752 188.699
 3095.84 3557.15 1727.03 331.965 105.213
 5375.71 12534.5 1624.02 788.477 199.594
 7598.95 13282.3 2932.86 379.992 231.192
 7117.02 12592.2 2005.26 442.781 92.272
 5659.01 26294.8 4992.36 795.011 212.129
 4218.86 12215.6 5017.08 952.549 192.164
 6916 12430.8 3230.57 1326.83 302.734
 6169.32 15516 1836.86 477.37 240.795
 3515.57 7159.65 573.906 67.9417 26.5635
 1459.9 2536.16 137.956 11.0583 1.82097
 789.706 2367.95 305.793 16.6338 1.5529
 665.141 1464.01 386.579 49.9221 2.96905
 657.877 1440.29 312.209 82.4402 11.2794
 1035.76 1719.84 391.241 84.8084 25.458
 656.625 1377.94 234.169 53.2705 15.0136
 1017.8 2291.46 592.012 100.608 29.3374
 1708.29 3435.99 922.325 238.288 52.3036
 1510.79 5231.96 1205.42 323.57 101.946
F
 0.0763559 0.533634 0.533634 0.533634 0.533634
 0.0901343 0.629928 0.629928 0.629928 0.629928
 0.180167 1.25915 1.25915 1.25915 1.25915
 0.0554138 0.387274 0.387274 0.387274 0.387274
 0.010255 0.0716701 0.0716701 0.0716701 0.0716701
 0.0925112 0.646539 0.646539 0.646539 0.646539
 0.0685875 0.479342 0.479342 0.479342 0.479342
 0.115905 0.810032 0.810032 0.810032 0.810032
 0.126103 0.881302 0.881302 0.881302 0.881302
 0.0822518 0.574839 0.574839 0.574839 0.574839
 0.134013 0.936586 0.936586 0.936586 0.936586
 0.130016 0.908649 0.908649 0.908649 0.908649
 0.208206 1.4551 1.4551 1.4551 1.4551
 0.375687 2.62559 2.62559 2.62559 2.62559
 0.414052 2.89371 2.89371 2.89371 2.89371
 0.178246 1.24572 1.24572 1.24572 1.24572
 0.134986 0.943383 0.943383 0.943383 0.943383
 0.105473 0.737126 0.737126 0.737126 0.737126
 0.091026 0.63616 0.63616 0.63616 0.63616
 0.0951287 0.664832 0.664832 0.664832 0.664832
 0.0438876 0.306721 0.306721 0.306721 0.306721
 0.0529796 0.370262 0.370262 0.370262 0.370262
 0.0642174 0.4488 0.4488 0.4488 0.4488
 0.0728099 0.508852 0.508852 0.508852 0.508852
nmprior
 10 10 8 0
nm_flota  nm_reclas  nm_pelaces    nm_pelaL
inf 25.7541 12.1297 19.9812
cv_recla  cv_pelaces  cv_mph
0.767287 0.434221 0.440521
 ------------------------------------------------
Talla a la edad & desviación 
 7.2 14.2025 17.0495 18.207 18.6776
 1.08 2.13037 2.55742 2.73105 2.80164
