    unsorted:	 0.001279919165 0.0008999971064 23.66557110 18.00759238 2.131744426 6.328455534 32.72557219 33.43814113 53.21222183 83.09620546 163.5186040 121.9406982 219.2450417 289.7896629 372.1388598 432.7304101 609.4725110 666.0769033 673.3115467 568.8404989 699.6568530 517.5918674 786.1310788 813.7427005 848.5632505 868.7283082 881.7579221 907.9774960 948.1198056 956.3793934 1043.184924 1080.063854 1211.495801 1251.470431 1497.920928 1525.996830 1915.986198 5296.786416 203830.3361 233130.8775 286349.4421 344686.4060 412791.6183 439264.7357 514481.2313 585481.5278 607205.6174 711360.5905 819644.9102 868955.4143 1045318.425 1111792.663 1268195.678 1303555.703 1482585.193 1666769.725 1826665.833 2053835.565 2238343.486 2394412.871 2454382.062 2589260.372 2774899.105
      sorted:	 0.0008999971064 0.001279919165 2.131744426 6.328455534 18.00759238 23.66557110 32.72557219 33.43814113 53.21222183 83.09620546 121.9406982 163.5186040 219.2450417 289.7896629 372.1388598 432.7304101 517.5918674 568.8404989 609.4725110 666.0769033 673.3115467 699.6568530 786.1310788 813.7427005 848.5632505 868.7283082 881.7579221 907.9774960 948.1198056 956.3793934 1043.184924 1080.063854 1211.495801 1251.470431 1497.920928 1525.996830 1915.986198 5296.786416 203830.3361 233130.8775 286349.4421 344686.4060 412791.6183 439264.7357 514481.2313 585481.5278 607205.6174 711360.5905 819644.9102 868955.4143 1045318.425 1111792.663 1268195.678 1303555.703 1482585.193 1666769.725 1826665.833 2053835.565 2238343.486 2394412.871 2454382.062 2589260.372 2774899.105
