years
 1997 1998 1999 2000 2001 2002 2003 2004 2005 2006 2007 2008 2009 2010 2011 2012 2013 2014 2015 2016 2017 2018 2019 2020
reclasobs
 0 0 0 370054 412103 1.49427e+06 250295 1.28982e+06 931140 785840 897777 1.04006e+06 184774 17550 25797 100020 73551 82996 120727 218422 84188 347160 605670 569463
reclaspred
 1.30426e+06 360347 1.19862e+06 748482 829209 1.0334e+06 2.06115e+06 1.40334e+06 1.5243e+06 1.39224e+06 1.17423e+06 796452 463869 214424 148519 156471 202889 302095 346183 467997 718405 736983 1.36628e+06 1.97381e+06
pelacesobs
 0 0 0 0 0 0 0 0 0 2.06254e+06 1.5e+06 0 1.87456e+06 323000 250000 174000 83755 137374 0 501740 490994 745055 786931 1.00524e+06
pelacespred
 917719 352193 453397 543365 512118 520102 1.04411e+06 979299 896567 853954 622171 433556 247189 92508.3 64263.8 77058.9 104751 157515 191044 249155 415817 442963 622280 1.05415e+06
mphobs
 0 0 0 0 0 112323 0 153150 637223 0 255016 313432 73983 77613 109348 50772 0 0 0 0 0 0 0 0
mphpred
 870108 601233 670061 812001 688305 889339 1.28995e+06 1.54843e+06 1.32734e+06 1.32163e+06 1.20765e+06 838860 519929 273319 134623 126141 154071 227318 295964 349848 532205 673053 894885 1.41911e+06
desembarqueobs
 350755 77701 442110 56441 14545 235359 269955 359681 431902 328805 639364 411747 362871 311530 167758 66681 60226 58785 57116 71774 51957 67425 138520 160799
desembarquepred
 350800 77719.6 442373 56449.2 14545.5 235481 270025 359794 432062 328906 640025 412269 363429 312218 167886 66716.6 60262.6 58800.6 57124.9 71785.1 51961.3 67428.1 138533 160807
Reclutas
 76660.4 71976 44596.9 50064.5 79194.2 68955.2 111917 104613 125240 118724 71528.6 44644.6 44880.7 29065.8 21268.3 20230.2 18441.1 20843.6 23658.2 40342.2 59125.8 76617 139767 218934
log_desv_Rt
 0.307141 0.244088 -0.23458 -0.118933 0.339659 0.201212 0.685509 0.618025 0.797987 0.744558 0.237853 -0.233512 -0.228238 -0.662682 -0.975029 -1.02507 -1.11767 -0.995198 -0.868533 -0.334845 0.0474224 0.306574 0.907732 1.35652
SSB
 870108 601233 670061 812001 688305 889339 1.28995e+06 1.54843e+06 1.32734e+06 1.32163e+06 1.20765e+06 838860 519929 273319 134623 126141 154071 227318 295964 349848 532205 673053 894885 1.41911e+06
BT
 3.10218e+06 807772 1.36485e+06 1.17575e+06 1.13709e+06 1.20992e+06 2.79472e+06 2.51879e+06 2.48497e+06 2.18222e+06 1.89346e+06 1.28504e+06 900923 496553 303450 231154 295523 404985 448513 624980 1.02349e+06 963398 1.44198e+06 2.521e+06
Ftot
 0.259865 0.208882 0.353475 0.0736012 0.0171734 0.220271 0.12749 0.247614 0.273347 0.228421 0.514926 0.489887 0.7268 1.27056 1.02481 0.407387 0.286303 0.188716 0.160212 0.149092 0.0706159 0.0892141 0.0988198 0.0795045
BD_Bspro_t
 0.96553 0.810452 0.755457 0.634457 0.710367 0.808445 0.769243 0.780571 0.724249 0.680385 0.636153 0.475367 0.365707 0.260002 0.160956 0.177253 0.27011 0.432604 0.557288 0.655064 0.761469 0.840692 0.856446 0.872383
BD_Bspro
 0.750034 0.518264 0.577594 0.699946 0.59332 0.766612 1.11194 1.33475 1.14417 1.13925 1.041 0.723099 0.44818 0.235601 0.116045 0.108734 0.13281 0.195949 0.255122 0.30157 0.458762 0.580173 0.771392 1.22327
BD_Bo
 0.732308 0.506015 0.563943 0.683403 0.579297 0.748494 1.08566 1.3032 1.11713 1.11232 1.0164 0.706009 0.437587 0.230033 0.113302 0.106164 0.129671 0.191318 0.249092 0.294443 0.44792 0.566461 0.753161 1.19436
BD_Brms
 3.56546 2.46369 2.74573 3.32736 2.82048 3.64427 5.28585 6.34504 5.43908 5.41569 4.94863 3.43742 2.13053 1.11999 0.551648 0.516893 0.631342 0.931489 1.21278 1.43358 2.18083 2.75799 3.66699 5.81511
S_f
 0.5 1 1 1 1
 0.5 1 1 1 1
 0.5 1 1 1 1
 0.5 1 1 1 1
 0.5 1 1 1 1
 0.5 1 1 1 1
 0.5 1 1 1 1
 0.5 1 1 1 1
 0.5 1 1 1 1
 0.5 1 1 1 1
 0.5 1 1 1 1
 0.5 1 1 1 1
 0.5 1 1 1 1
 0.5 1 1 1 1
 0.5 1 1 1 1
 0.5 1 1 1 1
 0.5 1 1 1 1
 0.5 1 1 1 1
 0.5 1 1 1 1
 0.5 1 1 1 1
 0.5 1 1 1 1
 0.5 1 1 1 1
 0.5 1 1 1 1
 0.5 1 1 1 1
Scru_reclas
 0.5 1 1 1 1
 0.5 1 1 1 1
 0.5 1 1 1 1
 0.5 1 1 1 1
 0.5 1 1 1 1
 0.5 1 1 1 1
 0.5 1 1 1 1
 0.5 1 1 1 1
 0.5 1 1 1 1
 0.5 1 1 1 1
 0.5 1 1 1 1
 0.5 1 1 1 1
 0.5 1 1 1 1
 0.5 1 1 1 1
 0.5 1 1 1 1
 0.5 1 1 1 1
 0.5 1 1 1 1
 0.5 1 1 1 1
 0.5 1 1 1 1
 0.5 1 1 1 1
 0.5 1 1 1 1
 0.5 1 1 1 1
 0.5 1 1 1 1
 0.5 1 1 1 1
Scru_pelaces
 0.5 1 1 1 1
 0.5 1 1 1 1
 0.5 1 1 1 1
 0.5 1 1 1 1
 0.5 1 1 1 1
 0.5 1 1 1 1
 0.5 1 1 1 1
 0.5 1 1 1 1
 0.5 1 1 1 1
 0.5 1 1 1 1
 0.5 1 1 1 1
 0.5 1 1 1 1
 0.5 1 1 1 1
 0.5 1 1 1 1
 0.5 1 1 1 1
 0.5 1 1 1 1
 0.5 1 1 1 1
 0.5 1 1 1 1
 0.5 1 1 1 1
 0.5 1 1 1 1
 0.5 1 1 1 1
 0.5 1 1 1 1
 0.5 1 1 1 1
 0.5 1 1 1 1
pf_obs 
 0.256992 0.487395 0.22802 0.0275931 0
 0.321318 0.546541 0.124235 0.00734118 0.000564706
 0.182869 0.594174 0.210203 0.0122559 0.00049798
 0.330522 0.361315 0.267642 0.0388342 0.00168674
 0.649043 0.306663 0.0425973 0.00169635 0
 0.582887 0.30429 0.105238 0.00758474 0
 0.465427 0.430635 0.0974691 0.00646863 0
 0.296916 0.608066 0.0921331 0.00288517 0
 0.311714 0.524322 0.152257 0.0117073 0
 0.15457 0.633149 0.183074 0.0267441 0.00246327
 0.131901 0.49318 0.331252 0.0422183 0.00144891
 0.196976 0.569456 0.194076 0.0375587 0.00193317
 0.518974 0.381816 0.0799577 0.0180837 0.00116848
 0.0928022 0.601141 0.25162 0.0475244 0.00691264
 0.122501 0.610282 0.24278 0.0234846 0.000952079
 0.383417 0.481906 0.127806 0.00687128 0
 0.0376549 0.599619 0.316969 0.0457579 0
 0.0361596 0.667082 0.258105 0.0386534 0
 0.158088 0.579412 0.248529 0.0139706 0
 0.0477256 0.309471 0.559284 0.082774 0.000745712
 0.0406174 0.521527 0.379366 0.0568643 0.0016247
 0.151134 0.462217 0.34131 0.0453401 0
 0.294876 0.26143 0.354403 0.0886775 0.000613685
 0.281977 0.475581 0.204845 0.0348837 0.00271318
pf_pred 
 0.61481 0.276131 0.0979216 0.0111326 5.6202e-06
 0.465892 0.413793 0.0862502 0.0305861 0.00347906
 0.326333 0.437431 0.183021 0.0381484 0.015067
 0.415061 0.302803 0.183199 0.0766501 0.0222869
 0.495295 0.298605 0.106691 0.064549 0.0348599
 0.38085 0.410833 0.123249 0.0440367 0.0410311
 0.515443 0.274802 0.139181 0.0417541 0.0288191
 0.421187 0.39825 0.102402 0.0518641 0.0262982
 0.468553 0.324038 0.142707 0.036694 0.0280083
 0.429836 0.374051 0.119576 0.0526613 0.0238763
 0.317995 0.42065 0.171459 0.0548117 0.0350837
 0.318847 0.354487 0.201482 0.0821255 0.0430581
 0.437105 0.292408 0.140767 0.0800091 0.0497107
 0.438492 0.370013 0.0994763 0.0478886 0.0441303
 0.54209 0.320522 0.0905332 0.0243395 0.0225148
 0.571019 0.328042 0.0706546 0.0199568 0.0103284
 0.472746 0.395359 0.10086 0.0217236 0.0093115
 0.474681 0.347072 0.133658 0.0340975 0.0104919
 0.460312 0.354033 0.12266 0.0472365 0.0157585
 0.551848 0.287247 0.105553 0.0365703 0.0187816
 0.537521 0.3329 0.0830549 0.0305197 0.0160045
 0.492228 0.357148 0.108422 0.02705 0.0151524
 0.566285 0.288568 0.102091 0.0309924 0.0120636
 0.551284 0.326951 0.0810152 0.0286619 0.0120879
pobs_RECLAS
 0 0 0 0 0
 0 0 0 0 0
 0 0 0 0 0
 0 0 0 0 0
 0.835266 0.146461 0.0176864 0.000547809 3.91292e-05
 0.385257 0.428462 0.181853 0.0044286 0
 0.867414 0.0963971 0.0333333 0.00285562 0
 0.441836 0.489002 0.0689373 0.000224442 0
 0.779404 0.147425 0.0564933 0.0165055 0.000172143
 0.814271 0.122319 0.05973 0.00367925 0
 0.40263 0.566651 0.0304383 0.000280538 0
 0.475488 0.404961 0.113038 0.00651328 0
 0.955842 0.0263864 0.0167828 0.000988607 0
 0.975058 0.0227948 0.00214734 0 0
 0.738997 0.206755 0.0527124 0.00153531 0
 0.850938 0.134255 0.0134407 0.00136685 0
 0.542534 0.407297 0.0501686 0 0
 0.764087 0.199537 0.0359546 0.000420521 0
 0.470689 0.182191 0.310203 0.0369168 0
 0.84361 0.089868 0.0606195 0.00523954 0.000663233
 0.607945 0.314616 0.071237 0.00620181 0
 0.523733 0.453247 0.0230204 0 0
 0.530135 0.295979 0.169645 0.0042399 0
 0.562478 0.366248 0.0663022 0.0049721 0
ppred_RECLAS
 0.617072 0.274509 0.0973466 0.0110672 5.58719e-06
 0.467725 0.412373 0.0859541 0.0304811 0.00346712
 0.329417 0.435428 0.182183 0.0379738 0.014998
 0.415618 0.302515 0.183024 0.0765771 0.0222657
 0.495422 0.29853 0.106664 0.0645329 0.0348512
 0.382701 0.409605 0.122881 0.043905 0.0409084
 0.516488 0.27421 0.138881 0.0416641 0.0287569
 0.423387 0.396735 0.102012 0.0516669 0.0261982
 0.471086 0.322493 0.142027 0.0365192 0.0278748
 0.431844 0.372733 0.119155 0.0524758 0.0237922
 0.322972 0.41758 0.170208 0.0544118 0.0348277
 0.323509 0.352061 0.200104 0.0815635 0.0427634
 0.446166 0.287701 0.138501 0.0787211 0.0489104
 0.459181 0.356379 0.0958111 0.0461242 0.0425043
 0.557067 0.310039 0.0875721 0.0235434 0.0217784
 0.575125 0.324901 0.0699782 0.0197657 0.0102295
 0.475429 0.393347 0.100347 0.021613 0.00926411
 0.476312 0.345994 0.133243 0.0339917 0.0104594
 0.461657 0.353151 0.122354 0.0471187 0.0157192
 0.553082 0.286456 0.105263 0.0364697 0.0187299
 0.538067 0.332507 0.0829569 0.0304837 0.0159856
 0.492934 0.356651 0.108271 0.0270124 0.0151314
 0.56706 0.288053 0.101909 0.030937 0.012042
 0.5519 0.326502 0.0809039 0.0286225 0.0120713
pobs_PELACES
 0 0 0 0 0
 0 0 0 0 0
 0 0 0 0 0
 0 0 0 0 0
 0 0 0 0 0
 0 0 0 0 0
 0 0 0 0 0
 0 0 0 0 0
 0 0 0 0 0
 0 0 0 0 0
 0.450072 0.473896 0.0757376 0.000293798 0
 0 0 0 0 0
 0.463077 0.371075 0.160297 0.00555027 0
 0.529543 0.364841 0.0842815 0.0213345 0
 0.631943 0.363953 0.00410389 0 0
 0.735681 0.248677 0.0153453 0.000297389 0
 0.695825 0.281241 0.0229344 0 0
 0.275771 0.60734 0.115278 0.00161068 0
 0 0 0 0 0
 0.896147 0.0623911 0.0374545 0.00400742 0
 0.803859 0.145111 0.0509908 3.86294e-05 0
 0.739449 0.233085 0.0266225 0.000797448 4.60066e-05
 0.878498 0.100942 0.0204185 0.000141795 0
 0.694673 0.275183 0.0284847 0.00165964 0
ppred_PELACES
 0.627151 0.267283 0.0947842 0.0107759 5.44012e-06
 0.476314 0.405718 0.0845671 0.0299892 0.00341117
 0.342427 0.426981 0.178648 0.0372371 0.0147071
 0.418571 0.300986 0.182099 0.0761902 0.0221532
 0.49613 0.298111 0.106514 0.0644423 0.0348023
 0.391323 0.403884 0.121164 0.0432918 0.040337
 0.521739 0.271232 0.137373 0.0412116 0.0284446
 0.433392 0.389852 0.100242 0.0507705 0.0257437
 0.482337 0.315634 0.139006 0.0357423 0.0272818
 0.441114 0.366652 0.11721 0.0516196 0.023404
 0.341822 0.405954 0.165469 0.0528968 0.033858
 0.341445 0.342726 0.194798 0.079401 0.0416296
 0.475956 0.272226 0.131052 0.0744869 0.0462796
 0.511499 0.321904 0.0865425 0.0416622 0.0383925
 0.598294 0.281181 0.0794212 0.021352 0.0197514
 0.591462 0.312409 0.0672875 0.0190057 0.00983615
 0.487222 0.384504 0.098091 0.0211271 0.00905585
 0.484084 0.340859 0.131266 0.0334872 0.0103041
 0.468234 0.348837 0.120859 0.0465432 0.0155272
 0.559154 0.282564 0.103832 0.0359741 0.0184754
 0.540961 0.330423 0.0824371 0.0302927 0.0158855
 0.496614 0.354063 0.107485 0.0268164 0.0150215
 0.571058 0.285392 0.100967 0.0306513 0.0119308
 0.555142 0.32414 0.0803186 0.0284155 0.011984
pobs_pel_tallas
 0 0 0 0 0 0 0 0 0 0 0 0 0 0 0 0 0 0 0 0 0 0 0 0 0 0 0 0 0 0 0 0 0 0 0 0
 0 0 0 0 0 0 0 0 0 0 0 0 0 0 0 0 0 0 0 0 0 0 0 0 0 0 0 0 0 0 0 0 0 0 0 0
 0 0 0 0 0 0 0 0 0 0 0 0 0 0 0 0 0 0 0 0 0 0 0 0 0 0 0 0 0 0 0 0 0 0 0 0
 0 0 0 0 0 0 0 0 0 0 0 0 0 0 0 0 0 0 0 0 0 0 0 0 0 0 0 0 0 0 0 0 0 0 0 0
 0 0 0 0 0 0 0 0 0 0 0 0 0 0 0 0 0 0 0 0 0 0 0 0 0 0 0 0 0 0 0 0 0 0 0 0
 0 0 0 0 0 0 0 0 0 0 0 0 0 0 0 0 0 0 0 0 0 0 0 0 0 0 0 0 0 0 0 0 0 0 0 0
 0 0 0 0 0 0 0 0 0 0 0 0 0 0 0 0 0 0 0 0 0 0 0 0 0 0 0 0 0 0 0 0 0 0 0 0
 0 0 0 0 0 0 0 0 0 0 0 0 0 0 0 0 0 0 0 0 0 0 0 0 0 0 0 0 0 0 0 0 0 0 0 0
 0 0 0 0 0 0 0 0 0 0 0 0 0 0 0 0 0 0 0 0 0 0 0 0 0 0 0 0 0 0 0 0 0 0 0 0
 0 0 0 0 0 0 0 0 0 0 0 0 0 0 0 0 0 0 0 0 0 0 0 0 0 0 0 0 0 0 0 0 0 0 0 0
 0 0 0 0 0 0 0 0 1.78061e-05 0.00172719 0.00360574 0.0105946 0.0120993 0.0124554 0.0147524 0.0171206 0.0266825 0.0428682 0.0675386 0.121331 0.153587 0.119568 0.100827 0.0573624 0.0630603 0.0341343 0.0324427 0.0444173 0.0211091 0.0280891 0.0125444 0.00206551 0 0 0 0
 0 0 0 0 0 0 0 0 0 0 0 0 0 0 0 0 0 0 0 0 0 0 0 0 0 0 0 0 0 0 0 0 0 0 0 0
 0 0 0 0 0 0 0.0133647 0.0140871 0.0187388 0.0205184 0.03894 0.0496705 0.03968 0.0493445 0.0407372 0.0367815 0.0215668 0.0243155 0.0234873 0.0199281 0.019796 0.0243948 0.0301388 0.0376714 0.0412746 0.0863199 0.0771752 0.113111 0.0741005 0.0525337 0.0229764 0.00759418 0.00175318 0 0 0
 0 0 0 0 0 0 0 0 0 0 0.00219441 0.00772107 0.0458388 0.0604681 0.0671733 0.0775358 0.0609151 0.0617685 0.073594 0.0568108 0.0755445 0.0548602 0.0670107 0.0636378 0.0643287 0.046367 0.0373049 0.0286899 0.0247887 0.0153202 0.00654259 0.00121912 0.000365735 0 0 0
 0 0 0 0 0 0 0 0 0 0 0 0 0.000112435 0.00938835 0.0111873 0.0202946 0.0414886 0.0713402 0.111592 0.104902 0.108894 0.110636 0.117776 0.105296 0.107544 0.0401394 0.0192827 0.0124803 0.00416011 0.0028671 0.000618394 0 0 0 0 0
 0 0 0 0 0 0 0 0 0 0 0.00291406 0.0102884 0.027416 0.0768956 0.0749926 0.110853 0.0956884 0.0897413 0.0766577 0.0534642 0.0500743 0.0551293 0.0594112 0.0620874 0.0668451 0.0424026 0.0208742 0.0120726 0.0048766 0.00582813 0.00118941 0.000297354 0 0 0 0
 0 0.00264628 0.0354308 0.0461629 0.0458689 0.0383711 0.0214643 0.0164657 0.0346957 0.0420465 0.0363128 0.0245516 0.0311673 0.0291091 0.0169068 0.0133784 0.00837989 0.0085269 0.0148486 0.0160247 0.0276389 0.0546898 0.0760071 0.122758 0.109233 0.0665981 0.0333725 0.0166128 0.00676272 0.00308733 0.000882094 0 0 0 0 0
 0 0 0 0 0 0 0 0.000805153 0.000690131 0.00759144 0.0133425 0.0154129 0.00931677 0.000345066 0.00356568 0.00563607 0.00851162 0.0253048 0.0502646 0.0516448 0.0657925 0.0565908 0.0611916 0.0827007 0.0866115 0.110766 0.145733 0.0935128 0.0569358 0.0249597 0.0138026 0.00621118 0.00161031 0.00115022 0 0
 0 0 0 0 0 0 0 0 0 0 0 0 0 0 0 0 0 0 0 0 0 0 0 0 0 0 0 0 0 0 0 0 0 0 0 0
 0.00147267 0.00158595 0.00478618 0.00569244 0.00954404 0.0108468 0.00647125 0.017049 0.0510054 0.094081 0.124002 0.0959785 0.0687766 0.0820023 0.061753 0.0591476 0.0492212 0.0479892 0.0443925 0.0268479 0.0217502 0.0140895 0.0121071 0.0120363 0.00920419 0.00665534 0.0049561 0.00860946 0.00930331 0.0156896 0.0114698 0.00855282 0.00243557 0.00046729 0 2.83206e-05
 0 0 0 0 0.000772559 0.00158375 0.000888443 0.00281984 0.00712685 0.0440552 0.0773331 0.111326 0.0921469 0.0852325 0.0710754 0.0886704 0.0786465 0.0553345 0.0373146 0.0185414 0.00753245 0.00457741 0.012979 0.0271748 0.0457355 0.0583668 0.034881 0.0177882 0.00938659 0.00492506 0.0015258 0.00185414 0.000309023 5.79419e-05 3.86279e-05 0
 0 0.00173294 0.00326652 0 0.00397197 0.00683976 0.00946217 0.0152591 0.00757587 0.0136028 0.0228656 0.0392903 0.0559909 0.0764795 0.0681675 0.0726916 0.0566044 0.0477403 0.0527397 0.0444891 0.0609904 0.0582453 0.0661739 0.0445044 0.0529084 0.0360697 0.0280645 0.0235558 0.0158879 0.00826598 0.00280645 0.00217768 0.000904811 0.00058276 9.20147e-05 0
 0 0 0 0 0 0 0 0 0 0 0 0 0 0 0 0 0 0 0 0 0 0 0 0 0 0 0 0 0 0 0 0 0 0 0 0
 0 0 0 0 0 0 0 0 0 0 0 0 0 0 0 0 0 0 0 0 0 0 0 0 0 0 0 0 0 0 0 0 0 0 0 0
ppred_pel_tallas
 1.01804e-16 2.73704e-05 0.000160625 0.0007635 0.00293946 0.00916636 0.0231536 0.0473764 0.0785355 0.105483 0.114817 0.101349 0.0727076 0.0427529 0.0213481 0.0104272 0.00706289 0.00778204 0.0104362 0.0140279 0.0180491 0.0220815 0.0256881 0.0284511 0.0300539 0.030349 0.0293849 0.0273813 0.0246639 0.0215831 0.0184436 0.0154628 0.0127636 0.0103914 0.00834289 0.00659354
 1.02523e-16 2.07988e-05 0.000122031 0.000579992 0.00223286 0.00696283 0.0175879 0.0359895 0.0596657 0.0801566 0.0872982 0.0771743 0.0556169 0.0332114 0.0175257 0.0101193 0.00885749 0.0111642 0.0154113 0.0207579 0.0266342 0.0324493 0.0375504 0.0413161 0.0432885 0.0432769 0.0413964 0.038024 0.0336931 0.028963 0.0243066 0.0200445 0.0163354 0.0132071 0.0106072 0.00845242
 1.04642e-16 1.49617e-05 8.77597e-05 0.000417058 0.00160551 0.00500647 0.0126463 0.0258789 0.0429082 0.0576577 0.0628305 0.0556293 0.040276 0.024424 0.0135738 0.00891856 0.00899957 0.0120277 0.0168611 0.0228681 0.0295433 0.0362992 0.0424579 0.0473544 0.0504736 0.0515587 0.0506547 0.0480708 0.0442803 0.0397975 0.0350705 0.0304213 0.0260372 0.0219996 0.0183285 0.0150211
 1.06337e-16 1.82768e-05 0.000107234 0.000509667 0.00196212 0.00611857 0.0154552 0.0316253 0.0524291 0.0704314 0.0766976 0.0677818 0.0488023 0.0290519 0.0151705 0.00851939 0.00722074 0.0090235 0.0125325 0.0170727 0.0222352 0.0276095 0.0327279 0.0371198 0.0404008 0.0423459 0.0429208 0.04226 0.0406056 0.0382325 0.0353851 0.0322465 0.0289383 0.0255427 0.0221287 0.0187709
 1.0545e-16 2.16584e-05 0.000127088 0.000604056 0.00232554 0.0072519 0.0183179 0.0374824 0.0621372 0.0834663 0.0908748 0.0802696 0.0577032 0.0341684 0.0175053 0.00928972 0.00725389 0.00869056 0.0119194 0.0161367 0.0208846 0.0257369 0.0302271 0.0339012 0.0364078 0.0375701 0.037414 0.0361393 0.0340497 0.0314676 0.0286633 0.0258179 0.0230244 0.020313 0.0176867 0.0151506
 1.05224e-16 1.70927e-05 0.000100273 0.000476553 0.00183459 0.00572085 0.0144508 0.0295708 0.0490266 0.065871 0.0717587 0.0634819 0.0458476 0.0275753 0.0149145 0.00918499 0.00867438 0.0113016 0.0157475 0.0213123 0.027484 0.0336999 0.039323 0.0437369 0.0464741 0.0473178 0.0463398 0.0438589 0.0403427 0.0362845 0.0320998 0.0280693 0.0243343 0.0209294 0.0178321 0.0150062
 1.04784e-16 2.27741e-05 0.00013364 0.000635211 0.00244551 0.00762601 0.0192629 0.0394157 0.0653408 0.0877659 0.0955462 0.0843727 0.0606023 0.0357837 0.0181466 0.00933045 0.00693355 0.00809793 0.0110576 0.014986 0.0194401 0.0240267 0.0283173 0.0318899 0.0344093 0.0356935 0.0357412 0.0347094 0.0328542 0.0304575 0.0277651 0.0249547 0.0221334 0.0193584 0.0166635 0.0140805
 1.04498e-16 1.89265e-05 0.00011104 0.000527746 0.0020317 0.00633553 0.0160034 0.0327474 0.0542914 0.072939 0.0794438 0.0702455 0.050656 0.0303142 0.0161173 0.00949791 0.00852943 0.0108832 0.0150894 0.0203876 0.0262548 0.0321384 0.0374207 0.041508 0.0439545 0.0445601 0.0434068 0.040818 0.0372606 0.0332248 0.0291218 0.0252275 0.021677 0.0184973 0.0156556 0.0131038
 1.04579e-16 2.10578e-05 0.00012356 0.000587279 0.00226094 0.00705043 0.0178091 0.0364414 0.0604122 0.0811518 0.0883614 0.0780654 0.0561531 0.0333199 0.0171987 0.00933445 0.00753558 0.00918004 0.0126367 0.0171149 0.0221458 0.0272779 0.0320106 0.0358543 0.0384265 0.0395307 0.039188 0.0376089 0.0351218 0.0320832 0.028802 0.0254979 0.0222979 0.0192589 0.0164012 0.0137363
 1.04651e-16 1.92623e-05 0.000113014 0.000537133 0.00206785 0.00644828 0.0162881 0.0333299 0.0552562 0.0742327 0.0808461 0.0714695 0.051504 0.0307525 0.0162247 0.00936724 0.00820857 0.0103727 0.0143671 0.0194346 0.0250743 0.0307671 0.035933 0.04001 0.0425701 0.0434103 0.0425886 0.0403865 0.0372213 0.0335357 0.0297047 0.025985 0.0225103 0.0193203 0.0164042 0.013739
 1.05881e-16 1.49344e-05 8.76016e-05 0.000416312 0.00160264 0.00499753 0.0126237 0.0258325 0.0428307 0.0575517 0.0627104 0.0555118 0.0401668 0.0243097 0.013424 0.0086926 0.00865169 0.0115111 0.0161334 0.0219005 0.0283313 0.034873 0.0408881 0.0457501 0.0489722 0.0503085 0.0497943 0.0477088 0.0444817 0.0405757 0.0363892 0.0322016 0.0281696 0.0243574 0.0207814 0.0174474
 1.07551e-16 1.49154e-05 8.74958e-05 0.000415821 0.00160078 0.00499173 0.012609 0.0258019 0.0427782 0.0574761 0.0626146 0.055395 0.040013 0.024079 0.0130502 0.00808616 0.00770551 0.0101122 0.0141828 0.0193417 0.025182 0.0312505 0.0370188 0.0419554 0.0456286 0.0477902 0.0484103 0.0476502 0.0457923 0.0431518 0.0400048 0.0365524 0.0329221 0.0291934 0.0254314 0.0217096
 1.06671e-16 2.07777e-05 0.000121919 0.000579491 0.00223097 0.00695698 0.017573 0.035958 0.0596098 0.0800705 0.0871756 0.0769973 0.0553404 0.0327487 0.0167414 0.00882847 0.00683489 0.00816789 0.0112259 0.0152558 0.0198431 0.0246083 0.0291318 0.0329978 0.0358735 0.0375731 0.0380843 0.0375443 0.0361816 0.0342439 0.0319404 0.029414 0.0267449 0.0239744 0.021135 0.0182719
 1.04559e-16 2.23295e-05 0.000131025 0.000622771 0.0023976 0.00747658 0.0188855 0.0386439 0.0640629 0.0860539 0.0936945 0.082766 0.0595101 0.0352627 0.0181097 0.00967825 0.00763116 0.00917423 0.0125661 0.0169615 0.0218646 0.0268073 0.0312804 0.0347954 0.0369838 0.0376773 0.0369368 0.0350188 0.0322956 0.0291569 0.0259272 0.0228212 0.0199411 0.0173047 0.0148861 0.0126524
 1.02876e-16 2.61126e-05 0.000153239 0.000728386 0.00280425 0.00874473 0.0220887 0.0451975 0.0749243 0.100635 0.109546 0.0967117 0.0694133 0.0408814 0.0205353 0.0102319 0.00719004 0.00810514 0.0109291 0.0147013 0.0189163 0.0231437 0.0269301 0.0298439 0.0315611 0.0319356 0.0310267 0.0290692 0.0264042 0.0233918 0.0203367 0.017447 0.0148282 0.0125058 0.0104593 0.00865324
 1.0217e-16 2.58159e-05 0.000151495 0.000720086 0.00277228 0.00864504 0.0218369 0.0446826 0.0740717 0.0994924 0.10831 0.0956389 0.0686829 0.0405308 0.0205058 0.0104567 0.0076463 0.00881376 0.0119297 0.0160243 0.0205601 0.0250597 0.0290168 0.0319528 0.0335148 0.0335549 0.0321599 0.0296175 0.0263351 0.0227401 0.0191929 0.0159376 0.0130944 0.0106837 0.00866538 0.00697677
 1.02667e-16 2.12736e-05 0.00012482 0.000593257 0.00228394 0.00712213 0.0179902 0.0368126 0.0610293 0.081986 0.0892836 0.0789129 0.056834 0.0338664 0.0177406 0.0100395 0.00856807 0.0106843 0.0147252 0.0198461 0.0254949 0.0311103 0.0360733 0.0397924 0.0418271 0.0419871 0.0403684 0.0373139 0.0333157 0.0288931 0.024488 0.020404 0.0167969 0.0137032 0.0110863 0.00888098
 1.03607e-16 2.1135e-05 0.000124011 0.000589418 0.00226917 0.00707608 0.0178739 0.0365742 0.060633 0.0814503 0.0886918 0.0783696 0.0563988 0.0335193 0.0173997 0.00959905 0.00792523 0.00974986 0.013431 0.0181588 0.0234343 0.0287653 0.0336065 0.0374284 0.039824 0.0405943 0.0397835 0.0376467 0.03457 0.0309694 0.0272056 0.0235346 0.0201016 0.0169642 0.0141297 0.0115874
 1.04155e-16 2.04442e-05 0.000119954 0.000570131 0.00219491 0.00684449 0.0172889 0.0353774 0.0586495 0.0787876 0.0857969 0.0758227 0.0545899 0.0324924 0.0169551 0.00949465 0.00799958 0.00993397 0.0137109 0.0185407 0.0239254 0.0293656 0.0343067 0.0382114 0.0406682 0.0414793 0.0406949 0.0385788 0.0355259 0.0319578 0.0282353 0.0246089 0.0212144 0.0180984 0.015259 0.0126799
 1.03666e-16 2.4406e-05 0.00014322 0.000680752 0.00262085 0.0081728 0.020644 0.0422417 0.0700251 0.0940566 0.102391 0.0904089 0.0649197 0.038296 0.0193507 0.00983184 0.00715434 0.0082426 0.0111914 0.0151045 0.0195007 0.0239586 0.0280267 0.0312689 0.0333501 0.0341065 0.0335733 0.0319574 0.0295714 0.0267496 0.0237786 0.0208578 0.0180959 0.0155326 0.0131702 0.0110013
 1.03062e-16 2.36146e-05 0.000138569 0.000658633 0.00253567 0.00790716 0.0199731 0.0408693 0.0677517 0.0910078 0.0990851 0.0875203 0.0629121 0.0372452 0.0190658 0.0100874 0.00782963 0.00932885 0.0127359 0.0171523 0.0220532 0.0269475 0.0313048 0.0346195 0.0365141 0.0368235 0.0356252 0.0332054 0.0299747 0.026365 0.0227406 0.0193484 0.0163114 0.0136547 0.0113468 0.00933736
 1.03265e-16 2.16819e-05 0.00012722 0.000604673 0.0023279 0.00725923 0.0183365 0.0375209 0.0622025 0.0835587 0.0909877 0.0803987 0.0578599 0.034389 0.0178527 0.00984927 0.00812746 0.00998648 0.0137351 0.0185333 0.0238582 0.0291937 0.0339722 0.037648 0.0398095 0.0402691 0.0390974 0.0365879 0.0331696 0.0292979 0.0253617 0.0216302 0.0182449 0.0152468 0.0126174 0.0103166
 1.03137e-16 2.49252e-05 0.000146268 0.000695241 0.00267664 0.00834677 0.0210834 0.0431408 0.0715155 0.096058 0.104569 0.0923291 0.0662929 0.0390945 0.0197326 0.00998983 0.00722287 0.00828745 0.0112348 0.0151474 0.0195331 0.0239621 0.0279759 0.0311327 0.0330952 0.0337018 0.0329948 0.0311927 0.0286227 0.0256348 0.0225298 0.0195182 0.0167151 0.0141617 0.0118566 0.00978468
 1.02783e-16 2.42327e-05 0.000142199 0.000675889 0.00260211 0.00811436 0.0204964 0.04194 0.0695263 0.0933902 0.101675 0.0897991 0.0645307 0.0381643 0.019464 0.0101809 0.00776237 0.0091612 0.0124781 0.0167954 0.0215863 0.0263653 0.0306107 0.0338256 0.0356399 0.0358922 0.0346604 0.0322278 0.0290011 0.0254077 0.0218094 0.018452 0.0154586 0.0128553 0.0106108 0.00867389
pSPR Fmed_Fpbrs
0.669487   0.255389 0.255389
Fs Fmed_Fpbrs
0.211667   1.005 1.005
SSBpbr Bo_Bmed_Bpbrs
1.18817e+06  736057  244038 244038
Ro
56387.3
SPR SPRFo_SPRFmed_SPRFpbrs
1.16009e+06 776666 296275
log_Ro
10.76
likeval ReclasPelacesDesembMPH_pf_preclas_ppelaces_ptallas_desvR_qrecl_qpela
 157.901 59.1272 0.0619368 0.000990903 312.792 184.86 83.6179 0 15.128 0 0 0 0 0 0
q_reclas_q_pelaces
1 1
M
0.7
N
 76660.4 18196 6452.69 733.601 0.370351
 71976 33430 6968.07 2471.02 281.07
 44596.9 32197.6 13471.4 2807.96 1109.02
 50064.5 18558.5 11228.1 4697.81 1365.94
 79194.2 23963 8561.94 5180.05 2797.5
 68955.2 38990.5 11697.1 4179.34 3894.08
 111917 30671.1 15534.2 4660.24 3216.54
 104613 52144 13407.7 6790.71 3443.3
 125240 45899.9 20214.4 5197.71 3967.37
 118724 54247.6 17341.7 7637.33 3462.72
 71528.6 52593.5 21437.4 6853.06 4386.49
 44644.6 27457.4 15606.2 6361.17 3335.14
 44880.7 17353.4 8354.06 4748.27 2950.16
 29065.8 15496.4 4166.14 2005.61 1848.21
 21268.3 7646.77 2159.87 580.672 537.141
 20230.2 6326.9 1362.71 384.903 199.202
 18441.1 8194.66 2090.54 450.267 193.001
 20843.6 7936.15 3056.23 779.674 239.909
 23658.2 9418.62 3263.21 1256.67 419.236
 40342.2 10843.9 3984.76 1380.58 709.029
 59125.8 18594.3 4639.07 1704.69 893.939
 76617 28342.4 8604.09 2146.63 1202.46
 139767 36387 12873.2 3907.99 1521.16
 218934 66060.2 16369 5791.12 2442.35
pred_Ctot
 6768.07 3039.76 1077.96 122.552 0.0618694
 5164.45 4586.93 956.091 339.049 38.5657
 5248.97 7035.95 2943.83 613.607 242.348
 1303.68 951.083 575.414 240.753 70.0017
 487.192 293.719 104.945 63.493 34.2896
 5204.61 5614.36 1684.3 601.797 560.722
 4988.83 2659.73 1347.1 404.126 278.932
 8823.81 8343.28 2145.3 1086.55 550.944
 11596.8 8020.04 3532.04 908.189 693.213
 9276.23 8072.34 2580.55 1136.48 515.271
 11850.8 15676.4 6389.81 2042.68 1307.47
 7074.27 7865 4470.29 1822.12 955.329
 10041.6 6717.49 3233.85 1838.05 1142
 10190.4 8598.99 2311.8 1112.92 1025.58
 6314.75 3733.73 1054.61 283.528 262.273
 2712.82 1558.48 335.669 94.8115 49.0684
 1783.54 1491.58 380.517 81.9569 35.1297
 1357.12 992.283 382.13 97.4852 29.9966
 1315.85 1012.04 350.635 135.03 45.0472
 2093.13 1089.51 400.358 138.709 71.2377
 1478.15 915.457 228.397 83.9276 44.0116
 2410.05 1748.67 530.855 132.443 74.1893
 4859.62 2476.37 876.101 265.964 103.525
 6150.31 3647.58 903.833 319.762 134.857
F
 0.129933 0.259865 0.259865 0.259865 0.259865
 0.104441 0.208882 0.208882 0.208882 0.208882
 0.176738 0.353475 0.353475 0.353475 0.353475
 0.0368006 0.0736012 0.0736012 0.0736012 0.0736012
 0.00858669 0.0171734 0.0171734 0.0171734 0.0171734
 0.110136 0.220271 0.220271 0.220271 0.220271
 0.0637449 0.12749 0.12749 0.12749 0.12749
 0.123807 0.247614 0.247614 0.247614 0.247614
 0.136673 0.273347 0.273347 0.273347 0.273347
 0.11421 0.228421 0.228421 0.228421 0.228421
 0.257463 0.514926 0.514926 0.514926 0.514926
 0.244943 0.489887 0.489887 0.489887 0.489887
 0.3634 0.7268 0.7268 0.7268 0.7268
 0.635279 1.27056 1.27056 1.27056 1.27056
 0.512406 1.02481 1.02481 1.02481 1.02481
 0.203693 0.407387 0.407387 0.407387 0.407387
 0.143151 0.286303 0.286303 0.286303 0.286303
 0.094358 0.188716 0.188716 0.188716 0.188716
 0.0801058 0.160212 0.160212 0.160212 0.160212
 0.0745462 0.149092 0.149092 0.149092 0.149092
 0.035308 0.0706159 0.0706159 0.0706159 0.0706159
 0.0446071 0.0892141 0.0892141 0.0892141 0.0892141
 0.0494099 0.0988198 0.0988198 0.0988198 0.0988198
 0.0397523 0.0795045 0.0795045 0.0795045 0.0795045
nmprior
 10 10 8 0
nm_flota  nm_reclas  nm_pelaces    nm_pelaL
inf 13.8051 14.4846 24.7222
cv_recla  cv_pelaces  cv_mph
1.16337 0.904812 1.0213
 ------------------------------------------------
Talla a la edad & desviación 
 7.2 14.2025 17.0495 18.207 18.6776
 1.08 2.13037 2.55742 2.73105 2.80164
