years
 1997 1998 1999 2000 2001 2002 2003 2004 2005 2006 2007 2008 2009 2010 2011 2012 2013 2014 2015 2016 2017 2018 2019 2020
reclasobs
 0 0 0 370054 412103 1.49427e+06 250295 1.28982e+06 931140 785840 897777 1.04006e+06 184774 17550 25797 100020 73551 82996 120727 218422 84188 347160 605670 569463
reclaspred
 2.40179e+06 299398 387234 106208 235694 241658 482738 457377 559834 1.06559e+06 984040 624998 379531 164304 98848.4 93626.8 103787 120633 98890.9 169785 313109 290757 425890 296056
pelacesobs
 0 0 0 0 0 0 0 0 0 2.06254e+06 1.5e+06 0 1.87456e+06 323000 250000 174000 83755 137374 0 501740 490994 745055 786931 1.00524e+06
pelacespred
 1.3484e+06 526870 147464 96577 204643 134797 433919 396551 478712 954826 703795 440058 302842 101765 64198.5 64140.1 73354.4 85894.8 68132.9 128239 259379 224409 255635 201739
mphobs
 0 0 0 0 0 112323 0 153150 637223 0 255016 313432 73983 77613 109348 50772 0 0 0 0 0 0 0 0
mphpred
 2.21773e+06 955998 394888 180621 105164 310080 307774 414682 496041 654260 1.24863e+06 850641 448097 264002 110924 88801.9 97272.1 115146 117056 106848 242764 326973 376196 397568
desembarqueobs
 350755 77701 442110 56441 14545 235359 269955 359681 431902 328805 639364 411747 362871 311530 167758 66681 60226 58785 57116 71774 51957 67425 138520 160799
desembarquepred
 350745 77684.4 441627 56420.2 14543.6 235181 269835 359082 431442 328544 638620 411356 362221 310990 167400 66628 60200.6 58741 57065.3 71699.1 51943 67385 138428 160697
Reclutas
 3948.74 5987.99 852.783 4643.73 56300.9 12764.8 50419.2 78653.6 81312.4 224174 48804.4 19900.8 56211.3 22139 14888.2 14480.4 9810.21 9105.37 6567.53 28408.1 31727 33463.3 37919.6 6947.01
log_desv_Rt
 -1.57885 -1.16249 -3.11149 -1.41673 1.07847 -0.405553 0.968127 1.41281 1.44605 2.46018 0.935575 0.0385141 1.07687 0.145097 -0.251678 -0.279446 -0.668821 -0.74338 -1.07011 0.394429 0.504924 0.558205 0.683225 -1.01393
SSB
 2.21773e+06 955998 394888 180621 105164 310080 307774 414682 496041 654260 1.24863e+06 850641 448097 264002 110924 88801.9 97272.1 115146 117056 106848 242764 326973 376196 397568
BT
 2.63256e+06 1.11414e+06 515477 240854 379146 424319 978871 1.08881e+06 1.24671e+06 2.01249e+06 1.81244e+06 1.1556e+06 902500 477166 253061 169469 180958 201448 172387 289312 505339 466091 556701 505672
Ftot
 0.133484 0.207929 0.849593 0.458984 0.1539 1.00284 0.914466 1.54722 1.30932 0.684022 0.701835 0.580271 1.1627 2.07686 2.29717 0.996828 0.779012 0.596578 0.62173 0.790338 0.245417 0.269494 0.354316 0.500054
BD_Bspro_t
 0.982519 0.869814 0.65371 0.315759 0.362801 0.681175 0.483939 0.504729 0.497879 0.518258 0.637239 0.467166 0.322267 0.251288 0.141755 0.141622 0.201699 0.299708 0.355992 0.39293 0.619463 0.73564 0.727721 0.670546
BD_Bspro
 5.62929 2.42663 1.00235 0.458473 0.266939 0.787083 0.781229 1.05259 1.25911 1.66072 3.16941 2.1592 1.13741 0.670122 0.281562 0.225407 0.246907 0.292278 0.297126 0.271214 0.616213 0.829963 0.954904 1.00916
BD_Bo
 2.26834 0.977817 0.403901 0.184743 0.107564 0.317157 0.314799 0.424146 0.507362 0.669193 1.27713 0.870055 0.458325 0.270028 0.113456 0.0908286 0.0994921 0.117774 0.119728 0.109287 0.248305 0.334436 0.384782 0.406642
BD_Brms
 6.45594 2.78297 1.14954 0.525799 0.306138 0.902664 0.89595 1.20717 1.44401 1.90459 3.63483 2.47627 1.30444 0.768528 0.322908 0.258508 0.283165 0.335198 0.340758 0.311042 0.706702 0.951841 1.09513 1.15735
S_f
 0.114884 0.724879 0.981646 0.99908 0.999955
 0.114884 0.724879 0.981646 0.99908 0.999955
 0.114884 0.724879 0.981646 0.99908 0.999955
 0.114884 0.724879 0.981646 0.99908 0.999955
 0.114884 0.724879 0.981646 0.99908 0.999955
 0.114884 0.724879 0.981646 0.99908 0.999955
 0.114884 0.724879 0.981646 0.99908 0.999955
 0.114884 0.724879 0.981646 0.99908 0.999955
 0.114884 0.724879 0.981646 0.99908 0.999955
 0.114884 0.724879 0.981646 0.99908 0.999955
 0.114884 0.724879 0.981646 0.99908 0.999955
 0.114884 0.724879 0.981646 0.99908 0.999955
 0.114884 0.724879 0.981646 0.99908 0.999955
 0.114884 0.724879 0.981646 0.99908 0.999955
 0.114884 0.724879 0.981646 0.99908 0.999955
 0.114884 0.724879 0.981646 0.99908 0.999955
 0.114884 0.724879 0.981646 0.99908 0.999955
 0.114884 0.724879 0.981646 0.99908 0.999955
 0.114884 0.724879 0.981646 0.99908 0.999955
 0.114884 0.724879 0.981646 0.99908 0.999955
 0.114884 0.724879 0.981646 0.99908 0.999955
 0.114884 0.724879 0.981646 0.99908 0.999955
 0.114884 0.724879 0.981646 0.99908 0.999955
 0.114884 0.724879 0.981646 0.99908 0.999955
Scru_reclas
 0.74052 0.934906 0.986354 0.997258 0.999454
 0.74052 0.934906 0.986354 0.997258 0.999454
 0.74052 0.934906 0.986354 0.997258 0.999454
 0.74052 0.934906 0.986354 0.997258 0.999454
 0.74052 0.934906 0.986354 0.997258 0.999454
 0.74052 0.934906 0.986354 0.997258 0.999454
 0.74052 0.934906 0.986354 0.997258 0.999454
 0.74052 0.934906 0.986354 0.997258 0.999454
 0.74052 0.934906 0.986354 0.997258 0.999454
 0.74052 0.934906 0.986354 0.997258 0.999454
 0.74052 0.934906 0.986354 0.997258 0.999454
 0.74052 0.934906 0.986354 0.997258 0.999454
 0.74052 0.934906 0.986354 0.997258 0.999454
 0.74052 0.934906 0.986354 0.997258 0.999454
 0.74052 0.934906 0.986354 0.997258 0.999454
 0.74052 0.934906 0.986354 0.997258 0.999454
 0.74052 0.934906 0.986354 0.997258 0.999454
 0.74052 0.934906 0.986354 0.997258 0.999454
 0.74052 0.934906 0.986354 0.997258 0.999454
 0.74052 0.934906 0.986354 0.997258 0.999454
 0.74052 0.934906 0.986354 0.997258 0.999454
 0.74052 0.934906 0.986354 0.997258 0.999454
 0.74052 0.934906 0.986354 0.997258 0.999454
 0.74052 0.934906 0.986354 0.997258 0.999454
Scru_pelaces
 1 1 1 1 1
 1 1 1 1 1
 1 1 1 1 1
 1 1 1 1 1
 1 1 1 1 1
 1 1 1 1 1
 1 1 1 1 1
 1 1 1 1 1
 1 1 1 1 1
 1 1 1 1 1
 1 1 1 1 1
 1 1 1 1 1
 1 1 1 1 1
 1 1 1 1 1
 1 1 1 1 1
 1 1 1 1 1
 1 1 1 1 1
 1 1 1 1 1
 1 1 1 1 1
 1 1 1 1 1
 1 1 1 1 1
 1 1 1 1 1
 1 1 1 1 1
 1 1 1 1 1
pf_obs 
 0.256992 0.487395 0.22802 0.0275931 0
 0.321318 0.546541 0.124235 0.00734118 0.000564706
 0.182869 0.594174 0.210203 0.0122559 0.00049798
 0.330522 0.361315 0.267642 0.0388342 0.00168674
 0.649043 0.306663 0.0425973 0.00169635 0
 0.582887 0.30429 0.105238 0.00758474 0
 0.465427 0.430635 0.0974691 0.00646863 0
 0.296916 0.608066 0.0921331 0.00288517 0
 0.311714 0.524322 0.152257 0.0117073 0
 0.15457 0.633149 0.183074 0.0267441 0.00246327
 0.131901 0.49318 0.331252 0.0422183 0.00144891
 0.196976 0.569456 0.194076 0.0375587 0.00193317
 0.518974 0.381816 0.0799577 0.0180837 0.00116848
 0.0928022 0.601141 0.25162 0.0475244 0.00691264
 0.122501 0.610282 0.24278 0.0234846 0.000952079
 0.383417 0.481906 0.127806 0.00687128 0
 0.0376549 0.599619 0.316969 0.0457579 0
 0.0361596 0.667082 0.258105 0.0386534 0
 0.158088 0.579412 0.248529 0.0139706 0
 0.0477256 0.309471 0.559284 0.082774 0.000745712
 0.0406174 0.521527 0.379366 0.0568643 0.0016247
 0.151134 0.462217 0.34131 0.0453401 0
 0.294876 0.26143 0.354403 0.0886775 0.000613685
 0.281977 0.475581 0.204845 0.0348837 0.00271318
pf_pred 
 0.00642325 0.654661 0.300454 0.0384604 1.69767e-06
 0.0174809 0.0336603 0.68747 0.232199 0.0291905
 0.00670626 0.116267 0.0411231 0.608821 0.227083
 0.117472 0.0544061 0.142332 0.0329779 0.652812
 0.685028 0.161194 0.0134158 0.0245792 0.115782
 0.0809759 0.856297 0.0372405 0.00226313 0.0232237
 0.414664 0.23302 0.336807 0.00931749 0.00619183
 0.410341 0.512939 0.0388899 0.0362088 0.00162173
 0.321192 0.592699 0.079406 0.00345681 0.00324591
 0.493844 0.405408 0.092658 0.00747942 0.000611015
 0.0724986 0.806341 0.103836 0.0159644 0.0013604
 0.052973 0.32335 0.56672 0.0489821 0.0079746
 0.285166 0.222296 0.212861 0.254673 0.0250043
 0.159509 0.69059 0.0640635 0.0377402 0.0480973
 0.247086 0.541337 0.190776 0.00911449 0.0116863
 0.299834 0.578592 0.101959 0.0177664 0.00184801
 0.184823 0.625581 0.167296 0.0187866 0.00351377
 0.188969 0.500278 0.258923 0.0458694 0.00596019
 0.151932 0.525305 0.2269 0.0801843 0.0156801
 0.504572 0.278518 0.153349 0.0449967 0.0185645
 0.269043 0.645952 0.0562098 0.0205096 0.00828498
 0.198286 0.53333 0.245196 0.0154345 0.00775328
 0.195043 0.476449 0.24122 0.0798829 0.00740542
 0.0402292 0.58023 0.255226 0.0917804 0.0325343
pobs_RECLAS
 0 0 0 0 0
 0 0 0 0 0
 0 0 0 0 0
 0 0 0 0 0
 0.835266 0.146461 0.0176864 0.000547809 3.91292e-05
 0.385257 0.428462 0.181853 0.0044286 0
 0.867414 0.0963971 0.0333333 0.00285562 0
 0.441836 0.489002 0.0689373 0.000224442 0
 0.779404 0.147425 0.0564933 0.0165055 0.000172143
 0.814271 0.122319 0.05973 0.00367925 0
 0.40263 0.566651 0.0304383 0.000280538 0
 0.475488 0.404961 0.113038 0.00651328 0
 0.955842 0.0263864 0.0167828 0.000988607 0
 0.975058 0.0227948 0.00214734 0 0
 0.738997 0.206755 0.0527124 0.00153531 0
 0.850938 0.134255 0.0134407 0.00136685 0
 0.542534 0.407297 0.0501686 0 0
 0.764087 0.199537 0.0359546 0.000420521 0
 0.470689 0.182191 0.310203 0.0369168 0
 0.84361 0.089868 0.0606195 0.00523954 0.000663233
 0.607945 0.314616 0.071237 0.00620181 0
 0.523733 0.453247 0.0230204 0 0
 0.530135 0.295979 0.169645 0.0042399 0
 0.562478 0.366248 0.0663022 0.0049721 0
ppred_RECLAS
 0.0339581 0.689003 0.245787 0.0312504 1.38123e-06
 0.102814 0.0392875 0.622718 0.208886 0.0262943
 0.0431371 0.14309 0.0384531 0.564506 0.210814
 0.46497 0.042212 0.0851334 0.0195805 0.388104
 0.924798 0.0432851 0.00279902 0.00509338 0.0240243
 0.321433 0.643136 0.0211022 0.00127095 0.0130579
 0.813293 0.0870415 0.0953125 0.00261402 0.00173924
 0.799829 0.180522 0.0100149 0.00922012 0.000413404
 0.726094 0.247259 0.0245908 0.00105968 0.000996172
 0.841061 0.133565 0.0233515 0.00187005 0.000152962
 0.294491 0.632895 0.0623008 0.00950237 0.000810757
 0.253352 0.301064 0.405167 0.0347518 0.00566503
 0.72157 0.105097 0.0753126 0.0892479 0.00877283
 0.54011 0.399266 0.0261095 0.0151669 0.0193476
 0.683533 0.249115 0.0608182 0.00286145 0.0036721
 0.702678 0.256678 0.0341352 0.0058951 0.000613931
 0.555281 0.361342 0.0736396 0.00820175 0.00153593
 0.568173 0.292548 0.116195 0.0204266 0.00265757
 0.503262 0.337906 0.111907 0.0392412 0.00768334
 0.855576 0.090727 0.0380498 0.0110731 0.00457414
 0.656129 0.312095 0.0210585 0.00763059 0.00308646
 0.574796 0.305955 0.109007 0.006814 0.00342737
 0.575486 0.277068 0.10847 0.0356658 0.00331063
 0.190907 0.538515 0.182377 0.0650964 0.0231049
pobs_PELACES
 0 0 0 0 0
 0 0 0 0 0
 0 0 0 0 0
 0 0 0 0 0
 0 0 0 0 0
 0 0 0 0 0
 0 0 0 0 0
 0 0 0 0 0
 0 0 0 0 0
 0 0 0 0 0
 0.450072 0.473896 0.0757376 0.000293798 0
 0 0 0 0 0
 0.463077 0.371075 0.160297 0.00555027 0
 0.529543 0.364841 0.0842815 0.0213345 0
 0.631943 0.363953 0.00410389 0 0
 0.735681 0.248677 0.0153453 0.000297389 0
 0.695825 0.281241 0.0229344 0 0
 0.275771 0.60734 0.115278 0.00161068 0
 0 0 0 0 0
 0.896147 0.0623911 0.0374545 0.00400742 0
 0.803859 0.145111 0.0509908 3.86294e-05 0
 0.739449 0.233085 0.0266225 0.000797448 4.60066e-05
 0.878498 0.100942 0.0204185 0.000141795 0
 0.694673 0.275183 0.0284847 0.00165964 0
ppred_PELACES
 0.0443798 0.694325 0.232126 0.0291684 1.28632e-06
 0.139411 0.0404658 0.597323 0.19794 0.0248601
 0.0706801 0.156513 0.0370973 0.536022 0.199688
 0.570024 0.0373721 0.0687157 0.0155905 0.308297
 0.943015 0.0338942 0.00205052 0.00368726 0.017353
 0.42431 0.549533 0.0156982 0.000929758 0.00952873
 0.876199 0.0617882 0.0593489 0.00160144 0.0010629
 0.875149 0.114583 0.0052849 0.00476964 0.000213292
 0.815559 0.169013 0.0142591 0.000603184 0.000565573
 0.886361 0.0971504 0.0151926 0.00119863 9.78082e-05
 0.380356 0.562163 0.0494234 0.00742578 0.000632059
 0.338469 0.283461 0.344232 0.0291051 0.00473332
 0.820131 0.0748715 0.0460834 0.0536531 0.0052606
 0.698643 0.269302 0.0139986 0.0079473 0.0101096
 0.81964 0.149007 0.0283819 0.00130341 0.00166788
 0.787838 0.186506 0.0216052 0.00366929 0.000381181
 0.653307 0.287865 0.0520535 0.00570852 0.00106644
 0.659423 0.238503 0.0853623 0.0147914 0.00191985
 0.599975 0.281547 0.0838434 0.028975 0.00565978
 0.901674 0.0645956 0.0240143 0.00688074 0.00283546
 0.718212 0.257551 0.0161328 0.00577365 0.00233006
 0.647926 0.258749 0.085407 0.00527221 0.00264584
 0.654318 0.232345 0.0836673 0.0271541 0.00251476
 0.253916 0.513003 0.157843 0.0555632 0.0196751
pobs_pel_tallas
 0 0 0 0 0 0 0 0 0 0 0 0 0 0 0 0 0 0 0 0 0 0 0 0 0 0 0 0 0 0 0 0 0 0 0 0
 0 0 0 0 0 0 0 0 0 0 0 0 0 0 0 0 0 0 0 0 0 0 0 0 0 0 0 0 0 0 0 0 0 0 0 0
 0 0 0 0 0 0 0 0 0 0 0 0 0 0 0 0 0 0 0 0 0 0 0 0 0 0 0 0 0 0 0 0 0 0 0 0
 0 0 0 0 0 0 0 0 0 0 0 0 0 0 0 0 0 0 0 0 0 0 0 0 0 0 0 0 0 0 0 0 0 0 0 0
 0 0 0 0 0 0 0 0 0 0 0 0 0 0 0 0 0 0 0 0 0 0 0 0 0 0 0 0 0 0 0 0 0 0 0 0
 0 0 0 0 0 0 0 0 0 0 0 0 0 0 0 0 0 0 0 0 0 0 0 0 0 0 0 0 0 0 0 0 0 0 0 0
 0 0 0 0 0 0 0 0 0 0 0 0 0 0 0 0 0 0 0 0 0 0 0 0 0 0 0 0 0 0 0 0 0 0 0 0
 0 0 0 0 0 0 0 0 0 0 0 0 0 0 0 0 0 0 0 0 0 0 0 0 0 0 0 0 0 0 0 0 0 0 0 0
 0 0 0 0 0 0 0 0 0 0 0 0 0 0 0 0 0 0 0 0 0 0 0 0 0 0 0 0 0 0 0 0 0 0 0 0
 0 0 0 0 0 0 0 0 0 0 0 0 0 0 0 0 0 0 0 0 0 0 0 0 0 0 0 0 0 0 0 0 0 0 0 0
 0 0 0 0 0 0 0 0 1.78061e-05 0.00172719 0.00360574 0.0105946 0.0120993 0.0124554 0.0147524 0.0171206 0.0266825 0.0428682 0.0675386 0.121331 0.153587 0.119568 0.100827 0.0573624 0.0630603 0.0341343 0.0324427 0.0444173 0.0211091 0.0280891 0.0125444 0.00206551 0 0 0 0
 0 0 0 0 0 0 0 0 0 0 0 0 0 0 0 0 0 0 0 0 0 0 0 0 0 0 0 0 0 0 0 0 0 0 0 0
 0 0 0 0 0 0 0.0133647 0.0140871 0.0187388 0.0205184 0.03894 0.0496705 0.03968 0.0493445 0.0407372 0.0367815 0.0215668 0.0243155 0.0234873 0.0199281 0.019796 0.0243948 0.0301388 0.0376714 0.0412746 0.0863199 0.0771752 0.113111 0.0741005 0.0525337 0.0229764 0.00759418 0.00175318 0 0 0
 0 0 0 0 0 0 0 0 0 0 0.00219441 0.00772107 0.0458388 0.0604681 0.0671733 0.0775358 0.0609151 0.0617685 0.073594 0.0568108 0.0755445 0.0548602 0.0670107 0.0636378 0.0643287 0.046367 0.0373049 0.0286899 0.0247887 0.0153202 0.00654259 0.00121912 0.000365735 0 0 0
 0 0 0 0 0 0 0 0 0 0 0 0 0.000112435 0.00938835 0.0111873 0.0202946 0.0414886 0.0713402 0.111592 0.104902 0.108894 0.110636 0.117776 0.105296 0.107544 0.0401394 0.0192827 0.0124803 0.00416011 0.0028671 0.000618394 0 0 0 0 0
 0 0 0 0 0 0 0 0 0 0 0.00291406 0.0102884 0.027416 0.0768956 0.0749926 0.110853 0.0956884 0.0897413 0.0766577 0.0534642 0.0500743 0.0551293 0.0594112 0.0620874 0.0668451 0.0424026 0.0208742 0.0120726 0.0048766 0.00582813 0.00118941 0.000297354 0 0 0 0
 0 0.00264628 0.0354308 0.0461629 0.0458689 0.0383711 0.0214643 0.0164657 0.0346957 0.0420465 0.0363128 0.0245516 0.0311673 0.0291091 0.0169068 0.0133784 0.00837989 0.0085269 0.0148486 0.0160247 0.0276389 0.0546898 0.0760071 0.122758 0.109233 0.0665981 0.0333725 0.0166128 0.00676272 0.00308733 0.000882094 0 0 0 0 0
 0 0 0 0 0 0 0 0.000805153 0.000690131 0.00759144 0.0133425 0.0154129 0.00931677 0.000345066 0.00356568 0.00563607 0.00851162 0.0253048 0.0502646 0.0516448 0.0657925 0.0565908 0.0611916 0.0827007 0.0866115 0.110766 0.145733 0.0935128 0.0569358 0.0249597 0.0138026 0.00621118 0.00161031 0.00115022 0 0
 0 0 0 0 0 0 0 0 0 0 0 0 0 0 0 0 0 0 0 0 0 0 0 0 0 0 0 0 0 0 0 0 0 0 0 0
 0.00147267 0.00158595 0.00478618 0.00569244 0.00954404 0.0108468 0.00647125 0.017049 0.0510054 0.094081 0.124002 0.0959785 0.0687766 0.0820023 0.061753 0.0591476 0.0492212 0.0479892 0.0443925 0.0268479 0.0217502 0.0140895 0.0121071 0.0120363 0.00920419 0.00665534 0.0049561 0.00860946 0.00930331 0.0156896 0.0114698 0.00855282 0.00243557 0.00046729 0 2.83206e-05
 0 0 0 0 0.000772559 0.00158375 0.000888443 0.00281984 0.00712685 0.0440552 0.0773331 0.111326 0.0921469 0.0852325 0.0710754 0.0886704 0.0786465 0.0553345 0.0373146 0.0185414 0.00753245 0.00457741 0.012979 0.0271748 0.0457355 0.0583668 0.034881 0.0177882 0.00938659 0.00492506 0.0015258 0.00185414 0.000309023 5.79419e-05 3.86279e-05 0
 0 0.00173294 0.00326652 0 0.00397197 0.00683976 0.00946217 0.0152591 0.00757587 0.0136028 0.0228656 0.0392903 0.0559909 0.0764795 0.0681675 0.0726916 0.0566044 0.0477403 0.0527397 0.0444891 0.0609904 0.0582453 0.0661739 0.0445044 0.0529084 0.0360697 0.0280645 0.0235558 0.0158879 0.00826598 0.00280645 0.00217768 0.000904811 0.00058276 9.20147e-05 0
 0 0 0 0 0 0 0 0 0 0 0 0 0 0 0 0 0 0 0 0 0 0 0 0 0 0 0 0 0 0 0 0 0 0 0 0
 0 0 0 0 0 0 0 0 0 0 0 0 0 0 0 0 0 0 0 0 0 0 0 0 0 0 0 0 0 0 0 0 0 0 0 0
ppred_pel_tallas
 1.04524e-16 1.97651e-06 1.15e-05 5.44554e-05 0.000209304 0.000652379 0.00164862 0.00337888 0.00562204 0.00761429 0.00845479 0.00785965 0.00650345 0.00556695 0.00601605 0.00830508 0.0125441 0.0187211 0.0267285 0.0362527 0.0466741 0.0570699 0.066335 0.0733911 0.0774215 0.0780513 0.0754177 0.0701028 0.0629641 0.0549206 0.0467686 0.0390728 0.032147 0.0260998 0.0209115 0.0165061
 1.16456e-16 6.09449e-06 3.57346e-05 0.000169799 0.000653626 0.00203814 0.00514816 0.0105344 0.0174647 0.0234631 0.0255549 0.0225952 0.0162941 0.00975811 0.00522092 0.0031766 0.00306844 0.00425343 0.00641822 0.00953148 0.0136756 0.0189229 0.0252655 0.0325752 0.0405816 0.0488707 0.056907 0.0640825 0.069788 0.0734978 0.0748501 0.0737072 0.0701816 0.0646174 0.0575365 0.0495552
 1.28327e-16 3.09995e-06 1.8149e-05 8.61839e-05 0.000331667 0.00103412 0.00261221 0.00534632 0.00886767 0.011926 0.0130228 0.0115941 0.00853402 0.00545766 0.0035521 0.00313391 0.0039903 0.00585433 0.00859891 0.012198 0.0166364 0.0218561 0.0277466 0.0341581 0.0409193 0.0478467 0.0547382 0.0613536 0.0673959 0.0725085 0.0762992 0.0783936 0.0785042 0.0764953 0.0724269 0.0665596
 1.15929e-16 2.48694e-05 0.000145964 0.000693854 0.00267139 0.00833047 0.021042 0.0430541 0.0713647 0.0958342 0.104269 0.0919315 0.0657178 0.0381739 0.0181965 0.00746796 0.00326151 0.00239183 0.00294816 0.00416576 0.00583727 0.0079326 0.0104499 0.0133726 0.0166583 0.0202317 0.0239796 0.027746 0.0313337 0.0345149 0.0370518 0.0387271 0.0393762 0.0389161 0.0373612 0.0348259
 1.00978e-16 4.11338e-05 0.00024145 0.0011478 0.0044192 0.013781 0.0348094 0.0712231 0.118055 0.158527 0.172464 0.152018 0.108584 0.0628964 0.0296377 0.0115426 0.00403535 0.00176523 0.00147625 0.0018002 0.00229137 0.00280908 0.00328504 0.00366851 0.00392413 0.00403775 0.00401862 0.00389486 0.00370427 0.00348349 0.00325942 0.00304516 0.00284107 0.00263926 0.00242951 0.00220432
 1.0088e-16 1.85368e-05 0.000108738 0.00051677 0.00198939 0.00620355 0.0156702 0.0320668 0.0531677 0.0714431 0.0778508 0.0689231 0.0498895 0.030229 0.0167484 0.0109109 0.0108832 0.0144092 0.0200188 0.0268601 0.0342294 0.0413263 0.0472614 0.0512056 0.0525772 0.0511849 0.0472771 0.0414727 0.0346052 0.0275288 0.0209506 0.0153315 0.0108672 0.00753528 0.00517433 0.00356497
 1.00968e-16 3.82216e-05 0.00022435 0.0010665 0.00410615 0.0128047 0.0323435 0.0661781 0.109693 0.147302 0.160261 0.141282 0.100961 0.0585723 0.0277737 0.0111242 0.00439222 0.0026234 0.00280267 0.00365618 0.00475065 0.00591878 0.00704664 0.00802992 0.00878106 0.00924325 0.00939808 0.00926303 0.00888122 0.00830776 0.00759796 0.00680047 0.00595583 0.00509821 0.00425793 0.00346261
 1.00287e-16 3.81779e-05 0.000224088 0.00106525 0.00410131 0.0127896 0.0323054 0.0661005 0.109566 0.147136 0.160091 0.141158 0.100929 0.0586677 0.0280314 0.0115936 0.00514217 0.00373358 0.00434376 0.00566398 0.00719963 0.00870243 0.00997236 0.0108342 0.0111655 0.0109244 0.0101598 0.00899695 0.00760582 0.00616068 0.004806 0.00363611 0.00269168 0.00196939 0.00143834 0.0010564
 1.00305e-16 3.55817e-05 0.000208842 0.000992751 0.00382216 0.0119191 0.0301066 0.061602 0.102111 0.137131 0.149219 0.131608 0.0941785 0.0549003 0.0265252 0.0114788 0.00586301 0.00508945 0.00634056 0.00837033 0.0106602 0.0128933 0.0147828 0.01607 0.0165719 0.0162242 0.015096 0.0133702 0.0112963 0.00913175 0.0070921 0.00532024 0.00388092 0.00277416 0.00195853 0.00137469
 1.00294e-16 3.86661e-05 0.000226956 0.00107888 0.00415382 0.0129534 0.032719 0.0669466 0.110968 0.149017 0.162133 0.142949 0.102188 0.059355 0.028277 0.0115527 0.00490919 0.00333573 0.00377146 0.00490103 0.00624284 0.00757234 0.00871692 0.00952566 0.00989062 0.00977032 0.00919878 0.00827442 0.00713412 0.00592067 0.00475457 0.00371733 0.00284828 0.00215188 0.00161037 0.00119625
 1.0117e-16 1.66208e-05 9.74883e-05 0.000463283 0.00178344 0.00556131 0.014048 0.0287477 0.0476668 0.064058 0.0698207 0.0618555 0.0448639 0.0273643 0.0154866 0.0105764 0.0110242 0.0148337 0.0206941 0.0278188 0.035519 0.0429861 0.0493116 0.0536416 0.0553675 0.0542728 0.0505847 0.0449067 0.0380637 0.0309078 0.0241514 0.0182672 0.0134697 0.00976009 0.00700327 0.00500604
 1.06201e-16 1.47838e-05 8.67271e-05 0.000412176 0.00158676 0.00494802 0.0124985 0.0255755 0.0424015 0.0569662 0.0620489 0.0548707 0.0395825 0.0237177 0.0126725 0.00758276 0.00697156 0.00906156 0.0127614 0.0175467 0.0230835 0.0290057 0.0348674 0.0401917 0.0445504 0.0476351 0.0492963 0.0495376 0.0484792 0.046307 0.0432289 0.039451 0.0351741 0.0305981 0.0259265 0.0213608
 1.02769e-16 3.57773e-05 0.000209998 0.000998269 0.00384344 0.0119855 0.0302742 0.0619442 0.102676 0.137881 0.150015 0.132261 0.0945385 0.054895 0.0261222 0.0106251 0.00445328 0.00297908 0.00338674 0.00448473 0.00586129 0.00734709 0.00881839 0.0101598 0.0112747 0.0121003 0.0126143 0.01283 0.0127819 0.01251 0.0120476 0.0114175 0.0106355 0.00971801 0.0086894 0.00758537
 1.01032e-16 3.04876e-05 0.000178926 0.000850507 0.00327445 0.010211 0.0257924 0.0527755 0.0874844 0.117499 0.127886 0.112864 0.0809193 0.0474823 0.0235234 0.0111755 0.00715277 0.00756157 0.00998914 0.0133157 0.0169828 0.0205507 0.0235768 0.0256541 0.0264955 0.0260015 0.0242848 0.0216366 0.0184512 0.0151328 0.0120152 0.00931478 0.00712301 0.00542974 0.00416194 0.00322239
 1.00575e-16 3.57589e-05 0.000209884 0.000997707 0.00384125 0.0119786 0.030257 0.0619095 0.102621 0.137813 0.149957 0.132248 0.0946132 0.0551069 0.026538 0.0113369 0.00557914 0.00465063 0.00572342 0.00755838 0.00965765 0.0117343 0.0135344 0.0148273 0.0154458 0.0153233 0.0145077 0.0131451 0.0114407 0.00960922 0.00783261 0.00623494 0.00487748 0.0037698 0.00288862 0.00219639
 1.00512e-16 3.43737e-05 0.000201748 0.000959022 0.00369229 0.0115141 0.0290837 0.059509 0.0986429 0.132475 0.144159 0.127159 0.0910243 0.0531222 0.0257796 0.0113508 0.00608113 0.00554666 0.00702738 0.00931167 0.0118789 0.0143928 0.0165397 0.0180336 0.0186705 0.0183752 0.0172184 0.015395 0.0131731 0.0108308 0.00860119 0.00664004 0.0050196 0.00374335 0.00277107 0.00204392
 1.01079e-16 2.85117e-05 0.000167323 0.000795342 0.00306205 0.00954866 0.0241193 0.0493524 0.0818112 0.109883 0.119607 0.105579 0.0757461 0.0445469 0.022256 0.0108872 0.00738774 0.00813299 0.0108735 0.0145537 0.018624 0.0226272 0.0260905 0.0285716 0.0297486 0.029494 0.0279019 0.0252562 0.0219543 0.0184123 0.014982 0.0119027 0.00929178 0.00716643 0.0054802 0.00415911
 1.01888e-16 2.87764e-05 0.000168882 0.000802762 0.00309063 0.00963781 0.0243444 0.0498127 0.0825728 0.110901 0.120704 0.106521 0.0763643 0.0447944 0.0221659 0.0104926 0.00667723 0.00705395 0.00936207 0.0125693 0.0161799 0.0198117 0.0230742 0.0255951 0.0270918 0.0274309 0.0266528 0.024949 0.0226047 0.0199263 0.0171798 0.0145544 0.0121564 0.0100255 0.00816009 0.00654187
 1.02543e-16 2.61859e-05 0.00015367 0.000730432 0.00281213 0.0087693 0.0221507 0.0453245 0.0751348 0.100917 0.109854 0.0969833 0.0696081 0.0409958 0.0205922 0.0102594 0.00720865 0.00812607 0.0109581 0.0147417 0.01897 0.0232113 0.0270103 0.0299326 0.0316509 0.0320159 0.0310837 0.0290874 0.0263677 0.0232863 0.0201522 0.0171792 0.01448 0.0120876 0.0099881 0.00815057
 1.00731e-16 3.93325e-05 0.000230872 0.0010975 0.00422553 0.013177 0.0332839 0.0681021 0.112882 0.151585 0.164919 0.145387 0.10389 0.0602633 0.0285587 0.0114071 0.0044492 0.00258095 0.00269223 0.00346399 0.00444251 0.00544991 0.00636754 0.00709315 0.0075497 0.00769987 0.0075523 0.00715541 0.0065822 0.00591105 0.00520949 0.00452506 0.00388418 0.00329682 0.00276363 0.00228225
 1.00621e-16 3.13405e-05 0.000183934 0.000874318 0.00336614 0.010497 0.0265146 0.0542531 0.0899331 0.120786 0.131459 0.116006 0.083148 0.0487416 0.024057 0.0112783 0.00701905 0.00727039 0.0095512 0.0127176 0.016212 0.0196071 0.0224768 0.0244301 0.0251905 0.0246622 0.0229532 0.0203434 0.0172135 0.013955 0.0108933 0.00824206 0.00609516 0.00444777 0.00323282 0.00235748
 1.01602e-16 2.82759e-05 0.000165942 0.00078878 0.00303679 0.00946991 0.0239204 0.0489451 0.0811354 0.108973 0.118611 0.104688 0.0750791 0.0440998 0.0219321 0.010565 0.00696488 0.00753588 0.0100553 0.0134967 0.0173482 0.0211989 0.0246244 0.0272211 0.0286852 0.0288784 0.0278542 0.0258326 0.0231365 0.0201119 0.0170581 0.0141873 0.0116168 0.00938614 0.00748566 0.00588388
 1.02314e-16 2.85536e-05 0.000167574 0.000796546 0.0030667 0.00956319 0.024156 0.049427 0.0819333 0.110042 0.119768 0.105693 0.0757663 0.0444349 0.0219719 0.0103745 0.00656842 0.00691641 0.00917717 0.0123306 0.0158914 0.0194891 0.0227455 0.0252994 0.0268751 0.0273399 0.026728 0.0252179 0.0230772 0.0205936 0.0180152 0.0155175 0.0131984 0.0110947 0.0092079 0.00752661
 1.05237e-16 1.11057e-05 6.51134e-05 0.000309378 0.00119089 0.00371346 0.0093804 0.0191973 0.0318357 0.0427972 0.0466845 0.041447 0.0302541 0.0188378 0.0113529 0.00877396 0.0101081 0.0140923 0.019888 0.0269517 0.0347357 0.0425448 0.049568 0.0550173 0.0582953 0.0591259 0.057604 0.0541443 0.0493556 0.0438845 0.0382822 0.0329288 0.0280248 0.0236291 0.01972 0.0162491
pSPR Fmed_Fpbrs
0.51147   0.401357 0.401357
Fs Fmed_Fpbrs
0.625275   1.005 1.005
SSBpbr Bo_Bmed_Bpbrs
977686  451173  343517 343517
Ro
19148.9
SPR SPRFo_SPRFmed_SPRFpbrs
393962 201500 158119
log_Ro
9.68
likeval ReclasPelacesDesembMPH_pf_preclas_ppelaces_ptallas_desvR_qrecl_qpela
 96.1955 91.4265 0.121336 0.000533093 359.984 172.419 85.4071 0 47.9139 2.56706e-06 0 0 0 0 0
q_reclas_q_pelaces
0.79689 1
M
0.7
N
 3948.74 66097.8 22735.4 2862.4 0.126244
 5987.99 1931.05 29796 9903.52 1244.01
 852.783 2903.36 824.761 12064.4 4497.22
 4643.73 384.099 778.814 177.877 3518.65
 56300.9 2187.57 136.755 246.463 1160.04
 12764.8 27468.2 971.64 58.3884 598.837
 50419.2 5649.02 6593.54 180.287 119.738
 78653.6 22540.5 1445.72 1334.3 59.7353
 81312.4 32697.7 3646.49 157.203 147.541
 224174 34739.6 6285.23 500.812 40.8864
 48804.4 102909 10507 1594.78 135.812
 19900.8 22358.1 30725.6 2619.78 426.231
 56211.3 9245.11 7290.44 8631.99 847.068
 22139 24423.4 1976.41 1156.28 1473.1
 14888.2 8660.25 2691.42 127.778 163.782
 14480.4 5678.34 813.485 140.164 14.5714
 9810.21 6412.69 1369 151.835 28.3811
 9105.37 4454.56 1810.48 316.436 41.0896
 6567.53 4222.08 1435.45 500.555 97.8189
 28408.1 3036.52 1335.96 387.191 159.647
 31727 12882.6 850.281 305.384 123.265
 33463.3 15317.2 5354.72 331.841 166.565
 37919.6 16110.8 6256.52 2040.98 189.065
 6947.01 18079.2 6188.25 2194.19 777.25
pred_Ctot
 43.2547 4408.54 2023.28 258.996 0.0114322
 101.79 196.002 4003.09 1352.08 169.974
 57.3537 994.342 351.696 5206.79 1942.08
 172.058 79.6869 208.469 48.3017 956.154
 710.315 167.144 13.911 25.4865 120.056
 1005.64 10634.4 462.491 28.1058 288.416
 3638.07 2044.41 2954.99 81.7473 54.3242
 9306.39 11633.3 882.01 821.202 36.7803
 8237.66 15201 2036.54 88.6573 83.2484
 12239.4 10047.6 2296.44 185.37 15.1434
 2731.57 30380.9 3912.26 601.499 51.2566
 926.541 5655.65 9912.39 856.735 139.482
 5093.79 3970.78 3802.23 4549.1 446.64
 3426.38 14834.4 1376.13 810.69 1033.17
 2521.55 5524.43 1946.9 93.0148 119.26
 1134.3 2188.87 385.722 67.212 6.9912
 607.106 2054.91 549.533 61.7104 11.542
 435.485 1152.9 596.694 105.707 13.7354
 326.938 1130.39 488.259 172.546 33.7415
 1782.59 983.969 541.763 158.968 65.5861
 635.36 1525.45 132.742 48.4344 19.5654
 734.98 1976.88 908.864 57.2108 28.7389
 1090.32 2663.43 1348.46 446.559 41.3975
 279.852 4036.33 1775.46 638.464 226.322
F
 0.0153351 0.0967598 0.131034 0.133361 0.133478
 0.0238876 0.150723 0.204113 0.207738 0.20792
 0.0976043 0.615852 0.834 0.848811 0.849555
 0.0527297 0.332708 0.45056 0.458561 0.458963
 0.0176806 0.111559 0.151076 0.153759 0.153893
 0.11521 0.726938 0.984435 1.00192 1.0028
 0.105057 0.662877 0.897682 0.913625 0.914425
 0.17775 1.12155 1.51882 1.5458 1.54715
 0.15042 0.9491 1.28529 1.30812 1.30926
 0.0785829 0.495834 0.671468 0.683393 0.683991
 0.0806293 0.508746 0.688954 0.701189 0.701803
 0.0666636 0.420627 0.569621 0.579737 0.580245
 0.133575 0.842815 1.14136 1.16163 1.16264
 0.238597 1.50547 2.03874 2.07495 2.07677
 0.263907 1.66517 2.25501 2.29506 2.29707
 0.114519 0.72258 0.978532 0.995911 0.996783
 0.0894957 0.564689 0.764714 0.778295 0.778977
 0.068537 0.432447 0.585628 0.596029 0.596551
 0.0714266 0.450679 0.610319 0.621158 0.621702
 0.0907968 0.572899 0.775832 0.789611 0.790302
 0.0281944 0.177898 0.240913 0.245191 0.245406
 0.0309604 0.195351 0.264548 0.269246 0.269482
 0.0407051 0.256836 0.347813 0.35399 0.3543
 0.057448 0.362479 0.490876 0.499594 0.500032
nmprior
 10 10 8 0
nm_flota  nm_reclas  nm_pelaces    nm_pelaL
inf 19.4979 16.3191 28.5257
cv_recla  cv_pelaces  cv_mph
0.908038 1.12512 0.7491
 ------------------------------------------------
Talla a la edad & desviación 
 7.2 14.2025 17.0495 18.207 18.6776
 1.08 2.13037 2.55742 2.73105 2.80164
