years
 1997 1998 1999 2000 2001 2002 2003 2004 2005 2006 2007 2008 2009 2010 2011 2012 2013 2014 2015 2016 2017 2018 2019 2020
reclasobs
 0 0 0 370054 412103 1.49427e+06 250295 1.28982e+06 931140 785840 897777 1.04006e+06 184774 17550 25797 100020 73551 82996 120727 218422 84188 347160 605670 569463
reclaspred
 3.41396e+06 421254 605054 178031 232243 302795 530269 461469 721741 1.15296e+06 1.26998e+06 829450 449316 200712 128732 118598 126480 159155 145902 199759 381907 380794 533564 376631
pelacesobs
 0 0 0 0 0 0 0 0 0 2.06254e+06 1.5e+06 0 1.87456e+06 323000 250000 174000 83755 137374 0 501740 490994 745055 786931 1.00524e+06
pelacespred
 1.47184e+06 588063 188959 130649 134380 125361 275351 262443 398668 667517 654474 441722 241844 85844.4 53740.1 56381.7 62787.4 79171 76006.1 100377 211574 223421 238014 200052
mphobs
 0 0 0 0 0 112323 0 153150 637223 0 255016 313432 73983 77613 109348 50772 0 0 0 0 0 0 0 0
mphpred
 2.43529e+06 1.05325e+06 463957 245219 130934 303181 319975 441426 513009 814349 1.27035e+06 900594 500315 266037 120170 102297 103671 127427 138519 134490 261706 365088 404095 400687
desembarqueobs
 350755 77701 442110 56441 14545 235359 269955 359681 431902 328805 639364 411747 362871 311530 167758 66681 60226 58785 57116 71774 51957 67425 138520 160799
desembarquepred
 350737 77681.9 441674 56421 14543.7 235159 269804 359217 431509 328586 638614 411330 362267 310974 167453 66638.9 60201.1 58747.6 57071 71717 51942.6 67388.1 138427 160691
Reclutas
 7459.38 9781.77 1769.3 4964.01 51770.3 16350.5 53949.9 71476 120129 203404 62363 24216.8 49791.3 27457.6 19609.8 14306.2 11511.3 11094.8 8742.27 28206.8 37857.7 33635.2 36090.2 10367.1
log_desv_Rt
 -1.12277 -0.851724 -2.56166 -1.53003 0.814572 -0.337984 0.85581 1.13712 1.65633 2.18295 1.00073 0.0548 0.775595 0.180398 -0.156217 -0.471551 -0.688919 -0.725769 -0.964074 0.207319 0.501589 0.383328 0.453777 -0.793607
SSB
 2.43529e+06 1.05325e+06 463957 245219 130934 303181 319975 441426 513009 814349 1.27035e+06 900594 500315 266037 120170 102297 103671 127427 138519 134490 261706 365088 404095 400687
BT
 2.97139e+06 1.22752e+06 600787 313348 386430 422683 1.02134e+06 1.04163e+06 1.52091e+06 2.06304e+06 1.90562e+06 1.23254e+06 905372 483759 277897 181455 196388 226759 204615 315372 568635 507333 580014 521343
Ftot
 0.100051 0.178643 0.67574 0.304236 0.0612083 0.717829 0.485002 0.728564 0.567453 0.275404 0.476346 0.469482 0.747321 1.33942 1.16273 0.531303 0.453262 0.353874 0.373932 0.345305 0.132365 0.171666 0.250265 0.406128
BD_Bspro_t
 0.984206 0.881052 0.692065 0.384681 0.40734 0.670555 0.492935 0.519102 0.505925 0.561107 0.629471 0.470049 0.339675 0.246493 0.145574 0.149426 0.199077 0.300126 0.371845 0.427019 0.611515 0.735092 0.723097 0.652351
BD_Bspro
 5.16325 2.23308 0.983673 0.519908 0.277603 0.6428 0.678405 0.935904 1.08767 1.72657 2.69337 1.90942 1.06076 0.564047 0.254783 0.216889 0.219802 0.270169 0.293685 0.285144 0.554865 0.774052 0.856755 0.84953
BD_Bo
 2.32454 1.00535 0.442858 0.234067 0.124979 0.289394 0.305424 0.421352 0.48968 0.777316 1.21258 0.85964 0.477563 0.253939 0.114705 0.0976453 0.098957 0.121633 0.13222 0.128374 0.249805 0.348485 0.385719 0.382466
BD_Brms
 11.3178 4.89488 2.15619 1.13963 0.6085 1.409 1.48705 2.05148 2.38416 3.7846 5.9038 4.18542 2.32516 1.23638 0.558478 0.475416 0.481803 0.592205 0.643751 0.625029 1.21625 1.69671 1.87799 1.86215
S_f
 0.5 1 1 1 1
 0.5 1 1 1 1
 0.5 1 1 1 1
 0.5 1 1 1 1
 0.5 1 1 1 1
 0.5 1 1 1 1
 0.5 1 1 1 1
 0.5 1 1 1 1
 0.5 1 1 1 1
 0.5 1 1 1 1
 0.5 1 1 1 1
 0.5 1 1 1 1
 0.5 1 1 1 1
 0.5 1 1 1 1
 0.5 1 1 1 1
 0.5 1 1 1 1
 0.5 1 1 1 1
 0.5 1 1 1 1
 0.5 1 1 1 1
 0.5 1 1 1 1
 0.5 1 1 1 1
 0.5 1 1 1 1
 0.5 1 1 1 1
 0.5 1 1 1 1
Scru_reclas
 0.5 1 1 1 1
 0.5 1 1 1 1
 0.5 1 1 1 1
 0.5 1 1 1 1
 0.5 1 1 1 1
 0.5 1 1 1 1
 0.5 1 1 1 1
 0.5 1 1 1 1
 0.5 1 1 1 1
 0.5 1 1 1 1
 0.5 1 1 1 1
 0.5 1 1 1 1
 0.5 1 1 1 1
 0.5 1 1 1 1
 0.5 1 1 1 1
 0.5 1 1 1 1
 0.5 1 1 1 1
 0.5 1 1 1 1
 0.5 1 1 1 1
 0.5 1 1 1 1
 0.5 1 1 1 1
 0.5 1 1 1 1
 0.5 1 1 1 1
 0.5 1 1 1 1
Scru_pelaces
 0.5 1 1 1 1
 0.5 1 1 1 1
 0.5 1 1 1 1
 0.5 1 1 1 1
 0.5 1 1 1 1
 0.5 1 1 1 1
 0.5 1 1 1 1
 0.5 1 1 1 1
 0.5 1 1 1 1
 0.5 1 1 1 1
 0.5 1 1 1 1
 0.5 1 1 1 1
 0.5 1 1 1 1
 0.5 1 1 1 1
 0.5 1 1 1 1
 0.5 1 1 1 1
 0.5 1 1 1 1
 0.5 1 1 1 1
 0.5 1 1 1 1
 0.5 1 1 1 1
 0.5 1 1 1 1
 0.5 1 1 1 1
 0.5 1 1 1 1
 0.5 1 1 1 1
pf_obs 
 0.256992 0.487395 0.22802 0.0275931 0
 0.321318 0.546541 0.124235 0.00734118 0.000564706
 0.182869 0.594174 0.210203 0.0122559 0.00049798
 0.330522 0.361315 0.267642 0.0388342 0.00168674
 0.649043 0.306663 0.0425973 0.00169635 0
 0.582887 0.30429 0.105238 0.00758474 0
 0.465427 0.430635 0.0974691 0.00646863 0
 0.296916 0.608066 0.0921331 0.00288517 0
 0.311714 0.524322 0.152257 0.0117073 0
 0.15457 0.633149 0.183074 0.0267441 0.00246327
 0.131901 0.49318 0.331252 0.0422183 0.00144891
 0.196976 0.569456 0.194076 0.0375587 0.00193317
 0.518974 0.381816 0.0799577 0.0180837 0.00116848
 0.0928022 0.601141 0.25162 0.0475244 0.00691264
 0.122501 0.610282 0.24278 0.0234846 0.000952079
 0.383417 0.481906 0.127806 0.00687128 0
 0.0376549 0.599619 0.316969 0.0457579 0
 0.0361596 0.667082 0.258105 0.0386534 0
 0.158088 0.579412 0.248529 0.0139706 0
 0.0477256 0.309471 0.559284 0.082774 0.000745712
 0.0406174 0.521527 0.379366 0.0568643 0.0016247
 0.151134 0.462217 0.34131 0.0453401 0
 0.294876 0.26143 0.354403 0.0886775 0.000613685
 0.281977 0.475581 0.204845 0.0348837 0.00271318
pf_pred 
 0.0384515 0.620087 0.301188 0.0402719 1.52565e-06
 0.0988209 0.0685016 0.53698 0.260822 0.0348758
 0.0410101 0.179794 0.0592292 0.464295 0.255672
 0.285863 0.0676741 0.121201 0.0399269 0.485335
 0.852482 0.068797 0.00745992 0.0133603 0.0579012
 0.258578 0.683308 0.0271024 0.00293881 0.0280732
 0.709225 0.13489 0.143667 0.00569831 0.00652033
 0.625341 0.318101 0.0262367 0.0279439 0.00237659
 0.687943 0.251529 0.0513913 0.00423871 0.00489846
 0.66827 0.278356 0.0430208 0.00878983 0.0015628
 0.241287 0.617181 0.118761 0.0183548 0.00441695
 0.187632 0.343168 0.381674 0.0734434 0.0140824
 0.51273 0.168807 0.134528 0.149623 0.0343116
 0.427474 0.415051 0.0545548 0.0434764 0.0594434
 0.548489 0.314079 0.0996307 0.0130956 0.0247054
 0.532524 0.363491 0.072334 0.0229454 0.00870573
 0.457727 0.394301 0.115057 0.0228962 0.0100187
 0.463359 0.353335 0.133287 0.0388932 0.0111263
 0.402146 0.392636 0.13512 0.0509706 0.0191282
 0.716464 0.170099 0.0744987 0.0256377 0.0133006
 0.583654 0.353118 0.0379318 0.0166131 0.00868319
 0.424704 0.428188 0.124768 0.0134025 0.00893801
 0.430158 0.346398 0.166307 0.0484595 0.008677
 0.18081 0.506758 0.189923 0.0911826 0.0313268
pobs_RECLAS
 0 0 0 0 0
 0 0 0 0 0
 0 0 0 0 0
 0 0 0 0 0
 0.835266 0.146461 0.0176864 0.000547809 3.91292e-05
 0.385257 0.428462 0.181853 0.0044286 0
 0.867414 0.0963971 0.0333333 0.00285562 0
 0.441836 0.489002 0.0689373 0.000224442 0
 0.779404 0.147425 0.0564933 0.0165055 0.000172143
 0.814271 0.122319 0.05973 0.00367925 0
 0.40263 0.566651 0.0304383 0.000280538 0
 0.475488 0.404961 0.113038 0.00651328 0
 0.955842 0.0263864 0.0167828 0.000988607 0
 0.975058 0.0227948 0.00214734 0 0
 0.738997 0.206755 0.0527124 0.00153531 0
 0.850938 0.134255 0.0134407 0.00136685 0
 0.542534 0.407297 0.0501686 0 0
 0.764087 0.199537 0.0359546 0.000420521 0
 0.470689 0.182191 0.310203 0.0369168 0
 0.84361 0.089868 0.0606195 0.00523954 0.000663233
 0.607945 0.314616 0.071237 0.00620181 0
 0.523733 0.453247 0.0230204 0 0
 0.530135 0.295979 0.169645 0.0042399 0
 0.562478 0.366248 0.0663022 0.0049721 0
ppred_RECLAS
 0.0385699 0.620011 0.301151 0.040267 1.52546e-06
 0.0993687 0.0684599 0.536654 0.260663 0.0348546
 0.0423346 0.179546 0.0591474 0.463654 0.255319
 0.288237 0.0674491 0.120798 0.0397942 0.483722
 0.852718 0.0686866 0.00744794 0.0133388 0.0578082
 0.26556 0.676873 0.0268471 0.00291113 0.0278088
 0.713557 0.13288 0.141526 0.00561343 0.0064232
 0.63394 0.310801 0.0256346 0.0273026 0.00232204
 0.693509 0.247042 0.0504745 0.00416309 0.00481107
 0.670541 0.276451 0.0427263 0.00872965 0.0015521
 0.245078 0.614097 0.118167 0.0182631 0.00439488
 0.190732 0.341859 0.380217 0.0731632 0.0140287
 0.522275 0.165501 0.131893 0.146692 0.0336395
 0.449799 0.398867 0.0524275 0.0417812 0.0571256
 0.566523 0.301535 0.0956514 0.0125725 0.0237186
 0.538453 0.358881 0.0714166 0.0226544 0.00859532
 0.462519 0.390816 0.114041 0.0226939 0.00993015
 0.466846 0.351039 0.132421 0.0386405 0.011054
 0.405766 0.390258 0.134302 0.050662 0.0190123
 0.719217 0.168448 0.0737755 0.0253888 0.0131714
 0.584713 0.352219 0.0378353 0.0165709 0.00866109
 0.426136 0.427122 0.124457 0.0133692 0.00891575
 0.432399 0.345036 0.165653 0.048269 0.00864288
 0.1833 0.505218 0.189346 0.0909055 0.0312316
pobs_PELACES
 0 0 0 0 0
 0 0 0 0 0
 0 0 0 0 0
 0 0 0 0 0
 0 0 0 0 0
 0 0 0 0 0
 0 0 0 0 0
 0 0 0 0 0
 0 0 0 0 0
 0 0 0 0 0
 0.450072 0.473896 0.0757376 0.000293798 0
 0 0 0 0 0
 0.463077 0.371075 0.160297 0.00555027 0
 0.529543 0.364841 0.0842815 0.0213345 0
 0.631943 0.363953 0.00410389 0 0
 0.735681 0.248677 0.0153453 0.000297389 0
 0.695825 0.281241 0.0229344 0 0
 0.275771 0.60734 0.115278 0.00161068 0
 0 0 0 0 0
 0.896147 0.0623911 0.0374545 0.00400742 0
 0.803859 0.145111 0.0509908 3.86294e-05 0
 0.739449 0.233085 0.0266225 0.000797448 4.60066e-05
 0.878498 0.100942 0.0204185 0.000141795 0
 0.694673 0.275183 0.0284847 0.00165964 0
ppred_PELACES
 0.0391868 0.619613 0.300958 0.0402411 1.52448e-06
 0.102038 0.068257 0.535063 0.25989 0.0347513
 0.0470928 0.178654 0.0588536 0.46135 0.25405
 0.298644 0.0664629 0.119031 0.0392123 0.476649
 0.853982 0.0680972 0.00738403 0.0132244 0.0573122
 0.289292 0.655001 0.0259796 0.00281707 0.0269103
 0.72963 0.125424 0.133585 0.00529844 0.00606277
 0.661362 0.287518 0.0237143 0.0252573 0.0021481
 0.713043 0.231297 0.0472577 0.00389777 0.00450446
 0.680501 0.268093 0.0414346 0.00846574 0.00150518
 0.259909 0.602033 0.115846 0.0179043 0.00430854
 0.202976 0.336687 0.374465 0.0720562 0.0138164
 0.552918 0.154885 0.123433 0.137283 0.0314818
 0.50488 0.358936 0.0471789 0.0375984 0.0514067
 0.612902 0.269272 0.0854173 0.0112273 0.0211809
 0.560152 0.342008 0.0680589 0.0215893 0.00819121
 0.481155 0.377266 0.110087 0.021907 0.00958585
 0.481403 0.341454 0.128805 0.0375855 0.0107522
 0.420725 0.380434 0.130921 0.0493867 0.0185337
 0.730578 0.161632 0.0707905 0.0243616 0.0126385
 0.590007 0.34773 0.0373531 0.0163596 0.00855069
 0.433077 0.421956 0.122952 0.0132075 0.00880792
 0.442561 0.338859 0.162687 0.0474048 0.00848815
 0.193545 0.49888 0.18697 0.0897651 0.0308398
pobs_pel_tallas
 0 0 0 0 0 0 0 0 0 0 0 0 0 0 0 0 0 0 0 0 0 0 0 0 0 0 0 0 0 0 0 0 0 0 0 0
 0 0 0 0 0 0 0 0 0 0 0 0 0 0 0 0 0 0 0 0 0 0 0 0 0 0 0 0 0 0 0 0 0 0 0 0
 0 0 0 0 0 0 0 0 0 0 0 0 0 0 0 0 0 0 0 0 0 0 0 0 0 0 0 0 0 0 0 0 0 0 0 0
 0 0 0 0 0 0 0 0 0 0 0 0 0 0 0 0 0 0 0 0 0 0 0 0 0 0 0 0 0 0 0 0 0 0 0 0
 0 0 0 0 0 0 0 0 0 0 0 0 0 0 0 0 0 0 0 0 0 0 0 0 0 0 0 0 0 0 0 0 0 0 0 0
 0 0 0 0 0 0 0 0 0 0 0 0 0 0 0 0 0 0 0 0 0 0 0 0 0 0 0 0 0 0 0 0 0 0 0 0
 0 0 0 0 0 0 0 0 0 0 0 0 0 0 0 0 0 0 0 0 0 0 0 0 0 0 0 0 0 0 0 0 0 0 0 0
 0 0 0 0 0 0 0 0 0 0 0 0 0 0 0 0 0 0 0 0 0 0 0 0 0 0 0 0 0 0 0 0 0 0 0 0
 0 0 0 0 0 0 0 0 0 0 0 0 0 0 0 0 0 0 0 0 0 0 0 0 0 0 0 0 0 0 0 0 0 0 0 0
 0 0 0 0 0 0 0 0 0 0 0 0 0 0 0 0 0 0 0 0 0 0 0 0 0 0 0 0 0 0 0 0 0 0 0 0
 0 0 0 0 0 0 0 0 1.78061e-05 0.00172719 0.00360574 0.0105946 0.0120993 0.0124554 0.0147524 0.0171206 0.0266825 0.0428682 0.0675386 0.121331 0.153587 0.119568 0.100827 0.0573624 0.0630603 0.0341343 0.0324427 0.0444173 0.0211091 0.0280891 0.0125444 0.00206551 0 0 0 0
 0 0 0 0 0 0 0 0 0 0 0 0 0 0 0 0 0 0 0 0 0 0 0 0 0 0 0 0 0 0 0 0 0 0 0 0
 0 0 0 0 0 0 0.0133647 0.0140871 0.0187388 0.0205184 0.03894 0.0496705 0.03968 0.0493445 0.0407372 0.0367815 0.0215668 0.0243155 0.0234873 0.0199281 0.019796 0.0243948 0.0301388 0.0376714 0.0412746 0.0863199 0.0771752 0.113111 0.0741005 0.0525337 0.0229764 0.00759418 0.00175318 0 0 0
 0 0 0 0 0 0 0 0 0 0 0.00219441 0.00772107 0.0458388 0.0604681 0.0671733 0.0775358 0.0609151 0.0617685 0.073594 0.0568108 0.0755445 0.0548602 0.0670107 0.0636378 0.0643287 0.046367 0.0373049 0.0286899 0.0247887 0.0153202 0.00654259 0.00121912 0.000365735 0 0 0
 0 0 0 0 0 0 0 0 0 0 0 0 0.000112435 0.00938835 0.0111873 0.0202946 0.0414886 0.0713402 0.111592 0.104902 0.108894 0.110636 0.117776 0.105296 0.107544 0.0401394 0.0192827 0.0124803 0.00416011 0.0028671 0.000618394 0 0 0 0 0
 0 0 0 0 0 0 0 0 0 0 0.00291406 0.0102884 0.027416 0.0768956 0.0749926 0.110853 0.0956884 0.0897413 0.0766577 0.0534642 0.0500743 0.0551293 0.0594112 0.0620874 0.0668451 0.0424026 0.0208742 0.0120726 0.0048766 0.00582813 0.00118941 0.000297354 0 0 0 0
 0 0.00264628 0.0354308 0.0461629 0.0458689 0.0383711 0.0214643 0.0164657 0.0346957 0.0420465 0.0363128 0.0245516 0.0311673 0.0291091 0.0169068 0.0133784 0.00837989 0.0085269 0.0148486 0.0160247 0.0276389 0.0546898 0.0760071 0.122758 0.109233 0.0665981 0.0333725 0.0166128 0.00676272 0.00308733 0.000882094 0 0 0 0 0
 0 0 0 0 0 0 0 0.000805153 0.000690131 0.00759144 0.0133425 0.0154129 0.00931677 0.000345066 0.00356568 0.00563607 0.00851162 0.0253048 0.0502646 0.0516448 0.0657925 0.0565908 0.0611916 0.0827007 0.0866115 0.110766 0.145733 0.0935128 0.0569358 0.0249597 0.0138026 0.00621118 0.00161031 0.00115022 0 0
 0 0 0 0 0 0 0 0 0 0 0 0 0 0 0 0 0 0 0 0 0 0 0 0 0 0 0 0 0 0 0 0 0 0 0 0
 0.00147267 0.00158595 0.00478618 0.00569244 0.00954404 0.0108468 0.00647125 0.017049 0.0510054 0.094081 0.124002 0.0959785 0.0687766 0.0820023 0.061753 0.0591476 0.0492212 0.0479892 0.0443925 0.0268479 0.0217502 0.0140895 0.0121071 0.0120363 0.00920419 0.00665534 0.0049561 0.00860946 0.00930331 0.0156896 0.0114698 0.00855282 0.00243557 0.00046729 0 2.83206e-05
 0 0 0 0 0.000772559 0.00158375 0.000888443 0.00281984 0.00712685 0.0440552 0.0773331 0.111326 0.0921469 0.0852325 0.0710754 0.0886704 0.0786465 0.0553345 0.0373146 0.0185414 0.00753245 0.00457741 0.012979 0.0271748 0.0457355 0.0583668 0.034881 0.0177882 0.00938659 0.00492506 0.0015258 0.00185414 0.000309023 5.79419e-05 3.86279e-05 0
 0 0.00173294 0.00326652 0 0.00397197 0.00683976 0.00946217 0.0152591 0.00757587 0.0136028 0.0228656 0.0392903 0.0559909 0.0764795 0.0681675 0.0726916 0.0566044 0.0477403 0.0527397 0.0444891 0.0609904 0.0582453 0.0661739 0.0445044 0.0529084 0.0360697 0.0280645 0.0235558 0.0158879 0.00826598 0.00280645 0.00217768 0.000904811 0.00058276 9.20147e-05 0
 0 0 0 0 0 0 0 0 0 0 0 0 0 0 0 0 0 0 0 0 0 0 0 0 0 0 0 0 0 0 0 0 0 0 0 0
 0 0 0 0 0 0 0 0 0 0 0 0 0 0 0 0 0 0 0 0 0 0 0 0 0 0 0 0 0 0 0 0 0 0 0 0
ppred_pel_tallas
 1.05857e-16 1.7472e-06 1.01603e-05 4.81004e-05 0.00018486 0.000576168 0.00145604 0.0029843 0.00496606 0.00672756 0.00747465 0.00695901 0.00578028 0.00498747 0.00544312 0.007562 0.0114592 0.0171456 0.0245501 0.0334189 0.0432236 0.0531586 0.0622432 0.0695021 0.0741707 0.0758548 0.0745968 0.0708247 0.0652127 0.0585049 0.0513629 0.0442779 0.037555 0.0313493 0.0257244 0.0207032
 1.18172e-16 4.46572e-06 2.61704e-05 0.000124326 0.000478534 0.00149212 0.00376899 0.00771273 0.0127884 0.017186 0.0187322 0.016596 0.0120409 0.0073587 0.00421051 0.00299234 0.0033381 0.00482182 0.00725588 0.0106487 0.0150743 0.0205761 0.0271141 0.0345364 0.0425671 0.0508089 0.0587635 0.0658712 0.0715687 0.0753601 0.0768882 0.0759929 0.0727432 0.0674296 0.0605236 0.0526052
 1.28617e-16 2.07236e-06 1.21141e-05 5.74884e-05 0.000221174 0.000689542 0.00174187 0.00356572 0.00591698 0.00796589 0.00872013 0.00781485 0.00586363 0.00396973 0.00296181 0.00309849 0.00429166 0.00641529 0.00942398 0.013316 0.0180651 0.0235844 0.0297261 0.0363044 0.0431217 0.0499846 0.0566997 0.0630528 0.0687843 0.0735778 0.077077 0.0789328 0.078871 0.0767569 0.0726417 0.0667713
 1.25331e-16 1.30368e-05 7.6495e-05 0.000363584 0.00139976 0.00436494 0.0110254 0.0225597 0.0373963 0.0502255 0.0546642 0.0482388 0.0345779 0.0202777 0.0100337 0.00477292 0.00312371 0.00348137 0.00491035 0.00706896 0.00989299 0.0133902 0.017558 0.0223593 0.0277143 0.0334934 0.0395097 0.0455122 0.0511876 0.0561764 0.0601054 0.0626353 0.0635129 0.0626155 0.0599761 0.0557863
 1.0326e-16 3.72529e-05 0.000218663 0.00103946 0.00400205 0.0124801 0.0315235 0.0645003 0.106913 0.143569 0.1562 0.137705 0.0984116 0.057106 0.0271022 0.0108955 0.00436255 0.0026746 0.00289092 0.00376601 0.00487254 0.0060434 0.00716725 0.00814889 0.00891792 0.00944163 0.00972862 0.00981979 0.00977058 0.00963113 0.0094316 0.00917715 0.00885293 0.00843547 0.00790557 0.00725829
 1.01937e-16 1.26537e-05 7.41893e-05 0.000352499 0.00135686 0.00423102 0.0106879 0.0218735 0.0362752 0.0487696 0.0532107 0.0472677 0.03456 0.02163 0.0132245 0.0104653 0.0122235 0.0170439 0.0239264 0.0321719 0.0410429 0.0496126 0.0568292 0.0617064 0.0635495 0.0621247 0.0577182 0.0510537 0.0431078 0.0348809 0.027199 0.020598 0.0153033 0.0112862 0.00835918 0.00627104
 1.02403e-16 3.18333e-05 0.000186839 0.000888153 0.00341945 0.0106632 0.0269344 0.0551112 0.0913519 0.12268 0.133493 0.117732 0.0842366 0.0490818 0.0236748 0.0101875 0.0051398 0.00444366 0.00560743 0.00755923 0.00988899 0.0123703 0.0147936 0.0169489 0.0186541 0.0197854 0.0202933 0.0201987 0.0195741 0.0185179 0.0171323 0.0155112 0.0137379 0.0118883 0.010035 0.00824752
 1.01399e-16 2.88628e-05 0.000169385 0.000805144 0.00309979 0.00966636 0.0244166 0.0499607 0.0828193 0.111236 0.121078 0.106875 0.0766681 0.0450736 0.02249 0.0109522 0.0073659 0.00805765 0.010747 0.0143641 0.018354 0.0222591 0.0256103 0.0279724 0.0290343 0.0286823 0.0270253 0.0243604 0.0210942 0.0176448 0.014359 0.0114629 0.00905545 0.00713253 0.00562764 0.00445111
 1.01091e-16 3.11141e-05 0.000182607 0.000868015 0.00334188 0.0104213 0.0263235 0.0538619 0.089284 0.119912 0.130504 0.115151 0.0825102 0.0483176 0.0237555 0.0109849 0.00663811 0.00673414 0.0088172 0.0117702 0.0150698 0.0183306 0.0211699 0.0232313 0.0242545 0.0241336 0.0229392 0.0208936 0.0183098 0.015516 0.0127904 0.0103229 0.00820741 0.00645999 0.00504728 0.00391512
 1.01037e-16 2.96966e-05 0.000174282 0.000828428 0.00318945 0.00994595 0.0251228 0.0514055 0.0852136 0.114449 0.12457 0.109942 0.0788352 0.0462817 0.0229707 0.0109847 0.0071292 0.00761773 0.0101053 0.0135041 0.0172695 0.0209679 0.024158 0.0264292 0.0274844 0.0272085 0.0256934 0.0232079 0.0201255 0.0168356 0.0136658 0.0108367 0.00845376 0.00652773 0.00501001 0.003827
 1.02658e-16 1.13705e-05 6.66604e-05 0.000316715 0.0012191 0.00380143 0.00960272 0.0196528 0.0325931 0.0438215 0.0478178 0.0424912 0.0310983 0.0195248 0.0120471 0.00968826 0.0114529 0.0160548 0.0226157 0.0305236 0.0391229 0.0475763 0.0549181 0.0602261 0.0628249 0.0624423 0.059267 0.0538823 0.0471078 0.0398023 0.0326924 0.0262729 0.0207878 0.0162758 0.0126464 0.0097546
 1.08547e-16 8.87782e-06 5.2049e-05 0.000247301 0.000951929 0.00296832 0.00749804 0.0153446 0.0254454 0.0342029 0.0372999 0.0330925 0.0241071 0.014917 0.00883434 0.00663365 0.00752861 0.010539 0.0150557 0.0207425 0.027293 0.0342976 0.0412385 0.0475603 0.0527677 0.0565081 0.0586151 0.0590989 0.0581 0.0558263 0.0525025 0.0483438 0.0435558 0.0383457 0.0329326 0.0275444
 1.07991e-16 2.41288e-05 0.000141604 0.000673099 0.00259143 0.00808108 0.0204122 0.0417664 0.0692338 0.0929834 0.101196 0.0892891 0.0639756 0.0374585 0.0184119 0.00851916 0.00518467 0.00534998 0.00715557 0.00979786 0.0129486 0.0163917 0.0199033 0.0232498 0.0262221 0.0286672 0.0305024 0.0317061 0.0322943 0.0322939 0.0317254 0.0306018 0.0289409 0.0267828 0.024204 0.0213203
 1.04481e-16 2.20423e-05 0.000129336 0.000614733 0.00236664 0.00738003 0.0186416 0.0381452 0.0632373 0.0849482 0.0924994 0.081731 0.058811 0.0349385 0.0181079 0.00993946 0.00813864 0.0099526 0.0136545 0.0183839 0.0236056 0.0287966 0.0333892 0.0368468 0.0387782 0.0390266 0.0377006 0.0351316 0.0317784 0.0281103 0.024509 0.021215 0.0183242 0.0158226 0.0136376 0.0116855
 1.02676e-16 2.67491e-05 0.000156977 0.000746159 0.00287269 0.00895815 0.0226277 0.0463004 0.076752 0.103088 0.112212 0.0990546 0.0710717 0.0418115 0.0209162 0.0102797 0.00704495 0.00782092 0.0105092 0.0141333 0.018192 0.0222689 0.0259281 0.0287541 0.0304332 0.0308216 0.0299714 0.0281035 0.0255418 0.0226304 0.019663 0.0168426 0.0142761 0.0119943 0.00998317 0.00821334
 1.02203e-16 2.44519e-05 0.000143484 0.000681995 0.00262562 0.00818765 0.0206816 0.042319 0.0701549 0.0942356 0.102599 0.0906218 0.0651373 0.0385539 0.0197188 0.0104037 0.00803631 0.00954235 0.0130006 0.0174733 0.0224093 0.0272938 0.0315736 0.0347257 0.0363655 0.0363346 0.0347329 0.0318807 0.0282302 0.0242539 0.0203505 0.0167887 0.0136996 0.0111026 0.00894987 0.00716747
 1.02887e-16 2.10088e-05 0.000123266 0.00058587 0.0022555 0.00703344 0.0177662 0.0363542 0.0602693 0.0809649 0.0881715 0.0779296 0.056125 0.0334424 0.0175162 0.00990992 0.00845687 0.01055 0.0145501 0.019628 0.0252438 0.0308492 0.0358375 0.0396264 0.0417787 0.0420987 0.0406692 0.0378133 0.0340006 0.0297296 0.0254269 0.0213886 0.0177713 0.0146189 0.0119076 0.00958628
 1.03734e-16 2.10182e-05 0.000123324 0.000586155 0.00225661 0.00703691 0.0177749 0.0363718 0.0602975 0.0809999 0.0882018 0.0779381 0.0560914 0.033343 0.0173198 0.00957355 0.00792541 0.0097625 0.0134522 0.0181888 0.0234741 0.0288159 0.033669 0.0375039 0.0399137 0.0407002 0.039908 0.0377926 0.0347398 0.0311649 0.0274264 0.0237782 0.0203626 0.0172349 0.0144011 0.0118498
 1.04546e-16 1.83739e-05 0.000107796 0.000512326 0.00197233 0.0061504 0.0155357 0.0317905 0.0527052 0.0708085 0.0771246 0.0681981 0.0491868 0.0294498 0.0156855 0.00928872 0.00839446 0.0107483 0.01493 0.0202078 0.0260781 0.0320057 0.0373877 0.0416383 0.0443094 0.045186 0.0443236 0.042011 0.0386794 0.0347894 0.0307344 0.0267876 0.0230959 0.0197096 0.0166251 0.0138237
 1.02486e-16 3.18759e-05 0.000187086 0.000889322 0.00342394 0.0106772 0.0269698 0.0551838 0.0914732 0.122846 0.13368 0.117914 0.0844032 0.0492518 0.0238918 0.0105083 0.00562495 0.0051494 0.00657596 0.00880461 0.0113818 0.0140265 0.0164741 0.0184729 0.019827 0.0204348 0.0203055 0.0195443 0.0183162 0.0168002 0.0151507 0.0134774 0.0118435 0.0102774 0.00879067 0.00739131
 1.01606e-16 2.57538e-05 0.000151127 0.000718331 0.00276552 0.00862393 0.0217836 0.0445738 0.0738923 0.0992544 0.108059 0.0954349 0.0685757 0.0405461 0.0206576 0.010767 0.00815406 0.00957004 0.0129827 0.0174004 0.0222454 0.0269858 0.0310569 0.0339311 0.0352297 0.0348121 0.032807 0.0295717 0.025597 0.0213901 0.0173728 0.0138234 0.0108666 0.00850257 0.00665487 0.00521721
 1.02749e-16 1.89142e-05 0.000110965 0.00052738 0.00203028 0.00633109 0.0159922 0.0327248 0.0542549 0.0728928 0.079401 0.0702255 0.0506805 0.0304067 0.0163079 0.00982911 0.00905751 0.0116731 0.0162038 0.0218704 0.0281133 0.034327 0.0398327 0.0439776 0.0462731 0.0465024 0.044763 0.0414237 0.0370192 0.0321178 0.0272069 0.0226268 0.0185584 0.0150534 0.0120826 0.00958336
 1.04446e-16 1.93244e-05 0.000113381 0.000538882 0.00207459 0.00646931 0.0163412 0.0334383 0.0554353 0.074471 0.0810999 0.0716801 0.051626 0.0307661 0.0161248 0.00914459 0.00784047 0.00982695 0.0136146 0.0184643 0.0239072 0.0294656 0.0346015 0.038785 0.0415986 0.0428228 0.0424709 0.0407605 0.0380385 0.0346864 0.0310401 0.0273448 0.0237506 0.0203343 0.0171329 0.014171
 1.07342e-16 8.47262e-06 4.96565e-05 0.000235897 0.00090797 0.0028312 0.00715188 0.0146374 0.0242775 0.0326473 0.035641 0.0317098 0.0232924 0.0147928 0.00942498 0.00798889 0.00978761 0.0139083 0.0197346 0.0268318 0.0347088 0.0427105 0.0500596 0.0559903 0.0599095 0.0615211 0.0608746 0.0583183 0.0543826 0.0496357 0.0445625 0.0394991 0.0346287 0.0300207 0.0256874 0.021631
pSPR Fmed_Fpbrs
0.519946   0.255389 0.255389
Fs Fmed_Fpbrs
0.37478   1.005 1.005
SSBpbr Bo_Bmed_Bpbrs
1.04764e+06  492335  215174 215174
Ro
22925.4
SPR SPRFo_SPRFmed_SPRFpbrs
471658 245236 120456
log_Ro
9.86
likeval ReclasPelacesDesembMPH_pf_preclas_ppelaces_ptallas_desvR_qrecl_qpela
 100.002 115.083 0.101661 0.000575832 361.739 182.004 89.8392 0 36.5199 0 0 0 0 0 0
q_reclas_q_pelaces
1 1
M
0.7
N
 7459.38 61473.2 29858.7 3992.42 0.151248
 9781.77 3523.47 27620.3 13415.7 1793.88
 1769.3 4442.42 1463.46 11472 6317.24
 4964.01 626.702 1122.39 369.747 4494.49
 51770.3 2117.2 229.576 411.158 1781.89
 16350.5 24933.5 988.95 107.235 1024.38
 53949.9 5670.89 6039.88 239.562 274.121
 71476 21021.7 1733.85 1846.66 157.056
 120129 24657.4 5037.9 415.522 480.197
 203404 44918.2 6942.25 1418.41 252.188
 62363 88013.5 16936 2617.5 629.882
 24216.8 24405.3 27143.7 5223.11 1001.51
 49791.3 9509.62 7578.52 8428.86 1932.92
 27457.6 17016.4 2236.66 1782.46 2437.09
 19609.8 6979.18 2213.9 290.998 548.98
 14306.2 5444.81 1083.51 343.705 130.405
 11511.3 5446.88 1589.41 316.289 138.398
 11094.8 4557.14 1719.06 501.626 143.502
 8742.27 4616.05 1588.55 599.24 224.882
 28206.8 3600.97 1577.13 542.747 281.571
 37857.7 11786 1266.05 554.495 289.818
 33635.2 17595.7 5127.13 550.755 367.292
 36090.2 15328.9 7359.45 2144.44 383.977
 10367.1 15813.9 5926.74 2845.45 977.585
pred_Ctot
 262.519 4233.52 2056.3 274.948 0.0104161
 604.215 418.835 3283.23 1594.73 213.239
 371.964 1630.74 537.213 4211.18 2318.96
 508.206 120.31 215.469 70.9817 862.825
 1124.16 90.7222 9.83735 17.6181 76.3539
 3619.82 9565.62 379.405 41.1403 392.997
 8472.27 1611.37 1716.21 68.071 77.8907
 16025 8151.68 672.344 716.091 60.9025
 21692.4 7931.29 1620.49 133.656 154.46
 18967.9 7900.76 1221.09 249.487 44.3578
 9636.3 24648.4 4742.97 733.04 176.4
 3693.4 6755.02 7512.96 1445.68 277.202
 11406.5 3755.38 2992.78 3328.58 763.314
 10012.8 9721.79 1277.84 1018.35 1392.35
 6426.75 3680.12 1167.39 153.443 289.477
 2437.21 1663.59 331.052 105.015 39.8436
 1700.81 1465.13 427.526 85.0768 37.227
 1307.2 996.803 376.019 109.723 31.3888
 1083.75 1058.12 364.137 137.362 51.5488
 3248.83 771.318 337.817 116.255 60.3118
 1750.22 1058.91 113.747 49.8183 26.0385
 1999.51 2015.92 587.411 63.0995 42.0804
 3074.94 2476.19 1188.82 346.407 62.0265
 1386.28 3885.33 1456.15 699.1 240.184
F
 0.0500256 0.100051 0.100051 0.100051 0.100051
 0.0893216 0.178643 0.178643 0.178643 0.178643
 0.33787 0.67574 0.67574 0.67574 0.67574
 0.152118 0.304236 0.304236 0.304236 0.304236
 0.0306041 0.0612083 0.0612083 0.0612083 0.0612083
 0.358915 0.717829 0.717829 0.717829 0.717829
 0.242501 0.485002 0.485002 0.485002 0.485002
 0.364282 0.728564 0.728564 0.728564 0.728564
 0.283726 0.567453 0.567453 0.567453 0.567453
 0.137702 0.275404 0.275404 0.275404 0.275404
 0.238173 0.476346 0.476346 0.476346 0.476346
 0.234741 0.469482 0.469482 0.469482 0.469482
 0.37366 0.747321 0.747321 0.747321 0.747321
 0.669711 1.33942 1.33942 1.33942 1.33942
 0.581365 1.16273 1.16273 1.16273 1.16273
 0.265651 0.531303 0.531303 0.531303 0.531303
 0.226631 0.453262 0.453262 0.453262 0.453262
 0.176937 0.353874 0.353874 0.353874 0.353874
 0.186966 0.373932 0.373932 0.373932 0.373932
 0.172653 0.345305 0.345305 0.345305 0.345305
 0.0661823 0.132365 0.132365 0.132365 0.132365
 0.085833 0.171666 0.171666 0.171666 0.171666
 0.125133 0.250265 0.250265 0.250265 0.250265
 0.203064 0.406128 0.406128 0.406128 0.406128
nmprior
 10 10 8 0
nm_flota  nm_reclas  nm_pelaces    nm_pelaL
inf 11.5172 9.20215 14.3439
cv_recla  cv_pelaces  cv_mph
0.925829 1.26232 0.778549
 ------------------------------------------------
Talla a la edad & desviación 
 7.2 14.2025 17.0495 18.207 18.6776
 1.08 2.13037 2.55742 2.73105 2.80164
