years
 1997 1998 1999 2000 2001 2002 2003 2004 2005 2006 2007 2008 2009 2010 2011 2012 2013 2014 2015 2016 2017 2018 2019 2020
reclasobs
 0 0 0 370054 412103 1.49427e+06 250295 1.28982e+06 931140 785840 897777 1.04006e+06 184774 17550 25797 100020 73551 82996 120727 218422 84188 347160 605670 569463
reclaspred
 1.83139e+06 281524 533259 217672 288132 366940 720261 595285 883572 1.15983e+06 1.17528e+06 796934 451248 203849 131517 123938 138786 182930 183872 245303 419820 418796 636455 568642
pelacesobs
 0 0 0 0 0 0 0 0 0 2.06254e+06 1.5e+06 0 1.87456e+06 323000 250000 174000 83755 137374 0 501740 490994 745055 786931 1.00524e+06
pelacespred
 884981 328980 167091 152348 169222 158551 370923 357959 498153 679232 606038 426119 240592 87019.6 55197.8 59303.5 69461.1 92171 97476.8 125127 236034 246812 284992 304418
mphobs
 0 0 0 0 0 112323 0 153150 637223 0 255016 313432 73983 77613 109348 50772 0 0 0 0 0 0 0 0
mphpred
 1.30689e+06 607343 375724 255025 194766 345732 429061 591737 645236 929798 1.17199e+06 848441 502599 266477 122957 105270 111529 143729 166042 175937 297169 396923 461028 530299
desembarqueobs
 350755 77701 442110 56441 14545 235359 269955 359681 431902 328805 639364 411747 362871 311530 167758 66681 60226 58785 57116 71774 51957 67425 138520 160799
desembarquepred
 350735 77684.1 441816 56431.7 14544.4 235296 269902 359420 431667 328648 638916 411575 362588 311321 167575 66663.6 60223.8 58768 57093.1 71742.5 51948.8 67402.5 138475 160757
Reclutas
 26515.5 32077.7 10790.4 15392.6 47495.9 27013.2 63474.1 77040.8 131607 162495 70852.4 34899.6 47393.6 27787.1 19610.3 15368 12658 12813.9 12415.9 27984.7 39431.3 39124.9 50766.8 30585.7
log_desv_Rt
 -0.214515 -0.0240834 -1.11359 -0.758357 0.368398 -0.195919 0.658388 0.85209 1.38757 1.5984 0.768355 0.0602301 0.366242 -0.167671 -0.516188 -0.759956 -0.953951 -0.941712 -0.973267 -0.160585 0.182316 0.174514 0.434998 -0.0717112
SSB
 1.30689e+06 607343 375724 255025 194766 345732 429061 591737 645236 929798 1.17199e+06 848441 502599 266477 122957 105270 111529 143729 166042 175937 297169 396923 461028 530299
BT
 2.22854e+06 758921 612365 375669 438449 495697 1.25611e+06 1.251e+06 1.75672e+06 1.97422e+06 1.84582e+06 1.23741e+06 894757 484817 281117 188869 212190 256652 251852 361162 619753 557129 687522 746860
Ftot
 0.185511 0.265929 0.76185 0.250175 0.0493509 0.600599 0.35991 0.571119 0.466449 0.273569 0.513615 0.488484 0.744598 1.32318 1.14115 0.509621 0.414471 0.308997 0.29863 0.282143 0.120496 0.156285 0.210509 0.272256
BD_Bspro_t
 0.971799 0.813084 0.642043 0.376937 0.453494 0.654176 0.542834 0.579906 0.559838 0.591877 0.614059 0.460672 0.343947 0.247332 0.147009 0.151616 0.210143 0.325058 0.414346 0.490868 0.640866 0.753354 0.75097 0.715626
BD_Bspro
 1.93315 0.898382 0.555772 0.377233 0.288098 0.511408 0.634668 0.875298 0.954434 1.37536 1.73361 1.25501 0.743444 0.394173 0.181878 0.155715 0.164973 0.212605 0.24561 0.260246 0.439572 0.587128 0.681952 0.784418
BD_Bo
 1.39423 0.647931 0.400833 0.272067 0.207782 0.368837 0.457734 0.631282 0.688356 0.991935 1.25031 0.90514 0.536186 0.284285 0.131174 0.112305 0.118982 0.153334 0.177138 0.187694 0.317028 0.423448 0.491837 0.565737
BD_Brms
 6.78822 3.15465 1.95158 1.32464 1.01165 1.7958 2.22862 3.07359 3.35147 4.82954 6.08752 4.40695 2.61059 1.38413 0.63866 0.546789 0.5793 0.746556 0.862453 0.913846 1.54355 2.06169 2.39466 2.75446
S_f
 0.5 1 1 1 1
 0.5 1 1 1 1
 0.5 1 1 1 1
 0.5 1 1 1 1
 0.5 1 1 1 1
 0.5 1 1 1 1
 0.5 1 1 1 1
 0.5 1 1 1 1
 0.5 1 1 1 1
 0.5 1 1 1 1
 0.5 1 1 1 1
 0.5 1 1 1 1
 0.5 1 1 1 1
 0.5 1 1 1 1
 0.5 1 1 1 1
 0.5 1 1 1 1
 0.5 1 1 1 1
 0.5 1 1 1 1
 0.5 1 1 1 1
 0.5 1 1 1 1
 0.5 1 1 1 1
 0.5 1 1 1 1
 0.5 1 1 1 1
 0.5 1 1 1 1
Scru_reclas
 0.5 1 1 1 1
 0.5 1 1 1 1
 0.5 1 1 1 1
 0.5 1 1 1 1
 0.5 1 1 1 1
 0.5 1 1 1 1
 0.5 1 1 1 1
 0.5 1 1 1 1
 0.5 1 1 1 1
 0.5 1 1 1 1
 0.5 1 1 1 1
 0.5 1 1 1 1
 0.5 1 1 1 1
 0.5 1 1 1 1
 0.5 1 1 1 1
 0.5 1 1 1 1
 0.5 1 1 1 1
 0.5 1 1 1 1
 0.5 1 1 1 1
 0.5 1 1 1 1
 0.5 1 1 1 1
 0.5 1 1 1 1
 0.5 1 1 1 1
 0.5 1 1 1 1
Scru_pelaces
 0.5 1 1 1 1
 0.5 1 1 1 1
 0.5 1 1 1 1
 0.5 1 1 1 1
 0.5 1 1 1 1
 0.5 1 1 1 1
 0.5 1 1 1 1
 0.5 1 1 1 1
 0.5 1 1 1 1
 0.5 1 1 1 1
 0.5 1 1 1 1
 0.5 1 1 1 1
 0.5 1 1 1 1
 0.5 1 1 1 1
 0.5 1 1 1 1
 0.5 1 1 1 1
 0.5 1 1 1 1
 0.5 1 1 1 1
 0.5 1 1 1 1
 0.5 1 1 1 1
 0.5 1 1 1 1
 0.5 1 1 1 1
 0.5 1 1 1 1
 0.5 1 1 1 1
pf_obs 
 0.256992 0.487395 0.22802 0.0275931 0
 0.321318 0.546541 0.124235 0.00734118 0.000564706
 0.182869 0.594174 0.210203 0.0122559 0.00049798
 0.330522 0.361315 0.267642 0.0388342 0.00168674
 0.649043 0.306663 0.0425973 0.00169635 0
 0.582887 0.30429 0.105238 0.00758474 0
 0.465427 0.430635 0.0974691 0.00646863 0
 0.296916 0.608066 0.0921331 0.00288517 0
 0.311714 0.524322 0.152257 0.0117073 0
 0.15457 0.633149 0.183074 0.0267441 0.00246327
 0.131901 0.49318 0.331252 0.0422183 0.00144891
 0.196976 0.569456 0.194076 0.0375587 0.00193317
 0.518974 0.381816 0.0799577 0.0180837 0.00116848
 0.0928022 0.601141 0.25162 0.0475244 0.00691264
 0.122501 0.610282 0.24278 0.0234846 0.000952079
 0.383417 0.481906 0.127806 0.00687128 0
 0.0376549 0.599619 0.316969 0.0457579 0
 0.0361596 0.667082 0.258105 0.0386534 0
 0.158088 0.579412 0.248529 0.0139706 0
 0.0477256 0.309471 0.559284 0.082774 0.000745712
 0.0406174 0.521527 0.379366 0.0568643 0.0016247
 0.151134 0.462217 0.34131 0.0453401 0
 0.294876 0.26143 0.354403 0.0886775 0.000613685
 0.281977 0.475581 0.204845 0.0348837 0.00271318
pf_pred 
 0.217671 0.528846 0.224618 0.0288613 3.40868e-06
 0.343378 0.242777 0.279756 0.118821 0.0152692
 0.192646 0.428107 0.140221 0.161579 0.0774468
 0.454155 0.204797 0.180844 0.0592332 0.100971
 0.695348 0.195367 0.0410026 0.036207 0.0320747
 0.352878 0.53215 0.0737298 0.015474 0.0257689
 0.660996 0.191834 0.121022 0.0167677 0.00937952
 0.571787 0.347848 0.0454769 0.0286899 0.00619856
 0.656947 0.260638 0.0669478 0.00875262 0.00671474
 0.575406 0.345832 0.0598407 0.0153708 0.0035512
 0.29437 0.526168 0.146171 0.0252926 0.00799768
 0.258867 0.365022 0.280455 0.0779115 0.0177442
 0.474683 0.234492 0.143237 0.110052 0.0375358
 0.430664 0.394766 0.0779246 0.0475992 0.0490453
 0.543241 0.318433 0.0959125 0.0189326 0.0234808
 0.545002 0.351519 0.0721407 0.0217289 0.0096087
 0.461862 0.395893 0.109895 0.0225533 0.00979705
 0.468911 0.350255 0.133035 0.0369289 0.0108709
 0.444158 0.366157 0.125097 0.0475147 0.0170722
 0.639937 0.228733 0.0865131 0.0295571 0.0152602
 0.571109 0.340549 0.0561199 0.0212261 0.010996
 0.44608 0.406422 0.117117 0.0192999 0.0110814
 0.481123 0.325529 0.141863 0.04088 0.0106047
 0.321408 0.450054 0.143378 0.0624832 0.0226763
pobs_RECLAS
 0 0 0 0 0
 0 0 0 0 0
 0 0 0 0 0
 0 0 0 0 0
 0.835266 0.146461 0.0176864 0.000547809 3.91292e-05
 0.385257 0.428462 0.181853 0.0044286 0
 0.867414 0.0963971 0.0333333 0.00285562 0
 0.441836 0.489002 0.0689373 0.000224442 0
 0.779404 0.147425 0.0564933 0.0165055 0.000172143
 0.814271 0.122319 0.05973 0.00367925 0
 0.40263 0.566651 0.0304383 0.000280538 0
 0.475488 0.404961 0.113038 0.00651328 0
 0.955842 0.0263864 0.0167828 0.000988607 0
 0.975058 0.0227948 0.00214734 0 0
 0.738997 0.206755 0.0527124 0.00153531 0
 0.850938 0.134255 0.0134407 0.00136685 0
 0.542534 0.407297 0.0501686 0 0
 0.764087 0.199537 0.0359546 0.000420521 0
 0.470689 0.182191 0.310203 0.0369168 0
 0.84361 0.089868 0.0606195 0.00523954 0.000663233
 0.607945 0.314616 0.071237 0.00620181 0
 0.523733 0.453247 0.0230204 0 0
 0.530135 0.295979 0.169645 0.0042399 0
 0.562478 0.366248 0.0663022 0.0049721 0
ppred_RECLAS
 0.218765 0.528107 0.224304 0.0288209 3.40391e-06
 0.345598 0.241956 0.27881 0.118419 0.0152176
 0.198831 0.424827 0.139147 0.160341 0.0768535
 0.45642 0.203947 0.180094 0.0589874 0.100552
 0.695666 0.195163 0.0409598 0.0361692 0.0320412
 0.359335 0.526839 0.072994 0.0153196 0.0255117
 0.664198 0.190023 0.119879 0.0166094 0.00929094
 0.578211 0.342629 0.0447946 0.0282595 0.00610556
 0.661448 0.257218 0.0660695 0.00863778 0.00662665
 0.577891 0.343808 0.0594904 0.0152808 0.00353042
 0.299123 0.522624 0.145187 0.0251223 0.00794381
 0.262974 0.362999 0.278901 0.0774797 0.0176459
 0.484174 0.230255 0.140649 0.108064 0.0368577
 0.452607 0.379552 0.0749213 0.0457647 0.0471551
 0.560815 0.306181 0.0922223 0.0182041 0.0225774
 0.550585 0.347206 0.0712555 0.0214623 0.0094908
 0.46613 0.392752 0.109024 0.0223744 0.00971934
 0.471857 0.348312 0.132297 0.0367241 0.0108106
 0.446959 0.364313 0.124467 0.0472754 0.0169862
 0.642369 0.227188 0.0859288 0.0293574 0.0151571
 0.572071 0.339785 0.055994 0.0211785 0.0109713
 0.447381 0.405467 0.116842 0.0192546 0.0110553
 0.482979 0.324364 0.141356 0.0407338 0.0105668
 0.323619 0.448588 0.142911 0.0622797 0.0226024
pobs_PELACES
 0 0 0 0 0
 0 0 0 0 0
 0 0 0 0 0
 0 0 0 0 0
 0 0 0 0 0
 0 0 0 0 0
 0 0 0 0 0
 0 0 0 0 0
 0 0 0 0 0
 0 0 0 0 0
 0.450072 0.473896 0.0757376 0.000293798 0
 0 0 0 0 0
 0.463077 0.371075 0.160297 0.00555027 0
 0.529543 0.364841 0.0842815 0.0213345 0
 0.631943 0.363953 0.00410389 0 0
 0.735681 0.248677 0.0153453 0.000297389 0
 0.695825 0.281241 0.0229344 0 0
 0.275771 0.60734 0.115278 0.00161068 0
 0 0 0 0 0
 0.896147 0.0623911 0.0374545 0.00400742 0
 0.803859 0.145111 0.0509908 3.86294e-05 0
 0.739449 0.233085 0.0266225 0.000797448 4.60066e-05
 0.878498 0.100942 0.0204185 0.000141795 0
 0.694673 0.275183 0.0284847 0.00165964 0
ppred_PELACES
 0.224042 0.52454 0.222789 0.0286263 3.38092e-06
 0.355588 0.238262 0.274553 0.116611 0.0149853
 0.219615 0.413806 0.135537 0.156182 0.0748598
 0.466678 0.200098 0.176695 0.0578742 0.0986545
 0.697388 0.19406 0.0407282 0.0359647 0.03186
 0.382453 0.507829 0.0703601 0.0147668 0.0245912
 0.677311 0.182602 0.115198 0.0159608 0.00892812
 0.601009 0.32411 0.0423735 0.0267321 0.00577556
 0.678463 0.244291 0.0627489 0.00820366 0.0062936
 0.588861 0.334872 0.0579443 0.0148837 0.00343867
 0.317186 0.509155 0.141445 0.0244748 0.00773908
 0.278891 0.355159 0.272878 0.0758064 0.0172648
 0.514879 0.216549 0.132276 0.101631 0.0346637
 0.507045 0.341805 0.0674704 0.0412134 0.0424655
 0.606532 0.274309 0.0826223 0.0163092 0.0202271
 0.571292 0.331209 0.0679725 0.0204734 0.00905352
 0.483182 0.380208 0.105541 0.0216598 0.00940891
 0.484578 0.339922 0.12911 0.0358395 0.0105502
 0.459168 0.35627 0.121719 0.0462317 0.0166112
 0.652991 0.22044 0.0833765 0.0284855 0.0147069
 0.576931 0.335926 0.0553581 0.020938 0.0108467
 0.453765 0.400783 0.115492 0.0190322 0.0109276
 0.491657 0.31892 0.138983 0.0400501 0.0103894
 0.333529 0.442015 0.140817 0.0613672 0.0222713
pobs_pel_tallas
 0 0 0 0 0 0 0 0 0 0 0 0 0 0 0 0 0 0 0 0 0 0 0 0 0 0 0 0 0 0 0 0 0 0 0 0
 0 0 0 0 0 0 0 0 0 0 0 0 0 0 0 0 0 0 0 0 0 0 0 0 0 0 0 0 0 0 0 0 0 0 0 0
 0 0 0 0 0 0 0 0 0 0 0 0 0 0 0 0 0 0 0 0 0 0 0 0 0 0 0 0 0 0 0 0 0 0 0 0
 0 0 0 0 0 0 0 0 0 0 0 0 0 0 0 0 0 0 0 0 0 0 0 0 0 0 0 0 0 0 0 0 0 0 0 0
 0 0 0 0 0 0 0 0 0 0 0 0 0 0 0 0 0 0 0 0 0 0 0 0 0 0 0 0 0 0 0 0 0 0 0 0
 0 0 0 0 0 0 0 0 0 0 0 0 0 0 0 0 0 0 0 0 0 0 0 0 0 0 0 0 0 0 0 0 0 0 0 0
 0 0 0 0 0 0 0 0 0 0 0 0 0 0 0 0 0 0 0 0 0 0 0 0 0 0 0 0 0 0 0 0 0 0 0 0
 0 0 0 0 0 0 0 0 0 0 0 0 0 0 0 0 0 0 0 0 0 0 0 0 0 0 0 0 0 0 0 0 0 0 0 0
 0 0 0 0 0 0 0 0 0 0 0 0 0 0 0 0 0 0 0 0 0 0 0 0 0 0 0 0 0 0 0 0 0 0 0 0
 0 0 0 0 0 0 0 0 0 0 0 0 0 0 0 0 0 0 0 0 0 0 0 0 0 0 0 0 0 0 0 0 0 0 0 0
 0 0 0 0 0 0 0 0 1.78061e-05 0.00172719 0.00360574 0.0105946 0.0120993 0.0124554 0.0147524 0.0171206 0.0266825 0.0428682 0.0675386 0.121331 0.153587 0.119568 0.100827 0.0573624 0.0630603 0.0341343 0.0324427 0.0444173 0.0211091 0.0280891 0.0125444 0.00206551 0 0 0 0
 0 0 0 0 0 0 0 0 0 0 0 0 0 0 0 0 0 0 0 0 0 0 0 0 0 0 0 0 0 0 0 0 0 0 0 0
 0 0 0 0 0 0 0.0133647 0.0140871 0.0187388 0.0205184 0.03894 0.0496705 0.03968 0.0493445 0.0407372 0.0367815 0.0215668 0.0243155 0.0234873 0.0199281 0.019796 0.0243948 0.0301388 0.0376714 0.0412746 0.0863199 0.0771752 0.113111 0.0741005 0.0525337 0.0229764 0.00759418 0.00175318 0 0 0
 0 0 0 0 0 0 0 0 0 0 0.00219441 0.00772107 0.0458388 0.0604681 0.0671733 0.0775358 0.0609151 0.0617685 0.073594 0.0568108 0.0755445 0.0548602 0.0670107 0.0636378 0.0643287 0.046367 0.0373049 0.0286899 0.0247887 0.0153202 0.00654259 0.00121912 0.000365735 0 0 0
 0 0 0 0 0 0 0 0 0 0 0 0 0.000112435 0.00938835 0.0111873 0.0202946 0.0414886 0.0713402 0.111592 0.104902 0.108894 0.110636 0.117776 0.105296 0.107544 0.0401394 0.0192827 0.0124803 0.00416011 0.0028671 0.000618394 0 0 0 0 0
 0 0 0 0 0 0 0 0 0 0 0.00291406 0.0102884 0.027416 0.0768956 0.0749926 0.110853 0.0956884 0.0897413 0.0766577 0.0534642 0.0500743 0.0551293 0.0594112 0.0620874 0.0668451 0.0424026 0.0208742 0.0120726 0.0048766 0.00582813 0.00118941 0.000297354 0 0 0 0
 0 0.00264628 0.0354308 0.0461629 0.0458689 0.0383711 0.0214643 0.0164657 0.0346957 0.0420465 0.0363128 0.0245516 0.0311673 0.0291091 0.0169068 0.0133784 0.00837989 0.0085269 0.0148486 0.0160247 0.0276389 0.0546898 0.0760071 0.122758 0.109233 0.0665981 0.0333725 0.0166128 0.00676272 0.00308733 0.000882094 0 0 0 0 0
 0 0 0 0 0 0 0 0.000805153 0.000690131 0.00759144 0.0133425 0.0154129 0.00931677 0.000345066 0.00356568 0.00563607 0.00851162 0.0253048 0.0502646 0.0516448 0.0657925 0.0565908 0.0611916 0.0827007 0.0866115 0.110766 0.145733 0.0935128 0.0569358 0.0249597 0.0138026 0.00621118 0.00161031 0.00115022 0 0
 0 0 0 0 0 0 0 0 0 0 0 0 0 0 0 0 0 0 0 0 0 0 0 0 0 0 0 0 0 0 0 0 0 0 0 0
 0.00147267 0.00158595 0.00478618 0.00569244 0.00954404 0.0108468 0.00647125 0.017049 0.0510054 0.094081 0.124002 0.0959785 0.0687766 0.0820023 0.061753 0.0591476 0.0492212 0.0479892 0.0443925 0.0268479 0.0217502 0.0140895 0.0121071 0.0120363 0.00920419 0.00665534 0.0049561 0.00860946 0.00930331 0.0156896 0.0114698 0.00855282 0.00243557 0.00046729 0 2.83206e-05
 0 0 0 0 0.000772559 0.00158375 0.000888443 0.00281984 0.00712685 0.0440552 0.0773331 0.111326 0.0921469 0.0852325 0.0710754 0.0886704 0.0786465 0.0553345 0.0373146 0.0185414 0.00753245 0.00457741 0.012979 0.0271748 0.0457355 0.0583668 0.034881 0.0177882 0.00938659 0.00492506 0.0015258 0.00185414 0.000309023 5.79419e-05 3.86279e-05 0
 0 0.00173294 0.00326652 0 0.00397197 0.00683976 0.00946217 0.0152591 0.00757587 0.0136028 0.0228656 0.0392903 0.0559909 0.0764795 0.0681675 0.0726916 0.0566044 0.0477403 0.0527397 0.0444891 0.0609904 0.0582453 0.0661739 0.0445044 0.0529084 0.0360697 0.0280645 0.0235558 0.0158879 0.00826598 0.00280645 0.00217768 0.000904811 0.00058276 9.20147e-05 0
 0 0 0 0 0 0 0 0 0 0 0 0 0 0 0 0 0 0 0 0 0 0 0 0 0 0 0 0 0 0 0 0 0 0 0 0
 0 0 0 0 0 0 0 0 0 0 0 0 0 0 0 0 0 0 0 0 0 0 0 0 0 0 0 0 0 0 0 0 0 0 0 0
ppred_pel_tallas
 1.04318e-16 9.8037e-06 5.74681e-05 0.000273028 0.00105092 0.00327698 0.00827791 0.0169416 0.0280974 0.0377789 0.0412292 0.0366486 0.0268487 0.0169105 0.0105309 0.00860772 0.0103039 0.0145365 0.0205778 0.0279294 0.0360508 0.0442339 0.0516427 0.0574555 0.0610373 0.0620746 0.060631 0.0571001 0.0520844 0.0462401 0.0401444 0.034218 0.0287108 0.0237344 0.0193148 0.0154401
 1.08683e-16 1.55281e-05 9.11019e-05 0.000432985 0.0016669 0.00519794 0.0131297 0.0268667 0.0445403 0.0598338 0.0651572 0.0575834 0.0414609 0.0246858 0.0129026 0.00727555 0.00622353 0.00785778 0.0110279 0.0152069 0.0201012 0.0254159 0.0307938 0.035848 0.0402238 0.0436535 0.0459859 0.0471801 0.0472767 0.0463595 0.0445277 0.0418859 0.0385514 0.034666 0.0304047 0.0259692
 1.10924e-16 9.60564e-06 5.63169e-05 0.000267581 0.00102999 0.00321174 0.00811299 0.0166033 0.0275334 0.0370118 0.0403689 0.0358289 0.0261294 0.0162234 0.00969908 0.00739559 0.00845492 0.011795 0.0167156 0.0227905 0.0296093 0.0366478 0.043285 0.0489058 0.053028 0.0554001 0.0560367 0.0551768 0.0531884 0.0504542 0.0472802 0.0438542 0.0402555 0.0364986 0.0325873 0.0285543
 1.09172e-16 2.03703e-05 0.000119534 0.000568165 0.00218739 0.00682109 0.0172296 0.035255 0.0584425 0.0784974 0.0854488 0.075439 0.0541484 0.0318994 0.0160441 0.00804081 0.00573845 0.00658882 0.00903832 0.0123964 0.0163384 0.0206006 0.0248888 0.0288954 0.03235 0.0350629 0.036945 0.037997 0.0382764 0.0378599 0.0368148 0.0351915 0.0330337 0.0303968 0.0273657 0.0240596
 1.03366e-16 3.04299e-05 0.000178594 0.000848943 0.00326846 0.0101924 0.0257451 0.0526783 0.0873211 0.117273 0.127625 0.112594 0.0806425 0.0471519 0.0230494 0.0104371 0.00601172 0.00587639 0.00763725 0.0102257 0.0131717 0.0161549 0.0188643 0.0210086 0.0223705 0.022853 0.0224958 0.0214538 0.0199483 0.018207 0.0164144 0.0146867 0.0130714 0.011567 0.0101495 0.00879557
 1.02821e-16 1.67101e-05 9.80171e-05 0.000465808 0.00179318 0.0055917 0.0141247 0.0289043 0.0479248 0.0643999 0.0701809 0.0621448 0.0450092 0.0273248 0.0152365 0.0100761 0.0102066 0.0136118 0.0189837 0.0255677 0.0327366 0.0397671 0.0458451 0.0501996 0.0522731 0.0518513 0.0491104 0.0445582 0.0388974 0.0328559 0.0270413 0.0218558 0.0174834 0.0139306 0.0110961 0.00883685
 1.02661e-16 2.95542e-05 0.000173453 0.000824506 0.00317437 0.00989896 0.025004 0.0511618 0.0848074 0.113897 0.123951 0.109354 0.0783233 0.0457997 0.0223969 0.01016 0.00588573 0.00579772 0.00758212 0.0102147 0.0132532 0.0163974 0.0193489 0.0218164 0.0235647 0.0244603 0.0244911 0.0237535 0.022415 0.0206669 0.018683 0.0165975 0.014502 0.0124548 0.0104967 0.00866195
 1.01896e-16 2.62326e-05 0.00015394 0.00073171 0.00281704 0.00878459 0.0221894 0.0454039 0.0752676 0.101099 0.11006 0.0971861 0.0697985 0.0411978 0.0208585 0.0106599 0.00781974 0.00902207 0.0121994 0.0163576 0.0209391 0.0254462 0.0293535 0.0321688 0.0335358 0.033317 0.0316224 0.0287728 0.0252122 0.0214004 0.0177202 0.0144249 0.0116296 0.00933876 0.00748977 0.00599536
 1.01547e-16 2.96068e-05 0.000173757 0.000825937 0.00317986 0.00991607 0.0250473 0.0512508 0.0849566 0.114102 0.124187 0.109593 0.0785605 0.0460713 0.0227756 0.0107425 0.00678062 0.00711296 0.00940741 0.0125957 0.0161623 0.0197112 0.0228412 0.0251747 0.026432 0.0264925 0.025419 0.0234315 0.0208458 0.0179954 0.0151645 0.0125491 0.0102501 0.00829154 0.00664946 0.00528042
 1.01604e-16 2.57034e-05 0.000150832 0.000716931 0.00276013 0.00860713 0.0217412 0.0444869 0.073748 0.0990596 0.107844 0.0952398 0.0684234 0.0404318 0.0205553 0.0106434 0.0079787 0.00931857 0.0126386 0.0169585 0.0217164 0.0264003 0.0304654 0.0333992 0.0348284 0.0346046 0.0328358 0.029849 0.0261015 0.0220706 0.0181585 0.0146366 0.0116356 0.00917182 0.00719039 0.00560728
 1.03377e-16 1.38644e-05 8.131e-05 0.000386379 0.00148736 0.004638 0.0117157 0.0239754 0.0397554 0.0534309 0.0582505 0.0516357 0.0375181 0.0230176 0.0132689 0.0094234 0.0101725 0.0138842 0.0194913 0.0263488 0.0338721 0.0413524 0.0479751 0.0529549 0.0557042 0.0559645 0.0538564 0.0498274 0.0445241 0.0386323 0.0327384 0.02725 0.0223813 0.0181899 0.0146372 0.0116444
 1.07401e-16 1.21886e-05 7.1485e-05 0.0003397 0.00130768 0.00407772 0.0103003 0.0210784 0.0349494 0.0469655 0.0511853 0.0453336 0.0328547 0.0199907 0.011235 0.00757883 0.00785978 0.0106528 0.0150642 0.0206169 0.0269319 0.0335517 0.0399255 0.0454867 0.0497595 0.052446 0.0534671 0.0529415 0.0511207 0.0483067 0.0447833 0.04078 0.0364718 0.0319977 0.0274865 0.0230693
 1.07061e-16 2.24727e-05 0.000131876 0.000626835 0.00241328 0.00752551 0.0190089 0.0388957 0.0644775 0.086602 0.094268 0.0832175 0.0597149 0.0351443 0.0176103 0.0087124 0.00606431 0.00683877 0.00930358 0.012678 0.0165872 0.0207279 0.0247722 0.0283889 0.0313017 0.0333383 0.034451 0.034701 0.0342163 0.0331421 0.0316019 0.0296822 0.0274389 0.0249183 0.0221777 0.019298
 1.0447e-16 2.21361e-05 0.000129888 0.00061736 0.00237676 0.00741159 0.0187213 0.0383082 0.063507 0.0853091 0.0928884 0.0820655 0.0590317 0.0350296 0.0180823 0.00981071 0.00790521 0.00959923 0.0131626 0.0177437 0.022826 0.0279122 0.0324613 0.0359585 0.038022 0.0384883 0.0374422 0.035179 0.0321161 0.0286852 0.0252419 0.0220156 0.0191069 0.0165188 0.0142028 0.0121008
 1.02768e-16 2.64715e-05 0.000155347 0.000738409 0.00284285 0.00886509 0.0223927 0.0458195 0.075955 0.102018 0.111049 0.0980328 0.0703483 0.0414054 0.0207492 0.0102572 0.00710567 0.00794106 0.010687 0.014374 0.018499 0.02264 0.0263538 0.0292179 0.0309146 0.031299 0.0304261 0.0285229 0.0259202 0.0229687 0.0199667 0.0171188 0.0145313 0.0122326 0.0102058 0.00841916
 1.022e-16 2.49372e-05 0.000146334 0.000695547 0.0026778 0.00835038 0.0210926 0.0431599 0.0715484 0.0961058 0.104631 0.0924065 0.0663983 0.0392563 0.0199973 0.01042 0.00789355 0.0092772 0.0126113 0.0169469 0.021738 0.0264835 0.0306475 0.0337229 0.0353369 0.0353347 0.0338112 0.0310748 0.0275609 0.0237257 0.0199535 0.0165041 0.0135044 0.0109744 0.00886906 0.00711878
 1.02806e-16 2.10972e-05 0.000123785 0.000588338 0.002265 0.00706307 0.0178411 0.0365074 0.0605233 0.0813061 0.0885432 0.0782585 0.0563628 0.0335857 0.017594 0.00995798 0.00850148 0.0106059 0.0146239 0.0197207 0.0253519 0.0309639 0.0359451 0.0397094 0.0418182 0.0420776 0.0405756 0.0376431 0.0337583 0.029428 0.0250846 0.0210273 0.0174124 0.014281 0.0116044 0.00932603
 1.03668e-16 2.11565e-05 0.000124137 0.000590018 0.00227148 0.00708329 0.0178921 0.0366115 0.0606948 0.0815332 0.0887816 0.0784482 0.0564536 0.0335485 0.0174085 0.0095937 0.00790917 0.0097233 0.0133923 0.0181063 0.0233668 0.028683 0.0335118 0.0373255 0.039719 0.0404946 0.0396966 0.0375796 0.0345281 0.0309562 0.0272222 0.0235796 0.0201712 0.017053 0.0142313 0.0116949
 1.04209e-16 2.00492e-05 0.000117634 0.000559101 0.00215244 0.00671205 0.0169544 0.034693 0.0575154 0.0772653 0.0841427 0.074369 0.0535612 0.0319163 0.0167206 0.00946833 0.00809525 0.0101193 0.0139851 0.0189131 0.0244025 0.029945 0.0349744 0.0389421 0.0414286 0.0422333 0.0414089 0.039227 0.0360927 0.0324385 0.0286337 0.0249348 0.0214797 0.018315 0.0154369 0.0128267
 1.02922e-16 2.84952e-05 0.000167233 0.000794925 0.00306047 0.00954374 0.0241068 0.0493263 0.0817662 0.109817 0.11952 0.105469 0.075592 0.0443064 0.0218596 0.0102406 0.00637751 0.00663866 0.00878932 0.0118189 0.0152567 0.0187517 0.0219477 0.0245036 0.0261572 0.0267789 0.0263942 0.0251621 0.0233238 0.021138 0.0188267 0.0165449 0.0143779 0.0123579 0.0104888 0.00876721
 1.02122e-16 2.51832e-05 0.000147778 0.000702412 0.00270423 0.0084328 0.0213008 0.0435859 0.0722546 0.0970545 0.105663 0.0933186 0.0670535 0.0396433 0.0201932 0.0105193 0.0079634 0.00935198 0.0127033 0.0170554 0.021853 0.0265864 0.030712 0.0337179 0.0352313 0.0351034 0.0334408 0.0305674 0.0269356 0.0230158 0.019202 0.0157567 0.0128031 0.0103519 0.00834605 0.00670314
 1.02935e-16 1.98154e-05 0.000116258 0.000552547 0.00212719 0.0066333 0.0167555 0.0342864 0.0568427 0.0763658 0.083174 0.0735387 0.0530195 0.0317059 0.0168154 0.00984312 0.00876619 0.0111407 0.0154227 0.0208127 0.0267617 0.0326921 0.0379599 0.0419466 0.0441882 0.0444786 0.0429083 0.039824 0.0357284 0.0311549 0.0265601 0.0222608 0.0184242 0.0150965 0.0122499 0.00982729
 1.03939e-16 2.14644e-05 0.000125946 0.000598624 0.00230462 0.00718665 0.0181531 0.0371454 0.0615792 0.082719 0.0900671 0.0795701 0.0572308 0.0339498 0.017506 0.00947217 0.00761177 0.00924949 0.0127203 0.0172166 0.02226 0.0273904 0.0320993 0.0358897 0.0383744 0.039356 0.0388594 0.0371037 0.0344293 0.031207 0.02776 0.0243212 0.0210273 0.0179414 0.0150852 0.0124675
 1.05293e-16 1.45742e-05 8.54836e-05 0.000406235 0.00156383 0.0048765 0.012318 0.0252074 0.0417954 0.0561646 0.0612091 0.0542072 0.0392757 0.0238757 0.0133732 0.00894027 0.00916494 0.0123094 0.0172586 0.0233837 0.0301672 0.0370025 0.0431927 0.0480601 0.0510883 0.0520336 0.0509677 0.0482337 0.0443391 0.0398229 0.0351431 0.0306141 0.0264011 0.0225541 0.0190603 0.0158898
pSPR Fmed_Fpbrs
0.538149   0.255389 0.255389
Fs Fmed_Fpbrs
0.351012   1.005 1.005
SSBpbr Bo_Bmed_Bpbrs
937358  457571  192523 192523
Ro
32859.6
SPR SPRFo_SPRFmed_SPRFpbrs
676041 363811 172654
log_Ro
10.22
likeval ReclasPelacesDesembMPH_pf_preclas_ppelaces_ptallas_desvR_qrecl_qpela
 98.5675 98.7169 0.0270718 0.00060734 318.845 177.275 85.7156 0 17.0887 0 0 0 0 0 0
q_reclas_q_pelaces
1 1
M
0.7
N
 26515.5 33523.9 14238.7 1829.54 0.216078
 32077.7 12000.8 13828.7 5873.5 754.779
 10790.4 13946.1 4567.86 5263.62 2522.92
 15392.6 3660.97 3232.79 1058.86 1804.97
 47495.9 6744.99 1415.6 1250.04 1107.37
 27013.2 23010.9 3188.18 669.117 1114.28
 63474.1 9934.63 6267.44 868.359 485.742
 77040.8 26329.2 3442.22 2171.59 469.179
 131607 28754 7385.79 965.603 740.781
 162495 51758.7 8956.02 2300.46 531.489
 70852.4 70376.9 19550.9 3382.98 1069.72
 34899.6 27215.6 20910.5 5809 1322.99
 47393.6 13575 8292.14 6371.06 2173
 27787.1 16219.1 3201.55 1955.63 2015.04
 19610.3 7120.54 2144.72 423.355 525.058
 15368 5504.05 1129.57 340.228 150.452
 12658 5914.92 1641.91 336.962 146.375
 12813.9 5109.28 1940.62 538.694 158.578
 12415.9 5452.28 1862.76 707.52 254.214
 27984.7 5310.37 2008.53 686.212 354.287
 39431.3 12068.4 1988.78 752.211 389.675
 39124.9 18436.1 5312.66 875.485 502.673
 50766.8 17968.4 7830.51 2256.48 585.355
 30585.7 22691.4 7229.05 3150.37 1143.33
pred_Ctot
 1698.28 4126.08 1752.47 225.177 0.0265946
 2894.32 2046.36 2358.05 1001.54 128.704
 2512.45 5583.27 1828.73 2107.28 1010.04
 1311.02 591.192 522.047 170.99 291.476
 833.722 234.245 49.1621 43.4122 38.4576
 5127.15 7731.9 1071.26 224.83 374.41
 7596.31 2204.6 1390.81 192.699 107.792
 13990.8 8511.34 1112.76 702.002 151.67
 19955 7916.96 2033.56 265.864 203.963
 15058.1 9050.27 1566 402.247 92.9335
 11712.1 20934.7 5815.73 1006.32 318.204
 5515.9 7777.83 5975.9 1660.13 378.091
 10823.7 5346.87 3266.07 2509.41 855.89
 10041.8 9204.76 1816.97 1109.87 1143.59
 6334.68 3713.22 1118.43 220.771 273.807
 2522.75 1627.14 333.93 100.58 44.4775
 1724.33 1478.04 410.287 84.2012 36.5766
 1331.03 994.217 377.626 104.825 30.8577
 1249.2 1029.82 351.836 133.635 48.0156
 2669.63 954.206 360.907 123.303 63.6609
 1663.82 992.126 163.495 61.8383 32.0347
 2124.58 1935.69 557.799 91.9211 52.7779
 3669.71 2482.93 1082.04 311.807 80.8861
 2821.51 3950.84 1258.66 548.515 199.066
F
 0.0927557 0.185511 0.185511 0.185511 0.185511
 0.132965 0.265929 0.265929 0.265929 0.265929
 0.380925 0.76185 0.76185 0.76185 0.76185
 0.125087 0.250175 0.250175 0.250175 0.250175
 0.0246754 0.0493509 0.0493509 0.0493509 0.0493509
 0.300299 0.600599 0.600599 0.600599 0.600599
 0.179955 0.35991 0.35991 0.35991 0.35991
 0.28556 0.571119 0.571119 0.571119 0.571119
 0.233225 0.466449 0.466449 0.466449 0.466449
 0.136785 0.273569 0.273569 0.273569 0.273569
 0.256807 0.513615 0.513615 0.513615 0.513615
 0.244242 0.488484 0.488484 0.488484 0.488484
 0.372299 0.744598 0.744598 0.744598 0.744598
 0.66159 1.32318 1.32318 1.32318 1.32318
 0.570573 1.14115 1.14115 1.14115 1.14115
 0.25481 0.509621 0.509621 0.509621 0.509621
 0.207235 0.414471 0.414471 0.414471 0.414471
 0.154498 0.308997 0.308997 0.308997 0.308997
 0.149315 0.29863 0.29863 0.29863 0.29863
 0.141072 0.282143 0.282143 0.282143 0.282143
 0.060248 0.120496 0.120496 0.120496 0.120496
 0.0781427 0.156285 0.156285 0.156285 0.156285
 0.105254 0.210509 0.210509 0.210509 0.210509
 0.136128 0.272256 0.272256 0.272256 0.272256
nmprior
 10 10 8 0
nm_flota  nm_reclas  nm_pelaces    nm_pelaL
inf 13.6895 11.4314 18.6088
cv_recla  cv_pelaces  cv_mph
0.919165 1.16912 0.799566
 ------------------------------------------------
Talla a la edad & desviación 
 7.2 14.2025 17.0495 18.207 18.6776
 1.08 2.13037 2.55742 2.73105 2.80164
