years
 1997 1998 1999 2000 2001 2002 2003 2004 2005 2006 2007 2008 2009 2010 2011 2012 2013 2014 2015 2016 2017 2018 2019 2020
reclasobs
 0 0 0 370054 412103 1.49427e+06 250295 1.28982e+06 931140 785840 897777 1.04006e+06 184774 17550 25797 100020 73551 82996 120727 218422 84188 347160 605670 569463
reclaspred
 375387 101251 303209 226963 346568 413312 910923 621118 710133 659940 523983 353161 216333 100154 70315.2 71954.8 90567.3 121573 126319 186235 274627 253050 437041 496068
pelacesobs
 0 0 0 0 0 0 0 0 0 2.06254e+06 1.5e+06 0 1.87456e+06 323000 250000 174000 83755 137374 0 501740 490994 745055 786931 1.00524e+06
pelacespred
 1.00446e+06 241218 448792 507462 664693 663481 1.66995e+06 1.40889e+06 1.43387e+06 1.34357e+06 963017 670782 409526 158173 109077 119432 156954 213169 228737 326688 534895 481093 657185 884681
mphobs
 0 0 0 0 0 112323 0 153150 637223 0 255016 313432 73983 77613 109348 50772 0 0 0 0 0 0 0 0
mphpred
 139562 82625.4 99593 120204 132756 214033 321789 380211 333739 346452 332468 235771 145763 76740.9 36875.3 31807.3 38776 53610.2 65175.1 74195.5 114811 137681 173978 241323
desembarqueobs
 350755 77701 442110 56441 14545 235359 269955 359681 431902 328805 639364 411747 362871 311530 167758 66681 60226 58785 57116 71774 51957 67425 138520 160799
desembarquepred
 350759 77699.3 442085 56441.6 14545.1 235390 269979 359670 431914 328811 639511 411953 363149 311914 167779 66689.7 60243 58785.1 57111.4 71771.4 51956.8 67418.7 138516 160797
Reclutas
 47453.4 61712.7 36488.6 61952 106926 75662.2 120891 120575 148788 149440 68518.1 40447.3 42478.8 23210 18100.6 22205 18312.8 19590.9 22262.6 42760 53498 68966.2 107808 97664.2
log_desv_Rt
 -0.112496 0.150246 -0.375246 0.154114 0.69989 0.354034 0.822645 0.82003 1.03028 1.03465 0.254854 -0.272244 -0.223239 -0.82766 -1.0763 -0.871926 -1.06465 -0.997177 -0.869336 -0.216641 0.00739996 0.261372 0.708106 0.609291
SSB
 663719 392944 473638 571655 631350 1.01788e+06 1.53034e+06 1.80818e+06 1.58717e+06 1.64763e+06 1.58113e+06 1.12127e+06 693208 364959 175369 151267 184408 254955 309955 352854 546008 654775 827390 1.14767e+06
BT
 2.08268e+06 563930 1.04661e+06 968541 1.20143e+06 1.37329e+06 3.17427e+06 2.93066e+06 2.96273e+06 2.72269e+06 2.30249e+06 1.58085e+06 1.09107e+06 584256 338457 269057 330443 428768 458996 643567 1.00005e+06 924674 1.27192e+06 1.71715e+06
Ftot
 0.452114 0.393097 0.591864 0.114789 0.0214143 0.205727 0.129409 0.253188 0.276534 0.213887 0.430805 0.397379 0.62973 1.11079 1.05392 0.419378 0.300241 0.204617 0.177952 0.181946 0.084476 0.107248 0.127121 0.128402
BD_Bspro_t
 0.94408 0.739381 0.693077 0.561848 0.703753 0.833287 0.801827 0.809192 0.762737 0.733253 0.703436 0.555994 0.443168 0.330988 0.212369 0.225562 0.337094 0.499068 0.603209 0.684587 0.786286 0.851153 0.857331 0.857473
BD_Bspro
 0.607505 0.359663 0.433523 0.523239 0.577877 0.931673 1.40073 1.65504 1.45275 1.50808 1.44721 1.0263 0.634497 0.334048 0.160516 0.138455 0.16879 0.233362 0.283703 0.322969 0.499764 0.599318 0.757314 1.05047
BD_Bo
 0.54039 0.319929 0.385628 0.465433 0.514035 0.828744 1.24598 1.47219 1.29225 1.34147 1.28733 0.912916 0.564399 0.297144 0.142783 0.123159 0.150142 0.207581 0.25236 0.287288 0.444551 0.533107 0.673648 0.934413
BD_Brms
 1.88308 1.11485 1.34379 1.62188 1.79125 2.88791 4.34183 5.13012 4.50308 4.6746 4.48593 3.18122 1.96675 1.03545 0.497551 0.429169 0.523197 0.723351 0.879394 1.00111 1.54912 1.85771 2.34744 3.25613
S_f
 0.187927 1 1 1 1
 0.187927 1 1 1 1
 0.187927 1 1 1 1
 0.187927 1 1 1 1
 0.187927 1 1 1 1
 0.187927 1 1 1 1
 0.187927 1 1 1 1
 0.187927 1 1 1 1
 0.187927 1 1 1 1
 0.187927 1 1 1 1
 0.187927 1 1 1 1
 0.187927 1 1 1 1
 0.187927 1 1 1 1
 0.187927 1 1 1 1
 0.187927 1 1 1 1
 0.187927 1 1 1 1
 0.187927 1 1 1 1
 0.187927 1 1 1 1
 0.187927 1 1 1 1
 0.187927 1 1 1 1
 0.187927 1 1 1 1
 0.187927 1 1 1 1
 0.187927 1 1 1 1
 0.187927 1 1 1 1
Scru_reclas
 1 1 1 1 1
 1 1 1 1 1
 1 1 1 1 1
 1 1 1 1 1
 1 1 1 1 1
 1 1 1 1 1
 1 1 1 1 1
 1 1 1 1 1
 1 1 1 1 1
 1 1 1 1 1
 1 1 1 1 1
 1 1 1 1 1
 1 1 1 1 1
 1 1 1 1 1
 1 1 1 1 1
 1 1 1 1 1
 1 1 1 1 1
 1 1 1 1 1
 1 1 1 1 1
 1 1 1 1 1
 1 1 1 1 1
 1 1 1 1 1
 1 1 1 1 1
 1 1 1 1 1
Scru_pelaces
 1 1 1 1 1
 1 1 1 1 1
 1 1 1 1 1
 1 1 1 1 1
 1 1 1 1 1
 1 1 1 1 1
 1 1 1 1 1
 1 1 1 1 1
 1 1 1 1 1
 1 1 1 1 1
 1 1 1 1 1
 1 1 1 1 1
 1 1 1 1 1
 1 1 1 1 1
 1 1 1 1 1
 1 1 1 1 1
 1 1 1 1 1
 1 1 1 1 1
 1 1 1 1 1
 1 1 1 1 1
 1 1 1 1 1
 1 1 1 1 1
 1 1 1 1 1
 1 1 1 1 1
pf_obs 
 0.256992 0.487395 0.22802 0.0275931 0
 0.321318 0.546541 0.124235 0.00734118 0.000564706
 0.182869 0.594174 0.210203 0.0122559 0.00049798
 0.330522 0.361315 0.267642 0.0388342 0.00168674
 0.649043 0.306663 0.0425973 0.00169635 0
 0.582887 0.30429 0.105238 0.00758474 0
 0.465427 0.430635 0.0974691 0.00646863 0
 0.296916 0.608066 0.0921331 0.00288517 0
 0.311714 0.524322 0.152257 0.0117073 0
 0.15457 0.633149 0.183074 0.0267441 0.00246327
 0.131901 0.49318 0.331252 0.0422183 0.00144891
 0.196976 0.569456 0.194076 0.0375587 0.00193317
 0.518974 0.381816 0.0799577 0.0180837 0.00116848
 0.0928022 0.601141 0.25162 0.0475244 0.00691264
 0.122501 0.610282 0.24278 0.0234846 0.000952079
 0.383417 0.481906 0.127806 0.00687128 0
 0.0376549 0.599619 0.316969 0.0457579 0
 0.0361596 0.667082 0.258105 0.0386534 0
 0.158088 0.579412 0.248529 0.0139706 0
 0.0477256 0.309471 0.559284 0.082774 0.000745712
 0.0406174 0.521527 0.379366 0.0568643 0.0016247
 0.151134 0.462217 0.34131 0.0453401 0
 0.294876 0.26143 0.354403 0.0886775 0.000613685
 0.281977 0.475581 0.204845 0.0348837 0.00271318
pf_pred 
 0.326822 0.473081 0.178747 0.0213389 1.09534e-05
 0.318408 0.519146 0.11416 0.0431336 0.00515195
 0.180496 0.614024 0.156507 0.0344158 0.0145567
 0.312721 0.418102 0.201685 0.0514071 0.0160857
 0.325779 0.484395 0.11548 0.0557054 0.0186415
 0.172625 0.597311 0.16529 0.0394051 0.0253694
 0.265608 0.403687 0.238747 0.066067 0.0258906
 0.220946 0.52296 0.140772 0.0832551 0.0320671
 0.253338 0.469791 0.185857 0.0500296 0.0409848
 0.224916 0.521168 0.159761 0.063204 0.0309511
 0.11655 0.556763 0.219665 0.067337 0.0396851
 0.113747 0.409634 0.300372 0.118509 0.0577381
 0.192681 0.364392 0.204725 0.150118 0.0880837
 0.172934 0.52247 0.137483 0.0772413 0.089872
 0.251034 0.493199 0.161572 0.042516 0.0516792
 0.32887 0.503294 0.110521 0.0362068 0.0211083
 0.221811 0.591783 0.13979 0.0306974 0.0159193
 0.226313 0.491713 0.21443 0.0506524 0.0168914
 0.230925 0.485336 0.180329 0.0786395 0.0247708
 0.336964 0.420525 0.15304 0.0568629 0.0326082
 0.273657 0.542013 0.116909 0.0425464 0.0248737
 0.258114 0.501296 0.179534 0.0387245 0.0223319
 0.294266 0.466046 0.161959 0.0580038 0.0197261
 0.204974 0.557829 0.156637 0.0544342 0.0261249
pobs_RECLAS
 0 0 0 0 0
 0 0 0 0 0
 0 0 0 0 0
 0 0 0 0 0
 0.835266 0.146461 0.0176864 0.000547809 3.91292e-05
 0.385257 0.428462 0.181853 0.0044286 0
 0.867414 0.0963971 0.0333333 0.00285562 0
 0.441836 0.489002 0.0689373 0.000224442 0
 0.779404 0.147425 0.0564933 0.0165055 0.000172143
 0.814271 0.122319 0.05973 0.00367925 0
 0.40263 0.566651 0.0304383 0.000280538 0
 0.475488 0.404961 0.113038 0.00651328 0
 0.955842 0.0263864 0.0167828 0.000988607 0
 0.975058 0.0227948 0.00214734 0 0
 0.738997 0.206755 0.0527124 0.00153531 0
 0.850938 0.134255 0.0134407 0.00136685 0
 0.542534 0.407297 0.0501686 0 0
 0.764087 0.199537 0.0359546 0.000420521 0
 0.470689 0.182191 0.310203 0.0369168 0
 0.84361 0.089868 0.0606195 0.00523954 0.000663233
 0.607945 0.314616 0.071237 0.00620181 0
 0.523733 0.453247 0.0230204 0 0
 0.530135 0.295979 0.169645 0.0042399 0
 0.562478 0.366248 0.0663022 0.0049721 0
ppred_RECLAS
 0.726765 0.192018 0.0725512 0.0086612 4.44586e-06
 0.718103 0.214712 0.0472148 0.0178394 0.00213077
 0.549843 0.337286 0.0859703 0.0189048 0.00799605
 0.708927 0.177072 0.0854164 0.0217716 0.00681253
 0.720186 0.201033 0.0479262 0.0231187 0.00773657
 0.528938 0.340076 0.094107 0.0224351 0.0144439
 0.659578 0.187126 0.11067 0.0306248 0.0120014
 0.604902 0.26522 0.0713928 0.0422229 0.0162629
 0.647207 0.221973 0.0878161 0.0236386 0.0193651
 0.609757 0.2624 0.0804373 0.0318223 0.0155834
 0.419123 0.366077 0.144432 0.0442748 0.0260933
 0.411801 0.271871 0.199355 0.0786532 0.0383203
 0.570499 0.19386 0.108915 0.0798643 0.0468613
 0.551226 0.283497 0.0745994 0.0419119 0.0487655
 0.66156 0.222865 0.0730105 0.019212 0.0233526
 0.728085 0.203915 0.0447789 0.0146696 0.00855225
 0.606869 0.298961 0.0706201 0.0155079 0.00804222
 0.611519 0.246897 0.107669 0.0254334 0.00848145
 0.617323 0.241494 0.0897284 0.0391295 0.0123255
 0.731979 0.16999 0.0618637 0.0229858 0.0131813
 0.668144 0.247638 0.0534143 0.0194389 0.0113645
 0.650536 0.236135 0.084569 0.0182411 0.0105194
 0.690733 0.20423 0.0709736 0.0254184 0.00864438
 0.580028 0.294673 0.0827436 0.0287548 0.0138005
pobs_PELACES
 0 0 0 0 0
 0 0 0 0 0
 0 0 0 0 0
 0 0 0 0 0
 0 0 0 0 0
 0 0 0 0 0
 0 0 0 0 0
 0 0 0 0 0
 0 0 0 0 0
 0 0 0 0 0
 0.450072 0.473896 0.0757376 0.000293798 0
 0 0 0 0 0
 0.463077 0.371075 0.160297 0.00555027 0
 0.529543 0.364841 0.0842815 0.0213345 0
 0.631943 0.363953 0.00410389 0 0
 0.735681 0.248677 0.0153453 0.000297389 0
 0.695825 0.281241 0.0229344 0 0
 0.275771 0.60734 0.115278 0.00161068 0
 0 0 0 0 0
 0.896147 0.0623911 0.0374545 0.00400742 0
 0.803859 0.145111 0.0509908 3.86294e-05 0
 0.739449 0.233085 0.0266225 0.000797448 4.60066e-05
 0.878498 0.100942 0.0204185 0.000141795 0
 0.694673 0.275183 0.0284847 0.00165964 0
ppred_PELACES
 0.750153 0.175582 0.066341 0.00791982 4.0653e-06
 0.738931 0.198848 0.0437265 0.0165214 0.00197335
 0.588712 0.308163 0.078547 0.0172724 0.00730561
 0.715234 0.173236 0.0835657 0.0212999 0.00666492
 0.721341 0.200203 0.0477284 0.0230233 0.00770463
 0.542649 0.330178 0.0913678 0.0217821 0.0140235
 0.667321 0.18287 0.108152 0.0299283 0.0117284
 0.620997 0.254415 0.0684844 0.0405029 0.0156004
 0.663938 0.211446 0.0836516 0.0225176 0.0184467
 0.623307 0.253289 0.0776443 0.0307173 0.0150423
 0.447463 0.348217 0.137385 0.0421147 0.0248203
 0.437815 0.259847 0.190538 0.0751747 0.0366256
 0.611268 0.175458 0.098577 0.0722835 0.0424132
 0.623234 0.238009 0.0626296 0.0351869 0.0409408
 0.721655 0.183292 0.0600464 0.0158006 0.019206
 0.749756 0.187663 0.04121 0.0135004 0.00787064
 0.625891 0.284495 0.067203 0.0147575 0.00765309
 0.624463 0.23867 0.104081 0.024586 0.00819885
 0.628524 0.234425 0.087102 0.0379842 0.0119647
 0.741436 0.163992 0.0596809 0.0221748 0.0127162
 0.673144 0.243907 0.0526095 0.019146 0.0111932
 0.657041 0.231739 0.0829948 0.0179015 0.0103236
 0.697963 0.199456 0.0693145 0.0248242 0.0084423
 0.588386 0.288809 0.0810968 0.0281825 0.0135258
pobs_pel_tallas
 0 0 0 0 0 0 0 0 0 0 0 0 0 0 0 0 0 0 0 0 0 0 0 0 0 0 0 0 0 0 0 0 0 0 0 0
 0 0 0 0 0 0 0 0 0 0 0 0 0 0 0 0 0 0 0 0 0 0 0 0 0 0 0 0 0 0 0 0 0 0 0 0
 0 0 0 0 0 0 0 0 0 0 0 0 0 0 0 0 0 0 0 0 0 0 0 0 0 0 0 0 0 0 0 0 0 0 0 0
 0 0 0 0 0 0 0 0 0 0 0 0 0 0 0 0 0 0 0 0 0 0 0 0 0 0 0 0 0 0 0 0 0 0 0 0
 0 0 0 0 0 0 0 0 0 0 0 0 0 0 0 0 0 0 0 0 0 0 0 0 0 0 0 0 0 0 0 0 0 0 0 0
 0 0 0 0 0 0 0 0 0 0 0 0 0 0 0 0 0 0 0 0 0 0 0 0 0 0 0 0 0 0 0 0 0 0 0 0
 0 0 0 0 0 0 0 0 0 0 0 0 0 0 0 0 0 0 0 0 0 0 0 0 0 0 0 0 0 0 0 0 0 0 0 0
 0 0 0 0 0 0 0 0 0 0 0 0 0 0 0 0 0 0 0 0 0 0 0 0 0 0 0 0 0 0 0 0 0 0 0 0
 0 0 0 0 0 0 0 0 0 0 0 0 0 0 0 0 0 0 0 0 0 0 0 0 0 0 0 0 0 0 0 0 0 0 0 0
 0 0 0 0 0 0 0 0 0 0 0 0 0 0 0 0 0 0 0 0 0 0 0 0 0 0 0 0 0 0 0 0 0 0 0 0
 0 0 0 0 0 0 0 0 1.78061e-05 0.00172719 0.00360574 0.0105946 0.0120993 0.0124554 0.0147524 0.0171206 0.0266825 0.0428682 0.0675386 0.121331 0.153587 0.119568 0.100827 0.0573624 0.0630603 0.0341343 0.0324427 0.0444173 0.0211091 0.0280891 0.0125444 0.00206551 0 0 0 0
 0 0 0 0 0 0 0 0 0 0 0 0 0 0 0 0 0 0 0 0 0 0 0 0 0 0 0 0 0 0 0 0 0 0 0 0
 0 0 0 0 0 0 0.0133647 0.0140871 0.0187388 0.0205184 0.03894 0.0496705 0.03968 0.0493445 0.0407372 0.0367815 0.0215668 0.0243155 0.0234873 0.0199281 0.019796 0.0243948 0.0301388 0.0376714 0.0412746 0.0863199 0.0771752 0.113111 0.0741005 0.0525337 0.0229764 0.00759418 0.00175318 0 0 0
 0 0 0 0 0 0 0 0 0 0 0.00219441 0.00772107 0.0458388 0.0604681 0.0671733 0.0775358 0.0609151 0.0617685 0.073594 0.0568108 0.0755445 0.0548602 0.0670107 0.0636378 0.0643287 0.046367 0.0373049 0.0286899 0.0247887 0.0153202 0.00654259 0.00121912 0.000365735 0 0 0
 0 0 0 0 0 0 0 0 0 0 0 0 0.000112435 0.00938835 0.0111873 0.0202946 0.0414886 0.0713402 0.111592 0.104902 0.108894 0.110636 0.117776 0.105296 0.107544 0.0401394 0.0192827 0.0124803 0.00416011 0.0028671 0.000618394 0 0 0 0 0
 0 0 0 0 0 0 0 0 0 0 0.00291406 0.0102884 0.027416 0.0768956 0.0749926 0.110853 0.0956884 0.0897413 0.0766577 0.0534642 0.0500743 0.0551293 0.0594112 0.0620874 0.0668451 0.0424026 0.0208742 0.0120726 0.0048766 0.00582813 0.00118941 0.000297354 0 0 0 0
 0 0.00264628 0.0354308 0.0461629 0.0458689 0.0383711 0.0214643 0.0164657 0.0346957 0.0420465 0.0363128 0.0245516 0.0311673 0.0291091 0.0169068 0.0133784 0.00837989 0.0085269 0.0148486 0.0160247 0.0276389 0.0546898 0.0760071 0.122758 0.109233 0.0665981 0.0333725 0.0166128 0.00676272 0.00308733 0.000882094 0 0 0 0 0
 0 0 0 0 0 0 0 0.000805153 0.000690131 0.00759144 0.0133425 0.0154129 0.00931677 0.000345066 0.00356568 0.00563607 0.00851162 0.0253048 0.0502646 0.0516448 0.0657925 0.0565908 0.0611916 0.0827007 0.0866115 0.110766 0.145733 0.0935128 0.0569358 0.0249597 0.0138026 0.00621118 0.00161031 0.00115022 0 0
 0 0 0 0 0 0 0 0 0 0 0 0 0 0 0 0 0 0 0 0 0 0 0 0 0 0 0 0 0 0 0 0 0 0 0 0
 0.00147267 0.00158595 0.00478618 0.00569244 0.00954404 0.0108468 0.00647125 0.017049 0.0510054 0.094081 0.124002 0.0959785 0.0687766 0.0820023 0.061753 0.0591476 0.0492212 0.0479892 0.0443925 0.0268479 0.0217502 0.0140895 0.0121071 0.0120363 0.00920419 0.00665534 0.0049561 0.00860946 0.00930331 0.0156896 0.0114698 0.00855282 0.00243557 0.00046729 0 2.83206e-05
 0 0 0 0 0.000772559 0.00158375 0.000888443 0.00281984 0.00712685 0.0440552 0.0773331 0.111326 0.0921469 0.0852325 0.0710754 0.0886704 0.0786465 0.0553345 0.0373146 0.0185414 0.00753245 0.00457741 0.012979 0.0271748 0.0457355 0.0583668 0.034881 0.0177882 0.00938659 0.00492506 0.0015258 0.00185414 0.000309023 5.79419e-05 3.86279e-05 0
 0 0.00173294 0.00326652 0 0.00397197 0.00683976 0.00946217 0.0152591 0.00757587 0.0136028 0.0228656 0.0392903 0.0559909 0.0764795 0.0681675 0.0726916 0.0566044 0.0477403 0.0527397 0.0444891 0.0609904 0.0582453 0.0661739 0.0445044 0.0529084 0.0360697 0.0280645 0.0235558 0.0158879 0.00826598 0.00280645 0.00217768 0.000904811 0.00058276 9.20147e-05 0
 0 0 0 0 0 0 0 0 0 0 0 0 0 0 0 0 0 0 0 0 0 0 0 0 0 0 0 0 0 0 0 0 0 0 0 0
 0 0 0 0 0 0 0 0 0 0 0 0 0 0 0 0 0 0 0 0 0 0 0 0 0 0 0 0 0 0 0 0 0 0 0 0
ppred_pel_tallas
 1.01272e-16 3.27301e-05 0.000192099 0.000913153 0.00351569 0.0109634 0.0276926 0.0566627 0.0939248 0.126139 0.137265 0.12108 0.0866781 0.0505963 0.0245751 0.0108601 0.00588238 0.00543822 0.00694868 0.00927293 0.0119284 0.0146057 0.0170114 0.0188698 0.0199712 0.020216 0.0196325 0.0183609 0.0166111 0.0146098 0.0125548 0.0105882 0.00879183 0.00719787 0.00580786 0.00460965
 1.01346e-16 3.22416e-05 0.000189229 0.000899505 0.00346313 0.0107995 0.0272786 0.0558159 0.0925218 0.124257 0.135223 0.119292 0.0854273 0.049925 0.0243582 0.0109489 0.00618982 0.00594462 0.00766929 0.0102252 0.0131098 0.0159814 0.0185109 0.0203921 0.0213996 0.0214382 0.0205618 0.0189519 0.0168664 0.0145764 0.0123107 0.0102253 0.00839756 0.00684219 0.00553581 0.00444053
 1.02151e-16 2.56959e-05 0.00015079 0.000716738 0.0027594 0.00860484 0.0217353 0.0444748 0.0737272 0.0990296 0.107806 0.0951927 0.0683606 0.0403368 0.020401 0.0103931 0.00758873 0.00874325 0.0118388 0.0159132 0.0204362 0.0249372 0.0289163 0.031899 0.0335323 0.0336635 0.0323696 0.0299252 0.0267245 0.0231833 0.0196556 0.0163846 0.0134948 0.0110153 0.00891682 0.00714726
 1.02287e-16 3.12074e-05 0.00018316 0.000870654 0.00335206 0.0104531 0.0264036 0.0540255 0.0895536 0.120269 0.13088 0.115453 0.082662 0.0482763 0.0234945 0.0104635 0.0057875 0.00546619 0.00704827 0.00945208 0.0122209 0.0150593 0.0176828 0.0198191 0.0212547 0.0218775 0.0216946 0.0208176 0.0194241 0.0177097 0.0158463 0.0139594 0.0121257 0.0103842 0.00875334 0.00724504
 1.01894e-16 3.14747e-05 0.000184727 0.000878099 0.00338071 0.0105424 0.0266294 0.0544875 0.0903201 0.121301 0.132007 0.11646 0.0834082 0.0487637 0.0238268 0.0107703 0.006175 0.00600683 0.00778533 0.0103997 0.0133575 0.0163203 0.0189595 0.0209682 0.0221182 0.0223099 0.021591 0.0201349 0.01819 0.0160172 0.013836 0.0117945 0.0099656 0.00836329 0.00696773 0.00574824
 1.02809e-16 2.36882e-05 0.000139001 0.000660688 0.00254358 0.00793183 0.0200354 0.0409967 0.067963 0.0912916 0.0993938 0.0877925 0.0631067 0.0373584 0.01912 0.0101102 0.00784081 0.00933889 0.0127499 0.0171733 0.0220834 0.0269886 0.0313571 0.0346808 0.0365794 0.0368839 0.0356684 0.0332162 0.0299373 0.0262653 0.0225689 0.0191013 0.0159932 0.0132774 0.0109287 0.00890028
 1.03172e-16 2.91186e-05 0.000170896 0.000812347 0.00312756 0.00975298 0.0246353 0.0504073 0.0835569 0.112218 0.122125 0.107744 0.0771746 0.0451364 0.0220884 0.0100471 0.00585849 0.00580366 0.00760428 0.0102519 0.0133102 0.0164824 0.0194729 0.0219928 0.0238096 0.0247912 0.0249253 0.0243057 0.0230947 0.0214753 0.0196116 0.0176267 0.0156021 0.0135889 0.011624 0.00974235
 1.03176e-16 2.71014e-05 0.000159047 0.000756003 0.00291059 0.00907636 0.0229263 0.0469112 0.0777639 0.104445 0.113685 0.100344 0.0719737 0.0422952 0.0210709 0.0102116 0.0068142 0.00743726 0.00995471 0.0133856 0.0172405 0.0211254 0.0246318 0.0273716 0.0290521 0.0295399 0.0288834 0.0272872 0.0250489 0.022481 0.019846 0.0173198 0.0149891 0.0128731 0.0109544 0.00920754
 1.02893e-16 2.89721e-05 0.000170034 0.000808243 0.00311175 0.00970366 0.0245107 0.0501527 0.0831356 0.111655 0.121518 0.107224 0.076834 0.045002 0.0221427 0.0102723 0.0062619 0.00641468 0.00845788 0.0113688 0.0146798 0.0180508 0.0211397 0.0236186 0.0252349 0.025863 0.025525 0.0243711 0.0226304 0.0205492 0.0183393 0.0161491 0.0140609 0.0121069 0.0102925 0.00861629
 1.02944e-16 2.72021e-05 0.000159638 0.000758814 0.00292142 0.00911012 0.0230116 0.0470856 0.0780531 0.104834 0.114107 0.100716 0.0722383 0.0424466 0.021139 0.0102326 0.00681305 0.00742601 0.00993785 0.0133651 0.0172182 0.0211035 0.0246129 0.0273571 0.0290414 0.0295289 0.0288641 0.0272479 0.0249757 0.0223602 0.0196668 0.0170771 0.0146851 0.0125172 0.0105624 0.00879922
 1.04671e-16 1.95385e-05 0.000114637 0.000544852 0.00209758 0.00654098 0.0165223 0.0338088 0.0560495 0.0752965 0.0819994 0.0724767 0.0522029 0.0311161 0.016319 0.00926999 0.00796121 0.00997819 0.0138101 0.0187021 0.0241708 0.0297234 0.0348085 0.038888 0.0415456 0.042574 0.0420093 0.0400988 0.0372197 0.033778 0.030123 0.0265 0.0230459 0.0198151 0.0168176 0.014052
 1.07084e-16 1.91143e-05 0.000112154 0.000533067 0.00205223 0.0063996 0.016165 0.0330772 0.0548347 0.073658 0.0801983 0.0708449 0.0509411 0.0301915 0.0155211 0.00833042 0.00663291 0.00805955 0.011153 0.0152334 0.0199268 0.0248821 0.0297002 0.0339735 0.0373586 0.0396383 0.0407489 0.040764 0.039847 0.0381914 0.0359737 0.0333308 0.0303641 0.0271573 0.0237979 0.020388
 1.05923e-16 2.6674e-05 0.000156545 0.000744123 0.00286488 0.00893383 0.0225662 0.0461738 0.0765396 0.102795 0.111872 0.0987065 0.0707165 0.0413909 0.0203155 0.00934487 0.0055995 0.00568343 0.00752085 0.0101983 0.0133246 0.0166335 0.0198563 0.0227267 0.0250252 0.0266185 0.0274752 0.0276524 0.0272597 0.0264185 0.0252286 0.0237559 0.0220385 0.0201038 0.0179876 0.0157458
 1.04089e-16 2.71982e-05 0.000159617 0.000758716 0.00292105 0.00910897 0.0230086 0.0470795 0.0780425 0.104818 0.114087 0.100689 0.0722001 0.042386 0.0210382 0.0100666 0.0065512 0.00703402 0.00938279 0.0126226 0.0162812 0.0199905 0.0233725 0.0260681 0.0278063 0.0284618 0.0280762 0.0268326 0.0249968 0.022845 0.0206043 0.0184208 0.0163599 0.0144282 0.0126051 0.0108694
 1.02353e-16 3.14877e-05 0.000184805 0.000878473 0.00338216 0.0105469 0.0266408 0.0545107 0.0903581 0.12135 0.132058 0.116495 0.0834151 0.04873 0.0237405 0.0106143 0.00592561 0.00563643 0.0072687 0.00972239 0.0125244 0.0153626 0.017937 0.0199652 0.0212333 0.0216403 0.021216 0.0201025 0.0185098 0.0166607 0.0147441 0.0128891 0.0111625 0.00958348 0.00814518 0.00683407
 1.01478e-16 3.27132e-05 0.000191999 0.000912675 0.00351385 0.0109576 0.027678 0.0566331 0.093876 0.126074 0.137197 0.121025 0.0866511 0.0506046 0.0246233 0.0109553 0.00603607 0.00566404 0.00725783 0.00966806 0.012398 0.0151205 0.0175247 0.0193225 0.0203015 0.020372 0.0195841 0.0181081 0.0161852 0.0140686 0.0119711 0.0100366 0.0083353 0.0068789 0.00564424 0.00459569
 1.01912e-16 2.73161e-05 0.000160304 0.000761974 0.00293358 0.00914802 0.0231073 0.0472818 0.0783791 0.105274 0.114593 0.10116 0.0725903 0.0427205 0.0213991 0.0105617 0.00729119 0.00812238 0.0109065 0.0146353 0.0187814 0.0229008 0.0265303 0.0292325 0.0306834 0.0307456 0.0294945 0.0271888 0.0241971 0.0209075 0.0176489 0.0146461 0.0120124 0.00977092 0.00788996 0.00631618
 1.02784e-16 2.7252e-05 0.000159932 0.000760215 0.00292682 0.00912695 0.0230541 0.0471725 0.0781967 0.105025 0.114313 0.100891 0.0723481 0.0424804 0.0210995 0.0101214 0.00662305 0.00714282 0.00954744 0.0128624 0.0166148 0.0204325 0.0239289 0.0267311 0.0285491 0.0292362 0.0288129 0.0274459 0.0253936 0.0229375 0.0203234 0.0177286 0.0152578 0.0129585 0.0108461 0.00892485
 1.03178e-16 2.74289e-05 0.000160971 0.000765154 0.00294584 0.00918627 0.0232039 0.047479 0.0787046 0.105707 0.115053 0.10154 0.0728052 0.0427316 0.0211921 0.0101117 0.00654492 0.0070046 0.00934231 0.0125787 0.0162428 0.0199691 0.0233806 0.0261153 0.0278944 0.0285801 0.0281984 0.0269172 0.0249908 0.0226921 0.0202546 0.0178408 0.0155401 0.0133861 0.0113835 0.00953008
 1.02257e-16 3.23495e-05 0.000189866 0.000902538 0.00347482 0.0108359 0.0273706 0.056004 0.0928326 0.124671 0.135666 0.119665 0.0856543 0.0499774 0.0242349 0.0106432 0.00567217 0.00516602 0.00657865 0.00879026 0.0113373 0.0139321 0.0163053 0.0182032 0.0194315 0.0198951 0.019614 0.0187073 0.0173546 0.0157479 0.0140512 0.0123777 0.0107887 0.00930576 0.00792979 0.00665692
 1.02008e-16 2.93748e-05 0.000172395 0.000819463 0.00315493 0.00983833 0.0248509 0.0508491 0.0842906 0.113208 0.123214 0.108735 0.0779472 0.0457148 0.0226054 0.0106721 0.00674935 0.00709008 0.00938067 0.0125611 0.0161199 0.0196636 0.0227947 0.0251398 0.0264235 0.0265293 0.0255226 0.0236239 0.021146 0.0184164 0.0157104 0.0132129 0.0110137 0.00912687 0.00752158 0.00615165
 1.02352e-16 2.86723e-05 0.000168271 0.00079986 0.00307946 0.00960297 0.0242564 0.0496326 0.082274 0.110499 0.120266 0.106131 0.0760779 0.0446129 0.022051 0.0103968 0.0065621 0.00689359 0.00914002 0.012277 0.0158181 0.0193929 0.022624 0.0251516 0.0267014 0.0271428 0.0265117 0.0249886 0.0228427 0.0203629 0.0177979 0.0153228 0.013034 0.0109662 0.00911782 0.00747431
 1.02297e-16 3.04553e-05 0.000178742 0.000849647 0.00327117 0.0102008 0.0257665 0.052722 0.0873938 0.117371 0.127733 0.112694 0.0807221 0.0472156 0.0231126 0.0105207 0.00613735 0.00606572 0.00791136 0.0106032 0.0136652 0.0167664 0.0195811 0.0218003 0.0231888 0.0236335 0.0231637 0.0219314 0.0201637 0.0181033 0.0159581 0.0138729 0.0119265 0.010146 0.00853018 0.00706906
 1.02846e-16 2.56809e-05 0.000150704 0.000716331 0.00275784 0.00859999 0.0217231 0.0444495 0.0736847 0.098971 0.107738 0.0951226 0.0682885 0.0402506 0.0202771 0.0101999 0.00728985 0.00830111 0.0112204 0.0150986 0.019428 0.023769 0.0276564 0.0306464 0.0324058 0.0327843 0.0318421 0.0298203 0.027069 0.0239585 0.0208025 0.0178155 0.0151076 0.0127064 0.0105924 0.00873033
pSPR Fmed_Fpbrs
0.684036   0.336971 0.336971
Fs Fmed_Fpbrs
0.241858   1.005 1.005
SSBpbr Bo_Bmed_Bpbrs
1.22822e+06  778739  352464 352464
Ro
53103.6
SPR SPRFo_SPRFmed_SPRFpbrs
1.09253e+06 747332 368151
log_Ro
10.7
likeval ReclasPelacesDesembMPH_pf_preclas_ppelaces_ptallas_desvR_qrecl_qpela
 64.9781 28.068 0.0128405 0.000183626 287.186 170.429 80.7267 0 15.2226 7.26283e-05 0 0 0 0 0
q_reclas_q_pelaces
0.298903 1
M
0.7
N
 47453.4 15064 5691.73 679.481 0.348783
 61712.7 21645.2 4759.76 1798.4 214.805
 36488.6 28463.3 7254.97 1595.36 674.78
 61952 16212.3 7820.53 1993.36 623.739
 106926 30107.9 7177.73 3462.41 1158.68
 75662.2 52884.5 14634.4 3488.84 2246.14
 120891 36147.8 21378.5 5915.91 2318.35
 120575 58590.4 15771.6 9327.58 3592.67
 148788 57093.7 22587.2 6080.1 4980.89
 149440 70144.2 21502.3 8506.65 4165.72
 68518.1 71286.1 28125.2 8621.62 5081.15
 40447.3 31379 23009.2 9078.06 4422.88
 42478.8 18640.2 10472.6 7679.21 4505.87
 23210 18740 4931.25 2770.5 3223.55
 18100.6 9354.31 3064.47 806.385 980.18
 22205 7373.45 1619.18 530.444 309.245
 18312.8 10191 2407.31 528.635 274.144
 19590.9 8594.95 3748.16 885.385 295.255
 22262.6 9361.58 3478.35 1516.87 477.801
 42760 10691.7 3890.98 1445.72 829.051
 53498 20520.2 4426.11 1610.78 941.701
 68966.2 26147.9 9364.59 2019.89 1164.85
 107808 33564.3 11664.2 4177.39 1420.66
 97664.2 52272 14677.9 5100.81 2448.07
pred_Ctot
 2793.48 4043.62 1527.82 182.392 0.0936233
 3173.98 5174.99 1137.97 429.967 51.356
 2780.08 9457.45 2410.59 530.087 224.208
 952.001 1272.81 613.978 156.496 48.9689
 308.91 459.313 109.5 52.821 17.6763
 2068.19 7156.3 1980.31 472.107 303.947
 2091.78 3179.21 1880.24 520.306 203.9
 4040.38 9563.25 2574.27 1522.47 586.403
 5435.03 10078.7 3987.31 1073.32 879.274
 4244.05 9834.18 3014.61 1192.63 584.033
 3850.12 18392.1 7256.43 2224.42 1310.96
 2102.19 7570.55 5551.25 2190.19 1067.07
 3432.95 6492.27 3647.53 2674.62 1569.36
 3182.78 9615.82 2530.31 1421.59 1654.05
 2365.79 4647.99 1522.68 400.678 487.034
 1215.77 1860.58 408.576 133.85 78.0334
 724.876 1933.94 456.833 100.319 52.0242
 532.668 1157.33 504.699 119.219 39.7568
 527.588 1108.84 411.994 179.666 56.5933
 1035.74 1292.59 470.407 174.783 100.23
 606.52 1201.29 259.112 94.2978 55.1289
 990.791 1924.26 689.154 148.647 85.7227
 1832.77 2902.66 1008.73 361.264 122.86
 1676.88 4563.55 1281.44 445.321 213.726
F
 0.0849646 0.452114 0.452114 0.452114 0.452114
 0.0738737 0.393097 0.393097 0.393097 0.393097
 0.111227 0.591864 0.591864 0.591864 0.591864
 0.0215719 0.114789 0.114789 0.114789 0.114789
 0.00402434 0.0214143 0.0214143 0.0214143 0.0214143
 0.0386617 0.205727 0.205727 0.205727 0.205727
 0.0243194 0.129409 0.129409 0.129409 0.129409
 0.0475809 0.253188 0.253188 0.253188 0.253188
 0.0519682 0.276534 0.276534 0.276534 0.276534
 0.0401953 0.213887 0.213887 0.213887 0.213887
 0.0809601 0.430805 0.430805 0.430805 0.430805
 0.0746783 0.397379 0.397379 0.397379 0.397379
 0.118344 0.62973 0.62973 0.62973 0.62973
 0.208747 1.11079 1.11079 1.11079 1.11079
 0.19806 1.05392 1.05392 1.05392 1.05392
 0.0788126 0.419378 0.419378 0.419378 0.419378
 0.0564235 0.300241 0.300241 0.300241 0.300241
 0.0384531 0.204617 0.204617 0.204617 0.204617
 0.0334421 0.177952 0.177952 0.177952 0.177952
 0.0341926 0.181946 0.181946 0.181946 0.181946
 0.0158754 0.084476 0.084476 0.084476 0.084476
 0.0201549 0.107248 0.107248 0.107248 0.107248
 0.0238895 0.127121 0.127121 0.127121 0.127121
 0.0241302 0.128402 0.128402 0.128402 0.128402
nmprior
 10 10 8 0
nm_flota  nm_reclas  nm_pelaces    nm_pelaL
inf 15.192 19.1825 34.6327
cv_recla  cv_pelaces  cv_mph
0.746294 0.623405 0.439648
 ------------------------------------------------
Talla a la edad & desviación 
 7.2 14.2025 17.0495 18.207 18.6776
 1.08 2.13037 2.55742 2.73105 2.80164
