years
 1997 1998 1999 2000 2001 2002 2003 2004 2005 2006 2007 2008 2009 2010 2011 2012 2013 2014 2015 2016 2017 2018 2019 2020
reclasobs
 0 0 0 370054 412103 1.49427e+06 250295 1.28982e+06 931140 785840 897777 1.04006e+06 184774 17550 25797 100020 73551 82996 120727 218422 84188 347160 605670 569463
reclaspred
 1.81339e+06 231979 311618 110305 245458 251968 528805 455315 609568 1.02855e+06 907252 585565 364424 157913 96229 90483.2 102581 120519 104101 176871 307186 279553 415163 306735
pelacesobs
 0 0 0 0 0 0 0 0 0 2.06254e+06 1.5e+06 0 1.87456e+06 323000 250000 174000 83755 137374 0 501740 490994 745055 786931 1.00524e+06
pelacespred
 1.27459e+06 464899 147262 117825 227123 165271 502713 430478 578484 985419 747887 496595 325816 111496 68663.3 69103.8 81666.7 97408.8 84101.4 145675 282682 246215 288397 251429
mphobs
 0 0 0 0 0 112323 0 153150 637223 0 255016 313432 73983 77613 109348 50772 0 0 0 0 0 0 0 0
mphpred
 1.97421e+06 844083 376687 183791 138775 346136 384097 488642 545000 758457 1.28025e+06 906291 512322 283200 120225 93953.6 105590 128472 134518 131280 267565 354104 414192 454367
desembarqueobs
 350755 77701 442110 56441 14545 235359 269955 359681 431902 328805 639364 411747 362871 311530 167758 66681 60226 58785 57116 71774 51957 67425 138520 160799
desembarquepred
 350744 77681.5 441626 56422.4 14544 235243 269873 359214 431538 328590 638740 411428 362365 311111 167443 66638.3 60209.9 58749.1 57075.9 71717.8 51945.5 67390.6 138449 160727
Reclutas
 9175.74 13655.4 2181.15 11185.7 56784.8 18745.5 53321.5 76359.2 98602.4 212836 56408.5 26797.9 51243.5 22418.2 14930.8 15337.8 10642.2 9942.51 8502.59 29007.1 33689.8 36573.9 42643.6 12365.8
log_desv_Rt
 -0.975682 -0.578106 -2.41239 -0.777609 0.847023 -0.26129 0.784095 1.1432 1.39885 2.16828 0.840375 0.096079 0.744343 -0.0823706 -0.488818 -0.461925 -0.827414 -0.895425 -1.05187 0.175296 0.32495 0.407089 0.560631 -0.677308
SSB
 1.97421e+06 844083 376687 183791 138775 346136 384097 488642 545000 758457 1.28025e+06 906291 512322 283200 120225 93953.6 105590 128472 134518 131280 267565 354104 414192 454367
BT
 2.50315e+06 1.00059e+06 511133 276993 418988 478699 1.09552e+06 1.15591e+06 1.42655e+06 2.06855e+06 1.89215e+06 1.2583e+06 942032 496877 262205 178434 194988 221778 200280 319397 547069 504226 612629 589759
Ftot
 0.125956 0.228679 0.861122 0.42642 0.0981701 0.66265 0.595356 1.01229 0.890902 0.460734 0.524184 0.4924 0.904577 1.52973 1.68239 0.724256 0.556702 0.435389 0.440072 0.523293 0.170852 0.203337 0.266961 0.36186
BD_Bspro_t
 0.98033 0.855383 0.644079 0.319292 0.415665 0.692155 0.533644 0.54124 0.522263 0.554307 0.643982 0.484016 0.35261 0.263503 0.150433 0.147908 0.216113 0.32404 0.389059 0.442645 0.6409 0.750782 0.746558 0.699939
BD_Bspro
 3.94193 1.68539 0.752135 0.366978 0.277093 0.691135 0.766931 0.975678 1.08821 1.51442 2.5563 1.8096 1.02296 0.565468 0.240054 0.187598 0.210833 0.256522 0.268593 0.262128 0.534249 0.707044 0.827021 0.90724
BD_Bo
 2.02956 0.867748 0.387248 0.188944 0.142665 0.355841 0.394866 0.502342 0.56028 0.779721 1.31615 0.9317 0.526686 0.291139 0.123595 0.0965878 0.10855 0.132074 0.138289 0.134961 0.275066 0.364032 0.425804 0.467106
BD_Brms
 6.80633 2.91008 1.29867 0.633642 0.478442 1.19335 1.32422 1.68466 1.87896 2.61487 4.41383 3.12455 1.76629 0.976365 0.41449 0.323917 0.364035 0.442923 0.463766 0.452604 0.922462 1.22082 1.42798 1.56649
S_f
 0.151645 1 1 1 1
 0.151645 1 1 1 1
 0.151645 1 1 1 1
 0.151645 1 1 1 1
 0.151645 1 1 1 1
 0.151645 1 1 1 1
 0.151645 1 1 1 1
 0.151645 1 1 1 1
 0.151645 1 1 1 1
 0.151645 1 1 1 1
 0.151645 1 1 1 1
 0.151645 1 1 1 1
 0.151645 1 1 1 1
 0.151645 1 1 1 1
 0.151645 1 1 1 1
 0.151645 1 1 1 1
 0.151645 1 1 1 1
 0.151645 1 1 1 1
 0.151645 1 1 1 1
 0.151645 1 1 1 1
 0.151645 1 1 1 1
 0.151645 1 1 1 1
 0.151645 1 1 1 1
 0.151645 1 1 1 1
Scru_reclas
 0.880443 1 1 1 1
 0.880443 1 1 1 1
 0.880443 1 1 1 1
 0.880443 1 1 1 1
 0.880443 1 1 1 1
 0.880443 1 1 1 1
 0.880443 1 1 1 1
 0.880443 1 1 1 1
 0.880443 1 1 1 1
 0.880443 1 1 1 1
 0.880443 1 1 1 1
 0.880443 1 1 1 1
 0.880443 1 1 1 1
 0.880443 1 1 1 1
 0.880443 1 1 1 1
 0.880443 1 1 1 1
 0.880443 1 1 1 1
 0.880443 1 1 1 1
 0.880443 1 1 1 1
 0.880443 1 1 1 1
 0.880443 1 1 1 1
 0.880443 1 1 1 1
 0.880443 1 1 1 1
 0.880443 1 1 1 1
Scru_pelaces
 1 1 1 1 1
 1 1 1 1 1
 1 1 1 1 1
 1 1 1 1 1
 1 1 1 1 1
 1 1 1 1 1
 1 1 1 1 1
 1 1 1 1 1
 1 1 1 1 1
 1 1 1 1 1
 1 1 1 1 1
 1 1 1 1 1
 1 1 1 1 1
 1 1 1 1 1
 1 1 1 1 1
 1 1 1 1 1
 1 1 1 1 1
 1 1 1 1 1
 1 1 1 1 1
 1 1 1 1 1
 1 1 1 1 1
 1 1 1 1 1
 1 1 1 1 1
 1 1 1 1 1
pf_obs 
 0.256992 0.487395 0.22802 0.0275931 0
 0.321318 0.546541 0.124235 0.00734118 0.000564706
 0.182869 0.594174 0.210203 0.0122559 0.00049798
 0.330522 0.361315 0.267642 0.0388342 0.00168674
 0.649043 0.306663 0.0425973 0.00169635 0
 0.582887 0.30429 0.105238 0.00758474 0
 0.465427 0.430635 0.0974691 0.00646863 0
 0.296916 0.608066 0.0921331 0.00288517 0
 0.311714 0.524322 0.152257 0.0117073 0
 0.15457 0.633149 0.183074 0.0267441 0.00246327
 0.131901 0.49318 0.331252 0.0422183 0.00144891
 0.196976 0.569456 0.194076 0.0375587 0.00193317
 0.518974 0.381816 0.0799577 0.0180837 0.00116848
 0.0928022 0.601141 0.25162 0.0475244 0.00691264
 0.122501 0.610282 0.24278 0.0234846 0.000952079
 0.383417 0.481906 0.127806 0.00687128 0
 0.0376549 0.599619 0.316969 0.0457579 0
 0.0361596 0.667082 0.258105 0.0386534 0
 0.158088 0.579412 0.248529 0.0139706 0
 0.0477256 0.309471 0.559284 0.082774 0.000745712
 0.0406174 0.521527 0.379366 0.0568643 0.0016247
 0.151134 0.462217 0.34131 0.0453401 0
 0.294876 0.26143 0.354403 0.0886775 0.000613685
 0.281977 0.475581 0.204845 0.0348837 0.00271318
pf_pred 
 0.018517 0.635301 0.305782 0.0403973 2.03739e-06
 0.0555218 0.110234 0.539996 0.25991 0.0343388
 0.0200642 0.296031 0.0798211 0.391015 0.213068
 0.264286 0.127112 0.183854 0.0495739 0.375174
 0.560935 0.327039 0.0193551 0.027995 0.0646754
 0.103818 0.805002 0.0679155 0.00401943 0.0192447
 0.379005 0.320033 0.270342 0.0228079 0.00781273
 0.362112 0.538357 0.0512941 0.0433297 0.0049078
 0.349513 0.561224 0.075335 0.00717784 0.00675013
 0.429885 0.483337 0.0748702 0.0100501 0.00185806
 0.0826307 0.790583 0.107488 0.0166502 0.00264822
 0.0752592 0.402126 0.450386 0.0612346 0.0109941
 0.257961 0.301393 0.191616 0.214612 0.0344175
 0.163361 0.655956 0.0733878 0.0466575 0.0606375
 0.243838 0.562304 0.151992 0.0170047 0.0248614
 0.304163 0.584349 0.0829057 0.0224096 0.0061727
 0.188266 0.653953 0.132501 0.0187988 0.00648101
 0.195138 0.537885 0.215083 0.0435791 0.00831445
 0.178269 0.545918 0.184324 0.0737052 0.017783
 0.461691 0.344345 0.128861 0.0435085 0.0215952
 0.264585 0.647058 0.0565199 0.0211509 0.010686
 0.208892 0.569835 0.194687 0.0170058 0.00957909
 0.210199 0.519345 0.194809 0.0665576 0.00908854
 0.065433 0.622732 0.205052 0.0769159 0.0298671
pobs_RECLAS
 0 0 0 0 0
 0 0 0 0 0
 0 0 0 0 0
 0 0 0 0 0
 0.835266 0.146461 0.0176864 0.000547809 3.91292e-05
 0.385257 0.428462 0.181853 0.0044286 0
 0.867414 0.0963971 0.0333333 0.00285562 0
 0.441836 0.489002 0.0689373 0.000224442 0
 0.779404 0.147425 0.0564933 0.0165055 0.000172143
 0.814271 0.122319 0.05973 0.00367925 0
 0.40263 0.566651 0.0304383 0.000280538 0
 0.475488 0.404961 0.113038 0.00651328 0
 0.955842 0.0263864 0.0167828 0.000988607 0
 0.975058 0.0227948 0.00214734 0 0
 0.738997 0.206755 0.0527124 0.00153531 0
 0.850938 0.134255 0.0134407 0.00136685 0
 0.542534 0.407297 0.0501686 0 0
 0.764087 0.199537 0.0359546 0.000420521 0
 0.470689 0.182191 0.310203 0.0369168 0
 0.84361 0.089868 0.0606195 0.00523954 0.000663233
 0.607945 0.314616 0.071237 0.00620181 0
 0.523733 0.453247 0.0230204 0 0
 0.530135 0.295979 0.169645 0.0042399 0
 0.562478 0.366248 0.0663022 0.0049721 0
ppred_RECLAS
 0.0993308 0.582992 0.280605 0.037071 1.86963e-06
 0.256988 0.0867198 0.42481 0.204469 0.027014
 0.113177 0.267903 0.0722365 0.353861 0.192822
 0.682036 0.0549359 0.0794587 0.021425 0.162144
 0.881743 0.0880842 0.00521307 0.00754013 0.0174195
 0.414116 0.526274 0.0444001 0.00262773 0.0125813
 0.787208 0.109663 0.092636 0.00781541 0.00267713
 0.782758 0.183345 0.0174689 0.0147566 0.00167142
 0.770675 0.197856 0.0265589 0.0025305 0.00237971
 0.818691 0.153712 0.0238103 0.00319614 0.000590904
 0.351659 0.558737 0.075966 0.0117673 0.0018716
 0.32827 0.292103 0.32716 0.0444807 0.00798607
 0.685318 0.127814 0.08126 0.0910122 0.0145957
 0.57168 0.335819 0.0375711 0.0238864 0.0310435
 0.693306 0.228067 0.0616469 0.006897 0.0100836
 0.728552 0.227957 0.0323418 0.00874204 0.00240799
 0.583465 0.335571 0.0679918 0.00964647 0.00332568
 0.591637 0.272907 0.109127 0.0221107 0.00421851
 0.564629 0.28924 0.0976589 0.0390506 0.00942183
 0.837773 0.103773 0.0388338 0.0131119 0.00650801
 0.67834 0.283014 0.024721 0.0092511 0.0046739
 0.607993 0.282363 0.0964709 0.00842665 0.00474661
 0.610895 0.255862 0.0959751 0.0327904 0.00447758
 0.293746 0.4706 0.154958 0.0581255 0.0225706
pobs_PELACES
 0 0 0 0 0
 0 0 0 0 0
 0 0 0 0 0
 0 0 0 0 0
 0 0 0 0 0
 0 0 0 0 0
 0 0 0 0 0
 0 0 0 0 0
 0 0 0 0 0
 0 0 0 0 0
 0.450072 0.473896 0.0757376 0.000293798 0
 0 0 0 0 0
 0.463077 0.371075 0.160297 0.00555027 0
 0.529543 0.364841 0.0842815 0.0213345 0
 0.631943 0.363953 0.00410389 0 0
 0.735681 0.248677 0.0153453 0.000297389 0
 0.695825 0.281241 0.0229344 0 0
 0.275771 0.60734 0.115278 0.00161068 0
 0 0 0 0 0
 0.896147 0.0623911 0.0374545 0.00400742 0
 0.803859 0.145111 0.0509908 3.86294e-05 0
 0.739449 0.233085 0.0266225 0.000797448 4.60066e-05
 0.878498 0.100942 0.0204185 0.000141795 0
 0.694673 0.275183 0.0284847 0.00165964 0
ppred_PELACES
 0.114854 0.572944 0.275768 0.0364321 1.83741e-06
 0.295185 0.0822616 0.402971 0.193957 0.0256252
 0.155738 0.255045 0.0687697 0.336879 0.183568
 0.732992 0.0461321 0.066725 0.0179916 0.13616
 0.896956 0.0767525 0.00454243 0.00657012 0.0151786
 0.491468 0.456792 0.0385382 0.0022808 0.0109202
 0.832323 0.0864129 0.0729958 0.00615843 0.00210954
 0.844558 0.131188 0.0124995 0.0105587 0.00119594
 0.830457 0.146277 0.0196353 0.00187083 0.00175935
 0.853688 0.124042 0.0192144 0.00257922 0.000476847
 0.416374 0.502965 0.0683833 0.0105928 0.00168478
 0.389161 0.265625 0.297503 0.0404486 0.00726214
 0.761131 0.0970211 0.0616827 0.0690855 0.0110793
 0.69937 0.235705 0.0263705 0.0167655 0.0217889
 0.804388 0.145463 0.0393189 0.00439896 0.00643141
 0.788745 0.177407 0.02517 0.0068035 0.00187402
 0.650263 0.281757 0.0570882 0.0080995 0.00279235
 0.650209 0.233764 0.0934746 0.0189394 0.00361344
 0.624924 0.249182 0.084134 0.0336425 0.00811699
 0.871645 0.0821059 0.0307256 0.0103742 0.00514918
 0.71531 0.250486 0.0218797 0.00818782 0.0041367
 0.650932 0.251434 0.0859038 0.00750362 0.00422668
 0.657718 0.225073 0.0844258 0.0288445 0.00393877
 0.3433 0.437581 0.144085 0.0540471 0.020987
pobs_pel_tallas
 0 0 0 0 0 0 0 0 0 0 0 0 0 0 0 0 0 0 0 0 0 0 0 0 0 0 0 0 0 0 0 0 0 0 0 0
 0 0 0 0 0 0 0 0 0 0 0 0 0 0 0 0 0 0 0 0 0 0 0 0 0 0 0 0 0 0 0 0 0 0 0 0
 0 0 0 0 0 0 0 0 0 0 0 0 0 0 0 0 0 0 0 0 0 0 0 0 0 0 0 0 0 0 0 0 0 0 0 0
 0 0 0 0 0 0 0 0 0 0 0 0 0 0 0 0 0 0 0 0 0 0 0 0 0 0 0 0 0 0 0 0 0 0 0 0
 0 0 0 0 0 0 0 0 0 0 0 0 0 0 0 0 0 0 0 0 0 0 0 0 0 0 0 0 0 0 0 0 0 0 0 0
 0 0 0 0 0 0 0 0 0 0 0 0 0 0 0 0 0 0 0 0 0 0 0 0 0 0 0 0 0 0 0 0 0 0 0 0
 0 0 0 0 0 0 0 0 0 0 0 0 0 0 0 0 0 0 0 0 0 0 0 0 0 0 0 0 0 0 0 0 0 0 0 0
 0 0 0 0 0 0 0 0 0 0 0 0 0 0 0 0 0 0 0 0 0 0 0 0 0 0 0 0 0 0 0 0 0 0 0 0
 0 0 0 0 0 0 0 0 0 0 0 0 0 0 0 0 0 0 0 0 0 0 0 0 0 0 0 0 0 0 0 0 0 0 0 0
 0 0 0 0 0 0 0 0 0 0 0 0 0 0 0 0 0 0 0 0 0 0 0 0 0 0 0 0 0 0 0 0 0 0 0 0
 0 0 0 0 0 0 0 0 1.78061e-05 0.00172719 0.00360574 0.0105946 0.0120993 0.0124554 0.0147524 0.0171206 0.0266825 0.0428682 0.0675386 0.121331 0.153587 0.119568 0.100827 0.0573624 0.0630603 0.0341343 0.0324427 0.0444173 0.0211091 0.0280891 0.0125444 0.00206551 0 0 0 0
 0 0 0 0 0 0 0 0 0 0 0 0 0 0 0 0 0 0 0 0 0 0 0 0 0 0 0 0 0 0 0 0 0 0 0 0
 0 0 0 0 0 0 0.0133647 0.0140871 0.0187388 0.0205184 0.03894 0.0496705 0.03968 0.0493445 0.0407372 0.0367815 0.0215668 0.0243155 0.0234873 0.0199281 0.019796 0.0243948 0.0301388 0.0376714 0.0412746 0.0863199 0.0771752 0.113111 0.0741005 0.0525337 0.0229764 0.00759418 0.00175318 0 0 0
 0 0 0 0 0 0 0 0 0 0 0.00219441 0.00772107 0.0458388 0.0604681 0.0671733 0.0775358 0.0609151 0.0617685 0.073594 0.0568108 0.0755445 0.0548602 0.0670107 0.0636378 0.0643287 0.046367 0.0373049 0.0286899 0.0247887 0.0153202 0.00654259 0.00121912 0.000365735 0 0 0
 0 0 0 0 0 0 0 0 0 0 0 0 0.000112435 0.00938835 0.0111873 0.0202946 0.0414886 0.0713402 0.111592 0.104902 0.108894 0.110636 0.117776 0.105296 0.107544 0.0401394 0.0192827 0.0124803 0.00416011 0.0028671 0.000618394 0 0 0 0 0
 0 0 0 0 0 0 0 0 0 0 0.00291406 0.0102884 0.027416 0.0768956 0.0749926 0.110853 0.0956884 0.0897413 0.0766577 0.0534642 0.0500743 0.0551293 0.0594112 0.0620874 0.0668451 0.0424026 0.0208742 0.0120726 0.0048766 0.00582813 0.00118941 0.000297354 0 0 0 0
 0 0.00264628 0.0354308 0.0461629 0.0458689 0.0383711 0.0214643 0.0164657 0.0346957 0.0420465 0.0363128 0.0245516 0.0311673 0.0291091 0.0169068 0.0133784 0.00837989 0.0085269 0.0148486 0.0160247 0.0276389 0.0546898 0.0760071 0.122758 0.109233 0.0665981 0.0333725 0.0166128 0.00676272 0.00308733 0.000882094 0 0 0 0 0
 0 0 0 0 0 0 0 0.000805153 0.000690131 0.00759144 0.0133425 0.0154129 0.00931677 0.000345066 0.00356568 0.00563607 0.00851162 0.0253048 0.0502646 0.0516448 0.0657925 0.0565908 0.0611916 0.0827007 0.0866115 0.110766 0.145733 0.0935128 0.0569358 0.0249597 0.0138026 0.00621118 0.00161031 0.00115022 0 0
 0 0 0 0 0 0 0 0 0 0 0 0 0 0 0 0 0 0 0 0 0 0 0 0 0 0 0 0 0 0 0 0 0 0 0 0
 0.00147267 0.00158595 0.00478618 0.00569244 0.00954404 0.0108468 0.00647125 0.017049 0.0510054 0.094081 0.124002 0.0959785 0.0687766 0.0820023 0.061753 0.0591476 0.0492212 0.0479892 0.0443925 0.0268479 0.0217502 0.0140895 0.0121071 0.0120363 0.00920419 0.00665534 0.0049561 0.00860946 0.00930331 0.0156896 0.0114698 0.00855282 0.00243557 0.00046729 0 2.83206e-05
 0 0 0 0 0.000772559 0.00158375 0.000888443 0.00281984 0.00712685 0.0440552 0.0773331 0.111326 0.0921469 0.0852325 0.0710754 0.0886704 0.0786465 0.0553345 0.0373146 0.0185414 0.00753245 0.00457741 0.012979 0.0271748 0.0457355 0.0583668 0.034881 0.0177882 0.00938659 0.00492506 0.0015258 0.00185414 0.000309023 5.79419e-05 3.86279e-05 0
 0 0.00173294 0.00326652 0 0.00397197 0.00683976 0.00946217 0.0152591 0.00757587 0.0136028 0.0228656 0.0392903 0.0559909 0.0764795 0.0681675 0.0726916 0.0566044 0.0477403 0.0527397 0.0444891 0.0609904 0.0582453 0.0661739 0.0445044 0.0529084 0.0360697 0.0280645 0.0235558 0.0158879 0.00826598 0.00280645 0.00217768 0.000904811 0.00058276 9.20147e-05 0
 0 0 0 0 0 0 0 0 0 0 0 0 0 0 0 0 0 0 0 0 0 0 0 0 0 0 0 0 0 0 0 0 0 0 0 0
 0 0 0 0 0 0 0 0 0 0 0 0 0 0 0 0 0 0 0 0 0 0 0 0 0 0 0 0 0 0 0 0 0 0 0 0
ppred_pel_tallas
 1.05354e-16 5.0447e-06 2.95239e-05 0.000140167 0.000539357 0.00168167 0.00424837 0.00869725 0.0144339 0.0194365 0.0212883 0.0191053 0.0143912 0.00984349 0.00748269 0.00791864 0.0108745 0.0159127 0.0226951 0.0308731 0.0399225 0.0490895 0.0574657 0.0641492 0.068434 0.0699573 0.0687605 0.0652422 0.0600283 0.0538095 0.047199 0.0406517 0.0344492 0.0287335 0.023561 0.0189502
 1.13609e-16 1.28882e-05 7.56168e-05 0.000359398 0.00138362 0.00431459 0.0108983 0.0222999 0.0369667 0.0496519 0.0540489 0.0477177 0.0342523 0.0201855 0.0101762 0.00516538 0.00382688 0.00460654 0.0066077 0.0095082 0.0132371 0.0177612 0.022996 0.0287797 0.0348722 0.0409643 0.0466965 0.0516841 0.0555526 0.0579793 0.0587374 0.0577344 0.0550344 0.0508551 0.0455414 0.0395161
 1.21213e-16 6.81325e-06 3.99394e-05 0.000189756 0.000730407 0.00227754 0.0057531 0.0117736 0.0195236 0.0262428 0.0286184 0.0253888 0.0184918 0.0114359 0.00676196 0.00506524 0.00574614 0.00806186 0.0115634 0.016025 0.0212608 0.0270257 0.0330096 0.0388846 0.0443659 0.0492554 0.0534517 0.0569207 0.0596454 0.0615762 0.0626078 0.0625923 0.0613838 0.0588949 0.0551453 0.0502838
 1.07943e-16 3.19762e-05 0.000187686 0.0008922 0.00343506 0.010712 0.0270574 0.0553621 0.0917655 0.123228 0.13407 0.118196 0.0844698 0.0490182 0.0232712 0.00937595 0.00380379 0.00242749 0.00274961 0.00373746 0.00506853 0.0066463 0.00841621 0.0103206 0.0122955 0.0142738 0.0161866 0.0179606 0.0195155 0.0207635 0.0216154 0.0219917 0.0218377 0.021137 0.0199192 0.0182598
 1.01025e-16 3.91272e-05 0.000229666 0.00109177 0.00420344 0.0131081 0.0331099 0.0677461 0.112293 0.150794 0.164061 0.144637 0.103368 0.0599863 0.0284766 0.0114588 0.00460005 0.00282383 0.00303343 0.00390846 0.00498374 0.00606463 0.00701494 0.00771914 0.00809577 0.00811467 0.00780306 0.00723583 0.00651439 0.00574102 0.00499738 0.00433286 0.00376411 0.00328312 0.00286898 0.00249896
 1.01285e-16 2.14615e-05 0.000125917 0.00059846 0.00230394 0.0071845 0.0181479 0.0371356 0.0615667 0.0827132 0.0900899 0.0796594 0.0574451 0.0343769 0.0182737 0.0107546 0.00962406 0.0122227 0.0168556 0.0226218 0.0288815 0.0349599 0.0401167 0.0436589 0.0450935 0.0442457 0.0413002 0.0367469 0.0312537 0.0255096 0.0200887 0.0153696 0.0115212 0.00853973 0.00631223 0.00468053
 1.01375e-16 3.63095e-05 0.000213122 0.00101311 0.0039006 0.0121637 0.0307244 0.0628654 0.104203 0.139933 0.15225 0.134237 0.0959638 0.0557482 0.0265762 0.0108926 0.00469211 0.00327997 0.00379628 0.00502364 0.00652913 0.00811936 0.00964311 0.0109577 0.0119445 0.0125295 0.0126932 0.0124665 0.0119152 0.0111195 0.0101573 0.00909382 0.00798044 0.00685773 0.00576041 0.00472012
 1.00639e-16 3.68446e-05 0.00021626 0.00102802 0.00395799 0.0123427 0.0311765 0.0637908 0.105738 0.141997 0.154505 0.136245 0.0974436 0.0566962 0.0271922 0.0114249 0.00533969 0.00417381 0.0050113 0.00658301 0.00839524 0.0101826 0.0117203 0.012808 0.0133031 0.0131528 0.0124056 0.0111963 0.00970923 0.00813492 0.00663132 0.00530212 0.00419322 0.00330393 0.00260507 0.00205682
 1.00473e-16 3.62304e-05 0.000212652 0.00101087 0.00389194 0.0121367 0.0306562 0.0627264 0.103974 0.13963 0.151934 0.133988 0.0958507 0.0558132 0.0268508 0.011423 0.00555035 0.00455494 0.00556958 0.00733881 0.00936072 0.0113498 0.0130561 0.0142546 0.0147842 0.0145844 0.0137086 0.0123072 0.010588 0.00876692 0.00702548 0.0054852 0.00420317 0.00318339 0.00239623 0.00179775
 1.00425e-16 3.72425e-05 0.000218596 0.00103913 0.00400076 0.012476 0.0315134 0.06448 0.10688 0.143531 0.156171 0.13771 0.0984809 0.0572792 0.0274333 0.0114601 0.00525761 0.0040095 0.00476849 0.0062555 0.00797921 0.00968226 0.0111499 0.0121904 0.012666 0.0125239 0.011807 0.0106404 0.00919814 0.00766151 0.00618332 0.0048667 0.00376113 0.00287192 0.00217637 0.0016398
 1.01578e-16 1.8189e-05 0.0001067 0.00050709 0.00195213 0.00608737 0.0153767 0.0314659 0.0521705 0.0701006 0.0763808 0.0676053 0.0488999 0.0295587 0.0162515 0.0104042 0.0102105 0.0134566 0.0187132 0.0251738 0.032195 0.0390502 0.044927 0.0490578 0.0508892 0.0502118 0.047208 0.0423935 0.036482 0.0302154 0.0242171 0.0189058 0.0144791 0.0109524 0.00822579 0.00615017
 1.06039e-16 1.69934e-05 9.97012e-05 0.000473861 0.00182427 0.00568869 0.0143694 0.0294032 0.0487454 0.0654827 0.0713083 0.0630184 0.0453719 0.0270093 0.0141059 0.00793212 0.0067511 0.00848509 0.0118594 0.0162761 0.0213878 0.0268436 0.0322266 0.0370955 0.0410584 0.0438393 0.045312 0.0454939 0.0445077 0.0425324 0.0397599 0.0363737 0.0325459 0.0284451 0.0242432 0.0201131
 1.03799e-16 3.32055e-05 0.000194898 0.000926475 0.00356701 0.0111234 0.0280968 0.0574891 0.0952924 0.127969 0.139238 0.122777 0.0877982 0.0510597 0.0244457 0.0102032 0.00468235 0.00360269 0.00435867 0.00584145 0.00765249 0.00960504 0.0115454 0.0133254 0.0148192 0.0159443 0.0166695 0.0170085 0.0170022 0.0166983 0.0161361 0.0153421 0.0143349 0.0131355 0.0117764 0.0103063
 1.02046e-16 3.0518e-05 0.000179107 0.000851376 0.00327781 0.0102215 0.0258188 0.0528294 0.0875727 0.117614 0.128005 0.112951 0.0809437 0.0474202 0.0233513 0.01086 0.00664611 0.00680717 0.00893415 0.011928 0.0152689 0.01857 0.0214471 0.0235448 0.024607 0.0245359 0.023412 0.0214665 0.0190178 0.0163922 0.0138583 0.0115884 0.00965497 0.00805172 0.00672694 0.0056154
 1.01058e-16 3.50937e-05 0.000205979 0.000979143 0.00376978 0.0117557 0.029694 0.0607575 0.100711 0.135248 0.147167 0.129788 0.0928548 0.0540858 0.0260524 0.011141 0.00550229 0.00461074 0.00569476 0.00754284 0.00967134 0.0118033 0.0136926 0.0151134 0.0158985 0.0159748 0.0153778 0.0142358 0.0127339 0.0110679 0.00940424 0.00785797 0.00648837 0.00530989 0.00430958 0.00346362
 1.00737e-16 3.44129e-05 0.000201979 0.000960121 0.00369653 0.0115273 0.029117 0.0595772 0.0987556 0.132625 0.144321 0.127297 0.0911126 0.0531525 0.025755 0.0112736 0.00594621 0.00534248 0.00674091 0.00893437 0.0114123 0.0138524 0.0159566 0.0174528 0.0181451 0.0179586 0.0169551 0.0153135 0.0132815 0.0111166 0.00903501 0.00718125 0.00562325 0.00436622 0.00337623 0.00260331
 1.01312e-16 2.83787e-05 0.000166543 0.000791635 0.00304778 0.00950416 0.0240069 0.0491223 0.0814297 0.10937 0.119048 0.105084 0.0753858 0.0443256 0.0221283 0.0107969 0.00729204 0.0080061 0.010702 0.0143333 0.0183594 0.0223337 0.0257943 0.0283078 0.0295568 0.0294122 0.0279601 0.0254705 0.0223245 0.0189215 0.0156002 0.0125915 0.0100102 0.00787608 0.00614897 0.00476356
 1.02223e-16 2.83745e-05 0.000166522 0.000791546 0.00304745 0.00950315 0.0240043 0.0491167 0.081419 0.109352 0.119018 0.105033 0.0752975 0.0441692 0.0218579 0.01035 0.00659273 0.0069736 0.00926651 0.0124577 0.0160628 0.0197101 0.023018 0.025621 0.0272383 0.0277323 0.0271329 0.0256157 0.0234475 0.020917 0.0182762 0.0157057 0.0133102 0.0111334 0.00918274 0.00745142
 1.02811e-16 2.72725e-05 0.000160052 0.00076078 0.00292899 0.00913373 0.0230712 0.0472076 0.0782552 0.105105 0.114401 0.100973 0.0724177 0.0425418 0.0211677 0.0102157 0.0067628 0.00734501 0.00982423 0.0132174 0.0170389 0.0209008 0.0244008 0.027154 0.028867 0.0294 0.028791 0.0272317 0.0250073 0.0224226 0.019738 0.0171348 0.0147108 0.0124991 0.0104968 0.00868999
 1.01061e-16 3.80238e-05 0.000223187 0.00106097 0.00408484 0.0127383 0.0321757 0.0658348 0.109125 0.146541 0.159436 0.140565 0.100471 0.0583319 0.0277418 0.0112529 0.00466101 0.00303957 0.00338437 0.00441439 0.00567535 0.0069706 0.00815526 0.0091005 0.00970852 0.00993138 0.00977891 0.00931094 0.00861794 0.00779696 0.00693124 0.00607895 0.00527204 0.00452249 0.00383143 0.00319712
 1.00867e-16 3.12137e-05 0.00018319 0.000870783 0.00335253 0.0104545 0.0264074 0.0540337 0.0895693 0.120296 0.130926 0.115532 0.0828023 0.0485266 0.0239282 0.0111806 0.00690968 0.00712265 0.00935046 0.0124587 0.0159001 0.0192591 0.0221223 0.0241086 0.0249471 0.0245402 0.0229866 0.0205509 0.0175949 0.0144917 0.0115518 0.00897956 0.00686609 0.00520958 0.00395026 0.00300496
 1.01757e-16 2.84067e-05 0.00016671 0.000792434 0.00305086 0.00951379 0.0240312 0.0491719 0.081511 0.109477 0.119157 0.105165 0.0754115 0.0442746 0.0219813 0.0105263 0.00685851 0.0073636 0.00980927 0.0131688 0.0169368 0.0207133 0.0240862 0.0266633 0.0281484 0.0284048 0.0274809 0.0255859 0.0230284 0.0201393 0.0172051 0.0144292 0.0119244 0.00972988 0.00783913 0.00622557
 1.02448e-16 2.87015e-05 0.000168443 0.00080068 0.00308262 0.00961284 0.0242814 0.0496835 0.0823583 0.110612 0.120387 0.106235 0.0761441 0.0446361 0.0220336 0.0103408 0.00646393 0.0067451 0.00893193 0.0120035 0.0154806 0.0190033 0.0222058 0.024738 0.0263316 0.0268557 0.0263391 0.0249499 0.0229415 0.0205871 0.0181226 0.015715 0.0134582 0.0113892 0.00951238 0.00782136
 1.05026e-16 1.50001e-05 8.79843e-05 0.000418125 0.00160961 0.00501926 0.0126786 0.0259451 0.0430181 0.057806 0.0629937 0.0557775 0.0403912 0.0245095 0.0136487 0.00900682 0.00912227 0.0122001 0.0170908 0.0231528 0.0298672 0.0366314 0.0427538 0.0475617 0.0505423 0.0514526 0.0503629 0.0476127 0.043706 0.0391793 0.0344902 0.0299553 0.0257429 0.0219069 0.0184376 0.015306
pSPR Fmed_Fpbrs
0.530873   0.348187 0.348187
Fs Fmed_Fpbrs
0.470537   1.005 1.005
SSBpbr Bo_Bmed_Bpbrs
972728  467759  290055 290055
Ro
24343
SPR SPRFo_SPRFmed_SPRFpbrs
500823 265874 174380
log_Ro
9.92
likeval ReclasPelacesDesembMPH_pf_preclas_ppelaces_ptallas_desvR_qrecl_qpela
 92.9072 76.9609 0.0806026 0.000608794 325.762 166.906 83.2589 0 31.212 9.39957e-06 0 0 0 0 0
q_reclas_q_pelaces
0.647623 1
M
0.7
N
 9175.74 50017.7 24074.5 3180.51 0.160405
 13655.4 4470.33 21898.6 10540.2 1392.55
 2181.15 6549.97 1766.12 8651.59 4714.33
 11185.7 950.532 1374.84 370.709 2805.51
 56784.8 5206.83 308.155 445.712 1029.7
 18745.5 27781.8 2343.86 138.716 664.162
 53321.5 8418.8 7111.63 599.986 205.522
 76359.2 24192.8 2305.07 1947.17 220.548
 98602.4 32522.7 4365.63 415.953 391.167
 212836 42776.8 6626.23 889.462 164.444
 56408.5 98558.9 13400.1 2075.71 330.143
 26797.9 25871.2 28976 3939.59 707.314
 51243.5 12350 7851.7 8794 1410.3
 22418.2 22184.9 2482.03 1577.99 2050.8
 14930.8 8827.73 2386.15 266.96 390.303
 15337.8 5744.83 815.059 220.312 60.6848
 10642.2 6824.3 1382.71 196.174 67.6323
 9942.51 4856.95 1942.14 393.506 75.077
 8502.59 4621.85 1560.52 624.002 150.554
 29007.1 3949.69 1478.05 499.049 247.7
 33689.8 13305.6 1162.23 434.93 219.738
 36573.9 16302 5569.66 486.504 274.041
 42643.6 17610.6 6605.81 2256.91 308.185
 12365.8 20336 6696.18 2511.77 975.343
pred_Ctot
 124.984 4288.09 2063.94 272.669 0.0137517
 335.391 665.888 3261.95 1570.04 207.43
 193.478 2854.62 769.714 3770.56 2054.61
 505.608 243.18 351.733 94.8404 717.749
 603.966 352.127 20.8399 30.1426 69.6368
 1296.35 10051.8 848.04 50.1894 240.302
 3327.7 2809.92 2373.63 200.256 68.5965
 7884.28 11721.7 1116.83 943.422 106.858
 9031.37 14502 1946.65 185.475 174.423
 10371 11660.6 1806.25 242.46 44.826
 3114.1 29794.7 4050.9 627.495 99.8034
 1392.63 7441.12 8334.15 1133.11 203.439
 4761.37 5563.03 3536.79 3961.25 635.268
 3382.78 13583.2 1519.67 966.157 1255.65
 2453.7 5658.37 1529.47 171.115 250.175
 1154.61 2218.21 314.712 85.0673 23.4317
 622.626 2162.73 438.203 62.1708 21.4338
 458.595 1264.08 505.466 102.415 19.5398
 396.274 1213.52 409.732 163.839 39.5297
 1598.75 1192.4 446.22 150.662 74.7801
 620.6 1517.71 132.571 49.6105 25.0645
 800.091 2182.56 745.683 65.1348 36.6894
 1219.59 3013.27 1130.29 386.171 52.7322
 476.361 4533.58 1492.8 559.958 217.437
F
 0.0191006 0.125956 0.125956 0.125956 0.125956
 0.0346781 0.228679 0.228679 0.228679 0.228679
 0.130585 0.861122 0.861122 0.861122 0.861122
 0.0646646 0.42642 0.42642 0.42642 0.42642
 0.014887 0.0981701 0.0981701 0.0981701 0.0981701
 0.100488 0.66265 0.66265 0.66265 0.66265
 0.090283 0.595356 0.595356 0.595356 0.595356
 0.153509 1.01229 1.01229 1.01229 1.01229
 0.135101 0.890902 0.890902 0.890902 0.890902
 0.0698681 0.460734 0.460734 0.460734 0.460734
 0.07949 0.524184 0.524184 0.524184 0.524184
 0.0746701 0.4924 0.4924 0.4924 0.4924
 0.137175 0.904577 0.904577 0.904577 0.904577
 0.231977 1.52973 1.52973 1.52973 1.52973
 0.255127 1.68239 1.68239 1.68239 1.68239
 0.10983 0.724256 0.724256 0.724256 0.724256
 0.0844212 0.556702 0.556702 0.556702 0.556702
 0.0660247 0.435389 0.435389 0.435389 0.435389
 0.0667347 0.440072 0.440072 0.440072 0.440072
 0.0793549 0.523293 0.523293 0.523293 0.523293
 0.0259089 0.170852 0.170852 0.170852 0.170852
 0.030835 0.203337 0.203337 0.203337 0.203337
 0.0404834 0.266961 0.266961 0.266961 0.266961
 0.0548743 0.36186 0.36186 0.36186 0.36186
nmprior
 10 10 8 0
nm_flota  nm_reclas  nm_pelaces    nm_pelaL
inf 25.1528 18.4513 33.0545
cv_recla  cv_pelaces  cv_mph
0.892383 1.03229 0.800522
 ------------------------------------------------
Talla a la edad & desviación 
 7.2 14.2025 17.0495 18.207 18.6776
 1.08 2.13037 2.55742 2.73105 2.80164
