years
 1997 1998 1999 2000 2001 2002 2003 2004 2005 2006 2007 2008 2009 2010 2011 2012 2013 2014 2015 2016 2017 2018 2019 2020
reclasobs
 0 0 0 370054 412103 1.49427e+06 250295 1.28982e+06 931140 785840 897777 1.04006e+06 184774 17550 25797 100020 73551 82996 120727 218422 84188 347160 605670 569463
reclaspred
 1.18785e+06 167319 215303 112154 258257 260732 555030 464545 638806 1.01091e+06 852750 558245 356106 153988 94506.5 88843.4 101547 119836 105124 182286 302471 271416 410276 315257
pelacesobs
 0 0 0 0 0 0 0 0 0 2.06254e+06 1.5e+06 0 1.87456e+06 323000 250000 174000 83755 137374 0 501740 490994 745055 786931 1.00524e+06
pelacespred
 981442 321369 109243 118739 243334 189807 540912 459926 632273 999492 766551 521584 338781 117384 70831.5 71890.7 85994.5 103753 92269.5 156326 294370 257404 308349 284473
mphobs
 0 0 0 0 0 112323 0 153150 637223 0 255016 313432 73983 77613 109348 50772 0 0 0 0 0 0 0 0
mphpred
 510684 215662 105278 49725.2 59287.2 136220 157838 192164 209644 292975 465179 334719 194782 106717 45208.1 34785.5 39663.4 48863.6 51867.9 51825.6 102057 132381 156423 177533
desembarqueobs
 350755 77701 442110 56441 14545 235359 269955 359681 431902 328805 639364 411747 362871 311530 167758 66681 60226 58785 57116 71774 51957 67425 138520 160799
desembarquepred
 350741 77676.8 441583 56422.1 14544.3 235278 269898 359280 431583 328611 638799 411477 362447 311172 167469 66643 60214.2 58753.9 57081 71725.7 51946.7 67393.8 138459 160740
Reclutas
 12797.4 21628.1 3540.81 21079.4 56682 22040.7 53694.5 77225.1 106071 206021 59872.9 29893.9 49594.2 21821.3 14726.2 15862.7 11058.2 10409.7 9363.79 29871.2 34111.6 38373.9 46824.6 15993.6
log_desv_Rt
 -0.762999 -0.238251 -2.04789 -0.263951 0.725213 -0.219352 0.671066 1.03448 1.35187 2.01573 0.779979 0.0854097 0.591629 -0.229356 -0.622616 -0.548272 -0.909074 -0.969503 -1.0754 0.0846503 0.217391 0.335134 0.534164 -0.540058
SSB
 1.41936e+06 599396 292603 138203 164779 378601 438685 534086 582670 814275 1.29289e+06 930294 541364 296603 125648 96680.3 110238 135808 144158 144040 283649 367930 434752 493422
BT
 1.98209e+06 739251 436931 275653 447639 522790 1.1609e+06 1.21311e+06 1.52335e+06 2.09483e+06 1.92701e+06 1.30364e+06 964569 508230 266922 183538 202724 233136 214931 338490 568127 524386 648222 648019
Ftot
 0.179305 0.319592 1.13537 0.54615 0.080959 0.598022 0.510003 0.927905 0.825997 0.43101 0.519791 0.478892 0.847539 1.44769 1.60691 0.702637 0.530677 0.40999 0.4081 0.474623 0.161746 0.195847 0.253279 0.328522
BD_Bspro_t
 0.972486 0.807995 0.580808 0.258626 0.439884 0.693078 0.556993 0.559306 0.53961 0.57226 0.647462 0.492046 0.366456 0.273276 0.156293 0.152206 0.225154 0.338491 0.407517 0.46679 0.655058 0.758877 0.756477 0.717886
BD_Bspro
 2.51358 1.06148 0.518177 0.244747 0.291811 0.670474 0.776877 0.945826 1.03186 1.44202 2.2896 1.64748 0.958715 0.525261 0.222513 0.171213 0.195223 0.240506 0.255293 0.255085 0.502321 0.651576 0.769913 0.873814
BD_Bo
 1.53022 0.646212 0.315457 0.148997 0.177649 0.408173 0.472949 0.575802 0.62818 0.877876 1.39387 1.00296 0.583648 0.319769 0.135462 0.104232 0.118848 0.146415 0.155418 0.155291 0.305804 0.396667 0.468709 0.531962
BD_Brms
 5.12824 2.16565 1.05719 0.499336 0.595356 1.36791 1.585 1.92969 2.10522 2.94203 4.67128 3.36121 1.95598 1.07164 0.453975 0.349312 0.398296 0.490683 0.520852 0.520427 1.02484 1.32935 1.57079 1.78277
S_f
 0.150996 1 1 1 1
 0.150996 1 1 1 1
 0.150996 1 1 1 1
 0.150996 1 1 1 1
 0.150996 1 1 1 1
 0.150996 1 1 1 1
 0.150996 1 1 1 1
 0.150996 1 1 1 1
 0.150996 1 1 1 1
 0.150996 1 1 1 1
 0.150996 1 1 1 1
 0.150996 1 1 1 1
 0.150996 1 1 1 1
 0.150996 1 1 1 1
 0.150996 1 1 1 1
 0.150996 1 1 1 1
 0.150996 1 1 1 1
 0.150996 1 1 1 1
 0.150996 1 1 1 1
 0.150996 1 1 1 1
 0.150996 1 1 1 1
 0.150996 1 1 1 1
 0.150996 1 1 1 1
 0.150996 1 1 1 1
Scru_reclas
 0.986744 1 1 1 1
 0.986744 1 1 1 1
 0.986744 1 1 1 1
 0.986744 1 1 1 1
 0.986744 1 1 1 1
 0.986744 1 1 1 1
 0.986744 1 1 1 1
 0.986744 1 1 1 1
 0.986744 1 1 1 1
 0.986744 1 1 1 1
 0.986744 1 1 1 1
 0.986744 1 1 1 1
 0.986744 1 1 1 1
 0.986744 1 1 1 1
 0.986744 1 1 1 1
 0.986744 1 1 1 1
 0.986744 1 1 1 1
 0.986744 1 1 1 1
 0.986744 1 1 1 1
 0.986744 1 1 1 1
 0.986744 1 1 1 1
 0.986744 1 1 1 1
 0.986744 1 1 1 1
 0.986744 1 1 1 1
Scru_pelaces
 1 1 1 1 1
 1 1 1 1 1
 1 1 1 1 1
 1 1 1 1 1
 1 1 1 1 1
 1 1 1 1 1
 1 1 1 1 1
 1 1 1 1 1
 1 1 1 1 1
 1 1 1 1 1
 1 1 1 1 1
 1 1 1 1 1
 1 1 1 1 1
 1 1 1 1 1
 1 1 1 1 1
 1 1 1 1 1
 1 1 1 1 1
 1 1 1 1 1
 1 1 1 1 1
 1 1 1 1 1
 1 1 1 1 1
 1 1 1 1 1
 1 1 1 1 1
 1 1 1 1 1
pf_obs 
 0.256992 0.487395 0.22802 0.0275931 0
 0.321318 0.546541 0.124235 0.00734118 0.000564706
 0.182869 0.594174 0.210203 0.0122559 0.00049798
 0.330522 0.361315 0.267642 0.0388342 0.00168674
 0.649043 0.306663 0.0425973 0.00169635 0
 0.582887 0.30429 0.105238 0.00758474 0
 0.465427 0.430635 0.0974691 0.00646863 0
 0.296916 0.608066 0.0921331 0.00288517 0
 0.311714 0.524322 0.152257 0.0117073 0
 0.15457 0.633149 0.183074 0.0267441 0.00246327
 0.131901 0.49318 0.331252 0.0422183 0.00144891
 0.196976 0.569456 0.194076 0.0375587 0.00193317
 0.518974 0.381816 0.0799577 0.0180837 0.00116848
 0.0928022 0.601141 0.25162 0.0475244 0.00691264
 0.122501 0.610282 0.24278 0.0234846 0.000952079
 0.383417 0.481906 0.127806 0.00687128 0
 0.0376549 0.599619 0.316969 0.0457579 0
 0.0361596 0.667082 0.258105 0.0386534 0
 0.158088 0.579412 0.248529 0.0139706 0
 0.0477256 0.309471 0.559284 0.082774 0.000745712
 0.0406174 0.521527 0.379366 0.0568643 0.0016247
 0.151134 0.462217 0.34131 0.0453401 0
 0.294876 0.26143 0.354403 0.0886775 0.000613685
 0.281977 0.475581 0.204845 0.0348837 0.00271318
pf_pred 
 0.0360422 0.626799 0.297263 0.0398929 3.15397e-06
 0.111913 0.188757 0.454728 0.215658 0.0289437
 0.0362273 0.475754 0.103725 0.249881 0.134413
 0.446397 0.171228 0.188755 0.0411528 0.152468
 0.444651 0.485912 0.0214767 0.023675 0.0242853
 0.111148 0.752342 0.119442 0.00527916 0.0117891
 0.338759 0.348563 0.264657 0.0420169 0.00600423
 0.344944 0.532937 0.0643729 0.0488771 0.00886858
 0.351186 0.550437 0.0800375 0.00966763 0.00867235
 0.397456 0.509025 0.0793388 0.0115364 0.00264349
 0.0873345 0.769996 0.120526 0.0187857 0.00335749
 0.0806464 0.414009 0.426349 0.0667355 0.0122607
 0.235017 0.324183 0.198504 0.20442 0.0378761
 0.154864 0.640272 0.0868167 0.0531597 0.0648874
 0.234417 0.553377 0.160766 0.0217989 0.0296405
 0.306007 0.573982 0.0867462 0.0252014 0.00806353
 0.186516 0.655596 0.130585 0.0197353 0.00756799
 0.192577 0.535928 0.2188 0.0435817 0.00911228
 0.181654 0.539124 0.185334 0.0756653 0.0182226
 0.439724 0.359838 0.132048 0.0453939 0.0229959
 0.25575 0.645878 0.06318 0.0231847 0.0120078
 0.211235 0.560766 0.197863 0.019355 0.0107811
 0.216952 0.517511 0.188782 0.0666103 0.0101453
 0.0757942 0.623552 0.1987 0.0724832 0.0294705
pobs_RECLAS
 0 0 0 0 0
 0 0 0 0 0
 0 0 0 0 0
 0 0 0 0 0
 0.835266 0.146461 0.0176864 0.000547809 3.91292e-05
 0.385257 0.428462 0.181853 0.0044286 0
 0.867414 0.0963971 0.0333333 0.00285562 0
 0.441836 0.489002 0.0689373 0.000224442 0
 0.779404 0.147425 0.0564933 0.0165055 0.000172143
 0.814271 0.122319 0.05973 0.00367925 0
 0.40263 0.566651 0.0304383 0.000280538 0
 0.475488 0.404961 0.113038 0.00651328 0
 0.955842 0.0263864 0.0167828 0.000988607 0
 0.975058 0.0227948 0.00214734 0 0
 0.738997 0.206755 0.0527124 0.00153531 0
 0.850938 0.134255 0.0134407 0.00136685 0
 0.542534 0.407297 0.0501686 0 0
 0.764087 0.199537 0.0359546 0.000420521 0
 0.470689 0.182191 0.310203 0.0369168 0
 0.84361 0.089868 0.0606195 0.00523954 0.000663233
 0.607945 0.314616 0.071237 0.00620181 0
 0.523733 0.453247 0.0230204 0 0
 0.530135 0.295979 0.169645 0.0042399 0
 0.562478 0.366248 0.0663022 0.0049721 0
ppred_RECLAS
 0.197955 0.521517 0.247333 0.0331922 2.62421e-06
 0.456494 0.115519 0.278292 0.131982 0.0177134
 0.214381 0.387811 0.0845515 0.20369 0.109566
 0.84559 0.0477587 0.0526472 0.0114783 0.0425261
 0.840115 0.139894 0.00618314 0.00681604 0.00699175
 0.460442 0.456693 0.0725043 0.0032046 0.0071563
 0.776185 0.117981 0.0895806 0.0142218 0.0020323
 0.788292 0.172241 0.0208048 0.0157967 0.00286625
 0.790899 0.177396 0.0257946 0.0031157 0.00279494
 0.81601 0.155433 0.0242265 0.0035227 0.000807201
 0.393326 0.511837 0.0801169 0.0124874 0.00223182
 0.371936 0.282834 0.291264 0.0455909 0.00837602
 0.682746 0.134445 0.0823236 0.0847772 0.015708
 0.581903 0.316749 0.0429491 0.0262986 0.0321005
 0.704648 0.213486 0.0620216 0.00840972 0.0114349
 0.75251 0.204692 0.0309352 0.00898726 0.0028756
 0.608602 0.315432 0.0628292 0.00949541 0.00364124
 0.615514 0.255203 0.10419 0.0207531 0.00433917
 0.598344 0.26461 0.0909647 0.0371376 0.0089439
 0.841179 0.102003 0.0374315 0.0128678 0.00651865
 0.693802 0.265725 0.0259933 0.00953861 0.00494022
 0.638946 0.256688 0.0905708 0.00885966 0.00493502
 0.647624 0.232883 0.0849527 0.029975 0.00456544
 0.353574 0.436137 0.138979 0.0506976 0.0206129
pobs_PELACES
 0 0 0 0 0
 0 0 0 0 0
 0 0 0 0 0
 0 0 0 0 0
 0 0 0 0 0
 0 0 0 0 0
 0 0 0 0 0
 0 0 0 0 0
 0 0 0 0 0
 0 0 0 0 0
 0.450072 0.473896 0.0757376 0.000293798 0
 0 0 0 0 0
 0.463077 0.371075 0.160297 0.00555027 0
 0.529543 0.364841 0.0842815 0.0213345 0
 0.631943 0.363953 0.00410389 0 0
 0.735681 0.248677 0.0153453 0.000297389 0
 0.695825 0.281241 0.0229344 0 0
 0.275771 0.60734 0.115278 0.00161068 0
 0 0 0 0 0
 0.896147 0.0623911 0.0374545 0.00400742 0
 0.803859 0.145111 0.0509908 3.86294e-05 0
 0.739449 0.233085 0.0266225 0.000797448 4.60066e-05
 0.878498 0.100942 0.0204185 0.000141795 0
 0.694673 0.275183 0.0284847 0.00165964 0
ppred_PELACES
 0.208244 0.514827 0.24416 0.0327664 2.59054e-06
 0.482113 0.110073 0.265174 0.125761 0.0168785
 0.275424 0.357678 0.0779818 0.187863 0.101053
 0.866085 0.0414194 0.0456591 0.00995471 0.0368814
 0.844895 0.135712 0.00599828 0.00661226 0.00678272
 0.505582 0.418485 0.0664385 0.0029365 0.00655759
 0.802153 0.104292 0.0791871 0.0125717 0.0017965
 0.830331 0.138038 0.0166735 0.0126599 0.00229709
 0.828512 0.145486 0.0211547 0.00255525 0.00229219
 0.835298 0.139139 0.0216868 0.00315342 0.000722583
 0.431833 0.47935 0.0750317 0.0116948 0.00209016
 0.406995 0.267046 0.275005 0.043046 0.00790846
 0.734431 0.112542 0.0689119 0.0709659 0.0131489
 0.679078 0.24313 0.0329668 0.0201863 0.0246396
 0.791351 0.150815 0.0438147 0.00594098 0.00807813
 0.789555 0.174053 0.0263047 0.00764201 0.00244516
 0.646449 0.284931 0.0567538 0.00857724 0.00328915
 0.645374 0.235384 0.0960989 0.0191414 0.00400219
 0.628608 0.244672 0.0841106 0.0343393 0.00826998
 0.859766 0.0900657 0.0330508 0.0113619 0.00575577
 0.706121 0.255035 0.0249476 0.00915486 0.00474147
 0.654529 0.24561 0.0866617 0.00847728 0.00472202
 0.666616 0.220331 0.0803741 0.0283595 0.00431938
 0.378016 0.419647 0.133724 0.0487807 0.0198335
pobs_pel_tallas
 0 0 0 0 0 0 0 0 0 0 0 0 0 0 0 0 0 0 0 0 0 0 0 0 0 0 0 0 0 0 0 0 0 0 0 0
 0 0 0 0 0 0 0 0 0 0 0 0 0 0 0 0 0 0 0 0 0 0 0 0 0 0 0 0 0 0 0 0 0 0 0 0
 0 0 0 0 0 0 0 0 0 0 0 0 0 0 0 0 0 0 0 0 0 0 0 0 0 0 0 0 0 0 0 0 0 0 0 0
 0 0 0 0 0 0 0 0 0 0 0 0 0 0 0 0 0 0 0 0 0 0 0 0 0 0 0 0 0 0 0 0 0 0 0 0
 0 0 0 0 0 0 0 0 0 0 0 0 0 0 0 0 0 0 0 0 0 0 0 0 0 0 0 0 0 0 0 0 0 0 0 0
 0 0 0 0 0 0 0 0 0 0 0 0 0 0 0 0 0 0 0 0 0 0 0 0 0 0 0 0 0 0 0 0 0 0 0 0
 0 0 0 0 0 0 0 0 0 0 0 0 0 0 0 0 0 0 0 0 0 0 0 0 0 0 0 0 0 0 0 0 0 0 0 0
 0 0 0 0 0 0 0 0 0 0 0 0 0 0 0 0 0 0 0 0 0 0 0 0 0 0 0 0 0 0 0 0 0 0 0 0
 0 0 0 0 0 0 0 0 0 0 0 0 0 0 0 0 0 0 0 0 0 0 0 0 0 0 0 0 0 0 0 0 0 0 0 0
 0 0 0 0 0 0 0 0 0 0 0 0 0 0 0 0 0 0 0 0 0 0 0 0 0 0 0 0 0 0 0 0 0 0 0 0
 0 0 0 0 0 0 0 0 1.78061e-05 0.00172719 0.00360574 0.0105946 0.0120993 0.0124554 0.0147524 0.0171206 0.0266825 0.0428682 0.0675386 0.121331 0.153587 0.119568 0.100827 0.0573624 0.0630603 0.0341343 0.0324427 0.0444173 0.0211091 0.0280891 0.0125444 0.00206551 0 0 0 0
 0 0 0 0 0 0 0 0 0 0 0 0 0 0 0 0 0 0 0 0 0 0 0 0 0 0 0 0 0 0 0 0 0 0 0 0
 0 0 0 0 0 0 0.0133647 0.0140871 0.0187388 0.0205184 0.03894 0.0496705 0.03968 0.0493445 0.0407372 0.0367815 0.0215668 0.0243155 0.0234873 0.0199281 0.019796 0.0243948 0.0301388 0.0376714 0.0412746 0.0863199 0.0771752 0.113111 0.0741005 0.0525337 0.0229764 0.00759418 0.00175318 0 0 0
 0 0 0 0 0 0 0 0 0 0 0.00219441 0.00772107 0.0458388 0.0604681 0.0671733 0.0775358 0.0609151 0.0617685 0.073594 0.0568108 0.0755445 0.0548602 0.0670107 0.0636378 0.0643287 0.046367 0.0373049 0.0286899 0.0247887 0.0153202 0.00654259 0.00121912 0.000365735 0 0 0
 0 0 0 0 0 0 0 0 0 0 0 0 0.000112435 0.00938835 0.0111873 0.0202946 0.0414886 0.0713402 0.111592 0.104902 0.108894 0.110636 0.117776 0.105296 0.107544 0.0401394 0.0192827 0.0124803 0.00416011 0.0028671 0.000618394 0 0 0 0 0
 0 0 0 0 0 0 0 0 0 0 0.00291406 0.0102884 0.027416 0.0768956 0.0749926 0.110853 0.0956884 0.0897413 0.0766577 0.0534642 0.0500743 0.0551293 0.0594112 0.0620874 0.0668451 0.0424026 0.0208742 0.0120726 0.0048766 0.00582813 0.00118941 0.000297354 0 0 0 0
 0 0.00264628 0.0354308 0.0461629 0.0458689 0.0383711 0.0214643 0.0164657 0.0346957 0.0420465 0.0363128 0.0245516 0.0311673 0.0291091 0.0169068 0.0133784 0.00837989 0.0085269 0.0148486 0.0160247 0.0276389 0.0546898 0.0760071 0.122758 0.109233 0.0665981 0.0333725 0.0166128 0.00676272 0.00308733 0.000882094 0 0 0 0 0
 0 0 0 0 0 0 0 0.000805153 0.000690131 0.00759144 0.0133425 0.0154129 0.00931677 0.000345066 0.00356568 0.00563607 0.00851162 0.0253048 0.0502646 0.0516448 0.0657925 0.0565908 0.0611916 0.0827007 0.0866115 0.110766 0.145733 0.0935128 0.0569358 0.0249597 0.0138026 0.00621118 0.00161031 0.00115022 0 0
 0 0 0 0 0 0 0 0 0 0 0 0 0 0 0 0 0 0 0 0 0 0 0 0 0 0 0 0 0 0 0 0 0 0 0 0
 0.00147267 0.00158595 0.00478618 0.00569244 0.00954404 0.0108468 0.00647125 0.017049 0.0510054 0.094081 0.124002 0.0959785 0.0687766 0.0820023 0.061753 0.0591476 0.0492212 0.0479892 0.0443925 0.0268479 0.0217502 0.0140895 0.0121071 0.0120363 0.00920419 0.00665534 0.0049561 0.00860946 0.00930331 0.0156896 0.0114698 0.00855282 0.00243557 0.00046729 0 2.83206e-05
 0 0 0 0 0.000772559 0.00158375 0.000888443 0.00281984 0.00712685 0.0440552 0.0773331 0.111326 0.0921469 0.0852325 0.0710754 0.0886704 0.0786465 0.0553345 0.0373146 0.0185414 0.00753245 0.00457741 0.012979 0.0271748 0.0457355 0.0583668 0.034881 0.0177882 0.00938659 0.00492506 0.0015258 0.00185414 0.000309023 5.79419e-05 3.86279e-05 0
 0 0.00173294 0.00326652 0 0.00397197 0.00683976 0.00946217 0.0152591 0.00757587 0.0136028 0.0228656 0.0392903 0.0559909 0.0764795 0.0681675 0.0726916 0.0566044 0.0477403 0.0527397 0.0444891 0.0609904 0.0582453 0.0661739 0.0445044 0.0529084 0.0360697 0.0280645 0.0235558 0.0158879 0.00826598 0.00280645 0.00217768 0.000904811 0.00058276 9.20147e-05 0
 0 0 0 0 0 0 0 0 0 0 0 0 0 0 0 0 0 0 0 0 0 0 0 0 0 0 0 0 0 0 0 0 0 0 0 0
 0 0 0 0 0 0 0 0 0 0 0 0 0 0 0 0 0 0 0 0 0 0 0 0 0 0 0 0 0 0 0 0 0 0 0 0
ppred_pel_tallas
 1.0476e-16 9.11452e-06 5.34228e-05 0.000253798 0.000976884 0.00304609 0.00769471 0.0157483 0.0261192 0.035122 0.0383373 0.034096 0.0250179 0.0158351 0.00999672 0.00835336 0.0101442 0.0143781 0.0203874 0.0277067 0.0358177 0.0440315 0.0515296 0.0575019 0.0613155 0.0626464 0.0615348 0.058342 0.0536337 0.0480328 0.0420919 0.0362197 0.0306682 0.0255624 0.0209503 0.0168451
 1.08911e-16 2.104e-05 0.000123473 0.000586908 0.00225958 0.00704625 0.0177982 0.0364178 0.0603676 0.0810752 0.0882345 0.0778497 0.0557731 0.0326448 0.01603 0.0074016 0.00450858 0.00470646 0.00640925 0.00896515 0.0121464 0.015823 0.0198437 0.0240167 0.0281253 0.031948 0.0352756 0.037921 0.039726 0.0405685 0.0403743 0.0391315 0.0369031 0.0338296 0.0301202 0.026028
 1.12401e-16 1.20367e-05 7.05949e-05 0.000335473 0.00129141 0.00402699 0.0101722 0.0208161 0.0345144 0.0463805 0.0505466 0.0447652 0.0324364 0.0197225 0.0110571 0.00741315 0.00763367 0.0102993 0.0145133 0.0197909 0.0257493 0.0319398 0.0378403 0.0429365 0.0468286 0.0493111 0.0503995 0.0502901 0.0492745 0.047641 0.045599 0.0432496 0.0406026 0.0376239 0.03429 0.0306263
 1.02728e-16 3.77797e-05 0.000221758 0.00105418 0.00405873 0.0126568 0.03197 0.0654136 0.108426 0.145598 0.158402 0.139633 0.0997598 0.0578287 0.0273339 0.0107969 0.00402821 0.00212734 0.00211758 0.00275318 0.00363056 0.00461917 0.00564663 0.00664821 0.00756547 0.00835299 0.00898214 0.00943916 0.00971981 0.00982314 0.00974791 0.00949288 0.00906063 0.00846219 0.00772047 0.00687065
 1.00674e-16 3.68595e-05 0.000216347 0.00102844 0.00395958 0.0123476 0.031189 0.0638163 0.105781 0.142055 0.154568 0.136303 0.0974896 0.056732 0.0272261 0.0114676 0.00540108 0.00426209 0.00513209 0.00673803 0.00858058 0.0103873 0.0119265 0.0129925 0.0134408 0.0132214 0.0123906 0.0110938 0.00952773 0.00789353 0.00635636 0.00502232 0.00393497 0.00308749 0.0024425 0.00195164
 1.01487e-16 2.20755e-05 0.000129525 0.000615619 0.00237002 0.00739058 0.0186683 0.0382003 0.0633304 0.0850784 0.0926545 0.0819 0.0590019 0.0351909 0.0184929 0.0105539 0.00909728 0.0113778 0.015658 0.0210401 0.0269199 0.0326777 0.0376346 0.0411504 0.0427612 0.0422879 0.0398756 0.0359463 0.0310865 0.025908 0.0209262 0.0164889 0.0127631 0.00976644 0.00742207 0.00561267
 1.01675e-16 3.49947e-05 0.000205401 0.000976404 0.00375925 0.0117229 0.029611 0.0605874 0.100428 0.134865 0.146742 0.129393 0.0925286 0.0538086 0.0257571 0.0107406 0.00490942 0.00374747 0.00450114 0.0059911 0.00778357 0.00966587 0.0114599 0.0129959 0.014134 0.0147894 0.0149439 0.0146401 0.0139618 0.0130083 0.0118738 0.0106346 0.00934783 0.00805648 0.00679603 0.00559895
 1.00825e-16 3.62246e-05 0.000212619 0.00101071 0.00389133 0.0121348 0.0306515 0.0627165 0.103958 0.139607 0.151907 0.13396 0.095821 0.0557766 0.026797 0.0113384 0.00541887 0.00435981 0.00529568 0.00697635 0.00890954 0.0108232 0.0124826 0.0136769 0.0142547 0.0141579 0.0134341 0.0122206 0.0107066 0.00908809 0.00752785 0.00613301 0.00495174 0.00398491 0.00320497 0.00257412
 1.00543e-16 3.61456e-05 0.000212154 0.0010085 0.00388282 0.0121083 0.0305844 0.0625794 0.103731 0.139303 0.151578 0.133674 0.0956258 0.0556819 0.0267869 0.0113948 0.00553546 0.00454232 0.00555542 0.00732305 0.0093455 0.0113391 0.0130554 0.0142706 0.0148239 0.014654 0.0138122 0.012446 0.0107599 0.0089668 0.00724531 0.00571546 0.00443393 0.00340543 0.00260192 0.00198159
 1.00496e-16 3.64412e-05 0.00021389 0.00101676 0.00391461 0.0122074 0.0308348 0.0630917 0.10458 0.140443 0.152816 0.134761 0.0963945 0.0561108 0.0269583 0.0114077 0.00545337 0.00438823 0.00532903 0.00701712 0.00895574 0.0108691 0.0125189 0.0136902 0.0142288 0.014075 0.0132768 0.0119743 0.0103622 0.00864342 0.00698896 0.00551419 0.00427443 0.0032756 0.00249238 0.00188616
 1.01721e-16 1.88622e-05 0.000110655 0.000525893 0.00202454 0.00631317 0.015947 0.0326327 0.0541038 0.0726945 0.0791973 0.0700747 0.0506352 0.0305062 0.0165898 0.0103469 0.00988721 0.0129039 0.0179162 0.0241081 0.0308533 0.0374579 0.0431475 0.0471893 0.0490519 0.0485297 0.0457878 0.041308 0.0357603 0.0298434 0.0241459 0.0190651 0.0147915 0.0113457 0.00864102 0.006545
 1.0584e-16 1.7771e-05 0.000104266 0.000495564 0.00190783 0.00594928 0.0150276 0.03075 0.0509777 0.0684801 0.0745688 0.0658914 0.0474217 0.0281917 0.0146532 0.00812644 0.00678542 0.00844748 0.0117717 0.016129 0.0211584 0.0265022 0.0317409 0.0364348 0.0401993 0.0427708 0.0440408 0.0440463 0.0429297 0.0408848 0.0381121 0.0347948 0.0310966 0.0271709 0.0231707 0.0192498
 1.04068e-16 3.20419e-05 0.000188065 0.000893987 0.00344192 0.0107333 0.0271114 0.0554732 0.0919515 0.123484 0.134363 0.11849 0.0847578 0.0493426 0.0237196 0.0100665 0.00487145 0.00401182 0.00497631 0.00669002 0.00875398 0.0109647 0.0131452 0.0151232 0.0167542 0.0179455 0.0186666 0.0189408 0.0188242 0.0183811 0.0176654 0.0167134 0.0155499 0.0141983 0.0126927 0.0110827
 1.02393e-16 2.96335e-05 0.000173913 0.000826683 0.00318274 0.00992503 0.0250699 0.0512971 0.0850332 0.114205 0.124298 0.109689 0.0786252 0.0461007 0.022774 0.0107137 0.00672314 0.0070192 0.00926528 0.0123909 0.0158811 0.0193432 0.0223829 0.0246335 0.0258288 0.0258637 0.0248151 0.0229139 0.0204799 0.0178421 0.015271 0.0129406 0.0109251 0.00922034 0.00777808 0.00653806
 1.01253e-16 3.45254e-05 0.000202642 0.00096328 0.0037087 0.0115652 0.0292129 0.0597731 0.0990797 0.133058 0.144786 0.127693 0.0913663 0.0532401 0.025685 0.011053 0.00556116 0.00476094 0.00592715 0.00786632 0.0100972 0.0123381 0.0143354 0.0158551 0.0167225 0.0168599 0.0163006 0.0151737 0.0136666 0.0119779 0.0102771 0.00868096 0.0072507 0.00600246 0.00492548 0.0039987
 1.00808e-16 3.4448e-05 0.000202186 0.000961105 0.00370032 0.0115391 0.0291469 0.0596383 0.0988568 0.132761 0.144467 0.127424 0.0911998 0.0531953 0.0257605 0.0112502 0.0058973 0.00526615 0.00663299 0.00879159 0.0112347 0.0136452 0.0157306 0.0172239 0.0179323 0.0177811 0.0168292 0.0152499 0.0132836 0.0111809 0.00915171 0.00733682 0.00580257 0.00455475 0.00356153 0.0027759
 1.01347e-16 2.82125e-05 0.000165567 0.000786994 0.00302991 0.00944843 0.0238661 0.0488344 0.0809525 0.108729 0.118352 0.104472 0.074953 0.0440832 0.0220296 0.0107858 0.00733217 0.00808379 0.0108168 0.0144888 0.0185582 0.0225745 0.0260708 0.0286092 0.0298692 0.0297207 0.0282513 0.0257345 0.0225559 0.0191196 0.0157676 0.012733 0.010131 0.00798074 0.00624091 0.00484479
 1.02286e-16 2.81637e-05 0.000165285 0.000785662 0.00302479 0.0094325 0.0238258 0.0487516 0.0808139 0.108539 0.118134 0.104256 0.0747449 0.0438545 0.0217199 0.0103145 0.00661013 0.00702288 0.00934399 0.0125666 0.0162079 0.0198947 0.0232432 0.0258852 0.0275371 0.0280594 0.0274802 0.0259745 0.0238089 0.0212725 0.0186179 0.0160266 0.0136044 0.0113963 0.00941152 0.00764507
 1.02841e-16 2.7433e-05 0.000160994 0.000765262 0.00294625 0.00918755 0.0232071 0.0474857 0.078716 0.105723 0.115073 0.101563 0.0728331 0.042771 0.0212543 0.0102119 0.0067011 0.00723581 0.00966538 0.0130036 0.0167678 0.0205759 0.0240331 0.0267612 0.0284717 0.0290262 0.0284602 0.0269596 0.0248023 0.0222849 0.0196615 0.0171089 0.0147229 0.0125366 0.0105486 0.00874741
 1.01158e-16 3.75062e-05 0.000220147 0.00104651 0.00402919 0.0125647 0.0317373 0.0649379 0.107639 0.144546 0.157268 0.138659 0.0991201 0.0575713 0.0274246 0.0112019 0.00476048 0.00324424 0.00369064 0.00483305 0.00621577 0.00763309 0.00892791 0.00995933 0.0106203 0.0108587 0.0106859 0.0101678 0.00940439 0.00850243 0.00755344 0.00662115 0.00574038 0.00492376 0.00417202 0.00348264
 1.00974e-16 3.08132e-05 0.000180838 0.000859602 0.00330948 0.0103203 0.0260683 0.0533399 0.0884194 0.118753 0.129248 0.114056 0.0817547 0.0479331 0.0236739 0.0111262 0.00696322 0.00724641 0.00953933 0.0127198 0.0162413 0.0196838 0.0226271 0.0246831 0.0255749 0.0252014 0.0236605 0.0212186 0.0182407 0.015104 0.0121223 0.0095028 0.00733837 0.00562858 0.00431489 0.00331552
 1.01823e-16 2.85633e-05 0.00016763 0.00079681 0.00306771 0.00956634 0.0241639 0.0494434 0.0819608 0.11008 0.119813 0.10574 0.0758146 0.0444938 0.0220577 0.0105091 0.00677713 0.0072257 0.00961057 0.0129029 0.0166018 0.0203152 0.0236408 0.0261953 0.0276881 0.0279839 0.0271273 0.0253191 0.0228573 0.0200619 0.0172103 0.0144998 0.0120407 0.00987265 0.00799168 0.00637496
 1.0239e-16 2.90893e-05 0.00017072 0.000811507 0.00312431 0.00974283 0.0246097 0.0503553 0.0834716 0.112107 0.122011 0.107663 0.0771578 0.0452093 0.0222774 0.0103892 0.00640531 0.00661499 0.00873428 0.0117305 0.0151242 0.0185604 0.0216805 0.0241422 0.0256838 0.0261784 0.025656 0.0242826 0.0223082 0.0200013 0.0175931 0.0152469 0.0130534 0.0110472 0.00923076 0.00759583
 1.04638e-16 1.65131e-05 9.68688e-05 0.000460366 0.00177226 0.00552647 0.0139598 0.0285663 0.0473622 0.0636375 0.069333 0.0613534 0.0443483 0.0267494 0.0146055 0.00920569 0.00890958 0.0117172 0.016356 0.0221388 0.0285447 0.0349891 0.0408071 0.0453537 0.0481389 0.048933 0.0478079 0.0450954 0.0412847 0.0368963 0.0323734 0.0280219 0.0240035 0.0203674 0.0170999 0.0141678
pSPR Fmed_Fpbrs
0.533357   0.348391 0.348391
Fs Fmed_Fpbrs
0.466186   1.005 1.005
SSBpbr Bo_Bmed_Bpbrs
927552  448339  276773 276773
Ro
27446.7
SPR SPRFo_SPRFmed_SPRFpbrs
564677 301174 196728
log_Ro
10.04
likeval ReclasPelacesDesembMPH_pf_preclas_ppelaces_ptallas_desvR_qrecl_qpela
 90.5532 70.0031 0.0643063 0.000182595 309.361 165.23 82.1704 0 25.3622 1.46371e-05 0 0 0 0 0
q_reclas_q_pelaces
0.581504 1
M
0.7
N
 12797.4 35899.2 17025.4 2284.82 0.18064
 21628.1 6185.27 14900.7 7066.77 948.44
 3540.81 10234.2 2231.29 5375.33 2891.42
 21079.4 1481.3 1632.92 356.014 1319
 56682 9639.1 426.036 469.644 481.751
 22040.7 27805.5 4414.38 195.11 435.707
 53694.5 10000.1 7592.88 1205.44 172.258
 77225.1 24687.6 2981.99 2264.17 410.825
 106071 33335.2 4847.18 585.485 525.21
 206021 46497 7247.22 1053.8 241.47
 59872.9 95860.9 15004.9 2338.73 417.992
 29893.9 27487.7 28306.9 4430.83 814.037
 49594.2 13809.3 8455.74 8707.76 1613.42
 21821.3 21669.3 2938.22 1799.13 2196.05
 14726.2 8708.43 2529.96 343.046 466.45
 15862.7 5737.31 867.084 251.904 80.6001
 11058.2 7084.27 1411.08 213.257 81.7785
 10409.7 5068.48 2069.28 412.168 86.1783
 9363.79 4859.01 1670.38 681.955 164.236
 29871.2 4372.03 1604.38 551.535 279.401
 34111.6 13807.7 1350.68 495.649 256.706
 38373.9 16530.6 5832.71 570.558 317.812
 46824.6 18500.7 6748.81 2381.27 362.688
 15993.6 22379.9 7131.54 2601.5 1057.73
pred_Ctot
 246.22 4281.94 2030.74 272.526 0.0215462
 734.824 1239.38 2985.75 1416.01 190.044
 405.164 5320.8 1160.05 2794.65 1503.26
 1205.73 462.49 509.829 111.154 411.818
 495.633 541.625 23.9392 26.3895 27.0698
 1375.76 9312.31 1478.42 65.3442 145.922
 2874.85 2958.05 2245.99 356.573 50.9544
 7319.79 11309.1 1366.01 1037.18 188.193
 9009.38 14121 2053.3 248.015 222.482
 9370.7 12001.1 1870.55 271.991 62.3247
 3265.06 28786.8 4505.95 702.316 125.522
 1505.99 7731.19 7961.62 1246.22 228.956
 4316.18 5953.76 3645.61 3754.27 695.612
 3120.45 12901.3 1749.33 1071.15 1307.46
 2313.77 5462 1586.81 215.162 292.561
 1155.39 2167.19 327.528 95.153 30.4455
 615.227 2162.5 430.737 65.0976 24.9632
 451.012 1255.14 512.427 102.068 21.3408
 403.875 1198.64 412.056 168.228 40.5145
 1491.85 1220.82 447.997 154.008 78.0182
 592.722 1496.88 146.425 53.7326 27.8291
 805.535 2138.46 754.542 73.8095 41.1134
 1266.34 3020.69 1101.91 388.801 59.2176
 558.242 4592.6 1463.47 533.855 217.057
F
 0.0270744 0.179305 0.179305 0.179305 0.179305
 0.0482572 0.319592 0.319592 0.319592 0.319592
 0.171436 1.13537 1.13537 1.13537 1.13537
 0.0824668 0.54615 0.54615 0.54615 0.54615
 0.0122245 0.080959 0.080959 0.080959 0.080959
 0.0902992 0.598022 0.598022 0.598022 0.598022
 0.0770086 0.510003 0.510003 0.510003 0.510003
 0.14011 0.927905 0.927905 0.927905 0.927905
 0.124723 0.825997 0.825997 0.825997 0.825997
 0.065081 0.43101 0.43101 0.43101 0.43101
 0.0784866 0.519791 0.519791 0.519791 0.519791
 0.072311 0.478892 0.478892 0.478892 0.478892
 0.127975 0.847539 0.847539 0.847539 0.847539
 0.218597 1.44769 1.44769 1.44769 1.44769
 0.242638 1.60691 1.60691 1.60691 1.60691
 0.106096 0.702637 0.702637 0.702637 0.702637
 0.0801304 0.530677 0.530677 0.530677 0.530677
 0.0619071 0.40999 0.40999 0.40999 0.40999
 0.0616216 0.4081 0.4081 0.4081 0.4081
 0.0716663 0.474623 0.474623 0.474623 0.474623
 0.0244231 0.161746 0.161746 0.161746 0.161746
 0.0295722 0.195847 0.195847 0.195847 0.195847
 0.0382442 0.253279 0.253279 0.253279 0.253279
 0.0496056 0.328522 0.328522 0.328522 0.328522
nmprior
 10 10 8 0
nm_flota  nm_reclas  nm_pelaces    nm_pelaL
inf 30.709 21.0323 38.678
cv_recla  cv_pelaces  cv_mph
0.881005 0.984517 0.438412
 ------------------------------------------------
Talla a la edad & desviación 
 7.2 14.2025 17.0495 18.207 18.6776
 1.08 2.13037 2.55742 2.73105 2.80164
