years
 1997 1998 1999 2000 2001 2002 2003 2004 2005 2006 2007 2008 2009 2010 2011 2012 2013 2014 2015 2016 2017 2018 2019 2020
reclasobs
 0 0 0 370054 412103 1.49427e+06 250295 1.28982e+06 931140 785840 897777 1.04006e+06 184774 17550 25797 100020 73551 82996 120727 218422 84188 347160 605670 569463
reclaspred
 2.75421e+06 338956 444768 117536 237275 237927 461550 454913 526785 1.10507e+06 1.02297e+06 639485 384108 167152 99939.4 93617.3 104288 120235 95900.1 167722 315750 295058 419630 271565
pelacesobs
 0 0 0 0 0 0 0 0 0 2.06254e+06 1.5e+06 0 1.87456e+06 323000 250000 174000 83755 137374 0 501740 490994 745055 786931 1.00524e+06
pelacespred
 1.5223e+06 599639 170965 106871 206341 130953 415117 393761 441373 993387 718738 439005 305806 103266 64292.9 63677.5 73364.7 84611.6 65300.2 126850 259937 225641 248896 184093
mphobs
 0 0 0 0 0 112323 0 153150 637223 0 255016 313432 73983 77613 109348 50772 0 0 0 0 0 0 0 0
mphpred
 2.53026e+06 1.07622e+06 439169 206709 105410 308300 292367 394829 485069 625594 1.30622e+06 868001 443999 264009 112393 88012.5 96850.9 114294 114326 101948 240861 328060 376056 374891
desembarqueobs
 350755 77701 442110 56441 14545 235359 269955 359681 431902 328805 639364 411747 362871 311530 167758 66681 60226 58785 57116 71774 51957 67425 138520 160799
desembarquepred
 350746 77684.1 441635 56420.5 14543.2 235160 269791 359031 431418 328526 638591 411285 362123 310952 167366 66622.7 60195.7 58733.4 57059.1 71690.6 51942.3 67381.2 138417 160679
Reclutas
 2546.06 3802.92 534.267 2652.77 56919.1 10760.2 49315.3 80848.5 73612.3 242704 42186.3 16444.9 58730.3 23130 14719.5 14487.7 9782.42 8888.56 6029.72 28886 32095.8 33572.2 33371.4 5061.48
log_desv_Rt
 -1.8977 -1.49648 -3.4591 -1.85664 1.20939 -0.45639 1.06599 1.56033 1.46657 2.6596 0.909851 -0.0322275 1.24071 0.308887 -0.143073 -0.158942 -0.551658 -0.64748 -1.03554 0.531113 0.63648 0.681452 0.675454 -1.21059
SSB
 2.53026e+06 1.07622e+06 439169 206709 105410 308300 292367 394829 485069 625594 1.30622e+06 868001 443999 264009 112393 88012.5 96850.9 114294 114326 101948 240861 328060 376056 374891
BT
 2.94374e+06 1.24511e+06 559797 259715 382186 417099 947477 1.0805e+06 1.179e+06 2.07972e+06 1.83591e+06 1.15347e+06 910130 480566 252933 168604 180016 198886 166691 285897 505734 467336 542110 472166
Ftot
 0.0968559 0.181211 0.740779 0.392988 0.134085 0.760808 0.851771 1.26279 1.04051 0.559669 0.510622 0.515963 1.08705 1.67001 1.82407 0.784345 0.615711 0.497864 0.530386 0.696 0.188552 0.22046 0.297442 0.458436
BD_Bspro_t
 0.98467 0.882712 0.679496 0.34881 0.368741 0.684615 0.473723 0.493338 0.490404 0.506852 0.646581 0.469984 0.318664 0.24995 0.142693 0.13926 0.198864 0.295733 0.348478 0.380482 0.615206 0.733887 0.726071 0.65579
BD_Bspro
 7.24145 3.08008 1.25688 0.591589 0.301676 0.882337 0.83674 1.12998 1.38824 1.79042 3.73834 2.48417 1.2707 0.755578 0.321663 0.251887 0.277182 0.327103 0.327195 0.291769 0.689331 0.938891 1.07625 1.07292
BD_Bo
 2.46387 1.04798 0.427646 0.201285 0.102644 0.30021 0.284696 0.38447 0.472341 0.60918 1.27195 0.845226 0.432349 0.257081 0.109444 0.0857031 0.0943097 0.111295 0.111326 0.0992728 0.234541 0.319453 0.366189 0.365055
BD_Brms
 8.19861 3.48719 1.42301 0.669784 0.341551 0.998962 0.947337 1.27934 1.57173 2.02707 4.23247 2.81252 1.43866 0.855448 0.364179 0.285181 0.313819 0.370338 0.370443 0.330334 0.780444 1.06299 1.21851 1.21473
S_f
 0.144251 1 1 1 1
 0.144251 1 1 1 1
 0.144251 1 1 1 1
 0.144251 1 1 1 1
 0.144251 1 1 1 1
 0.144251 1 1 1 1
 0.144251 1 1 1 1
 0.144251 1 1 1 1
 0.144251 1 1 1 1
 0.144251 1 1 1 1
 0.144251 1 1 1 1
 0.144251 1 1 1 1
 0.144251 1 1 1 1
 0.144251 1 1 1 1
 0.144251 1 1 1 1
 0.144251 1 1 1 1
 0.144251 1 1 1 1
 0.144251 1 1 1 1
 0.144251 1 1 1 1
 0.144251 1 1 1 1
 0.144251 1 1 1 1
 0.144251 1 1 1 1
 0.144251 1 1 1 1
 0.144251 1 1 1 1
Scru_reclas
 0.727075 0.930589 0.985396 0.997064 0.999415
 0.727075 0.930589 0.985396 0.997064 0.999415
 0.727075 0.930589 0.985396 0.997064 0.999415
 0.727075 0.930589 0.985396 0.997064 0.999415
 0.727075 0.930589 0.985396 0.997064 0.999415
 0.727075 0.930589 0.985396 0.997064 0.999415
 0.727075 0.930589 0.985396 0.997064 0.999415
 0.727075 0.930589 0.985396 0.997064 0.999415
 0.727075 0.930589 0.985396 0.997064 0.999415
 0.727075 0.930589 0.985396 0.997064 0.999415
 0.727075 0.930589 0.985396 0.997064 0.999415
 0.727075 0.930589 0.985396 0.997064 0.999415
 0.727075 0.930589 0.985396 0.997064 0.999415
 0.727075 0.930589 0.985396 0.997064 0.999415
 0.727075 0.930589 0.985396 0.997064 0.999415
 0.727075 0.930589 0.985396 0.997064 0.999415
 0.727075 0.930589 0.985396 0.997064 0.999415
 0.727075 0.930589 0.985396 0.997064 0.999415
 0.727075 0.930589 0.985396 0.997064 0.999415
 0.727075 0.930589 0.985396 0.997064 0.999415
 0.727075 0.930589 0.985396 0.997064 0.999415
 0.727075 0.930589 0.985396 0.997064 0.999415
 0.727075 0.930589 0.985396 0.997064 0.999415
 0.727075 0.930589 0.985396 0.997064 0.999415
Scru_pelaces
 1 1 1 1 1
 1 1 1 1 1
 1 1 1 1 1
 1 1 1 1 1
 1 1 1 1 1
 1 1 1 1 1
 1 1 1 1 1
 1 1 1 1 1
 1 1 1 1 1
 1 1 1 1 1
 1 1 1 1 1
 1 1 1 1 1
 1 1 1 1 1
 1 1 1 1 1
 1 1 1 1 1
 1 1 1 1 1
 1 1 1 1 1
 1 1 1 1 1
 1 1 1 1 1
 1 1 1 1 1
 1 1 1 1 1
 1 1 1 1 1
 1 1 1 1 1
 1 1 1 1 1
pf_obs 
 0.256992 0.487395 0.22802 0.0275931 0
 0.321318 0.546541 0.124235 0.00734118 0.000564706
 0.182869 0.594174 0.210203 0.0122559 0.00049798
 0.330522 0.361315 0.267642 0.0388342 0.00168674
 0.649043 0.306663 0.0425973 0.00169635 0
 0.582887 0.30429 0.105238 0.00758474 0
 0.465427 0.430635 0.0974691 0.00646863 0
 0.296916 0.608066 0.0921331 0.00288517 0
 0.311714 0.524322 0.152257 0.0117073 0
 0.15457 0.633149 0.183074 0.0267441 0.00246327
 0.131901 0.49318 0.331252 0.0422183 0.00144891
 0.196976 0.569456 0.194076 0.0375587 0.00193317
 0.518974 0.381816 0.0799577 0.0180837 0.00116848
 0.0928022 0.601141 0.25162 0.0475244 0.00691264
 0.122501 0.610282 0.24278 0.0234846 0.000952079
 0.383417 0.481906 0.127806 0.00687128 0
 0.0376549 0.599619 0.316969 0.0457579 0
 0.0361596 0.667082 0.258105 0.0386534 0
 0.158088 0.579412 0.248529 0.0139706 0
 0.0477256 0.309471 0.559284 0.082774 0.000745712
 0.0406174 0.521527 0.379366 0.0568643 0.0016247
 0.151134 0.462217 0.34131 0.0453401 0
 0.294876 0.26143 0.354403 0.0886775 0.000613685
 0.281977 0.475581 0.204845 0.0348837 0.00271318
pf_pred 
 0.00381037 0.639005 0.315792 0.041391 1.12316e-06
 0.0125606 0.0266905 0.616272 0.304558 0.0399195
 0.00474339 0.087404 0.0245393 0.566601 0.316713
 0.0782582 0.0422788 0.077235 0.0216843 0.780544
 0.742907 0.107129 0.00687859 0.0125658 0.130519
 0.0651896 0.893025 0.0174119 0.00111799 0.0232559
 0.453106 0.227257 0.305349 0.00595361 0.00833411
 0.423377 0.51821 0.0242727 0.0326135 0.00152603
 0.290653 0.64418 0.0585652 0.00274316 0.00385826
 0.529848 0.390015 0.0727755 0.00661633 0.000745787
 0.0565381 0.860201 0.0690689 0.012888 0.00130378
 0.048652 0.331804 0.564869 0.0453556 0.00931935
 0.336151 0.208629 0.158768 0.27029 0.026162
 0.163261 0.72008 0.0366626 0.0279004 0.0520957
 0.24169 0.583311 0.1506 0.00766775 0.0167307
 0.295073 0.603856 0.0777464 0.0200727 0.00325194
 0.181565 0.664649 0.131736 0.016961 0.00508846
 0.189245 0.548733 0.212787 0.0421753 0.00705912
 0.147221 0.575214 0.187861 0.0728484 0.0168556
 0.538862 0.280917 0.121563 0.0397014 0.0189575
 0.260414 0.680462 0.0360175 0.015586 0.0075209
 0.197787 0.5839 0.20086 0.0106317 0.00682076
 0.17891 0.538202 0.205903 0.0708302 0.00615434
 0.0333513 0.614765 0.23065 0.0882411 0.0329922
pobs_RECLAS
 0 0 0 0 0
 0 0 0 0 0
 0 0 0 0 0
 0 0 0 0 0
 0.835266 0.146461 0.0176864 0.000547809 3.91292e-05
 0.385257 0.428462 0.181853 0.0044286 0
 0.867414 0.0963971 0.0333333 0.00285562 0
 0.441836 0.489002 0.0689373 0.000224442 0
 0.779404 0.147425 0.0564933 0.0165055 0.000172143
 0.814271 0.122319 0.05973 0.00367925 0
 0.40263 0.566651 0.0304383 0.000280538 0
 0.475488 0.404961 0.113038 0.00651328 0
 0.955842 0.0263864 0.0167828 0.000988607 0
 0.975058 0.0227948 0.00214734 0 0
 0.738997 0.206755 0.0527124 0.00153531 0
 0.850938 0.134255 0.0134407 0.00136685 0
 0.542534 0.407297 0.0501686 0 0
 0.764087 0.199537 0.0359546 0.000420521 0
 0.470689 0.182191 0.310203 0.0369168 0
 0.84361 0.089868 0.0606195 0.00523954 0.000663233
 0.607945 0.314616 0.071237 0.00620181 0
 0.523733 0.453247 0.0230204 0 0
 0.530135 0.295979 0.169645 0.0042399 0
 0.562478 0.366248 0.0663022 0.0049721 0
ppred_RECLAS
 0.0199761 0.615322 0.321997 0.042704 1.16152e-06
 0.0615252 0.0238911 0.584121 0.292087 0.0383753
 0.0250292 0.0803474 0.0238866 0.558062 0.312675
 0.306135 0.0297654 0.0575778 0.0163568 0.590165
 0.937974 0.0247896 0.00168544 0.00311543 0.0324358
 0.285684 0.68033 0.0140461 0.000912557 0.0190273
 0.823089 0.0710423 0.101076 0.00199409 0.00279799
 0.817162 0.16322 0.00809541 0.011006 0.000516201
 0.707841 0.263857 0.0254012 0.00120386 0.00169723
 0.8628 0.11266 0.0222601 0.00204773 0.000231362
 0.250662 0.679547 0.0577769 0.0109086 0.00110614
 0.216508 0.262978 0.474066 0.0385153 0.00793253
 0.743292 0.0771221 0.0621469 0.107053 0.0103863
 0.558007 0.376765 0.0203126 0.0156411 0.0292739
 0.678372 0.243976 0.0667 0.00343621 0.00751535
 0.705261 0.25026 0.0341185 0.00891308 0.0014474
 0.554185 0.357957 0.0751271 0.00978713 0.00294315
 0.561993 0.29069 0.119362 0.0239382 0.00401613
 0.487456 0.338762 0.117153 0.0459674 0.010661
 0.866935 0.0791057 0.0362479 0.0119785 0.00573323
 0.657286 0.313709 0.0175828 0.0076988 0.00372375
 0.570987 0.307248 0.111917 0.00599403 0.00385452
 0.540567 0.294812 0.11943 0.0415702 0.0036205
 0.158531 0.523072 0.207806 0.0804429 0.0301475
pobs_PELACES
 0 0 0 0 0
 0 0 0 0 0
 0 0 0 0 0
 0 0 0 0 0
 0 0 0 0 0
 0 0 0 0 0
 0 0 0 0 0
 0 0 0 0 0
 0 0 0 0 0
 0 0 0 0 0
 0.450072 0.473896 0.0757376 0.000293798 0
 0 0 0 0 0
 0.463077 0.371075 0.160297 0.00555027 0
 0.529543 0.364841 0.0842815 0.0213345 0
 0.631943 0.363953 0.00410389 0 0
 0.735681 0.248677 0.0153453 0.000297389 0
 0.695825 0.281241 0.0229344 0 0
 0.275771 0.60734 0.115278 0.00161068 0
 0 0 0 0 0
 0.896147 0.0623911 0.0374545 0.00400742 0
 0.803859 0.145111 0.0509908 3.86294e-05 0
 0.739449 0.233085 0.0266225 0.000797448 4.60066e-05
 0.878498 0.100942 0.0204185 0.000141795 0
 0.694673 0.275183 0.0284847 0.00165964 0
ppred_PELACES
 0.0266619 0.624347 0.308548 0.0404415 1.09739e-06
 0.0857316 0.0247127 0.570605 0.281989 0.0369614
 0.0413762 0.0841869 0.0236361 0.545746 0.305055
 0.402868 0.0273895 0.0500352 0.0140477 0.50566
 0.95446 0.0189763 0.00121844 0.00222585 0.0231196
 0.388937 0.583749 0.0113818 0.000730805 0.0152018
 0.886848 0.0470193 0.0631765 0.0012318 0.00172432
 0.891613 0.0974073 0.0045625 0.00613031 0.000286846
 0.807068 0.175208 0.0159289 0.0007461 0.00104939
 0.904975 0.0788277 0.014709 0.00133726 0.000150735
 0.332095 0.608962 0.0488959 0.00912382 0.000922985
 0.298326 0.244724 0.416624 0.0334523 0.00687356
 0.840502 0.0501257 0.038146 0.0649405 0.00628573
 0.723321 0.238104 0.012123 0.00922566 0.0172262
 0.820855 0.137803 0.0355781 0.00181144 0.00395249
 0.794063 0.17641 0.0227127 0.00586401 0.000950016
 0.656924 0.278612 0.055222 0.00710982 0.00213301
 0.65842 0.231188 0.0896496 0.0177689 0.00297409
 0.590664 0.276104 0.0901735 0.0349674 0.0080907
 0.912286 0.0534335 0.0231226 0.00755166 0.00360593
 0.722394 0.255413 0.0135193 0.00585025 0.00282299
 0.648195 0.256066 0.0880861 0.00466248 0.0029912
 0.625901 0.245212 0.0938121 0.0322712 0.002804
 0.219238 0.496546 0.186296 0.0712723 0.0266478
pobs_pel_tallas
 0 0 0 0 0 0 0 0 0 0 0 0 0 0 0 0 0 0 0 0 0 0 0 0 0 0 0 0 0 0 0 0 0 0 0 0
 0 0 0 0 0 0 0 0 0 0 0 0 0 0 0 0 0 0 0 0 0 0 0 0 0 0 0 0 0 0 0 0 0 0 0 0
 0 0 0 0 0 0 0 0 0 0 0 0 0 0 0 0 0 0 0 0 0 0 0 0 0 0 0 0 0 0 0 0 0 0 0 0
 0 0 0 0 0 0 0 0 0 0 0 0 0 0 0 0 0 0 0 0 0 0 0 0 0 0 0 0 0 0 0 0 0 0 0 0
 0 0 0 0 0 0 0 0 0 0 0 0 0 0 0 0 0 0 0 0 0 0 0 0 0 0 0 0 0 0 0 0 0 0 0 0
 0 0 0 0 0 0 0 0 0 0 0 0 0 0 0 0 0 0 0 0 0 0 0 0 0 0 0 0 0 0 0 0 0 0 0 0
 0 0 0 0 0 0 0 0 0 0 0 0 0 0 0 0 0 0 0 0 0 0 0 0 0 0 0 0 0 0 0 0 0 0 0 0
 0 0 0 0 0 0 0 0 0 0 0 0 0 0 0 0 0 0 0 0 0 0 0 0 0 0 0 0 0 0 0 0 0 0 0 0
 0 0 0 0 0 0 0 0 0 0 0 0 0 0 0 0 0 0 0 0 0 0 0 0 0 0 0 0 0 0 0 0 0 0 0 0
 0 0 0 0 0 0 0 0 0 0 0 0 0 0 0 0 0 0 0 0 0 0 0 0 0 0 0 0 0 0 0 0 0 0 0 0
 0 0 0 0 0 0 0 0 1.78061e-05 0.00172719 0.00360574 0.0105946 0.0120993 0.0124554 0.0147524 0.0171206 0.0266825 0.0428682 0.0675386 0.121331 0.153587 0.119568 0.100827 0.0573624 0.0630603 0.0341343 0.0324427 0.0444173 0.0211091 0.0280891 0.0125444 0.00206551 0 0 0 0
 0 0 0 0 0 0 0 0 0 0 0 0 0 0 0 0 0 0 0 0 0 0 0 0 0 0 0 0 0 0 0 0 0 0 0 0
 0 0 0 0 0 0 0.0133647 0.0140871 0.0187388 0.0205184 0.03894 0.0496705 0.03968 0.0493445 0.0407372 0.0367815 0.0215668 0.0243155 0.0234873 0.0199281 0.019796 0.0243948 0.0301388 0.0376714 0.0412746 0.0863199 0.0771752 0.113111 0.0741005 0.0525337 0.0229764 0.00759418 0.00175318 0 0 0
 0 0 0 0 0 0 0 0 0 0 0.00219441 0.00772107 0.0458388 0.0604681 0.0671733 0.0775358 0.0609151 0.0617685 0.073594 0.0568108 0.0755445 0.0548602 0.0670107 0.0636378 0.0643287 0.046367 0.0373049 0.0286899 0.0247887 0.0153202 0.00654259 0.00121912 0.000365735 0 0 0
 0 0 0 0 0 0 0 0 0 0 0 0 0.000112435 0.00938835 0.0111873 0.0202946 0.0414886 0.0713402 0.111592 0.104902 0.108894 0.110636 0.117776 0.105296 0.107544 0.0401394 0.0192827 0.0124803 0.00416011 0.0028671 0.000618394 0 0 0 0 0
 0 0 0 0 0 0 0 0 0 0 0.00291406 0.0102884 0.027416 0.0768956 0.0749926 0.110853 0.0956884 0.0897413 0.0766577 0.0534642 0.0500743 0.0551293 0.0594112 0.0620874 0.0668451 0.0424026 0.0208742 0.0120726 0.0048766 0.00582813 0.00118941 0.000297354 0 0 0 0
 0 0.00264628 0.0354308 0.0461629 0.0458689 0.0383711 0.0214643 0.0164657 0.0346957 0.0420465 0.0363128 0.0245516 0.0311673 0.0291091 0.0169068 0.0133784 0.00837989 0.0085269 0.0148486 0.0160247 0.0276389 0.0546898 0.0760071 0.122758 0.109233 0.0665981 0.0333725 0.0166128 0.00676272 0.00308733 0.000882094 0 0 0 0 0
 0 0 0 0 0 0 0 0.000805153 0.000690131 0.00759144 0.0133425 0.0154129 0.00931677 0.000345066 0.00356568 0.00563607 0.00851162 0.0253048 0.0502646 0.0516448 0.0657925 0.0565908 0.0611916 0.0827007 0.0866115 0.110766 0.145733 0.0935128 0.0569358 0.0249597 0.0138026 0.00621118 0.00161031 0.00115022 0 0
 0 0 0 0 0 0 0 0 0 0 0 0 0 0 0 0 0 0 0 0 0 0 0 0 0 0 0 0 0 0 0 0 0 0 0 0
 0.00147267 0.00158595 0.00478618 0.00569244 0.00954404 0.0108468 0.00647125 0.017049 0.0510054 0.094081 0.124002 0.0959785 0.0687766 0.0820023 0.061753 0.0591476 0.0492212 0.0479892 0.0443925 0.0268479 0.0217502 0.0140895 0.0121071 0.0120363 0.00920419 0.00665534 0.0049561 0.00860946 0.00930331 0.0156896 0.0114698 0.00855282 0.00243557 0.00046729 0 2.83206e-05
 0 0 0 0 0.000772559 0.00158375 0.000888443 0.00281984 0.00712685 0.0440552 0.0773331 0.111326 0.0921469 0.0852325 0.0710754 0.0886704 0.0786465 0.0553345 0.0373146 0.0185414 0.00753245 0.00457741 0.012979 0.0271748 0.0457355 0.0583668 0.034881 0.0177882 0.00938659 0.00492506 0.0015258 0.00185414 0.000309023 5.79419e-05 3.86279e-05 0
 0 0.00173294 0.00326652 0 0.00397197 0.00683976 0.00946217 0.0152591 0.00757587 0.0136028 0.0228656 0.0392903 0.0559909 0.0764795 0.0681675 0.0726916 0.0566044 0.0477403 0.0527397 0.0444891 0.0609904 0.0582453 0.0661739 0.0445044 0.0529084 0.0360697 0.0280645 0.0235558 0.0158879 0.00826598 0.00280645 0.00217768 0.000904811 0.00058276 9.20147e-05 0
 0 0 0 0 0 0 0 0 0 0 0 0 0 0 0 0 0 0 0 0 0 0 0 0 0 0 0 0 0 0 0 0 0 0 0 0
 0 0 0 0 0 0 0 0 0 0 0 0 0 0 0 0 0 0 0 0 0 0 0 0 0 0 0 0 0 0 0 0 0 0 0 0
ppred_pel_tallas
 1.05973e-16 1.20127e-06 6.95468e-06 3.28597e-05 0.000126177 0.000393168 0.000993801 0.00203857 0.00339867 0.00462337 0.00518693 0.00494597 0.00434999 0.00417442 0.00508924 0.00747598 0.0115138 0.0172876 0.0247712 0.0337286 0.0436342 0.0536784 0.0628733 0.0702356 0.0749927 0.0767441 0.0755285 0.0717725 0.066151 0.0594101 0.0522145 0.0450591 0.038253 0.0319559 0.0262365 0.0211223
 1.19525e-16 3.75298e-06 2.19899e-05 0.000104459 0.000402058 0.00125364 0.00316657 0.00647983 0.0107437 0.014437 0.0157328 0.0139314 0.0100924 0.00613922 0.00346645 0.00240933 0.0026702 0.00391325 0.00601966 0.00905419 0.0131525 0.0184312 0.024926 0.0325479 0.0410532 0.0500329 0.058931 0.067092 0.0738372 0.0785575 0.080805 0.0803649 0.0772915 0.0718965 0.0646988 0.05634
 1.3337e-16 1.81895e-06 1.06358e-05 5.04815e-05 0.000194232 0.000605549 0.0015296 0.00313067 0.00519318 0.00698584 0.00763255 0.00680537 0.00503169 0.0032641 0.00220954 0.00207304 0.00276068 0.00416135 0.00626311 0.00913125 0.0128523 0.0174945 0.0230875 0.0296108 0.036982 0.0450415 0.0535354 0.0621017 0.0702728 0.0775008 0.0832119 0.086883 0.0881259 0.0867565 0.0828368 0.0766718
 1.2483e-16 1.75797e-05 0.00010317 0.000490407 0.00188807 0.00588774 0.0148719 0.0304295 0.0504391 0.0677352 0.0737009 0.0649896 0.046479 0.0270418 0.0129753 0.00548299 0.00265918 0.00228262 0.00304261 0.00444838 0.00641137 0.0089724 0.0121892 0.0160957 0.0206817 0.0258756 0.0315291 0.0374097 0.0432036 0.0485355 0.0530054 0.0562374 0.0579339 0.0579218 0.0561809 0.0528515
 1.01181e-16 4.16323e-05 0.000244378 0.00116172 0.00447281 0.0139481 0.0352316 0.072087 0.119486 0.160448 0.17455 0.153848 0.109873 0.063605 0.0299005 0.0115204 0.00382727 0.0014013 0.000947581 0.00108861 0.00138844 0.00172662 0.00205955 0.00235983 0.00260849 0.00279674 0.00292657 0.00300795 0.00305382 0.00307463 0.00307457 0.00305056 0.00299433 0.00289614 0.00274886 0.0025511
 1.01088e-16 1.69957e-05 9.96877e-05 0.000473736 0.00182368 0.00568679 0.0143649 0.0293964 0.0487425 0.065504 0.0713979 0.0632552 0.0458843 0.0279966 0.0158611 0.0108538 0.0113275 0.0152366 0.0212326 0.0284988 0.0363151 0.0438377 0.0501241 0.0542951 0.0557354 0.0542448 0.0500901 0.0439316 0.0366564 0.029172 0.0222277 0.0163095 0.0116207 0.0081319 0.00566664 0.00398804
 1.01036e-16 3.86854e-05 0.000227074 0.00107945 0.00415603 0.0129603 0.0327364 0.0669819 0.111025 0.14909 0.162202 0.142985 0.102159 0.0592299 0.0280152 0.0110989 0.0041917 0.00227544 0.00229936 0.00298188 0.00389991 0.00490617 0.00591045 0.00683012 0.0075917 0.00814093 0.00844931 0.00851368 0.0083508 0.00798952 0.00746397 0.00680978 0.00606321 0.00526142 0.0044425 0.00364375
 1.00321e-16 3.88951e-05 0.000228301 0.00108528 0.00417843 0.0130301 0.0329129 0.0673433 0.111626 0.1499 0.163093 0.143795 0.102791 0.0597018 0.0284357 0.0116055 0.00491199 0.00331317 0.00372843 0.00483314 0.00614183 0.00742848 0.00852062 0.00926914 0.0095698 0.00938662 0.00876025 0.00779602 0.00663665 0.00542856 0.00429278 0.00330805 0.00250802 0.00188961 0.00142695 0.00108532
 1.00358e-16 3.52117e-05 0.000206669 0.000982419 0.00378238 0.011795 0.0297933 0.0609609 0.101049 0.135705 0.14767 0.130246 0.0932137 0.0543582 0.0263014 0.0114473 0.00594192 0.00524735 0.00657573 0.00869101 0.011073 0.0133976 0.0153683 0.016717 0.0172536 0.0169105 0.0157586 0.013986 0.0118499 0.00961621 0.00750733 0.00567093 0.00417416 0.00301758 0.00215917 0.0015386
 1.00288e-16 3.9477e-05 0.000231719 0.00110153 0.00424102 0.0132253 0.0334059 0.0683519 0.113297 0.152142 0.165529 0.145931 0.104295 0.0605279 0.0287407 0.0115772 0.00466633 0.00288628 0.00311207 0.0040097 0.00510665 0.00620172 0.00715146 0.00783257 0.00815649 0.00808806 0.00765281 0.00692827 0.00602314 0.00505128 0.00410917 0.00326256 0.00254396 0.00195843 0.00149362 0.00112953
 1.0125e-16 1.45183e-05 8.51404e-05 0.00040457 0.00155737 0.00485629 0.0122672 0.0251046 0.0416295 0.0559554 0.0610173 0.0541231 0.0394006 0.0243205 0.0142796 0.0105046 0.0116407 0.0159792 0.0223753 0.0300914 0.0384159 0.0464808 0.0533036 0.0579604 0.0597939 0.058572 0.054544 0.0483673 0.0409382 0.0331823 0.0258718 0.0195182 0.0143516 0.0103701 0.00742363 0.00529936
 1.07465e-16 1.3032e-05 7.64455e-05 0.000363303 0.0013986 0.00436125 0.0110164 0.0225426 0.0373736 0.0502121 0.0546944 0.0483724 0.034907 0.0209417 0.0112391 0.00681067 0.0063695 0.00837017 0.011878 0.0164625 0.021862 0.027781 0.0338403 0.0396107 0.0446775 0.0487001 0.0514506 0.0528201 0.0528017 0.051465 0.0489327 0.0453707 0.0409867 0.0360276 0.0307704 0.0255003
 1.03084e-16 3.66645e-05 0.00021521 0.00102305 0.00393886 0.012283 0.0310258 0.0634817 0.105224 0.1413 0.153729 0.13552 0.0968347 0.0561612 0.0265988 0.0106004 0.00410569 0.00236453 0.00249118 0.00327632 0.00432349 0.0054969 0.00671432 0.00790019 0.00898673 0.00992199 0.0106738 0.0112267 0.011575 0.0117149 0.0116407 0.0113462 0.0108301 0.0101031 0.00919279 0.0081439
 1.01372e-16 3.15624e-05 0.000185239 0.000880526 0.00339005 0.0105715 0.0267029 0.0546382 0.0905709 0.12164 0.132385 0.116811 0.0836995 0.0490136 0.0240962 0.011138 0.00672049 0.0068014 0.00888396 0.0118279 0.0150947 0.0182867 0.0210127 0.0229144 0.0237382 0.0233957 0.0219839 0.0197558 0.0170536 0.0142272 0.0115631 0.00924511 0.00734774 0.00585826 0.00471139 0.00382365
 1.00797e-16 3.58114e-05 0.000210193 0.000999181 0.00384693 0.0119963 0.0303017 0.0620009 0.102772 0.138015 0.150175 0.132434 0.0947335 0.0551515 0.0265119 0.0112448 0.00541646 0.0044043 0.00537838 0.0071051 0.00909888 0.0110899 0.012843 0.0141438 0.0148342 0.0148467 0.0142174 0.0130718 0.0115896 0.00996084 0.0083476 0.00686201 0.00556206 0.00446154 0.00354658 0.00279157
 1.00626e-16 3.46447e-05 0.00020334 0.000966593 0.00372145 0.011605 0.0293133 0.0599788 0.0994213 0.133519 0.145293 0.128152 0.0917219 0.0535014 0.0259116 0.0113207 0.00593987 0.00530737 0.00668258 0.00885024 0.0112974 0.0137019 0.0157666 0.017221 0.0178713 0.0176444 0.0166045 0.014932 0.0128767 0.0106977 0.0086121 0.00676517 0.00522461 0.0039946 0.00303939 0.00230663
 1.01219e-16 2.8669e-05 0.000168248 0.000799739 0.00307898 0.00960147 0.0242527 0.0496252 0.0822631 0.110489 0.120264 0.106154 0.0761455 0.0447564 0.0223137 0.0108381 0.00725608 0.00792068 0.0105712 0.0141523 0.0181227 0.0220386 0.0254429 0.0279067 0.0291169 0.0289467 0.0274824 0.0249933 0.0218579 0.0184736 0.0151767 0.0121967 0.00964769 0.00754857 0.00585864 0.00451162
 1.02098e-16 2.87324e-05 0.000168624 0.000801538 0.00308592 0.00962312 0.0243073 0.0497367 0.0824466 0.110731 0.120518 0.106353 0.0762363 0.0447043 0.0220935 0.0104125 0.00656666 0.00689516 0.00914246 0.0122828 0.0158296 0.0194125 0.0226537 0.0251919 0.0267502 0.0271947 0.0265575 0.0250157 0.0228364 0.0203085 0.0176834 0.015141 0.0127848 0.0106564 0.0087608 0.0070882
 1.0295e-16 2.57797e-05 0.000151285 0.000719098 0.00276849 0.00863322 0.021807 0.0446212 0.0739689 0.0993515 0.108149 0.0954787 0.0685288 0.0403614 0.0202763 0.0101074 0.00711071 0.00802591 0.0108344 0.0145921 0.0188046 0.0230516 0.0268885 0.0298892 0.0317299 0.0322579 0.0315188 0.0297294 0.0272107 0.0243049 0.0213044 0.0184123 0.0157376 0.0133157 0.0111406 0.0091926
 1.00774e-16 3.97948e-05 0.000233587 0.00111042 0.00427524 0.013332 0.0336754 0.0689032 0.11421 0.153366 0.166854 0.147086 0.10509 0.0609294 0.0288185 0.0114134 0.00429872 0.00230672 0.00229088 0.00292193 0.00375211 0.00461807 0.00541917 0.00607026 0.0065064 0.00669432 0.00663757 0.00637173 0.00595228 0.00543937 0.0048851 0.00432646 0.00378481 0.00326971 0.00278467 0.00233175
 1.00609e-16 3.15228e-05 0.000185004 0.000879407 0.00338573 0.0105581 0.0266689 0.0545689 0.0904565 0.121488 0.132223 0.116678 0.0836246 0.0490112 0.0241718 0.0113014 0.00699196 0.00720979 0.00945885 0.0125896 0.0160443 0.0193978 0.0222274 0.0241457 0.0248797 0.0243356 0.0226224 0.0200198 0.0169068 0.0136729 0.0106414 0.00802386 0.00591202 0.00429934 0.00311721 0.0022715
 1.01634e-16 2.82876e-05 0.00016601 0.000789105 0.00303805 0.00947382 0.0239302 0.0489653 0.0811688 0.109017 0.118659 0.104729 0.0751054 0.0441092 0.0219255 0.0105434 0.00692708 0.00747887 0.00997578 0.0133927 0.0172208 0.0210533 0.02447 0.027071 0.0285543 0.0287809 0.0278011 0.0258296 0.0231832 0.0202017 0.0171802 0.0143287 0.0117644 0.00952866 0.00761473 0.00599447
 1.02652e-16 2.7315e-05 0.000160301 0.000761967 0.00293356 0.00914799 0.0231072 0.0472812 0.0783771 0.105268 0.114578 0.101127 0.072524 0.0425957 0.0211787 0.0101952 0.00671663 0.00727355 0.00972574 0.0130917 0.01689 0.0207382 0.0242391 0.0270114 0.0287619 0.0293467 0.0287959 0.027291 0.0251069 0.0225404 0.0198483 0.017213 0.0147379 0.0124651 0.0104013 0.00854112
 1.06501e-16 9.59289e-06 5.62336e-05 0.000267166 0.00102836 0.00320663 0.0081002 0.0165778 0.0274935 0.0369654 0.0403376 0.0358468 0.0262415 0.0164889 0.0102009 0.00824918 0.00980882 0.0138173 0.0195661 0.0265801 0.0343539 0.0422279 0.0494237 0.0551765 0.0588957 0.06029 0.0594164 0.0566332 0.0524837 0.0475509 0.0423349 0.0371851 0.0322943 0.0277358 0.0235191 0.019637
pSPR Fmed_Fpbrs
0.50823   0.350522 0.350522
Fs Fmed_Fpbrs
0.518612   1.005 1.005
SSBpbr Bo_Bmed_Bpbrs
1.02695e+06  470577  308620 308620
Ro
16983.5
SPR SPRFo_SPRFmed_SPRFpbrs
349413 177582 122477
log_Ro
9.56
likeval ReclasPelacesDesembMPH_pf_preclas_ppelaces_ptallas_desvR_qrecl_qpela
 96.9107 92.7721 0.146666 0.000535516 382.894 177.093 88.7966 0 59.8583 2.17144e-06 0 0 0 0 0
q_reclas_q_pelaces
0.811547 1
M
0.7
N
 2546.06 63867.4 31562.9 4136.95 0.112257
 3802.92 1246.79 28787.8 14226.8 1864.76
 534.267 1839.75 516.522 11926.2 6666.41
 2652.77 238.421 435.548 122.283 4401.69
 56919.1 1244.72 79.9219 146.001 1516.49
 10760.2 27723.7 540.549 34.7078 721.975
 49315.3 4787.97 6433.26 125.434 175.587
 80848.5 21657.8 1014.44 1363.03 63.778
 73612.3 33462.3 3042.2 142.495 200.419
 242704 31460 5870.34 533.697 60.1579
 42186.3 111176 8926.72 1665.7 168.505
 16444.9 19461.5 33131.6 2660.27 546.614
 58730.3 7580.57 5768.86 9821.03 950.598
 23130 24931.9 1269.4 966.019 1803.75
 14719.5 9027.09 2330.63 118.663 258.918
 14487.7 5618.4 723.368 186.76 30.2566
 9782.42 6424.76 1273.41 163.952 49.187
 8888.56 4444.95 1723.66 341.636 57.1816
 6029.72 4108.04 1341.66 520.266 120.378
 28886 2773.72 1200.29 392.005 187.183
 32095.8 12974.1 686.734 297.174 143.399
 33572.2 15510.6 5335.63 282.42 181.186
 33371.4 16149.6 6178.44 2125.37 184.671
 5061.48 15875.7 5956.32 2278.74 851.994
pred_Ctot
 25.4251 4263.83 2107.16 276.186 0.00749439
 70.6713 150.172 3467.4 1713.57 224.604
 39.1812 721.972 202.699 4680.21 2616.1
 105.487 56.989 104.108 29.2289 1052.12
 785.017 113.201 7.26849 13.2781 137.917
 809.435 11088.4 216.197 13.8817 288.76
 4129.76 2071.3 2783.06 54.2633 75.96
 9784.87 11976.6 560.978 753.746 35.2688
 7442.5 16495 1499.63 70.2417 98.7949
 13600.9 10011.5 1868.11 169.838 19.144
 2163.57 32917.7 2643.09 493.193 49.8924
 851.931 5810.11 9891.26 794.208 163.188
 6185.59 3839.04 2921.53 4973.68 481.413
 3610.81 15925.8 810.856 617.067 1152.19
 2486.4 6000.85 1549.31 78.8825 172.118
 1121.9 2295.94 295.602 76.319 12.3643
 600.974 2199.97 436.043 56.1404 16.8426
 444.826 1289.81 500.161 99.134 16.5926
 320.811 1253.46 409.37 158.745 36.7302
 1995.92 1040.51 450.263 147.053 70.2179
 620.323 1620.91 85.796 37.1269 17.9153
 757.126 2235.16 768.89 40.6981 26.1097
 1010.46 3039.68 1162.91 400.038 34.7588
 233.821 4310.02 1617.05 618.644 231.303
F
 0.0139716 0.0968559 0.0968559 0.0968559 0.0968559
 0.02614 0.181211 0.181211 0.181211 0.181211
 0.106858 0.740779 0.740779 0.740779 0.740779
 0.0566891 0.392988 0.392988 0.392988 0.392988
 0.019342 0.134085 0.134085 0.134085 0.134085
 0.109748 0.760807 0.760808 0.760808 0.760808
 0.122869 0.851771 0.851771 0.851771 0.851771
 0.182159 1.26279 1.26279 1.26279 1.26279
 0.150095 1.04051 1.04051 1.04051 1.04051
 0.080733 0.559668 0.559669 0.559669 0.559669
 0.0736579 0.510622 0.510622 0.510622 0.510622
 0.0744284 0.515963 0.515963 0.515963 0.515963
 0.156808 1.08705 1.08705 1.08705 1.08705
 0.240901 1.67001 1.67001 1.67001 1.67001
 0.263125 1.82407 1.82407 1.82407 1.82407
 0.113143 0.784345 0.784345 0.784345 0.784345
 0.0888172 0.615711 0.615711 0.615711 0.615711
 0.0718176 0.497864 0.497864 0.497864 0.497864
 0.076509 0.530386 0.530386 0.530386 0.530386
 0.100399 0.696 0.696 0.696 0.696
 0.0271989 0.188552 0.188552 0.188552 0.188552
 0.0318017 0.22046 0.22046 0.22046 0.22046
 0.0429064 0.297442 0.297442 0.297442 0.297442
 0.0661301 0.458436 0.458436 0.458436 0.458436
nmprior
 10 10 8 0
nm_flota  nm_reclas  nm_pelaces    nm_pelaL
inf 16.3077 12.5916 20.8977
cv_recla  cv_pelaces  cv_mph
0.911407 1.13337 0.7508
 ------------------------------------------------
Talla a la edad & desviación 
 7.2 14.2025 17.0495 18.207 18.6776
 1.08 2.13037 2.55742 2.73105 2.80164
