years
 1997 1998 1999 2000 2001 2002 2003 2004 2005 2006 2007 2008 2009 2010 2011 2012 2013 2014 2015 2016 2017 2018 2019 2020
reclasobs
 0 0 0 370054 412103 1.49427e+06 250295 1.28982e+06 931140 785840 897777 1.04006e+06 184774 17550 25797 100020 73551 82996 120727 218422 84188 347160 605670 569463
reclaspred
 1.14664e+06 226524 467552 201188 305875 381418 801788 626385 692495 841904 830610 601922 357482 138240 76021.7 70616.6 79275.5 106503 118818 137352 212212 216717 347810 339653
pelacesobs
 0 0 0 0 0 0 0 0 0 2.06254e+06 1.5e+06 0 1.87456e+06 323000 250000 174000 83755 137374 0 501740 490994 745055 786931 1.00524e+06
pelacespred
 3.42069e+06 1.08631e+06 741564 709486 979616 856475 2.30102e+06 1.96468e+06 1.98008e+06 2.54569e+06 2.11259e+06 1.60191e+06 917980 272805 154484 157319 185484 265924 302110 334836 629390 631062 749288 846114
mphobs
 0 0 0 0 0 112323 0 153150 637223 0 255016 313432 73983 77613 109348 50772 0 0 0 0 0 0 0 0
mphpred
 358052 166129 147866 90531.1 84398.6 161968 201398 300286 272144 303945 383717 270310 171539 92087.8 41777.9 30827.4 29828.8 37483.4 46777.7 48069.1 67413.9 88180.2 105514 128527
desembarqueobs
 350755 77701 442110 56441 14545 235359 269955 359681 431902 328805 639364 411747 362871 311530 167758 66681 60226 58785 57116 71774 51957 67425 138520 160799
desembarquepred
 350738 77677.8 441799 56434.5 14544.6 235356 269966 359379 431688 328665 638676 411367 362494 311215 167369 66642.2 60230 58738.3 57067.3 71738.5 51953.2 67388.4 138477 160770
Reclutas
 26965.6 41891 9855.71 14474.2 40209.4 22584.9 63006.3 62091.2 75797.7 115348 67700.2 49225.8 52116.5 28800.5 13200.7 10223.6 8061.15 9202.51 8685.66 11986.8 18009 21766.5 30627.1 25256.8
log_desv_Rt
 0.0423169 0.482826 -0.964194 -0.579878 0.441855 -0.134965 0.89099 0.876359 1.07582 1.49571 0.962844 0.644174 0.701238 0.108148 -0.671975 -0.927549 -1.16519 -1.03277 -1.09057 -0.768437 -0.361374 -0.171874 0.169639 -0.0231479
SSB
 598866 277862 247316 151419 141162 270903 336851 502249 455179 508369 641792 452112 286910 154023 69876.3 51560.9 49890.6 62693.4 78238.8 80398.8 112754 147487 176479 214970
BT
 1.45435e+06 408977 464019 256949 345492 407832 1.15582e+06 1.07899e+06 1.16551e+06 1.26485e+06 1.26533e+06 896726 704886 399456 204442 112991 117823 143963 138330 169473 262715 235328 310986 375283
Ftot
 0.500585 0.639843 1.30618 0.499542 0.101784 0.902354 0.707403 1.02695 1.16452 0.772403 1.20182 1.11559 1.78532 3.1901 3.28023 1.51779 1.31318 0.986555 0.768469 0.914232 0.4476 0.51563 0.650809 0.761059
BD_Bspro_t
 0.933308 0.665015 0.53569 0.262922 0.362317 0.574821 0.480712 0.536762 0.469449 0.450988 0.47318 0.323175 0.233593 0.154522 0.0858926 0.0785759 0.104869 0.175137 0.255301 0.311142 0.418936 0.549891 0.552634 0.523451
BD_Bspro
 1.12613 0.5225 0.46506 0.284734 0.265446 0.509415 0.633426 0.944445 0.855934 0.955953 1.20685 0.850165 0.539515 0.28963 0.131398 0.0969568 0.093816 0.117891 0.147123 0.151184 0.212027 0.27734 0.331856 0.404236
BD_Bo
 0.79442 0.368594 0.328074 0.200864 0.187257 0.359363 0.446847 0.666253 0.603813 0.674371 0.851362 0.599744 0.380598 0.204317 0.0926936 0.0683975 0.0661819 0.0831652 0.103787 0.106652 0.149573 0.195648 0.234106 0.285166
BD_Brms
 2.59005 1.20173 1.06962 0.654877 0.610516 1.17163 1.45686 2.17219 1.96862 2.19866 2.7757 1.95535 1.24086 0.666137 0.30221 0.222997 0.215773 0.271144 0.338377 0.347719 0.487653 0.637871 0.763257 0.929728
S_f
 0.124889 1 1 1 1
 0.124889 1 1 1 1
 0.124889 1 1 1 1
 0.124889 1 1 1 1
 0.124889 1 1 1 1
 0.124889 1 1 1 1
 0.124889 1 1 1 1
 0.124889 1 1 1 1
 0.124889 1 1 1 1
 0.124889 1 1 1 1
 0.124889 1 1 1 1
 0.124889 1 1 1 1
 0.124889 1 1 1 1
 0.124889 1 1 1 1
 0.124889 1 1 1 1
 0.124889 1 1 1 1
 0.124889 1 1 1 1
 0.124889 1 1 1 1
 0.124889 1 1 1 1
 0.124889 1 1 1 1
 0.124889 1 1 1 1
 0.124889 1 1 1 1
 0.124889 1 1 1 1
 0.124889 1 1 1 1
Scru_reclas
 0.316924 0.700147 0.921575 0.983372 0.996651
 0.316924 0.700147 0.921575 0.983372 0.996651
 0.316924 0.700147 0.921575 0.983372 0.996651
 0.316924 0.700147 0.921575 0.983372 0.996651
 0.316924 0.700147 0.921575 0.983372 0.996651
 0.316924 0.700147 0.921575 0.983372 0.996651
 0.316924 0.700147 0.921575 0.983372 0.996651
 0.316924 0.700147 0.921575 0.983372 0.996651
 0.316924 0.700147 0.921575 0.983372 0.996651
 0.316924 0.700147 0.921575 0.983372 0.996651
 0.316924 0.700147 0.921575 0.983372 0.996651
 0.316924 0.700147 0.921575 0.983372 0.996651
 0.316924 0.700147 0.921575 0.983372 0.996651
 0.316924 0.700147 0.921575 0.983372 0.996651
 0.316924 0.700147 0.921575 0.983372 0.996651
 0.316924 0.700147 0.921575 0.983372 0.996651
 0.316924 0.700147 0.921575 0.983372 0.996651
 0.316924 0.700147 0.921575 0.983372 0.996651
 0.316924 0.700147 0.921575 0.983372 0.996651
 0.316924 0.700147 0.921575 0.983372 0.996651
 0.316924 0.700147 0.921575 0.983372 0.996651
 0.316924 0.700147 0.921575 0.983372 0.996651
 0.316924 0.700147 0.921575 0.983372 0.996651
 0.316924 0.700147 0.921575 0.983372 0.996651
Scru_pelaces
 0.341545 0.783295 0.961815 0.994335 0.999183
 0.341545 0.783295 0.961815 0.994335 0.999183
 0.341545 0.783295 0.961815 0.994335 0.999183
 0.341545 0.783295 0.961815 0.994335 0.999183
 0.341545 0.783295 0.961815 0.994335 0.999183
 0.341545 0.783295 0.961815 0.994335 0.999183
 0.341545 0.783295 0.961815 0.994335 0.999183
 0.341545 0.783295 0.961815 0.994335 0.999183
 0.341545 0.783295 0.961815 0.994335 0.999183
 0.341545 0.783295 0.961815 0.994335 0.999183
 0.341545 0.783295 0.961815 0.994335 0.999183
 0.341545 0.783295 0.961815 0.994335 0.999183
 0.341545 0.783295 0.961815 0.994335 0.999183
 0.341545 0.783295 0.961815 0.994335 0.999183
 0.341545 0.783295 0.961815 0.994335 0.999183
 0.341545 0.783295 0.961815 0.994335 0.999183
 0.341545 0.783295 0.961815 0.994335 0.999183
 0.341545 0.783295 0.961815 0.994335 0.999183
 0.341545 0.783295 0.961815 0.994335 0.999183
 0.341545 0.783295 0.961815 0.994335 0.999183
 0.341545 0.783295 0.961815 0.994335 0.999183
 0.341545 0.783295 0.961815 0.994335 0.999183
 0.341545 0.783295 0.961815 0.994335 0.999183
 0.341545 0.783295 0.961815 0.994335 0.999183
pf_obs 
 0.256992 0.487395 0.22802 0.0275931 0
 0.321318 0.546541 0.124235 0.00734118 0.000564706
 0.182869 0.594174 0.210203 0.0122559 0.00049798
 0.330522 0.361315 0.267642 0.0388342 0.00168674
 0.649043 0.306663 0.0425973 0.00169635 0
 0.582887 0.30429 0.105238 0.00758474 0
 0.465427 0.430635 0.0974691 0.00646863 0
 0.296916 0.608066 0.0921331 0.00288517 0
 0.311714 0.524322 0.152257 0.0117073 0
 0.15457 0.633149 0.183074 0.0267441 0.00246327
 0.131901 0.49318 0.331252 0.0422183 0.00144891
 0.196976 0.569456 0.194076 0.0375587 0.00193317
 0.518974 0.381816 0.0799577 0.0180837 0.00116848
 0.0928022 0.601141 0.25162 0.0475244 0.00691264
 0.122501 0.610282 0.24278 0.0234846 0.000952079
 0.383417 0.481906 0.127806 0.00687128 0
 0.0376549 0.599619 0.316969 0.0457579 0
 0.0361596 0.667082 0.258105 0.0386534 0
 0.158088 0.579412 0.248529 0.0139706 0
 0.0477256 0.309471 0.559284 0.082774 0.000745712
 0.0406174 0.521527 0.379366 0.0568643 0.0016247
 0.151134 0.462217 0.34131 0.0453401 0
 0.294876 0.26143 0.354403 0.0886775 0.000613685
 0.281977 0.475581 0.204845 0.0348837 0.00271318
pf_pred 
 0.157144 0.577122 0.235721 0.030007 6.59498e-06
 0.256511 0.489312 0.17404 0.0710854 0.00905108
 0.0731627 0.73521 0.126115 0.0448572 0.0206544
 0.226551 0.433733 0.269478 0.0462253 0.0240121
 0.367481 0.475283 0.0881742 0.0547826 0.0142787
 0.14027 0.71379 0.109661 0.0203442 0.0159344
 0.406647 0.401636 0.159173 0.0244542 0.00809004
 0.25554 0.660857 0.05659 0.0224274 0.00458545
 0.300223 0.577587 0.108467 0.0092882 0.00443365
 0.335176 0.574875 0.0742432 0.0139424 0.00176381
 0.173517 0.708831 0.101734 0.0131386 0.00277948
 0.191915 0.61548 0.165187 0.0237082 0.00370957
 0.295672 0.54569 0.120827 0.0324285 0.00538247
 0.273781 0.654009 0.0559454 0.0123875 0.00387647
 0.286247 0.680442 0.0299994 0.00256621 0.000746025
 0.316731 0.654951 0.0269965 0.00119022 0.000131413
 0.25018 0.670887 0.0756619 0.00311872 0.000152679
 0.287134 0.601806 0.0993691 0.0112067 0.000484546
 0.229705 0.650343 0.101264 0.0167205 0.00196726
 0.291348 0.553108 0.131322 0.020448 0.00377357
 0.296035 0.592473 0.0870205 0.0206609 0.00381077
 0.23895 0.615336 0.122637 0.0180125 0.00506542
 0.267716 0.560698 0.138733 0.0276495 0.00520311
 0.191732 0.649461 0.121596 0.0300863 0.0071246
pobs_RECLAS
 0 0 0 0 0
 0 0 0 0 0
 0 0 0 0 0
 0 0 0 0 0
 0.835266 0.146461 0.0176864 0.000547809 3.91292e-05
 0.385257 0.428462 0.181853 0.0044286 0
 0.867414 0.0963971 0.0333333 0.00285562 0
 0.441836 0.489002 0.0689373 0.000224442 0
 0.779404 0.147425 0.0564933 0.0165055 0.000172143
 0.814271 0.122319 0.05973 0.00367925 0
 0.40263 0.566651 0.0304383 0.000280538 0
 0.475488 0.404961 0.113038 0.00651328 0
 0.955842 0.0263864 0.0167828 0.000988607 0
 0.975058 0.0227948 0.00214734 0 0
 0.738997 0.206755 0.0527124 0.00153531 0
 0.850938 0.134255 0.0134407 0.00136685 0
 0.542534 0.407297 0.0501686 0 0
 0.764087 0.199537 0.0359546 0.000420521 0
 0.470689 0.182191 0.310203 0.0369168 0
 0.84361 0.089868 0.0606195 0.00523954 0.000663233
 0.607945 0.314616 0.071237 0.00620181 0
 0.523733 0.453247 0.0230204 0 0
 0.530135 0.295979 0.169645 0.0042399 0
 0.562478 0.366248 0.0663022 0.0049721 0
ppred_RECLAS
 0.38827 0.379801 0.204187 0.0277357 6.17812e-06
 0.540062 0.270783 0.126773 0.0552516 0.00713001
 0.233365 0.56726 0.128079 0.0486106 0.0226849
 0.489343 0.249553 0.204082 0.037355 0.0196664
 0.660441 0.234365 0.0572299 0.0379412 0.0100226
 0.37658 0.48933 0.0989522 0.0195885 0.0155496
 0.703369 0.181333 0.0945922 0.0155069 0.00519934
 0.567882 0.369252 0.0416194 0.0176004 0.00364712
 0.621808 0.295302 0.0729943 0.00666973 0.00322674
 0.650525 0.289199 0.0491612 0.00985124 0.00126308
 0.449559 0.450985 0.0851971 0.0117407 0.00251731
 0.469819 0.374435 0.132276 0.0202576 0.00321247
 0.635617 0.262344 0.0764593 0.0218968 0.0036835
 0.688987 0.271003 0.0305138 0.00720943 0.00228655
 0.710553 0.27181 0.0157735 0.00143978 0.00042421
 0.661516 0.320203 0.0173726 0.000817284 9.14551e-05
 0.571878 0.370573 0.0550101 0.00241952 0.000120049
 0.602674 0.319229 0.0693808 0.00834938 0.000365878
 0.522384 0.383514 0.0786023 0.013849 0.00165141
 0.600529 0.290704 0.0908488 0.0150945 0.00282324
 0.598724 0.320646 0.0619898 0.0157049 0.00293579
 0.526083 0.360348 0.0945306 0.0148154 0.0042226
 0.563596 0.309913 0.100932 0.0214648 0.00409381
 0.461541 0.405736 0.0999886 0.026399 0.00633584
pobs_PELACES
 0 0 0 0 0
 0 0 0 0 0
 0 0 0 0 0
 0 0 0 0 0
 0 0 0 0 0
 0 0 0 0 0
 0 0 0 0 0
 0 0 0 0 0
 0 0 0 0 0
 0 0 0 0 0
 0.450072 0.473896 0.0757376 0.000293798 0
 0 0 0 0 0
 0.463077 0.371075 0.160297 0.00555027 0
 0.529543 0.364841 0.0842815 0.0213345 0
 0.631943 0.363953 0.00410389 0 0
 0.735681 0.248677 0.0153453 0.000297389 0
 0.695825 0.281241 0.0229344 0 0
 0.275771 0.60734 0.115278 0.00161068 0
 0 0 0 0 0
 0.896147 0.0623911 0.0374545 0.00400742 0
 0.803859 0.145111 0.0509908 3.86294e-05 0
 0.739449 0.233085 0.0266225 0.000797448 4.60066e-05
 0.878498 0.100942 0.0204185 0.000141795 0
 0.694673 0.275183 0.0284847 0.00165964 0
ppred_PELACES
 0.420602 0.369621 0.185376 0.024396 5.38792e-06
 0.584226 0.252787 0.110404 0.0466183 0.0059647
 0.303856 0.525821 0.110754 0.0407254 0.0188433
 0.525683 0.240916 0.183794 0.0325934 0.0170134
 0.664341 0.237644 0.0541355 0.0347716 0.00910713
 0.434257 0.451402 0.0851553 0.0163321 0.0128543
 0.742488 0.161996 0.0788331 0.0125208 0.00416238
 0.632673 0.31746 0.0333801 0.0136763 0.00280985
 0.69249 0.243901 0.0562421 0.00497892 0.00238824
 0.694154 0.256306 0.0406452 0.007891 0.00100313
 0.530018 0.390103 0.068749 0.00917892 0.00195128
 0.546161 0.327412 0.1079 0.0160098 0.00251723
 0.741868 0.189816 0.051608 0.0143193 0.0023883
 0.844075 0.13718 0.0144091 0.00329835 0.0010372
 0.859634 0.132381 0.00716656 0.000633772 0.000185143
 0.745487 0.241663 0.0122313 0.000557489 6.18526e-05
 0.654885 0.301496 0.0417519 0.00177916 8.75251e-05
 0.663305 0.274312 0.0556168 0.00648448 0.000281737
 0.571607 0.348942 0.0667163 0.0113885 0.00134645
 0.657938 0.253912 0.0740246 0.011916 0.00220976
 0.624106 0.304905 0.0549899 0.0134974 0.00250166
 0.558088 0.341936 0.0836795 0.0127061 0.0035906
 0.605341 0.286347 0.0869977 0.017925 0.00338958
 0.511701 0.374837 0.0861736 0.0220427 0.00524529
pobs_pel_tallas
 0 0 0 0 0 0 0 0 0 0 0 0 0 0 0 0 0 0 0 0 0 0 0 0 0 0 0 0 0 0 0 0 0 0 0 0
 0 0 0 0 0 0 0 0 0 0 0 0 0 0 0 0 0 0 0 0 0 0 0 0 0 0 0 0 0 0 0 0 0 0 0 0
 0 0 0 0 0 0 0 0 0 0 0 0 0 0 0 0 0 0 0 0 0 0 0 0 0 0 0 0 0 0 0 0 0 0 0 0
 0 0 0 0 0 0 0 0 0 0 0 0 0 0 0 0 0 0 0 0 0 0 0 0 0 0 0 0 0 0 0 0 0 0 0 0
 0 0 0 0 0 0 0 0 0 0 0 0 0 0 0 0 0 0 0 0 0 0 0 0 0 0 0 0 0 0 0 0 0 0 0 0
 0 0 0 0 0 0 0 0 0 0 0 0 0 0 0 0 0 0 0 0 0 0 0 0 0 0 0 0 0 0 0 0 0 0 0 0
 0 0 0 0 0 0 0 0 0 0 0 0 0 0 0 0 0 0 0 0 0 0 0 0 0 0 0 0 0 0 0 0 0 0 0 0
 0 0 0 0 0 0 0 0 0 0 0 0 0 0 0 0 0 0 0 0 0 0 0 0 0 0 0 0 0 0 0 0 0 0 0 0
 0 0 0 0 0 0 0 0 0 0 0 0 0 0 0 0 0 0 0 0 0 0 0 0 0 0 0 0 0 0 0 0 0 0 0 0
 0 0 0 0 0 0 0 0 0 0 0 0 0 0 0 0 0 0 0 0 0 0 0 0 0 0 0 0 0 0 0 0 0 0 0 0
 0 0 0 0 0 0 0 0 1.78061e-05 0.00172719 0.00360574 0.0105946 0.0120993 0.0124554 0.0147524 0.0171206 0.0266825 0.0428682 0.0675386 0.121331 0.153587 0.119568 0.100827 0.0573624 0.0630603 0.0341343 0.0324427 0.0444173 0.0211091 0.0280891 0.0125444 0.00206551 0 0 0 0
 0 0 0 0 0 0 0 0 0 0 0 0 0 0 0 0 0 0 0 0 0 0 0 0 0 0 0 0 0 0 0 0 0 0 0 0
 0 0 0 0 0 0 0.0133647 0.0140871 0.0187388 0.0205184 0.03894 0.0496705 0.03968 0.0493445 0.0407372 0.0367815 0.0215668 0.0243155 0.0234873 0.0199281 0.019796 0.0243948 0.0301388 0.0376714 0.0412746 0.0863199 0.0771752 0.113111 0.0741005 0.0525337 0.0229764 0.00759418 0.00175318 0 0 0
 0 0 0 0 0 0 0 0 0 0 0.00219441 0.00772107 0.0458388 0.0604681 0.0671733 0.0775358 0.0609151 0.0617685 0.073594 0.0568108 0.0755445 0.0548602 0.0670107 0.0636378 0.0643287 0.046367 0.0373049 0.0286899 0.0247887 0.0153202 0.00654259 0.00121912 0.000365735 0 0 0
 0 0 0 0 0 0 0 0 0 0 0 0 0.000112435 0.00938835 0.0111873 0.0202946 0.0414886 0.0713402 0.111592 0.104902 0.108894 0.110636 0.117776 0.105296 0.107544 0.0401394 0.0192827 0.0124803 0.00416011 0.0028671 0.000618394 0 0 0 0 0
 0 0 0 0 0 0 0 0 0 0 0.00291406 0.0102884 0.027416 0.0768956 0.0749926 0.110853 0.0956884 0.0897413 0.0766577 0.0534642 0.0500743 0.0551293 0.0594112 0.0620874 0.0668451 0.0424026 0.0208742 0.0120726 0.0048766 0.00582813 0.00118941 0.000297354 0 0 0 0
 0 0.00264628 0.0354308 0.0461629 0.0458689 0.0383711 0.0214643 0.0164657 0.0346957 0.0420465 0.0363128 0.0245516 0.0311673 0.0291091 0.0169068 0.0133784 0.00837989 0.0085269 0.0148486 0.0160247 0.0276389 0.0546898 0.0760071 0.122758 0.109233 0.0665981 0.0333725 0.0166128 0.00676272 0.00308733 0.000882094 0 0 0 0 0
 0 0 0 0 0 0 0 0.000805153 0.000690131 0.00759144 0.0133425 0.0154129 0.00931677 0.000345066 0.00356568 0.00563607 0.00851162 0.0253048 0.0502646 0.0516448 0.0657925 0.0565908 0.0611916 0.0827007 0.0866115 0.110766 0.145733 0.0935128 0.0569358 0.0249597 0.0138026 0.00621118 0.00161031 0.00115022 0 0
 0 0 0 0 0 0 0 0 0 0 0 0 0 0 0 0 0 0 0 0 0 0 0 0 0 0 0 0 0 0 0 0 0 0 0 0
 0.00147267 0.00158595 0.00478618 0.00569244 0.00954404 0.0108468 0.00647125 0.017049 0.0510054 0.094081 0.124002 0.0959785 0.0687766 0.0820023 0.061753 0.0591476 0.0492212 0.0479892 0.0443925 0.0268479 0.0217502 0.0140895 0.0121071 0.0120363 0.00920419 0.00665534 0.0049561 0.00860946 0.00930331 0.0156896 0.0114698 0.00855282 0.00243557 0.00046729 0 2.83206e-05
 0 0 0 0 0.000772559 0.00158375 0.000888443 0.00281984 0.00712685 0.0440552 0.0773331 0.111326 0.0921469 0.0852325 0.0710754 0.0886704 0.0786465 0.0553345 0.0373146 0.0185414 0.00753245 0.00457741 0.012979 0.0271748 0.0457355 0.0583668 0.034881 0.0177882 0.00938659 0.00492506 0.0015258 0.00185414 0.000309023 5.79419e-05 3.86279e-05 0
 0 0.00173294 0.00326652 0 0.00397197 0.00683976 0.00946217 0.0152591 0.00757587 0.0136028 0.0228656 0.0392903 0.0559909 0.0764795 0.0681675 0.0726916 0.0566044 0.0477403 0.0527397 0.0444891 0.0609904 0.0582453 0.0661739 0.0445044 0.0529084 0.0360697 0.0280645 0.0235558 0.0158879 0.00826598 0.00280645 0.00217768 0.000904811 0.00058276 9.20147e-05 0
 0 0 0 0 0 0 0 0 0 0 0 0 0 0 0 0 0 0 0 0 0 0 0 0 0 0 0 0 0 0 0 0 0 0 0 0
 0 0 0 0 0 0 0 0 0 0 0 0 0 0 0 0 0 0 0 0 0 0 0 0 0 0 0 0 0 0 0 0 0 0 0 0
ppred_pel_tallas
 1.03591e-16 1.83683e-05 0.000107764 0.000512174 0.00197175 0.00614858 0.0155311 0.031781 0.0526893 0.0707865 0.0770991 0.0681719 0.04916 0.0294183 0.0156415 0.00922277 0.00829742 0.0106141 0.0147592 0.0200109 0.0258794 0.0318435 0.0373107 0.0416974 0.044545 0.0456147 0.0449272 0.0427322 0.0394266 0.0354499 0.0311942 0.0269521 0.0229072 0.0191558 0.0157409 0.0126814
 1.03531e-16 2.54981e-05 0.000149634 0.000711251 0.00273829 0.00853904 0.0215691 0.0441342 0.0731611 0.098265 0.106962 0.0944215 0.0677492 0.0398609 0.0199491 0.00982187 0.00676051 0.00753984 0.01017 0.0137334 0.0177673 0.0218896 0.0256957 0.0287923 0.0308722 0.031776 0.0315182 0.0302646 0.0282757 0.0258347 0.0231878 0.0205116 0.0179095 0.0154305 0.0130952 0.0109174
 1.04024e-16 1.32837e-05 7.78994e-05 0.000370162 0.00142492 0.00444327 0.0112238 0.0229692 0.0380879 0.0511932 0.0558195 0.0495014 0.036012 0.0221821 0.0129443 0.00941683 0.0103609 0.0142222 0.0199765 0.0269881 0.0346611 0.0422664 0.0489672 0.0539614 0.0566564 0.0568031 0.0545458 0.0503647 0.0449405 0.038985 0.0330974 0.0276812 0.0229324 0.0188817 0.0154611 0.0125673
 1.04603e-16 2.2945e-05 0.000134646 0.000639998 0.00246395 0.00768352 0.0194081 0.0397126 0.0658322 0.0884234 0.0962554 0.0849833 0.0610068 0.0359545 0.0181086 0.00911059 0.00653211 0.0074908 0.0102151 0.0138941 0.018118 0.0225382 0.0267722 0.0304336 0.0332008 0.0348757 0.0354114 0.0348981 0.0335181 0.0314883 0.0290124 0.0262546 0.0233376 0.0203557 0.0173906 0.0145225
 1.02467e-16 2.89907e-05 0.00017014 0.000808746 0.00311368 0.00970967 0.0245259 0.050184 0.0831882 0.111727 0.121602 0.107311 0.0769243 0.0451105 0.0222987 0.010515 0.00663534 0.00696307 0.00921757 0.0123574 0.0158839 0.0194169 0.0225712 0.0249843 0.0263863 0.0266592 0.0258586 0.0241884 0.0219404 0.0194199 0.0168828 0.0145 0.012354 0.0104588 0.00879022 0.00731308
 1.02518e-16 1.89667e-05 0.000111271 0.000528829 0.00203585 0.00634846 0.0160361 0.0328148 0.0544048 0.0730964 0.0796284 0.0704402 0.0508645 0.030575 0.0165024 0.0101042 0.00946926 0.0122728 0.0170306 0.0229409 0.0294083 0.0357822 0.0413366 0.0453813 0.0474114 0.0472226 0.0449545 0.0410402 0.0360878 0.0307331 0.0255116 0.0207848 0.016728 0.0133649 0.0106257 0.00840324
 1.01797e-16 3.23953e-05 0.000190135 0.000903818 0.00347975 0.0108513 0.0274095 0.0560833 0.0929642 0.124848 0.135858 0.119833 0.085774 0.0500451 0.0242639 0.0106502 0.005669 0.00515968 0.00657415 0.00879334 0.0113556 0.0139751 0.0163825 0.0183217 0.0195928 0.020092 0.0198285 0.0189113 0.0175126 0.015822 0.0140077 0.0121934 0.0104556 0.00883299 0.00734221 0.00599113
 1.01179e-16 2.76131e-05 0.000162045 0.000770244 0.0029654 0.00924727 0.0233581 0.0477951 0.0792307 0.10642 0.115846 0.102281 0.0734253 0.0432735 0.021789 0.0109374 0.00777706 0.00880645 0.0118443 0.0158487 0.020249 0.0245483 0.028228 0.0308053 0.0319343 0.0314877 0.0295852 0.0265563 0.0228537 0.0189456 0.0152225 0.011943 0.00922452 0.00706887 0.00540593 0.00413646
 1.01161e-16 3.02184e-05 0.000177347 0.000843007 0.00324559 0.010121 0.025565 0.0523101 0.0867123 0.11646 0.126752 0.111852 0.0801715 0.0469989 0.0232021 0.0108892 0.00679896 0.00707248 0.00932667 0.0124704 0.0159793 0.0194539 0.0224917 0.0247158 0.0258488 0.0257754 0.0245652 0.0224472 0.0197468 0.0168068 0.0139192 0.0112851 0.00900691 0.00710641 0.00555425 0.00429899
 1.00979e-16 3.02915e-05 0.000177775 0.000845039 0.00325341 0.0101454 0.0256266 0.0524362 0.0869217 0.116742 0.127061 0.11213 0.0803833 0.0471475 0.0233204 0.0110187 0.00697626 0.00732545 0.00967394 0.0129191 0.0165212 0.0200609 0.0231156 0.0252923 0.0263065 0.0260476 0.0246029 0.0222286 0.0192815 0.0161334 0.0130979 0.0103861 0.00809953 0.00624945 0.00479021 0.00365221
 1.0151e-16 2.31399e-05 0.000135776 0.000645344 0.00248448 0.00774752 0.0195699 0.0400448 0.0663868 0.08918 0.0971099 0.0858109 0.0617601 0.036717 0.0190776 0.0105463 0.00871631 0.0106962 0.0146653 0.0197045 0.0252266 0.0306493 0.0353393 0.0386984 0.0402913 0.039946 0.0377909 0.0342111 0.0297457 0.0249578 0.0203236 0.016166 0.0126427 0.00977527 0.00749958 0.00571454
 1.02307e-16 2.38413e-05 0.0001399 0.000664961 0.00256004 0.00798314 0.020165 0.0412619 0.0684025 0.0918815 0.100035 0.0883568 0.0635076 0.0375862 0.0192193 0.0101353 0.00782886 0.00930749 0.0127059 0.0171206 0.0220271 0.0269363 0.0313176 0.0346621 0.0365853 0.0369107 0.0357028 0.0332353 0.0299105 0.0261594 0.0223542 0.0187579 0.0155153 0.0126754 0.0102277 0.00813649
 1.01399e-16 3.23694e-05 0.00018998 0.000903076 0.00347689 0.0108423 0.0273869 0.0560374 0.0928888 0.124749 0.135756 0.119757 0.0857496 0.0500912 0.0243983 0.0108979 0.00606592 0.00574785 0.00739122 0.00985879 0.0126567 0.0154563 0.0179427 0.0198222 0.0208757 0.0210067 0.0202592 0.0187981 0.0168622 0.0147039 0.0125388 0.0105157 0.00871215 0.0071485 0.00581037 0.00466981
 1.00412e-16 3.68239e-05 0.000216137 0.00102744 0.00395574 0.0123356 0.0311588 0.0637545 0.105678 0.141917 0.154419 0.136173 0.0973991 0.0566847 0.0272135 0.0114799 0.00543368 0.00431599 0.0052117 0.00684873 0.00872673 0.0105707 0.012145 0.0132391 0.0137035 0.0134834 0.0126318 0.0112926 0.0096634 0.00794875 0.00631963 0.00488965 0.00371074 0.00278413 0.00207902 0.00155125
 1.00176e-16 3.75021e-05 0.000220119 0.00104637 0.00402864 0.012563 0.031733 0.0649294 0.107625 0.144532 0.157262 0.138675 0.099178 0.0576988 0.0276605 0.0115991 0.00538544 0.00416909 0.00497904 0.00652055 0.00828855 0.0100111 0.0114592 0.0124301 0.012782 0.0124669 0.0115421 0.0101544 0.00850265 0.00679153 0.00519138 0.00381441 0.0027101 0.00187599 0.00127632 0.000861063
 1.00275e-16 3.25292e-05 0.000190914 0.000907505 0.00349392 0.0108955 0.0275211 0.0563124 0.093346 0.125367 0.136439 0.120385 0.0862542 0.0504963 0.0248 0.0114201 0.00682959 0.00685852 0.00892974 0.0118649 0.015107 0.0182455 0.0208779 0.0226366 0.0232632 0.0226706 0.0209647 0.0184145 0.0153843 0.0122491 0.00932089 0.00680513 0.00479229 0.00327751 0.00219475 0.00145157
 1.00757e-16 2.8581e-05 0.000167729 0.000797269 0.00306946 0.00957178 0.0241777 0.049472 0.0820098 0.11015 0.119901 0.105845 0.0759508 0.044695 0.0223809 0.0110315 0.00759008 0.00842434 0.0112761 0.015078 0.0192634 0.0233534 0.026852 0.0292973 0.0303571 0.0299064 0.0280558 0.0251167 0.0215202 0.0177147 0.0140782 0.0108652 0.0081969 0.00608414 0.00446686 0.00325398
 1.01115e-16 2.89471e-05 0.000169881 0.000807503 0.00310888 0.0096947 0.0244882 0.050107 0.0830616 0.11156 0.121429 0.107178 0.0768714 0.0451653 0.0224848 0.0108667 0.00720468 0.00781408 0.010412 0.0139353 0.0178438 0.0216984 0.0250482 0.0274705 0.0286563 0.0284801 0.0270268 0.0245613 0.0214567 0.018105 0.0148388 0.0118859 0.00936013 0.00728185 0.00561212 0.00428618
 1.01516e-16 2.49517e-05 0.000146417 0.00069594 0.0026793 0.00835507 0.0211045 0.0431843 0.0715894 0.0961624 0.104696 0.0924735 0.0664665 0.0393367 0.0201119 0.0105983 0.00816929 0.00968529 0.0131825 0.0177001 0.0226715 0.027567 0.0318189 0.0348913 0.0363929 0.0361659 0.03432 0.0311935 0.0272618 0.0230229 0.0188984 0.0151753 0.011995 0.00938009 0.00727814 0.00560486
 1.01647e-16 2.87123e-05 0.000168504 0.000800961 0.0030837 0.00961617 0.0242898 0.049701 0.0823881 0.110654 0.120439 0.106296 0.0762199 0.044745 0.0222066 0.0106197 0.00689868 0.00738808 0.00982912 0.0131815 0.0169323 0.0206758 0.0239961 0.0264992 0.0278905 0.028039 0.0270027 0.0250025 0.0223589 0.0194131 0.0164577 0.0136972 0.0112407 0.00912009 0.00731893 0.00580071
 1.01461e-16 2.72391e-05 0.00015985 0.000759812 0.00292524 0.00912203 0.0230417 0.0471477 0.0781573 0.104978 0.114275 0.10089 0.0724205 0.0426681 0.0214603 0.010735 0.00758982 0.00857266 0.0115368 0.0154635 0.0198024 0.0240785 0.027794 0.0304814 0.0318001 0.0316134 0.0300183 0.0273106 0.0239054 0.0202361 0.0166686 0.0134505 0.0107019 0.00843935 0.00661486 0.00515373
 1.01904e-16 2.43619e-05 0.000142955 0.000679483 0.00261594 0.00815749 0.0206054 0.0421631 0.0698966 0.0938888 0.102222 0.0902901 0.0649018 0.0384204 0.0196617 0.0103921 0.00805066 0.00957615 0.013056 0.0175567 0.0225289 0.0274576 0.0317876 0.0349917 0.0366794 0.0366847 0.0350995 0.032237 0.0285449 0.0244958 0.0204924 0.0168122 0.0135982 0.0108829 0.00863035 0.00677548
 1.02103e-16 2.64201e-05 0.000155044 0.000736965 0.00283728 0.00884774 0.0223488 0.0457299 0.075807 0.10182 0.110837 0.0978523 0.0702339 0.0413685 0.0207869 0.0103683 0.00729924 0.00823561 0.0111039 0.0149295 0.0191965 0.0234635 0.027265 0.0301572 0.0318067 0.0320627 0.0309859 0.0288193 0.0259177 0.022659 0.0193677 0.0162704 0.0134891 0.0110607 0.00897067 0.00718316
 1.02348e-16 2.23406e-05 0.000131085 0.000623045 0.00239863 0.0074798 0.0188937 0.038661 0.0640928 0.0860986 0.0937548 0.0828472 0.0596292 0.0354549 0.0184313 0.0102062 0.00845949 0.0104047 0.0142912 0.0192404 0.0246949 0.0301019 0.0348565 0.0383829 0.0402552 0.0402932 0.0385986 0.0355147 0.0315303 0.0271598 0.0228394 0.0188673 0.0153939 0.0124498 0.00999221 0.00794904
pSPR Fmed_Fpbrs
0.385469   0.35672 0.35672
Fs Fmed_Fpbrs
0.882368   1.005 1.005
SSBpbr Bo_Bmed_Bpbrs
753841  252890  231218 231218
Ro
25848.3
SPR SPRFo_SPRFmed_SPRFpbrs
531793 204989 189701
log_Ro
9.98
likeval ReclasPelacesDesembMPH_pf_preclas_ppelaces_ptallas_desvR_qrecl_qpela
 69.5491 12.7501 0.0681448 0.00017056 296.623 162.701 82.9963 0 19.7522 2.03463e-05 0.000258178 0 0 0 0
q_reclas_q_pelaces
1.89493 9.83534
M
0.7
N
 26965.6 14863.6 6070.92 772.821 0.169852
 41891 12579.2 4474.22 1827.46 232.684
 9855.71 19204.8 3294.33 1171.74 539.524
 14474.2 4157.54 2583.08 443.092 230.167
 40209.4 6752.95 1252.8 778.365 202.875
 22584.9 19715.2 3028.89 561.916 440.113
 63006.3 10020 3971.07 610.084 201.831
 62091.2 28642.4 2452.68 972.03 198.739
 75797.7 27122.1 5093.37 436.151 208.193
 115348 32545.2 4203.11 789.319 99.8541
 67700.2 52012.8 7465.02 964.083 203.953
 49225.8 28933.4 7765.36 1114.51 174.385
 52116.5 21265.6 4708.65 1263.74 209.756
 28800.5 20707.9 1771.4 392.224 122.741
 13200.7 9602.12 423.339 36.2133 10.5276
 10223.6 4351.87 179.38 7.90852 0.873182
 8061.15 4200.24 473.698 19.5254 0.955884
 9202.51 3397.55 560.997 63.2687 2.73555
 8685.66 4040.09 629.077 103.872 12.2211
 11986.8 3918.47 930.343 144.863 26.7337
 18009 5310.2 779.945 185.179 34.1551
 21766.5 8456.8 1685.45 247.553 69.616
 30627.1 10134.8 2507.64 499.774 94.0479
 25256.8 14021.7 2625.22 649.555 153.818
pred_Ctot
 1179.52 4331.87 1769.32 225.232 0.0495018
 2324.42 4433.99 1577.1 644.154 82.0181
 1076.93 10822.1 1856.38 660.283 304.026
 631.84 1209.66 751.561 128.92 66.9685
 365.529 472.759 87.7058 54.4916 14.2028
 1742.33 8866.18 1362.13 252.701 197.925
 3851.03 3803.57 1507.4 231.586 76.6143
 5414.94 14003.7 1199.15 475.24 97.1664
 7440.51 14314.5 2688.17 230.192 109.88
 7670.92 13156.7 1699.15 319.09 40.3671
 6844.73 27961.3 4013.09 518.277 109.642
 4641.31 14884.9 3994.92 573.363 89.7129
 7587.6 14003.6 3100.69 832.187 138.126
 6963.52 16634.5 1422.95 315.07 98.5964
 3266.81 7765.57 342.369 29.287 8.51404
 1283.51 2654.1 109.4 4.82323 0.532534
 885.229 2373.84 267.72 11.0352 0.540236
 772.661 1619.42 267.396 30.1567 1.30389
 574.798 1627.37 253.396 41.8403 4.92273
 936.307 1777.52 422.029 65.7136 12.1271
 706.404 1413.77 207.65 49.3013 9.09333
 979.91 2523.44 502.923 73.8676 20.7728
 1727.51 3618.05 895.209 178.416 33.5745
 1655.99 5609.41 1050.23 259.856 61.5353
F
 0.0625176 0.500585 0.500585 0.500585 0.500585
 0.0799094 0.639843 0.639843 0.639843 0.639843
 0.163128 1.30618 1.30618 1.30618 1.30618
 0.0623873 0.499542 0.499542 0.499542 0.499542
 0.0127117 0.101784 0.101784 0.101784 0.101784
 0.112694 0.902354 0.902354 0.902354 0.902354
 0.0883469 0.707403 0.707403 0.707403 0.707403
 0.128255 1.02695 1.02695 1.02695 1.02695
 0.145436 1.16452 1.16452 1.16452 1.16452
 0.0964647 0.772403 0.772403 0.772403 0.772403
 0.150094 1.20182 1.20182 1.20182 1.20182
 0.139326 1.11559 1.11559 1.11559 1.11559
 0.222967 1.78532 1.78532 1.78532 1.78532
 0.398408 3.1901 3.1901 3.1901 3.1901
 0.409665 3.28023 3.28023 3.28023 3.28023
 0.189555 1.51779 1.51779 1.51779 1.51779
 0.164002 1.31318 1.31318 1.31318 1.31318
 0.12321 0.986555 0.986555 0.986555 0.986555
 0.0959734 0.768469 0.768469 0.768469 0.768469
 0.114178 0.914232 0.914232 0.914232 0.914232
 0.0559004 0.4476 0.4476 0.4476 0.4476
 0.0643965 0.51563 0.51563 0.51563 0.51563
 0.0812789 0.650809 0.650809 0.650809 0.650809
 0.0950479 0.761059 0.761059 0.761059 0.761059
nmprior
 10 10 8 0
nm_flota  nm_reclas  nm_pelaces    nm_pelaL
inf 26.1427 12.5948 20.904
cv_recla  cv_pelaces  cv_mph
0.772098 0.420166 0.423718
 ------------------------------------------------
Talla a la edad & desviación 
 7.2 14.2025 17.0495 18.207 18.6776
 1.08 2.13037 2.55742 2.73105 2.80164
